x0,x1,x2,x3,x4,x5,x6,y
10.0,3717.0,135.0,208.0,6.0,1130.0,155.0,1
1.0,2466.0,253.0,80.0,3.0,20.0,195.0,1
13.0,837.0,80.0,253.0,5.0,390.0,241.0,0
13.0,927.0,268.0,253.0,4.0,1163.0,264.0,0
1.0,398.0,208.0,159.0,5.0,370.0,120.0,0
3.0,128.0,148.0,42.0,3.0,1360.0,73.0,0
0.0,4308.0,85.0,234.0,3.0,845.0,106.0,1
6.0,5184.0,16.0,132.0,7.0,900.0,62.0,0
15.0,955.0,45.0,22.0,5.0,865.0,65.0,0
1.0,2559.0,96.0,80.0,3.0,900.0,245.0,1
1.0,1361.0,80.0,65.0,3.0,570.0,115.0,1
3.0,608.0,148.0,229.0,4.0,1340.0,74.0,0
5.0,1905.0,85.0,173.0,4.0,840.0,157.0,0
14.0,1559.0,216.0,104.0,3.0,710.0,169.0,1
17.0,7257.0,134.0,244.0,3.0,1040.0,234.0,0
8.0,486.0,173.0,45.0,6.0,455.0,128.0,0
8.0,856.0,173.0,16.0,7.0,1201.0,94.0,1
12.0,7803.0,261.0,282.0,1.0,1015.0,64.0,1
14.0,1243.0,216.0,277.0,1.0,945.0,162.0,0
14.0,1086.0,173.0,60.0,6.0,1035.0,98.0,0
4.0,128.0,135.0,198.0,6.0,450.0,63.0,0
5.0,1403.0,197.0,104.0,1.0,620.0,213.0,1
3.0,585.0,130.0,104.0,7.0,705.0,179.0,1
3.0,674.0,154.0,148.0,7.0,910.0,311.0,1
13.0,672.0,208.0,159.0,1.0,480.0,132.0,0
1.0,475.0,96.0,208.0,6.0,445.0,175.0,0
14.0,148.0,61.0,217.0,5.0,1070.0,259.0,0
5.0,2894.0,148.0,173.0,6.0,750.0,170.0,0
6.0,7100.0,47.0,208.0,3.0,360.0,128.0,1
10.0,4484.0,159.0,33.0,7.0,660.0,160.0,0
5.0,1901.0,35.0,16.0,1.0,510.0,186.0,0
17.0,7304.0,147.0,134.0,5.0,888.0,107.0,0
8.0,102.0,16.0,80.0,6.0,986.0,147.0,1
12.0,4780.0,261.0,122.0,3.0,1207.0,85.0,0
16.0,2408.0,96.0,61.0,4.0,515.0,118.0,1
15.0,437.0,173.0,251.0,7.0,500.0,130.0,0
5.0,2409.0,261.0,153.0,1.0,580.0,90.0,1
16.0,2964.0,178.0,135.0,6.0,975.0,75.0,0
14.0,204.0,154.0,153.0,5.0,450.0,63.0,0
0.0,3692.0,107.0,85.0,3.0,375.0,130.0,1
12.0,6856.0,61.0,79.0,5.0,1167.0,203.0,1
15.0,1188.0,79.0,262.0,6.0,1175.0,165.0,1
5.0,1918.0,197.0,22.0,1.0,840.0,157.0,1
12.0,6438.0,114.0,79.0,4.0,378.0,60.0,0
12.0,6647.0,79.0,135.0,5.0,506.0,143.0,0
5.0,1514.0,16.0,106.0,5.0,965.0,115.0,1
9.0,29.0,252.0,203.0,1.0,630.0,370.0,0
5.0,2418.0,85.0,241.0,4.0,480.0,180.0,0
15.0,460.0,175.0,221.0,1.0,840.0,75.0,0
1.0,591.0,208.0,172.0,7.0,775.0,90.0,0
15.0,1425.0,262.0,153.0,1.0,455.0,80.0,1
16.0,2406.0,75.0,135.0,4.0,960.0,69.0,1
12.0,4847.0,240.0,197.0,6.0,450.0,52.0,0
6.0,5499.0,35.0,78.0,4.0,1055.0,110.0,0
10.0,2813.0,80.0,230.0,3.0,735.0,145.0,0
15.0,546.0,79.0,252.0,7.0,855.0,185.0,1
10.0,4448.0,78.0,148.0,3.0,360.0,70.0,0
1.0,1638.0,80.0,22.0,6.0,1210.0,190.0,0
5.0,1757.0,16.0,264.0,7.0,500.0,305.0,1
17.0,2881.0,248.0,217.0,6.0,750.0,95.0,0
12.0,6950.0,79.0,107.0,4.0,936.0,85.0,0
0.0,3793.0,60.0,16.0,1.0,573.0,90.0,0
15.0,1228.0,244.0,75.0,5.0,1090.0,60.0,1
5.0,1240.0,16.0,251.0,5.0,1221.0,78.0,0
12.0,4700.0,261.0,79.0,1.0,663.0,87.0,1
14.0,982.0,60.0,197.0,3.0,880.0,170.0,0
0.0,3927.0,60.0,177.0,7.0,1056.0,122.0,0
5.0,1744.0,85.0,78.0,6.0,625.0,92.0,1
10.0,2916.0,80.0,288.0,3.0,485.0,110.0,0
5.0,1826.0,104.0,16.0,4.0,880.0,120.0,1
8.0,340.0,16.0,216.0,5.0,615.0,125.0,0
15.0,120.0,85.0,175.0,4.0,1150.0,80.0,1
10.0,4437.0,159.0,61.0,3.0,480.0,120.0,0
8.0,782.0,159.0,215.0,4.0,480.0,81.0,0
15.0,1812.0,172.0,175.0,1.0,425.0,90.0,1
13.0,157.0,243.0,253.0,4.0,484.0,104.0,0
5.0,1144.0,16.0,182.0,5.0,1233.0,150.0,0
4.0,1468.0,96.0,153.0,5.0,895.0,348.0,1
12.0,6958.0,185.0,208.0,5.0,627.0,53.0,0
1.0,1002.0,79.0,80.0,3.0,365.0,125.0,0
1.0,321.0,159.0,208.0,6.0,665.0,160.0,0
5.0,2639.0,78.0,16.0,4.0,540.0,125.0,0
1.0,263.0,134.0,154.0,3.0,865.0,350.0,1
0.0,4104.0,177.0,233.0,4.0,860.0,117.0,0
1.0,1547.0,277.0,80.0,3.0,586.0,170.0,0
5.0,2383.0,16.0,147.0,4.0,725.0,71.0,0
5.0,1685.0,159.0,173.0,4.0,755.0,175.0,1
13.0,168.0,258.0,79.0,1.0,884.0,153.0,0
3.0,572.0,213.0,130.0,7.0,435.0,158.0,0
5.0,2231.0,159.0,85.0,1.0,985.0,123.0,1
12.0,6456.0,79.0,136.0,4.0,1051.0,79.0,0
12.0,6314.0,55.0,253.0,4.0,360.0,65.0,0
12.0,4719.0,261.0,160.0,1.0,515.0,113.0,1
1.0,1308.0,154.0,18.0,3.0,765.0,175.0,0
14.0,647.0,85.0,217.0,5.0,460.0,277.0,1
16.0,2484.0,172.0,58.0,1.0,935.0,112.0,0
1.0,763.0,80.0,178.0,6.0,1240.0,90.0,1
10.0,2836.0,162.0,80.0,7.0,1205.0,75.0,0
1.0,1659.0,208.0,172.0,6.0,1225.0,85.0,1
15.0,996.0,75.0,268.0,5.0,1250.0,95.0,1
13.0,44.0,203.0,154.0,4.0,815.0,330.0,0
10.0,4609.0,159.0,85.0,3.0,550.0,130.0,1
15.0,240.0,44.0,262.0,4.0,1140.0,75.0,1
14.0,881.0,208.0,60.0,6.0,455.0,114.0,1
4.0,665.0,221.0,135.0,6.0,860.0,198.0,0
1.0,469.0,268.0,183.0,1.0,710.0,160.0,0
8.0,1218.0,175.0,267.0,6.0,420.0,154.0,0
5.0,2246.0,128.0,252.0,5.0,1345.0,339.0,1
8.0,1578.0,16.0,286.0,1.0,620.0,80.0,0
15.0,122.0,153.0,258.0,5.0,1255.0,80.0,1
14.0,1012.0,269.0,216.0,7.0,940.0,256.0,0
14.0,720.0,183.0,60.0,1.0,890.0,124.0,0
1.0,782.0,208.0,277.0,6.0,1045.0,160.0,1
8.0,137.0,45.0,147.0,5.0,625.0,115.0,0
1.0,1626.0,80.0,33.0,5.0,1225.0,100.0,0
2.0,510.0,252.0,264.0,3.0,630.0,163.0,0
1.0,689.0,209.0,80.0,1.0,380.0,220.0,0
10.0,4213.0,208.0,43.0,1.0,505.0,95.0,0
0.0,3912.0,136.0,177.0,3.0,720.0,93.0,0
8.0,73.0,16.0,104.0,7.0,770.0,96.0,0
17.0,2924.0,18.0,217.0,4.0,375.0,148.0,0
7.0,652.0,253.0,79.0,1.0,890.0,147.0,0
15.0,831.0,217.0,214.0,3.0,820.0,175.0,1
1.0,500.0,243.0,80.0,4.0,875.0,175.0,0
3.0,1695.0,35.0,173.0,7.0,360.0,192.0,0
13.0,78.0,128.0,253.0,3.0,1439.0,313.0,0
1.0,1133.0,35.0,80.0,3.0,520.0,275.0,0
8.0,212.0,241.0,184.0,6.0,715.0,175.0,0
15.0,910.0,27.0,75.0,4.0,1115.0,115.0,0
13.0,433.0,134.0,18.0,5.0,506.0,229.0,0
16.0,2110.0,65.0,135.0,4.0,1031.0,129.0,0
13.0,291.0,134.0,262.0,5.0,1056.0,351.0,1
14.0,2181.0,159.0,78.0,3.0,960.0,76.0,0
11.0,6446.0,216.0,148.0,6.0,805.0,60.0,1
1.0,1017.0,80.0,252.0,3.0,1295.0,260.0,0
3.0,196.0,153.0,148.0,4.0,1337.0,281.0,0
3.0,196.0,153.0,148.0,3.0,1337.0,281.0,0
9.0,120.0,128.0,150.0,7.0,526.0,42.0,0
16.0,2589.0,58.0,172.0,4.0,1245.0,127.0,0
15.0,1656.0,258.0,154.0,3.0,780.0,70.0,1
5.0,2648.0,275.0,16.0,5.0,415.0,72.0,0
10.0,2753.0,80.0,32.0,6.0,780.0,120.0,0
10.0,3685.0,177.0,183.0,4.0,370.0,145.0,0
5.0,1716.0,79.0,16.0,1.0,525.0,178.0,0
10.0,3696.0,209.0,148.0,1.0,870.0,80.0,0
14.0,1023.0,22.0,216.0,3.0,435.0,86.0,0
15.0,711.0,244.0,153.0,1.0,470.0,175.0,0
12.0,6987.0,33.0,208.0,4.0,1110.0,108.0,1
1.0,708.0,80.0,159.0,5.0,495.0,195.0,0
1.0,1572.0,80.0,134.0,5.0,495.0,165.0,0
13.0,886.0,253.0,153.0,7.0,765.0,104.0,0
14.0,968.0,260.0,60.0,1.0,940.0,226.0,0
1.0,382.0,208.0,159.0,7.0,610.0,120.0,0
4.0,665.0,221.0,135.0,4.0,860.0,200.0,1
5.0,2014.0,71.0,159.0,1.0,915.0,118.0,1
1.0,1699.0,173.0,208.0,6.0,690.0,175.0,0
13.0,505.0,172.0,79.0,4.0,1190.0,115.0,0
6.0,5356.0,16.0,52.0,4.0,1310.0,51.0,0
1.0,1121.0,135.0,80.0,7.0,990.0,75.0,1
5.0,651.0,175.0,16.0,1.0,675.0,114.0,1
5.0,691.0,234.0,16.0,6.0,940.0,110.0,0
1.0,677.0,80.0,214.0,1.0,1020.0,255.0,1
0.0,3651.0,106.0,85.0,6.0,982.0,47.0,1
6.0,4973.0,101.0,16.0,5.0,510.0,97.0,0
16.0,2690.0,172.0,58.0,4.0,445.0,112.0,0
12.0,7776.0,261.0,235.0,5.0,820.0,59.0,1
14.0,787.0,60.0,16.0,7.0,1070.0,83.0,0
5.0,2595.0,197.0,241.0,7.0,1150.0,199.0,0
5.0,1997.0,16.0,233.0,6.0,760.0,82.0,0
6.0,5495.0,16.0,32.0,6.0,1305.0,105.0,0
13.0,162.0,208.0,35.0,7.0,1035.0,139.0,0
12.0,4486.0,177.0,84.0,3.0,865.0,100.0,1
4.0,1576.0,258.0,135.0,7.0,375.0,226.0,1
14.0,1696.0,60.0,22.0,5.0,705.0,117.0,1
12.0,6533.0,137.0,79.0,3.0,1030.0,89.0,0
12.0,6615.0,122.0,79.0,3.0,824.0,112.0,0
15.0,1938.0,202.0,207.0,1.0,470.0,75.0,1
15.0,1097.0,141.0,173.0,1.0,640.0,170.0,1
5.0,2365.0,154.0,128.0,4.0,525.0,350.0,1
6.0,5425.0,16.0,69.0,7.0,728.0,77.0,0
4.0,1648.0,135.0,104.0,6.0,947.0,139.0,1
10.0,3659.0,183.0,120.0,4.0,1185.0,125.0,0
16.0,2260.0,96.0,71.0,1.0,925.0,129.0,0
1.0,1468.0,80.0,177.0,7.0,535.0,85.0,0
0.0,3769.0,148.0,234.0,7.0,970.0,118.0,1
15.0,1127.0,75.0,268.0,4.0,465.0,100.0,1
5.0,1777.0,208.0,16.0,5.0,1155.0,133.0,0
6.0,7363.0,177.0,146.0,6.0,875.0,61.0,0
6.0,5331.0,177.0,162.0,3.0,890.0,54.0,0
15.0,899.0,173.0,153.0,5.0,480.0,325.0,1
6.0,5066.0,288.0,16.0,5.0,551.0,74.0,0
15.0,1836.0,33.0,209.0,4.0,1205.0,95.0,0
11.0,6277.0,78.0,61.0,3.0,897.0,98.0,0
4.0,301.0,96.0,104.0,4.0,809.0,179.0,0
12.0,6645.0,253.0,191.0,7.0,1150.0,36.0,0
1.0,386.0,268.0,208.0,5.0,405.0,80.0,0
12.0,6848.0,253.0,246.0,5.0,1360.0,79.0,0
11.0,6726.0,60.0,71.0,3.0,800.0,105.0,0
0.0,4173.0,285.0,85.0,5.0,1018.0,106.0,0
8.0,221.0,153.0,184.0,6.0,635.0,205.0,1
12.0,6726.0,145.0,79.0,3.0,806.0,74.0,1
12.0,6469.0,253.0,24.0,7.0,900.0,74.0,1
6.0,5305.0,180.0,177.0,5.0,985.0,72.0,0
8.0,56.0,154.0,16.0,4.0,770.0,250.0,0
1.0,2515.0,268.0,183.0,1.0,380.0,160.0,0
15.0,1727.0,268.0,205.0,4.0,1005.0,75.0,1
10.0,2904.0,56.0,80.0,4.0,1155.0,125.0,0
15.0,174.0,262.0,79.0,1.0,785.0,140.0,1
13.0,848.0,258.0,79.0,7.0,438.0,160.0,0
12.0,6952.0,152.0,208.0,4.0,1093.0,71.0,0
1.0,475.0,96.0,208.0,5.0,445.0,175.0,0
5.0,1223.0,16.0,241.0,7.0,510.0,110.0,0
3.0,1281.0,35.0,234.0,6.0,420.0,108.0,0
1.0,878.0,80.0,96.0,4.0,975.0,210.0,0
5.0,1838.0,16.0,78.0,5.0,1040.0,106.0,0
3.0,582.0,104.0,130.0,4.0,505.0,165.0,0
5.0,1260.0,261.0,96.0,3.0,605.0,273.0,1
15.0,725.0,277.0,153.0,6.0,885.0,315.0,1
1.0,374.0,208.0,159.0,5.0,725.0,125.0,0
6.0,5379.0,16.0,162.0,5.0,1035.0,102.0,0
15.0,1419.0,204.0,153.0,3.0,1040.0,170.0,1
15.0,1326.0,182.0,175.0,7.0,390.0,165.0,0
12.0,6322.0,243.0,154.0,3.0,589.0,45.0,1
4.0,795.0,135.0,154.0,5.0,940.0,225.0,1
14.0,1402.0,241.0,60.0,5.0,1155.0,113.0,0
14.0,48.0,78.0,153.0,6.0,510.0,324.0,0
5.0,592.0,16.0,154.0,5.0,900.0,305.0,1
14.0,1023.0,22.0,216.0,4.0,435.0,86.0,0
11.0,6682.0,71.0,205.0,1.0,820.0,130.0,0
8.0,731.0,184.0,197.0,5.0,900.0,73.0,0
15.0,500.0,202.0,243.0,5.0,420.0,85.0,0
13.0,292.0,253.0,173.0,4.0,808.0,315.0,0
15.0,658.0,264.0,175.0,6.0,750.0,235.0,1
15.0,670.0,33.0,129.0,6.0,765.0,130.0,1
15.0,119.0,216.0,228.0,5.0,670.0,70.0,0
12.0,6399.0,208.0,172.0,4.0,360.0,88.0,1
14.0,2173.0,159.0,78.0,1.0,720.0,71.0,1
5.0,1492.0,197.0,35.0,3.0,780.0,170.0,1
14.0,872.0,138.0,60.0,5.0,870.0,64.0,0
14.0,614.0,153.0,217.0,7.0,760.0,70.0,0
5.0,1333.0,16.0,261.0,7.0,1130.0,255.0,1
15.0,1581.0,91.0,154.0,1.0,590.0,130.0,0
14.0,460.0,217.0,139.0,5.0,595.0,207.0,0
3.0,575.0,272.0,173.0,6.0,482.0,176.0,0
14.0,728.0,80.0,216.0,1.0,915.0,185.0,0
15.0,1458.0,153.0,244.0,1.0,815.0,160.0,1
13.0,427.0,134.0,79.0,4.0,572.0,241.0,0
15.0,1569.0,217.0,236.0,5.0,920.0,110.0,1
2.0,695.0,111.0,252.0,3.0,1185.0,63.0,0
12.0,6960.0,230.0,79.0,1.0,738.0,69.0,0
15.0,3484.0,252.0,262.0,7.0,1145.0,105.0,0
10.0,2770.0,158.0,80.0,5.0,730.0,85.0,0
5.0,154.0,104.0,148.0,7.0,905.0,185.0,1
1.0,1755.0,2.0,80.0,5.0,360.0,105.0,0
17.0,1028.0,128.0,150.0,5.0,1025.0,40.0,0
1.0,635.0,183.0,80.0,5.0,560.0,195.0,0
5.0,1163.0,96.0,85.0,5.0,420.0,128.0,0
2.0,474.0,252.0,154.0,6.0,1055.0,157.0,1
12.0,4484.0,153.0,154.0,4.0,1180.0,75.0,0
5.0,1807.0,71.0,252.0,5.0,560.0,309.0,0
13.0,457.0,134.0,16.0,1.0,520.0,115.0,0
4.0,1185.0,96.0,208.0,3.0,1005.0,158.0,0
1.0,2423.0,213.0,208.0,6.0,690.0,190.0,0
14.0,1297.0,60.0,260.0,4.0,590.0,209.0,0
12.0,6514.0,65.0,154.0,1.0,688.0,149.0,0
8.0,872.0,197.0,16.0,1.0,680.0,146.0,0
1.0,1678.0,80.0,45.0,3.0,500.0,170.0,0
12.0,6606.0,79.0,187.0,1.0,688.0,120.0,1
15.0,3658.0,79.0,258.0,3.0,705.0,165.0,0
10.0,3716.0,16.0,208.0,1.0,980.0,125.0,0
0.0,4014.0,139.0,85.0,1.0,390.0,80.0,0
1.0,1698.0,80.0,78.0,4.0,645.0,160.0,0
16.0,2987.0,42.0,58.0,6.0,885.0,115.0,0
14.0,1512.0,60.0,216.0,4.0,570.0,100.0,1
10.0,4528.0,58.0,159.0,7.0,1010.0,100.0,0
14.0,926.0,60.0,208.0,7.0,590.0,134.0,0
6.0,5612.0,176.0,16.0,6.0,370.0,68.0,0
1.0,2333.0,208.0,80.0,4.0,880.0,155.0,0
5.0,2930.0,214.0,197.0,1.0,745.0,199.0,0
1.0,1654.0,80.0,264.0,4.0,980.0,200.0,0
0.0,4282.0,209.0,85.0,6.0,754.0,121.0,1
15.0,163.0,75.0,244.0,6.0,425.0,65.0,0
5.0,2782.0,177.0,78.0,3.0,505.0,119.0,0
15.0,2233.0,175.0,261.0,6.0,865.0,215.0,1
1.0,1297.0,183.0,260.0,7.0,625.0,155.0,1
16.0,2453.0,135.0,38.0,7.0,575.0,66.0,0
15.0,645.0,280.0,2.0,4.0,440.0,60.0,1
0.0,3803.0,16.0,58.0,4.0,1265.0,108.0,1
1.0,2206.0,80.0,134.0,5.0,1040.0,160.0,0
5.0,133.0,148.0,253.0,6.0,1155.0,410.0,1
15.0,3140.0,153.0,45.0,6.0,975.0,270.0,1
0.0,3746.0,27.0,85.0,6.0,670.0,130.0,0
17.0,7296.0,134.0,22.0,7.0,757.0,73.0,0
13.0,462.0,154.0,79.0,5.0,1205.0,135.0,1
15.0,518.0,172.0,45.0,1.0,1045.0,140.0,0
16.0,5988.0,208.0,58.0,3.0,455.0,71.0,0
3.0,1.0,148.0,104.0,4.0,485.0,187.0,0
12.0,6594.0,221.0,79.0,5.0,1138.0,229.0,0
0.0,4095.0,197.0,247.0,4.0,1170.0,87.0,0
3.0,19.0,42.0,148.0,5.0,360.0,84.0,0
12.0,6937.0,83.0,79.0,4.0,811.0,60.0,0
15.0,1684.0,214.0,262.0,5.0,855.0,85.0,1
5.0,2923.0,197.0,173.0,3.0,420.0,198.0,0
11.0,6566.0,234.0,148.0,6.0,375.0,85.0,0
16.0,2649.0,135.0,165.0,1.0,565.0,75.0,0
5.0,1578.0,97.0,16.0,1.0,740.0,120.0,0
5.0,566.0,16.0,209.0,4.0,748.0,95.0,0
12.0,6911.0,208.0,184.0,1.0,562.0,42.0,0
5.0,748.0,147.0,16.0,4.0,695.0,75.0,0
13.0,898.0,134.0,35.0,1.0,1014.0,95.0,1
12.0,6448.0,280.0,154.0,1.0,653.0,92.0,0
15.0,782.0,154.0,175.0,4.0,445.0,240.0,1
5.0,2259.0,197.0,261.0,3.0,675.0,174.0,1
1.0,1132.0,80.0,277.0,7.0,870.0,135.0,0
10.0,2952.0,80.0,245.0,5.0,755.0,135.0,1
12.0,4756.0,172.0,261.0,3.0,370.0,162.0,1
10.0,4007.0,208.0,61.0,3.0,940.0,75.0,1
12.0,6398.0,253.0,34.0,4.0,1145.0,92.0,0
5.0,2651.0,261.0,262.0,6.0,684.0,108.0,1
15.0,554.0,241.0,175.0,4.0,495.0,180.0,0
1.0,776.0,153.0,154.0,4.0,1130.0,70.0,0
10.0,3080.0,154.0,246.0,5.0,810.0,40.0,1
16.0,2796.0,135.0,16.0,5.0,970.0,121.0,0
0.0,4197.0,85.0,84.0,5.0,740.0,115.0,0
15.0,3926.0,129.0,2.0,4.0,595.0,135.0,1
8.0,942.0,238.0,45.0,4.0,360.0,83.0,1
3.0,567.0,272.0,104.0,7.0,929.0,191.0,1
17.0,2615.0,234.0,60.0,1.0,560.0,85.0,0
16.0,3087.0,159.0,58.0,3.0,1170.0,99.0,0
9.0,157.0,203.0,128.0,6.0,735.0,34.0,0
6.0,5409.0,157.0,16.0,4.0,1001.0,88.0,1
5.0,2863.0,148.0,154.0,7.0,720.0,370.0,0
10.0,4058.0,208.0,85.0,3.0,1050.0,85.0,1
16.0,2023.0,221.0,135.0,1.0,700.0,194.0,1
1.0,1999.0,96.0,183.0,5.0,985.0,205.0,0
9.0,545.0,203.0,128.0,5.0,1073.0,34.0,0
1.0,1199.0,173.0,80.0,6.0,1175.0,175.0,0
15.0,4.0,91.0,217.0,7.0,575.0,80.0,0
11.0,6303.0,268.0,78.0,4.0,540.0,121.0,0
10.0,4220.0,208.0,33.0,3.0,620.0,90.0,1
16.0,2458.0,96.0,33.0,3.0,390.0,154.0,0
12.0,4454.0,102.0,197.0,4.0,840.0,160.0,1
5.0,1882.0,261.0,85.0,5.0,1041.0,213.0,0
5.0,134.0,79.0,16.0,6.0,790.0,174.0,1
3.0,739.0,148.0,225.0,5.0,1439.0,223.0,0
14.0,1264.0,183.0,216.0,7.0,470.0,168.0,0
12.0,4602.0,102.0,261.0,3.0,1020.0,95.0,0
4.0,677.0,216.0,135.0,7.0,650.0,218.0,0
5.0,1748.0,85.0,159.0,1.0,535.0,119.0,0
15.0,636.0,141.0,175.0,3.0,575.0,155.0,1
5.0,1959.0,148.0,173.0,1.0,495.0,188.0,0
17.0,2980.0,264.0,217.0,5.0,625.0,75.0,0
5.0,1854.0,268.0,16.0,3.0,910.0,95.0,0
0.0,3672.0,155.0,177.0,1.0,705.0,117.0,1
15.0,705.0,268.0,277.0,5.0,1130.0,135.0,0
12.0,4705.0,261.0,80.0,1.0,855.0,160.0,1
13.0,642.0,148.0,253.0,1.0,664.0,401.0,1
5.0,2572.0,268.0,85.0,3.0,540.0,90.0,0
11.0,6619.0,85.0,61.0,7.0,525.0,62.0,0
5.0,2453.0,159.0,277.0,5.0,839.0,182.0,0
12.0,4872.0,261.0,34.0,7.0,1306.0,69.0,1
15.0,3320.0,153.0,198.0,4.0,685.0,200.0,1
0.0,4075.0,85.0,106.0,5.0,725.0,42.0,0
14.0,634.0,217.0,221.0,3.0,965.0,229.0,0
10.0,3324.0,254.0,80.0,7.0,660.0,90.0,0
5.0,1524.0,16.0,45.0,5.0,730.0,107.0,0
10.0,4493.0,268.0,148.0,1.0,620.0,155.0,0
3.0,1014.0,148.0,35.0,1.0,899.0,81.0,1
0.0,3739.0,197.0,240.0,5.0,1295.0,45.0,1
6.0,4950.0,115.0,16.0,4.0,608.0,82.0,0
5.0,1685.0,159.0,173.0,7.0,755.0,175.0,0
8.0,1049.0,78.0,241.0,4.0,480.0,166.0,0
17.0,7305.0,134.0,172.0,3.0,506.0,167.0,0
10.0,4303.0,204.0,208.0,1.0,905.0,130.0,0
5.0,1886.0,16.0,159.0,6.0,640.0,136.0,1
17.0,7288.0,208.0,42.0,4.0,1148.0,116.0,0
15.0,1110.0,153.0,2.0,6.0,895.0,85.0,1
15.0,2175.0,154.0,202.0,3.0,950.0,70.0,1
6.0,5019.0,70.0,16.0,7.0,668.0,49.0,1
5.0,1803.0,85.0,177.0,5.0,445.0,138.0,0
11.0,6457.0,209.0,71.0,7.0,392.0,121.0,0
15.0,759.0,79.0,175.0,5.0,875.0,135.0,0
0.0,3876.0,204.0,16.0,5.0,796.0,121.0,0
9.0,197.0,203.0,128.0,7.0,1200.0,33.0,0
15.0,1664.0,154.0,217.0,5.0,830.0,80.0,0
15.0,2453.0,207.0,217.0,4.0,800.0,65.0,1
1.0,446.0,80.0,216.0,6.0,695.0,190.0,1
14.0,408.0,253.0,217.0,7.0,1035.0,118.0,0
13.0,739.0,173.0,79.0,7.0,515.0,248.0,0
9.0,201.0,143.0,128.0,1.0,433.0,49.0,0
10.0,2842.0,80.0,101.0,5.0,705.0,150.0,0
5.0,2311.0,16.0,80.0,5.0,740.0,150.0,0
10.0,3344.0,80.0,223.0,5.0,815.0,100.0,0
5.0,2025.0,45.0,16.0,1.0,675.0,117.0,0
1.0,623.0,45.0,80.0,1.0,1000.0,220.0,0
1.0,1330.0,280.0,80.0,3.0,555.0,130.0,1
2.0,482.0,252.0,243.0,5.0,940.0,160.0,0
12.0,6935.0,262.0,6.0,4.0,417.0,64.0,1
5.0,1376.0,159.0,35.0,4.0,570.0,74.0,0
16.0,5921.0,208.0,107.0,3.0,1255.0,94.0,1
4.0,1421.0,58.0,79.0,1.0,540.0,205.0,0
17.0,1039.0,143.0,128.0,5.0,1020.0,47.0,0
5.0,2628.0,177.0,162.0,4.0,1160.0,53.0,0
1.0,1436.0,135.0,80.0,3.0,550.0,75.0,1
8.0,563.0,32.0,16.0,5.0,692.0,98.0,0
5.0,2194.0,16.0,216.0,3.0,655.0,133.0,1
11.0,6557.0,148.0,208.0,5.0,1075.0,183.0,0
15.0,465.0,243.0,172.0,4.0,420.0,190.0,0
6.0,7350.0,177.0,204.0,5.0,1165.0,90.0,0
3.0,904.0,208.0,148.0,7.0,550.0,122.0,0
2.0,38.0,252.0,197.0,4.0,747.0,203.0,1
4.0,189.0,58.0,217.0,3.0,540.0,270.0,0
5.0,1027.0,252.0,128.0,3.0,1035.0,371.0,1
15.0,219.0,175.0,159.0,4.0,865.0,130.0,1
0.0,3653.0,85.0,56.0,3.0,530.0,106.0,0
10.0,3765.0,79.0,208.0,5.0,870.0,150.0,0
4.0,1869.0,253.0,135.0,5.0,1050.0,209.0,0
10.0,4289.0,52.0,208.0,6.0,1040.0,115.0,0
16.0,2811.0,135.0,190.0,1.0,785.0,75.0,0
10.0,2938.0,118.0,80.0,6.0,805.0,50.0,0
12.0,4570.0,262.0,261.0,4.0,1092.0,99.0,1
12.0,6811.0,154.0,236.0,5.0,1348.0,85.0,1
15.0,777.0,129.0,243.0,7.0,1095.0,210.0,1
5.0,1222.0,261.0,16.0,5.0,1020.0,219.0,0
15.0,388.0,18.0,91.0,4.0,365.0,100.0,1
14.0,1524.0,60.0,273.0,7.0,990.0,106.0,1
16.0,2145.0,205.0,135.0,7.0,840.0,139.0,0
12.0,6849.0,252.0,214.0,6.0,515.0,48.0,0
13.0,543.0,35.0,208.0,1.0,1045.0,172.0,0
10.0,2824.0,80.0,288.0,4.0,1200.0,105.0,0
5.0,1992.0,277.0,85.0,1.0,835.0,159.0,0
15.0,1525.0,33.0,153.0,5.0,590.0,260.0,0
13.0,97.0,253.0,135.0,5.0,647.0,239.0,0
9.0,265.0,203.0,128.0,6.0,1110.0,34.0,0
13.0,568.0,208.0,260.0,7.0,500.0,275.0,0
14.0,2026.0,78.0,35.0,4.0,570.0,81.0,0
1.0,1787.0,148.0,277.0,1.0,1020.0,185.0,1
1.0,1595.0,80.0,153.0,5.0,1185.0,180.0,0
4.0,301.0,96.0,104.0,6.0,809.0,169.0,0
14.0,1768.0,60.0,78.0,1.0,990.0,79.0,0
12.0,6427.0,208.0,27.0,3.0,415.0,103.0,1
9.0,544.0,128.0,203.0,1.0,966.0,37.0,0
8.0,763.0,213.0,16.0,5.0,1184.0,107.0,0
1.0,1151.0,197.0,208.0,1.0,1045.0,95.0,0
11.0,6435.0,78.0,71.0,4.0,650.0,101.0,1
15.0,1141.0,45.0,35.0,3.0,980.0,85.0,1
1.0,460.0,135.0,80.0,3.0,440.0,75.0,0
14.0,867.0,273.0,216.0,4.0,445.0,84.0,0
15.0,1255.0,2.0,217.0,1.0,815.0,75.0,0
15.0,921.0,182.0,45.0,5.0,1010.0,100.0,0
17.0,2627.0,85.0,60.0,7.0,1025.0,113.0,1
15.0,843.0,2.0,217.0,4.0,895.0,75.0,1
1.0,1256.0,183.0,159.0,4.0,465.0,170.0,0
16.0,5911.0,218.0,208.0,4.0,863.0,58.0,0
15.0,748.0,79.0,204.0,1.0,590.0,90.0,1
10.0,4578.0,60.0,159.0,4.0,530.0,115.0,1
2.0,81.0,252.0,14.0,1.0,360.0,219.0,0
14.0,1558.0,217.0,60.0,5.0,15.0,222.0,0
15.0,1170.0,175.0,197.0,3.0,900.0,85.0,1
6.0,4970.0,16.0,121.0,6.0,499.0,57.0,1
14.0,1033.0,22.0,60.0,3.0,1025.0,132.0,1
5.0,2810.0,104.0,177.0,3.0,998.0,162.0,0
4.0,481.0,58.0,153.0,6.0,520.0,265.0,0
10.0,2740.0,158.0,80.0,3.0,1010.0,85.0,0
8.0,439.0,184.0,16.0,5.0,1114.0,121.0,0
15.0,1453.0,184.0,172.0,6.0,740.0,90.0,0
13.0,130.0,208.0,243.0,6.0,785.0,270.0,1
8.0,537.0,177.0,16.0,3.0,594.0,75.0,1
5.0,1517.0,16.0,79.0,1.0,500.0,213.0,0
14.0,544.0,243.0,217.0,7.0,595.0,76.0,0
11.0,6578.0,85.0,290.0,4.0,520.0,147.0,0
5.0,1310.0,139.0,85.0,7.0,1040.0,85.0,0
16.0,2737.0,121.0,96.0,4.0,1052.0,117.0,0
12.0,6825.0,261.0,253.0,3.0,1039.0,131.0,1
14.0,71.0,79.0,217.0,4.0,480.0,135.0,1
5.0,45.0,71.0,16.0,1.0,740.0,99.0,0
13.0,467.0,79.0,258.0,3.0,1292.0,164.0,0
4.0,1014.0,80.0,135.0,3.0,430.0,66.0,0
13.0,189.0,208.0,243.0,6.0,500.0,264.0,1
15.0,2453.0,217.0,205.0,7.0,960.0,155.0,1
6.0,5576.0,121.0,16.0,7.0,910.0,70.0,0
6.0,5392.0,177.0,158.0,3.0,860.0,84.0,0
1.0,1898.0,91.0,80.0,3.0,720.0,100.0,0
12.0,4866.0,184.0,71.0,3.0,480.0,75.0,1
14.0,526.0,172.0,217.0,6.0,900.0,171.0,0
16.0,2274.0,135.0,172.0,3.0,880.0,115.0,0
12.0,4836.0,177.0,80.0,3.0,815.0,102.0,1
5.0,3.0,261.0,148.0,5.0,515.0,285.0,0
8.0,448.0,16.0,198.0,1.0,530.0,99.0,0
5.0,1905.0,85.0,173.0,7.0,840.0,157.0,1
12.0,4741.0,137.0,261.0,6.0,905.0,59.0,1
11.0,6308.0,177.0,96.0,5.0,525.0,161.0,0
12.0,4458.0,46.0,261.0,4.0,395.0,75.0,1
14.0,2174.0,78.0,159.0,5.0,840.0,80.0,0
15.0,1115.0,197.0,79.0,4.0,680.0,135.0,0
5.0,2283.0,16.0,198.0,3.0,510.0,108.0,0
3.0,112.0,148.0,43.0,5.0,1370.0,83.0,0
2.0,188.0,98.0,14.0,3.0,945.0,63.0,0
6.0,7129.0,134.0,42.0,5.0,1022.0,91.0,1
4.0,1076.0,96.0,241.0,6.0,650.0,198.0,0
15.0,822.0,35.0,45.0,7.0,920.0,90.0,1
5.0,2662.0,154.0,148.0,3.0,480.0,325.0,1
5.0,1985.0,76.0,16.0,4.0,350.0,114.0,0
15.0,945.0,233.0,217.0,3.0,785.0,305.0,1
15.0,2461.0,18.0,277.0,5.0,1000.0,135.0,1
6.0,5054.0,177.0,60.0,5.0,515.0,101.0,0
14.0,522.0,96.0,217.0,6.0,390.0,345.0,0
12.0,6400.0,93.0,253.0,7.0,433.0,96.0,0
3.0,1309.0,148.0,134.0,1.0,1050.0,82.0,0
10.0,4222.0,208.0,285.0,4.0,1005.0,95.0,1
8.0,290.0,129.0,16.0,6.0,365.0,125.0,0
13.0,456.0,214.0,253.0,7.0,360.0,105.0,0
1.0,1387.0,208.0,153.0,1.0,880.0,250.0,0
16.0,2860.0,184.0,135.0,4.0,630.0,172.0,0
1.0,1376.0,183.0,80.0,6.0,970.0,200.0,0
8.0,1412.0,241.0,106.0,4.0,640.0,176.0,1
1.0,335.0,159.0,208.0,7.0,900.0,170.0,0
8.0,83.0,16.0,104.0,6.0,620.0,117.0,0
14.0,569.0,243.0,217.0,5.0,755.0,76.0,0
6.0,5005.0,60.0,177.0,4.0,706.0,123.0,0
15.0,869.0,13.0,79.0,1.0,540.0,80.0,1
14.0,544.0,217.0,80.0,5.0,810.0,135.0,0
4.0,1185.0,96.0,208.0,6.0,1010.0,148.0,1
5.0,2004.0,104.0,85.0,4.0,740.0,187.0,1
5.0,1489.0,16.0,54.0,5.0,970.0,75.0,0
12.0,4674.0,44.0,261.0,7.0,995.0,108.0,1
13.0,338.0,34.0,79.0,3.0,1003.0,111.0,0
13.0,424.0,134.0,35.0,4.0,742.0,97.0,0
0.0,4296.0,85.0,25.0,7.0,1310.0,85.0,1
2.0,183.0,14.0,98.0,1.0,610.0,61.0,1
16.0,5926.0,208.0,230.0,7.0,720.0,137.0,0
10.0,4123.0,208.0,62.0,5.0,1255.0,55.0,0
15.0,963.0,175.0,27.0,7.0,600.0,105.0,0
3.0,43.0,148.0,173.0,5.0,967.0,183.0,1
10.0,4007.0,208.0,61.0,1.0,940.0,75.0,0
15.0,1739.0,153.0,45.0,3.0,580.0,275.0,1
15.0,3586.0,228.0,45.0,5.0,860.0,80.0,0
2.0,454.0,252.0,154.0,4.0,360.0,150.0,0
5.0,5.0,85.0,45.0,3.0,850.0,98.0,1
8.0,1099.0,139.0,173.0,3.0,1199.0,140.0,0
15.0,292.0,153.0,228.0,3.0,845.0,300.0,1
5.0,1877.0,16.0,223.0,3.0,1233.0,81.0,0
6.0,5336.0,16.0,121.0,1.0,977.0,58.0,1
15.0,2557.0,268.0,175.0,3.0,365.0,65.0,0
15.0,3511.0,154.0,261.0,7.0,885.0,110.0,1
12.0,6937.0,83.0,79.0,6.0,807.0,60.0,0
1.0,2010.0,79.0,80.0,4.0,930.0,115.0,1
8.0,716.0,159.0,48.0,1.0,670.0,96.0,0
10.0,4514.0,78.0,33.0,7.0,895.0,120.0,1
15.0,1002.0,75.0,18.0,7.0,440.0,55.0,0
13.0,150.0,253.0,208.0,3.0,998.0,257.0,1
1.0,450.0,80.0,197.0,7.0,650.0,140.0,0
3.0,571.0,130.0,213.0,5.0,1250.0,169.0,1
12.0,6681.0,79.0,34.0,7.0,848.0,119.0,0
5.0,2746.0,139.0,197.0,4.0,942.0,108.0,0
12.0,6919.0,82.0,208.0,1.0,910.0,90.0,1
8.0,520.0,277.0,45.0,1.0,684.0,130.0,0
15.0,1253.0,147.0,277.0,5.0,410.0,55.0,0
1.0,276.0,154.0,183.0,7.0,1340.0,280.0,1
3.0,1085.0,148.0,60.0,1.0,990.0,131.0,1
15.0,3668.0,217.0,207.0,5.0,805.0,70.0,1
14.0,1402.0,241.0,60.0,3.0,1155.0,113.0,1
1.0,25.0,35.0,154.0,3.0,435.0,390.0,0
5.0,1987.0,197.0,243.0,7.0,695.0,241.0,0
1.0,1919.0,16.0,80.0,7.0,1000.0,150.0,0
16.0,2507.0,251.0,135.0,6.0,518.0,150.0,0
6.0,4949.0,146.0,16.0,3.0,677.0,85.0,0
1.0,863.0,183.0,260.0,6.0,760.0,145.0,1
0.0,3682.0,85.0,152.0,4.0,1035.0,46.0,1
0.0,4361.0,221.0,177.0,4.0,710.0,135.0,1
9.0,113.0,128.0,161.0,1.0,376.0,35.0,0
16.0,5932.0,279.0,208.0,7.0,775.0,114.0,0
12.0,6599.0,79.0,252.0,4.0,930.0,176.0,0
12.0,6360.0,253.0,207.0,3.0,1023.0,76.0,0
0.0,4156.0,177.0,184.0,6.0,865.0,108.0,0
4.0,1132.0,96.0,35.0,6.0,945.0,70.0,0
15.0,697.0,155.0,18.0,5.0,375.0,70.0,0
5.0,1247.0,186.0,16.0,6.0,674.0,101.0,0
5.0,2198.0,197.0,85.0,4.0,500.0,109.0,0
5.0,1981.0,197.0,177.0,3.0,390.0,125.0,1
15.0,3088.0,2.0,252.0,6.0,665.0,195.0,0
15.0,739.0,277.0,104.0,1.0,1060.0,60.0,1
1.0,312.0,217.0,80.0,1.0,640.0,135.0,1
1.0,1279.0,268.0,80.0,5.0,625.0,115.0,0
15.0,1259.0,244.0,75.0,1.0,695.0,60.0,0
5.0,1294.0,16.0,233.0,4.0,515.0,95.0,1
14.0,1250.0,173.0,216.0,5.0,725.0,143.0,0
8.0,442.0,184.0,104.0,4.0,455.0,203.0,0
5.0,211.0,148.0,153.0,7.0,1095.0,350.0,0
15.0,122.0,33.0,244.0,4.0,995.0,150.0,1
1.0,1461.0,80.0,253.0,4.0,605.0,240.0,0
5.0,1428.0,153.0,148.0,7.0,1435.0,293.0,1
16.0,2861.0,135.0,280.0,7.0,1255.0,159.0,1
14.0,522.0,217.0,236.0,4.0,665.0,113.0,0
7.0,269.0,264.0,79.0,7.0,1208.0,127.0,0
13.0,377.0,217.0,79.0,1.0,994.0,110.0,1
16.0,5907.0,71.0,208.0,7.0,1189.0,86.0,0
15.0,249.0,154.0,244.0,3.0,490.0,165.0,1
15.0,3511.0,261.0,252.0,4.0,1080.0,135.0,0
5.0,2626.0,104.0,16.0,4.0,340.0,118.0,0
15.0,1278.0,153.0,104.0,6.0,570.0,275.0,1
1.0,1670.0,18.0,208.0,6.0,360.0,165.0,0
16.0,5905.0,208.0,195.0,4.0,484.0,48.0,1
14.0,1687.0,154.0,60.0,7.0,695.0,268.0,0
4.0,1602.0,18.0,135.0,7.0,1041.0,59.0,0
10.0,3512.0,184.0,80.0,4.0,360.0,165.0,0
13.0,43.0,135.0,79.0,3.0,505.0,161.0,0
5.0,1477.0,208.0,16.0,4.0,420.0,125.0,0
16.0,2337.0,121.0,96.0,6.0,405.0,104.0,0
17.0,2894.0,217.0,83.0,6.0,596.0,113.0,1
1.0,1140.0,80.0,16.0,1.0,475.0,125.0,0
15.0,970.0,213.0,216.0,1.0,650.0,165.0,1
7.0,609.0,139.0,79.0,5.0,1195.0,165.0,0
15.0,2027.0,79.0,111.0,7.0,1230.0,150.0,0
17.0,2633.0,60.0,245.0,4.0,1225.0,72.0,0
0.0,3704.0,75.0,177.0,6.0,705.0,90.0,0
1.0,231.0,183.0,154.0,7.0,1080.0,350.0,1
13.0,920.0,208.0,35.0,1.0,740.0,139.0,0
15.0,2629.0,243.0,153.0,6.0,1135.0,70.0,0
13.0,573.0,243.0,253.0,1.0,774.0,101.0,1
10.0,3995.0,76.0,208.0,1.0,1020.0,80.0,0
12.0,4518.0,261.0,79.0,5.0,760.0,83.0,1
5.0,1957.0,261.0,252.0,5.0,1211.0,134.0,0
6.0,7109.0,134.0,132.0,4.0,517.0,120.0,0
10.0,3244.0,80.0,41.0,6.0,420.0,80.0,0
15.0,3569.0,45.0,277.0,6.0,1025.0,155.0,0
1.0,2413.0,80.0,154.0,7.0,565.0,200.0,0
4.0,1435.0,96.0,217.0,6.0,749.0,323.0,0
0.0,4371.0,245.0,85.0,7.0,735.0,142.0,0
10.0,3269.0,118.0,80.0,5.0,940.0,45.0,1
17.0,2628.0,120.0,60.0,5.0,770.0,54.0,0
1.0,303.0,159.0,208.0,3.0,435.0,165.0,0
14.0,1566.0,198.0,60.0,7.0,665.0,106.0,0
5.0,1005.0,16.0,85.0,1.0,495.0,125.0,1
12.0,4867.0,197.0,29.0,7.0,1310.0,80.0,1
12.0,6953.0,34.0,208.0,7.0,939.0,198.0,1
12.0,6264.0,100.0,253.0,5.0,855.0,57.0,1
13.0,864.0,154.0,153.0,7.0,1354.0,80.0,1
13.0,587.0,253.0,264.0,4.0,1087.0,93.0,0
10.0,4236.0,177.0,208.0,7.0,455.0,120.0,0
5.0,74.0,85.0,16.0,5.0,824.0,125.0,1
1.0,527.0,35.0,183.0,6.0,640.0,215.0,0
3.0,1264.0,18.0,35.0,5.0,985.0,218.0,1
4.0,166.0,252.0,135.0,3.0,495.0,247.0,1
5.0,2028.0,173.0,85.0,7.0,960.0,160.0,0
2.0,561.0,154.0,214.0,1.0,370.0,147.0,0
12.0,4472.0,208.0,197.0,6.0,1080.0,85.0,1
12.0,3076.0,139.0,184.0,7.0,1217.0,63.0,1
14.0,1732.0,16.0,60.0,1.0,330.0,68.0,0
14.0,1978.0,60.0,96.0,4.0,1205.0,110.0,0
13.0,90.0,253.0,96.0,3.0,540.0,330.0,1
10.0,4511.0,159.0,35.0,4.0,835.0,65.0,0
2.0,64.0,226.0,289.0,3.0,928.0,32.0,0
1.0,2404.0,154.0,80.0,6.0,655.0,185.0,0
15.0,1092.0,268.0,129.0,4.0,475.0,135.0,1
12.0,6429.0,253.0,153.0,1.0,511.0,94.0,0
14.0,587.0,135.0,217.0,3.0,1080.0,183.0,0
10.0,2818.0,180.0,80.0,1.0,420.0,125.0,0
9.0,169.0,150.0,203.0,3.0,760.0,31.0,0
10.0,2793.0,107.0,80.0,6.0,465.0,150.0,0
8.0,652.0,244.0,16.0,3.0,1030.0,130.0,0
1.0,1857.0,45.0,260.0,4.0,485.0,225.0,0
0.0,3819.0,134.0,85.0,7.0,573.0,99.0,0
14.0,1443.0,233.0,60.0,7.0,864.0,66.0,0
14.0,1183.0,35.0,216.0,7.0,690.0,94.0,0
1.0,657.0,45.0,80.0,7.0,1110.0,220.0,1
15.0,793.0,146.0,129.0,4.0,810.0,80.0,0
4.0,484.0,104.0,58.0,4.0,780.0,165.0,0
15.0,1641.0,75.0,155.0,6.0,435.0,65.0,0
15.0,1048.0,75.0,244.0,5.0,880.0,60.0,0
15.0,3243.0,213.0,141.0,5.0,460.0,160.0,0
14.0,719.0,216.0,35.0,3.0,1095.0,93.0,1
6.0,5034.0,16.0,287.0,3.0,590.0,80.0,0
5.0,2836.0,128.0,197.0,4.0,1120.0,465.0,0
3.0,259.0,104.0,160.0,4.0,961.0,342.0,1
0.0,4361.0,177.0,244.0,1.0,824.0,126.0,1
3.0,17.0,148.0,104.0,7.0,650.0,183.0,0
6.0,5523.0,16.0,237.0,1.0,510.0,90.0,0
16.0,5992.0,208.0,273.0,5.0,530.0,100.0,0
1.0,1520.0,154.0,183.0,5.0,725.0,300.0,1
10.0,2970.0,10.0,80.0,4.0,430.0,80.0,0
15.0,317.0,34.0,153.0,1.0,655.0,100.0,0
4.0,1877.0,216.0,135.0,4.0,910.0,223.0,0
15.0,343.0,154.0,91.0,1.0,615.0,110.0,1
5.0,2960.0,183.0,16.0,4.0,390.0,127.0,0
15.0,1718.0,243.0,153.0,6.0,1025.0,70.0,1
3.0,921.0,35.0,208.0,1.0,390.0,169.0,0
6.0,5582.0,69.0,16.0,1.0,685.0,90.0,1
15.0,282.0,91.0,75.0,4.0,1190.0,85.0,0
10.0,4247.0,43.0,208.0,3.0,1115.0,125.0,1
5.0,2861.0,16.0,280.0,5.0,674.0,258.0,0
0.0,4150.0,139.0,78.0,1.0,743.0,95.0,0
8.0,635.0,45.0,76.0,4.0,952.0,89.0,0
10.0,3630.0,33.0,183.0,5.0,860.0,140.0,0
5.0,1165.0,233.0,16.0,3.0,435.0,97.0,0
5.0,131.0,16.0,241.0,3.0,985.0,100.0,1
16.0,2569.0,135.0,170.0,3.0,890.0,86.0,0
3.0,418.0,213.0,35.0,4.0,420.0,172.0,0
13.0,120.0,253.0,134.0,4.0,590.0,308.0,0
14.0,1468.0,277.0,78.0,6.0,805.0,124.0,0
4.0,1427.0,135.0,60.0,7.0,1160.0,142.0,0
16.0,2914.0,172.0,96.0,5.0,1050.0,160.0,0
15.0,1501.0,243.0,258.0,6.0,920.0,80.0,0
15.0,692.0,153.0,207.0,1.0,1025.0,55.0,1
15.0,1922.0,153.0,258.0,6.0,935.0,85.0,1
10.0,4526.0,61.0,159.0,3.0,625.0,110.0,0
3.0,534.0,277.0,96.0,4.0,1110.0,160.0,0
7.0,170.0,280.0,79.0,1.0,465.0,108.0,0
13.0,597.0,208.0,197.0,3.0,1205.0,93.0,0
16.0,5928.0,157.0,208.0,4.0,946.0,89.0,0
10.0,2908.0,94.0,80.0,1.0,675.0,130.0,0
15.0,1381.0,45.0,85.0,1.0,655.0,100.0,1
2.0,318.0,252.0,253.0,6.0,600.0,134.0,0
15.0,757.0,91.0,154.0,5.0,755.0,135.0,0
6.0,5159.0,177.0,132.0,7.0,1180.0,60.0,0
1.0,1715.0,208.0,153.0,5.0,785.0,250.0,0
4.0,810.0,135.0,96.0,6.0,790.0,202.0,1
5.0,1430.0,184.0,85.0,4.0,840.0,82.0,0
15.0,1065.0,35.0,45.0,5.0,545.0,90.0,1
2.0,890.0,203.0,243.0,1.0,860.0,312.0,0
14.0,413.0,60.0,253.0,3.0,995.0,347.0,1
12.0,6702.0,79.0,99.0,5.0,1233.0,111.0,0
15.0,1678.0,236.0,252.0,1.0,815.0,115.0,0
15.0,705.0,205.0,268.0,4.0,1030.0,70.0,1
10.0,3067.0,154.0,194.0,3.0,605.0,65.0,0
0.0,3650.0,166.0,197.0,7.0,410.0,60.0,0
16.0,2914.0,172.0,96.0,4.0,1050.0,160.0,1
15.0,467.0,153.0,204.0,5.0,1150.0,140.0,0
2.0,555.0,227.0,252.0,4.0,985.0,170.0,1
6.0,5022.0,177.0,157.0,4.0,575.0,80.0,0
14.0,149.0,252.0,217.0,6.0,315.0,166.0,0
1.0,1755.0,80.0,178.0,4.0,575.0,95.0,0
4.0,1408.0,60.0,96.0,3.0,1042.0,127.0,1
12.0,6996.0,79.0,124.0,7.0,1160.0,46.0,0
15.0,3762.0,153.0,236.0,3.0,905.0,80.0,1
5.0,1819.0,85.0,154.0,5.0,1195.0,315.0,1
3.0,567.0,272.0,104.0,3.0,929.0,191.0,1
14.0,1411.0,22.0,60.0,4.0,500.0,143.0,0
8.0,435.0,184.0,16.0,6.0,936.0,121.0,0
14.0,909.0,85.0,60.0,1.0,515.0,106.0,0
4.0,727.0,45.0,135.0,4.0,728.0,211.0,0
0.0,3887.0,85.0,43.0,1.0,720.0,74.0,1
6.0,5235.0,17.0,85.0,6.0,630.0,79.0,0
12.0,6417.0,263.0,154.0,5.0,693.0,57.0,0
12.0,4477.0,102.0,261.0,1.0,440.0,99.0,1
5.0,1949.0,233.0,16.0,5.0,360.0,87.0,0
13.0,74.0,128.0,253.0,7.0,805.0,312.0,0
6.0,5381.0,177.0,162.0,4.0,570.0,56.0,0
1.0,1718.0,208.0,35.0,4.0,510.0,130.0,0
10.0,3828.0,208.0,78.0,7.0,740.0,110.0,0
8.0,1016.0,35.0,173.0,5.0,698.0,192.0,0
15.0,199.0,217.0,262.0,7.0,1190.0,125.0,1
6.0,4992.0,16.0,36.0,6.0,671.0,72.0,0
1.0,2493.0,22.0,80.0,3.0,1055.0,255.0,1
6.0,7399.0,178.0,177.0,7.0,345.0,118.0,0
15.0,499.0,243.0,79.0,7.0,590.0,135.0,0
14.0,1240.0,216.0,22.0,7.0,1235.0,59.0,0
15.0,639.0,13.0,75.0,6.0,990.0,65.0,1
6.0,5151.0,278.0,16.0,5.0,870.0,76.0,0
16.0,2627.0,16.0,135.0,6.0,1135.0,134.0,0
15.0,1930.0,44.0,153.0,5.0,975.0,65.0,1
13.0,74.0,128.0,253.0,1.0,805.0,312.0,0
5.0,1886.0,16.0,159.0,5.0,640.0,136.0,0
12.0,4559.0,261.0,137.0,1.0,680.0,58.0,1
10.0,3859.0,135.0,208.0,5.0,405.0,155.0,0
12.0,6604.0,261.0,79.0,5.0,447.0,98.0,1
12.0,4743.0,58.0,197.0,5.0,400.0,135.0,0
5.0,1278.0,16.0,175.0,5.0,730.0,115.0,0
17.0,2711.0,217.0,100.0,4.0,650.0,103.0,1
8.0,181.0,16.0,241.0,3.0,1051.0,96.0,0
11.0,6521.0,233.0,159.0,7.0,773.0,96.0,1
12.0,6825.0,253.0,231.0,4.0,1290.0,69.0,1
6.0,5207.0,52.0,16.0,7.0,400.0,52.0,0
13.0,572.0,79.0,205.0,4.0,1220.0,89.0,0
0.0,3854.0,197.0,58.0,5.0,425.0,115.0,0
4.0,328.0,96.0,60.0,1.0,1065.0,128.0,0
15.0,627.0,173.0,141.0,4.0,465.0,145.0,0
8.0,731.0,184.0,197.0,7.0,900.0,73.0,0
1.0,642.0,80.0,61.0,7.0,1190.0,135.0,0
15.0,1855.0,221.0,216.0,3.0,455.0,80.0,1
13.0,301.0,79.0,153.0,6.0,695.0,121.0,0
11.0,6378.0,71.0,159.0,5.0,450.0,124.0,1
5.0,2168.0,197.0,22.0,6.0,1150.0,157.0,1
1.0,1132.0,262.0,80.0,1.0,500.0,200.0,0
13.0,910.0,79.0,208.0,3.0,517.0,143.0,0
6.0,5287.0,10.0,16.0,4.0,880.0,97.0,0
2.0,457.0,154.0,252.0,1.0,1050.0,165.0,0
8.0,667.0,16.0,130.0,3.0,610.0,146.0,0
16.0,2086.0,162.0,96.0,4.0,400.0,165.0,0
6.0,4962.0,138.0,16.0,5.0,828.0,95.0,0
6.0,7109.0,132.0,134.0,7.0,675.0,106.0,0
16.0,2649.0,135.0,165.0,3.0,565.0,75.0,0
5.0,2490.0,197.0,16.0,3.0,785.0,153.0,0
15.0,2610.0,258.0,243.0,5.0,920.0,75.0,1
15.0,1557.0,68.0,129.0,5.0,570.0,50.0,0
6.0,5378.0,16.0,10.0,3.0,941.0,101.0,1
1.0,1185.0,233.0,80.0,1.0,380.0,200.0,0
12.0,4647.0,122.0,261.0,3.0,785.0,85.0,1
12.0,4793.0,224.0,261.0,1.0,325.0,90.0,1
16.0,2487.0,158.0,135.0,5.0,810.0,57.0,0
13.0,375.0,135.0,79.0,7.0,906.0,155.0,0
15.0,1016.0,129.0,131.0,3.0,1055.0,60.0,1
4.0,1006.0,135.0,277.0,5.0,670.0,122.0,0
5.0,1741.0,71.0,261.0,1.0,495.0,251.0,0
15.0,1899.0,244.0,129.0,6.0,1035.0,50.0,0
15.0,314.0,43.0,175.0,6.0,955.0,105.0,1
15.0,167.0,153.0,13.0,5.0,715.0,125.0,1
14.0,1096.0,216.0,233.0,5.0,940.0,82.0,0
15.0,1008.0,268.0,252.0,1.0,570.0,265.0,1
14.0,337.0,153.0,217.0,4.0,590.0,73.0,0
3.0,293.0,252.0,160.0,4.0,871.0,149.0,1
15.0,3062.0,2.0,75.0,6.0,595.0,95.0,0
12.0,6475.0,292.0,154.0,3.0,1130.0,77.0,1
1.0,1545.0,80.0,280.0,4.0,935.0,145.0,1
1.0,1406.0,80.0,132.0,7.0,540.0,95.0,0
13.0,215.0,79.0,207.0,6.0,1139.0,145.0,0
1.0,2065.0,178.0,80.0,7.0,380.0,95.0,0
5.0,1510.0,79.0,85.0,3.0,685.0,170.0,0
8.0,278.0,16.0,35.0,5.0,984.0,146.0,0
13.0,132.0,214.0,208.0,1.0,381.0,234.0,0
15.0,3602.0,175.0,228.0,7.0,595.0,125.0,1
12.0,6624.0,79.0,236.0,5.0,1309.0,139.0,0
15.0,960.0,228.0,175.0,7.0,1005.0,165.0,0
5.0,1943.0,96.0,16.0,7.0,363.0,156.0,0
5.0,301.0,60.0,16.0,6.0,430.0,91.0,0
3.0,137.0,148.0,241.0,5.0,926.0,198.0,1
1.0,936.0,183.0,173.0,6.0,1340.0,55.0,1
15.0,1458.0,244.0,129.0,3.0,1120.0,50.0,1
11.0,6396.0,268.0,233.0,4.0,420.0,121.0,0
10.0,2753.0,80.0,32.0,4.0,780.0,120.0,0
15.0,1087.0,33.0,104.0,3.0,465.0,130.0,0
16.0,2915.0,238.0,58.0,1.0,865.0,64.0,0
8.0,857.0,16.0,173.0,1.0,1068.0,92.0,1
5.0,1888.0,153.0,177.0,3.0,480.0,190.0,0
1.0,1299.0,183.0,260.0,7.0,1115.0,150.0,0
5.0,1237.0,234.0,16.0,3.0,890.0,110.0,0
3.0,1208.0,241.0,130.0,7.0,1130.0,160.0,0
2.0,870.0,14.0,128.0,5.0,850.0,369.0,0
14.0,1456.0,78.0,173.0,7.0,615.0,142.0,0
5.0,1692.0,277.0,85.0,7.0,632.0,158.0,0
6.0,5165.0,11.0,16.0,3.0,350.0,60.0,0
10.0,4141.0,208.0,172.0,3.0,1045.0,100.0,0
15.0,526.0,35.0,175.0,1.0,550.0,170.0,0
15.0,1657.0,244.0,75.0,4.0,540.0,60.0,1
15.0,1671.0,175.0,173.0,7.0,1100.0,160.0,0
14.0,706.0,208.0,216.0,7.0,840.0,122.0,0
5.0,2055.0,261.0,16.0,7.0,50.0,210.0,1
15.0,1065.0,45.0,33.0,4.0,660.0,120.0,1
10.0,2934.0,157.0,80.0,1.0,745.0,150.0,1
14.0,1615.0,234.0,60.0,7.0,560.0,87.0,1
8.0,684.0,136.0,16.0,6.0,378.0,132.0,0
12.0,4606.0,244.0,261.0,4.0,850.0,177.0,0
5.0,1862.0,261.0,85.0,5.0,420.0,219.0,0
4.0,1427.0,135.0,60.0,4.0,1165.0,142.0,0
14.0,1772.0,60.0,80.0,5.0,569.0,175.0,0
0.0,3964.0,12.0,148.0,6.0,365.0,90.0,0
12.0,4443.0,71.0,184.0,4.0,1235.0,75.0,0
1.0,764.0,80.0,159.0,7.0,1115.0,195.0,0
8.0,446.0,16.0,198.0,7.0,732.0,96.0,0
0.0,4283.0,71.0,109.0,5.0,1240.0,45.0,0
15.0,2553.0,243.0,236.0,1.0,430.0,90.0,1
3.0,137.0,148.0,241.0,6.0,926.0,198.0,1
2.0,505.0,264.0,252.0,6.0,1200.0,163.0,0
14.0,457.0,221.0,217.0,3.0,440.0,294.0,1
10.0,2796.0,119.0,80.0,7.0,350.0,175.0,0
15.0,1425.0,58.0,33.0,7.0,1030.0,100.0,0
15.0,1434.0,35.0,175.0,4.0,750.0,170.0,0
1.0,33.0,148.0,154.0,1.0,475.0,380.0,0
5.0,1178.0,16.0,121.0,4.0,1135.0,58.0,0
5.0,1879.0,159.0,104.0,7.0,415.0,193.0,0
15.0,351.0,43.0,153.0,3.0,495.0,310.0,1
14.0,12.0,262.0,217.0,4.0,360.0,109.0,1
6.0,5530.0,123.0,16.0,4.0,667.0,75.0,1
14.0,1428.0,173.0,60.0,1.0,420.0,98.0,0
12.0,4774.0,261.0,224.0,3.0,690.0,105.0,0
0.0,4019.0,177.0,139.0,5.0,1135.0,82.0,1
0.0,4031.0,177.0,155.0,1.0,555.0,122.0,1
12.0,6655.0,86.0,208.0,1.0,1003.0,68.0,0
15.0,1574.0,153.0,45.0,4.0,1005.0,270.0,1
12.0,4835.0,137.0,261.0,5.0,1090.0,53.0,1
10.0,3301.0,80.0,254.0,5.0,1350.0,70.0,0
15.0,1175.0,202.0,236.0,3.0,545.0,50.0,1
3.0,190.0,153.0,148.0,4.0,657.0,300.0,0
2.0,458.0,252.0,154.0,3.0,540.0,154.0,0
5.0,2578.0,243.0,261.0,6.0,375.0,120.0,0
15.0,525.0,175.0,139.0,3.0,1215.0,50.0,1
14.0,904.0,60.0,208.0,3.0,700.0,132.0,1
13.0,853.0,243.0,253.0,1.0,708.0,99.0,0
15.0,885.0,262.0,154.0,4.0,520.0,80.0,1
5.0,2632.0,264.0,261.0,5.0,405.0,132.0,0
10.0,2806.0,80.0,120.0,1.0,795.0,145.0,0
1.0,374.0,280.0,208.0,7.0,410.0,205.0,0
10.0,3547.0,80.0,58.0,4.0,720.0,150.0,1
10.0,3239.0,61.0,80.0,3.0,560.0,185.0,0
15.0,857.0,141.0,173.0,3.0,805.0,170.0,1
4.0,667.0,135.0,252.0,6.0,1045.0,272.0,1
1.0,267.0,154.0,128.0,5.0,1145.0,365.0,0
15.0,189.0,79.0,217.0,1.0,910.0,115.0,0
17.0,7252.0,17.0,208.0,1.0,686.0,59.0,1
11.0,6320.0,16.0,120.0,4.0,1135.0,86.0,0
5.0,2571.0,139.0,16.0,3.0,667.0,94.0,0
12.0,6376.0,230.0,79.0,5.0,956.0,72.0,1
4.0,1702.0,96.0,253.0,4.0,660.0,379.0,1
15.0,1050.0,45.0,221.0,7.0,935.0,60.0,1
17.0,2749.0,244.0,217.0,7.0,930.0,147.0,0
3.0,1278.0,234.0,35.0,4.0,402.0,93.0,0
15.0,2984.0,154.0,258.0,4.0,480.0,65.0,0
8.0,447.0,198.0,16.0,7.0,975.0,81.0,0
12.0,4499.0,34.0,261.0,3.0,540.0,68.0,0
8.0,1204.0,241.0,175.0,1.0,650.0,180.0,0
15.0,561.0,153.0,154.0,4.0,740.0,65.0,1
5.0,2895.0,173.0,148.0,4.0,540.0,155.0,0
3.0,282.0,160.0,153.0,3.0,794.0,67.0,0
17.0,1002.0,203.0,128.0,5.0,480.0,32.0,0
4.0,312.0,96.0,37.0,7.0,1220.0,232.0,1
14.0,1944.0,135.0,60.0,7.0,1050.0,144.0,0
6.0,5303.0,101.0,16.0,5.0,987.0,96.0,0
3.0,1310.0,134.0,148.0,7.0,1180.0,83.0,0
15.0,1627.0,129.0,33.0,6.0,755.0,105.0,1
0.0,4003.0,27.0,177.0,4.0,685.0,74.0,0
12.0,6656.0,79.0,33.0,1.0,639.0,150.0,0
9.0,363.0,143.0,128.0,4.0,1180.0,49.0,0
16.0,2617.0,279.0,135.0,5.0,995.0,96.0,0
11.0,6606.0,71.0,85.0,1.0,1020.0,85.0,0
1.0,482.0,80.0,139.0,3.0,670.0,125.0,1
16.0,2764.0,96.0,268.0,3.0,1020.0,175.0,1
15.0,359.0,280.0,153.0,7.0,1005.0,80.0,1
14.0,1701.0,60.0,78.0,5.0,695.0,76.0,0
3.0,330.0,173.0,22.0,5.0,1215.0,149.0,0
2.0,65.0,252.0,151.0,7.0,420.0,131.0,0
15.0,1423.0,45.0,209.0,5.0,1145.0,50.0,1
14.0,1277.0,139.0,216.0,7.0,785.0,104.0,0
0.0,3931.0,171.0,197.0,3.0,388.0,102.0,0
10.0,4064.0,208.0,58.0,5.0,815.0,80.0,0
15.0,904.0,264.0,262.0,4.0,440.0,90.0,0
0.0,3810.0,84.0,85.0,3.0,1070.0,114.0,0
15.0,27.0,129.0,87.0,5.0,885.0,90.0,1
5.0,2437.0,16.0,244.0,4.0,502.0,166.0,0
5.0,1968.0,197.0,184.0,5.0,1030.0,73.0,1
15.0,2766.0,280.0,243.0,6.0,1095.0,75.0,0
6.0,5526.0,16.0,106.0,3.0,725.0,110.0,1
15.0,514.0,85.0,175.0,1.0,575.0,75.0,0
14.0,829.0,85.0,60.0,5.0,390.0,103.0,0
6.0,5088.0,16.0,132.0,7.0,600.0,67.0,1
5.0,465.0,85.0,261.0,3.0,725.0,244.0,1
16.0,2611.0,251.0,135.0,7.0,1125.0,144.0,1
4.0,616.0,135.0,197.0,4.0,1140.0,173.0,0
4.0,1412.0,58.0,260.0,6.0,540.0,258.0,0
2.0,618.0,252.0,153.0,4.0,945.0,146.0,1
16.0,2342.0,135.0,221.0,5.0,985.0,158.0,1
6.0,5371.0,275.0,16.0,3.0,699.0,74.0,1
5.0,1888.0,153.0,177.0,5.0,480.0,190.0,0
6.0,4987.0,223.0,16.0,6.0,560.0,70.0,0
15.0,930.0,262.0,44.0,7.0,755.0,70.0,1
10.0,3768.0,96.0,208.0,6.0,360.0,165.0,1
12.0,6531.0,248.0,253.0,6.0,1247.0,61.0,0
5.0,2205.0,175.0,16.0,4.0,360.0,120.0,0
16.0,2420.0,58.0,229.0,6.0,750.0,87.0,1
15.0,2356.0,2.0,202.0,5.0,490.0,155.0,0
15.0,1615.0,153.0,175.0,4.0,785.0,215.0,0
5.0,1897.0,216.0,197.0,4.0,867.0,181.0,0
0.0,4140.0,56.0,85.0,4.0,820.0,97.0,0
14.0,122.0,217.0,184.0,5.0,610.0,211.0,0
10.0,3479.0,80.0,162.0,6.0,505.0,70.0,0
5.0,1422.0,18.0,85.0,6.0,525.0,170.0,0
2.0,497.0,243.0,252.0,1.0,845.0,174.0,0
5.0,1144.0,16.0,182.0,4.0,1233.0,150.0,1
15.0,1104.0,172.0,243.0,3.0,770.0,220.0,1
12.0,4511.0,261.0,111.0,7.0,1010.0,115.0,0
16.0,2206.0,13.0,135.0,7.0,688.0,90.0,0
10.0,3009.0,154.0,194.0,6.0,935.0,65.0,0
10.0,3283.0,170.0,80.0,7.0,690.0,65.0,1
15.0,705.0,2.0,75.0,3.0,530.0,100.0,1
6.0,5019.0,16.0,70.0,6.0,590.0,53.0,0
5.0,1665.0,99.0,197.0,7.0,786.0,67.0,1
2.0,8.0,252.0,96.0,6.0,550.0,313.0,1
5.0,2437.0,16.0,244.0,5.0,502.0,166.0,0
11.0,6474.0,197.0,148.0,4.0,915.0,183.0,0
17.0,2945.0,134.0,60.0,3.0,505.0,98.0,0
12.0,4529.0,205.0,261.0,5.0,380.0,156.0,0
15.0,3494.0,153.0,154.0,1.0,400.0,65.0,0
16.0,2244.0,221.0,96.0,5.0,756.0,114.0,0
13.0,33.0,79.0,264.0,6.0,550.0,157.0,0
1.0,726.0,80.0,159.0,7.0,690.0,195.0,0
15.0,3415.0,243.0,244.0,5.0,570.0,155.0,0
17.0,7267.0,228.0,208.0,7.0,418.0,165.0,0
6.0,7126.0,208.0,43.0,1.0,444.0,86.0,0
5.0,1878.0,245.0,16.0,3.0,453.0,80.0,1
1.0,625.0,173.0,183.0,7.0,920.0,65.0,1
15.0,1998.0,129.0,104.0,6.0,660.0,135.0,1
5.0,371.0,16.0,135.0,6.0,445.0,140.0,1
15.0,1256.0,34.0,202.0,7.0,1135.0,105.0,1
15.0,712.0,134.0,175.0,5.0,1215.0,120.0,0
12.0,4685.0,230.0,197.0,1.0,600.0,90.0,1
10.0,4061.0,208.0,254.0,6.0,1080.0,100.0,1
10.0,2866.0,1.0,80.0,7.0,655.0,50.0,0
1.0,594.0,260.0,45.0,6.0,1120.0,235.0,0
4.0,1829.0,253.0,96.0,4.0,1310.0,311.0,0
16.0,2265.0,41.0,135.0,7.0,589.0,67.0,0
16.0,2091.0,71.0,135.0,1.0,395.0,164.0,0
5.0,1873.0,85.0,177.0,1.0,925.0,126.0,1
1.0,818.0,154.0,268.0,4.0,755.0,210.0,1
13.0,373.0,159.0,208.0,6.0,421.0,158.0,1
12.0,6684.0,177.0,208.0,3.0,360.0,110.0,0
15.0,3567.0,18.0,75.0,3.0,475.0,55.0,0
14.0,1724.0,78.0,228.0,3.0,1275.0,71.0,0
13.0,84.0,154.0,148.0,7.0,375.0,334.0,1
13.0,330.0,135.0,134.0,6.0,454.0,182.0,0
15.0,2008.0,35.0,216.0,6.0,630.0,100.0,0
9.0,138.0,128.0,150.0,3.0,687.0,43.0,0
10.0,2807.0,80.0,109.0,4.0,1095.0,130.0,0
12.0,6831.0,208.0,65.0,5.0,588.0,153.0,0
15.0,2061.0,279.0,153.0,6.0,755.0,185.0,0
3.0,378.0,104.0,159.0,1.0,1091.0,169.0,1
4.0,346.0,135.0,208.0,7.0,525.0,146.0,0
15.0,1325.0,139.0,173.0,1.0,490.0,140.0,1
12.0,4820.0,154.0,153.0,5.0,465.0,70.0,0
13.0,812.0,79.0,80.0,4.0,646.0,119.0,0
5.0,2230.0,267.0,16.0,4.0,500.0,101.0,0
1.0,1664.0,183.0,16.0,3.0,615.0,120.0,0
1.0,1572.0,80.0,134.0,1.0,495.0,165.0,0
15.0,1273.0,217.0,253.0,7.0,1125.0,125.0,1
10.0,3307.0,80.0,68.0,1.0,390.0,80.0,0
4.0,655.0,221.0,135.0,5.0,500.0,195.0,1
5.0,1994.0,217.0,148.0,4.0,485.0,279.0,0
14.0,622.0,202.0,217.0,4.0,750.0,108.0,0
12.0,6668.0,137.0,79.0,1.0,460.0,102.0,1
9.0,196.0,128.0,203.0,3.0,1135.0,37.0,0
16.0,2257.0,96.0,221.0,5.0,635.0,89.0,1
1.0,1475.0,233.0,80.0,3.0,620.0,190.0,0
5.0,377.0,22.0,85.0,5.0,355.0,130.0,0
17.0,7301.0,172.0,134.0,3.0,492.0,141.0,0
15.0,3085.0,44.0,217.0,6.0,1065.0,80.0,1
12.0,6751.0,198.0,208.0,5.0,878.0,149.0,0
1.0,2470.0,154.0,80.0,4.0,1140.0,165.0,0
15.0,1961.0,221.0,216.0,6.0,685.0,75.0,0
3.0,1419.0,35.0,147.0,4.0,560.0,174.0,1
10.0,3603.0,183.0,54.0,7.0,1275.0,100.0,1
10.0,2958.0,129.0,80.0,4.0,615.0,65.0,0
6.0,7331.0,120.0,16.0,3.0,684.0,91.0,1
5.0,2489.0,16.0,198.0,1.0,587.0,108.0,0
15.0,2615.0,61.0,45.0,6.0,505.0,70.0,1
13.0,629.0,78.0,208.0,4.0,1108.0,132.0,0
15.0,1426.0,75.0,155.0,1.0,495.0,65.0,1
6.0,5095.0,16.0,33.0,7.0,815.0,66.0,0
14.0,399.0,96.0,60.0,6.0,620.0,116.0,0
15.0,942.0,45.0,33.0,6.0,910.0,120.0,1
14.0,1513.0,60.0,217.0,7.0,779.0,276.0,0
6.0,7107.0,134.0,159.0,6.0,1056.0,84.0,0
15.0,3507.0,154.0,280.0,5.0,710.0,80.0,1
16.0,2052.0,135.0,241.0,6.0,835.0,128.0,0
5.0,2736.0,177.0,159.0,6.0,880.0,160.0,0
5.0,1491.0,16.0,244.0,4.0,1068.0,165.0,0
5.0,2599.0,197.0,217.0,6.0,420.0,212.0,0
13.0,848.0,79.0,135.0,7.0,756.0,144.0,1
3.0,1264.0,18.0,35.0,7.0,985.0,218.0,0
14.0,45.0,217.0,150.0,5.0,690.0,399.0,1
5.0,1062.0,173.0,154.0,7.0,1090.0,346.0,1
12.0,4453.0,268.0,261.0,1.0,840.0,195.0,0
14.0,1850.0,60.0,22.0,5.0,1194.0,108.0,0
16.0,2283.0,135.0,18.0,4.0,620.0,53.0,1
5.0,2965.0,148.0,253.0,3.0,435.0,385.0,1
10.0,3048.0,154.0,243.0,6.0,1260.0,45.0,0
12.0,6722.0,79.0,285.0,7.0,610.0,158.0,1
5.0,1600.0,16.0,35.0,1.0,455.0,153.0,1
1.0,1548.0,80.0,78.0,5.0,885.0,170.0,0
13.0,235.0,79.0,154.0,5.0,1060.0,155.0,0
5.0,1493.0,85.0,172.0,4.0,723.0,130.0,1
11.0,6369.0,71.0,16.0,1.0,817.0,108.0,0
10.0,3718.0,16.0,208.0,6.0,1065.0,130.0,1
10.0,4353.0,208.0,58.0,7.0,1170.0,80.0,0
5.0,340.0,16.0,197.0,5.0,450.0,171.0,0
3.0,110.0,198.0,148.0,4.0,385.0,163.0,0
12.0,6872.0,79.0,217.0,1.0,620.0,124.0,1
17.0,2904.0,162.0,60.0,4.0,442.0,117.0,0
16.0,5995.0,29.0,208.0,3.0,879.0,124.0,1
15.0,675.0,91.0,75.0,4.0,1115.0,90.0,0
5.0,2925.0,35.0,197.0,3.0,857.0,198.0,1
15.0,2882.0,277.0,182.0,4.0,935.0,175.0,0
12.0,6293.0,107.0,79.0,6.0,398.0,102.0,0
6.0,5205.0,16.0,200.0,6.0,970.0,76.0,0
10.0,3365.0,155.0,80.0,3.0,630.0,65.0,0
15.0,683.0,173.0,104.0,1.0,680.0,60.0,0
6.0,7069.0,245.0,134.0,6.0,872.0,103.0,1
10.0,3367.0,80.0,155.0,1.0,525.0,70.0,0
5.0,2943.0,96.0,16.0,7.0,765.0,146.0,1
4.0,1132.0,96.0,35.0,5.0,929.0,80.0,0
10.0,4534.0,159.0,290.0,5.0,420.0,220.0,0
6.0,5464.0,205.0,85.0,5.0,810.0,119.0,1
13.0,883.0,134.0,208.0,7.0,476.0,128.0,0
16.0,2500.0,91.0,135.0,1.0,780.0,109.0,0
15.0,641.0,216.0,104.0,3.0,1155.0,180.0,1
13.0,9.0,45.0,79.0,3.0,1118.0,247.0,1
12.0,4680.0,280.0,261.0,3.0,508.0,115.0,0
1.0,1174.0,258.0,208.0,1.0,830.0,255.0,0
12.0,7801.0,261.0,282.0,5.0,495.0,60.0,1
0.0,4005.0,16.0,279.0,7.0,960.0,130.0,1
13.0,186.0,253.0,216.0,5.0,933.0,326.0,0
6.0,4951.0,91.0,16.0,4.0,669.0,178.0,0
15.0,1180.0,202.0,207.0,1.0,860.0,70.0,1
16.0,2476.0,96.0,71.0,5.0,809.0,128.0,0
16.0,2586.0,139.0,96.0,1.0,705.0,118.0,1
12.0,4866.0,184.0,71.0,5.0,480.0,75.0,0
15.0,3403.0,45.0,35.0,5.0,880.0,80.0,1
12.0,4487.0,135.0,261.0,4.0,405.0,199.0,0
5.0,2269.0,16.0,173.0,3.0,720.0,87.0,1
7.0,516.0,214.0,79.0,4.0,660.0,142.0,1
1.0,1915.0,172.0,80.0,3.0,570.0,105.0,0
16.0,2559.0,135.0,158.0,5.0,585.0,58.0,0
10.0,3960.0,208.0,238.0,6.0,1180.0,105.0,1
6.0,7354.0,10.0,16.0,1.0,430.0,114.0,1
5.0,2983.0,85.0,195.0,3.0,1200.0,85.0,1
14.0,868.0,147.0,216.0,5.0,1030.0,129.0,0
16.0,2362.0,234.0,58.0,7.0,1110.0,82.0,0
15.0,2022.0,154.0,129.0,5.0,755.0,190.0,1
15.0,1017.0,172.0,79.0,1.0,580.0,120.0,0
12.0,6385.0,248.0,154.0,4.0,700.0,62.0,0
4.0,1079.0,135.0,244.0,3.0,900.0,60.0,0
10.0,2841.0,80.0,84.0,6.0,555.0,110.0,0
10.0,2780.0,80.0,68.0,5.0,945.0,80.0,1
5.0,245.0,148.0,154.0,5.0,1140.0,390.0,1
15.0,568.0,27.0,217.0,4.0,375.0,240.0,0
6.0,7074.0,208.0,12.0,6.0,655.0,111.0,1
15.0,1510.0,45.0,159.0,3.0,540.0,70.0,0
10.0,4378.0,33.0,159.0,6.0,785.0,130.0,0
16.0,2695.0,135.0,27.0,7.0,930.0,94.0,1
14.0,651.0,253.0,216.0,3.0,825.0,312.0,0
7.0,321.0,78.0,184.0,5.0,710.0,130.0,0
4.0,516.0,96.0,198.0,3.0,645.0,206.0,1
5.0,2699.0,197.0,217.0,6.0,685.0,204.0,0
1.0,1051.0,217.0,183.0,7.0,510.0,245.0,1
1.0,1890.0,154.0,208.0,5.0,1020.0,230.0,0
14.0,627.0,217.0,202.0,4.0,1270.0,123.0,0
1.0,5.0,80.0,128.0,3.0,820.0,520.0,0
12.0,6474.0,227.0,154.0,1.0,753.0,47.0,0
15.0,2903.0,198.0,45.0,5.0,1000.0,140.0,1
0.0,4184.0,177.0,221.0,7.0,1132.0,116.0,0
0.0,3893.0,109.0,16.0,7.0,360.0,115.0,0
15.0,922.0,217.0,139.0,1.0,700.0,210.0,1
10.0,3193.0,154.0,258.0,5.0,400.0,75.0,0
5.0,1303.0,85.0,104.0,1.0,450.0,192.0,0
12.0,6868.0,79.0,34.0,5.0,1299.0,122.0,0
15.0,677.0,258.0,154.0,7.0,520.0,70.0,1
15.0,167.0,244.0,154.0,7.0,1170.0,200.0,0
14.0,46.0,44.0,217.0,7.0,745.0,85.0,0
1.0,1777.0,148.0,173.0,1.0,479.0,180.0,0
13.0,241.0,208.0,252.0,3.0,717.0,275.0,0
10.0,4156.0,273.0,208.0,3.0,1120.0,140.0,1
0.0,3690.0,152.0,197.0,3.0,405.0,112.0,0
12.0,7040.0,236.0,79.0,6.0,801.0,134.0,1
15.0,804.0,79.0,172.0,5.0,1140.0,95.0,0
9.0,30.0,203.0,252.0,6.0,970.0,325.0,0
0.0,3961.0,238.0,16.0,1.0,741.0,136.0,1
15.0,288.0,172.0,75.0,4.0,815.0,90.0,1
14.0,1981.0,78.0,277.0,7.0,605.0,146.0,0
13.0,702.0,208.0,217.0,4.0,1021.0,226.0,0
3.0,63.0,148.0,277.0,1.0,360.0,176.0,0
5.0,2070.0,54.0,16.0,1.0,836.0,80.0,0
10.0,3999.0,99.0,208.0,5.0,1000.0,130.0,0
4.0,240.0,18.0,135.0,3.0,345.0,55.0,0
7.0,71.0,85.0,79.0,5.0,385.0,189.0,0
5.0,1734.0,154.0,61.0,5.0,1350.0,255.0,0
11.0,6367.0,54.0,16.0,3.0,605.0,85.0,1
8.0,561.0,32.0,16.0,5.0,400.0,104.0,0
4.0,172.0,154.0,58.0,3.0,1410.0,257.0,0
16.0,2008.0,135.0,147.0,3.0,985.0,118.0,0
16.0,2473.0,182.0,96.0,7.0,960.0,87.0,1
12.0,7053.0,208.0,69.0,4.0,1158.0,82.0,0
5.0,1570.0,268.0,16.0,6.0,615.0,90.0,0
12.0,6300.0,100.0,154.0,7.0,360.0,60.0,1
15.0,3505.0,216.0,35.0,4.0,630.0,90.0,1
5.0,1954.0,16.0,147.0,6.0,810.0,69.0,1
2.0,664.0,252.0,80.0,3.0,1085.0,222.0,0
5.0,2243.0,96.0,16.0,5.0,690.0,144.0,1
4.0,84.0,16.0,96.0,5.0,730.0,140.0,0
15.0,958.0,243.0,79.0,3.0,615.0,135.0,0
16.0,2117.0,162.0,135.0,7.0,565.0,82.0,0
16.0,2200.0,135.0,204.0,4.0,700.0,78.0,0
15.0,29.0,129.0,68.0,7.0,895.0,50.0,1
7.0,561.0,79.0,243.0,3.0,790.0,137.0,0
12.0,6746.0,79.0,230.0,5.0,1307.0,70.0,0
14.0,306.0,79.0,60.0,7.0,970.0,182.0,0
12.0,6879.0,253.0,246.0,3.0,426.0,81.0,0
10.0,4595.0,159.0,233.0,1.0,700.0,105.0,0
5.0,1854.0,16.0,61.0,3.0,1146.0,102.0,0
5.0,2677.0,208.0,16.0,1.0,840.0,122.0,1
15.0,2370.0,153.0,91.0,6.0,495.0,100.0,0
11.0,6369.0,71.0,16.0,5.0,817.0,108.0,0
11.0,6480.0,208.0,71.0,3.0,1190.0,76.0,0
5.0,2769.0,16.0,173.0,6.0,1025.0,93.0,0
1.0,1636.0,80.0,205.0,6.0,785.0,105.0,0
3.0,362.0,213.0,159.0,7.0,678.0,162.0,0
14.0,567.0,217.0,173.0,5.0,599.0,246.0,0
5.0,1028.0,261.0,96.0,4.0,1021.0,261.0,0
1.0,2421.0,80.0,154.0,1.0,695.0,195.0,1
15.0,692.0,207.0,202.0,3.0,1110.0,75.0,1
14.0,239.0,217.0,85.0,4.0,1180.0,220.0,0
6.0,5342.0,94.0,16.0,7.0,950.0,85.0,1
10.0,3908.0,69.0,208.0,3.0,360.0,105.0,0
1.0,1736.0,260.0,183.0,3.0,1285.0,160.0,1
3.0,381.0,159.0,104.0,4.0,1109.0,185.0,0
12.0,4461.0,264.0,261.0,7.0,674.0,106.0,1
16.0,2569.0,135.0,170.0,7.0,897.0,86.0,0
10.0,3605.0,183.0,71.0,1.0,450.0,160.0,0
5.0,2722.0,217.0,85.0,5.0,30.0,228.0,0
5.0,2318.0,173.0,16.0,7.0,810.0,96.0,0
15.0,596.0,277.0,45.0,7.0,835.0,130.0,0
16.0,2317.0,135.0,120.0,5.0,845.0,140.0,0
11.0,6545.0,22.0,85.0,7.0,1110.0,130.0,0
8.0,325.0,16.0,253.0,1.0,525.0,342.0,0
1.0,1613.0,208.0,253.0,5.0,810.0,280.0,0
6.0,5326.0,278.0,16.0,7.0,990.0,72.0,0
10.0,3279.0,80.0,118.0,7.0,835.0,50.0,0
9.0,332.0,128.0,143.0,3.0,425.0,50.0,0
5.0,1112.0,16.0,129.0,5.0,522.0,148.0,0
15.0,1271.0,175.0,22.0,6.0,575.0,125.0,1
16.0,5944.0,134.0,233.0,4.0,917.0,65.0,1
10.0,3331.0,80.0,120.0,4.0,505.0,145.0,0
12.0,6589.0,57.0,154.0,6.0,555.0,40.0,0
5.0,2742.0,16.0,96.0,5.0,585.0,143.0,0
5.0,1569.0,234.0,16.0,3.0,738.0,111.0,1
5.0,2188.0,197.0,216.0,6.0,435.0,156.0,0
14.0,1293.0,35.0,216.0,5.0,390.0,93.0,0
5.0,2105.0,277.0,197.0,4.0,480.0,207.0,0
16.0,2664.0,96.0,22.0,1.0,530.0,74.0,0
5.0,1159.0,186.0,16.0,3.0,1023.0,101.0,0
5.0,1894.0,16.0,279.0,7.0,1243.0,128.0,0
5.0,1370.0,159.0,35.0,4.0,390.0,69.0,0
6.0,5355.0,85.0,237.0,4.0,1300.0,90.0,1
15.0,1760.0,268.0,61.0,5.0,1080.0,75.0,1
5.0,2058.0,173.0,148.0,6.0,1125.0,156.0,0
15.0,2812.0,45.0,175.0,5.0,820.0,125.0,1
5.0,1639.0,78.0,16.0,5.0,840.0,123.0,0
15.0,221.0,79.0,217.0,4.0,585.0,120.0,1
5.0,2204.0,154.0,261.0,6.0,790.0,114.0,0
4.0,732.0,135.0,159.0,7.0,1135.0,193.0,1
13.0,381.0,22.0,208.0,3.0,380.0,161.0,0
1.0,1033.0,183.0,208.0,7.0,965.0,210.0,1
14.0,202.0,217.0,2.0,3.0,595.0,78.0,0
14.0,1843.0,60.0,173.0,6.0,568.0,96.0,0
12.0,6977.0,208.0,261.0,4.0,1205.0,207.0,1
5.0,1283.0,16.0,175.0,4.0,1040.0,116.0,0
13.0,11.0,214.0,253.0,6.0,945.0,112.0,0
10.0,2939.0,80.0,218.0,7.0,1160.0,110.0,0
13.0,891.0,148.0,154.0,6.0,390.0,388.0,0
0.0,3858.0,85.0,171.0,5.0,620.0,52.0,0
15.0,3242.0,141.0,213.0,5.0,1125.0,180.0,1
5.0,2026.0,104.0,16.0,4.0,770.0,118.0,0
1.0,394.0,208.0,159.0,3.0,435.0,120.0,0
11.0,6677.0,61.0,78.0,5.0,1045.0,77.0,1
10.0,2769.0,80.0,254.0,7.0,950.0,75.0,0
5.0,1192.0,261.0,78.0,5.0,620.0,240.0,0
12.0,6231.0,214.0,93.0,1.0,795.0,36.0,0
4.0,6.0,135.0,244.0,4.0,965.0,60.0,0
15.0,1454.0,33.0,233.0,6.0,940.0,85.0,0
12.0,4761.0,261.0,227.0,5.0,675.0,99.0,0
10.0,3701.0,78.0,208.0,1.0,945.0,125.0,1
8.0,1002.0,174.0,173.0,3.0,653.0,148.0,0
6.0,7138.0,182.0,134.0,5.0,1145.0,110.0,0
12.0,4746.0,197.0,195.0,7.0,445.0,59.0,0
1.0,1418.0,243.0,80.0,6.0,450.0,175.0,0
1.0,202.0,154.0,183.0,3.0,430.0,285.0,0
6.0,5563.0,190.0,16.0,5.0,1025.0,81.0,0
5.0,2101.0,16.0,280.0,3.0,1193.0,252.0,1
5.0,95.0,148.0,261.0,5.0,960.0,330.0,1
5.0,2069.0,234.0,16.0,6.0,415.0,125.0,0
15.0,3243.0,213.0,141.0,3.0,460.0,160.0,0
10.0,4358.0,139.0,208.0,7.0,965.0,70.0,1
6.0,5129.0,35.0,78.0,3.0,455.0,108.0,0
10.0,4597.0,233.0,159.0,3.0,870.0,90.0,0
15.0,2264.0,45.0,182.0,1.0,575.0,75.0,1
15.0,1540.0,217.0,2.0,3.0,1225.0,65.0,1
8.0,26.0,16.0,175.0,4.0,740.0,114.0,0
15.0,1756.0,75.0,129.0,6.0,720.0,60.0,0
14.0,733.0,60.0,173.0,3.0,1095.0,100.0,1
5.0,1223.0,16.0,241.0,3.0,510.0,110.0,0
6.0,5007.0,47.0,16.0,3.0,525.0,85.0,0
16.0,2809.0,135.0,68.0,5.0,940.0,59.0,0
5.0,2976.0,16.0,148.0,1.0,645.0,137.0,0
15.0,719.0,198.0,75.0,4.0,1245.0,85.0,1
2.0,662.0,252.0,80.0,5.0,730.0,227.0,0
12.0,6668.0,137.0,79.0,3.0,460.0,102.0,0
15.0,3338.0,258.0,252.0,1.0,420.0,130.0,1
15.0,791.0,217.0,154.0,3.0,1090.0,85.0,1
17.0,7260.0,134.0,16.0,3.0,1327.0,109.0,0
3.0,1187.0,35.0,267.0,3.0,700.0,201.0,0
1.0,2160.0,183.0,16.0,3.0,1295.0,120.0,1
15.0,1722.0,198.0,129.0,6.0,1080.0,75.0,0
15.0,1697.0,79.0,277.0,7.0,630.0,210.0,0
15.0,1574.0,153.0,45.0,7.0,1005.0,270.0,1
14.0,732.0,173.0,60.0,1.0,930.0,98.0,1
5.0,2042.0,16.0,96.0,7.0,1145.0,145.0,0
15.0,1866.0,197.0,175.0,3.0,1010.0,90.0,1
15.0,1992.0,244.0,217.0,7.0,515.0,150.0,1
15.0,1842.0,154.0,253.0,3.0,1300.0,75.0,1
6.0,5216.0,78.0,268.0,6.0,1079.0,146.0,1
5.0,110.0,16.0,154.0,1.0,450.0,302.0,0
16.0,2245.0,96.0,204.0,5.0,1140.0,239.0,1
10.0,3944.0,148.0,45.0,3.0,1049.0,76.0,0
14.0,1550.0,60.0,233.0,6.0,1360.0,54.0,0
0.0,3794.0,197.0,166.0,6.0,1025.0,52.0,0
15.0,870.0,2.0,75.0,1.0,395.0,100.0,0
11.0,6599.0,268.0,71.0,3.0,960.0,72.0,0
13.0,424.0,277.0,134.0,1.0,540.0,135.0,0
15.0,1163.0,253.0,264.0,1.0,410.0,85.0,0
17.0,1007.0,128.0,150.0,7.0,1170.0,40.0,0
14.0,652.0,139.0,217.0,4.0,360.0,235.0,0
15.0,553.0,243.0,175.0,1.0,595.0,235.0,1
10.0,3652.0,251.0,183.0,6.0,890.0,155.0,1
11.0,6556.0,71.0,198.0,4.0,905.0,135.0,0
1.0,1394.0,80.0,104.0,7.0,540.0,155.0,0
15.0,2053.0,153.0,18.0,5.0,1155.0,155.0,0
5.0,2994.0,16.0,216.0,5.0,1147.0,129.0,1
15.0,3412.0,175.0,173.0,5.0,420.0,160.0,0
8.0,1745.0,173.0,221.0,7.0,1005.0,130.0,0
15.0,3320.0,153.0,198.0,1.0,685.0,200.0,1
8.0,603.0,45.0,241.0,4.0,916.0,157.0,0
1.0,851.0,279.0,208.0,1.0,390.0,120.0,0
1.0,1951.0,27.0,80.0,5.0,1045.0,130.0,0
5.0,1509.0,197.0,79.0,7.0,555.0,125.0,0
15.0,1846.0,79.0,33.0,4.0,1140.0,150.0,1
12.0,6319.0,134.0,221.0,3.0,900.0,60.0,0
14.0,587.0,217.0,111.0,5.0,1260.0,167.0,0
15.0,10.0,129.0,75.0,4.0,510.0,55.0,0
11.0,6277.0,78.0,61.0,4.0,897.0,98.0,0
5.0,2120.0,85.0,96.0,7.0,610.0,108.0,0
17.0,7244.0,208.0,229.0,3.0,825.0,127.0,0
1.0,1540.0,280.0,80.0,5.0,980.0,130.0,1
4.0,1116.0,96.0,35.0,4.0,390.0,72.0,0
8.0,36.0,16.0,175.0,4.0,1110.0,113.0,0
15.0,958.0,258.0,243.0,4.0,510.0,75.0,1
5.0,1790.0,244.0,16.0,6.0,803.0,135.0,0
1.0,1267.0,173.0,183.0,3.0,875.0,65.0,1
5.0,165.0,148.0,154.0,5.0,900.0,394.0,1
6.0,5213.0,52.0,16.0,1.0,1043.0,52.0,1
3.0,14.0,104.0,148.0,4.0,1001.0,175.0,1
15.0,1491.0,236.0,214.0,1.0,1085.0,90.0,1
14.0,1243.0,216.0,277.0,6.0,945.0,168.0,0
1.0,1427.0,277.0,80.0,5.0,1110.0,175.0,0
16.0,2356.0,27.0,135.0,1.0,900.0,112.0,1
12.0,6687.0,194.0,253.0,3.0,702.0,37.0,0
17.0,1028.0,128.0,150.0,6.0,1025.0,40.0,0
16.0,2850.0,68.0,135.0,3.0,951.0,69.0,0
14.0,975.0,60.0,233.0,1.0,875.0,50.0,0
11.0,6280.0,94.0,71.0,1.0,510.0,54.0,0
1.0,327.0,159.0,208.0,1.0,725.0,165.0,1
0.0,3891.0,85.0,238.0,4.0,630.0,80.0,1
11.0,6556.0,198.0,71.0,7.0,1010.0,125.0,1
14.0,1701.0,60.0,78.0,4.0,695.0,76.0,0
13.0,206.0,208.0,173.0,4.0,547.0,166.0,0
17.0,2894.0,217.0,83.0,1.0,596.0,113.0,0
17.0,2667.0,60.0,244.0,7.0,595.0,201.0,0
0.0,4058.0,152.0,85.0,3.0,360.0,50.0,0
13.0,137.0,134.0,154.0,4.0,1130.0,350.0,0
14.0,1243.0,216.0,277.0,7.0,945.0,162.0,0
1.0,1636.0,91.0,80.0,6.0,570.0,105.0,0
15.0,794.0,45.0,35.0,1.0,580.0,80.0,1
10.0,4037.0,208.0,221.0,1.0,460.0,85.0,0
10.0,4120.0,208.0,285.0,4.0,1185.0,95.0,0
4.0,1883.0,269.0,96.0,7.0,820.0,268.0,1
15.0,2947.0,147.0,277.0,6.0,535.0,55.0,1
14.0,1564.0,104.0,216.0,4.0,985.0,162.0,0
15.0,1147.0,258.0,214.0,4.0,480.0,110.0,0
12.0,6968.0,34.0,79.0,3.0,606.0,108.0,1
8.0,9.0,173.0,260.0,5.0,695.0,159.0,1
14.0,86.0,217.0,214.0,4.0,525.0,172.0,0
12.0,6941.0,195.0,208.0,3.0,821.0,56.0,0
16.0,5958.0,117.0,208.0,3.0,360.0,60.0,0
16.0,2245.0,96.0,204.0,7.0,1140.0,239.0,0
15.0,1134.0,139.0,175.0,5.0,670.0,60.0,1
6.0,7370.0,177.0,190.0,4.0,875.0,77.0,0
15.0,2093.0,147.0,45.0,6.0,620.0,110.0,0
10.0,4675.0,78.0,233.0,5.0,525.0,65.0,0
13.0,14.0,253.0,148.0,4.0,970.0,331.0,0
9.0,295.0,203.0,128.0,7.0,825.0,34.0,1
5.0,348.0,16.0,209.0,1.0,900.0,101.0,1
5.0,2072.0,16.0,197.0,4.0,960.0,166.0,1
12.0,6461.0,292.0,140.0,3.0,1410.0,27.0,0
15.0,860.0,213.0,45.0,5.0,575.0,140.0,1
10.0,4473.0,159.0,35.0,1.0,1050.0,65.0,0
5.0,2400.0,16.0,35.0,1.0,1070.0,152.0,0
6.0,5055.0,16.0,53.0,3.0,1233.0,91.0,1
15.0,1628.0,75.0,129.0,4.0,375.0,60.0,0
15.0,2397.0,75.0,18.0,4.0,805.0,50.0,1
16.0,5988.0,208.0,58.0,4.0,455.0,71.0,0
5.0,1489.0,184.0,16.0,7.0,740.0,125.0,1
14.0,1226.0,96.0,60.0,5.0,495.0,125.0,0
13.0,648.0,2.0,79.0,4.0,465.0,88.0,0
12.0,4658.0,261.0,40.0,5.0,675.0,81.0,1
16.0,2940.0,96.0,85.0,1.0,520.0,137.0,1
14.0,1899.0,60.0,244.0,4.0,1085.0,192.0,0
4.0,86.0,96.0,58.0,3.0,1215.0,98.0,1
5.0,2458.0,213.0,159.0,1.0,445.0,169.0,0
11.0,6672.0,177.0,268.0,7.0,860.0,73.0,0
5.0,2397.0,71.0,183.0,7.0,560.0,170.0,0
6.0,5068.0,16.0,138.0,7.0,725.0,76.0,0
1.0,637.0,183.0,198.0,6.0,965.0,130.0,1
4.0,732.0,135.0,159.0,6.0,1135.0,188.0,1
6.0,5522.0,16.0,27.0,7.0,630.0,56.0,0
2.0,522.0,252.0,44.0,7.0,470.0,145.0,0
16.0,2753.0,96.0,162.0,4.0,1160.0,200.0,0
10.0,3247.0,80.0,162.0,5.0,1050.0,70.0,1
4.0,447.0,208.0,135.0,4.0,645.0,165.0,1
14.0,302.0,217.0,60.0,1.0,570.0,230.0,0
10.0,2883.0,80.0,129.0,4.0,1080.0,70.0,1
10.0,3331.0,80.0,120.0,3.0,505.0,145.0,0
4.0,1092.0,135.0,61.0,1.0,800.0,149.0,0
1.0,1747.0,80.0,258.0,1.0,1045.0,230.0,0
8.0,264.0,78.0,184.0,7.0,820.0,125.0,0
10.0,3704.0,91.0,208.0,4.0,400.0,175.0,0
15.0,2803.0,175.0,154.0,5.0,705.0,270.0,1
10.0,3027.0,154.0,194.0,5.0,1200.0,65.0,0
14.0,77.0,217.0,252.0,4.0,1270.0,187.0,0
10.0,4338.0,85.0,208.0,4.0,1110.0,90.0,0
12.0,4474.0,192.0,197.0,6.0,410.0,82.0,1
13.0,528.0,197.0,208.0,4.0,416.0,84.0,0
13.0,675.0,208.0,79.0,3.0,527.0,170.0,0
1.0,443.0,183.0,198.0,7.0,1360.0,125.0,0
10.0,2970.0,10.0,80.0,5.0,430.0,80.0,0
11.0,6343.0,251.0,85.0,4.0,760.0,94.0,1
0.0,3949.0,85.0,187.0,6.0,540.0,94.0,0
15.0,541.0,154.0,258.0,7.0,1030.0,65.0,1
5.0,2985.0,184.0,197.0,7.0,727.0,85.0,0
14.0,1810.0,241.0,60.0,7.0,900.0,112.0,0
15.0,641.0,153.0,221.0,1.0,570.0,260.0,1
15.0,6.0,129.0,75.0,7.0,450.0,55.0,0
8.0,376.0,277.0,184.0,5.0,1096.0,169.0,0
3.0,688.0,78.0,35.0,1.0,1080.0,83.0,0
10.0,2796.0,119.0,80.0,1.0,350.0,175.0,0
5.0,314.0,183.0,16.0,3.0,678.0,117.0,0
5.0,1399.0,35.0,159.0,4.0,1170.0,73.0,1
1.0,2442.0,154.0,80.0,4.0,705.0,190.0,0
5.0,671.0,85.0,241.0,1.0,605.0,173.0,1
16.0,2351.0,233.0,135.0,3.0,895.0,179.0,1
5.0,2383.0,16.0,147.0,5.0,725.0,71.0,0
4.0,1766.0,252.0,135.0,4.0,695.0,248.0,0
15.0,3420.0,153.0,258.0,3.0,500.0,85.0,1
8.0,930.0,16.0,147.0,3.0,535.0,68.0,1
1.0,322.0,80.0,27.0,7.0,1200.0,90.0,0
12.0,4683.0,93.0,261.0,3.0,780.0,107.0,0
13.0,492.0,253.0,268.0,1.0,775.0,226.0,0
5.0,1573.0,159.0,177.0,3.0,655.0,181.0,0
14.0,1610.0,60.0,233.0,5.0,978.0,52.0,0
12.0,6835.0,262.0,154.0,3.0,642.0,83.0,0
15.0,1618.0,18.0,75.0,4.0,765.0,55.0,0
14.0,192.0,217.0,243.0,5.0,1270.0,73.0,0
5.0,175.0,16.0,173.0,3.0,1365.0,84.0,1
14.0,1882.0,172.0,60.0,3.0,1106.0,130.0,1
14.0,544.0,217.0,80.0,7.0,810.0,135.0,0
15.0,142.0,22.0,45.0,1.0,1030.0,80.0,1
8.0,55.0,16.0,154.0,7.0,540.0,315.0,1
15.0,517.0,217.0,202.0,5.0,1050.0,125.0,1
10.0,4279.0,208.0,119.0,4.0,1065.0,55.0,0
1.0,102.0,128.0,80.0,4.0,1205.0,430.0,0
0.0,4218.0,251.0,197.0,7.0,1145.0,131.0,1
15.0,1174.0,18.0,129.0,1.0,800.0,45.0,1
12.0,6377.0,67.0,79.0,4.0,770.0,55.0,0
14.0,652.0,217.0,264.0,4.0,525.0,81.0,0
0.0,4295.0,148.0,167.0,3.0,750.0,110.0,1
1.0,2368.0,80.0,208.0,3.0,1090.0,140.0,0
6.0,5370.0,78.0,22.0,7.0,1320.0,78.0,0
4.0,192.0,96.0,173.0,5.0,550.0,170.0,1
16.0,2116.0,135.0,65.0,5.0,1112.0,141.0,1
12.0,4850.0,261.0,135.0,3.0,1030.0,180.0,1
14.0,1866.0,60.0,234.0,5.0,1075.0,62.0,0
5.0,1583.0,241.0,71.0,6.0,365.0,141.0,0
17.0,1019.0,203.0,128.0,3.0,1135.0,32.0,0
6.0,5609.0,177.0,205.0,3.0,830.0,107.0,0
6.0,5418.0,11.0,16.0,7.0,1077.0,68.0,0
12.0,6526.0,217.0,154.0,1.0,698.0,87.0,0
16.0,5951.0,48.0,208.0,4.0,345.0,95.0,0
9.0,17.0,153.0,128.0,4.0,100.0,380.0,1
12.0,6379.0,248.0,154.0,4.0,557.0,62.0,0
12.0,4575.0,204.0,261.0,1.0,390.0,142.0,1
15.0,740.0,264.0,153.0,7.0,700.0,65.0,1
16.0,2158.0,61.0,96.0,4.0,530.0,90.0,1
2.0,143.0,214.0,14.0,6.0,1330.0,242.0,0
10.0,4414.0,233.0,148.0,6.0,370.0,95.0,0
15.0,1121.0,61.0,153.0,3.0,905.0,285.0,1
5.0,2987.0,173.0,261.0,1.0,1075.0,300.0,0
1.0,1290.0,270.0,183.0,7.0,1050.0,185.0,0
0.0,3971.0,16.0,136.0,7.0,915.0,148.0,0
12.0,6934.0,207.0,253.0,7.0,1130.0,85.0,0
12.0,4838.0,261.0,99.0,6.0,829.0,134.0,0
5.0,1751.0,197.0,153.0,5.0,540.0,213.0,1
11.0,6603.0,197.0,204.0,7.0,855.0,134.0,1
5.0,2772.0,177.0,197.0,3.0,1120.0,131.0,1
5.0,1119.0,16.0,234.0,4.0,1000.0,94.0,0
14.0,660.0,217.0,264.0,1.0,1070.0,77.0,0
10.0,2849.0,80.0,242.0,6.0,885.0,110.0,0
15.0,618.0,33.0,154.0,7.0,635.0,290.0,0
13.0,133.0,153.0,79.0,3.0,593.0,117.0,0
15.0,867.0,170.0,75.0,7.0,1120.0,65.0,0
15.0,2600.0,209.0,33.0,6.0,720.0,125.0,1
16.0,2637.0,75.0,135.0,7.0,1019.0,69.0,0
13.0,188.0,208.0,277.0,3.0,840.0,163.0,1
5.0,1216.0,261.0,35.0,7.0,1030.0,275.0,1
6.0,4989.0,71.0,79.0,7.0,1235.0,186.0,1
2.0,618.0,252.0,153.0,3.0,945.0,146.0,0
12.0,6618.0,248.0,253.0,3.0,1034.0,61.0,0
11.0,6333.0,85.0,71.0,5.0,1052.0,78.0,0
5.0,1084.0,14.0,197.0,1.0,360.0,326.0,0
13.0,139.0,154.0,198.0,3.0,1113.0,222.0,0
8.0,268.0,78.0,184.0,4.0,1079.0,131.0,0
9.0,185.0,203.0,128.0,4.0,675.0,34.0,0
6.0,5275.0,101.0,16.0,7.0,360.0,86.0,0
0.0,3725.0,85.0,43.0,1.0,460.0,77.0,0
5.0,1089.0,261.0,262.0,5.0,1305.0,104.0,1
10.0,4309.0,273.0,208.0,7.0,810.0,130.0,1
0.0,3719.0,195.0,85.0,5.0,830.0,88.0,0
5.0,1447.0,159.0,16.0,1.0,360.0,167.0,0
1.0,1158.0,243.0,80.0,3.0,650.0,170.0,1
4.0,461.0,217.0,135.0,1.0,675.0,154.0,0
8.0,429.0,223.0,16.0,3.0,360.0,69.0,0
15.0,102.0,2.0,129.0,3.0,1165.0,115.0,1
5.0,2104.0,154.0,261.0,1.0,1083.0,108.0,1
15.0,861.0,154.0,202.0,3.0,1225.0,70.0,1
5.0,2045.0,78.0,85.0,5.0,1035.0,103.0,1
4.0,296.0,153.0,135.0,6.0,585.0,178.0,1
1.0,2416.0,154.0,80.0,6.0,440.0,180.0,0
5.0,1152.0,128.0,253.0,6.0,1405.0,311.0,0
2.0,16.0,252.0,183.0,4.0,1345.0,330.0,0
1.0,354.0,208.0,159.0,7.0,1055.0,125.0,1
10.0,4648.0,233.0,159.0,1.0,1040.0,100.0,1
11.0,6740.0,78.0,147.0,4.0,779.0,126.0,1
8.0,696.0,16.0,267.0,7.0,610.0,90.0,0
13.0,728.0,208.0,35.0,3.0,793.0,136.0,1
14.0,2191.0,159.0,78.0,5.0,1260.0,74.0,0
16.0,2726.0,16.0,96.0,5.0,480.0,123.0,0
6.0,5154.0,16.0,278.0,6.0,1308.0,64.0,0
6.0,5115.0,58.0,16.0,1.0,465.0,127.0,1
6.0,5043.0,130.0,16.0,3.0,769.0,156.0,0
8.0,1625.0,216.0,173.0,1.0,500.0,169.0,0
14.0,204.0,154.0,153.0,7.0,450.0,63.0,0
13.0,702.0,35.0,208.0,5.0,795.0,169.0,1
12.0,6355.0,154.0,246.0,7.0,976.0,39.0,1
12.0,6991.0,27.0,208.0,4.0,364.0,132.0,0
1.0,821.0,148.0,104.0,6.0,935.0,205.0,0
10.0,4099.0,208.0,20.0,3.0,630.0,110.0,0
1.0,2066.0,80.0,244.0,5.0,1190.0,65.0,1
15.0,2087.0,216.0,147.0,6.0,1110.0,145.0,0
1.0,1502.0,208.0,277.0,5.0,685.0,155.0,1
15.0,878.0,175.0,244.0,5.0,1090.0,185.0,1
17.0,2654.0,60.0,221.0,6.0,590.0,94.0,0
1.0,1039.0,16.0,183.0,1.0,785.0,105.0,0
10.0,4464.0,159.0,35.0,1.0,385.0,65.0,0
10.0,4689.0,159.0,58.0,4.0,875.0,110.0,1
5.0,1482.0,145.0,261.0,3.0,795.0,63.0,0
15.0,102.0,243.0,2.0,7.0,985.0,100.0,1
9.0,314.0,161.0,128.0,6.0,1116.0,30.0,0
16.0,2507.0,251.0,135.0,1.0,518.0,152.0,0
12.0,6262.0,157.0,208.0,6.0,1129.0,89.0,1
8.0,520.0,277.0,45.0,5.0,673.0,130.0,0
3.0,87.0,148.0,261.0,6.0,1230.0,326.0,0
1.0,2037.0,33.0,183.0,6.0,360.0,135.0,0
15.0,928.0,61.0,153.0,3.0,480.0,280.0,1
16.0,5971.0,58.0,208.0,1.0,630.0,87.0,0
1.0,510.0,217.0,208.0,3.0,860.0,210.0,0
14.0,500.0,154.0,217.0,7.0,975.0,81.0,0
11.0,6273.0,78.0,61.0,4.0,1250.0,89.0,0
5.0,2138.0,16.0,78.0,1.0,860.0,96.0,1
15.0,1057.0,79.0,129.0,5.0,1015.0,140.0,0
17.0,2627.0,85.0,60.0,1.0,1025.0,113.0,0
5.0,2725.0,197.0,261.0,3.0,865.0,169.0,0
12.0,4778.0,252.0,261.0,5.0,1005.0,113.0,1
15.0,1170.0,202.0,217.0,5.0,400.0,115.0,0
15.0,1976.0,139.0,172.0,7.0,975.0,100.0,1
15.0,3939.0,153.0,13.0,6.0,530.0,125.0,1
1.0,28.0,128.0,253.0,7.0,825.0,300.0,0
13.0,745.0,159.0,79.0,5.0,888.0,276.0,0
11.0,6401.0,71.0,177.0,5.0,455.0,103.0,0
14.0,2042.0,78.0,35.0,5.0,1050.0,92.0,0
11.0,6274.0,139.0,197.0,6.0,575.0,123.0,0
2.0,524.0,252.0,44.0,7.0,1167.0,147.0,0
9.0,543.0,203.0,128.0,5.0,1031.0,34.0,0
12.0,6577.0,79.0,65.0,3.0,1145.0,35.0,0
1.0,1465.0,208.0,241.0,5.0,665.0,170.0,0
3.0,521.0,96.0,173.0,6.0,420.0,170.0,0
15.0,636.0,45.0,141.0,3.0,480.0,65.0,1
14.0,798.0,173.0,216.0,6.0,1020.0,148.0,0
14.0,1510.0,60.0,216.0,3.0,450.0,97.0,0
5.0,2848.0,104.0,22.0,6.0,725.0,178.0,0
13.0,662.0,253.0,197.0,4.0,636.0,228.0,0
5.0,1219.0,85.0,197.0,5.0,575.0,130.0,0
15.0,1363.0,153.0,262.0,7.0,1265.0,90.0,1
13.0,345.0,216.0,208.0,7.0,441.0,142.0,0
12.0,6655.0,86.0,208.0,5.0,1003.0,68.0,0
16.0,2881.0,135.0,33.0,1.0,765.0,108.0,0
6.0,4980.0,16.0,285.0,4.0,1370.0,50.0,0
15.0,781.0,262.0,207.0,3.0,495.0,75.0,0
16.0,5923.0,208.0,164.0,5.0,1205.0,99.0,0
4.0,187.0,173.0,135.0,6.0,535.0,150.0,1
12.0,6917.0,6.0,262.0,6.0,330.0,65.0,0
1.0,1467.0,198.0,80.0,4.0,400.0,100.0,0
4.0,355.0,213.0,96.0,1.0,1010.0,168.0,0
5.0,1066.0,177.0,208.0,5.0,860.0,110.0,0
4.0,1594.0,154.0,135.0,3.0,560.0,197.0,1
15.0,1377.0,173.0,184.0,6.0,510.0,175.0,0
15.0,1461.0,79.0,153.0,5.0,365.0,120.0,0
8.0,1485.0,85.0,173.0,4.0,839.0,156.0,0
10.0,3739.0,208.0,96.0,6.0,680.0,130.0,1
12.0,6256.0,208.0,58.0,1.0,966.0,76.0,1
15.0,119.0,139.0,175.0,7.0,435.0,60.0,0
12.0,6942.0,79.0,65.0,3.0,676.0,38.0,0
15.0,1431.0,27.0,277.0,6.0,465.0,85.0,0
5.0,2787.0,99.0,197.0,4.0,420.0,81.0,0
2.0,19.0,173.0,252.0,3.0,1095.0,384.0,0
5.0,2490.0,197.0,16.0,4.0,785.0,153.0,0
14.0,2032.0,78.0,35.0,6.0,750.0,84.0,0
9.0,261.0,143.0,128.0,7.0,1040.0,49.0,0
14.0,1735.0,228.0,60.0,4.0,775.0,140.0,0
1.0,379.0,80.0,264.0,6.0,1100.0,195.0,1
8.0,1141.0,104.0,0.0,1.0,480.0,173.0,0
3.0,372.0,104.0,159.0,7.0,585.0,165.0,0
13.0,708.0,253.0,217.0,5.0,635.0,120.0,1
15.0,1419.0,153.0,217.0,3.0,1115.0,65.0,1
7.0,580.0,261.0,79.0,7.0,1025.0,85.0,0
10.0,3363.0,80.0,165.0,4.0,1245.0,85.0,0
13.0,249.0,134.0,208.0,3.0,1033.0,139.0,0
1.0,455.0,208.0,154.0,5.0,905.0,265.0,1
0.0,3893.0,109.0,16.0,5.0,360.0,115.0,0
8.0,804.0,35.0,45.0,5.0,1170.0,90.0,0
9.0,525.0,203.0,128.0,1.0,645.0,34.0,1
17.0,2876.0,246.0,217.0,7.0,760.0,89.0,0
15.0,777.0,129.0,243.0,5.0,1095.0,210.0,1
4.0,128.0,135.0,198.0,4.0,450.0,68.0,0
10.0,3303.0,80.0,187.0,5.0,1115.0,115.0,0
5.0,1295.0,16.0,186.0,6.0,890.0,93.0,0
8.0,22.0,16.0,175.0,7.0,615.0,116.0,0
10.0,2978.0,146.0,80.0,3.0,750.0,90.0,1
15.0,2104.0,12.0,104.0,6.0,755.0,205.0,0
8.0,19.0,260.0,45.0,6.0,1065.0,255.0,0
5.0,2583.0,16.0,261.0,3.0,500.0,265.0,0
1.0,1274.0,264.0,80.0,1.0,890.0,175.0,0
5.0,724.0,264.0,16.0,4.0,660.0,254.0,0
15.0,3496.0,217.0,202.0,1.0,590.0,125.0,0
15.0,2677.0,139.0,79.0,7.0,515.0,185.0,0
12.0,6749.0,230.0,79.0,6.0,364.0,76.0,0
10.0,4240.0,265.0,208.0,4.0,410.0,65.0,0
9.0,181.0,143.0,128.0,7.0,771.0,49.0,0
14.0,1125.0,22.0,60.0,6.0,375.0,140.0,0
15.0,2751.0,153.0,44.0,6.0,1065.0,65.0,0
15.0,738.0,79.0,252.0,3.0,1230.0,190.0,1
14.0,484.0,79.0,216.0,3.0,425.0,210.0,1
12.0,4691.0,197.0,61.0,3.0,935.0,108.0,0
12.0,4543.0,34.0,261.0,5.0,1050.0,73.0,0
8.0,1203.0,175.0,241.0,3.0,810.0,164.0,1
10.0,3608.0,16.0,183.0,7.0,1000.0,120.0,0
15.0,3753.0,253.0,153.0,3.0,1265.0,80.0,0
12.0,4561.0,261.0,258.0,7.0,905.0,114.0,0
4.0,235.0,243.0,135.0,7.0,1015.0,178.0,1
2.0,371.0,262.0,252.0,7.0,420.0,112.0,0
12.0,6299.0,185.0,208.0,4.0,360.0,53.0,0
14.0,959.0,60.0,104.0,7.0,1329.0,115.0,0
16.0,2409.0,58.0,172.0,1.0,1092.0,124.0,0
4.0,1455.0,213.0,96.0,5.0,437.0,163.0,0
8.0,869.0,16.0,197.0,3.0,1265.0,157.0,0
1.0,893.0,60.0,80.0,1.0,460.0,165.0,0
11.0,6762.0,204.0,197.0,3.0,435.0,129.0,0
10.0,3360.0,68.0,80.0,7.0,995.0,80.0,1
11.0,6385.0,159.0,71.0,4.0,780.0,143.0,0
15.0,282.0,91.0,75.0,3.0,1190.0,85.0,0
6.0,5521.0,285.0,16.0,3.0,697.0,63.0,1
14.0,1670.0,60.0,228.0,3.0,975.0,110.0,0
13.0,858.0,253.0,154.0,6.0,635.0,95.0,0
5.0,571.0,16.0,269.0,7.0,600.0,226.0,0
12.0,3049.0,184.0,221.0,1.0,695.0,85.0,1
12.0,6866.0,208.0,16.0,1.0,990.0,115.0,1
16.0,5935.0,208.0,117.0,5.0,481.0,48.0,1
5.0,2808.0,104.0,71.0,3.0,935.0,158.0,0
5.0,1703.0,16.0,153.0,5.0,1050.0,274.0,0
2.0,600.0,252.0,153.0,1.0,360.0,143.0,0
17.0,2628.0,60.0,85.0,1.0,880.0,110.0,0
15.0,2906.0,104.0,173.0,3.0,550.0,55.0,0
10.0,3649.0,183.0,71.0,1.0,680.0,160.0,0
5.0,2683.0,78.0,183.0,1.0,419.0,159.0,1
14.0,480.0,85.0,217.0,1.0,1060.0,267.0,1
4.0,1146.0,96.0,16.0,1.0,965.0,164.0,0
1.0,475.0,96.0,208.0,7.0,445.0,175.0,0
5.0,1439.0,78.0,16.0,5.0,780.0,122.0,0
15.0,673.0,75.0,244.0,4.0,365.0,65.0,0
1.0,1616.0,80.0,18.0,5.0,1020.0,55.0,1
5.0,1121.0,261.0,85.0,5.0,670.0,210.0,1
15.0,964.0,252.0,175.0,4.0,445.0,240.0,1
15.0,1910.0,75.0,268.0,6.0,1060.0,100.0,1
16.0,2867.0,204.0,135.0,5.0,1125.0,82.0,0
15.0,1557.0,217.0,258.0,4.0,785.0,115.0,0
1.0,1433.0,22.0,183.0,7.0,380.0,205.0,1
1.0,1044.0,183.0,233.0,7.0,635.0,120.0,1
15.0,1766.0,217.0,261.0,3.0,405.0,100.0,0
15.0,1635.0,104.0,45.0,6.0,660.0,150.0,0
2.0,327.0,258.0,252.0,3.0,945.0,123.0,0
10.0,3601.0,183.0,54.0,3.0,780.0,100.0,1
14.0,1631.0,60.0,277.0,4.0,569.0,102.0,0
15.0,1814.0,173.0,182.0,5.0,1160.0,165.0,1
17.0,7259.0,228.0,208.0,3.0,748.0,167.0,1
13.0,535.0,16.0,208.0,3.0,680.0,133.0,1
15.0,414.0,153.0,262.0,3.0,1065.0,90.0,1
1.0,1789.0,136.0,80.0,6.0,400.0,85.0,0
12.0,6450.0,6.0,253.0,5.0,1030.0,74.0,0
15.0,1577.0,129.0,217.0,1.0,435.0,180.0,0
6.0,4949.0,146.0,16.0,4.0,677.0,85.0,0
5.0,1873.0,85.0,177.0,4.0,925.0,126.0,1
17.0,2889.0,153.0,217.0,6.0,880.0,72.0,0
5.0,1210.0,261.0,35.0,5.0,600.0,274.0,0
5.0,2008.0,79.0,197.0,4.0,1070.0,117.0,1
12.0,4480.0,112.0,197.0,6.0,405.0,80.0,0
16.0,5992.0,117.0,208.0,5.0,360.0,60.0,0
5.0,2903.0,71.0,173.0,6.0,670.0,130.0,0
3.0,398.0,173.0,159.0,1.0,910.0,148.0,1
16.0,3019.0,216.0,58.0,4.0,1095.0,100.0,0
3.0,735.0,148.0,37.0,1.0,355.0,215.0,0
1.0,1154.0,80.0,136.0,1.0,765.0,75.0,0
15.0,2466.0,214.0,202.0,1.0,910.0,100.0,1
15.0,282.0,253.0,154.0,3.0,890.0,75.0,0
3.0,461.0,35.0,241.0,4.0,795.0,212.0,1
13.0,687.0,159.0,208.0,4.0,961.0,165.0,0
13.0,101.0,208.0,154.0,7.0,427.0,274.0,0
4.0,1069.0,153.0,96.0,3.0,900.0,292.0,1
14.0,1656.0,43.0,60.0,4.0,385.0,116.0,0
10.0,3375.0,80.0,108.0,3.0,1020.0,60.0,0
10.0,2805.0,239.0,80.0,5.0,635.0,85.0,0
15.0,324.0,172.0,175.0,3.0,795.0,80.0,1
5.0,2603.0,85.0,104.0,4.0,1195.0,184.0,0
13.0,243.0,79.0,153.0,4.0,490.0,123.0,0
2.0,634.0,214.0,217.0,5.0,400.0,158.0,0
14.0,1256.0,147.0,78.0,7.0,870.0,100.0,0
8.0,373.0,159.0,16.0,4.0,528.0,162.0,0
15.0,3773.0,45.0,35.0,3.0,1235.0,80.0,1
15.0,494.0,129.0,217.0,7.0,795.0,175.0,1
12.0,4794.0,207.0,261.0,5.0,365.0,104.0,0
10.0,3531.0,80.0,58.0,5.0,1125.0,145.0,1
14.0,660.0,217.0,264.0,5.0,1070.0,77.0,0
14.0,2046.0,78.0,35.0,7.0,1170.0,86.0,0
15.0,1093.0,43.0,45.0,1.0,385.0,90.0,0
1.0,717.0,159.0,80.0,3.0,485.0,250.0,0
15.0,1945.0,27.0,175.0,5.0,955.0,110.0,1
13.0,37.0,173.0,253.0,6.0,399.0,369.0,0
4.0,1423.0,135.0,198.0,5.0,1270.0,65.0,1
12.0,6826.0,253.0,207.0,3.0,484.0,74.0,0
2.0,691.0,111.0,252.0,1.0,825.0,62.0,0
15.0,2871.0,75.0,2.0,4.0,1070.0,115.0,1
16.0,3083.0,135.0,184.0,3.0,445.0,153.0,1
10.0,2832.0,223.0,80.0,3.0,945.0,125.0,1
5.0,2192.0,277.0,85.0,1.0,510.0,158.0,0
8.0,226.0,184.0,153.0,4.0,1060.0,250.0,0
14.0,996.0,60.0,221.0,5.0,590.0,87.0,0
0.0,3727.0,177.0,27.0,3.0,575.0,62.0,0
15.0,2206.0,262.0,217.0,7.0,1000.0,110.0,1
5.0,1105.0,261.0,128.0,5.0,700.0,428.0,1
1.0,2103.0,134.0,183.0,1.0,360.0,160.0,0
6.0,7309.0,16.0,52.0,4.0,735.0,47.0,0
10.0,4149.0,208.0,285.0,7.0,570.0,95.0,1
15.0,682.0,79.0,217.0,1.0,475.0,125.0,1
3.0,670.0,154.0,148.0,6.0,450.0,309.0,0
15.0,1100.0,175.0,198.0,7.0,1100.0,140.0,1
4.0,1836.0,135.0,216.0,7.0,750.0,194.0,1
16.0,2649.0,280.0,135.0,7.0,485.0,132.0,0
16.0,2908.0,135.0,13.0,5.0,564.0,99.0,0
17.0,2719.0,18.0,217.0,1.0,505.0,167.0,0
1.0,889.0,208.0,154.0,3.0,1115.0,270.0,1
11.0,6586.0,85.0,17.0,7.0,1045.0,88.0,0
14.0,231.0,34.0,217.0,7.0,420.0,126.0,1
8.0,706.0,76.0,16.0,7.0,1127.0,93.0,1
12.0,4672.0,44.0,261.0,3.0,430.0,114.0,0
6.0,5432.0,162.0,177.0,4.0,1035.0,55.0,0
0.0,4387.0,66.0,177.0,4.0,990.0,75.0,0
0.0,4289.0,112.0,197.0,7.0,655.0,80.0,1
15.0,821.0,153.0,104.0,5.0,575.0,275.0,1
5.0,2363.0,148.0,154.0,7.0,1020.0,394.0,0
0.0,3700.0,54.0,159.0,5.0,1120.0,140.0,0
15.0,729.0,202.0,264.0,4.0,635.0,85.0,1
12.0,6975.0,80.0,208.0,1.0,360.0,139.0,0
8.0,228.0,45.0,183.0,6.0,562.0,163.0,0
15.0,272.0,243.0,280.0,3.0,850.0,70.0,0
1.0,1935.0,80.0,18.0,5.0,970.0,60.0,1
6.0,5598.0,16.0,48.0,4.0,1070.0,99.0,0
5.0,576.0,260.0,148.0,7.0,865.0,260.0,0
10.0,2706.0,119.0,80.0,5.0,760.0,170.0,0
5.0,1071.0,184.0,197.0,4.0,400.0,83.0,0
13.0,696.0,208.0,159.0,3.0,1145.0,136.0,1
14.0,407.0,208.0,217.0,4.0,645.0,228.0,0
12.0,6815.0,253.0,51.0,7.0,712.0,93.0,0
5.0,2921.0,197.0,154.0,1.0,555.0,250.0,1
1.0,2418.0,80.0,279.0,3.0,1170.0,60.0,0
15.0,1577.0,217.0,44.0,1.0,590.0,90.0,0
15.0,1548.0,252.0,202.0,3.0,930.0,125.0,1
5.0,2359.0,60.0,16.0,4.0,930.0,88.0,1
5.0,2171.0,85.0,184.0,7.0,1190.0,76.0,0
1.0,1832.0,227.0,208.0,6.0,800.0,245.0,1
14.0,1198.0,213.0,78.0,6.0,720.0,132.0,1
0.0,3671.0,85.0,82.0,4.0,730.0,119.0,0
15.0,3110.0,58.0,175.0,3.0,580.0,80.0,0
6.0,5303.0,16.0,10.0,5.0,1125.0,107.0,0
10.0,4330.0,71.0,208.0,5.0,960.0,80.0,0
2.0,501.0,264.0,252.0,5.0,600.0,168.0,0
12.0,6542.0,83.0,79.0,4.0,696.0,58.0,0
12.0,6264.0,253.0,100.0,4.0,765.0,62.0,1
1.0,2004.0,208.0,183.0,5.0,940.0,185.0,1
5.0,1992.0,277.0,85.0,7.0,835.0,159.0,0
5.0,2253.0,197.0,252.0,7.0,1055.0,223.0,0
12.0,6842.0,134.0,80.0,4.0,1006.0,214.0,0
0.0,4051.0,177.0,135.0,3.0,1160.0,100.0,0
3.0,335.0,134.0,173.0,6.0,530.0,137.0,0
2.0,8.0,252.0,96.0,7.0,550.0,313.0,0
1.0,1415.0,80.0,253.0,6.0,1155.0,235.0,1
9.0,208.0,128.0,150.0,3.0,656.0,43.0,0
10.0,3669.0,183.0,221.0,3.0,1290.0,165.0,0
15.0,102.0,253.0,243.0,3.0,875.0,85.0,0
13.0,415.0,198.0,79.0,4.0,420.0,186.0,0
5.0,1655.0,16.0,154.0,5.0,575.0,305.0,1
5.0,2623.0,197.0,173.0,7.0,785.0,190.0,1
15.0,1664.0,154.0,217.0,7.0,830.0,80.0,1
5.0,1661.0,16.0,213.0,5.0,567.0,121.0,0
15.0,738.0,33.0,175.0,1.0,905.0,90.0,1
13.0,862.0,253.0,79.0,5.0,682.0,152.0,0
11.0,6548.0,148.0,221.0,7.0,885.0,108.0,1
16.0,2087.0,135.0,251.0,6.0,615.0,126.0,0
12.0,6447.0,132.0,79.0,1.0,495.0,197.0,0
16.0,3089.0,60.0,58.0,5.0,850.0,90.0,0
9.0,302.0,128.0,143.0,7.0,806.0,52.0,1
3.0,1410.0,18.0,173.0,4.0,925.0,142.0,1
5.0,2012.0,16.0,245.0,7.0,505.0,72.0,1
1.0,1299.0,183.0,260.0,4.0,1115.0,150.0,0
6.0,5260.0,16.0,53.0,4.0,597.0,100.0,0
5.0,320.0,262.0,16.0,6.0,702.0,265.0,1
4.0,1786.0,18.0,135.0,4.0,495.0,57.0,0
5.0,1112.0,221.0,16.0,6.0,345.0,131.0,1
10.0,3534.0,162.0,80.0,4.0,390.0,80.0,0
3.0,1009.0,35.0,148.0,3.0,885.0,80.0,1
16.0,2866.0,58.0,184.0,5.0,745.0,78.0,0
5.0,2831.0,159.0,85.0,1.0,435.0,125.0,1
5.0,2725.0,35.0,197.0,1.0,686.0,194.0,1
1.0,1760.0,183.0,159.0,1.0,1055.0,180.0,1
10.0,3658.0,120.0,183.0,7.0,430.0,135.0,0
12.0,6402.0,93.0,253.0,4.0,1137.0,87.0,1
15.0,859.0,277.0,175.0,1.0,465.0,165.0,0
4.0,1575.0,96.0,135.0,7.0,1195.0,250.0,0
1.0,1711.0,35.0,183.0,1.0,330.0,210.0,1
1.0,1436.0,135.0,80.0,4.0,550.0,75.0,0
1.0,545.0,80.0,135.0,3.0,1085.0,65.0,0
1.0,546.0,197.0,80.0,7.0,975.0,150.0,1
10.0,4241.0,208.0,233.0,3.0,1185.0,120.0,1
12.0,6696.0,199.0,79.0,7.0,968.0,50.0,1
5.0,2204.0,154.0,261.0,3.0,790.0,114.0,0
12.0,6596.0,179.0,253.0,7.0,928.0,100.0,1
4.0,150.0,135.0,207.0,6.0,895.0,210.0,0
13.0,308.0,208.0,173.0,7.0,1187.0,161.0,0
15.0,981.0,153.0,44.0,7.0,950.0,65.0,1
5.0,2572.0,268.0,85.0,5.0,538.0,92.0,0
5.0,1378.0,159.0,35.0,3.0,630.0,72.0,0
15.0,3116.0,154.0,262.0,6.0,605.0,80.0,1
1.0,1929.0,253.0,154.0,5.0,455.0,90.0,0
13.0,981.0,134.0,135.0,5.0,499.0,206.0,0
5.0,2915.0,16.0,217.0,7.0,520.0,270.0,1
13.0,519.0,253.0,154.0,5.0,1216.0,90.0,1
3.0,670.0,154.0,148.0,7.0,450.0,309.0,0
1.0,1632.0,80.0,205.0,4.0,945.0,105.0,0
15.0,705.0,279.0,79.0,3.0,790.0,110.0,1
7.0,659.0,79.0,253.0,4.0,735.0,157.0,0
16.0,2428.0,155.0,135.0,4.0,975.0,95.0,0
15.0,1940.0,153.0,253.0,6.0,435.0,95.0,0
14.0,1238.0,80.0,60.0,5.0,1059.0,141.0,0
6.0,5213.0,16.0,190.0,4.0,1155.0,85.0,0
15.0,2264.0,33.0,45.0,3.0,390.0,100.0,0
5.0,2563.0,85.0,16.0,4.0,1230.0,128.0,1
15.0,1328.0,207.0,262.0,7.0,1235.0,80.0,1
5.0,2449.0,261.0,202.0,1.0,676.0,121.0,1
10.0,2973.0,80.0,190.0,6.0,1105.0,90.0,1
1.0,504.0,258.0,80.0,4.0,740.0,205.0,0
11.0,6587.0,78.0,119.0,4.0,1160.0,110.0,1
1.0,271.0,183.0,154.0,4.0,640.0,345.0,0
15.0,2579.0,45.0,85.0,6.0,550.0,100.0,1
15.0,395.0,251.0,175.0,6.0,995.0,70.0,1
6.0,5546.0,16.0,121.0,1.0,825.0,58.0,0
5.0,2370.0,159.0,213.0,5.0,1079.0,190.0,0
2.0,503.0,264.0,252.0,1.0,720.0,168.0,0
3.0,178.0,217.0,148.0,7.0,855.0,277.0,0
5.0,2782.0,198.0,177.0,7.0,370.0,83.0,1
15.0,607.0,43.0,175.0,1.0,805.0,110.0,1
14.0,250.0,217.0,216.0,3.0,595.0,278.0,0
17.0,2689.0,138.0,60.0,5.0,965.0,68.0,0
10.0,3766.0,208.0,79.0,5.0,955.0,155.0,1
4.0,1545.0,58.0,135.0,5.0,898.0,187.0,1
14.0,990.0,104.0,60.0,3.0,690.0,117.0,0
16.0,2387.0,120.0,135.0,6.0,860.0,177.0,0
1.0,2236.0,217.0,80.0,6.0,1160.0,130.0,0
0.0,4006.0,177.0,71.0,6.0,895.0,86.0,1
5.0,2602.0,198.0,16.0,3.0,900.0,92.0,0
12.0,6419.0,65.0,79.0,1.0,547.0,49.0,0
16.0,2000.0,135.0,261.0,5.0,685.0,203.0,0
15.0,816.0,45.0,204.0,6.0,705.0,205.0,0
2.0,618.0,252.0,153.0,1.0,945.0,146.0,0
3.0,398.0,173.0,159.0,4.0,910.0,148.0,1
5.0,2589.0,16.0,172.0,7.0,540.0,148.0,1
15.0,431.0,217.0,207.0,7.0,1050.0,70.0,1
0.0,3685.0,148.0,273.0,6.0,1305.0,92.0,1
6.0,5118.0,16.0,33.0,4.0,735.0,67.0,0
15.0,31.0,129.0,131.0,4.0,930.0,60.0,0
5.0,1474.0,173.0,197.0,4.0,455.0,215.0,0
14.0,337.0,153.0,217.0,3.0,590.0,73.0,0
12.0,6226.0,262.0,253.0,3.0,855.0,47.0,0
6.0,4973.0,16.0,288.0,6.0,660.0,76.0,0
1.0,495.0,183.0,80.0,6.0,400.0,195.0,1
1.0,495.0,183.0,80.0,4.0,400.0,195.0,0
0.0,3888.0,177.0,33.0,4.0,855.0,63.0,0
8.0,550.0,16.0,43.0,3.0,915.0,123.0,1
15.0,595.0,258.0,236.0,7.0,520.0,55.0,0
10.0,2724.0,80.0,181.0,7.0,610.0,85.0,0
3.0,129.0,43.0,148.0,3.0,705.0,75.0,1
15.0,2712.0,175.0,252.0,4.0,1145.0,285.0,1
3.0,279.0,153.0,160.0,4.0,500.0,65.0,0
13.0,424.0,134.0,35.0,7.0,741.0,98.0,0
14.0,1098.0,147.0,216.0,7.0,645.0,123.0,0
12.0,6623.0,253.0,179.0,3.0,1213.0,96.0,1
12.0,4675.0,168.0,261.0,5.0,723.0,87.0,0
0.0,4190.0,85.0,27.0,6.0,935.0,120.0,0
14.0,1764.0,147.0,60.0,4.0,935.0,78.0,0
15.0,3242.0,141.0,213.0,4.0,1125.0,180.0,1
5.0,1562.0,177.0,85.0,4.0,600.0,117.0,0
10.0,4526.0,61.0,159.0,5.0,625.0,110.0,0
5.0,2665.0,78.0,173.0,7.0,425.0,151.0,0
15.0,1115.0,45.0,175.0,1.0,465.0,130.0,1
1.0,18.0,253.0,148.0,5.0,1380.0,329.0,0
6.0,7332.0,33.0,16.0,3.0,1095.0,76.0,1
15.0,3590.0,34.0,214.0,6.0,945.0,75.0,1
5.0,2909.0,197.0,268.0,3.0,925.0,96.0,0
8.0,429.0,223.0,16.0,4.0,360.0,69.0,0
15.0,5.0,173.0,228.0,5.0,840.0,155.0,1
8.0,759.0,132.0,173.0,7.0,715.0,113.0,0
15.0,49.0,217.0,2.0,7.0,830.0,65.0,1
0.0,3739.0,197.0,240.0,7.0,1295.0,45.0,0
0.0,3753.0,184.0,177.0,3.0,660.0,115.0,1
15.0,1030.0,251.0,173.0,3.0,990.0,125.0,1
13.0,25.0,148.0,154.0,5.0,1091.0,383.0,1
16.0,3031.0,60.0,135.0,6.0,685.0,174.0,0
1.0,1017.0,80.0,252.0,5.0,1295.0,260.0,0
10.0,4010.0,60.0,208.0,6.0,890.0,135.0,1
0.0,3845.0,20.0,85.0,3.0,360.0,105.0,0
6.0,7103.0,208.0,47.0,3.0,1265.0,109.0,1
12.0,6859.0,79.0,214.0,1.0,906.0,178.0,1
17.0,2851.0,217.0,292.0,7.0,1064.0,71.0,0
5.0,2394.0,16.0,216.0,1.0,1065.0,127.0,1
0.0,3666.0,279.0,197.0,6.0,697.0,123.0,1
6.0,5200.0,177.0,16.0,5.0,1185.0,83.0,1
3.0,777.0,35.0,153.0,5.0,1176.0,361.0,0
13.0,112.0,207.0,79.0,3.0,365.0,139.0,0
1.0,1297.0,183.0,260.0,3.0,625.0,155.0,1
11.0,6512.0,177.0,96.0,1.0,870.0,164.0,1
15.0,925.0,214.0,262.0,1.0,605.0,85.0,1
0.0,4317.0,177.0,155.0,7.0,820.0,120.0,0
12.0,7756.0,49.0,261.0,3.0,1087.0,68.0,1
12.0,6628.0,27.0,79.0,4.0,900.0,190.0,0
13.0,452.0,197.0,79.0,7.0,974.0,131.0,0
5.0,2832.0,264.0,261.0,4.0,989.0,106.0,1
0.0,3921.0,135.0,177.0,7.0,710.0,105.0,0
0.0,3846.0,238.0,85.0,5.0,1158.0,92.0,0
12.0,6246.0,154.0,100.0,5.0,515.0,68.0,1
17.0,2639.0,60.0,162.0,3.0,1350.0,133.0,0
12.0,6347.0,17.0,208.0,3.0,979.0,60.0,0
15.0,908.0,172.0,175.0,3.0,525.0,80.0,0
9.0,376.0,161.0,128.0,7.0,1195.0,30.0,0
6.0,5120.0,71.0,96.0,6.0,1140.0,120.0,1
8.0,149.0,85.0,16.0,4.0,1169.0,124.0,0
15.0,856.0,79.0,253.0,5.0,965.0,165.0,0
4.0,211.0,96.0,135.0,7.0,465.0,236.0,1
5.0,1730.0,16.0,54.0,7.0,725.0,69.0,1
17.0,2614.0,60.0,96.0,6.0,1280.0,100.0,0
6.0,4960.0,35.0,71.0,5.0,773.0,144.0,1
10.0,4336.0,208.0,94.0,5.0,535.0,65.0,0
1.0,2317.0,208.0,80.0,4.0,635.0,155.0,1
12.0,4615.0,197.0,28.0,6.0,700.0,130.0,0
6.0,5514.0,16.0,176.0,6.0,821.0,73.0,0
11.0,6476.0,148.0,197.0,7.0,680.0,200.0,1
15.0,3579.0,243.0,253.0,5.0,1145.0,90.0,0
10.0,3901.0,221.0,208.0,6.0,630.0,95.0,1
8.0,967.0,7.0,16.0,1.0,360.0,125.0,0
1.0,1311.0,16.0,80.0,1.0,795.0,145.0,0
3.0,440.0,173.0,35.0,3.0,1145.0,165.0,1
5.0,2405.0,85.0,184.0,1.0,515.0,75.0,0
12.0,4818.0,261.0,79.0,7.0,585.0,85.0,0
15.0,1118.0,45.0,33.0,3.0,800.0,120.0,1
16.0,2561.0,223.0,135.0,5.0,728.0,100.0,1
16.0,5897.0,208.0,99.0,1.0,920.0,113.0,1
14.0,733.0,60.0,173.0,4.0,1095.0,100.0,1
3.0,1325.0,35.0,45.0,7.0,920.0,88.0,0
16.0,2937.0,177.0,135.0,1.0,1080.0,100.0,0
16.0,2421.0,217.0,135.0,7.0,595.0,150.0,0
6.0,5035.0,16.0,190.0,5.0,1052.0,80.0,0
15.0,917.0,154.0,236.0,4.0,420.0,80.0,0
15.0,1198.0,217.0,243.0,4.0,755.0,70.0,0
7.0,135.0,80.0,79.0,7.0,847.0,120.0,0
1.0,1595.0,80.0,153.0,4.0,1185.0,180.0,1
5.0,1126.0,116.0,16.0,1.0,654.0,78.0,0
0.0,3977.0,58.0,85.0,3.0,625.0,60.0,0
13.0,999.0,260.0,208.0,6.0,952.0,320.0,0
4.0,107.0,96.0,135.0,5.0,905.0,245.0,0
6.0,5038.0,48.0,85.0,4.0,335.0,76.0,0
5.0,1026.0,85.0,16.0,4.0,732.0,125.0,1
15.0,796.0,202.0,153.0,1.0,980.0,85.0,1
8.0,596.0,16.0,238.0,3.0,1325.0,128.0,0
14.0,431.0,153.0,216.0,5.0,1355.0,267.0,0
15.0,3079.0,33.0,268.0,4.0,930.0,65.0,1
10.0,3208.0,80.0,118.0,4.0,510.0,45.0,0
10.0,3212.0,80.0,162.0,5.0,690.0,70.0,0
15.0,1649.0,172.0,75.0,6.0,585.0,95.0,1
15.0,2012.0,44.0,217.0,4.0,785.0,80.0,1
17.0,2845.0,217.0,292.0,4.0,670.0,59.0,0
15.0,909.0,87.0,45.0,7.0,380.0,130.0,0
16.0,3103.0,96.0,273.0,5.0,1000.0,71.0,0
6.0,5104.0,32.0,16.0,6.0,719.0,104.0,1
14.0,912.0,60.0,45.0,4.0,1205.0,83.0,1
5.0,2421.0,197.0,154.0,5.0,1035.0,243.0,1
14.0,1433.0,35.0,60.0,1.0,375.0,152.0,0
13.0,110.0,208.0,153.0,7.0,1209.0,246.0,0
1.0,370.0,208.0,159.0,1.0,795.0,125.0,1
15.0,755.0,244.0,131.0,4.0,1080.0,55.0,0
15.0,653.0,202.0,154.0,7.0,415.0,75.0,0
9.0,377.0,128.0,161.0,7.0,1196.0,36.0,0
5.0,1873.0,85.0,177.0,3.0,925.0,126.0,1
14.0,1937.0,35.0,216.0,1.0,435.0,101.0,0
17.0,7305.0,208.0,228.0,1.0,527.0,127.0,1
13.0,144.0,253.0,79.0,4.0,420.0,165.0,0
15.0,8.0,172.0,153.0,5.0,665.0,195.0,1
5.0,2803.0,71.0,173.0,4.0,560.0,132.0,0
15.0,1615.0,253.0,153.0,4.0,665.0,90.0,0
15.0,1128.0,216.0,33.0,4.0,955.0,145.0,1
15.0,3104.0,277.0,22.0,6.0,660.0,165.0,0
15.0,126.0,33.0,58.0,3.0,1200.0,85.0,1
10.0,2763.0,80.0,180.0,3.0,895.0,105.0,0
17.0,2616.0,60.0,234.0,5.0,456.0,63.0,0
0.0,3947.0,221.0,85.0,5.0,920.0,85.0,0
1.0,1297.0,80.0,183.0,3.0,345.0,160.0,0
5.0,2248.0,85.0,159.0,7.0,925.0,112.0,0
6.0,4967.0,32.0,16.0,6.0,1050.0,107.0,0
16.0,2591.0,135.0,75.0,4.0,870.0,61.0,1
1.0,548.0,208.0,35.0,6.0,775.0,135.0,1
15.0,2056.0,173.0,216.0,6.0,655.0,145.0,0
8.0,290.0,129.0,16.0,1.0,365.0,125.0,0
0.0,3753.0,184.0,177.0,5.0,660.0,115.0,1
3.0,576.0,173.0,272.0,7.0,705.0,155.0,1
12.0,6822.0,231.0,253.0,6.0,838.0,69.0,0
12.0,6294.0,83.0,79.0,1.0,1059.0,63.0,1
16.0,2576.0,135.0,27.0,5.0,660.0,98.0,0
10.0,3233.0,80.0,68.0,7.0,480.0,80.0,0
15.0,1252.0,268.0,45.0,4.0,400.0,120.0,0
5.0,2120.0,85.0,96.0,5.0,610.0,108.0,1
15.0,1434.0,175.0,268.0,7.0,890.0,65.0,1
16.0,3006.0,135.0,134.0,4.0,445.0,173.0,0
5.0,2995.0,33.0,16.0,3.0,330.0,67.0,0
12.0,6298.0,253.0,80.0,5.0,1082.0,202.0,1
15.0,2461.0,277.0,141.0,7.0,1225.0,150.0,1
5.0,1944.0,244.0,85.0,5.0,990.0,177.0,0
13.0,8.0,253.0,148.0,3.0,570.0,344.0,1
5.0,1679.0,71.0,253.0,5.0,560.0,317.0,1
14.0,1509.0,60.0,217.0,3.0,681.0,278.0,1
12.0,4665.0,261.0,137.0,7.0,1290.0,54.0,0
4.0,482.0,135.0,35.0,3.0,795.0,218.0,1
1.0,1898.0,91.0,80.0,1.0,720.0,100.0,0
14.0,1525.0,104.0,60.0,6.0,390.0,115.0,0
1.0,402.0,80.0,60.0,5.0,805.0,135.0,0
16.0,5937.0,208.0,218.0,4.0,494.0,49.0,0
15.0,1949.0,104.0,277.0,5.0,395.0,60.0,0
10.0,2801.0,254.0,80.0,4.0,1055.0,90.0,1
6.0,7071.0,47.0,134.0,5.0,566.0,83.0,1
13.0,765.0,79.0,154.0,3.0,1145.0,165.0,0
5.0,2867.0,177.0,85.0,5.0,1135.0,113.0,0
13.0,393.0,208.0,217.0,1.0,718.0,236.0,1
5.0,2594.0,16.0,216.0,4.0,960.0,127.0,1
17.0,2773.0,217.0,227.0,4.0,520.0,67.0,0
15.0,2010.0,172.0,175.0,5.0,930.0,80.0,1
5.0,1762.0,85.0,216.0,3.0,615.0,104.0,1
15.0,748.0,173.0,45.0,3.0,1105.0,125.0,1
3.0,417.0,35.0,213.0,5.0,1245.0,191.0,1
3.0,777.0,35.0,153.0,7.0,1176.0,361.0,0
3.0,209.0,148.0,160.0,5.0,785.0,368.0,0
3.0,1084.0,60.0,148.0,3.0,1160.0,112.0,0
8.0,1001.0,173.0,174.0,1.0,480.0,138.0,0
16.0,2362.0,234.0,58.0,5.0,1110.0,82.0,0
5.0,1834.0,16.0,172.0,7.0,880.0,134.0,0
10.0,4534.0,159.0,290.0,4.0,420.0,220.0,0
1.0,812.0,252.0,80.0,1.0,435.0,235.0,0
14.0,1885.0,216.0,104.0,6.0,470.0,180.0,0
0.0,3872.0,33.0,85.0,1.0,943.0,115.0,0
14.0,88.0,16.0,217.0,7.0,465.0,269.0,0
5.0,2512.0,16.0,208.0,1.0,970.0,123.0,0
5.0,1074.0,261.0,197.0,5.0,839.0,159.0,1
5.0,25.0,16.0,233.0,6.0,975.0,83.0,0
5.0,2801.0,45.0,197.0,5.0,865.0,166.0,0
15.0,2547.0,209.0,173.0,3.0,435.0,125.0,0
15.0,2887.0,202.0,264.0,1.0,940.0,80.0,1
16.0,2922.0,135.0,119.0,3.0,1195.0,153.0,1
10.0,2788.0,80.0,180.0,4.0,1160.0,105.0,0
15.0,172.0,175.0,244.0,7.0,1090.0,185.0,1
10.0,4671.0,16.0,159.0,3.0,1125.0,145.0,0
5.0,1405.0,85.0,173.0,3.0,1205.0,159.0,1
0.0,3986.0,197.0,139.0,3.0,800.0,111.0,0
5.0,1504.0,172.0,85.0,3.0,360.0,118.0,0
1.0,1330.0,280.0,80.0,4.0,555.0,130.0,0
3.0,596.0,173.0,130.0,7.0,989.0,151.0,1
7.0,765.0,79.0,153.0,3.0,493.0,114.0,1
13.0,814.0,154.0,79.0,7.0,671.0,145.0,0
8.0,961.0,48.0,35.0,1.0,1077.0,98.0,1
9.0,144.0,161.0,128.0,7.0,715.0,32.0,0
5.0,1391.0,35.0,159.0,1.0,930.0,69.0,0
3.0,684.0,78.0,35.0,6.0,855.0,83.0,0
12.0,6335.0,154.0,243.0,6.0,911.0,50.0,1
5.0,1096.0,16.0,268.0,7.0,1312.0,113.0,1
15.0,1590.0,172.0,45.0,4.0,820.0,140.0,1
12.0,6909.0,253.0,210.0,7.0,673.0,115.0,0
1.0,2272.0,80.0,78.0,5.0,825.0,160.0,1
15.0,34.0,75.0,162.0,7.0,955.0,60.0,1
12.0,7776.0,235.0,261.0,6.0,913.0,67.0,0
12.0,7803.0,282.0,261.0,3.0,1095.0,56.0,1
6.0,4985.0,16.0,162.0,6.0,829.0,100.0,0
5.0,1599.0,16.0,221.0,7.0,1319.0,107.0,1
13.0,300.0,236.0,79.0,3.0,448.0,140.0,0
5.0,1252.0,16.0,71.0,6.0,1291.0,88.0,0
1.0,1634.0,244.0,208.0,7.0,885.0,160.0,0
16.0,5903.0,121.0,208.0,7.0,1071.0,124.0,0
15.0,2482.0,79.0,134.0,6.0,675.0,195.0,1
10.0,4514.0,78.0,33.0,3.0,895.0,120.0,0
1.0,1475.0,233.0,80.0,5.0,620.0,190.0,1
5.0,2430.0,85.0,117.0,5.0,730.0,81.0,1
7.0,147.0,129.0,79.0,7.0,1150.0,145.0,0
8.0,506.0,159.0,184.0,4.0,1122.0,147.0,0
5.0,1894.0,60.0,16.0,7.0,1090.0,88.0,0
13.0,300.0,236.0,79.0,7.0,443.0,140.0,0
6.0,5345.0,16.0,256.0,4.0,1305.0,113.0,0
4.0,639.0,183.0,96.0,4.0,1235.0,175.0,0
15.0,242.0,221.0,153.0,3.0,950.0,310.0,1
13.0,375.0,79.0,262.0,5.0,1116.0,158.0,0
16.0,2745.0,33.0,96.0,6.0,365.0,124.0,0
15.0,3035.0,45.0,22.0,6.0,460.0,70.0,0
0.0,4120.0,16.0,215.0,5.0,660.0,109.0,0
12.0,6325.0,243.0,154.0,7.0,741.0,45.0,1
8.0,488.0,173.0,45.0,7.0,584.0,126.0,0
6.0,5114.0,41.0,16.0,5.0,1091.0,99.0,0
6.0,5521.0,285.0,16.0,5.0,697.0,63.0,0
2.0,303.0,253.0,252.0,4.0,605.0,125.0,0
12.0,6344.0,154.0,243.0,5.0,1353.0,54.0,1
6.0,5003.0,16.0,52.0,6.0,971.0,51.0,1
15.0,2198.0,204.0,268.0,5.0,425.0,80.0,0
6.0,5600.0,288.0,16.0,4.0,390.0,90.0,0
15.0,1225.0,170.0,129.0,7.0,1090.0,80.0,0
14.0,1526.0,60.0,273.0,5.0,564.0,104.0,0
6.0,7100.0,47.0,208.0,4.0,360.0,128.0,0
5.0,1549.0,16.0,253.0,6.0,680.0,325.0,0
1.0,1412.0,183.0,148.0,5.0,1260.0,175.0,1
8.0,341.0,216.0,16.0,5.0,1125.0,153.0,0
12.0,4521.0,114.0,261.0,5.0,915.0,60.0,0
1.0,117.0,148.0,154.0,4.0,825.0,370.0,0
12.0,4653.0,99.0,261.0,3.0,1053.0,145.0,1
1.0,632.0,153.0,80.0,4.0,770.0,155.0,1
12.0,6268.0,280.0,253.0,4.0,702.0,138.0,1
3.0,75.0,273.0,148.0,4.0,1013.0,85.0,1
10.0,2799.0,80.0,283.0,3.0,930.0,50.0,0
0.0,4390.0,56.0,85.0,5.0,375.0,106.0,0
4.0,477.0,241.0,96.0,7.0,580.0,160.0,0
5.0,1970.0,198.0,16.0,7.0,600.0,91.0,0
14.0,768.0,35.0,216.0,1.0,870.0,98.0,0
15.0,1714.0,268.0,172.0,4.0,1175.0,65.0,1
5.0,1592.0,243.0,16.0,7.0,385.0,249.0,0
15.0,925.0,214.0,262.0,4.0,605.0,85.0,1
5.0,2480.0,252.0,85.0,3.0,360.0,253.0,0
12.0,6881.0,79.0,262.0,7.0,537.0,162.0,0
8.0,278.0,16.0,35.0,1.0,984.0,146.0,0
15.0,1973.0,85.0,45.0,7.0,470.0,100.0,0
15.0,1971.0,198.0,129.0,3.0,1195.0,70.0,1
14.0,1578.0,60.0,216.0,7.0,875.0,103.0,1
15.0,3.0,162.0,75.0,3.0,360.0,70.0,0
14.0,9.0,252.0,217.0,7.0,875.0,167.0,0
12.0,7029.0,253.0,261.0,5.0,473.0,107.0,0
12.0,4548.0,197.0,102.0,3.0,700.0,159.0,0
2.0,82.0,14.0,252.0,1.0,570.0,200.0,0
3.0,540.0,213.0,96.0,3.0,710.0,168.0,1
8.0,773.0,153.0,16.0,1.0,495.0,230.0,1
12.0,6932.0,208.0,212.0,3.0,795.0,80.0,0
15.0,353.0,243.0,236.0,3.0,980.0,90.0,1
6.0,4991.0,16.0,174.0,3.0,505.0,115.0,1
15.0,957.0,43.0,217.0,1.0,825.0,310.0,1
16.0,3113.0,205.0,96.0,7.0,988.0,172.0,1
10.0,4362.0,85.0,208.0,1.0,760.0,80.0,0
12.0,6906.0,79.0,44.0,7.0,1112.0,148.0,0
3.0,50.0,104.0,148.0,4.0,1185.0,165.0,1
6.0,5162.0,16.0,101.0,3.0,1137.0,77.0,1
15.0,2543.0,175.0,85.0,3.0,470.0,70.0,0
15.0,2471.0,253.0,153.0,6.0,450.0,85.0,0
14.0,77.0,35.0,217.0,3.0,980.0,353.0,1
14.0,400.0,61.0,217.0,7.0,465.0,274.0,0
12.0,4826.0,261.0,258.0,4.0,515.0,124.0,1
8.0,562.0,16.0,32.0,4.0,610.0,107.0,0
2.0,39.0,197.0,252.0,7.0,1120.0,228.0,1
9.0,236.0,128.0,203.0,7.0,1027.0,37.0,0
15.0,785.0,27.0,75.0,3.0,460.0,115.0,1
15.0,647.0,217.0,79.0,5.0,360.0,105.0,0
16.0,2407.0,135.0,158.0,4.0,730.0,55.0,0
12.0,4651.0,197.0,205.0,3.0,445.0,74.0,1
9.0,360.0,128.0,143.0,1.0,1036.0,51.0,0
6.0,7352.0,16.0,288.0,7.0,1255.0,74.0,0
13.0,394.0,153.0,208.0,3.0,399.0,216.0,0
15.0,12.0,173.0,129.0,5.0,395.0,160.0,0
0.0,3750.0,43.0,85.0,4.0,710.0,83.0,1
5.0,2133.0,197.0,16.0,5.0,930.0,154.0,1
10.0,4571.0,159.0,61.0,5.0,970.0,120.0,0
15.0,591.0,79.0,153.0,7.0,1115.0,120.0,1
2.0,8.0,252.0,96.0,5.0,550.0,313.0,0
5.0,1583.0,241.0,71.0,5.0,365.0,141.0,0
1.0,1484.0,217.0,80.0,3.0,935.0,140.0,0
6.0,7078.0,134.0,238.0,5.0,755.0,73.0,1
15.0,1022.0,79.0,153.0,4.0,1035.0,115.0,0
10.0,4436.0,78.0,148.0,1.0,595.0,65.0,0
15.0,2795.0,154.0,217.0,7.0,1220.0,75.0,1
13.0,11.0,148.0,154.0,7.0,1229.0,383.0,0
17.0,2751.0,217.0,248.0,3.0,1258.0,101.0,0
16.0,5975.0,208.0,84.0,4.0,402.0,72.0,0
13.0,796.0,134.0,153.0,1.0,497.0,319.0,1
5.0,2237.0,16.0,147.0,5.0,1232.0,72.0,1
1.0,1589.0,33.0,80.0,4.0,775.0,125.0,0
10.0,4662.0,159.0,16.0,3.0,1185.0,165.0,0
8.0,345.0,216.0,16.0,5.0,781.0,134.0,0
15.0,831.0,244.0,217.0,5.0,700.0,150.0,0
8.0,464.0,16.0,45.0,4.0,810.0,104.0,0
5.0,1492.0,197.0,35.0,7.0,780.0,170.0,1
16.0,2781.0,135.0,18.0,7.0,855.0,53.0,0
16.0,2110.0,65.0,135.0,5.0,1031.0,129.0,0
5.0,2708.0,104.0,71.0,1.0,465.0,151.0,0
6.0,5012.0,16.0,136.0,4.0,1296.0,139.0,0
14.0,1430.0,147.0,60.0,4.0,1035.0,79.0,1
10.0,2930.0,80.0,256.0,4.0,1090.0,55.0,0
15.0,2887.0,264.0,79.0,1.0,1045.0,135.0,1
6.0,5218.0,16.0,279.0,5.0,550.0,133.0,1
14.0,1905.0,78.0,104.0,1.0,625.0,156.0,0
10.0,3006.0,243.0,154.0,7.0,675.0,45.0,0
12.0,6873.0,227.0,79.0,1.0,432.0,131.0,0
17.0,2672.0,60.0,138.0,7.0,870.0,57.0,0
17.0,1025.0,150.0,128.0,3.0,845.0,40.0,0
6.0,5251.0,32.0,16.0,7.0,966.0,104.0,0
0.0,3827.0,85.0,21.0,4.0,1295.0,51.0,1
5.0,1745.0,78.0,85.0,6.0,665.0,95.0,0
13.0,310.0,79.0,159.0,7.0,662.0,223.0,0
16.0,2014.0,221.0,96.0,5.0,642.0,77.0,0
12.0,6893.0,253.0,227.0,6.0,567.0,83.0,0
2.0,755.0,268.0,252.0,4.0,1080.0,268.0,0
16.0,5920.0,208.0,58.0,7.0,1035.0,76.0,1
16.0,2486.0,139.0,58.0,1.0,565.0,63.0,0
6.0,5105.0,85.0,205.0,5.0,740.0,125.0,1
1.0,346.0,268.0,208.0,6.0,1035.0,80.0,1
12.0,6820.0,231.0,253.0,1.0,360.0,78.0,0
0.0,4278.0,13.0,177.0,4.0,965.0,120.0,0
14.0,1772.0,138.0,60.0,6.0,425.0,64.0,0
13.0,679.0,208.0,243.0,4.0,956.0,269.0,1
4.0,600.0,104.0,96.0,7.0,405.0,167.0,0
14.0,2167.0,159.0,78.0,4.0,540.0,78.0,0
15.0,301.0,217.0,264.0,5.0,555.0,80.0,0
13.0,536.0,208.0,159.0,1.0,420.0,132.0,0
4.0,1076.0,96.0,241.0,3.0,625.0,205.0,1
16.0,5951.0,48.0,208.0,6.0,360.0,95.0,0
5.0,2056.0,202.0,261.0,4.0,785.0,100.0,1
10.0,3503.0,80.0,58.0,4.0,860.0,150.0,0
10.0,2714.0,245.0,80.0,7.0,975.0,180.0,0
10.0,4531.0,78.0,33.0,5.0,1200.0,115.0,0
5.0,1266.0,16.0,177.0,3.0,1318.0,95.0,0
14.0,1741.0,78.0,277.0,4.0,905.0,143.0,0
16.0,2891.0,135.0,146.0,1.0,475.0,74.0,1
10.0,3512.0,184.0,80.0,5.0,360.0,165.0,0
12.0,6878.0,79.0,258.0,1.0,551.0,162.0,1
15.0,975.0,175.0,27.0,6.0,750.0,105.0,1
1.0,779.0,208.0,243.0,7.0,685.0,260.0,0
12.0,6844.0,208.0,85.0,4.0,964.0,76.0,1
15.0,1683.0,243.0,258.0,5.0,390.0,90.0,0
4.0,380.0,153.0,58.0,4.0,915.0,235.0,0
0.0,3922.0,247.0,85.0,7.0,812.0,63.0,1
11.0,6616.0,85.0,273.0,1.0,855.0,84.0,0
5.0,2500.0,74.0,16.0,4.0,707.0,88.0,1
15.0,1657.0,75.0,172.0,7.0,625.0,85.0,0
15.0,377.0,91.0,217.0,7.0,1040.0,75.0,1
1.0,2421.0,80.0,154.0,6.0,695.0,195.0,1
5.0,1798.0,104.0,159.0,1.0,900.0,179.0,1
6.0,5285.0,120.0,16.0,6.0,835.0,95.0,1
8.0,230.0,234.0,16.0,1.0,653.0,105.0,0
0.0,3988.0,171.0,85.0,1.0,812.0,53.0,1
17.0,2660.0,268.0,60.0,1.0,975.0,109.0,0
5.0,2725.0,35.0,197.0,4.0,686.0,194.0,1
6.0,5281.0,16.0,48.0,5.0,1220.0,98.0,0
1.0,576.0,80.0,136.0,7.0,960.0,75.0,0
3.0,1329.0,35.0,45.0,5.0,1230.0,87.0,0
15.0,290.0,75.0,162.0,6.0,545.0,60.0,1
5.0,2092.0,277.0,85.0,3.0,1085.0,160.0,1
13.0,72.0,128.0,253.0,4.0,471.0,322.0,0
15.0,2943.0,217.0,44.0,6.0,1170.0,85.0,1
3.0,350.0,44.0,148.0,5.0,430.0,314.0,0
3.0,327.0,22.0,104.0,4.0,886.0,192.0,1
4.0,1581.0,96.0,252.0,5.0,530.0,384.0,1
1.0,1099.0,80.0,2.0,1.0,615.0,115.0,0
15.0,2534.0,104.0,22.0,6.0,1095.0,180.0,1
5.0,2691.0,197.0,183.0,4.0,450.0,220.0,0
3.0,585.0,130.0,104.0,3.0,705.0,179.0,1
0.0,4104.0,18.0,177.0,4.0,709.0,110.0,0
5.0,1079.0,16.0,61.0,3.0,455.0,95.0,1
8.0,984.0,16.0,221.0,5.0,625.0,104.0,1
5.0,1719.0,85.0,154.0,1.0,730.0,305.0,1
6.0,5192.0,16.0,187.0,7.0,988.0,117.0,1
15.0,3764.0,27.0,268.0,4.0,685.0,80.0,1
9.0,239.0,128.0,161.0,3.0,995.0,37.0,0
5.0,629.0,78.0,85.0,4.0,760.0,95.0,0
1.0,1776.0,80.0,216.0,3.0,405.0,185.0,1
5.0,2046.0,217.0,16.0,1.0,998.0,212.0,0
15.0,161.0,175.0,129.0,3.0,645.0,170.0,1
5.0,1741.0,261.0,111.0,1.0,694.0,109.0,0
10.0,2735.0,80.0,162.0,1.0,405.0,70.0,0
5.0,1742.0,261.0,111.0,3.0,1200.0,112.0,0
5.0,2613.0,285.0,16.0,4.0,390.0,64.0,0
15.0,1052.0,258.0,153.0,1.0,865.0,85.0,1
14.0,1129.0,60.0,200.0,6.0,1345.0,54.0,0
10.0,2803.0,80.0,254.0,3.0,670.0,75.0,0
13.0,420.0,208.0,238.0,1.0,1080.0,98.0,1
16.0,2646.0,135.0,41.0,3.0,584.0,61.0,0
7.0,362.0,79.0,251.0,5.0,690.0,143.0,1
6.0,5582.0,69.0,16.0,3.0,685.0,90.0,1
13.0,461.0,134.0,153.0,3.0,1020.0,325.0,0
8.0,853.0,16.0,173.0,3.0,615.0,95.0,1
5.0,1803.0,85.0,177.0,4.0,445.0,138.0,0
3.0,474.0,154.0,35.0,3.0,781.0,316.0,1
3.0,467.0,35.0,241.0,6.0,685.0,213.0,0
13.0,894.0,79.0,154.0,5.0,371.0,159.0,0
13.0,703.0,153.0,79.0,5.0,1065.0,118.0,0
1.0,1426.0,80.0,244.0,3.0,925.0,70.0,1
1.0,2495.0,85.0,80.0,5.0,1150.0,180.0,0
15.0,1138.0,27.0,251.0,7.0,855.0,70.0,1
15.0,1294.0,154.0,217.0,7.0,965.0,80.0,1
10.0,4528.0,58.0,159.0,1.0,1010.0,100.0,1
8.0,1468.0,173.0,175.0,3.0,1248.0,165.0,0
13.0,650.0,22.0,134.0,3.0,360.0,94.0,0
5.0,2181.0,16.0,198.0,7.0,1045.0,100.0,0
6.0,4984.0,35.0,78.0,1.0,635.0,109.0,0
10.0,2955.0,80.0,170.0,6.0,590.0,75.0,1
12.0,6665.0,79.0,93.0,5.0,1101.0,171.0,1
11.0,6519.0,96.0,71.0,3.0,1170.0,140.0,1
6.0,5440.0,16.0,115.0,1.0,898.0,76.0,0
15.0,1537.0,111.0,153.0,4.0,575.0,140.0,1
12.0,6889.0,33.0,208.0,3.0,880.0,105.0,0
15.0,2616.0,172.0,75.0,5.0,1180.0,90.0,0
1.0,436.0,80.0,104.0,4.0,1015.0,155.0,1
7.0,145.0,129.0,79.0,6.0,949.0,141.0,0
13.0,140.0,253.0,264.0,7.0,1223.0,92.0,1
10.0,3616.0,139.0,183.0,4.0,420.0,170.0,1
1.0,185.0,148.0,154.0,4.0,1260.0,380.0,0
5.0,2921.0,139.0,197.0,3.0,410.0,115.0,0
7.0,817.0,79.0,172.0,4.0,1150.0,93.0,0
0.0,4370.0,16.0,177.0,3.0,1215.0,89.0,0
5.0,2053.0,205.0,16.0,4.0,412.0,153.0,0
1.0,267.0,154.0,128.0,4.0,1145.0,365.0,0
5.0,2225.0,45.0,16.0,4.0,825.0,123.0,0
3.0,1103.0,148.0,233.0,5.0,557.0,108.0,0
15.0,2001.0,279.0,129.0,6.0,840.0,95.0,0
8.0,117.0,16.0,277.0,3.0,956.0,85.0,1
14.0,202.0,217.0,2.0,5.0,595.0,78.0,0
10.0,3642.0,183.0,147.0,6.0,650.0,75.0,0
16.0,5942.0,48.0,208.0,3.0,1119.0,97.0,1
12.0,6374.0,227.0,253.0,3.0,367.0,88.0,0
5.0,1767.0,85.0,208.0,3.0,530.0,99.0,1
1.0,462.0,183.0,78.0,4.0,980.0,145.0,0
10.0,4428.0,35.0,159.0,3.0,850.0,80.0,0
15.0,752.0,79.0,264.0,3.0,520.0,155.0,1
12.0,6951.0,107.0,79.0,3.0,1017.0,102.0,0
7.0,231.0,33.0,79.0,1.0,880.0,173.0,0
13.0,484.0,79.0,78.0,3.0,653.0,195.0,1
8.0,1091.0,139.0,173.0,7.0,420.0,144.0,0
12.0,6249.0,208.0,109.0,6.0,972.0,51.0,0
12.0,6718.0,79.0,290.0,1.0,618.0,102.0,0
15.0,3250.0,252.0,34.0,4.0,445.0,80.0,0
8.0,1102.0,61.0,241.0,7.0,818.0,150.0,1
1.0,692.0,183.0,96.0,3.0,715.0,185.0,1
16.0,5915.0,208.0,99.0,4.0,491.0,113.0,0
5.0,1674.0,173.0,197.0,6.0,925.0,216.0,1
2.0,498.0,252.0,243.0,3.0,1075.0,154.0,0
15.0,3762.0,91.0,243.0,3.0,715.0,115.0,0
5.0,2515.0,147.0,16.0,6.0,1006.0,84.0,0
12.0,6890.0,34.0,154.0,3.0,660.0,131.0,1
7.0,671.0,173.0,79.0,7.0,1017.0,239.0,0
8.0,818.0,35.0,45.0,7.0,1075.0,94.0,1
11.0,6761.0,71.0,135.0,4.0,825.0,172.0,0
6.0,7309.0,190.0,16.0,1.0,555.0,73.0,0
16.0,3029.0,172.0,135.0,3.0,1090.0,118.0,0
8.0,477.0,45.0,16.0,1.0,768.0,125.0,0
15.0,926.0,153.0,129.0,3.0,1170.0,170.0,1
4.0,798.0,96.0,253.0,1.0,525.0,401.0,1
1.0,937.0,35.0,183.0,6.0,420.0,215.0,0
16.0,3122.0,198.0,135.0,3.0,440.0,72.0,1
12.0,6593.0,28.0,79.0,1.0,612.0,88.0,1
12.0,6320.0,154.0,243.0,6.0,372.0,48.0,0
13.0,686.0,208.0,159.0,5.0,903.0,135.0,0
15.0,3230.0,147.0,33.0,1.0,935.0,95.0,1
1.0,1296.0,80.0,16.0,5.0,565.0,120.0,0
12.0,6733.0,285.0,79.0,7.0,537.0,214.0,0
1.0,1205.0,216.0,80.0,3.0,500.0,240.0,0
8.0,779.0,16.0,153.0,3.0,1340.0,285.0,1
1.0,1742.0,280.0,80.0,3.0,695.0,130.0,1
0.0,4197.0,229.0,85.0,4.0,520.0,147.0,0
5.0,73.0,148.0,16.0,7.0,1155.0,175.0,1
10.0,4647.0,233.0,159.0,3.0,700.0,95.0,1
3.0,540.0,213.0,96.0,5.0,710.0,168.0,1
5.0,268.0,183.0,148.0,6.0,885.0,190.0,0
3.0,1019.0,35.0,148.0,1.0,700.0,68.0,0
2.0,552.0,252.0,227.0,4.0,540.0,159.0,0
6.0,7122.0,223.0,134.0,6.0,500.0,127.0,0
4.0,1567.0,172.0,135.0,4.0,505.0,118.0,0
12.0,6834.0,253.0,236.0,1.0,959.0,57.0,1
6.0,5050.0,48.0,85.0,7.0,1029.0,70.0,0
3.0,44.0,148.0,273.0,3.0,455.0,69.0,0
10.0,4303.0,204.0,208.0,7.0,905.0,130.0,0
8.0,1418.0,241.0,48.0,5.0,1005.0,149.0,0
17.0,1037.0,143.0,128.0,7.0,755.0,47.0,0
16.0,2992.0,135.0,177.0,1.0,855.0,85.0,0
5.0,2108.0,79.0,197.0,6.0,802.0,115.0,1
4.0,351.0,18.0,96.0,5.0,880.0,218.0,0
15.0,1943.0,173.0,268.0,7.0,885.0,155.0,0
15.0,619.0,153.0,221.0,7.0,985.0,250.0,1
15.0,360.0,153.0,91.0,1.0,995.0,100.0,1
1.0,513.0,277.0,260.0,6.0,435.0,165.0,0
15.0,1753.0,104.0,173.0,4.0,760.0,60.0,1
8.0,603.0,45.0,241.0,5.0,916.0,157.0,1
7.0,261.0,264.0,79.0,7.0,900.0,136.0,1
3.0,265.0,262.0,160.0,4.0,1158.0,77.0,0
14.0,1023.0,22.0,216.0,1.0,435.0,86.0,0
15.0,1587.0,33.0,45.0,4.0,740.0,95.0,1
0.0,3681.0,85.0,82.0,5.0,1175.0,124.0,1
15.0,2906.0,173.0,184.0,5.0,635.0,175.0,0
4.0,1092.0,135.0,61.0,3.0,800.0,149.0,0
15.0,2753.0,173.0,228.0,6.0,715.0,155.0,1
15.0,28.0,175.0,58.0,4.0,1095.0,75.0,1
1.0,313.0,159.0,208.0,5.0,545.0,165.0,0
9.0,392.0,128.0,143.0,6.0,1141.0,51.0,0
5.0,1953.0,197.0,252.0,4.0,1295.0,223.0,0
12.0,6579.0,79.0,15.0,7.0,872.0,44.0,0
14.0,367.0,217.0,262.0,1.0,875.0,118.0,0
0.0,3945.0,166.0,197.0,1.0,585.0,55.0,1
12.0,6665.0,65.0,79.0,5.0,1019.0,40.0,0
12.0,7763.0,220.0,261.0,7.0,360.0,48.0,0
12.0,6449.0,58.0,208.0,1.0,929.0,87.0,1
5.0,1841.0,85.0,277.0,7.0,425.0,167.0,0
4.0,1088.0,135.0,85.0,1.0,785.0,164.0,1
14.0,1028.0,216.0,173.0,5.0,820.0,152.0,1
13.0,71.0,148.0,154.0,4.0,530.0,380.0,1
1.0,1720.0,80.0,134.0,1.0,910.0,160.0,1
10.0,4357.0,208.0,117.0,5.0,1030.0,60.0,0
16.0,3006.0,135.0,134.0,5.0,445.0,173.0,0
10.0,3280.0,68.0,80.0,6.0,360.0,80.0,0
1.0,1907.0,78.0,183.0,5.0,430.0,165.0,0
17.0,2881.0,217.0,2.0,3.0,975.0,70.0,0
12.0,6991.0,177.0,208.0,6.0,442.0,110.0,0
16.0,2618.0,251.0,96.0,7.0,838.0,114.0,0
6.0,5218.0,16.0,279.0,4.0,550.0,133.0,1
15.0,412.0,154.0,202.0,7.0,1285.0,75.0,1
1.0,2033.0,80.0,252.0,3.0,1220.0,255.0,1
5.0,1817.0,16.0,79.0,6.0,840.0,200.0,1
5.0,2073.0,61.0,16.0,4.0,485.0,100.0,0
8.0,573.0,159.0,184.0,4.0,400.0,146.0,1
12.0,7774.0,261.0,255.0,5.0,920.0,81.0,1
1.0,1308.0,154.0,18.0,7.0,765.0,175.0,0
13.0,275.0,208.0,172.0,1.0,1052.0,98.0,0
1.0,1073.0,136.0,80.0,1.0,690.0,80.0,0
2.0,510.0,252.0,264.0,1.0,630.0,163.0,0
15.0,5.0,75.0,129.0,1.0,480.0,60.0,1
15.0,3061.0,159.0,175.0,5.0,360.0,150.0,0
15.0,107.0,175.0,216.0,3.0,375.0,125.0,0
14.0,721.0,60.0,183.0,5.0,1080.0,125.0,0
5.0,2569.0,16.0,173.0,3.0,1290.0,88.0,1
14.0,2163.0,159.0,78.0,4.0,420.0,71.0,0
15.0,2631.0,277.0,153.0,5.0,975.0,310.0,0
12.0,6950.0,79.0,107.0,5.0,936.0,85.0,0
5.0,1721.0,85.0,277.0,4.0,1190.0,161.0,1
12.0,7019.0,179.0,214.0,3.0,1012.0,62.0,0
15.0,1099.0,202.0,172.0,1.0,645.0,200.0,1
5.0,1107.0,261.0,236.0,6.0,1190.0,90.0,0
15.0,48.0,173.0,129.0,4.0,955.0,155.0,1
3.0,312.0,104.0,134.0,7.0,930.0,146.0,0
13.0,89.0,208.0,154.0,6.0,560.0,276.0,1
14.0,1488.0,60.0,35.0,4.0,970.0,120.0,0
10.0,2987.0,11.0,80.0,1.0,990.0,175.0,1
5.0,2700.0,197.0,45.0,5.0,810.0,150.0,1
5.0,2087.0,16.0,241.0,7.0,810.0,99.0,1
1.0,1812.0,183.0,154.0,3.0,1170.0,355.0,1
15.0,1135.0,79.0,202.0,7.0,705.0,170.0,0
11.0,6374.0,16.0,208.0,7.0,580.0,132.0,0
14.0,239.0,253.0,217.0,6.0,935.0,115.0,0
13.0,700.0,260.0,134.0,6.0,821.0,240.0,0
8.0,648.0,213.0,45.0,1.0,695.0,135.0,0
13.0,728.0,208.0,35.0,4.0,793.0,136.0,1
15.0,346.0,261.0,217.0,5.0,405.0,105.0,1
5.0,2211.0,16.0,80.0,5.0,810.0,145.0,0
6.0,5343.0,16.0,204.0,6.0,535.0,143.0,0
3.0,1065.0,148.0,18.0,7.0,756.0,252.0,0
10.0,2822.0,80.0,275.0,6.0,810.0,120.0,0
12.0,6271.0,109.0,208.0,6.0,542.0,63.0,1
5.0,1710.0,80.0,16.0,6.0,720.0,125.0,0
1.0,1238.0,252.0,208.0,5.0,525.0,235.0,0
15.0,511.0,154.0,175.0,1.0,595.0,235.0,0
5.0,2227.0,16.0,104.0,6.0,965.0,114.0,0
13.0,71.0,148.0,154.0,6.0,531.0,380.0,0
15.0,2840.0,217.0,268.0,6.0,620.0,175.0,1
13.0,819.0,96.0,208.0,1.0,420.0,162.0,0
5.0,2381.0,244.0,16.0,3.0,400.0,138.0,0
16.0,3065.0,96.0,54.0,5.0,563.0,146.0,0
10.0,3809.0,2.0,208.0,1.0,795.0,160.0,0
0.0,4381.0,27.0,85.0,4.0,940.0,135.0,1
4.0,611.0,96.0,135.0,3.0,330.0,233.0,0
16.0,2161.0,96.0,221.0,7.0,1235.0,99.0,1
1.0,1462.0,208.0,96.0,5.0,530.0,125.0,0
14.0,526.0,217.0,236.0,3.0,1065.0,108.0,1
3.0,596.0,173.0,130.0,3.0,989.0,151.0,1
6.0,5417.0,84.0,16.0,1.0,1060.0,132.0,1
0.0,4004.0,197.0,84.0,1.0,620.0,71.0,1
6.0,5455.0,251.0,16.0,5.0,756.0,94.0,0
12.0,4850.0,261.0,135.0,4.0,1030.0,180.0,0
11.0,6497.0,33.0,177.0,3.0,690.0,69.0,0
12.0,6288.0,154.0,194.0,5.0,715.0,65.0,0
6.0,5344.0,288.0,16.0,6.0,859.0,78.0,0
6.0,5303.0,101.0,16.0,1.0,987.0,96.0,1
1.0,1682.0,80.0,177.0,7.0,765.0,85.0,0
1.0,2483.0,80.0,154.0,3.0,1245.0,200.0,0
6.0,7323.0,32.0,16.0,4.0,360.0,115.0,0
14.0,46.0,217.0,78.0,3.0,950.0,243.0,0
12.0,4838.0,261.0,99.0,1.0,829.0,134.0,1
0.0,3934.0,177.0,221.0,5.0,505.0,120.0,0
5.0,1081.0,16.0,213.0,5.0,1172.0,110.0,0
3.0,584.0,104.0,130.0,5.0,1034.0,173.0,1
1.0,1294.0,135.0,183.0,4.0,1075.0,140.0,0
13.0,462.0,208.0,119.0,6.0,1270.0,54.0,1
10.0,4154.0,61.0,208.0,1.0,435.0,85.0,0
0.0,4124.0,71.0,96.0,5.0,815.0,126.0,0
15.0,1089.0,217.0,153.0,4.0,600.0,70.0,0
8.0,204.0,48.0,16.0,3.0,933.0,110.0,1
13.0,172.0,253.0,35.0,1.0,511.0,338.0,0
12.0,6692.0,243.0,154.0,4.0,684.0,45.0,0
1.0,2287.0,80.0,88.0,4.0,730.0,140.0,0
4.0,1423.0,135.0,198.0,4.0,1270.0,65.0,0
12.0,6503.0,253.0,93.0,4.0,1194.0,89.0,0
15.0,1079.0,233.0,277.0,4.0,715.0,115.0,1
12.0,4738.0,80.0,197.0,1.0,947.0,153.0,0
11.0,6686.0,268.0,71.0,7.0,370.0,73.0,0
5.0,1572.0,277.0,16.0,6.0,585.0,93.0,0
15.0,2450.0,280.0,153.0,4.0,795.0,80.0,1
14.0,678.0,184.0,217.0,5.0,1035.0,230.0,0
15.0,2048.0,175.0,139.0,7.0,605.0,50.0,0
12.0,6699.0,91.0,79.0,4.0,1149.0,108.0,1
4.0,1623.0,135.0,198.0,4.0,518.0,67.0,0
2.0,561.0,154.0,214.0,6.0,370.0,147.0,0
0.0,4024.0,152.0,85.0,3.0,920.0,56.0,1
15.0,1557.0,68.0,129.0,1.0,570.0,50.0,0
14.0,1290.0,80.0,216.0,7.0,1065.0,179.0,0
0.0,4171.0,85.0,25.0,4.0,865.0,83.0,0
13.0,524.0,208.0,35.0,3.0,365.0,139.0,0
11.0,6510.0,251.0,85.0,3.0,1155.0,95.0,0
6.0,5512.0,27.0,16.0,7.0,600.0,57.0,0
3.0,65.0,238.0,148.0,5.0,939.0,81.0,0
14.0,788.0,233.0,216.0,3.0,1070.0,93.0,1
11.0,6530.0,197.0,76.0,5.0,1155.0,117.0,0
14.0,789.0,216.0,233.0,3.0,1105.0,95.0,1
17.0,1011.0,150.0,128.0,6.0,505.0,40.0,0
10.0,2858.0,80.0,84.0,7.0,945.0,110.0,1
15.0,3762.0,236.0,258.0,7.0,1010.0,60.0,0
17.0,2652.0,138.0,60.0,7.0,770.0,66.0,0
1.0,451.0,208.0,253.0,5.0,630.0,290.0,0
1.0,505.0,148.0,260.0,7.0,415.0,245.0,0
6.0,5237.0,78.0,35.0,6.0,1015.0,105.0,0
5.0,2650.0,261.0,45.0,1.0,1034.0,252.0,0
8.0,1206.0,234.0,173.0,6.0,420.0,126.0,0
15.0,1229.0,33.0,217.0,7.0,1040.0,240.0,1
2.0,344.0,252.0,202.0,3.0,850.0,123.0,0
5.0,420.0,16.0,217.0,3.0,811.0,257.0,1
14.0,902.0,60.0,209.0,7.0,565.0,60.0,1
10.0,4321.0,208.0,204.0,4.0,865.0,135.0,0
16.0,5955.0,208.0,121.0,1.0,873.0,101.0,0
1.0,1091.0,80.0,243.0,6.0,960.0,185.0,0
5.0,2081.0,175.0,16.0,7.0,1135.0,116.0,1
12.0,4576.0,197.0,157.0,6.0,925.0,120.0,0
5.0,1991.0,16.0,277.0,5.0,590.0,100.0,0
15.0,535.0,141.0,175.0,5.0,390.0,155.0,0
15.0,1012.0,214.0,258.0,6.0,455.0,105.0,0
15.0,1333.0,153.0,207.0,4.0,1140.0,55.0,1
5.0,2198.0,197.0,85.0,5.0,500.0,109.0,0
2.0,885.0,214.0,150.0,5.0,1060.0,370.0,0
1.0,501.0,80.0,217.0,1.0,595.0,160.0,0
11.0,6367.0,16.0,71.0,5.0,725.0,87.0,1
4.0,516.0,96.0,198.0,6.0,695.0,196.0,0
16.0,2659.0,228.0,58.0,7.0,1085.0,118.0,0
14.0,69.0,35.0,153.0,5.0,1075.0,365.0,0
5.0,2482.0,197.0,85.0,6.0,1205.0,105.0,0
3.0,234.0,160.0,261.0,5.0,879.0,104.0,0
16.0,3030.0,68.0,135.0,3.0,390.0,59.0,1
4.0,752.0,135.0,261.0,7.0,1300.0,196.0,1
15.0,3341.0,91.0,129.0,4.0,625.0,100.0,0
15.0,1065.0,153.0,12.0,3.0,995.0,285.0,1
1.0,1718.0,208.0,35.0,1.0,510.0,130.0,0
12.0,6556.0,279.0,79.0,7.0,1202.0,108.0,0
13.0,628.0,243.0,208.0,3.0,827.0,238.0,0
0.0,3891.0,85.0,238.0,6.0,630.0,80.0,0
10.0,3221.0,184.0,80.0,5.0,925.0,165.0,1
12.0,6637.0,187.0,79.0,5.0,1169.0,140.0,0
16.0,2877.0,96.0,197.0,3.0,1200.0,194.0,0
12.0,6707.0,79.0,15.0,6.0,1153.0,45.0,0
2.0,127.0,252.0,98.0,3.0,1290.0,225.0,0
13.0,158.0,253.0,208.0,6.0,1369.0,254.0,0
5.0,2739.0,78.0,16.0,7.0,479.0,127.0,0
4.0,217.0,198.0,96.0,5.0,855.0,181.0,1
5.0,1402.0,277.0,177.0,5.0,420.0,119.0,0
14.0,1840.0,60.0,221.0,7.0,1090.0,89.0,0
3.0,634.0,253.0,35.0,5.0,835.0,320.0,0
1.0,373.0,80.0,264.0,6.0,765.0,195.0,0
6.0,5488.0,115.0,16.0,1.0,505.0,86.0,0
14.0,733.0,60.0,173.0,7.0,1095.0,100.0,1
14.0,1214.0,60.0,85.0,5.0,600.0,117.0,1
12.0,4604.0,261.0,79.0,5.0,830.0,83.0,0
1.0,75.0,134.0,154.0,4.0,1105.0,340.0,0
12.0,6838.0,246.0,253.0,7.0,1083.0,82.0,1
15.0,1357.0,153.0,162.0,4.0,575.0,180.0,1
16.0,2651.0,256.0,135.0,7.0,480.0,72.0,1
12.0,7764.0,261.0,220.0,7.0,485.0,67.0,1
10.0,3615.0,183.0,58.0,6.0,520.0,170.0,1
10.0,3851.0,208.0,16.0,4.0,635.0,120.0,0
1.0,382.0,208.0,159.0,6.0,610.0,120.0,0
11.0,6583.0,175.0,197.0,4.0,985.0,96.0,0
2.0,111.0,252.0,14.0,7.0,1245.0,220.0,0
3.0,71.0,148.0,277.0,1.0,820.0,180.0,0
15.0,519.0,154.0,2.0,5.0,1130.0,105.0,1
16.0,2461.0,146.0,135.0,4.0,723.0,77.0,0
1.0,2305.0,208.0,80.0,7.0,485.0,150.0,1
12.0,6566.0,261.0,253.0,6.0,427.0,143.0,1
13.0,262.0,134.0,233.0,5.0,510.0,72.0,0
6.0,5233.0,41.0,16.0,6.0,345.0,97.0,0
1.0,1260.0,183.0,159.0,7.0,1335.0,160.0,1
6.0,5605.0,16.0,190.0,5.0,505.0,85.0,0
0.0,4148.0,71.0,33.0,1.0,460.0,66.0,1
5.0,2244.0,197.0,184.0,6.0,790.0,69.0,0
14.0,1980.0,216.0,228.0,3.0,945.0,68.0,1
13.0,852.0,253.0,243.0,4.0,748.0,96.0,0
4.0,236.0,135.0,178.0,6.0,1075.0,71.0,0
15.0,778.0,79.0,233.0,1.0,1020.0,195.0,1
4.0,1580.0,252.0,96.0,4.0,450.0,305.0,0
6.0,7078.0,238.0,134.0,3.0,858.0,80.0,1
12.0,6560.0,79.0,111.0,1.0,914.0,146.0,0
5.0,1040.0,16.0,198.0,7.0,745.0,95.0,1
8.0,994.0,35.0,184.0,1.0,1056.0,159.0,1
13.0,41.0,253.0,161.0,1.0,567.0,342.0,1
10.0,4157.0,33.0,208.0,4.0,1120.0,105.0,0
6.0,5328.0,121.0,16.0,3.0,582.0,65.0,1
17.0,7283.0,244.0,208.0,4.0,466.0,160.0,0
6.0,7114.0,134.0,148.0,1.0,1020.0,96.0,1
5.0,1392.0,159.0,35.0,3.0,1050.0,76.0,1
16.0,3075.0,96.0,228.0,4.0,760.0,59.0,0
2.0,478.0,252.0,154.0,4.0,1185.0,155.0,0
2.0,121.0,252.0,14.0,7.0,1425.0,223.0,1
8.0,263.0,184.0,78.0,5.0,870.0,109.0,0
5.0,2816.0,153.0,85.0,5.0,360.0,234.0,0
1.0,1974.0,154.0,33.0,7.0,615.0,235.0,0
1.0,1186.0,268.0,208.0,5.0,1210.0,65.0,0
2.0,152.0,14.0,206.0,3.0,660.0,94.0,0
8.0,133.0,16.0,277.0,1.0,525.0,84.0,0
15.0,1441.0,154.0,202.0,7.0,435.0,75.0,0
2.0,504.0,252.0,264.0,4.0,505.0,162.0,0
14.0,795.0,148.0,60.0,6.0,380.0,120.0,1
15.0,517.0,217.0,202.0,4.0,1050.0,125.0,1
17.0,2818.0,217.0,84.0,6.0,950.0,167.0,0
12.0,6824.0,253.0,231.0,7.0,947.0,69.0,1
6.0,5527.0,36.0,16.0,7.0,1010.0,78.0,0
1.0,848.0,80.0,16.0,1.0,1070.0,130.0,0
12.0,6843.0,72.0,208.0,4.0,408.0,68.0,0
1.0,1741.0,159.0,33.0,7.0,915.0,160.0,0
16.0,2142.0,204.0,96.0,1.0,443.0,187.0,0
15.0,2678.0,75.0,268.0,7.0,845.0,100.0,0
0.0,3881.0,129.0,16.0,7.0,1070.0,125.0,1
15.0,2729.0,175.0,18.0,6.0,930.0,170.0,1
15.0,1747.0,129.0,175.0,7.0,695.0,145.0,0
9.0,115.0,203.0,128.0,7.0,458.0,34.0,0
15.0,1815.0,18.0,153.0,1.0,855.0,185.0,1
14.0,415.0,217.0,253.0,5.0,1270.0,129.0,0
12.0,7017.0,79.0,65.0,7.0,1062.0,35.0,0
16.0,2010.0,135.0,251.0,3.0,820.0,125.0,1
5.0,1048.0,85.0,233.0,6.0,1050.0,105.0,1
6.0,7357.0,16.0,61.0,6.0,970.0,92.0,1
12.0,6411.0,154.0,248.0,3.0,781.0,61.0,0
13.0,677.0,208.0,159.0,1.0,390.0,126.0,1
15.0,27.0,75.0,129.0,3.0,780.0,60.0,0
12.0,6934.0,253.0,236.0,7.0,1373.0,64.0,1
1.0,1499.0,277.0,80.0,1.0,715.0,175.0,1
5.0,2150.0,252.0,261.0,7.0,623.0,113.0,0
14.0,683.0,217.0,96.0,3.0,980.0,275.0,1
16.0,2616.0,165.0,135.0,4.0,340.0,66.0,0
14.0,75.0,148.0,217.0,6.0,599.0,338.0,0
5.0,1004.0,279.0,16.0,7.0,420.0,122.0,0
15.0,795.0,172.0,204.0,1.0,980.0,70.0,1
15.0,153.0,153.0,79.0,1.0,405.0,115.0,0
5.0,1479.0,177.0,153.0,4.0,570.0,234.0,0
1.0,789.0,208.0,79.0,1.0,880.0,155.0,1
4.0,503.0,154.0,96.0,4.0,850.0,309.0,1
17.0,7256.0,139.0,134.0,3.0,872.0,102.0,1
12.0,6651.0,236.0,154.0,7.0,602.0,86.0,0
15.0,1398.0,277.0,33.0,1.0,610.0,115.0,1
1.0,775.0,183.0,269.0,3.0,745.0,150.0,0
10.0,4160.0,61.0,208.0,3.0,565.0,90.0,1
5.0,1023.0,16.0,267.0,1.0,821.0,92.0,1
5.0,252.0,104.0,85.0,7.0,692.0,188.0,0
3.0,92.0,261.0,148.0,3.0,1392.0,248.0,0
6.0,5051.0,16.0,120.0,5.0,965.0,79.0,1
12.0,4562.0,261.0,65.0,4.0,1190.0,97.0,0
1.0,1491.0,216.0,80.0,6.0,995.0,240.0,0
12.0,6412.0,253.0,262.0,6.0,608.0,43.0,1
15.0,1318.0,198.0,129.0,6.0,490.0,75.0,0
10.0,4696.0,148.0,35.0,4.0,1200.0,80.0,1
5.0,2651.0,216.0,261.0,5.0,430.0,318.0,0
12.0,7032.0,154.0,292.0,7.0,771.0,70.0,0
6.0,7349.0,204.0,177.0,3.0,375.0,93.0,0
8.0,164.0,260.0,16.0,3.0,1035.0,248.0,0
4.0,1679.0,135.0,244.0,5.0,505.0,57.0,0
15.0,702.0,268.0,198.0,1.0,905.0,120.0,0
5.0,1897.0,197.0,244.0,3.0,1050.0,183.0,0
1.0,1720.0,252.0,80.0,7.0,505.0,230.0,0
15.0,644.0,44.0,258.0,3.0,990.0,65.0,0
12.0,4777.0,224.0,261.0,6.0,795.0,90.0,0
14.0,1472.0,216.0,228.0,1.0,580.0,69.0,0
12.0,6490.0,154.0,236.0,1.0,780.0,85.0,0
5.0,1952.0,61.0,16.0,3.0,585.0,101.0,0
0.0,3678.0,112.0,197.0,6.0,785.0,65.0,0
15.0,1099.0,44.0,202.0,5.0,540.0,70.0,1
5.0,300.0,16.0,197.0,6.0,1305.0,171.0,0
1.0,1120.0,197.0,208.0,6.0,700.0,90.0,0
12.0,4662.0,2.0,261.0,3.0,360.0,101.0,0
15.0,567.0,216.0,277.0,5.0,990.0,175.0,0
5.0,1175.0,85.0,16.0,7.0,595.0,126.0,0
12.0,4577.0,157.0,197.0,3.0,1130.0,130.0,0
12.0,6511.0,154.0,100.0,3.0,1257.0,57.0,1
17.0,7212.0,134.0,238.0,7.0,1033.0,71.0,0
8.0,1270.0,76.0,173.0,5.0,390.0,146.0,0
0.0,3664.0,171.0,85.0,4.0,915.0,62.0,0
5.0,1082.0,16.0,85.0,4.0,772.0,123.0,0
15.0,185.0,139.0,45.0,1.0,395.0,100.0,0
1.0,1554.0,244.0,80.0,5.0,965.0,70.0,0
4.0,315.0,37.0,96.0,7.0,165.0,243.0,0
5.0,2894.0,148.0,173.0,7.0,750.0,170.0,1
16.0,5956.0,208.0,117.0,4.0,1280.0,52.0,1
15.0,2838.0,153.0,217.0,6.0,840.0,70.0,0
10.0,4576.0,159.0,60.0,7.0,375.0,120.0,0
15.0,2772.0,204.0,75.0,6.0,465.0,55.0,0
8.0,777.0,16.0,153.0,6.0,635.0,285.0,0
10.0,3392.0,108.0,80.0,4.0,605.0,65.0,0
15.0,258.0,154.0,261.0,5.0,1140.0,105.0,1
15.0,687.0,153.0,258.0,7.0,1105.0,80.0,1
15.0,3311.0,18.0,79.0,7.0,775.0,140.0,1
10.0,4201.0,61.0,208.0,5.0,610.0,90.0,0
3.0,97.0,148.0,79.0,7.0,1270.0,272.0,0
8.0,605.0,241.0,45.0,7.0,760.0,137.0,1
5.0,329.0,147.0,16.0,3.0,846.0,78.0,0
6.0,5447.0,16.0,41.0,7.0,815.0,97.0,0
14.0,1996.0,260.0,216.0,3.0,585.0,238.0,1
16.0,2887.0,96.0,45.0,3.0,482.0,76.0,0
2.0,509.0,264.0,252.0,1.0,840.0,168.0,0
2.0,568.0,214.0,154.0,5.0,1070.0,135.0,1
5.0,1868.0,154.0,197.0,4.0,470.0,221.0,0
12.0,4591.0,224.0,261.0,5.0,390.0,96.0,1
15.0,3096.0,153.0,162.0,6.0,570.0,180.0,1
15.0,1677.0,58.0,153.0,5.0,995.0,290.0,1
3.0,1012.0,148.0,35.0,7.0,390.0,65.0,1
4.0,201.0,96.0,104.0,6.0,1050.0,174.0,0
13.0,357.0,45.0,208.0,1.0,905.0,130.0,0
4.0,328.0,96.0,60.0,7.0,1088.0,128.0,1
2.0,875.0,252.0,161.0,5.0,1005.0,373.0,1
16.0,2987.0,42.0,58.0,3.0,1080.0,95.0,0
15.0,3504.0,233.0,216.0,5.0,1130.0,80.0,1
1.0,874.0,208.0,35.0,5.0,1150.0,135.0,0
10.0,4069.0,32.0,208.0,3.0,390.0,50.0,1
15.0,1124.0,204.0,268.0,5.0,960.0,85.0,0
15.0,624.0,262.0,154.0,7.0,1245.0,80.0,1
15.0,767.0,85.0,268.0,5.0,555.0,105.0,0
10.0,2747.0,80.0,121.0,5.0,1185.0,130.0,0
8.0,1952.0,104.0,16.0,4.0,705.0,118.0,0
16.0,2944.0,135.0,177.0,4.0,960.0,93.0,0
9.0,334.0,128.0,203.0,1.0,915.0,37.0,1
7.0,231.0,33.0,79.0,3.0,880.0,173.0,0
3.0,1404.0,253.0,18.0,3.0,960.0,201.0,0
5.0,2329.0,16.0,252.0,3.0,1310.0,336.0,1
11.0,6511.0,177.0,71.0,4.0,1135.0,92.0,0
11.0,6603.0,197.0,204.0,4.0,855.0,134.0,0
15.0,1566.0,18.0,75.0,5.0,710.0,55.0,0
5.0,2198.0,197.0,85.0,1.0,500.0,109.0,1
14.0,1469.0,216.0,16.0,4.0,970.0,149.0,0
4.0,1132.0,96.0,35.0,7.0,954.0,80.0,1
2.0,586.0,214.0,264.0,5.0,700.0,142.0,0
15.0,359.0,153.0,264.0,5.0,1055.0,65.0,0
13.0,875.0,79.0,252.0,3.0,510.0,183.0,0
15.0,1381.0,243.0,202.0,4.0,1235.0,85.0,0
14.0,1516.0,45.0,216.0,6.0,450.0,52.0,0
7.0,287.0,268.0,79.0,3.0,1125.0,144.0,0
13.0,85.0,79.0,154.0,6.0,947.0,153.0,1
13.0,662.0,253.0,197.0,6.0,773.0,230.0,0
15.0,164.0,153.0,217.0,4.0,1280.0,60.0,0
5.0,1659.0,16.0,54.0,7.0,1226.0,73.0,0
5.0,1761.0,216.0,16.0,3.0,915.0,143.0,1
14.0,962.0,79.0,216.0,1.0,680.0,208.0,0
13.0,125.0,134.0,79.0,4.0,1125.0,240.0,1
13.0,631.0,78.0,208.0,7.0,1185.0,132.0,0
4.0,1632.0,135.0,159.0,7.0,1060.0,200.0,1
5.0,2071.0,261.0,217.0,6.0,666.0,97.0,1
12.0,4850.0,261.0,135.0,1.0,1030.0,180.0,1
17.0,7294.0,247.0,208.0,5.0,334.0,46.0,0
4.0,1555.0,213.0,96.0,5.0,690.0,173.0,1
12.0,4847.0,197.0,192.0,6.0,545.0,91.0,1
11.0,6765.0,159.0,195.0,1.0,867.0,172.0,1
17.0,2912.0,227.0,217.0,1.0,709.0,66.0,0
2.0,603.0,153.0,252.0,1.0,420.0,160.0,0
4.0,93.0,253.0,135.0,3.0,745.0,225.0,1
10.0,3181.0,258.0,154.0,4.0,775.0,75.0,0
5.0,2280.0,268.0,16.0,6.0,360.0,110.0,0
12.0,6519.0,154.0,258.0,7.0,977.0,69.0,0
5.0,1038.0,16.0,139.0,5.0,1319.0,98.0,0
17.0,7260.0,134.0,16.0,4.0,1327.0,109.0,1
16.0,5976.0,208.0,157.0,1.0,963.0,72.0,1
12.0,6701.0,99.0,79.0,4.0,380.0,128.0,0
5.0,651.0,175.0,16.0,3.0,675.0,114.0,1
5.0,1181.0,241.0,16.0,1.0,360.0,110.0,0
4.0,234.0,252.0,96.0,6.0,1340.0,289.0,0
15.0,1348.0,154.0,153.0,6.0,830.0,65.0,1
7.0,145.0,129.0,79.0,1.0,949.0,141.0,0
11.0,6329.0,69.0,16.0,6.0,405.0,110.0,0
6.0,5007.0,47.0,16.0,6.0,525.0,85.0,1
8.0,221.0,184.0,16.0,1.0,1000.0,121.0,1
11.0,6489.0,80.0,71.0,1.0,688.0,127.0,0
12.0,6361.0,99.0,79.0,4.0,726.0,118.0,0
1.0,253.0,154.0,203.0,5.0,525.0,345.0,0
8.0,328.0,253.0,16.0,5.0,1439.0,270.0,0
7.0,762.0,153.0,79.0,3.0,587.0,110.0,0
9.0,341.0,143.0,128.0,7.0,577.0,49.0,0
14.0,90.0,217.0,214.0,4.0,885.0,165.0,0
15.0,829.0,44.0,153.0,5.0,1015.0,65.0,1
15.0,1158.0,258.0,264.0,5.0,1025.0,75.0,1
3.0,173.0,148.0,258.0,4.0,1075.0,397.0,0
15.0,823.0,262.0,252.0,1.0,790.0,110.0,1
10.0,3893.0,208.0,216.0,3.0,425.0,120.0,0
10.0,2866.0,1.0,80.0,1.0,655.0,50.0,1
14.0,415.0,217.0,253.0,7.0,1270.0,129.0,1
15.0,3499.0,173.0,228.0,7.0,670.0,155.0,0
2.0,52.0,98.0,14.0,3.0,1340.0,60.0,1
14.0,1883.0,147.0,60.0,4.0,835.0,77.0,0
8.0,1400.0,238.0,173.0,3.0,792.0,173.0,1
15.0,211.0,243.0,262.0,5.0,650.0,95.0,1
10.0,4548.0,159.0,61.0,4.0,779.0,121.0,0
15.0,2304.0,243.0,268.0,6.0,690.0,210.0,1
1.0,560.0,236.0,208.0,1.0,830.0,235.0,0
1.0,286.0,161.0,154.0,7.0,1320.0,330.0,0
15.0,1805.0,154.0,262.0,7.0,545.0,80.0,0
5.0,2313.0,16.0,129.0,5.0,1296.0,141.0,0
8.0,907.0,215.0,16.0,1.0,938.0,105.0,0
12.0,6655.0,208.0,86.0,6.0,905.0,71.0,1
0.0,4298.0,177.0,116.0,5.0,575.0,80.0,0
14.0,1809.0,221.0,60.0,6.0,550.0,98.0,0
3.0,279.0,153.0,160.0,6.0,500.0,65.0,0
15.0,118.0,207.0,217.0,5.0,600.0,65.0,1
6.0,5021.0,162.0,16.0,6.0,1003.0,98.0,0
12.0,4708.0,154.0,261.0,5.0,1290.0,104.0,1
15.0,389.0,129.0,198.0,3.0,695.0,60.0,0
8.0,1118.0,173.0,159.0,6.0,480.0,146.0,0
2.0,876.0,128.0,214.0,5.0,755.0,330.0,0
8.0,961.0,48.0,35.0,7.0,1099.0,98.0,1
15.0,1392.0,153.0,44.0,1.0,695.0,70.0,1
10.0,3219.0,80.0,129.0,1.0,520.0,65.0,0
6.0,5533.0,215.0,16.0,4.0,633.0,112.0,0
14.0,90.0,96.0,217.0,5.0,610.0,329.0,0
15.0,3142.0,75.0,244.0,3.0,760.0,65.0,0
1.0,1622.0,214.0,80.0,7.0,740.0,220.0,1
1.0,1049.0,45.0,183.0,5.0,930.0,175.0,0
6.0,7397.0,52.0,16.0,7.0,885.0,56.0,0
10.0,2737.0,80.0,107.0,7.0,1140.0,125.0,1
5.0,1295.0,16.0,186.0,7.0,890.0,93.0,0
8.0,237.0,16.0,234.0,7.0,1330.0,92.0,0
1.0,1098.0,280.0,80.0,3.0,490.0,130.0,1
14.0,754.0,16.0,216.0,5.0,890.0,129.0,0
14.0,1489.0,35.0,60.0,7.0,1145.0,147.0,1
5.0,2586.0,16.0,159.0,3.0,1060.0,144.0,1
0.0,3959.0,85.0,175.0,4.0,455.0,87.0,1
5.0,1075.0,233.0,16.0,6.0,660.0,86.0,0
14.0,2126.0,159.0,35.0,6.0,720.0,65.0,0
16.0,5977.0,134.0,71.0,3.0,1051.0,100.0,0
11.0,6267.0,221.0,85.0,6.0,925.0,79.0,0
1.0,826.0,261.0,80.0,1.0,500.0,170.0,1
4.0,1493.0,173.0,96.0,4.0,719.0,155.0,1
11.0,6658.0,61.0,78.0,4.0,390.0,81.0,1
5.0,1441.0,16.0,162.0,4.0,1227.0,96.0,1
16.0,3126.0,155.0,135.0,1.0,460.0,95.0,0
4.0,33.0,135.0,198.0,5.0,930.0,66.0,0
6.0,5164.0,16.0,47.0,4.0,1077.0,63.0,0
15.0,1760.0,129.0,279.0,4.0,865.0,80.0,0
16.0,2916.0,135.0,205.0,1.0,545.0,129.0,0
2.0,55.0,98.0,249.0,6.0,460.0,71.0,0
12.0,4709.0,154.0,253.0,1.0,600.0,72.0,1
5.0,684.0,16.0,71.0,4.0,595.0,97.0,1
12.0,4491.0,243.0,154.0,6.0,1195.0,49.0,0
15.0,3023.0,277.0,198.0,6.0,495.0,105.0,0
13.0,967.0,134.0,154.0,1.0,994.0,348.0,0
4.0,1646.0,135.0,208.0,5.0,630.0,149.0,1
11.0,6365.0,17.0,85.0,4.0,972.0,78.0,1
1.0,285.0,154.0,161.0,3.0,985.0,355.0,0
1.0,517.0,80.0,258.0,3.0,450.0,230.0,1
1.0,1093.0,96.0,80.0,1.0,450.0,250.0,0
2.0,137.0,214.0,14.0,7.0,1065.0,235.0,0
15.0,414.0,268.0,153.0,5.0,925.0,225.0,0
16.0,2853.0,76.0,96.0,3.0,375.0,108.0,0
10.0,3659.0,183.0,120.0,7.0,1185.0,125.0,0
5.0,1711.0,16.0,80.0,6.0,1311.0,151.0,0
5.0,2018.0,173.0,16.0,4.0,690.0,93.0,0
10.0,3342.0,80.0,68.0,5.0,735.0,80.0,0
10.0,3823.0,197.0,208.0,4.0,780.0,95.0,1
12.0,4479.0,261.0,153.0,5.0,1310.0,81.0,0
10.0,4581.0,60.0,159.0,3.0,360.0,110.0,1
4.0,667.0,252.0,14.0,4.0,1267.0,217.0,1
5.0,2460.0,183.0,16.0,6.0,605.0,120.0,0
0.0,4293.0,148.0,43.0,6.0,655.0,125.0,1
12.0,6889.0,208.0,107.0,5.0,1240.0,94.0,1
15.0,3320.0,253.0,153.0,7.0,560.0,95.0,0
5.0,341.0,16.0,285.0,5.0,1225.0,55.0,0
6.0,5156.0,146.0,16.0,6.0,850.0,85.0,0
12.0,6333.0,243.0,154.0,3.0,894.0,42.0,0
15.0,2284.0,280.0,153.0,6.0,435.0,75.0,0
12.0,6319.0,134.0,221.0,5.0,900.0,60.0,0
6.0,5097.0,16.0,200.0,3.0,1140.0,78.0,0
10.0,2894.0,184.0,80.0,5.0,555.0,165.0,1
15.0,100.0,141.0,104.0,1.0,460.0,185.0,0
10.0,4396.0,233.0,78.0,1.0,435.0,65.0,1
4.0,1877.0,216.0,135.0,1.0,910.0,223.0,0
5.0,1824.0,16.0,45.0,6.0,895.0,107.0,1
15.0,868.0,153.0,44.0,7.0,1065.0,65.0,0
1.0,400.0,80.0,148.0,7.0,655.0,205.0,0
14.0,436.0,217.0,280.0,5.0,668.0,48.0,1
15.0,2091.0,268.0,85.0,6.0,1005.0,90.0,0
12.0,6676.0,100.0,79.0,4.0,463.0,143.0,0
7.0,859.0,79.0,217.0,4.0,1086.0,111.0,1
12.0,6404.0,93.0,253.0,3.0,645.0,90.0,1
10.0,3378.0,116.0,80.0,5.0,655.0,110.0,0
12.0,7776.0,261.0,235.0,1.0,820.0,59.0,1
14.0,975.0,197.0,60.0,1.0,610.0,149.0,0
2.0,14.0,252.0,96.0,5.0,905.0,307.0,0
15.0,1832.0,280.0,153.0,6.0,680.0,80.0,0
12.0,6437.0,214.0,252.0,5.0,780.0,50.0,0
6.0,5175.0,190.0,16.0,4.0,940.0,75.0,0
6.0,7315.0,121.0,16.0,1.0,682.0,58.0,0
4.0,199.0,135.0,79.0,3.0,440.0,157.0,1
15.0,1943.0,173.0,268.0,1.0,885.0,155.0,1
3.0,1784.0,173.0,148.0,6.0,954.0,155.0,0
6.0,5402.0,147.0,85.0,3.0,720.0,150.0,1
12.0,4495.0,197.0,112.0,4.0,1035.0,75.0,1
10.0,3317.0,80.0,259.0,3.0,460.0,60.0,1
4.0,447.0,208.0,135.0,5.0,645.0,165.0,0
5.0,2367.0,16.0,243.0,5.0,502.0,290.0,0
15.0,3842.0,153.0,217.0,5.0,365.0,70.0,0
15.0,1025.0,217.0,91.0,3.0,500.0,70.0,0
14.0,1289.0,35.0,216.0,5.0,330.0,84.0,0
15.0,512.0,153.0,184.0,5.0,570.0,210.0,0
14.0,799.0,216.0,173.0,5.0,1095.0,164.0,0
5.0,1160.0,243.0,261.0,6.0,785.0,112.0,0
15.0,1020.0,205.0,217.0,5.0,865.0,175.0,1
10.0,3886.0,208.0,197.0,4.0,805.0,85.0,1
12.0,6524.0,253.0,214.0,3.0,1011.0,100.0,0
15.0,1141.0,45.0,35.0,1.0,980.0,85.0,0
14.0,662.0,79.0,217.0,7.0,733.0,112.0,0
12.0,6588.0,262.0,6.0,3.0,1277.0,59.0,1
14.0,1458.0,60.0,148.0,3.0,1329.0,114.0,1
1.0,1383.0,197.0,80.0,3.0,525.0,155.0,0
13.0,528.0,208.0,216.0,7.0,510.0,125.0,0
2.0,632.0,252.0,217.0,6.0,450.0,170.0,0
11.0,6649.0,71.0,85.0,4.0,1175.0,85.0,0
6.0,5080.0,188.0,16.0,7.0,686.0,93.0,0
12.0,6653.0,191.0,253.0,5.0,939.0,33.0,1
15.0,2972.0,258.0,243.0,6.0,1050.0,80.0,0
12.0,6595.0,261.0,79.0,7.0,526.0,100.0,0
1.0,318.0,80.0,78.0,4.0,1110.0,160.0,0
16.0,3041.0,135.0,68.0,4.0,615.0,68.0,1
4.0,1028.0,60.0,135.0,3.0,991.0,182.0,0
5.0,2143.0,96.0,16.0,6.0,500.0,160.0,0
10.0,3231.0,13.0,80.0,4.0,1140.0,70.0,0
10.0,3646.0,147.0,183.0,6.0,1150.0,80.0,1
9.0,307.0,150.0,128.0,7.0,1205.0,42.0,0
5.0,2548.0,241.0,159.0,7.0,840.0,163.0,0
5.0,1188.0,198.0,16.0,3.0,1050.0,90.0,1
10.0,4215.0,33.0,208.0,1.0,930.0,105.0,0
12.0,4687.0,137.0,261.0,6.0,410.0,56.0,0
14.0,1747.0,216.0,153.0,6.0,470.0,342.0,0
11.0,6770.0,139.0,78.0,4.0,370.0,100.0,0
10.0,2827.0,80.0,54.0,1.0,510.0,145.0,0
10.0,3940.0,208.0,157.0,7.0,740.0,85.0,1
12.0,6851.0,15.0,79.0,4.0,420.0,55.0,0
10.0,3037.0,154.0,246.0,4.0,995.0,40.0,0
17.0,2636.0,60.0,74.0,7.0,881.0,93.0,0
7.0,106.0,79.0,197.0,1.0,635.0,116.0,0
14.0,1983.0,60.0,16.0,5.0,480.0,90.0,0
12.0,6660.0,100.0,154.0,4.0,1151.0,69.0,1
12.0,6596.0,253.0,179.0,5.0,807.0,96.0,0
15.0,1227.0,216.0,175.0,1.0,750.0,135.0,1
3.0,908.0,208.0,148.0,1.0,675.0,125.0,0
16.0,2965.0,96.0,197.0,5.0,840.0,194.0,0
5.0,1160.0,261.0,139.0,4.0,1020.0,193.0,1
11.0,6356.0,177.0,233.0,4.0,1132.0,111.0,0
13.0,196.0,214.0,208.0,7.0,1394.0,235.0,0
13.0,808.0,154.0,253.0,1.0,768.0,92.0,1
16.0,2921.0,119.0,135.0,5.0,388.0,182.0,1
15.0,676.0,58.0,153.0,6.0,910.0,290.0,1
15.0,1945.0,198.0,27.0,1.0,865.0,60.0,0
15.0,1414.0,198.0,217.0,3.0,685.0,215.0,1
10.0,3994.0,240.0,208.0,4.0,795.0,75.0,0
5.0,1264.0,261.0,134.0,1.0,1016.0,246.0,0
15.0,340.0,202.0,264.0,4.0,780.0,80.0,1
2.0,871.0,128.0,14.0,4.0,1325.0,356.0,0
16.0,5948.0,208.0,58.0,3.0,645.0,72.0,1
6.0,5310.0,11.0,16.0,4.0,813.0,67.0,0
11.0,6544.0,43.0,148.0,3.0,1160.0,108.0,0
15.0,268.0,264.0,153.0,7.0,825.0,65.0,1
3.0,745.0,173.0,260.0,3.0,855.0,159.0,1
16.0,2042.0,135.0,27.0,7.0,1180.0,99.0,0
16.0,2882.0,135.0,33.0,1.0,1045.0,108.0,1
15.0,272.0,243.0,280.0,5.0,850.0,70.0,0
5.0,1892.0,277.0,85.0,5.0,698.0,166.0,0
0.0,4161.0,177.0,18.0,4.0,565.0,117.0,0
0.0,3876.0,204.0,16.0,1.0,796.0,121.0,0
14.0,543.0,80.0,153.0,3.0,900.0,176.0,0
0.0,4055.0,84.0,197.0,3.0,716.0,76.0,1
14.0,683.0,261.0,217.0,7.0,815.0,95.0,1
6.0,5400.0,174.0,16.0,3.0,1035.0,137.0,1
12.0,6437.0,100.0,253.0,7.0,1194.0,54.0,1
1.0,1247.0,208.0,154.0,4.0,680.0,265.0,1
5.0,101.0,154.0,16.0,3.0,622.0,252.0,1
14.0,1589.0,228.0,60.0,7.0,775.0,140.0,0
11.0,6762.0,197.0,221.0,1.0,600.0,130.0,0
15.0,894.0,277.0,209.0,4.0,700.0,115.0,0
2.0,660.0,252.0,80.0,3.0,420.0,230.0,0
15.0,1753.0,173.0,61.0,3.0,850.0,135.0,1
12.0,7037.0,79.0,280.0,6.0,506.0,121.0,0
15.0,3503.0,175.0,79.0,3.0,900.0,165.0,1
12.0,4772.0,197.0,268.0,1.0,625.0,92.0,1
10.0,4009.0,221.0,208.0,7.0,780.0,100.0,1
16.0,2863.0,190.0,135.0,7.0,885.0,90.0,0
1.0,1284.0,80.0,60.0,5.0,1035.0,140.0,1
10.0,4254.0,208.0,20.0,5.0,1125.0,110.0,0
6.0,7109.0,132.0,134.0,4.0,675.0,105.0,0
2.0,65.0,149.0,14.0,3.0,780.0,107.0,1
10.0,3619.0,183.0,275.0,1.0,990.0,85.0,1
8.0,59.0,16.0,154.0,1.0,676.0,320.0,0
15.0,1131.0,258.0,154.0,7.0,1085.0,70.0,1
14.0,1996.0,260.0,216.0,5.0,585.0,238.0,0
12.0,6753.0,154.0,57.0,5.0,1110.0,41.0,1
5.0,141.0,148.0,183.0,6.0,898.0,199.0,1
12.0,7047.0,208.0,117.0,1.0,645.0,53.0,0
0.0,4172.0,177.0,139.0,1.0,525.0,85.0,0
5.0,2189.0,85.0,261.0,3.0,1155.0,239.0,1
15.0,520.0,241.0,173.0,1.0,670.0,50.0,0
0.0,3935.0,96.0,85.0,3.0,355.0,130.0,1
14.0,1580.0,154.0,60.0,4.0,815.0,268.0,1
16.0,2799.0,135.0,136.0,5.0,540.0,101.0,0
10.0,3786.0,135.0,208.0,3.0,925.0,155.0,1
15.0,2714.0,173.0,27.0,7.0,505.0,95.0,0
3.0,1758.0,260.0,104.0,4.0,796.0,164.0,1
12.0,6970.0,253.0,262.0,3.0,957.0,44.0,0
10.0,3373.0,68.0,80.0,4.0,495.0,80.0,0
5.0,2648.0,16.0,43.0,5.0,536.0,135.0,0
17.0,2905.0,217.0,114.0,1.0,790.0,122.0,1
12.0,6982.0,79.0,67.0,5.0,492.0,57.0,0
15.0,115.0,111.0,214.0,5.0,1120.0,65.0,0
14.0,1702.0,60.0,22.0,5.0,980.0,114.0,0
7.0,623.0,79.0,85.0,6.0,650.0,164.0,0
5.0,151.0,134.0,16.0,5.0,748.0,124.0,0
10.0,3294.0,146.0,80.0,7.0,870.0,95.0,0
5.0,2096.0,197.0,159.0,6.0,600.0,162.0,1
8.0,912.0,184.0,45.0,1.0,360.0,120.0,0
15.0,1252.0,45.0,228.0,1.0,605.0,70.0,1
15.0,1268.0,184.0,153.0,3.0,640.0,240.0,1
5.0,1111.0,16.0,233.0,4.0,1045.0,83.0,1
15.0,3494.0,154.0,261.0,7.0,485.0,105.0,0
3.0,1325.0,35.0,45.0,5.0,920.0,88.0,0
3.0,180.0,217.0,148.0,5.0,1395.0,270.0,0
2.0,62.0,98.0,14.0,7.0,360.0,70.0,0
6.0,4951.0,91.0,16.0,5.0,669.0,178.0,1
3.0,154.0,173.0,148.0,5.0,745.0,152.0,1
12.0,6570.0,79.0,132.0,4.0,628.0,148.0,0
15.0,974.0,175.0,221.0,6.0,1015.0,80.0,1
12.0,6742.0,15.0,79.0,1.0,500.0,55.0,0
12.0,7770.0,255.0,261.0,5.0,531.0,84.0,0
1.0,2223.0,159.0,268.0,1.0,990.0,170.0,0
15.0,1128.0,33.0,18.0,5.0,1070.0,140.0,0
8.0,376.0,277.0,184.0,3.0,1085.0,169.0,1
5.0,1224.0,261.0,216.0,3.0,1025.0,258.0,1
5.0,1683.0,139.0,261.0,7.0,510.0,224.0,0
15.0,1136.0,154.0,253.0,5.0,455.0,80.0,1
15.0,1157.0,33.0,45.0,7.0,405.0,100.0,1
15.0,1018.0,154.0,202.0,1.0,1005.0,75.0,0
8.0,506.0,159.0,184.0,3.0,1122.0,147.0,1
5.0,1452.0,2.0,16.0,3.0,510.0,179.0,1
5.0,1299.0,154.0,150.0,5.0,845.0,355.0,1
3.0,305.0,134.0,104.0,3.0,469.0,156.0,1
14.0,683.0,261.0,217.0,5.0,815.0,95.0,1
5.0,1982.0,177.0,16.0,3.0,365.0,85.0,0
15.0,1599.0,268.0,27.0,1.0,910.0,75.0,0
10.0,4004.0,71.0,208.0,3.0,380.0,80.0,1
1.0,364.0,80.0,213.0,4.0,1180.0,150.0,1
1.0,1775.0,80.0,264.0,1.0,675.0,195.0,0
5.0,2101.0,35.0,16.0,5.0,960.0,183.0,0
15.0,1700.0,175.0,277.0,6.0,1125.0,160.0,1
15.0,10.0,129.0,75.0,5.0,510.0,55.0,1
4.0,658.0,135.0,78.0,3.0,1145.0,168.0,0
12.0,6825.0,253.0,231.0,5.0,1290.0,69.0,0
13.0,364.0,154.0,79.0,5.0,1106.0,141.0,0
15.0,1814.0,202.0,154.0,3.0,500.0,75.0,0
3.0,1005.0,35.0,148.0,5.0,441.0,75.0,1
15.0,2007.0,197.0,175.0,3.0,1180.0,90.0,0
8.0,8.0,260.0,173.0,6.0,425.0,195.0,0
6.0,5582.0,16.0,132.0,3.0,831.0,61.0,1
9.0,47.0,202.0,128.0,6.0,535.0,335.0,0
6.0,5217.0,16.0,146.0,1.0,805.0,79.0,1
9.0,295.0,203.0,128.0,6.0,825.0,34.0,0
11.0,6451.0,71.0,197.0,6.0,430.0,133.0,0
6.0,5117.0,16.0,101.0,6.0,525.0,85.0,0
1.0,527.0,35.0,183.0,7.0,640.0,215.0,0
10.0,3938.0,208.0,162.0,6.0,910.0,115.0,1
14.0,956.0,104.0,216.0,3.0,705.0,159.0,1
14.0,2142.0,159.0,35.0,5.0,1200.0,75.0,0
15.0,592.0,202.0,243.0,6.0,560.0,85.0,1
5.0,2072.0,16.0,197.0,5.0,960.0,165.0,1
14.0,1085.0,60.0,173.0,6.0,885.0,102.0,1
17.0,2748.0,280.0,217.0,6.0,540.0,60.0,0
13.0,959.0,208.0,79.0,7.0,1205.0,161.0,0
6.0,5534.0,16.0,187.0,5.0,650.0,115.0,0
14.0,612.0,214.0,217.0,3.0,525.0,148.0,0
15.0,39.0,75.0,129.0,1.0,960.0,60.0,0
15.0,956.0,175.0,154.0,3.0,1145.0,285.0,1
15.0,1216.0,262.0,153.0,3.0,520.0,80.0,1
14.0,92.0,197.0,217.0,6.0,880.0,204.0,0
3.0,474.0,154.0,35.0,4.0,781.0,316.0,0
12.0,6466.0,154.0,261.0,3.0,464.0,112.0,0
5.0,2782.0,177.0,78.0,5.0,505.0,119.0,0
13.0,265.0,221.0,154.0,5.0,1096.0,330.0,0
15.0,30.0,91.0,217.0,3.0,960.0,75.0,1
5.0,1850.0,153.0,197.0,5.0,814.0,186.0,0
15.0,158.0,75.0,129.0,6.0,600.0,65.0,0
12.0,6261.0,208.0,195.0,4.0,1081.0,48.0,0
5.0,1842.0,244.0,16.0,5.0,330.0,142.0,0
15.0,1122.0,202.0,153.0,7.0,665.0,85.0,0
13.0,117.0,147.0,208.0,7.0,1039.0,161.0,0
1.0,1528.0,253.0,80.0,4.0,990.0,205.0,0
0.0,4282.0,116.0,177.0,4.0,680.0,83.0,1
1.0,1292.0,264.0,80.0,5.0,530.0,170.0,0
1.0,1251.0,80.0,172.0,4.0,1310.0,85.0,0
0.0,3782.0,85.0,20.0,7.0,880.0,89.0,1
12.0,6840.0,246.0,253.0,7.0,639.0,80.0,1
10.0,3368.0,162.0,80.0,1.0,510.0,80.0,0
14.0,1696.0,135.0,60.0,5.0,430.0,144.0,0
4.0,1476.0,135.0,216.0,1.0,602.0,192.0,1
5.0,1806.0,154.0,85.0,4.0,805.0,270.0,1
5.0,1982.0,177.0,16.0,7.0,365.0,85.0,0
1.0,700.0,80.0,159.0,3.0,370.0,190.0,1
12.0,4615.0,197.0,28.0,1.0,700.0,130.0,1
5.0,2548.0,241.0,159.0,1.0,847.0,163.0,1
9.0,111.0,143.0,203.0,3.0,504.0,37.0,0
10.0,4009.0,221.0,208.0,1.0,780.0,100.0,1
0.0,4153.0,85.0,43.0,4.0,605.0,77.0,0
9.0,105.0,203.0,128.0,4.0,381.0,33.0,0
15.0,995.0,159.0,175.0,1.0,640.0,155.0,1
5.0,1728.0,153.0,148.0,7.0,1010.0,293.0,1
12.0,4787.0,154.0,243.0,3.0,965.0,45.0,0
14.0,2039.0,35.0,78.0,3.0,900.0,96.0,0
2.0,21.0,208.0,252.0,5.0,480.0,280.0,0
15.0,789.0,45.0,184.0,6.0,800.0,125.0,1
15.0,3110.0,217.0,243.0,7.0,845.0,70.0,0
14.0,975.0,60.0,233.0,3.0,875.0,50.0,0
5.0,1105.0,261.0,128.0,3.0,700.0,428.0,1
15.0,192.0,162.0,75.0,6.0,445.0,70.0,1
0.0,4153.0,85.0,43.0,6.0,605.0,77.0,0
10.0,4287.0,208.0,61.0,3.0,1095.0,75.0,1
14.0,342.0,217.0,153.0,4.0,1075.0,69.0,0
11.0,6582.0,208.0,148.0,7.0,870.0,160.0,1
16.0,2277.0,135.0,38.0,5.0,715.0,68.0,0
11.0,6311.0,16.0,69.0,3.0,1231.0,84.0,0
6.0,5266.0,16.0,180.0,1.0,770.0,54.0,0
15.0,1783.0,12.0,45.0,1.0,725.0,75.0,1
1.0,1151.0,197.0,208.0,3.0,1045.0,95.0,1
15.0,1561.0,153.0,79.0,6.0,1155.0,110.0,1
15.0,2042.0,217.0,262.0,6.0,1125.0,120.0,1
10.0,3319.0,80.0,113.0,3.0,600.0,45.0,0
6.0,5003.0,16.0,52.0,5.0,967.0,51.0,0
10.0,3246.0,80.0,118.0,4.0,925.0,50.0,1
6.0,5022.0,177.0,157.0,1.0,575.0,80.0,0
1.0,477.0,80.0,2.0,5.0,845.0,110.0,0
1.0,1459.0,159.0,183.0,4.0,995.0,205.0,0
15.0,729.0,202.0,264.0,1.0,635.0,85.0,1
1.0,685.0,183.0,135.0,1.0,910.0,175.0,0
5.0,2124.0,16.0,45.0,7.0,670.0,115.0,0
1.0,1425.0,208.0,264.0,5.0,500.0,265.0,0
8.0,364.0,16.0,159.0,7.0,1157.0,130.0,0
6.0,5030.0,16.0,11.0,5.0,895.0,57.0,0
5.0,2891.0,261.0,264.0,5.0,660.0,115.0,0
1.0,2583.0,80.0,79.0,1.0,930.0,125.0,0
0.0,3792.0,85.0,171.0,3.0,830.0,46.0,0
2.0,20.0,252.0,208.0,7.0,520.0,235.0,0
15.0,1382.0,27.0,45.0,1.0,920.0,115.0,1
5.0,2230.0,16.0,172.0,5.0,647.0,138.0,0
15.0,829.0,258.0,44.0,5.0,935.0,60.0,1
4.0,1728.0,135.0,280.0,4.0,1095.0,165.0,0
15.0,2147.0,153.0,244.0,6.0,1120.0,150.0,1
2.0,49.0,14.0,9.0,3.0,914.0,61.0,0
5.0,1145.0,16.0,198.0,3.0,445.0,100.0,0
5.0,1046.0,261.0,16.0,1.0,720.0,213.0,0
1.0,303.0,159.0,208.0,4.0,435.0,165.0,1
5.0,1097.0,139.0,16.0,4.0,1027.0,102.0,1
14.0,1179.0,104.0,60.0,6.0,605.0,119.0,0
8.0,184.0,16.0,78.0,1.0,455.0,101.0,0
12.0,6540.0,29.0,79.0,6.0,393.0,107.0,0
5.0,2581.0,251.0,16.0,7.0,595.0,88.0,0
3.0,1108.0,233.0,148.0,3.0,930.0,92.0,1
0.0,4393.0,148.0,85.0,5.0,985.0,139.0,0
5.0,1833.0,71.0,154.0,3.0,970.0,293.0,1
5.0,27.0,16.0,85.0,1.0,655.0,125.0,1
15.0,3926.0,2.0,172.0,4.0,690.0,110.0,1
10.0,3377.0,283.0,80.0,1.0,1015.0,60.0,0
14.0,49.0,217.0,153.0,3.0,660.0,71.0,1
5.0,2457.0,119.0,197.0,1.0,615.0,90.0,1
10.0,3542.0,58.0,80.0,6.0,400.0,185.0,0
5.0,2720.0,208.0,85.0,5.0,981.0,83.0,1
15.0,804.0,34.0,79.0,4.0,995.0,110.0,0
5.0,1147.0,16.0,213.0,5.0,820.0,105.0,1
5.0,2155.0,16.0,154.0,4.0,1038.0,300.0,1
5.0,1724.0,16.0,45.0,7.0,965.0,110.0,1
15.0,1999.0,104.0,45.0,4.0,970.0,155.0,1
12.0,6725.0,244.0,79.0,3.0,1170.0,136.0,0
12.0,7034.0,172.0,253.0,5.0,497.0,238.0,1
15.0,1383.0,261.0,79.0,4.0,740.0,85.0,0
5.0,1058.0,16.0,268.0,4.0,1155.0,113.0,0
16.0,5915.0,99.0,208.0,5.0,633.0,112.0,0
16.0,2774.0,76.0,96.0,5.0,1110.0,113.0,0
14.0,976.0,60.0,134.0,3.0,1350.0,85.0,0
12.0,6937.0,79.0,83.0,3.0,719.0,64.0,1
6.0,4948.0,186.0,16.0,1.0,890.0,101.0,0
15.0,2638.0,141.0,277.0,1.0,880.0,190.0,1
10.0,3604.0,71.0,183.0,7.0,430.0,170.0,1
3.0,682.0,78.0,35.0,6.0,720.0,83.0,1
7.0,618.0,217.0,79.0,4.0,545.0,105.0,0
12.0,6423.0,252.0,214.0,4.0,1240.0,46.0,1
15.0,601.0,258.0,153.0,4.0,1210.0,80.0,1
15.0,15.0,129.0,173.0,3.0,685.0,125.0,1
1.0,647.0,78.0,268.0,3.0,1140.0,135.0,0
1.0,366.0,208.0,159.0,5.0,855.0,125.0,1
14.0,395.0,153.0,80.0,5.0,705.0,158.0,0
5.0,1699.0,221.0,16.0,5.0,802.0,123.0,1
3.0,489.0,35.0,160.0,1.0,1075.0,390.0,1
10.0,4209.0,58.0,208.0,1.0,990.0,90.0,1
12.0,6834.0,236.0,253.0,5.0,1046.0,69.0,0
12.0,6568.0,154.0,24.0,6.0,645.0,49.0,0
12.0,4749.0,261.0,207.0,4.0,913.0,98.0,0
3.0,1324.0,45.0,35.0,7.0,730.0,76.0,0
15.0,3846.0,85.0,268.0,4.0,1095.0,105.0,1
12.0,6812.0,208.0,265.0,6.0,490.0,51.0,1
5.0,1194.0,85.0,60.0,7.0,1035.0,113.0,0
12.0,4681.0,93.0,261.0,3.0,370.0,113.0,0
15.0,35.0,162.0,75.0,4.0,805.0,65.0,0
4.0,549.0,253.0,96.0,7.0,810.0,325.0,0
12.0,4493.0,261.0,46.0,4.0,685.0,80.0,0
0.0,4342.0,277.0,233.0,1.0,1005.0,110.0,0
3.0,1410.0,18.0,173.0,5.0,925.0,142.0,0
15.0,115.0,79.0,261.0,1.0,915.0,90.0,1
12.0,6526.0,217.0,154.0,7.0,680.0,87.0,0
4.0,514.0,135.0,221.0,7.0,615.0,155.0,0
5.0,127.0,148.0,253.0,6.0,915.0,408.0,0
5.0,1090.0,223.0,16.0,3.0,560.0,70.0,1
5.0,1311.0,85.0,79.0,3.0,955.0,194.0,0
14.0,396.0,153.0,217.0,3.0,1180.0,68.0,0
12.0,4826.0,99.0,261.0,6.0,390.0,145.0,0
4.0,132.0,243.0,135.0,4.0,400.0,190.0,0
16.0,2767.0,12.0,58.0,6.0,860.0,95.0,0
17.0,2870.0,292.0,217.0,7.0,770.0,54.0,0
2.0,533.0,207.0,252.0,6.0,620.0,161.0,1
12.0,4592.0,122.0,261.0,1.0,1025.0,85.0,0
5.0,1987.0,197.0,243.0,4.0,695.0,235.0,0
8.0,819.0,45.0,35.0,1.0,630.0,79.0,1
8.0,138.0,147.0,45.0,5.0,955.0,110.0,0
11.0,6608.0,85.0,157.0,1.0,540.0,84.0,0
15.0,1138.0,258.0,214.0,4.0,1250.0,105.0,1
13.0,743.0,79.0,111.0,7.0,683.0,151.0,0
15.0,1753.0,45.0,147.0,7.0,510.0,130.0,1
16.0,2457.0,96.0,234.0,6.0,490.0,85.0,0
15.0,1884.0,252.0,153.0,3.0,570.0,150.0,0
6.0,5588.0,275.0,16.0,4.0,1061.0,76.0,0
1.0,460.0,135.0,80.0,6.0,440.0,75.0,0
1.0,1855.0,159.0,268.0,5.0,510.0,170.0,0
7.0,855.0,79.0,217.0,1.0,395.0,110.0,0
15.0,1218.0,2.0,153.0,5.0,410.0,100.0,1
7.0,552.0,243.0,79.0,3.0,1210.0,130.0,0
11.0,6611.0,233.0,177.0,4.0,435.0,139.0,0
13.0,566.0,208.0,16.0,6.0,1100.0,114.0,1
12.0,6272.0,253.0,44.0,7.0,1254.0,65.0,1
12.0,4606.0,244.0,261.0,1.0,850.0,177.0,0
12.0,6709.0,79.0,194.0,5.0,1102.0,160.0,0
3.0,1021.0,35.0,148.0,7.0,1230.0,75.0,1
14.0,74.0,216.0,252.0,7.0,1070.0,368.0,1
8.0,506.0,159.0,184.0,5.0,1122.0,147.0,0
15.0,771.0,153.0,202.0,4.0,970.0,95.0,1
15.0,1021.0,198.0,129.0,4.0,640.0,75.0,0
1.0,1678.0,80.0,45.0,1.0,500.0,170.0,0
10.0,3221.0,184.0,80.0,1.0,925.0,165.0,1
1.0,574.0,80.0,147.0,7.0,1100.0,130.0,1
5.0,2060.0,16.0,65.0,5.0,1130.0,195.0,0
15.0,1264.0,153.0,79.0,5.0,560.0,115.0,0
7.0,377.0,184.0,79.0,1.0,510.0,155.0,0
1.0,1041.0,35.0,208.0,5.0,425.0,190.0,0
13.0,695.0,159.0,208.0,7.0,1200.0,165.0,0
4.0,137.0,154.0,203.0,7.0,1025.0,345.0,1
1.0,652.0,80.0,234.0,6.0,535.0,155.0,0
15.0,1084.0,175.0,233.0,4.0,855.0,110.0,1
3.0,155.0,148.0,173.0,3.0,360.0,168.0,0
6.0,4987.0,208.0,71.0,7.0,1035.0,81.0,1
6.0,5114.0,16.0,237.0,5.0,1296.0,82.0,0
16.0,2269.0,158.0,135.0,3.0,715.0,75.0,0
1.0,1307.0,33.0,154.0,5.0,1030.0,260.0,0
13.0,212.0,79.0,135.0,1.0,1085.0,143.0,0
4.0,667.0,135.0,252.0,4.0,1045.0,277.0,1
15.0,19.0,129.0,68.0,1.0,745.0,50.0,1
5.0,2043.0,96.0,16.0,7.0,435.0,161.0,0
15.0,1245.0,175.0,216.0,6.0,1065.0,120.0,1
15.0,1128.0,216.0,33.0,3.0,955.0,145.0,1
4.0,390.0,261.0,135.0,7.0,756.0,180.0,1
16.0,3003.0,33.0,135.0,7.0,760.0,125.0,1
6.0,5262.0,78.0,35.0,5.0,835.0,93.0,0
13.0,238.0,243.0,134.0,3.0,1331.0,281.0,1
16.0,2256.0,19.0,96.0,4.0,715.0,108.0,0
15.0,3588.0,153.0,243.0,7.0,855.0,65.0,0
1.0,1311.0,16.0,80.0,7.0,795.0,145.0,0
14.0,1578.0,60.0,216.0,1.0,875.0,99.0,1
3.0,1147.0,42.0,173.0,4.0,566.0,196.0,0
8.0,703.0,16.0,76.0,7.0,1010.0,82.0,0
3.0,488.0,160.0,35.0,4.0,1252.0,308.0,0
16.0,3059.0,135.0,279.0,6.0,1280.0,75.0,0
1.0,1246.0,80.0,183.0,7.0,850.0,160.0,0
0.0,3778.0,80.0,177.0,6.0,990.0,96.0,0
5.0,2071.0,261.0,217.0,4.0,666.0,97.0,0
8.0,1007.0,241.0,35.0,1.0,840.0,175.0,0
5.0,2276.0,173.0,159.0,5.0,420.0,150.0,0
15.0,3773.0,147.0,45.0,4.0,1090.0,110.0,1
1.0,1297.0,183.0,260.0,4.0,625.0,155.0,1
11.0,6258.0,71.0,85.0,7.0,460.0,86.0,0
11.0,6550.0,78.0,148.0,6.0,535.0,84.0,0
14.0,312.0,217.0,60.0,5.0,1080.0,226.0,0
15.0,1497.0,129.0,198.0,3.0,455.0,60.0,0
16.0,2810.0,136.0,135.0,1.0,460.0,105.0,0
10.0,3057.0,100.0,154.0,7.0,635.0,65.0,0
6.0,7072.0,134.0,182.0,3.0,745.0,89.0,1
14.0,140.0,172.0,217.0,5.0,1075.0,173.0,0
13.0,124.0,154.0,208.0,5.0,1113.0,237.0,1
8.0,301.0,16.0,79.0,6.0,870.0,215.0,0
9.0,257.0,150.0,128.0,6.0,810.0,42.0,0
12.0,4621.0,261.0,236.0,7.0,921.0,88.0,0
11.0,6549.0,178.0,177.0,4.0,345.0,118.0,0
5.0,1451.0,277.0,197.0,1.0,1086.0,206.0,0
15.0,1026.0,228.0,173.0,1.0,465.0,190.0,0
15.0,1370.0,172.0,202.0,3.0,815.0,245.0,1
0.0,4139.0,197.0,117.0,4.0,1185.0,78.0,0
15.0,1122.0,202.0,153.0,3.0,665.0,85.0,0
3.0,425.0,35.0,213.0,5.0,1120.0,194.0,0
5.0,2551.0,159.0,213.0,5.0,725.0,182.0,0
12.0,6320.0,243.0,154.0,6.0,437.0,46.0,1
14.0,438.0,153.0,216.0,3.0,542.0,279.0,0
12.0,4496.0,34.0,261.0,3.0,460.0,65.0,1
14.0,817.0,208.0,216.0,5.0,450.0,120.0,0
16.0,2431.0,139.0,135.0,5.0,665.0,154.0,0
8.0,477.0,45.0,16.0,5.0,761.0,125.0,0
15.0,2713.0,173.0,209.0,7.0,1035.0,110.0,0
5.0,2086.0,16.0,159.0,6.0,760.0,139.0,0
13.0,741.0,174.0,208.0,1.0,1001.0,130.0,0
16.0,2120.0,184.0,135.0,1.0,855.0,170.0,1
0.0,4197.0,229.0,85.0,3.0,520.0,147.0,0
8.0,951.0,45.0,104.0,7.0,1220.0,155.0,0
10.0,3005.0,154.0,243.0,7.0,1350.0,45.0,0
17.0,2927.0,60.0,71.0,5.0,1345.0,92.0,0
5.0,1518.0,173.0,16.0,5.0,330.0,84.0,0
2.0,152.0,206.0,211.0,1.0,804.0,44.0,0
5.0,1465.0,148.0,253.0,1.0,1035.0,395.0,1
6.0,5134.0,177.0,96.0,7.0,525.0,161.0,1
13.0,404.0,253.0,134.0,7.0,1398.0,303.0,1
3.0,611.0,148.0,147.0,6.0,480.0,154.0,0
13.0,629.0,78.0,208.0,3.0,1108.0,132.0,0
14.0,185.0,236.0,217.0,4.0,755.0,100.0,0
12.0,4722.0,160.0,261.0,5.0,985.0,109.0,1
5.0,2845.0,85.0,253.0,7.0,725.0,324.0,1
15.0,3682.0,175.0,182.0,3.0,1080.0,125.0,1
16.0,2223.0,135.0,68.0,5.0,770.0,59.0,0
1.0,2031.0,80.0,153.0,5.0,920.0,175.0,0
12.0,6949.0,93.0,79.0,5.0,360.0,155.0,0
3.0,87.0,148.0,261.0,5.0,1230.0,326.0,1
15.0,1458.0,129.0,146.0,7.0,1205.0,70.0,1
15.0,692.0,153.0,207.0,3.0,1025.0,55.0,1
1.0,1165.0,80.0,227.0,3.0,1130.0,190.0,1
1.0,1885.0,244.0,80.0,3.0,540.0,70.0,0
14.0,865.0,216.0,173.0,3.0,1240.0,154.0,1
12.0,6327.0,154.0,243.0,4.0,731.0,48.0,1
15.0,3055.0,139.0,173.0,6.0,480.0,140.0,1
16.0,2941.0,80.0,135.0,7.0,670.0,62.0,0
15.0,842.0,79.0,197.0,4.0,780.0,120.0,0
14.0,1227.0,16.0,60.0,6.0,330.0,68.0,0
11.0,6274.0,139.0,197.0,4.0,575.0,123.0,0
4.0,532.0,135.0,159.0,6.0,810.0,198.0,0
11.0,6400.0,71.0,58.0,3.0,970.0,72.0,0
15.0,249.0,268.0,233.0,1.0,1080.0,110.0,1
15.0,168.0,18.0,258.0,4.0,475.0,235.0,0
11.0,6409.0,96.0,71.0,7.0,1056.0,139.0,1
15.0,910.0,258.0,153.0,7.0,560.0,85.0,0
16.0,2028.0,244.0,135.0,5.0,571.0,59.0,0
8.0,435.0,252.0,184.0,5.0,495.0,235.0,0
15.0,1221.0,104.0,228.0,3.0,700.0,180.0,1
5.0,1408.0,79.0,197.0,3.0,375.0,129.0,0
14.0,181.0,104.0,217.0,1.0,1030.0,305.0,0
4.0,1569.0,253.0,135.0,5.0,655.0,224.0,1
1.0,1856.0,183.0,134.0,5.0,665.0,145.0,0
2.0,190.0,98.0,14.0,5.0,1050.0,64.0,1
17.0,7295.0,208.0,247.0,3.0,902.0,39.0,0
7.0,321.0,78.0,184.0,6.0,710.0,130.0,1
16.0,3087.0,159.0,58.0,4.0,1170.0,99.0,0
11.0,6504.0,58.0,85.0,3.0,1067.0,58.0,0
7.0,558.0,243.0,79.0,3.0,660.0,133.0,0
10.0,3977.0,208.0,56.0,7.0,580.0,65.0,1
13.0,41.0,253.0,161.0,7.0,567.0,339.0,0
0.0,3708.0,16.0,245.0,5.0,993.0,69.0,1
15.0,680.0,18.0,243.0,7.0,610.0,190.0,0
4.0,671.0,58.0,173.0,5.0,555.0,143.0,0
8.0,23.0,175.0,16.0,6.0,627.0,106.0,1
3.0,458.0,104.0,35.0,6.0,1165.0,177.0,1
13.0,926.0,154.0,253.0,3.0,990.0,89.0,1
5.0,1380.0,159.0,35.0,5.0,690.0,69.0,0
10.0,2794.0,116.0,80.0,6.0,1020.0,110.0,0
3.0,619.0,148.0,147.0,3.0,1250.0,157.0,0
6.0,5132.0,16.0,11.0,5.0,490.0,55.0,0
16.0,2698.0,178.0,135.0,6.0,794.0,74.0,0
17.0,2612.0,54.0,60.0,3.0,1087.0,69.0,0
1.0,2036.0,65.0,80.0,1.0,790.0,110.0,0
5.0,2744.0,243.0,197.0,1.0,715.0,219.0,1
4.0,446.0,135.0,208.0,5.0,705.0,154.0,0
4.0,1502.0,96.0,154.0,4.0,1115.0,384.0,1
9.0,296.0,128.0,203.0,1.0,759.0,38.0,0
6.0,5205.0,16.0,200.0,7.0,970.0,76.0,1
15.0,3133.0,277.0,104.0,4.0,985.0,60.0,1
3.0,83.0,148.0,252.0,6.0,795.0,374.0,1
15.0,820.0,175.0,43.0,6.0,780.0,85.0,1
5.0,1665.0,197.0,172.0,7.0,900.0,92.0,1
1.0,1495.0,147.0,80.0,3.0,425.0,175.0,0
10.0,2888.0,68.0,80.0,3.0,735.0,80.0,0
17.0,2829.0,160.0,217.0,5.0,990.0,82.0,0
2.0,504.0,252.0,264.0,6.0,505.0,162.0,0
1.0,160.0,243.0,148.0,6.0,460.0,315.0,0
0.0,4183.0,54.0,85.0,5.0,982.0,133.0,0
4.0,1434.0,217.0,96.0,7.0,720.0,276.0,0
3.0,739.0,148.0,225.0,7.0,1439.0,223.0,1
14.0,250.0,243.0,217.0,1.0,390.0,84.0,0
7.0,799.0,76.0,79.0,5.0,970.0,184.0,0
15.0,167.0,244.0,154.0,5.0,1170.0,200.0,0
14.0,308.0,16.0,60.0,7.0,430.0,75.0,0
3.0,728.0,37.0,148.0,1.0,335.0,231.0,0
15.0,860.0,213.0,45.0,7.0,575.0,140.0,1
0.0,3695.0,193.0,197.0,6.0,770.0,80.0,1
15.0,1225.0,129.0,27.0,3.0,1205.0,90.0,1
16.0,2725.0,80.0,135.0,6.0,715.0,62.0,0
12.0,6560.0,79.0,111.0,7.0,917.0,146.0,0
8.0,821.0,45.0,35.0,5.0,1050.0,85.0,0
15.0,1383.0,111.0,261.0,4.0,550.0,95.0,0
8.0,38.0,16.0,175.0,5.0,791.0,111.0,0
3.0,705.0,148.0,260.0,4.0,540.0,232.0,0
13.0,464.0,208.0,84.0,7.0,1253.0,80.0,0
13.0,180.0,253.0,35.0,5.0,1367.0,340.0,0
5.0,1017.0,16.0,184.0,1.0,1005.0,120.0,1
14.0,1511.0,217.0,154.0,5.0,1085.0,86.0,1
10.0,2976.0,1.0,80.0,1.0,1065.0,50.0,0
1.0,286.0,161.0,154.0,3.0,1320.0,330.0,0
5.0,582.0,16.0,159.0,1.0,880.0,133.0,1
5.0,1122.0,241.0,16.0,4.0,670.0,105.0,0
13.0,106.0,154.0,208.0,3.0,515.0,243.0,0
0.0,4273.0,121.0,16.0,3.0,515.0,84.0,0
12.0,6858.0,136.0,208.0,7.0,636.0,108.0,0
6.0,5327.0,177.0,132.0,7.0,570.0,62.0,0
13.0,722.0,214.0,208.0,3.0,536.0,240.0,0
1.0,1584.0,153.0,80.0,7.0,360.0,160.0,0
1.0,824.0,104.0,148.0,4.0,1195.0,170.0,0
15.0,1930.0,262.0,44.0,5.0,885.0,70.0,1
1.0,1613.0,208.0,253.0,7.0,810.0,280.0,1
13.0,240.0,134.0,243.0,6.0,1096.0,333.0,1
16.0,2407.0,135.0,158.0,1.0,730.0,55.0,0
16.0,3090.0,18.0,135.0,7.0,722.0,56.0,0
6.0,5335.0,16.0,4.0,3.0,935.0,53.0,0
6.0,5337.0,16.0,81.0,7.0,815.0,56.0,0
16.0,2089.0,96.0,78.0,6.0,535.0,70.0,0
1.0,1241.0,80.0,79.0,6.0,610.0,125.0,0
17.0,7256.0,134.0,139.0,5.0,734.0,104.0,0
15.0,1291.0,173.0,87.0,6.0,980.0,70.0,0
14.0,1452.0,60.0,148.0,3.0,565.0,115.0,1
4.0,561.0,244.0,96.0,1.0,390.0,212.0,0
8.0,865.0,173.0,97.0,3.0,666.0,68.0,1
3.0,597.0,130.0,173.0,7.0,1180.0,165.0,1
10.0,2710.0,290.0,80.0,1.0,420.0,75.0,1
8.0,861.0,16.0,173.0,1.0,798.0,89.0,0
6.0,4951.0,16.0,71.0,7.0,1007.0,88.0,0
6.0,5522.0,136.0,16.0,7.0,400.0,129.0,0
16.0,2907.0,135.0,158.0,5.0,1180.0,58.0,0
16.0,5915.0,218.0,208.0,6.0,360.0,63.0,1
7.0,135.0,80.0,79.0,6.0,847.0,120.0,0
1.0,2559.0,96.0,80.0,4.0,900.0,245.0,0
13.0,153.0,208.0,253.0,3.0,1121.0,297.0,0
3.0,660.0,173.0,273.0,5.0,1180.0,152.0,1
12.0,4559.0,261.0,137.0,3.0,680.0,58.0,0
15.0,861.0,216.0,175.0,4.0,930.0,135.0,1
15.0,1252.0,45.0,228.0,3.0,605.0,70.0,1
12.0,6570.0,132.0,79.0,1.0,869.0,178.0,1
16.0,2569.0,135.0,170.0,6.0,885.0,81.0,1
10.0,3384.0,54.0,80.0,3.0,460.0,190.0,0
10.0,3006.0,243.0,154.0,5.0,675.0,45.0,0
15.0,1259.0,33.0,244.0,4.0,515.0,155.0,0
15.0,1265.0,175.0,35.0,4.0,515.0,135.0,1
12.0,6643.0,79.0,230.0,4.0,782.0,69.0,1
5.0,1136.0,261.0,16.0,4.0,510.0,220.0,0
13.0,336.0,154.0,79.0,5.0,781.0,145.0,0
17.0,2606.0,177.0,60.0,3.0,1134.0,102.0,0
4.0,623.0,135.0,198.0,7.0,870.0,67.0,0
15.0,922.0,217.0,139.0,3.0,700.0,210.0,1
14.0,152.0,217.0,268.0,3.0,1185.0,171.0,0
15.0,1115.0,175.0,197.0,7.0,565.0,85.0,0
14.0,1198.0,213.0,78.0,1.0,720.0,132.0,0
15.0,1065.0,79.0,153.0,7.0,905.0,115.0,1
5.0,2511.0,16.0,80.0,7.0,580.0,150.0,1
15.0,912.0,173.0,228.0,3.0,1185.0,155.0,0
12.0,4774.0,261.0,224.0,1.0,690.0,105.0,0
16.0,2788.0,71.0,96.0,1.0,380.0,112.0,0
1.0,1415.0,80.0,253.0,7.0,1155.0,235.0,1
10.0,4350.0,208.0,21.0,5.0,1245.0,50.0,0
6.0,5530.0,16.0,123.0,7.0,620.0,82.0,1
5.0,2651.0,261.0,262.0,5.0,684.0,108.0,0
7.0,721.0,78.0,79.0,4.0,525.0,248.0,1
13.0,376.0,208.0,216.0,1.0,360.0,125.0,0
10.0,4209.0,58.0,208.0,4.0,990.0,90.0,0
3.0,671.0,148.0,154.0,3.0,460.0,366.0,0
17.0,2829.0,217.0,280.0,3.0,1186.0,46.0,0
10.0,4261.0,279.0,208.0,1.0,880.0,115.0,0
5.0,1199.0,16.0,268.0,7.0,920.0,105.0,0
12.0,6285.0,179.0,79.0,7.0,360.0,155.0,0
2.0,307.0,227.0,253.0,3.0,420.0,86.0,0
16.0,2473.0,182.0,96.0,4.0,960.0,87.0,0
12.0,4460.0,46.0,261.0,7.0,690.0,71.0,0
15.0,546.0,252.0,111.0,1.0,1005.0,60.0,0
16.0,2774.0,76.0,96.0,3.0,1110.0,113.0,0
11.0,6655.0,177.0,33.0,5.0,540.0,63.0,0
16.0,5977.0,134.0,71.0,5.0,1051.0,100.0,0
5.0,1446.0,217.0,16.0,3.0,500.0,211.0,0
14.0,590.0,202.0,217.0,7.0,370.0,112.0,1
1.0,505.0,148.0,260.0,4.0,415.0,245.0,1
3.0,305.0,134.0,104.0,6.0,469.0,156.0,0
10.0,3681.0,120.0,183.0,5.0,825.0,130.0,0
15.0,2168.0,172.0,252.0,6.0,1075.0,250.0,1
14.0,1293.0,35.0,216.0,7.0,390.0,93.0,0
10.0,3009.0,154.0,194.0,5.0,935.0,65.0,0
8.0,471.0,45.0,16.0,1.0,1095.0,120.0,1
5.0,2132.0,208.0,197.0,5.0,552.0,91.0,1
15.0,742.0,79.0,268.0,7.0,1225.0,120.0,1
1.0,2098.0,208.0,35.0,4.0,935.0,130.0,1
10.0,3702.0,208.0,79.0,1.0,735.0,160.0,1
1.0,1805.0,80.0,217.0,4.0,1235.0,155.0,1
2.0,237.0,243.0,214.0,6.0,1115.0,165.0,0
11.0,6553.0,157.0,78.0,5.0,405.0,96.0,0
10.0,2902.0,80.0,242.0,4.0,655.0,110.0,0
14.0,1811.0,35.0,216.0,7.0,510.0,98.0,0
15.0,1827.0,207.0,202.0,3.0,1260.0,75.0,0
13.0,759.0,208.0,253.0,7.0,541.0,289.0,0
5.0,2633.0,175.0,16.0,5.0,992.0,120.0,1
5.0,2337.0,45.0,85.0,1.0,450.0,102.0,0
10.0,4396.0,233.0,78.0,3.0,435.0,65.0,0
10.0,4342.0,234.0,208.0,5.0,665.0,135.0,0
15.0,1583.0,75.0,129.0,7.0,930.0,60.0,0
17.0,2661.0,60.0,18.0,7.0,1220.0,188.0,0
1.0,808.0,80.0,135.0,6.0,725.0,65.0,0
12.0,6497.0,24.0,79.0,6.0,363.0,144.0,0
5.0,2904.0,154.0,277.0,7.0,630.0,272.0,0
1.0,1331.0,172.0,80.0,7.0,365.0,105.0,0
2.0,564.0,214.0,154.0,7.0,700.0,140.0,1
4.0,158.0,135.0,78.0,5.0,895.0,168.0,0
13.0,222.0,208.0,22.0,7.0,1090.0,128.0,0
4.0,1767.0,135.0,252.0,5.0,580.0,282.0,1
13.0,503.0,80.0,79.0,1.0,716.0,128.0,0
13.0,450.0,264.0,79.0,4.0,678.0,139.0,0
6.0,5385.0,60.0,177.0,1.0,395.0,119.0,0
14.0,1675.0,60.0,183.0,4.0,795.0,123.0,1
5.0,2460.0,183.0,16.0,7.0,605.0,120.0,0
13.0,726.0,202.0,79.0,5.0,885.0,149.0,1
4.0,217.0,198.0,96.0,6.0,873.0,178.0,0
1.0,430.0,80.0,268.0,6.0,430.0,90.0,0
6.0,5321.0,54.0,16.0,7.0,1166.0,86.0,0
13.0,167.0,35.0,154.0,6.0,1072.0,396.0,0
15.0,1402.0,104.0,277.0,1.0,460.0,60.0,0
11.0,6473.0,35.0,148.0,6.0,1050.0,100.0,0
5.0,1429.0,148.0,153.0,4.0,423.0,357.0,0
6.0,5057.0,58.0,16.0,4.0,850.0,115.0,1
11.0,6450.0,71.0,174.0,7.0,665.0,80.0,0
15.0,845.0,216.0,173.0,3.0,420.0,165.0,0
10.0,3705.0,78.0,208.0,5.0,1100.0,135.0,0
6.0,5436.0,188.0,177.0,7.0,1022.0,68.0,1
4.0,1816.0,2.0,135.0,6.0,688.0,112.0,0
7.0,834.0,79.0,85.0,4.0,1150.0,162.0,0
14.0,1525.0,60.0,79.0,4.0,564.0,223.0,0
12.0,6501.0,79.0,162.0,7.0,962.0,116.0,0
3.0,359.0,148.0,44.0,7.0,1110.0,380.0,1
10.0,4143.0,43.0,208.0,6.0,900.0,115.0,1
15.0,8.0,131.0,129.0,1.0,385.0,60.0,0
13.0,59.0,253.0,150.0,7.0,535.0,337.0,0
15.0,1505.0,153.0,252.0,6.0,1170.0,165.0,1
17.0,2757.0,84.0,217.0,5.0,890.0,185.0,0
2.0,600.0,252.0,153.0,7.0,360.0,143.0,1
15.0,1110.0,2.0,129.0,6.0,1060.0,115.0,1
6.0,5263.0,130.0,16.0,1.0,690.0,154.0,0
11.0,6628.0,80.0,71.0,4.0,420.0,131.0,0
13.0,375.0,135.0,79.0,4.0,910.0,156.0,0
5.0,1893.0,85.0,16.0,5.0,535.0,134.0,0
15.0,31.0,75.0,129.0,5.0,840.0,60.0,1
3.0,232.0,160.0,261.0,7.0,482.0,103.0,1
15.0,860.0,217.0,264.0,5.0,1055.0,70.0,1
5.0,2125.0,45.0,16.0,7.0,750.0,119.0,0
1.0,19.0,148.0,154.0,5.0,635.0,375.0,0
15.0,3224.0,175.0,18.0,7.0,575.0,170.0,1
15.0,1881.0,85.0,175.0,7.0,535.0,75.0,1
6.0,5564.0,138.0,16.0,1.0,360.0,88.0,0
1.0,599.0,159.0,183.0,7.0,630.0,195.0,1
15.0,867.0,153.0,170.0,4.0,855.0,125.0,0
10.0,4308.0,208.0,33.0,5.0,1330.0,85.0,0
12.0,6971.0,79.0,280.0,4.0,842.0,118.0,0
8.0,891.0,184.0,154.0,6.0,1259.0,275.0,1
1.0,1116.0,252.0,80.0,5.0,930.0,225.0,0
10.0,2789.0,80.0,254.0,7.0,1065.0,75.0,1
1.0,3.0,148.0,154.0,1.0,715.0,375.0,0
5.0,2653.0,159.0,277.0,3.0,695.0,181.0,0
16.0,2778.0,135.0,162.0,5.0,890.0,78.0,0
14.0,1944.0,60.0,96.0,7.0,1335.0,103.0,0
15.0,300.0,268.0,75.0,4.0,1260.0,105.0,0
8.0,56.0,154.0,16.0,7.0,717.0,238.0,1
15.0,1083.0,197.0,217.0,4.0,540.0,220.0,1
15.0,3773.0,277.0,147.0,1.0,1010.0,50.0,1
1.0,544.0,80.0,173.0,3.0,860.0,145.0,0
12.0,4484.0,154.0,243.0,5.0,1290.0,46.0,1
5.0,2406.0,253.0,197.0,4.0,725.0,229.0,1
3.0,247.0,202.0,160.0,3.0,360.0,77.0,0
12.0,7006.0,93.0,214.0,4.0,360.0,41.0,0
2.0,37.0,197.0,252.0,6.0,795.0,220.0,1
8.0,1090.0,173.0,139.0,7.0,1243.0,139.0,0
17.0,2898.0,246.0,217.0,1.0,585.0,89.0,0
5.0,314.0,16.0,261.0,4.0,845.0,255.0,1
2.0,628.0,31.0,153.0,7.0,1040.0,154.0,0
16.0,2650.0,184.0,58.0,4.0,725.0,69.0,0
1.0,412.0,269.0,148.0,4.0,1030.0,259.0,0
12.0,6998.0,208.0,212.0,7.0,1275.0,80.0,0
6.0,7071.0,47.0,134.0,3.0,566.0,83.0,0
16.0,2600.0,135.0,279.0,7.0,808.0,85.0,0
12.0,6864.0,208.0,61.0,7.0,415.0,66.0,0
15.0,3511.0,154.0,261.0,3.0,885.0,110.0,1
6.0,5109.0,41.0,16.0,1.0,490.0,98.0,1
10.0,4186.0,166.0,208.0,4.0,425.0,70.0,0
13.0,32.0,79.0,35.0,3.0,646.0,233.0,0
15.0,895.0,79.0,207.0,3.0,1230.0,140.0,1
15.0,2200.0,35.0,216.0,7.0,610.0,100.0,0
5.0,2339.0,78.0,16.0,6.0,720.0,120.0,1
16.0,2849.0,209.0,58.0,3.0,1068.0,102.0,0
8.0,1191.0,267.0,35.0,6.0,801.0,180.0,0
9.0,595.0,203.0,128.0,4.0,1275.0,33.0,0
12.0,6556.0,79.0,279.0,1.0,1016.0,89.0,1
0.0,3778.0,66.0,177.0,7.0,390.0,82.0,1
13.0,900.0,243.0,253.0,1.0,624.0,101.0,0
0.0,3922.0,247.0,85.0,5.0,812.0,63.0,0
16.0,5939.0,208.0,218.0,7.0,1021.0,50.0,0
5.0,2703.0,71.0,173.0,1.0,985.0,128.0,0
12.0,4800.0,261.0,154.0,3.0,410.0,115.0,1
12.0,6427.0,208.0,27.0,5.0,415.0,103.0,0
14.0,1993.0,228.0,60.0,3.0,1135.0,136.0,0
12.0,4451.0,261.0,67.0,1.0,677.0,75.0,0
12.0,6643.0,79.0,230.0,7.0,778.0,69.0,1
15.0,1325.0,175.0,45.0,5.0,895.0,110.0,1
1.0,1588.0,244.0,80.0,5.0,890.0,70.0,1
15.0,432.0,154.0,153.0,1.0,740.0,60.0,1
3.0,25.0,148.0,104.0,5.0,575.0,189.0,0
12.0,4453.0,261.0,214.0,3.0,1010.0,112.0,1
11.0,6590.0,134.0,71.0,7.0,415.0,110.0,1
12.0,6358.0,246.0,154.0,7.0,1194.0,45.0,1
8.0,659.0,16.0,244.0,1.0,890.0,155.0,0
12.0,4742.0,230.0,197.0,6.0,940.0,92.0,1
9.0,313.0,128.0,161.0,5.0,1051.0,37.0,1
3.0,248.0,160.0,202.0,7.0,837.0,76.0,1
1.0,644.0,80.0,60.0,7.0,915.0,140.0,0
0.0,4088.0,71.0,234.0,5.0,680.0,87.0,0
15.0,901.0,264.0,153.0,5.0,985.0,65.0,1
5.0,1910.0,80.0,16.0,7.0,945.0,121.0,1
12.0,4492.0,114.0,261.0,4.0,785.0,56.0,0
2.0,876.0,128.0,214.0,3.0,755.0,330.0,1
13.0,332.0,208.0,61.0,3.0,1287.0,78.0,1
15.0,885.0,154.0,2.0,3.0,625.0,105.0,0
13.0,369.0,79.0,214.0,4.0,705.0,178.0,0
15.0,2979.0,172.0,175.0,3.0,1145.0,80.0,0
15.0,1235.0,2.0,154.0,1.0,960.0,125.0,1
0.0,4267.0,177.0,123.0,3.0,1170.0,50.0,0
15.0,2718.0,262.0,207.0,5.0,1265.0,75.0,1
15.0,3415.0,202.0,243.0,3.0,455.0,85.0,0
12.0,6362.0,154.0,246.0,3.0,1192.0,40.0,0
5.0,1784.0,16.0,134.0,5.0,980.0,110.0,1
5.0,1224.0,261.0,216.0,5.0,1025.0,258.0,1
3.0,622.0,129.0,148.0,1.0,945.0,204.0,1
16.0,2164.0,221.0,96.0,5.0,380.0,83.0,0
5.0,1619.0,85.0,154.0,7.0,950.0,300.0,1
1.0,1999.0,96.0,183.0,3.0,985.0,205.0,0
12.0,6874.0,208.0,164.0,3.0,1040.0,95.0,1
13.0,438.0,154.0,208.0,3.0,1058.0,239.0,0
1.0,806.0,79.0,80.0,1.0,720.0,115.0,0
15.0,2459.0,79.0,153.0,3.0,455.0,120.0,1
1.0,642.0,80.0,61.0,6.0,1190.0,135.0,0
14.0,1789.0,60.0,153.0,3.0,680.0,292.0,0
1.0,1124.0,183.0,159.0,7.0,585.0,165.0,1
15.0,945.0,228.0,216.0,1.0,565.0,80.0,0
14.0,930.0,60.0,209.0,5.0,1185.0,64.0,1
1.0,1853.0,80.0,65.0,1.0,870.0,115.0,0
15.0,257.0,129.0,18.0,1.0,1055.0,45.0,1
8.0,959.0,238.0,45.0,1.0,890.0,76.0,0
15.0,742.0,243.0,217.0,4.0,835.0,70.0,1
5.0,2177.0,85.0,241.0,5.0,745.0,173.0,0
3.0,148.0,213.0,148.0,4.0,1205.0,152.0,1
10.0,3067.0,154.0,194.0,1.0,605.0,65.0,0
14.0,551.0,217.0,80.0,7.0,965.0,140.0,1
13.0,531.0,208.0,154.0,5.0,621.0,275.0,0
11.0,6393.0,71.0,147.0,6.0,1135.0,118.0,0
1.0,2043.0,172.0,80.0,3.0,475.0,110.0,0
14.0,73.0,79.0,217.0,1.0,900.0,112.0,0
14.0,454.0,45.0,217.0,7.0,1020.0,311.0,0
4.0,1069.0,153.0,96.0,5.0,900.0,292.0,0
11.0,6301.0,71.0,80.0,1.0,855.0,160.0,0
12.0,6280.0,208.0,27.0,3.0,1150.0,105.0,0
8.0,230.0,234.0,16.0,3.0,651.0,105.0,0
15.0,2027.0,217.0,129.0,5.0,490.0,145.0,0
1.0,1696.0,198.0,208.0,4.0,1055.0,150.0,0
12.0,6500.0,258.0,154.0,5.0,393.0,77.0,0
12.0,7032.0,292.0,154.0,1.0,926.0,80.0,0
14.0,2141.0,35.0,159.0,7.0,1140.0,81.0,0
15.0,614.0,45.0,213.0,5.0,1030.0,150.0,1
9.0,47.0,202.0,128.0,4.0,535.0,335.0,0
15.0,1352.0,261.0,202.0,4.0,455.0,130.0,1
5.0,1281.0,16.0,177.0,3.0,875.0,85.0,0
10.0,2725.0,80.0,47.0,4.0,1175.0,135.0,0
12.0,6938.0,79.0,114.0,7.0,1311.0,52.0,0
2.0,67.0,252.0,151.0,5.0,915.0,127.0,1
12.0,7003.0,252.0,154.0,6.0,424.0,156.0,0
16.0,3150.0,213.0,58.0,3.0,725.0,157.0,1
6.0,5038.0,48.0,85.0,5.0,335.0,76.0,0
14.0,1181.0,60.0,135.0,5.0,890.0,170.0,0
3.0,171.0,148.0,262.0,4.0,1155.0,395.0,1
12.0,4523.0,261.0,34.0,6.0,950.0,68.0,0
4.0,686.0,135.0,173.0,5.0,615.0,133.0,1
8.0,292.0,129.0,16.0,4.0,1019.0,112.0,0
13.0,480.0,253.0,221.0,4.0,855.0,297.0,1
13.0,450.0,264.0,79.0,6.0,688.0,139.0,0
2.0,224.0,214.0,253.0,5.0,480.0,117.0,1
16.0,5899.0,58.0,208.0,5.0,405.0,87.0,0
0.0,4050.0,85.0,247.0,1.0,830.0,60.0,0
16.0,2342.0,135.0,221.0,3.0,960.0,158.0,0
15.0,1573.0,79.0,268.0,6.0,1100.0,120.0,1
3.0,1322.0,45.0,35.0,5.0,515.0,77.0,0
0.0,3927.0,60.0,177.0,5.0,1056.0,122.0,0
12.0,4561.0,261.0,258.0,1.0,905.0,114.0,1
8.0,607.0,184.0,78.0,4.0,1155.0,111.0,0
8.0,661.0,16.0,130.0,3.0,1060.0,139.0,0
5.0,1260.0,111.0,261.0,4.0,384.0,110.0,0
1.0,1461.0,173.0,80.0,7.0,415.0,185.0,0
12.0,6825.0,253.0,231.0,3.0,1290.0,69.0,1
12.0,7046.0,83.0,79.0,1.0,480.0,76.0,0
4.0,551.0,233.0,135.0,1.0,1035.0,187.0,0
3.0,1085.0,148.0,60.0,6.0,990.0,131.0,1
5.0,2943.0,96.0,16.0,3.0,765.0,146.0,0
15.0,2022.0,154.0,129.0,7.0,755.0,190.0,1
3.0,428.0,213.0,35.0,3.0,1105.0,173.0,1
9.0,296.0,128.0,203.0,4.0,759.0,38.0,1
5.0,1074.0,261.0,197.0,6.0,839.0,155.0,0
5.0,2371.0,197.0,262.0,7.0,1300.0,240.0,0
15.0,1556.0,45.0,221.0,6.0,930.0,60.0,1
5.0,2363.0,148.0,154.0,1.0,1020.0,394.0,0
15.0,1563.0,111.0,202.0,6.0,480.0,130.0,0
12.0,6526.0,217.0,154.0,3.0,698.0,87.0,0
4.0,209.0,135.0,214.0,6.0,1270.0,269.0,1
1.0,662.0,80.0,85.0,5.0,1180.0,155.0,1
13.0,410.0,262.0,79.0,6.0,360.0,145.0,0
13.0,102.0,208.0,147.0,4.0,1155.0,144.0,0
14.0,1524.0,154.0,60.0,1.0,465.0,265.0,0
15.0,479.0,214.0,217.0,1.0,665.0,150.0,1
10.0,4447.0,148.0,78.0,6.0,1240.0,80.0,0
16.0,5933.0,208.0,162.0,1.0,499.0,107.0,1
14.0,1578.0,60.0,216.0,4.0,875.0,99.0,0
15.0,1199.0,198.0,27.0,4.0,570.0,60.0,0
11.0,6272.0,94.0,71.0,7.0,835.0,55.0,1
15.0,2185.0,252.0,172.0,6.0,700.0,205.0,1
14.0,1096.0,216.0,233.0,1.0,940.0,82.0,0
12.0,3097.0,205.0,184.0,1.0,674.0,81.0,0
14.0,73.0,217.0,252.0,5.0,1075.0,184.0,0
12.0,4626.0,253.0,154.0,4.0,420.0,75.0,0
5.0,1767.0,60.0,85.0,3.0,360.0,115.0,0
5.0,1435.0,209.0,16.0,3.0,583.0,115.0,0
13.0,572.0,79.0,205.0,5.0,1220.0,89.0,0
16.0,3112.0,58.0,228.0,3.0,1175.0,93.0,1
5.0,2714.0,252.0,197.0,6.0,500.0,199.0,0
15.0,109.0,198.0,79.0,5.0,360.0,180.0,0
1.0,2081.0,173.0,80.0,6.0,465.0,180.0,0
5.0,1322.0,198.0,16.0,1.0,975.0,93.0,0
5.0,2041.0,261.0,154.0,7.0,1317.0,121.0,1
3.0,985.0,148.0,104.0,1.0,1090.0,193.0,0
4.0,1102.0,96.0,208.0,3.0,569.0,150.0,1
10.0,4694.0,148.0,233.0,4.0,730.0,105.0,0
3.0,672.0,154.0,148.0,6.0,709.0,311.0,1
13.0,752.0,79.0,45.0,4.0,506.0,204.0,0
4.0,1568.0,135.0,172.0,4.0,1137.0,123.0,0
1.0,1716.0,217.0,80.0,7.0,585.0,140.0,0
5.0,1230.0,16.0,197.0,1.0,615.0,176.0,0
5.0,1329.0,85.0,183.0,7.0,840.0,180.0,1
15.0,2660.0,280.0,154.0,1.0,480.0,90.0,0
4.0,675.0,221.0,135.0,1.0,1060.0,190.0,0
13.0,975.0,134.0,253.0,4.0,1035.0,362.0,0
13.0,950.0,154.0,134.0,5.0,461.0,285.0,0
6.0,4971.0,205.0,16.0,4.0,1048.0,142.0,0
12.0,6577.0,79.0,65.0,4.0,1145.0,35.0,0
5.0,385.0,76.0,16.0,3.0,1146.0,109.0,1
8.0,782.0,159.0,215.0,5.0,480.0,81.0,0
12.0,6577.0,79.0,65.0,6.0,1160.0,35.0,0
12.0,6330.0,253.0,224.0,7.0,562.0,112.0,1
6.0,5530.0,16.0,123.0,1.0,620.0,82.0,0
10.0,4393.0,35.0,148.0,6.0,670.0,70.0,0
15.0,2022.0,154.0,129.0,3.0,755.0,190.0,1
5.0,116.0,277.0,16.0,6.0,881.0,97.0,0
15.0,1986.0,129.0,279.0,6.0,965.0,85.0,0
12.0,6972.0,154.0,252.0,4.0,797.0,164.0,0
10.0,3366.0,47.0,80.0,1.0,365.0,185.0,0
10.0,3512.0,184.0,80.0,7.0,360.0,165.0,0
6.0,4991.0,16.0,174.0,6.0,505.0,115.0,1
12.0,7766.0,261.0,220.0,5.0,1015.0,64.0,0
15.0,1972.0,18.0,173.0,6.0,845.0,145.0,0
5.0,2010.0,80.0,16.0,5.0,870.0,126.0,1
10.0,3975.0,208.0,290.0,1.0,660.0,105.0,0
1.0,1921.0,96.0,183.0,4.0,360.0,185.0,1
16.0,2682.0,268.0,135.0,6.0,600.0,124.0,0
15.0,3498.0,154.0,268.0,5.0,840.0,205.0,1
16.0,2600.0,135.0,279.0,3.0,770.0,83.0,1
6.0,7354.0,10.0,16.0,6.0,430.0,114.0,0
3.0,1240.0,60.0,35.0,7.0,420.0,123.0,1
13.0,865.0,35.0,208.0,5.0,475.0,171.0,0
12.0,7802.0,261.0,282.0,7.0,660.0,61.0,0
15.0,2312.0,153.0,154.0,6.0,950.0,65.0,1
12.0,6667.0,253.0,172.0,6.0,636.0,204.0,0
5.0,1425.0,16.0,277.0,3.0,1145.0,94.0,1
13.0,707.0,208.0,79.0,1.0,360.0,160.0,1
3.0,1062.0,18.0,148.0,3.0,790.0,220.0,0
16.0,2174.0,135.0,223.0,6.0,785.0,81.0,0
10.0,4519.0,78.0,33.0,3.0,520.0,120.0,1
1.0,1965.0,268.0,80.0,7.0,360.0,115.0,0
5.0,1084.0,197.0,78.0,5.0,911.0,140.0,1
6.0,5344.0,288.0,16.0,5.0,859.0,78.0,0
15.0,941.0,45.0,58.0,1.0,850.0,75.0,0
15.0,2527.0,18.0,277.0,6.0,690.0,135.0,0
1.0,1760.0,183.0,159.0,5.0,1055.0,180.0,1
15.0,2308.0,252.0,175.0,6.0,620.0,240.0,1
13.0,108.0,208.0,153.0,4.0,1090.0,247.0,0
10.0,2950.0,80.0,156.0,7.0,1140.0,70.0,0
6.0,5217.0,16.0,146.0,4.0,805.0,79.0,1
6.0,5011.0,237.0,85.0,7.0,360.0,98.0,0
1.0,593.0,268.0,208.0,4.0,840.0,75.0,0
5.0,1847.0,159.0,16.0,6.0,600.0,160.0,0
12.0,6394.0,102.0,79.0,3.0,428.0,130.0,0
6.0,5212.0,87.0,177.0,5.0,685.0,93.0,0
13.0,318.0,79.0,279.0,3.0,1228.0,97.0,0
12.0,4571.0,261.0,100.0,7.0,915.0,95.0,1
4.0,417.0,135.0,243.0,4.0,645.0,215.0,1
12.0,6836.0,212.0,208.0,4.0,360.0,78.0,1
16.0,2378.0,117.0,58.0,4.0,480.0,85.0,0
15.0,2116.0,45.0,213.0,5.0,510.0,155.0,1
16.0,2192.0,135.0,170.0,7.0,1275.0,85.0,0
8.0,276.0,16.0,35.0,7.0,1260.0,147.0,1
0.0,4147.0,175.0,85.0,3.0,651.0,79.0,0
13.0,320.0,253.0,154.0,3.0,634.0,96.0,0
15.0,3498.0,154.0,268.0,4.0,840.0,205.0,1
12.0,4618.0,261.0,34.0,6.0,1074.0,71.0,0
12.0,4879.0,177.0,261.0,6.0,827.0,206.0,0
5.0,242.0,183.0,85.0,5.0,807.0,188.0,0
14.0,1159.0,78.0,173.0,3.0,515.0,147.0,0
15.0,1651.0,153.0,280.0,6.0,545.0,75.0,0
10.0,4124.0,139.0,148.0,3.0,715.0,124.0,0
13.0,346.0,135.0,208.0,4.0,1058.0,151.0,0
6.0,5098.0,16.0,138.0,3.0,971.0,81.0,0
10.0,3356.0,80.0,71.0,3.0,575.0,130.0,1
4.0,520.0,135.0,217.0,3.0,1070.0,175.0,1
6.0,5082.0,16.0,32.0,4.0,523.0,112.0,1
2.0,676.0,252.0,79.0,5.0,460.0,155.0,0
5.0,1767.0,85.0,208.0,5.0,530.0,99.0,0
12.0,6714.0,79.0,177.0,5.0,1157.0,134.0,1
5.0,1031.0,139.0,16.0,3.0,742.0,102.0,0
15.0,36.0,75.0,170.0,5.0,990.0,70.0,1
11.0,6763.0,148.0,273.0,4.0,910.0,86.0,0
12.0,4716.0,160.0,261.0,4.0,410.0,110.0,0
6.0,4940.0,48.0,85.0,7.0,620.0,65.0,0
10.0,4214.0,172.0,208.0,5.0,1175.0,95.0,0
4.0,1131.0,96.0,80.0,3.0,405.0,250.0,0
15.0,526.0,217.0,44.0,1.0,905.0,85.0,0
12.0,6554.0,79.0,99.0,7.0,809.0,107.0,0
10.0,2850.0,242.0,80.0,1.0,960.0,100.0,0
17.0,7218.0,16.0,134.0,3.0,360.0,100.0,0
14.0,1656.0,60.0,213.0,4.0,564.0,106.0,1
0.0,3671.0,85.0,82.0,1.0,730.0,119.0,1
3.0,167.0,148.0,277.0,3.0,1020.0,187.0,0
16.0,2322.0,38.0,135.0,3.0,671.0,71.0,1
6.0,5330.0,132.0,16.0,5.0,860.0,73.0,0
0.0,4030.0,148.0,42.0,1.0,840.0,100.0,0
10.0,4523.0,35.0,159.0,1.0,990.0,80.0,0
4.0,373.0,60.0,96.0,7.0,570.0,100.0,0
1.0,1192.0,80.0,209.0,6.0,815.0,160.0,0
15.0,773.0,129.0,244.0,7.0,1230.0,55.0,0
15.0,2720.0,153.0,18.0,7.0,1020.0,155.0,1
15.0,760.0,175.0,253.0,7.0,530.0,300.0,1
5.0,2096.0,197.0,159.0,3.0,600.0,166.0,1
15.0,3395.0,243.0,153.0,5.0,880.0,70.0,1
12.0,4887.0,197.0,208.0,4.0,875.0,90.0,0
8.0,454.0,16.0,198.0,1.0,1083.0,97.0,1
17.0,2676.0,251.0,60.0,5.0,920.0,87.0,1
15.0,2749.0,129.0,104.0,6.0,995.0,135.0,1
12.0,7755.0,261.0,49.0,6.0,459.0,72.0,1
1.0,1416.0,280.0,80.0,7.0,870.0,130.0,0
17.0,2837.0,217.0,44.0,1.0,910.0,88.0,0
1.0,1203.0,80.0,252.0,7.0,1135.0,260.0,0
15.0,1809.0,184.0,153.0,6.0,480.0,240.0,0
13.0,551.0,208.0,153.0,3.0,715.0,249.0,1
8.0,205.0,16.0,48.0,7.0,1250.0,100.0,1
6.0,4952.0,97.0,16.0,4.0,480.0,123.0,0
10.0,3765.0,79.0,208.0,4.0,870.0,150.0,0
16.0,2122.0,135.0,197.0,4.0,960.0,168.0,0
12.0,6497.0,24.0,79.0,7.0,361.0,144.0,0
14.0,1718.0,78.0,273.0,5.0,1280.0,67.0,0
14.0,997.0,221.0,60.0,7.0,730.0,93.0,0
6.0,5309.0,174.0,16.0,7.0,794.0,131.0,0
10.0,4196.0,208.0,45.0,7.0,1160.0,120.0,1
12.0,7014.0,232.0,253.0,3.0,355.0,101.0,0
13.0,870.0,253.0,148.0,6.0,775.0,351.0,0
10.0,4659.0,16.0,159.0,7.0,930.0,130.0,0
15.0,2020.0,111.0,34.0,4.0,945.0,60.0,0
16.0,2884.0,135.0,75.0,7.0,930.0,58.0,0
5.0,1441.0,16.0,162.0,5.0,1227.0,96.0,0
14.0,527.0,236.0,217.0,4.0,1150.0,99.0,0
2.0,522.0,252.0,44.0,6.0,470.0,145.0,0
10.0,3276.0,84.0,80.0,1.0,905.0,120.0,0
10.0,2982.0,80.0,118.0,4.0,730.0,50.0,0
2.0,660.0,252.0,80.0,7.0,420.0,230.0,0
4.0,479.0,135.0,244.0,4.0,1160.0,66.0,1
5.0,1386.0,159.0,35.0,5.0,870.0,66.0,0
1.0,492.0,44.0,80.0,3.0,695.0,180.0,0
17.0,2851.0,217.0,292.0,5.0,1064.0,71.0,0
0.0,4063.0,148.0,221.0,5.0,1230.0,127.0,0
5.0,2752.0,277.0,159.0,6.0,775.0,158.0,0
12.0,6477.0,154.0,262.0,1.0,766.0,83.0,0
15.0,634.0,45.0,251.0,4.0,1100.0,110.0,1
15.0,1158.0,258.0,264.0,3.0,1025.0,75.0,1
1.0,1175.0,80.0,197.0,7.0,945.0,145.0,0
1.0,1434.0,80.0,173.0,6.0,380.0,145.0,1
14.0,1538.0,60.0,35.0,7.0,1335.0,120.0,1
15.0,2021.0,233.0,33.0,3.0,905.0,95.0,1
15.0,3110.0,175.0,217.0,5.0,635.0,240.0,0
5.0,1578.0,16.0,134.0,7.0,910.0,112.0,1
2.0,112.0,14.0,252.0,6.0,90.0,200.0,1
13.0,457.0,134.0,16.0,6.0,515.0,115.0,0
2.0,851.0,252.0,128.0,4.0,540.0,376.0,0
6.0,7390.0,16.0,205.0,1.0,516.0,156.0,0
6.0,7313.0,177.0,256.0,6.0,870.0,78.0,0
12.0,6489.0,253.0,55.0,5.0,466.0,55.0,1
1.0,1477.0,216.0,80.0,4.0,400.0,235.0,0
11.0,6400.0,71.0,58.0,7.0,970.0,72.0,0
2.0,665.0,80.0,252.0,1.0,420.0,267.0,0
14.0,1182.0,60.0,159.0,3.0,866.0,107.0,1
0.0,4088.0,197.0,71.0,4.0,465.0,114.0,1
1.0,2337.0,96.0,208.0,3.0,770.0,155.0,0
3.0,1293.0,35.0,221.0,5.0,982.0,106.0,1
13.0,590.0,208.0,22.0,3.0,821.0,129.0,0
1.0,309.0,208.0,217.0,5.0,640.0,230.0,0
13.0,616.0,208.0,78.0,1.0,840.0,111.0,0
1.0,1910.0,154.0,153.0,4.0,705.0,75.0,0
1.0,1664.0,183.0,16.0,1.0,615.0,120.0,1
8.0,604.0,241.0,45.0,6.0,1113.0,137.0,0
6.0,7329.0,285.0,16.0,7.0,782.0,68.0,0
8.0,217.0,184.0,241.0,6.0,889.0,174.0,1
17.0,2791.0,153.0,100.0,4.0,1295.0,63.0,0
13.0,245.0,208.0,79.0,7.0,533.0,165.0,0
16.0,3115.0,228.0,58.0,5.0,360.0,117.0,0
13.0,822.0,134.0,233.0,5.0,1060.0,71.0,0
12.0,4616.0,65.0,197.0,5.0,665.0,135.0,1
15.0,763.0,207.0,202.0,1.0,1005.0,75.0,1
14.0,1608.0,173.0,216.0,4.0,1175.0,133.0,0
6.0,5552.0,16.0,285.0,6.0,950.0,55.0,0
13.0,609.0,78.0,208.0,3.0,579.0,132.0,0
15.0,2706.0,45.0,277.0,3.0,940.0,150.0,1
12.0,6746.0,79.0,230.0,4.0,1307.0,70.0,1
10.0,4049.0,208.0,139.0,5.0,895.0,60.0,0
14.0,975.0,197.0,60.0,3.0,610.0,149.0,0
5.0,1618.0,173.0,16.0,7.0,450.0,110.0,0
13.0,247.0,79.0,172.0,4.0,1072.0,103.0,0
12.0,4645.0,40.0,261.0,7.0,385.0,73.0,0
10.0,4016.0,208.0,109.0,7.0,560.0,55.0,1
1.0,1026.0,80.0,172.0,6.0,425.0,95.0,0
10.0,3371.0,80.0,71.0,4.0,1230.0,130.0,0
13.0,535.0,16.0,208.0,4.0,680.0,133.0,0
12.0,4703.0,172.0,261.0,1.0,865.0,162.0,1
15.0,616.0,91.0,217.0,3.0,1210.0,75.0,1
6.0,7126.0,43.0,134.0,6.0,617.0,74.0,1
10.0,4584.0,159.0,60.0,3.0,1185.0,130.0,0
11.0,6617.0,85.0,19.0,1.0,620.0,103.0,0
10.0,3743.0,208.0,197.0,4.0,1050.0,95.0,1
10.0,3210.0,129.0,80.0,4.0,520.0,70.0,0
10.0,3079.0,154.0,243.0,3.0,1185.0,45.0,0
0.0,3675.0,139.0,85.0,7.0,695.0,83.0,0
14.0,1105.0,60.0,80.0,4.0,1090.0,182.0,0
15.0,1118.0,182.0,45.0,5.0,675.0,95.0,1
15.0,1599.0,154.0,268.0,7.0,560.0,205.0,1
13.0,283.0,79.0,111.0,4.0,1144.0,152.0,0
5.0,2807.0,173.0,177.0,6.0,732.0,135.0,0
0.0,4300.0,223.0,177.0,1.0,681.0,93.0,1
7.0,411.0,79.0,154.0,5.0,1090.0,147.0,0
5.0,2201.0,35.0,16.0,1.0,1035.0,185.0,0
15.0,1030.0,258.0,153.0,3.0,450.0,85.0,0
15.0,1072.0,2.0,75.0,5.0,1045.0,95.0,1
15.0,2785.0,216.0,35.0,1.0,910.0,75.0,0
12.0,6675.0,79.0,100.0,5.0,746.0,145.0,1
15.0,313.0,58.0,175.0,5.0,1095.0,75.0,0
5.0,2140.0,153.0,261.0,3.0,1102.0,83.0,1
14.0,1990.0,200.0,60.0,1.0,770.0,64.0,1
10.0,3778.0,208.0,78.0,1.0,550.0,105.0,1
2.0,37.0,197.0,252.0,7.0,795.0,220.0,0
15.0,167.0,13.0,75.0,7.0,985.0,65.0,1
13.0,373.0,159.0,208.0,1.0,420.0,157.0,0
5.0,2695.0,78.0,183.0,7.0,940.0,159.0,0
12.0,7047.0,117.0,208.0,1.0,730.0,60.0,0
15.0,899.0,79.0,22.0,3.0,1020.0,225.0,1
4.0,90.0,154.0,96.0,5.0,765.0,321.0,0
13.0,550.0,253.0,243.0,1.0,630.0,96.0,1
4.0,411.0,96.0,135.0,1.0,700.0,240.0,0
13.0,700.0,260.0,134.0,7.0,819.0,240.0,0
5.0,2967.0,16.0,243.0,1.0,660.0,294.0,0
3.0,648.0,253.0,148.0,7.0,1350.0,318.0,1
12.0,4887.0,197.0,208.0,3.0,940.0,77.0,1
15.0,3325.0,159.0,45.0,1.0,715.0,75.0,0
15.0,153.0,153.0,79.0,5.0,405.0,115.0,0
13.0,925.0,134.0,154.0,6.0,1315.0,361.0,1
15.0,1414.0,244.0,75.0,4.0,505.0,55.0,1
15.0,627.0,173.0,141.0,5.0,465.0,145.0,0
15.0,1290.0,173.0,104.0,6.0,585.0,55.0,0
5.0,1560.0,252.0,71.0,4.0,740.0,257.0,1
15.0,534.0,279.0,75.0,4.0,1225.0,60.0,0
4.0,350.0,96.0,18.0,4.0,390.0,260.0,0
15.0,300.0,79.0,197.0,4.0,945.0,120.0,1
14.0,2145.0,35.0,159.0,4.0,450.0,74.0,0
0.0,3951.0,177.0,223.0,3.0,1175.0,84.0,1
5.0,1805.0,85.0,173.0,6.0,1055.0,160.0,0
5.0,1682.0,16.0,27.0,4.0,870.0,55.0,1
7.0,217.0,18.0,79.0,1.0,880.0,130.0,1
13.0,609.0,78.0,208.0,6.0,583.0,132.0,1
15.0,444.0,217.0,175.0,6.0,795.0,205.0,0
11.0,6545.0,22.0,85.0,4.0,1110.0,130.0,0
0.0,3739.0,32.0,197.0,6.0,1145.0,95.0,0
16.0,5925.0,107.0,208.0,7.0,762.0,96.0,1
12.0,6402.0,253.0,93.0,7.0,1016.0,91.0,1
8.0,122.0,277.0,16.0,7.0,910.0,95.0,0
4.0,215.0,135.0,80.0,4.0,810.0,69.0,0
8.0,268.0,78.0,184.0,3.0,1079.0,131.0,1
15.0,2980.0,217.0,233.0,4.0,660.0,235.0,0
5.0,2700.0,197.0,45.0,3.0,810.0,150.0,0
16.0,2964.0,135.0,80.0,5.0,690.0,69.0,0
15.0,1103.0,153.0,214.0,4.0,530.0,140.0,1
14.0,1700.0,183.0,60.0,7.0,690.0,124.0,0
10.0,4631.0,159.0,233.0,7.0,625.0,110.0,0
16.0,2923.0,58.0,16.0,1.0,920.0,112.0,1
12.0,4887.0,208.0,197.0,4.0,995.0,97.0,0
4.0,787.0,96.0,264.0,3.0,1020.0,375.0,1
2.0,137.0,214.0,14.0,5.0,1065.0,235.0,0
13.0,263.0,198.0,154.0,3.0,1159.0,264.0,0
10.0,3205.0,80.0,251.0,4.0,520.0,120.0,0
15.0,925.0,154.0,280.0,3.0,820.0,80.0,1
12.0,6680.0,227.0,79.0,4.0,997.0,123.0,0
5.0,1629.0,148.0,153.0,1.0,970.0,366.0,0
10.0,3655.0,183.0,234.0,7.0,1220.0,140.0,0
2.0,480.0,252.0,243.0,4.0,545.0,161.0,0
14.0,796.0,154.0,216.0,4.0,670.0,305.0,0
9.0,166.0,128.0,203.0,5.0,740.0,38.0,0
12.0,6818.0,208.0,56.0,4.0,477.0,56.0,0
0.0,4001.0,208.0,177.0,4.0,390.0,115.0,0
14.0,990.0,104.0,60.0,7.0,690.0,117.0,0
12.0,6474.0,154.0,2.0,7.0,960.0,109.0,0
15.0,732.0,277.0,43.0,3.0,865.0,160.0,1
5.0,2663.0,148.0,154.0,3.0,420.0,394.0,1
15.0,2004.0,173.0,45.0,5.0,485.0,130.0,0
12.0,4661.0,261.0,207.0,4.0,520.0,109.0,0
8.0,927.0,172.0,16.0,1.0,649.0,116.0,0
15.0,1006.0,34.0,79.0,1.0,420.0,110.0,0
13.0,270.0,79.0,173.0,1.0,767.0,205.0,0
6.0,5609.0,233.0,177.0,5.0,710.0,128.0,0
5.0,1738.0,267.0,16.0,4.0,953.0,98.0,1
8.0,1034.0,221.0,241.0,5.0,1172.0,162.0,1
12.0,4727.0,244.0,261.0,3.0,1136.0,177.0,0
16.0,2731.0,135.0,256.0,6.0,1180.0,50.0,0
5.0,2627.0,85.0,198.0,5.0,916.0,162.0,0
11.0,6607.0,85.0,119.0,4.0,940.0,59.0,0
15.0,3682.0,18.0,175.0,4.0,890.0,155.0,0
15.0,354.0,79.0,18.0,3.0,845.0,125.0,1
13.0,219.0,173.0,134.0,7.0,715.0,129.0,1
4.0,426.0,135.0,45.0,7.0,1140.0,175.0,0
15.0,1601.0,277.0,228.0,7.0,455.0,165.0,0
12.0,3077.0,139.0,184.0,7.0,432.0,63.0,0
15.0,1976.0,85.0,45.0,1.0,715.0,90.0,1
8.0,363.0,159.0,16.0,1.0,420.0,160.0,1
6.0,5252.0,275.0,104.0,4.0,1135.0,84.0,0
5.0,1710.0,80.0,16.0,1.0,720.0,125.0,0
12.0,4473.0,261.0,2.0,1.0,910.0,100.0,1
14.0,487.0,60.0,79.0,6.0,710.0,234.0,0
15.0,300.0,79.0,197.0,3.0,945.0,120.0,1
5.0,2019.0,159.0,197.0,1.0,1100.0,195.0,1
11.0,6628.0,80.0,71.0,3.0,420.0,131.0,0
11.0,6643.0,35.0,78.0,4.0,395.0,110.0,0
15.0,3403.0,45.0,35.0,4.0,880.0,80.0,0
3.0,734.0,260.0,35.0,1.0,825.0,249.0,1
14.0,511.0,264.0,217.0,5.0,406.0,88.0,0
13.0,672.0,221.0,79.0,7.0,1144.0,228.0,0
15.0,2905.0,243.0,202.0,6.0,1115.0,90.0,1
15.0,3763.0,202.0,261.0,1.0,410.0,105.0,1
8.0,128.0,277.0,16.0,5.0,756.0,95.0,0
15.0,1198.0,173.0,33.0,7.0,460.0,120.0,0
13.0,344.0,214.0,253.0,5.0,455.0,118.0,0
13.0,464.0,214.0,208.0,3.0,802.0,238.0,1
12.0,4463.0,99.0,197.0,4.0,786.0,67.0,0
0.0,3672.0,155.0,177.0,5.0,705.0,117.0,0
9.0,132.0,203.0,143.0,5.0,569.0,36.0,0
9.0,110.0,161.0,128.0,4.0,439.0,30.0,0
1.0,398.0,208.0,159.0,4.0,370.0,120.0,1
12.0,6283.0,154.0,144.0,4.0,1175.0,52.0,1
5.0,2160.0,183.0,16.0,3.0,1130.0,124.0,0
6.0,7107.0,159.0,134.0,3.0,1167.0,84.0,0
4.0,1479.0,135.0,244.0,5.0,1275.0,59.0,1
2.0,604.0,252.0,153.0,3.0,630.0,149.0,0
13.0,410.0,262.0,79.0,3.0,360.0,144.0,0
15.0,2287.0,216.0,233.0,4.0,1145.0,85.0,0
5.0,2803.0,71.0,173.0,7.0,560.0,132.0,1
4.0,245.0,58.0,135.0,5.0,770.0,186.0,0
0.0,3776.0,238.0,16.0,5.0,450.0,151.0,0
6.0,7076.0,245.0,134.0,5.0,615.0,95.0,0
6.0,5193.0,74.0,16.0,4.0,1080.0,106.0,1
3.0,376.0,104.0,159.0,6.0,762.0,168.0,1
12.0,3075.0,184.0,139.0,4.0,1195.0,62.0,0
15.0,1783.0,147.0,33.0,5.0,1130.0,95.0,0
15.0,856.0,79.0,253.0,7.0,965.0,165.0,1
4.0,1555.0,213.0,96.0,6.0,695.0,174.0,0
12.0,6637.0,79.0,46.0,3.0,1302.0,109.0,0
10.0,4104.0,208.0,107.0,5.0,925.0,100.0,0
6.0,5201.0,16.0,12.0,4.0,890.0,137.0,1
15.0,2523.0,44.0,258.0,4.0,825.0,65.0,1
9.0,387.0,150.0,128.0,1.0,1088.0,42.0,0
14.0,1107.0,60.0,80.0,7.0,1210.0,174.0,1
1.0,1931.0,253.0,154.0,3.0,875.0,80.0,0
11.0,6631.0,35.0,148.0,3.0,840.0,84.0,1
15.0,1006.0,2.0,91.0,1.0,650.0,55.0,0
16.0,3008.0,135.0,134.0,5.0,615.0,169.0,0
8.0,556.0,16.0,43.0,7.0,1255.0,119.0,1
16.0,3096.0,135.0,61.0,5.0,455.0,144.0,0
10.0,3485.0,80.0,162.0,6.0,600.0,65.0,0
1.0,2423.0,208.0,172.0,6.0,870.0,90.0,1
6.0,7111.0,148.0,134.0,5.0,611.0,81.0,0
1.0,2538.0,153.0,208.0,5.0,40.0,200.0,0
4.0,1795.0,135.0,154.0,6.0,1075.0,213.0,1
14.0,1109.0,60.0,147.0,3.0,895.0,82.0,1
5.0,2223.0,14.0,261.0,6.0,85.0,270.0,0
12.0,4461.0,264.0,261.0,4.0,674.0,106.0,0
2.0,36.0,252.0,197.0,7.0,425.0,199.0,0
16.0,2789.0,42.0,96.0,3.0,573.0,77.0,1
8.0,678.0,173.0,184.0,5.0,1182.0,175.0,0
12.0,6458.0,154.0,280.0,5.0,1142.0,78.0,1
9.0,382.0,128.0,143.0,1.0,593.0,51.0,0
12.0,4748.0,261.0,40.0,7.0,1296.0,79.0,0
15.0,877.0,264.0,253.0,3.0,780.0,85.0,1
15.0,1599.0,129.0,79.0,7.0,1155.0,155.0,1
7.0,192.0,76.0,79.0,6.0,375.0,189.0,0
10.0,3248.0,118.0,80.0,3.0,1000.0,50.0,0
14.0,79.0,217.0,252.0,7.0,510.0,183.0,0
7.0,219.0,18.0,79.0,3.0,1136.0,133.0,0
4.0,1139.0,96.0,80.0,5.0,1080.0,250.0,0
15.0,425.0,244.0,173.0,1.0,780.0,145.0,0
17.0,2694.0,160.0,217.0,3.0,760.0,83.0,1
8.0,260.0,78.0,184.0,1.0,360.0,125.0,0
13.0,740.0,202.0,79.0,7.0,360.0,145.0,0
15.0,827.0,18.0,91.0,7.0,825.0,100.0,1
0.0,3894.0,197.0,76.0,4.0,610.0,112.0,0
12.0,6851.0,208.0,177.0,6.0,730.0,101.0,1
14.0,1942.0,60.0,43.0,5.0,564.0,98.0,0
13.0,468.0,252.0,253.0,6.0,368.0,129.0,1
12.0,6649.0,235.0,79.0,5.0,935.0,70.0,1
14.0,1729.0,60.0,173.0,6.0,688.0,94.0,1
0.0,3703.0,197.0,107.0,5.0,925.0,62.0,0
2.0,657.0,217.0,214.0,3.0,1090.0,170.0,1
12.0,6455.0,292.0,154.0,4.0,730.0,80.0,0
13.0,941.0,208.0,79.0,3.0,1020.0,159.0,1
15.0,789.0,268.0,175.0,6.0,440.0,60.0,1
0.0,4030.0,148.0,42.0,7.0,840.0,100.0,0
4.0,172.0,128.0,154.0,4.0,890.0,335.0,0
15.0,792.0,147.0,45.0,1.0,635.0,110.0,1
1.0,1624.0,154.0,208.0,4.0,885.0,245.0,1
16.0,2711.0,58.0,159.0,4.0,515.0,84.0,0
4.0,669.0,253.0,135.0,6.0,505.0,224.0,1
8.0,464.0,45.0,229.0,6.0,954.0,83.0,0
15.0,413.0,252.0,258.0,4.0,520.0,130.0,0
4.0,1054.0,96.0,213.0,1.0,695.0,178.0,0
4.0,1495.0,135.0,154.0,4.0,580.0,221.0,1
12.0,4488.0,166.0,197.0,4.0,410.0,60.0,0
14.0,1266.0,16.0,216.0,1.0,770.0,124.0,0
16.0,2562.0,135.0,75.0,6.0,1050.0,61.0,0
15.0,2384.0,33.0,233.0,5.0,500.0,85.0,0
13.0,812.0,111.0,79.0,1.0,373.0,133.0,0
12.0,4578.0,258.0,261.0,5.0,984.0,110.0,1
15.0,843.0,217.0,153.0,1.0,995.0,65.0,0
12.0,6528.0,154.0,217.0,4.0,1025.0,79.0,0
17.0,7274.0,172.0,134.0,1.0,492.0,141.0,0
4.0,369.0,153.0,96.0,4.0,1340.0,275.0,0
1.0,1267.0,173.0,183.0,5.0,875.0,65.0,1
5.0,1201.0,85.0,261.0,5.0,505.0,251.0,1
15.0,1949.0,104.0,277.0,3.0,395.0,60.0,0
17.0,1026.0,161.0,128.0,6.0,726.0,29.0,0
10.0,3645.0,183.0,177.0,1.0,680.0,155.0,1
13.0,405.0,159.0,79.0,5.0,620.0,272.0,0
0.0,4256.0,85.0,90.0,6.0,835.0,78.0,1
12.0,6765.0,79.0,46.0,5.0,687.0,113.0,0
14.0,275.0,217.0,135.0,6.0,960.0,154.0,0
12.0,4549.0,230.0,261.0,7.0,755.0,98.0,1
13.0,168.0,258.0,79.0,4.0,884.0,153.0,1
13.0,616.0,208.0,78.0,4.0,840.0,111.0,1
2.0,60.0,149.0,151.0,3.0,440.0,65.0,0
8.0,708.0,76.0,16.0,6.0,440.0,114.0,0
15.0,815.0,251.0,277.0,5.0,685.0,125.0,1
6.0,7348.0,78.0,35.0,7.0,1075.0,101.0,1
15.0,957.0,217.0,44.0,3.0,1050.0,85.0,1
4.0,391.0,183.0,135.0,1.0,875.0,171.0,1
5.0,2155.0,16.0,154.0,5.0,1038.0,300.0,1
11.0,6772.0,139.0,78.0,6.0,743.0,96.0,0
4.0,106.0,135.0,96.0,3.0,645.0,210.0,1
15.0,491.0,213.0,45.0,7.0,1055.0,145.0,0
10.0,3243.0,80.0,146.0,6.0,1355.0,75.0,0
1.0,1644.0,153.0,80.0,7.0,915.0,160.0,1
17.0,1018.0,128.0,203.0,4.0,1185.0,35.0,0
16.0,2146.0,58.0,209.0,4.0,1145.0,90.0,0
15.0,203.0,153.0,172.0,5.0,1115.0,160.0,0
1.0,2454.0,80.0,244.0,6.0,1355.0,60.0,0
17.0,7261.0,172.0,134.0,7.0,1040.0,141.0,0
16.0,2973.0,279.0,135.0,5.0,455.0,92.0,0
16.0,2620.0,136.0,135.0,6.0,660.0,102.0,0
5.0,2087.0,16.0,241.0,6.0,810.0,101.0,0
10.0,4375.0,78.0,233.0,1.0,385.0,65.0,0
5.0,1157.0,61.0,16.0,3.0,360.0,110.0,0
2.0,861.0,214.0,203.0,4.0,600.0,368.0,0
10.0,3323.0,80.0,118.0,5.0,645.0,50.0,0
5.0,2685.0,159.0,173.0,7.0,415.0,170.0,0
10.0,4582.0,159.0,60.0,1.0,510.0,125.0,0
8.0,435.0,252.0,184.0,3.0,495.0,235.0,0
15.0,931.0,172.0,79.0,4.0,1140.0,115.0,0
12.0,6359.0,279.0,154.0,4.0,1091.0,204.0,0
10.0,3163.0,154.0,258.0,1.0,920.0,80.0,0
13.0,62.0,253.0,252.0,6.0,1360.0,125.0,0
4.0,15.0,96.0,128.0,7.0,710.0,655.0,1
15.0,1050.0,45.0,221.0,1.0,935.0,60.0,1
1.0,1247.0,35.0,208.0,7.0,510.0,180.0,0
16.0,3125.0,41.0,135.0,1.0,945.0,74.0,0
15.0,3411.0,172.0,154.0,4.0,705.0,225.0,1
6.0,5025.0,16.0,278.0,5.0,515.0,71.0,0
12.0,6432.0,79.0,18.0,1.0,754.0,128.0,0
1.0,425.0,208.0,252.0,7.0,940.0,270.0,1
16.0,2360.0,135.0,16.0,7.0,630.0,113.0,1
8.0,63.0,134.0,16.0,6.0,662.0,115.0,1
8.0,99.0,16.0,233.0,1.0,831.0,78.0,1
4.0,1728.0,135.0,280.0,5.0,1095.0,165.0,0
8.0,372.0,16.0,159.0,7.0,1101.0,128.0,1
5.0,1992.0,277.0,85.0,6.0,835.0,159.0,1
3.0,733.0,35.0,260.0,4.0,475.0,237.0,0
16.0,5957.0,208.0,117.0,3.0,789.0,53.0,1
10.0,2730.0,146.0,80.0,6.0,1100.0,95.0,0
6.0,7110.0,134.0,229.0,6.0,1020.0,92.0,0
16.0,2629.0,121.0,58.0,4.0,1005.0,87.0,0
15.0,2952.0,217.0,44.0,6.0,850.0,85.0,1
4.0,62.0,135.0,96.0,6.0,865.0,202.0,1
15.0,2507.0,85.0,268.0,6.0,570.0,105.0,1
12.0,6472.0,2.0,154.0,4.0,661.0,125.0,0
10.0,3647.0,183.0,147.0,7.0,1050.0,75.0,1
15.0,860.0,213.0,45.0,1.0,575.0,140.0,0
15.0,3143.0,197.0,175.0,6.0,1015.0,90.0,0
1.0,373.0,80.0,264.0,1.0,765.0,195.0,0
15.0,635.0,209.0,173.0,1.0,1085.0,125.0,0
16.0,2094.0,85.0,96.0,6.0,388.0,94.0,0
12.0,6244.0,253.0,179.0,5.0,1360.0,75.0,0
8.0,446.0,16.0,198.0,4.0,729.0,99.0,0
6.0,7333.0,71.0,135.0,5.0,990.0,160.0,0
13.0,627.0,78.0,208.0,4.0,1053.0,132.0,0
16.0,2675.0,96.0,209.0,4.0,690.0,76.0,0
14.0,627.0,217.0,202.0,7.0,1270.0,123.0,1
15.0,1333.0,153.0,207.0,5.0,1140.0,55.0,1
10.0,4616.0,233.0,159.0,6.0,490.0,90.0,0
8.0,864.0,173.0,16.0,3.0,1040.0,93.0,0
2.0,634.0,214.0,217.0,4.0,400.0,158.0,0
15.0,1065.0,79.0,153.0,1.0,905.0,115.0,0
15.0,245.0,217.0,262.0,1.0,665.0,125.0,1
15.0,1189.0,277.0,43.0,6.0,680.0,160.0,0
4.0,532.0,135.0,159.0,3.0,810.0,203.0,0
14.0,257.0,216.0,217.0,5.0,1235.0,320.0,0
4.0,1637.0,178.0,135.0,5.0,825.0,69.0,1
10.0,3267.0,80.0,162.0,7.0,990.0,70.0,1
1.0,848.0,2.0,80.0,6.0,860.0,100.0,1
2.0,120.0,14.0,252.0,4.0,450.0,211.0,1
3.0,434.0,173.0,35.0,3.0,965.0,164.0,1
5.0,1090.0,223.0,16.0,5.0,560.0,70.0,1
12.0,7802.0,282.0,261.0,1.0,890.0,63.0,1
0.0,4286.0,85.0,119.0,3.0,525.0,64.0,0
10.0,2817.0,94.0,80.0,3.0,1030.0,130.0,0
13.0,844.0,253.0,154.0,5.0,915.0,90.0,0
10.0,4193.0,234.0,208.0,7.0,1175.0,135.0,1
5.0,99.0,148.0,104.0,7.0,1140.0,204.0,1
16.0,2528.0,182.0,58.0,1.0,365.0,119.0,0
0.0,3843.0,85.0,21.0,3.0,840.0,53.0,1
6.0,4943.0,16.0,275.0,5.0,515.0,76.0,0
11.0,6401.0,71.0,177.0,3.0,455.0,103.0,0
6.0,5172.0,85.0,204.0,5.0,1185.0,160.0,1
6.0,5254.0,245.0,16.0,6.0,761.0,86.0,1
12.0,6317.0,246.0,154.0,1.0,531.0,49.0,1
12.0,6431.0,244.0,154.0,5.0,1218.0,197.0,0
15.0,738.0,79.0,252.0,5.0,1230.0,190.0,1
5.0,1910.0,80.0,16.0,3.0,945.0,123.0,0
15.0,2311.0,153.0,268.0,6.0,1130.0,185.0,1
12.0,6470.0,208.0,119.0,6.0,827.0,48.0,1
10.0,2835.0,80.0,146.0,5.0,995.0,75.0,0
14.0,2033.0,35.0,78.0,4.0,720.0,92.0,0
17.0,7269.0,134.0,16.0,7.0,1010.0,117.0,0
5.0,2566.0,244.0,148.0,4.0,535.0,218.0,0
5.0,1841.0,85.0,277.0,3.0,425.0,167.0,0
2.0,245.0,154.0,252.0,7.0,1260.0,160.0,1
15.0,1982.0,204.0,75.0,1.0,695.0,55.0,0
10.0,4694.0,148.0,233.0,1.0,730.0,105.0,0
15.0,425.0,175.0,129.0,4.0,505.0,170.0,0
3.0,1048.0,148.0,238.0,1.0,570.0,83.0,1
13.0,896.0,208.0,134.0,3.0,787.0,119.0,0
10.0,4338.0,85.0,208.0,7.0,1110.0,90.0,0
8.0,791.0,16.0,268.0,5.0,937.0,105.0,0
13.0,864.0,154.0,153.0,3.0,1358.0,81.0,0
15.0,16.0,33.0,129.0,3.0,440.0,130.0,1
15.0,2885.0,243.0,262.0,7.0,750.0,95.0,0
14.0,1210.0,80.0,216.0,1.0,390.0,185.0,0
14.0,220.0,217.0,35.0,1.0,595.0,294.0,0
15.0,3047.0,153.0,217.0,4.0,1010.0,70.0,1
12.0,6605.0,29.0,79.0,3.0,1215.0,102.0,0
1.0,1918.0,208.0,96.0,7.0,1110.0,145.0,0
5.0,2412.0,177.0,183.0,5.0,565.0,142.0,0
12.0,6694.0,194.0,253.0,7.0,1274.0,37.0,0
15.0,2461.0,75.0,18.0,3.0,920.0,50.0,1
15.0,256.0,217.0,173.0,3.0,630.0,245.0,0
15.0,827.0,18.0,91.0,1.0,825.0,100.0,1
13.0,870.0,253.0,148.0,5.0,775.0,351.0,0
0.0,3817.0,177.0,119.0,3.0,510.0,108.0,0
1.0,897.0,173.0,80.0,6.0,1110.0,180.0,0
15.0,413.0,33.0,22.0,5.0,1150.0,135.0,1
17.0,7214.0,208.0,209.0,4.0,1031.0,121.0,0
5.0,345.0,22.0,173.0,4.0,869.0,171.0,1
4.0,1420.0,135.0,16.0,4.0,630.0,124.0,0
10.0,3374.0,71.0,80.0,5.0,795.0,165.0,1
12.0,6293.0,107.0,79.0,1.0,398.0,102.0,0
10.0,3355.0,80.0,165.0,3.0,590.0,85.0,0
16.0,2062.0,135.0,165.0,5.0,1175.0,74.0,0
5.0,1765.0,148.0,253.0,1.0,615.0,387.0,0
12.0,4667.0,279.0,261.0,4.0,380.0,154.0,0
16.0,5994.0,290.0,208.0,1.0,637.0,106.0,1
5.0,1260.0,111.0,261.0,7.0,384.0,110.0,0
15.0,250.0,173.0,268.0,4.0,470.0,155.0,1
4.0,1045.0,58.0,135.0,6.0,360.0,184.0,0
16.0,2181.0,16.0,135.0,5.0,655.0,140.0,0
10.0,3611.0,183.0,27.0,4.0,675.0,125.0,1
0.0,3750.0,85.0,152.0,3.0,830.0,50.0,1
16.0,2807.0,213.0,135.0,5.0,1060.0,165.0,0
12.0,4482.0,58.0,71.0,7.0,440.0,65.0,0
2.0,182.0,98.0,14.0,5.0,480.0,63.0,0
8.0,135.0,16.0,277.0,6.0,610.0,90.0,0
15.0,1115.0,45.0,175.0,7.0,465.0,130.0,0
15.0,899.0,153.0,202.0,1.0,660.0,90.0,1
12.0,6697.0,79.0,145.0,1.0,917.0,84.0,0
16.0,2331.0,33.0,135.0,3.0,1075.0,126.0,0
13.0,204.0,252.0,253.0,1.0,925.0,127.0,0
15.0,1140.0,277.0,129.0,5.0,410.0,145.0,1
15.0,113.0,33.0,61.0,6.0,665.0,70.0,0
13.0,720.0,253.0,79.0,7.0,891.0,153.0,0
15.0,367.0,33.0,87.0,1.0,470.0,80.0,0
13.0,390.0,135.0,79.0,3.0,1137.0,162.0,0
14.0,1807.0,221.0,216.0,7.0,425.0,81.0,0
16.0,2331.0,33.0,135.0,7.0,1075.0,126.0,0
8.0,495.0,45.0,60.0,4.0,515.0,85.0,0
12.0,6437.0,214.0,252.0,1.0,780.0,50.0,0
14.0,1559.0,216.0,104.0,4.0,710.0,169.0,1
13.0,806.0,154.0,253.0,4.0,835.0,85.0,0
0.0,3707.0,285.0,177.0,7.0,1065.0,84.0,0
11.0,6593.0,134.0,85.0,7.0,1021.0,114.0,0
14.0,1633.0,216.0,173.0,5.0,420.0,149.0,0
5.0,1914.0,34.0,261.0,5.0,920.0,65.0,1
4.0,137.0,135.0,154.0,5.0,865.0,220.0,1
15.0,781.0,207.0,175.0,5.0,595.0,235.0,1
12.0,6463.0,262.0,154.0,5.0,375.0,95.0,0
10.0,3644.0,177.0,183.0,3.0,810.0,145.0,0
12.0,6567.0,208.0,65.0,4.0,1210.0,153.0,1
15.0,1294.0,262.0,154.0,7.0,860.0,80.0,1
6.0,5572.0,16.0,41.0,1.0,725.0,94.0,0
6.0,4994.0,16.0,130.0,5.0,851.0,142.0,0
4.0,1433.0,159.0,135.0,6.0,1020.0,241.0,0
15.0,2397.0,202.0,243.0,3.0,1035.0,85.0,1
7.0,479.0,184.0,153.0,6.0,880.0,235.0,1
4.0,1695.0,135.0,154.0,7.0,780.0,222.0,0
10.0,2948.0,80.0,156.0,1.0,660.0,70.0,0
16.0,3082.0,251.0,96.0,3.0,1085.0,122.0,0
15.0,3920.0,58.0,268.0,5.0,550.0,110.0,0
15.0,1011.0,79.0,45.0,6.0,900.0,200.0,1
12.0,4604.0,258.0,261.0,1.0,610.0,107.0,0
17.0,2830.0,244.0,60.0,5.0,1035.0,162.0,0
10.0,2859.0,101.0,80.0,5.0,950.0,190.0,0
17.0,7270.0,208.0,233.0,1.0,1010.0,115.0,1
5.0,1012.0,135.0,16.0,5.0,420.0,130.0,0
15.0,257.0,104.0,147.0,4.0,825.0,75.0,0
5.0,2944.0,85.0,96.0,4.0,420.0,107.0,1
14.0,1789.0,60.0,153.0,6.0,680.0,292.0,0
4.0,303.0,96.0,135.0,3.0,645.0,240.0,1
6.0,7136.0,159.0,134.0,6.0,614.0,85.0,0
8.0,661.0,16.0,130.0,6.0,1061.0,138.0,0
13.0,285.0,134.0,253.0,6.0,743.0,363.0,0
16.0,2079.0,135.0,170.0,1.0,540.0,86.0,1
1.0,949.0,173.0,183.0,6.0,1015.0,65.0,1
16.0,2791.0,71.0,96.0,6.0,986.0,114.0,1
3.0,157.0,148.0,173.0,4.0,1195.0,173.0,0
5.0,1127.0,16.0,213.0,1.0,900.0,111.0,1
15.0,1933.0,61.0,173.0,1.0,615.0,135.0,1
15.0,19.0,129.0,68.0,4.0,745.0,50.0,1
2.0,633.0,217.0,252.0,4.0,895.0,187.0,0
0.0,4371.0,85.0,109.0,7.0,940.0,51.0,0
13.0,823.0,35.0,134.0,6.0,862.0,99.0,1
12.0,4647.0,122.0,261.0,4.0,785.0,85.0,1
1.0,817.0,33.0,80.0,1.0,370.0,130.0,0
12.0,7028.0,65.0,79.0,7.0,531.0,49.0,0
14.0,1221.0,104.0,78.0,5.0,840.0,146.0,0
4.0,1027.0,135.0,60.0,4.0,750.0,141.0,0
4.0,90.0,154.0,96.0,7.0,765.0,321.0,1
5.0,2413.0,71.0,241.0,7.0,555.0,155.0,0
16.0,5937.0,218.0,208.0,7.0,575.0,49.0,1
13.0,464.0,214.0,208.0,7.0,807.0,238.0,1
5.0,1814.0,154.0,71.0,5.0,665.0,250.0,0
3.0,510.0,104.0,96.0,4.0,1290.0,163.0,1
17.0,2775.0,177.0,217.0,6.0,450.0,223.0,0
10.0,3236.0,118.0,80.0,6.0,730.0,50.0,0
12.0,4485.0,197.0,56.0,7.0,1180.0,72.0,0
14.0,1564.0,104.0,216.0,7.0,985.0,162.0,0
15.0,27.0,87.0,45.0,1.0,1015.0,125.0,0
3.0,209.0,148.0,160.0,4.0,785.0,368.0,0
12.0,6498.0,154.0,280.0,6.0,995.0,80.0,0
1.0,1344.0,80.0,268.0,7.0,825.0,95.0,1
15.0,35.0,129.0,198.0,1.0,995.0,65.0,1
6.0,5379.0,16.0,162.0,4.0,1035.0,102.0,0
8.0,455.0,198.0,16.0,4.0,1155.0,80.0,0
6.0,5016.0,256.0,16.0,4.0,606.0,104.0,0
9.0,35.0,217.0,128.0,1.0,480.0,400.0,0
12.0,4613.0,197.0,99.0,3.0,930.0,62.0,0
8.0,201.0,16.0,48.0,7.0,813.0,97.0,0
0.0,3824.0,221.0,197.0,5.0,1016.0,144.0,1
13.0,507.0,208.0,80.0,1.0,396.0,158.0,0
5.0,2449.0,33.0,261.0,3.0,415.0,259.0,1
15.0,2879.0,253.0,154.0,1.0,570.0,80.0,1
10.0,3912.0,208.0,69.0,3.0,1135.0,90.0,0
16.0,3082.0,251.0,96.0,1.0,1085.0,122.0,1
14.0,734.0,60.0,216.0,5.0,1075.0,99.0,0
5.0,1696.0,16.0,22.0,6.0,577.0,150.0,0
0.0,3661.0,21.0,85.0,7.0,610.0,67.0,1
5.0,2324.0,16.0,45.0,3.0,515.0,117.0,0
17.0,2748.0,217.0,248.0,7.0,667.0,105.0,0
15.0,398.0,22.0,153.0,6.0,780.0,365.0,1
6.0,5230.0,16.0,120.0,1.0,735.0,75.0,0
15.0,257.0,175.0,104.0,7.0,545.0,185.0,1
15.0,3056.0,182.0,45.0,5.0,1140.0,95.0,0
8.0,911.0,215.0,16.0,4.0,1181.0,114.0,1
1.0,1760.0,183.0,159.0,3.0,1055.0,180.0,1
5.0,1233.0,16.0,198.0,4.0,890.0,98.0,1
13.0,301.0,79.0,153.0,4.0,690.0,122.0,0
15.0,360.0,153.0,91.0,3.0,995.0,100.0,1
5.0,1891.0,16.0,277.0,5.0,529.0,97.0,0
3.0,748.0,260.0,173.0,3.0,1121.0,182.0,1
5.0,1647.0,159.0,16.0,7.0,660.0,159.0,0
4.0,700.0,104.0,96.0,4.0,643.0,171.0,0
8.0,91.0,16.0,233.0,4.0,1330.0,77.0,0
3.0,355.0,148.0,44.0,3.0,735.0,366.0,1
3.0,1001.0,35.0,148.0,3.0,360.0,71.0,1
13.0,411.0,60.0,208.0,5.0,1010.0,130.0,0
3.0,567.0,272.0,104.0,1.0,929.0,191.0,1
17.0,1026.0,128.0,150.0,4.0,785.0,40.0,0
15.0,142.0,45.0,147.0,4.0,1145.0,125.0,1
1.0,1389.0,33.0,80.0,3.0,585.0,130.0,0
11.0,6257.0,197.0,71.0,4.0,535.0,120.0,0
16.0,3074.0,96.0,228.0,4.0,515.0,74.0,0
15.0,680.0,75.0,18.0,1.0,525.0,55.0,0
7.0,323.0,78.0,184.0,5.0,1080.0,130.0,0
5.0,1844.0,85.0,78.0,5.0,530.0,97.0,0
15.0,3673.0,258.0,153.0,5.0,1285.0,75.0,1
3.0,1202.0,173.0,35.0,6.0,835.0,168.0,0
5.0,309.0,33.0,16.0,3.0,562.0,68.0,1
15.0,132.0,253.0,154.0,5.0,1080.0,75.0,0
11.0,6597.0,148.0,71.0,3.0,390.0,135.0,0
10.0,2828.0,288.0,80.0,6.0,625.0,135.0,0
15.0,981.0,153.0,44.0,5.0,950.0,65.0,0
14.0,1468.0,78.0,43.0,5.0,980.0,72.0,0
4.0,722.0,198.0,135.0,5.0,745.0,71.0,1
10.0,3717.0,135.0,208.0,3.0,1130.0,155.0,1
1.0,355.0,80.0,207.0,5.0,1010.0,195.0,1
16.0,2141.0,238.0,58.0,6.0,405.0,77.0,0
0.0,4173.0,285.0,85.0,3.0,1018.0,106.0,0
2.0,730.0,14.0,252.0,3.0,365.0,205.0,0
15.0,109.0,79.0,252.0,1.0,515.0,185.0,0
0.0,3858.0,85.0,171.0,4.0,620.0,52.0,0
13.0,483.0,208.0,214.0,3.0,1230.0,279.0,0
11.0,6403.0,148.0,268.0,4.0,1195.0,175.0,0
15.0,1234.0,202.0,243.0,5.0,745.0,85.0,1
12.0,4683.0,93.0,261.0,6.0,780.0,107.0,0
10.0,2898.0,80.0,1.0,3.0,580.0,50.0,0
5.0,1775.0,159.0,177.0,3.0,975.0,190.0,0
1.0,457.0,173.0,183.0,4.0,420.0,65.0,1
12.0,6372.0,246.0,154.0,1.0,884.0,46.0,0
15.0,2108.0,277.0,129.0,5.0,1155.0,150.0,0
1.0,593.0,208.0,217.0,7.0,965.0,235.0,0
0.0,4055.0,197.0,82.0,5.0,830.0,58.0,1
6.0,7135.0,54.0,134.0,3.0,609.0,90.0,1
16.0,5990.0,208.0,164.0,3.0,754.0,99.0,1
6.0,4976.0,16.0,33.0,6.0,505.0,76.0,0
5.0,1004.0,279.0,16.0,5.0,420.0,122.0,0
3.0,717.0,148.0,260.0,4.0,1439.0,220.0,0
15.0,957.0,147.0,104.0,4.0,510.0,70.0,0
10.0,3630.0,33.0,183.0,7.0,860.0,140.0,1
0.0,4211.0,268.0,177.0,4.0,390.0,75.0,0
16.0,2195.0,190.0,135.0,7.0,720.0,90.0,0
10.0,4240.0,265.0,208.0,1.0,410.0,65.0,0
5.0,2783.0,22.0,16.0,3.0,632.0,156.0,0
15.0,1379.0,43.0,173.0,6.0,895.0,170.0,1
13.0,183.0,173.0,208.0,7.0,540.0,179.0,0
14.0,5.0,208.0,216.0,6.0,1135.0,119.0,0
15.0,2706.0,91.0,18.0,5.0,375.0,85.0,0
15.0,389.0,198.0,33.0,3.0,785.0,85.0,0
1.0,1140.0,244.0,80.0,6.0,360.0,65.0,0
15.0,810.0,18.0,75.0,6.0,785.0,55.0,0
1.0,2428.0,154.0,80.0,5.0,540.0,190.0,0
2.0,329.0,258.0,252.0,7.0,1135.0,124.0,0
5.0,82.0,261.0,148.0,3.0,665.0,276.0,1
15.0,637.0,175.0,221.0,3.0,1030.0,80.0,1
11.0,6630.0,85.0,157.0,7.0,1190.0,83.0,0
5.0,2232.0,208.0,197.0,1.0,475.0,94.0,1
5.0,2308.0,80.0,85.0,7.0,555.0,160.0,0
10.0,4204.0,208.0,205.0,6.0,910.0,95.0,0
14.0,1748.0,153.0,216.0,4.0,695.0,286.0,0
8.0,411.0,229.0,45.0,3.0,370.0,102.0,0
13.0,342.0,243.0,79.0,3.0,688.0,142.0,0
15.0,1599.0,129.0,79.0,3.0,1155.0,155.0,1
0.0,4247.0,250.0,85.0,3.0,760.0,80.0,0
12.0,7789.0,271.0,261.0,4.0,795.0,67.0,0
5.0,2589.0,74.0,16.0,1.0,400.0,92.0,0
12.0,6407.0,100.0,253.0,7.0,345.0,45.0,0
14.0,1582.0,173.0,216.0,4.0,895.0,149.0,0
1.0,1426.0,243.0,80.0,6.0,575.0,180.0,0
14.0,180.0,217.0,243.0,7.0,520.0,72.0,0
13.0,598.0,79.0,172.0,1.0,764.0,97.0,0
2.0,896.0,203.0,258.0,7.0,745.0,300.0,1
16.0,2845.0,223.0,135.0,5.0,1110.0,101.0,0
12.0,4786.0,290.0,197.0,7.0,632.0,113.0,0
10.0,4076.0,99.0,208.0,6.0,370.0,130.0,0
14.0,660.0,217.0,264.0,6.0,1085.0,76.0,0
10.0,4068.0,208.0,195.0,4.0,1270.0,50.0,1
15.0,2229.0,175.0,182.0,6.0,780.0,125.0,1
12.0,4499.0,34.0,261.0,5.0,540.0,65.0,0
8.0,1452.0,130.0,213.0,3.0,965.0,179.0,1
17.0,2881.0,248.0,217.0,5.0,750.0,95.0,0
7.0,218.0,79.0,18.0,1.0,915.0,121.0,1
5.0,1494.0,16.0,216.0,4.0,515.0,135.0,0
11.0,6662.0,85.0,109.0,1.0,730.0,54.0,0
1.0,2026.0,264.0,80.0,4.0,760.0,170.0,0
15.0,765.0,175.0,233.0,7.0,1230.0,115.0,1
5.0,1196.0,203.0,154.0,3.0,826.0,314.0,1
10.0,3978.0,56.0,208.0,3.0,675.0,70.0,1
15.0,1116.0,22.0,153.0,7.0,810.0,355.0,1
1.0,1800.0,217.0,80.0,7.0,740.0,135.0,0
14.0,1967.0,78.0,60.0,6.0,559.0,101.0,0
6.0,5551.0,288.0,16.0,1.0,465.0,79.0,0
17.0,2703.0,251.0,60.0,5.0,405.0,86.0,0
1.0,1861.0,78.0,80.0,6.0,910.0,210.0,0
10.0,3225.0,56.0,80.0,1.0,620.0,130.0,1
11.0,6604.0,172.0,71.0,5.0,690.0,112.0,0
14.0,2026.0,78.0,35.0,5.0,570.0,81.0,0
15.0,356.0,79.0,129.0,5.0,405.0,145.0,0
13.0,702.0,208.0,217.0,3.0,1021.0,226.0,0
3.0,312.0,104.0,134.0,6.0,1115.0,143.0,0
7.0,795.0,79.0,214.0,7.0,760.0,164.0,0
2.0,730.0,14.0,252.0,4.0,365.0,205.0,1
6.0,5324.0,16.0,47.0,3.0,740.0,57.0,1
10.0,4531.0,78.0,33.0,4.0,1200.0,115.0,0
10.0,3624.0,223.0,183.0,3.0,420.0,100.0,0
0.0,3758.0,20.0,85.0,7.0,745.0,100.0,0
17.0,2748.0,217.0,248.0,3.0,667.0,105.0,0
13.0,595.0,205.0,79.0,7.0,1001.0,104.0,0
14.0,623.0,217.0,202.0,4.0,1080.0,119.0,0
1.0,657.0,45.0,80.0,4.0,1110.0,220.0,0
15.0,1497.0,104.0,45.0,4.0,745.0,155.0,1
8.0,1579.0,286.0,16.0,7.0,675.0,85.0,0
1.0,1492.0,80.0,173.0,5.0,1120.0,140.0,1
12.0,6480.0,292.0,154.0,1.0,455.0,80.0,1
10.0,4082.0,208.0,136.0,3.0,1115.0,120.0,1
0.0,3856.0,177.0,58.0,3.0,1139.0,122.0,0
6.0,7354.0,16.0,101.0,7.0,650.0,76.0,0
7.0,374.0,79.0,184.0,7.0,905.0,132.0,0
15.0,668.0,134.0,175.0,1.0,825.0,125.0,1
15.0,1636.0,129.0,75.0,3.0,375.0,60.0,0
15.0,1233.0,45.0,221.0,7.0,1175.0,60.0,1
8.0,695.0,267.0,16.0,7.0,980.0,93.0,0
1.0,431.0,183.0,277.0,5.0,945.0,60.0,0
10.0,4290.0,33.0,208.0,1.0,660.0,95.0,0
9.0,194.0,128.0,203.0,3.0,1075.0,37.0,0
12.0,4558.0,34.0,261.0,1.0,713.0,72.0,1
2.0,586.0,214.0,264.0,4.0,700.0,142.0,0
4.0,166.0,252.0,135.0,7.0,495.0,245.0,0
6.0,5445.0,182.0,85.0,7.0,749.0,130.0,0
1.0,1396.0,80.0,209.0,1.0,1070.0,160.0,0
6.0,5239.0,16.0,237.0,4.0,970.0,83.0,0
5.0,1274.0,117.0,197.0,1.0,786.0,70.0,1
1.0,415.0,197.0,208.0,4.0,560.0,85.0,0
6.0,4947.0,27.0,16.0,4.0,720.0,83.0,0
15.0,40.0,61.0,45.0,4.0,490.0,70.0,0
2.0,65.0,289.0,226.0,7.0,633.0,24.0,0
11.0,6440.0,120.0,71.0,1.0,1085.0,92.0,0
6.0,5373.0,273.0,16.0,4.0,1085.0,155.0,1
15.0,679.0,75.0,244.0,6.0,870.0,65.0,1
15.0,1097.0,2.0,217.0,7.0,1010.0,80.0,1
5.0,1264.0,217.0,261.0,4.0,870.0,99.0,0
1.0,2004.0,154.0,208.0,1.0,510.0,250.0,0
4.0,1695.0,135.0,154.0,1.0,780.0,222.0,1
8.0,887.0,45.0,184.0,6.0,440.0,125.0,0
12.0,4588.0,253.0,261.0,1.0,1000.0,109.0,1
15.0,301.0,264.0,262.0,3.0,600.0,85.0,0
10.0,3311.0,80.0,266.0,6.0,495.0,50.0,1
14.0,1842.0,216.0,228.0,3.0,825.0,64.0,0
6.0,7071.0,47.0,134.0,7.0,566.0,83.0,1
16.0,2112.0,268.0,96.0,6.0,747.0,139.0,0
1.0,2246.0,154.0,18.0,1.0,1050.0,170.0,1
9.0,143.0,128.0,161.0,4.0,650.0,37.0,0
16.0,2404.0,229.0,58.0,6.0,870.0,112.0,1
15.0,2970.0,175.0,153.0,1.0,480.0,255.0,1
1.0,324.0,80.0,33.0,5.0,1315.0,95.0,0
12.0,3045.0,184.0,221.0,6.0,470.0,86.0,1
15.0,211.0,243.0,262.0,1.0,650.0,95.0,1
1.0,2345.0,208.0,80.0,1.0,1030.0,155.0,1
0.0,3827.0,228.0,85.0,5.0,1095.0,143.0,0
15.0,324.0,175.0,104.0,5.0,910.0,185.0,1
10.0,3052.0,154.0,236.0,6.0,1030.0,90.0,0
15.0,244.0,175.0,154.0,5.0,880.0,280.0,1
8.0,642.0,184.0,79.0,7.0,733.0,160.0,0
0.0,3838.0,85.0,247.0,3.0,730.0,57.0,1
5.0,1979.0,16.0,119.0,1.0,574.0,120.0,1
16.0,3109.0,41.0,135.0,3.0,810.0,70.0,0
11.0,6381.0,148.0,35.0,6.0,1210.0,95.0,0
15.0,862.0,175.0,33.0,5.0,640.0,80.0,1
5.0,2088.0,258.0,197.0,7.0,723.0,231.0,1
10.0,2902.0,80.0,242.0,3.0,655.0,110.0,0
8.0,1292.0,119.0,173.0,4.0,760.0,155.0,0
15.0,1100.0,251.0,175.0,4.0,1055.0,75.0,0
14.0,1510.0,60.0,216.0,7.0,454.0,97.0,0
17.0,2833.0,280.0,217.0,4.0,405.0,47.0,1
10.0,3265.0,129.0,80.0,5.0,360.0,70.0,0
16.0,2972.0,135.0,279.0,4.0,1180.0,93.0,0
2.0,312.0,253.0,227.0,1.0,910.0,84.0,0
12.0,4561.0,261.0,258.0,4.0,905.0,114.0,0
16.0,2987.0,42.0,58.0,7.0,1080.0,95.0,1
2.0,880.0,203.0,202.0,5.0,745.0,282.0,0
0.0,3739.0,32.0,197.0,5.0,1145.0,95.0,0
6.0,5260.0,53.0,16.0,1.0,727.0,107.0,0
4.0,793.0,173.0,96.0,3.0,1106.0,154.0,1
13.0,45.0,154.0,203.0,7.0,515.0,344.0,0
5.0,1004.0,16.0,76.0,1.0,670.0,97.0,0
10.0,2918.0,80.0,129.0,4.0,1365.0,60.0,0
12.0,4885.0,261.0,279.0,7.0,1205.0,143.0,0
10.0,3215.0,80.0,129.0,3.0,635.0,65.0,1
11.0,6702.0,139.0,177.0,4.0,735.0,94.0,1
6.0,5244.0,190.0,16.0,1.0,465.0,81.0,0
15.0,36.0,75.0,170.0,7.0,990.0,70.0,1
16.0,5981.0,204.0,208.0,6.0,879.0,126.0,1
5.0,1010.0,16.0,60.0,7.0,670.0,78.0,0
14.0,1490.0,147.0,60.0,6.0,835.0,77.0,1
1.0,2445.0,80.0,154.0,1.0,855.0,210.0,0
3.0,41.0,148.0,173.0,7.0,555.0,181.0,1
17.0,2914.0,24.0,217.0,5.0,723.0,92.0,0
15.0,16.0,129.0,75.0,1.0,600.0,55.0,1
16.0,2888.0,58.0,35.0,7.0,1150.0,95.0,0
1.0,540.0,183.0,85.0,6.0,1150.0,180.0,1
10.0,3044.0,154.0,79.0,1.0,725.0,140.0,0
12.0,6519.0,154.0,258.0,5.0,980.0,74.0,1
0.0,3998.0,275.0,16.0,1.0,338.0,68.0,0
14.0,73.0,217.0,252.0,4.0,1075.0,184.0,0
0.0,4147.0,85.0,43.0,1.0,825.0,75.0,0
13.0,591.0,45.0,208.0,7.0,1184.0,133.0,0
4.0,420.0,264.0,135.0,1.0,777.0,188.0,0
6.0,5579.0,121.0,16.0,7.0,1064.0,66.0,1
15.0,388.0,91.0,217.0,1.0,425.0,80.0,0
14.0,592.0,217.0,172.0,1.0,795.0,152.0,1
8.0,338.0,16.0,216.0,4.0,1325.0,114.0,0
1.0,732.0,236.0,80.0,7.0,420.0,200.0,0
0.0,4232.0,197.0,82.0,7.0,675.0,57.0,0
5.0,3.0,261.0,148.0,3.0,515.0,285.0,1
15.0,2038.0,45.0,129.0,1.0,1060.0,220.0,1
15.0,488.0,153.0,154.0,7.0,395.0,65.0,0
17.0,2703.0,251.0,60.0,3.0,405.0,86.0,0
2.0,314.0,253.0,227.0,4.0,1240.0,85.0,1
10.0,3833.0,208.0,16.0,6.0,760.0,120.0,1
1.0,880.0,258.0,80.0,7.0,900.0,210.0,0
1.0,2412.0,154.0,80.0,1.0,410.0,185.0,0
12.0,4623.0,261.0,204.0,6.0,827.0,135.0,0
2.0,508.0,252.0,264.0,1.0,750.0,162.0,0
15.0,708.0,18.0,258.0,4.0,955.0,235.0,0
14.0,1983.0,35.0,60.0,3.0,300.0,135.0,0
6.0,5440.0,115.0,16.0,4.0,999.0,85.0,1
10.0,2743.0,101.0,80.0,3.0,370.0,195.0,0
5.0,2523.0,16.0,128.0,3.0,650.0,620.0,1
14.0,542.0,258.0,217.0,5.0,380.0,113.0,1
15.0,2552.0,153.0,129.0,4.0,490.0,170.0,1
5.0,1435.0,209.0,16.0,6.0,583.0,115.0,0
10.0,2860.0,288.0,80.0,6.0,945.0,135.0,1
4.0,226.0,135.0,45.0,4.0,610.0,170.0,1
6.0,5597.0,16.0,180.0,3.0,618.0,70.0,1
5.0,1447.0,159.0,16.0,6.0,360.0,167.0,0
12.0,6416.0,253.0,2.0,6.0,914.0,136.0,0
15.0,1502.0,153.0,214.0,5.0,1265.0,140.0,1
12.0,7042.0,79.0,254.0,5.0,1164.0,105.0,0
5.0,2409.0,261.0,153.0,7.0,580.0,90.0,1
1.0,1946.0,183.0,277.0,7.0,790.0,60.0,0
12.0,6467.0,79.0,179.0,4.0,1107.0,170.0,0
14.0,1608.0,173.0,216.0,7.0,1175.0,133.0,0
10.0,4023.0,208.0,174.0,4.0,1170.0,105.0,0
15.0,3658.0,233.0,79.0,5.0,540.0,250.0,0
5.0,1261.0,54.0,16.0,1.0,510.0,86.0,0
6.0,5502.0,16.0,288.0,3.0,893.0,77.0,1
16.0,2470.0,135.0,197.0,1.0,479.0,168.0,0
15.0,2756.0,252.0,262.0,6.0,915.0,105.0,0
11.0,6417.0,76.0,197.0,1.0,390.0,144.0,0
10.0,3936.0,45.0,208.0,3.0,1045.0,150.0,1
4.0,339.0,183.0,96.0,4.0,632.0,175.0,0
12.0,6515.0,253.0,163.0,1.0,441.0,87.0,0
1.0,644.0,80.0,60.0,1.0,915.0,140.0,0
16.0,2345.0,96.0,268.0,3.0,565.0,187.0,0
12.0,4774.0,261.0,224.0,4.0,690.0,105.0,1
13.0,598.0,79.0,172.0,5.0,764.0,97.0,0
14.0,1890.0,213.0,60.0,4.0,900.0,112.0,0
2.0,153.0,206.0,14.0,7.0,1267.0,88.0,0
15.0,2012.0,44.0,217.0,5.0,785.0,80.0,1
12.0,6374.0,227.0,253.0,1.0,367.0,88.0,0
5.0,2808.0,104.0,71.0,1.0,935.0,158.0,0
12.0,6407.0,100.0,253.0,5.0,345.0,45.0,1
1.0,1965.0,80.0,253.0,5.0,535.0,240.0,0
9.0,135.0,203.0,128.0,7.0,908.0,34.0,0
15.0,549.0,35.0,79.0,1.0,1095.0,300.0,1
11.0,6296.0,184.0,71.0,1.0,720.0,83.0,0
15.0,1042.0,202.0,154.0,5.0,900.0,75.0,1
0.0,4073.0,109.0,16.0,3.0,1020.0,109.0,1
2.0,105.0,252.0,14.0,4.0,1045.0,220.0,1
1.0,1104.0,268.0,159.0,3.0,890.0,140.0,1
5.0,1822.0,85.0,35.0,4.0,1300.0,119.0,1
15.0,2992.0,268.0,33.0,5.0,845.0,60.0,1
4.0,1826.0,178.0,135.0,1.0,494.0,67.0,0
0.0,3658.0,197.0,107.0,3.0,570.0,70.0,0
8.0,1587.0,30.0,16.0,7.0,420.0,94.0,0
1.0,553.0,241.0,80.0,5.0,1145.0,175.0,0
5.0,2958.0,85.0,184.0,3.0,735.0,75.0,0
5.0,2526.0,104.0,16.0,3.0,400.0,123.0,0
15.0,987.0,61.0,175.0,3.0,550.0,70.0,1
16.0,3085.0,228.0,96.0,5.0,620.0,68.0,0
15.0,317.0,217.0,198.0,4.0,880.0,175.0,1
10.0,3636.0,60.0,183.0,5.0,835.0,135.0,1
15.0,2524.0,202.0,175.0,7.0,845.0,245.0,1
15.0,7.0,75.0,129.0,4.0,510.0,60.0,1
13.0,242.0,208.0,228.0,6.0,814.0,136.0,1
12.0,4777.0,224.0,261.0,4.0,795.0,90.0,0
16.0,3038.0,135.0,33.0,6.0,1201.0,108.0,1
8.0,672.0,173.0,184.0,6.0,425.0,176.0,0
0.0,3985.0,84.0,177.0,5.0,360.0,100.0,0
15.0,593.0,45.0,139.0,5.0,1270.0,110.0,1
5.0,2684.0,183.0,78.0,7.0,633.0,146.0,0
1.0,2428.0,80.0,18.0,4.0,900.0,60.0,0
13.0,531.0,208.0,154.0,4.0,621.0,275.0,0
6.0,5032.0,16.0,70.0,1.0,790.0,43.0,0
12.0,7037.0,67.0,79.0,1.0,378.0,69.0,0
14.0,610.0,214.0,217.0,6.0,330.0,148.0,0
15.0,1124.0,236.0,153.0,1.0,545.0,75.0,1
15.0,414.0,262.0,264.0,3.0,1180.0,85.0,0
1.0,1972.0,253.0,208.0,6.0,610.0,255.0,0
5.0,2370.0,159.0,213.0,3.0,1065.0,190.0,0
6.0,5531.0,16.0,146.0,5.0,660.0,88.0,0
15.0,1092.0,175.0,268.0,5.0,390.0,65.0,1
16.0,2179.0,223.0,135.0,6.0,910.0,100.0,0
15.0,389.0,33.0,233.0,7.0,900.0,80.0,0
17.0,2752.0,246.0,217.0,3.0,1135.0,86.0,0
5.0,2410.0,80.0,16.0,1.0,570.0,125.0,0
1.0,1805.0,290.0,80.0,4.0,1100.0,85.0,1
12.0,6334.0,80.0,208.0,5.0,1242.0,134.0,0
14.0,150.0,216.0,243.0,7.0,455.0,355.0,1
15.0,1364.0,214.0,111.0,6.0,650.0,60.0,0
8.0,648.0,213.0,45.0,6.0,695.0,135.0,0
15.0,166.0,154.0,253.0,3.0,770.0,75.0,1
1.0,566.0,217.0,80.0,3.0,850.0,135.0,1
10.0,2821.0,80.0,266.0,6.0,610.0,50.0,0
4.0,659.0,78.0,135.0,6.0,500.0,206.0,0
8.0,92.0,233.0,16.0,6.0,645.0,86.0,0
16.0,2570.0,135.0,41.0,4.0,1175.0,61.0,0
4.0,315.0,37.0,96.0,6.0,165.0,243.0,0
12.0,6831.0,65.0,208.0,1.0,712.0,146.0,0
5.0,1777.0,208.0,16.0,3.0,1155.0,133.0,1
12.0,6939.0,214.0,252.0,5.0,530.0,49.0,0
15.0,3141.0,45.0,147.0,5.0,665.0,130.0,0
17.0,2725.0,217.0,227.0,5.0,1268.0,67.0,0
15.0,3051.0,280.0,154.0,6.0,1045.0,95.0,0
8.0,175.0,16.0,241.0,5.0,610.0,103.0,0
0.0,3969.0,16.0,130.0,4.0,735.0,148.0,0
9.0,201.0,143.0,128.0,7.0,433.0,49.0,0
2.0,613.0,153.0,252.0,7.0,1240.0,154.0,0
3.0,1122.0,104.0,234.0,6.0,805.0,129.0,0
0.0,3767.0,58.0,197.0,4.0,1130.0,135.0,0
6.0,5506.0,180.0,16.0,6.0,1020.0,64.0,0
12.0,6560.0,18.0,79.0,1.0,692.0,134.0,0
6.0,5108.0,101.0,16.0,1.0,751.0,97.0,1
5.0,1051.0,16.0,85.0,7.0,825.0,120.0,0
15.0,1057.0,111.0,202.0,4.0,465.0,135.0,0
10.0,2820.0,266.0,80.0,4.0,690.0,45.0,1
11.0,6462.0,148.0,35.0,7.0,910.0,102.0,1
3.0,22.0,148.0,273.0,4.0,1365.0,69.0,0
5.0,2792.0,243.0,16.0,1.0,825.0,250.0,1
12.0,6266.0,93.0,79.0,1.0,360.0,155.0,0
15.0,1714.0,61.0,268.0,5.0,1110.0,90.0,1
4.0,322.0,198.0,135.0,1.0,490.0,70.0,0
0.0,4256.0,85.0,90.0,3.0,835.0,78.0,0
0.0,3838.0,43.0,85.0,6.0,609.0,85.0,0
4.0,296.0,153.0,135.0,1.0,595.0,180.0,1
6.0,4959.0,285.0,16.0,3.0,1103.0,76.0,1
15.0,2264.0,33.0,45.0,5.0,390.0,100.0,1
4.0,1759.0,264.0,135.0,1.0,885.0,183.0,0
14.0,657.0,216.0,253.0,1.0,460.0,384.0,1
15.0,1505.0,129.0,153.0,6.0,1045.0,210.0,1
5.0,2247.0,159.0,16.0,7.0,840.0,160.0,0
12.0,6639.0,46.0,79.0,7.0,1016.0,104.0,1
0.0,4075.0,209.0,85.0,1.0,559.0,121.0,1
0.0,3718.0,85.0,139.0,3.0,450.0,84.0,1
4.0,1437.0,277.0,135.0,3.0,385.0,142.0,1
1.0,1188.0,80.0,78.0,7.0,1050.0,160.0,0
15.0,162.0,153.0,243.0,5.0,505.0,65.0,1
4.0,391.0,183.0,135.0,4.0,875.0,171.0,0
17.0,2865.0,103.0,217.0,3.0,770.0,65.0,0
16.0,2488.0,135.0,60.0,3.0,977.0,138.0,1
8.0,261.0,184.0,78.0,3.0,485.0,115.0,0
13.0,612.0,208.0,78.0,1.0,725.0,111.0,0
15.0,1282.0,236.0,214.0,6.0,1050.0,90.0,1
7.0,419.0,79.0,154.0,6.0,1275.0,149.0,0
15.0,1992.0,75.0,244.0,1.0,425.0,65.0,1
12.0,6988.0,65.0,79.0,5.0,844.0,40.0,0
14.0,732.0,173.0,60.0,4.0,930.0,98.0,1
1.0,941.0,159.0,183.0,5.0,425.0,195.0,0
14.0,1894.0,213.0,216.0,5.0,470.0,156.0,0
5.0,2014.0,71.0,159.0,4.0,915.0,118.0,1
15.0,3836.0,261.0,154.0,1.0,715.0,120.0,1
1.0,386.0,268.0,208.0,6.0,405.0,80.0,0
2.0,877.0,214.0,128.0,3.0,455.0,360.0,0
5.0,1148.0,16.0,245.0,4.0,1140.0,65.0,0
8.0,35.0,175.0,16.0,3.0,834.0,117.0,0
15.0,2714.0,173.0,27.0,1.0,505.0,95.0,0
3.0,43.0,148.0,173.0,6.0,967.0,183.0,1
10.0,3754.0,208.0,18.0,7.0,510.0,165.0,1
11.0,6444.0,19.0,85.0,1.0,750.0,110.0,0
10.0,2927.0,80.0,94.0,4.0,540.0,110.0,1
15.0,3659.0,173.0,33.0,7.0,660.0,115.0,0
1.0,1698.0,80.0,78.0,1.0,645.0,160.0,0
12.0,6891.0,79.0,196.0,7.0,1123.0,126.0,0
5.0,2305.0,197.0,253.0,4.0,545.0,259.0,1
3.0,430.0,173.0,35.0,1.0,595.0,164.0,0
1.0,1610.0,268.0,208.0,7.0,525.0,75.0,0
1.0,1372.0,183.0,233.0,7.0,1015.0,125.0,1
1.0,656.0,44.0,80.0,1.0,925.0,180.0,0
5.0,2190.0,16.0,184.0,1.0,634.0,126.0,1
4.0,1502.0,96.0,154.0,7.0,1115.0,384.0,1
14.0,457.0,221.0,217.0,7.0,440.0,294.0,1
4.0,1146.0,96.0,16.0,4.0,965.0,164.0,0
16.0,2976.0,135.0,172.0,3.0,1275.0,113.0,1
5.0,1516.0,79.0,16.0,4.0,375.0,170.0,0
14.0,156.0,153.0,217.0,6.0,595.0,72.0,0
2.0,604.0,252.0,153.0,4.0,630.0,149.0,1
13.0,592.0,79.0,197.0,4.0,618.0,122.0,0
8.0,1180.0,43.0,173.0,7.0,991.0,165.0,0
15.0,3669.0,44.0,262.0,5.0,1265.0,75.0,1
3.0,200.0,153.0,148.0,7.0,1435.0,281.0,0
15.0,2201.0,243.0,45.0,1.0,730.0,290.0,1
15.0,774.0,221.0,175.0,4.0,1080.0,95.0,1
14.0,551.0,217.0,80.0,6.0,965.0,140.0,0
5.0,1807.0,71.0,252.0,3.0,560.0,309.0,1
11.0,6774.0,78.0,22.0,5.0,597.0,83.0,0
17.0,7280.0,208.0,42.0,1.0,794.0,116.0,1
10.0,3283.0,170.0,80.0,5.0,690.0,65.0,0
14.0,1235.0,35.0,60.0,6.0,480.0,150.0,0
9.0,332.0,128.0,143.0,4.0,425.0,50.0,0
2.0,372.0,252.0,262.0,5.0,1195.0,106.0,0
16.0,2119.0,172.0,135.0,5.0,625.0,118.0,0
1.0,1973.0,183.0,80.0,7.0,1165.0,195.0,1
12.0,7045.0,85.0,208.0,1.0,405.0,71.0,0
15.0,12.0,75.0,204.0,3.0,625.0,50.0,0
0.0,4333.0,16.0,254.0,3.0,1165.0,114.0,1
10.0,3049.0,243.0,154.0,5.0,420.0,50.0,0
12.0,6648.0,72.0,208.0,1.0,801.0,68.0,0
3.0,355.0,148.0,44.0,7.0,735.0,366.0,0
15.0,1057.0,79.0,129.0,4.0,1015.0,140.0,0
16.0,2540.0,96.0,33.0,4.0,395.0,154.0,0
15.0,1180.0,2.0,75.0,5.0,1215.0,90.0,0
5.0,2999.0,197.0,217.0,4.0,1310.0,208.0,0
14.0,621.0,277.0,217.0,4.0,435.0,288.0,0
13.0,299.0,79.0,172.0,4.0,606.0,104.0,0
15.0,1414.0,153.0,264.0,4.0,905.0,65.0,1
8.0,18.0,45.0,260.0,5.0,645.0,250.0,0
6.0,7066.0,208.0,47.0,4.0,807.0,109.0,0
1.0,283.0,154.0,128.0,6.0,625.0,365.0,1
14.0,788.0,233.0,216.0,5.0,1070.0,93.0,0
6.0,4991.0,200.0,16.0,1.0,380.0,81.0,0
0.0,3994.0,166.0,197.0,5.0,757.0,55.0,0
15.0,2960.0,258.0,264.0,1.0,820.0,75.0,1
2.0,192.0,98.0,14.0,7.0,1240.0,64.0,0
12.0,6718.0,79.0,290.0,3.0,618.0,102.0,0
1.0,301.0,159.0,208.0,3.0,370.0,160.0,0
15.0,2049.0,280.0,243.0,5.0,1085.0,75.0,0
3.0,685.0,35.0,78.0,6.0,799.0,101.0,1
17.0,7307.0,134.0,54.0,3.0,742.0,98.0,1
5.0,1215.0,35.0,261.0,4.0,1050.0,329.0,1
10.0,4383.0,148.0,268.0,7.0,1110.0,190.0,0
13.0,969.0,208.0,269.0,6.0,499.0,287.0,0
16.0,2805.0,233.0,58.0,5.0,610.0,93.0,0
13.0,608.0,208.0,78.0,3.0,596.0,111.0,1
10.0,3180.0,258.0,154.0,5.0,860.0,75.0,1
5.0,1154.0,16.0,148.0,5.0,1300.0,135.0,1
1.0,812.0,252.0,80.0,5.0,435.0,235.0,0
15.0,1877.0,172.0,268.0,7.0,875.0,55.0,0
15.0,1608.0,129.0,27.0,6.0,575.0,90.0,0
12.0,4555.0,261.0,207.0,4.0,1220.0,98.0,0
5.0,1248.0,135.0,16.0,4.0,350.0,130.0,0
0.0,4081.0,148.0,233.0,4.0,565.0,130.0,1
17.0,2926.0,217.0,246.0,1.0,510.0,94.0,0
1.0,1973.0,183.0,80.0,4.0,1165.0,195.0,0
5.0,2179.0,78.0,261.0,6.0,1030.0,295.0,0
12.0,6573.0,126.0,79.0,6.0,782.0,57.0,0
13.0,833.0,34.0,79.0,5.0,445.0,110.0,1
15.0,2514.0,129.0,244.0,6.0,930.0,55.0,1
15.0,134.0,277.0,45.0,5.0,995.0,130.0,0
5.0,1228.0,16.0,139.0,3.0,966.0,99.0,1
14.0,1203.0,60.0,135.0,7.0,1085.0,170.0,1
13.0,183.0,173.0,208.0,3.0,540.0,179.0,1
15.0,119.0,175.0,216.0,3.0,460.0,125.0,0
10.0,4194.0,21.0,208.0,5.0,1060.0,60.0,0
8.0,994.0,35.0,184.0,3.0,1056.0,159.0,0
15.0,2718.0,262.0,207.0,3.0,1265.0,75.0,0
12.0,6981.0,79.0,280.0,1.0,678.0,120.0,0
15.0,706.0,85.0,45.0,5.0,435.0,95.0,0
15.0,1296.0,243.0,217.0,1.0,740.0,70.0,1
8.0,539.0,217.0,16.0,4.0,830.0,208.0,1
7.0,108.0,79.0,197.0,7.0,1195.0,110.0,0
14.0,1885.0,216.0,104.0,5.0,470.0,180.0,0
14.0,547.0,80.0,217.0,1.0,900.0,156.0,0
3.0,1205.0,130.0,241.0,1.0,561.0,188.0,1
2.0,65.0,226.0,149.0,6.0,698.0,42.0,0
5.0,1894.0,16.0,279.0,3.0,1243.0,128.0,1
0.0,4014.0,139.0,85.0,4.0,390.0,80.0,0
1.0,1267.0,173.0,183.0,4.0,875.0,65.0,0
14.0,655.0,264.0,217.0,6.0,405.0,89.0,1
3.0,1188.0,267.0,35.0,4.0,945.0,176.0,1
17.0,2703.0,60.0,54.0,5.0,564.0,61.0,0
6.0,5614.0,16.0,174.0,6.0,1247.0,104.0,0
15.0,142.0,22.0,45.0,7.0,1030.0,80.0,1
4.0,1139.0,96.0,80.0,4.0,1080.0,250.0,0
8.0,93.0,16.0,233.0,1.0,1092.0,72.0,1
4.0,1669.0,253.0,135.0,6.0,865.0,220.0,0
5.0,1771.0,148.0,183.0,5.0,645.0,194.0,0
16.0,2202.0,60.0,96.0,6.0,650.0,102.0,0
12.0,4443.0,71.0,184.0,5.0,1235.0,75.0,1
5.0,671.0,85.0,241.0,3.0,605.0,173.0,1
1.0,743.0,80.0,154.0,3.0,995.0,205.0,0
6.0,5374.0,48.0,16.0,1.0,360.0,109.0,0
15.0,115.0,261.0,111.0,5.0,1040.0,115.0,1
1.0,1701.0,18.0,80.0,6.0,730.0,65.0,0
6.0,5095.0,33.0,16.0,6.0,860.0,71.0,0
16.0,2335.0,172.0,135.0,5.0,828.0,124.0,1
15.0,3311.0,33.0,198.0,4.0,1125.0,95.0,0
2.0,555.0,227.0,252.0,5.0,985.0,170.0,1
5.0,2580.0,253.0,16.0,5.0,520.0,271.0,0
1.0,2332.0,208.0,216.0,3.0,750.0,115.0,1
0.0,3775.0,85.0,281.0,3.0,525.0,68.0,1
15.0,996.0,280.0,153.0,3.0,635.0,80.0,1
15.0,815.0,268.0,251.0,1.0,540.0,60.0,0
0.0,3684.0,221.0,148.0,3.0,380.0,106.0,0
9.0,347.0,150.0,128.0,5.0,925.0,42.0,0
10.0,3892.0,216.0,208.0,1.0,350.0,140.0,0
7.0,145.0,129.0,79.0,7.0,949.0,141.0,0
12.0,6268.0,253.0,280.0,7.0,493.0,119.0,0
13.0,503.0,79.0,153.0,7.0,876.0,122.0,0
13.0,732.0,252.0,208.0,4.0,370.0,242.0,0
2.0,105.0,252.0,14.0,7.0,1045.0,220.0,0
4.0,56.0,173.0,96.0,6.0,775.0,157.0,1
9.0,116.0,128.0,203.0,4.0,480.0,37.0,0
16.0,2028.0,244.0,135.0,1.0,571.0,59.0,0
6.0,5002.0,16.0,201.0,3.0,720.0,77.0,1
2.0,18.0,252.0,173.0,6.0,525.0,322.0,0
5.0,2120.0,85.0,96.0,3.0,610.0,108.0,0
2.0,518.0,252.0,264.0,6.0,1180.0,159.0,0
8.0,648.0,213.0,45.0,5.0,695.0,135.0,0
1.0,1154.0,227.0,80.0,4.0,410.0,170.0,0
15.0,2004.0,175.0,79.0,4.0,745.0,160.0,1
10.0,4580.0,60.0,159.0,4.0,1100.0,125.0,1
0.0,4004.0,197.0,84.0,7.0,620.0,71.0,0
4.0,1561.0,217.0,135.0,1.0,505.0,150.0,0
4.0,693.0,173.0,96.0,5.0,645.0,149.0,1
6.0,7351.0,16.0,204.0,7.0,1301.0,139.0,1
5.0,2463.0,233.0,16.0,7.0,885.0,93.0,1
5.0,2297.0,16.0,198.0,3.0,823.0,97.0,0
13.0,191.0,173.0,208.0,1.0,662.0,176.0,1
0.0,3864.0,177.0,254.0,7.0,880.0,72.0,1
10.0,4490.0,35.0,159.0,3.0,1145.0,85.0,0
13.0,456.0,197.0,79.0,1.0,525.0,141.0,0
8.0,175.0,16.0,241.0,3.0,610.0,103.0,0
6.0,5494.0,16.0,279.0,3.0,815.0,129.0,1
12.0,4817.0,261.0,208.0,3.0,526.0,189.0,1
11.0,6655.0,205.0,177.0,3.0,360.0,114.0,0
15.0,1325.0,146.0,175.0,3.0,740.0,120.0,1
15.0,2992.0,205.0,268.0,5.0,750.0,70.0,1
15.0,729.0,202.0,264.0,5.0,635.0,85.0,1
1.0,2464.0,80.0,204.0,4.0,875.0,55.0,0
12.0,4586.0,207.0,261.0,1.0,600.0,112.0,0
15.0,1180.0,252.0,202.0,5.0,700.0,125.0,0
12.0,6722.0,224.0,79.0,4.0,365.0,139.0,0
12.0,6892.0,214.0,252.0,1.0,942.0,50.0,0
0.0,3847.0,238.0,85.0,7.0,735.0,90.0,1
9.0,555.0,203.0,128.0,6.0,1235.0,33.0,0
10.0,4493.0,268.0,148.0,3.0,620.0,155.0,1
8.0,1221.0,104.0,221.0,6.0,1204.0,156.0,0
4.0,1759.0,264.0,135.0,5.0,885.0,183.0,0
1.0,1144.0,217.0,208.0,4.0,680.0,205.0,0
0.0,3714.0,84.0,85.0,3.0,820.0,115.0,0
4.0,369.0,153.0,96.0,6.0,1340.0,272.0,0
15.0,1181.0,61.0,268.0,1.0,570.0,90.0,1
12.0,4658.0,261.0,40.0,1.0,675.0,81.0,0
14.0,507.0,217.0,153.0,4.0,1185.0,67.0,0
14.0,186.0,208.0,217.0,3.0,840.0,227.0,0
1.0,1032.0,80.0,172.0,5.0,720.0,90.0,0
17.0,1044.0,143.0,128.0,4.0,580.0,47.0,0
12.0,6911.0,208.0,184.0,6.0,560.0,42.0,1
4.0,222.0,198.0,135.0,5.0,325.0,70.0,0
15.0,2903.0,243.0,18.0,1.0,500.0,160.0,0
3.0,1107.0,148.0,233.0,4.0,1065.0,110.0,1
12.0,6449.0,58.0,208.0,3.0,929.0,87.0,1
15.0,1087.0,61.0,33.0,7.0,410.0,80.0,0
0.0,4333.0,16.0,254.0,7.0,1165.0,114.0,1
15.0,134.0,277.0,45.0,4.0,995.0,130.0,1
15.0,1103.0,217.0,153.0,3.0,495.0,65.0,1
5.0,1845.0,16.0,147.0,3.0,959.0,71.0,1
17.0,2896.0,217.0,83.0,5.0,965.0,104.0,0
2.0,322.0,252.0,258.0,3.0,405.0,128.0,0
16.0,3140.0,244.0,135.0,4.0,445.0,59.0,0
12.0,4809.0,71.0,58.0,3.0,665.0,70.0,1
14.0,1021.0,60.0,277.0,5.0,691.0,103.0,1
7.0,725.0,78.0,79.0,6.0,1095.0,239.0,0
15.0,1752.0,91.0,75.0,4.0,830.0,90.0,0
5.0,1495.0,16.0,97.0,3.0,580.0,124.0,0
14.0,1550.0,60.0,233.0,3.0,1360.0,54.0,1
15.0,1260.0,153.0,172.0,6.0,1040.0,165.0,1
15.0,2807.0,153.0,2.0,7.0,725.0,85.0,1
11.0,6681.0,216.0,85.0,5.0,878.0,117.0,0
13.0,322.0,253.0,252.0,5.0,636.0,134.0,1
5.0,2473.0,16.0,183.0,3.0,503.0,125.0,0
15.0,738.0,79.0,252.0,4.0,1230.0,190.0,1
14.0,1624.0,60.0,208.0,4.0,1215.0,124.0,1
14.0,614.0,217.0,16.0,5.0,960.0,212.0,0
5.0,1297.0,148.0,16.0,1.0,360.0,168.0,0
10.0,4342.0,234.0,208.0,1.0,665.0,135.0,0
13.0,124.0,154.0,208.0,6.0,1110.0,232.0,0
15.0,591.0,134.0,79.0,3.0,965.0,240.0,1
10.0,3328.0,129.0,80.0,4.0,1180.0,70.0,0
5.0,2523.0,16.0,128.0,7.0,650.0,620.0,1
8.0,672.0,173.0,184.0,7.0,455.0,176.0,0
3.0,405.0,35.0,243.0,5.0,590.0,378.0,0
15.0,1862.0,228.0,173.0,5.0,1065.0,185.0,0
5.0,1814.0,154.0,71.0,3.0,665.0,250.0,0
14.0,650.0,253.0,216.0,4.0,510.0,315.0,1
16.0,2635.0,182.0,58.0,5.0,598.0,112.0,0
16.0,5987.0,20.0,208.0,6.0,1065.0,144.0,1
1.0,1251.0,80.0,172.0,5.0,1310.0,85.0,0
5.0,1190.0,85.0,16.0,1.0,330.0,131.0,0
15.0,372.0,175.0,172.0,3.0,755.0,90.0,0
5.0,2029.0,197.0,277.0,7.0,795.0,189.0,0
10.0,3828.0,208.0,78.0,4.0,740.0,110.0,0
4.0,1707.0,277.0,135.0,4.0,910.0,141.0,0
4.0,1740.0,262.0,135.0,4.0,1435.0,217.0,1
15.0,283.0,79.0,264.0,5.0,1245.0,150.0,1
16.0,2962.0,135.0,65.0,1.0,735.0,140.0,0
13.0,41.0,253.0,161.0,5.0,567.0,342.0,1
15.0,3501.0,197.0,175.0,3.0,480.0,95.0,0
14.0,2169.0,159.0,78.0,6.0,600.0,77.0,0
17.0,2617.0,60.0,120.0,3.0,689.0,51.0,0
10.0,2799.0,80.0,283.0,1.0,930.0,50.0,0
12.0,7030.0,187.0,208.0,5.0,796.0,55.0,1
12.0,4490.0,261.0,224.0,4.0,1192.0,93.0,0
8.0,1012.0,277.0,76.0,7.0,1165.0,134.0,0
10.0,4605.0,233.0,159.0,5.0,980.0,95.0,0
12.0,6484.0,79.0,17.0,3.0,611.0,140.0,0
17.0,1028.0,128.0,150.0,1.0,1025.0,40.0,0
1.0,1383.0,197.0,80.0,4.0,525.0,155.0,0
15.0,1216.0,173.0,33.0,6.0,1105.0,120.0,1
8.0,530.0,16.0,177.0,4.0,1260.0,82.0,0
10.0,4331.0,208.0,33.0,5.0,430.0,90.0,0
2.0,321.0,258.0,252.0,5.0,575.0,125.0,0
6.0,5007.0,16.0,256.0,3.0,655.0,112.0,1
6.0,5434.0,16.0,285.0,5.0,1025.0,53.0,0
15.0,1609.0,243.0,153.0,5.0,1070.0,70.0,1
5.0,2795.0,261.0,243.0,3.0,905.0,108.0,1
12.0,6889.0,208.0,91.0,1.0,1079.0,194.0,1
4.0,319.0,277.0,96.0,5.0,515.0,155.0,0
8.0,709.0,16.0,76.0,1.0,530.0,87.0,0
1.0,2162.0,80.0,213.0,4.0,835.0,150.0,1
15.0,2201.0,243.0,45.0,4.0,730.0,290.0,0
0.0,3861.0,177.0,244.0,5.0,1165.0,127.0,1
15.0,619.0,153.0,221.0,3.0,985.0,250.0,1
1.0,1687.0,148.0,183.0,7.0,1199.0,200.0,0
16.0,3097.0,96.0,139.0,7.0,720.0,135.0,1
4.0,1400.0,104.0,96.0,1.0,555.0,173.0,1
13.0,687.0,208.0,197.0,4.0,1145.0,94.0,0
13.0,321.0,208.0,243.0,7.0,1042.0,260.0,1
8.0,130.0,277.0,16.0,4.0,1206.0,89.0,0
1.0,1538.0,44.0,80.0,3.0,810.0,180.0,1
15.0,1.0,75.0,129.0,4.0,420.0,60.0,0
14.0,1007.0,200.0,60.0,5.0,1075.0,63.0,0
10.0,4316.0,208.0,279.0,6.0,735.0,120.0,0
15.0,3341.0,91.0,129.0,3.0,625.0,100.0,0
0.0,3774.0,85.0,272.0,3.0,1310.0,100.0,1
15.0,1149.0,262.0,44.0,3.0,425.0,70.0,0
12.0,6716.0,69.0,208.0,6.0,370.0,97.0,1
9.0,263.0,143.0,128.0,1.0,972.0,49.0,0
8.0,561.0,32.0,16.0,4.0,400.0,104.0,0
15.0,1083.0,175.0,197.0,4.0,420.0,90.0,0
2.0,111.0,252.0,14.0,5.0,1245.0,220.0,0
1.0,479.0,80.0,252.0,6.0,735.0,260.0,0
14.0,2176.0,78.0,159.0,3.0,900.0,81.0,1
6.0,7327.0,48.0,16.0,1.0,640.0,110.0,1
12.0,6735.0,196.0,79.0,1.0,792.0,112.0,1
5.0,2414.0,104.0,148.0,5.0,380.0,169.0,0
1.0,1609.0,96.0,183.0,4.0,835.0,195.0,0
16.0,2604.0,135.0,279.0,7.0,885.0,85.0,1
0.0,3721.0,85.0,76.0,1.0,520.0,60.0,0
6.0,5597.0,11.0,16.0,7.0,507.0,71.0,0
1.0,823.0,80.0,280.0,7.0,1015.0,140.0,1
12.0,4773.0,224.0,261.0,5.0,990.0,93.0,1
13.0,547.0,208.0,153.0,1.0,625.0,241.0,1
7.0,370.0,79.0,184.0,3.0,630.0,133.0,1
0.0,3832.0,84.0,177.0,4.0,683.0,95.0,0
15.0,2903.0,18.0,75.0,1.0,805.0,55.0,0
5.0,2137.0,177.0,85.0,5.0,505.0,115.0,1
12.0,4548.0,205.0,197.0,5.0,550.0,75.0,0
11.0,6409.0,71.0,119.0,7.0,1235.0,71.0,1
9.0,11.0,253.0,128.0,6.0,520.0,335.0,0
1.0,2036.0,80.0,172.0,1.0,1015.0,95.0,0
2.0,349.0,202.0,252.0,7.0,1210.0,120.0,1
15.0,1006.0,91.0,18.0,5.0,735.0,85.0,0
4.0,1500.0,104.0,96.0,3.0,810.0,185.0,1
10.0,3394.0,41.0,80.0,6.0,1195.0,90.0,0
9.0,525.0,203.0,128.0,7.0,645.0,34.0,0
15.0,208.0,264.0,217.0,4.0,405.0,95.0,0
10.0,4229.0,221.0,208.0,7.0,915.0,100.0,0
12.0,6879.0,253.0,246.0,5.0,426.0,81.0,1
5.0,1098.0,16.0,221.0,4.0,735.0,100.0,1
12.0,6937.0,83.0,79.0,7.0,800.0,60.0,0
13.0,576.0,79.0,204.0,1.0,619.0,97.0,0
12.0,6519.0,154.0,258.0,3.0,980.0,74.0,1
15.0,3311.0,198.0,129.0,5.0,1240.0,70.0,0
12.0,6838.0,246.0,253.0,4.0,1080.0,80.0,0
5.0,1864.0,197.0,78.0,5.0,785.0,141.0,1
11.0,6448.0,148.0,221.0,6.0,508.0,110.0,0
6.0,7325.0,16.0,27.0,7.0,1050.0,57.0,0
5.0,674.0,269.0,16.0,6.0,952.0,253.0,0
5.0,1133.0,16.0,71.0,3.0,1130.0,90.0,1
3.0,672.0,154.0,148.0,3.0,709.0,311.0,1
6.0,7102.0,208.0,47.0,3.0,1112.0,109.0,1
0.0,4045.0,130.0,16.0,7.0,435.0,158.0,0
1.0,1523.0,260.0,208.0,6.0,955.0,320.0,1
12.0,6615.0,79.0,122.0,7.0,683.0,120.0,0
8.0,1012.0,277.0,76.0,4.0,1140.0,134.0,0
16.0,2812.0,13.0,135.0,5.0,813.0,95.0,0
15.0,225.0,268.0,172.0,7.0,820.0,65.0,0
11.0,6342.0,290.0,16.0,7.0,966.0,113.0,0
15.0,2599.0,268.0,251.0,6.0,620.0,55.0,0
15.0,301.0,217.0,264.0,3.0,555.0,80.0,1
15.0,1499.0,268.0,279.0,3.0,635.0,80.0,1
12.0,6508.0,18.0,253.0,3.0,1130.0,238.0,1
15.0,1382.0,27.0,45.0,5.0,920.0,115.0,1
10.0,4208.0,45.0,208.0,5.0,1155.0,145.0,0
14.0,1605.0,35.0,216.0,1.0,810.0,104.0,1
1.0,1121.0,135.0,80.0,3.0,990.0,75.0,0
14.0,1126.0,60.0,80.0,3.0,885.0,175.0,1
11.0,6772.0,139.0,78.0,7.0,743.0,96.0,0
15.0,28.0,35.0,45.0,1.0,365.0,110.0,0
5.0,1534.0,16.0,234.0,3.0,905.0,95.0,0
13.0,537.0,35.0,253.0,3.0,479.0,410.0,0
4.0,770.0,135.0,253.0,3.0,1250.0,246.0,1
13.0,143.0,277.0,208.0,5.0,380.0,170.0,0
11.0,6340.0,96.0,177.0,4.0,370.0,187.0,0
14.0,1565.0,216.0,104.0,6.0,1105.0,179.0,0
8.0,216.0,241.0,184.0,5.0,1094.0,181.0,0
12.0,7766.0,220.0,261.0,5.0,1095.0,53.0,1
10.0,3609.0,183.0,16.0,7.0,835.0,120.0,1
15.0,1235.0,45.0,2.0,3.0,770.0,280.0,1
13.0,184.0,253.0,216.0,1.0,550.0,335.0,1
2.0,630.0,252.0,217.0,5.0,615.0,169.0,1
0.0,4257.0,35.0,233.0,3.0,735.0,135.0,0
4.0,469.0,253.0,135.0,5.0,360.0,225.0,0
0.0,3775.0,12.0,85.0,5.0,330.0,120.0,1
15.0,2162.0,202.0,207.0,6.0,1125.0,70.0,1
15.0,8.0,75.0,172.0,3.0,555.0,85.0,0
16.0,3016.0,135.0,288.0,5.0,1195.0,101.0,0
15.0,1566.0,18.0,75.0,3.0,710.0,55.0,1
14.0,1249.0,60.0,147.0,4.0,480.0,82.0,0
10.0,3290.0,223.0,80.0,1.0,630.0,125.0,0
12.0,6660.0,154.0,100.0,6.0,975.0,67.0,1
15.0,122.0,153.0,258.0,4.0,1255.0,80.0,1
15.0,637.0,175.0,221.0,1.0,1030.0,80.0,1
6.0,5224.0,190.0,16.0,5.0,805.0,76.0,0
14.0,881.0,208.0,60.0,5.0,455.0,114.0,0
11.0,6762.0,197.0,221.0,4.0,600.0,130.0,0
11.0,6352.0,177.0,96.0,6.0,1150.0,164.0,0
4.0,1055.0,96.0,154.0,4.0,985.0,368.0,1
15.0,2461.0,13.0,75.0,7.0,830.0,65.0,1
16.0,3109.0,41.0,135.0,7.0,810.0,70.0,0
14.0,373.0,148.0,60.0,5.0,1109.0,131.0,0
14.0,701.0,216.0,154.0,5.0,1080.0,369.0,0
15.0,2960.0,258.0,264.0,7.0,820.0,75.0,1
12.0,4505.0,261.0,99.0,5.0,1201.0,134.0,0
16.0,2803.0,135.0,256.0,3.0,1265.0,53.0,0
5.0,1567.0,16.0,243.0,6.0,1140.0,291.0,0
15.0,20.0,153.0,243.0,4.0,890.0,65.0,1
5.0,1320.0,16.0,60.0,4.0,1140.0,81.0,1
5.0,2126.0,104.0,16.0,5.0,685.0,115.0,0
14.0,191.0,216.0,217.0,5.0,935.0,320.0,0
0.0,4047.0,288.0,177.0,4.0,990.0,91.0,0
5.0,2452.0,198.0,159.0,3.0,420.0,175.0,1
2.0,61.0,252.0,149.0,7.0,470.0,156.0,1
12.0,6603.0,2.0,79.0,7.0,924.0,76.0,0
5.0,1106.0,261.0,45.0,5.0,595.0,248.0,0
3.0,708.0,260.0,148.0,3.0,893.0,246.0,1
5.0,2584.0,261.0,236.0,4.0,695.0,91.0,0
14.0,1216.0,80.0,60.0,1.0,615.0,142.0,1
16.0,3107.0,58.0,119.0,5.0,1250.0,60.0,0
5.0,1595.0,111.0,261.0,1.0,785.0,94.0,0
4.0,706.0,135.0,277.0,6.0,486.0,119.0,0
0.0,4321.0,116.0,177.0,4.0,985.0,84.0,0
14.0,1997.0,208.0,60.0,4.0,360.0,118.0,0
10.0,4580.0,60.0,159.0,7.0,1100.0,125.0,0
17.0,7235.0,12.0,134.0,6.0,602.0,94.0,0
15.0,2321.0,217.0,243.0,6.0,460.0,70.0,0
5.0,2371.0,197.0,262.0,3.0,1300.0,240.0,1
15.0,617.0,61.0,175.0,4.0,1140.0,75.0,1
15.0,378.0,22.0,45.0,5.0,590.0,70.0,0
2.0,473.0,154.0,214.0,6.0,1265.0,144.0,0
17.0,2731.0,280.0,217.0,7.0,866.0,54.0,0
1.0,1114.0,183.0,159.0,4.0,405.0,170.0,0
16.0,2591.0,135.0,75.0,1.0,870.0,61.0,0
4.0,468.0,96.0,153.0,3.0,1125.0,346.0,1
15.0,1304.0,258.0,79.0,6.0,730.0,150.0,1
16.0,2916.0,205.0,96.0,5.0,701.0,168.0,0
5.0,1280.0,16.0,148.0,3.0,575.0,144.0,0
6.0,5064.0,33.0,16.0,4.0,645.0,68.0,1
3.0,245.0,202.0,160.0,6.0,540.0,78.0,1
6.0,5181.0,16.0,188.0,3.0,612.0,110.0,1
14.0,1733.0,78.0,60.0,7.0,825.0,86.0,1
14.0,1195.0,217.0,243.0,4.0,890.0,71.0,0
8.0,485.0,45.0,173.0,5.0,878.0,142.0,1
14.0,1712.0,60.0,78.0,6.0,785.0,75.0,1
15.0,2005.0,61.0,33.0,3.0,1055.0,75.0,1
1.0,504.0,258.0,80.0,7.0,740.0,205.0,1
1.0,1126.0,79.0,183.0,1.0,530.0,225.0,0
14.0,1471.0,60.0,277.0,5.0,1200.0,104.0,0
5.0,2188.0,197.0,216.0,1.0,435.0,156.0,0
17.0,2626.0,60.0,174.0,6.0,1190.0,89.0,0
6.0,5265.0,273.0,85.0,6.0,360.0,115.0,1
7.0,103.0,197.0,79.0,7.0,375.0,131.0,0
15.0,1660.0,202.0,154.0,4.0,1015.0,75.0,1
3.0,670.0,154.0,148.0,1.0,450.0,309.0,1
6.0,5085.0,16.0,95.0,6.0,855.0,82.0,0
15.0,466.0,244.0,243.0,3.0,500.0,185.0,1
13.0,477.0,134.0,198.0,4.0,1007.0,171.0,0
12.0,6892.0,252.0,154.0,5.0,1077.0,153.0,1
10.0,3971.0,265.0,208.0,4.0,860.0,60.0,1
5.0,1636.0,85.0,45.0,4.0,1305.0,91.0,0
14.0,1809.0,221.0,60.0,1.0,550.0,98.0,1
16.0,5894.0,208.0,285.0,7.0,1119.0,89.0,0
5.0,201.0,16.0,173.0,4.0,480.0,86.0,1
6.0,7360.0,177.0,233.0,3.0,510.0,114.0,0
12.0,6427.0,27.0,208.0,3.0,547.0,128.0,1
13.0,566.0,208.0,16.0,4.0,1098.0,124.0,0
6.0,5110.0,16.0,94.0,7.0,1318.0,86.0,0
4.0,302.0,96.0,154.0,1.0,600.0,366.0,1
15.0,1848.0,33.0,233.0,4.0,1150.0,85.0,1
16.0,2975.0,172.0,135.0,5.0,439.0,130.0,0
14.0,149.0,252.0,217.0,7.0,315.0,166.0,0
1.0,1558.0,80.0,279.0,5.0,655.0,60.0,0
15.0,111.0,75.0,2.0,6.0,835.0,110.0,1
3.0,1235.0,35.0,233.0,7.0,365.0,125.0,1
1.0,462.0,198.0,183.0,7.0,760.0,105.0,0
8.0,319.0,60.0,16.0,4.0,994.0,76.0,0
15.0,904.0,264.0,262.0,1.0,440.0,90.0,1
5.0,1617.0,54.0,16.0,7.0,445.0,83.0,0
12.0,4685.0,230.0,197.0,6.0,600.0,90.0,1
10.0,4010.0,60.0,208.0,5.0,890.0,135.0,0
17.0,2748.0,217.0,248.0,4.0,667.0,105.0,0
4.0,427.0,243.0,96.0,5.0,790.0,307.0,0
14.0,654.0,148.0,217.0,7.0,390.0,349.0,0
0.0,4043.0,119.0,177.0,4.0,705.0,128.0,1
15.0,940.0,175.0,205.0,4.0,635.0,85.0,0
6.0,7132.0,47.0,134.0,1.0,370.0,83.0,0
16.0,2833.0,135.0,146.0,6.0,629.0,65.0,0
3.0,148.0,213.0,148.0,5.0,1205.0,152.0,1
14.0,1060.0,60.0,78.0,3.0,1189.0,77.0,1
14.0,231.0,34.0,217.0,1.0,420.0,126.0,0
15.0,680.0,243.0,258.0,3.0,710.0,80.0,1
15.0,1072.0,75.0,18.0,7.0,1220.0,55.0,1
5.0,1847.0,159.0,16.0,5.0,600.0,160.0,1
6.0,5047.0,16.0,204.0,3.0,834.0,138.0,0
4.0,4.0,198.0,135.0,3.0,925.0,76.0,1
8.0,334.0,16.0,216.0,5.0,851.0,119.0,0
2.0,195.0,14.0,98.0,6.0,1435.0,56.0,0
5.0,2532.0,173.0,35.0,3.0,665.0,172.0,1
14.0,497.0,96.0,60.0,6.0,1050.0,122.0,0
5.0,2310.0,80.0,16.0,4.0,645.0,123.0,0
14.0,415.0,217.0,253.0,3.0,1270.0,129.0,0
12.0,4635.0,261.0,258.0,3.0,1220.0,114.0,0
0.0,4314.0,85.0,209.0,4.0,420.0,114.0,1
12.0,6960.0,79.0,230.0,3.0,643.0,69.0,0
11.0,6489.0,80.0,71.0,3.0,688.0,127.0,0
15.0,1127.0,75.0,268.0,3.0,465.0,100.0,0
3.0,363.0,159.0,213.0,1.0,465.0,168.0,0
0.0,3995.0,117.0,197.0,5.0,400.0,75.0,0
12.0,4860.0,261.0,208.0,3.0,1025.0,189.0,0
13.0,225.0,134.0,253.0,6.0,1322.0,362.0,0
4.0,1459.0,135.0,264.0,7.0,1255.0,217.0,1
15.0,1289.0,111.0,252.0,1.0,360.0,70.0,0
15.0,941.0,45.0,58.0,3.0,850.0,75.0,1
13.0,595.0,205.0,79.0,1.0,1012.0,104.0,1
6.0,5374.0,48.0,16.0,4.0,360.0,109.0,0
15.0,1256.0,175.0,261.0,5.0,850.0,215.0,1
13.0,791.0,153.0,79.0,3.0,371.0,120.0,0
0.0,3653.0,135.0,16.0,6.0,766.0,132.0,0
4.0,501.0,139.0,135.0,4.0,390.0,147.0,0
10.0,4250.0,20.0,208.0,3.0,410.0,135.0,0
12.0,6890.0,34.0,154.0,4.0,660.0,131.0,1
12.0,6898.0,208.0,184.0,1.0,911.0,42.0,1
12.0,4486.0,177.0,84.0,5.0,865.0,100.0,0
12.0,6381.0,208.0,80.0,1.0,1060.0,151.0,0
8.0,1953.0,104.0,184.0,4.0,657.0,196.0,0
14.0,1473.0,228.0,216.0,3.0,690.0,93.0,1
10.0,3399.0,80.0,157.0,1.0,790.0,125.0,0
10.0,3906.0,208.0,273.0,7.0,1125.0,115.0,0
10.0,4096.0,208.0,107.0,5.0,525.0,105.0,1
9.0,374.0,161.0,128.0,4.0,913.0,32.0,0
4.0,499.0,135.0,79.0,7.0,746.0,151.0,0
3.0,462.0,241.0,35.0,4.0,657.0,179.0,1
15.0,1714.0,277.0,61.0,5.0,950.0,135.0,1
14.0,2167.0,159.0,78.0,1.0,540.0,78.0,0
5.0,2215.0,85.0,79.0,1.0,525.0,203.0,0
1.0,1099.0,80.0,2.0,6.0,615.0,115.0,1
17.0,1033.0,128.0,150.0,5.0,705.0,40.0,0
12.0,3099.0,205.0,184.0,6.0,349.0,81.0,0
10.0,4576.0,159.0,60.0,4.0,375.0,120.0,1
15.0,748.0,173.0,45.0,4.0,1105.0,125.0,1
5.0,370.0,16.0,154.0,4.0,1315.0,307.0,1
10.0,3675.0,61.0,183.0,4.0,1100.0,170.0,0
13.0,945.0,208.0,154.0,5.0,715.0,275.0,1
12.0,4600.0,261.0,135.0,1.0,840.0,183.0,1
15.0,1765.0,252.0,153.0,4.0,965.0,145.0,0
14.0,1129.0,60.0,200.0,3.0,1345.0,54.0,0
14.0,1490.0,60.0,159.0,4.0,971.0,109.0,1
0.0,4153.0,171.0,85.0,6.0,495.0,59.0,0
17.0,2640.0,267.0,60.0,1.0,710.0,111.0,0
13.0,962.0,61.0,79.0,3.0,938.0,202.0,0
12.0,6652.0,253.0,191.0,7.0,567.0,40.0,0
15.0,2705.0,228.0,45.0,5.0,1095.0,85.0,1
0.0,3887.0,85.0,43.0,6.0,720.0,74.0,0
8.0,488.0,173.0,45.0,4.0,580.0,126.0,0
10.0,3248.0,118.0,80.0,5.0,1000.0,50.0,0
10.0,4088.0,208.0,99.0,3.0,1240.0,115.0,1
5.0,1548.0,85.0,159.0,4.0,1055.0,118.0,0
1.0,1873.0,173.0,183.0,4.0,1220.0,65.0,1
14.0,982.0,60.0,197.0,7.0,880.0,170.0,0
15.0,3601.0,277.0,217.0,4.0,890.0,290.0,0
1.0,2033.0,80.0,252.0,6.0,1220.0,255.0,0
1.0,1637.0,208.0,280.0,7.0,565.0,235.0,0
15.0,1815.0,153.0,243.0,7.0,950.0,65.0,1
6.0,5547.0,47.0,16.0,6.0,617.0,69.0,1
12.0,6468.0,79.0,67.0,7.0,1306.0,62.0,1
13.0,554.0,243.0,134.0,1.0,780.0,290.0,1
6.0,5587.0,16.0,158.0,7.0,930.0,108.0,1
12.0,6287.0,227.0,153.0,5.0,587.0,60.0,0
6.0,7107.0,134.0,159.0,1.0,1055.0,85.0,1
1.0,2041.0,78.0,183.0,3.0,500.0,165.0,1
4.0,1614.0,135.0,178.0,6.0,514.0,69.0,0
6.0,7369.0,256.0,177.0,7.0,695.0,65.0,0
10.0,3808.0,208.0,2.0,4.0,645.0,180.0,0
10.0,2916.0,80.0,288.0,7.0,485.0,110.0,0
3.0,1419.0,35.0,147.0,3.0,560.0,174.0,1
1.0,1508.0,264.0,80.0,3.0,1110.0,160.0,0
6.0,5004.0,16.0,201.0,7.0,885.0,82.0,0
16.0,2637.0,75.0,135.0,4.0,1019.0,69.0,0
2.0,55.0,39.0,14.0,3.0,671.0,111.0,1
1.0,1572.0,80.0,134.0,3.0,495.0,165.0,0
16.0,2327.0,136.0,135.0,3.0,390.0,107.0,0
12.0,4738.0,80.0,197.0,7.0,947.0,153.0,1
12.0,4699.0,195.0,197.0,3.0,540.0,66.0,1
3.0,395.0,159.0,173.0,3.0,885.0,174.0,1
2.0,857.0,252.0,203.0,6.0,500.0,375.0,0
15.0,372.0,175.0,172.0,5.0,755.0,90.0,1
14.0,5.0,217.0,208.0,3.0,800.0,201.0,0
14.0,1267.0,216.0,80.0,3.0,457.0,235.0,1
17.0,2972.0,153.0,253.0,5.0,905.0,92.0,0
15.0,225.0,268.0,172.0,1.0,820.0,65.0,1
7.0,789.0,79.0,153.0,7.0,1285.0,113.0,0
1.0,560.0,208.0,78.0,4.0,1250.0,105.0,0
15.0,326.0,33.0,277.0,1.0,840.0,105.0,1
0.0,4236.0,60.0,71.0,3.0,1065.0,99.0,0
8.0,1947.0,173.0,45.0,4.0,665.0,126.0,0
10.0,2910.0,180.0,80.0,4.0,780.0,130.0,0
1.0,759.0,159.0,80.0,3.0,935.0,250.0,0
0.0,3951.0,177.0,223.0,7.0,1175.0,84.0,0
15.0,2736.0,277.0,233.0,7.0,595.0,105.0,0
5.0,2021.0,85.0,217.0,5.0,940.0,270.0,0
15.0,49.0,2.0,75.0,3.0,925.0,100.0,1
12.0,4741.0,137.0,261.0,4.0,905.0,59.0,1
14.0,1223.0,78.0,213.0,7.0,520.0,157.0,1
0.0,3702.0,240.0,197.0,4.0,330.0,50.0,0
5.0,240.0,183.0,16.0,3.0,767.0,117.0,1
10.0,2720.0,84.0,80.0,5.0,695.0,125.0,0
15.0,1221.0,221.0,175.0,4.0,1140.0,110.0,0
5.0,1392.0,159.0,35.0,1.0,1050.0,76.0,0
6.0,4950.0,115.0,16.0,3.0,608.0,82.0,0
16.0,5989.0,247.0,208.0,4.0,761.0,44.0,0
6.0,7066.0,47.0,208.0,5.0,1012.0,128.0,1
1.0,1539.0,183.0,208.0,7.0,1050.0,205.0,1
6.0,5510.0,16.0,190.0,6.0,760.0,78.0,1
6.0,5406.0,71.0,78.0,5.0,957.0,87.0,1
1.0,1440.0,280.0,80.0,3.0,1065.0,130.0,0
16.0,3096.0,135.0,61.0,6.0,485.0,139.0,0
1.0,1832.0,208.0,241.0,5.0,1215.0,164.0,0
12.0,6954.0,79.0,261.0,7.0,1060.0,88.0,1
10.0,4232.0,208.0,43.0,5.0,1275.0,95.0,1
1.0,1794.0,80.0,18.0,7.0,770.0,60.0,0
5.0,2047.0,159.0,16.0,3.0,480.0,161.0,0
12.0,6621.0,79.0,187.0,5.0,969.0,113.0,1
14.0,2168.0,78.0,159.0,3.0,660.0,68.0,0
0.0,4362.0,251.0,85.0,7.0,1155.0,88.0,0
12.0,6417.0,263.0,154.0,1.0,693.0,57.0,0
4.0,63.0,96.0,135.0,5.0,1045.0,244.0,0
13.0,502.0,208.0,159.0,6.0,1085.0,136.0,1
12.0,6514.0,65.0,154.0,4.0,688.0,149.0,0
4.0,1728.0,135.0,280.0,3.0,1095.0,165.0,0
13.0,576.0,79.0,204.0,3.0,619.0,97.0,0
5.0,2568.0,252.0,16.0,4.0,370.0,284.0,0
15.0,1084.0,233.0,173.0,5.0,1050.0,105.0,1
10.0,4119.0,208.0,162.0,7.0,490.0,115.0,1
1.0,689.0,80.0,261.0,3.0,600.0,170.0,0
15.0,567.0,216.0,277.0,7.0,990.0,175.0,0
3.0,641.0,148.0,253.0,6.0,645.0,393.0,1
1.0,2446.0,154.0,80.0,3.0,775.0,190.0,0
10.0,3535.0,80.0,162.0,3.0,1320.0,65.0,0
16.0,3137.0,135.0,157.0,5.0,1195.0,129.0,0
6.0,5237.0,35.0,78.0,3.0,875.0,109.0,0
11.0,6599.0,268.0,71.0,6.0,960.0,72.0,0
1.0,1617.0,78.0,80.0,4.0,1016.0,215.0,1
8.0,158.0,45.0,139.0,5.0,1195.0,104.0,0
17.0,2695.0,2.0,217.0,6.0,745.0,81.0,0
15.0,1901.0,43.0,153.0,6.0,490.0,320.0,1
15.0,398.0,172.0,45.0,6.0,450.0,145.0,0
12.0,7034.0,172.0,253.0,7.0,479.0,238.0,0
13.0,327.0,253.0,216.0,1.0,933.0,326.0,0
7.0,287.0,268.0,79.0,5.0,1120.0,144.0,0
15.0,450.0,262.0,207.0,1.0,1045.0,75.0,1
15.0,563.0,18.0,129.0,5.0,980.0,50.0,0
5.0,2390.0,197.0,139.0,7.0,610.0,100.0,0
15.0,1646.0,18.0,153.0,6.0,1175.0,185.0,0
15.0,951.0,175.0,197.0,4.0,520.0,85.0,0
2.0,39.0,197.0,252.0,4.0,1120.0,228.0,1
5.0,1638.0,16.0,78.0,7.0,1160.0,116.0,0
5.0,2611.0,16.0,80.0,7.0,505.0,160.0,1
0.0,3982.0,94.0,85.0,5.0,420.0,95.0,1
1.0,993.0,277.0,183.0,5.0,440.0,65.0,0
16.0,2641.0,96.0,172.0,3.0,515.0,207.0,1
5.0,2778.0,243.0,261.0,5.0,615.0,110.0,1
5.0,2127.0,16.0,104.0,6.0,450.0,110.0,0
16.0,2002.0,158.0,135.0,4.0,670.0,75.0,0
4.0,535.0,58.0,154.0,6.0,1050.0,285.0,0
15.0,174.0,262.0,79.0,7.0,785.0,140.0,1
1.0,690.0,183.0,233.0,6.0,1235.0,120.0,0
15.0,1013.0,75.0,13.0,1.0,940.0,70.0,1
6.0,5246.0,52.0,16.0,1.0,733.0,57.0,0
9.0,347.0,150.0,128.0,6.0,925.0,42.0,0
1.0,244.0,154.0,173.0,3.0,530.0,275.0,0
12.0,7015.0,208.0,162.0,5.0,1210.0,107.0,0
16.0,2378.0,117.0,58.0,5.0,480.0,85.0,0
10.0,3066.0,243.0,154.0,3.0,615.0,50.0,0
10.0,2985.0,11.0,80.0,6.0,380.0,175.0,0
15.0,2397.0,172.0,75.0,5.0,685.0,95.0,0
4.0,525.0,96.0,58.0,1.0,585.0,110.0,0
8.0,402.0,16.0,139.0,5.0,615.0,97.0,0
0.0,3758.0,20.0,85.0,1.0,745.0,100.0,1
5.0,1562.0,177.0,85.0,6.0,620.0,115.0,0
10.0,4654.0,159.0,16.0,3.0,585.0,165.0,0
10.0,3377.0,283.0,80.0,6.0,1015.0,60.0,0
1.0,1821.0,183.0,153.0,6.0,485.0,330.0,0
15.0,987.0,79.0,217.0,1.0,735.0,115.0,1
1.0,1590.0,80.0,96.0,1.0,420.0,195.0,0
12.0,4775.0,243.0,154.0,5.0,730.0,49.0,0
5.0,1942.0,16.0,96.0,5.0,755.0,142.0,0
14.0,1457.0,60.0,104.0,5.0,805.0,119.0,0
10.0,3249.0,254.0,80.0,5.0,540.0,95.0,0
5.0,2946.0,135.0,197.0,4.0,395.0,165.0,0
4.0,855.0,213.0,96.0,6.0,935.0,165.0,0
12.0,6667.0,253.0,172.0,7.0,638.0,202.0,0
3.0,1004.0,148.0,35.0,4.0,567.0,70.0,0
14.0,683.0,261.0,217.0,1.0,815.0,95.0,0
2.0,627.0,153.0,31.0,7.0,825.0,164.0,0
15.0,540.0,217.0,221.0,5.0,760.0,240.0,1
5.0,2392.0,217.0,197.0,6.0,742.0,187.0,1
15.0,1134.0,139.0,175.0,3.0,670.0,60.0,1
0.0,3778.0,66.0,177.0,1.0,390.0,82.0,0
12.0,6361.0,79.0,65.0,3.0,1017.0,33.0,0
13.0,17.0,119.0,208.0,3.0,480.0,62.0,0
15.0,117.0,243.0,262.0,4.0,535.0,95.0,1
6.0,7074.0,208.0,12.0,4.0,660.0,111.0,0
5.0,1394.0,159.0,35.0,5.0,1110.0,74.0,0
12.0,4651.0,99.0,197.0,5.0,320.0,62.0,0
12.0,4590.0,261.0,79.0,7.0,510.0,85.0,0
5.0,2242.0,16.0,96.0,6.0,1068.0,134.0,0
11.0,6368.0,268.0,71.0,6.0,732.0,83.0,0
14.0,1746.0,173.0,216.0,6.0,475.0,140.0,0
13.0,664.0,253.0,208.0,5.0,361.0,249.0,0
15.0,1422.0,243.0,253.0,3.0,410.0,100.0,0
14.0,1206.0,217.0,216.0,5.0,790.0,266.0,0
11.0,6423.0,85.0,22.0,4.0,460.0,118.0,0
2.0,584.0,214.0,264.0,4.0,945.0,145.0,0
5.0,2076.0,173.0,159.0,4.0,645.0,154.0,1
14.0,488.0,217.0,79.0,7.0,795.0,109.0,0
15.0,1170.0,202.0,217.0,3.0,400.0,115.0,0
15.0,2004.0,154.0,153.0,4.0,1005.0,65.0,1
15.0,317.0,79.0,34.0,1.0,505.0,125.0,0
15.0,3077.0,264.0,202.0,3.0,490.0,80.0,1
12.0,6593.0,28.0,79.0,6.0,622.0,88.0,1
13.0,147.0,243.0,253.0,1.0,431.0,101.0,0
16.0,2182.0,65.0,135.0,4.0,845.0,129.0,0
6.0,5312.0,285.0,16.0,6.0,621.0,65.0,0
3.0,1187.0,35.0,267.0,7.0,700.0,201.0,1
2.0,508.0,252.0,264.0,3.0,750.0,162.0,0
12.0,6704.0,79.0,164.0,3.0,1185.0,78.0,0
1.0,524.0,80.0,85.0,7.0,885.0,155.0,0
0.0,4219.0,85.0,175.0,7.0,1170.0,79.0,0
5.0,1879.0,159.0,104.0,6.0,415.0,193.0,0
13.0,208.0,253.0,208.0,5.0,1125.0,255.0,0
9.0,206.0,128.0,203.0,5.0,300.0,36.0,0
1.0,1442.0,208.0,78.0,4.0,1000.0,105.0,0
15.0,3762.0,197.0,268.0,3.0,370.0,105.0,1
13.0,286.0,135.0,134.0,1.0,998.0,179.0,0
2.0,237.0,243.0,214.0,5.0,1115.0,165.0,0
10.0,4055.0,208.0,33.0,4.0,1005.0,90.0,1
5.0,1714.0,207.0,16.0,4.0,1380.0,240.0,0
5.0,2169.0,16.0,173.0,3.0,660.0,94.0,0
12.0,6637.0,187.0,79.0,3.0,1169.0,140.0,1
16.0,2895.0,135.0,68.0,1.0,700.0,68.0,1
5.0,2152.0,147.0,16.0,1.0,1080.0,89.0,1
6.0,5331.0,177.0,162.0,5.0,890.0,54.0,0
15.0,1537.0,175.0,58.0,7.0,1230.0,70.0,1
14.0,936.0,217.0,197.0,7.0,990.0,181.0,1
15.0,1992.0,217.0,264.0,4.0,635.0,80.0,1
13.0,503.0,80.0,79.0,3.0,716.0,128.0,0
0.0,4251.0,233.0,71.0,4.0,390.0,100.0,0
12.0,7051.0,253.0,6.0,6.0,959.0,78.0,0
16.0,5975.0,84.0,208.0,1.0,510.0,81.0,0
12.0,7804.0,261.0,282.0,7.0,1310.0,64.0,0
1.0,374.0,208.0,159.0,4.0,725.0,125.0,1
10.0,4505.0,35.0,159.0,5.0,630.0,75.0,0
11.0,6484.0,290.0,16.0,4.0,1065.0,114.0,0
6.0,4994.0,16.0,130.0,7.0,851.0,142.0,1
17.0,2887.0,217.0,91.0,6.0,1190.0,76.0,0
1.0,2413.0,204.0,80.0,6.0,450.0,65.0,0
5.0,1407.0,198.0,177.0,4.0,996.0,86.0,0
14.0,1102.0,80.0,60.0,6.0,835.0,141.0,1
15.0,1118.0,33.0,129.0,7.0,885.0,135.0,0
5.0,2683.0,78.0,183.0,4.0,419.0,159.0,0
5.0,734.0,16.0,233.0,6.0,596.0,98.0,0
2.0,563.0,154.0,214.0,1.0,510.0,147.0,0
15.0,201.0,173.0,22.0,7.0,690.0,155.0,0
0.0,4128.0,233.0,22.0,3.0,1140.0,125.0,1
10.0,2871.0,146.0,80.0,1.0,505.0,95.0,0
3.0,907.0,148.0,208.0,6.0,535.0,164.0,1
15.0,2958.0,75.0,244.0,1.0,530.0,65.0,0
12.0,4569.0,56.0,197.0,4.0,717.0,63.0,0
15.0,40.0,173.0,87.0,5.0,765.0,75.0,0
17.0,2862.0,103.0,217.0,1.0,1075.0,63.0,0
15.0,994.0,27.0,75.0,6.0,1050.0,115.0,0
17.0,7282.0,208.0,54.0,6.0,552.0,122.0,1
2.0,884.0,150.0,214.0,6.0,565.0,335.0,0
5.0,2831.0,159.0,85.0,5.0,435.0,125.0,0
15.0,3950.0,228.0,45.0,7.0,1025.0,85.0,1
16.0,2733.0,27.0,135.0,4.0,495.0,115.0,0
15.0,2720.0,253.0,153.0,5.0,890.0,95.0,0
10.0,2910.0,180.0,80.0,1.0,780.0,130.0,0
3.0,1401.0,104.0,18.0,6.0,941.0,189.0,0
17.0,2648.0,153.0,154.0,5.0,450.0,67.0,0
16.0,5946.0,208.0,251.0,7.0,641.0,72.0,0
15.0,452.0,75.0,18.0,3.0,490.0,55.0,1
4.0,345.0,58.0,135.0,5.0,525.0,189.0,1
0.0,3755.0,85.0,240.0,4.0,515.0,109.0,0
12.0,6335.0,243.0,154.0,6.0,996.0,41.0,0
5.0,412.0,16.0,35.0,4.0,1290.0,148.0,1
13.0,158.0,214.0,253.0,5.0,1114.0,108.0,0
15.0,1156.0,264.0,175.0,1.0,595.0,235.0,1
3.0,270.0,44.0,153.0,6.0,975.0,65.0,0
5.0,2214.0,252.0,197.0,3.0,677.0,193.0,1
2.0,641.0,217.0,252.0,4.0,420.0,188.0,0
12.0,6853.0,208.0,72.0,6.0,522.0,58.0,0
10.0,2747.0,80.0,121.0,4.0,1185.0,130.0,0
6.0,5165.0,11.0,16.0,5.0,350.0,60.0,0
1.0,707.0,159.0,80.0,1.0,420.0,250.0,0
15.0,1121.0,45.0,61.0,7.0,795.0,80.0,1
14.0,1819.0,35.0,216.0,5.0,630.0,90.0,0
8.0,291.0,16.0,129.0,7.0,630.0,143.0,0
5.0,1192.0,262.0,261.0,6.0,385.0,103.0,0
5.0,2755.0,71.0,277.0,7.0,670.0,123.0,1
11.0,6521.0,233.0,159.0,4.0,773.0,96.0,1
9.0,303.0,128.0,161.0,5.0,535.0,37.0,0
15.0,1962.0,44.0,202.0,6.0,800.0,70.0,1
16.0,2354.0,135.0,251.0,4.0,506.0,138.0,1
4.0,559.0,135.0,264.0,6.0,585.0,213.0,0
14.0,1437.0,60.0,154.0,7.0,1000.0,324.0,0
4.0,750.0,154.0,58.0,6.0,555.0,260.0,0
10.0,4514.0,78.0,33.0,5.0,895.0,120.0,0
14.0,145.0,217.0,61.0,5.0,960.0,212.0,0
13.0,235.0,43.0,208.0,6.0,436.0,116.0,0
12.0,6821.0,253.0,231.0,7.0,450.0,64.0,1
16.0,2157.0,147.0,135.0,6.0,920.0,147.0,0
5.0,1696.0,16.0,22.0,3.0,577.0,150.0,1
15.0,1413.0,258.0,217.0,1.0,805.0,110.0,0
6.0,5067.0,33.0,16.0,1.0,484.0,81.0,1
5.0,1082.0,16.0,85.0,6.0,755.0,120.0,0
12.0,4474.0,192.0,197.0,7.0,410.0,82.0,0
2.0,307.0,253.0,252.0,4.0,550.0,129.0,1
13.0,519.0,197.0,253.0,6.0,995.0,264.0,0
5.0,1580.0,253.0,16.0,1.0,360.0,270.0,0
15.0,2149.0,33.0,147.0,6.0,870.0,85.0,1
10.0,4370.0,208.0,181.0,5.0,1140.0,110.0,0
5.0,2479.0,184.0,16.0,1.0,573.0,122.0,0
7.0,659.0,79.0,253.0,6.0,735.0,157.0,0
13.0,464.0,208.0,84.0,4.0,1260.0,82.0,0
10.0,2843.0,283.0,80.0,4.0,655.0,60.0,0
15.0,672.0,153.0,217.0,7.0,1190.0,65.0,1
4.0,215.0,135.0,80.0,7.0,810.0,69.0,1
15.0,490.0,205.0,175.0,4.0,915.0,80.0,1
6.0,5306.0,121.0,16.0,5.0,764.0,80.0,0
14.0,659.0,216.0,253.0,7.0,600.0,390.0,0
5.0,1097.0,16.0,91.0,5.0,1175.0,215.0,1
5.0,1844.0,85.0,78.0,7.0,530.0,95.0,0
5.0,2101.0,35.0,16.0,6.0,960.0,183.0,0
17.0,2870.0,292.0,217.0,3.0,770.0,54.0,0
15.0,618.0,228.0,45.0,4.0,430.0,90.0,1
10.0,3360.0,68.0,80.0,4.0,995.0,80.0,1
13.0,488.0,208.0,60.0,3.0,1122.0,113.0,1
12.0,6664.0,196.0,79.0,3.0,523.0,123.0,0
5.0,2496.0,197.0,241.0,5.0,625.0,202.0,0
10.0,4558.0,159.0,58.0,4.0,480.0,110.0,1
16.0,2525.0,135.0,116.0,1.0,430.0,73.0,0
1.0,1099.0,139.0,80.0,6.0,475.0,150.0,0
10.0,4130.0,174.0,208.0,1.0,1035.0,135.0,0
12.0,4601.0,137.0,261.0,7.0,490.0,56.0,0
1.0,1896.0,261.0,80.0,1.0,895.0,155.0,1
15.0,1316.0,129.0,198.0,4.0,410.0,65.0,0
13.0,261.0,154.0,173.0,5.0,515.0,286.0,0
15.0,668.0,18.0,129.0,5.0,1120.0,50.0,0
5.0,11.0,16.0,173.0,7.0,960.0,89.0,0
1.0,1928.0,154.0,253.0,5.0,595.0,100.0,0
12.0,6957.0,170.0,79.0,5.0,530.0,118.0,0
12.0,6916.0,2.0,79.0,4.0,1045.0,74.0,0
16.0,2812.0,13.0,135.0,7.0,813.0,95.0,0
11.0,6482.0,71.0,233.0,3.0,1140.0,92.0,0
15.0,1134.0,45.0,139.0,4.0,540.0,105.0,1
15.0,793.0,175.0,146.0,3.0,660.0,120.0,1
15.0,768.0,198.0,277.0,7.0,1125.0,85.0,1
12.0,6419.0,64.0,79.0,7.0,440.0,79.0,0
1.0,1380.0,80.0,139.0,7.0,950.0,120.0,0
7.0,427.0,16.0,79.0,3.0,1135.0,210.0,0
3.0,520.0,173.0,96.0,5.0,485.0,145.0,0
11.0,6437.0,234.0,71.0,4.0,405.0,117.0,1
1.0,1649.0,80.0,207.0,7.0,795.0,190.0,0
1.0,708.0,80.0,159.0,6.0,495.0,195.0,0
17.0,2942.0,71.0,60.0,1.0,729.0,86.0,0
12.0,6427.0,27.0,208.0,4.0,547.0,128.0,1
5.0,1721.0,85.0,277.0,3.0,1190.0,161.0,1
15.0,2579.0,175.0,280.0,6.0,720.0,235.0,1
14.0,551.0,214.0,217.0,5.0,690.0,148.0,1
15.0,3152.0,202.0,153.0,6.0,810.0,85.0,1
15.0,2348.0,262.0,154.0,6.0,1210.0,80.0,0
15.0,1170.0,217.0,175.0,7.0,605.0,205.0,0
4.0,561.0,244.0,96.0,5.0,390.0,212.0,0
15.0,2168.0,33.0,172.0,6.0,945.0,105.0,0
1.0,1912.0,80.0,173.0,6.0,675.0,145.0,0
3.0,1321.0,35.0,45.0,6.0,380.0,89.0,0
15.0,2968.0,243.0,202.0,7.0,1165.0,85.0,1
15.0,1982.0,75.0,170.0,4.0,770.0,70.0,0
14.0,187.0,243.0,217.0,3.0,1145.0,77.0,0
4.0,1142.0,96.0,16.0,3.0,510.0,174.0,0
5.0,2328.0,173.0,85.0,4.0,500.0,160.0,0
1.0,874.0,208.0,35.0,7.0,1150.0,135.0,1
5.0,87.0,148.0,277.0,5.0,1100.0,197.0,0
10.0,2713.0,80.0,146.0,7.0,645.0,75.0,1
10.0,4093.0,117.0,208.0,1.0,420.0,65.0,0
10.0,4169.0,208.0,234.0,3.0,1135.0,120.0,1
16.0,5991.0,290.0,208.0,3.0,360.0,105.0,0
2.0,237.0,243.0,214.0,4.0,1115.0,165.0,0
14.0,1291.0,60.0,277.0,1.0,990.0,105.0,0
16.0,2705.0,135.0,116.0,6.0,975.0,68.0,0
15.0,2449.0,146.0,129.0,5.0,410.0,85.0,0
10.0,3905.0,76.0,208.0,4.0,475.0,80.0,0
15.0,1839.0,175.0,217.0,1.0,485.0,245.0,0
15.0,1627.0,91.0,129.0,6.0,555.0,105.0,0
2.0,189.0,14.0,98.0,1.0,945.0,60.0,0
11.0,6606.0,85.0,21.0,7.0,1165.0,56.0,1
10.0,3905.0,76.0,208.0,6.0,475.0,80.0,0
8.0,460.0,16.0,45.0,6.0,545.0,105.0,0
12.0,6886.0,114.0,79.0,5.0,497.0,59.0,0
5.0,1670.0,261.0,214.0,7.0,1220.0,123.0,1
11.0,6313.0,71.0,133.0,7.0,810.0,49.0,0
6.0,5451.0,16.0,288.0,1.0,988.0,77.0,1
15.0,826.0,261.0,217.0,5.0,1195.0,100.0,0
5.0,1151.0,253.0,128.0,5.0,1060.0,330.0,1
7.0,674.0,79.0,173.0,4.0,640.0,212.0,0
13.0,216.0,253.0,264.0,3.0,526.0,100.0,0
0.0,4139.0,29.0,197.0,5.0,1018.0,82.0,1
1.0,2096.0,80.0,45.0,6.0,725.0,170.0,0
16.0,2535.0,251.0,96.0,4.0,375.0,114.0,0
1.0,776.0,153.0,154.0,3.0,1130.0,70.0,0
11.0,6363.0,71.0,172.0,5.0,820.0,125.0,0
3.0,167.0,148.0,277.0,6.0,1020.0,187.0,1
15.0,340.0,217.0,172.0,5.0,1050.0,150.0,1
1.0,149.0,134.0,154.0,7.0,550.0,350.0,0
12.0,6327.0,243.0,154.0,1.0,801.0,44.0,1
13.0,109.0,208.0,197.0,1.0,873.0,93.0,0
13.0,277.0,173.0,154.0,4.0,1144.0,331.0,0
5.0,2604.0,154.0,261.0,4.0,984.0,111.0,0
13.0,938.0,79.0,208.0,6.0,955.0,144.0,1
10.0,4519.0,78.0,33.0,4.0,520.0,120.0,1
12.0,6583.0,79.0,65.0,3.0,485.0,32.0,0
0.0,3764.0,187.0,85.0,3.0,625.0,97.0,1
1.0,1596.0,214.0,80.0,7.0,360.0,225.0,0
15.0,1890.0,45.0,104.0,6.0,705.0,160.0,1
1.0,2545.0,205.0,80.0,6.0,490.0,130.0,0
16.0,2340.0,58.0,12.0,1.0,915.0,74.0,1
1.0,1545.0,80.0,280.0,6.0,935.0,145.0,0
16.0,2388.0,65.0,135.0,7.0,510.0,132.0,0
15.0,27.0,87.0,45.0,4.0,1015.0,125.0,0
10.0,2977.0,80.0,70.0,1.0,765.0,115.0,0
12.0,6455.0,154.0,292.0,7.0,568.0,70.0,0
8.0,286.0,129.0,16.0,1.0,749.0,112.0,0
16.0,2998.0,135.0,177.0,1.0,780.0,89.0,0
12.0,4658.0,40.0,261.0,5.0,785.0,77.0,1
15.0,1815.0,18.0,153.0,4.0,855.0,185.0,0
6.0,5123.0,190.0,16.0,6.0,714.0,76.0,0
12.0,4550.0,205.0,261.0,3.0,1064.0,145.0,0
5.0,2271.0,148.0,85.0,5.0,1105.0,140.0,0
15.0,740.0,268.0,173.0,3.0,1130.0,135.0,1
12.0,6859.0,79.0,214.0,5.0,906.0,178.0,1
6.0,5097.0,16.0,200.0,5.0,1140.0,78.0,0
11.0,6343.0,251.0,85.0,3.0,760.0,94.0,0
5.0,1420.0,159.0,71.0,6.0,945.0,140.0,0
5.0,320.0,262.0,16.0,1.0,702.0,265.0,1
0.0,4029.0,71.0,121.0,7.0,1230.0,73.0,1
8.0,1180.0,43.0,173.0,4.0,1000.0,171.0,0
5.0,2640.0,153.0,261.0,6.0,995.0,77.0,1
15.0,2620.0,214.0,258.0,4.0,870.0,105.0,0
15.0,955.0,45.0,22.0,3.0,865.0,65.0,1
13.0,356.0,252.0,79.0,1.0,863.0,157.0,0
10.0,4388.0,148.0,35.0,3.0,955.0,80.0,0
6.0,5482.0,69.0,16.0,7.0,955.0,90.0,1
13.0,193.0,153.0,253.0,6.0,810.0,105.0,0
10.0,4137.0,208.0,22.0,5.0,895.0,125.0,0
1.0,488.0,252.0,80.0,3.0,370.0,230.0,1
14.0,1153.0,216.0,80.0,1.0,575.0,225.0,0
5.0,1006.0,154.0,198.0,4.0,48.0,220.0,0
1.0,1626.0,80.0,33.0,3.0,1225.0,100.0,0
13.0,49.0,134.0,154.0,4.0,762.0,346.0,0
11.0,6655.0,177.0,33.0,7.0,540.0,63.0,1
1.0,518.0,183.0,148.0,5.0,425.0,165.0,0
5.0,1005.0,16.0,85.0,6.0,495.0,125.0,1
1.0,661.0,80.0,207.0,4.0,1255.0,195.0,0
5.0,1474.0,197.0,153.0,5.0,680.0,212.0,1
15.0,437.0,175.0,236.0,7.0,705.0,265.0,1
16.0,5994.0,33.0,208.0,6.0,484.0,107.0,1
8.0,786.0,159.0,215.0,7.0,1181.0,82.0,1
15.0,1100.0,175.0,198.0,4.0,1100.0,140.0,0
6.0,5448.0,180.0,16.0,6.0,789.0,76.0,1
14.0,2030.0,78.0,35.0,7.0,690.0,84.0,0
11.0,6255.0,71.0,85.0,1.0,710.0,85.0,0
8.0,696.0,16.0,267.0,3.0,610.0,90.0,1
1.0,2004.0,208.0,183.0,6.0,940.0,185.0,1
14.0,835.0,216.0,173.0,3.0,955.0,153.0,0
8.0,931.0,147.0,16.0,7.0,400.0,77.0,0
3.0,92.0,261.0,148.0,7.0,1392.0,248.0,0
9.0,360.0,128.0,143.0,4.0,1036.0,51.0,0
13.0,756.0,79.0,135.0,3.0,650.0,150.0,0
8.0,145.0,85.0,16.0,7.0,1015.0,123.0,0
14.0,1177.0,159.0,60.0,7.0,605.0,132.0,1
15.0,1662.0,45.0,159.0,3.0,860.0,70.0,0
12.0,6480.0,140.0,292.0,7.0,345.0,30.0,1
15.0,2515.0,175.0,173.0,6.0,850.0,160.0,1
5.0,2961.0,216.0,16.0,3.0,1065.0,159.0,1
15.0,2029.0,155.0,75.0,7.0,1155.0,60.0,0
10.0,3963.0,208.0,33.0,6.0,815.0,90.0,0
12.0,6300.0,100.0,154.0,6.0,360.0,59.0,0
11.0,6292.0,78.0,148.0,7.0,660.0,75.0,0
10.0,3693.0,234.0,183.0,1.0,895.0,160.0,0
0.0,4235.0,148.0,60.0,3.0,885.0,147.0,0
1.0,1347.0,244.0,80.0,3.0,470.0,70.0,0
0.0,3971.0,16.0,136.0,4.0,915.0,148.0,1
15.0,1044.0,221.0,153.0,1.0,495.0,310.0,1
6.0,7068.0,121.0,134.0,3.0,1171.0,80.0,0
1.0,1853.0,80.0,65.0,6.0,870.0,115.0,0
15.0,888.0,202.0,111.0,3.0,545.0,125.0,1
1.0,428.0,135.0,80.0,4.0,840.0,70.0,0
5.0,1103.0,148.0,261.0,4.0,420.0,342.0,0
1.0,466.0,244.0,80.0,3.0,1105.0,70.0,0
15.0,1489.0,277.0,198.0,3.0,1030.0,105.0,1
15.0,781.0,175.0,139.0,7.0,985.0,55.0,1
15.0,2528.0,173.0,221.0,3.0,620.0,135.0,1
15.0,2598.0,202.0,154.0,6.0,1185.0,75.0,0
15.0,2198.0,58.0,45.0,5.0,720.0,75.0,0
15.0,2636.0,262.0,264.0,6.0,600.0,85.0,1
0.0,4041.0,177.0,279.0,5.0,820.0,86.0,0
15.0,346.0,261.0,217.0,1.0,405.0,105.0,0
15.0,2357.0,261.0,79.0,7.0,545.0,90.0,0
6.0,7338.0,275.0,177.0,3.0,1040.0,96.0,0
1.0,1587.0,177.0,80.0,5.0,665.0,100.0,0
6.0,5141.0,16.0,200.0,5.0,590.0,83.0,1
6.0,5211.0,268.0,78.0,3.0,865.0,122.0,0
15.0,2914.0,216.0,35.0,6.0,905.0,75.0,1
7.0,491.0,79.0,48.0,3.0,1145.0,166.0,0
5.0,1909.0,106.0,16.0,7.0,375.0,143.0,0
13.0,393.0,208.0,217.0,5.0,718.0,236.0,0
1.0,1093.0,96.0,80.0,3.0,450.0,250.0,0
5.0,1451.0,277.0,197.0,6.0,1086.0,206.0,0
16.0,2523.0,71.0,135.0,7.0,831.0,159.0,0
15.0,1528.0,198.0,129.0,6.0,740.0,75.0,0
9.0,156.0,128.0,203.0,1.0,454.0,37.0,0
13.0,729.0,134.0,277.0,1.0,1056.0,153.0,0
6.0,4961.0,85.0,96.0,6.0,610.0,109.0,1
16.0,2231.0,146.0,135.0,1.0,360.0,77.0,0
5.0,2937.0,195.0,85.0,3.0,420.0,84.0,0
12.0,6903.0,285.0,208.0,7.0,919.0,106.0,1
15.0,487.0,129.0,75.0,6.0,570.0,60.0,0
9.0,509.0,128.0,161.0,1.0,485.0,37.0,0
12.0,4541.0,261.0,280.0,3.0,597.0,110.0,1
3.0,1223.0,35.0,233.0,1.0,480.0,125.0,0
12.0,6346.0,248.0,253.0,4.0,811.0,61.0,1
13.0,366.0,153.0,134.0,6.0,821.0,269.0,0
12.0,6634.0,205.0,79.0,5.0,581.0,108.0,0
4.0,678.0,244.0,135.0,5.0,925.0,64.0,0
5.0,1433.0,16.0,18.0,6.0,645.0,160.0,1
5.0,1459.0,71.0,79.0,1.0,560.0,197.0,1
5.0,2644.0,243.0,197.0,4.0,870.0,216.0,0
12.0,6468.0,79.0,67.0,5.0,1305.0,62.0,0
3.0,1421.0,214.0,160.0,3.0,450.0,135.0,1
15.0,1793.0,207.0,79.0,6.0,845.0,130.0,0
15.0,1514.0,154.0,79.0,3.0,1100.0,135.0,1
5.0,1026.0,85.0,16.0,7.0,721.0,129.0,0
15.0,903.0,202.0,129.0,7.0,445.0,225.0,0
14.0,1759.0,35.0,216.0,3.0,1050.0,103.0,1
10.0,3958.0,208.0,238.0,6.0,810.0,100.0,0
14.0,657.0,216.0,253.0,3.0,460.0,384.0,0
15.0,973.0,45.0,159.0,7.0,1060.0,75.0,0
3.0,739.0,148.0,225.0,6.0,1439.0,223.0,0
12.0,4594.0,56.0,197.0,5.0,420.0,63.0,0
15.0,2014.0,153.0,79.0,6.0,830.0,110.0,1
5.0,319.0,16.0,233.0,5.0,900.0,85.0,1
4.0,351.0,18.0,96.0,4.0,880.0,218.0,1
15.0,1182.0,173.0,45.0,7.0,430.0,125.0,0
5.0,2491.0,16.0,277.0,6.0,1295.0,89.0,0
15.0,225.0,172.0,184.0,7.0,910.0,80.0,0
0.0,3888.0,177.0,33.0,1.0,855.0,63.0,0
15.0,781.0,207.0,175.0,4.0,595.0,235.0,1
15.0,2963.0,253.0,243.0,3.0,705.0,85.0,1
5.0,2040.0,253.0,148.0,4.0,930.0,329.0,0
8.0,804.0,35.0,45.0,3.0,1170.0,90.0,0
15.0,609.0,154.0,253.0,1.0,545.0,80.0,1
15.0,2027.0,85.0,79.0,3.0,1115.0,200.0,1
10.0,2756.0,285.0,80.0,1.0,685.0,155.0,0
1.0,415.0,197.0,208.0,7.0,560.0,85.0,0
15.0,2807.0,205.0,79.0,3.0,440.0,100.0,1
10.0,2955.0,80.0,170.0,7.0,590.0,75.0,0
2.0,312.0,252.0,253.0,1.0,735.0,128.0,0
16.0,2780.0,135.0,209.0,3.0,770.0,159.0,0
15.0,981.0,111.0,153.0,4.0,770.0,140.0,0
1.0,1406.0,205.0,80.0,4.0,360.0,125.0,0
8.0,633.0,45.0,76.0,4.0,630.0,90.0,0
10.0,2712.0,80.0,1.0,5.0,1175.0,50.0,0
12.0,6592.0,208.0,19.0,4.0,1200.0,105.0,0
17.0,2773.0,217.0,227.0,5.0,520.0,67.0,0
17.0,2748.0,280.0,217.0,5.0,540.0,60.0,0
15.0,1960.0,214.0,258.0,6.0,1035.0,105.0,0
15.0,518.0,262.0,264.0,4.0,525.0,90.0,0
15.0,3485.0,33.0,173.0,5.0,465.0,110.0,1
15.0,758.0,162.0,175.0,4.0,460.0,100.0,1
5.0,2120.0,208.0,85.0,7.0,420.0,90.0,1
11.0,6284.0,135.0,71.0,6.0,885.0,137.0,0
15.0,3682.0,18.0,175.0,7.0,890.0,155.0,1
6.0,5050.0,85.0,48.0,1.0,940.0,56.0,1
15.0,754.0,243.0,153.0,5.0,1000.0,70.0,1
12.0,6548.0,187.0,208.0,7.0,372.0,56.0,0
11.0,6675.0,80.0,197.0,6.0,947.0,149.0,0
5.0,1783.0,261.0,153.0,5.0,821.0,85.0,0
4.0,1104.0,96.0,208.0,7.0,720.0,154.0,0
5.0,2691.0,197.0,183.0,1.0,450.0,220.0,0
15.0,278.0,153.0,236.0,6.0,855.0,80.0,1
0.0,4030.0,148.0,42.0,3.0,840.0,100.0,1
15.0,3919.0,277.0,18.0,1.0,825.0,165.0,0
13.0,592.0,79.0,197.0,5.0,618.0,122.0,0
3.0,402.0,198.0,35.0,7.0,879.0,189.0,0
14.0,779.0,216.0,277.0,4.0,475.0,172.0,0
14.0,722.0,208.0,216.0,6.0,960.0,122.0,1
0.0,3736.0,66.0,177.0,3.0,680.0,75.0,0
14.0,1050.0,233.0,60.0,4.0,360.0,57.0,0
8.0,64.0,16.0,134.0,4.0,747.0,102.0,1
12.0,6973.0,252.0,154.0,7.0,667.0,149.0,0
15.0,1029.0,202.0,236.0,4.0,1115.0,50.0,0
12.0,7054.0,79.0,261.0,3.0,1289.0,91.0,0
13.0,44.0,154.0,134.0,4.0,1360.0,290.0,0
5.0,1655.0,16.0,154.0,7.0,575.0,305.0,1
12.0,4590.0,261.0,79.0,3.0,510.0,85.0,1
16.0,2685.0,184.0,96.0,5.0,1003.0,136.0,1
5.0,2089.0,197.0,264.0,5.0,585.0,242.0,0
5.0,1422.0,18.0,85.0,1.0,525.0,170.0,0
1.0,1623.0,173.0,80.0,7.0,995.0,180.0,0
1.0,1328.0,262.0,80.0,3.0,740.0,200.0,0
3.0,240.0,160.0,202.0,7.0,415.0,78.0,0
10.0,4064.0,208.0,58.0,3.0,815.0,80.0,1
13.0,94.0,217.0,253.0,3.0,859.0,128.0,0
10.0,4149.0,208.0,285.0,5.0,570.0,95.0,0
12.0,6520.0,208.0,171.0,7.0,789.0,60.0,0
12.0,6301.0,258.0,154.0,6.0,393.0,77.0,0
14.0,369.0,217.0,262.0,7.0,1060.0,118.0,0
4.0,1757.0,135.0,16.0,7.0,795.0,121.0,0
5.0,1824.0,16.0,45.0,4.0,895.0,107.0,0
15.0,3137.0,153.0,268.0,1.0,1060.0,185.0,1
1.0,1919.0,16.0,80.0,1.0,1000.0,150.0,0
3.0,571.0,130.0,213.0,7.0,1250.0,169.0,1
15.0,2036.0,27.0,173.0,7.0,530.0,90.0,1
16.0,2161.0,96.0,221.0,3.0,1235.0,99.0,1
5.0,2230.0,267.0,16.0,7.0,500.0,101.0,0
12.0,4757.0,261.0,205.0,5.0,585.0,144.0,0
17.0,2605.0,60.0,233.0,6.0,464.0,57.0,0
3.0,38.0,148.0,238.0,7.0,1200.0,86.0,0
5.0,166.0,277.0,148.0,7.0,741.0,165.0,0
16.0,2181.0,16.0,135.0,4.0,655.0,140.0,0
17.0,2660.0,268.0,60.0,4.0,975.0,109.0,0
10.0,3217.0,256.0,80.0,3.0,1170.0,60.0,1
10.0,3940.0,208.0,157.0,4.0,740.0,85.0,0
16.0,3092.0,172.0,96.0,7.0,855.0,164.0,1
15.0,1550.0,216.0,182.0,6.0,1045.0,75.0,0
1.0,1873.0,173.0,183.0,5.0,1220.0,65.0,1
4.0,759.0,78.0,135.0,6.0,360.0,204.0,1
15.0,1812.0,172.0,175.0,3.0,425.0,90.0,1
6.0,5030.0,11.0,16.0,3.0,985.0,61.0,0
16.0,5933.0,208.0,162.0,7.0,501.0,107.0,0
14.0,86.0,217.0,214.0,5.0,525.0,172.0,0
15.0,1964.0,153.0,243.0,3.0,1140.0,65.0,0
1.0,677.0,80.0,214.0,5.0,1020.0,255.0,1
6.0,5596.0,16.0,47.0,6.0,682.0,59.0,1
1.0,1576.0,80.0,204.0,3.0,1120.0,55.0,0
12.0,4529.0,261.0,202.0,7.0,515.0,122.0,0
5.0,2215.0,85.0,79.0,6.0,525.0,203.0,0
12.0,7763.0,220.0,261.0,6.0,360.0,48.0,0
14.0,1696.0,135.0,60.0,6.0,430.0,144.0,0
13.0,708.0,253.0,217.0,4.0,635.0,120.0,0
1.0,1448.0,208.0,78.0,6.0,640.0,105.0,0
5.0,182.0,252.0,148.0,4.0,800.0,325.0,0
5.0,1683.0,261.0,153.0,3.0,660.0,87.0,0
14.0,145.0,264.0,217.0,4.0,765.0,76.0,0
14.0,1997.0,60.0,104.0,1.0,595.0,128.0,1
8.0,71.0,16.0,104.0,4.0,865.0,110.0,0
1.0,1132.0,80.0,277.0,4.0,870.0,135.0,1
15.0,2619.0,258.0,153.0,4.0,685.0,80.0,1
1.0,1159.0,204.0,80.0,7.0,975.0,65.0,0
6.0,5335.0,4.0,16.0,7.0,1015.0,61.0,0
1.0,1275.0,251.0,80.0,4.0,950.0,145.0,1
5.0,2845.0,85.0,253.0,4.0,725.0,324.0,1
2.0,865.0,252.0,150.0,5.0,520.0,376.0,0
1.0,1284.0,80.0,60.0,1.0,1035.0,140.0,1
13.0,121.0,22.0,208.0,5.0,654.0,161.0,0
12.0,6880.0,79.0,261.0,1.0,500.0,101.0,0
12.0,3110.0,184.0,48.0,1.0,475.0,78.0,0
12.0,6954.0,79.0,261.0,3.0,1060.0,88.0,1
10.0,3248.0,118.0,80.0,7.0,1000.0,50.0,0
9.0,373.0,128.0,161.0,1.0,847.0,38.0,0
0.0,3811.0,71.0,285.0,4.0,1240.0,58.0,0
12.0,6966.0,253.0,227.0,7.0,892.0,79.0,1
7.0,551.0,79.0,243.0,5.0,1088.0,141.0,1
5.0,724.0,264.0,16.0,1.0,660.0,254.0,1
1.0,454.0,208.0,233.0,5.0,880.0,110.0,0
0.0,4209.0,177.0,116.0,4.0,875.0,79.0,0
14.0,1423.0,78.0,60.0,1.0,345.0,85.0,1
15.0,1185.0,79.0,45.0,1.0,995.0,200.0,0
1.0,2431.0,80.0,154.0,5.0,740.0,200.0,0
9.0,307.0,150.0,128.0,6.0,1205.0,42.0,0
10.0,3280.0,68.0,80.0,7.0,360.0,80.0,0
10.0,3338.0,80.0,10.0,1.0,590.0,65.0,0
16.0,2761.0,234.0,96.0,5.0,437.0,69.0,0
15.0,2655.0,280.0,153.0,4.0,435.0,80.0,0
0.0,3660.0,177.0,221.0,5.0,855.0,112.0,1
15.0,3029.0,244.0,129.0,6.0,670.0,50.0,1
6.0,5582.0,16.0,132.0,6.0,831.0,61.0,0
6.0,4967.0,16.0,32.0,7.0,1045.0,106.0,0
15.0,1167.0,214.0,79.0,4.0,780.0,145.0,0
5.0,2070.0,54.0,16.0,5.0,836.0,80.0,0
3.0,1422.0,160.0,214.0,3.0,680.0,143.0,0
5.0,2782.0,177.0,78.0,1.0,505.0,119.0,1
15.0,1751.0,61.0,45.0,5.0,705.0,70.0,0
15.0,1537.0,243.0,175.0,1.0,840.0,235.0,1
15.0,3682.0,18.0,175.0,3.0,890.0,155.0,1
6.0,7129.0,54.0,134.0,7.0,1158.0,92.0,0
14.0,834.0,60.0,228.0,5.0,1189.0,111.0,0
16.0,2107.0,85.0,96.0,4.0,1031.0,109.0,1
15.0,987.0,175.0,79.0,7.0,595.0,165.0,0
10.0,4047.0,208.0,234.0,3.0,970.0,115.0,0
4.0,211.0,96.0,135.0,6.0,465.0,236.0,1
16.0,2436.0,147.0,135.0,7.0,695.0,147.0,0
1.0,1585.0,45.0,80.0,6.0,555.0,220.0,1
4.0,377.0,241.0,96.0,3.0,885.0,164.0,1
15.0,45.0,228.0,175.0,3.0,695.0,165.0,0
11.0,6673.0,78.0,146.0,4.0,1175.0,171.0,0
12.0,4635.0,261.0,258.0,4.0,1220.0,114.0,0
12.0,6269.0,253.0,100.0,5.0,1261.0,59.0,0
14.0,1831.0,60.0,183.0,4.0,700.0,132.0,1
6.0,5485.0,16.0,288.0,1.0,822.0,72.0,1
10.0,4665.0,159.0,16.0,6.0,495.0,165.0,0
17.0,1028.0,128.0,150.0,7.0,1025.0,40.0,1
14.0,1978.0,60.0,96.0,7.0,1205.0,110.0,0
5.0,2956.0,243.0,148.0,4.0,390.0,324.0,0
1.0,319.0,159.0,208.0,5.0,600.0,170.0,0
1.0,1356.0,80.0,134.0,6.0,665.0,165.0,0
8.0,1033.0,241.0,221.0,1.0,1074.0,150.0,1
4.0,755.0,135.0,16.0,4.0,1150.0,122.0,0
16.0,3021.0,96.0,200.0,3.0,523.0,134.0,1
14.0,1663.0,60.0,268.0,5.0,1210.0,121.0,0
0.0,4327.0,106.0,197.0,3.0,410.0,105.0,1
3.0,49.0,148.0,213.0,6.0,489.0,176.0,0
15.0,15.0,75.0,129.0,4.0,600.0,60.0,1
6.0,5547.0,47.0,16.0,7.0,617.0,69.0,0
13.0,903.0,134.0,79.0,1.0,980.0,239.0,0
6.0,4957.0,16.0,190.0,3.0,1366.0,74.0,0
15.0,1489.0,141.0,213.0,5.0,735.0,180.0,1
5.0,2646.0,217.0,16.0,4.0,420.0,208.0,0
1.0,857.0,173.0,80.0,7.0,555.0,180.0,0
15.0,1126.0,217.0,79.0,1.0,550.0,110.0,0
1.0,370.0,208.0,159.0,7.0,795.0,125.0,0
2.0,518.0,252.0,264.0,7.0,1180.0,159.0,0
0.0,4297.0,43.0,85.0,5.0,810.0,75.0,1
1.0,1158.0,80.0,244.0,7.0,990.0,70.0,1
16.0,2584.0,16.0,96.0,1.0,1020.0,137.0,1
2.0,645.0,217.0,252.0,1.0,725.0,195.0,1
6.0,5371.0,16.0,254.0,5.0,825.0,117.0,0
4.0,1471.0,279.0,135.0,5.0,365.0,95.0,0
16.0,3079.0,58.0,268.0,3.0,1005.0,98.0,0
16.0,2549.0,71.0,135.0,1.0,545.0,162.0,0
8.0,207.0,16.0,48.0,6.0,525.0,99.0,0
14.0,1007.0,60.0,221.0,6.0,1199.0,81.0,1
1.0,1578.0,178.0,80.0,3.0,715.0,100.0,0
12.0,6427.0,253.0,236.0,7.0,1138.0,54.0,0
5.0,559.0,16.0,260.0,7.0,587.0,225.0,1
3.0,488.0,160.0,35.0,5.0,1252.0,308.0,0
4.0,1475.0,135.0,80.0,7.0,1270.0,64.0,1
12.0,6473.0,154.0,140.0,6.0,781.0,60.0,0
16.0,2004.0,45.0,96.0,3.0,601.0,59.0,1
10.0,4198.0,208.0,58.0,7.0,620.0,80.0,1
1.0,286.0,161.0,154.0,4.0,1320.0,330.0,0
15.0,1848.0,172.0,33.0,7.0,1030.0,90.0,1
16.0,2492.0,135.0,233.0,6.0,941.0,143.0,1
0.0,4285.0,204.0,197.0,3.0,941.0,131.0,0
3.0,216.0,160.0,148.0,7.0,1270.0,303.0,1
6.0,7130.0,245.0,208.0,6.0,405.0,150.0,0
16.0,2278.0,135.0,205.0,6.0,962.0,123.0,0
17.0,2827.0,177.0,217.0,6.0,870.0,214.0,0
10.0,4172.0,148.0,58.0,1.0,895.0,115.0,0
9.0,189.0,150.0,128.0,6.0,958.0,42.0,1
5.0,1123.0,261.0,85.0,7.0,520.0,216.0,0
5.0,1194.0,85.0,60.0,1.0,1035.0,113.0,0
15.0,595.0,44.0,258.0,1.0,430.0,65.0,0
15.0,1063.0,91.0,153.0,7.0,470.0,115.0,0
15.0,2655.0,44.0,202.0,4.0,575.0,75.0,1
16.0,2404.0,229.0,58.0,7.0,845.0,113.0,0
5.0,1231.0,214.0,261.0,3.0,627.0,103.0,1
12.0,3072.0,184.0,268.0,3.0,645.0,74.0,1
13.0,687.0,208.0,197.0,5.0,1145.0,94.0,1
11.0,6682.0,45.0,71.0,1.0,671.0,109.0,1
5.0,1621.0,85.0,277.0,5.0,824.0,167.0,1
1.0,1187.0,209.0,80.0,5.0,1090.0,215.0,0
0.0,3664.0,171.0,85.0,3.0,915.0,62.0,0
6.0,5233.0,41.0,16.0,1.0,345.0,97.0,0
16.0,3056.0,135.0,288.0,7.0,795.0,88.0,0
15.0,1221.0,104.0,228.0,4.0,700.0,180.0,0
4.0,269.0,253.0,135.0,6.0,15.0,203.0,1
10.0,2835.0,80.0,146.0,4.0,995.0,75.0,0
8.0,361.0,159.0,16.0,6.0,622.0,157.0,0
14.0,407.0,217.0,253.0,7.0,885.0,125.0,1
15.0,1057.0,202.0,44.0,1.0,635.0,65.0,1
5.0,1698.0,147.0,16.0,4.0,330.0,80.0,0
8.0,1079.0,130.0,173.0,3.0,837.0,170.0,1
15.0,1200.0,258.0,154.0,6.0,995.0,70.0,1
10.0,3065.0,154.0,243.0,3.0,455.0,45.0,0
16.0,2881.0,135.0,33.0,7.0,765.0,108.0,1
15.0,1599.0,154.0,268.0,4.0,560.0,205.0,1
5.0,1991.0,16.0,277.0,4.0,590.0,100.0,0
1.0,405.0,134.0,80.0,1.0,765.0,205.0,0
16.0,2577.0,54.0,135.0,7.0,1040.0,169.0,1
16.0,2967.0,135.0,155.0,5.0,530.0,94.0,0
12.0,6488.0,80.0,208.0,6.0,578.0,138.0,1
15.0,1751.0,129.0,268.0,1.0,390.0,115.0,1
10.0,2715.0,80.0,158.0,3.0,630.0,75.0,0
16.0,2634.0,131.0,135.0,5.0,1014.0,86.0,0
2.0,564.0,214.0,154.0,3.0,700.0,140.0,0
1.0,1896.0,261.0,80.0,4.0,895.0,155.0,1
15.0,994.0,244.0,79.0,6.0,420.0,140.0,0
14.0,155.0,216.0,243.0,5.0,1075.0,356.0,0
5.0,689.0,16.0,234.0,6.0,1050.0,97.0,0
3.0,1011.0,35.0,148.0,1.0,650.0,66.0,1
15.0,961.0,205.0,217.0,7.0,435.0,180.0,0
0.0,4172.0,177.0,139.0,4.0,525.0,85.0,1
13.0,370.0,80.0,134.0,7.0,718.0,182.0,0
7.0,721.0,78.0,79.0,6.0,525.0,248.0,0
1.0,1166.0,80.0,216.0,7.0,780.0,195.0,0
15.0,1223.0,34.0,236.0,6.0,720.0,65.0,0
13.0,888.0,253.0,154.0,4.0,665.0,95.0,0
10.0,3037.0,154.0,246.0,3.0,995.0,40.0,1
10.0,2709.0,80.0,218.0,6.0,895.0,110.0,0
15.0,102.0,253.0,243.0,4.0,875.0,85.0,1
5.0,1909.0,16.0,74.0,3.0,580.0,92.0,1
5.0,2312.0,261.0,14.0,4.0,1319.0,308.0,1
2.0,743.0,16.0,252.0,1.0,1090.0,325.0,0
17.0,2862.0,103.0,217.0,6.0,1075.0,63.0,0
15.0,647.0,217.0,79.0,1.0,360.0,105.0,0
13.0,98.0,153.0,79.0,4.0,719.0,117.0,1
5.0,2075.0,43.0,16.0,6.0,1098.0,147.0,0
4.0,379.0,135.0,244.0,5.0,805.0,58.0,0
12.0,6456.0,136.0,79.0,7.0,1220.0,94.0,0
12.0,6614.0,224.0,79.0,1.0,875.0,131.0,0
15.0,3425.0,261.0,217.0,3.0,775.0,95.0,1
10.0,3230.0,80.0,283.0,4.0,575.0,55.0,0
15.0,1141.0,75.0,162.0,5.0,670.0,60.0,1
15.0,1992.0,264.0,253.0,4.0,680.0,85.0,1
5.0,141.0,148.0,183.0,4.0,898.0,199.0,0
6.0,5046.0,11.0,16.0,1.0,710.0,62.0,1
10.0,4200.0,139.0,208.0,1.0,755.0,70.0,1
4.0,1853.0,58.0,241.0,5.0,540.0,162.0,0
14.0,639.0,208.0,217.0,1.0,1020.0,233.0,0
5.0,151.0,134.0,16.0,7.0,748.0,124.0,1
5.0,2316.0,153.0,85.0,1.0,685.0,244.0,1
15.0,394.0,153.0,204.0,7.0,665.0,140.0,0
14.0,1550.0,60.0,233.0,5.0,1360.0,54.0,0
9.0,138.0,128.0,150.0,1.0,687.0,43.0,0
1.0,2331.0,208.0,80.0,6.0,820.0,150.0,1
15.0,944.0,75.0,170.0,7.0,895.0,70.0,1
8.0,1629.0,216.0,173.0,7.0,773.0,158.0,0
2.0,609.0,153.0,252.0,7.0,1135.0,159.0,0
16.0,2735.0,165.0,135.0,6.0,660.0,67.0,0
1.0,1182.0,154.0,18.0,3.0,390.0,175.0,0
15.0,161.0,221.0,175.0,3.0,585.0,90.0,0
10.0,3736.0,208.0,96.0,4.0,360.0,120.0,0
10.0,3796.0,135.0,208.0,7.0,665.0,155.0,1
12.0,6653.0,191.0,253.0,7.0,929.0,33.0,1
10.0,2744.0,80.0,101.0,3.0,1140.0,150.0,1
14.0,1611.0,233.0,60.0,5.0,1185.0,54.0,0
14.0,1866.0,16.0,60.0,1.0,940.0,76.0,0
11.0,6264.0,71.0,290.0,3.0,565.0,125.0,0
9.0,228.0,128.0,150.0,7.0,595.0,42.0,0
17.0,2611.0,58.0,60.0,7.0,830.0,97.0,0
15.0,1106.0,202.0,214.0,7.0,740.0,100.0,1
15.0,1392.0,44.0,202.0,1.0,790.0,70.0,1
0.0,3868.0,85.0,281.0,1.0,930.0,68.0,0
16.0,2706.0,2.0,135.0,6.0,525.0,112.0,0
15.0,3580.0,253.0,243.0,6.0,830.0,85.0,1
5.0,1747.0,159.0,16.0,4.0,540.0,160.0,0
5.0,1222.0,261.0,16.0,4.0,1020.0,219.0,0
10.0,2891.0,80.0,56.0,3.0,1010.0,120.0,0
6.0,5454.0,87.0,16.0,7.0,817.0,72.0,1
8.0,550.0,16.0,43.0,1.0,926.0,121.0,0
15.0,2958.0,13.0,75.0,4.0,440.0,65.0,0
14.0,343.0,135.0,217.0,3.0,480.0,186.0,0
12.0,4654.0,127.0,261.0,6.0,375.0,69.0,0
0.0,4276.0,162.0,16.0,3.0,761.0,99.0,1
2.0,21.0,208.0,252.0,1.0,480.0,280.0,0
15.0,474.0,33.0,153.0,5.0,865.0,260.0,0
3.0,38.0,148.0,238.0,6.0,1200.0,86.0,0
1.0,1685.0,80.0,91.0,4.0,985.0,100.0,0
15.0,3144.0,2.0,214.0,5.0,1180.0,190.0,0
12.0,3074.0,184.0,139.0,3.0,1070.0,62.0,1
11.0,6278.0,290.0,71.0,7.0,675.0,111.0,1
6.0,4950.0,115.0,16.0,1.0,608.0,82.0,0
5.0,1887.0,229.0,16.0,1.0,1069.0,196.0,1
5.0,1693.0,264.0,16.0,1.0,810.0,259.0,0
15.0,1115.0,197.0,79.0,7.0,680.0,135.0,0
3.0,263.0,262.0,160.0,1.0,555.0,79.0,0
15.0,169.0,205.0,175.0,7.0,1110.0,85.0,1
12.0,4485.0,99.0,197.0,7.0,1020.0,66.0,0
13.0,36.0,253.0,35.0,7.0,360.0,342.0,0
1.0,2400.0,154.0,80.0,7.0,20.0,165.0,0
1.0,721.0,80.0,91.0,6.0,815.0,105.0,1
5.0,2337.0,45.0,85.0,4.0,450.0,102.0,0
15.0,1229.0,217.0,202.0,4.0,1245.0,125.0,1
3.0,1758.0,260.0,104.0,7.0,796.0,164.0,0
12.0,6865.0,187.0,79.0,6.0,893.0,141.0,0
16.0,2153.0,96.0,33.0,7.0,600.0,149.0,0
15.0,1289.0,217.0,244.0,5.0,800.0,125.0,1
14.0,175.0,153.0,217.0,4.0,990.0,72.0,0
11.0,6400.0,71.0,58.0,4.0,970.0,72.0,0
2.0,531.0,207.0,252.0,3.0,1035.0,162.0,0
15.0,620.0,35.0,79.0,6.0,500.0,295.0,1
1.0,1157.0,80.0,252.0,5.0,460.0,265.0,0
10.0,3615.0,183.0,58.0,1.0,520.0,170.0,0
12.0,7023.0,253.0,6.0,5.0,810.0,79.0,1
5.0,2756.0,16.0,148.0,1.0,450.0,135.0,0
5.0,2899.0,197.0,217.0,1.0,1040.0,210.0,1
6.0,5206.0,52.0,16.0,4.0,811.0,58.0,0
13.0,166.0,154.0,35.0,5.0,1349.0,336.0,0
7.0,413.0,79.0,154.0,4.0,790.0,142.0,0
15.0,2049.0,280.0,243.0,7.0,1085.0,75.0,0
5.0,2473.0,16.0,183.0,4.0,503.0,125.0,0
6.0,5512.0,27.0,16.0,5.0,600.0,59.0,0
15.0,669.0,261.0,154.0,3.0,450.0,125.0,1
0.0,4301.0,139.0,233.0,4.0,420.0,105.0,1
16.0,2102.0,156.0,135.0,5.0,420.0,44.0,0
1.0,699.0,251.0,80.0,3.0,1170.0,140.0,0
4.0,251.0,18.0,96.0,1.0,630.0,222.0,0
5.0,1503.0,22.0,197.0,3.0,1100.0,186.0,1
11.0,6293.0,148.0,209.0,4.0,495.0,102.0,0
15.0,643.0,262.0,217.0,7.0,1160.0,110.0,1
14.0,1989.0,233.0,60.0,3.0,435.0,65.0,0
3.0,1148.0,173.0,42.0,7.0,1085.0,166.0,0
9.0,247.0,150.0,128.0,6.0,1139.0,42.0,0
12.0,4597.0,79.0,261.0,4.0,435.0,97.0,0
8.0,642.0,16.0,184.0,4.0,625.0,128.0,0
10.0,2734.0,1.0,80.0,6.0,350.0,50.0,0
15.0,1474.0,2.0,217.0,3.0,1245.0,75.0,1
15.0,178.0,45.0,35.0,4.0,395.0,80.0,1
17.0,7235.0,12.0,134.0,4.0,602.0,94.0,0
2.0,60.0,149.0,151.0,7.0,440.0,65.0,0
15.0,2453.0,207.0,217.0,3.0,800.0,65.0,1
4.0,52.0,135.0,154.0,7.0,465.0,221.0,1
8.0,1102.0,61.0,241.0,1.0,818.0,150.0,0
11.0,6652.0,71.0,85.0,5.0,600.0,84.0,0
5.0,2008.0,79.0,197.0,6.0,1070.0,117.0,1
2.0,30.0,214.0,35.0,5.0,420.0,320.0,1
1.0,1372.0,183.0,233.0,3.0,1015.0,125.0,0
11.0,6746.0,177.0,216.0,5.0,1175.0,138.0,0
3.0,331.0,22.0,173.0,4.0,522.0,178.0,0
13.0,407.0,136.0,79.0,7.0,986.0,94.0,0
13.0,631.0,78.0,208.0,3.0,1185.0,132.0,0
14.0,1517.0,22.0,78.0,4.0,375.0,81.0,0
16.0,2154.0,155.0,135.0,5.0,810.0,92.0,0
10.0,4181.0,208.0,117.0,4.0,705.0,55.0,0
12.0,6551.0,172.0,208.0,1.0,1013.0,92.0,1
5.0,1182.0,252.0,261.0,4.0,955.0,116.0,1
8.0,69.0,134.0,16.0,6.0,370.0,119.0,0
12.0,6532.0,79.0,44.0,4.0,681.0,153.0,1
15.0,3228.0,175.0,33.0,6.0,1095.0,85.0,1
9.0,181.0,143.0,128.0,4.0,771.0,49.0,0
5.0,2313.0,221.0,16.0,4.0,1132.0,118.0,0
10.0,4012.0,208.0,177.0,7.0,580.0,110.0,1
15.0,941.0,104.0,141.0,1.0,550.0,165.0,0
12.0,6679.0,253.0,55.0,3.0,1287.0,51.0,0
12.0,6631.0,184.0,208.0,5.0,702.0,50.0,1
4.0,655.0,221.0,135.0,6.0,490.0,193.0,0
5.0,131.0,16.0,241.0,6.0,985.0,100.0,1
12.0,6551.0,208.0,63.0,3.0,1275.0,81.0,0
17.0,2704.0,234.0,60.0,1.0,960.0,81.0,1
0.0,4088.0,71.0,234.0,4.0,680.0,87.0,0
6.0,5547.0,47.0,16.0,4.0,617.0,69.0,0
11.0,6522.0,216.0,177.0,6.0,365.0,178.0,0
0.0,4052.0,177.0,208.0,1.0,525.0,116.0,1
5.0,2786.0,16.0,159.0,4.0,1180.0,142.0,0
5.0,348.0,16.0,209.0,6.0,900.0,101.0,0
16.0,2895.0,135.0,68.0,6.0,700.0,63.0,0
1.0,2465.0,80.0,154.0,4.0,1070.0,205.0,1
14.0,365.0,217.0,262.0,6.0,650.0,123.0,1
15.0,3122.0,75.0,279.0,6.0,920.0,55.0,0
16.0,2459.0,60.0,135.0,4.0,755.0,170.0,0
16.0,2462.0,135.0,60.0,6.0,535.0,128.0,1
13.0,738.0,79.0,173.0,1.0,488.0,213.0,0
15.0,588.0,45.0,173.0,1.0,720.0,140.0,1
15.0,879.0,175.0,172.0,6.0,1115.0,90.0,1
4.0,370.0,135.0,253.0,5.0,865.0,255.0,1
5.0,2197.0,85.0,197.0,4.0,1310.0,123.0,0
5.0,1412.0,16.0,208.0,1.0,735.0,125.0,1
0.0,4362.0,85.0,221.0,5.0,600.0,70.0,0
6.0,5231.0,16.0,47.0,7.0,1373.0,54.0,0
15.0,139.0,262.0,252.0,6.0,515.0,115.0,0
15.0,196.0,79.0,268.0,3.0,925.0,120.0,1
6.0,5565.0,16.0,116.0,7.0,890.0,89.0,1
4.0,665.0,221.0,135.0,3.0,860.0,196.0,1
10.0,2970.0,10.0,80.0,3.0,430.0,80.0,0
1.0,1525.0,154.0,253.0,4.0,1025.0,80.0,0
13.0,946.0,173.0,134.0,1.0,823.0,136.0,0
6.0,5423.0,16.0,19.0,6.0,898.0,59.0,0
12.0,6295.0,134.0,65.0,6.0,1095.0,230.0,0
12.0,6283.0,144.0,154.0,4.0,1251.0,53.0,1
5.0,268.0,183.0,148.0,4.0,885.0,190.0,1
10.0,3288.0,80.0,254.0,6.0,560.0,75.0,1
16.0,2354.0,135.0,251.0,5.0,506.0,138.0,0
12.0,3047.0,84.0,184.0,3.0,835.0,66.0,1
0.0,4371.0,245.0,85.0,1.0,735.0,142.0,0
14.0,2134.0,159.0,35.0,6.0,960.0,74.0,0
14.0,1181.0,213.0,60.0,3.0,720.0,113.0,0
2.0,317.0,227.0,253.0,4.0,1050.0,91.0,0
13.0,856.0,154.0,134.0,4.0,705.0,285.0,1
10.0,4297.0,187.0,208.0,1.0,655.0,55.0,0
13.0,432.0,208.0,60.0,5.0,792.0,114.0,0
14.0,524.0,217.0,236.0,4.0,880.0,110.0,0
0.0,3981.0,197.0,84.0,3.0,935.0,72.0,0
16.0,2539.0,234.0,135.0,4.0,1082.0,200.0,1
14.0,1613.0,96.0,60.0,1.0,390.0,124.0,0
5.0,1922.0,85.0,35.0,5.0,590.0,112.0,1
15.0,2254.0,244.0,153.0,5.0,730.0,180.0,0
1.0,1715.0,208.0,153.0,1.0,785.0,250.0,0
6.0,5356.0,16.0,52.0,6.0,1310.0,51.0,0
16.0,3109.0,41.0,135.0,4.0,810.0,70.0,0
12.0,7006.0,93.0,214.0,1.0,360.0,41.0,1
12.0,6292.0,154.0,194.0,6.0,1126.0,65.0,0
0.0,4380.0,85.0,247.0,3.0,1180.0,65.0,0
4.0,450.0,96.0,18.0,1.0,905.0,258.0,0
3.0,232.0,160.0,261.0,4.0,482.0,103.0,0
15.0,3014.0,154.0,253.0,6.0,545.0,80.0,0
17.0,2816.0,100.0,217.0,1.0,390.0,96.0,0
5.0,1433.0,60.0,16.0,4.0,500.0,83.0,1
15.0,1566.0,172.0,214.0,5.0,900.0,245.0,1
1.0,2417.0,80.0,154.0,1.0,640.0,205.0,1
10.0,4351.0,208.0,166.0,5.0,1170.0,70.0,0
4.0,1432.0,173.0,135.0,6.0,967.0,147.0,1
6.0,5126.0,16.0,19.0,3.0,1152.0,61.0,0
1.0,784.0,80.0,159.0,7.0,1260.0,190.0,0
15.0,2832.0,175.0,129.0,6.0,990.0,170.0,1
15.0,1345.0,162.0,75.0,7.0,575.0,65.0,0
15.0,1753.0,141.0,45.0,3.0,400.0,75.0,0
12.0,6592.0,208.0,19.0,5.0,1200.0,105.0,1
1.0,1181.0,78.0,183.0,1.0,1010.0,170.0,0
5.0,1043.0,54.0,16.0,5.0,700.0,77.0,1
2.0,69.0,151.0,149.0,3.0,1237.0,64.0,0
14.0,1244.0,217.0,78.0,1.0,587.0,251.0,1
16.0,2044.0,135.0,60.0,3.0,1055.0,136.0,0
6.0,5417.0,84.0,16.0,4.0,1060.0,132.0,0
15.0,3341.0,91.0,129.0,5.0,625.0,100.0,1
5.0,1223.0,16.0,241.0,4.0,510.0,110.0,0
1.0,2347.0,208.0,80.0,6.0,1085.0,150.0,1
8.0,507.0,184.0,159.0,5.0,599.0,124.0,1
10.0,3660.0,139.0,183.0,6.0,1105.0,170.0,1
12.0,6466.0,144.0,154.0,5.0,300.0,53.0,0
13.0,895.0,134.0,208.0,7.0,593.0,139.0,0
3.0,1244.0,60.0,35.0,4.0,1075.0,127.0,0
8.0,967.0,7.0,16.0,4.0,360.0,135.0,0
17.0,2680.0,60.0,54.0,5.0,1195.0,63.0,0
15.0,1657.0,75.0,172.0,4.0,625.0,85.0,1
14.0,1809.0,233.0,60.0,7.0,556.0,61.0,0
15.0,1310.0,45.0,228.0,4.0,405.0,70.0,0
5.0,1219.0,85.0,197.0,4.0,575.0,130.0,0
5.0,1411.0,85.0,79.0,6.0,715.0,190.0,0
16.0,2117.0,162.0,135.0,4.0,565.0,84.0,0
10.0,4100.0,285.0,208.0,1.0,420.0,110.0,0
14.0,632.0,44.0,217.0,5.0,410.0,87.0,0
16.0,2606.0,135.0,177.0,5.0,445.0,91.0,1
15.0,563.0,18.0,129.0,4.0,980.0,50.0,1
16.0,2072.0,234.0,135.0,5.0,375.0,199.0,0
15.0,1684.0,214.0,262.0,7.0,855.0,85.0,0
10.0,3355.0,80.0,165.0,1.0,590.0,85.0,1
12.0,6463.0,262.0,154.0,4.0,375.0,95.0,0
13.0,533.0,134.0,79.0,3.0,1311.0,248.0,1
15.0,870.0,18.0,155.0,4.0,655.0,70.0,0
3.0,44.0,148.0,273.0,4.0,455.0,69.0,1
15.0,934.0,153.0,91.0,3.0,1195.0,95.0,1
5.0,2445.0,71.0,153.0,5.0,1230.0,261.0,0
5.0,1610.0,79.0,85.0,3.0,485.0,169.0,0
10.0,3940.0,208.0,157.0,1.0,740.0,85.0,0
17.0,7270.0,208.0,233.0,7.0,986.0,115.0,0
2.0,60.0,149.0,151.0,5.0,440.0,65.0,1
14.0,1748.0,153.0,216.0,3.0,695.0,286.0,0
15.0,2643.0,262.0,154.0,4.0,360.0,80.0,1
16.0,2175.0,33.0,135.0,7.0,375.0,132.0,0
15.0,1166.0,45.0,18.0,3.0,1060.0,235.0,1
16.0,2105.0,135.0,119.0,1.0,770.0,148.0,0
1.0,1096.0,243.0,208.0,7.0,380.0,250.0,1
6.0,7137.0,134.0,47.0,3.0,1045.0,87.0,0
12.0,6944.0,57.0,154.0,3.0,890.0,40.0,0
4.0,1174.0,208.0,96.0,3.0,1100.0,132.0,0
12.0,6273.0,252.0,111.0,7.0,625.0,58.0,0
15.0,1950.0,175.0,228.0,7.0,1230.0,130.0,1
8.0,1595.0,116.0,277.0,3.0,737.0,84.0,0
5.0,2070.0,54.0,16.0,6.0,836.0,80.0,0
14.0,1050.0,60.0,159.0,4.0,480.0,104.0,1
5.0,1956.0,79.0,71.0,1.0,825.0,150.0,0
14.0,1697.0,135.0,60.0,4.0,730.0,145.0,0
9.0,398.0,128.0,150.0,3.0,1175.0,43.0,0
6.0,5387.0,116.0,16.0,5.0,360.0,80.0,0
1.0,1204.0,2.0,80.0,3.0,640.0,100.0,0
12.0,6570.0,79.0,132.0,1.0,628.0,148.0,0
4.0,1724.0,205.0,135.0,4.0,420.0,145.0,0
15.0,162.0,139.0,153.0,3.0,405.0,250.0,1
1.0,1484.0,217.0,80.0,5.0,935.0,140.0,0
17.0,7260.0,12.0,134.0,5.0,1174.0,88.0,0
17.0,2931.0,244.0,217.0,1.0,360.0,146.0,0
17.0,2763.0,217.0,280.0,3.0,876.0,45.0,0
10.0,4368.0,208.0,71.0,3.0,870.0,70.0,1
10.0,3765.0,79.0,208.0,1.0,870.0,150.0,0
10.0,3237.0,121.0,80.0,5.0,700.0,170.0,0
0.0,4088.0,197.0,71.0,6.0,465.0,114.0,1
13.0,569.0,277.0,208.0,5.0,694.0,171.0,0
15.0,190.0,277.0,45.0,7.0,530.0,130.0,0
12.0,7798.0,261.0,64.0,5.0,1304.0,89.0,1
12.0,6397.0,154.0,248.0,1.0,960.0,54.0,0
2.0,614.0,252.0,153.0,6.0,1230.0,143.0,1
14.0,1467.0,216.0,16.0,3.0,700.0,142.0,0
1.0,2026.0,264.0,80.0,7.0,760.0,170.0,0
17.0,7242.0,208.0,247.0,5.0,1310.0,42.0,0
5.0,1761.0,16.0,198.0,6.0,1105.0,105.0,0
10.0,3251.0,80.0,256.0,3.0,1345.0,50.0,0
15.0,546.0,205.0,79.0,5.0,785.0,100.0,1
0.0,4089.0,281.0,85.0,7.0,618.0,67.0,0
14.0,1256.0,147.0,78.0,5.0,870.0,100.0,0
6.0,5201.0,135.0,16.0,3.0,660.0,121.0,1
12.0,6532.0,79.0,44.0,6.0,689.0,153.0,0
12.0,6915.0,208.0,162.0,7.0,835.0,109.0,1
13.0,614.0,208.0,78.0,5.0,785.0,105.0,0
10.0,3610.0,27.0,183.0,4.0,785.0,110.0,0
15.0,3412.0,175.0,173.0,3.0,420.0,160.0,0
10.0,3732.0,197.0,208.0,5.0,920.0,95.0,1
17.0,7278.0,147.0,208.0,1.0,700.0,156.0,0
15.0,1502.0,153.0,214.0,4.0,1265.0,140.0,1
7.0,322.0,184.0,78.0,6.0,871.0,108.0,1
15.0,1502.0,153.0,214.0,3.0,1265.0,140.0,1
16.0,2536.0,16.0,96.0,1.0,600.0,142.0,0
12.0,4558.0,261.0,279.0,3.0,826.0,142.0,1
1.0,392.0,208.0,159.0,4.0,495.0,120.0,0
6.0,5056.0,16.0,251.0,7.0,515.0,93.0,1
1.0,657.0,80.0,2.0,5.0,1320.0,110.0,0
4.0,174.0,128.0,264.0,1.0,840.0,335.0,1
15.0,551.0,175.0,241.0,3.0,645.0,175.0,0
3.0,581.0,130.0,213.0,7.0,860.0,170.0,1
1.0,838.0,277.0,183.0,3.0,1055.0,70.0,0
15.0,896.0,244.0,277.0,5.0,835.0,140.0,1
15.0,682.0,217.0,279.0,7.0,625.0,140.0,0
5.0,1002.0,261.0,148.0,4.0,1425.0,260.0,0
10.0,3638.0,183.0,61.0,6.0,425.0,160.0,0
12.0,6845.0,246.0,253.0,6.0,945.0,80.0,0
6.0,7088.0,237.0,134.0,7.0,1211.0,59.0,0
11.0,6681.0,85.0,21.0,1.0,1040.0,56.0,1
15.0,3919.0,277.0,18.0,3.0,825.0,165.0,1
12.0,4460.0,261.0,46.0,7.0,585.0,80.0,0
10.0,3985.0,208.0,240.0,4.0,505.0,70.0,1
12.0,6277.0,154.0,252.0,5.0,980.0,164.0,1
5.0,1465.0,148.0,253.0,6.0,1035.0,395.0,0
14.0,195.0,217.0,243.0,1.0,680.0,81.0,1
0.0,3865.0,43.0,85.0,1.0,1040.0,75.0,1
10.0,3781.0,162.0,208.0,5.0,350.0,105.0,1
1.0,548.0,208.0,35.0,7.0,775.0,135.0,0
15.0,166.0,217.0,154.0,5.0,715.0,85.0,1
15.0,166.0,2.0,217.0,3.0,615.0,75.0,0
14.0,1047.0,60.0,172.0,5.0,1188.0,151.0,0
15.0,426.0,258.0,154.0,6.0,720.0,70.0,0
15.0,1920.0,104.0,175.0,7.0,900.0,195.0,0
10.0,4018.0,208.0,238.0,1.0,550.0,100.0,1
10.0,4310.0,60.0,208.0,1.0,670.0,125.0,0
3.0,279.0,153.0,160.0,5.0,500.0,65.0,0
5.0,1433.0,60.0,16.0,5.0,500.0,83.0,1
11.0,6444.0,19.0,85.0,7.0,750.0,110.0,0
15.0,862.0,175.0,33.0,3.0,640.0,80.0,0
3.0,735.0,148.0,37.0,5.0,355.0,215.0,0
5.0,2056.0,202.0,261.0,3.0,785.0,100.0,1
15.0,1571.0,111.0,79.0,6.0,445.0,135.0,1
12.0,6544.0,15.0,79.0,5.0,682.0,45.0,1
14.0,29.0,60.0,16.0,4.0,560.0,79.0,0
12.0,4808.0,154.0,253.0,7.0,1094.0,71.0,0
14.0,1840.0,60.0,221.0,1.0,1090.0,88.0,0
12.0,6471.0,2.0,154.0,1.0,360.0,121.0,0
5.0,1569.0,16.0,173.0,5.0,905.0,90.0,1
11.0,6454.0,71.0,78.0,1.0,477.0,88.0,1
2.0,14.0,252.0,96.0,6.0,905.0,307.0,0
2.0,623.0,153.0,214.0,5.0,985.0,143.0,0
16.0,3040.0,135.0,118.0,6.0,865.0,61.0,1
7.0,725.0,79.0,243.0,3.0,1270.0,139.0,1
2.0,307.0,227.0,253.0,5.0,420.0,86.0,1
15.0,636.0,45.0,141.0,7.0,480.0,65.0,0
13.0,215.0,173.0,79.0,7.0,929.0,247.0,0
5.0,1601.0,35.0,16.0,1.0,885.0,174.0,1
12.0,6417.0,154.0,263.0,5.0,621.0,50.0,0
11.0,6606.0,85.0,21.0,5.0,1165.0,56.0,1
1.0,1199.0,173.0,80.0,4.0,1175.0,175.0,1
4.0,129.0,198.0,135.0,5.0,1046.0,72.0,1
1.0,1297.0,80.0,183.0,5.0,345.0,160.0,1
15.0,2958.0,13.0,75.0,5.0,440.0,65.0,0
7.0,727.0,78.0,79.0,4.0,825.0,237.0,0
12.0,6952.0,27.0,208.0,1.0,547.0,128.0,0
6.0,7067.0,182.0,134.0,3.0,486.0,110.0,0
16.0,2771.0,135.0,205.0,1.0,1044.0,129.0,0
15.0,1633.0,153.0,280.0,5.0,385.0,75.0,1
8.0,530.0,16.0,177.0,3.0,1260.0,82.0,1
10.0,3305.0,80.0,158.0,4.0,1170.0,75.0,1
11.0,6379.0,35.0,148.0,6.0,360.0,88.0,0
5.0,2026.0,104.0,16.0,6.0,770.0,118.0,1
15.0,1013.0,79.0,175.0,5.0,1075.0,135.0,1
4.0,1569.0,253.0,135.0,3.0,655.0,224.0,1
15.0,1690.0,154.0,258.0,6.0,410.0,65.0,0
0.0,3780.0,273.0,148.0,7.0,370.0,90.0,0
17.0,7273.0,208.0,244.0,6.0,777.0,176.0,1
14.0,986.0,104.0,78.0,6.0,420.0,145.0,0
15.0,877.0,264.0,253.0,5.0,780.0,85.0,1
4.0,444.0,135.0,208.0,4.0,1138.0,155.0,1
16.0,2675.0,96.0,209.0,3.0,690.0,76.0,0
2.0,512.0,252.0,264.0,6.0,870.0,159.0,0
15.0,460.0,175.0,221.0,5.0,840.0,75.0,0
15.0,944.0,170.0,153.0,4.0,995.0,145.0,1
16.0,2957.0,80.0,135.0,7.0,784.0,67.0,0
14.0,1040.0,45.0,60.0,7.0,535.0,96.0,0
9.0,12.0,128.0,253.0,3.0,830.0,305.0,1
15.0,912.0,79.0,104.0,1.0,720.0,230.0,0
0.0,4247.0,250.0,85.0,7.0,760.0,80.0,0
14.0,656.0,217.0,264.0,3.0,1270.0,80.0,0
3.0,364.0,213.0,159.0,1.0,1059.0,159.0,1
5.0,2434.0,277.0,78.0,4.0,425.0,124.0,0
12.0,7040.0,79.0,110.0,4.0,1160.0,89.0,0
5.0,1913.0,16.0,213.0,5.0,970.0,110.0,1
12.0,6656.0,79.0,33.0,4.0,639.0,150.0,0
13.0,329.0,84.0,79.0,4.0,954.0,125.0,0
4.0,570.0,135.0,253.0,4.0,1060.0,259.0,1
15.0,2422.0,217.0,264.0,6.0,430.0,80.0,0
14.0,662.0,217.0,264.0,1.0,895.0,78.0,0
1.0,496.0,208.0,78.0,5.0,380.0,99.0,0
16.0,2339.0,58.0,117.0,1.0,910.0,83.0,1
4.0,1094.0,154.0,135.0,5.0,30.0,181.0,1
4.0,1849.0,104.0,135.0,4.0,720.0,171.0,1
10.0,3830.0,208.0,135.0,6.0,720.0,165.0,0
4.0,397.0,135.0,153.0,4.0,1065.0,205.0,1
15.0,24.0,27.0,33.0,7.0,915.0,55.0,0
1.0,1696.0,198.0,208.0,1.0,1055.0,150.0,0
3.0,1292.0,221.0,35.0,7.0,565.0,93.0,0
10.0,3390.0,129.0,80.0,1.0,895.0,70.0,1
6.0,4965.0,180.0,16.0,1.0,560.0,55.0,0
15.0,1980.0,79.0,154.0,1.0,805.0,155.0,0
7.0,217.0,18.0,79.0,3.0,880.0,130.0,0
15.0,2397.0,172.0,75.0,4.0,685.0,95.0,1
15.0,2982.0,85.0,45.0,5.0,885.0,85.0,1
14.0,1444.0,147.0,60.0,1.0,645.0,83.0,0
7.0,367.0,184.0,79.0,1.0,640.0,155.0,0
14.0,1567.0,60.0,198.0,5.0,565.0,123.0,0
13.0,367.0,135.0,79.0,4.0,695.0,156.0,0
0.0,3771.0,16.0,251.0,3.0,965.0,84.0,1
1.0,309.0,208.0,217.0,3.0,640.0,230.0,1
3.0,1404.0,253.0,18.0,1.0,960.0,201.0,0
4.0,421.0,135.0,258.0,6.0,1105.0,256.0,1
15.0,3405.0,236.0,153.0,5.0,755.0,80.0,1
15.0,1361.0,91.0,153.0,7.0,805.0,115.0,0
13.0,243.0,197.0,79.0,1.0,373.0,139.0,0
14.0,88.0,16.0,217.0,1.0,465.0,269.0,0
13.0,723.0,79.0,258.0,4.0,1166.0,165.0,1
6.0,7129.0,42.0,134.0,5.0,1152.0,101.0,0
5.0,1043.0,54.0,16.0,7.0,700.0,77.0,0
5.0,2105.0,277.0,197.0,1.0,480.0,207.0,0
13.0,653.0,208.0,228.0,4.0,1145.0,138.0,0
15.0,2291.0,153.0,236.0,3.0,480.0,75.0,0
1.0,546.0,80.0,183.0,6.0,1185.0,160.0,1
13.0,244.0,79.0,208.0,3.0,626.0,143.0,0
15.0,961.0,202.0,129.0,5.0,735.0,220.0,1
16.0,2840.0,135.0,223.0,3.0,985.0,86.0,0
14.0,722.0,208.0,216.0,7.0,960.0,123.0,0
15.0,160.0,79.0,262.0,3.0,705.0,160.0,0
15.0,894.0,277.0,209.0,7.0,700.0,115.0,0
4.0,1800.0,104.0,96.0,7.0,1050.0,177.0,1
3.0,1235.0,35.0,233.0,1.0,365.0,125.0,0
14.0,1558.0,217.0,60.0,3.0,15.0,222.0,1
8.0,56.0,154.0,16.0,6.0,717.0,238.0,1
9.0,7.0,153.0,128.0,3.0,540.0,385.0,1
8.0,424.0,16.0,223.0,4.0,1045.0,70.0,0
8.0,258.0,106.0,16.0,3.0,767.0,125.0,1
15.0,1001.0,198.0,104.0,4.0,1110.0,105.0,1
15.0,1989.0,45.0,217.0,6.0,1000.0,320.0,1
3.0,1275.0,35.0,173.0,6.0,420.0,194.0,0
16.0,2714.0,45.0,96.0,3.0,1005.0,85.0,0
15.0,2370.0,27.0,33.0,6.0,970.0,55.0,0
10.0,4694.0,148.0,233.0,7.0,730.0,105.0,0
12.0,6443.0,208.0,204.0,1.0,496.0,130.0,0
15.0,430.0,27.0,198.0,3.0,1030.0,70.0,1
15.0,2311.0,252.0,202.0,6.0,800.0,125.0,1
2.0,638.0,252.0,217.0,3.0,935.0,178.0,0
15.0,3763.0,45.0,12.0,5.0,1080.0,70.0,1
14.0,221.0,236.0,217.0,4.0,590.0,101.0,0
1.0,578.0,80.0,244.0,5.0,895.0,65.0,1
10.0,4069.0,32.0,208.0,6.0,390.0,50.0,1
13.0,168.0,258.0,79.0,5.0,884.0,153.0,1
17.0,2830.0,60.0,58.0,4.0,1329.0,95.0,0
14.0,250.0,217.0,216.0,7.0,595.0,278.0,1
14.0,1746.0,173.0,216.0,1.0,475.0,142.0,1
5.0,1050.0,177.0,16.0,7.0,855.0,85.0,0
15.0,1486.0,204.0,217.0,4.0,1005.0,150.0,0
2.0,48.0,9.0,14.0,3.0,515.0,54.0,0
15.0,1041.0,244.0,153.0,7.0,905.0,175.0,0
14.0,975.0,60.0,233.0,4.0,875.0,50.0,0
15.0,2985.0,153.0,154.0,6.0,460.0,65.0,1
10.0,3038.0,246.0,154.0,7.0,525.0,50.0,0
4.0,422.0,198.0,135.0,6.0,565.0,71.0,0
4.0,1146.0,96.0,16.0,3.0,965.0,164.0,1
5.0,2925.0,197.0,264.0,5.0,1045.0,237.0,1
14.0,614.0,217.0,16.0,3.0,960.0,212.0,0
5.0,1105.0,261.0,128.0,7.0,700.0,428.0,0
3.0,137.0,148.0,241.0,7.0,926.0,198.0,0
5.0,1040.0,65.0,16.0,4.0,400.0,169.0,0
5.0,1877.0,16.0,223.0,4.0,1233.0,81.0,0
17.0,2652.0,60.0,162.0,4.0,880.0,131.0,0
5.0,1521.0,85.0,277.0,1.0,1040.0,158.0,0
3.0,1795.0,78.0,104.0,1.0,470.0,151.0,0
10.0,3659.0,183.0,120.0,5.0,1185.0,125.0,0
15.0,861.0,35.0,216.0,4.0,800.0,100.0,0
11.0,6606.0,85.0,21.0,6.0,1165.0,56.0,0
17.0,2725.0,91.0,217.0,5.0,1110.0,91.0,0
13.0,9.0,45.0,79.0,7.0,1121.0,245.0,0
6.0,5141.0,94.0,16.0,3.0,360.0,80.0,0
1.0,1843.0,35.0,208.0,4.0,360.0,175.0,0
13.0,756.0,79.0,135.0,7.0,605.0,150.0,0
16.0,2457.0,96.0,234.0,3.0,502.0,94.0,1
13.0,324.0,154.0,134.0,4.0,511.0,289.0,1
4.0,1578.0,244.0,135.0,6.0,820.0,57.0,0
5.0,465.0,85.0,261.0,6.0,725.0,244.0,0
15.0,1346.0,91.0,154.0,6.0,580.0,130.0,0
12.0,4602.0,102.0,261.0,5.0,1020.0,95.0,0
13.0,198.0,253.0,134.0,4.0,1360.0,311.0,0
10.0,2924.0,41.0,80.0,1.0,725.0,90.0,0
10.0,3924.0,279.0,208.0,4.0,1195.0,110.0,0
5.0,1048.0,85.0,233.0,3.0,1050.0,105.0,0
0.0,4005.0,279.0,16.0,5.0,1060.0,129.0,0
6.0,5283.0,275.0,16.0,5.0,755.0,74.0,0
7.0,619.0,139.0,79.0,5.0,988.0,167.0,0
6.0,5501.0,287.0,16.0,5.0,345.0,62.0,0
16.0,3018.0,85.0,96.0,3.0,570.0,100.0,0
1.0,1221.0,173.0,208.0,4.0,1140.0,175.0,1
13.0,42.0,128.0,79.0,3.0,1380.0,423.0,1
15.0,1727.0,141.0,104.0,7.0,650.0,185.0,0
4.0,519.0,277.0,96.0,7.0,757.0,160.0,0
4.0,421.0,135.0,258.0,4.0,1050.0,255.0,1
1.0,823.0,80.0,280.0,4.0,1015.0,140.0,0
15.0,654.0,173.0,61.0,1.0,515.0,135.0,1
1.0,720.0,80.0,159.0,5.0,665.0,195.0,0
16.0,2412.0,135.0,204.0,3.0,1175.0,88.0,1
15.0,941.0,104.0,141.0,5.0,550.0,165.0,0
5.0,1617.0,54.0,16.0,1.0,445.0,80.0,0
13.0,99.0,134.0,277.0,5.0,500.0,148.0,0
5.0,2952.0,277.0,159.0,1.0,420.0,159.0,0
5.0,2450.0,16.0,139.0,5.0,597.0,105.0,0
10.0,3381.0,80.0,146.0,7.0,475.0,80.0,0
0.0,3729.0,85.0,121.0,3.0,1170.0,104.0,1
4.0,1568.0,135.0,172.0,3.0,1137.0,123.0,1
1.0,1775.0,241.0,80.0,7.0,475.0,185.0,1
5.0,2348.0,27.0,16.0,1.0,480.0,67.0,0
15.0,655.0,261.0,153.0,3.0,570.0,85.0,1
1.0,773.0,241.0,208.0,5.0,690.0,185.0,0
7.0,608.0,79.0,139.0,7.0,895.0,139.0,1
1.0,1538.0,80.0,18.0,6.0,1160.0,55.0,0
1.0,349.0,80.0,264.0,5.0,1160.0,195.0,0
10.0,3020.0,100.0,154.0,1.0,555.0,65.0,0
15.0,843.0,45.0,268.0,5.0,650.0,145.0,1
4.0,678.0,244.0,135.0,6.0,965.0,53.0,0
15.0,1173.0,153.0,217.0,1.0,805.0,70.0,1
1.0,123.0,80.0,128.0,7.0,670.0,525.0,0
16.0,2388.0,65.0,135.0,4.0,510.0,134.0,1
15.0,675.0,175.0,217.0,1.0,810.0,240.0,1
15.0,1775.0,216.0,228.0,1.0,965.0,70.0,0
5.0,1593.0,85.0,139.0,1.0,830.0,72.0,1
13.0,815.0,205.0,79.0,5.0,1168.0,107.0,0
14.0,522.0,217.0,236.0,1.0,665.0,113.0,0
12.0,4721.0,204.0,261.0,1.0,1055.0,144.0,0
15.0,506.0,264.0,258.0,3.0,1110.0,75.0,1
15.0,1070.0,33.0,268.0,3.0,495.0,70.0,0
14.0,1616.0,60.0,96.0,5.0,590.0,115.0,1
6.0,5371.0,275.0,16.0,5.0,699.0,74.0,1
5.0,1597.0,216.0,197.0,7.0,370.0,180.0,0
1.0,1707.0,153.0,154.0,4.0,985.0,70.0,0
13.0,491.0,204.0,79.0,7.0,388.0,110.0,0
2.0,632.0,252.0,217.0,7.0,450.0,170.0,0
1.0,1462.0,172.0,208.0,5.0,385.0,95.0,0
15.0,442.0,253.0,175.0,7.0,795.0,255.0,1
15.0,411.0,79.0,18.0,4.0,1195.0,125.0,0
4.0,624.0,58.0,96.0,7.0,1170.0,94.0,0
14.0,758.0,208.0,216.0,7.0,710.0,114.0,0
14.0,1135.0,228.0,216.0,4.0,930.0,99.0,0
12.0,6978.0,80.0,208.0,7.0,1242.0,134.0,0
5.0,2398.0,241.0,197.0,1.0,940.0,221.0,0
13.0,329.0,79.0,217.0,4.0,1154.0,119.0,0
14.0,728.0,80.0,216.0,5.0,915.0,185.0,0
15.0,1753.0,147.0,104.0,4.0,665.0,70.0,1
14.0,742.0,104.0,216.0,1.0,840.0,164.0,0
0.0,4094.0,221.0,197.0,3.0,538.0,162.0,1
5.0,2199.0,177.0,173.0,7.0,1145.0,121.0,1
15.0,3047.0,264.0,153.0,1.0,915.0,65.0,1
12.0,6660.0,65.0,154.0,6.0,691.0,149.0,1
10.0,4488.0,69.0,159.0,5.0,395.0,100.0,1
15.0,857.0,141.0,173.0,1.0,805.0,170.0,1
6.0,5051.0,27.0,16.0,4.0,780.0,75.0,0
5.0,2078.0,18.0,85.0,3.0,525.0,174.0,1
13.0,73.0,243.0,253.0,5.0,382.0,103.0,0
6.0,5128.0,16.0,180.0,3.0,840.0,59.0,1
5.0,1561.0,216.0,16.0,4.0,840.0,147.0,0
2.0,864.0,203.0,214.0,7.0,780.0,310.0,1
15.0,2125.0,75.0,27.0,6.0,515.0,90.0,1
6.0,7349.0,204.0,177.0,4.0,375.0,93.0,0
12.0,6486.0,67.0,79.0,4.0,1021.0,55.0,0
17.0,1012.0,128.0,203.0,4.0,655.0,35.0,0
10.0,3241.0,162.0,80.0,5.0,1025.0,80.0,1
15.0,118.0,207.0,217.0,1.0,600.0,65.0,1
2.0,18.0,252.0,173.0,3.0,525.0,322.0,1
10.0,3840.0,208.0,16.0,7.0,855.0,120.0,1
10.0,4348.0,290.0,208.0,6.0,675.0,105.0,1
3.0,1005.0,35.0,148.0,7.0,441.0,75.0,0
12.0,7021.0,153.0,154.0,5.0,1075.0,80.0,0
5.0,2031.0,197.0,173.0,7.0,915.0,188.0,1
13.0,558.0,79.0,277.0,1.0,759.0,203.0,1
15.0,1385.0,44.0,153.0,4.0,770.0,60.0,1
5.0,2273.0,16.0,183.0,4.0,1315.0,117.0,1
15.0,912.0,79.0,104.0,3.0,720.0,230.0,0
1.0,321.0,159.0,208.0,3.0,665.0,160.0,0
12.0,6870.0,127.0,79.0,4.0,453.0,113.0,0
0.0,3682.0,82.0,85.0,6.0,814.0,111.0,0
1.0,2057.0,208.0,260.0,1.0,495.0,270.0,1
2.0,508.0,252.0,264.0,7.0,750.0,162.0,0
14.0,1988.0,241.0,60.0,1.0,630.0,112.0,0
15.0,812.0,45.0,228.0,1.0,465.0,70.0,0
12.0,6327.0,154.0,243.0,3.0,731.0,48.0,0
13.0,943.0,208.0,154.0,7.0,1045.0,269.0,1
5.0,1655.0,16.0,154.0,3.0,575.0,305.0,0
10.0,3776.0,198.0,208.0,3.0,450.0,145.0,0
16.0,2182.0,65.0,135.0,7.0,845.0,129.0,0
11.0,6769.0,120.0,16.0,1.0,495.0,108.0,0
8.0,93.0,16.0,233.0,4.0,1095.0,80.0,0
11.0,6517.0,139.0,159.0,1.0,705.0,122.0,0
11.0,6567.0,58.0,85.0,3.0,802.0,58.0,0
10.0,4370.0,208.0,181.0,6.0,1140.0,110.0,1
10.0,4348.0,290.0,208.0,5.0,675.0,105.0,0
15.0,47.0,79.0,204.0,5.0,825.0,85.0,0
8.0,56.0,154.0,16.0,5.0,770.0,250.0,0
15.0,2113.0,216.0,35.0,4.0,490.0,90.0,0
14.0,9.0,217.0,208.0,7.0,1175.0,194.0,0
5.0,2852.0,74.0,16.0,7.0,1080.0,99.0,0
16.0,2388.0,65.0,135.0,3.0,510.0,134.0,0
10.0,4287.0,208.0,61.0,1.0,1095.0,75.0,1
4.0,1706.0,18.0,135.0,5.0,952.0,68.0,1
2.0,458.0,252.0,154.0,7.0,540.0,154.0,0
15.0,1013.0,214.0,217.0,1.0,395.0,155.0,0
14.0,2137.0,35.0,159.0,1.0,1020.0,79.0,0
12.0,6971.0,79.0,280.0,3.0,842.0,118.0,0
1.0,1610.0,268.0,208.0,5.0,525.0,75.0,0
1.0,1221.0,173.0,208.0,3.0,1140.0,175.0,0
17.0,1037.0,128.0,161.0,1.0,830.0,37.0,0
1.0,1279.0,80.0,217.0,6.0,790.0,160.0,0
1.0,133.0,148.0,154.0,1.0,930.0,390.0,1
3.0,154.0,173.0,148.0,4.0,745.0,152.0,0
5.0,2916.0,18.0,197.0,5.0,1065.0,161.0,1
12.0,4859.0,290.0,197.0,3.0,1100.0,104.0,0
3.0,312.0,104.0,134.0,4.0,930.0,146.0,1
5.0,1891.0,16.0,277.0,6.0,529.0,97.0,1
6.0,5602.0,19.0,16.0,6.0,991.0,65.0,0
5.0,2554.0,253.0,85.0,3.0,1365.0,272.0,1
11.0,6504.0,58.0,85.0,4.0,1067.0,58.0,0
15.0,3833.0,279.0,217.0,3.0,1045.0,165.0,1
5.0,1840.0,161.0,154.0,3.0,1291.0,325.0,0
1.0,201.0,148.0,154.0,5.0,390.0,385.0,0
3.0,616.0,147.0,148.0,3.0,1029.0,140.0,0
5.0,2912.0,16.0,208.0,3.0,1041.0,134.0,1
3.0,67.0,43.0,148.0,4.0,841.0,87.0,1
1.0,1036.0,183.0,45.0,1.0,730.0,150.0,1
4.0,659.0,78.0,135.0,4.0,480.0,208.0,1
0.0,3790.0,204.0,16.0,4.0,1065.0,130.0,0
13.0,850.0,208.0,221.0,6.0,1200.0,91.0,0
5.0,2895.0,173.0,148.0,5.0,540.0,155.0,0
10.0,2791.0,80.0,116.0,7.0,535.0,90.0,0
0.0,3856.0,177.0,58.0,4.0,1139.0,122.0,0
14.0,1749.0,208.0,216.0,4.0,580.0,115.0,0
5.0,125.0,16.0,154.0,7.0,960.0,306.0,1
14.0,1584.0,60.0,228.0,6.0,470.0,115.0,0
15.0,1497.0,45.0,43.0,1.0,935.0,70.0,1
16.0,2944.0,135.0,177.0,7.0,960.0,93.0,0
4.0,1103.0,208.0,96.0,5.0,720.0,128.0,1
5.0,1699.0,221.0,16.0,1.0,802.0,123.0,1
1.0,1488.0,79.0,183.0,6.0,1435.0,220.0,1
16.0,2167.0,135.0,280.0,4.0,583.0,158.0,1
4.0,222.0,198.0,135.0,4.0,325.0,70.0,0
5.0,2611.0,16.0,80.0,1.0,505.0,160.0,0
15.0,1099.0,268.0,251.0,7.0,1080.0,55.0,1
5.0,1755.0,16.0,154.0,5.0,665.0,305.0,0
15.0,1381.0,243.0,202.0,3.0,1235.0,85.0,1
15.0,1657.0,261.0,153.0,4.0,935.0,80.0,1
12.0,4724.0,160.0,261.0,1.0,1089.0,111.0,0
13.0,944.0,154.0,208.0,1.0,424.0,241.0,1
16.0,2374.0,75.0,135.0,3.0,780.0,65.0,0
5.0,1022.0,16.0,85.0,3.0,1143.0,123.0,1
9.0,207.0,150.0,128.0,7.0,729.0,42.0,0
15.0,184.0,104.0,216.0,5.0,1150.0,165.0,0
12.0,4748.0,261.0,40.0,3.0,1296.0,79.0,0
13.0,833.0,34.0,79.0,4.0,445.0,110.0,0
10.0,3710.0,208.0,290.0,3.0,1055.0,105.0,0
0.0,3919.0,85.0,92.0,6.0,830.0,61.0,1
5.0,80.0,173.0,148.0,3.0,723.0,155.0,1
7.0,371.0,184.0,79.0,1.0,865.0,155.0,1
13.0,720.0,253.0,79.0,6.0,893.0,150.0,0
13.0,229.0,134.0,243.0,7.0,497.0,337.0,0
16.0,3054.0,85.0,96.0,5.0,927.0,117.0,0
5.0,2629.0,16.0,252.0,7.0,500.0,331.0,0
5.0,377.0,22.0,85.0,6.0,355.0,130.0,0
5.0,2184.0,261.0,71.0,3.0,600.0,203.0,0
13.0,717.0,79.0,153.0,5.0,950.0,121.0,0
12.0,6507.0,79.0,258.0,3.0,914.0,156.0,1
9.0,279.0,150.0,203.0,1.0,849.0,31.0,0
13.0,28.0,208.0,264.0,6.0,759.0,272.0,1
16.0,2493.0,135.0,136.0,3.0,1285.0,96.0,0
15.0,578.0,154.0,280.0,7.0,1155.0,75.0,1
10.0,3365.0,155.0,80.0,1.0,630.0,65.0,0
15.0,987.0,175.0,79.0,1.0,595.0,165.0,0
15.0,1434.0,268.0,129.0,5.0,980.0,135.0,1
14.0,230.0,217.0,85.0,4.0,810.0,228.0,0
15.0,2580.0,258.0,252.0,6.0,485.0,130.0,0
7.0,511.0,79.0,252.0,5.0,1270.0,174.0,0
3.0,37.0,148.0,277.0,7.0,470.0,176.0,0
4.0,1881.0,96.0,252.0,7.0,1125.0,370.0,1
5.0,1853.0,16.0,116.0,7.0,965.0,84.0,0
5.0,1645.0,78.0,85.0,3.0,588.0,99.0,1
5.0,1399.0,35.0,159.0,5.0,1170.0,73.0,0
8.0,116.0,277.0,16.0,7.0,850.0,94.0,0
5.0,2276.0,173.0,159.0,3.0,420.0,150.0,1
1.0,1074.0,205.0,80.0,5.0,675.0,115.0,0
11.0,6295.0,71.0,251.0,1.0,675.0,53.0,0
12.0,7806.0,64.0,261.0,1.0,776.0,89.0,0
5.0,1516.0,79.0,16.0,6.0,375.0,170.0,0
13.0,240.0,134.0,243.0,3.0,1080.0,342.0,1
0.0,4263.0,71.0,172.0,1.0,565.0,120.0,1
12.0,6903.0,285.0,208.0,5.0,918.0,107.0,0
16.0,2036.0,139.0,96.0,3.0,985.0,120.0,0
5.0,155.0,148.0,104.0,5.0,930.0,205.0,0
0.0,4043.0,177.0,87.0,1.0,870.0,85.0,0
16.0,2432.0,135.0,213.0,1.0,490.0,144.0,0
5.0,2206.0,16.0,60.0,3.0,1230.0,77.0,1
10.0,4162.0,208.0,234.0,1.0,780.0,115.0,0
5.0,1086.0,177.0,16.0,4.0,555.0,84.0,1
15.0,1255.0,217.0,153.0,1.0,915.0,70.0,0
6.0,5231.0,16.0,47.0,6.0,1300.0,59.0,0
15.0,1136.0,154.0,253.0,3.0,455.0,80.0,0
2.0,524.0,252.0,44.0,5.0,1167.0,147.0,0
8.0,675.0,184.0,173.0,1.0,925.0,164.0,0
15.0,578.0,262.0,154.0,3.0,1050.0,80.0,1
7.0,294.0,79.0,268.0,4.0,640.0,121.0,0
15.0,521.0,18.0,75.0,3.0,570.0,55.0,0
15.0,1739.0,153.0,45.0,4.0,580.0,275.0,1
5.0,1464.0,197.0,78.0,6.0,445.0,147.0,0
15.0,3743.0,35.0,268.0,5.0,450.0,195.0,1
12.0,4602.0,261.0,102.0,3.0,870.0,102.0,0
17.0,1018.0,128.0,203.0,7.0,1185.0,35.0,0
0.0,3703.0,119.0,197.0,5.0,810.0,96.0,0
14.0,14.0,217.0,148.0,3.0,805.0,286.0,1
15.0,317.0,153.0,217.0,4.0,725.0,70.0,0
5.0,1491.0,16.0,244.0,1.0,1068.0,165.0,1
9.0,175.0,203.0,128.0,3.0,545.0,34.0,0
1.0,1335.0,78.0,80.0,3.0,440.0,215.0,0
4.0,194.0,154.0,135.0,6.0,405.0,192.0,0
15.0,1546.0,153.0,233.0,4.0,625.0,265.0,1
10.0,4591.0,159.0,197.0,3.0,660.0,180.0,1
6.0,5531.0,200.0,16.0,3.0,505.0,92.0,0
7.0,531.0,79.0,175.0,4.0,700.0,135.0,0
2.0,530.0,252.0,207.0,5.0,430.0,147.0,0
14.0,287.0,208.0,217.0,6.0,840.0,227.0,1
6.0,5248.0,16.0,200.0,5.0,735.0,70.0,0
5.0,2182.0,264.0,197.0,1.0,875.0,214.0,0
5.0,2013.0,148.0,71.0,4.0,1060.0,149.0,0
5.0,2420.0,198.0,16.0,7.0,450.0,100.0,0
12.0,7776.0,235.0,261.0,5.0,913.0,67.0,0
14.0,17.0,148.0,217.0,3.0,990.0,340.0,0
0.0,3792.0,85.0,171.0,7.0,830.0,46.0,0
16.0,2352.0,205.0,135.0,1.0,656.0,140.0,1
16.0,3034.0,65.0,135.0,4.0,660.0,129.0,1
12.0,7765.0,261.0,220.0,6.0,660.0,60.0,0
16.0,2197.0,58.0,195.0,4.0,1035.0,92.0,0
1.0,1380.0,80.0,139.0,4.0,950.0,120.0,1
17.0,2763.0,217.0,280.0,1.0,876.0,45.0,0
5.0,1825.0,45.0,16.0,3.0,510.0,120.0,1
6.0,5408.0,85.0,273.0,5.0,1310.0,79.0,1
14.0,2125.0,35.0,159.0,1.0,660.0,74.0,0
13.0,642.0,148.0,253.0,6.0,668.0,401.0,0
5.0,1294.0,16.0,233.0,1.0,515.0,95.0,0
1.0,1919.0,16.0,80.0,6.0,1000.0,150.0,0
15.0,2012.0,258.0,44.0,3.0,700.0,60.0,1
15.0,956.0,43.0,175.0,4.0,1055.0,115.0,1
4.0,1854.0,96.0,213.0,1.0,955.0,182.0,0
15.0,949.0,173.0,79.0,3.0,535.0,255.0,1
15.0,546.0,205.0,79.0,3.0,785.0,100.0,1
14.0,57.0,217.0,197.0,3.0,585.0,189.0,0
5.0,246.0,154.0,148.0,4.0,390.0,320.0,1
1.0,1602.0,91.0,80.0,5.0,360.0,100.0,0
1.0,446.0,80.0,216.0,7.0,695.0,190.0,0
5.0,1566.0,116.0,16.0,3.0,1029.0,91.0,0
3.0,1001.0,35.0,148.0,4.0,360.0,71.0,0
10.0,3764.0,208.0,216.0,6.0,730.0,120.0,0
5.0,1672.0,277.0,16.0,4.0,435.0,102.0,0
6.0,5332.0,146.0,16.0,5.0,1025.0,89.0,0
12.0,4682.0,258.0,261.0,3.0,370.0,112.0,0
12.0,6395.0,16.0,208.0,4.0,936.0,129.0,1
3.0,119.0,148.0,198.0,7.0,889.0,213.0,1
1.0,1399.0,79.0,208.0,5.0,395.0,155.0,0
12.0,7812.0,235.0,110.0,4.0,1259.0,70.0,0
14.0,1826.0,216.0,182.0,7.0,1265.0,78.0,0
10.0,4172.0,148.0,58.0,5.0,895.0,115.0,0
8.0,996.0,35.0,184.0,5.0,408.0,162.0,0
10.0,2965.0,165.0,80.0,6.0,460.0,85.0,0
12.0,7012.0,208.0,184.0,7.0,1035.0,42.0,0
10.0,3294.0,146.0,80.0,5.0,870.0,95.0,0
3.0,68.0,104.0,148.0,1.0,360.0,160.0,0
16.0,3040.0,135.0,27.0,5.0,515.0,90.0,0
16.0,2530.0,120.0,96.0,6.0,905.0,102.0,1
1.0,2043.0,172.0,80.0,5.0,475.0,110.0,0
5.0,1702.0,153.0,16.0,4.0,415.0,225.0,0
6.0,5260.0,53.0,16.0,4.0,727.0,107.0,0
5.0,2943.0,96.0,16.0,6.0,765.0,149.0,0
6.0,7354.0,10.0,16.0,5.0,430.0,114.0,0
5.0,2317.0,85.0,153.0,4.0,715.0,272.0,0
8.0,908.0,16.0,215.0,1.0,817.0,86.0,0
4.0,93.0,253.0,135.0,5.0,745.0,225.0,0
5.0,1577.0,261.0,16.0,5.0,838.0,222.0,1
10.0,4330.0,208.0,71.0,3.0,800.0,75.0,1
10.0,4278.0,62.0,208.0,7.0,380.0,55.0,1
8.0,371.0,159.0,16.0,4.0,1060.0,156.0,0
15.0,818.0,277.0,79.0,3.0,1055.0,250.0,1
15.0,662.0,277.0,251.0,6.0,725.0,130.0,0
5.0,183.0,148.0,252.0,1.0,450.0,380.0,0
0.0,4208.0,85.0,229.0,4.0,1065.0,117.0,1
0.0,4233.0,177.0,71.0,5.0,505.0,85.0,0
2.0,317.0,253.0,252.0,3.0,1185.0,126.0,0
15.0,2010.0,79.0,258.0,3.0,1175.0,165.0,1
15.0,1365.0,153.0,154.0,6.0,795.0,65.0,1
12.0,6845.0,246.0,253.0,7.0,959.0,80.0,1
5.0,1676.0,119.0,85.0,1.0,930.0,56.0,0
5.0,1836.0,85.0,45.0,5.0,945.0,104.0,0
1.0,1425.0,208.0,264.0,1.0,500.0,265.0,1
0.0,3946.0,177.0,87.0,6.0,570.0,85.0,0
12.0,6968.0,34.0,79.0,5.0,606.0,108.0,0
5.0,2101.0,16.0,280.0,4.0,1193.0,252.0,0
6.0,5278.0,27.0,16.0,3.0,900.0,64.0,1
6.0,5127.0,101.0,16.0,1.0,635.0,89.0,0
1.0,389.0,80.0,2.0,3.0,1055.0,110.0,0
12.0,6455.0,154.0,292.0,6.0,567.0,70.0,1
8.0,186.0,16.0,78.0,5.0,615.0,105.0,0
12.0,7019.0,179.0,214.0,6.0,1011.0,62.0,0
7.0,834.0,79.0,85.0,7.0,1150.0,162.0,0
1.0,1923.0,253.0,154.0,6.0,755.0,85.0,0
17.0,2845.0,91.0,217.0,6.0,510.0,99.0,1
4.0,769.0,153.0,96.0,4.0,480.0,287.0,1
15.0,35.0,162.0,75.0,1.0,805.0,65.0,0
5.0,61.0,148.0,16.0,4.0,1005.0,170.0,0
12.0,4664.0,112.0,197.0,4.0,890.0,80.0,0
4.0,191.0,183.0,135.0,4.0,535.0,164.0,0
4.0,297.0,135.0,153.0,1.0,650.0,203.0,1
16.0,2726.0,16.0,96.0,1.0,480.0,123.0,0
6.0,5306.0,16.0,247.0,5.0,905.0,111.0,0
5.0,1297.0,148.0,16.0,6.0,360.0,168.0,0
4.0,359.0,78.0,135.0,1.0,1055.0,207.0,0
14.0,1983.0,60.0,16.0,6.0,480.0,90.0,0
5.0,1973.0,16.0,183.0,3.0,1160.0,124.0,1
5.0,1719.0,85.0,154.0,6.0,730.0,305.0,0
15.0,1049.0,153.0,264.0,6.0,1185.0,65.0,1
12.0,6944.0,154.0,57.0,3.0,825.0,41.0,0
3.0,680.0,78.0,35.0,1.0,600.0,80.0,1
0.0,4306.0,85.0,250.0,5.0,880.0,76.0,1
1.0,2463.0,208.0,172.0,5.0,490.0,90.0,0
16.0,2208.0,172.0,96.0,4.0,380.0,157.0,0
16.0,5987.0,20.0,208.0,7.0,1051.0,144.0,1
4.0,627.0,45.0,135.0,4.0,480.0,200.0,0
12.0,6991.0,208.0,65.0,5.0,715.0,154.0,1
6.0,5489.0,16.0,115.0,4.0,776.0,69.0,0
17.0,2986.0,217.0,244.0,4.0,959.0,122.0,0
3.0,607.0,229.0,148.0,4.0,695.0,74.0,1
5.0,2632.0,261.0,145.0,7.0,684.0,65.0,0
17.0,7256.0,134.0,139.0,7.0,735.0,104.0,0
15.0,1686.0,104.0,277.0,5.0,1075.0,60.0,1
16.0,2376.0,135.0,136.0,7.0,1095.0,101.0,0
4.0,1774.0,16.0,135.0,3.0,905.0,135.0,0
6.0,5330.0,132.0,16.0,6.0,860.0,73.0,0
14.0,1741.0,78.0,277.0,7.0,905.0,143.0,0
10.0,2978.0,146.0,80.0,6.0,750.0,90.0,0
1.0,753.0,159.0,80.0,1.0,860.0,245.0,1
14.0,1431.0,60.0,154.0,4.0,465.0,322.0,0
2.0,451.0,154.0,252.0,3.0,495.0,170.0,0
15.0,639.0,79.0,13.0,6.0,840.0,70.0,1
5.0,1153.0,16.0,213.0,1.0,500.0,107.0,0
10.0,3768.0,96.0,208.0,3.0,360.0,165.0,0
12.0,6956.0,236.0,79.0,5.0,890.0,134.0,0
5.0,2451.0,16.0,251.0,3.0,1305.0,87.0,1
5.0,1996.0,197.0,159.0,7.0,420.0,175.0,0
8.0,517.0,16.0,61.0,7.0,610.0,96.0,0
12.0,6230.0,93.0,214.0,7.0,727.0,40.0,1
1.0,1367.0,132.0,80.0,4.0,1025.0,130.0,0
15.0,2349.0,175.0,202.0,7.0,530.0,300.0,1
5.0,2477.0,197.0,154.0,5.0,875.0,232.0,0
15.0,387.0,79.0,197.0,6.0,840.0,120.0,0
8.0,95.0,16.0,233.0,6.0,535.0,75.0,0
5.0,2037.0,45.0,85.0,5.0,765.0,95.0,0
12.0,6270.0,17.0,208.0,6.0,361.0,55.0,1
3.0,383.0,159.0,104.0,3.0,1305.0,170.0,1
14.0,1430.0,147.0,60.0,5.0,1035.0,79.0,0
8.0,467.0,45.0,16.0,7.0,854.0,119.0,0
15.0,2277.0,129.0,79.0,6.0,450.0,155.0,0
0.0,3863.0,147.0,177.0,7.0,465.0,120.0,0
6.0,5484.0,16.0,285.0,4.0,605.0,67.0,0
14.0,1428.0,173.0,60.0,4.0,420.0,98.0,0
15.0,1648.0,202.0,264.0,6.0,390.0,85.0,0
12.0,6970.0,262.0,253.0,3.0,1022.0,43.0,0
6.0,7112.0,148.0,134.0,5.0,862.0,92.0,0
1.0,2256.0,264.0,80.0,1.0,800.0,170.0,0
14.0,2035.0,35.0,78.0,4.0,780.0,91.0,0
12.0,6869.0,79.0,114.0,4.0,1224.0,53.0,1
8.0,67.0,134.0,16.0,4.0,884.0,115.0,0
10.0,3339.0,80.0,10.0,3.0,920.0,65.0,0
4.0,410.0,135.0,96.0,5.0,1245.0,200.0,0
8.0,954.0,45.0,104.0,5.0,525.0,160.0,0
5.0,1648.0,183.0,177.0,6.0,745.0,157.0,0
3.0,402.0,198.0,35.0,6.0,879.0,189.0,0
1.0,1218.0,214.0,80.0,1.0,510.0,225.0,0
0.0,3899.0,85.0,94.0,3.0,1190.0,93.0,1
12.0,4571.0,261.0,100.0,4.0,915.0,95.0,0
8.0,113.0,16.0,80.0,5.0,901.0,146.0,0
5.0,2544.0,262.0,197.0,5.0,725.0,218.0,1
17.0,2705.0,96.0,60.0,4.0,925.0,120.0,0
0.0,4229.0,148.0,209.0,7.0,495.0,102.0,1
10.0,4579.0,159.0,60.0,4.0,945.0,125.0,1
15.0,2102.0,153.0,258.0,1.0,385.0,85.0,1
8.0,964.0,16.0,7.0,6.0,950.0,112.0,0
15.0,862.0,173.0,141.0,1.0,950.0,145.0,1
4.0,1611.0,96.0,135.0,4.0,1245.0,244.0,1
17.0,1023.0,128.0,150.0,6.0,545.0,40.0,0
6.0,7303.0,177.0,290.0,5.0,1175.0,70.0,0
6.0,5142.0,10.0,16.0,6.0,345.0,119.0,0
2.0,80.0,14.0,252.0,5.0,630.0,200.0,0
5.0,1451.0,277.0,197.0,7.0,1086.0,206.0,0
15.0,3138.0,79.0,243.0,5.0,785.0,145.0,1
10.0,2770.0,158.0,80.0,4.0,730.0,85.0,0
1.0,1426.0,80.0,244.0,5.0,925.0,70.0,1
13.0,502.0,208.0,159.0,1.0,1085.0,136.0,1
13.0,942.0,154.0,208.0,7.0,668.0,242.0,1
5.0,1138.0,268.0,16.0,4.0,1135.0,99.0,1
5.0,1153.0,16.0,213.0,3.0,500.0,107.0,0
17.0,2944.0,60.0,209.0,6.0,710.0,72.0,0
13.0,833.0,34.0,79.0,1.0,445.0,110.0,0
5.0,2251.0,60.0,16.0,3.0,631.0,82.0,0
14.0,1232.0,78.0,22.0,4.0,1275.0,70.0,0
12.0,6291.0,91.0,154.0,7.0,958.0,137.0,0
2.0,568.0,214.0,154.0,6.0,1070.0,135.0,0
15.0,228.0,43.0,175.0,7.0,625.0,105.0,1
17.0,1015.0,150.0,128.0,5.0,765.0,40.0,0
8.0,523.0,45.0,277.0,6.0,1225.0,150.0,0
1.0,1464.0,80.0,279.0,6.0,1245.0,55.0,0
12.0,4483.0,84.0,197.0,5.0,900.0,70.0,0
10.0,2763.0,80.0,180.0,4.0,895.0,105.0,0
15.0,399.0,264.0,253.0,1.0,555.0,90.0,1
16.0,5973.0,58.0,208.0,7.0,360.0,87.0,0
5.0,2343.0,96.0,16.0,4.0,630.0,145.0,1
4.0,1890.0,264.0,135.0,6.0,525.0,185.0,1
2.0,29.0,208.0,252.0,4.0,1185.0,275.0,0
14.0,1249.0,60.0,147.0,1.0,480.0,82.0,0
15.0,2312.0,172.0,79.0,6.0,770.0,110.0,1
10.0,2926.0,52.0,80.0,4.0,990.0,140.0,1
15.0,1272.0,45.0,173.0,6.0,480.0,150.0,0
6.0,7075.0,85.0,134.0,7.0,360.0,90.0,0
5.0,1927.0,16.0,104.0,1.0,810.0,110.0,0
13.0,177.0,35.0,253.0,6.0,671.0,408.0,0
15.0,174.0,2.0,153.0,1.0,525.0,100.0,0
16.0,2600.0,135.0,279.0,5.0,770.0,83.0,0
15.0,2812.0,172.0,2.0,4.0,1050.0,135.0,0
10.0,3009.0,154.0,194.0,7.0,935.0,65.0,1
5.0,2062.0,85.0,213.0,3.0,720.0,182.0,1
5.0,2467.0,60.0,85.0,5.0,980.0,110.0,0
5.0,2392.0,217.0,197.0,5.0,742.0,187.0,1
1.0,1308.0,153.0,154.0,4.0,640.0,70.0,0
15.0,3848.0,79.0,252.0,6.0,1175.0,190.0,1
4.0,1176.0,208.0,96.0,5.0,539.0,120.0,0
15.0,1016.0,175.0,129.0,3.0,850.0,170.0,0
0.0,3844.0,197.0,61.0,3.0,790.0,110.0,0
6.0,4960.0,35.0,71.0,1.0,773.0,144.0,0
15.0,245.0,217.0,262.0,7.0,665.0,125.0,1
14.0,12.0,217.0,148.0,7.0,595.0,292.0,0
16.0,2987.0,42.0,58.0,5.0,1080.0,95.0,1
17.0,2703.0,60.0,54.0,6.0,564.0,61.0,0
15.0,3329.0,214.0,34.0,6.0,790.0,65.0,1
5.0,2457.0,119.0,197.0,7.0,610.0,90.0,0
4.0,1468.0,96.0,153.0,1.0,895.0,348.0,0
15.0,1992.0,244.0,217.0,3.0,515.0,150.0,1
11.0,6673.0,78.0,146.0,3.0,1175.0,171.0,0
5.0,1747.0,159.0,16.0,6.0,540.0,160.0,0
12.0,6627.0,79.0,227.0,1.0,915.0,134.0,1
15.0,1013.0,75.0,13.0,3.0,940.0,70.0,1
4.0,1137.0,96.0,80.0,5.0,960.0,244.0,0
11.0,6769.0,120.0,16.0,5.0,495.0,108.0,1
5.0,16.0,154.0,16.0,1.0,470.0,251.0,0
10.0,4594.0,233.0,159.0,3.0,790.0,95.0,1
9.0,113.0,128.0,161.0,5.0,376.0,35.0,0
12.0,6979.0,208.0,107.0,3.0,1023.0,101.0,1
10.0,4489.0,159.0,35.0,5.0,1109.0,66.0,0
4.0,1095.0,135.0,154.0,4.0,1250.0,220.0,1
17.0,7308.0,134.0,147.0,1.0,1012.0,117.0,0
15.0,939.0,35.0,45.0,6.0,770.0,90.0,0
12.0,4855.0,261.0,28.0,4.0,591.0,84.0,0
14.0,1040.0,60.0,269.0,6.0,705.0,212.0,0
5.0,1213.0,238.0,16.0,6.0,940.0,144.0,0
0.0,3706.0,157.0,85.0,7.0,675.0,88.0,1
15.0,1944.0,243.0,202.0,3.0,415.0,95.0,0
5.0,1248.0,16.0,221.0,4.0,585.0,107.0,0
13.0,814.0,154.0,79.0,6.0,677.0,143.0,0
10.0,2992.0,73.0,80.0,4.0,745.0,115.0,0
5.0,1530.0,16.0,85.0,1.0,885.0,120.0,0
3.0,592.0,173.0,130.0,1.0,470.0,152.0,0
4.0,320.0,135.0,217.0,7.0,870.0,175.0,1
5.0,1063.0,154.0,173.0,7.0,1360.0,281.0,1
16.0,2080.0,2.0,135.0,4.0,978.0,119.0,1
0.0,4279.0,177.0,13.0,5.0,1185.0,120.0,0
15.0,2442.0,75.0,18.0,3.0,390.0,55.0,0
16.0,2701.0,135.0,2.0,4.0,1080.0,135.0,0
13.0,588.0,80.0,134.0,4.0,1022.0,176.0,1
5.0,1185.0,261.0,252.0,5.0,1290.0,135.0,0
12.0,7759.0,261.0,89.0,4.0,470.0,65.0,1
15.0,1149.0,262.0,44.0,4.0,425.0,70.0,0
13.0,799.0,58.0,208.0,1.0,1001.0,88.0,1
14.0,454.0,45.0,217.0,4.0,1020.0,311.0,0
2.0,614.0,252.0,153.0,3.0,1230.0,143.0,0
15.0,128.0,175.0,154.0,3.0,420.0,270.0,1
1.0,533.0,80.0,243.0,4.0,1330.0,190.0,0
3.0,16.0,104.0,148.0,1.0,850.0,170.0,0
8.0,961.0,48.0,35.0,4.0,1060.0,98.0,0
5.0,1979.0,16.0,119.0,7.0,574.0,120.0,1
13.0,263.0,154.0,253.0,4.0,1355.0,84.0,0
1.0,721.0,80.0,91.0,7.0,815.0,105.0,1
13.0,608.0,208.0,78.0,5.0,596.0,111.0,0
2.0,374.0,252.0,262.0,7.0,905.0,105.0,1
4.0,1829.0,253.0,96.0,7.0,1310.0,311.0,1
0.0,3921.0,177.0,58.0,6.0,855.0,116.0,0
1.0,400.0,80.0,148.0,4.0,655.0,205.0,1
3.0,470.0,241.0,35.0,6.0,1170.0,171.0,0
6.0,5378.0,16.0,10.0,5.0,941.0,101.0,0
15.0,588.0,45.0,173.0,3.0,720.0,140.0,1
10.0,3809.0,2.0,208.0,5.0,795.0,160.0,0
15.0,944.0,207.0,217.0,1.0,460.0,70.0,1
15.0,1595.0,34.0,79.0,6.0,360.0,105.0,1
14.0,1186.0,60.0,45.0,4.0,985.0,86.0,0
10.0,3650.0,285.0,183.0,7.0,360.0,135.0,0
4.0,477.0,241.0,96.0,5.0,666.0,169.0,1
7.0,652.0,253.0,79.0,3.0,890.0,147.0,0
15.0,694.0,175.0,216.0,3.0,970.0,125.0,1
17.0,2642.0,60.0,134.0,4.0,1075.0,79.0,0
15.0,2102.0,258.0,264.0,5.0,495.0,75.0,1
15.0,878.0,175.0,244.0,4.0,1090.0,185.0,1
4.0,323.0,135.0,198.0,4.0,805.0,67.0,1
14.0,548.0,217.0,80.0,3.0,1185.0,137.0,1
5.0,2074.0,173.0,197.0,6.0,728.0,207.0,1
11.0,6610.0,172.0,159.0,1.0,652.0,178.0,0
4.0,649.0,253.0,96.0,1.0,915.0,316.0,0
6.0,7075.0,85.0,134.0,6.0,360.0,90.0,0
4.0,1748.0,135.0,104.0,7.0,1145.0,144.0,0
2.0,187.0,14.0,98.0,5.0,835.0,58.0,0
6.0,5341.0,16.0,132.0,3.0,980.0,63.0,1
3.0,447.0,35.0,277.0,6.0,1075.0,205.0,0
12.0,6967.0,51.0,6.0,3.0,1092.0,28.0,0
15.0,44.0,75.0,172.0,5.0,1105.0,85.0,1
0.0,4234.0,175.0,85.0,3.0,530.0,79.0,0
1.0,1197.0,80.0,244.0,4.0,1125.0,65.0,1
15.0,3010.0,33.0,154.0,6.0,755.0,290.0,0
17.0,2625.0,233.0,60.0,3.0,556.0,68.0,0
16.0,2886.0,13.0,135.0,7.0,996.0,99.0,1
10.0,2803.0,80.0,254.0,6.0,670.0,75.0,0
3.0,616.0,147.0,148.0,5.0,1029.0,140.0,0
5.0,2109.0,184.0,16.0,1.0,904.0,125.0,0
12.0,6286.0,227.0,153.0,3.0,775.0,60.0,0
11.0,6512.0,177.0,96.0,5.0,870.0,164.0,0
5.0,2202.0,153.0,16.0,4.0,896.0,232.0,0
15.0,1680.0,2.0,153.0,5.0,1020.0,95.0,1
12.0,6346.0,248.0,253.0,6.0,802.0,61.0,0
12.0,6641.0,79.0,114.0,6.0,1149.0,53.0,0
16.0,2520.0,135.0,71.0,5.0,655.0,136.0,0
13.0,305.0,253.0,154.0,4.0,1018.0,90.0,1
10.0,3024.0,154.0,236.0,4.0,750.0,90.0,1
15.0,1976.0,45.0,139.0,3.0,835.0,110.0,0
12.0,6542.0,79.0,83.0,7.0,614.0,64.0,0
13.0,11.0,148.0,154.0,4.0,1229.0,383.0,0
16.0,5983.0,58.0,134.0,3.0,360.0,75.0,1
15.0,39.0,87.0,173.0,5.0,1160.0,65.0,0
15.0,1004.0,153.0,202.0,3.0,755.0,90.0,0
12.0,4800.0,154.0,243.0,6.0,495.0,46.0,1
7.0,858.0,217.0,79.0,5.0,938.0,107.0,0
12.0,3077.0,139.0,184.0,4.0,437.0,63.0,0
15.0,509.0,217.0,85.0,1.0,765.0,235.0,1
3.0,610.0,147.0,148.0,5.0,385.0,129.0,0
7.0,788.0,153.0,79.0,7.0,1099.0,110.0,0
12.0,6472.0,154.0,2.0,6.0,455.0,109.0,0
14.0,274.0,217.0,135.0,7.0,599.0,164.0,1
1.0,810.0,208.0,78.0,4.0,815.0,105.0,0
5.0,2108.0,79.0,197.0,4.0,802.0,115.0,0
17.0,2633.0,60.0,245.0,3.0,1225.0,72.0,0
14.0,939.0,197.0,217.0,5.0,455.0,223.0,1
5.0,248.0,243.0,85.0,7.0,790.0,265.0,1
6.0,5068.0,16.0,138.0,3.0,725.0,76.0,1
5.0,1824.0,16.0,45.0,3.0,895.0,107.0,0
15.0,340.0,217.0,172.0,4.0,1050.0,150.0,1
8.0,407.0,139.0,16.0,4.0,776.0,93.0,0
7.0,472.0,184.0,241.0,3.0,427.0,181.0,1
13.0,364.0,154.0,79.0,4.0,1106.0,141.0,0
6.0,5092.0,16.0,101.0,5.0,1230.0,74.0,0
5.0,2246.0,128.0,252.0,3.0,1345.0,339.0,1
15.0,380.0,175.0,146.0,1.0,950.0,125.0,1
14.0,208.0,217.0,2.0,5.0,1190.0,72.0,0
12.0,6645.0,253.0,191.0,6.0,1145.0,36.0,1
12.0,6663.0,79.0,93.0,4.0,713.0,173.0,0
15.0,2378.0,129.0,91.0,6.0,930.0,120.0,1
1.0,555.0,61.0,80.0,5.0,420.0,180.0,0
12.0,4817.0,261.0,208.0,5.0,526.0,189.0,1
10.0,2714.0,245.0,80.0,4.0,975.0,180.0,0
12.0,6536.0,208.0,254.0,5.0,895.0,93.0,0
10.0,3920.0,109.0,208.0,6.0,700.0,60.0,0
14.0,409.0,217.0,253.0,5.0,1070.0,122.0,0
10.0,2793.0,107.0,80.0,4.0,465.0,150.0,0
10.0,4523.0,35.0,159.0,3.0,990.0,80.0,0
15.0,2003.0,207.0,217.0,6.0,780.0,70.0,1
15.0,523.0,279.0,153.0,1.0,855.0,185.0,0
15.0,718.0,175.0,258.0,7.0,1145.0,295.0,1
1.0,1725.0,139.0,80.0,3.0,1175.0,145.0,0
5.0,30.0,197.0,148.0,4.0,615.0,164.0,0
1.0,1308.0,153.0,154.0,3.0,640.0,70.0,1
5.0,1521.0,85.0,277.0,5.0,1040.0,158.0,1
3.0,110.0,198.0,148.0,7.0,385.0,163.0,0
14.0,277.0,111.0,217.0,7.0,905.0,156.0,0
16.0,2875.0,76.0,135.0,5.0,1095.0,165.0,0
1.0,412.0,269.0,148.0,7.0,1030.0,259.0,0
13.0,753.0,79.0,159.0,1.0,1072.0,217.0,0
1.0,1989.0,198.0,80.0,5.0,1140.0,95.0,0
16.0,3125.0,41.0,135.0,7.0,945.0,74.0,1
14.0,149.0,252.0,217.0,5.0,315.0,166.0,0
15.0,1055.0,216.0,182.0,1.0,900.0,75.0,1
15.0,339.0,153.0,279.0,7.0,845.0,155.0,1
4.0,1704.0,135.0,204.0,7.0,1265.0,81.0,1
12.0,4464.0,261.0,46.0,3.0,1191.0,80.0,0
10.0,4432.0,78.0,33.0,3.0,1015.0,120.0,0
16.0,2709.0,75.0,135.0,1.0,630.0,62.0,0
10.0,2739.0,80.0,170.0,3.0,1005.0,75.0,0
10.0,4265.0,254.0,208.0,1.0,890.0,100.0,0
5.0,1381.0,35.0,159.0,1.0,630.0,71.0,0
12.0,6318.0,18.0,208.0,4.0,829.0,155.0,0
11.0,6617.0,85.0,19.0,3.0,620.0,103.0,0
12.0,6254.0,100.0,253.0,3.0,465.0,67.0,0
10.0,4253.0,208.0,136.0,6.0,485.0,115.0,0
14.0,833.0,234.0,60.0,7.0,420.0,76.0,0
0.0,3749.0,130.0,16.0,6.0,915.0,162.0,0
5.0,2921.0,139.0,197.0,4.0,410.0,115.0,0
1.0,741.0,80.0,178.0,1.0,975.0,95.0,0
15.0,1279.0,22.0,173.0,7.0,910.0,185.0,1
9.0,148.0,128.0,150.0,7.0,776.0,43.0,0
15.0,596.0,45.0,228.0,5.0,1000.0,70.0,0
11.0,6576.0,157.0,85.0,5.0,912.0,80.0,0
13.0,55.0,214.0,253.0,5.0,794.0,108.0,0
10.0,2725.0,80.0,47.0,3.0,1175.0,135.0,0
6.0,5445.0,182.0,85.0,3.0,749.0,130.0,1
15.0,454.0,87.0,33.0,5.0,575.0,90.0,0
17.0,1043.0,143.0,128.0,5.0,1270.0,47.0,0
4.0,1562.0,135.0,241.0,4.0,819.0,127.0,0
15.0,203.0,153.0,172.0,7.0,1115.0,160.0,0
10.0,4062.0,290.0,208.0,7.0,540.0,105.0,0
5.0,1063.0,154.0,173.0,4.0,1360.0,281.0,1
15.0,358.0,172.0,75.0,7.0,810.0,90.0,1
4.0,12.0,128.0,154.0,3.0,1295.0,335.0,1
14.0,2044.0,78.0,35.0,3.0,1110.0,86.0,0
15.0,1101.0,44.0,202.0,4.0,1115.0,70.0,1
11.0,6657.0,148.0,197.0,1.0,490.0,210.0,1
13.0,471.0,79.0,243.0,1.0,495.0,148.0,0
5.0,80.0,173.0,148.0,7.0,723.0,155.0,0
13.0,118.0,154.0,253.0,4.0,920.0,83.0,1
12.0,6675.0,79.0,100.0,7.0,754.0,145.0,1
13.0,670.0,198.0,134.0,7.0,768.0,147.0,1
15.0,1216.0,173.0,33.0,4.0,1105.0,120.0,0
8.0,200.0,48.0,16.0,1.0,360.0,120.0,0
13.0,62.0,253.0,252.0,4.0,1351.0,134.0,1
15.0,1763.0,277.0,216.0,1.0,665.0,150.0,0
8.0,519.0,16.0,61.0,4.0,1250.0,90.0,0
10.0,3632.0,60.0,183.0,3.0,350.0,120.0,1
16.0,2628.0,245.0,135.0,4.0,510.0,162.0,0
12.0,6747.0,262.0,253.0,3.0,644.0,48.0,0
14.0,2126.0,159.0,35.0,1.0,720.0,65.0,0
6.0,5105.0,147.0,85.0,7.0,530.0,148.0,0
10.0,4128.0,174.0,208.0,4.0,770.0,135.0,1
1.0,372.0,260.0,277.0,4.0,1245.0,180.0,0
0.0,4020.0,121.0,71.0,6.0,410.0,92.0,0
11.0,6278.0,290.0,71.0,4.0,675.0,111.0,0
15.0,2983.0,111.0,202.0,3.0,1050.0,130.0,1
8.0,314.0,16.0,60.0,4.0,890.0,69.0,0
6.0,4992.0,16.0,36.0,7.0,671.0,72.0,0
5.0,1986.0,16.0,159.0,1.0,700.0,135.0,0
10.0,4205.0,208.0,22.0,4.0,1240.0,130.0,0
12.0,4444.0,261.0,230.0,4.0,590.0,98.0,0
16.0,5970.0,281.0,208.0,1.0,385.0,79.0,1
7.0,135.0,80.0,79.0,4.0,847.0,120.0,0
6.0,7071.0,47.0,134.0,6.0,568.0,83.0,0
15.0,1895.0,2.0,214.0,6.0,965.0,190.0,0
12.0,6396.0,51.0,253.0,1.0,554.0,98.0,1
13.0,133.0,153.0,79.0,4.0,593.0,117.0,0
14.0,1267.0,216.0,80.0,1.0,457.0,235.0,1
12.0,6982.0,67.0,79.0,1.0,579.0,59.0,0
14.0,208.0,153.0,217.0,6.0,990.0,72.0,0
5.0,2094.0,186.0,16.0,1.0,420.0,113.0,0
17.0,1047.0,128.0,203.0,7.0,945.0,35.0,0
1.0,2324.0,80.0,208.0,1.0,445.0,140.0,0
2.0,625.0,153.0,214.0,1.0,705.0,140.0,0
1.0,467.0,78.0,208.0,5.0,600.0,130.0,0
15.0,31.0,129.0,131.0,5.0,930.0,60.0,1
6.0,5583.0,52.0,16.0,3.0,340.0,47.0,0
7.0,170.0,280.0,79.0,3.0,465.0,108.0,0
13.0,923.0,134.0,79.0,1.0,892.0,242.0,0
4.0,510.0,135.0,96.0,1.0,530.0,206.0,1
16.0,2379.0,96.0,251.0,5.0,1229.0,147.0,1
12.0,6752.0,208.0,109.0,3.0,1060.0,55.0,0
14.0,1416.0,154.0,216.0,4.0,835.0,298.0,0
5.0,1673.0,16.0,183.0,1.0,886.0,114.0,0
12.0,7005.0,119.0,208.0,3.0,782.0,59.0,1
0.0,3829.0,85.0,56.0,1.0,940.0,102.0,0
13.0,931.0,253.0,154.0,3.0,1129.0,92.0,1
3.0,1240.0,60.0,35.0,4.0,420.0,123.0,0
8.0,149.0,85.0,16.0,6.0,1149.0,123.0,0
15.0,179.0,45.0,12.0,5.0,1235.0,70.0,1
11.0,6310.0,33.0,71.0,7.0,965.0,66.0,1
11.0,6330.0,16.0,278.0,3.0,596.0,76.0,0
5.0,1154.0,16.0,148.0,3.0,1300.0,135.0,0
15.0,2379.0,262.0,214.0,3.0,790.0,90.0,0
12.0,6246.0,100.0,154.0,1.0,607.0,70.0,1
1.0,1150.0,264.0,208.0,1.0,705.0,240.0,0
0.0,4186.0,92.0,85.0,4.0,921.0,66.0,1
5.0,1480.0,253.0,16.0,4.0,435.0,269.0,0
2.0,467.0,154.0,252.0,7.0,810.0,155.0,0
5.0,1456.0,267.0,16.0,6.0,668.0,97.0,0
0.0,3941.0,148.0,238.0,5.0,1275.0,125.0,1
12.0,6641.0,114.0,79.0,3.0,1192.0,54.0,1
14.0,596.0,217.0,172.0,7.0,1195.0,153.0,0
15.0,313.0,45.0,58.0,5.0,990.0,75.0,1
15.0,1657.0,172.0,79.0,5.0,735.0,110.0,1
15.0,702.0,175.0,153.0,5.0,360.0,245.0,1
15.0,1244.0,45.0,182.0,5.0,1050.0,80.0,1
1.0,1008.0,80.0,132.0,5.0,885.0,95.0,0
1.0,1147.0,80.0,217.0,7.0,1015.0,155.0,0
4.0,1101.0,35.0,96.0,4.0,1140.0,103.0,0
1.0,1065.0,80.0,258.0,5.0,1270.0,225.0,0
5.0,1247.0,16.0,60.0,4.0,820.0,69.0,0
15.0,667.0,277.0,147.0,4.0,710.0,50.0,0
8.0,338.0,16.0,216.0,3.0,1325.0,114.0,0
15.0,894.0,198.0,277.0,3.0,525.0,85.0,0
5.0,1949.0,233.0,16.0,3.0,360.0,87.0,0
5.0,2052.0,198.0,16.0,4.0,375.0,95.0,0
10.0,2885.0,188.0,80.0,7.0,645.0,80.0,0
12.0,4863.0,197.0,34.0,7.0,1295.0,189.0,0
15.0,3232.0,104.0,228.0,6.0,555.0,175.0,0
12.0,4801.0,135.0,261.0,3.0,850.0,195.0,1
10.0,4269.0,208.0,61.0,4.0,745.0,75.0,1
12.0,6605.0,79.0,29.0,3.0,1035.0,94.0,0
9.0,324.0,161.0,128.0,7.0,1370.0,30.0,0
15.0,1752.0,243.0,91.0,5.0,640.0,105.0,1
12.0,6940.0,208.0,139.0,3.0,585.0,54.0,1
14.0,1020.0,216.0,173.0,5.0,606.0,167.0,0
10.0,3234.0,5.0,80.0,6.0,815.0,45.0,0
8.0,524.0,277.0,45.0,3.0,1116.0,134.0,1
8.0,906.0,16.0,215.0,5.0,1265.0,89.0,0
10.0,4017.0,208.0,174.0,6.0,570.0,105.0,0
17.0,2863.0,217.0,103.0,6.0,1180.0,62.0,0
13.0,852.0,253.0,243.0,7.0,762.0,97.0,0
10.0,2735.0,80.0,162.0,3.0,405.0,70.0,0
5.0,1461.0,241.0,85.0,5.0,710.0,170.0,0
12.0,6956.0,236.0,79.0,4.0,890.0,134.0,0
5.0,1311.0,85.0,79.0,6.0,955.0,194.0,1
0.0,4230.0,109.0,85.0,7.0,480.0,64.0,0
14.0,113.0,153.0,154.0,3.0,1190.0,67.0,0
7.0,326.0,184.0,35.0,6.0,470.0,133.0,1
14.0,436.0,217.0,280.0,3.0,668.0,48.0,0
15.0,877.0,264.0,253.0,1.0,780.0,85.0,1
13.0,744.0,79.0,35.0,3.0,487.0,227.0,0
13.0,686.0,208.0,159.0,4.0,903.0,135.0,0
15.0,31.0,75.0,129.0,1.0,840.0,60.0,1
10.0,3054.0,154.0,246.0,3.0,460.0,40.0,0
0.0,3996.0,85.0,32.0,5.0,1190.0,86.0,1
14.0,208.0,202.0,217.0,4.0,971.0,111.0,1
5.0,1698.0,147.0,16.0,5.0,330.0,80.0,0
6.0,7139.0,134.0,42.0,6.0,743.0,87.0,1
10.0,3716.0,16.0,208.0,6.0,980.0,125.0,1
15.0,1491.0,154.0,236.0,3.0,985.0,75.0,1
15.0,1424.0,253.0,243.0,1.0,425.0,85.0,1
5.0,1236.0,221.0,85.0,7.0,1165.0,80.0,0
14.0,14.0,217.0,148.0,4.0,805.0,286.0,1
15.0,690.0,12.0,173.0,7.0,850.0,190.0,1
10.0,4348.0,290.0,208.0,4.0,675.0,105.0,0
5.0,68.0,183.0,16.0,5.0,892.0,122.0,1
5.0,1770.0,261.0,197.0,5.0,1020.0,157.0,1
12.0,4608.0,261.0,252.0,3.0,905.0,130.0,0
16.0,2438.0,58.0,12.0,1.0,505.0,70.0,0
6.0,5101.0,16.0,138.0,5.0,1140.0,88.0,0
5.0,1972.0,277.0,16.0,5.0,330.0,85.0,0
0.0,4359.0,240.0,197.0,5.0,590.0,50.0,0
12.0,6652.0,191.0,253.0,6.0,642.0,38.0,0
10.0,4004.0,71.0,208.0,7.0,380.0,80.0,0
13.0,727.0,134.0,277.0,3.0,1324.0,145.0,0
14.0,1753.0,60.0,277.0,1.0,1075.0,99.0,0
15.0,45.0,129.0,45.0,3.0,1140.0,170.0,1
10.0,3967.0,208.0,205.0,3.0,470.0,95.0,1
5.0,1403.0,197.0,104.0,4.0,620.0,213.0,0
10.0,2842.0,80.0,101.0,1.0,705.0,150.0,0
16.0,3118.0,96.0,54.0,3.0,835.0,124.0,0
12.0,6936.0,265.0,208.0,5.0,360.0,60.0,0
6.0,5577.0,94.0,16.0,3.0,658.0,86.0,1
8.0,251.0,16.0,106.0,6.0,1325.0,112.0,0
5.0,1753.0,197.0,252.0,7.0,680.0,223.0,0
8.0,1277.0,173.0,285.0,1.0,607.0,96.0,0
16.0,2549.0,96.0,71.0,3.0,389.0,131.0,0
1.0,2585.0,35.0,183.0,4.0,495.0,220.0,0
16.0,2287.0,96.0,177.0,1.0,970.0,179.0,0
0.0,4006.0,177.0,71.0,3.0,895.0,86.0,0
12.0,6286.0,153.0,227.0,6.0,853.0,59.0,0
6.0,5333.0,177.0,180.0,4.0,1190.0,68.0,0
3.0,693.0,78.0,173.0,1.0,800.0,134.0,0
1.0,608.0,243.0,80.0,5.0,385.0,185.0,0
12.0,6663.0,93.0,79.0,7.0,876.0,145.0,0
6.0,5428.0,158.0,177.0,3.0,380.0,83.0,0
10.0,4105.0,60.0,208.0,3.0,450.0,140.0,0
12.0,4718.0,112.0,197.0,1.0,1018.0,71.0,0
10.0,3877.0,216.0,208.0,6.0,635.0,145.0,1
4.0,522.0,198.0,135.0,7.0,1140.0,70.0,0
15.0,16.0,154.0,253.0,3.0,920.0,80.0,1
5.0,72.0,16.0,148.0,7.0,745.0,145.0,0
12.0,4563.0,261.0,196.0,4.0,1188.0,90.0,0
15.0,912.0,173.0,228.0,5.0,1185.0,155.0,0
5.0,2543.0,96.0,16.0,1.0,820.0,150.0,0
8.0,807.0,45.0,35.0,4.0,510.0,79.0,0
16.0,2198.0,135.0,69.0,6.0,655.0,131.0,0
14.0,1463.0,60.0,253.0,4.0,1090.0,349.0,0
5.0,2585.0,16.0,223.0,7.0,505.0,80.0,0
4.0,172.0,128.0,154.0,5.0,890.0,335.0,0
1.0,1843.0,208.0,252.0,1.0,530.0,270.0,1
3.0,498.0,252.0,35.0,7.0,1409.0,303.0,1
15.0,2529.0,79.0,154.0,1.0,455.0,160.0,0
1.0,1974.0,154.0,33.0,1.0,615.0,235.0,1
12.0,6714.0,79.0,177.0,4.0,1157.0,134.0,1
14.0,1526.0,60.0,273.0,1.0,564.0,104.0,0
1.0,1663.0,183.0,153.0,5.0,965.0,335.0,0
5.0,1217.0,85.0,153.0,4.0,1055.0,271.0,0
5.0,2294.0,16.0,216.0,3.0,820.0,129.0,1
15.0,437.0,251.0,175.0,3.0,660.0,70.0,1
3.0,709.0,148.0,260.0,7.0,960.0,239.0,0
15.0,1002.0,18.0,131.0,1.0,520.0,60.0,0
11.0,6276.0,69.0,85.0,5.0,390.0,79.0,0
1.0,1105.0,78.0,80.0,7.0,1160.0,215.0,0
0.0,3726.0,85.0,0.0,1.0,860.0,96.0,1
13.0,624.0,208.0,78.0,5.0,1085.0,111.0,0
15.0,1714.0,61.0,268.0,7.0,1110.0,90.0,1
17.0,2901.0,60.0,177.0,5.0,780.0,114.0,0
2.0,507.0,264.0,252.0,7.0,960.0,165.0,0
11.0,6572.0,61.0,85.0,5.0,1060.0,65.0,0
12.0,6422.0,69.0,208.0,1.0,1013.0,97.0,1
13.0,145.0,253.0,154.0,7.0,563.0,92.0,0
0.0,3727.0,177.0,27.0,6.0,575.0,62.0,0
13.0,841.0,154.0,253.0,4.0,1298.0,84.0,0
13.0,698.0,208.0,119.0,7.0,1135.0,53.0,1
1.0,1767.0,244.0,80.0,5.0,645.0,70.0,0
15.0,1424.0,253.0,243.0,5.0,425.0,85.0,0
4.0,496.0,153.0,135.0,5.0,695.0,177.0,0
0.0,3997.0,187.0,177.0,7.0,375.0,96.0,0
15.0,2697.0,45.0,27.0,7.0,620.0,135.0,0
17.0,7308.0,147.0,134.0,3.0,1164.0,107.0,1
15.0,2672.0,45.0,228.0,7.0,1155.0,70.0,1
6.0,5325.0,16.0,169.0,6.0,725.0,76.0,0
4.0,693.0,173.0,96.0,1.0,645.0,149.0,0
12.0,6860.0,79.0,2.0,6.0,500.0,72.0,0
8.0,18.0,45.0,260.0,4.0,645.0,250.0,1
4.0,301.0,96.0,104.0,3.0,809.0,179.0,1
5.0,1207.0,16.0,43.0,5.0,935.0,123.0,0
10.0,4044.0,290.0,208.0,6.0,1070.0,115.0,0
14.0,1898.0,216.0,221.0,3.0,1235.0,70.0,0
16.0,2494.0,208.0,96.0,6.0,1095.0,134.0,0
3.0,471.0,35.0,258.0,4.0,985.0,398.0,0
15.0,32.0,131.0,129.0,7.0,750.0,60.0,1
15.0,130.0,2.0,280.0,7.0,635.0,70.0,0
16.0,2567.0,33.0,96.0,1.0,1019.0,134.0,1
14.0,1218.0,104.0,78.0,6.0,715.0,145.0,0
13.0,815.0,205.0,79.0,4.0,1168.0,107.0,0
15.0,586.0,217.0,175.0,1.0,730.0,205.0,1
5.0,1956.0,79.0,71.0,3.0,825.0,150.0,0
2.0,527.0,44.0,252.0,1.0,420.0,160.0,0
16.0,2379.0,96.0,251.0,3.0,1229.0,147.0,0
6.0,5136.0,16.0,288.0,3.0,572.0,78.0,1
16.0,2641.0,96.0,172.0,1.0,515.0,207.0,1
4.0,250.0,135.0,233.0,6.0,1145.0,144.0,1
1.0,1865.0,139.0,80.0,1.0,1040.0,150.0,0
1.0,1936.0,154.0,253.0,7.0,725.0,90.0,1
5.0,2570.0,154.0,261.0,7.0,375.0,119.0,0
5.0,2073.0,61.0,16.0,3.0,485.0,100.0,1
7.0,360.0,79.0,277.0,7.0,990.0,196.0,0
1.0,460.0,80.0,61.0,1.0,565.0,135.0,0
14.0,1103.0,45.0,60.0,5.0,630.0,88.0,0
15.0,1860.0,129.0,170.0,4.0,1055.0,85.0,1
15.0,2371.0,104.0,45.0,4.0,1060.0,150.0,0
5.0,1078.0,159.0,198.0,4.0,495.0,220.0,0
0.0,3797.0,85.0,61.0,4.0,920.0,59.0,1
13.0,73.0,243.0,253.0,7.0,378.0,103.0,0
1.0,2066.0,65.0,80.0,1.0,970.0,110.0,0
15.0,1451.0,217.0,27.0,7.0,960.0,195.0,1
10.0,3227.0,80.0,284.0,5.0,1025.0,45.0,0
0.0,3921.0,135.0,177.0,3.0,710.0,105.0,0
15.0,1668.0,175.0,154.0,6.0,925.0,280.0,1
9.0,118.0,128.0,150.0,6.0,451.0,42.0,0
12.0,6597.0,18.0,79.0,5.0,969.0,144.0,0
15.0,2879.0,153.0,111.0,5.0,770.0,150.0,1
0.0,3995.0,117.0,197.0,4.0,400.0,75.0,0
15.0,1917.0,217.0,153.0,6.0,1075.0,70.0,0
15.0,1681.0,175.0,214.0,4.0,530.0,280.0,1
15.0,1671.0,104.0,12.0,7.0,770.0,185.0,0
15.0,530.0,175.0,61.0,5.0,985.0,65.0,1
15.0,674.0,173.0,182.0,5.0,810.0,170.0,0
16.0,5955.0,47.0,208.0,5.0,605.0,128.0,0
12.0,6572.0,154.0,153.0,4.0,960.0,80.0,0
1.0,1695.0,80.0,217.0,5.0,495.0,155.0,1
1.0,1114.0,183.0,159.0,3.0,405.0,170.0,1
0.0,3979.0,43.0,148.0,1.0,575.0,100.0,1
1.0,1032.0,80.0,172.0,4.0,720.0,90.0,0
0.0,3725.0,281.0,85.0,3.0,335.0,75.0,0
16.0,2820.0,131.0,135.0,6.0,795.0,72.0,0
10.0,3024.0,154.0,236.0,3.0,750.0,90.0,0
4.0,335.0,243.0,135.0,1.0,890.0,182.0,0
6.0,5545.0,16.0,115.0,5.0,1295.0,75.0,0
10.0,4595.0,159.0,233.0,6.0,700.0,105.0,0
1.0,564.0,253.0,80.0,3.0,905.0,205.0,0
15.0,1992.0,264.0,253.0,7.0,680.0,85.0,1
16.0,2971.0,96.0,60.0,1.0,487.0,137.0,0
6.0,5192.0,187.0,16.0,6.0,1075.0,120.0,1
6.0,5212.0,177.0,87.0,5.0,570.0,87.0,0
8.0,106.0,80.0,16.0,1.0,766.0,125.0,0
17.0,2859.0,103.0,217.0,4.0,680.0,65.0,0
0.0,3868.0,12.0,85.0,4.0,765.0,119.0,1
0.0,4279.0,177.0,13.0,7.0,1185.0,120.0,0
15.0,1004.0,202.0,252.0,7.0,875.0,120.0,1
5.0,1143.0,16.0,268.0,4.0,450.0,100.0,0
5.0,2716.0,71.0,159.0,7.0,1140.0,120.0,1
14.0,1444.0,147.0,60.0,5.0,645.0,83.0,0
16.0,2612.0,135.0,71.0,3.0,475.0,135.0,0
5.0,2727.0,16.0,104.0,7.0,735.0,115.0,0
12.0,4616.0,65.0,197.0,1.0,665.0,135.0,1
15.0,1030.0,173.0,104.0,5.0,1145.0,55.0,1
16.0,2223.0,135.0,68.0,6.0,779.0,54.0,0
15.0,1907.0,197.0,175.0,7.0,630.0,95.0,0
1.0,556.0,208.0,104.0,7.0,1150.0,175.0,0
1.0,1985.0,216.0,260.0,5.0,430.0,230.0,0
14.0,769.0,216.0,35.0,4.0,855.0,82.0,0
1.0,1615.0,22.0,80.0,6.0,360.0,260.0,0
12.0,6331.0,65.0,253.0,4.0,408.0,184.0,0
1.0,1121.0,135.0,80.0,1.0,990.0,75.0,0
16.0,3078.0,135.0,234.0,1.0,835.0,159.0,0
10.0,3699.0,183.0,71.0,3.0,1290.0,160.0,0
15.0,2893.0,268.0,27.0,6.0,745.0,75.0,1
5.0,1304.0,60.0,197.0,5.0,676.0,178.0,0
13.0,554.0,243.0,134.0,4.0,780.0,290.0,0
8.0,1438.0,173.0,197.0,7.0,747.0,209.0,0
14.0,1731.0,216.0,208.0,7.0,695.0,141.0,0
2.0,244.0,252.0,154.0,4.0,420.0,155.0,1
16.0,2888.0,58.0,35.0,4.0,1150.0,95.0,0
10.0,4094.0,208.0,273.0,1.0,525.0,110.0,0
2.0,129.0,252.0,98.0,7.0,1150.0,235.0,0
12.0,4509.0,154.0,243.0,1.0,810.0,45.0,0
15.0,1618.0,18.0,75.0,3.0,765.0,55.0,1
0.0,3974.0,85.0,139.0,3.0,540.0,83.0,0
8.0,1219.0,267.0,175.0,1.0,740.0,166.0,0
15.0,508.0,173.0,22.0,4.0,575.0,155.0,0
13.0,422.0,28.0,79.0,6.0,446.0,94.0,1
10.0,2842.0,80.0,101.0,4.0,705.0,150.0,0
12.0,4704.0,261.0,79.0,7.0,1017.0,83.0,1
7.0,71.0,85.0,79.0,1.0,385.0,189.0,0
12.0,6975.0,80.0,208.0,3.0,360.0,139.0,0
13.0,572.0,79.0,205.0,7.0,1223.0,87.0,1
9.0,308.0,128.0,150.0,3.0,1132.0,43.0,0
14.0,1612.0,216.0,35.0,3.0,435.0,78.0,0
1.0,1912.0,217.0,80.0,1.0,425.0,140.0,0
2.0,62.0,257.0,151.0,4.0,722.0,53.0,0
11.0,6429.0,119.0,71.0,4.0,1072.0,68.0,0
14.0,1195.0,217.0,243.0,3.0,890.0,71.0,1
5.0,2536.0,173.0,35.0,5.0,1125.0,171.0,0
16.0,5890.0,121.0,208.0,5.0,721.0,117.0,0
15.0,925.0,154.0,280.0,1.0,820.0,80.0,1
14.0,62.0,79.0,60.0,4.0,410.0,189.0,0
11.0,6587.0,78.0,119.0,7.0,1160.0,110.0,1
5.0,1016.0,16.0,175.0,7.0,465.0,109.0,0
8.0,920.0,16.0,172.0,6.0,1255.0,134.0,0
14.0,542.0,258.0,217.0,4.0,380.0,113.0,0
1.0,791.0,159.0,80.0,4.0,1229.0,245.0,1
1.0,795.0,183.0,269.0,5.0,1065.0,150.0,0
6.0,5210.0,146.0,177.0,7.0,713.0,71.0,1
8.0,262.0,78.0,184.0,4.0,700.0,125.0,0
1.0,1769.0,159.0,183.0,5.0,550.0,200.0,0
5.0,1418.0,173.0,16.0,3.0,390.0,94.0,0
7.0,868.0,217.0,79.0,5.0,465.0,105.0,0
14.0,1268.0,216.0,260.0,5.0,465.0,226.0,0
6.0,5272.0,190.0,177.0,6.0,390.0,76.0,0
1.0,2438.0,80.0,79.0,7.0,1050.0,125.0,1
10.0,2810.0,256.0,80.0,3.0,375.0,60.0,0
12.0,6831.0,65.0,208.0,6.0,714.0,146.0,1
14.0,889.0,198.0,60.0,6.0,975.0,111.0,1
16.0,2162.0,135.0,279.0,1.0,970.0,84.0,0
5.0,385.0,76.0,16.0,5.0,1146.0,109.0,0
6.0,5045.0,208.0,85.0,6.0,825.0,86.0,0
10.0,2899.0,288.0,80.0,5.0,1070.0,135.0,0
15.0,437.0,173.0,251.0,5.0,500.0,130.0,1
6.0,5289.0,205.0,16.0,5.0,642.0,137.0,0
15.0,2654.0,182.0,277.0,5.0,615.0,220.0,1
6.0,5109.0,41.0,16.0,3.0,490.0,98.0,0
5.0,1923.0,35.0,85.0,5.0,742.0,142.0,1
1.0,1769.0,159.0,183.0,4.0,550.0,200.0,1
15.0,1915.0,22.0,45.0,3.0,375.0,80.0,1
15.0,1884.0,153.0,217.0,3.0,755.0,70.0,0
14.0,1564.0,104.0,216.0,6.0,985.0,164.0,0
13.0,624.0,208.0,78.0,6.0,1085.0,111.0,1
14.0,705.0,60.0,217.0,1.0,1069.0,275.0,1
8.0,518.0,61.0,16.0,4.0,1065.0,100.0,0
15.0,1310.0,45.0,228.0,1.0,405.0,70.0,0
5.0,1947.0,159.0,16.0,4.0,720.0,160.0,1
14.0,1850.0,60.0,22.0,4.0,1194.0,108.0,0
13.0,630.0,198.0,79.0,3.0,899.0,180.0,1
10.0,3692.0,183.0,234.0,1.0,730.0,140.0,0
17.0,2644.0,60.0,200.0,4.0,1220.0,63.0,0
5.0,1583.0,241.0,71.0,1.0,365.0,141.0,0
12.0,6430.0,154.0,244.0,4.0,1110.0,161.0,1
3.0,195.0,148.0,153.0,6.0,1140.0,359.0,0
0.0,3906.0,247.0,71.0,7.0,714.0,61.0,1
3.0,437.0,35.0,173.0,6.0,1180.0,190.0,0
15.0,755.0,45.0,221.0,5.0,610.0,60.0,0
15.0,2658.0,45.0,85.0,7.0,1190.0,100.0,1
15.0,1656.0,34.0,214.0,1.0,610.0,75.0,0
11.0,6673.0,78.0,146.0,7.0,1175.0,171.0,0
14.0,1829.0,35.0,216.0,4.0,1170.0,95.0,0
15.0,703.0,262.0,264.0,1.0,670.0,85.0,1
15.0,1769.0,233.0,33.0,5.0,440.0,95.0,0
10.0,2913.0,80.0,288.0,6.0,810.0,110.0,0
5.0,1522.0,119.0,85.0,5.0,1055.0,65.0,1
5.0,1878.0,245.0,16.0,7.0,453.0,80.0,0
5.0,1118.0,76.0,16.0,5.0,975.0,103.0,0
15.0,6.0,129.0,75.0,3.0,450.0,55.0,1
5.0,1675.0,177.0,217.0,5.0,562.0,212.0,0
5.0,1425.0,16.0,277.0,5.0,1145.0,94.0,1
15.0,2609.0,2.0,268.0,7.0,680.0,135.0,0
15.0,1402.0,104.0,277.0,3.0,460.0,60.0,0
15.0,983.0,216.0,277.0,7.0,455.0,180.0,0
5.0,1212.0,203.0,154.0,6.0,1355.0,310.0,1
15.0,1930.0,153.0,129.0,7.0,1070.0,175.0,1
3.0,600.0,148.0,229.0,4.0,570.0,81.0,1
14.0,5.0,217.0,208.0,4.0,800.0,201.0,1
8.0,561.0,32.0,16.0,7.0,395.0,112.0,0
17.0,7293.0,134.0,76.0,1.0,503.0,86.0,0
11.0,6698.0,208.0,197.0,1.0,732.0,93.0,0
6.0,5046.0,11.0,16.0,5.0,710.0,62.0,0
6.0,5417.0,16.0,84.0,3.0,959.0,131.0,1
5.0,385.0,16.0,245.0,4.0,1300.0,67.0,0
15.0,528.0,139.0,45.0,1.0,1035.0,95.0,0
16.0,5944.0,134.0,233.0,5.0,917.0,65.0,0
4.0,107.0,96.0,135.0,3.0,905.0,245.0,1
10.0,3528.0,184.0,80.0,4.0,1090.0,160.0,0
1.0,1294.0,135.0,183.0,1.0,1075.0,140.0,0
15.0,913.0,75.0,13.0,7.0,940.0,70.0,1
12.0,7004.0,248.0,253.0,4.0,567.0,66.0,1
10.0,3830.0,208.0,135.0,1.0,720.0,165.0,1
1.0,1627.0,80.0,172.0,5.0,565.0,90.0,0
8.0,641.0,184.0,45.0,5.0,1130.0,114.0,0
12.0,6623.0,18.0,134.0,7.0,717.0,194.0,0
12.0,4883.0,261.0,28.0,5.0,1290.0,81.0,1
12.0,6700.0,79.0,164.0,3.0,614.0,80.0,1
8.0,110.0,80.0,16.0,4.0,1027.0,125.0,0
4.0,378.0,244.0,135.0,6.0,420.0,56.0,0
1.0,2098.0,208.0,35.0,7.0,935.0,130.0,0
8.0,494.0,60.0,45.0,3.0,434.0,86.0,0
1.0,334.0,80.0,33.0,3.0,440.0,100.0,1
11.0,6443.0,71.0,33.0,4.0,990.0,69.0,0
15.0,2254.0,75.0,244.0,1.0,640.0,65.0,1
5.0,1063.0,154.0,173.0,6.0,1360.0,281.0,1
11.0,6269.0,159.0,205.0,3.0,1200.0,212.0,0
8.0,840.0,173.0,16.0,4.0,591.0,90.0,0
1.0,2574.0,183.0,16.0,3.0,1180.0,125.0,0
12.0,6577.0,187.0,208.0,7.0,690.0,56.0,0
15.0,607.0,209.0,45.0,7.0,625.0,55.0,1
14.0,128.0,217.0,184.0,7.0,1180.0,196.0,0
15.0,437.0,173.0,251.0,4.0,500.0,130.0,0
12.0,6910.0,79.0,2.0,3.0,1305.0,72.0,0
15.0,1004.0,175.0,172.0,1.0,460.0,90.0,1
12.0,6366.0,227.0,253.0,1.0,1016.0,91.0,1
2.0,60.0,151.0,252.0,6.0,555.0,116.0,0
5.0,2266.0,217.0,261.0,3.0,450.0,104.0,1
15.0,2753.0,228.0,217.0,6.0,895.0,360.0,1
17.0,2616.0,60.0,234.0,3.0,456.0,63.0,0
14.0,29.0,60.0,16.0,1.0,560.0,79.0,1
2.0,330.0,252.0,258.0,6.0,1195.0,124.0,0
1.0,1663.0,183.0,153.0,4.0,965.0,335.0,0
5.0,2275.0,177.0,197.0,3.0,855.0,131.0,1
15.0,688.0,75.0,13.0,6.0,865.0,70.0,1
11.0,6333.0,238.0,85.0,1.0,931.0,86.0,1
14.0,432.0,217.0,203.0,6.0,700.0,396.0,0
12.0,7053.0,162.0,208.0,3.0,868.0,112.0,0
5.0,1665.0,197.0,172.0,5.0,900.0,92.0,0
16.0,5940.0,238.0,208.0,1.0,793.0,121.0,0
1.0,590.0,243.0,208.0,5.0,885.0,235.0,0
13.0,491.0,204.0,79.0,3.0,387.0,113.0,0
6.0,5251.0,16.0,118.0,7.0,1170.0,150.0,0
3.0,742.0,260.0,173.0,7.0,361.0,184.0,0
5.0,1142.0,213.0,159.0,3.0,1150.0,172.0,0
13.0,17.0,208.0,214.0,7.0,597.0,277.0,1
12.0,6430.0,154.0,244.0,7.0,1115.0,161.0,1
1.0,1030.0,80.0,290.0,3.0,990.0,65.0,0
14.0,938.0,60.0,159.0,3.0,695.0,111.0,1
15.0,2459.0,153.0,262.0,5.0,540.0,90.0,0
7.0,123.0,80.0,79.0,3.0,630.0,121.0,0
5.0,300.0,16.0,197.0,3.0,1305.0,171.0,0
5.0,1304.0,60.0,197.0,3.0,676.0,178.0,0
6.0,5229.0,177.0,254.0,3.0,1170.0,68.0,0
15.0,3602.0,268.0,175.0,6.0,505.0,60.0,0
10.0,2862.0,80.0,84.0,6.0,860.0,110.0,1
3.0,32.0,148.0,238.0,4.0,805.0,77.0,1
11.0,6774.0,78.0,22.0,4.0,597.0,83.0,1
15.0,1087.0,61.0,33.0,1.0,410.0,80.0,1
16.0,2995.0,134.0,135.0,3.0,365.0,211.0,0
5.0,1964.0,16.0,261.0,3.0,1025.0,253.0,1
8.0,417.0,229.0,45.0,7.0,1078.0,97.0,0
15.0,413.0,33.0,22.0,3.0,1150.0,135.0,1
12.0,4487.0,261.0,252.0,1.0,585.0,135.0,1
11.0,6598.0,159.0,172.0,4.0,919.0,219.0,1
12.0,6517.0,280.0,154.0,4.0,388.0,95.0,0
14.0,679.0,217.0,34.0,7.0,645.0,127.0,1
0.0,3842.0,157.0,85.0,1.0,1029.0,91.0,1
6.0,7327.0,48.0,16.0,5.0,640.0,110.0,0
14.0,487.0,60.0,79.0,3.0,710.0,234.0,0
15.0,6.0,2.0,252.0,4.0,610.0,200.0,1
12.0,4511.0,79.0,261.0,5.0,880.0,89.0,0
8.0,1222.0,221.0,104.0,5.0,420.0,171.0,0
12.0,4870.0,261.0,79.0,3.0,1210.0,83.0,1
7.0,790.0,214.0,79.0,5.0,385.0,144.0,0
16.0,2338.0,96.0,234.0,7.0,1290.0,79.0,0
6.0,5189.0,285.0,16.0,6.0,450.0,77.0,0
15.0,690.0,45.0,12.0,3.0,750.0,70.0,1
8.0,930.0,16.0,147.0,6.0,540.0,63.0,0
5.0,1106.0,252.0,261.0,7.0,360.0,119.0,0
15.0,3601.0,45.0,12.0,1.0,550.0,70.0,0
6.0,5137.0,16.0,41.0,3.0,1220.0,97.0,0
15.0,2529.0,154.0,217.0,7.0,590.0,75.0,1
1.0,421.0,80.0,18.0,3.0,525.0,60.0,1
1.0,1434.0,80.0,173.0,1.0,380.0,145.0,0
1.0,827.0,35.0,208.0,3.0,965.0,180.0,1
14.0,487.0,60.0,79.0,7.0,710.0,234.0,0
16.0,3138.0,135.0,244.0,7.0,615.0,54.0,1
14.0,1050.0,233.0,60.0,5.0,360.0,57.0,0
1.0,1442.0,208.0,78.0,5.0,1000.0,105.0,0
17.0,2841.0,217.0,292.0,1.0,585.0,79.0,0
10.0,4021.0,208.0,62.0,3.0,720.0,50.0,1
15.0,1441.0,202.0,214.0,4.0,545.0,105.0,0
10.0,3668.0,285.0,183.0,6.0,875.0,125.0,1
8.0,1438.0,173.0,197.0,6.0,712.0,209.0,1
1.0,268.0,252.0,148.0,3.0,435.0,315.0,1
2.0,885.0,214.0,150.0,3.0,1060.0,370.0,1
10.0,4280.0,132.0,208.0,3.0,420.0,130.0,0
5.0,1596.0,85.0,172.0,4.0,1060.0,125.0,0
14.0,1222.0,60.0,45.0,5.0,895.0,81.0,0
17.0,7211.0,228.0,134.0,3.0,1156.0,93.0,1
4.0,1875.0,135.0,80.0,6.0,1140.0,70.0,0
15.0,809.0,216.0,233.0,5.0,450.0,90.0,0
13.0,862.0,253.0,79.0,1.0,682.0,152.0,0
12.0,4631.0,153.0,154.0,1.0,570.0,75.0,0
15.0,912.0,202.0,264.0,1.0,375.0,85.0,1
10.0,3644.0,177.0,183.0,7.0,810.0,145.0,1
1.0,2483.0,80.0,154.0,7.0,1245.0,200.0,1
14.0,975.0,197.0,60.0,7.0,610.0,149.0,1
10.0,3601.0,183.0,54.0,1.0,780.0,100.0,0
1.0,551.0,132.0,80.0,3.0,680.0,130.0,0
3.0,232.0,160.0,261.0,6.0,482.0,103.0,1
15.0,1921.0,27.0,33.0,4.0,570.0,50.0,0
0.0,3659.0,12.0,16.0,5.0,345.0,183.0,0
5.0,2053.0,205.0,16.0,6.0,330.0,145.0,0
12.0,4656.0,197.0,157.0,4.0,1155.0,120.0,0
13.0,887.0,253.0,153.0,3.0,1167.0,99.0,0
13.0,897.0,35.0,134.0,6.0,570.0,107.0,0
10.0,4303.0,204.0,208.0,5.0,905.0,130.0,0
5.0,2213.0,197.0,209.0,6.0,1140.0,158.0,0
3.0,1148.0,173.0,42.0,4.0,1085.0,166.0,1
17.0,7249.0,209.0,134.0,7.0,894.0,74.0,0
0.0,3885.0,106.0,85.0,5.0,807.0,47.0,0
10.0,3931.0,205.0,208.0,1.0,410.0,100.0,0
12.0,7002.0,154.0,252.0,3.0,1260.0,164.0,1
1.0,30.0,154.0,148.0,4.0,1425.0,314.0,0
10.0,4364.0,208.0,71.0,4.0,1255.0,75.0,0
10.0,3980.0,208.0,136.0,5.0,875.0,120.0,1
15.0,1525.0,153.0,44.0,5.0,760.0,65.0,0
4.0,382.0,135.0,35.0,5.0,680.0,213.0,1
16.0,2906.0,197.0,58.0,4.0,835.0,105.0,0
13.0,361.0,159.0,79.0,7.0,480.0,276.0,0
5.0,1571.0,148.0,183.0,6.0,1115.0,204.0,1
0.0,4148.0,33.0,71.0,4.0,495.0,73.0,0
15.0,923.0,277.0,45.0,5.0,630.0,130.0,0
12.0,4485.0,197.0,56.0,3.0,1180.0,72.0,0
2.0,151.0,14.0,211.0,7.0,370.0,95.0,0
6.0,5586.0,288.0,16.0,4.0,765.0,80.0,0
10.0,4105.0,60.0,208.0,1.0,450.0,140.0,0
10.0,3915.0,279.0,208.0,1.0,675.0,115.0,0
14.0,329.0,264.0,217.0,4.0,975.0,75.0,0
8.0,739.0,184.0,197.0,1.0,629.0,73.0,0
0.0,3810.0,177.0,16.0,6.0,555.0,83.0,1
3.0,1225.0,35.0,233.0,5.0,855.0,123.0,1
12.0,6718.0,79.0,290.0,7.0,615.0,102.0,0
13.0,818.0,134.0,35.0,6.0,1332.0,94.0,0
15.0,1760.0,129.0,279.0,7.0,865.0,80.0,1
5.0,2817.0,177.0,154.0,1.0,560.0,260.0,1
12.0,6262.0,79.0,164.0,4.0,960.0,78.0,1
8.0,847.0,16.0,173.0,4.0,1335.0,88.0,0
15.0,2467.0,217.0,253.0,4.0,1245.0,130.0,1
11.0,6776.0,173.0,233.0,5.0,845.0,105.0,1
5.0,1461.0,241.0,85.0,7.0,710.0,170.0,0
6.0,5285.0,120.0,16.0,1.0,835.0,95.0,0
4.0,1191.0,35.0,96.0,1.0,665.0,85.0,0
15.0,632.0,35.0,175.0,7.0,1145.0,175.0,0
15.0,1569.0,268.0,217.0,5.0,735.0,215.0,1
0.0,4277.0,177.0,13.0,7.0,820.0,120.0,0
16.0,3114.0,159.0,58.0,7.0,1079.0,98.0,0
8.0,6.0,173.0,260.0,4.0,1184.0,161.0,1
12.0,6534.0,79.0,137.0,4.0,686.0,100.0,0
10.0,4070.0,208.0,43.0,5.0,935.0,95.0,0
12.0,6260.0,265.0,208.0,5.0,796.0,58.0,0
15.0,733.0,154.0,153.0,4.0,890.0,60.0,1
15.0,413.0,111.0,252.0,7.0,435.0,60.0,0
15.0,1992.0,244.0,217.0,5.0,515.0,150.0,0
12.0,4766.0,230.0,197.0,5.0,713.0,92.0,1
1.0,664.0,104.0,148.0,1.0,705.0,170.0,0
8.0,417.0,229.0,45.0,6.0,1078.0,97.0,0
12.0,6588.0,262.0,6.0,5.0,1277.0,59.0,0
15.0,142.0,45.0,147.0,5.0,1145.0,125.0,1
13.0,573.0,253.0,252.0,3.0,1003.0,133.0,1
15.0,2194.0,214.0,79.0,3.0,1160.0,145.0,1
6.0,5117.0,81.0,16.0,7.0,330.0,70.0,0
15.0,650.0,175.0,182.0,5.0,660.0,120.0,0
17.0,2926.0,217.0,246.0,4.0,510.0,94.0,0
1.0,736.0,80.0,159.0,5.0,850.0,195.0,0
14.0,488.0,154.0,217.0,6.0,590.0,81.0,0
4.0,1636.0,135.0,178.0,5.0,715.0,75.0,0
12.0,6598.0,262.0,253.0,6.0,510.0,48.0,0
14.0,1997.0,60.0,104.0,5.0,595.0,128.0,1
5.0,2076.0,173.0,159.0,3.0,645.0,154.0,1
14.0,2025.0,35.0,78.0,7.0,480.0,94.0,0
6.0,5298.0,85.0,121.0,5.0,630.0,109.0,0
15.0,685.0,175.0,22.0,5.0,560.0,125.0,0
4.0,1603.0,135.0,18.0,4.0,1075.0,58.0,1
13.0,599.0,79.0,207.0,3.0,1152.0,145.0,0
6.0,5612.0,16.0,201.0,1.0,590.0,89.0,0
0.0,3674.0,177.0,187.0,3.0,1160.0,90.0,0
5.0,1524.0,244.0,16.0,7.0,480.0,139.0,0
0.0,3987.0,285.0,177.0,5.0,480.0,89.0,0
15.0,167.0,202.0,153.0,7.0,600.0,85.0,0
10.0,3608.0,16.0,183.0,3.0,1000.0,120.0,0
5.0,155.0,148.0,104.0,7.0,930.0,205.0,0
5.0,1506.0,154.0,85.0,7.0,345.0,270.0,1
13.0,239.0,198.0,154.0,7.0,440.0,258.0,0
5.0,1553.0,148.0,264.0,7.0,548.0,392.0,0
15.0,759.0,79.0,175.0,4.0,875.0,135.0,0
5.0,1946.0,104.0,197.0,6.0,800.0,240.0,1
15.0,2071.0,173.0,45.0,6.0,640.0,125.0,1
17.0,2751.0,217.0,248.0,4.0,1258.0,101.0,0
1.0,460.0,135.0,80.0,1.0,440.0,75.0,0
15.0,1984.0,175.0,202.0,6.0,605.0,295.0,1
10.0,4592.0,197.0,159.0,1.0,810.0,165.0,1
13.0,923.0,134.0,79.0,7.0,892.0,248.0,1
16.0,2597.0,135.0,245.0,5.0,1180.0,126.0,0
1.0,1304.0,279.0,80.0,1.0,1030.0,70.0,1
7.0,401.0,79.0,154.0,6.0,420.0,145.0,0
16.0,2541.0,58.0,60.0,1.0,465.0,88.0,1
3.0,51.0,42.0,148.0,7.0,670.0,75.0,0
16.0,2761.0,234.0,96.0,7.0,437.0,67.0,0
4.0,158.0,135.0,78.0,1.0,895.0,172.0,0
16.0,2321.0,71.0,135.0,1.0,705.0,159.0,1
15.0,3930.0,154.0,2.0,3.0,450.0,105.0,0
6.0,5254.0,245.0,16.0,4.0,761.0,86.0,0
15.0,863.0,175.0,241.0,5.0,795.0,175.0,0
2.0,587.0,264.0,214.0,7.0,615.0,148.0,0
13.0,861.0,35.0,134.0,6.0,1145.0,106.0,0
1.0,1208.0,277.0,208.0,7.0,505.0,170.0,0
5.0,1319.0,16.0,22.0,7.0,904.0,143.0,1
15.0,2771.0,264.0,217.0,6.0,830.0,70.0,1
15.0,2946.0,33.0,129.0,6.0,1065.0,130.0,1
5.0,2925.0,197.0,264.0,6.0,1045.0,237.0,0
1.0,1970.0,79.0,80.0,4.0,865.0,115.0,0
16.0,2373.0,135.0,18.0,1.0,485.0,53.0,0
12.0,6701.0,99.0,79.0,3.0,380.0,128.0,0
6.0,5127.0,16.0,132.0,5.0,764.0,56.0,0
10.0,3050.0,100.0,154.0,5.0,1150.0,65.0,0
6.0,5399.0,16.0,84.0,3.0,498.0,136.0,0
16.0,2166.0,157.0,135.0,5.0,1075.0,150.0,1
11.0,6548.0,148.0,221.0,1.0,885.0,108.0,0
5.0,2019.0,159.0,197.0,3.0,1100.0,195.0,0
0.0,3955.0,155.0,177.0,5.0,355.0,119.0,0
14.0,1990.0,60.0,139.0,3.0,890.0,105.0,0
16.0,2318.0,135.0,16.0,7.0,1060.0,124.0,1
15.0,326.0,213.0,141.0,7.0,1120.0,160.0,0
12.0,6355.0,246.0,154.0,6.0,1026.0,46.0,0
14.0,1567.0,134.0,60.0,4.0,420.0,87.0,0
15.0,526.0,175.0,217.0,1.0,695.0,240.0,1
15.0,2176.0,153.0,44.0,7.0,1215.0,60.0,1
5.0,117.0,16.0,277.0,6.0,1066.0,90.0,0
5.0,2242.0,16.0,96.0,1.0,1068.0,134.0,0
14.0,308.0,16.0,60.0,5.0,430.0,75.0,0
14.0,496.0,217.0,79.0,7.0,1355.0,102.0,0
16.0,2370.0,197.0,58.0,6.0,825.0,103.0,0
5.0,2927.0,197.0,172.0,4.0,420.0,95.0,0
16.0,5897.0,208.0,99.0,4.0,920.0,113.0,1
10.0,4619.0,159.0,233.0,1.0,535.0,110.0,0
10.0,3361.0,80.0,84.0,6.0,1200.0,110.0,0
1.0,400.0,80.0,148.0,1.0,655.0,205.0,0
13.0,741.0,174.0,208.0,3.0,1001.0,130.0,0
12.0,6456.0,79.0,136.0,1.0,1051.0,79.0,0
1.0,2545.0,205.0,80.0,5.0,490.0,130.0,0
2.0,602.0,252.0,153.0,7.0,460.0,142.0,0
0.0,3725.0,281.0,85.0,5.0,335.0,75.0,0
5.0,1628.0,16.0,175.0,7.0,1295.0,117.0,0
13.0,558.0,154.0,79.0,6.0,511.0,145.0,0
8.0,226.0,184.0,153.0,1.0,1075.0,250.0,1
1.0,2272.0,80.0,78.0,6.0,825.0,160.0,0
15.0,1273.0,207.0,153.0,7.0,440.0,60.0,0
16.0,2753.0,96.0,162.0,7.0,1160.0,200.0,1
16.0,2488.0,60.0,96.0,7.0,1215.0,117.0,0
10.0,4625.0,159.0,233.0,1.0,360.0,100.0,0
6.0,5354.0,201.0,16.0,5.0,704.0,95.0,1
17.0,2672.0,60.0,138.0,3.0,870.0,57.0,0
6.0,5563.0,190.0,16.0,4.0,1025.0,81.0,0
5.0,1112.0,221.0,16.0,1.0,345.0,131.0,0
15.0,955.0,172.0,45.0,5.0,640.0,140.0,0
6.0,5306.0,121.0,16.0,3.0,764.0,80.0,0
8.0,532.0,16.0,177.0,4.0,760.0,84.0,0
16.0,2699.0,96.0,45.0,3.0,910.0,62.0,0
16.0,5979.0,107.0,208.0,1.0,886.0,96.0,1
5.0,2673.0,159.0,177.0,1.0,395.0,185.0,0
10.0,2787.0,165.0,80.0,5.0,935.0,80.0,0
15.0,1141.0,155.0,75.0,4.0,580.0,65.0,1
15.0,919.0,173.0,45.0,5.0,445.0,125.0,0
15.0,1427.0,198.0,153.0,3.0,1065.0,240.0,1
15.0,961.0,207.0,202.0,3.0,625.0,75.0,1
1.0,2374.0,80.0,208.0,3.0,1240.0,125.0,1
15.0,844.0,129.0,18.0,1.0,895.0,50.0,1
11.0,6264.0,22.0,71.0,5.0,345.0,133.0,0
14.0,551.0,217.0,80.0,1.0,965.0,140.0,0
10.0,3823.0,197.0,208.0,6.0,780.0,95.0,1
5.0,385.0,16.0,245.0,6.0,1300.0,67.0,0
17.0,7283.0,229.0,134.0,7.0,863.0,112.0,0
13.0,707.0,208.0,79.0,3.0,360.0,160.0,0
5.0,2416.0,153.0,85.0,1.0,857.0,236.0,0
10.0,3755.0,208.0,85.0,7.0,1220.0,80.0,1
15.0,3015.0,261.0,153.0,6.0,650.0,85.0,0
9.0,145.0,203.0,128.0,5.0,585.0,34.0,0
12.0,6574.0,79.0,204.0,7.0,1045.0,90.0,1
10.0,3529.0,80.0,184.0,4.0,925.0,135.0,0
5.0,1241.0,121.0,16.0,7.0,383.0,63.0,0
16.0,5911.0,218.0,208.0,6.0,867.0,58.0,1
2.0,188.0,98.0,14.0,6.0,945.0,63.0,1
13.0,355.0,16.0,208.0,1.0,576.0,133.0,0
3.0,1205.0,130.0,241.0,5.0,561.0,188.0,0
16.0,2628.0,245.0,135.0,1.0,510.0,162.0,0
15.0,1321.0,243.0,258.0,1.0,860.0,80.0,1
11.0,6336.0,78.0,148.0,4.0,865.0,100.0,0
8.0,215.0,184.0,241.0,7.0,566.0,174.0,0
10.0,3679.0,275.0,183.0,4.0,530.0,85.0,0
5.0,2043.0,96.0,16.0,5.0,435.0,159.0,0
12.0,4883.0,261.0,28.0,3.0,1290.0,81.0,1
2.0,312.0,253.0,227.0,7.0,910.0,84.0,1
10.0,2769.0,80.0,254.0,3.0,950.0,75.0,0
12.0,6696.0,199.0,79.0,6.0,1010.0,50.0,0
4.0,534.0,135.0,221.0,5.0,800.0,155.0,1
13.0,622.0,208.0,78.0,5.0,1025.0,111.0,0
15.0,2529.0,154.0,217.0,3.0,590.0,75.0,0
16.0,2849.0,209.0,58.0,4.0,1068.0,102.0,0
15.0,1738.0,243.0,253.0,6.0,1165.0,90.0,1
16.0,2901.0,96.0,209.0,6.0,925.0,71.0,1
5.0,379.0,43.0,16.0,4.0,817.0,136.0,0
9.0,120.0,128.0,150.0,4.0,526.0,42.0,0
15.0,680.0,258.0,214.0,3.0,815.0,105.0,1
15.0,357.0,45.0,12.0,3.0,935.0,70.0,1
12.0,6675.0,79.0,100.0,4.0,746.0,145.0,0
10.0,3972.0,281.0,208.0,1.0,530.0,85.0,0
3.0,1418.0,147.0,35.0,6.0,770.0,145.0,0
14.0,62.0,79.0,60.0,5.0,410.0,189.0,1
12.0,4487.0,135.0,261.0,6.0,405.0,199.0,0
1.0,452.0,183.0,35.0,3.0,405.0,180.0,0
5.0,1286.0,16.0,245.0,7.0,1053.0,64.0,0
0.0,4241.0,76.0,85.0,3.0,715.0,70.0,0
8.0,897.0,159.0,139.0,3.0,1019.0,135.0,0
16.0,2146.0,58.0,209.0,3.0,1145.0,90.0,1
15.0,1972.0,173.0,209.0,6.0,1080.0,110.0,0
3.0,575.0,272.0,173.0,3.0,482.0,176.0,0
8.0,454.0,16.0,198.0,5.0,1083.0,97.0,0
4.0,1588.0,243.0,135.0,4.0,770.0,187.0,0
5.0,2293.0,96.0,177.0,5.0,974.0,186.0,0
16.0,2828.0,75.0,135.0,4.0,1140.0,62.0,0
14.0,1232.0,104.0,78.0,5.0,1085.0,144.0,0
3.0,1401.0,104.0,18.0,3.0,941.0,189.0,1
15.0,397.0,139.0,153.0,1.0,1055.0,255.0,1
5.0,2946.0,135.0,197.0,7.0,395.0,169.0,0
11.0,6347.0,148.0,80.0,6.0,1165.0,272.0,0
0.0,4034.0,85.0,175.0,4.0,1045.0,77.0,1
15.0,3930.0,154.0,2.0,5.0,450.0,105.0,0
1.0,1235.0,80.0,264.0,6.0,1280.0,190.0,0
11.0,6512.0,177.0,96.0,3.0,870.0,164.0,1
1.0,606.0,80.0,260.0,4.0,965.0,265.0,1
4.0,1779.0,135.0,244.0,4.0,1050.0,59.0,1
12.0,6529.0,91.0,208.0,5.0,415.0,177.0,0
4.0,1688.0,135.0,85.0,1.0,965.0,165.0,0
16.0,2213.0,135.0,290.0,1.0,805.0,85.0,1
6.0,5185.0,245.0,16.0,3.0,690.0,70.0,1
12.0,6540.0,79.0,227.0,1.0,546.0,136.0,0
5.0,1459.0,71.0,79.0,7.0,560.0,197.0,0
13.0,112.0,207.0,79.0,4.0,365.0,139.0,0
15.0,1168.0,233.0,153.0,6.0,1025.0,320.0,1
15.0,996.0,131.0,244.0,3.0,1090.0,55.0,0
5.0,1794.0,16.0,216.0,4.0,1295.0,124.0,1
12.0,4835.0,137.0,261.0,1.0,1090.0,53.0,1
12.0,6247.0,79.0,127.0,6.0,758.0,116.0,1
16.0,2370.0,96.0,197.0,3.0,540.0,206.0,1
5.0,47.0,16.0,35.0,5.0,1145.0,154.0,0
10.0,4381.0,148.0,35.0,5.0,520.0,70.0,0
16.0,5990.0,164.0,208.0,4.0,883.0,97.0,0
14.0,1126.0,60.0,80.0,1.0,885.0,178.0,1
16.0,3137.0,96.0,60.0,6.0,895.0,111.0,0
10.0,3756.0,208.0,261.0,6.0,775.0,210.0,0
1.0,1181.0,78.0,183.0,7.0,1010.0,170.0,1
2.0,562.0,214.0,154.0,7.0,590.0,137.0,1
0.0,4197.0,85.0,84.0,6.0,740.0,115.0,0
5.0,2946.0,135.0,197.0,5.0,395.0,165.0,0
11.0,6449.0,120.0,16.0,3.0,743.0,106.0,0
15.0,1350.0,268.0,45.0,6.0,1025.0,115.0,1
8.0,199.0,78.0,16.0,1.0,880.0,120.0,0
12.0,6264.0,253.0,100.0,7.0,760.0,62.0,1
6.0,5404.0,16.0,19.0,1.0,825.0,58.0,0
8.0,464.0,16.0,45.0,6.0,810.0,104.0,0
5.0,1866.0,16.0,132.0,3.0,1210.0,50.0,1
10.0,3679.0,275.0,183.0,1.0,530.0,85.0,0
10.0,2708.0,71.0,80.0,6.0,960.0,165.0,0
15.0,1173.0,153.0,217.0,7.0,805.0,70.0,0
15.0,3247.0,280.0,154.0,5.0,1100.0,95.0,1
2.0,514.0,252.0,264.0,1.0,990.0,157.0,0
12.0,7028.0,79.0,244.0,5.0,630.0,128.0,1
3.0,248.0,160.0,202.0,3.0,837.0,76.0,1
9.0,374.0,161.0,128.0,5.0,913.0,32.0,1
5.0,428.0,260.0,16.0,3.0,985.0,236.0,1
1.0,1226.0,183.0,159.0,3.0,1220.0,165.0,0
15.0,2924.0,129.0,153.0,6.0,500.0,205.0,0
0.0,4035.0,184.0,71.0,5.0,1035.0,81.0,0
14.0,20.0,217.0,128.0,4.0,715.0,403.0,0
15.0,1437.0,153.0,45.0,6.0,750.0,270.0,1
6.0,7117.0,134.0,61.0,7.0,1336.0,75.0,0
10.0,2852.0,254.0,80.0,3.0,460.0,95.0,0
6.0,4950.0,16.0,157.0,5.0,730.0,74.0,1
5.0,1666.0,16.0,223.0,3.0,900.0,75.0,1
12.0,6512.0,227.0,154.0,1.0,377.0,47.0,0
12.0,6696.0,79.0,199.0,6.0,925.0,55.0,0
13.0,261.0,154.0,173.0,4.0,515.0,286.0,0
15.0,1775.0,233.0,216.0,1.0,855.0,80.0,0
12.0,6939.0,214.0,252.0,1.0,530.0,49.0,0
15.0,401.0,45.0,233.0,6.0,970.0,65.0,1
15.0,1672.0,175.0,134.0,6.0,780.0,110.0,0
9.0,373.0,128.0,161.0,3.0,847.0,38.0,1
6.0,7083.0,208.0,71.0,6.0,972.0,69.0,0
14.0,1732.0,16.0,60.0,4.0,330.0,68.0,0
15.0,1154.0,243.0,253.0,3.0,495.0,100.0,0
5.0,2283.0,16.0,198.0,7.0,510.0,108.0,0
12.0,6548.0,208.0,139.0,4.0,1003.0,56.0,1
9.0,161.0,143.0,128.0,7.0,634.0,49.0,0
15.0,1667.0,264.0,262.0,1.0,745.0,90.0,1
1.0,1561.0,208.0,253.0,3.0,1125.0,285.0,1
15.0,380.0,197.0,175.0,7.0,830.0,90.0,1
14.0,397.0,153.0,80.0,6.0,1005.0,157.0,0
13.0,726.0,79.0,197.0,3.0,1228.0,121.0,0
1.0,409.0,172.0,80.0,5.0,1155.0,100.0,1
15.0,903.0,204.0,172.0,7.0,920.0,65.0,1
15.0,3150.0,43.0,45.0,4.0,690.0,70.0,1
15.0,595.0,175.0,251.0,4.0,985.0,65.0,1
16.0,2809.0,135.0,68.0,1.0,940.0,59.0,1
15.0,740.0,153.0,268.0,4.0,795.0,190.0,0
10.0,4377.0,35.0,148.0,1.0,545.0,80.0,1
14.0,1103.0,60.0,80.0,5.0,785.0,172.0,1
14.0,397.0,153.0,80.0,4.0,1005.0,157.0,0
0.0,4103.0,238.0,16.0,4.0,1053.0,145.0,1
2.0,509.0,264.0,252.0,7.0,840.0,168.0,0
14.0,1576.0,213.0,60.0,4.0,505.0,113.0,0
0.0,3702.0,240.0,197.0,1.0,330.0,50.0,0
10.0,4206.0,62.0,208.0,5.0,485.0,65.0,0
14.0,90.0,217.0,214.0,5.0,885.0,165.0,0
1.0,500.0,243.0,80.0,5.0,875.0,175.0,0
7.0,815.0,79.0,172.0,5.0,420.0,93.0,0
2.0,591.0,227.0,214.0,3.0,745.0,149.0,0
11.0,6377.0,71.0,251.0,1.0,810.0,53.0,0
15.0,1075.0,91.0,2.0,4.0,450.0,55.0,0
14.0,1101.0,60.0,80.0,7.0,680.0,170.0,1
12.0,6595.0,261.0,79.0,3.0,534.0,100.0,0
0.0,4044.0,85.0,174.0,3.0,840.0,92.0,0
8.0,130.0,277.0,16.0,5.0,1206.0,89.0,0
11.0,6557.0,71.0,208.0,6.0,980.0,82.0,0
15.0,779.0,173.0,104.0,3.0,560.0,60.0,1
15.0,758.0,75.0,162.0,5.0,380.0,60.0,1
15.0,901.0,153.0,2.0,5.0,1080.0,85.0,0
12.0,4801.0,135.0,261.0,6.0,850.0,195.0,1
13.0,20.0,262.0,79.0,1.0,466.0,153.0,0
5.0,2603.0,85.0,104.0,7.0,1195.0,184.0,1
16.0,2209.0,58.0,121.0,4.0,1010.0,80.0,0
12.0,4765.0,153.0,154.0,6.0,360.0,75.0,0
17.0,2914.0,24.0,217.0,4.0,723.0,92.0,0
8.0,506.0,159.0,184.0,7.0,1122.0,147.0,1
6.0,7111.0,134.0,148.0,7.0,501.0,74.0,0
15.0,1244.0,45.0,182.0,1.0,1050.0,80.0,0
1.0,879.0,80.0,2.0,7.0,545.0,110.0,0
14.0,623.0,217.0,202.0,7.0,1080.0,119.0,1
5.0,2377.0,208.0,16.0,5.0,510.0,119.0,1
5.0,2604.0,154.0,261.0,6.0,984.0,111.0,1
13.0,417.0,153.0,208.0,4.0,887.0,214.0,0
6.0,4975.0,71.0,16.0,3.0,575.0,100.0,0
12.0,6630.0,79.0,199.0,7.0,570.0,56.0,0
12.0,3048.0,221.0,184.0,7.0,865.0,91.0,0
1.0,566.0,217.0,80.0,1.0,850.0,135.0,0
10.0,3650.0,285.0,183.0,4.0,360.0,135.0,0
8.0,1079.0,130.0,173.0,6.0,837.0,170.0,0
13.0,112.0,79.0,277.0,5.0,626.0,206.0,0
11.0,6722.0,85.0,174.0,7.0,840.0,82.0,0
15.0,944.0,153.0,261.0,3.0,1055.0,80.0,1
6.0,4966.0,288.0,16.0,7.0,325.0,69.0,0
5.0,2201.0,35.0,16.0,3.0,1035.0,185.0,0
13.0,369.0,79.0,214.0,6.0,736.0,178.0,0
1.0,436.0,264.0,80.0,5.0,650.0,170.0,0
14.0,1221.0,104.0,78.0,4.0,840.0,146.0,0
6.0,4947.0,27.0,16.0,7.0,720.0,83.0,1
5.0,2143.0,96.0,16.0,7.0,500.0,160.0,0
12.0,6832.0,246.0,253.0,5.0,380.0,88.0,0
11.0,6255.0,71.0,85.0,4.0,710.0,85.0,1
14.0,1636.0,58.0,60.0,5.0,530.0,103.0,0
15.0,1003.0,129.0,2.0,5.0,1035.0,135.0,1
11.0,6417.0,76.0,197.0,7.0,390.0,144.0,0
5.0,1753.0,197.0,252.0,3.0,680.0,223.0,0
5.0,2823.0,197.0,173.0,4.0,605.0,192.0,0
15.0,764.0,173.0,22.0,3.0,1065.0,155.0,1
8.0,908.0,16.0,215.0,4.0,817.0,91.0,0
15.0,195.0,175.0,268.0,3.0,475.0,70.0,0
1.0,1394.0,80.0,104.0,5.0,540.0,155.0,0
7.0,453.0,159.0,184.0,4.0,370.0,135.0,0
11.0,6501.0,233.0,173.0,3.0,700.0,120.0,0
15.0,1839.0,175.0,217.0,5.0,485.0,245.0,1
15.0,628.0,45.0,27.0,1.0,865.0,135.0,0
1.0,1509.0,80.0,18.0,3.0,1086.0,60.0,0
14.0,2045.0,35.0,78.0,1.0,1080.0,97.0,1
3.0,1416.0,253.0,160.0,3.0,570.0,82.0,0
13.0,157.0,243.0,253.0,6.0,481.0,104.0,0
6.0,7313.0,177.0,256.0,1.0,870.0,78.0,0
14.0,1440.0,60.0,78.0,3.0,580.0,76.0,0
5.0,1932.0,147.0,16.0,5.0,510.0,89.0,0
3.0,41.0,148.0,173.0,1.0,555.0,181.0,1
9.0,354.0,161.0,128.0,3.0,941.0,32.0,0
15.0,518.0,262.0,264.0,5.0,525.0,90.0,0
15.0,851.0,153.0,154.0,3.0,935.0,65.0,1
17.0,2607.0,174.0,60.0,4.0,425.0,102.0,0
12.0,4816.0,261.0,79.0,3.0,920.0,88.0,0
3.0,135.0,148.0,241.0,3.0,700.0,188.0,1
16.0,2048.0,135.0,80.0,7.0,895.0,68.0,0
15.0,3243.0,213.0,141.0,4.0,460.0,160.0,1
5.0,1212.0,154.0,197.0,6.0,380.0,220.0,0
1.0,1578.0,80.0,268.0,5.0,865.0,95.0,0
7.0,265.0,264.0,79.0,7.0,510.0,135.0,0
10.0,3395.0,80.0,41.0,6.0,1080.0,75.0,0
5.0,1983.0,16.0,223.0,1.0,740.0,70.0,0
13.0,579.0,79.0,28.0,1.0,689.0,93.0,0
15.0,1320.0,153.0,252.0,4.0,375.0,165.0,1
10.0,4178.0,208.0,62.0,7.0,1180.0,55.0,0
12.0,4643.0,261.0,177.0,5.0,523.0,188.0,0
11.0,6278.0,71.0,96.0,3.0,905.0,126.0,0
13.0,546.0,217.0,253.0,5.0,669.0,138.0,0
15.0,1339.0,172.0,217.0,6.0,675.0,185.0,1
2.0,45.0,14.0,23.0,5.0,1118.0,77.0,0
2.0,521.0,44.0,252.0,7.0,1130.0,156.0,1
16.0,2973.0,279.0,135.0,6.0,465.0,90.0,0
15.0,711.0,244.0,153.0,7.0,470.0,175.0,1
12.0,3097.0,205.0,184.0,4.0,667.0,81.0,0
6.0,7137.0,134.0,47.0,6.0,1055.0,87.0,1
6.0,5391.0,19.0,16.0,1.0,770.0,69.0,0
5.0,1629.0,148.0,153.0,5.0,970.0,366.0,0
15.0,757.0,91.0,154.0,1.0,755.0,135.0,0
14.0,1177.0,60.0,147.0,7.0,795.0,81.0,0
5.0,1951.0,16.0,183.0,4.0,815.0,109.0,0
8.0,83.0,16.0,104.0,1.0,620.0,117.0,1
16.0,2904.0,119.0,58.0,1.0,360.0,58.0,0
6.0,7078.0,238.0,134.0,4.0,858.0,80.0,1
6.0,5565.0,16.0,116.0,5.0,890.0,89.0,0
10.0,2821.0,80.0,266.0,1.0,610.0,50.0,0
14.0,652.0,139.0,217.0,7.0,360.0,235.0,0
15.0,145.0,202.0,44.0,3.0,520.0,65.0,1
1.0,541.0,80.0,91.0,3.0,1075.0,105.0,0
15.0,534.0,217.0,279.0,3.0,1005.0,135.0,1
16.0,5935.0,208.0,117.0,6.0,468.0,48.0,1
14.0,154.0,243.0,216.0,6.0,525.0,302.0,1
1.0,470.0,100.0,80.0,7.0,810.0,195.0,0
15.0,870.0,2.0,75.0,4.0,395.0,100.0,0
13.0,887.0,253.0,153.0,7.0,1154.0,100.0,0
14.0,1694.0,277.0,216.0,3.0,475.0,148.0,0
10.0,3584.0,184.0,80.0,4.0,725.0,165.0,1
8.0,1464.0,173.0,175.0,5.0,841.0,163.0,1
10.0,3061.0,154.0,243.0,4.0,945.0,45.0,0
15.0,2397.0,243.0,280.0,5.0,1145.0,70.0,1
16.0,5926.0,208.0,230.0,1.0,718.0,137.0,0
13.0,981.0,134.0,135.0,4.0,499.0,206.0,0
15.0,1416.0,202.0,243.0,6.0,505.0,85.0,0
10.0,2732.0,181.0,80.0,3.0,725.0,90.0,0
5.0,1890.0,16.0,268.0,5.0,825.0,104.0,0
13.0,151.0,134.0,208.0,3.0,739.0,132.0,1
10.0,3364.0,275.0,80.0,7.0,1020.0,150.0,0
1.0,1154.0,80.0,136.0,4.0,765.0,75.0,0
10.0,4088.0,208.0,99.0,7.0,1220.0,120.0,0
5.0,1763.0,78.0,197.0,4.0,826.0,174.0,0
1.0,1264.0,79.0,80.0,7.0,440.0,125.0,1
2.0,613.0,153.0,252.0,4.0,1240.0,154.0,1
15.0,1440.0,243.0,153.0,7.0,1230.0,70.0,1
4.0,1033.0,159.0,135.0,5.0,630.0,245.0,1
5.0,1125.0,16.0,186.0,1.0,536.0,98.0,0
15.0,2285.0,213.0,141.0,6.0,790.0,160.0,0
5.0,1646.0,217.0,16.0,3.0,50.0,212.0,1
5.0,2428.0,173.0,85.0,3.0,1100.0,160.0,0
5.0,2953.0,85.0,261.0,7.0,1034.0,239.0,1
10.0,2773.0,80.0,1.0,5.0,1130.0,50.0,0
15.0,1141.0,162.0,45.0,3.0,755.0,130.0,1
13.0,990.0,208.0,134.0,7.0,1098.0,114.0,1
8.0,727.0,184.0,80.0,4.0,535.0,150.0,0
15.0,939.0,243.0,258.0,6.0,1105.0,80.0,1
14.0,119.0,150.0,217.0,6.0,1425.0,349.0,0
3.0,456.0,104.0,35.0,4.0,880.0,186.0,1
10.0,4237.0,208.0,195.0,1.0,1065.0,55.0,0
0.0,3810.0,84.0,85.0,4.0,1070.0,114.0,0
16.0,2398.0,279.0,96.0,5.0,430.0,170.0,0
13.0,815.0,79.0,154.0,4.0,1290.0,159.0,0
1.0,2021.0,208.0,260.0,3.0,920.0,275.0,1
15.0,933.0,22.0,45.0,1.0,510.0,75.0,0
6.0,5438.0,162.0,177.0,5.0,700.0,62.0,0
15.0,781.0,207.0,175.0,1.0,595.0,235.0,1
1.0,1696.0,198.0,208.0,5.0,1055.0,150.0,0
5.0,1050.0,177.0,16.0,1.0,855.0,85.0,1
1.0,1031.0,104.0,80.0,7.0,1105.0,195.0,1
6.0,7121.0,134.0,223.0,6.0,1149.0,152.0,1
6.0,5242.0,290.0,177.0,5.0,700.0,66.0,0
15.0,1413.0,258.0,217.0,7.0,805.0,110.0,1
1.0,1234.0,183.0,277.0,6.0,480.0,55.0,0
12.0,6651.0,154.0,236.0,6.0,480.0,85.0,0
12.0,4551.0,137.0,261.0,7.0,750.0,41.0,1
2.0,49.0,14.0,9.0,5.0,914.0,61.0,1
15.0,931.0,172.0,79.0,5.0,1140.0,115.0,1
5.0,1424.0,16.0,45.0,3.0,820.0,105.0,0
15.0,3920.0,268.0,204.0,4.0,635.0,100.0,1
15.0,1370.0,202.0,44.0,4.0,970.0,65.0,0
8.0,715.0,48.0,159.0,6.0,390.0,98.0,0
1.0,1397.0,208.0,241.0,4.0,410.0,165.0,0
10.0,3836.0,208.0,216.0,7.0,575.0,120.0,1
9.0,515.0,203.0,128.0,4.0,1365.0,33.0,0
4.0,1545.0,58.0,135.0,6.0,902.0,182.0,0
0.0,3842.0,157.0,85.0,5.0,1029.0,91.0,0
17.0,2833.0,280.0,217.0,3.0,405.0,47.0,0
15.0,441.0,251.0,217.0,1.0,420.0,255.0,0
6.0,5327.0,177.0,132.0,3.0,570.0,62.0,0
1.0,1335.0,78.0,80.0,5.0,440.0,215.0,0
0.0,4156.0,177.0,184.0,7.0,865.0,108.0,0
15.0,2461.0,216.0,79.0,5.0,480.0,285.0,0
12.0,6252.0,210.0,253.0,6.0,525.0,117.0,0
1.0,1145.0,80.0,44.0,3.0,785.0,205.0,0
7.0,232.0,79.0,33.0,4.0,630.0,150.0,0
6.0,5067.0,16.0,190.0,5.0,665.0,84.0,0
3.0,1016.0,148.0,35.0,1.0,1075.0,76.0,0
4.0,1692.0,96.0,173.0,6.0,1200.0,166.0,0
10.0,4174.0,43.0,208.0,4.0,390.0,120.0,0
12.0,6344.0,153.0,154.0,6.0,1230.0,83.0,0
15.0,23.0,217.0,91.0,5.0,455.0,65.0,0
5.0,1628.0,16.0,175.0,4.0,1295.0,117.0,1
12.0,6993.0,79.0,230.0,5.0,970.0,62.0,1
10.0,2907.0,80.0,71.0,5.0,885.0,130.0,0
15.0,2381.0,159.0,175.0,4.0,1165.0,160.0,1
8.0,918.0,184.0,197.0,6.0,1255.0,75.0,1
16.0,2275.0,213.0,135.0,5.0,890.0,170.0,0
15.0,3843.0,44.0,217.0,7.0,580.0,85.0,1
5.0,1851.0,197.0,153.0,4.0,425.0,213.0,0
6.0,5584.0,19.0,16.0,3.0,700.0,67.0,0
1.0,1448.0,208.0,78.0,7.0,640.0,105.0,0
10.0,4436.0,33.0,78.0,4.0,390.0,105.0,0
3.0,1028.0,148.0,35.0,6.0,509.0,74.0,1
16.0,5979.0,107.0,208.0,6.0,892.0,96.0,1
13.0,189.0,45.0,208.0,1.0,360.0,135.0,0
15.0,1451.0,217.0,27.0,4.0,960.0,195.0,1
6.0,5052.0,16.0,201.0,4.0,1241.0,85.0,1
14.0,1190.0,60.0,221.0,7.0,1000.0,84.0,0
8.0,573.0,159.0,184.0,7.0,400.0,140.0,0
5.0,2799.0,197.0,217.0,6.0,875.0,201.0,0
15.0,221.0,79.0,217.0,5.0,585.0,120.0,1
5.0,2036.0,85.0,45.0,3.0,445.0,97.0,1
5.0,1250.0,172.0,16.0,6.0,910.0,120.0,0
5.0,465.0,85.0,261.0,5.0,725.0,244.0,1
15.0,2097.0,154.0,172.0,4.0,745.0,190.0,0
15.0,556.0,207.0,262.0,4.0,1060.0,80.0,1
1.0,1843.0,35.0,208.0,6.0,360.0,175.0,0
1.0,1632.0,80.0,205.0,6.0,945.0,105.0,0
15.0,1279.0,129.0,204.0,4.0,1245.0,80.0,0
8.0,355.0,159.0,16.0,4.0,794.0,155.0,1
12.0,6232.0,153.0,100.0,1.0,513.0,88.0,0
5.0,66.0,277.0,16.0,5.0,807.0,99.0,1
1.0,835.0,139.0,80.0,3.0,900.0,145.0,1
5.0,2676.0,16.0,43.0,6.0,1229.0,125.0,0
12.0,6698.0,214.0,79.0,6.0,467.0,155.0,0
16.0,5981.0,47.0,208.0,7.0,606.0,128.0,0
15.0,283.0,268.0,79.0,5.0,1130.0,150.0,1
12.0,6628.0,27.0,79.0,1.0,900.0,190.0,0
13.0,90.0,253.0,96.0,6.0,547.0,333.0,0
8.0,1043.0,61.0,104.0,7.0,879.0,157.0,1
2.0,501.0,264.0,252.0,7.0,600.0,168.0,0
9.0,197.0,203.0,128.0,5.0,1200.0,33.0,1
15.0,380.0,79.0,197.0,3.0,620.0,125.0,0
14.0,750.0,183.0,216.0,5.0,820.0,173.0,0
10.0,3635.0,183.0,60.0,6.0,680.0,125.0,0
12.0,7004.0,253.0,248.0,6.0,463.0,62.0,0
12.0,6685.0,79.0,34.0,5.0,730.0,128.0,0
15.0,3833.0,217.0,154.0,5.0,1175.0,85.0,1
6.0,7093.0,61.0,134.0,7.0,867.0,84.0,0
5.0,2265.0,16.0,177.0,4.0,755.0,88.0,0
15.0,3122.0,279.0,79.0,6.0,1000.0,105.0,0
5.0,1719.0,85.0,154.0,7.0,730.0,305.0,1
15.0,525.0,154.0,18.0,4.0,580.0,170.0,0
6.0,5044.0,87.0,16.0,7.0,330.0,67.0,0
8.0,926.0,16.0,172.0,5.0,540.0,134.0,0
5.0,1002.0,261.0,148.0,7.0,1425.0,260.0,0
15.0,1548.0,202.0,154.0,4.0,1080.0,75.0,1
12.0,6677.0,79.0,100.0,4.0,1102.0,147.0,0
15.0,756.0,75.0,18.0,4.0,615.0,50.0,0
11.0,6619.0,159.0,139.0,4.0,520.0,155.0,0
15.0,770.0,91.0,217.0,4.0,805.0,75.0,1
3.0,1303.0,148.0,134.0,6.0,615.0,73.0,0
6.0,5055.0,16.0,53.0,7.0,1233.0,91.0,0
1.0,1632.0,80.0,205.0,1.0,945.0,105.0,0
1.0,1545.0,80.0,280.0,3.0,935.0,145.0,1
4.0,639.0,183.0,96.0,7.0,1240.0,175.0,1
10.0,4583.0,60.0,159.0,1.0,665.0,114.0,1
6.0,5113.0,16.0,81.0,6.0,590.0,65.0,0
17.0,7215.0,208.0,22.0,4.0,655.0,120.0,0
1.0,1434.0,80.0,173.0,7.0,380.0,145.0,1
10.0,4525.0,159.0,290.0,5.0,890.0,220.0,0
16.0,2586.0,135.0,139.0,6.0,475.0,128.0,1
1.0,271.0,183.0,154.0,7.0,640.0,345.0,0
3.0,667.0,43.0,173.0,3.0,553.0,167.0,0
1.0,532.0,153.0,80.0,5.0,50.0,145.0,0
12.0,6515.0,253.0,163.0,4.0,441.0,87.0,1
10.0,3651.0,183.0,285.0,5.0,1255.0,130.0,0
5.0,2215.0,85.0,79.0,3.0,525.0,203.0,1
15.0,955.0,45.0,22.0,7.0,865.0,65.0,1
2.0,55.0,98.0,249.0,3.0,460.0,71.0,1
11.0,6417.0,76.0,197.0,4.0,390.0,144.0,0
14.0,1883.0,60.0,200.0,7.0,975.0,52.0,1
16.0,5944.0,139.0,134.0,5.0,602.0,95.0,0
12.0,4680.0,280.0,261.0,1.0,508.0,115.0,0
12.0,7044.0,205.0,79.0,7.0,680.0,97.0,0
16.0,2812.0,13.0,135.0,3.0,760.0,95.0,0
16.0,2544.0,75.0,135.0,7.0,570.0,64.0,0
15.0,1427.0,198.0,153.0,4.0,1065.0,240.0,0
15.0,638.0,173.0,184.0,4.0,990.0,175.0,0
15.0,2604.0,228.0,173.0,6.0,500.0,185.0,0
5.0,1104.0,128.0,261.0,7.0,1335.0,372.0,0
10.0,3638.0,183.0,61.0,5.0,425.0,160.0,0
15.0,44.0,129.0,75.0,3.0,1020.0,60.0,0
1.0,405.0,134.0,80.0,5.0,765.0,205.0,0
12.0,6856.0,79.0,61.0,7.0,863.0,156.0,0
13.0,875.0,79.0,252.0,1.0,510.0,183.0,0
3.0,150.0,173.0,148.0,5.0,535.0,139.0,1
13.0,193.0,208.0,43.0,7.0,1186.0,98.0,0
15.0,1681.0,221.0,175.0,5.0,445.0,110.0,0
15.0,40.0,61.0,45.0,1.0,490.0,70.0,1
1.0,592.0,80.0,147.0,6.0,685.0,130.0,0
16.0,5905.0,0.0,208.0,5.0,360.0,136.0,1
12.0,4460.0,261.0,46.0,3.0,585.0,80.0,0
10.0,3547.0,80.0,58.0,1.0,720.0,150.0,1
13.0,535.0,16.0,208.0,6.0,672.0,133.0,1
4.0,1776.0,135.0,216.0,4.0,1130.0,190.0,1
6.0,7366.0,177.0,190.0,3.0,570.0,82.0,0
15.0,546.0,205.0,79.0,4.0,785.0,100.0,1
12.0,4678.0,44.0,261.0,6.0,790.0,110.0,1
12.0,6322.0,154.0,243.0,6.0,500.0,47.0,0
16.0,5904.0,208.0,42.0,5.0,540.0,120.0,0
5.0,1077.0,96.0,197.0,6.0,480.0,200.0,0
16.0,2645.0,204.0,135.0,1.0,655.0,84.0,1
1.0,1292.0,80.0,198.0,4.0,885.0,75.0,0
10.0,3260.0,76.0,80.0,6.0,765.0,170.0,0
1.0,1131.0,173.0,208.0,7.0,860.0,170.0,0
10.0,2793.0,107.0,80.0,5.0,465.0,150.0,0
1.0,1552.0,173.0,183.0,5.0,510.0,60.0,0
12.0,6724.0,114.0,79.0,7.0,482.0,60.0,0
8.0,1006.0,35.0,241.0,6.0,672.0,221.0,0
1.0,2103.0,134.0,183.0,3.0,360.0,160.0,0
6.0,5402.0,147.0,85.0,6.0,720.0,150.0,1
16.0,2008.0,135.0,147.0,4.0,985.0,118.0,1
10.0,4168.0,234.0,208.0,5.0,850.0,135.0,0
5.0,1882.0,261.0,85.0,7.0,1041.0,213.0,0
2.0,152.0,206.0,211.0,3.0,804.0,44.0,0
5.0,1050.0,16.0,54.0,5.0,1055.0,76.0,0
10.0,4162.0,208.0,234.0,4.0,780.0,115.0,0
1.0,1602.0,80.0,136.0,7.0,570.0,75.0,0
10.0,2873.0,80.0,188.0,4.0,550.0,65.0,1
4.0,1746.0,135.0,208.0,4.0,445.0,150.0,0
1.0,1844.0,153.0,183.0,4.0,830.0,265.0,1
4.0,147.0,208.0,135.0,5.0,585.0,164.0,0
10.0,2820.0,266.0,80.0,1.0,690.0,45.0,0
14.0,1415.0,238.0,60.0,1.0,505.0,129.0,0
0.0,3930.0,164.0,197.0,5.0,1016.0,84.0,1
4.0,626.0,135.0,45.0,3.0,445.0,173.0,0
12.0,6578.0,29.0,79.0,3.0,1022.0,102.0,0
9.0,323.0,128.0,161.0,6.0,1306.0,36.0,0
1.0,1634.0,244.0,208.0,6.0,885.0,160.0,0
10.0,3335.0,56.0,80.0,5.0,765.0,135.0,1
16.0,3026.0,135.0,172.0,7.0,963.0,114.0,1
15.0,29.0,75.0,129.0,1.0,810.0,65.0,1
15.0,3138.0,139.0,79.0,7.0,690.0,185.0,0
13.0,822.0,134.0,233.0,4.0,1060.0,71.0,0
12.0,6271.0,109.0,208.0,3.0,535.0,63.0,0
5.0,2358.0,197.0,153.0,5.0,1175.0,204.0,1
4.0,292.0,96.0,173.0,1.0,405.0,174.0,1
15.0,817.0,175.0,85.0,4.0,985.0,80.0,1
15.0,1513.0,253.0,217.0,6.0,815.0,115.0,0
17.0,2858.0,103.0,217.0,1.0,540.0,72.0,0
15.0,12.0,129.0,75.0,4.0,540.0,60.0,0
3.0,447.0,35.0,277.0,1.0,1075.0,205.0,0
11.0,6601.0,173.0,233.0,7.0,1175.0,111.0,0
10.0,3756.0,208.0,261.0,3.0,775.0,210.0,1
12.0,6710.0,261.0,208.0,1.0,490.0,188.0,0
15.0,1613.0,75.0,2.0,6.0,1135.0,115.0,0
1.0,2060.0,252.0,208.0,5.0,360.0,245.0,0
10.0,4056.0,208.0,71.0,1.0,535.0,75.0,0
14.0,1290.0,216.0,159.0,5.0,1370.0,50.0,0
15.0,526.0,217.0,44.0,4.0,905.0,85.0,0
14.0,727.0,216.0,79.0,6.0,1080.0,265.0,0
8.0,1621.0,216.0,173.0,4.0,390.0,158.0,0
15.0,1381.0,175.0,172.0,5.0,825.0,90.0,1
1.0,1231.0,216.0,208.0,3.0,990.0,150.0,1
5.0,2620.0,197.0,22.0,7.0,610.0,152.0,1
12.0,4699.0,195.0,197.0,5.0,540.0,66.0,1
15.0,1021.0,129.0,18.0,7.0,735.0,45.0,1
1.0,2317.0,208.0,80.0,1.0,635.0,155.0,1
16.0,2866.0,58.0,184.0,4.0,745.0,78.0,0
5.0,165.0,148.0,154.0,6.0,900.0,394.0,0
6.0,5013.0,177.0,41.0,4.0,860.0,75.0,0
15.0,962.0,197.0,79.0,7.0,985.0,135.0,1
13.0,405.0,79.0,264.0,5.0,925.0,147.0,1
14.0,224.0,34.0,217.0,7.0,807.0,118.0,0
14.0,1631.0,60.0,277.0,1.0,569.0,102.0,0
2.0,51.0,14.0,98.0,1.0,990.0,56.0,1
14.0,207.0,217.0,244.0,6.0,959.0,124.0,0
10.0,4272.0,281.0,208.0,3.0,870.0,75.0,1
1.0,321.0,159.0,208.0,5.0,665.0,160.0,0
5.0,2161.0,216.0,16.0,5.0,1140.0,150.0,0
15.0,2254.0,44.0,202.0,5.0,905.0,70.0,0
12.0,6570.0,132.0,79.0,6.0,877.0,183.0,0
15.0,236.0,173.0,172.0,4.0,950.0,185.0,1
15.0,1229.0,33.0,217.0,1.0,1040.0,240.0,0
1.0,1698.0,261.0,80.0,4.0,365.0,170.0,0
13.0,424.0,277.0,134.0,4.0,540.0,135.0,0
5.0,2071.0,252.0,261.0,4.0,430.0,131.0,0
15.0,1284.0,175.0,173.0,6.0,405.0,160.0,0
1.0,2023.0,172.0,80.0,5.0,805.0,95.0,1
11.0,6744.0,78.0,61.0,3.0,537.0,92.0,0
5.0,2250.0,153.0,197.0,6.0,950.0,187.0,0
1.0,494.0,80.0,45.0,3.0,1155.0,165.0,0
12.0,6243.0,154.0,153.0,1.0,685.0,80.0,0
15.0,2004.0,79.0,154.0,5.0,880.0,155.0,0
17.0,2829.0,160.0,217.0,3.0,990.0,82.0,0
15.0,2514.0,198.0,129.0,6.0,825.0,70.0,1
5.0,126.0,253.0,148.0,4.0,510.0,345.0,0
14.0,37.0,216.0,154.0,6.0,1080.0,369.0,0
15.0,2524.0,202.0,175.0,1.0,845.0,245.0,1
15.0,1076.0,129.0,154.0,3.0,425.0,225.0,1
14.0,1783.0,60.0,153.0,1.0,480.0,301.0,0
10.0,3816.0,79.0,208.0,1.0,620.0,145.0,1
13.0,723.0,80.0,79.0,4.0,942.0,128.0,0
1.0,588.0,260.0,183.0,1.0,905.0,170.0,0
6.0,5150.0,290.0,16.0,1.0,605.0,109.0,1
5.0,1620.0,16.0,234.0,5.0,811.0,89.0,1
1.0,1416.0,280.0,80.0,6.0,870.0,130.0,0
17.0,1033.0,128.0,150.0,4.0,705.0,40.0,0
8.0,704.0,76.0,16.0,3.0,625.0,102.0,0
1.0,1322.0,80.0,85.0,6.0,435.0,160.0,0
5.0,1877.0,208.0,16.0,4.0,996.0,124.0,1
15.0,1122.0,153.0,45.0,3.0,785.0,270.0,1
9.0,145.0,203.0,128.0,1.0,585.0,34.0,1
0.0,3949.0,228.0,85.0,6.0,345.0,135.0,0
11.0,6514.0,221.0,197.0,7.0,776.0,149.0,0
1.0,1428.0,260.0,148.0,1.0,790.0,250.0,1
1.0,1545.0,80.0,280.0,7.0,935.0,145.0,0
9.0,21.0,252.0,128.0,5.0,560.0,375.0,0
12.0,6700.0,79.0,164.0,5.0,614.0,80.0,0
10.0,3350.0,190.0,80.0,1.0,690.0,115.0,1
16.0,2310.0,183.0,58.0,7.0,715.0,167.0,0
6.0,5051.0,16.0,120.0,1.0,965.0,79.0,0
6.0,4980.0,16.0,285.0,3.0,1370.0,50.0,1
3.0,1249.0,35.0,134.0,5.0,375.0,100.0,0
1.0,2298.0,183.0,268.0,3.0,1255.0,165.0,0
13.0,239.0,154.0,253.0,1.0,632.0,97.0,0
15.0,550.0,217.0,258.0,5.0,385.0,125.0,0
13.0,149.0,208.0,253.0,3.0,422.0,286.0,1
13.0,189.0,45.0,208.0,5.0,360.0,135.0,0
14.0,604.0,217.0,153.0,6.0,885.0,72.0,0
15.0,484.0,153.0,217.0,3.0,615.0,70.0,1
5.0,2266.0,217.0,261.0,7.0,450.0,104.0,0
12.0,6434.0,248.0,154.0,5.0,360.0,62.0,0
6.0,4986.0,177.0,60.0,7.0,1195.0,101.0,0
15.0,1266.0,131.0,129.0,6.0,1010.0,60.0,1
16.0,2445.0,35.0,58.0,1.0,370.0,125.0,0
15.0,1950.0,261.0,175.0,5.0,940.0,195.0,0
5.0,336.0,129.0,16.0,5.0,650.0,124.0,0
15.0,2038.0,61.0,45.0,3.0,960.0,70.0,1
6.0,5295.0,16.0,287.0,1.0,986.0,64.0,0
15.0,1326.0,154.0,258.0,5.0,710.0,65.0,1
2.0,73.0,257.0,149.0,6.0,365.0,42.0,1
7.0,766.0,153.0,79.0,3.0,420.0,110.0,0
14.0,1675.0,96.0,60.0,1.0,620.0,116.0,0
14.0,1770.0,60.0,35.0,1.0,860.0,120.0,1
5.0,1029.0,76.0,16.0,7.0,807.0,106.0,1
0.0,4021.0,159.0,54.0,3.0,939.0,145.0,0
11.0,6692.0,135.0,148.0,6.0,485.0,214.0,0
10.0,4022.0,208.0,147.0,4.0,805.0,145.0,0
13.0,726.0,79.0,197.0,4.0,1228.0,121.0,0
1.0,1332.0,80.0,16.0,7.0,1230.0,115.0,0
10.0,4328.0,208.0,162.0,6.0,695.0,110.0,0
17.0,2816.0,217.0,84.0,5.0,598.0,178.0,0
12.0,6267.0,100.0,253.0,5.0,1170.0,54.0,1
4.0,701.0,96.0,104.0,7.0,705.0,175.0,0
8.0,856.0,173.0,16.0,3.0,1201.0,94.0,0
15.0,770.0,243.0,262.0,4.0,950.0,95.0,1
5.0,2820.0,85.0,182.0,4.0,1300.0,111.0,0
5.0,2374.0,198.0,85.0,3.0,1058.0,151.0,1
3.0,749.0,173.0,260.0,5.0,1425.0,154.0,0
15.0,680.0,243.0,258.0,4.0,710.0,80.0,0
14.0,1721.0,58.0,60.0,5.0,935.0,99.0,0
6.0,5430.0,16.0,19.0,3.0,1312.0,60.0,0
12.0,4780.0,261.0,122.0,4.0,1207.0,85.0,0
6.0,5202.0,58.0,16.0,5.0,579.0,111.0,1
14.0,220.0,217.0,35.0,7.0,595.0,294.0,0
1.0,656.0,80.0,45.0,4.0,1275.0,160.0,0
6.0,5002.0,22.0,85.0,6.0,987.0,128.0,1
15.0,1434.0,35.0,175.0,3.0,750.0,170.0,1
12.0,4848.0,192.0,197.0,6.0,661.0,82.0,1
12.0,6674.0,100.0,79.0,7.0,364.0,139.0,0
11.0,6336.0,16.0,120.0,6.0,965.0,82.0,0
5.0,1151.0,253.0,128.0,3.0,1060.0,330.0,0
15.0,1761.0,268.0,172.0,7.0,940.0,65.0,1
14.0,2120.0,159.0,35.0,4.0,540.0,75.0,0
1.0,1972.0,253.0,208.0,5.0,610.0,255.0,0
11.0,6295.0,71.0,251.0,3.0,675.0,53.0,0
16.0,2325.0,96.0,120.0,6.0,985.0,95.0,0
5.0,2299.0,16.0,85.0,6.0,1000.0,125.0,1
11.0,6585.0,17.0,85.0,5.0,1100.0,85.0,0
12.0,6722.0,79.0,285.0,1.0,608.0,158.0,0
0.0,3678.0,112.0,197.0,3.0,785.0,65.0,0
5.0,1085.0,197.0,14.0,1.0,930.0,357.0,0
12.0,4884.0,261.0,137.0,4.0,823.0,57.0,0
15.0,764.0,173.0,22.0,5.0,1065.0,155.0,0
6.0,5068.0,16.0,138.0,4.0,725.0,76.0,0
5.0,2206.0,87.0,16.0,3.0,1042.0,78.0,0
12.0,6288.0,194.0,154.0,1.0,806.0,68.0,1
9.0,307.0,150.0,128.0,3.0,1205.0,42.0,0
1.0,1964.0,253.0,80.0,6.0,625.0,215.0,0
8.0,1048.0,241.0,78.0,5.0,707.0,133.0,0
16.0,2527.0,96.0,120.0,7.0,727.0,101.0,0
4.0,224.0,58.0,96.0,7.0,675.0,86.0,0
6.0,5228.0,16.0,69.0,3.0,575.0,80.0,1
14.0,1905.0,78.0,104.0,5.0,625.0,156.0,1
12.0,6670.0,248.0,253.0,5.0,413.0,65.0,0
3.0,1014.0,148.0,35.0,4.0,899.0,81.0,0
12.0,4731.0,179.0,261.0,4.0,790.0,104.0,0
12.0,6382.0,253.0,34.0,6.0,423.0,91.0,0
15.0,2353.0,173.0,61.0,4.0,1155.0,135.0,0
1.0,1699.0,173.0,208.0,7.0,690.0,175.0,0
14.0,1762.0,197.0,216.0,4.0,780.0,149.0,0
4.0,1455.0,213.0,96.0,1.0,437.0,163.0,1
5.0,1222.0,236.0,261.0,5.0,795.0,83.0,0
7.0,197.0,79.0,76.0,3.0,1150.0,152.0,0
3.0,420.0,213.0,35.0,3.0,825.0,177.0,0
5.0,1740.0,153.0,261.0,1.0,650.0,83.0,0
6.0,5584.0,16.0,19.0,7.0,605.0,61.0,0
5.0,1555.0,16.0,154.0,4.0,500.0,308.0,1
15.0,805.0,198.0,75.0,5.0,415.0,85.0,0
14.0,1748.0,153.0,216.0,7.0,695.0,286.0,1
15.0,264.0,277.0,104.0,1.0,815.0,60.0,0
12.0,4642.0,204.0,261.0,1.0,815.0,144.0,1
15.0,2206.0,262.0,217.0,5.0,1000.0,110.0,0
2.0,8.0,252.0,96.0,1.0,550.0,313.0,1
5.0,2783.0,16.0,18.0,6.0,833.0,155.0,0
16.0,5898.0,208.0,237.0,3.0,874.0,95.0,1
10.0,2939.0,80.0,218.0,4.0,1160.0,110.0,0
1.0,1650.0,280.0,80.0,7.0,625.0,130.0,0
0.0,4125.0,96.0,85.0,1.0,985.0,129.0,1
1.0,1174.0,258.0,208.0,4.0,830.0,255.0,1
11.0,6451.0,71.0,197.0,7.0,430.0,133.0,1
2.0,512.0,252.0,264.0,1.0,870.0,159.0,0
11.0,6366.0,148.0,71.0,3.0,600.0,140.0,0
14.0,939.0,197.0,217.0,7.0,455.0,223.0,0
3.0,359.0,148.0,44.0,3.0,1110.0,380.0,1
3.0,395.0,159.0,173.0,5.0,885.0,174.0,0
17.0,7304.0,147.0,134.0,7.0,888.0,107.0,0
12.0,6747.0,253.0,262.0,4.0,574.0,43.0,1
6.0,5054.0,177.0,60.0,1.0,515.0,101.0,0
16.0,2416.0,96.0,245.0,7.0,540.0,155.0,0
6.0,5222.0,48.0,16.0,5.0,1105.0,111.0,1
1.0,1607.0,279.0,80.0,1.0,770.0,70.0,1
3.0,454.0,104.0,35.0,3.0,720.0,182.0,1
5.0,1526.0,104.0,16.0,4.0,1200.0,118.0,0
6.0,5201.0,16.0,12.0,3.0,890.0,137.0,1
10.0,4060.0,208.0,61.0,4.0,1230.0,70.0,0
15.0,3832.0,45.0,22.0,5.0,490.0,70.0,0
12.0,6377.0,67.0,79.0,5.0,770.0,55.0,0
15.0,2155.0,44.0,217.0,6.0,630.0,85.0,1
6.0,4985.0,200.0,16.0,3.0,702.0,87.0,1
16.0,2211.0,135.0,178.0,7.0,860.0,73.0,1
1.0,620.0,91.0,80.0,1.0,640.0,105.0,0
10.0,4347.0,85.0,208.0,4.0,615.0,85.0,0
1.0,572.0,153.0,208.0,3.0,590.0,215.0,0
5.0,1886.0,16.0,159.0,3.0,640.0,136.0,0
5.0,2120.0,85.0,96.0,4.0,610.0,108.0,0
6.0,7085.0,134.0,121.0,3.0,503.0,88.0,1
10.0,2901.0,80.0,155.0,3.0,1110.0,70.0,1
15.0,2706.0,18.0,175.0,3.0,545.0,155.0,0
1.0,378.0,208.0,159.0,3.0,665.0,125.0,0
12.0,4485.0,99.0,197.0,1.0,1020.0,66.0,1
3.0,130.0,148.0,43.0,5.0,1110.0,93.0,1
4.0,747.0,208.0,135.0,3.0,730.0,171.0,0
5.0,1613.0,60.0,16.0,5.0,1185.0,88.0,0
15.0,2617.0,79.0,244.0,5.0,1170.0,130.0,0
5.0,1902.0,153.0,16.0,1.0,667.0,229.0,1
13.0,73.0,253.0,128.0,6.0,527.0,318.0,0
1.0,1051.0,217.0,183.0,4.0,510.0,245.0,1
7.0,861.0,79.0,217.0,6.0,1271.0,108.0,0
3.0,150.0,173.0,148.0,6.0,535.0,139.0,1
10.0,4604.0,159.0,233.0,3.0,1265.0,100.0,0
15.0,1830.0,45.0,33.0,6.0,460.0,120.0,1
16.0,3030.0,68.0,135.0,1.0,390.0,59.0,1
5.0,2153.0,197.0,252.0,5.0,860.0,220.0,1
14.0,1015.0,135.0,60.0,1.0,615.0,142.0,1
7.0,824.0,172.0,79.0,1.0,608.0,107.0,0
0.0,4082.0,85.0,209.0,3.0,840.0,110.0,0
12.0,6962.0,208.0,135.0,3.0,1260.0,161.0,0
14.0,1429.0,60.0,16.0,1.0,706.0,84.0,0
12.0,7767.0,235.0,261.0,6.0,485.0,65.0,1
4.0,1120.0,96.0,35.0,7.0,480.0,80.0,1
0.0,4127.0,22.0,233.0,1.0,405.0,123.0,0
12.0,4730.0,243.0,154.0,3.0,1040.0,49.0,0
5.0,1502.0,153.0,16.0,1.0,837.0,238.0,1
12.0,6963.0,79.0,192.0,3.0,1175.0,102.0,0
14.0,1021.0,60.0,277.0,3.0,691.0,103.0,1
8.0,314.0,16.0,60.0,5.0,890.0,69.0,0
16.0,2982.0,58.0,78.0,4.0,1005.0,72.0,0
15.0,2254.0,279.0,75.0,4.0,555.0,60.0,1
4.0,822.0,198.0,135.0,5.0,992.0,81.0,1
12.0,6580.0,179.0,253.0,7.0,812.0,98.0,1
15.0,3421.0,61.0,175.0,1.0,660.0,70.0,1
16.0,2173.0,96.0,120.0,3.0,1200.0,110.0,1
12.0,6343.0,264.0,253.0,4.0,633.0,85.0,0
0.0,4254.0,268.0,233.0,5.0,1050.0,120.0,0
16.0,2077.0,96.0,245.0,1.0,990.0,141.0,1
1.0,937.0,35.0,183.0,3.0,420.0,215.0,0
8.0,75.0,16.0,104.0,1.0,1030.0,110.0,1
5.0,2416.0,153.0,85.0,4.0,857.0,236.0,0
0.0,4329.0,234.0,85.0,1.0,979.0,121.0,0
6.0,5221.0,104.0,275.0,1.0,415.0,84.0,0
1.0,375.0,16.0,80.0,3.0,1175.0,155.0,0
4.0,1489.0,85.0,135.0,7.0,500.0,181.0,0
10.0,4526.0,61.0,159.0,7.0,625.0,110.0,0
14.0,1048.0,60.0,85.0,5.0,1100.0,118.0,0
10.0,3933.0,136.0,208.0,7.0,1025.0,120.0,0
17.0,2766.0,217.0,153.0,6.0,795.0,73.0,0
5.0,2920.0,198.0,85.0,5.0,675.0,148.0,0
15.0,1648.0,198.0,104.0,6.0,1060.0,105.0,1
2.0,26.0,252.0,208.0,3.0,1075.0,234.0,0
5.0,2242.0,16.0,96.0,5.0,1068.0,134.0,0
12.0,6441.0,79.0,76.0,1.0,665.0,159.0,0
1.0,313.0,159.0,208.0,4.0,545.0,165.0,0
8.0,752.0,132.0,45.0,1.0,995.0,116.0,1
14.0,625.0,2.0,217.0,5.0,745.0,77.0,0
13.0,916.0,252.0,134.0,1.0,470.0,296.0,1
1.0,697.0,104.0,80.0,1.0,365.0,190.0,0
0.0,3807.0,121.0,85.0,7.0,571.0,114.0,0
10.0,4296.0,45.0,148.0,4.0,855.0,80.0,0
5.0,1066.0,177.0,208.0,3.0,860.0,110.0,0
1.0,374.0,208.0,159.0,7.0,725.0,125.0,1
15.0,1124.0,268.0,85.0,5.0,1080.0,90.0,1
1.0,479.0,80.0,252.0,1.0,735.0,260.0,1
16.0,2446.0,135.0,204.0,3.0,1010.0,83.0,1
15.0,464.0,175.0,85.0,4.0,695.0,65.0,1
5.0,2372.0,277.0,16.0,6.0,989.0,95.0,1
1.0,1975.0,233.0,208.0,7.0,675.0,130.0,0
11.0,6744.0,61.0,78.0,4.0,660.0,82.0,1
17.0,2977.0,153.0,253.0,4.0,1185.0,91.0,1
5.0,1654.0,16.0,76.0,4.0,1010.0,96.0,1
2.0,314.0,252.0,253.0,3.0,1070.0,127.0,0
5.0,1175.0,85.0,16.0,5.0,595.0,126.0,1
10.0,4014.0,208.0,139.0,1.0,610.0,60.0,0
15.0,430.0,173.0,27.0,1.0,970.0,95.0,1
6.0,5260.0,16.0,53.0,5.0,597.0,100.0,0
1.0,1022.0,183.0,216.0,1.0,885.0,180.0,1
15.0,940.0,175.0,205.0,3.0,635.0,85.0,1
12.0,3077.0,139.0,184.0,6.0,432.0,63.0,0
15.0,1892.0,153.0,258.0,6.0,450.0,85.0,1
15.0,370.0,154.0,79.0,3.0,620.0,135.0,0
5.0,736.0,262.0,16.0,5.0,1375.0,262.0,1
0.0,4266.0,197.0,119.0,1.0,635.0,87.0,0
10.0,4203.0,208.0,61.0,3.0,405.0,75.0,0
14.0,1882.0,172.0,60.0,7.0,1106.0,130.0,0
14.0,654.0,148.0,217.0,3.0,390.0,349.0,1
2.0,15.0,35.0,252.0,7.0,1095.0,379.0,0
6.0,5173.0,16.0,27.0,1.0,570.0,59.0,0
15.0,171.0,252.0,268.0,4.0,745.0,225.0,1
8.0,61.0,16.0,154.0,7.0,1335.0,320.0,1
7.0,498.0,48.0,79.0,7.0,1135.0,199.0,0
6.0,7136.0,134.0,159.0,4.0,497.0,75.0,0
1.0,768.0,154.0,268.0,6.0,995.0,210.0,1
10.0,4131.0,208.0,265.0,4.0,1235.0,55.0,0
5.0,2363.0,148.0,154.0,4.0,1020.0,394.0,0
14.0,307.0,60.0,153.0,6.0,1095.0,300.0,0
15.0,1292.0,35.0,45.0,6.0,985.0,95.0,0
14.0,480.0,217.0,44.0,4.0,1265.0,87.0,1
15.0,43.0,75.0,129.0,7.0,1020.0,60.0,1
6.0,5187.0,16.0,27.0,1.0,750.0,58.0,1
12.0,6247.0,100.0,154.0,1.0,719.0,72.0,0
4.0,1890.0,264.0,135.0,3.0,525.0,187.0,1
15.0,1087.0,61.0,33.0,5.0,410.0,80.0,0
16.0,3028.0,209.0,96.0,4.0,1005.0,89.0,1
3.0,132.0,241.0,148.0,3.0,1055.0,164.0,1
8.0,1250.0,173.0,157.0,3.0,954.0,115.0,1
1.0,501.0,80.0,217.0,4.0,595.0,160.0,0
1.0,1246.0,80.0,183.0,6.0,850.0,160.0,1
0.0,4197.0,85.0,84.0,1.0,740.0,115.0,1
13.0,115.0,208.0,197.0,1.0,739.0,93.0,0
1.0,1063.0,208.0,154.0,1.0,515.0,270.0,1
12.0,6299.0,208.0,56.0,5.0,477.0,56.0,0
14.0,1439.0,159.0,60.0,6.0,885.0,126.0,1
5.0,1527.0,16.0,104.0,3.0,1035.0,113.0,1
16.0,2731.0,135.0,256.0,7.0,1130.0,55.0,0
5.0,2408.0,172.0,197.0,7.0,1021.0,89.0,0
16.0,2628.0,245.0,135.0,3.0,690.0,162.0,0
13.0,179.0,35.0,253.0,1.0,1079.0,408.0,0
5.0,187.0,148.0,153.0,6.0,1235.0,364.0,0
5.0,336.0,129.0,16.0,7.0,650.0,124.0,0
15.0,420.0,18.0,79.0,1.0,1060.0,145.0,0
3.0,83.0,148.0,252.0,5.0,795.0,374.0,0
16.0,2130.0,205.0,96.0,1.0,443.0,167.0,0
1.0,2450.0,154.0,80.0,5.0,915.0,175.0,0
8.0,65.0,134.0,16.0,5.0,1178.0,117.0,0
15.0,727.0,202.0,44.0,7.0,1150.0,65.0,1
12.0,4474.0,192.0,197.0,3.0,410.0,82.0,0
1.0,863.0,183.0,260.0,5.0,760.0,145.0,1
15.0,348.0,153.0,182.0,7.0,845.0,290.0,1
6.0,5373.0,273.0,16.0,1.0,1085.0,155.0,1
16.0,2927.0,135.0,60.0,7.0,770.0,133.0,1
14.0,1238.0,60.0,273.0,3.0,1329.0,101.0,0
15.0,756.0,172.0,75.0,4.0,495.0,95.0,1
16.0,2853.0,76.0,96.0,4.0,375.0,108.0,0
14.0,393.0,153.0,80.0,1.0,580.0,158.0,1
2.0,4.0,252.0,78.0,4.0,520.0,298.0,0
13.0,565.0,208.0,35.0,7.0,432.0,131.0,0
4.0,201.0,96.0,104.0,3.0,1050.0,184.0,1
5.0,2366.0,147.0,159.0,1.0,430.0,143.0,0
15.0,2885.0,262.0,214.0,7.0,870.0,90.0,0
15.0,1285.0,175.0,141.0,4.0,840.0,135.0,1
12.0,4485.0,99.0,197.0,5.0,1020.0,66.0,1
4.0,709.0,135.0,214.0,7.0,1062.0,282.0,1
15.0,2882.0,277.0,182.0,7.0,935.0,175.0,0
6.0,5217.0,16.0,146.0,3.0,805.0,79.0,0
15.0,967.0,104.0,198.0,5.0,485.0,130.0,0
13.0,23.0,154.0,150.0,1.0,502.0,349.0,1
13.0,193.0,153.0,253.0,4.0,807.0,106.0,0
4.0,1087.0,173.0,135.0,5.0,385.0,150.0,0
5.0,2194.0,213.0,16.0,4.0,475.0,121.0,0
10.0,4567.0,159.0,33.0,4.0,500.0,155.0,1
16.0,2706.0,2.0,135.0,3.0,525.0,114.0,0
5.0,1231.0,214.0,261.0,7.0,627.0,103.0,1
2.0,530.0,252.0,207.0,4.0,430.0,147.0,0
3.0,1061.0,148.0,18.0,4.0,475.0,257.0,1
9.0,344.0,161.0,128.0,3.0,775.0,32.0,0
15.0,32.0,75.0,155.0,1.0,920.0,70.0,1
2.0,462.0,252.0,154.0,7.0,720.0,148.0,1
0.0,3961.0,238.0,16.0,7.0,741.0,136.0,1
9.0,387.0,150.0,128.0,7.0,1088.0,42.0,0
5.0,1124.0,154.0,253.0,7.0,425.0,82.0,0
1.0,1590.0,80.0,96.0,3.0,420.0,195.0,0
15.0,1715.0,202.0,154.0,1.0,790.0,70.0,1
6.0,5390.0,87.0,16.0,3.0,941.0,78.0,0
13.0,617.0,208.0,264.0,5.0,939.0,275.0,1
3.0,1424.0,160.0,214.0,5.0,1085.0,141.0,0
16.0,2119.0,58.0,172.0,3.0,525.0,128.0,0
10.0,3297.0,80.0,285.0,4.0,605.0,115.0,0
15.0,126.0,18.0,104.0,5.0,840.0,155.0,1
14.0,488.0,217.0,79.0,3.0,795.0,109.0,0
15.0,807.0,202.0,34.0,1.0,545.0,90.0,1
6.0,5567.0,47.0,16.0,5.0,444.0,76.0,0
3.0,610.0,147.0,148.0,6.0,385.0,129.0,0
8.0,1417.0,106.0,241.0,7.0,856.0,178.0,1
15.0,272.0,258.0,243.0,5.0,745.0,75.0,0
8.0,1491.0,61.0,173.0,4.0,741.0,139.0,0
10.0,2746.0,38.0,80.0,1.0,745.0,95.0,0
12.0,6329.0,253.0,6.0,3.0,420.0,86.0,0
15.0,1044.0,221.0,153.0,3.0,495.0,310.0,1
5.0,2220.0,208.0,85.0,3.0,615.0,87.0,0
11.0,6274.0,197.0,82.0,6.0,675.0,57.0,1
15.0,2439.0,79.0,85.0,3.0,1140.0,175.0,1
15.0,752.0,129.0,79.0,1.0,395.0,155.0,1
8.0,1605.0,173.0,80.0,3.0,1259.0,172.0,1
1.0,1068.0,183.0,78.0,1.0,610.0,140.0,1
5.0,2628.0,208.0,177.0,1.0,1010.0,110.0,1
3.0,635.0,35.0,253.0,6.0,1085.0,406.0,0
4.0,734.0,217.0,96.0,1.0,465.0,273.0,0
10.0,2907.0,80.0,71.0,6.0,885.0,130.0,0
14.0,1446.0,154.0,216.0,7.0,1330.0,292.0,0
15.0,1691.0,45.0,22.0,7.0,930.0,70.0,0
15.0,2999.0,61.0,173.0,6.0,450.0,135.0,0
13.0,23.0,154.0,150.0,4.0,502.0,349.0,0
1.0,1720.0,80.0,134.0,7.0,910.0,160.0,1
5.0,2925.0,197.0,264.0,7.0,1045.0,237.0,1
15.0,3307.0,22.0,175.0,1.0,395.0,160.0,1
13.0,907.0,208.0,253.0,7.0,1025.0,288.0,0
12.0,6417.0,154.0,263.0,1.0,621.0,50.0,0
13.0,158.0,253.0,208.0,4.0,1375.0,255.0,0
2.0,603.0,153.0,252.0,3.0,420.0,160.0,0
13.0,525.0,96.0,79.0,4.0,1027.0,268.0,0
0.0,4207.0,197.0,136.0,5.0,1315.0,110.0,1
16.0,2266.0,135.0,16.0,4.0,685.0,121.0,0
1.0,348.0,208.0,159.0,4.0,1135.0,125.0,1
12.0,6563.0,15.0,79.0,3.0,825.0,45.0,1
1.0,2400.0,154.0,80.0,3.0,20.0,165.0,1
3.0,920.0,208.0,35.0,1.0,420.0,131.0,1
0.0,4168.0,290.0,71.0,7.0,1005.0,109.0,1
15.0,1875.0,264.0,202.0,6.0,560.0,85.0,0
3.0,747.0,173.0,260.0,4.0,1220.0,157.0,1
0.0,4045.0,130.0,16.0,1.0,435.0,158.0,1
10.0,3748.0,208.0,197.0,1.0,360.0,85.0,1
8.0,237.0,16.0,234.0,5.0,1330.0,92.0,0
13.0,514.0,217.0,208.0,5.0,954.0,208.0,0
1.0,1121.0,135.0,80.0,6.0,990.0,75.0,0
1.0,2410.0,154.0,80.0,3.0,370.0,185.0,0
14.0,1105.0,12.0,60.0,3.0,885.0,134.0,0
3.0,190.0,153.0,148.0,1.0,657.0,300.0,0
14.0,953.0,216.0,60.0,5.0,820.0,110.0,1
5.0,2313.0,221.0,16.0,5.0,1132.0,118.0,1
12.0,6656.0,145.0,79.0,1.0,429.0,87.0,0
3.0,1244.0,60.0,35.0,1.0,1075.0,127.0,0
12.0,4770.0,261.0,67.0,7.0,1303.0,70.0,0
14.0,1539.0,159.0,60.0,4.0,390.0,127.0,0
1.0,2093.0,159.0,183.0,6.0,690.0,190.0,0
2.0,316.0,252.0,253.0,7.0,880.0,123.0,1
12.0,6352.0,253.0,280.0,7.0,1150.0,119.0,1
15.0,993.0,253.0,264.0,3.0,670.0,85.0,0
16.0,2904.0,119.0,58.0,4.0,360.0,58.0,0
12.0,6291.0,154.0,91.0,1.0,761.0,111.0,0
14.0,1611.0,233.0,60.0,3.0,1185.0,54.0,1
15.0,1140.0,277.0,129.0,7.0,410.0,145.0,0
14.0,209.0,217.0,244.0,7.0,1185.0,125.0,0
3.0,1125.0,233.0,104.0,6.0,645.0,120.0,0
3.0,1257.0,35.0,134.0,7.0,1110.0,101.0,0
12.0,6250.0,232.0,214.0,4.0,850.0,45.0,0
15.0,1227.0,216.0,175.0,5.0,750.0,135.0,1
0.0,4097.0,177.0,279.0,3.0,1165.0,85.0,1
8.0,255.0,16.0,106.0,1.0,941.0,114.0,0
15.0,675.0,175.0,217.0,5.0,810.0,240.0,1
5.0,2711.0,245.0,16.0,3.0,330.0,65.0,0
12.0,6430.0,154.0,244.0,5.0,1110.0,161.0,0
1.0,404.0,183.0,173.0,6.0,385.0,60.0,0
5.0,2798.0,16.0,229.0,4.0,875.0,149.0,0
1.0,385.0,80.0,91.0,6.0,630.0,105.0,1
10.0,2992.0,73.0,80.0,1.0,745.0,115.0,0
14.0,1524.0,60.0,273.0,4.0,990.0,106.0,0
14.0,504.0,80.0,217.0,6.0,900.0,156.0,0
0.0,3753.0,177.0,147.0,1.0,870.0,104.0,0
11.0,6604.0,172.0,71.0,7.0,690.0,112.0,0
1.0,1523.0,260.0,208.0,3.0,955.0,320.0,1
15.0,727.0,202.0,44.0,4.0,1150.0,65.0,0
8.0,367.0,159.0,16.0,7.0,958.0,159.0,1
10.0,3065.0,154.0,243.0,1.0,455.0,45.0,0
16.0,2278.0,135.0,205.0,3.0,930.0,128.0,1
12.0,4580.0,154.0,261.0,1.0,678.0,107.0,1
1.0,2438.0,80.0,79.0,4.0,1050.0,125.0,0
13.0,422.0,79.0,96.0,4.0,621.0,225.0,0
2.0,527.0,44.0,252.0,3.0,420.0,160.0,0
16.0,5939.0,218.0,208.0,4.0,1102.0,58.0,0
9.0,595.0,203.0,128.0,5.0,1275.0,33.0,0
13.0,432.0,208.0,60.0,1.0,792.0,114.0,0
12.0,7765.0,261.0,220.0,4.0,660.0,60.0,1
11.0,6343.0,85.0,22.0,5.0,915.0,105.0,1
5.0,1409.0,197.0,79.0,7.0,810.0,129.0,1
15.0,3339.0,261.0,154.0,1.0,1085.0,115.0,0
15.0,1943.0,197.0,79.0,3.0,1120.0,135.0,1
3.0,1324.0,45.0,35.0,5.0,730.0,76.0,0
15.0,756.0,153.0,236.0,1.0,855.0,75.0,1
8.0,967.0,7.0,16.0,6.0,360.0,125.0,0
0.0,4143.0,109.0,85.0,5.0,345.0,59.0,0
16.0,2380.0,135.0,19.0,3.0,780.0,121.0,0
2.0,676.0,252.0,79.0,7.0,460.0,155.0,0
15.0,950.0,244.0,75.0,5.0,840.0,55.0,1
12.0,6861.0,154.0,153.0,7.0,1192.0,70.0,0
8.0,783.0,215.0,159.0,6.0,475.0,76.0,0
2.0,604.0,252.0,153.0,5.0,630.0,149.0,0
10.0,4497.0,33.0,78.0,4.0,1100.0,90.0,0
12.0,6571.0,252.0,214.0,7.0,1060.0,46.0,0
5.0,1774.0,267.0,16.0,5.0,1149.0,103.0,0
15.0,2349.0,175.0,202.0,1.0,530.0,300.0,1
6.0,5589.0,278.0,16.0,4.0,1094.0,80.0,1
14.0,84.0,216.0,252.0,1.0,450.0,362.0,1
6.0,5121.0,12.0,16.0,3.0,1060.0,168.0,1
4.0,1097.0,135.0,153.0,6.0,440.0,199.0,1
1.0,1098.0,280.0,80.0,7.0,490.0,130.0,0
0.0,4317.0,177.0,155.0,1.0,820.0,120.0,1
1.0,372.0,260.0,277.0,5.0,1245.0,180.0,1
8.0,877.0,16.0,197.0,5.0,525.0,160.0,0
1.0,427.0,18.0,154.0,3.0,1120.0,195.0,1
5.0,2861.0,216.0,16.0,5.0,465.0,159.0,0
15.0,2712.0,134.0,175.0,3.0,1040.0,130.0,1
4.0,448.0,96.0,253.0,6.0,420.0,385.0,0
12.0,6897.0,164.0,208.0,4.0,1124.0,96.0,0
1.0,1330.0,280.0,80.0,5.0,555.0,130.0,0
6.0,5174.0,35.0,78.0,7.0,695.0,105.0,0
4.0,1154.0,35.0,96.0,3.0,720.0,100.0,1
16.0,2925.0,96.0,251.0,6.0,569.0,136.0,0
14.0,39.0,216.0,154.0,1.0,830.0,359.0,0
4.0,1102.0,96.0,208.0,4.0,569.0,150.0,1
12.0,6909.0,210.0,253.0,6.0,816.0,117.0,0
5.0,1043.0,54.0,16.0,4.0,700.0,77.0,0
5.0,2341.0,197.0,205.0,5.0,1175.0,71.0,1
5.0,1556.0,85.0,177.0,4.0,1035.0,135.0,1
15.0,467.0,217.0,153.0,5.0,1110.0,70.0,0
0.0,3686.0,177.0,136.0,4.0,560.0,99.0,1
15.0,1931.0,216.0,268.0,7.0,885.0,160.0,1
15.0,650.0,2.0,175.0,3.0,405.0,165.0,0
5.0,1106.0,252.0,261.0,3.0,360.0,120.0,0
15.0,2943.0,43.0,217.0,6.0,945.0,310.0,1
0.0,4095.0,197.0,247.0,7.0,1170.0,87.0,1
8.0,78.0,104.0,16.0,3.0,1085.0,122.0,0
14.0,1172.0,277.0,78.0,3.0,715.0,125.0,0
1.0,1978.0,178.0,80.0,7.0,951.0,95.0,0
15.0,2176.0,217.0,153.0,3.0,1185.0,65.0,1
6.0,7089.0,134.0,237.0,6.0,1325.0,57.0,1
16.0,3126.0,155.0,135.0,6.0,460.0,94.0,0
5.0,2688.0,173.0,78.0,6.0,835.0,119.0,0
1.0,1789.0,136.0,80.0,3.0,400.0,85.0,0
0.0,4373.0,85.0,42.0,3.0,605.0,104.0,0
14.0,2143.0,35.0,159.0,4.0,1200.0,74.0,0
10.0,3929.0,22.0,208.0,5.0,1105.0,170.0,0
16.0,2779.0,162.0,135.0,5.0,995.0,82.0,0
12.0,6325.0,243.0,154.0,3.0,741.0,45.0,0
6.0,7312.0,177.0,256.0,6.0,1160.0,73.0,0
16.0,2942.0,135.0,80.0,5.0,575.0,68.0,0
12.0,6230.0,214.0,93.0,6.0,671.0,36.0,0
0.0,4399.0,197.0,119.0,3.0,805.0,90.0,0
4.0,1144.0,96.0,16.0,7.0,702.0,150.0,0
16.0,5941.0,279.0,208.0,6.0,360.0,113.0,1
12.0,6694.0,194.0,253.0,4.0,1267.0,37.0,1
5.0,1158.0,221.0,16.0,6.0,650.0,113.0,0
8.0,184.0,16.0,78.0,5.0,455.0,101.0,0
12.0,6722.0,224.0,79.0,7.0,365.0,139.0,1
13.0,783.0,134.0,2.0,4.0,1060.0,263.0,1
1.0,779.0,208.0,243.0,4.0,685.0,260.0,1
14.0,547.0,80.0,217.0,4.0,900.0,156.0,0
14.0,1027.0,173.0,216.0,5.0,835.0,145.0,1
12.0,7012.0,261.0,208.0,6.0,672.0,188.0,1
5.0,1844.0,85.0,78.0,6.0,530.0,97.0,0
8.0,472.0,16.0,45.0,4.0,610.0,110.0,0
1.0,1807.0,96.0,80.0,3.0,575.0,260.0,1
1.0,1088.0,33.0,159.0,5.0,420.0,125.0,1
15.0,24.0,173.0,129.0,4.0,595.0,160.0,1
5.0,1268.0,228.0,16.0,1.0,764.0,177.0,0
12.0,6333.0,154.0,243.0,4.0,821.0,46.0,0
15.0,961.0,205.0,217.0,5.0,435.0,180.0,0
2.0,516.0,252.0,264.0,6.0,1110.0,160.0,0
6.0,5015.0,16.0,132.0,5.0,1373.0,55.0,0
11.0,6753.0,85.0,228.0,6.0,1045.0,116.0,1
4.0,332.0,135.0,159.0,7.0,478.0,201.0,1
16.0,2805.0,233.0,58.0,1.0,610.0,93.0,1
13.0,497.0,198.0,208.0,7.0,1028.0,148.0,1
10.0,3928.0,273.0,208.0,3.0,430.0,145.0,0
14.0,1446.0,154.0,216.0,3.0,1330.0,292.0,0
1.0,1625.0,260.0,80.0,5.0,510.0,325.0,1
13.0,628.0,243.0,208.0,5.0,827.0,238.0,0
15.0,2982.0,85.0,45.0,3.0,885.0,85.0,1
5.0,1906.0,154.0,85.0,4.0,1002.0,257.0,1
17.0,2778.0,217.0,227.0,1.0,1095.0,92.0,0
15.0,174.0,44.0,262.0,5.0,675.0,80.0,1
12.0,6943.0,227.0,253.0,7.0,1018.0,91.0,1
5.0,127.0,148.0,253.0,7.0,915.0,408.0,1
12.0,6927.0,79.0,127.0,7.0,683.0,116.0,1
15.0,1079.0,277.0,198.0,4.0,855.0,100.0,1
12.0,4558.0,34.0,261.0,7.0,713.0,72.0,1
8.0,557.0,43.0,16.0,6.0,345.0,150.0,0
15.0,1172.0,197.0,217.0,7.0,960.0,210.0,0
15.0,1174.0,33.0,45.0,4.0,1005.0,100.0,1
5.0,1181.0,241.0,16.0,4.0,360.0,110.0,0
5.0,2961.0,16.0,74.0,7.0,1295.0,77.0,0
15.0,3508.0,217.0,18.0,5.0,1165.0,125.0,1
1.0,2236.0,217.0,80.0,7.0,1160.0,130.0,0
4.0,1137.0,96.0,80.0,4.0,960.0,244.0,1
15.0,1461.0,79.0,153.0,1.0,365.0,120.0,0
16.0,2294.0,68.0,135.0,7.0,1156.0,62.0,0
16.0,2946.0,147.0,96.0,6.0,375.0,129.0,0
8.0,265.0,184.0,78.0,5.0,611.0,109.0,0
16.0,2284.0,135.0,285.0,4.0,1030.0,114.0,0
5.0,2434.0,277.0,78.0,7.0,425.0,124.0,0
3.0,172.0,262.0,148.0,4.0,1424.0,308.0,1
8.0,1745.0,173.0,221.0,6.0,1005.0,130.0,0
12.0,4800.0,154.0,243.0,1.0,495.0,46.0,1
15.0,500.0,129.0,198.0,5.0,855.0,60.0,1
8.0,476.0,16.0,45.0,3.0,896.0,105.0,0
1.0,1286.0,80.0,234.0,3.0,1095.0,160.0,1
14.0,1540.0,217.0,60.0,5.0,465.0,216.0,0
3.0,611.0,148.0,147.0,3.0,480.0,154.0,1
11.0,6556.0,71.0,198.0,1.0,905.0,135.0,1
5.0,1159.0,186.0,16.0,5.0,1023.0,101.0,0
14.0,337.0,153.0,217.0,5.0,590.0,73.0,0
15.0,1402.0,104.0,277.0,5.0,460.0,60.0,0
13.0,552.0,134.0,35.0,3.0,1135.0,102.0,1
8.0,27.0,175.0,16.0,7.0,711.0,109.0,1
9.0,343.0,128.0,161.0,5.0,710.0,37.0,0
15.0,1594.0,79.0,35.0,3.0,1020.0,225.0,1
17.0,1036.0,128.0,143.0,5.0,680.0,49.0,0
15.0,9.0,198.0,268.0,3.0,705.0,105.0,0
1.0,573.0,18.0,154.0,7.0,460.0,195.0,0
12.0,6922.0,79.0,199.0,3.0,1294.0,56.0,0
5.0,314.0,16.0,261.0,7.0,845.0,255.0,1
4.0,582.0,135.0,35.0,6.0,1125.0,210.0,1
1.0,1978.0,178.0,80.0,4.0,951.0,95.0,0
16.0,2720.0,136.0,135.0,5.0,1112.0,104.0,0
15.0,2005.0,153.0,61.0,3.0,615.0,230.0,1
12.0,6835.0,154.0,262.0,4.0,524.0,83.0,0
11.0,6368.0,268.0,71.0,4.0,732.0,83.0,0
1.0,721.0,159.0,80.0,4.0,555.0,260.0,1
15.0,1015.0,244.0,45.0,5.0,430.0,190.0,1
12.0,6677.0,79.0,100.0,7.0,1108.0,152.0,1
15.0,283.0,268.0,79.0,4.0,1130.0,150.0,0
15.0,160.0,262.0,207.0,7.0,835.0,75.0,1
1.0,1309.0,45.0,80.0,7.0,620.0,220.0,0
6.0,5403.0,119.0,177.0,7.0,430.0,122.0,0
15.0,2253.0,173.0,228.0,6.0,580.0,155.0,1
10.0,4631.0,159.0,233.0,5.0,625.0,110.0,0
8.0,341.0,216.0,16.0,4.0,1125.0,153.0,0
16.0,2916.0,135.0,205.0,4.0,545.0,129.0,1
8.0,1216.0,267.0,175.0,6.0,1165.0,166.0,0
10.0,3327.0,146.0,80.0,4.0,955.0,95.0,0
7.0,383.0,104.0,79.0,1.0,460.0,268.0,1
15.0,2066.0,35.0,45.0,6.0,570.0,90.0,1
2.0,622.0,214.0,153.0,1.0,810.0,129.0,1
12.0,6477.0,262.0,154.0,5.0,879.0,83.0,1
6.0,5251.0,32.0,16.0,5.0,966.0,104.0,1
12.0,4840.0,28.0,261.0,7.0,385.0,80.0,0
14.0,1521.0,60.0,79.0,4.0,465.0,225.0,1
13.0,651.0,208.0,243.0,3.0,1210.0,259.0,0
10.0,4185.0,58.0,208.0,6.0,1190.0,100.0,1
11.0,6645.0,17.0,85.0,5.0,630.0,79.0,0
6.0,7065.0,76.0,208.0,6.0,1137.0,83.0,1
16.0,2614.0,61.0,96.0,5.0,360.0,97.0,0
13.0,514.0,208.0,134.0,5.0,1288.0,107.0,0
14.0,1848.0,197.0,216.0,1.0,405.0,160.0,0
1.0,1056.0,279.0,80.0,4.0,360.0,70.0,0
5.0,1996.0,197.0,159.0,3.0,420.0,175.0,1
17.0,1019.0,203.0,128.0,7.0,1135.0,32.0,0
14.0,1880.0,173.0,78.0,6.0,810.0,123.0,0
17.0,2779.0,217.0,194.0,6.0,1095.0,175.0,0
8.0,1245.0,173.0,106.0,3.0,1244.0,158.0,0
5.0,1945.0,78.0,85.0,3.0,903.0,99.0,1
15.0,1414.0,75.0,198.0,4.0,580.0,75.0,1
5.0,2345.0,71.0,153.0,5.0,555.0,269.0,1
12.0,6895.0,162.0,79.0,7.0,535.0,156.0,0
14.0,1411.0,22.0,60.0,7.0,500.0,143.0,1
4.0,1506.0,135.0,277.0,4.0,1160.0,124.0,0
14.0,1429.0,221.0,60.0,7.0,550.0,98.0,0
14.0,472.0,217.0,44.0,6.0,665.0,90.0,0
11.0,6306.0,85.0,84.0,1.0,935.0,117.0,0
2.0,19.0,173.0,252.0,7.0,1095.0,384.0,0
7.0,654.0,253.0,79.0,3.0,654.0,146.0,0
12.0,3099.0,184.0,139.0,6.0,460.0,64.0,1
15.0,1668.0,154.0,258.0,6.0,1115.0,65.0,1
9.0,189.0,150.0,128.0,4.0,958.0,42.0,0
15.0,406.0,153.0,217.0,5.0,525.0,70.0,1
10.0,4614.0,85.0,159.0,6.0,720.0,105.0,0
16.0,3030.0,68.0,135.0,5.0,390.0,59.0,0
15.0,1199.0,198.0,27.0,3.0,570.0,60.0,0
6.0,5237.0,78.0,35.0,3.0,1015.0,105.0,1
4.0,1468.0,96.0,153.0,4.0,895.0,348.0,1
1.0,1865.0,80.0,44.0,6.0,1205.0,205.0,1
6.0,4947.0,27.0,16.0,6.0,720.0,83.0,0
6.0,5337.0,16.0,81.0,3.0,815.0,56.0,0
1.0,544.0,80.0,173.0,4.0,860.0,145.0,0
6.0,5216.0,268.0,78.0,5.0,1195.0,122.0,0
15.0,3567.0,75.0,279.0,5.0,550.0,60.0,1
15.0,715.0,175.0,35.0,3.0,395.0,135.0,0
10.0,3833.0,208.0,16.0,7.0,760.0,120.0,1
14.0,1252.0,147.0,78.0,3.0,450.0,103.0,0
15.0,1427.0,175.0,33.0,4.0,830.0,80.0,0
15.0,771.0,153.0,202.0,3.0,970.0,95.0,1
10.0,3827.0,16.0,208.0,7.0,705.0,120.0,1
1.0,1119.0,78.0,183.0,1.0,800.0,160.0,1
15.0,343.0,253.0,154.0,5.0,510.0,80.0,1
15.0,1131.0,154.0,129.0,4.0,1180.0,180.0,1
3.0,17.0,148.0,104.0,4.0,650.0,183.0,1
9.0,314.0,161.0,128.0,5.0,1116.0,30.0,0
5.0,2201.0,35.0,16.0,4.0,1035.0,185.0,1
4.0,726.0,207.0,135.0,5.0,737.0,181.0,0
12.0,7802.0,282.0,261.0,5.0,890.0,63.0,0
0.0,3936.0,117.0,85.0,1.0,430.0,80.0,0
12.0,6824.0,253.0,231.0,3.0,953.0,69.0,1
12.0,6680.0,79.0,15.0,4.0,1298.0,47.0,0
13.0,404.0,253.0,134.0,3.0,1395.0,306.0,0
0.0,4153.0,85.0,43.0,1.0,605.0,77.0,1
12.0,4746.0,197.0,195.0,3.0,445.0,59.0,1
6.0,5242.0,290.0,177.0,7.0,700.0,66.0,0
17.0,2719.0,18.0,217.0,3.0,505.0,167.0,0
0.0,3798.0,85.0,0.0,1.0,630.0,92.0,0
15.0,574.0,198.0,153.0,7.0,610.0,240.0,0
7.0,411.0,79.0,154.0,4.0,1090.0,147.0,0
1.0,2299.0,85.0,183.0,3.0,360.0,190.0,0
14.0,958.0,104.0,216.0,3.0,595.0,157.0,0
3.0,479.0,35.0,154.0,5.0,1165.0,390.0,0
5.0,1108.0,197.0,60.0,3.0,420.0,156.0,0
16.0,2996.0,135.0,162.0,4.0,635.0,78.0,0
16.0,2978.0,41.0,135.0,6.0,490.0,69.0,0
0.0,4283.0,71.0,109.0,4.0,1240.0,45.0,0
15.0,891.0,182.0,173.0,4.0,410.0,200.0,0
12.0,6723.0,253.0,252.0,5.0,771.0,122.0,0
0.0,3939.0,177.0,84.0,3.0,555.0,101.0,0
12.0,6812.0,265.0,208.0,3.0,568.0,58.0,1
10.0,4308.0,208.0,33.0,3.0,1330.0,85.0,1
15.0,2613.0,202.0,243.0,7.0,565.0,85.0,0
3.0,619.0,148.0,147.0,5.0,1250.0,157.0,0
12.0,7043.0,65.0,79.0,4.0,965.0,40.0,1
2.0,115.0,252.0,14.0,4.0,1110.0,223.0,0
15.0,500.0,129.0,198.0,7.0,855.0,60.0,1
15.0,3599.0,268.0,153.0,5.0,765.0,230.0,1
10.0,3647.0,183.0,147.0,3.0,1050.0,75.0,0
14.0,1825.0,35.0,216.0,7.0,1110.0,106.0,0
16.0,2178.0,233.0,135.0,4.0,675.0,178.0,0
15.0,1510.0,251.0,45.0,3.0,435.0,85.0,0
15.0,527.0,104.0,277.0,5.0,645.0,60.0,0
17.0,2697.0,217.0,160.0,5.0,1266.0,82.0,0
15.0,1187.0,139.0,175.0,6.0,685.0,60.0,1
0.0,4007.0,177.0,75.0,7.0,830.0,93.0,0
5.0,2551.0,159.0,213.0,4.0,725.0,182.0,1
6.0,5356.0,16.0,52.0,5.0,1310.0,51.0,0
4.0,469.0,253.0,135.0,3.0,360.0,225.0,1
4.0,504.0,96.0,60.0,1.0,400.0,118.0,0
3.0,712.0,260.0,148.0,5.0,1305.0,236.0,1
5.0,1574.0,173.0,197.0,5.0,580.0,207.0,0
15.0,2370.0,75.0,27.0,6.0,860.0,90.0,0
12.0,6938.0,44.0,79.0,3.0,919.0,141.0,1
0.0,4268.0,177.0,223.0,4.0,870.0,85.0,0
12.0,6881.0,262.0,79.0,3.0,687.0,137.0,1
1.0,2325.0,208.0,80.0,4.0,760.0,150.0,1
1.0,1539.0,208.0,268.0,7.0,1255.0,70.0,1
16.0,3036.0,135.0,54.0,5.0,1195.0,131.0,0
6.0,5135.0,16.0,87.0,5.0,898.0,75.0,0
15.0,198.0,277.0,184.0,4.0,840.0,165.0,0
15.0,1109.0,153.0,214.0,5.0,995.0,140.0,1
15.0,1088.0,258.0,44.0,5.0,1210.0,60.0,1
2.0,3.0,78.0,252.0,6.0,1065.0,355.0,0
15.0,143.0,221.0,175.0,1.0,870.0,90.0,1
4.0,799.0,135.0,79.0,7.0,525.0,153.0,0
0.0,4246.0,139.0,85.0,3.0,608.0,80.0,0
13.0,342.0,79.0,35.0,6.0,1020.0,231.0,0
16.0,2400.0,135.0,217.0,7.0,970.0,176.0,1
10.0,4025.0,208.0,240.0,1.0,695.0,70.0,0
16.0,2659.0,58.0,80.0,5.0,1010.0,180.0,0
14.0,1848.0,197.0,216.0,5.0,405.0,160.0,1
0.0,4087.0,148.0,209.0,6.0,1200.0,98.0,1
0.0,3747.0,177.0,18.0,7.0,820.0,115.0,0
14.0,1698.0,60.0,228.0,7.0,1326.0,108.0,0
15.0,143.0,243.0,202.0,7.0,1120.0,90.0,1
11.0,6338.0,120.0,16.0,4.0,315.0,93.0,0
8.0,796.0,268.0,16.0,7.0,405.0,114.0,0
6.0,7096.0,134.0,35.0,5.0,877.0,91.0,0
14.0,910.0,60.0,45.0,7.0,1070.0,79.0,1
15.0,2198.0,204.0,268.0,4.0,425.0,80.0,0
15.0,2053.0,253.0,153.0,7.0,1030.0,95.0,1
1.0,1361.0,132.0,80.0,4.0,385.0,135.0,0
15.0,29.0,268.0,75.0,4.0,685.0,105.0,1
6.0,5280.0,290.0,177.0,3.0,1010.0,68.0,0
0.0,3694.0,85.0,175.0,7.0,935.0,71.0,1
4.0,556.0,154.0,58.0,6.0,637.0,260.0,1
10.0,2984.0,80.0,70.0,5.0,1120.0,115.0,1
17.0,2628.0,120.0,60.0,4.0,770.0,54.0,1
10.0,3247.0,80.0,162.0,7.0,1050.0,70.0,0
2.0,659.0,217.0,214.0,1.0,665.0,180.0,0
6.0,7343.0,16.0,136.0,3.0,660.0,145.0,0
15.0,2108.0,33.0,277.0,4.0,965.0,105.0,1
14.0,1251.0,78.0,217.0,4.0,1020.0,307.0,0
3.0,553.0,96.0,241.0,1.0,489.0,195.0,0
13.0,184.0,253.0,216.0,5.0,550.0,335.0,1
3.0,1410.0,18.0,173.0,3.0,925.0,142.0,1
15.0,2982.0,45.0,268.0,1.0,1000.0,145.0,1
14.0,1550.0,217.0,60.0,4.0,950.0,225.0,0
15.0,993.0,253.0,264.0,4.0,670.0,85.0,0
15.0,50.0,129.0,75.0,5.0,1110.0,60.0,1
5.0,1572.0,277.0,16.0,3.0,587.0,93.0,0
12.0,4567.0,261.0,244.0,7.0,1195.0,160.0,1
1.0,1150.0,264.0,208.0,5.0,705.0,240.0,0
10.0,3082.0,243.0,154.0,3.0,1020.0,45.0,0
9.0,556.0,128.0,203.0,6.0,1170.0,37.0,0
14.0,1278.0,173.0,78.0,5.0,1100.0,124.0,0
1.0,1304.0,80.0,16.0,5.0,1150.0,120.0,1
16.0,2195.0,190.0,135.0,5.0,720.0,90.0,0
9.0,121.0,143.0,128.0,6.0,541.0,49.0,0
12.0,6810.0,210.0,214.0,4.0,1204.0,54.0,0
15.0,1486.0,204.0,217.0,3.0,1005.0,150.0,1
10.0,3228.0,10.0,80.0,6.0,1015.0,75.0,0
8.0,540.0,16.0,217.0,5.0,635.0,270.0,0
12.0,6680.0,79.0,15.0,6.0,987.0,44.0,0
12.0,6981.0,79.0,280.0,3.0,678.0,120.0,1
11.0,6737.0,96.0,85.0,6.0,985.0,129.0,1
10.0,2980.0,70.0,80.0,4.0,425.0,150.0,0
15.0,3425.0,261.0,217.0,1.0,775.0,95.0,1
5.0,689.0,16.0,234.0,3.0,1160.0,96.0,0
1.0,558.0,80.0,96.0,5.0,690.0,215.0,0
5.0,2895.0,173.0,148.0,1.0,540.0,155.0,1
15.0,1440.0,277.0,175.0,1.0,775.0,165.0,0
5.0,2854.0,253.0,85.0,5.0,780.0,276.0,1
15.0,697.0,18.0,153.0,3.0,470.0,185.0,1
14.0,1789.0,147.0,60.0,1.0,539.0,76.0,0
15.0,327.0,258.0,44.0,3.0,460.0,60.0,0
1.0,1017.0,80.0,252.0,6.0,1295.0,260.0,0
3.0,1263.0,35.0,18.0,4.0,530.0,280.0,0
11.0,6272.0,94.0,71.0,5.0,835.0,55.0,0
10.0,2913.0,80.0,288.0,1.0,810.0,110.0,0
1.0,1624.0,154.0,208.0,3.0,895.0,245.0,1
12.0,6380.0,34.0,253.0,4.0,884.0,105.0,1
7.0,214.0,79.0,18.0,6.0,1155.0,124.0,0
12.0,4534.0,261.0,244.0,5.0,880.0,160.0,1
5.0,2778.0,261.0,177.0,1.0,830.0,182.0,1
12.0,4866.0,184.0,71.0,1.0,480.0,75.0,1
13.0,62.0,161.0,253.0,3.0,865.0,319.0,0
17.0,2661.0,33.0,60.0,4.0,1025.0,76.0,0
6.0,5298.0,85.0,121.0,4.0,630.0,109.0,0
6.0,7327.0,48.0,16.0,3.0,640.0,110.0,0
15.0,396.0,202.0,44.0,5.0,450.0,65.0,1
8.0,337.0,216.0,16.0,4.0,1010.0,136.0,1
14.0,596.0,217.0,172.0,3.0,1195.0,153.0,0
15.0,3047.0,217.0,79.0,4.0,1165.0,105.0,1
10.0,3015.0,154.0,243.0,3.0,715.0,45.0,0
10.0,2782.0,157.0,80.0,4.0,385.0,160.0,1
7.0,510.0,243.0,79.0,6.0,390.0,143.0,0
1.0,368.0,18.0,208.0,3.0,515.0,160.0,0
5.0,1762.0,85.0,216.0,5.0,615.0,104.0,0
1.0,1533.0,16.0,80.0,1.0,415.0,150.0,0
4.0,258.0,135.0,78.0,4.0,455.0,175.0,0
10.0,2967.0,80.0,41.0,3.0,845.0,80.0,1
10.0,3332.0,155.0,80.0,7.0,350.0,70.0,0
13.0,422.0,79.0,96.0,3.0,621.0,225.0,1
12.0,6319.0,134.0,221.0,1.0,900.0,60.0,0
12.0,6960.0,230.0,79.0,4.0,738.0,69.0,0
17.0,2778.0,217.0,227.0,4.0,1095.0,92.0,0
4.0,793.0,173.0,96.0,4.0,1106.0,154.0,0
3.0,1120.0,104.0,43.0,7.0,882.0,176.0,0
5.0,1692.0,277.0,85.0,1.0,632.0,158.0,0
15.0,628.0,153.0,236.0,3.0,1145.0,80.0,1
0.0,3714.0,85.0,61.0,7.0,1035.0,68.0,1
5.0,1009.0,197.0,16.0,1.0,550.0,154.0,0
16.0,5908.0,42.0,208.0,7.0,506.0,159.0,0
8.0,31.0,175.0,16.0,6.0,1120.0,115.0,0
1.0,763.0,159.0,80.0,4.0,990.0,260.0,0
5.0,1081.0,16.0,213.0,6.0,1172.0,110.0,0
10.0,3984.0,208.0,76.0,4.0,515.0,70.0,0
15.0,1931.0,268.0,75.0,4.0,1015.0,105.0,1
15.0,739.0,277.0,104.0,5.0,1060.0,60.0,0
4.0,1033.0,159.0,135.0,4.0,630.0,245.0,1
10.0,4246.0,139.0,208.0,1.0,1055.0,75.0,0
15.0,3753.0,253.0,153.0,7.0,1265.0,80.0,1
6.0,4956.0,177.0,35.0,4.0,515.0,168.0,0
15.0,3106.0,45.0,141.0,6.0,1175.0,60.0,1
5.0,1734.0,154.0,61.0,4.0,1350.0,255.0,1
5.0,1935.0,85.0,33.0,3.0,440.0,115.0,0
6.0,5495.0,16.0,32.0,7.0,1305.0,105.0,0
8.0,1134.0,238.0,277.0,7.0,460.0,184.0,0
16.0,2052.0,58.0,216.0,1.0,455.0,87.0,1
17.0,2609.0,120.0,60.0,6.0,686.0,55.0,0
5.0,1871.0,261.0,217.0,3.0,520.0,102.0,1
15.0,757.0,262.0,214.0,4.0,960.0,90.0,1
15.0,894.0,209.0,45.0,5.0,845.0,55.0,0
10.0,2970.0,10.0,80.0,1.0,430.0,80.0,0
17.0,2601.0,58.0,60.0,1.0,390.0,102.0,0
1.0,160.0,243.0,148.0,1.0,460.0,315.0,1
8.0,1584.0,16.0,30.0,5.0,970.0,110.0,0
15.0,185.0,45.0,22.0,1.0,520.0,65.0,1
1.0,1172.0,217.0,208.0,5.0,565.0,205.0,0
13.0,523.0,79.0,217.0,5.0,925.0,117.0,0
10.0,4047.0,208.0,234.0,5.0,970.0,115.0,0
12.0,4647.0,122.0,261.0,6.0,785.0,85.0,0
14.0,1517.0,22.0,78.0,7.0,375.0,81.0,0
8.0,767.0,213.0,16.0,5.0,465.0,108.0,0
16.0,5902.0,218.0,208.0,3.0,362.0,63.0,0
10.0,3308.0,71.0,80.0,1.0,605.0,165.0,1
1.0,415.0,208.0,252.0,1.0,700.0,255.0,0
0.0,3710.0,85.0,90.0,7.0,630.0,78.0,0
7.0,580.0,261.0,79.0,1.0,1025.0,85.0,0
5.0,2101.0,35.0,16.0,4.0,960.0,183.0,1
2.0,584.0,214.0,264.0,5.0,945.0,145.0,0
14.0,2128.0,159.0,35.0,5.0,780.0,65.0,0
14.0,270.0,217.0,153.0,6.0,520.0,71.0,0
3.0,234.0,160.0,261.0,3.0,879.0,104.0,0
15.0,925.0,262.0,154.0,7.0,715.0,80.0,1
10.0,3389.0,80.0,283.0,6.0,1175.0,55.0,0
15.0,1217.0,154.0,129.0,3.0,555.0,185.0,1
6.0,5614.0,16.0,174.0,3.0,1247.0,104.0,0
5.0,2925.0,35.0,197.0,6.0,857.0,198.0,1
1.0,1762.0,183.0,16.0,7.0,935.0,125.0,0
15.0,2198.0,204.0,268.0,7.0,425.0,80.0,0
14.0,480.0,85.0,217.0,3.0,1060.0,267.0,1
15.0,2726.0,251.0,277.0,7.0,590.0,125.0,0
14.0,281.0,217.0,258.0,6.0,875.0,114.0,0
5.0,2449.0,33.0,261.0,4.0,450.0,240.0,0
14.0,1050.0,60.0,159.0,6.0,480.0,104.0,0
12.0,4540.0,196.0,261.0,5.0,703.0,82.0,0
3.0,1251.0,35.0,134.0,3.0,509.0,102.0,0
1.0,1404.0,241.0,208.0,4.0,945.0,195.0,0
15.0,692.0,207.0,202.0,5.0,1110.0,75.0,1
1.0,2200.0,153.0,80.0,5.0,850.0,165.0,0
5.0,1753.0,197.0,252.0,5.0,680.0,223.0,0
16.0,2546.0,58.0,197.0,7.0,1000.0,124.0,0
5.0,2864.0,173.0,177.0,3.0,446.0,129.0,0
9.0,377.0,128.0,161.0,6.0,1196.0,36.0,0
15.0,996.0,244.0,75.0,5.0,1165.0,60.0,1
15.0,3138.0,243.0,244.0,3.0,900.0,155.0,1
4.0,667.0,252.0,14.0,3.0,1267.0,217.0,1
16.0,2244.0,221.0,96.0,3.0,756.0,114.0,1
12.0,6856.0,61.0,79.0,4.0,1167.0,203.0,0
16.0,2497.0,135.0,136.0,5.0,975.0,101.0,0
14.0,1753.0,60.0,277.0,5.0,1070.0,99.0,0
5.0,1701.0,35.0,16.0,6.0,585.0,179.0,0
10.0,4599.0,159.0,197.0,7.0,375.0,175.0,0
15.0,1401.0,264.0,202.0,6.0,510.0,85.0,0
12.0,6381.0,208.0,80.0,7.0,1050.0,151.0,1
14.0,307.0,60.0,153.0,1.0,1095.0,300.0,1
14.0,270.0,135.0,217.0,3.0,360.0,172.0,0
16.0,2995.0,91.0,135.0,7.0,640.0,109.0,0
13.0,356.0,79.0,244.0,3.0,1173.0,131.0,0
5.0,2783.0,16.0,18.0,3.0,833.0,155.0,0
1.0,1180.0,80.0,234.0,4.0,820.0,155.0,0
10.0,4634.0,159.0,233.0,4.0,960.0,110.0,0
3.0,282.0,160.0,153.0,5.0,794.0,67.0,0
11.0,6692.0,148.0,238.0,1.0,800.0,95.0,1
10.0,3628.0,33.0,183.0,7.0,540.0,140.0,0
13.0,251.0,134.0,214.0,1.0,1063.0,348.0,1
12.0,4634.0,160.0,261.0,1.0,602.0,120.0,1
2.0,66.0,291.0,149.0,4.0,1110.0,48.0,0
2.0,895.0,258.0,203.0,7.0,450.0,354.0,0
5.0,1260.0,111.0,261.0,3.0,384.0,110.0,1
13.0,679.0,208.0,243.0,1.0,956.0,269.0,1
15.0,1381.0,18.0,243.0,5.0,1145.0,190.0,1
10.0,4316.0,208.0,279.0,7.0,735.0,120.0,0
15.0,2466.0,214.0,202.0,5.0,910.0,100.0,1
16.0,2543.0,245.0,96.0,4.0,735.0,127.0,1
3.0,480.0,154.0,35.0,7.0,1439.0,321.0,1
13.0,160.0,79.0,221.0,6.0,610.0,175.0,0
15.0,1294.0,262.0,154.0,4.0,860.0,80.0,1
15.0,268.0,153.0,175.0,7.0,920.0,215.0,1
13.0,105.0,208.0,22.0,7.0,1266.0,128.0,0
3.0,520.0,173.0,96.0,1.0,485.0,145.0,0
15.0,41.0,129.0,216.0,3.0,1080.0,185.0,0
1.0,1330.0,280.0,80.0,6.0,555.0,130.0,0
13.0,120.0,253.0,134.0,6.0,630.0,310.0,1
15.0,775.0,85.0,175.0,1.0,940.0,65.0,1
14.0,1167.0,221.0,60.0,1.0,935.0,92.0,0
15.0,1381.0,175.0,172.0,4.0,825.0,90.0,1
16.0,2991.0,162.0,135.0,4.0,742.0,82.0,0
1.0,1916.0,80.0,22.0,5.0,495.0,190.0,0
1.0,1509.0,80.0,18.0,6.0,1086.0,60.0,0
1.0,1355.0,35.0,80.0,4.0,440.0,270.0,0
14.0,1562.0,216.0,35.0,1.0,735.0,75.0,0
5.0,175.0,16.0,173.0,4.0,1365.0,84.0,0
15.0,627.0,173.0,141.0,1.0,465.0,145.0,0
6.0,5257.0,22.0,78.0,5.0,360.0,84.0,0
15.0,2600.0,104.0,173.0,6.0,495.0,55.0,0
11.0,6594.0,71.0,35.0,6.0,450.0,130.0,0
5.0,2112.0,27.0,16.0,3.0,330.0,58.0,0
15.0,718.0,175.0,258.0,4.0,1145.0,295.0,1
12.0,6567.0,208.0,65.0,6.0,1215.0,153.0,1
11.0,6764.0,60.0,148.0,4.0,700.0,136.0,0
0.0,4147.0,175.0,85.0,6.0,651.0,79.0,1
16.0,2725.0,58.0,80.0,4.0,560.0,182.0,0
4.0,1500.0,104.0,96.0,5.0,810.0,185.0,0
3.0,128.0,148.0,42.0,4.0,1360.0,73.0,0
14.0,1402.0,60.0,135.0,5.0,1331.0,163.0,0
14.0,16.0,253.0,217.0,6.0,725.0,116.0,0
5.0,1638.0,16.0,78.0,4.0,1160.0,116.0,1
2.0,152.0,14.0,206.0,6.0,660.0,94.0,0
15.0,2643.0,154.0,280.0,1.0,460.0,80.0,1
15.0,143.0,175.0,243.0,7.0,935.0,275.0,1
1.0,1364.0,154.0,208.0,1.0,420.0,250.0,0
6.0,5266.0,16.0,180.0,7.0,770.0,54.0,0
6.0,5482.0,16.0,69.0,6.0,845.0,82.0,0
7.0,478.0,153.0,184.0,3.0,1040.0,205.0,0
5.0,2400.0,16.0,35.0,5.0,1070.0,152.0,0
15.0,1427.0,153.0,243.0,7.0,1215.0,65.0,1
10.0,3529.0,80.0,184.0,3.0,925.0,135.0,0
15.0,1108.0,79.0,2.0,7.0,1260.0,75.0,1
8.0,27.0,175.0,16.0,3.0,711.0,109.0,0
13.0,483.0,22.0,208.0,3.0,1054.0,161.0,0
5.0,735.0,261.0,214.0,7.0,905.0,115.0,1
1.0,1663.0,277.0,183.0,1.0,825.0,65.0,1
0.0,3769.0,148.0,234.0,5.0,970.0,118.0,0
13.0,290.0,262.0,134.0,3.0,460.0,295.0,1
10.0,3747.0,216.0,208.0,5.0,785.0,145.0,0
12.0,6442.0,227.0,154.0,6.0,568.0,47.0,0
5.0,2051.0,197.0,153.0,7.0,870.0,208.0,1
1.0,1376.0,183.0,80.0,4.0,970.0,200.0,0
12.0,4673.0,111.0,261.0,1.0,986.0,99.0,1
10.0,4320.0,204.0,208.0,1.0,1025.0,135.0,0
14.0,202.0,153.0,217.0,1.0,400.0,74.0,0
17.0,2670.0,60.0,177.0,4.0,1189.0,110.0,0
15.0,900.0,243.0,217.0,5.0,390.0,75.0,1
14.0,1630.0,60.0,159.0,3.0,1095.0,115.0,1
12.0,6639.0,79.0,46.0,3.0,870.0,109.0,0
11.0,6351.0,71.0,177.0,7.0,1050.0,99.0,0
12.0,4525.0,197.0,172.0,5.0,610.0,91.0,0
5.0,2375.0,261.0,253.0,1.0,670.0,127.0,0
3.0,1423.0,214.0,160.0,1.0,875.0,132.0,0
13.0,423.0,173.0,79.0,3.0,1079.0,249.0,0
1.0,385.0,80.0,91.0,3.0,630.0,105.0,0
17.0,2767.0,60.0,244.0,7.0,965.0,190.0,0
14.0,1921.0,60.0,147.0,3.0,1215.0,84.0,1
8.0,185.0,78.0,16.0,5.0,1136.0,126.0,0
15.0,208.0,264.0,217.0,1.0,405.0,95.0,1
15.0,748.0,262.0,79.0,5.0,360.0,145.0,1
15.0,2529.0,217.0,184.0,1.0,765.0,205.0,1
10.0,3204.0,80.0,256.0,7.0,475.0,55.0,1
14.0,1218.0,104.0,78.0,4.0,715.0,145.0,1
12.0,4824.0,261.0,65.0,5.0,1015.0,97.0,0
12.0,6937.0,79.0,83.0,1.0,719.0,64.0,1
6.0,5312.0,285.0,16.0,7.0,621.0,65.0,1
12.0,6296.0,207.0,79.0,5.0,681.0,137.0,0
14.0,1576.0,60.0,96.0,3.0,680.0,106.0,0
12.0,4527.0,197.0,33.0,6.0,625.0,133.0,0
15.0,752.0,264.0,258.0,4.0,640.0,75.0,0
13.0,611.0,78.0,208.0,6.0,633.0,127.0,1
17.0,2930.0,217.0,2.0,7.0,795.0,73.0,0
10.0,4175.0,208.0,84.0,3.0,1290.0,80.0,1
15.0,1235.0,33.0,45.0,3.0,580.0,95.0,1
15.0,2449.0,146.0,129.0,1.0,410.0,85.0,0
10.0,4216.0,208.0,204.0,3.0,520.0,135.0,0
15.0,896.0,277.0,12.0,7.0,1060.0,165.0,1
5.0,2460.0,183.0,16.0,3.0,605.0,120.0,0
12.0,6573.0,126.0,79.0,3.0,769.0,56.0,1
12.0,6341.0,243.0,154.0,5.0,1202.0,42.0,0
12.0,4504.0,261.0,28.0,1.0,1027.0,82.0,0
15.0,882.0,147.0,104.0,1.0,1060.0,70.0,0
15.0,493.0,129.0,277.0,6.0,715.0,115.0,1
3.0,1328.0,45.0,35.0,7.0,1055.0,84.0,0
14.0,343.0,135.0,217.0,7.0,480.0,186.0,0
11.0,6638.0,85.0,69.0,7.0,1300.0,80.0,0
14.0,399.0,233.0,60.0,3.0,675.0,66.0,0
12.0,6993.0,79.0,230.0,4.0,970.0,62.0,0
1.0,2466.0,253.0,80.0,6.0,20.0,195.0,0
14.0,710.0,154.0,216.0,6.0,510.0,303.0,0
11.0,6321.0,238.0,148.0,6.0,660.0,87.0,0
10.0,4362.0,85.0,208.0,5.0,760.0,80.0,0
12.0,4607.0,261.0,172.0,5.0,630.0,142.0,1
12.0,6555.0,114.0,79.0,1.0,592.0,58.0,1
15.0,283.0,268.0,79.0,7.0,1130.0,150.0,1
16.0,2547.0,16.0,58.0,4.0,585.0,114.0,0
16.0,2978.0,41.0,135.0,1.0,490.0,71.0,0
14.0,1998.0,104.0,60.0,6.0,785.0,118.0,0
15.0,1839.0,175.0,217.0,7.0,485.0,245.0,0
10.0,2707.0,80.0,165.0,6.0,825.0,85.0,0
15.0,315.0,139.0,217.0,5.0,910.0,245.0,1
0.0,4255.0,197.0,281.0,3.0,605.0,86.0,1
1.0,1008.0,243.0,80.0,3.0,515.0,180.0,0
17.0,7266.0,43.0,208.0,7.0,791.0,110.0,1
10.0,2740.0,158.0,80.0,6.0,1010.0,85.0,0
14.0,1444.0,147.0,60.0,3.0,645.0,83.0,0
15.0,1272.0,198.0,75.0,6.0,735.0,85.0,0
13.0,568.0,208.0,260.0,3.0,497.0,275.0,0
10.0,3301.0,80.0,254.0,7.0,1350.0,70.0,0
13.0,305.0,253.0,154.0,7.0,1011.0,90.0,0
10.0,3771.0,208.0,135.0,6.0,470.0,165.0,1
15.0,2903.0,198.0,45.0,3.0,1000.0,140.0,0
15.0,1795.0,217.0,264.0,5.0,1240.0,75.0,1
10.0,3753.0,197.0,208.0,7.0,480.0,95.0,1
12.0,6766.0,208.0,172.0,6.0,360.0,88.0,1
10.0,4381.0,148.0,35.0,4.0,520.0,70.0,0
8.0,1153.0,241.0,139.0,3.0,1151.0,150.0,0
3.0,1150.0,173.0,229.0,6.0,770.0,168.0,1
16.0,2157.0,147.0,135.0,4.0,930.0,149.0,0
2.0,153.0,206.0,14.0,6.0,1267.0,88.0,0
5.0,1603.0,16.0,153.0,3.0,1320.0,286.0,1
10.0,3656.0,221.0,183.0,5.0,1040.0,170.0,0
5.0,1235.0,96.0,261.0,3.0,420.0,327.0,1
10.0,4019.0,208.0,174.0,6.0,845.0,105.0,1
4.0,345.0,58.0,135.0,6.0,525.0,184.0,1
4.0,1723.0,135.0,207.0,7.0,585.0,210.0,0
3.0,234.0,160.0,261.0,6.0,879.0,104.0,0
6.0,7134.0,134.0,85.0,7.0,1024.0,97.0,0
6.0,4966.0,288.0,16.0,3.0,325.0,69.0,0
3.0,286.0,160.0,153.0,5.0,1065.0,67.0,0
14.0,2139.0,35.0,159.0,7.0,1080.0,81.0,0
3.0,83.0,148.0,252.0,4.0,795.0,374.0,0
5.0,1984.0,16.0,221.0,3.0,445.0,97.0,0
10.0,3876.0,290.0,208.0,5.0,430.0,105.0,0
3.0,43.0,148.0,173.0,7.0,967.0,183.0,0
13.0,439.0,280.0,79.0,7.0,846.0,110.0,0
1.0,788.0,183.0,270.0,5.0,775.0,155.0,0
2.0,678.0,252.0,79.0,6.0,1135.0,154.0,0
15.0,2903.0,198.0,45.0,1.0,1000.0,140.0,0
5.0,2514.0,85.0,119.0,6.0,610.0,59.0,1
5.0,1171.0,221.0,16.0,6.0,1046.0,127.0,0
5.0,2440.0,277.0,78.0,3.0,770.0,124.0,1
16.0,2229.0,256.0,135.0,6.0,480.0,72.0,0
5.0,2388.0,177.0,16.0,4.0,1110.0,85.0,0
2.0,470.0,252.0,154.0,3.0,910.0,157.0,1
1.0,1494.0,18.0,80.0,3.0,540.0,65.0,0
15.0,541.0,258.0,252.0,5.0,1120.0,130.0,0
15.0,52.0,104.0,129.0,3.0,995.0,180.0,1
17.0,2737.0,160.0,217.0,4.0,1140.0,81.0,0
1.0,2395.0,60.0,80.0,7.0,945.0,180.0,1
15.0,2026.0,258.0,264.0,7.0,660.0,75.0,0
8.0,146.0,16.0,85.0,6.0,891.0,117.0,0
13.0,611.0,78.0,208.0,3.0,629.0,131.0,0
1.0,1494.0,18.0,80.0,4.0,540.0,65.0,0
15.0,1489.0,213.0,277.0,5.0,945.0,55.0,0
6.0,5351.0,16.0,129.0,3.0,1165.0,142.0,1
1.0,114.0,154.0,96.0,3.0,495.0,325.0,1
1.0,818.0,154.0,268.0,1.0,755.0,210.0,1
5.0,2816.0,153.0,85.0,3.0,360.0,233.0,0
6.0,5279.0,85.0,146.0,4.0,834.0,136.0,1
5.0,2250.0,153.0,197.0,5.0,950.0,187.0,1
12.0,4742.0,230.0,197.0,3.0,940.0,92.0,1
0.0,3832.0,84.0,177.0,1.0,683.0,95.0,1
5.0,2460.0,16.0,238.0,7.0,772.0,128.0,0
12.0,6334.0,79.0,65.0,7.0,1335.0,35.0,0
3.0,142.0,213.0,148.0,3.0,605.0,149.0,1
3.0,1252.0,134.0,35.0,3.0,530.0,85.0,1
1.0,1829.0,60.0,80.0,1.0,560.0,180.0,0
16.0,2008.0,135.0,147.0,7.0,1035.0,118.0,0
15.0,1163.0,75.0,204.0,5.0,1005.0,50.0,1
11.0,6447.0,45.0,71.0,3.0,1065.0,115.0,1
1.0,457.0,183.0,268.0,6.0,545.0,165.0,0
15.0,1041.0,75.0,244.0,7.0,810.0,65.0,0
15.0,1272.0,162.0,153.0,6.0,925.0,215.0,0
15.0,2265.0,111.0,34.0,4.0,710.0,60.0,0
1.0,540.0,183.0,85.0,5.0,1150.0,180.0,1
0.0,4327.0,106.0,197.0,5.0,410.0,105.0,1
9.0,361.0,143.0,128.0,4.0,1116.0,49.0,0
14.0,963.0,139.0,60.0,3.0,420.0,102.0,1
15.0,3147.0,217.0,154.0,5.0,530.0,85.0,1
10.0,4010.0,60.0,208.0,3.0,890.0,135.0,1
6.0,5445.0,85.0,205.0,5.0,940.0,138.0,0
1.0,1622.0,214.0,80.0,3.0,740.0,220.0,1
10.0,4674.0,159.0,58.0,1.0,1100.0,105.0,1
5.0,1428.0,153.0,148.0,4.0,1435.0,293.0,0
1.0,1055.0,216.0,80.0,6.0,695.0,235.0,0
3.0,76.0,213.0,148.0,1.0,768.0,160.0,0
6.0,5222.0,48.0,16.0,7.0,1105.0,111.0,0
0.0,4375.0,12.0,85.0,4.0,1160.0,115.0,0
15.0,2466.0,202.0,207.0,3.0,1045.0,70.0,1
6.0,5008.0,71.0,96.0,5.0,450.0,118.0,0
12.0,6425.0,79.0,46.0,3.0,1116.0,109.0,0
13.0,922.0,208.0,134.0,5.0,360.0,108.0,0
5.0,2291.0,16.0,277.0,3.0,450.0,87.0,0
8.0,990.0,16.0,221.0,6.0,1046.0,97.0,0
11.0,6625.0,233.0,139.0,4.0,430.0,119.0,0
15.0,2882.0,129.0,27.0,4.0,580.0,90.0,0
8.0,887.0,184.0,217.0,7.0,545.0,240.0,0
6.0,7135.0,134.0,54.0,4.0,481.0,101.0,1
1.0,1176.0,183.0,45.0,4.0,1295.0,144.0,0
1.0,1254.0,80.0,35.0,3.0,935.0,210.0,1
12.0,6631.0,208.0,184.0,1.0,634.0,42.0,1
12.0,6832.0,246.0,253.0,6.0,390.0,88.0,0
15.0,3419.0,277.0,216.0,7.0,1105.0,150.0,1
0.0,4083.0,177.0,84.0,7.0,865.0,100.0,1
15.0,324.0,111.0,79.0,4.0,390.0,135.0,0
12.0,6901.0,208.0,54.0,7.0,548.0,122.0,0
16.0,2302.0,135.0,33.0,4.0,510.0,105.0,0
12.0,6656.0,145.0,79.0,5.0,429.0,87.0,1
5.0,1014.0,16.0,22.0,7.0,1293.0,146.0,1
4.0,544.0,135.0,58.0,3.0,465.0,168.0,0
10.0,3220.0,223.0,80.0,3.0,840.0,125.0,0
5.0,1447.0,159.0,16.0,5.0,360.0,167.0,1
15.0,1123.0,175.0,104.0,4.0,720.0,180.0,0
11.0,6333.0,85.0,71.0,4.0,1052.0,78.0,0
16.0,2025.0,135.0,2.0,5.0,880.0,131.0,0
14.0,652.0,217.0,264.0,6.0,525.0,81.0,1
16.0,2863.0,190.0,135.0,6.0,880.0,89.0,0
11.0,6315.0,233.0,173.0,6.0,420.0,120.0,0
15.0,997.0,243.0,217.0,4.0,485.0,70.0,0
15.0,32.0,129.0,75.0,5.0,840.0,55.0,1
1.0,614.0,183.0,159.0,5.0,965.0,180.0,1
15.0,2461.0,79.0,13.0,5.0,675.0,70.0,1
15.0,1987.0,153.0,217.0,6.0,765.0,70.0,1
5.0,2442.0,16.0,96.0,4.0,835.0,136.0,1
10.0,4279.0,208.0,119.0,1.0,1065.0,55.0,0
15.0,7.0,75.0,129.0,5.0,510.0,60.0,1
2.0,51.0,14.0,98.0,7.0,990.0,56.0,0
16.0,5893.0,58.0,208.0,4.0,513.0,87.0,1
6.0,7347.0,136.0,16.0,3.0,783.0,124.0,0
6.0,5105.0,147.0,85.0,5.0,530.0,148.0,0
4.0,1740.0,262.0,135.0,3.0,1435.0,217.0,1
10.0,3059.0,100.0,154.0,5.0,925.0,65.0,0
15.0,24.0,173.0,129.0,5.0,595.0,160.0,0
4.0,132.0,243.0,135.0,5.0,400.0,190.0,0
7.0,173.0,79.0,280.0,5.0,1270.0,113.0,0
1.0,192.0,154.0,35.0,6.0,1265.0,315.0,0
16.0,2872.0,13.0,135.0,6.0,465.0,94.0,0
15.0,2147.0,264.0,153.0,6.0,1020.0,65.0,1
11.0,6442.0,85.0,234.0,5.0,1305.0,101.0,0
12.0,4726.0,261.0,179.0,5.0,1297.0,102.0,0
5.0,1268.0,16.0,87.0,4.0,986.0,76.0,0
1.0,669.0,60.0,80.0,5.0,750.0,175.0,0
10.0,2912.0,118.0,80.0,6.0,580.0,50.0,0
17.0,7279.0,208.0,16.0,3.0,806.0,123.0,1
1.0,2545.0,205.0,80.0,4.0,490.0,130.0,0
13.0,163.0,35.0,154.0,6.0,421.0,393.0,0
2.0,307.0,253.0,252.0,6.0,550.0,129.0,0
2.0,522.0,252.0,44.0,4.0,470.0,145.0,1
0.0,3998.0,275.0,16.0,6.0,338.0,68.0,1
6.0,5090.0,16.0,195.0,3.0,1135.0,132.0,0
12.0,6849.0,214.0,232.0,1.0,671.0,38.0,0
3.0,69.0,273.0,148.0,6.0,860.0,78.0,1
13.0,371.0,96.0,208.0,7.0,1135.0,159.0,0
4.0,1620.0,135.0,217.0,1.0,695.0,174.0,1
17.0,2652.0,138.0,60.0,5.0,770.0,66.0,0
3.0,369.0,159.0,213.0,6.0,980.0,178.0,1
5.0,1524.0,16.0,45.0,7.0,730.0,107.0,1
1.0,1551.0,159.0,33.0,4.0,1135.0,155.0,0
2.0,221.0,253.0,252.0,3.0,1245.0,122.0,0
16.0,2159.0,177.0,135.0,5.0,900.0,104.0,0
4.0,1016.0,241.0,58.0,6.0,701.0,146.0,0
6.0,7077.0,134.0,120.0,3.0,1334.0,59.0,0
5.0,1642.0,16.0,221.0,4.0,1160.0,105.0,0
5.0,1107.0,216.0,261.0,5.0,1030.0,311.0,0
14.0,1631.0,78.0,60.0,1.0,419.0,95.0,0
10.0,4676.0,148.0,35.0,1.0,685.0,65.0,0
10.0,3399.0,80.0,157.0,7.0,790.0,125.0,0
1.0,1267.0,183.0,260.0,6.0,1000.0,150.0,1
15.0,593.0,45.0,139.0,4.0,1270.0,110.0,1
13.0,787.0,253.0,243.0,4.0,1348.0,91.0,0
10.0,3388.0,285.0,80.0,3.0,975.0,155.0,1
1.0,1484.0,217.0,80.0,4.0,935.0,140.0,0
6.0,4967.0,16.0,32.0,4.0,1045.0,106.0,0
1.0,1648.0,264.0,80.0,1.0,405.0,185.0,0
12.0,4832.0,261.0,196.0,6.0,919.0,88.0,0
14.0,122.0,217.0,184.0,6.0,610.0,211.0,0
1.0,1574.0,153.0,80.0,3.0,685.0,155.0,0
15.0,1541.0,202.0,111.0,6.0,840.0,120.0,1
5.0,1277.0,16.0,54.0,7.0,1300.0,71.0,1
4.0,616.0,135.0,197.0,3.0,1140.0,173.0,1
1.0,1210.0,208.0,35.0,4.0,725.0,125.0,0
11.0,6476.0,148.0,197.0,6.0,680.0,200.0,1
16.0,2159.0,177.0,135.0,3.0,900.0,104.0,0
15.0,12.0,75.0,204.0,1.0,625.0,50.0,1
6.0,5492.0,16.0,119.0,7.0,1249.0,119.0,1
10.0,2755.0,32.0,80.0,6.0,925.0,135.0,0
10.0,4376.0,233.0,148.0,3.0,860.0,99.0,0
1.0,1396.0,236.0,80.0,7.0,710.0,190.0,0
5.0,2376.0,264.0,197.0,6.0,470.0,220.0,0
0.0,3929.0,21.0,197.0,7.0,445.0,106.0,0
2.0,857.0,252.0,203.0,1.0,500.0,375.0,0
14.0,191.0,217.0,243.0,5.0,1195.0,74.0,1
5.0,1862.0,85.0,216.0,7.0,835.0,99.0,0
16.0,2370.0,197.0,58.0,4.0,715.0,105.0,1
15.0,1022.0,35.0,45.0,7.0,745.0,90.0,0
1.0,347.0,159.0,208.0,4.0,1090.0,165.0,0
16.0,3105.0,135.0,162.0,6.0,1175.0,78.0,0
17.0,7269.0,16.0,134.0,7.0,1161.0,110.0,0
15.0,3510.0,173.0,175.0,4.0,1040.0,175.0,0
12.0,6475.0,292.0,154.0,4.0,1130.0,77.0,0
10.0,3944.0,148.0,45.0,6.0,1049.0,76.0,1
3.0,1018.0,148.0,35.0,6.0,1370.0,63.0,0
9.0,105.0,203.0,128.0,5.0,381.0,33.0,0
12.0,7774.0,255.0,261.0,3.0,1078.0,77.0,0
5.0,2462.0,154.0,148.0,7.0,810.0,330.0,0
14.0,1770.0,60.0,35.0,5.0,860.0,120.0,0
4.0,788.0,135.0,85.0,6.0,610.0,160.0,0
8.0,418.0,45.0,229.0,6.0,1305.0,84.0,0
6.0,7126.0,43.0,134.0,7.0,626.0,74.0,0
6.0,5498.0,162.0,16.0,6.0,670.0,97.0,1
3.0,741.0,173.0,260.0,5.0,420.0,157.0,0
8.0,686.0,136.0,16.0,5.0,1036.0,119.0,0
5.0,5.0,85.0,45.0,7.0,850.0,96.0,0
5.0,2150.0,252.0,261.0,1.0,623.0,113.0,0
7.0,479.0,184.0,153.0,3.0,880.0,235.0,0
16.0,2921.0,119.0,135.0,6.0,388.0,182.0,0
14.0,1271.0,35.0,216.0,4.0,750.0,94.0,0
0.0,4226.0,71.0,209.0,5.0,690.0,99.0,0
14.0,1488.0,154.0,60.0,4.0,465.0,265.0,1
15.0,1361.0,91.0,153.0,3.0,805.0,115.0,1
5.0,166.0,277.0,148.0,3.0,741.0,165.0,1
9.0,509.0,128.0,161.0,5.0,485.0,37.0,0
1.0,1924.0,258.0,80.0,6.0,605.0,205.0,0
15.0,339.0,243.0,153.0,1.0,750.0,70.0,1
17.0,1037.0,128.0,161.0,6.0,830.0,37.0,0
14.0,202.0,217.0,2.0,1.0,595.0,78.0,0
10.0,3989.0,76.0,208.0,7.0,670.0,75.0,0
13.0,388.0,277.0,79.0,6.0,446.0,244.0,0
3.0,1114.0,173.0,234.0,3.0,895.0,106.0,0
12.0,4821.0,232.0,261.0,3.0,810.0,95.0,0
10.0,4665.0,159.0,16.0,7.0,495.0,165.0,0
14.0,1406.0,216.0,35.0,5.0,1230.0,73.0,0
12.0,6346.0,253.0,248.0,7.0,709.0,72.0,1
5.0,1784.0,16.0,134.0,7.0,980.0,110.0,1
1.0,2448.0,154.0,80.0,3.0,825.0,180.0,0
5.0,2112.0,16.0,208.0,5.0,505.0,134.0,0
15.0,1027.0,172.0,75.0,1.0,575.0,95.0,1
16.0,3036.0,135.0,54.0,6.0,1195.0,126.0,0
5.0,1809.0,197.0,79.0,4.0,695.0,127.0,0
15.0,790.0,153.0,262.0,7.0,550.0,90.0,1
1.0,1410.0,80.0,279.0,3.0,1340.0,55.0,0
3.0,509.0,96.0,104.0,3.0,929.0,183.0,0
6.0,5050.0,85.0,48.0,4.0,940.0,56.0,1
8.0,731.0,184.0,197.0,1.0,900.0,73.0,1
0.0,3719.0,85.0,43.0,5.0,1050.0,80.0,0
16.0,3060.0,135.0,204.0,7.0,605.0,75.0,0
12.0,6506.0,91.0,154.0,3.0,360.0,137.0,0
3.0,523.0,96.0,173.0,4.0,680.0,165.0,1
17.0,2676.0,251.0,60.0,7.0,920.0,87.0,0
15.0,465.0,277.0,233.0,7.0,1000.0,105.0,0
1.0,2515.0,268.0,183.0,6.0,380.0,160.0,0
12.0,4682.0,258.0,261.0,5.0,370.0,112.0,1
1.0,389.0,80.0,2.0,4.0,1055.0,110.0,0
2.0,663.0,80.0,252.0,7.0,1135.0,270.0,0
15.0,3059.0,214.0,261.0,5.0,985.0,105.0,0
4.0,1123.0,35.0,96.0,7.0,515.0,77.0,0
12.0,6535.0,253.0,24.0,3.0,904.0,74.0,0
15.0,1657.0,172.0,79.0,1.0,735.0,110.0,1
2.0,510.0,252.0,264.0,7.0,630.0,163.0,0
2.0,657.0,217.0,214.0,6.0,1090.0,170.0,0
12.0,7017.0,79.0,65.0,4.0,1074.0,33.0,1
1.0,1123.0,80.0,217.0,1.0,435.0,165.0,0
15.0,1023.0,202.0,2.0,4.0,505.0,135.0,0
16.0,3023.0,96.0,209.0,3.0,895.0,79.0,0
13.0,812.0,111.0,79.0,3.0,373.0,133.0,0
14.0,12.0,262.0,217.0,5.0,360.0,109.0,0
12.0,6579.0,79.0,15.0,6.0,874.0,43.0,0
14.0,1197.0,216.0,217.0,6.0,820.0,316.0,0
11.0,6414.0,21.0,85.0,5.0,355.0,58.0,0
4.0,1175.0,96.0,208.0,5.0,480.0,170.0,0
15.0,293.0,202.0,252.0,3.0,1115.0,125.0,1
3.0,1440.0,160.0,253.0,1.0,951.0,79.0,0
15.0,1132.0,18.0,217.0,7.0,410.0,160.0,0
14.0,1729.0,60.0,173.0,7.0,688.0,94.0,1
10.0,3945.0,208.0,221.0,5.0,1240.0,90.0,0
6.0,7091.0,245.0,134.0,3.0,1160.0,99.0,0
11.0,6512.0,177.0,96.0,4.0,870.0,164.0,0
1.0,1245.0,173.0,183.0,5.0,1080.0,70.0,1
15.0,2254.0,279.0,75.0,5.0,555.0,60.0,1
1.0,1041.0,208.0,258.0,7.0,610.0,280.0,1
15.0,824.0,217.0,243.0,1.0,1050.0,65.0,0
17.0,2972.0,153.0,253.0,7.0,905.0,92.0,1
16.0,3017.0,288.0,135.0,1.0,390.0,114.0,0
16.0,2283.0,135.0,18.0,1.0,620.0,53.0,1
12.0,7051.0,6.0,253.0,3.0,1081.0,74.0,0
2.0,688.0,258.0,18.0,6.0,1090.0,198.0,0
15.0,1070.0,268.0,175.0,4.0,590.0,60.0,1
5.0,2256.0,197.0,85.0,5.0,828.0,102.0,1
5.0,1605.0,85.0,173.0,5.0,500.0,175.0,0
8.0,460.0,16.0,45.0,1.0,545.0,105.0,0
5.0,2434.0,277.0,78.0,1.0,425.0,124.0,0
0.0,3994.0,166.0,197.0,1.0,757.0,55.0,1
13.0,655.0,208.0,198.0,4.0,1266.0,145.0,0
13.0,478.0,253.0,214.0,5.0,515.0,116.0,0
15.0,1578.0,214.0,202.0,7.0,1200.0,100.0,1
15.0,5.0,279.0,75.0,3.0,395.0,60.0,0
10.0,4389.0,35.0,148.0,5.0,840.0,75.0,0
12.0,6575.0,253.0,179.0,6.0,532.0,79.0,0
5.0,2539.0,78.0,16.0,1.0,600.0,110.0,1
5.0,2170.0,244.0,16.0,4.0,729.0,131.0,0
16.0,2388.0,65.0,135.0,6.0,505.0,132.0,0
15.0,909.0,87.0,45.0,5.0,380.0,130.0,0
4.0,278.0,244.0,135.0,1.0,345.0,54.0,0
12.0,3072.0,139.0,184.0,5.0,610.0,63.0,0
1.0,656.0,44.0,80.0,3.0,925.0,180.0,0
12.0,6464.0,232.0,253.0,4.0,890.0,101.0,1
10.0,4213.0,208.0,43.0,7.0,505.0,95.0,1
12.0,6404.0,93.0,253.0,1.0,645.0,90.0,0
4.0,206.0,135.0,277.0,5.0,795.0,125.0,1
1.0,358.0,208.0,159.0,4.0,940.0,130.0,0
15.0,793.0,146.0,129.0,5.0,810.0,80.0,0
15.0,2812.0,233.0,45.0,5.0,730.0,60.0,0
3.0,1107.0,148.0,233.0,7.0,1065.0,110.0,1
13.0,56.0,150.0,253.0,1.0,828.0,312.0,0
16.0,2866.0,184.0,96.0,3.0,795.0,137.0,0
10.0,2743.0,101.0,80.0,5.0,370.0,195.0,0
12.0,6459.0,80.0,79.0,3.0,1179.0,122.0,0
3.0,644.0,253.0,148.0,4.0,675.0,321.0,1
10.0,4375.0,78.0,233.0,3.0,385.0,65.0,0
2.0,474.0,252.0,154.0,5.0,1055.0,157.0,0
6.0,5177.0,16.0,52.0,3.0,810.0,48.0,0
15.0,3322.0,104.0,277.0,5.0,1140.0,65.0,0
4.0,1778.0,244.0,135.0,7.0,660.0,54.0,0
10.0,4026.0,117.0,193.0,7.0,1195.0,40.0,1
5.0,2088.0,197.0,216.0,6.0,1135.0,155.0,0
15.0,7.0,75.0,129.0,1.0,510.0,60.0,1
15.0,130.0,2.0,280.0,5.0,635.0,70.0,0
14.0,1494.0,60.0,12.0,4.0,705.0,122.0,0
5.0,1422.0,85.0,35.0,3.0,835.0,113.0,1
4.0,532.0,135.0,159.0,7.0,810.0,203.0,1
0.0,4067.0,85.0,285.0,6.0,1160.0,98.0,0
7.0,145.0,129.0,79.0,3.0,949.0,141.0,0
13.0,323.0,216.0,79.0,4.0,415.0,271.0,0
12.0,7005.0,208.0,119.0,4.0,650.0,45.0,1
11.0,6447.0,71.0,133.0,7.0,1250.0,47.0,0
4.0,88.0,96.0,135.0,4.0,1140.0,244.0,1
10.0,2722.0,84.0,80.0,5.0,1085.0,125.0,0
8.0,871.0,16.0,197.0,6.0,949.0,155.0,0
16.0,2179.0,223.0,135.0,1.0,900.0,102.0,0
5.0,1964.0,16.0,261.0,5.0,1025.0,253.0,0
13.0,848.0,79.0,135.0,1.0,756.0,144.0,0
15.0,1684.0,277.0,79.0,3.0,540.0,250.0,0
14.0,1071.0,216.0,260.0,1.0,580.0,229.0,1
14.0,1097.0,35.0,216.0,3.0,1245.0,87.0,1
8.0,933.0,147.0,16.0,4.0,642.0,73.0,0
10.0,3023.0,154.0,243.0,7.0,1020.0,45.0,0
17.0,2985.0,100.0,153.0,7.0,1170.0,66.0,0
15.0,618.0,154.0,202.0,4.0,835.0,75.0,0
4.0,697.0,135.0,153.0,3.0,885.0,207.0,0
15.0,2311.0,43.0,175.0,6.0,520.0,110.0,1
10.0,3017.0,236.0,154.0,5.0,865.0,90.0,0
5.0,1831.0,214.0,261.0,5.0,360.0,107.0,0
14.0,1060.0,60.0,78.0,4.0,1189.0,77.0,0
15.0,857.0,268.0,153.0,4.0,1130.0,230.0,1
0.0,3890.0,85.0,142.0,3.0,625.0,86.0,0
15.0,3574.0,27.0,147.0,6.0,775.0,70.0,1
15.0,3754.0,209.0,277.0,3.0,545.0,135.0,0
12.0,6921.0,280.0,253.0,4.0,367.0,133.0,0
8.0,1628.0,173.0,216.0,7.0,1198.0,141.0,1
2.0,307.0,253.0,252.0,5.0,550.0,129.0,1
15.0,1497.0,104.0,45.0,7.0,745.0,155.0,1
2.0,112.0,14.0,252.0,4.0,90.0,200.0,0
12.0,6233.0,214.0,93.0,3.0,1275.0,36.0,1
12.0,6350.0,253.0,207.0,7.0,724.0,79.0,1
5.0,2097.0,197.0,16.0,4.0,465.0,155.0,0
5.0,2724.0,29.0,197.0,1.0,390.0,79.0,0
12.0,6277.0,154.0,252.0,1.0,980.0,164.0,1
1.0,39.0,253.0,128.0,7.0,495.0,345.0,0
5.0,1124.0,154.0,253.0,1.0,425.0,82.0,0
16.0,2025.0,135.0,2.0,1.0,880.0,131.0,0
10.0,4528.0,58.0,159.0,5.0,1010.0,100.0,1
1.0,1901.0,268.0,80.0,4.0,575.0,115.0,0
10.0,4636.0,233.0,159.0,4.0,1100.0,100.0,0
14.0,456.0,217.0,261.0,3.0,1065.0,97.0,0
5.0,2266.0,217.0,261.0,5.0,450.0,104.0,0
15.0,1295.0,147.0,277.0,6.0,915.0,55.0,1
6.0,5341.0,16.0,132.0,1.0,980.0,63.0,0
5.0,1385.0,35.0,159.0,4.0,750.0,79.0,0
11.0,6384.0,135.0,71.0,5.0,420.0,135.0,0
12.0,6238.0,100.0,153.0,7.0,1138.0,80.0,1
16.0,2492.0,135.0,233.0,7.0,955.0,148.0,0
1.0,550.0,153.0,80.0,1.0,1030.0,150.0,1
11.0,6306.0,85.0,84.0,4.0,935.0,117.0,0
1.0,1605.0,208.0,243.0,4.0,1000.0,270.0,1
3.0,622.0,129.0,148.0,7.0,945.0,204.0,1
7.0,667.0,79.0,253.0,4.0,1275.0,156.0,1
11.0,6720.0,85.0,157.0,6.0,1035.0,80.0,0
13.0,869.0,79.0,253.0,7.0,495.0,174.0,0
2.0,743.0,16.0,252.0,6.0,1090.0,325.0,0
12.0,4658.0,40.0,261.0,4.0,785.0,77.0,0
8.0,761.0,173.0,132.0,4.0,920.0,100.0,0
15.0,705.0,79.0,205.0,5.0,865.0,80.0,0
16.0,2080.0,2.0,135.0,3.0,978.0,119.0,0
5.0,2274.0,61.0,197.0,1.0,395.0,146.0,0
5.0,2501.0,173.0,177.0,6.0,1050.0,137.0,0
8.0,686.0,136.0,16.0,7.0,1038.0,122.0,0
6.0,5364.0,180.0,177.0,3.0,375.0,76.0,0
10.0,4382.0,35.0,148.0,4.0,360.0,79.0,0
0.0,4013.0,71.0,184.0,1.0,980.0,86.0,1
15.0,933.0,45.0,129.0,3.0,620.0,220.0,1
10.0,3278.0,80.0,38.0,1.0,930.0,95.0,1
1.0,616.0,80.0,85.0,7.0,535.0,150.0,0
13.0,651.0,208.0,243.0,4.0,1210.0,259.0,0
6.0,5180.0,35.0,78.0,3.0,755.0,105.0,0
15.0,1199.0,129.0,198.0,1.0,485.0,60.0,1
12.0,6489.0,253.0,55.0,3.0,466.0,55.0,1
16.0,2705.0,135.0,116.0,5.0,985.0,73.0,0
7.0,374.0,79.0,184.0,1.0,905.0,132.0,0
10.0,3773.0,79.0,208.0,7.0,1085.0,135.0,0
11.0,6492.0,148.0,273.0,4.0,1305.0,92.0,0
1.0,1371.0,80.0,290.0,5.0,820.0,65.0,0
7.0,557.0,79.0,243.0,4.0,510.0,142.0,0
16.0,2316.0,2.0,135.0,3.0,670.0,117.0,0
14.0,997.0,60.0,54.0,1.0,868.0,54.0,1
12.0,6520.0,171.0,208.0,7.0,940.0,72.0,0
15.0,1456.0,202.0,154.0,6.0,515.0,75.0,1
3.0,467.0,35.0,241.0,7.0,685.0,213.0,0
15.0,1081.0,45.0,173.0,6.0,510.0,150.0,0
6.0,4968.0,132.0,16.0,5.0,1090.0,64.0,0
15.0,1525.0,22.0,33.0,1.0,455.0,160.0,0
15.0,1393.0,261.0,175.0,6.0,725.0,195.0,1
5.0,2762.0,223.0,16.0,7.0,955.0,79.0,0
1.0,469.0,268.0,183.0,4.0,710.0,160.0,0
12.0,3045.0,184.0,221.0,1.0,470.0,86.0,1
12.0,4686.0,261.0,197.0,6.0,640.0,162.0,1
17.0,2608.0,54.0,60.0,4.0,434.0,66.0,0
8.0,263.0,184.0,78.0,3.0,870.0,109.0,0
13.0,89.0,228.0,208.0,3.0,390.0,165.0,0
16.0,3050.0,135.0,147.0,6.0,1165.0,114.0,1
10.0,4067.0,234.0,208.0,3.0,360.0,140.0,0
5.0,2994.0,213.0,16.0,1.0,975.0,114.0,1
10.0,2925.0,41.0,80.0,1.0,525.0,90.0,0
15.0,794.0,217.0,243.0,5.0,965.0,70.0,0
6.0,5584.0,16.0,19.0,5.0,605.0,61.0,0
8.0,531.0,177.0,16.0,5.0,819.0,76.0,0
1.0,1459.0,159.0,183.0,7.0,995.0,205.0,1
14.0,586.0,111.0,217.0,7.0,510.0,158.0,0
16.0,2883.0,35.0,58.0,3.0,830.0,122.0,0
1.0,1872.0,208.0,173.0,4.0,590.0,160.0,1
6.0,7072.0,134.0,182.0,7.0,739.0,89.0,1
10.0,3296.0,68.0,80.0,6.0,600.0,80.0,0
13.0,648.0,2.0,79.0,3.0,465.0,88.0,0
14.0,209.0,261.0,217.0,5.0,1020.0,98.0,0
4.0,400.0,135.0,139.0,4.0,815.0,141.0,0
8.0,906.0,16.0,215.0,6.0,1265.0,89.0,0
15.0,2926.0,175.0,173.0,6.0,800.0,155.0,1
10.0,3238.0,59.0,80.0,5.0,725.0,55.0,0
10.0,3771.0,208.0,135.0,5.0,470.0,165.0,0
5.0,1619.0,85.0,154.0,4.0,950.0,307.0,0
0.0,4087.0,61.0,148.0,5.0,995.0,130.0,0
8.0,934.0,16.0,147.0,4.0,1106.0,66.0,0
6.0,5478.0,16.0,47.0,6.0,1150.0,66.0,1
8.0,349.0,45.0,267.0,7.0,847.0,151.0,0
14.0,343.0,135.0,217.0,1.0,480.0,186.0,0
10.0,4531.0,78.0,33.0,7.0,1200.0,115.0,1
10.0,4137.0,208.0,22.0,4.0,895.0,125.0,0
16.0,2025.0,135.0,2.0,6.0,905.0,126.0,0
10.0,3482.0,162.0,80.0,7.0,695.0,70.0,0
7.0,510.0,79.0,159.0,6.0,645.0,221.0,1
15.0,399.0,153.0,264.0,4.0,465.0,60.0,0
15.0,802.0,153.0,217.0,4.0,960.0,70.0,1
8.0,802.0,35.0,45.0,7.0,865.0,85.0,0
2.0,52.0,98.0,14.0,4.0,1340.0,60.0,0
14.0,1240.0,216.0,22.0,6.0,1235.0,59.0,0
15.0,958.0,75.0,268.0,4.0,1105.0,100.0,1
5.0,1013.0,85.0,16.0,3.0,1170.0,130.0,0
12.0,6288.0,154.0,194.0,6.0,718.0,65.0,0
0.0,3934.0,279.0,177.0,7.0,380.0,83.0,1
5.0,2932.0,264.0,261.0,4.0,617.0,107.0,1
15.0,3042.0,175.0,243.0,6.0,985.0,275.0,0
4.0,1581.0,96.0,252.0,6.0,530.0,374.0,1
5.0,2109.0,184.0,16.0,4.0,904.0,123.0,0
15.0,781.0,262.0,207.0,5.0,495.0,75.0,0
15.0,3395.0,153.0,277.0,7.0,990.0,250.0,1
15.0,1766.0,261.0,252.0,5.0,525.0,135.0,0
5.0,2487.0,16.0,197.0,4.0,890.0,160.0,1
16.0,5904.0,42.0,208.0,4.0,748.0,159.0,1
8.0,910.0,16.0,215.0,4.0,1066.0,80.0,0
6.0,5390.0,87.0,16.0,4.0,941.0,78.0,0
17.0,1003.0,203.0,128.0,3.0,632.0,32.0,0
9.0,344.0,161.0,128.0,7.0,775.0,32.0,0
13.0,119.0,253.0,154.0,4.0,977.0,93.0,1
5.0,2627.0,85.0,198.0,1.0,916.0,162.0,1
0.0,4073.0,109.0,16.0,6.0,910.0,115.0,1
12.0,4699.0,197.0,230.0,4.0,690.0,96.0,0
8.0,1043.0,61.0,104.0,5.0,879.0,157.0,0
4.0,1503.0,154.0,96.0,3.0,935.0,309.0,1
11.0,6296.0,184.0,71.0,4.0,720.0,83.0,0
5.0,2025.0,45.0,16.0,6.0,675.0,117.0,1
12.0,6635.0,253.0,55.0,7.0,742.0,55.0,1
10.0,4674.0,159.0,58.0,7.0,1100.0,105.0,0
10.0,3963.0,208.0,33.0,3.0,815.0,90.0,0
15.0,697.0,155.0,18.0,1.0,375.0,70.0,0
13.0,645.0,260.0,208.0,6.0,995.0,320.0,0
14.0,1240.0,216.0,22.0,3.0,1235.0,59.0,0
13.0,959.0,208.0,79.0,5.0,1205.0,161.0,0
8.0,1484.0,173.0,85.0,7.0,642.0,157.0,0
5.0,2425.0,45.0,16.0,5.0,1050.0,129.0,0
17.0,1040.0,128.0,143.0,7.0,1195.0,49.0,0
10.0,4331.0,208.0,33.0,1.0,430.0,90.0,1
12.0,6550.0,280.0,79.0,6.0,450.0,114.0,0
5.0,1672.0,277.0,16.0,6.0,435.0,102.0,0
6.0,7099.0,71.0,134.0,5.0,587.0,98.0,0
6.0,5079.0,169.0,16.0,3.0,360.0,85.0,0
8.0,605.0,241.0,45.0,4.0,757.0,140.0,0
16.0,2854.0,80.0,58.0,1.0,890.0,150.0,0
11.0,6376.0,159.0,71.0,5.0,1170.0,148.0,0
15.0,1964.0,184.0,153.0,7.0,975.0,250.0,0
13.0,243.0,79.0,153.0,5.0,490.0,123.0,1
16.0,5901.0,84.0,208.0,6.0,895.0,81.0,1
8.0,1624.0,173.0,216.0,7.0,600.0,133.0,0
14.0,31.0,203.0,217.0,5.0,1410.0,344.0,0
10.0,3804.0,216.0,208.0,7.0,940.0,145.0,0
15.0,514.0,153.0,261.0,1.0,780.0,75.0,0
6.0,5076.0,204.0,16.0,3.0,648.0,125.0,1
15.0,778.0,205.0,153.0,4.0,555.0,190.0,0
17.0,7308.0,134.0,147.0,4.0,1012.0,117.0,1
5.0,2961.0,216.0,16.0,5.0,1065.0,159.0,0
9.0,39.0,214.0,203.0,6.0,525.0,355.0,0
5.0,697.0,16.0,223.0,1.0,1045.0,78.0,0
12.0,6926.0,34.0,79.0,5.0,719.0,108.0,0
10.0,2885.0,188.0,80.0,5.0,645.0,80.0,0
6.0,5361.0,33.0,16.0,3.0,1170.0,70.0,1
12.0,6457.0,253.0,264.0,5.0,765.0,88.0,0
5.0,2435.0,78.0,277.0,5.0,595.0,140.0,0
15.0,3341.0,91.0,129.0,7.0,625.0,100.0,0
6.0,5554.0,16.0,223.0,6.0,655.0,80.0,0
14.0,2032.0,78.0,35.0,1.0,750.0,84.0,1
15.0,860.0,264.0,262.0,1.0,1090.0,85.0,0
6.0,5565.0,16.0,116.0,1.0,890.0,89.0,1
5.0,1077.0,197.0,280.0,7.0,675.0,200.0,0
3.0,6.0,148.0,43.0,7.0,953.0,95.0,1
3.0,558.0,277.0,130.0,4.0,702.0,158.0,0
17.0,2956.0,217.0,236.0,7.0,1065.0,109.0,0
13.0,355.0,16.0,208.0,4.0,576.0,133.0,1
15.0,3762.0,258.0,207.0,3.0,1100.0,70.0,0
15.0,719.0,45.0,173.0,5.0,1005.0,140.0,0
14.0,1270.0,221.0,216.0,4.0,460.0,80.0,0
15.0,993.0,217.0,79.0,1.0,940.0,105.0,1
1.0,1689.0,216.0,183.0,1.0,685.0,170.0,0
12.0,6630.0,57.0,154.0,3.0,557.0,40.0,0
16.0,3047.0,27.0,135.0,6.0,360.0,114.0,0
13.0,234.0,253.0,154.0,7.0,1217.0,90.0,1
1.0,1415.0,277.0,80.0,1.0,990.0,170.0,1
12.0,6570.0,132.0,79.0,5.0,869.0,178.0,0
4.0,1121.0,35.0,96.0,1.0,390.0,81.0,0
12.0,4823.0,261.0,100.0,7.0,751.0,95.0,0
16.0,2867.0,204.0,135.0,3.0,1125.0,82.0,0
10.0,4406.0,148.0,233.0,6.0,479.0,111.0,0
8.0,114.0,80.0,16.0,5.0,1113.0,117.0,0
10.0,4056.0,208.0,71.0,4.0,535.0,75.0,0
14.0,414.0,253.0,60.0,7.0,440.0,285.0,1
15.0,341.0,79.0,34.0,6.0,490.0,125.0,0
5.0,734.0,172.0,16.0,4.0,350.0,129.0,0
15.0,642.0,261.0,214.0,1.0,510.0,130.0,1
8.0,315.0,60.0,16.0,3.0,635.0,72.0,1
1.0,1689.0,216.0,183.0,3.0,685.0,170.0,1
10.0,2883.0,80.0,129.0,5.0,1080.0,70.0,0
15.0,663.0,154.0,175.0,4.0,720.0,230.0,0
10.0,4155.0,208.0,85.0,4.0,775.0,80.0,1
15.0,2766.0,153.0,280.0,6.0,940.0,75.0,0
17.0,2649.0,154.0,153.0,3.0,570.0,63.0,0
12.0,6693.0,79.0,172.0,1.0,524.0,96.0,0
1.0,450.0,80.0,197.0,6.0,650.0,140.0,0
14.0,432.0,217.0,203.0,4.0,700.0,396.0,0
1.0,1788.0,80.0,233.0,5.0,665.0,145.0,1
13.0,688.0,208.0,159.0,4.0,961.0,135.0,0
15.0,367.0,175.0,33.0,5.0,360.0,85.0,0
1.0,763.0,80.0,178.0,4.0,1240.0,90.0,0
1.0,1705.0,80.0,197.0,4.0,785.0,135.0,0
1.0,2001.0,80.0,204.0,3.0,1250.0,55.0,1
13.0,75.0,253.0,128.0,3.0,759.0,319.0,1
1.0,647.0,268.0,154.0,5.0,1260.0,255.0,1
11.0,6655.0,205.0,177.0,1.0,360.0,114.0,0
12.0,6749.0,230.0,79.0,4.0,362.0,76.0,0
13.0,547.0,208.0,153.0,7.0,585.0,237.0,1
14.0,966.0,78.0,60.0,3.0,559.0,101.0,0
14.0,1528.0,198.0,60.0,5.0,975.0,111.0,0
6.0,5085.0,95.0,16.0,5.0,965.0,99.0,0
14.0,1179.0,104.0,60.0,1.0,605.0,119.0,0
3.0,580.0,213.0,130.0,6.0,1101.0,159.0,0
2.0,504.0,252.0,264.0,3.0,505.0,162.0,0
12.0,6990.0,79.0,170.0,5.0,664.0,96.0,0
2.0,663.0,80.0,252.0,4.0,1135.0,270.0,0
2.0,583.0,264.0,214.0,5.0,885.0,148.0,0
15.0,2484.0,153.0,236.0,6.0,1055.0,80.0,1
13.0,733.0,79.0,253.0,6.0,825.0,164.0,0
10.0,4435.0,233.0,78.0,1.0,990.0,60.0,0
7.0,175.0,79.0,280.0,6.0,1080.0,113.0,1
10.0,2856.0,288.0,80.0,7.0,770.0,135.0,0
12.0,6268.0,253.0,280.0,5.0,495.0,117.0,0
16.0,3069.0,131.0,135.0,3.0,665.0,69.0,0
0.0,4313.0,177.0,188.0,6.0,860.0,70.0,0
16.0,3104.0,69.0,135.0,7.0,1075.0,171.0,0
15.0,1182.0,45.0,35.0,7.0,580.0,80.0,1
1.0,1692.0,260.0,148.0,4.0,1275.0,235.0,0
6.0,7126.0,43.0,134.0,1.0,622.0,74.0,0
15.0,863.0,198.0,129.0,4.0,385.0,75.0,0
15.0,423.0,243.0,217.0,6.0,645.0,70.0,1
1.0,443.0,183.0,198.0,3.0,1360.0,125.0,1
9.0,156.0,128.0,203.0,5.0,454.0,37.0,0
12.0,6518.0,208.0,136.0,6.0,496.0,114.0,1
13.0,192.0,208.0,45.0,4.0,1268.0,111.0,0
14.0,1079.0,78.0,147.0,5.0,705.0,123.0,0
12.0,6425.0,79.0,46.0,4.0,1116.0,109.0,0
5.0,12.0,173.0,16.0,3.0,870.0,95.0,0
4.0,326.0,135.0,45.0,1.0,770.0,167.0,1
12.0,4874.0,197.0,112.0,3.0,915.0,78.0,0
15.0,1083.0,197.0,217.0,7.0,540.0,220.0,0
5.0,1780.0,16.0,76.0,4.0,1155.0,99.0,1
4.0,1554.0,96.0,213.0,3.0,460.0,178.0,0
12.0,6624.0,214.0,252.0,3.0,942.0,50.0,0
13.0,376.0,208.0,216.0,4.0,360.0,125.0,0
11.0,6497.0,33.0,177.0,1.0,690.0,69.0,0
14.0,140.0,217.0,14.0,3.0,1250.0,363.0,0
15.0,2008.0,153.0,253.0,6.0,960.0,95.0,1
10.0,2833.0,80.0,56.0,5.0,475.0,115.0,1
15.0,525.0,75.0,172.0,7.0,980.0,85.0,0
14.0,1883.0,60.0,200.0,5.0,975.0,52.0,0
15.0,709.0,2.0,202.0,5.0,860.0,155.0,1
0.0,3919.0,85.0,92.0,3.0,830.0,61.0,1
14.0,972.0,147.0,60.0,4.0,420.0,83.0,1
3.0,76.0,213.0,148.0,7.0,768.0,160.0,1
10.0,4165.0,208.0,61.0,4.0,1305.0,70.0,0
8.0,1121.0,104.0,139.0,3.0,758.0,166.0,0
10.0,3635.0,183.0,60.0,1.0,680.0,125.0,1
4.0,667.0,252.0,14.0,6.0,1262.0,212.0,1
5.0,1782.0,91.0,16.0,4.0,365.0,176.0,0
13.0,781.0,79.0,154.0,6.0,830.0,154.0,1
4.0,129.0,198.0,135.0,3.0,1041.0,72.0,0
0.0,3682.0,85.0,152.0,7.0,1035.0,46.0,1
3.0,231.0,261.0,160.0,3.0,420.0,117.0,0
15.0,945.0,233.0,217.0,4.0,785.0,305.0,1
6.0,5534.0,16.0,187.0,7.0,650.0,115.0,0
15.0,1618.0,217.0,18.0,1.0,545.0,130.0,0
8.0,950.0,104.0,45.0,3.0,430.0,145.0,0
5.0,2060.0,16.0,65.0,6.0,1130.0,195.0,0
1.0,642.0,244.0,80.0,6.0,1040.0,70.0,0
5.0,1791.0,16.0,277.0,3.0,850.0,89.0,1
15.0,1497.0,104.0,45.0,5.0,745.0,155.0,1
10.0,2950.0,80.0,156.0,6.0,1140.0,70.0,0
15.0,3761.0,34.0,252.0,7.0,1180.0,85.0,0
8.0,500.0,159.0,184.0,3.0,719.0,143.0,0
16.0,2346.0,135.0,132.0,1.0,960.0,101.0,0
15.0,2756.0,217.0,153.0,6.0,670.0,70.0,0
1.0,1290.0,270.0,183.0,6.0,1050.0,185.0,0
4.0,9.0,35.0,96.0,5.0,450.0,77.0,1
1.0,2493.0,22.0,80.0,6.0,1055.0,255.0,0
7.0,265.0,264.0,79.0,3.0,405.0,145.0,0
15.0,1153.0,153.0,61.0,4.0,1025.0,230.0,1
1.0,1413.0,80.0,153.0,7.0,465.0,175.0,0
14.0,799.0,216.0,173.0,4.0,1095.0,164.0,1
11.0,6742.0,85.0,251.0,3.0,720.0,89.0,1
15.0,274.0,173.0,139.0,1.0,635.0,150.0,1
10.0,2976.0,1.0,80.0,3.0,1065.0,50.0,1
15.0,746.0,141.0,175.0,1.0,1010.0,160.0,1
14.0,367.0,217.0,262.0,3.0,875.0,118.0,1
6.0,5263.0,16.0,130.0,3.0,513.0,147.0,1
10.0,3216.0,129.0,80.0,1.0,730.0,70.0,0
12.0,6939.0,214.0,252.0,4.0,530.0,179.0,0
15.0,461.0,216.0,147.0,4.0,790.0,150.0,0
3.0,702.0,260.0,148.0,1.0,550.0,238.0,0
15.0,1345.0,2.0,217.0,1.0,735.0,75.0,1
4.0,1136.0,80.0,96.0,5.0,780.0,208.0,0
15.0,59.0,13.0,75.0,7.0,1170.0,65.0,1
16.0,2133.0,135.0,65.0,7.0,1285.0,138.0,0
16.0,2902.0,135.0,158.0,3.0,1060.0,53.0,0
4.0,1659.0,135.0,80.0,5.0,1045.0,65.0,0
14.0,968.0,260.0,60.0,7.0,940.0,226.0,0
12.0,4628.0,135.0,261.0,4.0,1115.0,194.0,0
12.0,6367.0,69.0,208.0,1.0,363.0,97.0,0
16.0,2268.0,135.0,213.0,1.0,655.0,148.0,1
8.0,707.0,16.0,76.0,4.0,1335.0,95.0,0
15.0,2030.0,233.0,277.0,7.0,485.0,115.0,0
5.0,1267.0,85.0,18.0,7.0,740.0,202.0,1
12.0,6758.0,18.0,79.0,3.0,1166.0,141.0,0
6.0,7109.0,132.0,134.0,1.0,675.0,105.0,0
15.0,2807.0,205.0,79.0,4.0,440.0,100.0,1
15.0,3588.0,243.0,79.0,1.0,950.0,140.0,0
14.0,1294.0,228.0,216.0,6.0,440.0,82.0,0
2.0,304.0,252.0,253.0,4.0,385.0,133.0,0
16.0,3068.0,135.0,131.0,7.0,565.0,68.0,0
17.0,2978.0,253.0,153.0,1.0,420.0,85.0,0
10.0,3515.0,80.0,162.0,7.0,840.0,65.0,0
15.0,1394.0,252.0,202.0,4.0,1215.0,125.0,0
15.0,249.0,258.0,154.0,4.0,390.0,75.0,1
4.0,522.0,198.0,135.0,4.0,1125.0,70.0,0
15.0,823.0,154.0,262.0,4.0,680.0,85.0,1
4.0,1181.0,96.0,208.0,3.0,870.0,157.0,0
6.0,5452.0,35.0,78.0,7.0,1235.0,110.0,0
4.0,1179.0,96.0,208.0,4.0,395.0,149.0,0
6.0,5325.0,169.0,16.0,3.0,827.0,97.0,1
15.0,205.0,244.0,175.0,4.0,385.0,155.0,0
5.0,2222.0,16.0,60.0,3.0,505.0,86.0,0
8.0,754.0,132.0,45.0,4.0,420.0,110.0,0
15.0,1624.0,79.0,205.0,3.0,1140.0,80.0,0
12.0,6410.0,44.0,253.0,7.0,1066.0,79.0,1
1.0,2069.0,183.0,197.0,4.0,1150.0,230.0,0
1.0,1716.0,80.0,45.0,1.0,840.0,165.0,0
13.0,129.0,208.0,154.0,3.0,1235.0,269.0,1
5.0,1425.0,45.0,16.0,1.0,975.0,120.0,0
15.0,115.0,111.0,214.0,3.0,1120.0,65.0,1
16.0,3080.0,96.0,42.0,7.0,1265.0,77.0,1
0.0,4078.0,177.0,158.0,6.0,860.0,85.0,0
16.0,2157.0,147.0,135.0,3.0,930.0,149.0,1
5.0,1857.0,261.0,252.0,5.0,506.0,137.0,0
5.0,2133.0,197.0,16.0,1.0,930.0,154.0,1
15.0,1411.0,202.0,44.0,3.0,1000.0,65.0,1
12.0,6926.0,236.0,79.0,3.0,708.0,134.0,0
15.0,142.0,22.0,45.0,5.0,1030.0,80.0,1
14.0,1882.0,60.0,234.0,6.0,1345.0,63.0,0
3.0,765.0,173.0,37.0,5.0,1395.0,150.0,0
9.0,223.0,128.0,161.0,5.0,1163.0,36.0,0
12.0,6633.0,79.0,280.0,5.0,1280.0,114.0,0
15.0,1691.0,175.0,58.0,1.0,665.0,75.0,1
5.0,718.0,217.0,261.0,4.0,662.0,103.0,1
10.0,3326.0,285.0,80.0,6.0,810.0,155.0,0
16.0,2309.0,16.0,135.0,4.0,410.0,129.0,0
0.0,4026.0,85.0,247.0,3.0,530.0,58.0,0
17.0,2904.0,60.0,138.0,4.0,679.0,54.0,0
5.0,1664.0,268.0,197.0,6.0,460.0,96.0,0
15.0,404.0,277.0,104.0,3.0,1180.0,55.0,1
15.0,998.0,45.0,233.0,4.0,1185.0,65.0,1
3.0,590.0,213.0,130.0,6.0,900.0,162.0,0
9.0,245.0,203.0,128.0,1.0,872.0,34.0,0
15.0,3862.0,277.0,104.0,4.0,500.0,55.0,0
15.0,3010.0,202.0,214.0,6.0,1060.0,100.0,0
12.0,6398.0,253.0,34.0,7.0,1175.0,92.0,1
15.0,2450.0,153.0,264.0,4.0,840.0,70.0,1
14.0,590.0,217.0,172.0,5.0,595.0,160.0,0
15.0,1823.0,175.0,45.0,6.0,985.0,110.0,1
12.0,6270.0,17.0,208.0,4.0,360.0,55.0,0
14.0,641.0,217.0,207.0,3.0,525.0,74.0,0
1.0,1521.0,208.0,280.0,6.0,1155.0,225.0,1
15.0,1097.0,141.0,173.0,7.0,640.0,170.0,1
10.0,2995.0,84.0,80.0,4.0,1005.0,125.0,0
17.0,2692.0,177.0,60.0,7.0,360.0,105.0,0
5.0,690.0,60.0,16.0,5.0,790.0,85.0,0
15.0,211.0,2.0,243.0,1.0,565.0,120.0,0
8.0,298.0,129.0,16.0,1.0,654.0,112.0,0
15.0,1185.0,198.0,153.0,1.0,470.0,240.0,1
15.0,2031.0,252.0,153.0,3.0,700.0,150.0,1
3.0,1122.0,104.0,234.0,7.0,805.0,129.0,1
15.0,28.0,172.0,175.0,4.0,975.0,85.0,1
11.0,6291.0,35.0,233.0,5.0,945.0,146.0,0
6.0,5491.0,16.0,254.0,4.0,515.0,123.0,0
8.0,473.0,45.0,16.0,6.0,450.0,120.0,0
4.0,378.0,244.0,135.0,5.0,410.0,61.0,0
4.0,119.0,277.0,96.0,7.0,959.0,164.0,0
5.0,1671.0,139.0,197.0,7.0,1160.0,114.0,1
10.0,4536.0,233.0,78.0,1.0,1080.0,60.0,0
5.0,1380.0,159.0,35.0,1.0,690.0,69.0,0
10.0,3262.0,165.0,80.0,3.0,700.0,80.0,0
12.0,4741.0,137.0,261.0,7.0,905.0,59.0,0
16.0,2314.0,91.0,135.0,6.0,405.0,107.0,0
4.0,1102.0,96.0,208.0,1.0,569.0,150.0,0
17.0,7292.0,134.0,54.0,7.0,1330.0,101.0,0
4.0,1088.0,135.0,85.0,3.0,785.0,164.0,0
14.0,1729.0,60.0,173.0,3.0,688.0,91.0,1
5.0,2292.0,217.0,197.0,4.0,612.0,198.0,1
16.0,3090.0,18.0,135.0,3.0,722.0,56.0,0
12.0,6240.0,224.0,253.0,4.0,1045.0,125.0,1
6.0,5180.0,35.0,78.0,5.0,755.0,105.0,0
5.0,1874.0,16.0,134.0,7.0,1150.0,113.0,0
1.0,1002.0,79.0,80.0,6.0,365.0,125.0,0
15.0,3065.0,173.0,172.0,6.0,745.0,185.0,0
10.0,3840.0,208.0,16.0,4.0,855.0,120.0,1
5.0,1197.0,154.0,203.0,1.0,525.0,351.0,0
15.0,961.0,205.0,217.0,4.0,435.0,180.0,0
6.0,7132.0,47.0,134.0,5.0,370.0,83.0,0
13.0,533.0,134.0,79.0,6.0,1312.0,247.0,0
1.0,405.0,134.0,80.0,3.0,765.0,205.0,0
10.0,3893.0,208.0,216.0,5.0,425.0,120.0,1
6.0,7305.0,177.0,268.0,6.0,575.0,71.0,0
6.0,7335.0,115.0,16.0,1.0,871.0,81.0,0
16.0,3004.0,135.0,184.0,7.0,775.0,153.0,1
14.0,281.0,217.0,258.0,5.0,875.0,114.0,0
13.0,965.0,134.0,135.0,7.0,1034.0,206.0,0
14.0,835.0,216.0,173.0,4.0,955.0,153.0,0
6.0,5482.0,69.0,16.0,6.0,955.0,90.0,0
8.0,206.0,48.0,16.0,6.0,1176.0,112.0,0
5.0,1816.0,79.0,16.0,4.0,633.0,172.0,0
5.0,2146.0,198.0,16.0,4.0,525.0,85.0,0
17.0,7212.0,134.0,238.0,3.0,1040.0,71.0,1
12.0,4674.0,44.0,261.0,1.0,995.0,108.0,0
15.0,9.0,129.0,198.0,3.0,620.0,60.0,0
6.0,7094.0,134.0,229.0,7.0,1320.0,92.0,0
10.0,3070.0,243.0,154.0,4.0,790.0,45.0,0
15.0,1038.0,18.0,258.0,7.0,605.0,235.0,0
5.0,1756.0,244.0,197.0,5.0,380.0,168.0,0
17.0,2749.0,217.0,246.0,4.0,1069.0,90.0,0
4.0,1441.0,135.0,18.0,3.0,1165.0,60.0,1
5.0,1084.0,14.0,197.0,5.0,360.0,326.0,0
15.0,611.0,264.0,258.0,5.0,850.0,75.0,1
6.0,5035.0,16.0,190.0,3.0,1052.0,80.0,1
14.0,1178.0,233.0,60.0,6.0,675.0,66.0,0
15.0,368.0,216.0,79.0,5.0,790.0,280.0,0
12.0,6970.0,262.0,253.0,5.0,1022.0,43.0,1
5.0,2930.0,197.0,35.0,7.0,1135.0,167.0,1
12.0,6302.0,227.0,154.0,1.0,971.0,44.0,0
13.0,815.0,79.0,154.0,3.0,1290.0,159.0,1
12.0,4558.0,34.0,261.0,3.0,713.0,72.0,1
5.0,2071.0,252.0,261.0,7.0,430.0,131.0,0
1.0,2428.0,154.0,80.0,3.0,540.0,190.0,0
5.0,2461.0,216.0,16.0,4.0,765.0,140.0,1
10.0,3639.0,183.0,60.0,7.0,1290.0,125.0,0
8.0,964.0,16.0,7.0,7.0,950.0,112.0,0
8.0,22.0,16.0,175.0,5.0,610.0,121.0,0
17.0,2933.0,2.0,217.0,1.0,370.0,76.0,0
1.0,732.0,236.0,80.0,6.0,420.0,200.0,0
13.0,870.0,253.0,148.0,4.0,775.0,351.0,0
1.0,1072.0,91.0,80.0,3.0,990.0,105.0,0
13.0,82.0,128.0,154.0,5.0,802.0,322.0,0
6.0,5114.0,16.0,237.0,7.0,1296.0,82.0,0
15.0,3058.0,243.0,258.0,4.0,1080.0,80.0,1
9.0,262.0,128.0,143.0,1.0,960.0,51.0,0
8.0,228.0,45.0,183.0,4.0,565.0,163.0,0
15.0,899.0,202.0,79.0,5.0,785.0,140.0,1
15.0,454.0,87.0,33.0,3.0,575.0,90.0,0
0.0,3657.0,273.0,16.0,7.0,763.0,154.0,1
2.0,69.0,151.0,149.0,5.0,1237.0,64.0,0
15.0,1592.0,173.0,87.0,3.0,1030.0,70.0,1
5.0,1120.0,16.0,47.0,4.0,1219.0,67.0,0
15.0,999.0,217.0,202.0,6.0,460.0,125.0,0
2.0,67.0,151.0,257.0,7.0,1022.0,55.0,0
15.0,739.0,277.0,104.0,4.0,1060.0,60.0,1
4.0,1601.0,96.0,104.0,4.0,890.0,182.0,1
4.0,220.0,135.0,217.0,5.0,540.0,179.0,0
15.0,2528.0,173.0,221.0,4.0,620.0,135.0,1
15.0,2113.0,216.0,35.0,1.0,490.0,90.0,0
1.0,1499.0,277.0,80.0,6.0,715.0,175.0,0
17.0,7281.0,147.0,134.0,1.0,589.0,107.0,1
3.0,51.0,42.0,148.0,3.0,615.0,75.0,1
10.0,4238.0,61.0,208.0,7.0,490.0,95.0,1
13.0,651.0,96.0,208.0,1.0,1051.0,160.0,0
15.0,2144.0,139.0,153.0,6.0,450.0,260.0,1
15.0,2934.0,33.0,87.0,6.0,870.0,75.0,1
5.0,1570.0,268.0,16.0,5.0,615.0,90.0,1
4.0,1157.0,96.0,208.0,5.0,435.0,163.0,0
13.0,361.0,159.0,79.0,3.0,480.0,276.0,0
6.0,5038.0,48.0,85.0,1.0,335.0,76.0,0
13.0,618.0,208.0,78.0,5.0,897.0,111.0,0
8.0,936.0,16.0,147.0,7.0,846.0,67.0,0
1.0,674.0,208.0,183.0,5.0,335.0,185.0,1
11.0,6630.0,85.0,61.0,6.0,1165.0,62.0,1
16.0,3062.0,147.0,96.0,3.0,818.0,138.0,1
0.0,4245.0,85.0,134.0,3.0,1040.0,95.0,1
15.0,346.0,261.0,217.0,3.0,405.0,105.0,0
5.0,2219.0,159.0,197.0,5.0,695.0,185.0,0
13.0,874.0,153.0,253.0,7.0,641.0,102.0,1
11.0,6762.0,197.0,221.0,6.0,600.0,130.0,0
12.0,6723.0,18.0,253.0,6.0,467.0,238.0,0
1.0,828.0,258.0,208.0,5.0,450.0,255.0,1
1.0,1609.0,96.0,183.0,3.0,835.0,195.0,0
5.0,1374.0,159.0,35.0,5.0,510.0,71.0,0
1.0,1034.0,79.0,80.0,3.0,640.0,120.0,1
1.0,1596.0,214.0,80.0,6.0,360.0,225.0,1
14.0,1517.0,78.0,277.0,4.0,520.0,150.0,0
1.0,554.0,253.0,208.0,6.0,855.0,260.0,0
12.0,4465.0,114.0,261.0,3.0,405.0,59.0,0
13.0,592.0,79.0,197.0,3.0,618.0,122.0,0
15.0,357.0,45.0,12.0,5.0,935.0,70.0,1
1.0,1940.0,208.0,183.0,5.0,1180.0,180.0,1
1.0,2431.0,154.0,153.0,5.0,870.0,70.0,0
12.0,7803.0,261.0,282.0,3.0,1015.0,64.0,1
5.0,1298.0,150.0,154.0,4.0,1304.0,316.0,0
13.0,92.0,203.0,79.0,6.0,1365.0,404.0,0
6.0,5596.0,16.0,47.0,5.0,682.0,59.0,0
15.0,1194.0,217.0,207.0,6.0,1175.0,70.0,1
11.0,6479.0,238.0,148.0,7.0,925.0,103.0,0
1.0,7.0,80.0,203.0,1.0,690.0,510.0,0
10.0,3970.0,208.0,45.0,3.0,465.0,115.0,0
10.0,3039.0,154.0,100.0,3.0,550.0,60.0,0
12.0,4689.0,261.0,2.0,7.0,1298.0,100.0,1
2.0,869.0,262.0,203.0,6.0,505.0,335.0,0
6.0,4955.0,190.0,16.0,1.0,640.0,74.0,0
14.0,1188.0,269.0,60.0,6.0,940.0,242.0,0
8.0,81.0,16.0,104.0,1.0,934.0,111.0,0
15.0,3567.0,75.0,279.0,4.0,550.0,60.0,1
13.0,200.0,208.0,35.0,3.0,1265.0,138.0,0
3.0,1695.0,35.0,173.0,1.0,360.0,192.0,0
5.0,1555.0,16.0,154.0,7.0,500.0,308.0,1
17.0,1026.0,161.0,128.0,4.0,726.0,29.0,0
3.0,1051.0,148.0,221.0,5.0,490.0,97.0,0
12.0,6837.0,79.0,83.0,1.0,500.0,62.0,0
16.0,2647.0,172.0,135.0,4.0,360.0,124.0,0
1.0,451.0,208.0,253.0,1.0,630.0,290.0,1
12.0,6887.0,171.0,208.0,6.0,1126.0,72.0,1
7.0,788.0,153.0,79.0,6.0,1099.0,110.0,0
3.0,318.0,202.0,134.0,3.0,1365.0,294.0,1
15.0,2785.0,216.0,35.0,5.0,910.0,75.0,1
16.0,2042.0,135.0,27.0,5.0,1180.0,99.0,0
2.0,507.0,264.0,252.0,4.0,960.0,165.0,0
15.0,1831.0,45.0,153.0,4.0,430.0,330.0,0
12.0,6426.0,253.0,262.0,6.0,672.0,43.0,1
5.0,1193.0,60.0,85.0,3.0,1154.0,113.0,0
17.0,7211.0,134.0,228.0,7.0,1029.0,79.0,1
3.0,155.0,148.0,173.0,7.0,360.0,168.0,0
15.0,501.0,153.0,175.0,1.0,650.0,220.0,1
5.0,2532.0,173.0,35.0,6.0,665.0,172.0,0
6.0,4964.0,16.0,157.0,6.0,900.0,74.0,0
8.0,114.0,80.0,16.0,4.0,1113.0,117.0,0
14.0,1707.0,268.0,60.0,4.0,450.0,109.0,0
15.0,1420.0,207.0,258.0,3.0,1215.0,65.0,1
14.0,621.0,277.0,217.0,6.0,435.0,288.0,0
14.0,1849.0,216.0,197.0,4.0,1090.0,187.0,0
15.0,3405.0,153.0,207.0,5.0,860.0,55.0,0
15.0,1588.0,79.0,197.0,6.0,675.0,125.0,0
5.0,2572.0,268.0,85.0,4.0,538.0,92.0,0
2.0,127.0,252.0,98.0,7.0,1290.0,225.0,0
15.0,648.0,217.0,252.0,5.0,925.0,190.0,1
14.0,146.0,217.0,161.0,6.0,675.0,412.0,0
15.0,2855.0,155.0,75.0,1.0,1050.0,65.0,1
8.0,850.0,173.0,16.0,6.0,895.0,93.0,0
1.0,1447.0,208.0,198.0,7.0,855.0,150.0,0
0.0,4005.0,279.0,16.0,1.0,1060.0,129.0,0
13.0,634.0,208.0,96.0,1.0,365.0,125.0,0
8.0,821.0,45.0,35.0,3.0,1050.0,85.0,0
8.0,1180.0,43.0,173.0,6.0,991.0,165.0,1
12.0,6276.0,208.0,247.0,6.0,1022.0,38.0,1
12.0,3072.0,184.0,268.0,7.0,645.0,74.0,1
12.0,6734.0,79.0,56.0,1.0,699.0,111.0,1
5.0,2555.0,159.0,213.0,7.0,419.0,186.0,0
11.0,6382.0,85.0,132.0,6.0,520.0,122.0,1
3.0,22.0,148.0,273.0,6.0,1365.0,69.0,0
12.0,6605.0,29.0,79.0,4.0,1215.0,102.0,0
12.0,6383.0,253.0,246.0,1.0,1065.0,82.0,0
15.0,1450.0,79.0,153.0,7.0,410.0,115.0,0
4.0,1102.0,96.0,208.0,5.0,569.0,150.0,1
15.0,1842.0,154.0,253.0,4.0,1300.0,75.0,1
8.0,1609.0,173.0,78.0,5.0,1198.0,124.0,0
5.0,2489.0,16.0,198.0,5.0,587.0,108.0,0
6.0,5455.0,251.0,16.0,1.0,756.0,94.0,1
3.0,39.0,148.0,213.0,7.0,1120.0,183.0,0
6.0,7315.0,121.0,16.0,3.0,682.0,58.0,1
17.0,7245.0,134.0,228.0,4.0,748.0,82.0,0
15.0,1118.0,182.0,45.0,7.0,675.0,95.0,1
13.0,641.0,45.0,208.0,5.0,540.0,135.0,1
16.0,2362.0,96.0,234.0,4.0,995.0,85.0,1
15.0,2097.0,154.0,172.0,5.0,745.0,190.0,1
5.0,1631.0,78.0,177.0,6.0,1040.0,150.0,1
9.0,188.0,128.0,150.0,7.0,884.0,44.0,0
16.0,2896.0,146.0,135.0,4.0,944.0,76.0,0
10.0,2939.0,80.0,218.0,3.0,1160.0,110.0,0
14.0,2131.0,35.0,159.0,4.0,840.0,77.0,0
16.0,2137.0,158.0,135.0,1.0,420.0,64.0,0
14.0,1950.0,80.0,60.0,3.0,945.0,143.0,1
11.0,6319.0,233.0,35.0,5.0,975.0,120.0,1
10.0,3067.0,154.0,194.0,7.0,605.0,65.0,0
7.0,449.0,216.0,79.0,3.0,1018.0,252.0,1
15.0,1590.0,207.0,153.0,1.0,415.0,60.0,0
15.0,194.0,216.0,221.0,4.0,585.0,80.0,0
15.0,2423.0,162.0,45.0,6.0,735.0,130.0,0
3.0,64.0,277.0,148.0,6.0,585.0,145.0,1
12.0,6653.0,191.0,253.0,1.0,939.0,33.0,0
1.0,1406.0,80.0,132.0,1.0,540.0,95.0,0
15.0,353.0,243.0,236.0,7.0,980.0,90.0,1
15.0,1769.0,233.0,33.0,3.0,440.0,95.0,0
16.0,2943.0,96.0,177.0,3.0,599.0,199.0,0
12.0,6660.0,65.0,154.0,5.0,688.0,149.0,0
15.0,1117.0,279.0,129.0,5.0,465.0,95.0,0
1.0,2464.0,207.0,80.0,3.0,530.0,175.0,1
0.0,4220.0,85.0,90.0,5.0,1290.0,85.0,0
13.0,936.0,79.0,134.0,5.0,686.0,195.0,0
15.0,3110.0,175.0,217.0,7.0,635.0,240.0,0
15.0,117.0,262.0,214.0,5.0,655.0,95.0,0
4.0,319.0,277.0,96.0,7.0,515.0,155.0,0
6.0,4973.0,16.0,288.0,4.0,660.0,76.0,0
5.0,2316.0,153.0,85.0,6.0,685.0,244.0,1
15.0,728.0,228.0,153.0,1.0,610.0,375.0,0
15.0,479.0,75.0,13.0,7.0,1200.0,70.0,1
16.0,2745.0,33.0,96.0,3.0,360.0,127.0,0
6.0,5063.0,16.0,205.0,6.0,951.0,150.0,1
13.0,691.0,159.0,208.0,1.0,1083.0,165.0,1
6.0,5464.0,205.0,85.0,4.0,810.0,119.0,0
5.0,258.0,253.0,197.0,6.0,500.0,217.0,0
4.0,433.0,159.0,135.0,1.0,800.0,243.0,1
14.0,2160.0,78.0,159.0,5.0,420.0,81.0,1
0.0,4265.0,177.0,108.0,1.0,865.0,72.0,0
1.0,823.0,136.0,80.0,7.0,885.0,80.0,0
4.0,693.0,173.0,96.0,6.0,645.0,149.0,0
14.0,253.0,216.0,217.0,4.0,700.0,322.0,0
13.0,504.0,253.0,208.0,4.0,1425.0,257.0,0
15.0,3232.0,147.0,104.0,5.0,450.0,70.0,0
6.0,5154.0,16.0,278.0,5.0,1308.0,64.0,0
13.0,492.0,253.0,268.0,5.0,775.0,226.0,0
5.0,1465.0,148.0,253.0,5.0,1035.0,395.0,0
5.0,74.0,85.0,16.0,1.0,824.0,125.0,1
1.0,1668.0,80.0,279.0,7.0,840.0,60.0,0
5.0,1854.0,268.0,16.0,6.0,910.0,95.0,1
2.0,11.0,96.0,252.0,5.0,450.0,375.0,0
5.0,1457.0,261.0,252.0,3.0,845.0,130.0,1
5.0,1730.0,16.0,54.0,5.0,725.0,69.0,0
10.0,3925.0,157.0,208.0,4.0,910.0,90.0,0
15.0,1134.0,175.0,207.0,4.0,705.0,265.0,1
1.0,810.0,253.0,208.0,5.0,385.0,255.0,0
5.0,192.0,16.0,148.0,6.0,905.0,145.0,1
12.0,6251.0,79.0,195.0,7.0,606.0,129.0,0
15.0,2964.0,202.0,44.0,5.0,1050.0,65.0,1
8.0,1435.0,215.0,35.0,1.0,381.0,89.0,0
6.0,7111.0,134.0,148.0,4.0,495.0,75.0,0
10.0,2853.0,80.0,254.0,7.0,1120.0,75.0,0
15.0,3054.0,104.0,45.0,4.0,480.0,150.0,0
6.0,5424.0,19.0,16.0,5.0,520.0,71.0,0
15.0,1976.0,172.0,75.0,5.0,1045.0,95.0,0
8.0,782.0,215.0,173.0,1.0,596.0,120.0,0
16.0,2505.0,234.0,96.0,3.0,1030.0,85.0,0
3.0,705.0,148.0,260.0,7.0,540.0,232.0,1
5.0,1021.0,12.0,16.0,6.0,755.0,169.0,0
1.0,2559.0,96.0,80.0,7.0,900.0,245.0,0
8.0,324.0,253.0,16.0,1.0,770.0,270.0,1
0.0,3970.0,27.0,177.0,3.0,390.0,68.0,0
17.0,2719.0,18.0,217.0,5.0,505.0,167.0,0
17.0,2749.0,217.0,246.0,1.0,1069.0,90.0,0
12.0,6365.0,208.0,195.0,7.0,953.0,47.0,1
5.0,2211.0,16.0,80.0,3.0,810.0,145.0,0
6.0,5298.0,85.0,121.0,7.0,630.0,109.0,0
8.0,561.0,32.0,16.0,3.0,400.0,104.0,0
10.0,3305.0,80.0,158.0,3.0,1170.0,75.0,1
6.0,7076.0,134.0,245.0,5.0,483.0,105.0,1
8.0,239.0,16.0,234.0,7.0,530.0,88.0,0
16.0,2962.0,135.0,65.0,5.0,735.0,140.0,0
15.0,2947.0,104.0,147.0,6.0,440.0,70.0,0
12.0,7011.0,154.0,214.0,4.0,506.0,141.0,0
6.0,7129.0,134.0,54.0,7.0,1027.0,101.0,0
15.0,496.0,214.0,79.0,4.0,380.0,145.0,1
2.0,573.0,243.0,214.0,3.0,400.0,159.0,0
14.0,2044.0,78.0,35.0,5.0,1110.0,86.0,0
0.0,4322.0,197.0,166.0,1.0,680.0,52.0,1
6.0,5514.0,176.0,16.0,5.0,860.0,78.0,0
12.0,6814.0,252.0,214.0,1.0,623.0,48.0,0
8.0,1612.0,78.0,173.0,7.0,419.0,148.0,0
10.0,4648.0,233.0,159.0,6.0,1040.0,100.0,0
12.0,6356.0,253.0,261.0,4.0,1195.0,99.0,0
13.0,849.0,216.0,154.0,4.0,1105.0,375.0,0
11.0,6440.0,120.0,71.0,7.0,1085.0,92.0,0
15.0,2758.0,207.0,153.0,6.0,1130.0,55.0,0
15.0,1815.0,153.0,243.0,5.0,950.0,65.0,0
12.0,6858.0,79.0,243.0,4.0,934.0,137.0,1
15.0,815.0,172.0,268.0,3.0,440.0,65.0,0
15.0,3926.0,2.0,172.0,5.0,690.0,110.0,0
0.0,3726.0,84.0,85.0,6.0,617.0,113.0,1
14.0,1293.0,35.0,216.0,1.0,390.0,93.0,0
12.0,6397.0,154.0,248.0,3.0,960.0,54.0,0
5.0,2449.0,33.0,261.0,6.0,450.0,240.0,0
15.0,3598.0,252.0,217.0,5.0,1175.0,170.0,1
1.0,1167.0,233.0,80.0,6.0,465.0,195.0,0
13.0,500.0,253.0,217.0,4.0,765.0,119.0,0
10.0,3364.0,275.0,80.0,4.0,1020.0,150.0,0
6.0,7305.0,132.0,177.0,3.0,385.0,67.0,0
2.0,329.0,258.0,252.0,4.0,1135.0,124.0,0
11.0,6566.0,234.0,148.0,5.0,375.0,85.0,0
10.0,3696.0,209.0,148.0,4.0,870.0,80.0,0
2.0,877.0,214.0,128.0,4.0,455.0,360.0,1
15.0,824.0,173.0,104.0,5.0,450.0,55.0,0
15.0,3165.0,214.0,261.0,1.0,600.0,105.0,1
12.0,6349.0,72.0,208.0,4.0,801.0,68.0,1
12.0,4500.0,243.0,154.0,1.0,885.0,49.0,0
11.0,6470.0,71.0,60.0,3.0,560.0,91.0,0
12.0,6556.0,279.0,79.0,5.0,1195.0,110.0,0
15.0,2861.0,45.0,58.0,6.0,1000.0,75.0,1
10.0,4447.0,148.0,78.0,5.0,1240.0,80.0,1
15.0,1140.0,129.0,91.0,5.0,530.0,120.0,0
5.0,2504.0,245.0,16.0,7.0,385.0,74.0,0
13.0,588.0,80.0,134.0,7.0,1014.0,176.0,0
14.0,987.0,216.0,173.0,6.0,480.0,163.0,0
15.0,1683.0,243.0,258.0,4.0,390.0,90.0,1
15.0,211.0,243.0,262.0,7.0,650.0,95.0,0
14.0,1612.0,216.0,35.0,5.0,435.0,78.0,0
6.0,5372.0,279.0,16.0,6.0,995.0,122.0,1
9.0,145.0,203.0,128.0,4.0,585.0,34.0,0
3.0,251.0,202.0,160.0,4.0,969.0,76.0,0
12.0,4771.0,208.0,261.0,3.0,450.0,205.0,0
12.0,6452.0,100.0,154.0,1.0,510.0,71.0,0
6.0,5317.0,16.0,27.0,3.0,810.0,54.0,1
16.0,2550.0,135.0,60.0,4.0,855.0,136.0,0
5.0,2694.0,16.0,216.0,5.0,743.0,129.0,0
7.0,854.0,217.0,79.0,1.0,655.0,104.0,1
5.0,1842.0,16.0,61.0,3.0,595.0,111.0,0
6.0,5208.0,268.0,85.0,7.0,400.0,100.0,0
16.0,2901.0,209.0,135.0,1.0,1015.0,209.0,1
15.0,1219.0,261.0,2.0,4.0,670.0,90.0,0
15.0,925.0,262.0,154.0,4.0,715.0,80.0,1
5.0,1704.0,104.0,85.0,7.0,1069.0,184.0,0
13.0,377.0,79.0,204.0,5.0,1239.0,98.0,0
16.0,2650.0,96.0,184.0,1.0,580.0,147.0,0
15.0,961.0,217.0,207.0,5.0,590.0,75.0,0
15.0,1264.0,153.0,79.0,7.0,560.0,115.0,0
8.0,853.0,16.0,173.0,5.0,615.0,95.0,1
1.0,2464.0,207.0,80.0,5.0,530.0,175.0,0
5.0,47.0,16.0,35.0,4.0,1145.0,154.0,1
7.0,123.0,80.0,79.0,7.0,630.0,121.0,0
6.0,5149.0,16.0,275.0,4.0,660.0,67.0,0
1.0,1143.0,80.0,205.0,7.0,525.0,105.0,1
2.0,658.0,214.0,258.0,3.0,380.0,108.0,0
17.0,7287.0,209.0,208.0,1.0,360.0,143.0,0
15.0,1532.0,153.0,202.0,7.0,1260.0,85.0,1
10.0,2960.0,80.0,256.0,3.0,845.0,55.0,1
15.0,844.0,233.0,33.0,5.0,670.0,95.0,0
17.0,1002.0,203.0,128.0,4.0,480.0,32.0,0
13.0,700.0,260.0,134.0,3.0,820.0,240.0,1
1.0,1355.0,35.0,80.0,6.0,440.0,270.0,0
0.0,3654.0,197.0,106.0,3.0,1160.0,90.0,1
13.0,491.0,204.0,79.0,1.0,387.0,113.0,0
13.0,962.0,61.0,79.0,7.0,938.0,202.0,0
12.0,6349.0,253.0,252.0,1.0,516.0,122.0,0
5.0,1923.0,35.0,85.0,1.0,742.0,142.0,1
2.0,307.0,227.0,253.0,4.0,420.0,86.0,0
5.0,1872.0,277.0,16.0,6.0,380.0,90.0,0
8.0,69.0,134.0,16.0,1.0,370.0,119.0,0
2.0,73.0,257.0,149.0,3.0,365.0,42.0,0
10.0,3001.0,154.0,79.0,7.0,570.0,140.0,0
6.0,5412.0,16.0,256.0,4.0,515.0,125.0,0
4.0,1789.0,85.0,135.0,7.0,1067.0,193.0,0
11.0,6268.0,69.0,85.0,4.0,926.0,79.0,0
16.0,5992.0,107.0,208.0,3.0,360.0,96.0,0
1.0,858.0,183.0,216.0,6.0,460.0,160.0,0
1.0,526.0,253.0,80.0,5.0,360.0,215.0,1
5.0,1839.0,78.0,16.0,5.0,1140.0,122.0,0
10.0,2984.0,80.0,70.0,7.0,1120.0,115.0,1
4.0,1093.0,61.0,135.0,6.0,365.0,160.0,0
1.0,2401.0,80.0,154.0,3.0,390.0,205.0,0
10.0,2832.0,223.0,80.0,7.0,945.0,125.0,1
1.0,2547.0,148.0,173.0,5.0,720.0,180.0,0
13.0,16.0,243.0,208.0,1.0,378.0,244.0,0
5.0,1744.0,85.0,78.0,7.0,625.0,92.0,0
10.0,3206.0,113.0,80.0,6.0,675.0,55.0,0
10.0,2803.0,80.0,254.0,5.0,670.0,75.0,0
12.0,6466.0,154.0,261.0,4.0,464.0,112.0,0
11.0,6744.0,78.0,61.0,1.0,537.0,92.0,0
1.0,444.0,244.0,208.0,4.0,435.0,165.0,0
13.0,448.0,79.0,136.0,6.0,986.0,80.0,0
15.0,2568.0,202.0,154.0,6.0,645.0,75.0,1
7.0,667.0,79.0,253.0,7.0,1275.0,156.0,1
15.0,2079.0,153.0,243.0,6.0,810.0,65.0,0
12.0,6340.0,19.0,208.0,1.0,981.0,109.0,0
10.0,3451.0,80.0,290.0,4.0,1110.0,65.0,0
2.0,323.0,258.0,252.0,3.0,405.0,129.0,0
11.0,6280.0,71.0,221.0,3.0,680.0,71.0,0
1.0,479.0,80.0,252.0,3.0,735.0,260.0,1
10.0,2724.0,80.0,181.0,3.0,610.0,85.0,0
5.0,1430.0,184.0,85.0,7.0,840.0,82.0,0
15.0,680.0,18.0,243.0,1.0,610.0,190.0,0
5.0,2427.0,16.0,104.0,4.0,1215.0,112.0,1
12.0,4873.0,65.0,261.0,4.0,1140.0,96.0,0
10.0,3334.0,80.0,114.0,1.0,605.0,135.0,0
15.0,1860.0,129.0,170.0,7.0,1055.0,85.0,1
15.0,1587.0,33.0,45.0,5.0,740.0,95.0,1
6.0,5307.0,129.0,16.0,4.0,937.0,122.0,1
10.0,2851.0,80.0,54.0,1.0,875.0,140.0,0
5.0,378.0,16.0,209.0,7.0,1155.0,105.0,0
5.0,2025.0,16.0,135.0,1.0,837.0,138.0,0
4.0,733.0,159.0,135.0,6.0,445.0,238.0,1
5.0,1299.0,261.0,154.0,1.0,695.0,120.0,0
13.0,885.0,153.0,253.0,7.0,480.0,107.0,0
12.0,6850.0,171.0,208.0,4.0,519.0,79.0,0
13.0,418.0,243.0,79.0,6.0,481.0,144.0,0
12.0,6337.0,79.0,114.0,6.0,695.0,58.0,1
6.0,5021.0,162.0,16.0,7.0,1003.0,98.0,0
5.0,41.0,197.0,154.0,5.0,1170.0,244.0,0
10.0,4288.0,85.0,208.0,5.0,1225.0,80.0,0
14.0,2021.0,35.0,78.0,1.0,360.0,96.0,0
14.0,1198.0,213.0,78.0,3.0,720.0,132.0,1
15.0,100.0,141.0,104.0,4.0,460.0,185.0,1
16.0,2575.0,197.0,135.0,5.0,1000.0,177.0,0
6.0,5290.0,162.0,16.0,6.0,761.0,99.0,0
8.0,411.0,229.0,45.0,5.0,370.0,102.0,0
8.0,296.0,129.0,16.0,5.0,1115.0,115.0,0
15.0,3814.0,173.0,241.0,3.0,790.0,50.0,1
14.0,704.0,217.0,60.0,1.0,800.0,234.0,1
5.0,2417.0,85.0,153.0,6.0,950.0,278.0,1
14.0,1033.0,60.0,183.0,4.0,1215.0,127.0,0
16.0,2998.0,135.0,177.0,6.0,780.0,84.0,0
15.0,2596.0,217.0,277.0,6.0,710.0,235.0,1
5.0,2756.0,16.0,148.0,5.0,450.0,135.0,0
5.0,2947.0,159.0,16.0,5.0,1260.0,153.0,0
12.0,4564.0,264.0,261.0,7.0,465.0,100.0,0
12.0,6504.0,247.0,208.0,4.0,555.0,47.0,1
13.0,733.0,79.0,253.0,3.0,824.0,165.0,0
15.0,1945.0,198.0,27.0,4.0,865.0,60.0,0
3.0,660.0,173.0,273.0,7.0,1180.0,152.0,1
3.0,382.0,104.0,159.0,7.0,1220.0,161.0,0
12.0,4466.0,261.0,80.0,4.0,510.0,160.0,1
17.0,2833.0,280.0,217.0,1.0,405.0,47.0,0
1.0,1415.0,277.0,80.0,4.0,990.0,170.0,1
8.0,864.0,173.0,16.0,6.0,1040.0,93.0,0
1.0,2127.0,216.0,183.0,5.0,365.0,175.0,1
1.0,1878.0,80.0,204.0,3.0,735.0,55.0,0
12.0,4734.0,221.0,197.0,4.0,1160.0,135.0,1
12.0,6876.0,79.0,214.0,3.0,507.0,172.0,0
10.0,3565.0,80.0,184.0,5.0,1285.0,125.0,0
15.0,952.0,258.0,153.0,5.0,1035.0,90.0,1
13.0,948.0,154.0,79.0,3.0,966.0,144.0,0
3.0,635.0,35.0,253.0,3.0,1085.0,406.0,0
15.0,760.0,253.0,154.0,5.0,740.0,80.0,1
2.0,552.0,252.0,227.0,3.0,540.0,159.0,0
6.0,5418.0,16.0,11.0,4.0,995.0,57.0,1
15.0,769.0,45.0,104.0,4.0,705.0,160.0,1
9.0,144.0,161.0,128.0,1.0,715.0,32.0,0
9.0,48.0,128.0,202.0,5.0,875.0,310.0,1
16.0,3067.0,228.0,96.0,7.0,388.0,62.0,0
12.0,6669.0,124.0,79.0,5.0,471.0,50.0,0
17.0,2620.0,60.0,174.0,4.0,1335.0,89.0,1
12.0,6964.0,214.0,252.0,5.0,440.0,50.0,0
5.0,1640.0,16.0,85.0,7.0,595.0,130.0,0
12.0,6590.0,177.0,79.0,7.0,834.0,169.0,0
1.0,2038.0,183.0,85.0,4.0,650.0,185.0,0
6.0,5004.0,201.0,16.0,4.0,992.0,97.0,1
5.0,2416.0,153.0,85.0,7.0,857.0,236.0,1
15.0,1604.0,244.0,154.0,6.0,845.0,200.0,0
10.0,2864.0,254.0,80.0,5.0,355.0,90.0,0
16.0,2322.0,38.0,135.0,7.0,671.0,69.0,0
3.0,408.0,217.0,35.0,3.0,750.0,291.0,1
0.0,4013.0,71.0,184.0,7.0,980.0,86.0,0
1.0,2416.0,154.0,80.0,5.0,440.0,180.0,0
1.0,1685.0,80.0,91.0,6.0,985.0,100.0,0
1.0,1184.0,217.0,208.0,6.0,410.0,200.0,0
1.0,1311.0,16.0,80.0,3.0,795.0,145.0,0
13.0,338.0,79.0,80.0,4.0,1228.0,119.0,1
15.0,2660.0,154.0,262.0,3.0,530.0,80.0,1
9.0,132.0,203.0,143.0,3.0,569.0,36.0,0
3.0,24.0,277.0,148.0,7.0,691.0,153.0,0
5.0,2377.0,208.0,16.0,3.0,510.0,119.0,1
3.0,1109.0,148.0,233.0,5.0,1310.0,103.0,0
5.0,1680.0,253.0,16.0,5.0,868.0,277.0,0
15.0,429.0,175.0,22.0,3.0,1230.0,120.0,1
11.0,6469.0,132.0,16.0,5.0,440.0,67.0,0
7.0,306.0,79.0,85.0,4.0,847.0,162.0,1
17.0,2977.0,153.0,253.0,7.0,1185.0,91.0,1
12.0,6862.0,171.0,208.0,7.0,1216.0,72.0,1
15.0,3509.0,79.0,216.0,3.0,1080.0,210.0,1
15.0,1311.0,61.0,277.0,3.0,450.0,135.0,1
2.0,889.0,243.0,203.0,4.0,570.0,350.0,1
6.0,5084.0,177.0,85.0,7.0,600.0,117.0,0
10.0,3903.0,69.0,208.0,3.0,1075.0,120.0,1
4.0,317.0,198.0,96.0,1.0,600.0,175.0,0
11.0,6764.0,60.0,148.0,1.0,700.0,136.0,0
16.0,2283.0,135.0,18.0,5.0,620.0,53.0,0
6.0,5570.0,16.0,278.0,7.0,665.0,73.0,0
14.0,2144.0,159.0,35.0,7.0,1260.0,69.0,0
10.0,4254.0,208.0,20.0,7.0,1125.0,110.0,1
5.0,1053.0,172.0,16.0,6.0,765.0,120.0,0
17.0,1028.0,128.0,150.0,4.0,1025.0,40.0,0
11.0,6672.0,177.0,268.0,5.0,860.0,73.0,0
14.0,1579.0,216.0,60.0,4.0,1035.0,103.0,0
14.0,908.0,277.0,60.0,7.0,315.0,96.0,0
5.0,592.0,16.0,154.0,7.0,900.0,305.0,0
1.0,736.0,172.0,80.0,1.0,700.0,100.0,1
13.0,46.0,203.0,154.0,3.0,1310.0,313.0,0
3.0,1048.0,148.0,238.0,7.0,570.0,83.0,1
3.0,1281.0,35.0,234.0,1.0,420.0,108.0,0
10.0,3131.0,154.0,258.0,4.0,1095.0,75.0,0
17.0,1012.0,161.0,128.0,1.0,600.0,29.0,0
16.0,2352.0,96.0,205.0,5.0,480.0,211.0,0
10.0,4469.0,148.0,78.0,1.0,625.0,80.0,0
1.0,1534.0,79.0,80.0,4.0,515.0,120.0,0
10.0,3731.0,208.0,197.0,3.0,1350.0,85.0,1
4.0,1535.0,96.0,217.0,6.0,450.0,331.0,0
14.0,1290.0,216.0,159.0,3.0,1370.0,50.0,0
1.0,806.0,79.0,80.0,6.0,720.0,115.0,0
5.0,1177.0,233.0,16.0,7.0,735.0,95.0,0
15.0,532.0,175.0,141.0,1.0,660.0,130.0,1
14.0,1060.0,60.0,78.0,7.0,1189.0,77.0,1
12.0,6866.0,16.0,208.0,3.0,1200.0,129.0,0
7.0,608.0,79.0,139.0,5.0,895.0,139.0,0
3.0,135.0,148.0,241.0,5.0,700.0,188.0,1
12.0,7050.0,79.0,110.0,1.0,677.0,91.0,0
10.0,3756.0,208.0,261.0,1.0,775.0,210.0,1
13.0,935.0,154.0,128.0,3.0,995.0,359.0,1
5.0,1647.0,159.0,16.0,5.0,660.0,159.0,1
12.0,6922.0,79.0,199.0,7.0,1311.0,56.0,0
16.0,5918.0,208.0,152.0,5.0,1200.0,56.0,0
13.0,187.0,134.0,253.0,4.0,391.0,368.0,0
5.0,2328.0,173.0,85.0,7.0,500.0,160.0,1
15.0,2660.0,280.0,154.0,4.0,480.0,90.0,0
14.0,29.0,16.0,217.0,4.0,690.0,261.0,0
16.0,2287.0,96.0,177.0,6.0,1005.0,172.0,1
5.0,2957.0,85.0,184.0,5.0,1045.0,71.0,0
4.0,206.0,135.0,277.0,7.0,795.0,125.0,1
12.0,6347.0,208.0,17.0,4.0,902.0,49.0,0
10.0,2980.0,70.0,80.0,5.0,425.0,150.0,0
16.0,5906.0,237.0,208.0,6.0,619.0,116.0,1
15.0,48.0,173.0,129.0,1.0,955.0,155.0,1
14.0,29.0,16.0,217.0,5.0,690.0,261.0,0
4.0,820.0,135.0,217.0,3.0,1255.0,175.0,1
12.0,4816.0,261.0,79.0,1.0,920.0,88.0,0
13.0,849.0,216.0,154.0,7.0,1100.0,375.0,0
2.0,575.0,243.0,214.0,6.0,815.0,154.0,1
10.0,4059.0,208.0,32.0,5.0,1195.0,50.0,0
6.0,5353.0,177.0,162.0,6.0,1160.0,58.0,0
5.0,2468.0,252.0,16.0,7.0,1375.0,279.0,0
8.0,1595.0,116.0,277.0,5.0,737.0,84.0,0
15.0,2193.0,173.0,233.0,4.0,530.0,95.0,0
1.0,1613.0,208.0,253.0,1.0,810.0,280.0,0
15.0,1079.0,198.0,75.0,1.0,920.0,85.0,0
5.0,1007.0,172.0,16.0,3.0,1068.0,124.0,0
16.0,2772.0,91.0,135.0,6.0,920.0,122.0,0
7.0,371.0,184.0,79.0,4.0,865.0,155.0,1
15.0,513.0,217.0,153.0,7.0,870.0,65.0,1
12.0,6986.0,208.0,281.0,7.0,509.0,60.0,1
5.0,2700.0,258.0,197.0,5.0,390.0,228.0,1
5.0,670.0,60.0,16.0,1.0,855.0,80.0,0
0.0,3826.0,85.0,229.0,3.0,600.0,116.0,0
10.0,3771.0,208.0,135.0,1.0,470.0,165.0,0
5.0,684.0,18.0,16.0,5.0,340.0,134.0,0
15.0,1642.0,91.0,129.0,3.0,495.0,105.0,0
8.0,782.0,159.0,215.0,6.0,480.0,81.0,0
14.0,1724.0,147.0,78.0,7.0,1120.0,104.0,1
11.0,6390.0,285.0,71.0,1.0,1030.0,65.0,0
15.0,1869.0,58.0,33.0,6.0,495.0,100.0,0
12.0,6695.0,91.0,79.0,1.0,741.0,108.0,1
8.0,1100.0,61.0,241.0,6.0,440.0,159.0,0
1.0,1511.0,173.0,80.0,5.0,630.0,185.0,0
14.0,1670.0,60.0,228.0,5.0,975.0,110.0,0
14.0,16.0,217.0,148.0,4.0,976.0,282.0,0
6.0,5398.0,19.0,16.0,4.0,840.0,76.0,0
15.0,1182.0,217.0,243.0,7.0,965.0,70.0,1
3.0,985.0,148.0,104.0,3.0,1090.0,193.0,0
16.0,2875.0,58.0,76.0,4.0,1015.0,49.0,0
10.0,2771.0,80.0,288.0,6.0,930.0,110.0,1
8.0,142.0,16.0,85.0,5.0,1199.0,114.0,0
15.0,639.0,111.0,261.0,6.0,535.0,95.0,0
14.0,903.0,208.0,60.0,3.0,850.0,112.0,0
12.0,6865.0,187.0,79.0,4.0,906.0,140.0,0
4.0,1471.0,279.0,135.0,3.0,365.0,95.0,0
5.0,1259.0,221.0,16.0,7.0,875.0,123.0,1
14.0,1546.0,217.0,60.0,7.0,890.0,230.0,0
10.0,4060.0,208.0,61.0,6.0,1230.0,70.0,1
15.0,2995.0,202.0,264.0,6.0,645.0,85.0,1
13.0,285.0,134.0,253.0,3.0,740.0,367.0,0
15.0,1577.0,44.0,258.0,1.0,640.0,65.0,1
2.0,151.0,206.0,14.0,1.0,606.0,89.0,0
15.0,1381.0,172.0,75.0,3.0,945.0,95.0,1
14.0,1723.0,60.0,104.0,1.0,1100.0,122.0,0
12.0,6625.0,79.0,46.0,6.0,482.0,110.0,1
10.0,4592.0,197.0,159.0,4.0,810.0,165.0,0
10.0,3761.0,261.0,208.0,3.0,690.0,190.0,1
5.0,1186.0,147.0,16.0,3.0,772.0,78.0,0
11.0,6698.0,208.0,197.0,3.0,732.0,93.0,0
16.0,3056.0,135.0,288.0,4.0,795.0,88.0,0
10.0,4001.0,107.0,208.0,3.0,690.0,95.0,0
16.0,2309.0,16.0,135.0,7.0,410.0,127.0,0
7.0,191.0,79.0,76.0,4.0,645.0,155.0,0
3.0,270.0,44.0,153.0,7.0,975.0,65.0,0
13.0,147.0,208.0,22.0,6.0,1007.0,128.0,1
5.0,1023.0,16.0,267.0,7.0,821.0,92.0,0
6.0,7080.0,134.0,85.0,3.0,1325.0,95.0,0
3.0,1051.0,148.0,221.0,7.0,490.0,97.0,0
7.0,505.0,79.0,252.0,5.0,735.0,173.0,0
15.0,728.0,228.0,153.0,7.0,610.0,375.0,0
15.0,300.0,153.0,79.0,4.0,745.0,115.0,0
15.0,1141.0,155.0,75.0,1.0,580.0,65.0,1
0.0,3729.0,85.0,121.0,5.0,1170.0,104.0,0
1.0,1140.0,80.0,16.0,6.0,475.0,125.0,0
7.0,653.0,16.0,79.0,3.0,370.0,201.0,1
15.0,978.0,175.0,253.0,3.0,790.0,300.0,1
15.0,113.0,104.0,33.0,6.0,545.0,145.0,0
5.0,2285.0,22.0,16.0,3.0,926.0,165.0,0
13.0,679.0,208.0,243.0,3.0,956.0,269.0,1
3.0,1104.0,233.0,148.0,1.0,700.0,83.0,1
10.0,3676.0,183.0,61.0,7.0,685.0,160.0,0
16.0,2679.0,96.0,147.0,4.0,485.0,154.0,1
15.0,181.0,129.0,153.0,1.0,615.0,205.0,0
6.0,5511.0,16.0,116.0,7.0,1295.0,83.0,0
15.0,1708.0,146.0,129.0,6.0,1020.0,85.0,1
12.0,6955.0,208.0,184.0,3.0,1090.0,48.0,0
11.0,6267.0,85.0,221.0,6.0,828.0,66.0,0
12.0,6660.0,154.0,100.0,1.0,980.0,74.0,1
12.0,6549.0,253.0,248.0,6.0,1365.0,67.0,0
6.0,7127.0,134.0,132.0,1.0,1014.0,120.0,0
15.0,2832.0,134.0,175.0,6.0,900.0,125.0,1
0.0,4256.0,85.0,90.0,4.0,835.0,78.0,0
16.0,2006.0,120.0,96.0,1.0,363.0,89.0,1
1.0,1820.0,80.0,221.0,4.0,840.0,150.0,0
13.0,161.0,252.0,134.0,3.0,1402.0,291.0,1
12.0,6388.0,56.0,79.0,7.0,1167.0,129.0,0
1.0,1689.0,216.0,183.0,6.0,685.0,170.0,1
7.0,414.0,154.0,79.0,7.0,912.0,135.0,1
13.0,84.0,128.0,154.0,4.0,1299.0,332.0,0
15.0,1198.0,33.0,217.0,4.0,550.0,240.0,0
9.0,392.0,128.0,143.0,5.0,1141.0,51.0,0
15.0,1540.0,217.0,2.0,5.0,1225.0,65.0,1
14.0,1106.0,60.0,216.0,5.0,680.0,95.0,1
16.0,2479.0,135.0,84.0,5.0,865.0,128.0,1
12.0,6241.0,253.0,44.0,1.0,557.0,69.0,0
13.0,720.0,253.0,79.0,1.0,902.0,153.0,0
15.0,3072.0,243.0,217.0,6.0,1010.0,70.0,1
10.0,4540.0,61.0,159.0,4.0,795.0,105.0,1
15.0,1004.0,202.0,252.0,1.0,875.0,120.0,1
15.0,2887.0,264.0,79.0,3.0,1045.0,135.0,0
6.0,7302.0,132.0,177.0,1.0,1020.0,62.0,0
1.0,1123.0,80.0,217.0,7.0,435.0,165.0,0
14.0,650.0,253.0,216.0,5.0,510.0,315.0,0
15.0,160.0,262.0,207.0,6.0,835.0,75.0,0
0.0,3974.0,281.0,85.0,5.0,390.0,82.0,0
5.0,2783.0,16.0,18.0,1.0,833.0,155.0,1
1.0,1755.0,2.0,80.0,7.0,360.0,105.0,0
5.0,1214.0,198.0,16.0,5.0,1200.0,92.0,0
12.0,6277.0,252.0,111.0,4.0,1245.0,58.0,1
14.0,1856.0,173.0,60.0,3.0,525.0,96.0,0
17.0,2680.0,60.0,54.0,7.0,1195.0,63.0,0
6.0,5292.0,78.0,22.0,3.0,953.0,80.0,1
5.0,1135.0,233.0,16.0,4.0,1185.0,97.0,1
0.0,4176.0,197.0,82.0,3.0,1190.0,61.0,0
1.0,2404.0,154.0,80.0,1.0,655.0,185.0,0
5.0,2648.0,275.0,16.0,3.0,415.0,72.0,1
11.0,6602.0,78.0,147.0,5.0,503.0,128.0,0
15.0,307.0,253.0,154.0,1.0,975.0,75.0,1
14.0,1761.0,35.0,60.0,4.0,675.0,143.0,0
15.0,1072.0,2.0,75.0,1.0,1045.0,95.0,1
6.0,7128.0,134.0,42.0,4.0,1330.0,91.0,0
4.0,1589.0,135.0,243.0,3.0,890.0,210.0,1
15.0,944.0,202.0,207.0,4.0,360.0,75.0,0
14.0,7.0,252.0,217.0,6.0,685.0,167.0,0
13.0,380.0,198.0,134.0,5.0,1058.0,153.0,0
15.0,863.0,172.0,175.0,5.0,680.0,80.0,0
13.0,786.0,197.0,208.0,3.0,664.0,81.0,1
5.0,2142.0,16.0,96.0,7.0,980.0,136.0,0
13.0,117.0,208.0,252.0,3.0,1227.0,276.0,0
5.0,2721.0,197.0,154.0,6.0,690.0,240.0,1
15.0,1681.0,221.0,175.0,1.0,445.0,110.0,1
12.0,6280.0,208.0,27.0,4.0,1150.0,105.0,1
14.0,1019.0,228.0,60.0,5.0,385.0,143.0,0
12.0,6600.0,122.0,79.0,6.0,444.0,112.0,0
15.0,382.0,153.0,258.0,4.0,855.0,85.0,1
14.0,879.0,60.0,138.0,4.0,985.0,57.0,1
5.0,2318.0,173.0,16.0,3.0,810.0,96.0,1
14.0,1543.0,60.0,252.0,5.0,1085.0,352.0,1
17.0,1017.0,128.0,161.0,1.0,1040.0,37.0,0
5.0,1287.0,16.0,214.0,1.0,1000.0,324.0,0
10.0,3735.0,58.0,208.0,4.0,635.0,90.0,0
12.0,4540.0,196.0,261.0,1.0,703.0,82.0,1
5.0,141.0,148.0,183.0,1.0,898.0,199.0,0
1.0,1165.0,216.0,80.0,3.0,905.0,235.0,1
5.0,2999.0,197.0,217.0,7.0,1310.0,208.0,0
2.0,578.0,214.0,243.0,4.0,625.0,143.0,1
13.0,416.0,261.0,79.0,7.0,1004.0,90.0,1
14.0,1796.0,198.0,60.0,7.0,775.0,106.0,0
15.0,300.0,262.0,153.0,1.0,635.0,80.0,1
16.0,2643.0,96.0,16.0,3.0,809.0,157.0,0
13.0,28.0,154.0,148.0,3.0,980.0,320.0,0
12.0,6899.0,208.0,184.0,5.0,439.0,42.0,1
3.0,245.0,202.0,160.0,7.0,540.0,78.0,0
7.0,772.0,153.0,79.0,7.0,497.0,108.0,0
5.0,315.0,16.0,172.0,4.0,790.0,130.0,0
13.0,69.0,154.0,161.0,6.0,862.0,365.0,1
5.0,252.0,104.0,85.0,6.0,692.0,188.0,0
4.0,110.0,58.0,96.0,4.0,1015.0,103.0,1
14.0,149.0,217.0,61.0,5.0,599.0,226.0,0
12.0,6742.0,79.0,58.0,4.0,606.0,172.0,0
0.0,4028.0,233.0,85.0,5.0,568.0,117.0,1
12.0,4570.0,262.0,261.0,1.0,1092.0,99.0,0
15.0,687.0,153.0,258.0,4.0,1105.0,80.0,1
5.0,1899.0,16.0,33.0,1.0,910.0,67.0,0
16.0,3089.0,60.0,58.0,7.0,855.0,90.0,0
15.0,1173.0,153.0,217.0,4.0,805.0,70.0,1
2.0,667.0,258.0,214.0,1.0,1080.0,108.0,0
15.0,1264.0,153.0,79.0,4.0,560.0,115.0,1
6.0,7374.0,85.0,35.0,7.0,1180.0,118.0,1
8.0,23.0,175.0,16.0,5.0,620.0,111.0,1
16.0,2298.0,135.0,139.0,5.0,930.0,130.0,1
11.0,6260.0,197.0,71.0,6.0,685.0,116.0,0
14.0,1517.0,78.0,277.0,7.0,520.0,150.0,0
10.0,3301.0,80.0,254.0,6.0,1350.0,70.0,0
15.0,1117.0,129.0,175.0,4.0,590.0,145.0,1
15.0,1115.0,45.0,175.0,3.0,465.0,130.0,0
4.0,394.0,154.0,135.0,3.0,705.0,191.0,1
12.0,6499.0,154.0,258.0,1.0,551.0,71.0,1
15.0,245.0,45.0,217.0,1.0,440.0,320.0,1
14.0,457.0,221.0,217.0,6.0,440.0,294.0,1
6.0,5224.0,16.0,47.0,1.0,981.0,61.0,0
6.0,5518.0,16.0,285.0,7.0,840.0,57.0,1
10.0,4489.0,159.0,35.0,7.0,1190.0,65.0,0
5.0,1657.0,71.0,16.0,5.0,435.0,105.0,0
8.0,465.0,45.0,16.0,5.0,565.0,124.0,0
9.0,347.0,150.0,128.0,7.0,925.0,42.0,0
16.0,5975.0,84.0,208.0,3.0,510.0,81.0,0
15.0,1421.0,252.0,217.0,1.0,1080.0,170.0,0
5.0,1286.0,16.0,245.0,4.0,1053.0,65.0,0
14.0,493.0,217.0,79.0,7.0,1190.0,110.0,0
2.0,625.0,153.0,214.0,5.0,705.0,140.0,0
3.0,422.0,213.0,35.0,3.0,640.0,173.0,1
14.0,152.0,217.0,268.0,5.0,1185.0,171.0,0
15.0,694.0,175.0,216.0,7.0,970.0,125.0,0
5.0,2853.0,132.0,16.0,6.0,390.0,80.0,0
15.0,660.0,129.0,217.0,7.0,635.0,175.0,1
15.0,491.0,45.0,141.0,5.0,1235.0,60.0,1
1.0,430.0,80.0,268.0,1.0,430.0,90.0,1
5.0,2350.0,214.0,16.0,5.0,722.0,278.0,1
13.0,320.0,208.0,277.0,6.0,980.0,163.0,1
8.0,1743.0,173.0,221.0,7.0,669.0,133.0,0
5.0,1942.0,16.0,96.0,3.0,755.0,142.0,0
6.0,5436.0,188.0,177.0,1.0,1022.0,68.0,1
17.0,2860.0,103.0,217.0,7.0,966.0,64.0,0
16.0,2470.0,197.0,96.0,5.0,677.0,162.0,1
5.0,1814.0,154.0,71.0,4.0,665.0,250.0,0
11.0,6319.0,35.0,233.0,7.0,1125.0,149.0,0
5.0,1920.0,154.0,177.0,3.0,465.0,221.0,0
15.0,957.0,104.0,43.0,3.0,610.0,185.0,0
11.0,6332.0,58.0,71.0,4.0,440.0,76.0,0
8.0,726.0,80.0,184.0,5.0,360.0,135.0,0
10.0,3237.0,121.0,80.0,7.0,700.0,170.0,0
4.0,1758.0,135.0,78.0,4.0,1060.0,165.0,1
16.0,2048.0,135.0,80.0,3.0,895.0,68.0,1
15.0,479.0,214.0,217.0,5.0,665.0,150.0,1
15.0,703.0,75.0,279.0,5.0,385.0,60.0,0
2.0,454.0,252.0,154.0,7.0,360.0,150.0,0
0.0,4328.0,197.0,139.0,3.0,420.0,103.0,0
5.0,1329.0,85.0,183.0,4.0,840.0,180.0,1
4.0,1517.0,197.0,135.0,6.0,380.0,180.0,0
3.0,355.0,148.0,44.0,5.0,735.0,366.0,1
10.0,3542.0,58.0,80.0,4.0,400.0,185.0,0
15.0,2915.0,202.0,252.0,6.0,1175.0,125.0,0
4.0,394.0,154.0,135.0,7.0,660.0,189.0,1
5.0,1058.0,16.0,268.0,3.0,1155.0,113.0,1
15.0,2987.0,241.0,45.0,5.0,540.0,140.0,0
15.0,704.0,175.0,134.0,1.0,1030.0,105.0,1
4.0,1059.0,78.0,135.0,7.0,822.0,206.0,0
15.0,340.0,202.0,264.0,1.0,780.0,80.0,1
17.0,2602.0,245.0,60.0,1.0,420.0,72.0,0
9.0,240.0,161.0,128.0,7.0,1060.0,30.0,0
1.0,1033.0,183.0,208.0,6.0,965.0,210.0,1
8.0,1293.0,173.0,119.0,6.0,875.0,150.0,0
16.0,2816.0,96.0,228.0,4.0,925.0,59.0,0
10.0,2905.0,80.0,162.0,7.0,930.0,70.0,0
8.0,1078.0,173.0,130.0,5.0,650.0,152.0,0
12.0,6404.0,253.0,93.0,1.0,526.0,92.0,0
17.0,7250.0,54.0,208.0,4.0,1061.0,142.0,0
6.0,4941.0,16.0,138.0,6.0,1245.0,80.0,0
15.0,1252.0,173.0,244.0,1.0,920.0,185.0,1
12.0,7790.0,261.0,271.0,5.0,823.0,71.0,0
5.0,2951.0,197.0,29.0,4.0,1050.0,89.0,0
12.0,6942.0,65.0,79.0,3.0,744.0,40.0,0
4.0,198.0,79.0,135.0,4.0,360.0,143.0,0
16.0,2282.0,91.0,135.0,1.0,520.0,115.0,0
13.0,424.0,134.0,35.0,5.0,742.0,97.0,0
5.0,65.0,16.0,153.0,7.0,1150.0,280.0,1
15.0,2816.0,175.0,217.0,6.0,880.0,240.0,1
6.0,5423.0,288.0,16.0,5.0,701.0,82.0,0
15.0,1842.0,154.0,253.0,7.0,1300.0,75.0,1
10.0,4006.0,208.0,52.0,5.0,855.0,95.0,1
11.0,6629.0,119.0,85.0,4.0,350.0,61.0,1
6.0,7110.0,134.0,229.0,4.0,1020.0,92.0,1
15.0,1121.0,45.0,61.0,4.0,795.0,80.0,0
1.0,1914.0,80.0,147.0,4.0,850.0,130.0,0
15.0,1330.0,262.0,243.0,4.0,535.0,85.0,1
13.0,914.0,253.0,134.0,3.0,471.0,303.0,0
10.0,3314.0,109.0,80.0,6.0,375.0,165.0,0
15.0,290.0,162.0,175.0,6.0,630.0,100.0,1
13.0,456.0,197.0,79.0,5.0,525.0,141.0,0
1.0,1685.0,80.0,91.0,1.0,985.0,100.0,0
8.0,22.0,16.0,175.0,4.0,610.0,121.0,0
5.0,1979.0,27.0,16.0,7.0,405.0,69.0,0
14.0,679.0,268.0,217.0,1.0,430.0,227.0,0
12.0,6376.0,79.0,230.0,3.0,868.0,62.0,1
15.0,2612.0,104.0,175.0,6.0,740.0,195.0,1
15.0,1330.0,214.0,262.0,7.0,425.0,85.0,0
1.0,1930.0,183.0,35.0,6.0,935.0,190.0,0
12.0,6422.0,208.0,69.0,7.0,844.0,82.0,1
15.0,3915.0,129.0,33.0,1.0,450.0,105.0,0
5.0,61.0,148.0,16.0,7.0,1005.0,170.0,0
1.0,1517.0,244.0,80.0,5.0,820.0,70.0,0
15.0,348.0,153.0,182.0,5.0,845.0,290.0,0
15.0,431.0,182.0,217.0,5.0,775.0,360.0,1
16.0,3097.0,96.0,139.0,4.0,720.0,135.0,0
15.0,1753.0,45.0,147.0,3.0,510.0,130.0,1
12.0,3099.0,205.0,184.0,5.0,349.0,81.0,0
15.0,1116.0,202.0,264.0,4.0,1215.0,80.0,1
5.0,2572.0,268.0,85.0,1.0,538.0,92.0,1
8.0,55.0,16.0,154.0,3.0,535.0,320.0,0
15.0,2450.0,264.0,253.0,7.0,935.0,80.0,1
15.0,2037.0,175.0,85.0,6.0,810.0,75.0,1
15.0,1334.0,262.0,217.0,3.0,725.0,105.0,1
8.0,14.0,260.0,173.0,6.0,964.0,195.0,0
5.0,1744.0,85.0,78.0,1.0,625.0,92.0,1
4.0,1623.0,135.0,198.0,7.0,518.0,62.0,0
15.0,888.0,44.0,202.0,3.0,435.0,75.0,0
14.0,1433.0,35.0,60.0,3.0,375.0,152.0,0
14.0,1471.0,208.0,60.0,1.0,970.0,111.0,1
13.0,696.0,208.0,159.0,4.0,1145.0,136.0,0
12.0,6838.0,246.0,253.0,1.0,1080.0,80.0,0
12.0,4830.0,196.0,261.0,1.0,785.0,82.0,0
1.0,616.0,80.0,85.0,3.0,535.0,150.0,1
12.0,6376.0,253.0,179.0,6.0,989.0,97.0,0
14.0,981.0,216.0,79.0,4.0,470.0,264.0,0
17.0,7212.0,238.0,134.0,5.0,1197.0,72.0,0
15.0,628.0,27.0,153.0,3.0,970.0,255.0,1
9.0,506.0,128.0,203.0,4.0,860.0,39.0,1
3.0,706.0,260.0,148.0,1.0,752.0,241.0,0
7.0,371.0,35.0,184.0,6.0,703.0,165.0,1
2.0,859.0,252.0,128.0,4.0,1030.0,373.0,1
5.0,2975.0,209.0,16.0,4.0,729.0,120.0,0
10.0,3218.0,146.0,80.0,6.0,580.0,95.0,0
1.0,356.0,208.0,159.0,3.0,995.0,130.0,1
10.0,4015.0,147.0,208.0,5.0,365.0,160.0,0
11.0,6617.0,85.0,19.0,7.0,620.0,103.0,0
16.0,2936.0,135.0,10.0,1.0,942.0,56.0,1
13.0,551.0,208.0,153.0,1.0,715.0,249.0,0
0.0,4235.0,148.0,60.0,1.0,885.0,147.0,1
4.0,1695.0,135.0,154.0,5.0,780.0,222.0,1
5.0,1073.0,197.0,214.0,3.0,705.0,231.0,1
3.0,644.0,253.0,148.0,5.0,675.0,321.0,1
15.0,2788.0,202.0,154.0,4.0,1140.0,75.0,1
8.0,491.0,45.0,173.0,1.0,520.0,146.0,0
5.0,1693.0,264.0,16.0,7.0,810.0,259.0,0
6.0,5324.0,16.0,47.0,4.0,740.0,57.0,0
1.0,1925.0,279.0,80.0,6.0,945.0,70.0,0
1.0,686.0,80.0,96.0,3.0,1135.0,195.0,1
13.0,422.0,28.0,79.0,3.0,451.0,94.0,0
9.0,360.0,128.0,143.0,3.0,1036.0,51.0,0
12.0,6239.0,208.0,117.0,3.0,1021.0,53.0,1
14.0,1829.0,35.0,216.0,3.0,1170.0,95.0,0
13.0,609.0,208.0,253.0,6.0,729.0,294.0,1
12.0,4592.0,122.0,261.0,7.0,1025.0,85.0,0
11.0,6445.0,85.0,17.0,5.0,920.0,87.0,0
10.0,3251.0,80.0,256.0,6.0,1345.0,50.0,0
12.0,4628.0,135.0,261.0,3.0,1115.0,194.0,0
15.0,909.0,45.0,251.0,7.0,595.0,115.0,0
5.0,1023.0,76.0,16.0,7.0,657.0,105.0,0
7.0,558.0,243.0,79.0,4.0,660.0,133.0,0
4.0,1687.0,173.0,135.0,4.0,1075.0,152.0,0
14.0,1247.0,213.0,216.0,5.0,830.0,157.0,0
9.0,353.0,128.0,161.0,4.0,875.0,38.0,1
6.0,7347.0,136.0,16.0,6.0,783.0,124.0,0
1.0,1280.0,258.0,80.0,5.0,380.0,215.0,0
16.0,2095.0,221.0,135.0,1.0,362.0,206.0,0
5.0,1064.0,16.0,186.0,3.0,1250.0,92.0,0
15.0,2643.0,262.0,154.0,3.0,360.0,80.0,1
6.0,5446.0,288.0,16.0,7.0,615.0,74.0,0
5.0,1397.0,35.0,159.0,3.0,1110.0,78.0,0
13.0,219.0,134.0,253.0,1.0,887.0,368.0,0
14.0,1712.0,16.0,60.0,3.0,645.0,76.0,0
8.0,1156.0,241.0,139.0,6.0,985.0,150.0,1
15.0,35.0,75.0,129.0,5.0,900.0,65.0,1
0.0,4044.0,85.0,174.0,5.0,840.0,92.0,1
12.0,6475.0,292.0,154.0,5.0,1130.0,77.0,0
17.0,1015.0,150.0,128.0,1.0,765.0,40.0,0
15.0,1803.0,35.0,175.0,6.0,575.0,170.0,0
13.0,990.0,208.0,134.0,3.0,1096.0,109.0,0
12.0,6944.0,85.0,208.0,6.0,834.0,77.0,0
11.0,6334.0,78.0,71.0,6.0,375.0,106.0,0
4.0,800.0,104.0,96.0,3.0,870.0,183.0,1
13.0,726.0,202.0,79.0,1.0,885.0,149.0,0
5.0,1911.0,134.0,16.0,6.0,875.0,119.0,0
14.0,2170.0,78.0,159.0,3.0,720.0,70.0,0
14.0,801.0,60.0,173.0,4.0,470.0,97.0,0
14.0,90.0,96.0,217.0,4.0,610.0,329.0,0
16.0,5992.0,208.0,273.0,3.0,530.0,100.0,0
5.0,2632.0,264.0,261.0,4.0,405.0,132.0,0
3.0,418.0,213.0,35.0,7.0,420.0,172.0,0
12.0,4443.0,71.0,184.0,7.0,1235.0,75.0,1
15.0,157.0,33.0,277.0,3.0,1105.0,105.0,1
16.0,2954.0,135.0,190.0,3.0,1125.0,80.0,1
12.0,4859.0,290.0,197.0,4.0,1100.0,104.0,0
5.0,1793.0,148.0,85.0,1.0,855.0,138.0,1
4.0,1890.0,264.0,135.0,7.0,525.0,185.0,0
10.0,3239.0,61.0,80.0,7.0,560.0,185.0,0
12.0,6858.0,208.0,251.0,7.0,970.0,70.0,1
12.0,7804.0,261.0,282.0,5.0,1310.0,64.0,0
15.0,1027.0,198.0,277.0,1.0,800.0,85.0,1
6.0,5104.0,16.0,32.0,6.0,645.0,104.0,0
14.0,20.0,217.0,128.0,3.0,715.0,403.0,0
10.0,4674.0,159.0,58.0,4.0,1100.0,105.0,1
8.0,641.0,184.0,45.0,6.0,1135.0,114.0,0
8.0,783.0,215.0,159.0,7.0,480.0,80.0,1
15.0,998.0,202.0,175.0,5.0,585.0,245.0,0
12.0,6442.0,227.0,154.0,1.0,555.0,47.0,1
5.0,2569.0,16.0,173.0,4.0,1290.0,88.0,1
5.0,2299.0,16.0,85.0,3.0,1000.0,125.0,1
8.0,132.0,277.0,16.0,1.0,380.0,95.0,0
5.0,1255.0,209.0,16.0,5.0,1134.0,121.0,0
10.0,2784.0,80.0,284.0,6.0,585.0,45.0,1
17.0,1019.0,203.0,128.0,5.0,1135.0,32.0,0
2.0,673.0,79.0,252.0,3.0,1055.0,177.0,0
12.0,6673.0,194.0,253.0,1.0,561.0,44.0,1
15.0,785.0,27.0,75.0,5.0,460.0,115.0,0
6.0,4955.0,190.0,16.0,7.0,640.0,74.0,1
1.0,1038.0,80.0,197.0,1.0,445.0,140.0,1
15.0,397.0,139.0,153.0,4.0,1055.0,255.0,0
4.0,783.0,35.0,135.0,5.0,610.0,260.0,0
10.0,2932.0,41.0,80.0,5.0,1060.0,90.0,0
15.0,1128.0,18.0,91.0,3.0,1235.0,100.0,1
17.0,2694.0,217.0,18.0,5.0,965.0,132.0,0
6.0,7096.0,134.0,35.0,7.0,880.0,89.0,1
10.0,4687.0,233.0,148.0,1.0,700.0,90.0,0
12.0,6381.0,208.0,80.0,4.0,1060.0,151.0,1
15.0,257.0,175.0,104.0,1.0,545.0,185.0,1
1.0,1534.0,79.0,80.0,3.0,515.0,120.0,0
5.0,1573.0,159.0,177.0,7.0,675.0,181.0,1
14.0,1794.0,153.0,60.0,7.0,1385.0,238.0,0
14.0,2133.0,35.0,159.0,1.0,900.0,76.0,0
14.0,250.0,217.0,216.0,4.0,595.0,278.0,1
10.0,4301.0,208.0,204.0,5.0,740.0,135.0,0
3.0,742.0,260.0,173.0,3.0,361.0,184.0,0
15.0,3403.0,2.0,45.0,4.0,510.0,220.0,0
11.0,6264.0,22.0,71.0,1.0,345.0,133.0,0
9.0,388.0,128.0,150.0,7.0,1015.0,43.0,0
16.0,2677.0,135.0,2.0,4.0,1280.0,130.0,0
12.0,6870.0,127.0,79.0,3.0,453.0,113.0,0
17.0,2903.0,246.0,217.0,7.0,385.0,91.0,0
16.0,3067.0,228.0,96.0,6.0,386.0,62.0,0
0.0,4327.0,106.0,197.0,6.0,410.0,105.0,0
15.0,1159.0,261.0,202.0,5.0,1205.0,125.0,1
14.0,2131.0,35.0,159.0,7.0,840.0,77.0,0
15.0,1055.0,198.0,173.0,7.0,535.0,100.0,1
10.0,4437.0,159.0,61.0,5.0,480.0,120.0,0
15.0,3920.0,58.0,268.0,3.0,550.0,110.0,1
1.0,1712.0,207.0,80.0,7.0,695.0,170.0,1
10.0,3306.0,47.0,80.0,4.0,670.0,180.0,0
13.0,892.0,253.0,35.0,7.0,808.0,340.0,1
13.0,531.0,208.0,154.0,1.0,621.0,275.0,0
5.0,2095.0,147.0,16.0,7.0,1165.0,82.0,0
1.0,1069.0,80.0,79.0,7.0,1300.0,120.0,0
17.0,2818.0,100.0,217.0,7.0,975.0,99.0,0
12.0,6862.0,171.0,208.0,3.0,1213.0,72.0,0
1.0,1023.0,260.0,80.0,6.0,1150.0,310.0,0
17.0,1037.0,128.0,161.0,5.0,830.0,37.0,0
12.0,7027.0,65.0,79.0,3.0,672.0,40.0,0
14.0,239.0,217.0,85.0,3.0,1180.0,220.0,0
15.0,729.0,217.0,153.0,3.0,415.0,65.0,0
10.0,3877.0,216.0,208.0,7.0,635.0,145.0,0
10.0,3920.0,109.0,208.0,4.0,705.0,60.0,0
1.0,699.0,251.0,80.0,7.0,1170.0,140.0,0
8.0,161.0,16.0,260.0,3.0,555.0,209.0,0
6.0,5521.0,16.0,10.0,1.0,810.0,104.0,1
3.0,463.0,35.0,241.0,4.0,990.0,216.0,1
13.0,102.0,208.0,147.0,5.0,1155.0,144.0,0
5.0,2151.0,16.0,147.0,4.0,570.0,74.0,0
5.0,2538.0,16.0,78.0,7.0,620.0,110.0,1
15.0,1489.0,213.0,277.0,7.0,945.0,55.0,0
5.0,1909.0,16.0,74.0,4.0,580.0,92.0,1
13.0,368.0,198.0,134.0,6.0,470.0,145.0,0
10.0,3315.0,80.0,146.0,7.0,400.0,80.0,0
10.0,3776.0,198.0,208.0,1.0,450.0,145.0,0
2.0,658.0,214.0,258.0,5.0,380.0,108.0,0
1.0,1858.0,91.0,80.0,7.0,1070.0,100.0,0
15.0,575.0,262.0,243.0,6.0,955.0,85.0,1
14.0,1019.0,60.0,183.0,1.0,600.0,131.0,0
2.0,326.0,252.0,258.0,7.0,775.0,127.0,0
7.0,419.0,79.0,154.0,7.0,1275.0,149.0,0
13.0,118.0,154.0,253.0,6.0,930.0,88.0,0
5.0,1916.0,79.0,16.0,1.0,790.0,174.0,1
15.0,1363.0,141.0,173.0,7.0,805.0,170.0,1
1.0,1257.0,78.0,183.0,7.0,1200.0,165.0,0
15.0,317.0,198.0,173.0,5.0,1140.0,95.0,0
1.0,1545.0,80.0,280.0,5.0,935.0,145.0,1
1.0,1183.0,134.0,80.0,3.0,1175.0,205.0,0
10.0,4296.0,45.0,148.0,7.0,855.0,80.0,0
10.0,3825.0,261.0,208.0,6.0,430.0,200.0,0
15.0,1752.0,91.0,75.0,5.0,830.0,90.0,0
10.0,4663.0,16.0,159.0,7.0,1210.0,125.0,1
1.0,421.0,80.0,18.0,5.0,525.0,60.0,1
1.0,456.0,18.0,80.0,7.0,875.0,65.0,0
15.0,2992.0,205.0,268.0,7.0,750.0,70.0,1
12.0,7023.0,6.0,253.0,4.0,958.0,74.0,1
15.0,485.0,268.0,173.0,6.0,1050.0,135.0,0
1.0,460.0,135.0,80.0,7.0,440.0,75.0,0
15.0,1671.0,12.0,175.0,3.0,985.0,145.0,1
13.0,778.0,134.0,173.0,5.0,739.0,147.0,0
3.0,1416.0,253.0,160.0,1.0,570.0,82.0,1
13.0,661.0,159.0,208.0,1.0,540.0,165.0,0
0.0,3805.0,177.0,244.0,4.0,555.0,129.0,0
2.0,689.0,258.0,214.0,6.0,640.0,110.0,0
6.0,5418.0,11.0,16.0,4.0,1077.0,68.0,1
15.0,998.0,45.0,233.0,5.0,1185.0,65.0,0
1.0,851.0,208.0,197.0,3.0,560.0,90.0,1
9.0,108.0,128.0,150.0,4.0,302.0,41.0,0
1.0,2066.0,80.0,244.0,3.0,1190.0,65.0,0
9.0,336.0,128.0,203.0,6.0,805.0,39.0,0
15.0,277.0,154.0,172.0,5.0,435.0,190.0,0
15.0,2290.0,153.0,79.0,5.0,1220.0,110.0,1
15.0,1062.0,277.0,251.0,3.0,905.0,130.0,1
9.0,544.0,128.0,203.0,5.0,966.0,37.0,0
8.0,190.0,16.0,78.0,4.0,1270.0,101.0,0
12.0,3046.0,221.0,184.0,4.0,645.0,91.0,0
0.0,3981.0,71.0,197.0,3.0,800.0,130.0,1
13.0,336.0,79.0,84.0,4.0,1057.0,99.0,0
15.0,987.0,175.0,79.0,5.0,595.0,165.0,0
5.0,2995.0,33.0,16.0,6.0,330.0,67.0,0
14.0,57.0,153.0,217.0,3.0,390.0,74.0,0
4.0,733.0,159.0,135.0,4.0,449.0,240.0,1
15.0,1328.0,207.0,262.0,3.0,1235.0,80.0,1
4.0,1488.0,135.0,85.0,7.0,1155.0,165.0,0
15.0,856.0,129.0,79.0,3.0,850.0,150.0,1
15.0,682.0,217.0,279.0,3.0,625.0,140.0,1
14.0,1789.0,60.0,153.0,1.0,680.0,292.0,1
15.0,1127.0,268.0,197.0,4.0,590.0,95.0,1
5.0,17.0,16.0,154.0,6.0,1136.0,303.0,0
8.0,1098.0,173.0,139.0,3.0,1060.0,140.0,1
1.0,1349.0,80.0,100.0,3.0,1210.0,215.0,0
15.0,2891.0,175.0,134.0,5.0,360.0,105.0,0
13.0,91.0,96.0,253.0,5.0,383.0,393.0,0
12.0,6940.0,208.0,139.0,4.0,585.0,54.0,0
2.0,344.0,252.0,202.0,5.0,850.0,123.0,0
15.0,114.0,233.0,175.0,1.0,765.0,125.0,0
6.0,5493.0,177.0,188.0,7.0,1180.0,68.0,0
15.0,196.0,79.0,268.0,5.0,925.0,120.0,0
8.0,101.0,16.0,80.0,3.0,635.0,151.0,1
1.0,269.0,148.0,252.0,6.0,1125.0,385.0,0
15.0,237.0,261.0,45.0,1.0,740.0,245.0,0
5.0,629.0,78.0,85.0,3.0,760.0,95.0,1
11.0,6476.0,148.0,197.0,5.0,680.0,200.0,0
14.0,1602.0,60.0,233.0,6.0,1189.0,48.0,1
6.0,7350.0,177.0,204.0,6.0,1165.0,90.0,0
15.0,1621.0,154.0,2.0,6.0,955.0,105.0,0
10.0,4454.0,78.0,148.0,5.0,1080.0,80.0,0
14.0,702.0,217.0,216.0,7.0,705.0,265.0,0
15.0,2106.0,175.0,173.0,6.0,465.0,160.0,0
5.0,1938.0,16.0,78.0,3.0,980.0,106.0,0
0.0,4194.0,197.0,32.0,4.0,1025.0,95.0,1
6.0,5377.0,187.0,16.0,3.0,735.0,116.0,1
0.0,3808.0,85.0,76.0,7.0,615.0,60.0,0
13.0,851.0,221.0,208.0,4.0,582.0,98.0,0
10.0,2812.0,80.0,165.0,7.0,995.0,85.0,0
6.0,5019.0,70.0,16.0,4.0,668.0,49.0,0
15.0,1587.0,75.0,244.0,4.0,500.0,65.0,0
13.0,356.0,252.0,79.0,5.0,863.0,157.0,0
12.0,6262.0,79.0,164.0,3.0,960.0,78.0,0
14.0,1464.0,60.0,208.0,6.0,1080.0,124.0,1
1.0,1623.0,173.0,80.0,3.0,995.0,180.0,0
15.0,1118.0,33.0,129.0,1.0,885.0,135.0,1
10.0,3078.0,194.0,154.0,3.0,695.0,65.0,0
16.0,2542.0,58.0,182.0,7.0,740.0,90.0,0
1.0,1672.0,80.0,183.0,3.0,1110.0,155.0,1
10.0,3650.0,285.0,183.0,6.0,360.0,135.0,0
5.0,2169.0,16.0,173.0,1.0,660.0,94.0,0
3.0,76.0,213.0,148.0,5.0,768.0,160.0,0
5.0,2862.0,154.0,148.0,7.0,1410.0,315.0,1
3.0,681.0,35.0,78.0,6.0,580.0,101.0,1
0.0,4250.0,139.0,148.0,4.0,750.0,145.0,0
14.0,1057.0,22.0,60.0,7.0,885.0,136.0,0
14.0,1047.0,60.0,172.0,6.0,1188.0,151.0,1
10.0,3245.0,80.0,157.0,6.0,535.0,125.0,1
4.0,1174.0,208.0,96.0,7.0,1105.0,132.0,1
10.0,3016.0,243.0,154.0,4.0,475.0,40.0,0
6.0,5436.0,188.0,177.0,6.0,1022.0,68.0,0
15.0,525.0,18.0,75.0,5.0,900.0,55.0,1
15.0,945.0,216.0,233.0,4.0,675.0,80.0,1
8.0,684.0,136.0,16.0,7.0,378.0,132.0,0
15.0,3320.0,198.0,33.0,7.0,1035.0,85.0,1
15.0,1221.0,104.0,228.0,1.0,700.0,180.0,1
5.0,30.0,197.0,148.0,6.0,615.0,164.0,0
2.0,689.0,258.0,214.0,3.0,640.0,110.0,0
4.0,1059.0,78.0,135.0,1.0,835.0,206.0,0
12.0,3110.0,184.0,48.0,3.0,475.0,78.0,0
7.0,226.0,262.0,79.0,3.0,660.0,134.0,1
5.0,2110.0,16.0,61.0,1.0,1035.0,94.0,0
1.0,2166.0,80.0,35.0,5.0,855.0,210.0,1
8.0,106.0,80.0,16.0,3.0,766.0,116.0,0
16.0,2520.0,135.0,71.0,4.0,655.0,136.0,0
12.0,7006.0,214.0,154.0,1.0,453.0,138.0,0
5.0,2203.0,16.0,153.0,1.0,505.0,282.0,1
5.0,2543.0,16.0,267.0,3.0,1015.0,94.0,1
13.0,890.0,154.0,148.0,6.0,830.0,333.0,1
15.0,2980.0,217.0,233.0,7.0,660.0,235.0,0
1.0,607.0,208.0,154.0,3.0,1215.0,275.0,1
15.0,425.0,35.0,175.0,1.0,360.0,175.0,0
5.0,1065.0,214.0,261.0,5.0,995.0,105.0,1
1.0,2274.0,80.0,279.0,3.0,1045.0,60.0,0
5.0,130.0,241.0,16.0,1.0,750.0,109.0,0
3.0,1757.0,104.0,260.0,4.0,530.0,146.0,1
15.0,1737.0,45.0,12.0,6.0,695.0,70.0,0
5.0,1865.0,16.0,241.0,3.0,575.0,115.0,1
11.0,6706.0,85.0,234.0,6.0,625.0,101.0,0
12.0,6499.0,258.0,154.0,3.0,652.0,79.0,0
7.0,371.0,79.0,154.0,4.0,1000.0,142.0,1
1.0,721.0,159.0,80.0,7.0,555.0,260.0,0
0.0,3995.0,117.0,197.0,1.0,400.0,75.0,0
12.0,6946.0,65.0,79.0,6.0,450.0,50.0,0
0.0,3835.0,159.0,245.0,4.0,540.0,165.0,0
10.0,4012.0,208.0,177.0,5.0,580.0,110.0,0
5.0,2711.0,16.0,80.0,4.0,440.0,150.0,0
13.0,115.0,208.0,197.0,4.0,739.0,93.0,0
5.0,87.0,148.0,277.0,7.0,1100.0,197.0,1
4.0,1592.0,96.0,173.0,6.0,510.0,170.0,1
13.0,491.0,79.0,217.0,4.0,492.0,129.0,0
10.0,4378.0,33.0,159.0,7.0,785.0,130.0,0
13.0,123.0,208.0,154.0,7.0,934.0,281.0,0
15.0,2797.0,153.0,44.0,6.0,530.0,65.0,0
15.0,961.0,217.0,207.0,1.0,590.0,75.0,1
4.0,193.0,173.0,96.0,6.0,385.0,148.0,0
16.0,3057.0,288.0,135.0,1.0,908.0,109.0,0
8.0,110.0,80.0,16.0,1.0,1027.0,125.0,1
14.0,567.0,154.0,217.0,5.0,390.0,80.0,0
15.0,1763.0,216.0,233.0,1.0,845.0,80.0,0
14.0,639.0,208.0,217.0,7.0,1020.0,233.0,0
15.0,111.0,244.0,75.0,6.0,745.0,60.0,0
1.0,476.0,183.0,173.0,4.0,810.0,60.0,0
15.0,996.0,153.0,129.0,5.0,680.0,180.0,1
6.0,5251.0,16.0,118.0,6.0,1170.0,150.0,0
2.0,66.0,50.0,291.0,7.0,1018.0,52.0,0
10.0,4198.0,208.0,58.0,4.0,620.0,80.0,0
12.0,7766.0,261.0,220.0,7.0,1015.0,64.0,0
5.0,1222.0,236.0,261.0,7.0,795.0,83.0,0
14.0,1788.0,60.0,208.0,6.0,1345.0,119.0,1
11.0,6645.0,85.0,157.0,4.0,825.0,79.0,0
1.0,553.0,241.0,80.0,3.0,1145.0,175.0,0
10.0,3605.0,183.0,71.0,7.0,450.0,160.0,0
1.0,1575.0,80.0,253.0,3.0,1285.0,235.0,0
12.0,6345.0,224.0,253.0,5.0,360.0,125.0,0
2.0,152.0,206.0,211.0,4.0,804.0,44.0,0
12.0,6583.0,79.0,65.0,6.0,489.0,31.0,0
10.0,4179.0,193.0,208.0,1.0,585.0,85.0,0
15.0,1421.0,252.0,217.0,6.0,1080.0,170.0,0
14.0,2178.0,78.0,159.0,1.0,960.0,76.0,0
16.0,2458.0,33.0,135.0,1.0,695.0,129.0,0
12.0,4460.0,261.0,46.0,1.0,585.0,80.0,0
1.0,1617.0,78.0,80.0,7.0,1016.0,215.0,1
12.0,6953.0,34.0,208.0,5.0,944.0,198.0,1
7.0,766.0,153.0,79.0,4.0,420.0,110.0,0
5.0,1728.0,153.0,148.0,3.0,1010.0,293.0,0
2.0,731.0,135.0,252.0,3.0,1105.0,285.0,0
13.0,262.0,252.0,134.0,6.0,1392.0,291.0,0
1.0,877.0,78.0,80.0,4.0,500.0,210.0,0
11.0,6467.0,35.0,148.0,1.0,720.0,83.0,0
15.0,998.0,202.0,175.0,1.0,585.0,245.0,1
4.0,576.0,96.0,241.0,6.0,1000.0,185.0,0
6.0,5359.0,69.0,16.0,4.0,830.0,95.0,0
1.0,1304.0,279.0,80.0,5.0,1030.0,70.0,1
1.0,592.0,65.0,80.0,4.0,460.0,115.0,0
6.0,7087.0,71.0,134.0,6.0,867.0,98.0,1
12.0,4612.0,261.0,2.0,7.0,656.0,102.0,1
0.0,3994.0,197.0,240.0,5.0,860.0,50.0,0
15.0,45.0,268.0,75.0,4.0,920.0,105.0,1
10.0,2745.0,80.0,121.0,1.0,660.0,125.0,0
0.0,3866.0,279.0,177.0,7.0,735.0,81.0,0
0.0,3814.0,197.0,58.0,1.0,800.0,117.0,0
1.0,1247.0,208.0,154.0,3.0,690.0,265.0,1
6.0,5339.0,16.0,41.0,4.0,555.0,100.0,0
6.0,5580.0,268.0,78.0,1.0,420.0,123.0,0
6.0,5477.0,177.0,146.0,4.0,1170.0,58.0,1
3.0,644.0,253.0,148.0,1.0,675.0,321.0,1
15.0,940.0,33.0,175.0,1.0,510.0,90.0,1
12.0,6604.0,261.0,79.0,7.0,447.0,98.0,0
5.0,1621.0,85.0,277.0,1.0,824.0,167.0,1
13.0,849.0,216.0,154.0,3.0,1105.0,375.0,1
6.0,5448.0,180.0,16.0,3.0,789.0,76.0,0
15.0,10.0,129.0,75.0,3.0,510.0,55.0,0
15.0,214.0,79.0,153.0,4.0,530.0,120.0,1
4.0,1157.0,96.0,208.0,3.0,435.0,163.0,0
5.0,1750.0,153.0,197.0,3.0,683.0,197.0,1
4.0,551.0,233.0,135.0,3.0,1035.0,187.0,0
15.0,1217.0,277.0,45.0,5.0,1100.0,130.0,1
12.0,4679.0,46.0,261.0,4.0,790.0,71.0,0
15.0,2102.0,153.0,258.0,7.0,385.0,85.0,0
16.0,2319.0,96.0,182.0,5.0,860.0,69.0,0
14.0,374.0,60.0,148.0,3.0,785.0,119.0,1
7.0,466.0,184.0,219.0,1.0,458.0,165.0,0
1.0,2202.0,260.0,183.0,7.0,1055.0,175.0,0
15.0,39.0,87.0,173.0,7.0,1160.0,65.0,0
3.0,1278.0,234.0,35.0,7.0,402.0,93.0,0
17.0,2608.0,60.0,33.0,5.0,595.0,96.0,1
12.0,7004.0,253.0,248.0,1.0,463.0,65.0,0
13.0,837.0,80.0,253.0,7.0,390.0,241.0,0
12.0,6441.0,79.0,76.0,3.0,665.0,159.0,0
15.0,1684.0,79.0,214.0,4.0,705.0,175.0,0
2.0,538.0,252.0,207.0,1.0,835.0,154.0,1
15.0,1279.0,45.0,22.0,5.0,815.0,65.0,0
8.0,564.0,16.0,32.0,5.0,1325.0,109.0,0
15.0,11.0,243.0,202.0,5.0,940.0,90.0,1
15.0,863.0,204.0,172.0,1.0,585.0,70.0,1
8.0,810.0,35.0,45.0,1.0,990.0,85.0,0
12.0,6256.0,99.0,208.0,4.0,808.0,112.0,1
10.0,3265.0,129.0,80.0,4.0,360.0,70.0,0
4.0,542.0,135.0,261.0,3.0,580.0,196.0,0
5.0,2117.0,16.0,79.0,5.0,1185.0,212.0,0
14.0,943.0,209.0,60.0,6.0,420.0,85.0,0
4.0,167.0,135.0,252.0,1.0,465.0,295.0,1
14.0,578.0,253.0,217.0,3.0,360.0,111.0,0
4.0,1688.0,135.0,85.0,7.0,965.0,165.0,1
15.0,2710.0,233.0,268.0,1.0,1060.0,140.0,1
2.0,562.0,214.0,154.0,3.0,590.0,137.0,0
5.0,1981.0,197.0,177.0,4.0,390.0,125.0,0
6.0,5010.0,201.0,16.0,3.0,1111.0,102.0,0
12.0,6339.0,154.0,243.0,6.0,1040.0,47.0,0
8.0,1181.0,173.0,43.0,5.0,778.0,153.0,1
6.0,5011.0,85.0,52.0,7.0,520.0,110.0,0
6.0,4982.0,118.0,16.0,4.0,724.0,134.0,1
7.0,630.0,79.0,195.0,7.0,942.0,119.0,0
8.0,1624.0,173.0,216.0,1.0,600.0,133.0,0
3.0,1421.0,214.0,160.0,5.0,450.0,135.0,0
0.0,4380.0,229.0,85.0,7.0,983.0,135.0,0
13.0,70.0,79.0,134.0,7.0,1167.0,198.0,0
13.0,316.0,79.0,134.0,1.0,764.0,195.0,0
15.0,653.0,33.0,216.0,4.0,900.0,120.0,0
15.0,867.0,153.0,170.0,3.0,855.0,125.0,1
2.0,627.0,153.0,31.0,5.0,825.0,164.0,0
12.0,4623.0,261.0,204.0,1.0,827.0,135.0,0
5.0,2009.0,184.0,197.0,6.0,901.0,76.0,0
1.0,1247.0,208.0,154.0,7.0,680.0,265.0,0
15.0,2640.0,214.0,34.0,4.0,705.0,65.0,0
14.0,1051.0,159.0,60.0,6.0,680.0,124.0,0
15.0,2092.0,268.0,79.0,4.0,685.0,150.0,1
13.0,756.0,79.0,135.0,1.0,650.0,148.0,1
6.0,5371.0,16.0,254.0,7.0,825.0,117.0,0
5.0,114.0,197.0,16.0,7.0,690.0,154.0,0
10.0,4179.0,193.0,208.0,7.0,585.0,85.0,0
1.0,1290.0,270.0,183.0,3.0,1050.0,185.0,1
2.0,457.0,154.0,252.0,7.0,1050.0,165.0,0
16.0,2280.0,135.0,223.0,7.0,1165.0,86.0,0
8.0,1492.0,173.0,61.0,5.0,709.0,130.0,0
12.0,4751.0,34.0,261.0,4.0,1175.0,73.0,0
10.0,3524.0,58.0,80.0,1.0,960.0,185.0,1
5.0,2783.0,22.0,16.0,1.0,632.0,156.0,1
5.0,1293.0,223.0,16.0,4.0,790.0,75.0,0
1.0,1663.0,277.0,183.0,6.0,825.0,65.0,0
15.0,20.0,45.0,129.0,1.0,465.0,225.0,1
17.0,7245.0,228.0,134.0,4.0,865.0,104.0,0
16.0,2964.0,135.0,80.0,7.0,690.0,64.0,0
15.0,1483.0,217.0,44.0,6.0,500.0,90.0,0
16.0,2000.0,135.0,261.0,1.0,685.0,203.0,1
1.0,2229.0,183.0,80.0,5.0,500.0,200.0,0
14.0,1894.0,213.0,216.0,1.0,470.0,156.0,0
7.0,414.0,154.0,79.0,6.0,912.0,135.0,1
0.0,3757.0,25.0,85.0,6.0,360.0,103.0,0
15.0,2441.0,45.0,173.0,4.0,450.0,145.0,0
14.0,55.0,216.0,208.0,3.0,1235.0,138.0,0
6.0,7111.0,148.0,134.0,4.0,611.0,81.0,0
10.0,3135.0,258.0,154.0,3.0,1195.0,75.0,0
0.0,4149.0,43.0,148.0,3.0,822.0,102.0,1
1.0,419.0,35.0,80.0,4.0,385.0,270.0,0
5.0,1998.0,16.0,197.0,3.0,810.0,162.0,0
16.0,2642.0,135.0,204.0,3.0,545.0,81.0,0
14.0,79.0,217.0,252.0,1.0,510.0,183.0,0
13.0,381.0,208.0,262.0,5.0,587.0,280.0,0
15.0,1233.0,173.0,45.0,6.0,1020.0,125.0,0
15.0,3247.0,154.0,258.0,4.0,1160.0,65.0,1
10.0,4061.0,208.0,254.0,1.0,1080.0,100.0,1
11.0,6360.0,174.0,85.0,5.0,370.0,107.0,0
17.0,2845.0,217.0,292.0,7.0,670.0,59.0,0
15.0,517.0,85.0,217.0,4.0,855.0,280.0,1
15.0,1687.0,268.0,79.0,3.0,365.0,150.0,1
16.0,2280.0,135.0,223.0,4.0,1165.0,86.0,1
12.0,6970.0,253.0,262.0,7.0,959.0,44.0,1
14.0,1023.0,216.0,277.0,6.0,590.0,174.0,0
15.0,2500.0,216.0,182.0,6.0,510.0,75.0,0
8.0,509.0,184.0,159.0,7.0,904.0,133.0,1
6.0,5432.0,162.0,177.0,3.0,1035.0,55.0,0
13.0,647.0,134.0,253.0,7.0,1167.0,368.0,1
15.0,367.0,175.0,33.0,1.0,360.0,85.0,1
16.0,2493.0,135.0,136.0,7.0,1285.0,96.0,0
3.0,136.0,241.0,148.0,5.0,789.0,162.0,0
1.0,2463.0,208.0,172.0,6.0,490.0,90.0,1
7.0,327.0,35.0,184.0,5.0,1055.0,164.0,0
12.0,6342.0,154.0,243.0,5.0,1205.0,47.0,0
1.0,826.0,80.0,244.0,3.0,780.0,65.0,0
15.0,1235.0,45.0,2.0,1.0,770.0,280.0,1
16.0,2475.0,285.0,135.0,1.0,570.0,140.0,0
12.0,4808.0,154.0,253.0,4.0,1094.0,71.0,1
15.0,1105.0,175.0,251.0,3.0,740.0,65.0,1
1.0,736.0,80.0,159.0,1.0,850.0,195.0,1
17.0,7272.0,60.0,208.0,5.0,541.0,129.0,0
10.0,3492.0,162.0,80.0,4.0,935.0,75.0,1
5.0,1578.0,97.0,16.0,7.0,740.0,120.0,0
12.0,6532.0,79.0,44.0,5.0,681.0,153.0,0
10.0,3290.0,223.0,80.0,7.0,630.0,125.0,0
9.0,334.0,128.0,203.0,6.0,915.0,37.0,0
4.0,811.0,96.0,135.0,7.0,990.0,233.0,1
5.0,1157.0,61.0,16.0,7.0,360.0,110.0,0
1.0,1255.0,80.0,252.0,7.0,990.0,260.0,1
15.0,3320.0,253.0,153.0,5.0,560.0,95.0,1
0.0,3738.0,85.0,121.0,3.0,440.0,106.0,0
2.0,104.0,14.0,252.0,6.0,1140.0,202.0,0
14.0,2191.0,159.0,78.0,7.0,1260.0,74.0,0
10.0,3345.0,80.0,157.0,4.0,1185.0,125.0,0
5.0,1894.0,16.0,279.0,5.0,1243.0,128.0,0
5.0,2725.0,35.0,197.0,6.0,686.0,199.0,1
16.0,5935.0,117.0,208.0,1.0,571.0,60.0,0
14.0,490.0,207.0,217.0,1.0,765.0,70.0,0
14.0,239.0,253.0,217.0,4.0,935.0,115.0,0
15.0,830.0,264.0,202.0,4.0,1285.0,80.0,0
5.0,2311.0,16.0,80.0,7.0,740.0,150.0,0
12.0,7008.0,55.0,253.0,3.0,360.0,65.0,0
16.0,2461.0,146.0,135.0,7.0,723.0,77.0,0
6.0,5196.0,205.0,85.0,5.0,615.0,119.0,0
16.0,2745.0,33.0,96.0,4.0,360.0,127.0,1
5.0,1705.0,134.0,16.0,3.0,460.0,124.0,0
13.0,230.0,153.0,79.0,1.0,915.0,117.0,0
15.0,1440.0,277.0,175.0,7.0,775.0,165.0,0
5.0,2406.0,197.0,139.0,3.0,1160.0,98.0,0
4.0,1116.0,96.0,35.0,5.0,390.0,72.0,0
2.0,66.0,149.0,252.0,4.0,1200.0,138.0,0
14.0,1557.0,216.0,104.0,7.0,955.0,169.0,0
15.0,2450.0,153.0,264.0,1.0,840.0,70.0,0
10.0,4238.0,61.0,208.0,3.0,490.0,95.0,0
15.0,1779.0,27.0,175.0,7.0,655.0,115.0,0
15.0,1618.0,75.0,268.0,4.0,845.0,100.0,0
3.0,251.0,202.0,160.0,5.0,969.0,76.0,1
15.0,887.0,175.0,153.0,7.0,445.0,255.0,1
5.0,1613.0,60.0,16.0,4.0,1185.0,88.0,0
4.0,683.0,35.0,135.0,5.0,440.0,268.0,0
1.0,1811.0,183.0,135.0,3.0,1355.0,170.0,1
12.0,4656.0,197.0,157.0,3.0,1155.0,120.0,0
14.0,186.0,208.0,217.0,5.0,840.0,227.0,1
15.0,1072.0,252.0,2.0,1.0,795.0,165.0,1
11.0,6306.0,134.0,85.0,5.0,745.0,119.0,0
12.0,6361.0,99.0,79.0,1.0,726.0,118.0,1
12.0,6456.0,79.0,136.0,7.0,1049.0,85.0,0
12.0,6404.0,253.0,93.0,5.0,526.0,92.0,0
13.0,210.0,154.0,134.0,4.0,989.0,286.0,0
17.0,7281.0,147.0,134.0,4.0,589.0,107.0,0
10.0,4198.0,208.0,58.0,5.0,620.0,80.0,0
0.0,3946.0,177.0,223.0,7.0,570.0,86.0,0
12.0,6487.0,280.0,154.0,1.0,888.0,91.0,0
5.0,1539.0,78.0,16.0,1.0,960.0,119.0,0
9.0,121.0,143.0,128.0,3.0,541.0,49.0,0
12.0,6340.0,208.0,19.0,3.0,786.0,105.0,1
16.0,2545.0,12.0,58.0,5.0,1020.0,87.0,1
15.0,3503.0,175.0,79.0,5.0,900.0,165.0,1
12.0,4567.0,261.0,244.0,3.0,1195.0,160.0,1
15.0,2020.0,34.0,214.0,4.0,1085.0,75.0,1
14.0,2139.0,35.0,159.0,1.0,1080.0,81.0,0
15.0,703.0,75.0,279.0,1.0,385.0,60.0,1
7.0,148.0,79.0,129.0,5.0,1150.0,137.0,0
0.0,4344.0,85.0,228.0,3.0,851.0,104.0,0
16.0,3158.0,285.0,96.0,1.0,397.0,113.0,0
10.0,4106.0,119.0,208.0,7.0,650.0,65.0,1
6.0,5362.0,16.0,94.0,4.0,600.0,93.0,0
11.0,6321.0,238.0,148.0,1.0,660.0,87.0,1
7.0,516.0,214.0,79.0,1.0,660.0,142.0,0
3.0,1010.0,148.0,35.0,7.0,839.0,78.0,0
6.0,5502.0,16.0,288.0,1.0,893.0,77.0,1
5.0,2275.0,177.0,197.0,7.0,855.0,131.0,0
14.0,878.0,138.0,60.0,7.0,1079.0,64.0,0
1.0,875.0,159.0,183.0,3.0,900.0,205.0,1
17.0,2671.0,60.0,177.0,4.0,1052.0,110.0,0
3.0,16.0,104.0,148.0,4.0,850.0,170.0,1
4.0,727.0,45.0,135.0,6.0,725.0,209.0,0
8.0,985.0,221.0,16.0,3.0,846.0,114.0,0
1.0,2454.0,154.0,80.0,6.0,1005.0,180.0,0
12.0,6911.0,208.0,184.0,5.0,562.0,42.0,0
16.0,2647.0,172.0,135.0,6.0,370.0,122.0,0
15.0,1381.0,243.0,202.0,7.0,1235.0,85.0,1
10.0,4558.0,159.0,58.0,7.0,480.0,110.0,0
6.0,5217.0,16.0,146.0,6.0,805.0,79.0,0
8.0,1255.0,277.0,139.0,5.0,740.0,136.0,0
13.0,740.0,202.0,79.0,5.0,360.0,146.0,0
12.0,6880.0,261.0,79.0,7.0,622.0,85.0,0
12.0,4557.0,261.0,114.0,4.0,826.0,64.0,0
5.0,2652.0,277.0,159.0,5.0,933.0,157.0,0
10.0,4506.0,35.0,159.0,5.0,1055.0,84.0,1
11.0,6267.0,71.0,177.0,7.0,750.0,95.0,1
16.0,2449.0,177.0,135.0,7.0,999.0,106.0,0
0.0,3970.0,177.0,61.0,7.0,540.0,106.0,0
12.0,6412.0,253.0,93.0,4.0,1360.0,92.0,0
14.0,57.0,217.0,197.0,4.0,585.0,189.0,0
15.0,981.0,153.0,44.0,4.0,950.0,65.0,0
1.0,400.0,80.0,148.0,6.0,655.0,205.0,1
5.0,1535.0,16.0,262.0,5.0,1195.0,312.0,1
10.0,3193.0,154.0,258.0,4.0,400.0,75.0,0
13.0,568.0,208.0,260.0,6.0,555.0,275.0,1
15.0,1566.0,75.0,172.0,4.0,785.0,85.0,1
10.0,2722.0,84.0,80.0,1.0,1085.0,125.0,0
1.0,1387.0,208.0,153.0,3.0,880.0,250.0,1
14.0,1656.0,43.0,60.0,3.0,385.0,116.0,0
6.0,4984.0,78.0,35.0,1.0,475.0,95.0,1
5.0,2809.0,71.0,104.0,1.0,675.0,147.0,1
14.0,1998.0,60.0,135.0,6.0,980.0,167.0,0
3.0,1120.0,104.0,43.0,4.0,882.0,176.0,1
15.0,778.0,153.0,258.0,1.0,660.0,90.0,1
13.0,624.0,208.0,78.0,7.0,1085.0,111.0,1
1.0,2010.0,79.0,80.0,3.0,930.0,115.0,1
6.0,5449.0,16.0,27.0,3.0,990.0,60.0,0
13.0,312.0,134.0,22.0,1.0,1035.0,82.0,0
5.0,2400.0,16.0,35.0,4.0,1070.0,152.0,0
10.0,4524.0,33.0,78.0,3.0,825.0,95.0,0
12.0,4604.0,261.0,79.0,7.0,830.0,83.0,1
10.0,2715.0,80.0,158.0,4.0,630.0,75.0,0
1.0,21.0,148.0,154.0,4.0,1150.0,385.0,0
0.0,4391.0,171.0,85.0,5.0,351.0,59.0,0
12.0,6486.0,79.0,67.0,1.0,936.0,56.0,1
10.0,3657.0,183.0,221.0,4.0,525.0,160.0,1
0.0,3820.0,85.0,221.0,1.0,925.0,66.0,0
13.0,371.0,96.0,208.0,4.0,1139.0,162.0,1
0.0,3659.0,12.0,16.0,6.0,345.0,183.0,0
15.0,1106.0,154.0,202.0,4.0,635.0,75.0,1
0.0,4388.0,85.0,195.0,4.0,540.0,87.0,0
12.0,4847.0,240.0,197.0,3.0,450.0,52.0,0
3.0,768.0,225.0,173.0,6.0,262.0,180.0,0
15.0,542.0,175.0,221.0,4.0,420.0,80.0,1
12.0,6524.0,253.0,214.0,5.0,1011.0,100.0,0
15.0,2025.0,207.0,258.0,5.0,575.0,70.0,0
14.0,1010.0,213.0,60.0,6.0,620.0,113.0,0
5.0,2069.0,16.0,173.0,6.0,595.0,104.0,0
1.0,1214.0,268.0,159.0,4.0,665.0,145.0,0
5.0,2993.0,22.0,213.0,5.0,945.0,192.0,1
5.0,2588.0,16.0,262.0,3.0,510.0,327.0,0
15.0,293.0,243.0,202.0,5.0,995.0,85.0,1
16.0,2886.0,13.0,135.0,3.0,989.0,99.0,0
5.0,2982.0,177.0,78.0,6.0,895.0,125.0,0
11.0,6501.0,233.0,173.0,4.0,700.0,120.0,0
8.0,366.0,16.0,159.0,6.0,798.0,120.0,1
2.0,55.0,249.0,39.0,5.0,578.0,43.0,0
0.0,4265.0,177.0,108.0,3.0,865.0,72.0,0
15.0,1509.0,264.0,153.0,4.0,650.0,70.0,1
1.0,28.0,128.0,253.0,1.0,825.0,300.0,0
15.0,1338.0,159.0,175.0,7.0,1085.0,160.0,0
1.0,270.0,128.0,154.0,4.0,500.0,330.0,0
3.0,282.0,160.0,153.0,6.0,794.0,67.0,1
16.0,5991.0,290.0,208.0,6.0,360.0,105.0,1
13.0,47.0,154.0,203.0,5.0,910.0,341.0,0
12.0,6290.0,194.0,154.0,5.0,579.0,68.0,0
13.0,290.0,262.0,134.0,5.0,460.0,295.0,0
5.0,1862.0,261.0,85.0,1.0,420.0,219.0,0
15.0,887.0,153.0,264.0,7.0,605.0,65.0,1
14.0,1420.0,216.0,60.0,5.0,330.0,102.0,0
5.0,2497.0,16.0,213.0,1.0,730.0,106.0,0
4.0,306.0,96.0,60.0,4.0,735.0,122.0,0
2.0,258.0,252.0,154.0,7.0,480.0,155.0,0
13.0,78.0,128.0,253.0,4.0,1439.0,313.0,0
12.0,6359.0,154.0,279.0,5.0,766.0,174.0,0
15.0,1950.0,175.0,228.0,3.0,1230.0,130.0,1
1.0,247.0,154.0,150.0,4.0,1050.0,345.0,0
11.0,6673.0,148.0,78.0,3.0,1042.0,98.0,0
13.0,643.0,96.0,208.0,5.0,762.0,153.0,0
14.0,1241.0,216.0,277.0,4.0,720.0,159.0,1
12.0,6326.0,253.0,24.0,5.0,1095.0,67.0,0
12.0,6882.0,79.0,262.0,5.0,922.0,151.0,1
12.0,6690.0,232.0,214.0,1.0,724.0,45.0,1
15.0,1458.0,244.0,129.0,5.0,1120.0,50.0,1
12.0,4658.0,40.0,261.0,1.0,785.0,77.0,0
15.0,981.0,153.0,44.0,1.0,950.0,65.0,1
8.0,1494.0,173.0,172.0,1.0,662.0,176.0,0
16.0,2454.0,177.0,135.0,4.0,735.0,99.0,0
15.0,1375.0,45.0,104.0,6.0,1015.0,160.0,1
13.0,250.0,214.0,134.0,6.0,433.0,298.0,1
3.0,1758.0,260.0,104.0,3.0,796.0,164.0,0
4.0,484.0,104.0,58.0,6.0,772.0,164.0,0
8.0,1400.0,238.0,173.0,1.0,797.0,168.0,0
16.0,5916.0,208.0,48.0,5.0,1280.0,70.0,1
8.0,138.0,147.0,45.0,4.0,955.0,110.0,0
3.0,291.0,252.0,160.0,4.0,638.0,154.0,0
14.0,20.0,217.0,128.0,5.0,715.0,403.0,0
3.0,675.0,148.0,154.0,3.0,990.0,379.0,1
12.0,6662.0,253.0,194.0,4.0,991.0,43.0,1
12.0,6568.0,154.0,24.0,1.0,646.0,49.0,0
1.0,1520.0,154.0,183.0,1.0,725.0,300.0,0
1.0,1231.0,216.0,208.0,4.0,990.0,150.0,1
10.0,2871.0,146.0,80.0,3.0,505.0,95.0,0
1.0,467.0,78.0,208.0,7.0,600.0,130.0,0
3.0,747.0,22.0,173.0,6.0,996.0,179.0,0
12.0,6950.0,217.0,79.0,4.0,770.0,103.0,0
2.0,61.0,50.0,14.0,7.0,813.0,47.0,0
15.0,1448.0,12.0,45.0,6.0,840.0,75.0,1
13.0,635.0,208.0,252.0,6.0,485.0,277.0,0
6.0,5004.0,16.0,201.0,1.0,885.0,82.0,0
10.0,3206.0,113.0,80.0,3.0,675.0,55.0,1
15.0,2654.0,182.0,277.0,4.0,615.0,220.0,0
12.0,6443.0,204.0,154.0,6.0,661.0,192.0,1
12.0,4720.0,197.0,112.0,1.0,790.0,75.0,1
2.0,345.0,202.0,252.0,3.0,1020.0,120.0,0
1.0,1154.0,227.0,80.0,5.0,410.0,170.0,0
10.0,3208.0,80.0,118.0,5.0,510.0,45.0,0
15.0,156.0,175.0,45.0,4.0,555.0,110.0,1
6.0,5048.0,177.0,16.0,6.0,716.0,89.0,1
5.0,1991.0,16.0,277.0,6.0,590.0,100.0,1
15.0,541.0,154.0,258.0,3.0,1030.0,65.0,0
1.0,1019.0,60.0,80.0,4.0,400.0,185.0,0
12.0,6824.0,231.0,253.0,5.0,1146.0,69.0,0
7.0,564.0,243.0,79.0,6.0,908.0,135.0,0
16.0,5900.0,71.0,208.0,1.0,1052.0,86.0,0
12.0,6231.0,214.0,93.0,6.0,1085.0,36.0,0
12.0,6574.0,79.0,204.0,3.0,1045.0,89.0,1
5.0,2405.0,85.0,184.0,5.0,515.0,75.0,0
12.0,4590.0,261.0,79.0,1.0,510.0,85.0,1
6.0,5212.0,87.0,177.0,4.0,685.0,93.0,0
5.0,2314.0,16.0,22.0,7.0,1065.0,150.0,0
5.0,1377.0,35.0,159.0,1.0,510.0,82.0,0
11.0,6680.0,85.0,120.0,7.0,605.0,113.0,0
14.0,128.0,258.0,217.0,1.0,965.0,107.0,1
5.0,1636.0,85.0,45.0,3.0,1305.0,91.0,0
14.0,654.0,148.0,217.0,4.0,390.0,349.0,1
1.0,2470.0,154.0,80.0,5.0,1140.0,165.0,0
13.0,977.0,134.0,79.0,6.0,499.0,256.0,0
14.0,204.0,154.0,153.0,4.0,450.0,63.0,0
6.0,5155.0,177.0,132.0,4.0,880.0,58.0,1
3.0,1200.0,241.0,43.0,4.0,1235.0,162.0,0
15.0,244.0,154.0,253.0,4.0,1070.0,75.0,1
3.0,245.0,202.0,160.0,4.0,540.0,78.0,0
3.0,537.0,96.0,277.0,7.0,951.0,179.0,1
15.0,1163.0,204.0,79.0,5.0,1080.0,100.0,1
5.0,2168.0,154.0,197.0,6.0,725.0,218.0,1
2.0,864.0,203.0,214.0,1.0,780.0,310.0,0
3.0,28.0,277.0,148.0,4.0,1115.0,155.0,0
6.0,5355.0,85.0,237.0,3.0,1300.0,90.0,1
15.0,56.0,129.0,75.0,5.0,1200.0,55.0,0
6.0,5260.0,53.0,16.0,3.0,727.0,107.0,0
15.0,157.0,33.0,277.0,4.0,1105.0,105.0,1
8.0,1187.0,187.0,173.0,3.0,612.0,155.0,0
14.0,2047.0,35.0,78.0,4.0,1140.0,96.0,0
1.0,2462.0,154.0,80.0,1.0,1090.0,170.0,1
12.0,4776.0,261.0,224.0,1.0,916.0,99.0,0
2.0,645.0,217.0,252.0,7.0,725.0,195.0,1
16.0,2006.0,120.0,96.0,4.0,363.0,89.0,0
1.0,1479.0,16.0,80.0,4.0,845.0,150.0,0
12.0,4744.0,202.0,261.0,6.0,992.0,103.0,1
7.0,483.0,184.0,217.0,6.0,875.0,225.0,1
12.0,4642.0,204.0,261.0,4.0,815.0,144.0,0
0.0,4031.0,177.0,155.0,7.0,555.0,122.0,0
15.0,1045.0,243.0,262.0,5.0,1260.0,95.0,1
16.0,2568.0,135.0,84.0,5.0,1220.0,136.0,1
1.0,1650.0,280.0,80.0,5.0,625.0,130.0,0
1.0,1629.0,234.0,80.0,4.0,420.0,215.0,0
10.0,4071.0,208.0,290.0,7.0,790.0,105.0,1
6.0,5528.0,16.0,200.0,4.0,1231.0,73.0,1
15.0,1350.0,244.0,75.0,6.0,820.0,60.0,1
15.0,1198.0,33.0,217.0,3.0,550.0,240.0,0
14.0,2034.0,78.0,35.0,3.0,810.0,83.0,0
0.0,3918.0,244.0,177.0,7.0,709.0,116.0,0
14.0,1785.0,33.0,60.0,3.0,475.0,75.0,0
6.0,7076.0,134.0,245.0,4.0,483.0,105.0,0
3.0,1434.0,160.0,253.0,1.0,614.0,86.0,0
12.0,4774.0,2.0,261.0,3.0,520.0,101.0,0
15.0,829.0,258.0,44.0,1.0,935.0,60.0,0
10.0,4020.0,238.0,208.0,3.0,740.0,125.0,1
17.0,2817.0,154.0,153.0,5.0,1195.0,64.0,0
16.0,2161.0,96.0,221.0,4.0,1235.0,99.0,0
1.0,1532.0,153.0,80.0,6.0,1120.0,140.0,0
0.0,3930.0,197.0,21.0,7.0,1160.0,87.0,0
0.0,3724.0,85.0,117.0,7.0,525.0,88.0,0
15.0,226.0,173.0,216.0,5.0,495.0,145.0,0
15.0,3668.0,261.0,217.0,4.0,675.0,100.0,1
14.0,1588.0,60.0,228.0,3.0,590.0,122.0,1
15.0,351.0,243.0,79.0,1.0,755.0,135.0,1
4.0,1568.0,135.0,172.0,7.0,1137.0,123.0,1
15.0,3047.0,217.0,79.0,7.0,1165.0,105.0,1
6.0,5253.0,16.0,288.0,4.0,1366.0,68.0,0
0.0,4282.0,85.0,209.0,6.0,610.0,111.0,1
16.0,5979.0,208.0,107.0,7.0,754.0,96.0,0
5.0,2544.0,262.0,197.0,7.0,725.0,218.0,1
0.0,4008.0,209.0,148.0,1.0,380.0,94.0,0
0.0,3966.0,71.0,134.0,3.0,1135.0,95.0,1
1.0,1522.0,253.0,208.0,5.0,1435.0,240.0,0
0.0,4081.0,148.0,233.0,5.0,565.0,130.0,0
15.0,2903.0,18.0,75.0,3.0,805.0,55.0,0
15.0,2229.0,268.0,175.0,6.0,690.0,60.0,0
1.0,1530.0,183.0,159.0,4.0,870.0,179.0,1
16.0,2394.0,96.0,172.0,5.0,965.0,199.0,0
17.0,7288.0,16.0,208.0,6.0,887.0,129.0,1
8.0,451.0,198.0,16.0,4.0,803.0,81.0,0
14.0,1296.0,60.0,174.0,5.0,585.0,93.0,0
10.0,4080.0,208.0,99.0,3.0,575.0,120.0,1
9.0,363.0,143.0,128.0,3.0,1180.0,49.0,0
12.0,6635.0,55.0,253.0,5.0,888.0,59.0,0
13.0,966.0,154.0,134.0,1.0,370.0,292.0,0
4.0,16.0,154.0,96.0,3.0,625.0,315.0,1
16.0,2464.0,234.0,96.0,7.0,625.0,69.0,0
7.0,225.0,79.0,262.0,7.0,505.0,154.0,1
15.0,1233.0,173.0,45.0,5.0,1020.0,125.0,1
1.0,1627.0,80.0,172.0,1.0,565.0,90.0,0
15.0,636.0,141.0,175.0,1.0,575.0,155.0,0
1.0,431.0,183.0,277.0,4.0,945.0,60.0,1
15.0,527.0,277.0,139.0,1.0,730.0,140.0,0
8.0,843.0,16.0,173.0,3.0,909.0,91.0,0
6.0,5272.0,177.0,58.0,5.0,510.0,109.0,0
11.0,6655.0,205.0,177.0,4.0,360.0,114.0,0
15.0,1890.0,129.0,45.0,6.0,445.0,170.0,0
11.0,6470.0,71.0,60.0,4.0,560.0,91.0,0
14.0,1787.0,60.0,198.0,1.0,875.0,124.0,1
15.0,30.0,91.0,217.0,1.0,960.0,75.0,1
4.0,387.0,96.0,264.0,3.0,720.0,369.0,1
0.0,4146.0,273.0,148.0,3.0,899.0,110.0,1
10.0,4162.0,208.0,234.0,7.0,780.0,115.0,1
15.0,2852.0,207.0,217.0,6.0,505.0,65.0,0
3.0,454.0,104.0,35.0,6.0,720.0,182.0,1
1.0,557.0,183.0,208.0,5.0,660.0,190.0,0
10.0,4382.0,35.0,148.0,5.0,360.0,79.0,0
4.0,1803.0,154.0,96.0,3.0,1320.0,300.0,1
10.0,2940.0,1.0,80.0,1.0,395.0,50.0,0
13.0,23.0,154.0,150.0,3.0,502.0,349.0,0
1.0,824.0,104.0,148.0,5.0,1195.0,170.0,0
15.0,1131.0,258.0,154.0,3.0,1085.0,70.0,1
15.0,3013.0,27.0,129.0,6.0,450.0,115.0,1
2.0,357.0,202.0,252.0,1.0,540.0,120.0,0
13.0,75.0,253.0,128.0,5.0,759.0,319.0,1
15.0,1587.0,244.0,33.0,7.0,590.0,125.0,0
15.0,437.0,175.0,236.0,4.0,705.0,265.0,1
1.0,1959.0,35.0,183.0,7.0,1060.0,225.0,1
10.0,2842.0,80.0,101.0,3.0,705.0,150.0,1
2.0,258.0,252.0,154.0,5.0,480.0,155.0,0
1.0,1004.0,183.0,78.0,6.0,815.0,145.0,0
5.0,2592.0,217.0,197.0,3.0,980.0,185.0,0
15.0,2710.0,268.0,162.0,4.0,1175.0,65.0,1
5.0,1475.0,197.0,2.0,3.0,700.0,170.0,1
17.0,7244.0,229.0,208.0,7.0,1047.0,172.0,0
12.0,6419.0,65.0,79.0,5.0,547.0,49.0,0
15.0,250.0,173.0,268.0,5.0,470.0,155.0,0
3.0,6.0,148.0,43.0,4.0,953.0,95.0,0
6.0,5438.0,162.0,177.0,3.0,700.0,62.0,1
6.0,5353.0,16.0,146.0,5.0,1154.0,90.0,0
14.0,1489.0,35.0,60.0,4.0,1145.0,147.0,0
6.0,5056.0,16.0,251.0,6.0,515.0,93.0,0
10.0,3206.0,113.0,80.0,1.0,675.0,55.0,0
4.0,468.0,96.0,153.0,6.0,1080.0,336.0,1
12.0,6381.0,208.0,80.0,3.0,1060.0,151.0,1
15.0,2181.0,252.0,236.0,3.0,780.0,95.0,0
5.0,2782.0,177.0,78.0,6.0,505.0,119.0,0
15.0,1414.0,131.0,244.0,4.0,420.0,55.0,1
6.0,5283.0,275.0,16.0,3.0,755.0,74.0,1
13.0,176.0,208.0,134.0,1.0,964.0,117.0,0
16.0,3130.0,78.0,96.0,1.0,410.0,63.0,0
10.0,4370.0,208.0,181.0,4.0,1140.0,110.0,0
15.0,1096.0,262.0,153.0,7.0,770.0,80.0,0
5.0,1876.0,173.0,159.0,4.0,895.0,154.0,0
12.0,6458.0,154.0,280.0,7.0,1140.0,80.0,0
12.0,6482.0,194.0,79.0,5.0,360.0,146.0,0
9.0,304.0,161.0,128.0,7.0,600.0,30.0,0
6.0,5581.0,118.0,16.0,1.0,405.0,134.0,0
15.0,1104.0,243.0,253.0,1.0,895.0,90.0,1
6.0,5425.0,16.0,69.0,6.0,728.0,77.0,0
5.0,2830.0,197.0,35.0,1.0,920.0,170.0,1
14.0,1015.0,60.0,213.0,6.0,870.0,108.0,1
11.0,6543.0,159.0,27.0,5.0,720.0,181.0,1
14.0,627.0,221.0,217.0,7.0,1050.0,281.0,1
0.0,4161.0,139.0,177.0,3.0,480.0,88.0,0
15.0,526.0,45.0,35.0,5.0,435.0,80.0,0
11.0,6544.0,43.0,148.0,5.0,1160.0,108.0,0
1.0,1842.0,153.0,183.0,7.0,1375.0,260.0,0
15.0,2004.0,45.0,175.0,4.0,645.0,130.0,0
15.0,2630.0,85.0,175.0,1.0,630.0,70.0,1
11.0,6351.0,71.0,177.0,1.0,1050.0,99.0,0
15.0,1019.0,253.0,154.0,5.0,385.0,75.0,1
15.0,489.0,221.0,173.0,1.0,785.0,140.0,1
6.0,7089.0,134.0,237.0,3.0,1325.0,57.0,0
12.0,6837.0,79.0,83.0,5.0,500.0,62.0,0
13.0,135.0,79.0,172.0,7.0,697.0,103.0,0
6.0,4981.0,121.0,16.0,7.0,990.0,61.0,0
17.0,7267.0,229.0,208.0,5.0,420.0,177.0,0
13.0,152.0,253.0,208.0,4.0,1125.0,255.0,0
1.0,19.0,148.0,154.0,1.0,635.0,375.0,0
13.0,396.0,153.0,208.0,4.0,519.0,215.0,0
6.0,5523.0,16.0,237.0,6.0,510.0,90.0,0
16.0,3105.0,135.0,162.0,4.0,1175.0,78.0,0
10.0,3787.0,162.0,208.0,7.0,1055.0,115.0,1
15.0,1847.0,33.0,277.0,1.0,585.0,105.0,1
15.0,922.0,264.0,217.0,3.0,540.0,75.0,0
10.0,3269.0,118.0,80.0,4.0,940.0,45.0,1
14.0,787.0,60.0,16.0,1.0,1070.0,83.0,0
1.0,2069.0,183.0,197.0,7.0,1150.0,230.0,1
1.0,1361.0,80.0,65.0,1.0,570.0,115.0,0
5.0,2305.0,172.0,197.0,3.0,405.0,90.0,0
14.0,1492.0,60.0,43.0,7.0,990.0,106.0,0
16.0,2240.0,135.0,233.0,1.0,435.0,148.0,0
5.0,1683.0,261.0,153.0,1.0,660.0,87.0,1
12.0,6975.0,80.0,208.0,6.0,360.0,136.0,1
10.0,4026.0,208.0,117.0,4.0,1110.0,60.0,0
15.0,2906.0,104.0,173.0,5.0,550.0,55.0,0
1.0,1104.0,268.0,159.0,7.0,890.0,140.0,0
15.0,871.0,243.0,253.0,3.0,1030.0,90.0,0
5.0,1111.0,16.0,233.0,7.0,1045.0,81.0,0
14.0,1170.0,60.0,221.0,3.0,895.0,87.0,0
10.0,4136.0,148.0,139.0,4.0,1020.0,145.0,0
12.0,7759.0,261.0,89.0,5.0,470.0,65.0,1
5.0,2913.0,197.0,85.0,3.0,615.0,105.0,1
16.0,2217.0,35.0,58.0,1.0,585.0,123.0,1
16.0,2206.0,13.0,135.0,3.0,644.0,91.0,0
11.0,6400.0,71.0,58.0,1.0,970.0,72.0,0
8.0,718.0,159.0,48.0,5.0,1199.0,96.0,1
6.0,4999.0,35.0,78.0,4.0,575.0,109.0,0
8.0,272.0,16.0,35.0,4.0,525.0,147.0,1
16.0,5991.0,290.0,208.0,5.0,360.0,105.0,0
12.0,6881.0,79.0,262.0,6.0,554.0,156.0,0
13.0,105.0,208.0,153.0,5.0,910.0,245.0,0
3.0,608.0,148.0,229.0,6.0,1340.0,74.0,0
15.0,1264.0,44.0,153.0,5.0,475.0,60.0,0
13.0,144.0,253.0,79.0,1.0,423.0,165.0,0
14.0,2043.0,35.0,78.0,3.0,1020.0,95.0,1
13.0,847.0,253.0,134.0,1.0,771.0,309.0,0
15.0,831.0,214.0,111.0,1.0,965.0,60.0,1
13.0,403.0,79.0,264.0,1.0,696.0,157.0,0
15.0,1310.0,45.0,228.0,5.0,405.0,70.0,0
8.0,332.0,16.0,216.0,4.0,540.0,121.0,0
0.0,4138.0,43.0,85.0,3.0,380.0,85.0,0
15.0,3411.0,173.0,172.0,3.0,550.0,185.0,1
14.0,396.0,153.0,217.0,4.0,1180.0,68.0,0
4.0,61.0,96.0,135.0,7.0,830.0,239.0,1
13.0,931.0,253.0,154.0,4.0,1125.0,93.0,0
14.0,1294.0,221.0,216.0,7.0,460.0,80.0,0
16.0,5937.0,218.0,208.0,6.0,570.0,49.0,1
14.0,2117.0,35.0,159.0,1.0,420.0,82.0,0
14.0,490.0,217.0,79.0,5.0,955.0,105.0,0
12.0,6469.0,264.0,253.0,3.0,734.0,85.0,0
15.0,11.0,75.0,129.0,7.0,570.0,60.0,0
15.0,2439.0,111.0,79.0,5.0,915.0,130.0,0
15.0,894.0,277.0,209.0,3.0,700.0,115.0,1
6.0,5612.0,16.0,201.0,7.0,590.0,89.0,0
14.0,679.0,268.0,217.0,5.0,430.0,227.0,0
3.0,132.0,241.0,148.0,4.0,1055.0,164.0,1
12.0,4612.0,2.0,261.0,3.0,783.0,92.0,0
12.0,6508.0,18.0,253.0,5.0,1130.0,238.0,0
17.0,1037.0,143.0,128.0,3.0,755.0,47.0,0
3.0,51.0,42.0,148.0,4.0,670.0,75.0,1
12.0,4808.0,154.0,253.0,3.0,1094.0,71.0,0
14.0,1129.0,60.0,200.0,4.0,1345.0,54.0,0
14.0,1497.0,60.0,200.0,1.0,680.0,51.0,1
5.0,1121.0,45.0,261.0,4.0,440.0,300.0,0
13.0,658.0,258.0,79.0,5.0,380.0,156.0,0
10.0,2952.0,80.0,245.0,7.0,755.0,135.0,0
1.0,1187.0,209.0,80.0,6.0,1090.0,215.0,0
15.0,161.0,175.0,129.0,5.0,645.0,170.0,1
15.0,964.0,252.0,175.0,3.0,445.0,240.0,1
0.0,3972.0,247.0,85.0,3.0,690.0,68.0,0
15.0,1481.0,79.0,243.0,3.0,520.0,145.0,1
12.0,6606.0,88.0,79.0,3.0,470.0,53.0,0
12.0,4569.0,197.0,99.0,3.0,825.0,62.0,0
15.0,1370.0,202.0,44.0,5.0,970.0,65.0,1
10.0,4469.0,78.0,33.0,5.0,735.0,120.0,0
15.0,885.0,154.0,2.0,1.0,625.0,105.0,1
15.0,755.0,75.0,244.0,1.0,990.0,65.0,0
14.0,990.0,104.0,60.0,4.0,690.0,117.0,0
15.0,3079.0,33.0,268.0,5.0,930.0,65.0,1
5.0,1371.0,35.0,159.0,4.0,360.0,68.0,0
13.0,739.0,173.0,79.0,4.0,430.0,256.0,0
17.0,2640.0,60.0,268.0,7.0,875.0,123.0,1
4.0,1649.0,104.0,135.0,4.0,375.0,164.0,0
1.0,252.0,154.0,183.0,1.0,875.0,280.0,0
5.0,1554.0,154.0,16.0,7.0,860.0,261.0,1
15.0,1589.0,202.0,243.0,4.0,1215.0,80.0,1
1.0,341.0,159.0,208.0,5.0,960.0,180.0,0
14.0,872.0,138.0,60.0,3.0,870.0,64.0,0
6.0,7399.0,16.0,139.0,6.0,730.0,98.0,1
1.0,383.0,268.0,80.0,5.0,1005.0,115.0,0
14.0,1069.0,216.0,241.0,5.0,1080.0,181.0,1
0.0,3805.0,58.0,177.0,3.0,435.0,144.0,1
15.0,882.0,22.0,45.0,1.0,755.0,70.0,0
5.0,41.0,197.0,154.0,7.0,1170.0,244.0,1
12.0,6355.0,154.0,246.0,6.0,961.0,41.0,0
15.0,1156.0,175.0,33.0,5.0,985.0,85.0,1
15.0,3586.0,228.0,45.0,4.0,860.0,80.0,1
10.0,3786.0,135.0,208.0,6.0,925.0,155.0,0
13.0,646.0,208.0,96.0,1.0,792.0,141.0,1
15.0,2906.0,173.0,184.0,3.0,635.0,175.0,0
10.0,3633.0,183.0,60.0,5.0,435.0,120.0,0
12.0,4524.0,196.0,261.0,3.0,1050.0,83.0,0
14.0,71.0,217.0,252.0,5.0,675.0,190.0,0
14.0,786.0,183.0,60.0,6.0,1030.0,125.0,0
12.0,6888.0,208.0,91.0,3.0,605.0,208.0,1
6.0,5043.0,130.0,16.0,6.0,769.0,156.0,0
15.0,9.0,198.0,268.0,1.0,705.0,105.0,1
0.0,4291.0,285.0,177.0,6.0,750.0,84.0,0
14.0,647.0,217.0,207.0,4.0,675.0,78.0,0
15.0,3836.0,261.0,154.0,4.0,715.0,120.0,1
0.0,4219.0,85.0,175.0,4.0,1170.0,79.0,1
17.0,2944.0,60.0,209.0,5.0,710.0,72.0,0
8.0,516.0,61.0,16.0,5.0,385.0,108.0,0
13.0,543.0,35.0,208.0,7.0,1042.0,172.0,1
3.0,641.0,148.0,253.0,3.0,645.0,393.0,0
14.0,1197.0,216.0,217.0,1.0,820.0,316.0,0
16.0,2923.0,58.0,16.0,5.0,920.0,112.0,0
14.0,528.0,217.0,236.0,7.0,1275.0,112.0,0
13.0,938.0,79.0,208.0,1.0,955.0,144.0,0
1.0,1934.0,80.0,172.0,3.0,1130.0,90.0,0
16.0,2385.0,38.0,135.0,5.0,1013.0,82.0,0
8.0,1134.0,238.0,277.0,4.0,449.0,184.0,0
5.0,1933.0,71.0,154.0,5.0,555.0,303.0,1
10.0,3009.0,154.0,194.0,1.0,935.0,65.0,0
16.0,2017.0,96.0,221.0,1.0,505.0,111.0,1
13.0,18.0,79.0,45.0,5.0,626.0,202.0,0
15.0,1671.0,104.0,12.0,3.0,770.0,185.0,0
2.0,47.0,14.0,9.0,6.0,405.0,65.0,1
8.0,102.0,16.0,80.0,5.0,986.0,147.0,0
10.0,3383.0,80.0,116.0,4.0,900.0,90.0,0
15.0,1370.0,172.0,202.0,1.0,815.0,245.0,1
4.0,339.0,183.0,96.0,7.0,620.0,176.0,1
3.0,505.0,96.0,104.0,6.0,795.0,176.0,1
5.0,2404.0,154.0,261.0,4.0,618.0,111.0,1
5.0,1936.0,184.0,85.0,4.0,601.0,70.0,0
12.0,4672.0,44.0,261.0,4.0,430.0,114.0,0
10.0,4169.0,208.0,234.0,5.0,1135.0,120.0,0
5.0,1963.0,78.0,197.0,1.0,720.0,164.0,1
11.0,6288.0,61.0,197.0,4.0,1026.0,134.0,0
15.0,1227.0,233.0,216.0,7.0,645.0,75.0,1
1.0,154.0,208.0,35.0,5.0,1070.0,135.0,0
1.0,1296.0,80.0,16.0,3.0,565.0,120.0,0
3.0,290.0,160.0,252.0,3.0,430.0,163.0,0
13.0,668.0,208.0,159.0,3.0,360.0,127.0,1
10.0,4437.0,159.0,61.0,1.0,480.0,120.0,0
10.0,4327.0,208.0,281.0,5.0,1105.0,65.0,0
14.0,541.0,80.0,153.0,5.0,450.0,178.0,0
6.0,7099.0,208.0,71.0,7.0,703.0,71.0,1
15.0,960.0,243.0,45.0,4.0,400.0,295.0,1
5.0,681.0,16.0,245.0,4.0,893.0,67.0,0
13.0,480.0,253.0,221.0,3.0,855.0,297.0,0
14.0,1831.0,80.0,60.0,1.0,425.0,147.0,0
1.0,985.0,78.0,183.0,6.0,910.0,165.0,1
9.0,297.0,150.0,128.0,4.0,997.0,42.0,0
15.0,2421.0,175.0,205.0,6.0,1185.0,90.0,1
1.0,1843.0,35.0,208.0,7.0,360.0,175.0,0
12.0,6246.0,154.0,100.0,6.0,500.0,67.0,1
6.0,5011.0,85.0,52.0,1.0,520.0,110.0,0
15.0,843.0,217.0,153.0,7.0,995.0,65.0,1
2.0,695.0,111.0,252.0,5.0,1185.0,63.0,0
3.0,620.0,129.0,148.0,4.0,420.0,199.0,1
15.0,769.0,58.0,45.0,3.0,595.0,75.0,1
15.0,1259.0,33.0,244.0,3.0,515.0,155.0,0
10.0,3230.0,80.0,283.0,7.0,575.0,55.0,1
14.0,1439.0,60.0,154.0,5.0,1090.0,329.0,0
0.0,3802.0,85.0,20.0,6.0,1180.0,90.0,1
15.0,3597.0,175.0,173.0,3.0,1185.0,160.0,1
6.0,5200.0,177.0,16.0,7.0,1185.0,83.0,0
10.0,3751.0,208.0,261.0,5.0,1125.0,215.0,0
15.0,2004.0,173.0,45.0,3.0,485.0,130.0,0
1.0,457.0,183.0,268.0,5.0,545.0,165.0,1
8.0,861.0,16.0,173.0,5.0,798.0,89.0,0
15.0,556.0,207.0,262.0,1.0,1060.0,80.0,1
13.0,740.0,202.0,79.0,1.0,360.0,146.0,0
12.0,6504.0,247.0,208.0,6.0,558.0,47.0,1
1.0,1360.0,80.0,78.0,7.0,440.0,160.0,0
11.0,6516.0,197.0,148.0,1.0,425.0,165.0,1
14.0,1579.0,216.0,60.0,3.0,1035.0,103.0,1
12.0,6522.0,217.0,154.0,7.0,928.0,83.0,0
11.0,6616.0,85.0,273.0,4.0,855.0,84.0,0
5.0,2175.0,197.0,80.0,1.0,865.0,150.0,1
14.0,1897.0,197.0,60.0,7.0,1035.0,148.0,0
6.0,5046.0,16.0,11.0,7.0,615.0,69.0,1
4.0,709.0,135.0,214.0,6.0,1080.0,272.0,1
6.0,4953.0,16.0,41.0,5.0,1031.0,95.0,0
12.0,6301.0,154.0,227.0,5.0,701.0,50.0,1
1.0,1769.0,159.0,183.0,1.0,550.0,200.0,0
0.0,4086.0,197.0,136.0,1.0,865.0,110.0,0
16.0,3121.0,162.0,135.0,1.0,893.0,82.0,1
10.0,2767.0,80.0,288.0,3.0,630.0,105.0,0
6.0,7398.0,27.0,16.0,3.0,660.0,71.0,1
6.0,5569.0,101.0,16.0,5.0,875.0,89.0,0
13.0,279.0,208.0,79.0,1.0,666.0,165.0,0
15.0,511.0,154.0,175.0,4.0,595.0,235.0,1
11.0,6569.0,71.0,60.0,4.0,675.0,89.0,0
2.0,485.0,243.0,252.0,7.0,1150.0,170.0,1
16.0,2102.0,156.0,135.0,3.0,420.0,44.0,0
2.0,67.0,151.0,257.0,6.0,1022.0,55.0,0
17.0,7291.0,134.0,159.0,4.0,434.0,75.0,0
16.0,5895.0,33.0,134.0,3.0,536.0,104.0,0
12.0,4618.0,79.0,261.0,4.0,955.0,89.0,0
12.0,6563.0,79.0,15.0,3.0,732.0,44.0,1
12.0,4743.0,58.0,197.0,6.0,400.0,135.0,0
10.0,2857.0,80.0,146.0,5.0,850.0,80.0,0
0.0,3723.0,16.0,84.0,5.0,1290.0,144.0,0
9.0,175.0,203.0,128.0,7.0,545.0,34.0,0
10.0,3631.0,183.0,33.0,3.0,745.0,150.0,0
4.0,596.0,153.0,135.0,3.0,765.0,178.0,1
0.0,3960.0,85.0,121.0,7.0,855.0,109.0,1
3.0,703.0,148.0,260.0,1.0,420.0,227.0,0
5.0,2643.0,96.0,16.0,5.0,937.0,155.0,1
16.0,2181.0,16.0,135.0,3.0,655.0,140.0,1
5.0,1961.0,216.0,16.0,1.0,990.0,147.0,1
5.0,1102.0,85.0,119.0,7.0,1175.0,58.0,0
15.0,744.0,129.0,277.0,3.0,1205.0,110.0,1
12.0,6866.0,208.0,16.0,5.0,990.0,115.0,1
14.0,2161.0,159.0,78.0,5.0,360.0,59.0,0
14.0,1247.0,213.0,216.0,6.0,830.0,157.0,0
12.0,4638.0,243.0,154.0,5.0,380.0,49.0,0
1.0,1613.0,208.0,253.0,3.0,810.0,280.0,1
8.0,1206.0,234.0,173.0,1.0,420.0,126.0,0
5.0,1589.0,216.0,85.0,6.0,575.0,120.0,1
8.0,31.0,175.0,16.0,4.0,1120.0,115.0,0
15.0,922.0,217.0,139.0,7.0,700.0,210.0,1
15.0,1955.0,251.0,175.0,4.0,895.0,70.0,1
5.0,2683.0,78.0,183.0,3.0,419.0,159.0,0
3.0,238.0,160.0,261.0,7.0,1175.0,99.0,1
2.0,120.0,14.0,252.0,3.0,450.0,211.0,0
15.0,997.0,243.0,217.0,7.0,485.0,70.0,1
12.0,6585.0,208.0,72.0,6.0,1000.0,58.0,0
14.0,1203.0,45.0,60.0,1.0,935.0,88.0,1
12.0,6689.0,65.0,79.0,7.0,1076.0,46.0,0
16.0,5917.0,208.0,139.0,5.0,875.0,57.0,0
8.0,877.0,16.0,197.0,7.0,545.0,155.0,0
15.0,1510.0,45.0,159.0,5.0,540.0,70.0,1
5.0,2274.0,61.0,197.0,5.0,395.0,146.0,0
14.0,966.0,60.0,33.0,7.0,707.0,88.0,0
8.0,1073.0,277.0,48.0,4.0,668.0,139.0,0
5.0,65.0,16.0,153.0,5.0,1150.0,280.0,1
16.0,2484.0,96.0,172.0,4.0,772.0,197.0,0
3.0,711.0,148.0,153.0,1.0,615.0,344.0,0
1.0,1733.0,208.0,217.0,5.0,1190.0,235.0,0
1.0,1462.0,208.0,96.0,7.0,530.0,125.0,0
6.0,7360.0,146.0,177.0,1.0,390.0,64.0,0
9.0,257.0,150.0,128.0,3.0,810.0,42.0,0
14.0,1085.0,60.0,173.0,1.0,885.0,102.0,0
8.0,431.0,184.0,16.0,7.0,380.0,129.0,0
14.0,7.0,217.0,208.0,3.0,970.0,199.0,0
15.0,2720.0,153.0,18.0,5.0,1020.0,155.0,1
10.0,3224.0,120.0,80.0,1.0,1025.0,195.0,1
5.0,2107.0,197.0,208.0,3.0,1185.0,82.0,0
6.0,7311.0,188.0,177.0,7.0,390.0,70.0,0
5.0,1632.0,198.0,261.0,6.0,995.0,219.0,0
16.0,2615.0,68.0,135.0,1.0,1025.0,72.0,0
14.0,1064.0,216.0,43.0,5.0,1235.0,68.0,0
0.0,4212.0,85.0,285.0,5.0,620.0,100.0,0
15.0,180.0,253.0,154.0,3.0,1250.0,75.0,1
15.0,781.0,262.0,207.0,7.0,495.0,75.0,1
6.0,4960.0,35.0,71.0,3.0,773.0,144.0,1
3.0,335.0,134.0,173.0,3.0,530.0,137.0,1
0.0,4245.0,85.0,134.0,7.0,1040.0,95.0,1
0.0,4205.0,234.0,85.0,4.0,580.0,115.0,1
10.0,4692.0,148.0,61.0,6.0,1200.0,125.0,0
15.0,834.0,45.0,147.0,6.0,1010.0,125.0,1
12.0,6500.0,253.0,179.0,7.0,1360.0,93.0,0
16.0,2535.0,251.0,96.0,5.0,375.0,114.0,1
8.0,852.0,173.0,16.0,3.0,1119.0,98.0,0
12.0,6574.0,232.0,79.0,4.0,688.0,136.0,0
8.0,488.0,173.0,45.0,1.0,584.0,126.0,0
7.0,361.0,277.0,79.0,5.0,526.0,239.0,0
5.0,2102.0,153.0,16.0,5.0,1410.0,224.0,0
12.0,6286.0,227.0,153.0,1.0,775.0,60.0,0
5.0,2327.0,16.0,104.0,3.0,1147.0,118.0,1
14.0,1772.0,182.0,60.0,1.0,360.0,152.0,0
5.0,1979.0,16.0,119.0,3.0,574.0,120.0,1
15.0,233.0,141.0,175.0,7.0,570.0,155.0,0
14.0,368.0,262.0,217.0,4.0,1155.0,105.0,0
10.0,4126.0,208.0,278.0,5.0,1225.0,115.0,0
11.0,6601.0,173.0,233.0,3.0,1175.0,111.0,1
11.0,6602.0,147.0,78.0,4.0,720.0,114.0,0
16.0,2543.0,245.0,96.0,6.0,727.0,124.0,0
4.0,606.0,135.0,277.0,1.0,960.0,128.0,1
5.0,1071.0,184.0,197.0,5.0,400.0,83.0,0
7.0,371.0,79.0,154.0,5.0,1000.0,142.0,1
5.0,2561.0,216.0,16.0,5.0,615.0,150.0,0
15.0,3771.0,79.0,175.0,1.0,485.0,135.0,0
9.0,190.0,161.0,128.0,6.0,1001.0,30.0,0
0.0,4332.0,16.0,238.0,4.0,905.0,118.0,0
6.0,5073.0,157.0,16.0,3.0,435.0,91.0,1
8.0,1605.0,173.0,80.0,4.0,1259.0,172.0,0
10.0,4599.0,159.0,197.0,3.0,375.0,175.0,0
6.0,5304.0,135.0,71.0,6.0,420.0,138.0,0
5.0,1501.0,35.0,16.0,3.0,435.0,190.0,0
5.0,1266.0,16.0,177.0,6.0,1318.0,95.0,0
2.0,340.0,252.0,202.0,6.0,370.0,122.0,0
5.0,412.0,16.0,35.0,6.0,1290.0,148.0,0
15.0,882.0,22.0,45.0,5.0,755.0,70.0,1
0.0,3789.0,136.0,16.0,5.0,652.0,132.0,0
5.0,8.0,135.0,16.0,7.0,955.0,132.0,0
15.0,391.0,217.0,236.0,4.0,670.0,115.0,1
14.0,1733.0,78.0,60.0,5.0,825.0,86.0,0
12.0,6479.0,79.0,221.0,1.0,620.0,175.0,0
7.0,414.0,154.0,79.0,4.0,912.0,135.0,0
3.0,1254.0,134.0,35.0,3.0,980.0,90.0,1
3.0,1290.0,221.0,35.0,6.0,431.0,94.0,0
13.0,428.0,134.0,22.0,5.0,1325.0,88.0,0
15.0,1296.0,243.0,217.0,3.0,740.0,70.0,1
5.0,1124.0,154.0,253.0,5.0,425.0,82.0,0
12.0,6347.0,17.0,208.0,6.0,982.0,60.0,1
4.0,238.0,96.0,183.0,4.0,555.0,203.0,1
10.0,3705.0,78.0,208.0,7.0,1100.0,135.0,1
1.0,1547.0,277.0,80.0,7.0,586.0,170.0,0
1.0,1492.0,253.0,80.0,7.0,730.0,210.0,1
2.0,1.0,78.0,252.0,1.0,480.0,360.0,0
15.0,2020.0,214.0,262.0,7.0,1125.0,85.0,1
12.0,7046.0,79.0,279.0,3.0,612.0,90.0,1
12.0,6742.0,79.0,58.0,6.0,613.0,169.0,0
1.0,413.0,208.0,264.0,5.0,845.0,255.0,0
14.0,1203.0,60.0,135.0,1.0,1085.0,170.0,1
12.0,7028.0,79.0,244.0,3.0,630.0,128.0,0
8.0,1585.0,30.0,16.0,6.0,1060.0,94.0,0
16.0,2737.0,121.0,96.0,1.0,1052.0,117.0,1
0.0,3740.0,85.0,272.0,6.0,625.0,102.0,1
0.0,3712.0,85.0,228.0,5.0,1315.0,112.0,0
1.0,1701.0,18.0,80.0,1.0,730.0,65.0,1
14.0,1539.0,60.0,252.0,7.0,575.0,351.0,1
5.0,1578.0,16.0,134.0,1.0,910.0,112.0,0
14.0,1050.0,233.0,60.0,1.0,360.0,57.0,1
16.0,2370.0,197.0,58.0,1.0,715.0,105.0,0
15.0,514.0,153.0,261.0,4.0,780.0,75.0,0
1.0,1856.0,183.0,134.0,4.0,665.0,145.0,0
12.0,7787.0,261.0,220.0,5.0,1310.0,55.0,0
8.0,1226.0,221.0,104.0,7.0,1100.0,165.0,1
10.0,4071.0,208.0,290.0,3.0,790.0,105.0,0
14.0,1898.0,216.0,221.0,5.0,1235.0,70.0,0
2.0,368.0,252.0,262.0,5.0,630.0,106.0,0
1.0,557.0,183.0,208.0,4.0,660.0,190.0,0
8.0,1033.0,241.0,221.0,3.0,960.0,150.0,1
16.0,2448.0,162.0,135.0,3.0,420.0,85.0,1
8.0,324.0,253.0,16.0,4.0,770.0,270.0,0
5.0,2103.0,16.0,153.0,7.0,580.0,281.0,0
9.0,9.0,154.0,128.0,3.0,1030.0,355.0,1
15.0,3404.0,129.0,153.0,6.0,815.0,205.0,0
15.0,1218.0,153.0,202.0,4.0,475.0,90.0,0
14.0,794.0,183.0,216.0,1.0,975.0,174.0,1
0.0,3842.0,157.0,85.0,4.0,1029.0,91.0,1
12.0,4487.0,135.0,261.0,5.0,405.0,199.0,0
10.0,4263.0,285.0,208.0,3.0,1185.0,115.0,0
5.0,693.0,261.0,253.0,4.0,1200.0,121.0,0
6.0,7131.0,47.0,134.0,4.0,855.0,83.0,0
12.0,6505.0,163.0,253.0,3.0,315.0,95.0,0
15.0,274.0,141.0,173.0,4.0,430.0,170.0,0
1.0,1213.0,197.0,80.0,3.0,1135.0,155.0,0
15.0,2842.0,129.0,147.0,6.0,755.0,115.0,1
15.0,1532.0,146.0,45.0,4.0,865.0,130.0,0
14.0,1781.0,60.0,198.0,7.0,1105.0,133.0,0
15.0,9.0,198.0,268.0,7.0,705.0,105.0,0
8.0,358.0,16.0,159.0,4.0,1255.0,126.0,1
5.0,2983.0,85.0,195.0,6.0,1200.0,85.0,0
14.0,1522.0,60.0,216.0,4.0,980.0,107.0,1
3.0,1100.0,233.0,148.0,6.0,420.0,87.0,0
8.0,870.0,197.0,16.0,7.0,1084.0,151.0,0
15.0,556.0,207.0,262.0,3.0,1060.0,80.0,1
5.0,1280.0,16.0,148.0,4.0,575.0,144.0,0
0.0,3919.0,85.0,92.0,7.0,830.0,61.0,0
15.0,2434.0,236.0,175.0,6.0,755.0,230.0,0
4.0,37.0,96.0,173.0,1.0,809.0,171.0,0
8.0,1142.0,0.0,104.0,6.0,688.0,178.0,0
10.0,3745.0,208.0,216.0,5.0,980.0,115.0,0
13.0,112.0,79.0,277.0,1.0,626.0,206.0,0
5.0,2422.0,183.0,197.0,6.0,785.0,237.0,0
14.0,926.0,60.0,208.0,5.0,590.0,134.0,0
15.0,149.0,261.0,175.0,6.0,480.0,195.0,1
6.0,7085.0,121.0,134.0,1.0,618.0,82.0,1
6.0,5445.0,85.0,205.0,1.0,940.0,138.0,1
12.0,6370.0,253.0,232.0,5.0,1265.0,91.0,0
6.0,5555.0,157.0,16.0,1.0,1079.0,90.0,0
17.0,2749.0,217.0,246.0,6.0,1082.0,93.0,0
15.0,2426.0,277.0,147.0,6.0,520.0,50.0,0
5.0,2612.0,197.0,214.0,3.0,1040.0,225.0,0
13.0,16.0,243.0,208.0,7.0,378.0,244.0,0
16.0,3137.0,135.0,157.0,3.0,1195.0,129.0,0
5.0,2669.0,78.0,173.0,5.0,660.0,136.0,0
13.0,43.0,79.0,128.0,4.0,714.0,458.0,0
15.0,151.0,217.0,261.0,3.0,1085.0,95.0,0
6.0,5121.0,12.0,16.0,1.0,1060.0,168.0,1
15.0,3846.0,268.0,279.0,4.0,1175.0,75.0,0
8.0,431.0,184.0,16.0,5.0,385.0,129.0,0
2.0,641.0,217.0,252.0,6.0,420.0,188.0,0
1.0,1817.0,183.0,253.0,6.0,1235.0,380.0,1
6.0,5049.0,200.0,16.0,4.0,1072.0,97.0,1
13.0,292.0,253.0,173.0,5.0,808.0,315.0,1
8.0,51.0,16.0,154.0,6.0,1199.0,320.0,1
15.0,198.0,277.0,184.0,7.0,840.0,165.0,0
15.0,2220.0,277.0,175.0,6.0,1075.0,165.0,0
17.0,2926.0,91.0,217.0,7.0,370.0,80.0,0
12.0,6880.0,79.0,261.0,4.0,500.0,101.0,1
15.0,3599.0,268.0,153.0,3.0,765.0,230.0,1
1.0,1841.0,80.0,280.0,4.0,565.0,145.0,0
10.0,4063.0,117.0,208.0,5.0,640.0,60.0,0
1.0,1124.0,183.0,159.0,6.0,585.0,165.0,0
13.0,478.0,253.0,214.0,4.0,515.0,116.0,0
5.0,2407.0,197.0,208.0,4.0,780.0,81.0,0
4.0,1098.0,79.0,135.0,5.0,1008.0,137.0,0
10.0,4559.0,159.0,61.0,7.0,650.0,120.0,0
13.0,96.0,214.0,253.0,7.0,572.0,118.0,0
10.0,4595.0,159.0,233.0,5.0,700.0,105.0,0
10.0,2720.0,84.0,80.0,1.0,695.0,125.0,0
5.0,1973.0,16.0,183.0,5.0,1160.0,124.0,0
16.0,2622.0,135.0,47.0,7.0,635.0,124.0,0
1.0,144.0,154.0,134.0,6.0,865.0,290.0,0
0.0,3999.0,215.0,16.0,1.0,475.0,132.0,0
12.0,7761.0,261.0,89.0,1.0,1005.0,69.0,1
12.0,4441.0,261.0,102.0,4.0,602.0,107.0,0
13.0,525.0,96.0,79.0,7.0,1025.0,268.0,1
1.0,382.0,208.0,159.0,5.0,610.0,120.0,1
15.0,2297.0,277.0,33.0,1.0,420.0,115.0,0
12.0,7779.0,255.0,261.0,5.0,1170.0,75.0,0
11.0,6321.0,148.0,78.0,3.0,820.0,100.0,1
5.0,14.0,153.0,16.0,1.0,487.0,223.0,0
15.0,979.0,198.0,129.0,4.0,420.0,75.0,0
15.0,1135.0,22.0,79.0,4.0,515.0,275.0,1
10.0,3869.0,208.0,244.0,5.0,885.0,175.0,1
10.0,4387.0,78.0,233.0,4.0,810.0,65.0,0
1.0,1026.0,80.0,172.0,5.0,425.0,95.0,0
8.0,964.0,16.0,7.0,5.0,924.0,116.0,0
13.0,362.0,79.0,107.0,4.0,618.0,98.0,0
1.0,1876.0,183.0,159.0,7.0,1120.0,175.0,0
12.0,7770.0,261.0,255.0,3.0,433.0,81.0,0
5.0,2016.0,79.0,16.0,1.0,960.0,173.0,1
16.0,2187.0,96.0,197.0,1.0,390.0,192.0,0
15.0,634.0,45.0,251.0,3.0,1100.0,110.0,1
16.0,2567.0,33.0,96.0,5.0,1019.0,134.0,0
0.0,4269.0,162.0,85.0,4.0,1050.0,134.0,1
1.0,1492.0,253.0,80.0,3.0,730.0,210.0,0
15.0,988.0,204.0,75.0,7.0,1205.0,50.0,0
10.0,3515.0,80.0,162.0,1.0,840.0,65.0,0
12.0,6556.0,279.0,79.0,4.0,1195.0,110.0,0
12.0,6920.0,65.0,79.0,3.0,547.0,49.0,0
5.0,2662.0,154.0,148.0,6.0,480.0,325.0,0
13.0,523.0,107.0,79.0,1.0,817.0,108.0,0
12.0,6344.0,154.0,243.0,6.0,1355.0,48.0,0
17.0,2878.0,217.0,91.0,5.0,790.0,75.0,0
5.0,1658.0,159.0,197.0,5.0,610.0,190.0,0
10.0,3352.0,80.0,290.0,5.0,680.0,70.0,0
10.0,4609.0,159.0,85.0,5.0,550.0,130.0,0
15.0,1185.0,253.0,79.0,4.0,755.0,150.0,1
14.0,1229.0,78.0,60.0,3.0,1140.0,87.0,1
10.0,2948.0,80.0,156.0,4.0,660.0,70.0,0
4.0,1170.0,208.0,96.0,4.0,945.0,126.0,0
15.0,1274.0,18.0,243.0,6.0,595.0,190.0,0
14.0,1496.0,253.0,60.0,3.0,810.0,287.0,1
1.0,2274.0,80.0,279.0,4.0,1045.0,60.0,0
15.0,1715.0,261.0,34.0,1.0,495.0,70.0,0
15.0,475.0,268.0,277.0,7.0,590.0,135.0,1
3.0,562.0,104.0,272.0,3.0,1165.0,171.0,1
16.0,2907.0,135.0,158.0,3.0,1180.0,58.0,1
1.0,247.0,154.0,150.0,7.0,1050.0,345.0,0
15.0,2169.0,172.0,175.0,6.0,740.0,85.0,1
15.0,1027.0,172.0,75.0,3.0,575.0,95.0,1
10.0,2960.0,80.0,256.0,4.0,845.0,55.0,0
5.0,2220.0,208.0,85.0,5.0,615.0,87.0,0
6.0,7138.0,134.0,182.0,5.0,1025.0,91.0,0
3.0,1018.0,148.0,35.0,3.0,1370.0,63.0,1
8.0,958.0,104.0,45.0,1.0,1085.0,149.0,1
14.0,574.0,217.0,277.0,7.0,965.0,226.0,0
5.0,2405.0,216.0,85.0,6.0,350.0,115.0,0
12.0,4481.0,261.0,34.0,1.0,615.0,68.0,1
1.0,348.0,208.0,159.0,3.0,1135.0,125.0,1
5.0,1004.0,16.0,76.0,4.0,670.0,97.0,0
6.0,5199.0,16.0,52.0,5.0,1372.0,40.0,0
1.0,1158.0,80.0,244.0,4.0,990.0,70.0,1
15.0,2498.0,75.0,244.0,6.0,955.0,65.0,0
15.0,1739.0,153.0,45.0,5.0,580.0,275.0,1
15.0,121.0,262.0,154.0,1.0,970.0,80.0,0
0.0,3783.0,61.0,177.0,5.0,1080.0,107.0,0
1.0,1165.0,80.0,227.0,5.0,1130.0,190.0,0
13.0,615.0,78.0,208.0,1.0,688.0,127.0,0
5.0,2352.0,213.0,16.0,1.0,886.0,113.0,0
12.0,7794.0,261.0,271.0,5.0,1005.0,71.0,0
10.0,4526.0,61.0,159.0,4.0,625.0,110.0,0
4.0,422.0,198.0,135.0,7.0,568.0,72.0,0
16.0,5980.0,208.0,290.0,7.0,1079.0,108.0,0
4.0,223.0,14.0,252.0,6.0,49.0,201.0,0
8.0,363.0,159.0,16.0,6.0,420.0,160.0,0
16.0,2281.0,223.0,135.0,5.0,390.0,100.0,0
12.0,7021.0,154.0,214.0,7.0,1280.0,141.0,0
15.0,689.0,216.0,173.0,4.0,1110.0,165.0,0
15.0,1578.0,214.0,202.0,3.0,1200.0,100.0,0
14.0,393.0,153.0,80.0,7.0,580.0,158.0,0
15.0,2038.0,61.0,45.0,7.0,960.0,70.0,1
14.0,1702.0,277.0,60.0,5.0,815.0,97.0,0
14.0,679.0,268.0,217.0,7.0,430.0,227.0,1
11.0,6276.0,277.0,71.0,7.0,490.0,138.0,0
14.0,2041.0,35.0,78.0,4.0,960.0,92.0,1
7.0,383.0,104.0,79.0,6.0,460.0,268.0,0
10.0,4393.0,35.0,148.0,1.0,670.0,70.0,0
15.0,47.0,75.0,129.0,3.0,1080.0,65.0,1
5.0,1821.0,183.0,148.0,3.0,420.0,176.0,0
15.0,730.0,79.0,153.0,6.0,1135.0,120.0,1
13.0,697.0,79.0,153.0,3.0,616.0,123.0,0
12.0,6700.0,79.0,164.0,6.0,610.0,80.0,0
15.0,3395.0,153.0,277.0,4.0,990.0,250.0,1
16.0,2114.0,96.0,42.0,3.0,704.0,71.0,0
5.0,1209.0,35.0,261.0,4.0,390.0,342.0,0
13.0,436.0,264.0,208.0,1.0,500.0,235.0,1
6.0,5010.0,201.0,16.0,7.0,1111.0,102.0,0
16.0,5935.0,117.0,208.0,7.0,553.0,60.0,1
1.0,2045.0,78.0,208.0,3.0,1220.0,125.0,0
6.0,7089.0,134.0,237.0,7.0,1325.0,57.0,0
6.0,5552.0,16.0,285.0,3.0,950.0,55.0,0
5.0,1237.0,16.0,268.0,1.0,1048.0,103.0,1
17.0,2622.0,60.0,134.0,1.0,705.0,85.0,0
5.0,2810.0,104.0,177.0,7.0,998.0,162.0,0
10.0,3738.0,208.0,96.0,1.0,875.0,144.0,1
13.0,837.0,80.0,253.0,4.0,390.0,241.0,0
11.0,6298.0,71.0,85.0,3.0,801.0,84.0,0
11.0,6749.0,139.0,159.0,7.0,705.0,122.0,0
14.0,92.0,217.0,214.0,6.0,1080.0,163.0,1
13.0,524.0,208.0,35.0,1.0,365.0,139.0,1
13.0,846.0,134.0,253.0,1.0,490.0,362.0,0
1.0,1931.0,253.0,154.0,7.0,875.0,80.0,1
1.0,559.0,16.0,80.0,6.0,1085.0,155.0,0
12.0,6874.0,208.0,164.0,5.0,1040.0,95.0,1
13.0,671.0,217.0,253.0,4.0,377.0,138.0,0
11.0,6755.0,35.0,233.0,5.0,450.0,140.0,0
14.0,1437.0,60.0,154.0,4.0,1000.0,324.0,0
16.0,2974.0,135.0,172.0,1.0,630.0,113.0,1
11.0,6317.0,233.0,85.0,7.0,1120.0,122.0,0
11.0,6622.0,177.0,208.0,7.0,1175.0,109.0,1
5.0,1487.0,197.0,261.0,5.0,1315.0,172.0,1
13.0,48.0,203.0,154.0,6.0,1425.0,320.0,0
12.0,4664.0,112.0,197.0,1.0,890.0,80.0,1
12.0,7023.0,6.0,253.0,1.0,958.0,74.0,0
15.0,921.0,182.0,45.0,4.0,1010.0,100.0,0
4.0,1859.0,78.0,135.0,4.0,935.0,212.0,0
15.0,3843.0,262.0,44.0,4.0,485.0,70.0,0
15.0,811.0,252.0,172.0,7.0,630.0,205.0,1
12.0,6935.0,6.0,51.0,1.0,496.0,27.0,0
15.0,654.0,173.0,61.0,5.0,515.0,135.0,0
1.0,1355.0,35.0,80.0,5.0,440.0,270.0,0
15.0,2477.0,153.0,258.0,6.0,1055.0,85.0,1
15.0,673.0,244.0,131.0,5.0,450.0,55.0,0
0.0,3678.0,112.0,197.0,5.0,785.0,65.0,0
12.0,4719.0,261.0,160.0,3.0,515.0,113.0,0
10.0,3224.0,120.0,80.0,5.0,1025.0,195.0,1
5.0,2023.0,35.0,85.0,5.0,537.0,148.0,0
7.0,787.0,79.0,153.0,4.0,1005.0,114.0,0
4.0,212.0,135.0,260.0,1.0,610.0,252.0,1
14.0,1268.0,216.0,260.0,6.0,465.0,226.0,0
10.0,4225.0,117.0,208.0,3.0,800.0,65.0,1
16.0,2586.0,135.0,139.0,7.0,480.0,128.0,0
13.0,920.0,208.0,35.0,5.0,740.0,139.0,0
15.0,703.0,79.0,262.0,1.0,545.0,160.0,1
15.0,2850.0,251.0,175.0,6.0,675.0,70.0,1
4.0,1506.0,135.0,277.0,5.0,1160.0,124.0,0
12.0,6316.0,252.0,214.0,5.0,905.0,48.0,0
1.0,1430.0,80.0,277.0,6.0,475.0,135.0,0
5.0,2137.0,177.0,85.0,1.0,505.0,115.0,0
10.0,3604.0,71.0,183.0,4.0,430.0,170.0,0
13.0,58.0,208.0,253.0,4.0,604.0,291.0,0
1.0,1936.0,154.0,253.0,5.0,725.0,90.0,0
10.0,4614.0,85.0,159.0,3.0,720.0,105.0,1
0.0,4388.0,134.0,85.0,4.0,375.0,108.0,1
9.0,525.0,203.0,128.0,4.0,645.0,34.0,0
14.0,1468.0,78.0,43.0,4.0,980.0,72.0,0
1.0,1710.0,80.0,134.0,3.0,1270.0,155.0,0
13.0,306.0,154.0,45.0,4.0,650.0,303.0,0
16.0,2415.0,198.0,135.0,6.0,660.0,74.0,0
16.0,2484.0,96.0,172.0,1.0,770.0,197.0,0
3.0,102.0,148.0,43.0,6.0,1019.0,94.0,1
15.0,514.0,153.0,261.0,5.0,780.0,75.0,1
5.0,2815.0,16.0,217.0,1.0,654.0,256.0,1
3.0,920.0,208.0,35.0,5.0,420.0,131.0,1
13.0,261.0,253.0,154.0,5.0,364.0,95.0,0
7.0,319.0,78.0,184.0,5.0,375.0,130.0,1
5.0,1850.0,153.0,197.0,7.0,814.0,186.0,1
15.0,27.0,129.0,87.0,4.0,885.0,90.0,0
6.0,5595.0,16.0,95.0,4.0,1236.0,84.0,0
10.0,4314.0,221.0,148.0,7.0,740.0,90.0,1
13.0,279.0,208.0,79.0,3.0,666.0,165.0,0
5.0,2699.0,35.0,197.0,1.0,490.0,202.0,1
15.0,153.0,79.0,139.0,7.0,610.0,145.0,0
9.0,110.0,161.0,128.0,5.0,439.0,30.0,0
5.0,1925.0,45.0,16.0,1.0,600.0,120.0,1
12.0,6610.0,114.0,79.0,5.0,934.0,52.0,0
1.0,697.0,104.0,80.0,7.0,365.0,190.0,0
13.0,735.0,204.0,79.0,5.0,818.0,106.0,0
5.0,1632.0,261.0,243.0,3.0,1310.0,119.0,1
9.0,535.0,203.0,128.0,7.0,621.0,34.0,0
11.0,6564.0,22.0,71.0,4.0,1045.0,140.0,0
14.0,1269.0,60.0,233.0,1.0,575.0,50.0,1
10.0,4242.0,58.0,148.0,5.0,775.0,105.0,0
12.0,7811.0,110.0,261.0,4.0,840.0,122.0,0
12.0,6476.0,154.0,91.0,3.0,1204.0,111.0,0
12.0,6748.0,57.0,154.0,7.0,1037.0,39.0,0
1.0,803.0,80.0,183.0,3.0,540.0,155.0,1
5.0,724.0,264.0,16.0,3.0,660.0,254.0,0
4.0,1471.0,279.0,135.0,1.0,365.0,95.0,0
5.0,1625.0,45.0,16.0,5.0,360.0,120.0,0
12.0,6759.0,162.0,208.0,6.0,375.0,115.0,1
16.0,2209.0,58.0,121.0,1.0,1010.0,80.0,0
14.0,1190.0,80.0,60.0,7.0,730.0,142.0,1
6.0,5202.0,16.0,58.0,1.0,445.0,104.0,1
13.0,473.0,208.0,264.0,3.0,1208.0,269.0,0
15.0,3575.0,33.0,172.0,5.0,1030.0,105.0,0
1.0,2265.0,216.0,208.0,3.0,450.0,160.0,0
0.0,3881.0,129.0,16.0,6.0,1070.0,125.0,0
15.0,1.0,129.0,68.0,1.0,500.0,50.0,0
9.0,256.0,128.0,203.0,5.0,610.0,37.0,0
15.0,391.0,172.0,217.0,5.0,515.0,190.0,0
15.0,628.0,45.0,27.0,4.0,865.0,135.0,0
15.0,794.0,45.0,35.0,5.0,580.0,80.0,1
15.0,599.0,217.0,262.0,3.0,425.0,130.0,0
3.0,934.0,160.0,208.0,1.0,654.0,231.0,0
11.0,6364.0,71.0,174.0,7.0,1225.0,82.0,0
8.0,100.0,80.0,16.0,3.0,390.0,125.0,0
13.0,823.0,35.0,134.0,3.0,851.0,114.0,0
16.0,2424.0,71.0,96.0,3.0,962.0,125.0,0
13.0,145.0,253.0,154.0,4.0,541.0,94.0,0
8.0,1011.0,76.0,277.0,4.0,480.0,148.0,0
3.0,1206.0,241.0,130.0,4.0,650.0,160.0,0
9.0,172.0,161.0,128.0,6.0,849.0,32.0,0
10.0,3299.0,80.0,170.0,3.0,1220.0,75.0,0
5.0,2660.0,177.0,159.0,7.0,510.0,165.0,0
14.0,454.0,217.0,261.0,3.0,1270.0,99.0,0
13.0,132.0,208.0,233.0,4.0,855.0,116.0,0
10.0,4339.0,208.0,276.0,5.0,975.0,55.0,0
16.0,2843.0,78.0,58.0,5.0,880.0,70.0,0
15.0,3949.0,104.0,33.0,5.0,580.0,145.0,1
3.0,288.0,160.0,153.0,5.0,1200.0,65.0,0
12.0,4734.0,221.0,197.0,7.0,1160.0,135.0,1
3.0,18.0,104.0,148.0,5.0,616.0,158.0,0
15.0,1290.0,87.0,173.0,6.0,435.0,65.0,0
17.0,7280.0,42.0,208.0,1.0,1005.0,154.0,1
8.0,1587.0,30.0,16.0,6.0,420.0,94.0,0
2.0,520.0,252.0,44.0,3.0,940.0,144.0,1
12.0,7051.0,253.0,6.0,3.0,959.0,79.0,0
15.0,667.0,45.0,141.0,5.0,935.0,60.0,1
5.0,2950.0,153.0,197.0,4.0,1155.0,188.0,0
15.0,2643.0,154.0,280.0,3.0,460.0,80.0,1
5.0,2391.0,16.0,277.0,7.0,910.0,92.0,1
10.0,2973.0,80.0,190.0,5.0,1105.0,90.0,0
16.0,5985.0,33.0,208.0,3.0,392.0,107.0,0
13.0,158.0,214.0,253.0,7.0,1110.0,108.0,1
17.0,2831.0,217.0,280.0,5.0,1260.0,46.0,0
16.0,2730.0,135.0,217.0,4.0,455.0,175.0,0
15.0,1480.0,202.0,129.0,6.0,1040.0,215.0,0
5.0,1492.0,197.0,35.0,5.0,780.0,170.0,0
6.0,7110.0,134.0,229.0,1.0,1020.0,92.0,1
14.0,1455.0,60.0,253.0,4.0,580.0,349.0,1
15.0,1154.0,243.0,253.0,5.0,495.0,100.0,1
13.0,563.0,216.0,208.0,4.0,999.0,147.0,0
10.0,3691.0,58.0,183.0,4.0,1040.0,180.0,0
10.0,4068.0,208.0,195.0,6.0,1270.0,50.0,1
15.0,1367.0,173.0,33.0,6.0,1005.0,120.0,0
1.0,2416.0,154.0,80.0,7.0,440.0,180.0,0
15.0,2357.0,35.0,216.0,3.0,1040.0,105.0,1
15.0,1609.0,153.0,244.0,3.0,1170.0,145.0,1
12.0,6482.0,79.0,65.0,5.0,600.0,38.0,0
5.0,2004.0,104.0,85.0,5.0,740.0,187.0,1
15.0,2788.0,154.0,153.0,4.0,1235.0,60.0,1
1.0,417.0,80.0,18.0,4.0,1350.0,55.0,0
9.0,9.0,154.0,128.0,4.0,1030.0,355.0,0
12.0,6332.0,214.0,93.0,3.0,930.0,36.0,0
15.0,709.0,175.0,2.0,3.0,705.0,190.0,1
15.0,3762.0,243.0,153.0,7.0,800.0,70.0,0
13.0,69.0,79.0,154.0,1.0,635.0,155.0,1
14.0,1567.0,148.0,60.0,7.0,380.0,120.0,0
14.0,113.0,153.0,154.0,7.0,1190.0,67.0,0
1.0,802.0,264.0,80.0,7.0,580.0,170.0,0
11.0,6588.0,85.0,47.0,1.0,615.0,116.0,0
4.0,1048.0,135.0,104.0,7.0,465.0,138.0,0
10.0,3374.0,71.0,80.0,3.0,795.0,165.0,1
15.0,28.0,172.0,175.0,3.0,975.0,85.0,1
15.0,3762.0,75.0,91.0,7.0,650.0,105.0,1
12.0,4607.0,261.0,172.0,6.0,630.0,142.0,1
6.0,7114.0,148.0,134.0,3.0,1158.0,83.0,1
12.0,6904.0,208.0,172.0,7.0,749.0,99.0,0
15.0,2786.0,202.0,207.0,3.0,635.0,70.0,1
5.0,1289.0,134.0,16.0,7.0,1058.0,120.0,1
0.0,4382.0,87.0,16.0,5.0,330.0,67.0,0
12.0,4548.0,205.0,197.0,1.0,550.0,75.0,1
1.0,2559.0,96.0,80.0,1.0,900.0,245.0,0
5.0,2686.0,16.0,159.0,4.0,1120.0,136.0,1
1.0,829.0,80.0,65.0,5.0,1270.0,115.0,0
10.0,3039.0,154.0,100.0,7.0,550.0,60.0,0
8.0,1138.0,174.0,104.0,7.0,708.0,167.0,1
4.0,1581.0,96.0,252.0,7.0,530.0,374.0,0
15.0,2968.0,217.0,243.0,5.0,1130.0,65.0,1
14.0,414.0,253.0,60.0,4.0,440.0,285.0,1
5.0,1420.0,159.0,71.0,7.0,1048.0,139.0,1
13.0,37.0,253.0,203.0,5.0,855.0,335.0,0
14.0,457.0,217.0,261.0,5.0,670.0,101.0,1
4.0,1133.0,96.0,80.0,1.0,540.0,246.0,1
15.0,2889.0,233.0,216.0,6.0,635.0,75.0,0
16.0,5896.0,152.0,208.0,3.0,929.0,71.0,1
5.0,1827.0,16.0,104.0,6.0,668.0,120.0,0
10.0,3024.0,154.0,236.0,1.0,750.0,90.0,0
6.0,7120.0,134.0,159.0,6.0,882.0,83.0,0
6.0,5169.0,130.0,16.0,4.0,360.0,151.0,0
13.0,459.0,159.0,208.0,3.0,450.0,157.0,0
5.0,1616.0,79.0,16.0,4.0,440.0,168.0,0
4.0,1431.0,35.0,58.0,3.0,1070.0,126.0,1
12.0,4441.0,102.0,261.0,7.0,735.0,95.0,1
0.0,3929.0,197.0,99.0,3.0,560.0,74.0,0
12.0,6256.0,208.0,58.0,3.0,966.0,76.0,1
15.0,831.0,217.0,214.0,4.0,820.0,175.0,1
3.0,672.0,154.0,148.0,1.0,709.0,311.0,1
8.0,439.0,184.0,16.0,6.0,1114.0,121.0,0
16.0,2914.0,172.0,96.0,3.0,1050.0,160.0,0
11.0,6327.0,60.0,71.0,6.0,420.0,101.0,0
5.0,2994.0,16.0,216.0,3.0,1147.0,129.0,0
14.0,335.0,154.0,217.0,7.0,470.0,88.0,0
5.0,1322.0,198.0,16.0,7.0,975.0,93.0,1
16.0,3094.0,135.0,121.0,1.0,635.0,121.0,0
0.0,3732.0,187.0,85.0,1.0,968.0,97.0,1
4.0,519.0,277.0,96.0,6.0,785.0,160.0,0
6.0,5091.0,19.0,16.0,3.0,910.0,79.0,0
10.0,4157.0,33.0,208.0,7.0,1120.0,105.0,0
5.0,2674.0,173.0,78.0,3.0,1015.0,122.0,1
6.0,5397.0,16.0,10.0,6.0,1245.0,102.0,0
15.0,2979.0,172.0,175.0,7.0,1145.0,80.0,0
15.0,1162.0,129.0,147.0,3.0,695.0,115.0,1
10.0,2960.0,80.0,256.0,5.0,845.0,55.0,1
14.0,192.0,217.0,243.0,3.0,1270.0,73.0,0
8.0,1091.0,139.0,173.0,4.0,465.0,145.0,0
15.0,682.0,18.0,79.0,4.0,370.0,140.0,0
6.0,5416.0,158.0,16.0,7.0,575.0,101.0,0
15.0,490.0,129.0,18.0,4.0,1215.0,45.0,0
3.0,7.0,43.0,148.0,6.0,1018.0,92.0,0
15.0,853.0,153.0,18.0,1.0,565.0,150.0,1
6.0,5558.0,85.0,216.0,7.0,915.0,120.0,1
10.0,3283.0,170.0,80.0,4.0,690.0,65.0,1
15.0,1381.0,85.0,175.0,5.0,790.0,65.0,1
10.0,4017.0,208.0,174.0,7.0,570.0,105.0,1
15.0,2885.0,153.0,79.0,1.0,365.0,115.0,1
5.0,2336.0,148.0,197.0,6.0,955.0,210.0,0
11.0,6452.0,85.0,134.0,5.0,620.0,96.0,0
16.0,2266.0,16.0,58.0,1.0,892.0,102.0,1
12.0,6463.0,262.0,154.0,3.0,375.0,95.0,0
1.0,1928.0,154.0,253.0,4.0,595.0,100.0,0
8.0,1742.0,221.0,173.0,6.0,769.0,140.0,0
0.0,3970.0,27.0,177.0,5.0,390.0,68.0,0
10.0,4051.0,208.0,33.0,4.0,1085.0,90.0,0
5.0,2280.0,268.0,16.0,5.0,360.0,110.0,0
13.0,902.0,79.0,134.0,1.0,645.0,197.0,1
1.0,400.0,80.0,148.0,3.0,655.0,205.0,1
1.0,1367.0,80.0,135.0,5.0,1205.0,70.0,0
11.0,6638.0,85.0,69.0,5.0,1300.0,80.0,0
5.0,2358.0,197.0,153.0,7.0,1175.0,204.0,0
8.0,959.0,238.0,45.0,3.0,890.0,76.0,1
15.0,1003.0,280.0,153.0,4.0,1230.0,80.0,0
10.0,3758.0,18.0,208.0,6.0,705.0,155.0,1
1.0,1482.0,260.0,183.0,7.0,450.0,160.0,0
3.0,1600.0,35.0,78.0,4.0,450.0,102.0,0
12.0,6373.0,154.0,246.0,5.0,628.0,40.0,0
0.0,4317.0,177.0,155.0,6.0,820.0,120.0,0
10.0,4532.0,33.0,78.0,1.0,660.0,95.0,0
11.0,6385.0,159.0,71.0,7.0,780.0,143.0,0
16.0,3088.0,135.0,172.0,6.0,580.0,108.0,0
15.0,1259.0,244.0,75.0,7.0,695.0,60.0,0
6.0,5209.0,47.0,16.0,6.0,827.0,74.0,0
1.0,1118.0,80.0,221.0,7.0,1100.0,150.0,1
11.0,6389.0,172.0,71.0,6.0,925.0,106.0,0
6.0,5214.0,16.0,58.0,6.0,590.0,112.0,0
15.0,1057.0,111.0,202.0,7.0,465.0,135.0,0
0.0,3934.0,279.0,177.0,6.0,380.0,83.0,0
16.0,2216.0,147.0,96.0,4.0,678.0,132.0,0
0.0,4197.0,85.0,84.0,7.0,740.0,115.0,0
5.0,2256.0,197.0,85.0,4.0,828.0,102.0,1
6.0,7072.0,182.0,134.0,7.0,860.0,110.0,0
2.0,340.0,252.0,202.0,1.0,370.0,122.0,0
10.0,4235.0,208.0,84.0,1.0,570.0,75.0,1
15.0,2102.0,258.0,264.0,1.0,495.0,75.0,1
17.0,2857.0,217.0,103.0,4.0,980.0,60.0,0
3.0,1125.0,233.0,104.0,1.0,645.0,120.0,0
5.0,1742.0,217.0,261.0,3.0,1056.0,96.0,0
1.0,1822.0,80.0,76.0,7.0,875.0,130.0,0
5.0,1010.0,16.0,60.0,3.0,670.0,78.0,0
1.0,607.0,35.0,208.0,3.0,1035.0,185.0,1
9.0,155.0,203.0,128.0,4.0,519.0,34.0,0
0.0,4147.0,85.0,43.0,4.0,825.0,75.0,1
15.0,490.0,205.0,175.0,3.0,915.0,80.0,0
5.0,2935.0,85.0,197.0,1.0,925.0,118.0,0
15.0,1363.0,173.0,268.0,7.0,1005.0,155.0,1
1.0,1348.0,35.0,183.0,1.0,850.0,215.0,0
10.0,3215.0,80.0,129.0,5.0,635.0,65.0,0
16.0,2157.0,96.0,147.0,3.0,750.0,154.0,1
5.0,1569.0,16.0,173.0,4.0,905.0,90.0,0
6.0,5400.0,174.0,16.0,5.0,1035.0,137.0,1
1.0,1810.0,80.0,60.0,4.0,510.0,135.0,0
5.0,1801.0,228.0,16.0,3.0,1080.0,175.0,0
11.0,6365.0,85.0,71.0,5.0,1165.0,81.0,0
5.0,1121.0,45.0,261.0,7.0,440.0,300.0,0
0.0,4268.0,177.0,223.0,5.0,870.0,85.0,0
8.0,601.0,45.0,241.0,3.0,500.0,161.0,1
15.0,1824.0,209.0,175.0,3.0,590.0,140.0,0
15.0,2810.0,153.0,44.0,1.0,410.0,65.0,1
1.0,1506.0,183.0,35.0,6.0,820.0,185.0,1
12.0,7756.0,261.0,49.0,4.0,1005.0,67.0,0
1.0,1455.0,183.0,253.0,5.0,930.0,375.0,0
13.0,627.0,78.0,208.0,5.0,1053.0,132.0,0
10.0,3335.0,56.0,80.0,3.0,765.0,135.0,1
3.0,1082.0,60.0,148.0,4.0,659.0,107.0,0
15.0,301.0,217.0,264.0,4.0,555.0,80.0,1
12.0,4647.0,122.0,261.0,1.0,785.0,85.0,0
1.0,1808.0,183.0,79.0,5.0,1235.0,270.0,1
12.0,6257.0,279.0,79.0,1.0,733.0,106.0,0
3.0,1058.0,221.0,148.0,1.0,625.0,79.0,1
10.0,3029.0,154.0,79.0,5.0,1125.0,140.0,1
0.0,3713.0,85.0,109.0,4.0,1170.0,61.0,0
5.0,1773.0,16.0,183.0,4.0,965.0,115.0,0
15.0,913.0,264.0,217.0,7.0,465.0,85.0,1
8.0,337.0,216.0,16.0,1.0,1029.0,136.0,1
1.0,1755.0,2.0,80.0,6.0,360.0,105.0,0
14.0,2185.0,159.0,78.0,5.0,1080.0,78.0,0
6.0,5049.0,200.0,16.0,3.0,1072.0,97.0,0
14.0,902.0,60.0,209.0,4.0,565.0,60.0,1
4.0,1155.0,213.0,96.0,6.0,825.0,169.0,0
14.0,1728.0,173.0,60.0,1.0,835.0,96.0,1
6.0,5006.0,16.0,273.0,6.0,1247.0,130.0,0
16.0,2902.0,135.0,158.0,7.0,1060.0,53.0,1
3.0,139.0,148.0,241.0,4.0,990.0,203.0,1
15.0,827.0,79.0,279.0,5.0,1090.0,90.0,1
5.0,2645.0,85.0,253.0,4.0,1160.0,321.0,0
15.0,2131.0,104.0,129.0,6.0,990.0,180.0,0
7.0,844.0,252.0,79.0,1.0,530.0,151.0,0
4.0,241.0,135.0,18.0,5.0,780.0,51.0,1
15.0,580.0,172.0,217.0,1.0,730.0,185.0,0
7.0,790.0,214.0,79.0,6.0,385.0,144.0,0
12.0,7052.0,79.0,34.0,7.0,500.0,128.0,0
15.0,829.0,153.0,79.0,3.0,1105.0,115.0,1
5.0,1478.0,177.0,35.0,7.0,1150.0,169.0,0
13.0,397.0,153.0,208.0,3.0,686.0,225.0,0
16.0,2609.0,96.0,184.0,7.0,1175.0,159.0,0
15.0,124.0,243.0,217.0,6.0,780.0,70.0,1
13.0,955.0,253.0,243.0,3.0,985.0,97.0,0
4.0,289.0,85.0,135.0,7.0,885.0,187.0,0
10.0,2922.0,38.0,80.0,3.0,1050.0,95.0,0
5.0,1025.0,245.0,16.0,4.0,1000.0,76.0,0
5.0,2639.0,78.0,16.0,1.0,540.0,125.0,0
3.0,83.0,148.0,252.0,3.0,795.0,374.0,1
15.0,801.0,79.0,253.0,6.0,1135.0,170.0,1
14.0,16.0,253.0,217.0,1.0,725.0,116.0,1
6.0,7110.0,229.0,134.0,5.0,1144.0,107.0,0
15.0,1615.0,79.0,253.0,4.0,515.0,175.0,1
12.0,6946.0,100.0,154.0,7.0,1082.0,69.0,0
15.0,291.0,202.0,207.0,6.0,435.0,75.0,0
15.0,755.0,45.0,221.0,4.0,610.0,60.0,1
1.0,436.0,264.0,80.0,6.0,650.0,170.0,1
15.0,1633.0,175.0,228.0,1.0,840.0,125.0,1
15.0,3917.0,216.0,213.0,1.0,850.0,170.0,1
14.0,1291.0,60.0,277.0,6.0,990.0,105.0,0
15.0,1019.0,253.0,154.0,4.0,385.0,75.0,0
2.0,650.0,214.0,217.0,1.0,830.0,154.0,0
5.0,2531.0,159.0,85.0,4.0,870.0,118.0,1
15.0,1904.0,35.0,175.0,6.0,410.0,175.0,1
16.0,2455.0,96.0,228.0,4.0,1290.0,58.0,0
16.0,2555.0,116.0,135.0,3.0,715.0,85.0,0
15.0,384.0,279.0,268.0,5.0,435.0,70.0,0
6.0,5188.0,162.0,16.0,4.0,1105.0,103.0,0
14.0,1602.0,277.0,60.0,5.0,1035.0,102.0,0
10.0,4299.0,43.0,208.0,4.0,690.0,115.0,0
6.0,7137.0,134.0,47.0,4.0,1045.0,87.0,0
15.0,1760.0,279.0,268.0,1.0,975.0,70.0,1
14.0,1190.0,60.0,221.0,6.0,1000.0,84.0,0
15.0,7.0,172.0,75.0,1.0,395.0,95.0,1
2.0,99.0,252.0,14.0,3.0,780.0,221.0,0
10.0,3679.0,275.0,183.0,3.0,530.0,85.0,0
3.0,434.0,173.0,35.0,7.0,965.0,164.0,1
8.0,239.0,16.0,234.0,5.0,525.0,88.0,0
15.0,1140.0,129.0,91.0,3.0,530.0,120.0,0
13.0,701.0,172.0,79.0,1.0,972.0,118.0,0
0.0,3933.0,61.0,177.0,4.0,731.0,112.0,0
1.0,2088.0,183.0,159.0,1.0,660.0,180.0,1
12.0,6865.0,79.0,102.0,6.0,1136.0,138.0,0
2.0,183.0,14.0,98.0,3.0,610.0,61.0,0
15.0,1015.0,244.0,45.0,4.0,430.0,190.0,0
3.0,296.0,160.0,252.0,7.0,1189.0,160.0,1
15.0,375.0,217.0,243.0,7.0,450.0,70.0,1
0.0,3923.0,135.0,177.0,5.0,360.0,95.0,0
16.0,2924.0,135.0,205.0,7.0,685.0,123.0,0
5.0,1318.0,177.0,45.0,7.0,1145.0,120.0,0
17.0,2763.0,91.0,217.0,3.0,735.0,81.0,0
3.0,436.0,173.0,35.0,7.0,1250.0,159.0,0
15.0,1055.0,173.0,216.0,5.0,730.0,145.0,0
13.0,220.0,253.0,134.0,3.0,980.0,303.0,0
13.0,420.0,208.0,238.0,7.0,1080.0,98.0,1
15.0,3756.0,154.0,262.0,4.0,375.0,80.0,0
14.0,1423.0,78.0,60.0,5.0,345.0,85.0,0
15.0,16.0,13.0,153.0,4.0,775.0,135.0,1
11.0,6492.0,148.0,273.0,5.0,1305.0,92.0,0
17.0,7306.0,273.0,134.0,1.0,618.0,77.0,0
17.0,2757.0,84.0,217.0,7.0,890.0,185.0,0
15.0,586.0,217.0,175.0,7.0,730.0,205.0,1
1.0,499.0,22.0,80.0,3.0,795.0,250.0,0
15.0,1252.0,268.0,45.0,3.0,400.0,120.0,0
15.0,45.0,175.0,268.0,1.0,830.0,65.0,1
12.0,4543.0,261.0,204.0,5.0,1200.0,135.0,0
3.0,1247.0,35.0,60.0,4.0,1170.0,143.0,1
2.0,857.0,252.0,203.0,3.0,500.0,375.0,0
1.0,1067.0,61.0,80.0,3.0,1105.0,175.0,1
5.0,1740.0,153.0,261.0,7.0,650.0,83.0,0
12.0,6871.0,192.0,79.0,5.0,948.0,97.0,0
12.0,6750.0,15.0,79.0,6.0,620.0,55.0,0
14.0,2131.0,35.0,159.0,6.0,840.0,77.0,0
12.0,6668.0,79.0,99.0,6.0,610.0,113.0,1
5.0,2822.0,217.0,85.0,1.0,733.0,232.0,1
12.0,6427.0,236.0,253.0,7.0,1221.0,69.0,0
12.0,6821.0,253.0,231.0,3.0,515.0,64.0,0
16.0,2787.0,290.0,135.0,5.0,734.0,99.0,0
15.0,1717.0,18.0,75.0,1.0,955.0,55.0,1
4.0,1792.0,96.0,173.0,3.0,1090.0,182.0,1
15.0,437.0,251.0,175.0,1.0,660.0,70.0,1
15.0,1379.0,45.0,43.0,6.0,800.0,65.0,0
15.0,3415.0,244.0,75.0,5.0,870.0,60.0,0
14.0,270.0,135.0,217.0,7.0,360.0,172.0,0
15.0,3601.0,12.0,277.0,5.0,655.0,205.0,0
0.0,3912.0,136.0,177.0,5.0,720.0,93.0,0
12.0,6845.0,253.0,246.0,4.0,819.0,82.0,1
15.0,702.0,153.0,2.0,3.0,515.0,80.0,0
16.0,2298.0,135.0,139.0,3.0,935.0,130.0,0
8.0,465.0,45.0,16.0,3.0,565.0,124.0,1
4.0,807.0,80.0,135.0,1.0,920.0,70.0,0
6.0,7074.0,12.0,208.0,4.0,858.0,149.0,0
15.0,594.0,2.0,75.0,6.0,780.0,95.0,0
1.0,743.0,159.0,80.0,5.0,755.0,240.0,0
1.0,1539.0,208.0,268.0,5.0,1255.0,70.0,0
15.0,249.0,75.0,162.0,1.0,885.0,60.0,1
0.0,3944.0,197.0,171.0,4.0,1160.0,88.0,0
16.0,2660.0,290.0,135.0,1.0,385.0,104.0,0
1.0,617.0,80.0,243.0,6.0,755.0,195.0,1
7.0,784.0,153.0,79.0,4.0,688.0,112.0,0
2.0,631.0,280.0,252.0,5.0,1005.0,190.0,0
12.0,6340.0,208.0,19.0,6.0,797.0,105.0,0
16.0,3117.0,96.0,78.0,7.0,1170.0,77.0,0
15.0,1130.0,139.0,175.0,7.0,1125.0,60.0,0
0.0,4033.0,159.0,285.0,6.0,955.0,129.0,0
12.0,4801.0,135.0,261.0,1.0,850.0,195.0,1
0.0,4014.0,139.0,85.0,6.0,390.0,80.0,0
16.0,5921.0,208.0,107.0,4.0,1255.0,94.0,0
0.0,4388.0,85.0,195.0,6.0,540.0,87.0,0
15.0,1773.0,175.0,268.0,4.0,1030.0,70.0,1
5.0,1735.0,154.0,161.0,4.0,835.0,373.0,0
13.0,630.0,198.0,79.0,4.0,899.0,180.0,0
14.0,2184.0,78.0,159.0,7.0,1140.0,85.0,0
16.0,5970.0,281.0,208.0,6.0,377.0,79.0,1
0.0,4293.0,148.0,43.0,5.0,655.0,125.0,1
12.0,4782.0,253.0,154.0,6.0,1220.0,90.0,0
15.0,2124.0,280.0,2.0,6.0,425.0,60.0,0
15.0,3833.0,279.0,217.0,7.0,1045.0,165.0,1
10.0,3562.0,58.0,80.0,1.0,1100.0,185.0,1
12.0,6987.0,33.0,208.0,5.0,1110.0,108.0,0
16.0,2634.0,131.0,135.0,7.0,1014.0,86.0,0
5.0,1044.0,16.0,233.0,4.0,1160.0,93.0,1
14.0,1242.0,217.0,78.0,7.0,795.0,248.0,1
0.0,3798.0,85.0,0.0,3.0,630.0,92.0,1
4.0,303.0,96.0,135.0,7.0,645.0,228.0,1
15.0,1753.0,104.0,173.0,1.0,760.0,60.0,1
15.0,2962.0,182.0,277.0,7.0,615.0,220.0,0
12.0,6501.0,162.0,79.0,7.0,1166.0,145.0,0
10.0,3822.0,208.0,197.0,3.0,655.0,95.0,1
1.0,832.0,80.0,172.0,5.0,670.0,90.0,1
5.0,2073.0,61.0,16.0,1.0,485.0,100.0,0
5.0,1299.0,261.0,154.0,5.0,695.0,120.0,1
12.0,6561.0,79.0,122.0,4.0,1293.0,118.0,1
5.0,2110.0,80.0,16.0,4.0,795.0,121.0,0
15.0,2903.0,18.0,75.0,5.0,805.0,55.0,0
17.0,1048.0,128.0,143.0,6.0,510.0,49.0,0
7.0,510.0,79.0,159.0,3.0,645.0,221.0,1
5.0,246.0,154.0,148.0,1.0,390.0,320.0,0
0.0,3832.0,177.0,60.0,7.0,870.0,101.0,0
10.0,3653.0,183.0,251.0,7.0,705.0,155.0,0
10.0,3248.0,118.0,80.0,6.0,1000.0,50.0,1
12.0,6688.0,136.0,79.0,3.0,595.0,96.0,0
15.0,3491.0,170.0,129.0,5.0,580.0,80.0,0
5.0,1329.0,85.0,183.0,5.0,840.0,180.0,1
14.0,145.0,264.0,217.0,3.0,765.0,76.0,0
15.0,491.0,213.0,45.0,3.0,1055.0,145.0,1
5.0,1714.0,207.0,16.0,7.0,1380.0,240.0,1
12.0,4864.0,197.0,33.0,4.0,1040.0,138.0,1
13.0,116.0,154.0,208.0,7.0,772.0,243.0,1
15.0,826.0,34.0,261.0,4.0,1110.0,60.0,0
5.0,1786.0,16.0,159.0,4.0,580.0,148.0,0
1.0,1143.0,277.0,80.0,1.0,360.0,170.0,0
12.0,6326.0,253.0,24.0,4.0,1095.0,67.0,0
2.0,614.0,252.0,153.0,7.0,1230.0,143.0,1
6.0,5014.0,16.0,130.0,1.0,590.0,149.0,0
17.0,7292.0,208.0,54.0,4.0,1135.0,121.0,1
1.0,297.0,154.0,128.0,5.0,995.0,365.0,0
5.0,1064.0,139.0,16.0,4.0,1105.0,100.0,0
12.0,4680.0,280.0,261.0,5.0,508.0,115.0,0
13.0,54.0,150.0,253.0,4.0,1315.0,311.0,1
14.0,630.0,217.0,221.0,5.0,815.0,229.0,1
12.0,6632.0,79.0,254.0,7.0,610.0,107.0,0
16.0,2445.0,35.0,58.0,4.0,370.0,125.0,0
10.0,2844.0,181.0,80.0,1.0,995.0,90.0,0
8.0,691.0,267.0,16.0,5.0,674.0,96.0,0
13.0,83.0,134.0,154.0,5.0,556.0,351.0,1
1.0,813.0,18.0,154.0,5.0,735.0,195.0,0
12.0,6501.0,79.0,162.0,1.0,963.0,116.0,0
15.0,821.0,153.0,104.0,7.0,575.0,275.0,0
1.0,578.0,258.0,80.0,4.0,515.0,210.0,0
15.0,2812.0,175.0,172.0,1.0,920.0,95.0,1
15.0,20.0,45.0,129.0,3.0,465.0,225.0,1
8.0,864.0,173.0,16.0,5.0,1040.0,93.0,0
10.0,4341.0,208.0,234.0,3.0,460.0,115.0,1
12.0,4507.0,79.0,261.0,1.0,530.0,95.0,0
1.0,1263.0,183.0,135.0,3.0,455.0,175.0,0
13.0,187.0,134.0,253.0,5.0,391.0,368.0,0
15.0,3395.0,243.0,153.0,3.0,880.0,70.0,1
12.0,6497.0,79.0,162.0,3.0,651.0,125.0,0
5.0,1797.0,16.0,258.0,4.0,1161.0,332.0,1
1.0,1156.0,208.0,183.0,1.0,600.0,185.0,1
5.0,2891.0,261.0,264.0,3.0,660.0,115.0,0
13.0,370.0,80.0,134.0,3.0,713.0,182.0,0
10.0,4242.0,58.0,148.0,3.0,775.0,105.0,0
8.0,355.0,159.0,16.0,7.0,794.0,155.0,0
1.0,1520.0,154.0,183.0,3.0,725.0,300.0,1
0.0,4150.0,139.0,78.0,4.0,743.0,95.0,0
16.0,2944.0,135.0,177.0,1.0,960.0,93.0,1
5.0,2374.0,198.0,85.0,7.0,1058.0,151.0,0
16.0,2314.0,91.0,135.0,1.0,390.0,109.0,0
15.0,2720.0,153.0,18.0,3.0,1020.0,155.0,1
14.0,4.0,217.0,153.0,6.0,680.0,75.0,1
3.0,190.0,153.0,148.0,5.0,657.0,300.0,1
15.0,1381.0,243.0,202.0,5.0,1235.0,85.0,1
2.0,92.0,14.0,252.0,5.0,870.0,202.0,0
1.0,1616.0,80.0,18.0,4.0,1020.0,55.0,0
5.0,2090.0,79.0,148.0,3.0,673.0,237.0,1
14.0,1516.0,45.0,216.0,3.0,450.0,52.0,0
12.0,6945.0,79.0,204.0,3.0,840.0,89.0,1
16.0,2082.0,58.0,78.0,3.0,487.0,72.0,0
14.0,487.0,60.0,79.0,4.0,710.0,234.0,0
15.0,524.0,172.0,139.0,3.0,520.0,80.0,0
5.0,1295.0,16.0,186.0,3.0,890.0,93.0,0
4.0,633.0,159.0,135.0,6.0,345.0,233.0,0
13.0,311.0,96.0,79.0,1.0,480.0,279.0,0
1.0,1352.0,80.0,204.0,7.0,535.0,55.0,0
5.0,1394.0,159.0,35.0,3.0,1110.0,74.0,0
1.0,1387.0,208.0,153.0,4.0,880.0,250.0,1
4.0,1810.0,262.0,135.0,7.0,360.0,218.0,0
15.0,3764.0,27.0,268.0,5.0,685.0,80.0,1
12.0,6267.0,100.0,253.0,3.0,1170.0,54.0,0
17.0,2944.0,18.0,60.0,6.0,425.0,157.0,0
5.0,1276.0,197.0,16.0,7.0,320.0,158.0,0
5.0,2499.0,197.0,217.0,7.0,545.0,207.0,1
13.0,624.0,208.0,78.0,4.0,1085.0,111.0,1
1.0,2203.0,159.0,183.0,3.0,360.0,190.0,1
16.0,5997.0,208.0,205.0,6.0,735.0,100.0,1
13.0,579.0,84.0,79.0,4.0,492.0,123.0,0
11.0,6382.0,85.0,132.0,1.0,520.0,122.0,1
10.0,2853.0,80.0,254.0,5.0,1120.0,75.0,1
14.0,1513.0,60.0,217.0,5.0,779.0,276.0,0
15.0,2357.0,216.0,221.0,5.0,1170.0,80.0,0
15.0,783.0,217.0,91.0,3.0,1205.0,65.0,1
15.0,1096.0,262.0,153.0,1.0,770.0,80.0,1
14.0,2031.0,35.0,78.0,1.0,660.0,92.0,0
15.0,1216.0,33.0,85.0,5.0,1200.0,95.0,0
4.0,467.0,135.0,252.0,6.0,1262.0,279.0,1
2.0,699.0,111.0,252.0,4.0,420.0,67.0,0
5.0,1751.0,197.0,153.0,6.0,540.0,213.0,0
17.0,2822.0,227.0,217.0,3.0,1150.0,83.0,0
17.0,2651.0,217.0,24.0,6.0,660.0,93.0,0
15.0,827.0,79.0,279.0,7.0,1090.0,90.0,1
4.0,279.0,135.0,244.0,1.0,715.0,61.0,1
15.0,1762.0,202.0,79.0,1.0,370.0,155.0,0
15.0,1421.0,252.0,217.0,7.0,1080.0,170.0,0
1.0,993.0,277.0,183.0,4.0,440.0,65.0,1
7.0,472.0,184.0,241.0,4.0,427.0,181.0,0
15.0,3160.0,45.0,18.0,6.0,890.0,235.0,0
12.0,6479.0,221.0,79.0,7.0,950.0,229.0,0
12.0,6284.0,214.0,154.0,4.0,1152.0,138.0,0
5.0,1180.0,261.0,173.0,4.0,1019.0,254.0,0
10.0,4529.0,35.0,148.0,5.0,1110.0,90.0,0
15.0,912.0,104.0,173.0,3.0,1100.0,60.0,1
6.0,5010.0,201.0,16.0,5.0,1111.0,102.0,1
5.0,2711.0,245.0,16.0,4.0,330.0,65.0,0
14.0,1256.0,147.0,78.0,3.0,870.0,100.0,0
15.0,425.0,129.0,244.0,7.0,695.0,55.0,0
15.0,964.0,175.0,43.0,3.0,840.0,85.0,1
14.0,1288.0,233.0,216.0,6.0,430.0,82.0,0
11.0,6381.0,148.0,35.0,4.0,1210.0,96.0,1
15.0,860.0,184.0,217.0,3.0,840.0,235.0,1
6.0,5229.0,135.0,177.0,7.0,980.0,99.0,0
17.0,2752.0,246.0,217.0,4.0,1135.0,86.0,0
14.0,567.0,217.0,173.0,4.0,599.0,246.0,0
15.0,1557.0,217.0,258.0,3.0,785.0,115.0,1
15.0,304.0,173.0,27.0,6.0,950.0,95.0,1
8.0,962.0,35.0,48.0,5.0,1199.0,109.0,0
5.0,2848.0,104.0,22.0,7.0,725.0,178.0,0
10.0,3958.0,208.0,238.0,7.0,810.0,100.0,0
12.0,6842.0,134.0,80.0,5.0,1006.0,214.0,0
5.0,1908.0,79.0,197.0,4.0,920.0,119.0,0
16.0,5970.0,152.0,208.0,3.0,340.0,71.0,0
2.0,11.0,96.0,252.0,1.0,450.0,375.0,0
1.0,145.0,35.0,154.0,5.0,1010.0,395.0,0
2.0,14.0,252.0,96.0,7.0,905.0,307.0,0
15.0,429.0,175.0,22.0,5.0,1230.0,120.0,1
4.0,460.0,96.0,244.0,7.0,1175.0,276.0,1
12.0,6558.0,236.0,79.0,1.0,365.0,129.0,0
14.0,365.0,45.0,217.0,7.0,400.0,320.0,0
2.0,99.0,252.0,14.0,5.0,780.0,221.0,1
5.0,1560.0,252.0,71.0,5.0,740.0,257.0,1
15.0,2102.0,264.0,217.0,3.0,595.0,70.0,1
0.0,3708.0,16.0,198.0,6.0,823.0,97.0,0
1.0,1481.0,204.0,80.0,1.0,835.0,60.0,0
13.0,702.0,35.0,208.0,1.0,795.0,169.0,0
16.0,2155.0,197.0,96.0,4.0,550.0,149.0,0
15.0,637.0,221.0,216.0,4.0,1195.0,85.0,1
13.0,681.0,159.0,208.0,1.0,781.0,153.0,1
15.0,2710.0,233.0,268.0,7.0,1060.0,140.0,1
5.0,2627.0,85.0,198.0,6.0,825.0,159.0,0
15.0,2968.0,217.0,243.0,3.0,1130.0,65.0,1
14.0,407.0,96.0,217.0,6.0,610.0,329.0,0
1.0,470.0,100.0,80.0,1.0,810.0,195.0,0
16.0,2144.0,96.0,238.0,5.0,1020.0,84.0,0
4.0,763.0,135.0,198.0,5.0,1000.0,67.0,0
15.0,691.0,75.0,279.0,4.0,1095.0,55.0,1
17.0,7253.0,233.0,208.0,7.0,559.0,140.0,0
5.0,2376.0,264.0,197.0,1.0,470.0,220.0,0
15.0,1636.0,204.0,45.0,4.0,525.0,165.0,1
10.0,3823.0,197.0,208.0,3.0,780.0,95.0,1
7.0,511.0,159.0,79.0,1.0,1050.0,270.0,1
6.0,5165.0,11.0,16.0,6.0,390.0,60.0,1
10.0,4262.0,233.0,208.0,1.0,810.0,140.0,0
16.0,2638.0,96.0,182.0,6.0,720.0,62.0,0
1.0,889.0,183.0,208.0,6.0,910.0,205.0,0
12.0,4586.0,261.0,205.0,1.0,830.0,144.0,1
5.0,1587.0,16.0,172.0,6.0,1139.0,148.0,0
5.0,1452.0,2.0,16.0,1.0,510.0,179.0,0
14.0,723.0,216.0,208.0,3.0,950.0,147.0,1
15.0,812.0,45.0,228.0,4.0,465.0,70.0,0
16.0,3075.0,228.0,58.0,4.0,850.0,113.0,0
5.0,1966.0,16.0,61.0,1.0,765.0,90.0,1
12.0,6580.0,179.0,253.0,6.0,824.0,98.0,0
15.0,1228.0,202.0,154.0,7.0,680.0,70.0,1
15.0,2927.0,277.0,61.0,7.0,580.0,135.0,0
11.0,6278.0,290.0,71.0,6.0,675.0,111.0,1
16.0,5928.0,157.0,208.0,5.0,946.0,89.0,1
5.0,2898.0,119.0,85.0,7.0,729.0,58.0,0
14.0,2027.0,35.0,78.0,4.0,540.0,93.0,0
1.0,1341.0,208.0,253.0,5.0,435.0,285.0,1
14.0,1822.0,60.0,35.0,7.0,695.0,122.0,0
6.0,5418.0,16.0,11.0,5.0,995.0,57.0,1
15.0,2108.0,277.0,129.0,3.0,1155.0,150.0,1
4.0,196.0,153.0,135.0,7.0,405.0,175.0,1
15.0,1929.0,154.0,79.0,1.0,360.0,135.0,0
14.0,926.0,60.0,208.0,6.0,590.0,134.0,1
10.0,3001.0,154.0,79.0,6.0,570.0,140.0,0
5.0,2060.0,16.0,65.0,3.0,1130.0,195.0,1
1.0,773.0,241.0,208.0,7.0,690.0,185.0,0
5.0,1510.0,79.0,85.0,1.0,685.0,170.0,0
14.0,750.0,183.0,216.0,1.0,820.0,173.0,0
8.0,991.0,221.0,16.0,7.0,1183.0,112.0,1
16.0,2097.0,135.0,65.0,3.0,905.0,139.0,1
8.0,847.0,16.0,173.0,3.0,1335.0,88.0,1
3.0,747.0,22.0,173.0,7.0,996.0,179.0,0
12.0,6242.0,205.0,79.0,4.0,801.0,96.0,0
10.0,2793.0,107.0,80.0,3.0,465.0,150.0,0
14.0,511.0,264.0,217.0,4.0,406.0,88.0,0
16.0,2858.0,165.0,135.0,5.0,490.0,74.0,0
16.0,3027.0,135.0,131.0,3.0,1100.0,65.0,0
2.0,490.0,252.0,243.0,4.0,647.0,157.0,0
3.0,71.0,148.0,277.0,6.0,820.0,180.0,1
5.0,73.0,148.0,16.0,4.0,1155.0,175.0,0
8.0,1293.0,173.0,119.0,4.0,875.0,150.0,0
14.0,1613.0,96.0,60.0,3.0,390.0,124.0,1
15.0,598.0,202.0,153.0,5.0,865.0,85.0,1
17.0,1047.0,128.0,203.0,5.0,945.0,35.0,0
15.0,945.0,216.0,233.0,7.0,675.0,80.0,0
11.0,6757.0,78.0,35.0,1.0,1075.0,97.0,1
10.0,3280.0,68.0,80.0,1.0,360.0,80.0,0
13.0,372.0,80.0,208.0,3.0,873.0,140.0,0
3.0,702.0,260.0,148.0,5.0,550.0,238.0,1
5.0,1053.0,16.0,209.0,7.0,991.0,96.0,1
16.0,2159.0,177.0,135.0,6.0,900.0,102.0,0
13.0,728.0,208.0,35.0,1.0,793.0,136.0,1
12.0,6534.0,137.0,79.0,4.0,815.0,89.0,1
4.0,1644.0,135.0,262.0,5.0,1255.0,249.0,1
15.0,170.0,217.0,33.0,5.0,1040.0,195.0,1
8.0,69.0,134.0,16.0,7.0,370.0,119.0,1
11.0,6391.0,45.0,177.0,1.0,1030.0,160.0,0
4.0,449.0,253.0,96.0,1.0,690.0,320.0,0
6.0,7354.0,10.0,16.0,3.0,430.0,114.0,0
9.0,156.0,128.0,203.0,6.0,454.0,37.0,0
9.0,397.0,150.0,128.0,6.0,1248.0,42.0,0
5.0,1680.0,253.0,16.0,7.0,868.0,277.0,1
1.0,1775.0,241.0,80.0,3.0,475.0,185.0,1
8.0,794.0,268.0,16.0,6.0,1070.0,90.0,0
5.0,1047.0,16.0,268.0,1.0,665.0,105.0,1
13.0,693.0,159.0,208.0,5.0,1143.0,165.0,0
8.0,1453.0,213.0,130.0,4.0,767.0,163.0,0
1.0,2515.0,268.0,183.0,7.0,380.0,160.0,0
15.0,894.0,209.0,45.0,1.0,845.0,55.0,1
0.0,4195.0,85.0,166.0,4.0,523.0,97.0,1
12.0,3072.0,184.0,268.0,6.0,645.0,74.0,1
5.0,1698.0,147.0,16.0,1.0,330.0,80.0,0
12.0,6671.0,55.0,253.0,5.0,1051.0,59.0,1
4.0,1589.0,135.0,243.0,1.0,890.0,210.0,1
12.0,6859.0,79.0,214.0,7.0,910.0,171.0,0
7.0,777.0,79.0,153.0,1.0,800.0,112.0,1
5.0,1408.0,79.0,197.0,4.0,375.0,129.0,0
14.0,930.0,60.0,209.0,7.0,1185.0,64.0,0
1.0,620.0,80.0,244.0,5.0,855.0,65.0,0
13.0,34.0,253.0,148.0,6.0,1348.0,337.0,0
0.0,3898.0,94.0,85.0,3.0,615.0,89.0,0
12.0,6845.0,246.0,253.0,3.0,940.0,80.0,0
5.0,1774.0,16.0,184.0,3.0,1307.0,131.0,1
0.0,3913.0,155.0,177.0,5.0,965.0,115.0,1
6.0,5090.0,288.0,16.0,4.0,935.0,83.0,1
14.0,1754.0,78.0,216.0,3.0,930.0,85.0,0
16.0,2640.0,96.0,119.0,1.0,929.0,125.0,1
16.0,2755.0,135.0,91.0,3.0,895.0,118.0,0
6.0,5572.0,16.0,41.0,6.0,725.0,94.0,0
12.0,4667.0,279.0,261.0,6.0,380.0,154.0,0
10.0,4329.0,148.0,71.0,1.0,1020.0,145.0,1
6.0,5432.0,177.0,288.0,4.0,1175.0,84.0,0
15.0,3408.0,44.0,262.0,3.0,965.0,80.0,0
5.0,2182.0,264.0,197.0,5.0,875.0,214.0,0
1.0,589.0,234.0,80.0,5.0,800.0,210.0,0
16.0,5900.0,134.0,43.0,6.0,1331.0,68.0,1
3.0,540.0,213.0,96.0,6.0,710.0,168.0,1
5.0,10.0,277.0,16.0,6.0,1135.0,98.0,0
5.0,2680.0,252.0,85.0,3.0,1405.0,249.0,1
12.0,6864.0,136.0,208.0,1.0,1075.0,109.0,0
5.0,1098.0,16.0,221.0,1.0,735.0,100.0,1
11.0,6394.0,197.0,204.0,6.0,1025.0,132.0,0
5.0,2683.0,78.0,183.0,7.0,419.0,159.0,0
13.0,982.0,135.0,134.0,4.0,705.0,183.0,0
1.0,1916.0,80.0,22.0,4.0,495.0,190.0,0
5.0,1438.0,16.0,78.0,5.0,1295.0,100.0,0
15.0,1274.0,243.0,253.0,6.0,695.0,100.0,1
15.0,857.0,153.0,262.0,3.0,1265.0,90.0,1
4.0,312.0,96.0,37.0,4.0,1220.0,232.0,1
4.0,60.0,135.0,96.0,4.0,725.0,210.0,1
6.0,7116.0,148.0,134.0,3.0,360.0,81.0,0
5.0,1265.0,16.0,177.0,7.0,1040.0,89.0,1
8.0,937.0,147.0,16.0,6.0,1225.0,70.0,0
9.0,543.0,203.0,128.0,7.0,1031.0,34.0,0
4.0,7.0,244.0,135.0,1.0,504.0,60.0,1
8.0,225.0,153.0,184.0,5.0,1420.0,208.0,0
16.0,2715.0,135.0,47.0,1.0,820.0,131.0,0
3.0,908.0,208.0,148.0,4.0,675.0,125.0,0
12.0,6415.0,154.0,248.0,3.0,1365.0,61.0,0
15.0,39.0,129.0,87.0,5.0,1045.0,90.0,1
14.0,1489.0,60.0,147.0,4.0,1345.0,77.0,0
17.0,7252.0,208.0,17.0,4.0,601.0,50.0,0
15.0,831.0,216.0,175.0,5.0,380.0,135.0,0
16.0,5896.0,208.0,152.0,1.0,785.0,53.0,0
12.0,6762.0,79.0,246.0,5.0,746.0,153.0,0
8.0,451.0,198.0,16.0,7.0,803.0,81.0,0
2.0,478.0,252.0,154.0,5.0,1185.0,155.0,1
8.0,43.0,175.0,16.0,3.0,1042.0,118.0,1
5.0,1068.0,280.0,197.0,6.0,856.0,189.0,0
15.0,166.0,217.0,154.0,4.0,715.0,85.0,1
15.0,2176.0,217.0,153.0,5.0,1185.0,65.0,1
1.0,492.0,44.0,80.0,6.0,695.0,180.0,0
15.0,2882.0,147.0,277.0,1.0,850.0,55.0,0
7.0,212.0,79.0,18.0,7.0,655.0,123.0,0
13.0,608.0,208.0,78.0,1.0,596.0,111.0,0
11.0,6272.0,71.0,61.0,6.0,985.0,50.0,0
15.0,2855.0,79.0,153.0,5.0,695.0,120.0,1
14.0,977.0,216.0,213.0,1.0,735.0,159.0,0
13.0,839.0,208.0,154.0,3.0,1122.0,270.0,1
0.0,3653.0,16.0,135.0,6.0,645.0,151.0,0
15.0,2036.0,27.0,173.0,3.0,530.0,90.0,1
10.0,4090.0,208.0,204.0,5.0,1320.0,130.0,0
12.0,4681.0,93.0,261.0,5.0,370.0,113.0,0
15.0,1383.0,261.0,79.0,3.0,740.0,85.0,1
3.0,1441.0,253.0,160.0,7.0,1202.0,80.0,1
12.0,4586.0,261.0,205.0,3.0,830.0,144.0,0
13.0,110.0,208.0,153.0,5.0,1210.0,249.0,0
10.0,2779.0,80.0,121.0,5.0,800.0,130.0,1
14.0,1230.0,60.0,85.0,1.0,995.0,114.0,0
15.0,986.0,258.0,264.0,7.0,1145.0,75.0,1
2.0,98.0,14.0,252.0,6.0,1025.0,205.0,1
5.0,1591.0,106.0,16.0,7.0,1115.0,134.0,1
8.0,1417.0,106.0,241.0,5.0,856.0,178.0,1
13.0,431.0,253.0,153.0,7.0,507.0,94.0,0
5.0,2472.0,277.0,16.0,1.0,740.0,94.0,0
12.0,6446.0,263.0,154.0,1.0,1085.0,55.0,0
5.0,1494.0,16.0,216.0,7.0,515.0,135.0,0
2.0,65.0,151.0,289.0,3.0,540.0,51.0,0
10.0,3786.0,135.0,208.0,7.0,925.0,155.0,0
5.0,2553.0,85.0,198.0,3.0,525.0,170.0,0
6.0,4939.0,278.0,16.0,7.0,611.0,70.0,0
1.0,1637.0,208.0,280.0,5.0,565.0,235.0,0
0.0,3769.0,234.0,148.0,7.0,1120.0,120.0,0
10.0,2811.0,80.0,13.0,6.0,800.0,70.0,0
16.0,3098.0,120.0,96.0,1.0,625.0,90.0,0
13.0,289.0,153.0,154.0,3.0,669.0,77.0,0
12.0,6507.0,258.0,79.0,3.0,1046.0,146.0,1
15.0,248.0,18.0,33.0,7.0,425.0,115.0,0
14.0,181.0,104.0,217.0,4.0,1030.0,305.0,0
15.0,122.0,33.0,244.0,1.0,995.0,150.0,1
0.0,4308.0,85.0,234.0,7.0,845.0,106.0,1
12.0,4515.0,261.0,208.0,6.0,675.0,189.0,1
8.0,161.0,16.0,260.0,1.0,550.0,209.0,0
1.0,1008.0,243.0,80.0,4.0,515.0,180.0,0
10.0,2869.0,80.0,68.0,1.0,1085.0,80.0,0
5.0,1454.0,154.0,16.0,3.0,1005.0,251.0,0
10.0,4663.0,16.0,159.0,5.0,1210.0,125.0,0
12.0,7035.0,154.0,214.0,3.0,760.0,141.0,0
15.0,114.0,233.0,175.0,4.0,765.0,125.0,0
16.0,2856.0,38.0,135.0,4.0,450.0,84.0,0
15.0,1331.0,182.0,216.0,5.0,1160.0,100.0,0
13.0,830.0,253.0,208.0,5.0,690.0,251.0,0
13.0,947.0,134.0,173.0,5.0,1055.0,145.0,1
5.0,2278.0,243.0,261.0,3.0,1089.0,111.0,0
1.0,536.0,80.0,16.0,1.0,400.0,125.0,0
12.0,6936.0,265.0,208.0,3.0,360.0,60.0,0
0.0,3988.0,171.0,85.0,4.0,812.0,53.0,0
15.0,757.0,154.0,262.0,5.0,855.0,80.0,1
11.0,6671.0,85.0,71.0,7.0,824.0,76.0,0
11.0,6651.0,33.0,159.0,4.0,1067.0,133.0,0
10.0,3026.0,194.0,154.0,1.0,405.0,70.0,0
7.0,725.0,78.0,79.0,5.0,1095.0,239.0,1
6.0,5072.0,16.0,32.0,1.0,891.0,105.0,1
1.0,654.0,80.0,35.0,1.0,605.0,205.0,0
6.0,5326.0,278.0,16.0,5.0,990.0,72.0,0
17.0,7278.0,208.0,273.0,1.0,998.0,99.0,0
5.0,1421.0,85.0,277.0,6.0,600.0,168.0,0
1.0,1644.0,153.0,80.0,3.0,915.0,160.0,0
10.0,3609.0,183.0,16.0,5.0,835.0,120.0,1
6.0,7076.0,134.0,245.0,3.0,483.0,105.0,1
1.0,669.0,60.0,80.0,1.0,750.0,175.0,0
5.0,1598.0,104.0,159.0,5.0,830.0,176.0,0
16.0,5890.0,208.0,121.0,6.0,527.0,101.0,1
12.0,6433.0,154.0,100.0,5.0,1363.0,58.0,0
10.0,2774.0,80.0,68.0,3.0,1355.0,75.0,0
15.0,3950.0,228.0,45.0,5.0,1025.0,85.0,1
15.0,2511.0,162.0,217.0,6.0,525.0,195.0,1
12.0,4704.0,261.0,79.0,4.0,1017.0,83.0,1
15.0,731.0,79.0,216.0,3.0,670.0,220.0,1
8.0,599.0,238.0,16.0,7.0,410.0,150.0,0
16.0,2331.0,33.0,135.0,1.0,1075.0,126.0,0
9.0,173.0,128.0,161.0,3.0,783.0,38.0,1
12.0,4844.0,261.0,230.0,5.0,1025.0,99.0,1
15.0,1606.0,44.0,202.0,6.0,735.0,70.0,1
10.0,3028.0,154.0,100.0,7.0,1065.0,60.0,1
13.0,595.0,79.0,253.0,4.0,1134.0,168.0,0
1.0,1502.0,208.0,277.0,4.0,685.0,155.0,0
14.0,1262.0,183.0,216.0,1.0,360.0,169.0,0
15.0,3814.0,173.0,241.0,4.0,790.0,50.0,0
5.0,1092.0,277.0,85.0,6.0,385.0,165.0,0
15.0,2226.0,173.0,268.0,6.0,920.0,155.0,1
3.0,680.0,78.0,35.0,3.0,600.0,80.0,0
12.0,7005.0,208.0,119.0,7.0,649.0,45.0,1
15.0,988.0,45.0,204.0,4.0,1040.0,205.0,1
15.0,1878.0,217.0,207.0,6.0,500.0,75.0,0
15.0,822.0,45.0,175.0,3.0,1045.0,125.0,1
6.0,5243.0,16.0,180.0,6.0,950.0,57.0,0
16.0,3079.0,268.0,135.0,7.0,1075.0,129.0,0
0.0,3848.0,92.0,85.0,3.0,1030.0,75.0,1
12.0,7759.0,261.0,89.0,6.0,470.0,65.0,1
0.0,3972.0,247.0,85.0,5.0,690.0,68.0,0
15.0,46.0,75.0,2.0,5.0,1130.0,110.0,1
12.0,4712.0,243.0,154.0,1.0,570.0,49.0,1
15.0,944.0,207.0,217.0,3.0,460.0,70.0,0
17.0,2603.0,60.0,71.0,5.0,595.0,97.0,0
5.0,2910.0,80.0,16.0,4.0,1170.0,127.0,0
12.0,6886.0,114.0,79.0,1.0,497.0,59.0,0
16.0,2403.0,96.0,279.0,4.0,1170.0,224.0,1
1.0,1827.0,80.0,262.0,4.0,1030.0,225.0,1
5.0,1683.0,261.0,153.0,5.0,660.0,87.0,1
15.0,3101.0,228.0,216.0,6.0,455.0,85.0,0
16.0,2282.0,91.0,135.0,3.0,520.0,115.0,0
16.0,2350.0,58.0,184.0,3.0,1005.0,77.0,0
13.0,89.0,208.0,154.0,5.0,563.0,276.0,0
10.0,4496.0,159.0,61.0,4.0,1260.0,115.0,1
15.0,925.0,214.0,262.0,3.0,605.0,85.0,1
10.0,4318.0,208.0,45.0,7.0,845.0,115.0,1
4.0,118.0,96.0,277.0,7.0,725.0,180.0,0
5.0,2137.0,177.0,85.0,3.0,505.0,115.0,0
13.0,427.0,134.0,79.0,5.0,572.0,241.0,0
16.0,2219.0,58.0,285.0,5.0,1000.0,78.0,0
6.0,4965.0,180.0,16.0,4.0,560.0,55.0,0
15.0,1444.0,45.0,58.0,6.0,565.0,75.0,1
10.0,4134.0,22.0,208.0,5.0,710.0,165.0,0
6.0,5549.0,16.0,19.0,7.0,1005.0,57.0,1
12.0,4877.0,261.0,46.0,5.0,1290.0,73.0,0
5.0,1281.0,16.0,177.0,5.0,875.0,85.0,0
13.0,853.0,243.0,253.0,5.0,708.0,99.0,0
15.0,2071.0,45.0,141.0,6.0,795.0,60.0,1
5.0,1432.0,45.0,177.0,7.0,375.0,147.0,1
6.0,5059.0,16.0,290.0,7.0,1230.0,121.0,1
12.0,4740.0,154.0,153.0,3.0,675.0,68.0,1
10.0,2967.0,80.0,41.0,6.0,845.0,80.0,0
2.0,859.0,252.0,128.0,7.0,1030.0,373.0,0
1.0,676.0,80.0,60.0,6.0,1095.0,140.0,0
15.0,1124.0,153.0,204.0,3.0,655.0,140.0,1
5.0,2745.0,85.0,253.0,1.0,540.0,332.0,1
13.0,155.0,197.0,208.0,3.0,1025.0,84.0,0
15.0,1235.0,172.0,33.0,3.0,460.0,95.0,1
8.0,691.0,267.0,16.0,6.0,674.0,96.0,1
16.0,5959.0,285.0,208.0,3.0,703.0,102.0,0
10.0,4318.0,208.0,45.0,5.0,845.0,115.0,0
1.0,1279.0,268.0,80.0,1.0,625.0,115.0,1
4.0,1548.0,135.0,104.0,1.0,805.0,144.0,0
15.0,20.0,129.0,75.0,3.0,660.0,55.0,0
4.0,866.0,252.0,135.0,4.0,1430.0,237.0,0
3.0,375.0,159.0,104.0,4.0,577.0,186.0,0
6.0,5302.0,16.0,174.0,6.0,655.0,114.0,0
13.0,422.0,79.0,96.0,6.0,615.0,225.0,0
12.0,6379.0,154.0,248.0,1.0,470.0,61.0,0
6.0,7138.0,134.0,182.0,4.0,1025.0,91.0,0
0.0,3830.0,16.0,238.0,4.0,585.0,126.0,0
15.0,653.0,202.0,154.0,3.0,415.0,75.0,1
1.0,1662.0,153.0,208.0,3.0,970.0,210.0,0
12.0,6872.0,192.0,79.0,4.0,525.0,97.0,0
17.0,2832.0,24.0,217.0,7.0,1165.0,92.0,0
5.0,1119.0,16.0,234.0,1.0,1000.0,94.0,0
10.0,3919.0,162.0,208.0,7.0,840.0,115.0,0
15.0,1070.0,175.0,43.0,3.0,680.0,85.0,1
6.0,5301.0,47.0,16.0,3.0,766.0,78.0,0
1.0,1886.0,183.0,173.0,7.0,900.0,60.0,0
15.0,925.0,262.0,154.0,5.0,715.0,80.0,1
5.0,1663.0,261.0,243.0,6.0,677.0,114.0,1
14.0,436.0,2.0,217.0,3.0,510.0,100.0,0
13.0,336.0,79.0,84.0,3.0,1057.0,99.0,1
5.0,1907.0,16.0,198.0,5.0,1312.0,101.0,0
15.0,480.0,173.0,198.0,3.0,460.0,110.0,0
17.0,2945.0,134.0,60.0,4.0,505.0,98.0,0
15.0,1001.0,75.0,198.0,1.0,1005.0,80.0,1
12.0,7048.0,79.0,136.0,4.0,616.0,80.0,0
17.0,2676.0,251.0,60.0,1.0,920.0,87.0,0
2.0,569.0,154.0,214.0,5.0,805.0,143.0,0
0.0,4274.0,13.0,177.0,5.0,355.0,120.0,0
15.0,1057.0,153.0,79.0,4.0,810.0,115.0,0
1.0,1576.0,80.0,204.0,5.0,1120.0,55.0,0
15.0,1664.0,217.0,45.0,7.0,1000.0,250.0,1
5.0,2700.0,197.0,45.0,4.0,810.0,150.0,1
1.0,1194.0,183.0,22.0,7.0,1235.0,175.0,1
1.0,469.0,268.0,183.0,3.0,710.0,160.0,0
5.0,2285.0,16.0,135.0,3.0,1150.0,145.0,1
15.0,1198.0,173.0,33.0,1.0,460.0,120.0,0
1.0,118.0,154.0,148.0,7.0,435.0,325.0,0
15.0,723.0,233.0,33.0,5.0,1095.0,95.0,1
14.0,1952.0,104.0,60.0,3.0,1145.0,120.0,1
5.0,385.0,76.0,16.0,4.0,1146.0,109.0,1
12.0,6880.0,261.0,79.0,5.0,629.0,85.0,1
10.0,3625.0,183.0,223.0,3.0,1235.0,105.0,0
14.0,1546.0,217.0,60.0,5.0,890.0,230.0,1
10.0,3940.0,208.0,157.0,6.0,740.0,85.0,0
12.0,4554.0,122.0,261.0,4.0,380.0,88.0,0
1.0,1072.0,91.0,80.0,6.0,990.0,105.0,0
1.0,1054.0,183.0,78.0,5.0,480.0,140.0,1
13.0,499.0,173.0,134.0,3.0,1119.0,130.0,1
15.0,2081.0,2.0,173.0,6.0,880.0,200.0,0
15.0,30.0,91.0,217.0,5.0,960.0,75.0,1
5.0,1690.0,16.0,22.0,6.0,745.0,141.0,0
16.0,3055.0,245.0,135.0,6.0,850.0,154.0,1
16.0,2786.0,58.0,183.0,6.0,570.0,172.0,0
5.0,2429.0,16.0,252.0,7.0,900.0,330.0,0
10.0,3310.0,80.0,56.0,3.0,830.0,120.0,0
15.0,1352.0,261.0,202.0,7.0,455.0,130.0,0
15.0,1033.0,264.0,258.0,4.0,1215.0,75.0,0
2.0,54.0,249.0,14.0,1.0,1033.0,103.0,0
4.0,1629.0,135.0,264.0,4.0,735.0,220.0,1
6.0,5402.0,147.0,85.0,5.0,720.0,150.0,0
15.0,951.0,175.0,197.0,1.0,520.0,85.0,1
7.0,350.0,79.0,215.0,1.0,650.0,215.0,0
5.0,1024.0,22.0,16.0,7.0,365.0,175.0,0
15.0,2220.0,213.0,277.0,6.0,995.0,55.0,1
2.0,132.0,14.0,214.0,1.0,55.0,215.0,0
12.0,6442.0,154.0,204.0,5.0,781.0,162.0,0
15.0,2006.0,104.0,277.0,7.0,535.0,60.0,0
15.0,2706.0,91.0,18.0,3.0,375.0,85.0,0
11.0,6564.0,22.0,71.0,5.0,1045.0,140.0,1
17.0,7283.0,208.0,60.0,3.0,669.0,106.0,1
5.0,1771.0,148.0,183.0,3.0,645.0,194.0,0
13.0,717.0,79.0,153.0,3.0,950.0,121.0,0
5.0,2056.0,202.0,261.0,1.0,785.0,100.0,0
17.0,7212.0,134.0,238.0,4.0,1040.0,71.0,0
13.0,101.0,208.0,154.0,5.0,425.0,276.0,0
15.0,844.0,233.0,33.0,1.0,670.0,95.0,1
5.0,1260.0,111.0,261.0,5.0,384.0,110.0,0
15.0,1022.0,153.0,264.0,4.0,1115.0,70.0,1
15.0,1008.0,268.0,252.0,5.0,570.0,265.0,0
1.0,2229.0,183.0,80.0,6.0,500.0,200.0,0
13.0,519.0,197.0,253.0,7.0,996.0,264.0,1
5.0,1571.0,148.0,183.0,5.0,1115.0,204.0,0
15.0,300.0,268.0,75.0,3.0,1260.0,105.0,1
3.0,1260.0,134.0,35.0,1.0,775.0,86.0,0
0.0,3832.0,84.0,177.0,7.0,683.0,95.0,0
1.0,34.0,154.0,148.0,4.0,510.0,322.0,0
15.0,1640.0,268.0,154.0,6.0,560.0,250.0,0
1.0,1056.0,279.0,80.0,6.0,360.0,70.0,0
6.0,7361.0,71.0,205.0,6.0,980.0,129.0,1
15.0,1466.0,175.0,27.0,5.0,925.0,105.0,1
15.0,883.0,141.0,213.0,4.0,440.0,180.0,1
12.0,6355.0,246.0,154.0,7.0,1036.0,44.0,1
15.0,1255.0,153.0,244.0,7.0,960.0,155.0,1
1.0,1970.0,80.0,33.0,5.0,1090.0,100.0,0
13.0,10.0,253.0,148.0,7.0,638.0,347.0,0
15.0,3764.0,27.0,268.0,3.0,685.0,80.0,1
3.0,635.0,35.0,253.0,1.0,1085.0,406.0,0
10.0,4417.0,78.0,233.0,1.0,1075.0,65.0,0
5.0,339.0,162.0,16.0,3.0,420.0,95.0,0
15.0,3674.0,252.0,34.0,5.0,1020.0,75.0,0
4.0,378.0,244.0,135.0,1.0,410.0,61.0,1
4.0,1831.0,213.0,135.0,4.0,365.0,163.0,1
15.0,2038.0,175.0,61.0,4.0,805.0,65.0,1
16.0,2573.0,33.0,96.0,5.0,590.0,127.0,0
14.0,1810.0,241.0,60.0,1.0,900.0,112.0,0
15.0,26.0,153.0,217.0,6.0,1055.0,70.0,0
15.0,1308.0,268.0,241.0,4.0,1070.0,145.0,1
15.0,853.0,153.0,18.0,5.0,565.0,150.0,1
7.0,618.0,79.0,139.0,7.0,690.0,137.0,1
15.0,137.0,244.0,129.0,5.0,395.0,50.0,0
9.0,556.0,128.0,203.0,4.0,1170.0,37.0,0
6.0,5272.0,177.0,58.0,1.0,510.0,109.0,0
1.0,564.0,253.0,80.0,4.0,905.0,205.0,0
3.0,421.0,35.0,213.0,7.0,580.0,195.0,0
16.0,5990.0,208.0,164.0,4.0,754.0,99.0,0
10.0,4221.0,117.0,208.0,7.0,1115.0,75.0,0
2.0,9.0,173.0,252.0,5.0,500.0,385.0,0
2.0,181.0,14.0,98.0,4.0,420.0,60.0,0
15.0,3322.0,277.0,228.0,5.0,1235.0,165.0,0
0.0,3806.0,85.0,172.0,6.0,515.0,131.0,0
6.0,5069.0,85.0,177.0,6.0,925.0,126.0,0
16.0,2793.0,135.0,172.0,1.0,835.0,113.0,0
8.0,896.0,139.0,159.0,3.0,962.0,117.0,0
6.0,5547.0,16.0,288.0,7.0,726.0,73.0,0
13.0,696.0,208.0,159.0,7.0,1145.0,136.0,0
14.0,1815.0,221.0,216.0,6.0,570.0,74.0,0
15.0,3147.0,154.0,258.0,4.0,575.0,65.0,1
10.0,3547.0,80.0,58.0,5.0,720.0,150.0,1
12.0,6723.0,18.0,253.0,1.0,455.0,238.0,1
15.0,1527.0,153.0,184.0,6.0,575.0,210.0,0
1.0,1772.0,183.0,148.0,5.0,845.0,170.0,1
14.0,630.0,217.0,221.0,1.0,815.0,229.0,0
0.0,3955.0,155.0,177.0,1.0,355.0,119.0,0
1.0,1757.0,159.0,268.0,1.0,725.0,170.0,0
12.0,4883.0,18.0,261.0,3.0,1139.0,169.0,0
15.0,1256.0,104.0,175.0,3.0,680.0,195.0,1
1.0,1290.0,270.0,183.0,4.0,1050.0,185.0,0
0.0,3778.0,66.0,177.0,3.0,390.0,82.0,0
5.0,2765.0,233.0,85.0,7.0,762.0,118.0,0
10.0,3369.0,80.0,84.0,7.0,760.0,115.0,0
10.0,4382.0,35.0,148.0,7.0,360.0,79.0,0
2.0,64.0,14.0,149.0,1.0,695.0,102.0,0
10.0,3157.0,242.0,154.0,4.0,805.0,130.0,0
12.0,3045.0,84.0,184.0,3.0,365.0,66.0,0
14.0,702.0,217.0,216.0,3.0,705.0,265.0,0
6.0,5139.0,47.0,16.0,3.0,900.0,75.0,1
16.0,2600.0,135.0,279.0,4.0,770.0,83.0,0
4.0,1178.0,208.0,96.0,6.0,420.0,116.0,0
8.0,424.0,16.0,223.0,7.0,1045.0,70.0,0
9.0,25.0,214.0,128.0,3.0,605.0,365.0,0
15.0,2959.0,22.0,173.0,1.0,420.0,185.0,1
15.0,521.0,268.0,175.0,7.0,780.0,60.0,0
5.0,182.0,252.0,148.0,3.0,800.0,325.0,1
15.0,1525.0,33.0,153.0,1.0,590.0,260.0,0
12.0,6520.0,171.0,208.0,1.0,932.0,72.0,0
17.0,1047.0,161.0,128.0,5.0,890.0,29.0,0
10.0,3260.0,76.0,80.0,1.0,765.0,170.0,1
12.0,7791.0,271.0,261.0,6.0,909.0,66.0,0
10.0,4074.0,290.0,208.0,4.0,940.0,105.0,0
17.0,2834.0,44.0,217.0,5.0,1135.0,92.0,0
1.0,434.0,80.0,279.0,5.0,925.0,60.0,1
15.0,3588.0,243.0,79.0,7.0,950.0,140.0,0
15.0,2903.0,45.0,43.0,7.0,1235.0,65.0,0
17.0,2647.0,96.0,60.0,7.0,300.0,114.0,0
5.0,1868.0,154.0,197.0,6.0,470.0,221.0,0
1.0,578.0,80.0,244.0,1.0,895.0,65.0,1
8.0,377.0,184.0,277.0,3.0,854.0,162.0,0
16.0,2845.0,223.0,135.0,4.0,1110.0,101.0,0
3.0,1289.0,35.0,234.0,3.0,1165.0,105.0,1
5.0,1253.0,16.0,221.0,4.0,980.0,104.0,0
15.0,3764.0,27.0,268.0,7.0,685.0,80.0,0
5.0,2629.0,16.0,252.0,3.0,500.0,331.0,0
16.0,2207.0,136.0,135.0,7.0,990.0,106.0,1
16.0,2519.0,58.0,238.0,3.0,1150.0,59.0,1
7.0,217.0,18.0,79.0,5.0,880.0,130.0,0
15.0,1120.0,280.0,154.0,5.0,880.0,90.0,1
12.0,6933.0,208.0,152.0,4.0,388.0,49.0,0
4.0,228.0,96.0,79.0,3.0,1020.0,270.0,1
3.0,219.0,148.0,60.0,6.0,490.0,121.0,0
6.0,5284.0,132.0,16.0,4.0,680.0,60.0,0
10.0,4388.0,148.0,35.0,4.0,955.0,80.0,0
10.0,2703.0,80.0,190.0,4.0,565.0,90.0,0
8.0,959.0,238.0,45.0,6.0,890.0,76.0,0
16.0,2783.0,285.0,135.0,5.0,363.0,142.0,0
12.0,6887.0,280.0,154.0,5.0,1145.0,93.0,0
1.0,893.0,60.0,80.0,6.0,460.0,165.0,0
3.0,338.0,173.0,134.0,6.0,1220.0,120.0,0
3.0,635.0,35.0,253.0,4.0,1085.0,406.0,1
3.0,1252.0,134.0,35.0,1.0,530.0,85.0,1
14.0,1809.0,60.0,241.0,1.0,710.0,123.0,0
12.0,6812.0,208.0,265.0,5.0,490.0,51.0,1
8.0,1190.0,35.0,267.0,6.0,560.0,201.0,0
6.0,7139.0,134.0,76.0,7.0,1327.0,88.0,1
10.0,2851.0,80.0,54.0,5.0,875.0,140.0,0
14.0,750.0,183.0,216.0,7.0,820.0,173.0,1
5.0,84.0,16.0,148.0,4.0,1045.0,150.0,1
5.0,2196.0,197.0,159.0,7.0,920.0,165.0,1
12.0,6737.0,79.0,100.0,3.0,1290.0,148.0,1
15.0,692.0,202.0,252.0,4.0,1210.0,120.0,1
10.0,3067.0,154.0,194.0,4.0,605.0,65.0,0
14.0,1168.0,233.0,60.0,4.0,675.0,66.0,1
9.0,113.0,128.0,161.0,3.0,376.0,35.0,0
10.0,4291.0,139.0,208.0,4.0,1145.0,80.0,0
5.0,2660.0,177.0,159.0,1.0,510.0,165.0,0
8.0,433.0,184.0,16.0,6.0,756.0,121.0,1
13.0,735.0,79.0,253.0,4.0,930.0,165.0,0
5.0,2608.0,264.0,197.0,7.0,747.0,212.0,1
0.0,3806.0,136.0,177.0,4.0,1000.0,88.0,0
15.0,1265.0,251.0,175.0,3.0,470.0,75.0,0
3.0,477.0,35.0,154.0,4.0,520.0,391.0,0
15.0,35.0,75.0,129.0,7.0,900.0,65.0,0
5.0,2587.0,241.0,85.0,3.0,959.0,171.0,0
1.0,879.0,80.0,2.0,5.0,545.0,110.0,0
10.0,4056.0,208.0,71.0,5.0,535.0,75.0,0
15.0,1456.0,198.0,277.0,6.0,1100.0,85.0,0
6.0,5011.0,237.0,85.0,3.0,360.0,98.0,0
12.0,6237.0,100.0,153.0,1.0,877.0,80.0,0
1.0,491.0,204.0,80.0,3.0,635.0,60.0,0
15.0,525.0,172.0,175.0,4.0,1100.0,80.0,1
5.0,1458.0,241.0,16.0,6.0,809.0,110.0,1
1.0,1022.0,183.0,216.0,6.0,885.0,180.0,0
14.0,644.0,153.0,217.0,7.0,880.0,68.0,0
13.0,761.0,208.0,253.0,7.0,487.0,278.0,0
15.0,599.0,217.0,262.0,5.0,425.0,130.0,0
5.0,684.0,18.0,16.0,7.0,340.0,134.0,0
6.0,5142.0,10.0,16.0,7.0,345.0,119.0,1
11.0,6288.0,61.0,197.0,5.0,1026.0,134.0,0
15.0,1908.0,253.0,79.0,6.0,1065.0,150.0,0
15.0,1814.0,154.0,198.0,4.0,605.0,215.0,1
15.0,3915.0,18.0,129.0,3.0,375.0,50.0,1
5.0,142.0,253.0,85.0,4.0,547.0,273.0,0
17.0,2749.0,244.0,217.0,1.0,930.0,147.0,0
12.0,4755.0,58.0,197.0,3.0,760.0,125.0,1
13.0,245.0,79.0,258.0,3.0,728.0,166.0,0
15.0,2597.0,236.0,243.0,6.0,615.0,85.0,0
5.0,2665.0,78.0,173.0,4.0,425.0,151.0,1
14.0,517.0,217.0,205.0,5.0,1185.0,152.0,0
5.0,2085.0,241.0,159.0,7.0,540.0,165.0,1
15.0,1753.0,104.0,173.0,3.0,760.0,60.0,1
10.0,3534.0,162.0,80.0,7.0,390.0,80.0,0
10.0,4074.0,290.0,208.0,5.0,940.0,105.0,0
3.0,155.0,148.0,173.0,6.0,360.0,168.0,1
10.0,3313.0,195.0,80.0,4.0,860.0,155.0,1
2.0,11.0,96.0,252.0,3.0,450.0,375.0,0
1.0,662.0,80.0,85.0,6.0,1180.0,155.0,0
12.0,6977.0,33.0,208.0,7.0,875.0,108.0,0
15.0,2254.0,279.0,75.0,3.0,555.0,60.0,1
0.0,4250.0,139.0,148.0,1.0,750.0,145.0,0
5.0,2815.0,16.0,217.0,5.0,654.0,256.0,0
15.0,907.0,244.0,45.0,3.0,650.0,190.0,1
10.0,3668.0,285.0,183.0,3.0,875.0,125.0,0
12.0,7001.0,65.0,208.0,4.0,461.0,147.0,0
15.0,578.0,262.0,154.0,5.0,1050.0,80.0,1
16.0,2208.0,172.0,96.0,5.0,380.0,157.0,0
6.0,5380.0,146.0,16.0,1.0,942.0,86.0,0
5.0,2065.0,22.0,16.0,3.0,435.0,175.0,0
7.0,575.0,79.0,261.0,7.0,900.0,83.0,0
15.0,1029.0,153.0,154.0,3.0,1285.0,65.0,1
1.0,623.0,45.0,80.0,4.0,1000.0,220.0,0
3.0,610.0,147.0,148.0,1.0,385.0,129.0,0
15.0,2392.0,172.0,154.0,6.0,475.0,235.0,1
0.0,4227.0,109.0,71.0,1.0,365.0,52.0,0
16.0,2400.0,135.0,217.0,5.0,970.0,176.0,0
6.0,5224.0,190.0,16.0,4.0,805.0,76.0,0
14.0,1776.0,60.0,35.0,5.0,1192.0,123.0,0
3.0,537.0,96.0,277.0,1.0,951.0,179.0,0
15.0,2885.0,243.0,262.0,1.0,750.0,95.0,0
10.0,2789.0,80.0,254.0,6.0,1065.0,75.0,1
1.0,1310.0,80.0,134.0,5.0,420.0,160.0,0
1.0,775.0,183.0,269.0,1.0,745.0,150.0,0
12.0,6722.0,79.0,285.0,5.0,608.0,158.0,0
14.0,1701.0,60.0,78.0,6.0,695.0,76.0,0
13.0,170.0,154.0,253.0,4.0,1060.0,89.0,0
15.0,1823.0,129.0,75.0,6.0,690.0,55.0,0
15.0,2800.0,104.0,175.0,6.0,950.0,200.0,1
12.0,4581.0,261.0,262.0,1.0,910.0,100.0,0
0.0,4043.0,177.0,87.0,5.0,870.0,85.0,0
17.0,2716.0,205.0,217.0,4.0,1095.0,174.0,0
10.0,2818.0,180.0,80.0,3.0,420.0,125.0,0
6.0,5217.0,132.0,16.0,6.0,632.0,58.0,1
13.0,398.0,208.0,71.0,7.0,1170.0,78.0,1
15.0,2201.0,258.0,243.0,3.0,620.0,80.0,1
4.0,309.0,135.0,214.0,5.0,540.0,270.0,0
12.0,6319.0,221.0,134.0,3.0,1023.0,62.0,0
5.0,1653.0,197.0,252.0,7.0,420.0,225.0,1
13.0,427.0,134.0,79.0,7.0,592.0,241.0,0
2.0,620.0,214.0,153.0,5.0,1055.0,128.0,0
0.0,4175.0,148.0,139.0,7.0,1115.0,190.0,0
0.0,3878.0,71.0,247.0,5.0,1230.0,56.0,0
12.0,6228.0,91.0,79.0,1.0,453.0,116.0,0
16.0,2437.0,233.0,135.0,1.0,520.0,185.0,0
5.0,1598.0,104.0,159.0,6.0,830.0,176.0,0
10.0,3610.0,27.0,183.0,1.0,785.0,110.0,0
11.0,6455.0,16.0,52.0,3.0,500.0,65.0,1
6.0,5024.0,16.0,11.0,1.0,1055.0,54.0,1
11.0,6444.0,19.0,85.0,3.0,750.0,110.0,1
5.0,2498.0,214.0,197.0,5.0,885.0,199.0,0
5.0,2164.0,2.0,197.0,7.0,850.0,158.0,1
5.0,2038.0,16.0,78.0,5.0,920.0,103.0,0
6.0,5486.0,16.0,97.0,5.0,897.0,118.0,0
3.0,1417.0,18.0,160.0,4.0,1050.0,195.0,0
9.0,167.0,150.0,128.0,1.0,698.0,42.0,0
15.0,3415.0,243.0,244.0,3.0,570.0,155.0,0
10.0,4087.0,0.0,208.0,7.0,1145.0,150.0,0
14.0,1764.0,60.0,78.0,7.0,1077.0,74.0,1
5.0,2916.0,197.0,46.0,5.0,1290.0,154.0,1
5.0,2602.0,198.0,16.0,7.0,900.0,92.0,1
0.0,3863.0,177.0,279.0,3.0,575.0,88.0,1
16.0,2406.0,75.0,135.0,3.0,960.0,69.0,1
13.0,645.0,260.0,208.0,5.0,938.0,320.0,0
15.0,3060.0,154.0,217.0,3.0,370.0,75.0,0
5.0,2778.0,243.0,261.0,7.0,615.0,110.0,0
10.0,4333.0,148.0,221.0,1.0,895.0,105.0,0
15.0,1045.0,243.0,262.0,3.0,1260.0,95.0,1
15.0,683.0,173.0,104.0,7.0,680.0,60.0,0
14.0,1455.0,60.0,253.0,3.0,580.0,349.0,1
7.0,496.0,48.0,79.0,4.0,375.0,202.0,0
6.0,5144.0,16.0,48.0,3.0,975.0,100.0,0
14.0,1576.0,213.0,60.0,3.0,505.0,113.0,0
10.0,4044.0,290.0,208.0,5.0,1070.0,115.0,0
15.0,525.0,175.0,139.0,4.0,1215.0,50.0,1
10.0,3371.0,80.0,71.0,3.0,1230.0,130.0,1
8.0,868.0,197.0,16.0,7.0,420.0,156.0,0
14.0,1159.0,78.0,173.0,6.0,515.0,147.0,0
12.0,4627.0,127.0,261.0,7.0,785.0,77.0,1
8.0,551.0,43.0,16.0,5.0,1079.0,139.0,0
15.0,951.0,45.0,175.0,5.0,415.0,130.0,0
12.0,6768.0,79.0,145.0,5.0,1162.0,88.0,0
14.0,2134.0,159.0,35.0,5.0,960.0,74.0,0
5.0,1903.0,16.0,153.0,1.0,810.0,270.0,1
5.0,1951.0,16.0,183.0,7.0,815.0,109.0,0
15.0,1656.0,214.0,258.0,5.0,650.0,105.0,1
15.0,1594.0,236.0,79.0,3.0,795.0,130.0,1
16.0,3012.0,135.0,134.0,4.0,1133.0,171.0,0
1.0,1616.0,261.0,80.0,3.0,755.0,155.0,0
5.0,1449.0,134.0,16.0,3.0,380.0,129.0,0
15.0,2020.0,214.0,262.0,3.0,1125.0,85.0,1
12.0,6540.0,29.0,79.0,7.0,391.0,107.0,0
8.0,842.0,173.0,16.0,6.0,767.0,92.0,0
10.0,2891.0,80.0,56.0,7.0,1010.0,120.0,1
15.0,474.0,18.0,45.0,4.0,420.0,180.0,0
1.0,17.0,148.0,253.0,4.0,1165.0,400.0,0
5.0,2932.0,264.0,261.0,7.0,617.0,107.0,1
12.0,6889.0,208.0,91.0,4.0,1079.0,194.0,0
16.0,2072.0,234.0,135.0,4.0,375.0,199.0,0
6.0,5409.0,16.0,256.0,7.0,1152.0,123.0,1
1.0,329.0,159.0,208.0,6.0,765.0,155.0,1
5.0,124.0,154.0,16.0,5.0,540.0,253.0,0
12.0,4816.0,253.0,261.0,6.0,705.0,104.0,0
10.0,4301.0,208.0,204.0,7.0,740.0,135.0,0
3.0,1108.0,233.0,148.0,7.0,930.0,92.0,0
1.0,1842.0,153.0,183.0,3.0,1375.0,260.0,0
15.0,1105.0,175.0,251.0,4.0,740.0,65.0,1
13.0,829.0,279.0,79.0,3.0,964.0,116.0,0
6.0,5269.0,78.0,71.0,3.0,1085.0,99.0,0
1.0,557.0,183.0,208.0,3.0,660.0,190.0,0
16.0,5928.0,208.0,157.0,7.0,785.0,71.0,0
3.0,436.0,173.0,35.0,6.0,1250.0,159.0,0
2.0,60.0,151.0,252.0,4.0,555.0,116.0,0
17.0,7289.0,16.0,134.0,6.0,360.0,100.0,0
5.0,2647.0,159.0,16.0,4.0,1080.0,167.0,1
14.0,1850.0,60.0,22.0,3.0,1194.0,108.0,0
15.0,1657.0,153.0,243.0,1.0,980.0,65.0,1
1.0,1032.0,207.0,80.0,4.0,370.0,180.0,0
5.0,1863.0,78.0,197.0,5.0,972.0,166.0,0
12.0,6868.0,2.0,79.0,5.0,1160.0,76.0,1
1.0,593.0,268.0,208.0,3.0,840.0,75.0,0
3.0,151.0,148.0,213.0,6.0,960.0,188.0,1
14.0,817.0,208.0,216.0,3.0,450.0,120.0,0
6.0,5328.0,121.0,16.0,6.0,582.0,65.0,0
4.0,332.0,135.0,159.0,4.0,478.0,206.0,0
14.0,497.0,60.0,79.0,4.0,1230.0,228.0,0
2.0,192.0,98.0,14.0,5.0,1240.0,64.0,1
10.0,3326.0,285.0,80.0,5.0,810.0,155.0,1
1.0,763.0,159.0,80.0,3.0,990.0,260.0,0
15.0,1747.0,175.0,85.0,4.0,875.0,65.0,1
1.0,399.0,216.0,80.0,5.0,695.0,235.0,1
4.0,692.0,96.0,173.0,7.0,665.0,163.0,0
13.0,491.0,79.0,217.0,5.0,490.0,129.0,0
2.0,553.0,227.0,252.0,7.0,1125.0,164.0,1
2.0,50.0,14.0,249.0,6.0,880.0,105.0,0
16.0,2786.0,58.0,183.0,5.0,510.0,174.0,0
3.0,636.0,253.0,35.0,5.0,1273.0,320.0,0
8.0,936.0,16.0,147.0,5.0,856.0,64.0,0
5.0,1414.0,204.0,16.0,4.0,945.0,124.0,0
10.0,3362.0,155.0,80.0,5.0,970.0,65.0,0
17.0,2718.0,194.0,217.0,7.0,360.0,145.0,1
15.0,3836.0,85.0,175.0,1.0,480.0,75.0,1
3.0,1226.0,233.0,35.0,6.0,1020.0,101.0,0
14.0,1241.0,216.0,277.0,1.0,720.0,159.0,0
17.0,2945.0,134.0,60.0,1.0,505.0,98.0,0
15.0,803.0,258.0,217.0,5.0,1140.0,105.0,0
1.0,1404.0,241.0,208.0,7.0,945.0,195.0,0
12.0,4712.0,243.0,154.0,4.0,570.0,49.0,1
6.0,5105.0,85.0,205.0,1.0,740.0,125.0,0
5.0,1138.0,268.0,16.0,7.0,1135.0,99.0,1
15.0,1592.0,43.0,104.0,5.0,715.0,190.0,0
15.0,1312.0,13.0,153.0,7.0,775.0,135.0,0
15.0,1326.0,154.0,258.0,4.0,710.0,65.0,1
1.0,533.0,135.0,80.0,7.0,1205.0,75.0,0
17.0,2646.0,60.0,177.0,6.0,680.0,116.0,0
4.0,291.0,183.0,135.0,1.0,703.0,167.0,0
5.0,1613.0,60.0,16.0,3.0,1185.0,88.0,0
17.0,2702.0,217.0,2.0,6.0,595.0,83.0,1
6.0,5012.0,16.0,136.0,7.0,1296.0,139.0,0
10.0,3074.0,154.0,236.0,7.0,365.0,90.0,0
16.0,2431.0,139.0,135.0,1.0,665.0,154.0,1
1.0,1352.0,80.0,204.0,6.0,535.0,55.0,0
10.0,3867.0,85.0,208.0,7.0,475.0,95.0,1
17.0,2916.0,227.0,217.0,7.0,1000.0,71.0,0
8.0,1298.0,84.0,173.0,7.0,930.0,168.0,1
16.0,2533.0,85.0,96.0,7.0,675.0,102.0,0
5.0,1775.0,177.0,217.0,3.0,1170.0,214.0,0
1.0,1426.0,243.0,80.0,3.0,575.0,180.0,1
5.0,1857.0,261.0,252.0,1.0,506.0,137.0,0
1.0,726.0,91.0,80.0,6.0,465.0,105.0,0
16.0,5890.0,208.0,121.0,3.0,525.0,101.0,1
15.0,1006.0,18.0,33.0,4.0,910.0,115.0,1
2.0,562.0,214.0,154.0,1.0,590.0,137.0,0
11.0,6446.0,216.0,148.0,1.0,805.0,60.0,0
12.0,4841.0,261.0,2.0,6.0,1190.0,102.0,0
9.0,30.0,203.0,252.0,7.0,970.0,325.0,0
13.0,683.0,159.0,208.0,3.0,838.0,158.0,1
15.0,212.0,85.0,175.0,7.0,665.0,70.0,0
0.0,3930.0,164.0,197.0,3.0,1016.0,84.0,0
8.0,74.0,104.0,16.0,7.0,777.0,117.0,0
9.0,324.0,161.0,128.0,4.0,1370.0,30.0,0
12.0,6530.0,64.0,79.0,4.0,434.0,82.0,1
8.0,1624.0,173.0,216.0,3.0,600.0,138.0,1
2.0,225.0,253.0,214.0,6.0,1220.0,103.0,0
1.0,1017.0,268.0,80.0,4.0,1130.0,115.0,0
0.0,4041.0,177.0,279.0,4.0,820.0,86.0,0
6.0,5245.0,177.0,119.0,7.0,1140.0,101.0,0
5.0,1536.0,85.0,45.0,1.0,625.0,96.0,0
10.0,3999.0,99.0,208.0,1.0,1000.0,130.0,0
5.0,1697.0,216.0,197.0,6.0,691.0,188.0,0
15.0,1527.0,184.0,172.0,6.0,930.0,95.0,1
13.0,297.0,45.0,253.0,7.0,433.0,372.0,0
5.0,2341.0,197.0,205.0,3.0,1175.0,71.0,0
6.0,5586.0,16.0,101.0,7.0,965.0,76.0,0
0.0,3717.0,129.0,16.0,4.0,576.0,116.0,0
12.0,6586.0,227.0,79.0,4.0,360.0,131.0,1
15.0,1296.0,217.0,175.0,1.0,905.0,205.0,1
6.0,5094.0,138.0,16.0,1.0,1079.0,100.0,0
1.0,202.0,154.0,183.0,6.0,430.0,285.0,0
15.0,1414.0,217.0,153.0,5.0,870.0,65.0,0
8.0,807.0,45.0,35.0,7.0,500.0,79.0,0
16.0,2519.0,58.0,238.0,5.0,1150.0,59.0,0
13.0,678.0,208.0,159.0,4.0,660.0,132.0,0
16.0,2089.0,96.0,78.0,7.0,530.0,70.0,0
12.0,6534.0,137.0,79.0,3.0,815.0,89.0,0
6.0,5303.0,101.0,16.0,4.0,987.0,96.0,1
12.0,6816.0,254.0,79.0,1.0,405.0,131.0,0
10.0,3350.0,190.0,80.0,5.0,690.0,115.0,0
4.0,491.0,183.0,135.0,4.0,1080.0,173.0,1
10.0,2757.0,80.0,290.0,5.0,1045.0,70.0,0
13.0,381.0,208.0,262.0,1.0,587.0,280.0,0
1.0,1259.0,18.0,80.0,3.0,630.0,70.0,0
3.0,305.0,134.0,104.0,1.0,469.0,156.0,0
15.0,1715.0,252.0,202.0,1.0,640.0,125.0,1
11.0,6570.0,208.0,148.0,3.0,687.0,149.0,0
10.0,3699.0,183.0,71.0,4.0,1290.0,160.0,0
11.0,6386.0,71.0,45.0,5.0,940.0,91.0,0
15.0,12.0,129.0,75.0,1.0,540.0,60.0,1
16.0,2220.0,256.0,135.0,7.0,420.0,62.0,0
16.0,2246.0,135.0,16.0,1.0,445.0,118.0,0
15.0,24.0,75.0,27.0,5.0,800.0,90.0,1
1.0,858.0,183.0,216.0,5.0,460.0,160.0,1
1.0,1758.0,154.0,208.0,4.0,645.0,250.0,0
6.0,5574.0,48.0,16.0,7.0,792.0,116.0,1
12.0,6646.0,34.0,79.0,1.0,1003.0,112.0,0
0.0,3829.0,85.0,56.0,4.0,940.0,102.0,1
1.0,1030.0,198.0,80.0,4.0,835.0,100.0,0
0.0,3921.0,177.0,58.0,3.0,855.0,116.0,1
15.0,257.0,147.0,129.0,4.0,930.0,150.0,1
15.0,701.0,202.0,217.0,3.0,1145.0,110.0,0
9.0,545.0,203.0,128.0,7.0,1073.0,34.0,0
3.0,321.0,134.0,202.0,5.0,1131.0,354.0,0
17.0,2607.0,174.0,60.0,5.0,425.0,102.0,0
10.0,3618.0,275.0,183.0,3.0,1100.0,80.0,1
12.0,6475.0,154.0,292.0,4.0,976.0,70.0,0
12.0,6485.0,227.0,253.0,7.0,1221.0,91.0,1
1.0,1978.0,80.0,277.0,1.0,1096.0,135.0,0
15.0,3684.0,244.0,79.0,5.0,370.0,145.0,0
13.0,509.0,79.0,252.0,3.0,1299.0,183.0,0
10.0,3635.0,183.0,60.0,4.0,680.0,125.0,0
8.0,671.0,184.0,173.0,3.0,525.0,168.0,1
3.0,703.0,148.0,260.0,5.0,420.0,227.0,0
14.0,490.0,217.0,79.0,7.0,955.0,105.0,0
16.0,2869.0,96.0,71.0,4.0,1200.0,132.0,0
0.0,3964.0,12.0,148.0,3.0,365.0,90.0,1
16.0,2991.0,162.0,135.0,1.0,742.0,82.0,0
16.0,2288.0,135.0,76.0,3.0,1199.0,133.0,0
10.0,4537.0,233.0,148.0,1.0,1030.0,105.0,1
9.0,207.0,150.0,128.0,3.0,729.0,42.0,0
15.0,2264.0,45.0,182.0,4.0,575.0,75.0,0
5.0,1261.0,16.0,129.0,7.0,650.0,140.0,0
16.0,2104.0,68.0,135.0,7.0,495.0,64.0,0
5.0,2366.0,147.0,159.0,6.0,430.0,143.0,0
15.0,563.0,129.0,68.0,5.0,1050.0,50.0,1
15.0,823.0,262.0,252.0,5.0,790.0,110.0,0
10.0,4128.0,174.0,208.0,5.0,770.0,135.0,0
1.0,1399.0,79.0,208.0,6.0,395.0,155.0,0
16.0,2551.0,147.0,135.0,1.0,1060.0,149.0,0
15.0,1093.0,43.0,45.0,5.0,385.0,90.0,1
5.0,1427.0,85.0,197.0,6.0,815.0,113.0,1
16.0,2610.0,241.0,135.0,6.0,1060.0,159.0,1
6.0,5171.0,71.0,16.0,6.0,1135.0,98.0,0
10.0,3610.0,27.0,183.0,6.0,785.0,110.0,0
9.0,343.0,128.0,161.0,7.0,710.0,37.0,0
3.0,422.0,213.0,35.0,4.0,640.0,173.0,0
16.0,2282.0,91.0,135.0,4.0,520.0,115.0,0
1.0,1839.0,204.0,80.0,3.0,360.0,60.0,0
12.0,4592.0,122.0,261.0,5.0,1025.0,85.0,0
15.0,1015.0,244.0,45.0,3.0,430.0,190.0,0
15.0,2612.0,175.0,79.0,6.0,910.0,160.0,1
13.0,731.0,96.0,79.0,5.0,597.0,268.0,0
15.0,1298.0,153.0,175.0,6.0,845.0,220.0,0
16.0,2940.0,85.0,135.0,7.0,690.0,172.0,1
15.0,193.0,45.0,217.0,5.0,1115.0,320.0,0
10.0,3210.0,129.0,80.0,7.0,520.0,70.0,1
5.0,1248.0,135.0,16.0,7.0,350.0,130.0,0
15.0,1862.0,228.0,173.0,7.0,1065.0,185.0,0
16.0,2806.0,96.0,172.0,5.0,886.0,194.0,1
17.0,2734.0,18.0,217.0,1.0,920.0,150.0,0
1.0,1698.0,80.0,78.0,7.0,645.0,160.0,0
6.0,5504.0,16.0,48.0,3.0,831.0,99.0,0
5.0,65.0,16.0,153.0,3.0,1150.0,280.0,1
8.0,1179.0,241.0,119.0,6.0,1140.0,162.0,1
4.0,32.0,198.0,135.0,7.0,810.0,75.0,1
13.0,492.0,253.0,268.0,6.0,760.0,226.0,0
12.0,6839.0,208.0,205.0,3.0,740.0,99.0,1
15.0,1527.0,75.0,155.0,6.0,1170.0,65.0,0
5.0,2618.0,173.0,16.0,7.0,1050.0,101.0,1
15.0,2812.0,175.0,172.0,5.0,920.0,95.0,0
14.0,738.0,221.0,216.0,1.0,1065.0,76.0,1
12.0,4723.0,261.0,160.0,4.0,913.0,107.0,0
6.0,5337.0,16.0,81.0,5.0,815.0,56.0,0
16.0,3066.0,234.0,96.0,6.0,386.0,67.0,0
15.0,1876.0,44.0,258.0,6.0,510.0,65.0,1
1.0,2287.0,80.0,88.0,7.0,730.0,140.0,0
4.0,317.0,198.0,96.0,4.0,600.0,175.0,0
13.0,602.0,208.0,78.0,4.0,418.0,111.0,0
15.0,160.0,79.0,262.0,5.0,705.0,160.0,0
10.0,4341.0,208.0,234.0,4.0,460.0,115.0,0
11.0,6659.0,111.0,197.0,7.0,800.0,180.0,1
15.0,1184.0,236.0,154.0,6.0,585.0,85.0,1
12.0,4839.0,2.0,261.0,7.0,660.0,94.0,1
12.0,4734.0,221.0,197.0,5.0,1160.0,135.0,1
10.0,4524.0,33.0,78.0,1.0,825.0,95.0,0
15.0,3771.0,175.0,221.0,5.0,710.0,75.0,1
13.0,225.0,22.0,134.0,7.0,1161.0,93.0,0
15.0,2616.0,184.0,172.0,1.0,1055.0,100.0,1
14.0,1897.0,60.0,16.0,3.0,1340.0,67.0,1
6.0,5419.0,204.0,85.0,6.0,360.0,150.0,0
12.0,4495.0,197.0,112.0,5.0,1035.0,75.0,0
15.0,3762.0,268.0,75.0,5.0,510.0,110.0,0
14.0,46.0,217.0,78.0,4.0,950.0,243.0,0
6.0,5592.0,16.0,47.0,5.0,595.0,73.0,0
12.0,6849.0,214.0,232.0,6.0,671.0,38.0,1
12.0,4621.0,79.0,261.0,4.0,780.0,90.0,1
10.0,2784.0,80.0,284.0,4.0,585.0,45.0,0
2.0,66.0,14.0,50.0,4.0,925.0,53.0,1
15.0,2349.0,202.0,44.0,4.0,740.0,65.0,0
6.0,5536.0,256.0,177.0,4.0,1020.0,65.0,0
10.0,3926.0,208.0,265.0,1.0,775.0,50.0,0
15.0,2291.0,154.0,153.0,7.0,395.0,60.0,0
6.0,5501.0,287.0,16.0,3.0,345.0,62.0,0
9.0,166.0,128.0,203.0,3.0,740.0,38.0,0
5.0,1250.0,16.0,241.0,6.0,1145.0,110.0,0
15.0,1128.0,216.0,33.0,7.0,955.0,145.0,1
14.0,488.0,217.0,79.0,4.0,795.0,109.0,0
10.0,3747.0,216.0,208.0,4.0,785.0,145.0,0
3.0,45.0,238.0,148.0,7.0,360.0,83.0,0
13.0,192.0,208.0,45.0,7.0,1297.0,111.0,0
13.0,500.0,253.0,217.0,5.0,765.0,120.0,0
6.0,5387.0,16.0,121.0,6.0,590.0,64.0,1
10.0,4075.0,208.0,281.0,4.0,720.0,60.0,0
12.0,6373.0,154.0,246.0,7.0,628.0,40.0,0
1.0,1646.0,80.0,183.0,4.0,650.0,155.0,0
0.0,4063.0,148.0,221.0,7.0,1230.0,127.0,1
6.0,7098.0,120.0,208.0,7.0,714.0,125.0,1
13.0,943.0,208.0,154.0,1.0,1052.0,268.0,1
4.0,7.0,244.0,135.0,6.0,504.0,55.0,0
1.0,1353.0,148.0,80.0,3.0,1020.0,255.0,1
8.0,1461.0,175.0,173.0,6.0,435.0,159.0,0
3.0,738.0,37.0,148.0,7.0,675.0,229.0,1
15.0,857.0,173.0,268.0,4.0,1005.0,155.0,1
6.0,5292.0,78.0,22.0,7.0,953.0,80.0,0
1.0,2578.0,253.0,154.0,7.0,1015.0,80.0,1
15.0,3920.0,58.0,268.0,1.0,550.0,110.0,1
15.0,2170.0,75.0,204.0,6.0,490.0,50.0,0
16.0,2581.0,135.0,68.0,4.0,860.0,61.0,0
3.0,1760.0,260.0,104.0,7.0,1162.0,165.0,1
0.0,4391.0,85.0,233.0,3.0,450.0,105.0,0
14.0,1740.0,43.0,216.0,7.0,1098.0,92.0,0
15.0,1060.0,202.0,154.0,5.0,1215.0,75.0,1
1.0,745.0,159.0,80.0,7.0,795.0,250.0,0
15.0,2720.0,253.0,153.0,3.0,890.0,95.0,1
10.0,2897.0,108.0,80.0,3.0,930.0,65.0,0
8.0,473.0,45.0,16.0,7.0,450.0,120.0,0
17.0,2901.0,54.0,60.0,7.0,660.0,69.0,1
6.0,5016.0,256.0,16.0,3.0,606.0,104.0,1
15.0,838.0,79.0,217.0,7.0,1075.0,120.0,1
15.0,201.0,173.0,22.0,5.0,690.0,155.0,1
4.0,514.0,135.0,221.0,5.0,598.0,162.0,0
5.0,576.0,260.0,148.0,3.0,865.0,260.0,0
1.0,1635.0,148.0,260.0,6.0,905.0,250.0,0
15.0,2710.0,233.0,268.0,4.0,1060.0,140.0,1
1.0,1204.0,2.0,80.0,4.0,640.0,100.0,0
14.0,944.0,135.0,60.0,7.0,525.0,144.0,1
16.0,2625.0,135.0,131.0,4.0,912.0,73.0,1
1.0,1362.0,208.0,148.0,3.0,760.0,130.0,1
4.0,1849.0,104.0,135.0,5.0,720.0,171.0,1
14.0,1484.0,173.0,78.0,3.0,710.0,123.0,0
13.0,46.0,203.0,154.0,4.0,1310.0,313.0,0
15.0,3224.0,58.0,175.0,4.0,515.0,85.0,0
15.0,3403.0,35.0,268.0,4.0,990.0,195.0,1
15.0,151.0,217.0,261.0,1.0,1085.0,95.0,1
15.0,432.0,153.0,139.0,3.0,830.0,215.0,1
0.0,3768.0,90.0,85.0,1.0,515.0,98.0,0
13.0,267.0,208.0,79.0,3.0,717.0,158.0,1
1.0,2431.0,80.0,154.0,4.0,740.0,200.0,0
0.0,3977.0,85.0,195.0,4.0,750.0,90.0,1
15.0,1194.0,182.0,217.0,6.0,895.0,360.0,0
5.0,2003.0,197.0,262.0,3.0,555.0,243.0,1
1.0,1468.0,80.0,177.0,1.0,535.0,85.0,0
15.0,1514.0,154.0,79.0,7.0,1100.0,135.0,1
14.0,1822.0,60.0,35.0,1.0,695.0,122.0,1
16.0,2023.0,221.0,135.0,3.0,700.0,194.0,1
10.0,3967.0,208.0,205.0,4.0,470.0,95.0,1
3.0,324.0,104.0,22.0,4.0,670.0,171.0,1
15.0,170.0,217.0,33.0,1.0,1040.0,195.0,1
15.0,1185.0,253.0,79.0,5.0,755.0,150.0,1
16.0,5999.0,279.0,208.0,7.0,863.0,117.0,0
8.0,807.0,45.0,35.0,6.0,500.0,79.0,0
5.0,2069.0,16.0,173.0,5.0,595.0,104.0,0
12.0,6542.0,79.0,83.0,3.0,606.0,64.0,0
13.0,649.0,208.0,205.0,4.0,1030.0,98.0,0
11.0,6319.0,35.0,233.0,4.0,1125.0,149.0,0
3.0,1133.0,273.0,148.0,5.0,360.0,85.0,0
5.0,158.0,85.0,159.0,5.0,1185.0,115.0,1
12.0,4500.0,243.0,154.0,7.0,885.0,49.0,0
8.0,300.0,79.0,16.0,1.0,375.0,170.0,0
15.0,3658.0,258.0,44.0,7.0,845.0,60.0,0
15.0,3491.0,170.0,129.0,7.0,580.0,80.0,0
12.0,6378.0,246.0,253.0,1.0,510.0,80.0,1
15.0,2023.0,207.0,262.0,6.0,1135.0,80.0,0
1.0,1426.0,243.0,80.0,7.0,575.0,180.0,0
2.0,114.0,14.0,252.0,6.0,150.0,200.0,1
3.0,675.0,148.0,154.0,5.0,990.0,379.0,1
12.0,7803.0,261.0,282.0,6.0,1015.0,64.0,1
16.0,2471.0,213.0,135.0,3.0,720.0,169.0,1
5.0,2851.0,172.0,197.0,4.0,550.0,93.0,0
3.0,66.0,148.0,43.0,7.0,725.0,79.0,1
6.0,5612.0,16.0,201.0,3.0,590.0,89.0,1
15.0,2377.0,221.0,173.0,3.0,375.0,150.0,1
10.0,2971.0,120.0,80.0,4.0,745.0,195.0,0
14.0,795.0,208.0,60.0,7.0,360.0,115.0,0
3.0,520.0,173.0,96.0,6.0,485.0,145.0,1
5.0,1029.0,76.0,16.0,4.0,807.0,108.0,0
15.0,680.0,18.0,243.0,3.0,610.0,190.0,0
8.0,291.0,16.0,129.0,1.0,630.0,143.0,0
10.0,3919.0,162.0,208.0,6.0,840.0,115.0,0
13.0,49.0,134.0,154.0,1.0,762.0,346.0,1
0.0,4264.0,16.0,54.0,1.0,891.0,74.0,0
16.0,3135.0,60.0,96.0,6.0,1045.0,120.0,0
5.0,1192.0,261.0,78.0,4.0,620.0,240.0,0
12.0,4591.0,261.0,244.0,4.0,595.0,165.0,0
15.0,2759.0,154.0,217.0,6.0,640.0,75.0,1
16.0,5930.0,84.0,208.0,4.0,1053.0,81.0,0
14.0,88.0,217.0,214.0,5.0,675.0,169.0,0
16.0,2637.0,75.0,135.0,3.0,1019.0,69.0,0
5.0,2635.0,139.0,16.0,5.0,485.0,108.0,1
0.0,4369.0,209.0,85.0,6.0,975.0,123.0,0
5.0,1257.0,233.0,16.0,4.0,510.0,94.0,0
14.0,480.0,217.0,44.0,5.0,1265.0,87.0,0
1.0,1525.0,154.0,253.0,5.0,1025.0,80.0,0
2.0,65.0,151.0,289.0,6.0,540.0,51.0,0
10.0,2866.0,1.0,80.0,4.0,655.0,50.0,0
12.0,7760.0,89.0,261.0,4.0,840.0,63.0,1
5.0,1030.0,244.0,16.0,1.0,972.0,148.0,1
14.0,583.0,80.0,217.0,7.0,500.0,172.0,0
1.0,2453.0,80.0,154.0,4.0,915.0,200.0,1
1.0,2202.0,260.0,183.0,3.0,1055.0,175.0,1
13.0,523.0,79.0,217.0,3.0,920.0,117.0,0
12.0,4681.0,93.0,261.0,4.0,370.0,113.0,0
0.0,4210.0,177.0,268.0,3.0,1180.0,75.0,0
15.0,3599.0,268.0,153.0,1.0,765.0,230.0,1
16.0,3006.0,38.0,135.0,6.0,340.0,69.0,0
13.0,486.0,35.0,208.0,7.0,661.0,169.0,0
1.0,1805.0,290.0,80.0,3.0,1100.0,85.0,0
12.0,4611.0,261.0,253.0,4.0,510.0,133.0,1
7.0,197.0,79.0,76.0,4.0,1150.0,152.0,0
15.0,1061.0,170.0,2.0,7.0,445.0,70.0,0
3.0,908.0,208.0,148.0,6.0,675.0,125.0,1
9.0,22.0,128.0,252.0,3.0,885.0,335.0,0
16.0,2411.0,16.0,135.0,4.0,1270.0,139.0,0
16.0,5922.0,16.0,208.0,7.0,932.0,133.0,0
2.0,307.0,253.0,252.0,1.0,550.0,129.0,1
14.0,2036.0,78.0,35.0,1.0,870.0,85.0,1
14.0,35.0,217.0,154.0,7.0,1270.0,87.0,1
5.0,1688.0,85.0,177.0,1.0,720.0,125.0,0
13.0,707.0,208.0,79.0,4.0,360.0,160.0,0
15.0,1253.0,277.0,213.0,5.0,490.0,55.0,0
4.0,1405.0,58.0,277.0,4.0,535.0,150.0,0
0.0,3725.0,85.0,43.0,3.0,460.0,77.0,0
15.0,3250.0,252.0,34.0,5.0,445.0,80.0,1
16.0,2825.0,96.0,33.0,4.0,1095.0,157.0,1
1.0,559.0,16.0,80.0,4.0,1085.0,155.0,0
5.0,1151.0,253.0,128.0,7.0,1060.0,330.0,1
12.0,6349.0,280.0,253.0,1.0,367.0,133.0,0
5.0,1174.0,16.0,43.0,3.0,645.0,132.0,0
12.0,6858.0,79.0,243.0,5.0,934.0,137.0,0
0.0,3896.0,85.0,107.0,3.0,1175.0,140.0,1
15.0,3498.0,268.0,45.0,3.0,1190.0,115.0,1
15.0,810.0,172.0,175.0,6.0,980.0,85.0,0
5.0,1970.0,198.0,16.0,6.0,606.0,89.0,0
15.0,2992.0,205.0,268.0,3.0,750.0,70.0,1
12.0,6840.0,246.0,253.0,5.0,639.0,80.0,1
4.0,1028.0,60.0,135.0,5.0,991.0,182.0,0
14.0,493.0,214.0,217.0,6.0,915.0,147.0,0
12.0,6860.0,79.0,2.0,3.0,500.0,74.0,1
0.0,3852.0,85.0,193.0,7.0,935.0,85.0,1
3.0,82.0,252.0,148.0,6.0,1307.0,301.0,0
5.0,2650.0,252.0,261.0,4.0,807.0,114.0,1
12.0,6338.0,154.0,243.0,3.0,966.0,47.0,0
15.0,1727.0,268.0,205.0,7.0,1005.0,75.0,1
16.0,2636.0,244.0,135.0,6.0,760.0,59.0,0
3.0,1281.0,35.0,234.0,4.0,420.0,108.0,0
12.0,4716.0,160.0,261.0,7.0,410.0,110.0,0
14.0,1905.0,78.0,104.0,4.0,625.0,156.0,0
15.0,1795.0,129.0,217.0,1.0,1100.0,175.0,0
16.0,5904.0,208.0,42.0,7.0,536.0,120.0,0
0.0,4005.0,279.0,16.0,7.0,1060.0,129.0,1
5.0,1932.0,147.0,16.0,7.0,510.0,89.0,0
12.0,4778.0,252.0,261.0,4.0,1005.0,113.0,1
10.0,4282.0,208.0,22.0,1.0,490.0,130.0,0
11.0,6331.0,21.0,85.0,7.0,495.0,63.0,0
15.0,1240.0,175.0,221.0,3.0,1175.0,80.0,1
1.0,1812.0,183.0,154.0,7.0,1170.0,355.0,1
3.0,94.0,202.0,148.0,5.0,460.0,322.0,0
1.0,621.0,80.0,252.0,3.0,640.0,260.0,1
1.0,1272.0,227.0,80.0,1.0,720.0,165.0,0
6.0,7378.0,79.0,71.0,5.0,360.0,158.0,0
2.0,51.0,98.0,39.0,4.0,1088.0,87.0,0
15.0,925.0,79.0,197.0,5.0,1140.0,120.0,1
13.0,663.0,78.0,79.0,6.0,508.0,249.0,0
11.0,6509.0,216.0,71.0,6.0,795.0,118.0,0
5.0,30.0,197.0,148.0,7.0,615.0,164.0,0
17.0,2859.0,103.0,217.0,3.0,680.0,65.0,0
6.0,7127.0,132.0,134.0,3.0,1106.0,105.0,0
2.0,50.0,249.0,39.0,6.0,1033.0,43.0,0
15.0,807.0,202.0,34.0,6.0,545.0,90.0,0
10.0,4331.0,208.0,33.0,3.0,430.0,90.0,0
5.0,1279.0,177.0,153.0,5.0,840.0,226.0,0
5.0,1697.0,216.0,197.0,4.0,691.0,188.0,1
5.0,1572.0,277.0,16.0,5.0,587.0,93.0,0
15.0,1141.0,75.0,162.0,3.0,670.0,60.0,1
14.0,1050.0,60.0,159.0,5.0,480.0,104.0,1
1.0,566.0,217.0,80.0,5.0,850.0,135.0,0
17.0,2818.0,100.0,217.0,3.0,975.0,99.0,0
10.0,4448.0,78.0,148.0,6.0,360.0,70.0,0
3.0,451.0,35.0,104.0,3.0,365.0,204.0,0
1.0,1998.0,80.0,104.0,5.0,840.0,155.0,1
1.0,1287.0,18.0,80.0,6.0,465.0,65.0,0
15.0,2049.0,280.0,243.0,4.0,1085.0,75.0,1
11.0,6449.0,120.0,16.0,6.0,743.0,106.0,0
10.0,4301.0,208.0,204.0,3.0,740.0,135.0,0
17.0,2681.0,71.0,60.0,3.0,419.0,86.0,0
15.0,826.0,261.0,217.0,4.0,1195.0,100.0,0
15.0,738.0,205.0,79.0,7.0,1155.0,100.0,0
10.0,4436.0,33.0,78.0,5.0,390.0,105.0,0
13.0,753.0,79.0,159.0,5.0,1072.0,217.0,0
12.0,6260.0,265.0,208.0,1.0,796.0,58.0,0
15.0,28.0,87.0,129.0,1.0,630.0,115.0,0
0.0,3690.0,152.0,197.0,1.0,405.0,112.0,0
2.0,689.0,18.0,258.0,1.0,480.0,236.0,0
4.0,1581.0,96.0,252.0,3.0,530.0,384.0,1
12.0,6557.0,252.0,214.0,7.0,853.0,48.0,0
5.0,1920.0,154.0,177.0,7.0,465.0,221.0,0
10.0,3695.0,148.0,209.0,1.0,1045.0,90.0,1
1.0,102.0,128.0,80.0,6.0,1205.0,430.0,1
12.0,6433.0,80.0,154.0,5.0,1160.0,205.0,0
4.0,3.0,154.0,128.0,6.0,590.0,345.0,1
12.0,6685.0,124.0,79.0,6.0,460.0,50.0,0
15.0,1026.0,173.0,241.0,5.0,685.0,50.0,1
4.0,733.0,159.0,135.0,7.0,449.0,238.0,1
10.0,4188.0,208.0,0.0,1.0,945.0,115.0,0
15.0,682.0,79.0,217.0,5.0,475.0,125.0,1
0.0,4034.0,43.0,85.0,1.0,925.0,75.0,0
6.0,5261.0,177.0,290.0,6.0,570.0,70.0,0
6.0,5295.0,16.0,287.0,5.0,986.0,64.0,1
16.0,2269.0,116.0,135.0,5.0,535.0,81.0,0
13.0,929.0,208.0,252.0,1.0,920.0,275.0,1
12.0,6614.0,79.0,224.0,3.0,746.0,153.0,0
1.0,1404.0,241.0,208.0,3.0,945.0,195.0,1
15.0,770.0,75.0,91.0,3.0,735.0,105.0,0
6.0,5076.0,204.0,16.0,7.0,648.0,125.0,0
14.0,872.0,138.0,60.0,1.0,870.0,64.0,1
15.0,2116.0,45.0,213.0,3.0,510.0,155.0,1
1.0,1354.0,153.0,183.0,3.0,370.0,265.0,0
13.0,488.0,208.0,60.0,4.0,1122.0,113.0,0
0.0,4121.0,148.0,78.0,7.0,1230.0,120.0,1
6.0,5096.0,16.0,11.0,6.0,997.0,57.0,0
14.0,75.0,217.0,252.0,6.0,875.0,186.0,0
14.0,1826.0,216.0,182.0,5.0,1265.0,78.0,0
14.0,486.0,217.0,79.0,3.0,585.0,109.0,0
1.0,761.0,208.0,268.0,7.0,725.0,65.0,0
10.0,4573.0,290.0,159.0,1.0,610.0,180.0,0
5.0,2322.0,177.0,172.0,7.0,840.0,90.0,0
12.0,4492.0,114.0,261.0,5.0,785.0,56.0,0
12.0,4784.0,236.0,261.0,4.0,983.0,80.0,0
0.0,4273.0,121.0,16.0,4.0,515.0,84.0,1
12.0,6898.0,184.0,208.0,3.0,981.0,50.0,1
16.0,3037.0,54.0,135.0,4.0,360.0,167.0,1
16.0,2833.0,135.0,146.0,7.0,629.0,65.0,0
12.0,6663.0,79.0,93.0,5.0,713.0,173.0,0
2.0,48.0,9.0,14.0,6.0,515.0,54.0,1
5.0,2310.0,80.0,16.0,3.0,645.0,123.0,1
16.0,5958.0,254.0,208.0,7.0,360.0,94.0,1
15.0,581.0,153.0,147.0,7.0,555.0,240.0,1
16.0,3062.0,147.0,96.0,5.0,818.0,138.0,0
1.0,1719.0,268.0,154.0,6.0,830.0,250.0,0
11.0,6455.0,16.0,52.0,4.0,500.0,65.0,0
0.0,3692.0,85.0,61.0,1.0,615.0,65.0,1
15.0,46.0,68.0,129.0,1.0,975.0,50.0,0
15.0,2020.0,111.0,34.0,3.0,945.0,60.0,1
5.0,2187.0,159.0,147.0,3.0,1155.0,170.0,0
10.0,3985.0,208.0,240.0,7.0,505.0,70.0,0
14.0,1630.0,79.0,60.0,4.0,725.0,183.0,0
13.0,219.0,173.0,134.0,6.0,733.0,129.0,0
2.0,490.0,252.0,243.0,6.0,647.0,157.0,0
6.0,5059.0,16.0,290.0,3.0,1230.0,121.0,1
4.0,770.0,135.0,253.0,7.0,1250.0,246.0,1
15.0,806.0,202.0,214.0,5.0,395.0,105.0,0
1.0,280.0,154.0,183.0,6.0,550.0,285.0,0
10.0,4285.0,208.0,60.0,4.0,470.0,115.0,0
15.0,2745.0,147.0,45.0,7.0,550.0,110.0,0
6.0,4950.0,115.0,16.0,7.0,608.0,82.0,0
3.0,327.0,22.0,104.0,5.0,886.0,192.0,0
14.0,959.0,60.0,104.0,3.0,1329.0,115.0,0
16.0,2916.0,135.0,205.0,5.0,545.0,129.0,0
12.0,4866.0,184.0,71.0,4.0,480.0,75.0,0
12.0,4801.0,261.0,236.0,4.0,1020.0,88.0,1
6.0,5230.0,162.0,16.0,5.0,531.0,96.0,0
12.0,6420.0,79.0,170.0,7.0,1174.0,96.0,0
12.0,6699.0,79.0,91.0,4.0,1017.0,102.0,1
12.0,6551.0,208.0,63.0,6.0,1275.0,81.0,1
8.0,355.0,159.0,16.0,6.0,794.0,155.0,0
13.0,895.0,134.0,208.0,5.0,600.0,139.0,0
8.0,967.0,7.0,16.0,7.0,360.0,125.0,0
14.0,1942.0,60.0,43.0,7.0,564.0,98.0,0
16.0,2174.0,135.0,223.0,1.0,785.0,86.0,0
12.0,6599.0,79.0,252.0,5.0,930.0,176.0,0
0.0,3845.0,85.0,152.0,5.0,525.0,39.0,0
1.0,1182.0,154.0,18.0,1.0,390.0,175.0,0
17.0,1007.0,161.0,128.0,7.0,1110.0,29.0,0
6.0,5238.0,16.0,121.0,5.0,906.0,59.0,0
15.0,1081.0,207.0,202.0,6.0,1090.0,75.0,0
4.0,1450.0,58.0,159.0,3.0,940.0,91.0,1
15.0,797.0,175.0,277.0,7.0,875.0,160.0,1
8.0,1495.0,172.0,173.0,5.0,826.0,158.0,1
12.0,6425.0,244.0,79.0,3.0,946.0,131.0,0
14.0,789.0,216.0,233.0,7.0,1105.0,95.0,0
0.0,4114.0,195.0,85.0,1.0,625.0,87.0,1
5.0,2689.0,261.0,197.0,5.0,645.0,158.0,0
16.0,2932.0,178.0,135.0,3.0,1115.0,70.0,0
16.0,2392.0,132.0,135.0,3.0,390.0,119.0,0
10.0,3450.0,290.0,80.0,6.0,360.0,70.0,0
14.0,2142.0,159.0,35.0,3.0,1200.0,75.0,1
0.0,3822.0,85.0,174.0,4.0,600.0,88.0,1
3.0,167.0,148.0,277.0,5.0,1020.0,187.0,1
12.0,4540.0,196.0,261.0,3.0,703.0,82.0,1
6.0,5248.0,16.0,200.0,6.0,735.0,70.0,0
15.0,146.0,153.0,216.0,7.0,915.0,280.0,0
16.0,2821.0,209.0,58.0,1.0,388.0,107.0,0
5.0,2320.0,213.0,16.0,1.0,345.0,113.0,0
15.0,1546.0,153.0,233.0,1.0,625.0,265.0,1
3.0,594.0,173.0,130.0,5.0,734.0,155.0,0
10.0,4674.0,159.0,58.0,5.0,1100.0,105.0,0
2.0,373.0,262.0,252.0,1.0,780.0,110.0,0
1.0,1952.0,2.0,80.0,4.0,715.0,100.0,0
16.0,2156.0,280.0,135.0,6.0,706.0,132.0,0
3.0,109.0,43.0,148.0,7.0,485.0,84.0,1
6.0,5601.0,81.0,16.0,7.0,1040.0,74.0,0
2.0,565.0,154.0,214.0,3.0,1050.0,147.0,0
8.0,1119.0,159.0,173.0,7.0,666.0,175.0,1
15.0,3510.0,173.0,175.0,1.0,1040.0,175.0,0
15.0,1671.0,175.0,173.0,5.0,1100.0,160.0,1
13.0,195.0,153.0,208.0,5.0,1104.0,215.0,0
5.0,2861.0,216.0,16.0,6.0,465.0,159.0,0
14.0,374.0,80.0,60.0,5.0,515.0,144.0,1
1.0,2223.0,159.0,268.0,4.0,990.0,170.0,0
4.0,1831.0,213.0,135.0,5.0,365.0,163.0,0
13.0,315.0,80.0,79.0,5.0,560.0,136.0,0
13.0,778.0,22.0,134.0,1.0,599.0,92.0,0
10.0,4571.0,159.0,61.0,1.0,970.0,120.0,0
10.0,3695.0,148.0,209.0,7.0,1045.0,90.0,0
14.0,401.0,216.0,253.0,6.0,1080.0,385.0,0
5.0,1511.0,195.0,85.0,3.0,330.0,80.0,0
14.0,1759.0,216.0,233.0,7.0,1230.0,85.0,1
15.0,698.0,258.0,154.0,5.0,950.0,70.0,1
15.0,1847.0,277.0,233.0,3.0,775.0,105.0,1
12.0,6336.0,253.0,236.0,3.0,544.0,58.0,0
1.0,1299.0,183.0,260.0,5.0,1115.0,150.0,0
12.0,6583.0,65.0,79.0,3.0,600.0,49.0,1
15.0,2833.0,243.0,253.0,6.0,980.0,95.0,1
11.0,6545.0,22.0,85.0,5.0,1110.0,130.0,0
13.0,651.0,96.0,208.0,7.0,1050.0,160.0,0
13.0,96.0,214.0,253.0,6.0,574.0,117.0,0
12.0,6893.0,253.0,227.0,4.0,559.0,83.0,0
15.0,3071.0,258.0,44.0,3.0,565.0,60.0,0
10.0,4123.0,208.0,62.0,3.0,1255.0,55.0,1
12.0,6934.0,253.0,236.0,5.0,1365.0,64.0,1
5.0,2230.0,16.0,172.0,7.0,647.0,138.0,0
15.0,1926.0,217.0,45.0,7.0,700.0,255.0,1
5.0,2467.0,60.0,85.0,4.0,980.0,110.0,0
10.0,3730.0,96.0,208.0,3.0,1115.0,170.0,0
5.0,2727.0,16.0,104.0,4.0,735.0,115.0,1
15.0,370.0,154.0,79.0,5.0,620.0,135.0,0
10.0,4687.0,233.0,148.0,5.0,700.0,90.0,0
8.0,652.0,244.0,16.0,7.0,1025.0,135.0,0
0.0,3922.0,85.0,228.0,4.0,945.0,118.0,1
7.0,843.0,175.0,79.0,4.0,940.0,157.0,0
8.0,314.0,16.0,60.0,6.0,890.0,66.0,1
8.0,1097.0,139.0,173.0,4.0,920.0,137.0,0
15.0,1577.0,129.0,217.0,7.0,435.0,180.0,0
12.0,6604.0,261.0,79.0,6.0,450.0,98.0,0
14.0,1107.0,60.0,80.0,5.0,1210.0,174.0,1
1.0,562.0,268.0,183.0,1.0,1050.0,160.0,0
5.0,1232.0,261.0,85.0,3.0,420.0,221.0,1
14.0,909.0,85.0,60.0,4.0,515.0,106.0,0
15.0,759.0,175.0,241.0,5.0,1105.0,170.0,1
12.0,7035.0,214.0,154.0,3.0,932.0,138.0,1
8.0,926.0,16.0,172.0,4.0,540.0,134.0,0
16.0,2352.0,205.0,135.0,6.0,695.0,132.0,1
13.0,83.0,134.0,154.0,4.0,556.0,351.0,0
1.0,455.0,208.0,154.0,7.0,905.0,265.0,1
14.0,527.0,236.0,217.0,5.0,1150.0,99.0,0
8.0,204.0,48.0,16.0,1.0,923.0,106.0,0
6.0,7123.0,134.0,71.0,5.0,510.0,100.0,0
5.0,2051.0,197.0,153.0,6.0,870.0,208.0,0
5.0,1922.0,184.0,85.0,4.0,410.0,75.0,0
5.0,2468.0,252.0,16.0,6.0,1375.0,278.0,0
15.0,477.0,43.0,175.0,1.0,440.0,115.0,1
15.0,882.0,45.0,209.0,7.0,855.0,50.0,1
5.0,2991.0,177.0,261.0,5.0,1120.0,205.0,1
15.0,914.0,154.0,258.0,3.0,960.0,65.0,1
4.0,250.0,135.0,233.0,4.0,1145.0,149.0,1
3.0,441.0,35.0,277.0,6.0,870.0,198.0,0
4.0,726.0,207.0,135.0,3.0,737.0,181.0,1
15.0,755.0,221.0,175.0,1.0,695.0,95.0,1
12.0,4638.0,243.0,154.0,4.0,380.0,49.0,0
13.0,459.0,159.0,208.0,7.0,456.0,151.0,0
5.0,2678.0,173.0,78.0,5.0,1195.0,128.0,1
5.0,1814.0,154.0,71.0,1.0,665.0,250.0,1
15.0,3230.0,147.0,33.0,7.0,935.0,95.0,1
5.0,2472.0,277.0,16.0,4.0,740.0,94.0,0
14.0,1926.0,173.0,78.0,4.0,445.0,122.0,0
4.0,667.0,252.0,14.0,5.0,1267.0,217.0,0
12.0,6504.0,208.0,247.0,1.0,428.0,41.0,1
8.0,1601.0,80.0,173.0,4.0,420.0,149.0,0
15.0,3322.0,277.0,228.0,7.0,1235.0,165.0,0
16.0,2641.0,172.0,135.0,1.0,695.0,118.0,0
5.0,87.0,148.0,277.0,1.0,1100.0,197.0,0
5.0,2604.0,154.0,261.0,7.0,984.0,111.0,1
5.0,84.0,16.0,148.0,3.0,1045.0,150.0,1
0.0,4109.0,148.0,233.0,3.0,1142.0,140.0,0
14.0,185.0,236.0,217.0,1.0,755.0,100.0,0
15.0,464.0,228.0,216.0,1.0,460.0,85.0,0
15.0,925.0,214.0,262.0,7.0,605.0,85.0,0
3.0,1418.0,147.0,35.0,4.0,770.0,145.0,1
14.0,719.0,216.0,35.0,1.0,1095.0,93.0,1
12.0,6860.0,2.0,79.0,3.0,604.0,76.0,1
0.0,3724.0,85.0,117.0,4.0,525.0,88.0,0
13.0,717.0,79.0,153.0,4.0,950.0,121.0,0
16.0,2516.0,58.0,238.0,7.0,965.0,60.0,0
1.0,1499.0,80.0,258.0,3.0,885.0,230.0,0
5.0,1196.0,203.0,154.0,1.0,826.0,314.0,0
12.0,6316.0,252.0,214.0,4.0,905.0,48.0,0
3.0,402.0,198.0,35.0,5.0,879.0,189.0,0
10.0,3274.0,285.0,80.0,7.0,1115.0,155.0,1
2.0,346.0,252.0,202.0,1.0,1045.0,122.0,0
13.0,465.0,277.0,79.0,7.0,1075.0,244.0,1
17.0,7288.0,16.0,208.0,1.0,888.0,129.0,1
3.0,377.0,159.0,104.0,4.0,809.0,182.0,1
0.0,3654.0,136.0,197.0,5.0,950.0,110.0,1
11.0,6440.0,71.0,195.0,3.0,1240.0,89.0,0
15.0,1685.0,214.0,258.0,5.0,1100.0,105.0,1
17.0,2858.0,103.0,217.0,4.0,540.0,72.0,0
14.0,490.0,217.0,79.0,3.0,955.0,105.0,0
6.0,5067.0,33.0,16.0,5.0,484.0,81.0,1
0.0,3896.0,25.0,85.0,1.0,994.0,96.0,1
3.0,1401.0,104.0,18.0,4.0,941.0,189.0,1
3.0,171.0,148.0,262.0,3.0,1155.0,395.0,0
0.0,4258.0,85.0,222.0,7.0,1180.0,71.0,1
13.0,881.0,35.0,208.0,6.0,545.0,173.0,0
5.0,1682.0,119.0,16.0,6.0,705.0,125.0,0
8.0,636.0,76.0,45.0,6.0,1080.0,84.0,0
1.0,594.0,260.0,45.0,5.0,1120.0,235.0,0
13.0,219.0,134.0,253.0,7.0,883.0,375.0,0
4.0,1766.0,252.0,135.0,5.0,695.0,248.0,0
5.0,1018.0,198.0,16.0,5.0,675.0,92.0,0
14.0,1967.0,229.0,60.0,4.0,480.0,161.0,0
15.0,467.0,153.0,204.0,3.0,1150.0,140.0,0
4.0,1121.0,35.0,96.0,3.0,390.0,81.0,0
1.0,1358.0,208.0,35.0,5.0,1340.0,130.0,0
16.0,2359.0,96.0,208.0,5.0,510.0,170.0,0
10.0,2969.0,80.0,1.0,6.0,1255.0,50.0,0
14.0,1290.0,80.0,216.0,3.0,1065.0,179.0,1
17.0,2638.0,71.0,60.0,1.0,1084.0,86.0,0
1.0,1174.0,258.0,208.0,5.0,830.0,255.0,0
2.0,120.0,14.0,252.0,7.0,450.0,211.0,0
5.0,2432.0,85.0,241.0,7.0,1180.0,178.0,1
11.0,6314.0,147.0,78.0,4.0,1115.0,114.0,0
1.0,676.0,80.0,60.0,5.0,1095.0,140.0,1
8.0,523.0,45.0,277.0,4.0,1225.0,150.0,0
3.0,195.0,148.0,153.0,7.0,1140.0,359.0,1
8.0,717.0,48.0,159.0,4.0,847.0,87.0,0
16.0,2679.0,96.0,147.0,3.0,485.0,154.0,1
16.0,2882.0,33.0,96.0,3.0,1180.0,122.0,1
16.0,2038.0,96.0,195.0,3.0,839.0,154.0,1
12.0,6826.0,194.0,253.0,6.0,370.0,34.0,0
10.0,3632.0,60.0,183.0,7.0,350.0,120.0,0
8.0,338.0,16.0,216.0,7.0,1325.0,112.0,1
1.0,2413.0,80.0,154.0,1.0,565.0,200.0,1
1.0,436.0,80.0,104.0,6.0,1015.0,155.0,1
6.0,5421.0,16.0,115.0,5.0,655.0,77.0,0
7.0,511.0,159.0,79.0,3.0,1050.0,270.0,1
5.0,1229.0,16.0,213.0,6.0,1330.0,106.0,0
13.0,806.0,154.0,253.0,5.0,835.0,85.0,0
10.0,3369.0,80.0,84.0,4.0,760.0,115.0,0
2.0,152.0,206.0,211.0,5.0,804.0,44.0,1
12.0,6827.0,208.0,177.0,5.0,1266.0,100.0,0
15.0,1444.0,58.0,175.0,6.0,665.0,80.0,1
15.0,1169.0,198.0,129.0,4.0,1090.0,75.0,0
1.0,803.0,80.0,183.0,7.0,540.0,155.0,0
0.0,4340.0,277.0,233.0,5.0,725.0,110.0,0
6.0,7357.0,268.0,177.0,1.0,1030.0,70.0,1
15.0,2477.0,251.0,153.0,6.0,930.0,270.0,1
12.0,6352.0,253.0,280.0,5.0,1150.0,119.0,0
4.0,1618.0,96.0,277.0,6.0,890.0,167.0,0
1.0,692.0,183.0,96.0,5.0,715.0,185.0,1
5.0,2391.0,16.0,277.0,5.0,910.0,92.0,0
5.0,1461.0,241.0,85.0,6.0,710.0,170.0,0
15.0,3079.0,268.0,175.0,5.0,1025.0,60.0,1
1.0,1455.0,183.0,253.0,3.0,930.0,375.0,0
5.0,1260.0,261.0,96.0,7.0,605.0,273.0,1
10.0,4697.0,85.0,159.0,4.0,360.0,100.0,0
15.0,2205.0,243.0,202.0,5.0,470.0,85.0,0
14.0,1434.0,183.0,60.0,6.0,380.0,126.0,0
4.0,37.0,96.0,173.0,5.0,809.0,171.0,1
10.0,4238.0,61.0,208.0,6.0,490.0,95.0,0
10.0,3276.0,84.0,80.0,5.0,905.0,120.0,0
0.0,4256.0,85.0,90.0,7.0,835.0,78.0,1
13.0,155.0,197.0,208.0,4.0,1025.0,84.0,1
1.0,427.0,18.0,154.0,5.0,1120.0,195.0,0
14.0,1640.0,60.0,96.0,4.0,468.0,102.0,1
8.0,901.0,215.0,16.0,5.0,360.0,123.0,0
4.0,608.0,214.0,135.0,4.0,740.0,235.0,1
12.0,6842.0,134.0,80.0,3.0,1006.0,214.0,1
11.0,6723.0,139.0,78.0,7.0,1105.0,96.0,0
1.0,2065.0,178.0,80.0,4.0,380.0,95.0,0
0.0,4051.0,177.0,135.0,4.0,1160.0,100.0,0
15.0,1537.0,243.0,175.0,7.0,840.0,235.0,1
12.0,6593.0,28.0,79.0,4.0,612.0,88.0,1
14.0,1539.0,60.0,252.0,3.0,575.0,351.0,1
6.0,5115.0,58.0,16.0,4.0,465.0,127.0,0
10.0,3771.0,208.0,135.0,4.0,470.0,165.0,1
13.0,406.0,28.0,79.0,6.0,818.0,92.0,0
10.0,4310.0,60.0,208.0,6.0,670.0,125.0,0
15.0,2226.0,268.0,172.0,6.0,1040.0,65.0,1
15.0,1715.0,202.0,154.0,5.0,790.0,70.0,1
10.0,3842.0,197.0,208.0,1.0,350.0,95.0,0
5.0,1295.0,16.0,186.0,1.0,890.0,93.0,0
8.0,220.0,184.0,153.0,4.0,1245.0,250.0,0
16.0,2922.0,135.0,119.0,7.0,1195.0,153.0,1
4.0,759.0,78.0,135.0,3.0,360.0,206.0,0
10.0,4271.0,208.0,233.0,1.0,600.0,120.0,0
5.0,301.0,60.0,16.0,7.0,430.0,90.0,0
6.0,5493.0,177.0,188.0,6.0,1180.0,68.0,0
13.0,371.0,96.0,208.0,3.0,1139.0,162.0,1
16.0,2767.0,12.0,58.0,4.0,860.0,95.0,0
15.0,1532.0,45.0,153.0,7.0,1085.0,330.0,1
5.0,2509.0,117.0,85.0,3.0,726.0,78.0,1
15.0,1499.0,175.0,268.0,5.0,530.0,70.0,1
15.0,1868.0,175.0,251.0,3.0,500.0,65.0,1
15.0,1675.0,153.0,280.0,7.0,750.0,75.0,0
5.0,2778.0,261.0,177.0,7.0,830.0,182.0,1
15.0,2992.0,268.0,33.0,1.0,845.0,60.0,1
17.0,2612.0,60.0,101.0,7.0,1215.0,55.0,0
1.0,2446.0,154.0,80.0,7.0,775.0,190.0,0
6.0,5392.0,177.0,158.0,4.0,860.0,84.0,0
1.0,1740.0,264.0,80.0,1.0,450.0,175.0,0
15.0,23.0,217.0,91.0,7.0,455.0,65.0,0
10.0,4052.0,62.0,208.0,3.0,795.0,65.0,1
12.0,6436.0,154.0,2.0,3.0,1241.0,109.0,1
10.0,3347.0,254.0,80.0,3.0,780.0,85.0,0
16.0,2800.0,135.0,290.0,3.0,1197.0,94.0,1
6.0,5527.0,36.0,16.0,4.0,1010.0,78.0,1
5.0,2823.0,197.0,173.0,6.0,605.0,192.0,1
15.0,2823.0,75.0,129.0,7.0,510.0,65.0,0
6.0,7398.0,27.0,16.0,1.0,660.0,71.0,0
5.0,1242.0,16.0,267.0,4.0,665.0,99.0,0
0.0,3694.0,85.0,175.0,3.0,935.0,71.0,0
0.0,3722.0,16.0,109.0,5.0,1164.0,106.0,0
15.0,3585.0,173.0,228.0,5.0,510.0,155.0,0
0.0,3761.0,142.0,85.0,5.0,1000.0,94.0,0
14.0,1401.0,60.0,104.0,4.0,975.0,120.0,1
13.0,177.0,35.0,253.0,1.0,682.0,408.0,0
12.0,7044.0,79.0,205.0,7.0,508.0,84.0,0
0.0,4106.0,121.0,16.0,4.0,1164.0,75.0,0
12.0,6516.0,253.0,163.0,3.0,1287.0,87.0,0
8.0,755.0,45.0,132.0,6.0,625.0,115.0,0
11.0,6310.0,33.0,71.0,6.0,965.0,66.0,0
1.0,374.0,208.0,159.0,3.0,725.0,125.0,1
1.0,1508.0,264.0,80.0,6.0,1110.0,160.0,0
5.0,2517.0,85.0,153.0,6.0,1185.0,277.0,0
15.0,1044.0,153.0,236.0,1.0,660.0,80.0,1
15.0,878.0,61.0,175.0,4.0,1045.0,70.0,1
1.0,1938.0,183.0,277.0,6.0,715.0,60.0,1
4.0,549.0,253.0,96.0,3.0,810.0,325.0,1
5.0,1025.0,245.0,16.0,1.0,1000.0,76.0,0
6.0,5522.0,16.0,27.0,3.0,630.0,56.0,1
1.0,257.0,148.0,153.0,3.0,990.0,360.0,0
10.0,3607.0,183.0,16.0,4.0,445.0,120.0,1
0.0,3781.0,16.0,136.0,1.0,522.0,160.0,0
16.0,2782.0,135.0,285.0,3.0,1180.0,118.0,1
14.0,639.0,217.0,207.0,7.0,1259.0,71.0,1
16.0,3003.0,33.0,135.0,4.0,760.0,125.0,0
15.0,1410.0,198.0,173.0,6.0,620.0,100.0,0
0.0,4317.0,177.0,155.0,3.0,820.0,120.0,0
10.0,4181.0,208.0,117.0,3.0,705.0,55.0,0
5.0,1103.0,261.0,214.0,6.0,692.0,120.0,0
12.0,6735.0,79.0,196.0,6.0,629.0,133.0,1
5.0,1020.0,16.0,175.0,6.0,1147.0,121.0,1
8.0,877.0,16.0,197.0,3.0,525.0,160.0,0
8.0,818.0,35.0,45.0,5.0,1075.0,94.0,0
14.0,367.0,78.0,217.0,3.0,630.0,309.0,0
7.0,232.0,79.0,33.0,7.0,630.0,150.0,0
9.0,175.0,203.0,128.0,6.0,545.0,34.0,0
10.0,3642.0,183.0,147.0,5.0,650.0,75.0,0
2.0,538.0,252.0,207.0,4.0,835.0,154.0,1
15.0,24.0,75.0,27.0,3.0,800.0,90.0,1
1.0,1985.0,216.0,260.0,7.0,430.0,230.0,0
15.0,963.0,175.0,27.0,3.0,600.0,105.0,1
15.0,2038.0,91.0,75.0,4.0,405.0,95.0,0
0.0,4185.0,177.0,80.0,5.0,560.0,107.0,1
14.0,162.0,60.0,243.0,1.0,475.0,317.0,1
16.0,2879.0,208.0,58.0,1.0,515.0,70.0,0
15.0,1132.0,18.0,217.0,4.0,410.0,160.0,0
5.0,2003.0,197.0,262.0,6.0,555.0,243.0,1
15.0,2705.0,228.0,45.0,3.0,1095.0,85.0,1
4.0,1790.0,135.0,183.0,4.0,810.0,146.0,0
3.0,69.0,273.0,148.0,1.0,860.0,78.0,0
15.0,3114.0,202.0,44.0,6.0,485.0,65.0,0
3.0,265.0,262.0,160.0,3.0,1158.0,77.0,0
13.0,393.0,22.0,208.0,7.0,528.0,161.0,0
15.0,1715.0,202.0,154.0,4.0,790.0,70.0,1
10.0,4514.0,148.0,78.0,3.0,785.0,85.0,1
12.0,7026.0,154.0,100.0,6.0,823.0,67.0,0
9.0,509.0,128.0,161.0,7.0,485.0,37.0,0
8.0,1222.0,221.0,104.0,7.0,420.0,171.0,0
8.0,119.0,16.0,277.0,7.0,721.0,89.0,0
12.0,6441.0,76.0,79.0,1.0,978.0,186.0,0
11.0,6474.0,197.0,148.0,3.0,915.0,183.0,1
6.0,5372.0,279.0,16.0,1.0,914.0,115.0,0
1.0,884.0,268.0,78.0,1.0,450.0,115.0,0
5.0,1372.0,159.0,35.0,1.0,450.0,66.0,1
1.0,1267.0,173.0,183.0,6.0,875.0,65.0,1
17.0,2858.0,103.0,217.0,7.0,540.0,72.0,0
15.0,1004.0,202.0,252.0,3.0,875.0,120.0,1
14.0,1007.0,200.0,60.0,4.0,1075.0,63.0,0
16.0,2841.0,135.0,76.0,5.0,810.0,139.0,0
16.0,2726.0,16.0,96.0,4.0,480.0,123.0,0
7.0,382.0,79.0,104.0,7.0,1035.0,224.0,0
1.0,1206.0,217.0,208.0,6.0,1040.0,200.0,1
5.0,2189.0,216.0,85.0,6.0,980.0,120.0,0
13.0,351.0,221.0,208.0,4.0,982.0,103.0,1
4.0,1740.0,262.0,135.0,5.0,1435.0,217.0,1
4.0,1426.0,96.0,243.0,3.0,1045.0,374.0,1
1.0,1928.0,154.0,253.0,1.0,595.0,100.0,0
12.0,6273.0,252.0,111.0,4.0,623.0,58.0,0
17.0,2622.0,60.0,134.0,7.0,705.0,85.0,0
16.0,2816.0,96.0,228.0,5.0,925.0,59.0,0
5.0,1389.0,35.0,159.0,3.0,870.0,70.0,0
14.0,337.0,153.0,217.0,1.0,590.0,73.0,0
15.0,546.0,79.0,252.0,3.0,855.0,185.0,1
15.0,2807.0,2.0,129.0,5.0,895.0,120.0,0
14.0,1044.0,277.0,216.0,7.0,980.0,149.0,0
16.0,2491.0,147.0,135.0,4.0,538.0,150.0,0
17.0,2903.0,246.0,217.0,3.0,385.0,91.0,0
11.0,6327.0,71.0,119.0,1.0,565.0,74.0,1
17.0,2681.0,60.0,223.0,7.0,580.0,110.0,0
2.0,626.0,214.0,153.0,1.0,530.0,128.0,0
0.0,3772.0,85.0,12.0,1.0,625.0,96.0,1
2.0,152.0,14.0,206.0,5.0,660.0,94.0,1
6.0,7357.0,268.0,177.0,7.0,1030.0,70.0,0
10.0,2880.0,121.0,80.0,1.0,885.0,170.0,0
3.0,150.0,173.0,148.0,4.0,535.0,139.0,0
0.0,3883.0,136.0,197.0,4.0,450.0,115.0,0
10.0,3964.0,45.0,208.0,4.0,665.0,130.0,1
10.0,4575.0,60.0,159.0,6.0,970.0,115.0,0
14.0,1580.0,60.0,221.0,3.0,1329.0,75.0,0
5.0,2235.0,85.0,197.0,3.0,1045.0,120.0,0
4.0,1770.0,173.0,58.0,3.0,755.0,141.0,1
6.0,5059.0,16.0,290.0,4.0,1230.0,121.0,0
14.0,938.0,60.0,159.0,1.0,695.0,111.0,1
3.0,1710.0,173.0,78.0,4.0,1130.0,116.0,1
15.0,742.0,262.0,243.0,1.0,715.0,85.0,1
4.0,1723.0,135.0,207.0,6.0,585.0,210.0,1
3.0,68.0,104.0,148.0,4.0,360.0,160.0,1
15.0,3230.0,45.0,147.0,3.0,780.0,130.0,1
5.0,2283.0,47.0,16.0,3.0,385.0,78.0,1
5.0,1423.0,268.0,16.0,3.0,750.0,100.0,1
3.0,179.0,148.0,217.0,7.0,1115.0,345.0,0
5.0,2190.0,16.0,184.0,7.0,634.0,126.0,1
8.0,463.0,45.0,16.0,5.0,1170.0,125.0,0
6.0,5447.0,251.0,16.0,6.0,680.0,93.0,0
1.0,1509.0,147.0,80.0,6.0,921.0,175.0,0
16.0,2064.0,135.0,139.0,5.0,615.0,126.0,1
5.0,1296.0,16.0,184.0,6.0,1168.0,130.0,0
13.0,238.0,243.0,134.0,5.0,1331.0,281.0,0
10.0,3330.0,254.0,80.0,6.0,960.0,85.0,0
17.0,2972.0,153.0,253.0,3.0,905.0,92.0,0
7.0,144.0,79.0,129.0,3.0,910.0,139.0,0
15.0,747.0,61.0,277.0,5.0,740.0,135.0,1
8.0,75.0,16.0,104.0,4.0,1030.0,111.0,0
5.0,2773.0,85.0,184.0,4.0,930.0,70.0,1
5.0,1750.0,153.0,197.0,6.0,683.0,197.0,1
12.0,6347.0,17.0,208.0,5.0,979.0,60.0,1
7.0,857.0,79.0,217.0,5.0,790.0,108.0,0
5.0,2285.0,16.0,135.0,5.0,1150.0,145.0,0
15.0,1868.0,205.0,175.0,5.0,390.0,85.0,1
6.0,5406.0,71.0,78.0,3.0,957.0,87.0,1
15.0,2654.0,233.0,45.0,3.0,410.0,60.0,0
4.0,40.0,154.0,96.0,6.0,410.0,314.0,0
6.0,5115.0,16.0,54.0,3.0,655.0,76.0,0
15.0,1242.0,75.0,279.0,7.0,575.0,60.0,0
15.0,770.0,75.0,91.0,1.0,735.0,105.0,1
15.0,1252.0,45.0,228.0,5.0,605.0,70.0,1
6.0,7123.0,134.0,71.0,4.0,510.0,100.0,1
1.0,2454.0,154.0,80.0,7.0,1005.0,180.0,1
8.0,114.0,80.0,16.0,3.0,1113.0,117.0,0
11.0,6673.0,148.0,78.0,1.0,1042.0,98.0,0
15.0,694.0,2.0,175.0,4.0,715.0,160.0,0
13.0,339.0,79.0,252.0,1.0,690.0,183.0,1
5.0,2370.0,159.0,213.0,7.0,1079.0,190.0,0
0.0,3921.0,177.0,58.0,4.0,855.0,116.0,0
8.0,186.0,16.0,78.0,4.0,615.0,105.0,0
10.0,4170.0,208.0,273.0,1.0,605.0,110.0,0
12.0,6344.0,154.0,243.0,7.0,1345.0,48.0,0
5.0,1171.0,221.0,16.0,7.0,1046.0,127.0,1
6.0,5379.0,16.0,162.0,3.0,1035.0,102.0,1
2.0,65.0,289.0,226.0,1.0,633.0,24.0,0
0.0,3868.0,12.0,85.0,3.0,765.0,119.0,1
10.0,2953.0,13.0,80.0,6.0,490.0,70.0,0
13.0,533.0,134.0,79.0,5.0,1311.0,248.0,0
13.0,440.0,264.0,79.0,1.0,420.0,155.0,0
14.0,1085.0,153.0,60.0,1.0,390.0,245.0,1
14.0,933.0,60.0,147.0,6.0,1075.0,73.0,0
11.0,6290.0,251.0,71.0,3.0,834.0,51.0,1
14.0,1435.0,78.0,60.0,7.0,640.0,90.0,1
12.0,7054.0,79.0,261.0,4.0,1289.0,91.0,0
5.0,1303.0,85.0,104.0,3.0,450.0,192.0,1
6.0,5070.0,78.0,268.0,3.0,410.0,142.0,1
11.0,6671.0,85.0,71.0,4.0,824.0,76.0,0
15.0,1768.0,129.0,279.0,6.0,490.0,80.0,0
10.0,2935.0,195.0,80.0,5.0,390.0,160.0,0
15.0,8.0,153.0,258.0,7.0,775.0,80.0,1
15.0,526.0,44.0,202.0,5.0,955.0,70.0,0
12.0,4612.0,261.0,2.0,3.0,656.0,102.0,1
6.0,5187.0,16.0,27.0,4.0,750.0,58.0,0
14.0,208.0,202.0,217.0,5.0,971.0,111.0,0
0.0,3886.0,84.0,16.0,1.0,330.0,135.0,1
15.0,955.0,45.0,22.0,4.0,865.0,65.0,0
15.0,1013.0,18.0,75.0,1.0,855.0,55.0,1
14.0,864.0,147.0,216.0,1.0,400.0,126.0,1
6.0,5125.0,16.0,58.0,4.0,715.0,103.0,1
13.0,197.0,134.0,252.0,6.0,967.0,358.0,0
1.0,1397.0,208.0,241.0,1.0,410.0,165.0,0
3.0,94.0,202.0,148.0,4.0,460.0,322.0,0
1.0,548.0,154.0,208.0,6.0,360.0,240.0,0
3.0,1296.0,221.0,35.0,3.0,1125.0,93.0,1
12.0,4742.0,197.0,58.0,7.0,1155.0,115.0,0
1.0,1517.0,80.0,2.0,3.0,945.0,110.0,0
16.0,2324.0,58.0,12.0,3.0,1140.0,74.0,1
10.0,3978.0,56.0,208.0,1.0,675.0,70.0,0
6.0,5414.0,78.0,35.0,4.0,415.0,93.0,0
1.0,1180.0,80.0,234.0,6.0,820.0,155.0,1
1.0,1297.0,183.0,260.0,6.0,625.0,155.0,0
12.0,6428.0,153.0,154.0,1.0,402.0,70.0,0
17.0,2897.0,83.0,217.0,1.0,1095.0,113.0,0
5.0,1302.0,177.0,197.0,5.0,505.0,134.0,1
14.0,1636.0,58.0,60.0,1.0,530.0,103.0,0
15.0,944.0,202.0,207.0,3.0,360.0,75.0,1
0.0,3793.0,106.0,85.0,6.0,620.0,49.0,0
13.0,459.0,159.0,208.0,1.0,450.0,157.0,0
15.0,2101.0,173.0,141.0,7.0,1170.0,145.0,1
15.0,1879.0,228.0,173.0,6.0,1025.0,185.0,1
12.0,6612.0,261.0,79.0,6.0,360.0,93.0,0
15.0,411.0,253.0,79.0,7.0,960.0,150.0,1
15.0,1469.0,268.0,243.0,6.0,885.0,240.0,1
5.0,1818.0,173.0,16.0,7.0,570.0,93.0,1
10.0,4014.0,208.0,139.0,3.0,610.0,60.0,1
5.0,1167.0,16.0,264.0,6.0,980.0,296.0,0
10.0,2951.0,68.0,80.0,7.0,1050.0,80.0,0
8.0,1624.0,173.0,216.0,4.0,600.0,138.0,0
14.0,1789.0,147.0,60.0,6.0,539.0,76.0,0
15.0,958.0,75.0,268.0,5.0,1105.0,100.0,1
15.0,3325.0,159.0,45.0,4.0,715.0,75.0,1
17.0,2977.0,153.0,253.0,5.0,1185.0,91.0,0
0.0,3683.0,250.0,85.0,3.0,370.0,90.0,0
1.0,1636.0,80.0,205.0,3.0,785.0,105.0,0
3.0,1436.0,160.0,253.0,7.0,1060.0,81.0,1
16.0,2510.0,58.0,182.0,1.0,479.0,92.0,0
15.0,1606.0,252.0,262.0,6.0,1120.0,105.0,0
1.0,1743.0,80.0,172.0,5.0,885.0,90.0,0
2.0,675.0,79.0,252.0,5.0,725.0,172.0,0
5.0,1090.0,223.0,16.0,1.0,560.0,70.0,1
17.0,2642.0,60.0,134.0,7.0,1075.0,79.0,0
3.0,418.0,213.0,35.0,1.0,420.0,172.0,0
4.0,547.0,208.0,135.0,3.0,830.0,154.0,0
2.0,365.0,262.0,252.0,1.0,560.0,115.0,0
14.0,35.0,16.0,217.0,7.0,1065.0,264.0,0
5.0,2467.0,60.0,85.0,3.0,980.0,110.0,1
15.0,938.0,217.0,154.0,5.0,990.0,80.0,1
6.0,7365.0,190.0,177.0,3.0,995.0,80.0,0
15.0,1017.0,172.0,79.0,4.0,580.0,120.0,1
13.0,664.0,253.0,208.0,7.0,361.0,256.0,0
15.0,838.0,172.0,79.0,5.0,985.0,115.0,0
16.0,3083.0,135.0,184.0,1.0,445.0,153.0,1
16.0,5944.0,139.0,134.0,3.0,602.0,95.0,1
5.0,1493.0,85.0,172.0,6.0,723.0,130.0,0
14.0,651.0,253.0,216.0,5.0,825.0,312.0,0
7.0,452.0,184.0,159.0,5.0,1199.0,135.0,0
14.0,2175.0,159.0,78.0,4.0,780.0,67.0,0
2.0,16.0,252.0,183.0,6.0,1345.0,330.0,0
1.0,1769.0,159.0,183.0,3.0,550.0,200.0,0
15.0,432.0,153.0,139.0,5.0,830.0,215.0,0
12.0,6389.0,253.0,236.0,1.0,787.0,54.0,0
15.0,3668.0,207.0,202.0,7.0,845.0,75.0,1
1.0,546.0,197.0,80.0,6.0,975.0,150.0,0
8.0,573.0,184.0,154.0,6.0,530.0,262.0,0
15.0,1451.0,154.0,217.0,1.0,790.0,75.0,0
6.0,4952.0,97.0,16.0,7.0,480.0,123.0,0
5.0,2769.0,16.0,173.0,4.0,1025.0,91.0,1
14.0,351.0,217.0,197.0,4.0,790.0,186.0,1
12.0,6892.0,252.0,154.0,4.0,1077.0,153.0,1
14.0,835.0,216.0,173.0,5.0,955.0,153.0,0
15.0,2638.0,141.0,277.0,4.0,880.0,190.0,1
5.0,1667.0,154.0,197.0,5.0,915.0,212.0,1
15.0,669.0,154.0,202.0,1.0,540.0,75.0,1
5.0,1648.0,183.0,177.0,3.0,745.0,157.0,1
11.0,6446.0,216.0,148.0,3.0,805.0,60.0,0
15.0,181.0,131.0,129.0,3.0,525.0,60.0,0
16.0,2866.0,184.0,96.0,4.0,795.0,137.0,0
14.0,1675.0,96.0,60.0,4.0,620.0,116.0,0
5.0,1002.0,261.0,148.0,6.0,1425.0,260.0,0
15.0,408.0,268.0,173.0,5.0,945.0,140.0,1
15.0,1587.0,45.0,175.0,4.0,930.0,125.0,1
8.0,641.0,79.0,184.0,3.0,873.0,145.0,0
14.0,1241.0,216.0,277.0,6.0,720.0,159.0,0
6.0,7354.0,10.0,16.0,4.0,430.0,114.0,0
15.0,1216.0,262.0,153.0,5.0,520.0,80.0,1
5.0,1970.0,16.0,43.0,5.0,815.0,122.0,0
10.0,3361.0,80.0,84.0,5.0,1200.0,110.0,0
0.0,3787.0,247.0,16.0,7.0,1030.0,123.0,1
8.0,101.0,16.0,80.0,5.0,635.0,151.0,0
4.0,1552.0,96.0,60.0,1.0,880.0,122.0,1
4.0,110.0,58.0,96.0,1.0,1015.0,103.0,0
0.0,3800.0,215.0,16.0,1.0,1050.0,124.0,1
1.0,832.0,80.0,172.0,7.0,670.0,90.0,0
15.0,1004.0,153.0,202.0,5.0,755.0,90.0,1
2.0,465.0,154.0,252.0,3.0,920.0,165.0,0
5.0,2649.0,96.0,197.0,4.0,1095.0,197.0,1
16.0,2070.0,165.0,135.0,5.0,1031.0,72.0,0
10.0,2748.0,80.0,121.0,6.0,475.0,125.0,0
1.0,411.0,80.0,264.0,3.0,815.0,200.0,0
13.0,117.0,147.0,208.0,3.0,1039.0,161.0,0
1.0,1065.0,205.0,80.0,3.0,1095.0,115.0,0
2.0,21.0,208.0,252.0,7.0,480.0,280.0,0
1.0,203.0,183.0,154.0,3.0,885.0,350.0,0
15.0,188.0,104.0,217.0,7.0,975.0,315.0,1
0.0,4026.0,209.0,85.0,5.0,360.0,125.0,0
5.0,1754.0,154.0,16.0,5.0,695.0,250.0,1
13.0,678.0,208.0,159.0,1.0,660.0,132.0,1
0.0,4013.0,78.0,71.0,1.0,810.0,100.0,1
17.0,1047.0,161.0,128.0,6.0,890.0,29.0,0
5.0,2525.0,197.0,214.0,3.0,555.0,232.0,0
12.0,4811.0,261.0,202.0,5.0,1006.0,122.0,0
1.0,453.0,80.0,214.0,7.0,765.0,255.0,1
15.0,2064.0,236.0,153.0,6.0,1065.0,75.0,1
14.0,1437.0,60.0,154.0,5.0,1000.0,324.0,0
5.0,1474.0,173.0,197.0,1.0,455.0,215.0,0
3.0,1263.0,35.0,18.0,5.0,530.0,280.0,0
6.0,5522.0,136.0,16.0,5.0,400.0,129.0,0
3.0,706.0,260.0,148.0,3.0,752.0,241.0,1
12.0,6606.0,88.0,79.0,1.0,470.0,53.0,0
13.0,812.0,79.0,80.0,7.0,618.0,118.0,0
12.0,6507.0,208.0,58.0,6.0,1110.0,76.0,0
12.0,6250.0,214.0,232.0,7.0,787.0,38.0,1
1.0,1203.0,80.0,252.0,3.0,1135.0,260.0,1
1.0,1937.0,35.0,260.0,1.0,515.0,240.0,0
10.0,4031.0,181.0,208.0,5.0,410.0,115.0,0
0.0,3945.0,166.0,197.0,5.0,585.0,55.0,1
4.0,568.0,96.0,153.0,5.0,525.0,352.0,0
12.0,6242.0,79.0,205.0,1.0,623.0,84.0,0
12.0,6996.0,71.0,79.0,4.0,986.0,194.0,0
17.0,1044.0,143.0,128.0,1.0,580.0,47.0,0
5.0,1661.0,85.0,16.0,7.0,370.0,136.0,0
5.0,2804.0,198.0,154.0,6.0,1130.0,265.0,1
15.0,186.0,129.0,146.0,7.0,960.0,65.0,0
5.0,2482.0,197.0,85.0,4.0,1205.0,105.0,0
17.0,2697.0,217.0,160.0,7.0,1266.0,82.0,0
10.0,3027.0,154.0,194.0,4.0,1200.0,65.0,0
5.0,349.0,2.0,16.0,3.0,790.0,179.0,0
5.0,2736.0,217.0,177.0,3.0,550.0,182.0,1
16.0,2924.0,135.0,205.0,1.0,685.0,128.0,0
13.0,260.0,252.0,134.0,7.0,788.0,296.0,0
17.0,7262.0,134.0,60.0,1.0,1020.0,94.0,1
14.0,909.0,85.0,60.0,5.0,515.0,106.0,0
5.0,1573.0,159.0,177.0,1.0,655.0,181.0,0
15.0,126.0,104.0,33.0,1.0,1080.0,145.0,1
5.0,1179.0,268.0,16.0,5.0,434.0,99.0,0
1.0,2418.0,80.0,279.0,4.0,1170.0,60.0,1
5.0,2344.0,153.0,71.0,5.0,10.0,215.0,0
15.0,910.0,75.0,204.0,7.0,1250.0,50.0,1
16.0,2455.0,96.0,228.0,3.0,1290.0,58.0,0
4.0,1433.0,159.0,135.0,1.0,1020.0,243.0,1
5.0,2755.0,71.0,277.0,4.0,670.0,123.0,0
5.0,2358.0,197.0,153.0,4.0,1175.0,204.0,0
10.0,3118.0,236.0,154.0,1.0,480.0,105.0,0
14.0,1539.0,159.0,60.0,7.0,390.0,127.0,1
1.0,319.0,159.0,208.0,3.0,600.0,170.0,1
17.0,1026.0,128.0,150.0,3.0,785.0,40.0,0
16.0,2643.0,96.0,16.0,4.0,809.0,157.0,0
4.0,1197.0,35.0,96.0,5.0,1065.0,97.0,0
1.0,581.0,268.0,154.0,6.0,560.0,255.0,0
2.0,224.0,214.0,253.0,7.0,480.0,117.0,0
16.0,5906.0,237.0,208.0,4.0,619.0,116.0,0
15.0,2254.0,79.0,175.0,7.0,1235.0,130.0,1
15.0,3.0,162.0,75.0,5.0,360.0,70.0,0
12.0,6975.0,80.0,208.0,7.0,360.0,136.0,0
15.0,739.0,43.0,277.0,1.0,855.0,175.0,1
5.0,1044.0,16.0,233.0,3.0,1160.0,93.0,0
15.0,2833.0,61.0,175.0,6.0,675.0,70.0,1
11.0,6426.0,205.0,159.0,7.0,425.0,174.0,0
15.0,993.0,264.0,217.0,1.0,780.0,70.0,1
5.0,2309.0,234.0,16.0,3.0,1140.0,115.0,0
1.0,1020.0,80.0,198.0,5.0,710.0,80.0,1
12.0,4707.0,236.0,261.0,3.0,1080.0,80.0,1
15.0,1596.0,129.0,75.0,6.0,1080.0,60.0,0
15.0,1760.0,279.0,268.0,4.0,975.0,70.0,1
13.0,243.0,79.0,153.0,6.0,489.0,123.0,0
5.0,1299.0,261.0,154.0,3.0,695.0,120.0,1
15.0,1121.0,45.0,61.0,1.0,795.0,80.0,1
5.0,1302.0,177.0,197.0,3.0,505.0,134.0,0
6.0,5551.0,16.0,251.0,7.0,645.0,86.0,0
13.0,364.0,154.0,79.0,3.0,1106.0,141.0,0
1.0,1214.0,268.0,159.0,5.0,665.0,145.0,0
3.0,453.0,35.0,104.0,5.0,574.0,204.0,1
15.0,1113.0,159.0,175.0,7.0,795.0,155.0,1
13.0,305.0,253.0,154.0,5.0,1010.0,90.0,0
8.0,1748.0,221.0,173.0,4.0,1131.0,153.0,0
4.0,1104.0,96.0,208.0,6.0,721.0,144.0,0
0.0,3822.0,85.0,174.0,7.0,600.0,88.0,0
15.0,533.0,129.0,153.0,1.0,405.0,205.0,0
5.0,2288.0,16.0,35.0,4.0,750.0,153.0,0
15.0,3058.0,243.0,258.0,3.0,1080.0,80.0,0
6.0,5499.0,78.0,268.0,4.0,1205.0,148.0,0
6.0,4950.0,115.0,16.0,6.0,608.0,82.0,0
5.0,1161.0,16.0,264.0,6.0,1140.0,306.0,0
13.0,358.0,79.0,159.0,4.0,493.0,225.0,0
8.0,751.0,45.0,132.0,3.0,1210.0,110.0,0
17.0,2653.0,60.0,18.0,3.0,965.0,189.0,0
14.0,2028.0,78.0,35.0,7.0,630.0,79.0,0
3.0,310.0,104.0,134.0,3.0,685.0,144.0,1
5.0,1087.0,16.0,27.0,6.0,1305.0,58.0,0
15.0,1277.0,182.0,173.0,6.0,610.0,205.0,0
5.0,2060.0,183.0,16.0,7.0,964.0,121.0,1
5.0,1162.0,33.0,16.0,6.0,390.0,90.0,0
5.0,2802.0,183.0,85.0,4.0,480.0,189.0,0
5.0,1759.0,215.0,16.0,3.0,973.0,115.0,0
16.0,2343.0,60.0,135.0,4.0,440.0,172.0,0
8.0,528.0,177.0,16.0,4.0,1159.0,76.0,0
1.0,1484.0,80.0,18.0,3.0,1185.0,60.0,0
10.0,4015.0,147.0,208.0,7.0,365.0,160.0,0
1.0,632.0,153.0,80.0,6.0,770.0,155.0,0
10.0,3728.0,96.0,208.0,3.0,960.0,165.0,0
6.0,5373.0,273.0,16.0,5.0,1085.0,155.0,1
0.0,3863.0,147.0,177.0,5.0,465.0,120.0,0
3.0,1438.0,160.0,253.0,7.0,440.0,81.0,0
9.0,40.0,203.0,214.0,3.0,855.0,315.0,0
16.0,2404.0,229.0,58.0,5.0,840.0,113.0,0
1.0,181.0,148.0,154.0,5.0,1005.0,395.0,0
4.0,1545.0,58.0,135.0,1.0,898.0,187.0,1
1.0,1294.0,135.0,183.0,3.0,1075.0,140.0,0
12.0,6697.0,79.0,145.0,4.0,917.0,84.0,1
15.0,3320.0,33.0,45.0,4.0,1145.0,100.0,1
12.0,6509.0,280.0,154.0,6.0,476.0,95.0,0
7.0,770.0,153.0,79.0,1.0,933.0,111.0,0
15.0,1082.0,243.0,129.0,3.0,805.0,180.0,1
4.0,822.0,198.0,135.0,3.0,992.0,81.0,0
11.0,6301.0,71.0,80.0,3.0,855.0,160.0,1
5.0,1629.0,148.0,153.0,3.0,970.0,366.0,1
6.0,7363.0,177.0,146.0,1.0,875.0,61.0,0
11.0,6576.0,157.0,85.0,4.0,912.0,80.0,0
15.0,973.0,258.0,79.0,4.0,400.0,145.0,0
14.0,415.0,217.0,253.0,4.0,1270.0,129.0,0
15.0,2383.0,173.0,79.0,4.0,880.0,260.0,0
12.0,7760.0,261.0,89.0,6.0,820.0,75.0,0
5.0,2404.0,154.0,261.0,3.0,618.0,111.0,1
15.0,2609.0,129.0,154.0,7.0,1150.0,225.0,1
11.0,6606.0,71.0,85.0,7.0,1020.0,85.0,1
10.0,2959.0,256.0,80.0,7.0,945.0,60.0,0
8.0,1091.0,139.0,173.0,1.0,420.0,144.0,0
1.0,32.0,154.0,148.0,7.0,825.0,320.0,1
15.0,1142.0,45.0,35.0,1.0,715.0,80.0,1
6.0,5254.0,16.0,174.0,5.0,895.0,110.0,1
6.0,5362.0,16.0,94.0,1.0,600.0,93.0,0
16.0,2945.0,135.0,27.0,7.0,855.0,93.0,0
8.0,224.0,184.0,153.0,1.0,465.0,245.0,0
15.0,1761.0,241.0,268.0,4.0,815.0,160.0,1
1.0,2435.0,208.0,217.0,4.0,815.0,235.0,1
10.0,4374.0,208.0,62.0,7.0,1085.0,50.0,1
16.0,2067.0,96.0,147.0,5.0,905.0,154.0,0
1.0,523.0,80.0,91.0,3.0,1220.0,105.0,1
17.0,2614.0,18.0,60.0,5.0,1019.0,154.0,0
5.0,1995.0,261.0,243.0,6.0,1185.0,113.0,1
5.0,2338.0,16.0,78.0,3.0,740.0,99.0,0
5.0,1001.0,35.0,16.0,7.0,660.0,176.0,0
1.0,1758.0,154.0,208.0,3.0,645.0,250.0,1
3.0,505.0,96.0,104.0,5.0,795.0,176.0,1
10.0,2929.0,80.0,41.0,6.0,945.0,80.0,0
2.0,9.0,173.0,252.0,1.0,500.0,385.0,0
15.0,1006.0,18.0,33.0,7.0,910.0,115.0,1
15.0,1616.0,2.0,175.0,6.0,485.0,165.0,0
12.0,6226.0,262.0,253.0,5.0,855.0,47.0,0
13.0,339.0,35.0,79.0,3.0,456.0,283.0,0
10.0,3014.0,100.0,154.0,1.0,350.0,65.0,0
5.0,27.0,16.0,85.0,5.0,655.0,125.0,0
3.0,25.0,148.0,104.0,1.0,575.0,189.0,0
5.0,1012.0,135.0,16.0,7.0,420.0,130.0,0
8.0,1422.0,139.0,277.0,1.0,1016.0,133.0,0
2.0,611.0,153.0,252.0,1.0,950.0,162.0,0
8.0,109.0,16.0,80.0,4.0,1335.0,142.0,0
6.0,5192.0,187.0,16.0,4.0,1075.0,120.0,0
13.0,788.0,253.0,35.0,7.0,670.0,344.0,0
9.0,279.0,150.0,203.0,7.0,849.0,31.0,0
16.0,2443.0,234.0,58.0,3.0,887.0,82.0,1
15.0,860.0,184.0,217.0,7.0,840.0,235.0,0
10.0,4272.0,281.0,208.0,4.0,870.0,75.0,0
15.0,3421.0,79.0,253.0,1.0,835.0,165.0,1
15.0,964.0,175.0,43.0,7.0,840.0,85.0,1
2.0,61.0,50.0,14.0,3.0,813.0,47.0,0
12.0,6352.0,111.0,253.0,6.0,811.0,133.0,1
15.0,2461.0,79.0,13.0,1.0,675.0,70.0,0
16.0,2948.0,135.0,184.0,1.0,955.0,150.0,0
15.0,166.0,154.0,253.0,7.0,770.0,75.0,1
1.0,635.0,183.0,80.0,3.0,560.0,195.0,1
6.0,5514.0,176.0,16.0,1.0,860.0,78.0,1
16.0,2802.0,58.0,233.0,1.0,490.0,87.0,0
13.0,907.0,208.0,253.0,4.0,1025.0,292.0,1
5.0,2390.0,197.0,139.0,1.0,610.0,100.0,0
12.0,6622.0,114.0,79.0,3.0,1015.0,57.0,0
15.0,282.0,253.0,154.0,7.0,890.0,75.0,1
5.0,2584.0,268.0,261.0,5.0,480.0,202.0,0
15.0,350.0,173.0,141.0,4.0,735.0,145.0,0
16.0,2791.0,135.0,71.0,1.0,815.0,135.0,0
5.0,503.0,16.0,172.0,3.0,948.0,137.0,0
16.0,2825.0,96.0,33.0,1.0,1095.0,157.0,1
12.0,6734.0,71.0,208.0,7.0,924.0,79.0,1
1.0,1377.0,208.0,252.0,5.0,1265.0,260.0,0
6.0,4953.0,16.0,41.0,7.0,1031.0,95.0,1
1.0,1820.0,80.0,221.0,7.0,840.0,150.0,0
16.0,2394.0,96.0,172.0,3.0,965.0,199.0,0
15.0,1381.0,85.0,175.0,7.0,790.0,65.0,1
15.0,256.0,44.0,217.0,5.0,455.0,85.0,0
5.0,2003.0,197.0,262.0,5.0,555.0,243.0,1
13.0,425.0,134.0,244.0,1.0,495.0,239.0,0
10.0,2724.0,80.0,181.0,1.0,610.0,85.0,0
12.0,6987.0,33.0,208.0,3.0,1110.0,108.0,0
11.0,6454.0,71.0,78.0,3.0,477.0,88.0,1
13.0,386.0,252.0,79.0,7.0,420.0,162.0,0
7.0,868.0,217.0,79.0,7.0,465.0,105.0,0
16.0,3071.0,96.0,76.0,5.0,1242.0,124.0,1
8.0,1283.0,277.0,106.0,6.0,713.0,161.0,0
15.0,1273.0,204.0,217.0,7.0,1005.0,150.0,1
5.0,2038.0,16.0,78.0,3.0,920.0,103.0,1
6.0,5019.0,16.0,70.0,3.0,590.0,53.0,0
15.0,301.0,264.0,262.0,5.0,600.0,85.0,1
13.0,482.0,253.0,79.0,3.0,1146.0,146.0,0
4.0,1790.0,135.0,183.0,3.0,810.0,146.0,0
15.0,1314.0,79.0,261.0,6.0,575.0,90.0,1
10.0,3623.0,183.0,209.0,1.0,825.0,135.0,0
12.0,4735.0,153.0,154.0,5.0,773.0,74.0,1
15.0,622.0,175.0,58.0,7.0,500.0,70.0,0
5.0,2280.0,268.0,16.0,1.0,360.0,110.0,1
5.0,2011.0,16.0,80.0,6.0,957.0,148.0,0
17.0,7277.0,16.0,134.0,5.0,835.0,110.0,0
6.0,5177.0,16.0,52.0,5.0,810.0,48.0,0
6.0,7138.0,134.0,182.0,6.0,1025.0,91.0,0
12.0,6404.0,253.0,93.0,3.0,526.0,92.0,1
6.0,5178.0,16.0,290.0,1.0,665.0,122.0,1
10.0,3314.0,109.0,80.0,4.0,375.0,165.0,0
6.0,5331.0,58.0,177.0,5.0,705.0,124.0,1
7.0,402.0,154.0,79.0,7.0,1220.0,131.0,1
14.0,1223.0,273.0,78.0,3.0,370.0,82.0,0
5.0,2506.0,197.0,177.0,7.0,980.0,120.0,1
13.0,61.0,135.0,253.0,5.0,391.0,261.0,0
12.0,4676.0,33.0,197.0,1.0,360.0,144.0,0
5.0,2275.0,177.0,197.0,5.0,855.0,131.0,0
15.0,429.0,154.0,79.0,5.0,765.0,135.0,1
10.0,3949.0,21.0,208.0,7.0,630.0,55.0,0
2.0,26.0,252.0,208.0,6.0,1075.0,234.0,0
1.0,2372.0,80.0,208.0,5.0,1150.0,135.0,1
12.0,6242.0,205.0,79.0,3.0,801.0,96.0,1
2.0,618.0,252.0,153.0,6.0,945.0,146.0,0
14.0,1850.0,213.0,60.0,1.0,1020.0,112.0,0
3.0,339.0,134.0,173.0,7.0,660.0,135.0,0
5.0,2150.0,252.0,261.0,5.0,623.0,113.0,0
15.0,1763.0,277.0,216.0,4.0,665.0,150.0,0
16.0,5893.0,58.0,208.0,3.0,513.0,87.0,1
6.0,7325.0,16.0,27.0,6.0,1050.0,57.0,0
10.0,2885.0,188.0,80.0,1.0,645.0,80.0,1
15.0,1851.0,207.0,202.0,1.0,360.0,80.0,1
5.0,2049.0,16.0,253.0,6.0,505.0,335.0,1
12.0,6241.0,44.0,253.0,4.0,657.0,84.0,0
12.0,4656.0,197.0,157.0,5.0,1155.0,120.0,1
2.0,19.0,173.0,252.0,5.0,1095.0,384.0,0
15.0,249.0,75.0,162.0,5.0,885.0,60.0,1
15.0,205.0,244.0,175.0,5.0,385.0,155.0,0
12.0,4603.0,244.0,197.0,5.0,1081.0,174.0,1
1.0,795.0,183.0,269.0,3.0,1065.0,150.0,0
3.0,662.0,173.0,43.0,5.0,1104.0,149.0,0
6.0,5467.0,16.0,285.0,7.0,701.0,51.0,0
14.0,1700.0,60.0,22.0,5.0,870.0,110.0,1
6.0,5140.0,146.0,85.0,7.0,940.0,130.0,0
5.0,1199.0,16.0,268.0,3.0,920.0,107.0,1
5.0,1218.0,85.0,213.0,5.0,605.0,182.0,0
5.0,1791.0,16.0,277.0,7.0,850.0,89.0,0
5.0,1210.0,261.0,35.0,6.0,600.0,275.0,0
10.0,4148.0,205.0,208.0,4.0,595.0,95.0,0
5.0,1644.0,16.0,60.0,1.0,1040.0,79.0,0
15.0,326.0,33.0,277.0,3.0,840.0,105.0,1
15.0,756.0,75.0,18.0,5.0,615.0,50.0,0
0.0,4154.0,85.0,26.0,7.0,1295.0,126.0,1
4.0,215.0,135.0,80.0,3.0,810.0,69.0,0
5.0,1591.0,106.0,16.0,3.0,1115.0,134.0,1
4.0,1131.0,96.0,80.0,4.0,405.0,250.0,0
10.0,3049.0,243.0,154.0,7.0,420.0,50.0,0
12.0,6575.0,179.0,253.0,5.0,621.0,75.0,0
1.0,1520.0,154.0,183.0,6.0,725.0,300.0,0
1.0,2042.0,80.0,104.0,1.0,385.0,150.0,0
12.0,6561.0,107.0,79.0,7.0,1151.0,103.0,1
5.0,2563.0,85.0,16.0,3.0,1110.0,131.0,0
5.0,1016.0,16.0,175.0,1.0,465.0,109.0,1
15.0,838.0,79.0,217.0,5.0,1075.0,120.0,1
15.0,3110.0,175.0,217.0,1.0,635.0,240.0,1
15.0,1393.0,175.0,85.0,6.0,1015.0,75.0,1
3.0,396.0,173.0,159.0,5.0,1155.0,148.0,0
14.0,1014.0,60.0,208.0,1.0,971.0,124.0,0
6.0,5127.0,16.0,132.0,1.0,764.0,56.0,0
16.0,2295.0,96.0,121.0,6.0,508.0,122.0,0
16.0,2612.0,135.0,71.0,4.0,475.0,135.0,1
6.0,7071.0,47.0,134.0,4.0,566.0,83.0,0
15.0,581.0,147.0,277.0,7.0,1000.0,55.0,0
10.0,3949.0,21.0,208.0,1.0,630.0,55.0,0
11.0,6264.0,22.0,71.0,3.0,345.0,133.0,0
0.0,3661.0,21.0,85.0,6.0,610.0,67.0,0
6.0,5576.0,121.0,16.0,4.0,910.0,70.0,0
15.0,1763.0,216.0,233.0,3.0,845.0,80.0,1
15.0,414.0,262.0,264.0,5.0,1180.0,85.0,1
1.0,1433.0,22.0,183.0,4.0,380.0,205.0,0
13.0,988.0,79.0,154.0,4.0,492.0,154.0,0
10.0,4338.0,208.0,85.0,6.0,940.0,80.0,1
15.0,1048.0,43.0,45.0,1.0,510.0,75.0,1
14.0,1905.0,78.0,104.0,3.0,625.0,156.0,0
12.0,6765.0,46.0,79.0,6.0,828.0,104.0,0
0.0,3898.0,94.0,85.0,4.0,615.0,89.0,1
12.0,6354.0,246.0,154.0,4.0,588.0,48.0,0
6.0,5141.0,16.0,200.0,4.0,590.0,83.0,0
16.0,2117.0,162.0,135.0,6.0,580.0,82.0,0
12.0,6290.0,154.0,194.0,5.0,461.0,65.0,0
5.0,2994.0,16.0,216.0,4.0,1147.0,129.0,1
4.0,1088.0,135.0,85.0,5.0,785.0,164.0,0
5.0,1656.0,16.0,228.0,3.0,895.0,145.0,1
5.0,2395.0,213.0,159.0,7.0,695.0,176.0,1
5.0,2736.0,177.0,159.0,7.0,880.0,160.0,0
1.0,1426.0,243.0,80.0,5.0,575.0,180.0,0
5.0,1589.0,216.0,85.0,4.0,575.0,121.0,1
4.0,1059.0,78.0,135.0,5.0,835.0,206.0,0
17.0,7247.0,134.0,16.0,7.0,733.0,116.0,0
12.0,6468.0,184.0,79.0,7.0,1108.0,170.0,0
15.0,372.0,172.0,268.0,5.0,875.0,55.0,1
13.0,896.0,208.0,134.0,1.0,787.0,119.0,0
13.0,116.0,154.0,208.0,3.0,776.0,242.0,0
6.0,5050.0,48.0,85.0,1.0,1029.0,70.0,1
15.0,669.0,202.0,252.0,5.0,645.0,120.0,0
15.0,1589.0,35.0,45.0,5.0,625.0,90.0,0
12.0,6406.0,253.0,93.0,4.0,647.0,92.0,1
4.0,411.0,96.0,135.0,5.0,700.0,240.0,1
16.0,3125.0,41.0,135.0,4.0,945.0,74.0,0
10.0,4128.0,174.0,208.0,3.0,770.0,135.0,1
14.0,1431.0,60.0,154.0,7.0,465.0,322.0,0
1.0,484.0,80.0,183.0,3.0,935.0,165.0,1
4.0,14.0,128.0,96.0,4.0,1180.0,570.0,1
1.0,1952.0,80.0,173.0,7.0,925.0,145.0,0
3.0,1402.0,18.0,104.0,5.0,715.0,150.0,0
2.0,43.0,14.0,23.0,3.0,742.0,77.0,0
4.0,1496.0,153.0,135.0,4.0,60.0,162.0,0
12.0,4483.0,197.0,84.0,7.0,800.0,75.0,1
15.0,1980.0,147.0,45.0,4.0,490.0,110.0,0
8.0,200.0,48.0,16.0,4.0,360.0,120.0,0
6.0,7361.0,16.0,71.0,7.0,1225.0,88.0,1
14.0,1083.0,78.0,147.0,3.0,850.0,122.0,0
10.0,4113.0,61.0,208.0,4.0,835.0,85.0,0
12.0,6365.0,195.0,208.0,3.0,1038.0,61.0,1
15.0,1735.0,175.0,172.0,6.0,510.0,90.0,0
16.0,2797.0,228.0,96.0,1.0,1019.0,91.0,1
16.0,2980.0,285.0,58.0,3.0,1016.0,79.0,0
0.0,4341.0,233.0,277.0,1.0,860.0,120.0,1
14.0,1878.0,216.0,35.0,5.0,975.0,85.0,0
13.0,315.0,79.0,207.0,4.0,707.0,145.0,0
5.0,2221.0,197.0,154.0,3.0,1310.0,236.0,0
12.0,6251.0,79.0,195.0,4.0,606.0,129.0,0
15.0,1259.0,33.0,244.0,1.0,515.0,155.0,0
16.0,2416.0,96.0,245.0,1.0,540.0,164.0,0
10.0,2770.0,158.0,80.0,7.0,730.0,85.0,1
15.0,1662.0,45.0,159.0,4.0,860.0,70.0,1
5.0,2112.0,27.0,16.0,7.0,330.0,58.0,0
6.0,5324.0,16.0,47.0,5.0,740.0,57.0,1
5.0,268.0,183.0,148.0,5.0,885.0,190.0,0
12.0,4663.0,197.0,29.0,4.0,545.0,90.0,0
16.0,2586.0,135.0,139.0,1.0,480.0,133.0,1
3.0,204.0,253.0,160.0,7.0,420.0,82.0,0
8.0,433.0,184.0,16.0,3.0,755.0,121.0,0
1.0,1925.0,279.0,80.0,1.0,945.0,70.0,0
5.0,749.0,261.0,243.0,5.0,520.0,120.0,1
6.0,5589.0,278.0,16.0,1.0,1094.0,80.0,1
10.0,3804.0,216.0,208.0,1.0,940.0,145.0,0
4.0,1111.0,96.0,35.0,1.0,615.0,63.0,0
10.0,3066.0,243.0,154.0,7.0,615.0,50.0,1
11.0,6752.0,111.0,197.0,6.0,430.0,180.0,0
15.0,2171.0,280.0,153.0,6.0,1055.0,80.0,0
15.0,673.0,75.0,244.0,3.0,365.0,65.0,0
6.0,7114.0,134.0,148.0,7.0,1020.0,96.0,0
15.0,961.0,217.0,207.0,4.0,590.0,75.0,1
3.0,1187.0,35.0,267.0,5.0,700.0,201.0,0
5.0,2106.0,221.0,148.0,5.0,925.0,110.0,1
8.0,255.0,16.0,106.0,7.0,941.0,114.0,0
3.0,1759.0,104.0,260.0,7.0,907.0,150.0,0
5.0,1299.0,154.0,150.0,4.0,845.0,355.0,0
0.0,4207.0,76.0,197.0,4.0,1140.0,122.0,0
5.0,1674.0,173.0,197.0,3.0,925.0,214.0,0
6.0,5422.0,79.0,177.0,1.0,940.0,130.0,0
10.0,4651.0,16.0,159.0,5.0,545.0,135.0,0
5.0,1.0,153.0,148.0,3.0,650.0,310.0,0
15.0,1921.0,33.0,233.0,5.0,645.0,80.0,1
14.0,610.0,264.0,217.0,3.0,405.0,89.0,0
15.0,518.0,264.0,79.0,7.0,640.0,135.0,1
12.0,6336.0,236.0,253.0,4.0,641.0,67.0,0
4.0,379.0,135.0,244.0,1.0,805.0,58.0,0
10.0,3785.0,208.0,135.0,5.0,1240.0,165.0,1
12.0,4742.0,197.0,58.0,4.0,1155.0,115.0,1
11.0,6444.0,19.0,85.0,4.0,750.0,110.0,1
13.0,154.0,214.0,79.0,7.0,360.0,146.0,0
15.0,2621.0,155.0,18.0,3.0,1015.0,70.0,1
12.0,6446.0,263.0,154.0,7.0,1060.0,57.0,1
15.0,3588.0,79.0,175.0,5.0,1175.0,135.0,0
1.0,1769.0,159.0,183.0,7.0,550.0,200.0,0
2.0,585.0,264.0,214.0,3.0,1135.0,145.0,0
14.0,587.0,217.0,111.0,3.0,1260.0,167.0,0
16.0,2990.0,132.0,135.0,7.0,1102.0,117.0,0
1.0,1976.0,80.0,139.0,3.0,1175.0,120.0,1
0.0,3710.0,85.0,90.0,5.0,630.0,78.0,0
4.0,387.0,96.0,264.0,4.0,720.0,369.0,1
3.0,69.0,273.0,148.0,4.0,860.0,78.0,0
5.0,1138.0,268.0,16.0,5.0,1135.0,99.0,0
1.0,628.0,183.0,35.0,7.0,1150.0,185.0,1
15.0,212.0,175.0,221.0,7.0,705.0,75.0,1
15.0,430.0,173.0,27.0,7.0,970.0,95.0,1
1.0,1356.0,80.0,134.0,1.0,665.0,165.0,0
11.0,6769.0,120.0,16.0,4.0,495.0,108.0,0
14.0,1759.0,35.0,216.0,5.0,1050.0,103.0,1
3.0,1243.0,35.0,60.0,5.0,900.0,137.0,0
1.0,277.0,183.0,154.0,1.0,945.0,350.0,0
15.0,876.0,217.0,258.0,6.0,835.0,115.0,1
14.0,399.0,60.0,153.0,5.0,800.0,298.0,0
1.0,794.0,153.0,208.0,1.0,1060.0,210.0,0
13.0,952.0,217.0,134.0,3.0,589.0,255.0,0
15.0,647.0,279.0,75.0,1.0,660.0,60.0,0
16.0,2077.0,96.0,245.0,3.0,990.0,141.0,0
10.0,3990.0,208.0,76.0,7.0,860.0,70.0,1
4.0,63.0,96.0,135.0,3.0,1045.0,244.0,1
16.0,2056.0,135.0,172.0,1.0,490.0,113.0,0
12.0,6760.0,79.0,224.0,6.0,1147.0,146.0,0
13.0,756.0,79.0,135.0,5.0,650.0,150.0,0
1.0,1695.0,80.0,217.0,4.0,495.0,155.0,0
7.0,652.0,79.0,175.0,7.0,1140.0,137.0,1
15.0,223.0,175.0,277.0,3.0,455.0,165.0,0
6.0,5302.0,16.0,174.0,5.0,655.0,114.0,0
13.0,743.0,221.0,79.0,1.0,467.0,228.0,0
15.0,517.0,85.0,217.0,5.0,855.0,280.0,1
15.0,2616.0,184.0,172.0,4.0,1055.0,100.0,1
10.0,4067.0,234.0,208.0,5.0,360.0,140.0,0
3.0,741.0,173.0,260.0,4.0,420.0,157.0,1
11.0,6460.0,148.0,35.0,7.0,600.0,89.0,0
12.0,4868.0,177.0,136.0,7.0,825.0,91.0,1
3.0,14.0,104.0,148.0,1.0,1001.0,175.0,1
10.0,3337.0,10.0,80.0,6.0,685.0,75.0,0
13.0,408.0,79.0,173.0,1.0,1055.0,212.0,0
7.0,321.0,78.0,184.0,4.0,710.0,130.0,0
14.0,1402.0,241.0,60.0,7.0,1155.0,113.0,1
15.0,540.0,217.0,221.0,7.0,760.0,240.0,1
1.0,1262.0,264.0,208.0,5.0,1035.0,225.0,0
5.0,2779.0,159.0,104.0,5.0,1135.0,200.0,0
12.0,4536.0,261.0,208.0,5.0,826.0,189.0,1
15.0,2826.0,277.0,233.0,6.0,880.0,105.0,1
16.0,2573.0,33.0,96.0,7.0,590.0,124.0,0
16.0,3115.0,228.0,58.0,1.0,360.0,117.0,0
2.0,128.0,98.0,252.0,1.0,80.0,206.0,0
1.0,1165.0,80.0,227.0,7.0,1130.0,190.0,1
5.0,1945.0,78.0,85.0,7.0,903.0,99.0,1
6.0,7111.0,134.0,148.0,1.0,495.0,75.0,1
16.0,2342.0,135.0,221.0,1.0,960.0,158.0,0
4.0,568.0,96.0,153.0,4.0,525.0,352.0,0
12.0,6231.0,214.0,93.0,7.0,797.0,36.0,1
15.0,3147.0,154.0,258.0,7.0,575.0,65.0,0
8.0,258.0,106.0,16.0,6.0,772.0,125.0,0
14.0,864.0,147.0,216.0,4.0,400.0,126.0,0
12.0,4862.0,280.0,261.0,5.0,1142.0,110.0,0
3.0,1018.0,148.0,35.0,5.0,1370.0,63.0,0
1.0,2050.0,208.0,183.0,1.0,650.0,190.0,0
14.0,1411.0,22.0,60.0,3.0,500.0,143.0,0
16.0,5912.0,139.0,208.0,7.0,729.0,77.0,1
2.0,55.0,14.0,98.0,4.0,360.0,58.0,0
5.0,1875.0,197.0,80.0,4.0,1020.0,156.0,0
10.0,4023.0,208.0,174.0,7.0,1170.0,105.0,1
2.0,304.0,252.0,253.0,1.0,385.0,133.0,1
5.0,1804.0,104.0,85.0,3.0,900.0,194.0,0
14.0,1106.0,60.0,216.0,4.0,680.0,95.0,1
13.0,534.0,217.0,79.0,4.0,540.0,120.0,0
6.0,7069.0,134.0,245.0,6.0,737.0,105.0,0
15.0,996.0,129.0,131.0,5.0,1005.0,60.0,1
8.0,537.0,177.0,16.0,1.0,594.0,76.0,0
1.0,993.0,277.0,183.0,6.0,440.0,65.0,0
15.0,2550.0,79.0,153.0,4.0,1305.0,120.0,0
6.0,7078.0,238.0,134.0,1.0,858.0,80.0,1
14.0,3.0,217.0,208.0,5.0,595.0,205.0,0
6.0,5346.0,16.0,272.0,3.0,1076.0,136.0,1
1.0,1874.0,80.0,96.0,3.0,575.0,200.0,0
11.0,6576.0,157.0,85.0,7.0,912.0,80.0,1
7.0,510.0,243.0,79.0,3.0,390.0,143.0,0
4.0,1576.0,258.0,135.0,5.0,375.0,228.0,0
7.0,266.0,79.0,264.0,7.0,1270.0,140.0,0
4.0,379.0,135.0,244.0,4.0,805.0,58.0,0
9.0,104.0,161.0,128.0,3.0,394.0,30.0,0
14.0,16.0,217.0,148.0,3.0,976.0,282.0,1
10.0,4518.0,61.0,159.0,4.0,1115.0,105.0,1
15.0,1799.0,154.0,262.0,6.0,415.0,85.0,0
16.0,5954.0,208.0,43.0,3.0,1269.0,98.0,0
14.0,1048.0,60.0,85.0,4.0,1100.0,118.0,0
14.0,306.0,79.0,60.0,3.0,970.0,182.0,0
12.0,7004.0,248.0,253.0,1.0,567.0,66.0,1
12.0,6529.0,208.0,195.0,7.0,835.0,47.0,1
12.0,7803.0,282.0,261.0,7.0,1095.0,56.0,0
1.0,619.0,208.0,154.0,7.0,1290.0,265.0,0
6.0,5155.0,177.0,132.0,7.0,880.0,58.0,0
12.0,7010.0,208.0,18.0,1.0,929.0,165.0,1
12.0,4540.0,261.0,196.0,6.0,585.0,92.0,1
1.0,1339.0,208.0,243.0,4.0,1215.0,260.0,1
15.0,2879.0,153.0,111.0,3.0,770.0,150.0,1
15.0,370.0,214.0,258.0,3.0,385.0,105.0,0
15.0,1766.0,217.0,261.0,1.0,405.0,100.0,0
10.0,3492.0,162.0,80.0,6.0,935.0,75.0,0
6.0,5516.0,177.0,288.0,5.0,565.0,95.0,0
1.0,1062.0,172.0,80.0,6.0,855.0,100.0,0
15.0,115.0,214.0,153.0,5.0,1205.0,125.0,1
16.0,2750.0,135.0,132.0,4.0,620.0,103.0,0
14.0,4.0,208.0,217.0,5.0,430.0,244.0,0
14.0,369.0,135.0,217.0,3.0,900.0,172.0,0
6.0,4953.0,285.0,16.0,7.0,922.0,68.0,1
10.0,3288.0,80.0,254.0,3.0,560.0,75.0,1
6.0,5532.0,78.0,61.0,6.0,897.0,87.0,0
6.0,7115.0,134.0,148.0,4.0,1323.0,74.0,1
6.0,7382.0,71.0,16.0,4.0,1225.0,98.0,0
5.0,1317.0,16.0,79.0,4.0,975.0,205.0,0
14.0,71.0,79.0,217.0,7.0,480.0,135.0,0
17.0,7306.0,134.0,273.0,1.0,509.0,72.0,0
5.0,2198.0,197.0,85.0,3.0,500.0,109.0,0
15.0,368.0,216.0,79.0,7.0,790.0,280.0,1
5.0,1662.0,197.0,119.0,1.0,875.0,80.0,1
13.0,114.0,208.0,173.0,4.0,960.0,163.0,1
1.0,1209.0,80.0,258.0,3.0,745.0,230.0,1
4.0,1629.0,135.0,264.0,7.0,735.0,220.0,1
10.0,4503.0,61.0,148.0,3.0,375.0,105.0,0
14.0,342.0,217.0,153.0,7.0,1075.0,69.0,1
6.0,5223.0,278.0,16.0,3.0,763.0,76.0,1
13.0,56.0,253.0,96.0,4.0,1350.0,325.0,0
15.0,640.0,244.0,75.0,3.0,450.0,60.0,0
13.0,468.0,252.0,253.0,5.0,360.0,130.0,0
11.0,6749.0,290.0,197.0,1.0,632.0,113.0,1
4.0,368.0,217.0,58.0,1.0,740.0,224.0,1
15.0,1824.0,175.0,197.0,1.0,705.0,90.0,1
15.0,1056.0,268.0,153.0,3.0,375.0,235.0,1
12.0,4596.0,261.0,232.0,7.0,680.0,97.0,0
15.0,577.0,277.0,43.0,3.0,525.0,160.0,1
7.0,674.0,79.0,173.0,6.0,640.0,212.0,0
3.0,433.0,35.0,173.0,4.0,670.0,191.0,1
0.0,4018.0,85.0,92.0,3.0,1170.0,60.0,1
12.0,6686.0,79.0,29.0,7.0,1286.0,93.0,0
15.0,2274.0,45.0,22.0,6.0,505.0,70.0,0
14.0,542.0,217.0,80.0,1.0,603.0,149.0,1
16.0,2384.0,135.0,178.0,7.0,530.0,66.0,0
5.0,116.0,277.0,16.0,5.0,881.0,97.0,1
14.0,2125.0,35.0,159.0,5.0,660.0,74.0,0
17.0,2628.0,60.0,85.0,5.0,880.0,110.0,1
15.0,860.0,45.0,184.0,5.0,745.0,125.0,1
6.0,5248.0,275.0,16.0,4.0,616.0,70.0,1
6.0,5514.0,16.0,176.0,1.0,821.0,73.0,1
15.0,184.0,104.0,216.0,4.0,1150.0,165.0,1
15.0,748.0,173.0,45.0,5.0,1105.0,125.0,1
6.0,5331.0,177.0,162.0,7.0,890.0,54.0,1
14.0,1630.0,79.0,60.0,1.0,725.0,183.0,1
3.0,154.0,173.0,148.0,3.0,745.0,152.0,1
12.0,6572.0,154.0,153.0,5.0,960.0,80.0,0
12.0,6999.0,79.0,24.0,6.0,1122.0,152.0,0
10.0,4676.0,148.0,35.0,6.0,685.0,65.0,0
1.0,1188.0,80.0,78.0,4.0,1050.0,160.0,0
1.0,810.0,208.0,78.0,7.0,815.0,105.0,1
15.0,315.0,153.0,184.0,7.0,1100.0,200.0,1
3.0,91.0,148.0,202.0,5.0,1170.0,401.0,0
1.0,1983.0,148.0,183.0,4.0,870.0,210.0,0
13.0,323.0,216.0,79.0,3.0,415.0,271.0,0
15.0,41.0,2.0,75.0,4.0,810.0,95.0,1
15.0,755.0,45.0,221.0,3.0,610.0,60.0,1
4.0,670.0,135.0,253.0,5.0,1155.0,266.0,1
1.0,1165.0,216.0,80.0,6.0,905.0,235.0,1
6.0,5034.0,287.0,16.0,5.0,695.0,80.0,0
8.0,868.0,197.0,16.0,6.0,420.0,156.0,0
15.0,3915.0,129.0,33.0,4.0,450.0,105.0,1
8.0,425.0,223.0,16.0,5.0,664.0,68.0,0
13.0,797.0,153.0,154.0,4.0,539.0,77.0,0
11.0,6598.0,159.0,172.0,7.0,919.0,219.0,0
15.0,3950.0,45.0,244.0,4.0,1145.0,245.0,1
3.0,237.0,261.0,160.0,4.0,1090.0,109.0,0
6.0,7119.0,238.0,134.0,3.0,370.0,80.0,0
13.0,819.0,96.0,208.0,5.0,420.0,162.0,0
5.0,2708.0,104.0,71.0,5.0,465.0,151.0,0
15.0,527.0,277.0,139.0,3.0,730.0,140.0,1
13.0,720.0,253.0,79.0,5.0,902.0,153.0,0
4.0,450.0,96.0,18.0,3.0,905.0,258.0,1
0.0,4138.0,43.0,85.0,1.0,380.0,85.0,1
5.0,2788.0,197.0,184.0,7.0,435.0,73.0,0
5.0,1955.0,16.0,33.0,3.0,1372.0,65.0,0
1.0,2099.0,208.0,154.0,3.0,440.0,265.0,1
3.0,4.0,148.0,43.0,3.0,565.0,87.0,0
1.0,1981.0,80.0,280.0,4.0,850.0,145.0,0
10.0,4669.0,159.0,16.0,1.0,930.0,165.0,0
6.0,5545.0,16.0,115.0,6.0,1295.0,75.0,0
12.0,6811.0,154.0,236.0,3.0,1348.0,85.0,0
12.0,4653.0,99.0,261.0,1.0,1053.0,145.0,0
14.0,859.0,173.0,78.0,4.0,945.0,122.0,0
16.0,5912.0,43.0,208.0,4.0,787.0,117.0,0
3.0,1321.0,35.0,45.0,4.0,380.0,89.0,0
13.0,121.0,22.0,208.0,1.0,670.0,161.0,0
12.0,7011.0,154.0,214.0,3.0,506.0,141.0,0
1.0,2455.0,208.0,217.0,4.0,450.0,240.0,1
17.0,7246.0,172.0,208.0,4.0,648.0,87.0,0
1.0,1292.0,80.0,198.0,3.0,885.0,75.0,1
14.0,86.0,217.0,214.0,3.0,525.0,172.0,0
15.0,2963.0,253.0,243.0,5.0,705.0,85.0,1
14.0,1589.0,228.0,60.0,1.0,775.0,140.0,0
13.0,504.0,253.0,208.0,3.0,1425.0,257.0,0
11.0,6465.0,120.0,85.0,5.0,1018.0,112.0,0
3.0,305.0,134.0,104.0,4.0,469.0,156.0,0
1.0,1287.0,18.0,80.0,7.0,465.0,65.0,0
9.0,207.0,150.0,128.0,5.0,729.0,42.0,0
15.0,2547.0,209.0,173.0,1.0,435.0,125.0,0
5.0,1808.0,79.0,197.0,3.0,1135.0,120.0,0
6.0,7071.0,47.0,134.0,1.0,566.0,83.0,0
15.0,1199.0,27.0,175.0,3.0,655.0,115.0,0
4.0,150.0,135.0,207.0,4.0,900.0,215.0,1
0.0,3871.0,27.0,85.0,1.0,360.0,125.0,0
5.0,2473.0,16.0,183.0,5.0,503.0,125.0,0
15.0,3339.0,154.0,202.0,5.0,1170.0,75.0,1
15.0,1662.0,251.0,45.0,1.0,740.0,85.0,1
15.0,2964.0,202.0,44.0,4.0,1050.0,65.0,1
12.0,6758.0,79.0,18.0,3.0,954.0,126.0,1
15.0,1357.0,153.0,162.0,5.0,575.0,180.0,0
16.0,2871.0,96.0,120.0,4.0,479.0,114.0,0
13.0,988.0,79.0,154.0,7.0,492.0,149.0,0
16.0,5970.0,208.0,139.0,5.0,457.0,55.0,0
10.0,4335.0,208.0,119.0,7.0,510.0,55.0,1
17.0,2607.0,174.0,60.0,3.0,425.0,102.0,0
15.0,1815.0,153.0,243.0,1.0,950.0,65.0,1
17.0,2778.0,217.0,227.0,3.0,1095.0,92.0,0
16.0,2716.0,47.0,135.0,7.0,1050.0,156.0,1
5.0,1984.0,16.0,221.0,5.0,445.0,97.0,0
1.0,1602.0,80.0,136.0,5.0,570.0,75.0,1
12.0,6424.0,184.0,208.0,7.0,835.0,50.0,0
6.0,7328.0,16.0,120.0,3.0,575.0,83.0,1
12.0,6815.0,51.0,253.0,4.0,862.0,85.0,0
12.0,7811.0,261.0,110.0,7.0,660.0,112.0,1
1.0,2066.0,80.0,244.0,4.0,1190.0,65.0,0
6.0,5596.0,16.0,47.0,3.0,682.0,59.0,0
5.0,1470.0,16.0,60.0,6.0,1305.0,70.0,1
15.0,2461.0,79.0,13.0,4.0,675.0,70.0,0
16.0,2935.0,10.0,135.0,3.0,1025.0,58.0,0
8.0,959.0,238.0,45.0,4.0,890.0,76.0,0
1.0,1982.0,268.0,208.0,5.0,1115.0,80.0,0
12.0,4709.0,154.0,253.0,5.0,600.0,72.0,1
15.0,1279.0,173.0,129.0,7.0,1125.0,155.0,1
11.0,6530.0,197.0,76.0,4.0,1155.0,117.0,0
15.0,843.0,182.0,45.0,3.0,525.0,95.0,0
15.0,894.0,75.0,198.0,1.0,420.0,80.0,1
16.0,2635.0,182.0,58.0,4.0,598.0,112.0,0
10.0,2986.0,80.0,11.0,7.0,765.0,130.0,0
5.0,2091.0,16.0,277.0,7.0,665.0,92.0,0
10.0,2877.0,80.0,120.0,5.0,1205.0,145.0,1
6.0,5092.0,16.0,101.0,3.0,1230.0,74.0,0
2.0,575.0,243.0,214.0,1.0,815.0,154.0,1
15.0,2545.0,79.0,202.0,3.0,1300.0,165.0,1
13.0,795.0,277.0,134.0,6.0,1129.0,136.0,0
6.0,5581.0,118.0,16.0,7.0,405.0,134.0,0
14.0,574.0,217.0,277.0,5.0,965.0,226.0,0
0.0,4162.0,109.0,85.0,4.0,915.0,62.0,1
8.0,524.0,277.0,45.0,7.0,1125.0,130.0,0
15.0,2421.0,159.0,175.0,6.0,1075.0,140.0,1
0.0,3913.0,155.0,177.0,7.0,965.0,115.0,0
17.0,2633.0,60.0,245.0,7.0,1225.0,72.0,0
1.0,1925.0,80.0,261.0,7.0,1065.0,170.0,1
15.0,1266.0,129.0,2.0,6.0,1095.0,135.0,1
15.0,637.0,217.0,268.0,5.0,675.0,175.0,1
6.0,4993.0,16.0,85.0,3.0,375.0,110.0,1
5.0,1306.0,280.0,16.0,5.0,862.0,203.0,0
15.0,1003.0,280.0,153.0,5.0,1230.0,80.0,1
13.0,382.0,208.0,134.0,7.0,526.0,109.0,0
10.0,3961.0,71.0,208.0,5.0,660.0,80.0,0
12.0,6662.0,253.0,194.0,7.0,992.0,43.0,1
11.0,6464.0,71.0,60.0,3.0,1140.0,91.0,0
12.0,6352.0,253.0,280.0,4.0,1151.0,119.0,1
13.0,229.0,134.0,243.0,5.0,501.0,337.0,1
5.0,582.0,16.0,159.0,5.0,880.0,133.0,0
15.0,4.0,75.0,91.0,1.0,505.0,110.0,1
13.0,788.0,253.0,35.0,3.0,680.0,344.0,1
1.0,1833.0,96.0,80.0,3.0,725.0,245.0,0
12.0,6548.0,208.0,139.0,3.0,1003.0,56.0,1
15.0,1906.0,217.0,175.0,6.0,625.0,205.0,1
6.0,7338.0,275.0,177.0,4.0,1040.0,96.0,0
4.0,520.0,135.0,217.0,1.0,1070.0,175.0,0
1.0,1465.0,208.0,241.0,3.0,665.0,170.0,1
0.0,4287.0,85.0,22.0,1.0,630.0,108.0,0
4.0,574.0,135.0,221.0,4.0,1135.0,157.0,0
15.0,1557.0,68.0,129.0,7.0,570.0,50.0,1
15.0,425.0,129.0,244.0,5.0,695.0,55.0,0
15.0,1255.0,217.0,153.0,7.0,915.0,70.0,1
13.0,902.0,79.0,134.0,3.0,645.0,197.0,0
12.0,6333.0,243.0,154.0,5.0,894.0,42.0,0
14.0,1780.0,16.0,60.0,5.0,1199.0,78.0,1
5.0,1421.0,85.0,277.0,4.0,600.0,168.0,0
5.0,1134.0,197.0,119.0,4.0,430.0,85.0,0
1.0,2530.0,183.0,153.0,7.0,1170.0,335.0,1
3.0,1188.0,267.0,35.0,1.0,945.0,176.0,0
15.0,895.0,79.0,207.0,5.0,1230.0,140.0,1
6.0,5227.0,16.0,87.0,5.0,1140.0,69.0,1
12.0,4486.0,197.0,56.0,7.0,800.0,63.0,1
17.0,2643.0,174.0,60.0,7.0,1191.0,93.0,0
16.0,5953.0,208.0,172.0,4.0,1230.0,90.0,0
6.0,5597.0,16.0,180.0,4.0,618.0,70.0,0
15.0,3052.0,45.0,61.0,1.0,975.0,80.0,1
1.0,555.0,61.0,80.0,6.0,420.0,180.0,1
14.0,1028.0,216.0,173.0,7.0,820.0,152.0,0
15.0,748.0,204.0,129.0,1.0,765.0,85.0,0
3.0,581.0,130.0,213.0,5.0,860.0,170.0,0
6.0,5097.0,48.0,16.0,1.0,960.0,112.0,1
12.0,4531.0,102.0,261.0,1.0,370.0,97.0,1
5.0,2781.0,139.0,197.0,3.0,730.0,115.0,0
3.0,59.0,148.0,173.0,4.0,899.0,179.0,1
7.0,824.0,172.0,79.0,7.0,608.0,107.0,0
14.0,163.0,243.0,60.0,4.0,675.0,267.0,1
13.0,20.0,262.0,79.0,7.0,477.0,155.0,0
4.0,317.0,198.0,96.0,7.0,599.0,162.0,0
0.0,3968.0,148.0,208.0,5.0,1210.0,182.0,1
5.0,1459.0,71.0,79.0,4.0,560.0,197.0,0
1.0,2.0,154.0,148.0,6.0,560.0,332.0,0
6.0,4943.0,78.0,71.0,6.0,830.0,99.0,1
13.0,507.0,208.0,80.0,4.0,396.0,158.0,0
14.0,1181.0,213.0,60.0,4.0,720.0,113.0,1
3.0,464.0,241.0,35.0,6.0,779.0,178.0,0
15.0,2247.0,173.0,184.0,6.0,825.0,175.0,1
5.0,2675.0,78.0,173.0,5.0,1200.0,148.0,1
17.0,2894.0,217.0,83.0,4.0,596.0,113.0,0
15.0,134.0,277.0,45.0,1.0,995.0,130.0,0
1.0,550.0,153.0,80.0,4.0,1030.0,150.0,1
15.0,796.0,153.0,175.0,4.0,1095.0,205.0,0
15.0,1092.0,175.0,268.0,4.0,390.0,65.0,0
3.0,685.0,35.0,78.0,4.0,799.0,101.0,0
1.0,556.0,243.0,208.0,7.0,725.0,250.0,0
5.0,1484.0,172.0,85.0,6.0,828.0,120.0,0
4.0,234.0,14.0,252.0,6.0,1020.0,201.0,0
0.0,3880.0,177.0,157.0,7.0,1165.0,76.0,0
6.0,5302.0,256.0,16.0,3.0,425.0,113.0,1
5.0,2954.0,217.0,71.0,4.0,754.0,211.0,0
6.0,5342.0,94.0,16.0,4.0,950.0,85.0,0
15.0,938.0,154.0,262.0,5.0,1040.0,80.0,0
6.0,5160.0,41.0,16.0,3.0,435.0,102.0,0
6.0,5026.0,16.0,0.0,4.0,1215.0,112.0,0
12.0,6652.0,191.0,253.0,1.0,644.0,38.0,0
5.0,2816.0,153.0,85.0,1.0,360.0,234.0,0
13.0,188.0,208.0,277.0,1.0,840.0,163.0,1
8.0,407.0,139.0,16.0,5.0,776.0,93.0,0
5.0,1556.0,85.0,177.0,7.0,1035.0,135.0,1
1.0,2282.0,253.0,80.0,1.0,795.0,210.0,1
15.0,1130.0,175.0,197.0,3.0,1160.0,90.0,1
14.0,7.0,217.0,208.0,1.0,970.0,199.0,1
15.0,944.0,204.0,75.0,1.0,820.0,50.0,1
5.0,2526.0,104.0,16.0,6.0,400.0,122.0,0
14.0,1703.0,78.0,104.0,4.0,510.0,162.0,1
6.0,5229.0,135.0,177.0,3.0,980.0,99.0,0
5.0,1889.0,71.0,16.0,1.0,360.0,103.0,0
15.0,3833.0,279.0,217.0,1.0,1045.0,165.0,1
15.0,1130.0,139.0,175.0,4.0,1125.0,60.0,0
1.0,1007.0,183.0,217.0,5.0,1015.0,320.0,0
6.0,5477.0,205.0,177.0,7.0,990.0,100.0,0
6.0,5336.0,157.0,16.0,6.0,830.0,93.0,1
1.0,1223.0,104.0,80.0,4.0,645.0,195.0,0
5.0,2703.0,71.0,173.0,7.0,985.0,128.0,1
6.0,5071.0,16.0,132.0,3.0,475.0,58.0,0
5.0,2393.0,85.0,197.0,7.0,730.0,122.0,1
12.0,7030.0,208.0,187.0,3.0,718.0,43.0,1
15.0,267.0,217.0,205.0,4.0,625.0,155.0,0
12.0,7006.0,214.0,154.0,6.0,457.0,138.0,0
10.0,3350.0,190.0,80.0,6.0,690.0,115.0,0
15.0,551.0,175.0,241.0,5.0,645.0,175.0,1
1.0,728.0,80.0,159.0,6.0,755.0,200.0,1
13.0,465.0,277.0,79.0,5.0,1115.0,246.0,0
1.0,375.0,16.0,80.0,5.0,1175.0,155.0,0
4.0,1095.0,135.0,154.0,3.0,1250.0,220.0,0
10.0,4265.0,254.0,208.0,7.0,890.0,100.0,0
8.0,519.0,16.0,61.0,3.0,1250.0,90.0,1
15.0,683.0,87.0,173.0,3.0,530.0,65.0,0
1.0,2036.0,80.0,172.0,3.0,1015.0,95.0,1
5.0,1746.0,217.0,16.0,7.0,840.0,220.0,1
15.0,2947.0,153.0,214.0,6.0,785.0,145.0,1
8.0,949.0,45.0,238.0,5.0,1300.0,70.0,0
2.0,61.0,291.0,50.0,6.0,721.0,52.0,0
15.0,1342.0,173.0,18.0,6.0,850.0,175.0,1
17.0,2830.0,244.0,60.0,4.0,1035.0,162.0,0
10.0,3256.0,118.0,80.0,4.0,360.0,50.0,0
6.0,5090.0,16.0,195.0,6.0,1135.0,132.0,1
15.0,1092.0,268.0,129.0,3.0,475.0,135.0,0
8.0,1050.0,0.0,173.0,6.0,1123.0,156.0,0
3.0,94.0,202.0,148.0,6.0,460.0,322.0,0
15.0,1294.0,262.0,154.0,1.0,860.0,80.0,1
15.0,544.0,45.0,172.0,6.0,1020.0,180.0,1
16.0,3075.0,228.0,58.0,1.0,850.0,113.0,0
12.0,6815.0,51.0,253.0,5.0,862.0,85.0,0
15.0,1747.0,129.0,175.0,4.0,695.0,145.0,1
1.0,2275.0,33.0,80.0,6.0,875.0,125.0,0
10.0,4077.0,0.0,208.0,4.0,365.0,140.0,0
10.0,3750.0,197.0,208.0,7.0,1175.0,90.0,1
1.0,355.0,80.0,207.0,6.0,1010.0,195.0,0
4.0,4.0,198.0,135.0,6.0,925.0,74.0,1
16.0,2396.0,96.0,85.0,7.0,1037.0,125.0,1
4.0,1137.0,96.0,80.0,1.0,960.0,244.0,1
15.0,5.0,198.0,173.0,7.0,655.0,95.0,0
8.0,516.0,61.0,16.0,7.0,380.0,108.0,0
3.0,1019.0,35.0,148.0,5.0,700.0,68.0,0
3.0,1060.0,18.0,148.0,5.0,420.0,205.0,0
14.0,1882.0,60.0,234.0,5.0,1345.0,63.0,0
10.0,4031.0,181.0,208.0,6.0,410.0,115.0,0
7.0,326.0,184.0,35.0,4.0,470.0,133.0,1
0.0,4103.0,238.0,16.0,1.0,1053.0,145.0,1
6.0,7130.0,245.0,208.0,1.0,397.0,150.0,0
15.0,1989.0,33.0,45.0,6.0,810.0,95.0,0
15.0,793.0,129.0,91.0,7.0,915.0,120.0,1
1.0,1053.0,208.0,18.0,1.0,830.0,165.0,0
10.0,4150.0,285.0,208.0,5.0,755.0,105.0,0
1.0,177.0,148.0,253.0,3.0,1079.0,401.0,1
5.0,2788.0,197.0,184.0,3.0,435.0,71.0,1
10.0,3478.0,162.0,80.0,4.0,605.0,80.0,0
13.0,632.0,208.0,277.0,6.0,576.0,159.0,1
3.0,534.0,277.0,96.0,7.0,1110.0,160.0,0
15.0,1814.0,202.0,154.0,1.0,500.0,75.0,1
7.0,123.0,80.0,79.0,4.0,630.0,121.0,0
13.0,471.0,79.0,243.0,5.0,495.0,148.0,0
2.0,328.0,252.0,258.0,5.0,965.0,126.0,0
16.0,5936.0,208.0,17.0,3.0,485.0,50.0,1
5.0,1082.0,16.0,85.0,1.0,772.0,123.0,0
15.0,143.0,221.0,175.0,3.0,870.0,90.0,1
12.0,4774.0,2.0,261.0,6.0,520.0,101.0,0
2.0,312.0,252.0,253.0,4.0,735.0,128.0,1
8.0,1032.0,221.0,241.0,7.0,510.0,189.0,0
17.0,2881.0,248.0,217.0,3.0,750.0,95.0,0
6.0,5114.0,41.0,16.0,1.0,1091.0,99.0,0
11.0,6399.0,16.0,132.0,6.0,1130.0,69.0,0
5.0,1688.0,85.0,177.0,3.0,720.0,125.0,1
15.0,755.0,221.0,175.0,4.0,695.0,95.0,1
8.0,540.0,16.0,217.0,1.0,650.0,270.0,0
12.0,6499.0,154.0,258.0,3.0,551.0,71.0,0
6.0,4948.0,186.0,16.0,7.0,890.0,101.0,1
10.0,2735.0,80.0,162.0,7.0,405.0,70.0,0
14.0,1434.0,183.0,60.0,3.0,380.0,126.0,0
5.0,1021.0,16.0,18.0,5.0,975.0,158.0,1
10.0,4196.0,208.0,45.0,5.0,1160.0,120.0,0
12.0,4654.0,127.0,261.0,5.0,375.0,69.0,0
6.0,5510.0,237.0,16.0,7.0,625.0,94.0,1
6.0,5491.0,16.0,254.0,6.0,515.0,123.0,0
3.0,527.0,96.0,173.0,1.0,550.0,176.0,0
8.0,1229.0,267.0,139.0,4.0,925.0,139.0,0
15.0,412.0,154.0,202.0,5.0,1285.0,75.0,1
5.0,2140.0,153.0,261.0,5.0,1102.0,83.0,1
5.0,2965.0,148.0,253.0,7.0,435.0,385.0,0
5.0,1718.0,173.0,16.0,7.0,510.0,108.0,0
6.0,5334.0,16.0,4.0,7.0,574.0,62.0,0
1.0,740.0,154.0,153.0,5.0,1010.0,75.0,1
9.0,265.0,203.0,128.0,7.0,1110.0,34.0,0
15.0,391.0,139.0,172.0,5.0,445.0,100.0,0
14.0,1168.0,233.0,60.0,5.0,675.0,66.0,0
15.0,1686.0,182.0,216.0,5.0,750.0,100.0,0
7.0,791.0,79.0,214.0,5.0,503.0,169.0,1
15.0,136.0,243.0,153.0,4.0,650.0,70.0,0
15.0,987.0,79.0,217.0,7.0,735.0,115.0,0
1.0,455.0,208.0,154.0,6.0,905.0,265.0,1
5.0,1005.0,16.0,85.0,3.0,495.0,125.0,1
5.0,2985.0,184.0,197.0,5.0,727.0,85.0,0
13.0,935.0,154.0,128.0,1.0,995.0,359.0,0
15.0,2004.0,153.0,33.0,4.0,1105.0,210.0,1
6.0,5235.0,16.0,41.0,1.0,933.0,96.0,1
5.0,1494.0,16.0,216.0,3.0,515.0,135.0,1
16.0,3008.0,135.0,134.0,4.0,615.0,169.0,0
13.0,506.0,253.0,217.0,6.0,369.0,120.0,0
12.0,4690.0,154.0,261.0,4.0,463.0,107.0,0
5.0,2915.0,16.0,217.0,3.0,520.0,270.0,1
5.0,1523.0,35.0,85.0,1.0,988.0,140.0,1
5.0,1635.0,147.0,16.0,1.0,919.0,78.0,0
0.0,3840.0,21.0,85.0,1.0,920.0,60.0,1
7.0,473.0,241.0,184.0,7.0,708.0,181.0,0
15.0,778.0,153.0,258.0,3.0,660.0,90.0,0
13.0,236.0,153.0,134.0,1.0,481.0,269.0,0
2.0,480.0,252.0,243.0,3.0,545.0,161.0,1
14.0,127.0,184.0,217.0,6.0,420.0,249.0,0
13.0,967.0,134.0,154.0,4.0,994.0,348.0,0
15.0,1134.0,207.0,262.0,7.0,880.0,80.0,1
15.0,60.0,129.0,75.0,5.0,1260.0,55.0,0
14.0,1135.0,228.0,216.0,3.0,930.0,99.0,0
13.0,123.0,208.0,154.0,1.0,920.0,281.0,1
16.0,3081.0,42.0,96.0,6.0,375.0,75.0,0
15.0,3334.0,258.0,264.0,7.0,1250.0,75.0,1
12.0,4524.0,196.0,261.0,7.0,1050.0,83.0,0
12.0,4721.0,261.0,160.0,7.0,1200.0,113.0,1
15.0,1167.0,79.0,277.0,5.0,1020.0,205.0,1
1.0,415.0,208.0,252.0,4.0,700.0,255.0,1
0.0,3858.0,85.0,171.0,1.0,620.0,52.0,0
6.0,5071.0,132.0,16.0,3.0,500.0,70.0,0
4.0,687.0,173.0,135.0,3.0,885.0,149.0,0
6.0,5296.0,251.0,16.0,3.0,909.0,91.0,1
8.0,1435.0,215.0,35.0,6.0,420.0,91.0,0
0.0,3898.0,94.0,85.0,7.0,615.0,89.0,1
13.0,1.0,208.0,128.0,4.0,595.0,549.0,0
12.0,4754.0,207.0,261.0,1.0,780.0,104.0,0
10.0,3844.0,208.0,16.0,7.0,495.0,120.0,1
15.0,1076.0,129.0,154.0,1.0,425.0,225.0,0
1.0,1634.0,208.0,268.0,6.0,1095.0,65.0,1
2.0,627.0,153.0,31.0,4.0,825.0,164.0,1
5.0,1061.0,154.0,173.0,7.0,625.0,276.0,1
1.0,878.0,80.0,96.0,5.0,975.0,210.0,0
4.0,1107.0,208.0,96.0,6.0,845.0,133.0,1
6.0,5095.0,16.0,33.0,3.0,815.0,66.0,1
5.0,2220.0,85.0,60.0,3.0,830.0,112.0,0
5.0,1179.0,268.0,16.0,6.0,434.0,99.0,0
14.0,936.0,217.0,197.0,1.0,990.0,181.0,0
8.0,1048.0,241.0,78.0,3.0,707.0,133.0,1
1.0,524.0,80.0,85.0,3.0,885.0,155.0,1
12.0,6967.0,6.0,262.0,5.0,1140.0,57.0,0
1.0,1657.0,148.0,183.0,1.0,965.0,210.0,1
5.0,1551.0,197.0,153.0,4.0,1025.0,206.0,0
15.0,1647.0,217.0,198.0,6.0,940.0,175.0,1
0.0,3929.0,21.0,197.0,1.0,445.0,106.0,1
1.0,385.0,45.0,80.0,5.0,420.0,215.0,0
8.0,184.0,16.0,78.0,3.0,455.0,101.0,0
14.0,1814.0,277.0,60.0,6.0,620.0,101.0,0
1.0,244.0,154.0,173.0,1.0,530.0,275.0,0
12.0,6260.0,208.0,265.0,1.0,715.0,51.0,1
11.0,6469.0,16.0,120.0,6.0,645.0,86.0,0
15.0,156.0,197.0,175.0,4.0,430.0,100.0,1
9.0,124.0,161.0,128.0,7.0,520.0,30.0,0
14.0,1686.0,277.0,216.0,5.0,595.0,146.0,0
13.0,843.0,154.0,208.0,7.0,845.0,245.0,1
13.0,679.0,159.0,208.0,1.0,720.0,158.0,0
15.0,553.0,175.0,22.0,4.0,985.0,125.0,1
12.0,3073.0,268.0,184.0,4.0,877.0,73.0,0
5.0,2192.0,277.0,85.0,7.0,510.0,158.0,0
5.0,1128.0,209.0,16.0,1.0,1041.0,122.0,1
5.0,2050.0,172.0,177.0,1.0,985.0,84.0,0
10.0,3736.0,208.0,96.0,6.0,360.0,120.0,0
5.0,2813.0,119.0,197.0,3.0,469.0,101.0,0
15.0,612.0,43.0,45.0,6.0,1020.0,70.0,1
16.0,2041.0,135.0,184.0,4.0,685.0,145.0,0
9.0,513.0,128.0,161.0,6.0,605.0,37.0,0
15.0,592.0,243.0,153.0,6.0,675.0,70.0,1
11.0,6591.0,78.0,139.0,6.0,890.0,128.0,0
16.0,2240.0,135.0,233.0,3.0,435.0,148.0,0
10.0,4015.0,147.0,208.0,4.0,365.0,160.0,0
10.0,4354.0,208.0,21.0,5.0,480.0,50.0,0
3.0,1215.0,35.0,43.0,6.0,705.0,91.0,1
0.0,3894.0,197.0,76.0,5.0,610.0,112.0,0
10.0,3978.0,56.0,208.0,6.0,675.0,70.0,0
15.0,1592.0,104.0,173.0,4.0,935.0,60.0,0
1.0,492.0,80.0,268.0,4.0,1045.0,95.0,0
15.0,218.0,258.0,44.0,7.0,1050.0,60.0,1
13.0,307.0,45.0,154.0,5.0,1015.0,354.0,0
6.0,5482.0,16.0,69.0,7.0,845.0,82.0,1
8.0,1435.0,215.0,35.0,7.0,381.0,89.0,0
15.0,409.0,33.0,172.0,7.0,540.0,105.0,1
5.0,1849.0,61.0,16.0,1.0,896.0,104.0,1
6.0,5526.0,16.0,106.0,4.0,725.0,110.0,0
4.0,393.0,173.0,96.0,7.0,480.0,148.0,0
1.0,608.0,243.0,80.0,7.0,385.0,185.0,0
2.0,3.0,78.0,252.0,1.0,1065.0,355.0,0
5.0,1161.0,16.0,264.0,5.0,1130.0,306.0,0
15.0,2370.0,91.0,75.0,6.0,680.0,90.0,1
1.0,2298.0,183.0,268.0,6.0,1255.0,165.0,0
5.0,1582.0,261.0,214.0,7.0,1305.0,124.0,1
15.0,2006.0,221.0,216.0,3.0,785.0,75.0,1
10.0,2946.0,156.0,80.0,7.0,435.0,80.0,0
2.0,683.0,208.0,214.0,4.0,1020.0,265.0,1
3.0,766.0,37.0,173.0,1.0,240.0,169.0,0
14.0,798.0,173.0,216.0,4.0,1020.0,148.0,0
1.0,889.0,183.0,208.0,5.0,910.0,205.0,0
4.0,1186.0,208.0,96.0,3.0,1019.0,136.0,1
5.0,2558.0,16.0,139.0,3.0,1230.0,90.0,1
12.0,4787.0,154.0,243.0,1.0,965.0,45.0,0
10.0,4008.0,208.0,60.0,5.0,870.0,115.0,0
3.0,1223.0,35.0,233.0,6.0,480.0,125.0,0
15.0,1940.0,175.0,173.0,6.0,965.0,160.0,0
16.0,2884.0,135.0,75.0,4.0,930.0,58.0,0
15.0,1199.0,129.0,198.0,4.0,485.0,60.0,0
1.0,1514.0,207.0,80.0,4.0,920.0,170.0,0
14.0,1640.0,173.0,60.0,7.0,315.0,97.0,0
15.0,1915.0,22.0,45.0,1.0,375.0,80.0,0
5.0,2838.0,16.0,78.0,7.0,445.0,94.0,1
7.0,505.0,79.0,252.0,6.0,735.0,173.0,0
12.0,4681.0,93.0,261.0,7.0,370.0,113.0,1
15.0,1227.0,233.0,216.0,5.0,645.0,75.0,1
10.0,3007.0,246.0,154.0,4.0,390.0,45.0,1
15.0,1939.0,262.0,153.0,6.0,805.0,80.0,1
14.0,1783.0,60.0,153.0,5.0,480.0,301.0,0
15.0,1158.0,258.0,264.0,1.0,1025.0,75.0,0
14.0,944.0,60.0,58.0,1.0,790.0,100.0,0
10.0,4296.0,208.0,45.0,7.0,655.0,115.0,0
12.0,6728.0,79.0,184.0,3.0,1175.0,143.0,0
12.0,6516.0,253.0,163.0,4.0,1287.0,87.0,0
8.0,573.0,159.0,184.0,3.0,400.0,146.0,0
14.0,779.0,216.0,277.0,6.0,475.0,176.0,1
15.0,1052.0,153.0,205.0,4.0,985.0,160.0,0
15.0,688.0,45.0,33.0,6.0,555.0,120.0,1
10.0,2987.0,11.0,80.0,4.0,990.0,175.0,0
1.0,40.0,154.0,148.0,6.0,665.0,330.0,0
0.0,4307.0,85.0,71.0,5.0,635.0,76.0,0
0.0,4177.0,148.0,58.0,7.0,547.0,142.0,0
10.0,2814.0,230.0,80.0,1.0,850.0,140.0,0
5.0,1865.0,76.0,16.0,3.0,410.0,110.0,0
1.0,2546.0,173.0,148.0,6.0,505.0,150.0,0
14.0,273.0,207.0,217.0,6.0,600.0,72.0,0
16.0,2486.0,139.0,58.0,7.0,625.0,62.0,0
14.0,1883.0,60.0,200.0,3.0,975.0,52.0,1
15.0,2314.0,243.0,280.0,6.0,895.0,70.0,1
15.0,372.0,197.0,175.0,1.0,630.0,95.0,1
14.0,1511.0,60.0,217.0,5.0,865.0,278.0,1
12.0,6261.0,79.0,279.0,6.0,766.0,98.0,1
0.0,4011.0,152.0,85.0,5.0,625.0,49.0,0
12.0,6695.0,79.0,91.0,6.0,614.0,108.0,0
6.0,5039.0,16.0,146.0,7.0,570.0,85.0,0
10.0,2986.0,80.0,11.0,5.0,765.0,130.0,0
1.0,456.0,80.0,277.0,3.0,1015.0,135.0,1
13.0,82.0,154.0,148.0,3.0,1363.0,320.0,0
12.0,6607.0,177.0,79.0,5.0,529.0,169.0,0
1.0,2058.0,80.0,260.0,6.0,795.0,265.0,1
4.0,52.0,135.0,154.0,6.0,465.0,216.0,0
16.0,2515.0,135.0,131.0,7.0,1280.0,64.0,0
15.0,379.0,202.0,252.0,5.0,370.0,125.0,0
15.0,3682.0,104.0,18.0,4.0,730.0,195.0,0
0.0,4287.0,85.0,22.0,6.0,630.0,108.0,1
3.0,1114.0,173.0,234.0,4.0,895.0,106.0,1
12.0,6635.0,55.0,253.0,1.0,888.0,59.0,0
10.0,4514.0,78.0,33.0,1.0,895.0,120.0,1
16.0,2639.0,279.0,135.0,3.0,885.0,90.0,0
10.0,2917.0,80.0,61.0,4.0,1045.0,140.0,0
1.0,2031.0,80.0,153.0,7.0,920.0,175.0,1
1.0,2346.0,80.0,208.0,4.0,755.0,135.0,0
0.0,4196.0,285.0,16.0,4.0,340.0,57.0,1
15.0,422.0,182.0,45.0,4.0,485.0,100.0,1
15.0,465.0,172.0,277.0,1.0,755.0,155.0,0
14.0,154.0,243.0,216.0,7.0,525.0,302.0,0
15.0,2885.0,79.0,280.0,3.0,565.0,115.0,1
15.0,1330.0,262.0,243.0,1.0,535.0,85.0,1
11.0,6343.0,251.0,85.0,1.0,760.0,94.0,0
11.0,6469.0,132.0,16.0,6.0,440.0,67.0,0
1.0,563.0,80.0,244.0,4.0,1060.0,65.0,0
5.0,2029.0,262.0,197.0,6.0,400.0,217.0,0
5.0,152.0,154.0,16.0,7.0,780.0,261.0,1
8.0,887.0,45.0,184.0,3.0,440.0,125.0,0
0.0,3860.0,171.0,85.0,5.0,730.0,54.0,0
5.0,1422.0,85.0,35.0,7.0,835.0,113.0,1
8.0,1032.0,221.0,241.0,4.0,510.0,189.0,0
8.0,847.0,16.0,173.0,5.0,1335.0,88.0,1
10.0,3743.0,208.0,197.0,1.0,1050.0,95.0,1
8.0,642.0,184.0,79.0,4.0,733.0,160.0,0
10.0,3006.0,243.0,154.0,1.0,675.0,45.0,0
10.0,3240.0,162.0,80.0,6.0,1145.0,75.0,0
12.0,4640.0,197.0,230.0,6.0,875.0,96.0,1
12.0,6416.0,253.0,2.0,3.0,904.0,137.0,1
15.0,272.0,258.0,243.0,7.0,745.0,75.0,1
14.0,1842.0,147.0,216.0,3.0,645.0,121.0,1
4.0,287.0,96.0,264.0,5.0,520.0,385.0,0
13.0,467.0,79.0,258.0,5.0,1292.0,164.0,1
5.0,16.0,154.0,16.0,5.0,470.0,251.0,0
10.0,3606.0,16.0,183.0,1.0,590.0,130.0,1
5.0,2457.0,119.0,197.0,6.0,615.0,90.0,0
14.0,1697.0,45.0,60.0,7.0,835.0,89.0,1
1.0,2337.0,96.0,208.0,1.0,770.0,155.0,0
1.0,1426.0,80.0,244.0,1.0,925.0,70.0,0
1.0,351.0,80.0,153.0,7.0,1260.0,170.0,0
15.0,250.0,104.0,173.0,5.0,390.0,55.0,0
5.0,1685.0,159.0,173.0,5.0,755.0,175.0,0
3.0,1436.0,160.0,253.0,3.0,1060.0,81.0,0
15.0,646.0,202.0,175.0,5.0,435.0,250.0,1
5.0,1684.0,258.0,16.0,4.0,1360.0,262.0,1
5.0,2534.0,213.0,159.0,1.0,947.0,171.0,1
14.0,231.0,217.0,85.0,5.0,595.0,238.0,0
15.0,1947.0,2.0,261.0,6.0,875.0,95.0,1
17.0,2927.0,60.0,71.0,4.0,1345.0,92.0,1
2.0,466.0,252.0,154.0,1.0,810.0,155.0,1
6.0,5018.0,177.0,33.0,6.0,540.0,61.0,0
15.0,523.0,153.0,34.0,7.0,955.0,105.0,0
5.0,2302.0,277.0,177.0,7.0,1034.0,126.0,0
10.0,3853.0,16.0,208.0,3.0,360.0,115.0,0
15.0,2092.0,45.0,172.0,4.0,455.0,180.0,0
6.0,5264.0,16.0,101.0,6.0,775.0,72.0,1
1.0,246.0,150.0,154.0,4.0,1365.0,310.0,0
10.0,3245.0,80.0,157.0,3.0,535.0,125.0,0
9.0,124.0,161.0,128.0,1.0,520.0,30.0,1
5.0,110.0,16.0,154.0,3.0,450.0,302.0,0
13.0,998.0,173.0,208.0,7.0,394.0,182.0,0
10.0,3058.0,236.0,154.0,7.0,1145.0,90.0,0
1.0,1521.0,208.0,280.0,4.0,1155.0,225.0,0
3.0,1784.0,173.0,148.0,4.0,954.0,155.0,1
7.0,107.0,197.0,79.0,3.0,851.0,124.0,0
16.0,3009.0,96.0,184.0,3.0,894.0,144.0,1
14.0,55.0,216.0,208.0,7.0,1235.0,138.0,0
1.0,1523.0,208.0,253.0,3.0,1215.0,280.0,0
12.0,7759.0,89.0,261.0,3.0,490.0,78.0,1
5.0,1496.0,197.0,159.0,5.0,780.0,168.0,1
12.0,6645.0,253.0,191.0,4.0,1145.0,36.0,0
16.0,2297.0,184.0,58.0,5.0,505.0,72.0,0
0.0,4249.0,234.0,71.0,5.0,810.0,110.0,1
6.0,5096.0,41.0,16.0,7.0,784.0,94.0,1
1.0,621.0,80.0,252.0,6.0,640.0,260.0,0
1.0,597.0,208.0,244.0,3.0,1120.0,180.0,1
12.0,4792.0,261.0,236.0,7.0,565.0,88.0,0
10.0,4280.0,132.0,208.0,5.0,420.0,130.0,0
13.0,203.0,35.0,208.0,4.0,360.0,171.0,0
1.0,810.0,208.0,78.0,6.0,815.0,105.0,1
12.0,6363.0,154.0,246.0,5.0,1361.0,44.0,0
10.0,2795.0,80.0,54.0,5.0,1100.0,140.0,0
12.0,4621.0,261.0,236.0,5.0,921.0,88.0,1
10.0,3680.0,183.0,120.0,7.0,660.0,125.0,0
1.0,592.0,65.0,80.0,5.0,460.0,115.0,0
0.0,3673.0,117.0,85.0,4.0,615.0,80.0,0
8.0,709.0,16.0,76.0,4.0,525.0,92.0,0
15.0,857.0,173.0,268.0,3.0,1005.0,155.0,1
16.0,2457.0,96.0,233.0,7.0,654.0,87.0,0
15.0,1409.0,44.0,153.0,7.0,1230.0,60.0,1
1.0,1014.0,252.0,208.0,1.0,890.0,240.0,1
5.0,1680.0,253.0,16.0,1.0,868.0,277.0,1
16.0,2939.0,96.0,147.0,3.0,1205.0,164.0,1
5.0,22.0,252.0,16.0,3.0,701.0,284.0,1
15.0,1219.0,261.0,2.0,7.0,670.0,90.0,0
10.0,4698.0,78.0,233.0,7.0,1200.0,65.0,0
6.0,5002.0,201.0,16.0,3.0,825.0,100.0,1
15.0,522.0,33.0,173.0,5.0,1155.0,105.0,1
14.0,1286.0,198.0,216.0,7.0,790.0,159.0,0
10.0,3249.0,254.0,80.0,6.0,540.0,95.0,0
5.0,1472.0,277.0,16.0,1.0,676.0,93.0,0
14.0,1586.0,60.0,216.0,7.0,1334.0,94.0,1
3.0,248.0,160.0,202.0,4.0,837.0,76.0,0
15.0,529.0,243.0,202.0,4.0,675.0,85.0,0
3.0,455.0,35.0,104.0,7.0,682.0,203.0,0
3.0,1783.0,148.0,173.0,1.0,830.0,176.0,1
13.0,514.0,217.0,208.0,1.0,954.0,208.0,1
16.0,2820.0,131.0,135.0,7.0,780.0,74.0,0
13.0,927.0,268.0,253.0,6.0,1152.0,264.0,0
1.0,1352.0,18.0,80.0,5.0,420.0,65.0,0
9.0,347.0,150.0,128.0,3.0,925.0,42.0,0
4.0,1644.0,135.0,262.0,3.0,1255.0,249.0,1
6.0,5013.0,268.0,177.0,4.0,685.0,74.0,0
5.0,1439.0,78.0,16.0,1.0,780.0,122.0,0
16.0,2987.0,42.0,58.0,4.0,1080.0,95.0,1
5.0,2456.0,261.0,197.0,7.0,525.0,165.0,0
0.0,4097.0,177.0,279.0,5.0,1165.0,85.0,0
2.0,512.0,252.0,264.0,7.0,870.0,159.0,0
5.0,1535.0,16.0,262.0,4.0,1195.0,312.0,1
15.0,214.0,79.0,153.0,5.0,530.0,120.0,1
3.0,450.0,104.0,35.0,7.0,440.0,179.0,0
6.0,7122.0,223.0,134.0,4.0,500.0,127.0,0
12.0,3047.0,84.0,184.0,6.0,835.0,66.0,1
15.0,1082.0,243.0,129.0,7.0,805.0,180.0,1
6.0,5229.0,177.0,254.0,6.0,1170.0,68.0,0
4.0,580.0,153.0,58.0,6.0,385.0,229.0,0
12.0,4479.0,261.0,153.0,3.0,1310.0,81.0,0
5.0,2589.0,74.0,16.0,4.0,400.0,92.0,0
3.0,242.0,160.0,202.0,5.0,1257.0,75.0,0
12.0,6707.0,85.0,79.0,7.0,976.0,200.0,0
17.0,2615.0,60.0,58.0,7.0,690.0,100.0,0
15.0,2411.0,233.0,268.0,6.0,535.0,140.0,0
12.0,4450.0,137.0,261.0,1.0,810.0,51.0,0
1.0,1166.0,80.0,216.0,4.0,780.0,195.0,0
1.0,936.0,183.0,173.0,3.0,1340.0,55.0,1
1.0,1352.0,18.0,80.0,3.0,420.0,65.0,0
6.0,5335.0,4.0,16.0,5.0,1015.0,61.0,0
1.0,368.0,18.0,208.0,5.0,515.0,160.0,0
5.0,2961.0,216.0,16.0,1.0,1065.0,159.0,1
17.0,2845.0,217.0,292.0,1.0,670.0,59.0,0
4.0,12.0,128.0,154.0,4.0,1295.0,335.0,0
0.0,3890.0,82.0,85.0,3.0,390.0,112.0,0
9.0,11.0,253.0,128.0,4.0,520.0,335.0,0
4.0,1859.0,78.0,135.0,3.0,935.0,212.0,0
14.0,1252.0,147.0,78.0,7.0,450.0,103.0,1
12.0,6260.0,208.0,265.0,6.0,715.0,51.0,1
16.0,2680.0,2.0,135.0,7.0,375.0,122.0,0
1.0,684.0,18.0,148.0,1.0,600.0,215.0,0
12.0,4800.0,154.0,243.0,5.0,495.0,46.0,0
13.0,23.0,154.0,150.0,5.0,502.0,349.0,0
1.0,543.0,208.0,227.0,5.0,600.0,265.0,0
12.0,4774.0,2.0,261.0,7.0,520.0,101.0,0
6.0,5429.0,16.0,188.0,6.0,1238.0,97.0,0
2.0,354.0,252.0,202.0,7.0,1225.0,124.0,0
0.0,3830.0,16.0,238.0,1.0,585.0,126.0,0
1.0,359.0,80.0,264.0,4.0,455.0,195.0,0
2.0,139.0,208.0,14.0,4.0,570.0,413.0,0
10.0,4432.0,78.0,33.0,1.0,1015.0,120.0,0
15.0,1657.0,79.0,261.0,3.0,815.0,90.0,1
15.0,1178.0,268.0,35.0,1.0,555.0,155.0,1
12.0,6622.0,114.0,79.0,4.0,1015.0,57.0,0
0.0,3795.0,247.0,71.0,1.0,360.0,60.0,0
15.0,2662.0,129.0,75.0,7.0,960.0,60.0,0
12.0,6903.0,285.0,208.0,3.0,918.0,107.0,0
15.0,2525.0,27.0,173.0,7.0,1210.0,90.0,1
1.0,1254.0,80.0,35.0,6.0,935.0,210.0,0
12.0,6589.0,154.0,280.0,6.0,749.0,83.0,0
15.0,1050.0,104.0,233.0,1.0,685.0,125.0,1
13.0,68.0,161.0,154.0,4.0,1299.0,327.0,0
4.0,201.0,96.0,104.0,5.0,1050.0,184.0,1
12.0,6291.0,154.0,91.0,3.0,761.0,111.0,0
5.0,2222.0,16.0,60.0,5.0,505.0,86.0,0
14.0,500.0,154.0,217.0,3.0,975.0,81.0,0
16.0,3106.0,135.0,41.0,7.0,720.0,59.0,0
5.0,1451.0,197.0,153.0,5.0,1305.0,218.0,1
13.0,290.0,262.0,134.0,1.0,460.0,295.0,0
12.0,4821.0,232.0,261.0,1.0,810.0,95.0,0
15.0,1163.0,244.0,75.0,7.0,915.0,60.0,0
6.0,4954.0,41.0,16.0,4.0,882.0,88.0,0
5.0,2419.0,197.0,258.0,3.0,1045.0,252.0,1
12.0,6261.0,208.0,195.0,1.0,1081.0,48.0,1
13.0,129.0,208.0,154.0,7.0,1207.0,272.0,0
15.0,431.0,182.0,217.0,7.0,775.0,360.0,0
5.0,2463.0,233.0,16.0,3.0,885.0,93.0,1
1.0,313.0,159.0,208.0,3.0,545.0,165.0,0
10.0,2755.0,32.0,80.0,1.0,925.0,135.0,0
4.0,519.0,277.0,96.0,1.0,799.0,160.0,1
1.0,597.0,208.0,244.0,6.0,1120.0,180.0,1
5.0,2122.0,85.0,35.0,1.0,455.0,127.0,1
11.0,6764.0,60.0,148.0,5.0,700.0,136.0,0
16.0,2293.0,135.0,68.0,5.0,1380.0,54.0,0
8.0,962.0,35.0,48.0,7.0,1237.0,109.0,1
5.0,1540.0,35.0,71.0,3.0,1040.0,155.0,0
15.0,258.0,233.0,153.0,7.0,875.0,320.0,1
15.0,268.0,153.0,175.0,5.0,920.0,215.0,1
3.0,559.0,130.0,277.0,4.0,480.0,174.0,0
2.0,312.0,253.0,227.0,6.0,910.0,84.0,0
10.0,4085.0,0.0,208.0,5.0,755.0,140.0,0
16.0,3140.0,244.0,135.0,5.0,445.0,59.0,0
15.0,2461.0,75.0,18.0,1.0,920.0,50.0,1
1.0,2001.0,80.0,204.0,4.0,1250.0,55.0,1
4.0,574.0,135.0,221.0,3.0,1135.0,157.0,0
14.0,2173.0,159.0,78.0,6.0,720.0,71.0,0
8.0,277.0,35.0,16.0,3.0,1117.0,178.0,1
15.0,2053.0,153.0,18.0,7.0,1155.0,155.0,1
7.0,400.0,154.0,79.0,7.0,545.0,140.0,0
6.0,5518.0,16.0,285.0,6.0,835.0,57.0,0
10.0,3180.0,258.0,154.0,7.0,860.0,75.0,1
5.0,2463.0,233.0,16.0,4.0,885.0,93.0,0
3.0,1795.0,78.0,104.0,4.0,470.0,151.0,0
5.0,1589.0,216.0,85.0,5.0,575.0,121.0,0
8.0,495.0,45.0,60.0,6.0,515.0,85.0,0
15.0,677.0,154.0,79.0,7.0,620.0,135.0,0
14.0,889.0,198.0,60.0,1.0,975.0,111.0,1
15.0,1127.0,75.0,268.0,5.0,465.0,100.0,1
12.0,4613.0,197.0,99.0,5.0,930.0,62.0,1
15.0,518.0,79.0,172.0,7.0,870.0,90.0,0
12.0,6358.0,154.0,246.0,4.0,1122.0,44.0,0
14.0,1632.0,60.0,159.0,5.0,1326.0,97.0,1
12.0,6496.0,154.0,65.0,3.0,1250.0,127.0,0
5.0,2081.0,175.0,16.0,5.0,1135.0,116.0,0
5.0,1001.0,35.0,16.0,6.0,660.0,179.0,0
15.0,2097.0,202.0,154.0,3.0,635.0,75.0,1
5.0,1611.0,16.0,223.0,4.0,1373.0,75.0,0
3.0,362.0,213.0,159.0,6.0,678.0,162.0,0
12.0,7796.0,261.0,271.0,7.0,1290.0,71.0,0
16.0,2370.0,96.0,197.0,5.0,540.0,206.0,0
13.0,640.0,208.0,216.0,7.0,1260.0,119.0,1
15.0,769.0,45.0,104.0,1.0,705.0,160.0,1
3.0,750.0,260.0,173.0,1.0,259.0,182.0,0
10.0,3647.0,183.0,147.0,6.0,1050.0,75.0,1
15.0,3074.0,173.0,241.0,3.0,1050.0,50.0,1
13.0,50.0,150.0,79.0,6.0,1275.0,413.0,0
8.0,777.0,16.0,153.0,3.0,660.0,285.0,0
6.0,5180.0,35.0,78.0,4.0,755.0,105.0,1
0.0,4399.0,197.0,119.0,7.0,805.0,90.0,1
16.0,2600.0,135.0,279.0,1.0,770.0,83.0,0
5.0,1661.0,16.0,213.0,6.0,567.0,121.0,0
11.0,6390.0,71.0,96.0,7.0,1140.0,126.0,1
15.0,2049.0,153.0,280.0,4.0,925.0,70.0,1
16.0,2834.0,135.0,146.0,5.0,1010.0,73.0,1
11.0,6581.0,233.0,35.0,3.0,420.0,130.0,0
6.0,7124.0,134.0,238.0,3.0,1330.0,73.0,0
7.0,387.0,104.0,79.0,6.0,902.0,264.0,0
14.0,1951.0,43.0,60.0,1.0,510.0,118.0,0
15.0,1155.0,33.0,173.0,3.0,890.0,105.0,1
15.0,1824.0,45.0,209.0,3.0,510.0,50.0,1
10.0,4519.0,78.0,33.0,1.0,520.0,120.0,0
10.0,4028.0,147.0,208.0,4.0,1035.0,170.0,0
13.0,18.0,154.0,79.0,4.0,360.0,146.0,0
15.0,806.0,202.0,214.0,4.0,395.0,105.0,0
0.0,3872.0,33.0,85.0,7.0,943.0,115.0,0
7.0,530.0,175.0,79.0,7.0,765.0,155.0,0
10.0,3766.0,208.0,79.0,3.0,955.0,155.0,1
15.0,378.0,22.0,45.0,1.0,590.0,70.0,0
12.0,6554.0,99.0,79.0,5.0,1003.0,122.0,1
3.0,579.0,130.0,213.0,7.0,650.0,170.0,0
5.0,1801.0,228.0,16.0,1.0,1080.0,175.0,0
10.0,2857.0,80.0,146.0,4.0,850.0,80.0,0
15.0,497.0,228.0,45.0,7.0,650.0,80.0,0
6.0,7103.0,208.0,47.0,7.0,1265.0,109.0,0
15.0,1062.0,251.0,45.0,3.0,1060.0,90.0,1
11.0,6405.0,120.0,16.0,6.0,370.0,93.0,0
15.0,2379.0,262.0,214.0,4.0,790.0,90.0,1
16.0,3103.0,273.0,58.0,5.0,1105.0,72.0,0
15.0,2026.0,258.0,264.0,3.0,660.0,75.0,1
8.0,233.0,16.0,234.0,1.0,833.0,88.0,0
2.0,688.0,258.0,18.0,3.0,1090.0,198.0,0
12.0,6480.0,140.0,292.0,3.0,346.0,34.0,0
15.0,2539.0,33.0,216.0,4.0,635.0,115.0,1
16.0,2194.0,120.0,135.0,4.0,1075.0,179.0,0
0.0,3891.0,175.0,85.0,3.0,420.0,84.0,1
10.0,3629.0,183.0,33.0,3.0,420.0,145.0,0
15.0,2634.0,216.0,79.0,6.0,540.0,285.0,1
15.0,3687.0,173.0,43.0,4.0,1185.0,155.0,1
10.0,3234.0,5.0,80.0,3.0,815.0,45.0,0
1.0,1467.0,80.0,91.0,3.0,550.0,105.0,0
5.0,1511.0,195.0,85.0,1.0,330.0,80.0,0
0.0,3655.0,197.0,279.0,5.0,545.0,127.0,0
15.0,2022.0,153.0,154.0,3.0,660.0,70.0,0
8.0,984.0,16.0,221.0,7.0,630.0,98.0,0
15.0,1976.0,85.0,45.0,3.0,715.0,90.0,0
14.0,2127.0,35.0,159.0,7.0,720.0,72.0,0
15.0,3496.0,162.0,217.0,4.0,420.0,195.0,0
15.0,3761.0,34.0,252.0,5.0,1180.0,85.0,0
2.0,69.0,252.0,151.0,4.0,1130.0,132.0,0
13.0,529.0,79.0,205.0,7.0,945.0,80.0,0
8.0,632.0,76.0,45.0,7.0,760.0,81.0,1
15.0,1980.0,147.0,45.0,5.0,490.0,110.0,0
5.0,2809.0,71.0,104.0,7.0,680.0,147.0,0
10.0,3964.0,45.0,208.0,5.0,665.0,130.0,0
12.0,6875.0,79.0,195.0,1.0,935.0,127.0,0
15.0,1566.0,172.0,214.0,3.0,900.0,245.0,1
17.0,2660.0,60.0,134.0,6.0,1195.0,82.0,0
15.0,787.0,258.0,217.0,7.0,1270.0,105.0,1
15.0,1321.0,243.0,258.0,4.0,860.0,80.0,1
15.0,367.0,33.0,87.0,4.0,470.0,80.0,0
14.0,1888.0,216.0,35.0,4.0,1155.0,85.0,0
10.0,3097.0,246.0,154.0,3.0,700.0,45.0,0
5.0,1772.0,85.0,148.0,6.0,1042.0,118.0,0
5.0,721.0,197.0,16.0,6.0,1116.0,159.0,1
16.0,5995.0,29.0,208.0,4.0,879.0,124.0,0
15.0,2636.0,252.0,262.0,6.0,465.0,105.0,1
15.0,1254.0,280.0,79.0,3.0,390.0,115.0,1
14.0,1702.0,60.0,22.0,1.0,980.0,114.0,0
15.0,1140.0,129.0,91.0,4.0,530.0,120.0,0
1.0,1668.0,80.0,279.0,6.0,840.0,60.0,0
15.0,1166.0,45.0,18.0,1.0,1060.0,235.0,0
3.0,462.0,241.0,35.0,7.0,657.0,179.0,0
15.0,316.0,45.0,146.0,5.0,730.0,165.0,0
12.0,6654.0,187.0,79.0,7.0,465.0,157.0,0
5.0,1112.0,16.0,129.0,1.0,522.0,148.0,0
0.0,3915.0,42.0,148.0,1.0,680.0,95.0,1
15.0,1916.0,173.0,79.0,6.0,620.0,250.0,1
3.0,4.0,148.0,43.0,4.0,565.0,87.0,1
8.0,553.0,43.0,16.0,7.0,772.0,137.0,0
17.0,2642.0,60.0,134.0,3.0,1075.0,79.0,0
15.0,1051.0,45.0,87.0,5.0,1145.0,150.0,0
12.0,4559.0,261.0,137.0,5.0,680.0,58.0,0
15.0,1138.0,258.0,214.0,3.0,1250.0,105.0,1
13.0,95.0,96.0,253.0,4.0,1100.0,387.0,0
15.0,1533.0,2.0,91.0,5.0,1085.0,55.0,1
12.0,6858.0,79.0,243.0,1.0,934.0,137.0,0
11.0,6610.0,172.0,159.0,4.0,652.0,178.0,0
0.0,3797.0,85.0,61.0,5.0,920.0,59.0,0
1.0,564.0,253.0,80.0,1.0,905.0,205.0,1
5.0,151.0,134.0,16.0,3.0,748.0,124.0,1
15.0,1116.0,153.0,236.0,7.0,1020.0,75.0,1
2.0,575.0,243.0,214.0,7.0,815.0,154.0,1
5.0,2285.0,22.0,16.0,5.0,926.0,165.0,1
3.0,5.0,43.0,148.0,7.0,1245.0,80.0,0
3.0,371.0,159.0,104.0,5.0,360.0,174.0,0
3.0,1255.0,35.0,134.0,4.0,973.0,99.0,0
14.0,2167.0,159.0,78.0,7.0,540.0,78.0,0
11.0,6327.0,71.0,119.0,4.0,565.0,74.0,0
5.0,1576.0,214.0,16.0,5.0,1375.0,268.0,0
15.0,480.0,173.0,198.0,7.0,460.0,110.0,1
17.0,2642.0,60.0,134.0,5.0,1075.0,79.0,0
16.0,3085.0,228.0,96.0,4.0,620.0,68.0,0
10.0,3604.0,71.0,183.0,6.0,430.0,170.0,0
13.0,226.0,253.0,35.0,4.0,360.0,342.0,0
17.0,2751.0,2.0,217.0,3.0,1125.0,90.0,0
15.0,1273.0,153.0,244.0,7.0,530.0,150.0,0
15.0,323.0,18.0,153.0,6.0,840.0,185.0,1
11.0,6384.0,135.0,71.0,1.0,420.0,135.0,0
6.0,5576.0,16.0,146.0,7.0,1041.0,85.0,0
2.0,1.0,78.0,252.0,6.0,480.0,360.0,1
12.0,6878.0,79.0,251.0,7.0,613.0,150.0,0
5.0,1827.0,16.0,104.0,3.0,668.0,120.0,1
4.0,187.0,173.0,135.0,4.0,540.0,150.0,1
0.0,4037.0,22.0,148.0,4.0,780.0,75.0,1
8.0,132.0,277.0,16.0,5.0,380.0,95.0,0
14.0,1170.0,233.0,60.0,1.0,770.0,61.0,0
5.0,2994.0,213.0,16.0,6.0,975.0,114.0,1
12.0,6282.0,154.0,144.0,3.0,665.0,54.0,0
14.0,614.0,217.0,16.0,7.0,960.0,212.0,0
4.0,208.0,214.0,135.0,7.0,1415.0,227.0,0
5.0,1604.0,264.0,261.0,5.0,785.0,108.0,0
5.0,2613.0,285.0,16.0,6.0,390.0,64.0,0
15.0,2785.0,216.0,35.0,3.0,910.0,75.0,1
1.0,1363.0,233.0,183.0,1.0,420.0,130.0,0
12.0,4837.0,29.0,197.0,1.0,895.0,86.0,1
15.0,6.0,75.0,2.0,4.0,535.0,110.0,1
12.0,6416.0,253.0,2.0,1.0,904.0,137.0,1
15.0,2198.0,45.0,261.0,1.0,820.0,305.0,1
10.0,4351.0,208.0,166.0,7.0,1175.0,70.0,1
15.0,44.0,129.0,75.0,7.0,1020.0,60.0,0
17.0,2648.0,153.0,154.0,3.0,450.0,67.0,0
5.0,2255.0,159.0,241.0,1.0,1085.0,204.0,1
15.0,1717.0,202.0,18.0,7.0,600.0,205.0,1
15.0,299.0,175.0,104.0,6.0,510.0,185.0,1
16.0,3127.0,135.0,155.0,3.0,1100.0,100.0,0
12.0,6760.0,79.0,224.0,7.0,925.0,152.0,1
0.0,3820.0,85.0,221.0,5.0,925.0,66.0,1
3.0,644.0,253.0,148.0,7.0,675.0,321.0,0
14.0,902.0,60.0,209.0,3.0,565.0,60.0,0
5.0,1289.0,16.0,264.0,7.0,1221.0,301.0,1
13.0,358.0,79.0,159.0,5.0,493.0,225.0,0
1.0,652.0,80.0,234.0,7.0,535.0,155.0,0
5.0,1208.0,261.0,71.0,1.0,838.0,203.0,0
8.0,1112.0,241.0,238.0,6.0,623.0,180.0,0
16.0,3138.0,135.0,244.0,4.0,615.0,59.0,0
15.0,3321.0,264.0,202.0,4.0,760.0,85.0,1
5.0,1215.0,35.0,261.0,1.0,1050.0,329.0,0
6.0,7339.0,16.0,205.0,4.0,690.0,146.0,0
3.0,598.0,173.0,130.0,6.0,1190.0,149.0,0
12.0,6756.0,253.0,262.0,6.0,1385.0,42.0,0
15.0,998.0,45.0,233.0,7.0,1185.0,65.0,0
5.0,2958.0,60.0,85.0,7.0,571.0,119.0,0
17.0,2945.0,60.0,54.0,7.0,679.0,59.0,1
12.0,6759.0,162.0,208.0,7.0,360.0,115.0,1
15.0,705.0,268.0,277.0,3.0,1130.0,135.0,1
13.0,221.0,208.0,135.0,1.0,491.0,164.0,1
1.0,247.0,154.0,150.0,5.0,1050.0,345.0,0
15.0,2376.0,217.0,258.0,7.0,985.0,120.0,1
17.0,7279.0,208.0,16.0,4.0,806.0,123.0,0
17.0,2711.0,217.0,100.0,5.0,650.0,103.0,0
15.0,3232.0,147.0,104.0,1.0,450.0,70.0,0
16.0,2643.0,96.0,16.0,6.0,809.0,149.0,0
17.0,2631.0,60.0,245.0,6.0,564.0,64.0,0
5.0,1799.0,16.0,228.0,7.0,574.0,150.0,0
5.0,2493.0,234.0,16.0,4.0,586.0,114.0,0
16.0,3152.0,135.0,13.0,5.0,690.0,98.0,0
8.0,573.0,159.0,184.0,5.0,400.0,146.0,0
5.0,1527.0,16.0,104.0,5.0,1035.0,113.0,1
1.0,21.0,148.0,154.0,5.0,1150.0,385.0,0
15.0,157.0,33.0,277.0,7.0,1105.0,105.0,1
10.0,4164.0,61.0,208.0,5.0,1055.0,90.0,1
6.0,5540.0,256.0,16.0,7.0,732.0,103.0,1
11.0,6670.0,228.0,85.0,6.0,520.0,142.0,1
17.0,2834.0,44.0,217.0,7.0,1135.0,92.0,0
15.0,1931.0,75.0,244.0,3.0,1145.0,60.0,1
6.0,7073.0,134.0,47.0,3.0,1320.0,81.0,0
4.0,1598.0,264.0,135.0,3.0,405.0,204.0,1
17.0,2741.0,153.0,154.0,1.0,690.0,68.0,0
0.0,4230.0,85.0,25.0,6.0,630.0,85.0,0
15.0,50.0,129.0,75.0,3.0,1110.0,60.0,1
15.0,1447.0,87.0,129.0,6.0,665.0,115.0,1
14.0,752.0,35.0,216.0,5.0,990.0,101.0,1
15.0,1100.0,251.0,175.0,7.0,1055.0,75.0,0
0.0,3977.0,58.0,85.0,4.0,625.0,60.0,0
14.0,1011.0,96.0,60.0,3.0,300.0,111.0,0
11.0,6454.0,71.0,78.0,5.0,477.0,88.0,0
5.0,1334.0,16.0,234.0,1.0,452.0,94.0,0
16.0,2627.0,16.0,135.0,4.0,1110.0,135.0,0
10.0,2707.0,80.0,165.0,1.0,825.0,85.0,0
6.0,5551.0,288.0,16.0,6.0,465.0,79.0,0
17.0,2837.0,217.0,44.0,4.0,910.0,88.0,0
13.0,336.0,154.0,79.0,7.0,785.0,143.0,0
13.0,566.0,208.0,16.0,5.0,1106.0,124.0,0
15.0,1425.0,58.0,33.0,3.0,1030.0,100.0,1
0.0,4387.0,66.0,177.0,6.0,990.0,75.0,0
13.0,163.0,35.0,154.0,1.0,404.0,396.0,0
12.0,6446.0,154.0,263.0,5.0,976.0,56.0,0
16.0,5947.0,0.0,208.0,1.0,424.0,136.0,0
1.0,889.0,208.0,154.0,7.0,1115.0,270.0,1
15.0,3655.0,268.0,204.0,3.0,1195.0,95.0,1
12.0,6981.0,280.0,79.0,3.0,824.0,110.0,0
16.0,2991.0,162.0,135.0,3.0,742.0,82.0,0
10.0,2808.0,80.0,187.0,6.0,875.0,115.0,1
10.0,4659.0,16.0,159.0,6.0,930.0,130.0,0
12.0,6865.0,187.0,79.0,5.0,906.0,140.0,0
2.0,346.0,252.0,202.0,7.0,1045.0,122.0,0
15.0,1671.0,12.0,175.0,5.0,985.0,145.0,0
1.0,1664.0,183.0,16.0,6.0,615.0,120.0,0
10.0,3307.0,80.0,68.0,4.0,390.0,80.0,0
5.0,1464.0,197.0,78.0,7.0,445.0,147.0,0
8.0,1422.0,139.0,277.0,6.0,1016.0,133.0,0
16.0,2736.0,135.0,285.0,7.0,604.0,113.0,0
7.0,135.0,80.0,79.0,5.0,847.0,120.0,0
5.0,1808.0,79.0,197.0,4.0,1135.0,120.0,0
10.0,2938.0,118.0,80.0,4.0,805.0,50.0,0
15.0,223.0,175.0,277.0,5.0,455.0,165.0,0
10.0,4371.0,208.0,205.0,7.0,675.0,95.0,0
6.0,5106.0,138.0,16.0,4.0,988.0,96.0,1
14.0,407.0,217.0,253.0,3.0,885.0,125.0,0
14.0,94.0,197.0,217.0,1.0,1076.0,206.0,0
13.0,1.0,208.0,128.0,3.0,595.0,549.0,0
8.0,203.0,16.0,48.0,4.0,1040.0,96.0,0
15.0,1950.0,175.0,228.0,5.0,1230.0,130.0,1
4.0,239.0,183.0,96.0,6.0,425.0,167.0,1
15.0,1057.0,202.0,44.0,4.0,635.0,65.0,1
12.0,3067.0,268.0,184.0,3.0,745.0,77.0,1
1.0,1106.0,80.0,35.0,3.0,480.0,210.0,1
14.0,1753.0,60.0,277.0,6.0,1070.0,99.0,1
10.0,3959.0,162.0,208.0,1.0,635.0,110.0,0
5.0,2006.0,213.0,22.0,4.0,1180.0,170.0,0
16.0,5930.0,208.0,84.0,7.0,903.0,74.0,1
4.0,1689.0,135.0,243.0,5.0,1100.0,210.0,1
3.0,59.0,148.0,173.0,7.0,899.0,179.0,0
12.0,4735.0,153.0,154.0,7.0,773.0,74.0,1
16.0,2772.0,91.0,135.0,5.0,920.0,122.0,0
5.0,2272.0,277.0,16.0,6.0,510.0,100.0,0
5.0,514.0,261.0,253.0,6.0,1200.0,129.0,1
15.0,2181.0,217.0,129.0,3.0,1090.0,145.0,0
15.0,861.0,216.0,175.0,1.0,930.0,135.0,1
12.0,7044.0,79.0,205.0,1.0,509.0,84.0,0
11.0,6474.0,197.0,148.0,1.0,915.0,183.0,1
0.0,4001.0,177.0,75.0,3.0,565.0,96.0,1
5.0,1947.0,159.0,16.0,1.0,720.0,160.0,1
1.0,297.0,154.0,128.0,1.0,995.0,365.0,0
12.0,4464.0,261.0,46.0,4.0,1191.0,80.0,1
1.0,321.0,159.0,208.0,1.0,665.0,160.0,0
11.0,6505.0,216.0,177.0,1.0,660.0,173.0,0
16.0,2937.0,177.0,135.0,7.0,1080.0,100.0,0
1.0,1362.0,208.0,148.0,7.0,760.0,130.0,1
14.0,1810.0,241.0,60.0,6.0,900.0,112.0,0
10.0,3135.0,258.0,154.0,5.0,1195.0,75.0,0
14.0,1617.0,60.0,172.0,3.0,970.0,152.0,1
1.0,408.0,208.0,216.0,3.0,1130.0,115.0,0
16.0,2611.0,58.0,251.0,3.0,1025.0,72.0,1
5.0,1487.0,197.0,261.0,4.0,1315.0,172.0,1
15.0,1753.0,45.0,147.0,4.0,510.0,130.0,1
1.0,836.0,80.0,78.0,7.0,510.0,160.0,0
5.0,154.0,104.0,148.0,5.0,905.0,185.0,1
1.0,1057.0,80.0,236.0,6.0,1135.0,220.0,0
12.0,7800.0,282.0,261.0,3.0,390.0,55.0,0
4.0,1136.0,80.0,96.0,4.0,780.0,214.0,0
4.0,1712.0,260.0,135.0,3.0,1032.0,288.0,1
15.0,840.0,217.0,153.0,7.0,525.0,65.0,0
6.0,4988.0,16.0,33.0,1.0,600.0,74.0,1
16.0,2542.0,58.0,182.0,1.0,705.0,88.0,0
10.0,2991.0,80.0,73.0,6.0,640.0,140.0,0
5.0,1458.0,241.0,16.0,4.0,809.0,110.0,1
13.0,410.0,262.0,79.0,1.0,360.0,144.0,0
15.0,1592.0,173.0,87.0,7.0,1030.0,70.0,0
14.0,1780.0,60.0,78.0,6.0,1331.0,71.0,0
15.0,226.0,216.0,182.0,1.0,665.0,80.0,0
12.0,6919.0,208.0,82.0,3.0,795.0,87.0,1
11.0,6310.0,71.0,216.0,5.0,1135.0,107.0,0
1.0,1919.0,16.0,80.0,3.0,1000.0,150.0,0
15.0,1409.0,44.0,153.0,3.0,1230.0,60.0,1
9.0,25.0,214.0,128.0,7.0,605.0,365.0,0
15.0,1243.0,268.0,175.0,3.0,1155.0,60.0,1
4.0,1807.0,277.0,135.0,3.0,1126.0,144.0,1
4.0,497.0,135.0,153.0,6.0,555.0,197.0,0
12.0,4675.0,168.0,261.0,7.0,723.0,87.0,1
5.0,2310.0,80.0,16.0,6.0,645.0,123.0,0
0.0,4388.0,134.0,85.0,5.0,375.0,108.0,0
12.0,6357.0,79.0,88.0,6.0,1148.0,46.0,0
15.0,718.0,182.0,175.0,5.0,1005.0,165.0,1
11.0,6616.0,85.0,273.0,5.0,855.0,84.0,0
2.0,99.0,252.0,14.0,7.0,780.0,221.0,1
1.0,1856.0,183.0,134.0,7.0,665.0,145.0,0
15.0,888.0,202.0,111.0,7.0,545.0,125.0,0
15.0,3320.0,253.0,153.0,4.0,560.0,95.0,0
5.0,1637.0,45.0,85.0,5.0,1110.0,104.0,1
15.0,1128.0,18.0,91.0,4.0,1235.0,100.0,1
6.0,4941.0,69.0,16.0,3.0,1075.0,94.0,0
15.0,2015.0,182.0,173.0,4.0,1055.0,200.0,0
15.0,102.0,253.0,243.0,1.0,875.0,85.0,0
13.0,163.0,35.0,154.0,3.0,404.0,396.0,1
15.0,1030.0,258.0,153.0,6.0,450.0,85.0,1
15.0,220.0,27.0,129.0,7.0,380.0,115.0,0
14.0,1728.0,173.0,60.0,3.0,835.0,96.0,1
4.0,421.0,135.0,258.0,7.0,1050.0,255.0,1
8.0,356.0,16.0,159.0,5.0,1013.0,128.0,0
11.0,6266.0,78.0,35.0,7.0,595.0,98.0,0
1.0,1259.0,18.0,80.0,6.0,630.0,70.0,0
1.0,450.0,80.0,197.0,3.0,650.0,140.0,0
15.0,1678.0,79.0,236.0,3.0,705.0,145.0,1
12.0,6606.0,88.0,79.0,6.0,462.0,53.0,0
10.0,2740.0,158.0,80.0,5.0,1010.0,85.0,0
11.0,6448.0,221.0,148.0,6.0,648.0,106.0,0
15.0,609.0,154.0,253.0,7.0,545.0,80.0,0
13.0,247.0,153.0,79.0,6.0,783.0,114.0,0
1.0,421.0,80.0,18.0,4.0,525.0,60.0,0
14.0,2047.0,35.0,78.0,5.0,1140.0,96.0,0
15.0,1715.0,252.0,202.0,7.0,640.0,125.0,1
10.0,4143.0,43.0,208.0,7.0,900.0,115.0,1
9.0,39.0,214.0,203.0,5.0,525.0,355.0,0
5.0,1951.0,16.0,183.0,1.0,815.0,109.0,1
14.0,1812.0,216.0,35.0,5.0,375.0,74.0,0
5.0,1998.0,16.0,197.0,7.0,810.0,162.0,1
12.0,6875.0,79.0,195.0,7.0,935.0,127.0,0
5.0,1136.0,261.0,16.0,5.0,510.0,220.0,1
15.0,2838.0,217.0,204.0,6.0,1005.0,120.0,0
1.0,406.0,268.0,208.0,6.0,954.0,80.0,1
5.0,1851.0,197.0,153.0,3.0,425.0,213.0,0
13.0,546.0,217.0,253.0,6.0,661.0,135.0,0
3.0,462.0,241.0,35.0,6.0,657.0,179.0,0
1.0,1851.0,78.0,183.0,5.0,365.0,160.0,0
15.0,3238.0,58.0,175.0,5.0,415.0,85.0,1
5.0,1610.0,79.0,85.0,4.0,485.0,169.0,0
5.0,2199.0,177.0,173.0,4.0,1145.0,121.0,1
15.0,3601.0,277.0,217.0,1.0,890.0,290.0,1
12.0,6454.0,65.0,208.0,5.0,461.0,147.0,0
15.0,237.0,214.0,236.0,4.0,465.0,80.0,0
6.0,5346.0,16.0,272.0,4.0,1076.0,136.0,1
15.0,894.0,209.0,45.0,4.0,845.0,55.0,0
6.0,5432.0,177.0,288.0,7.0,1175.0,84.0,0
5.0,1744.0,85.0,78.0,4.0,625.0,92.0,0
12.0,7781.0,89.0,261.0,1.0,330.0,70.0,0
10.0,2717.0,239.0,80.0,4.0,445.0,85.0,0
10.0,3720.0,208.0,16.0,4.0,1265.0,120.0,1
15.0,520.0,173.0,233.0,3.0,745.0,95.0,1
10.0,2868.0,187.0,80.0,6.0,1015.0,135.0,1
14.0,450.0,217.0,261.0,3.0,880.0,97.0,0
10.0,4071.0,208.0,290.0,1.0,790.0,105.0,0
14.0,301.0,60.0,217.0,5.0,985.0,278.0,1
6.0,5579.0,121.0,16.0,5.0,1064.0,66.0,1
12.0,6704.0,79.0,164.0,4.0,1185.0,78.0,0
10.0,4247.0,43.0,208.0,5.0,1115.0,125.0,0
5.0,1761.0,216.0,16.0,5.0,915.0,143.0,0
1.0,1034.0,79.0,80.0,7.0,640.0,120.0,0
10.0,4020.0,238.0,208.0,5.0,740.0,125.0,0
12.0,6622.0,114.0,79.0,1.0,1015.0,57.0,1
14.0,945.0,60.0,147.0,5.0,700.0,85.0,0
4.0,629.0,79.0,96.0,5.0,745.0,226.0,1
3.0,675.0,148.0,154.0,1.0,990.0,379.0,1
15.0,2786.0,34.0,202.0,7.0,560.0,100.0,0
12.0,6246.0,154.0,100.0,7.0,515.0,67.0,0
12.0,7048.0,79.0,136.0,7.0,617.0,80.0,0
15.0,1489.0,141.0,213.0,3.0,735.0,180.0,1
15.0,1537.0,252.0,111.0,4.0,490.0,60.0,0
15.0,3408.0,202.0,44.0,4.0,875.0,65.0,1
5.0,1921.0,85.0,217.0,5.0,525.0,278.0,0
12.0,4475.0,84.0,177.0,4.0,990.0,102.0,1
14.0,1636.0,60.0,233.0,4.0,682.0,48.0,0
15.0,2609.0,153.0,2.0,7.0,510.0,80.0,1
1.0,2537.0,208.0,153.0,4.0,1290.0,235.0,0
15.0,3137.0,153.0,268.0,4.0,1060.0,185.0,0
5.0,116.0,277.0,16.0,3.0,881.0,97.0,1
5.0,1725.0,45.0,16.0,1.0,435.0,131.0,0
5.0,1151.0,197.0,253.0,6.0,855.0,250.0,0
16.0,3050.0,135.0,147.0,3.0,1165.0,119.0,1
12.0,6648.0,136.0,79.0,6.0,997.0,94.0,0
16.0,5994.0,208.0,290.0,5.0,502.0,106.0,0
15.0,1419.0,153.0,217.0,7.0,1115.0,65.0,1
0.0,3681.0,0.0,85.0,3.0,981.0,112.0,1
12.0,6350.0,207.0,253.0,7.0,833.0,85.0,1
15.0,2006.0,221.0,216.0,1.0,785.0,75.0,1
10.0,4114.0,221.0,208.0,4.0,360.0,105.0,0
4.0,1563.0,241.0,135.0,6.0,395.0,148.0,1
0.0,3950.0,197.0,17.0,7.0,1185.0,64.0,1
15.0,1976.0,268.0,85.0,5.0,535.0,90.0,1
16.0,2536.0,16.0,96.0,4.0,600.0,142.0,0
5.0,1585.0,159.0,173.0,4.0,980.0,177.0,1
5.0,2589.0,74.0,16.0,3.0,400.0,92.0,0
11.0,6586.0,85.0,17.0,4.0,1045.0,88.0,0
1.0,443.0,159.0,183.0,7.0,1100.0,205.0,0
10.0,2917.0,80.0,61.0,6.0,1045.0,140.0,0
0.0,4116.0,85.0,43.0,4.0,935.0,78.0,0
0.0,3804.0,58.0,16.0,6.0,335.0,128.0,0
10.0,3751.0,208.0,261.0,3.0,1125.0,215.0,1
6.0,7088.0,237.0,134.0,5.0,1211.0,59.0,1
5.0,2595.0,197.0,241.0,5.0,1150.0,199.0,1
5.0,2925.0,35.0,197.0,7.0,857.0,198.0,1
5.0,1105.0,16.0,261.0,3.0,445.0,253.0,1
9.0,2.0,128.0,154.0,1.0,905.0,325.0,0
7.0,797.0,79.0,214.0,3.0,1270.0,162.0,1
14.0,270.0,135.0,217.0,1.0,360.0,172.0,0
0.0,3843.0,85.0,21.0,7.0,840.0,53.0,0
11.0,6351.0,61.0,85.0,6.0,805.0,75.0,0
2.0,555.0,227.0,252.0,6.0,985.0,170.0,1
12.0,6264.0,100.0,253.0,3.0,855.0,57.0,1
0.0,3672.0,155.0,177.0,6.0,705.0,117.0,0
1.0,1692.0,260.0,148.0,3.0,1275.0,235.0,1
16.0,5947.0,208.0,204.0,7.0,575.0,133.0,1
5.0,2162.0,85.0,216.0,3.0,1290.0,99.0,1
12.0,6814.0,252.0,214.0,3.0,623.0,48.0,1
5.0,2575.0,120.0,16.0,5.0,423.0,92.0,0
16.0,2664.0,96.0,22.0,4.0,530.0,74.0,0
5.0,1929.0,16.0,252.0,4.0,600.0,340.0,0
15.0,959.0,182.0,277.0,6.0,815.0,215.0,0
11.0,6626.0,85.0,120.0,5.0,1195.0,114.0,0
16.0,2756.0,58.0,228.0,3.0,450.0,94.0,0
6.0,5303.0,16.0,10.0,4.0,1125.0,107.0,0
16.0,2292.0,27.0,135.0,5.0,1055.0,111.0,0
0.0,4009.0,142.0,85.0,5.0,741.0,96.0,0
10.0,3732.0,197.0,208.0,6.0,920.0,95.0,1
5.0,1530.0,16.0,85.0,5.0,885.0,120.0,1
4.0,370.0,135.0,253.0,1.0,865.0,255.0,1
5.0,2608.0,264.0,197.0,3.0,747.0,212.0,1
4.0,223.0,14.0,252.0,7.0,49.0,201.0,0
12.0,3047.0,184.0,221.0,5.0,940.0,85.0,0
15.0,2028.0,35.0,268.0,6.0,900.0,195.0,1
16.0,2350.0,184.0,135.0,3.0,1050.0,172.0,1
5.0,2205.0,175.0,16.0,3.0,360.0,120.0,0
12.0,4811.0,261.0,202.0,1.0,1006.0,122.0,0
16.0,2558.0,96.0,205.0,3.0,1270.0,202.0,0
6.0,5093.0,16.0,81.0,3.0,1319.0,60.0,0
15.0,2125.0,27.0,33.0,6.0,625.0,50.0,0
12.0,6571.0,79.0,214.0,6.0,908.0,171.0,0
15.0,3763.0,202.0,261.0,5.0,410.0,105.0,1
8.0,801.0,45.0,35.0,5.0,870.0,80.0,1
15.0,3756.0,154.0,262.0,3.0,375.0,80.0,0
15.0,1497.0,129.0,198.0,4.0,455.0,60.0,0
16.0,2228.0,60.0,96.0,6.0,560.0,102.0,0
10.0,2741.0,80.0,158.0,4.0,910.0,75.0,0
9.0,239.0,128.0,161.0,6.0,995.0,37.0,0
15.0,681.0,45.0,33.0,5.0,1110.0,125.0,0
10.0,3967.0,208.0,205.0,6.0,470.0,95.0,0
1.0,1260.0,183.0,159.0,4.0,1335.0,160.0,0
15.0,239.0,45.0,154.0,4.0,505.0,360.0,1
15.0,151.0,214.0,262.0,5.0,695.0,85.0,0
9.0,370.0,203.0,150.0,7.0,819.0,32.0,0
15.0,1006.0,79.0,2.0,4.0,560.0,70.0,0
14.0,524.0,35.0,217.0,5.0,590.0,354.0,1
15.0,2596.0,252.0,217.0,6.0,445.0,170.0,1
15.0,843.0,268.0,2.0,7.0,760.0,165.0,1
5.0,2327.0,16.0,104.0,4.0,1147.0,118.0,1
14.0,273.0,207.0,217.0,1.0,600.0,72.0,1
10.0,4298.0,208.0,187.0,4.0,570.0,55.0,0
5.0,183.0,148.0,252.0,3.0,450.0,380.0,0
10.0,4305.0,208.0,139.0,5.0,1170.0,60.0,0
10.0,2832.0,223.0,80.0,4.0,945.0,125.0,0
12.0,6438.0,114.0,79.0,6.0,385.0,55.0,0
10.0,4389.0,35.0,148.0,6.0,840.0,75.0,0
6.0,5492.0,16.0,119.0,5.0,1249.0,119.0,1
17.0,7288.0,208.0,42.0,7.0,1137.0,116.0,1
15.0,1577.0,44.0,258.0,3.0,640.0,65.0,1
15.0,2956.0,228.0,277.0,6.0,435.0,200.0,0
6.0,7066.0,208.0,47.0,6.0,806.0,109.0,1
15.0,879.0,241.0,175.0,6.0,965.0,180.0,0
15.0,1076.0,154.0,153.0,7.0,560.0,60.0,0
12.0,6252.0,210.0,253.0,4.0,516.0,117.0,1
12.0,4647.0,261.0,122.0,6.0,671.0,89.0,0
0.0,3922.0,85.0,228.0,3.0,945.0,118.0,0
15.0,3926.0,129.0,2.0,3.0,595.0,135.0,1
15.0,1489.0,198.0,75.0,7.0,1100.0,90.0,1
0.0,4176.0,197.0,82.0,5.0,1190.0,61.0,1
5.0,2492.0,268.0,16.0,7.0,819.0,98.0,0
16.0,5896.0,152.0,208.0,6.0,948.0,71.0,1
13.0,155.0,208.0,253.0,5.0,1235.0,297.0,0
8.0,902.0,16.0,215.0,5.0,525.0,93.0,0
15.0,763.0,173.0,217.0,3.0,755.0,300.0,1
3.0,1417.0,18.0,160.0,3.0,1050.0,195.0,0
15.0,2027.0,45.0,85.0,3.0,985.0,100.0,1
11.0,6364.0,71.0,174.0,4.0,1225.0,82.0,0
15.0,784.0,2.0,170.0,7.0,1110.0,60.0,1
1.0,1241.0,221.0,80.0,7.0,415.0,205.0,1
10.0,3355.0,80.0,165.0,4.0,590.0,85.0,0
8.0,124.0,277.0,16.0,5.0,1125.0,95.0,0
12.0,4601.0,137.0,261.0,6.0,490.0,56.0,0
17.0,7264.0,76.0,208.0,7.0,946.0,74.0,1
13.0,329.0,79.0,217.0,5.0,1154.0,119.0,0
8.0,78.0,104.0,16.0,7.0,1085.0,122.0,0
15.0,3415.0,202.0,243.0,7.0,455.0,85.0,0
15.0,3504.0,18.0,173.0,3.0,770.0,145.0,0
15.0,508.0,173.0,22.0,5.0,575.0,155.0,1
13.0,566.0,208.0,16.0,1.0,1098.0,124.0,0
1.0,244.0,154.0,173.0,7.0,530.0,275.0,0
10.0,4282.0,208.0,22.0,3.0,490.0,130.0,0
6.0,5305.0,180.0,177.0,3.0,985.0,72.0,0
6.0,5491.0,16.0,254.0,3.0,515.0,123.0,0
15.0,47.0,75.0,129.0,5.0,1080.0,65.0,0
1.0,1356.0,80.0,134.0,7.0,665.0,165.0,0
15.0,565.0,139.0,175.0,6.0,1050.0,60.0,0
4.0,137.0,135.0,154.0,7.0,865.0,220.0,1
16.0,5891.0,17.0,208.0,3.0,1100.0,60.0,0
6.0,5377.0,187.0,16.0,6.0,735.0,116.0,1
14.0,520.0,217.0,236.0,7.0,505.0,109.0,0
12.0,7768.0,255.0,261.0,1.0,360.0,73.0,0
12.0,6822.0,231.0,253.0,5.0,845.0,69.0,0
6.0,5593.0,91.0,16.0,5.0,802.0,177.0,1
4.0,1177.0,35.0,96.0,3.0,925.0,102.0,0
6.0,5532.0,16.0,162.0,1.0,465.0,101.0,0
8.0,81.0,16.0,104.0,3.0,934.0,111.0,1
5.0,1654.0,16.0,76.0,5.0,1010.0,96.0,0
15.0,1219.0,261.0,2.0,1.0,670.0,90.0,1
12.0,6909.0,253.0,210.0,5.0,675.0,115.0,1
14.0,1085.0,153.0,60.0,3.0,390.0,245.0,0
7.0,144.0,79.0,129.0,5.0,910.0,139.0,0
8.0,178.0,241.0,16.0,3.0,450.0,108.0,0
12.0,6595.0,261.0,79.0,4.0,534.0,100.0,0
5.0,1019.0,177.0,172.0,3.0,1175.0,91.0,0
5.0,1989.0,216.0,85.0,1.0,450.0,125.0,0
5.0,45.0,71.0,16.0,5.0,740.0,99.0,1
16.0,2092.0,78.0,96.0,1.0,660.0,67.0,0
3.0,165.0,148.0,214.0,4.0,1155.0,388.0,1
4.0,1829.0,253.0,96.0,3.0,1310.0,311.0,0
5.0,1566.0,16.0,228.0,5.0,1227.0,141.0,0
8.0,847.0,16.0,173.0,7.0,1345.0,82.0,0
15.0,2049.0,243.0,258.0,4.0,1130.0,80.0,0
15.0,1043.0,58.0,45.0,3.0,955.0,75.0,1
14.0,1199.0,221.0,60.0,7.0,1035.0,91.0,0
15.0,1259.0,45.0,33.0,7.0,430.0,120.0,1
5.0,1544.0,261.0,16.0,4.0,585.0,220.0,1
3.0,129.0,43.0,148.0,1.0,705.0,75.0,1
5.0,1032.0,264.0,261.0,1.0,1099.0,101.0,0
10.0,4243.0,233.0,208.0,1.0,400.0,140.0,0
14.0,2145.0,35.0,159.0,3.0,450.0,74.0,0
1.0,1375.0,22.0,260.0,4.0,460.0,225.0,1
3.0,477.0,35.0,154.0,5.0,520.0,391.0,1
15.0,3106.0,129.0,198.0,6.0,860.0,60.0,0
0.0,4034.0,85.0,175.0,1.0,1045.0,77.0,1
12.0,4699.0,197.0,230.0,1.0,690.0,96.0,1
8.0,131.0,16.0,277.0,6.0,1345.0,82.0,0
15.0,3484.0,153.0,252.0,4.0,945.0,165.0,0
0.0,3984.0,85.0,193.0,7.0,520.0,89.0,0
8.0,587.0,45.0,119.0,4.0,1295.0,105.0,0
5.0,99.0,148.0,104.0,4.0,1140.0,204.0,1
10.0,3253.0,80.0,59.0,4.0,640.0,55.0,0
5.0,1625.0,45.0,16.0,7.0,360.0,120.0,0
0.0,3846.0,238.0,85.0,7.0,1158.0,92.0,1
0.0,3824.0,221.0,197.0,6.0,1016.0,144.0,0
15.0,755.0,228.0,45.0,5.0,500.0,80.0,1
8.0,901.0,215.0,16.0,6.0,360.0,123.0,0
16.0,2543.0,245.0,96.0,5.0,735.0,127.0,0
5.0,1614.0,104.0,148.0,4.0,746.0,179.0,1
15.0,1093.0,45.0,104.0,7.0,510.0,160.0,1
12.0,6298.0,253.0,80.0,1.0,1082.0,202.0,0
3.0,77.0,148.0,213.0,4.0,542.0,181.0,1
0.0,3866.0,279.0,177.0,1.0,735.0,81.0,0
1.0,1351.0,208.0,154.0,6.0,810.0,270.0,1
2.0,678.0,252.0,79.0,3.0,1135.0,154.0,0
3.0,571.0,130.0,213.0,4.0,1250.0,169.0,0
16.0,2661.0,182.0,96.0,4.0,777.0,79.0,0
0.0,3684.0,148.0,42.0,3.0,540.0,109.0,1
16.0,2841.0,76.0,58.0,1.0,1040.0,53.0,0
2.0,531.0,207.0,252.0,5.0,1035.0,162.0,0
14.0,310.0,153.0,60.0,1.0,575.0,248.0,0
14.0,1274.0,216.0,139.0,1.0,610.0,137.0,1
14.0,1636.0,60.0,233.0,1.0,682.0,48.0,1
5.0,26.0,85.0,16.0,4.0,990.0,134.0,1
16.0,2484.0,96.0,172.0,7.0,770.0,197.0,0
15.0,1980.0,79.0,154.0,5.0,805.0,155.0,0
14.0,27.0,217.0,154.0,4.0,670.0,92.0,0
15.0,2686.0,45.0,79.0,7.0,535.0,255.0,1
15.0,1557.0,129.0,217.0,1.0,645.0,175.0,1
14.0,623.0,268.0,217.0,7.0,880.0,203.0,0
15.0,539.0,175.0,61.0,3.0,1205.0,70.0,1
9.0,114.0,128.0,203.0,3.0,394.0,36.0,0
15.0,1308.0,129.0,268.0,7.0,930.0,115.0,1
12.0,4621.0,79.0,261.0,5.0,780.0,90.0,1
15.0,843.0,268.0,2.0,3.0,760.0,165.0,1
0.0,3719.0,195.0,85.0,7.0,830.0,88.0,0
15.0,741.0,253.0,79.0,4.0,575.0,150.0,0
16.0,5992.0,117.0,208.0,1.0,360.0,60.0,0
4.0,1559.0,78.0,135.0,4.0,420.0,209.0,0
14.0,1989.0,182.0,60.0,6.0,360.0,152.0,0
17.0,2681.0,60.0,267.0,4.0,564.0,107.0,0
10.0,3624.0,223.0,183.0,7.0,420.0,100.0,0
12.0,6267.0,100.0,253.0,4.0,1170.0,54.0,0
13.0,263.0,154.0,253.0,5.0,1355.0,84.0,0
12.0,4568.0,261.0,122.0,5.0,911.0,89.0,0
0.0,3972.0,247.0,85.0,7.0,690.0,68.0,1
15.0,2101.0,173.0,141.0,3.0,1170.0,145.0,1
12.0,4585.0,261.0,114.0,7.0,1206.0,64.0,1
9.0,520.0,128.0,203.0,5.0,580.0,37.0,0
13.0,900.0,243.0,253.0,3.0,624.0,101.0,0
11.0,6399.0,16.0,132.0,3.0,1130.0,69.0,0
8.0,681.0,16.0,136.0,4.0,920.0,141.0,0
15.0,1178.0,268.0,35.0,7.0,555.0,155.0,0
15.0,528.0,139.0,45.0,5.0,1035.0,95.0,1
16.0,2024.0,135.0,41.0,7.0,1285.0,59.0,0
15.0,1976.0,85.0,45.0,5.0,715.0,90.0,0
9.0,188.0,128.0,150.0,1.0,884.0,44.0,1
15.0,671.0,154.0,262.0,7.0,1220.0,80.0,1
15.0,1933.0,175.0,61.0,3.0,465.0,70.0,0
5.0,1327.0,85.0,22.0,5.0,1300.0,101.0,1
15.0,1839.0,134.0,175.0,3.0,395.0,120.0,0
13.0,656.0,217.0,208.0,5.0,450.0,202.0,0
5.0,108.0,173.0,16.0,4.0,930.0,93.0,1
13.0,174.0,208.0,234.0,3.0,1173.0,119.0,0
12.0,6632.0,254.0,79.0,5.0,803.0,131.0,0
3.0,250.0,160.0,202.0,3.0,1090.0,77.0,0
16.0,2617.0,279.0,135.0,3.0,995.0,96.0,0
15.0,921.0,45.0,241.0,5.0,1145.0,165.0,0
15.0,1141.0,75.0,162.0,7.0,670.0,60.0,0
17.0,2859.0,103.0,217.0,5.0,680.0,65.0,0
17.0,7285.0,209.0,208.0,7.0,837.0,141.0,0
14.0,1624.0,60.0,208.0,7.0,1215.0,124.0,0
8.0,875.0,16.0,197.0,7.0,850.0,158.0,0
14.0,908.0,277.0,60.0,4.0,315.0,96.0,0
11.0,6601.0,233.0,173.0,4.0,1030.0,119.0,0
0.0,3890.0,82.0,85.0,4.0,390.0,112.0,0
4.0,1581.0,252.0,14.0,3.0,795.0,219.0,1
10.0,4303.0,204.0,208.0,6.0,905.0,130.0,1
13.0,205.0,153.0,253.0,6.0,632.0,102.0,0
13.0,21.0,79.0,202.0,7.0,1164.0,168.0,0
1.0,495.0,183.0,80.0,5.0,400.0,195.0,1
14.0,1517.0,78.0,277.0,3.0,520.0,150.0,0
9.0,144.0,161.0,128.0,3.0,715.0,32.0,1
10.0,3603.0,183.0,54.0,4.0,1275.0,100.0,0
1.0,192.0,154.0,35.0,5.0,1265.0,315.0,0
5.0,2270.0,85.0,148.0,7.0,930.0,130.0,0
13.0,758.0,253.0,79.0,7.0,507.0,155.0,0
15.0,3405.0,153.0,207.0,7.0,860.0,55.0,1
14.0,1465.0,216.0,16.0,1.0,580.0,143.0,0
17.0,2629.0,60.0,58.0,3.0,1065.0,96.0,0
16.0,3062.0,147.0,96.0,6.0,780.0,135.0,0
5.0,1075.0,233.0,16.0,7.0,660.0,86.0,0
14.0,1443.0,233.0,60.0,6.0,864.0,66.0,0
1.0,785.0,80.0,198.0,6.0,1305.0,75.0,0
6.0,5133.0,16.0,41.0,7.0,1135.0,97.0,1
12.0,6984.0,208.0,285.0,6.0,1105.0,89.0,1
5.0,1969.0,16.0,173.0,3.0,540.0,98.0,0
5.0,2648.0,16.0,43.0,3.0,536.0,135.0,0
14.0,942.0,253.0,60.0,6.0,1340.0,284.0,0
6.0,4950.0,16.0,157.0,1.0,730.0,74.0,0
1.0,1159.0,204.0,80.0,6.0,975.0,65.0,0
12.0,6837.0,79.0,83.0,4.0,500.0,62.0,0
0.0,4037.0,22.0,148.0,6.0,780.0,75.0,1
15.0,3839.0,253.0,217.0,4.0,785.0,115.0,0
6.0,5248.0,16.0,200.0,7.0,735.0,70.0,0
2.0,188.0,98.0,14.0,7.0,945.0,63.0,0
6.0,7066.0,208.0,47.0,3.0,807.0,109.0,1
5.0,1571.0,148.0,183.0,7.0,1115.0,204.0,0
15.0,174.0,153.0,44.0,4.0,590.0,65.0,1
5.0,2940.0,202.0,261.0,3.0,365.0,108.0,0
16.0,2010.0,135.0,251.0,4.0,820.0,125.0,0
5.0,2371.0,197.0,262.0,4.0,1300.0,240.0,0
15.0,449.0,217.0,253.0,6.0,955.0,125.0,1
12.0,6484.0,17.0,79.0,5.0,837.0,165.0,0
4.0,763.0,135.0,198.0,3.0,1000.0,67.0,0
10.0,2946.0,156.0,80.0,6.0,435.0,80.0,0
12.0,6286.0,153.0,227.0,5.0,859.0,59.0,1
10.0,4104.0,208.0,107.0,1.0,925.0,100.0,1
14.0,602.0,217.0,153.0,4.0,595.0,80.0,0
4.0,1774.0,16.0,135.0,4.0,905.0,135.0,0
3.0,744.0,260.0,173.0,1.0,684.0,184.0,0
4.0,398.0,79.0,135.0,4.0,510.0,141.0,0
13.0,681.0,159.0,208.0,4.0,781.0,153.0,0
6.0,5323.0,78.0,35.0,3.0,1135.0,92.0,1
15.0,1540.0,153.0,217.0,1.0,1070.0,65.0,0
15.0,923.0,277.0,45.0,3.0,630.0,130.0,1
5.0,2913.0,197.0,85.0,5.0,615.0,105.0,1
12.0,4558.0,261.0,279.0,5.0,826.0,142.0,0
13.0,687.0,159.0,208.0,3.0,961.0,165.0,0
16.0,2983.0,78.0,58.0,4.0,1110.0,75.0,0
15.0,687.0,153.0,258.0,5.0,1105.0,80.0,1
5.0,2752.0,277.0,159.0,7.0,775.0,158.0,0
15.0,3395.0,243.0,153.0,4.0,880.0,70.0,1
2.0,99.0,252.0,14.0,6.0,780.0,221.0,1
16.0,2163.0,279.0,135.0,7.0,1100.0,94.0,0
6.0,7128.0,134.0,42.0,6.0,1330.0,91.0,0
0.0,4115.0,43.0,85.0,3.0,1155.0,80.0,1
5.0,630.0,85.0,78.0,6.0,835.0,95.0,0
12.0,6924.0,79.0,126.0,6.0,1133.0,49.0,0
12.0,6446.0,263.0,154.0,5.0,1060.0,57.0,0
8.0,630.0,76.0,45.0,6.0,360.0,92.0,0
15.0,636.0,264.0,202.0,5.0,875.0,85.0,1
3.0,1258.0,134.0,35.0,7.0,1107.0,87.0,0
8.0,657.0,16.0,244.0,3.0,620.0,165.0,1
16.0,3050.0,135.0,147.0,5.0,1165.0,119.0,0
14.0,1166.0,244.0,60.0,6.0,420.0,160.0,0
1.0,2502.0,80.0,33.0,3.0,1025.0,100.0,0
3.0,766.0,37.0,173.0,4.0,240.0,169.0,0
4.0,558.0,135.0,78.0,1.0,975.0,169.0,0
5.0,2939.0,78.0,16.0,1.0,345.0,120.0,0
6.0,5184.0,16.0,132.0,1.0,900.0,62.0,0
13.0,393.0,208.0,217.0,3.0,718.0,236.0,1
6.0,5374.0,48.0,16.0,5.0,360.0,109.0,0
14.0,710.0,154.0,216.0,4.0,510.0,303.0,0
15.0,871.0,217.0,243.0,4.0,995.0,65.0,1
15.0,994.0,153.0,33.0,6.0,620.0,210.0,1
11.0,6618.0,171.0,85.0,4.0,1030.0,74.0,0
8.0,530.0,16.0,177.0,7.0,1260.0,82.0,0
15.0,3088.0,198.0,75.0,6.0,475.0,85.0,0
1.0,1602.0,80.0,136.0,4.0,570.0,75.0,1
12.0,6462.0,154.0,262.0,4.0,1353.0,79.0,0
15.0,738.0,33.0,175.0,5.0,905.0,90.0,0
10.0,3078.0,194.0,154.0,4.0,695.0,65.0,0
15.0,126.0,79.0,18.0,5.0,630.0,125.0,1
15.0,3485.0,33.0,173.0,7.0,465.0,110.0,0
12.0,6742.0,15.0,79.0,4.0,500.0,55.0,0
15.0,1285.0,175.0,141.0,3.0,840.0,135.0,1
15.0,778.0,175.0,205.0,3.0,440.0,90.0,0
8.0,221.0,153.0,184.0,5.0,630.0,208.0,0
14.0,1525.0,104.0,60.0,5.0,390.0,115.0,0
13.0,352.0,252.0,208.0,3.0,687.0,234.0,1
1.0,474.0,2.0,80.0,3.0,560.0,105.0,0
14.0,1789.0,147.0,60.0,4.0,539.0,76.0,0
5.0,2688.0,173.0,78.0,7.0,835.0,119.0,0
8.0,840.0,173.0,16.0,6.0,589.0,92.0,0
1.0,532.0,80.0,233.0,1.0,370.0,145.0,0
1.0,445.0,78.0,208.0,7.0,360.0,125.0,0
3.0,184.0,243.0,148.0,1.0,755.0,319.0,0
15.0,514.0,85.0,175.0,3.0,575.0,75.0,0
5.0,2643.0,96.0,16.0,3.0,937.0,155.0,1
2.0,120.0,14.0,252.0,1.0,450.0,211.0,0
5.0,2530.0,197.0,35.0,6.0,600.0,162.0,0
1.0,16.0,253.0,148.0,4.0,750.0,335.0,0
7.0,359.0,277.0,79.0,3.0,1069.0,232.0,0
15.0,215.0,44.0,262.0,4.0,865.0,80.0,1
15.0,934.0,262.0,264.0,4.0,990.0,85.0,1
4.0,254.0,253.0,58.0,1.0,735.0,270.0,1
16.0,2056.0,172.0,96.0,1.0,635.0,165.0,1
15.0,50.0,131.0,129.0,3.0,1015.0,60.0,1
14.0,149.0,252.0,217.0,3.0,315.0,166.0,1
11.0,6293.0,148.0,209.0,3.0,495.0,102.0,0
14.0,583.0,80.0,217.0,1.0,500.0,172.0,0
6.0,5485.0,16.0,288.0,6.0,822.0,72.0,0
15.0,996.0,280.0,153.0,1.0,635.0,80.0,1
17.0,7291.0,208.0,221.0,6.0,990.0,82.0,1
14.0,347.0,214.0,217.0,1.0,330.0,148.0,0
5.0,685.0,241.0,85.0,4.0,828.0,171.0,1
14.0,602.0,217.0,153.0,1.0,595.0,80.0,0
16.0,5978.0,120.0,134.0,1.0,887.0,67.0,0
1.0,2385.0,80.0,135.0,3.0,430.0,75.0,0
13.0,243.0,197.0,79.0,6.0,365.0,141.0,0
6.0,5498.0,162.0,16.0,4.0,670.0,97.0,0
0.0,3714.0,85.0,61.0,4.0,1035.0,68.0,1
1.0,590.0,243.0,208.0,1.0,885.0,235.0,0
12.0,6567.0,208.0,65.0,7.0,1205.0,153.0,0
16.0,5891.0,17.0,208.0,4.0,1100.0,60.0,0
1.0,1656.0,80.0,251.0,3.0,950.0,115.0,0
15.0,1382.0,153.0,27.0,1.0,570.0,210.0,1
12.0,6408.0,93.0,253.0,5.0,901.0,87.0,0
6.0,5079.0,169.0,16.0,1.0,360.0,85.0,0
0.0,3746.0,27.0,85.0,4.0,670.0,130.0,0
6.0,5137.0,16.0,41.0,5.0,1220.0,97.0,0
10.0,3073.0,154.0,243.0,3.0,1120.0,45.0,0
17.0,2671.0,60.0,177.0,1.0,1052.0,110.0,0
1.0,383.0,268.0,80.0,3.0,1005.0,115.0,0
17.0,1054.0,161.0,203.0,3.0,780.0,45.0,0
0.0,4052.0,177.0,208.0,6.0,525.0,116.0,1
10.0,4366.0,208.0,71.0,7.0,1000.0,75.0,1
6.0,7082.0,35.0,134.0,5.0,744.0,103.0,0
1.0,1330.0,280.0,80.0,7.0,555.0,130.0,0
13.0,889.0,154.0,253.0,4.0,506.0,96.0,0
0.0,3928.0,218.0,85.0,3.0,385.0,93.0,0
5.0,1116.0,223.0,16.0,5.0,709.0,70.0,0
15.0,636.0,45.0,141.0,4.0,480.0,65.0,1
13.0,60.0,150.0,154.0,5.0,806.0,324.0,1
1.0,1303.0,277.0,80.0,4.0,500.0,170.0,0
5.0,2260.0,183.0,16.0,4.0,465.0,129.0,0
14.0,996.0,60.0,221.0,3.0,590.0,87.0,1
11.0,6330.0,278.0,16.0,3.0,697.0,77.0,0
14.0,62.0,79.0,60.0,7.0,410.0,189.0,0
1.0,1765.0,134.0,260.0,5.0,475.0,230.0,0
0.0,4321.0,116.0,177.0,1.0,985.0,84.0,0
6.0,5567.0,47.0,16.0,4.0,444.0,76.0,0
2.0,66.0,50.0,291.0,6.0,1018.0,52.0,0
0.0,4239.0,142.0,85.0,1.0,360.0,97.0,0
10.0,2819.0,80.0,162.0,7.0,1110.0,65.0,0
7.0,358.0,79.0,277.0,3.0,700.0,204.0,1
15.0,34.0,104.0,129.0,5.0,725.0,175.0,1
6.0,5329.0,288.0,16.0,1.0,1030.0,79.0,1
10.0,4346.0,238.0,208.0,7.0,1005.0,125.0,1
5.0,2159.0,148.0,173.0,4.0,1130.0,191.0,0
12.0,6452.0,154.0,280.0,6.0,699.0,84.0,0
11.0,6456.0,157.0,16.0,6.0,935.0,90.0,0
15.0,990.0,216.0,175.0,7.0,1185.0,160.0,1
10.0,4594.0,233.0,159.0,5.0,790.0,95.0,0
4.0,608.0,214.0,135.0,6.0,740.0,235.0,1
13.0,702.0,208.0,217.0,1.0,1021.0,226.0,1
8.0,511.0,80.0,184.0,3.0,941.0,135.0,0
10.0,3681.0,120.0,183.0,3.0,825.0,130.0,1
6.0,7120.0,134.0,159.0,1.0,882.0,83.0,1
16.0,2143.0,121.0,135.0,3.0,360.0,160.0,1
7.0,451.0,159.0,184.0,5.0,719.0,140.0,0
15.0,181.0,131.0,129.0,4.0,525.0,60.0,1
16.0,2139.0,135.0,91.0,4.0,535.0,120.0,0
11.0,6680.0,17.0,85.0,6.0,420.0,79.0,0
1.0,379.0,80.0,264.0,4.0,1100.0,195.0,0
8.0,463.0,45.0,16.0,3.0,1170.0,125.0,0
2.0,75.0,252.0,149.0,3.0,650.0,155.0,1
8.0,806.0,45.0,139.0,4.0,523.0,109.0,0
15.0,317.0,175.0,79.0,1.0,365.0,170.0,0
16.0,2576.0,135.0,27.0,6.0,660.0,93.0,0
14.0,485.0,216.0,79.0,3.0,1080.0,265.0,0
5.0,2554.0,253.0,85.0,6.0,1365.0,272.0,0
15.0,3512.0,261.0,79.0,3.0,440.0,90.0,0
11.0,6261.0,78.0,35.0,7.0,715.0,94.0,0
10.0,4522.0,148.0,78.0,3.0,509.0,91.0,0
0.0,3711.0,85.0,247.0,5.0,945.0,60.0,1
15.0,731.0,216.0,35.0,5.0,1035.0,80.0,1
13.0,12.0,253.0,148.0,7.0,840.0,343.0,1
16.0,2277.0,135.0,38.0,7.0,715.0,63.0,1
7.0,361.0,277.0,79.0,1.0,526.0,239.0,0
15.0,460.0,221.0,45.0,5.0,1000.0,70.0,1
15.0,1617.0,22.0,104.0,6.0,435.0,195.0,0
17.0,7261.0,134.0,60.0,5.0,1320.0,77.0,0
13.0,632.0,208.0,277.0,5.0,570.0,161.0,0
8.0,803.0,45.0,35.0,4.0,1115.0,84.0,0
5.0,2177.0,85.0,241.0,1.0,745.0,173.0,0
15.0,3403.0,2.0,45.0,7.0,510.0,220.0,0
12.0,7806.0,64.0,261.0,5.0,776.0,89.0,1
5.0,1811.0,16.0,80.0,5.0,1140.0,147.0,0
12.0,4577.0,157.0,197.0,4.0,1130.0,130.0,0
6.0,4948.0,16.0,58.0,7.0,1055.0,111.0,1
0.0,4306.0,85.0,250.0,3.0,880.0,76.0,1
15.0,48.0,233.0,173.0,5.0,820.0,105.0,1
12.0,7048.0,79.0,136.0,3.0,616.0,80.0,0
5.0,182.0,252.0,148.0,7.0,800.0,325.0,0
15.0,157.0,85.0,33.0,7.0,1030.0,100.0,1
15.0,1537.0,111.0,153.0,7.0,575.0,140.0,1
15.0,36.0,129.0,75.0,4.0,900.0,60.0,1
5.0,1634.0,148.0,16.0,4.0,690.0,158.0,0
14.0,1640.0,173.0,60.0,3.0,315.0,97.0,0
13.0,91.0,96.0,253.0,6.0,384.0,393.0,0
16.0,5923.0,208.0,164.0,4.0,1205.0,99.0,0
14.0,122.0,14.0,217.0,5.0,113.0,327.0,0
14.0,1695.0,60.0,241.0,7.0,870.0,114.0,1
1.0,567.0,80.0,253.0,1.0,1065.0,230.0,1
6.0,5248.0,275.0,16.0,1.0,616.0,70.0,0
15.0,247.0,75.0,18.0,7.0,590.0,50.0,0
6.0,7070.0,71.0,208.0,7.0,1129.0,86.0,0
15.0,2523.0,44.0,258.0,3.0,825.0,65.0,1
15.0,1180.0,202.0,207.0,5.0,860.0,70.0,1
3.0,1438.0,160.0,253.0,3.0,440.0,81.0,0
12.0,6882.0,262.0,79.0,1.0,1053.0,134.0,1
5.0,2170.0,244.0,16.0,5.0,729.0,131.0,1
13.0,138.0,79.0,159.0,7.0,800.0,219.0,0
13.0,503.0,80.0,79.0,4.0,716.0,128.0,0
13.0,648.0,2.0,79.0,5.0,465.0,88.0,0
14.0,654.0,217.0,264.0,7.0,685.0,86.0,0
14.0,368.0,262.0,217.0,7.0,1155.0,105.0,0
6.0,7103.0,208.0,47.0,4.0,1265.0,109.0,1
15.0,815.0,268.0,251.0,3.0,540.0,60.0,0
12.0,6529.0,91.0,208.0,1.0,415.0,177.0,1
15.0,1402.0,277.0,141.0,7.0,550.0,155.0,0
15.0,598.0,111.0,214.0,3.0,635.0,70.0,0
6.0,5425.0,87.0,16.0,7.0,553.0,71.0,1
5.0,1699.0,221.0,16.0,4.0,802.0,123.0,0
14.0,29.0,16.0,217.0,1.0,690.0,261.0,0
1.0,1517.0,244.0,80.0,4.0,820.0,70.0,0
17.0,2658.0,33.0,60.0,1.0,675.0,75.0,1
11.0,6389.0,172.0,71.0,7.0,925.0,106.0,0
11.0,6686.0,268.0,71.0,3.0,370.0,73.0,0
14.0,940.0,217.0,197.0,5.0,1190.0,184.0,0
5.0,1103.0,148.0,261.0,3.0,420.0,342.0,0
10.0,4120.0,208.0,285.0,5.0,1185.0,95.0,0
14.0,522.0,96.0,217.0,3.0,390.0,345.0,0
4.0,534.0,135.0,221.0,3.0,800.0,155.0,1
10.0,2843.0,283.0,80.0,7.0,655.0,60.0,1
10.0,3024.0,154.0,236.0,5.0,750.0,90.0,0
0.0,3769.0,148.0,234.0,1.0,970.0,118.0,1
4.0,747.0,208.0,135.0,1.0,730.0,168.0,1
5.0,2219.0,159.0,197.0,6.0,695.0,185.0,1
5.0,1584.0,264.0,148.0,4.0,820.0,315.0,0
3.0,263.0,262.0,160.0,3.0,555.0,79.0,0
3.0,593.0,130.0,173.0,4.0,670.0,163.0,0
10.0,4579.0,159.0,60.0,6.0,1015.0,130.0,0
10.0,4298.0,208.0,187.0,6.0,570.0,55.0,0
10.0,4629.0,233.0,159.0,7.0,375.0,90.0,1
17.0,2903.0,217.0,114.0,3.0,589.0,94.0,1
8.0,357.0,159.0,16.0,6.0,1138.0,157.0,0
6.0,4969.0,180.0,16.0,7.0,450.0,65.0,0
16.0,2358.0,27.0,135.0,4.0,675.0,114.0,0
13.0,998.0,173.0,208.0,5.0,419.0,178.0,0
12.0,4558.0,261.0,279.0,4.0,826.0,142.0,1
5.0,2077.0,22.0,85.0,7.0,987.0,128.0,1
0.0,4325.0,139.0,16.0,5.0,865.0,100.0,0
15.0,496.0,79.0,134.0,7.0,620.0,195.0,0
0.0,3679.0,281.0,85.0,1.0,1023.0,77.0,0
5.0,1244.0,129.0,16.0,1.0,375.0,130.0,0
17.0,7278.0,134.0,209.0,6.0,747.0,56.0,0
5.0,2696.0,183.0,78.0,5.0,1180.0,147.0,0
5.0,1983.0,16.0,223.0,7.0,740.0,70.0,1
14.0,1101.0,60.0,80.0,3.0,680.0,170.0,1
3.0,644.0,253.0,148.0,6.0,675.0,321.0,0
12.0,4708.0,154.0,261.0,3.0,1290.0,104.0,0
8.0,77.0,16.0,104.0,6.0,540.0,108.0,0
6.0,5206.0,52.0,16.0,6.0,811.0,58.0,0
3.0,64.0,277.0,148.0,7.0,585.0,145.0,0
12.0,7764.0,220.0,261.0,4.0,567.0,61.0,1
10.0,3324.0,254.0,80.0,1.0,660.0,90.0,0
1.0,431.0,183.0,277.0,6.0,945.0,60.0,1
14.0,1222.0,60.0,45.0,7.0,895.0,81.0,1
10.0,2737.0,80.0,107.0,6.0,1140.0,125.0,0
1.0,1264.0,80.0,18.0,7.0,685.0,55.0,0
12.0,6837.0,83.0,79.0,6.0,588.0,62.0,1
10.0,3322.0,120.0,80.0,1.0,390.0,200.0,0
13.0,740.0,79.0,198.0,4.0,607.0,160.0,0
16.0,5937.0,208.0,218.0,5.0,494.0,49.0,0
4.0,1694.0,154.0,135.0,3.0,1100.0,184.0,0
2.0,591.0,227.0,214.0,7.0,745.0,149.0,1
8.0,812.0,35.0,45.0,4.0,510.0,95.0,0
3.0,398.0,173.0,159.0,6.0,910.0,148.0,1
15.0,1108.0,104.0,79.0,4.0,1075.0,280.0,0
12.0,4490.0,261.0,224.0,3.0,1192.0,93.0,1
12.0,6577.0,208.0,187.0,7.0,610.0,46.0,0
5.0,1296.0,16.0,184.0,4.0,1168.0,130.0,1
15.0,3658.0,258.0,44.0,4.0,845.0,60.0,1
13.0,975.0,134.0,253.0,6.0,1035.0,355.0,0
13.0,453.0,79.0,34.0,5.0,1112.0,126.0,0
2.0,562.0,214.0,154.0,4.0,590.0,137.0,0
17.0,2683.0,209.0,60.0,7.0,554.0,102.0,0
1.0,2004.0,154.0,208.0,4.0,510.0,250.0,0
15.0,489.0,173.0,104.0,7.0,950.0,55.0,1
10.0,2713.0,80.0,146.0,3.0,645.0,75.0,1
15.0,1079.0,277.0,198.0,3.0,855.0,100.0,1
1.0,849.0,183.0,253.0,3.0,485.0,380.0,1
15.0,3658.0,45.0,233.0,5.0,440.0,65.0,0
13.0,558.0,154.0,79.0,1.0,509.0,145.0,1
15.0,614.0,139.0,45.0,5.0,900.0,95.0,1
10.0,3205.0,80.0,251.0,5.0,520.0,120.0,0
11.0,6362.0,71.0,119.0,7.0,975.0,72.0,1
1.0,1807.0,96.0,80.0,1.0,575.0,260.0,0
5.0,2194.0,16.0,216.0,4.0,655.0,133.0,0
2.0,92.0,14.0,252.0,6.0,870.0,202.0,1
0.0,4161.0,177.0,18.0,7.0,565.0,117.0,0
1.0,608.0,243.0,80.0,1.0,385.0,185.0,0
14.0,2138.0,159.0,35.0,1.0,1080.0,75.0,0
1.0,1715.0,208.0,153.0,3.0,785.0,250.0,1
10.0,2959.0,256.0,80.0,5.0,945.0,60.0,1
13.0,611.0,35.0,208.0,7.0,734.0,169.0,0
5.0,1462.0,197.0,61.0,5.0,935.0,108.0,0
6.0,5316.0,70.0,16.0,6.0,360.0,44.0,0
3.0,23.0,273.0,148.0,3.0,575.0,69.0,0
13.0,765.0,79.0,154.0,4.0,1145.0,165.0,0
17.0,2630.0,58.0,60.0,4.0,830.0,97.0,0
12.0,6440.0,65.0,154.0,3.0,1127.0,155.0,0
15.0,705.0,217.0,2.0,3.0,445.0,65.0,0
1.0,1383.0,80.0,280.0,1.0,730.0,145.0,0
15.0,903.0,202.0,129.0,3.0,445.0,225.0,1
5.0,2519.0,175.0,16.0,4.0,820.0,117.0,0
5.0,2197.0,85.0,197.0,5.0,1310.0,123.0,0
15.0,1229.0,33.0,217.0,3.0,1040.0,240.0,1
15.0,1134.0,207.0,262.0,5.0,880.0,80.0,1
9.0,182.0,128.0,143.0,6.0,691.0,51.0,1
0.0,3987.0,285.0,177.0,1.0,480.0,89.0,1
0.0,4399.0,197.0,119.0,5.0,805.0,90.0,0
5.0,1898.0,104.0,159.0,4.0,1139.0,181.0,1
5.0,2050.0,172.0,177.0,7.0,985.0,84.0,0
15.0,484.0,153.0,217.0,4.0,615.0,70.0,0
6.0,5027.0,187.0,16.0,4.0,360.0,130.0,1
16.0,2144.0,238.0,58.0,7.0,1135.0,67.0,0
17.0,2731.0,280.0,217.0,5.0,866.0,54.0,0
4.0,1461.0,58.0,173.0,3.0,875.0,144.0,0
13.0,639.0,208.0,205.0,6.0,1225.0,96.0,0
5.0,2294.0,16.0,216.0,7.0,820.0,129.0,1
12.0,6404.0,253.0,93.0,6.0,512.0,92.0,0
1.0,1672.0,80.0,183.0,4.0,1110.0,155.0,1
9.0,187.0,150.0,128.0,3.0,881.0,42.0,0
16.0,3079.0,268.0,135.0,3.0,1075.0,129.0,0
12.0,4816.0,253.0,261.0,5.0,705.0,104.0,1
16.0,2419.0,60.0,58.0,4.0,385.0,92.0,0
15.0,2790.0,129.0,279.0,3.0,455.0,80.0,1
17.0,2603.0,60.0,71.0,6.0,595.0,97.0,0
17.0,7248.0,208.0,60.0,4.0,1268.0,99.0,0
15.0,3400.0,85.0,33.0,6.0,490.0,105.0,0
15.0,844.0,33.0,129.0,7.0,735.0,130.0,1
10.0,3898.0,78.0,208.0,5.0,750.0,125.0,1
17.0,2718.0,194.0,217.0,3.0,360.0,145.0,0
5.0,2743.0,96.0,16.0,4.0,1018.0,161.0,1
14.0,274.0,217.0,135.0,5.0,599.0,164.0,1
16.0,5945.0,208.0,204.0,7.0,1072.0,133.0,0
13.0,471.0,279.0,79.0,5.0,400.0,110.0,0
5.0,87.0,148.0,277.0,4.0,1100.0,197.0,1
13.0,152.0,253.0,208.0,7.0,1134.0,257.0,1
12.0,7023.0,253.0,6.0,1.0,852.0,79.0,0
15.0,561.0,175.0,12.0,5.0,1230.0,115.0,1
15.0,1546.0,233.0,45.0,3.0,1100.0,60.0,1
15.0,894.0,277.0,209.0,5.0,700.0,115.0,0
5.0,1549.0,16.0,253.0,1.0,668.0,330.0,1
17.0,2894.0,217.0,83.0,7.0,596.0,113.0,0
1.0,2038.0,183.0,85.0,7.0,650.0,185.0,0
10.0,4075.0,208.0,281.0,3.0,720.0,60.0,1
15.0,3505.0,221.0,216.0,1.0,525.0,80.0,0
16.0,2282.0,91.0,135.0,7.0,520.0,113.0,0
12.0,4458.0,46.0,261.0,7.0,395.0,75.0,0
15.0,3398.0,33.0,45.0,6.0,1145.0,100.0,1
5.0,2772.0,177.0,197.0,4.0,1120.0,131.0,0
9.0,336.0,128.0,203.0,1.0,805.0,39.0,0
1.0,1054.0,183.0,78.0,4.0,480.0,140.0,1
17.0,7255.0,134.0,221.0,7.0,753.0,59.0,0
5.0,1933.0,71.0,154.0,4.0,555.0,303.0,0
16.0,2182.0,65.0,135.0,6.0,845.0,127.0,0
15.0,351.0,43.0,153.0,4.0,495.0,310.0,1
10.0,3898.0,78.0,208.0,4.0,750.0,125.0,1
16.0,5906.0,237.0,208.0,7.0,618.0,116.0,0
16.0,3032.0,135.0,60.0,1.0,470.0,144.0,0
2.0,115.0,252.0,14.0,5.0,1110.0,223.0,0
15.0,354.0,202.0,79.0,3.0,610.0,145.0,1
5.0,1963.0,78.0,197.0,6.0,720.0,164.0,1
14.0,202.0,153.0,217.0,4.0,400.0,74.0,0
5.0,1103.0,148.0,261.0,5.0,420.0,342.0,0
15.0,1221.0,228.0,216.0,5.0,915.0,95.0,0
0.0,4211.0,268.0,177.0,5.0,390.0,75.0,1
17.0,7273.0,238.0,208.0,3.0,1146.0,119.0,1
12.0,7054.0,79.0,261.0,7.0,1294.0,93.0,1
5.0,1157.0,61.0,16.0,4.0,360.0,110.0,0
0.0,4396.0,109.0,85.0,7.0,611.0,64.0,0
0.0,3711.0,85.0,247.0,7.0,945.0,60.0,1
16.0,5920.0,58.0,134.0,4.0,1197.0,74.0,0
17.0,2723.0,24.0,217.0,5.0,950.0,89.0,0
15.0,118.0,217.0,182.0,7.0,765.0,285.0,0
4.0,735.0,58.0,154.0,4.0,530.0,299.0,0
14.0,1488.0,154.0,60.0,5.0,465.0,265.0,0
5.0,1419.0,85.0,154.0,4.0,515.0,305.0,1
15.0,1057.0,111.0,202.0,3.0,465.0,135.0,0
4.0,520.0,135.0,217.0,6.0,1070.0,170.0,0
6.0,5218.0,16.0,279.0,1.0,550.0,133.0,1
6.0,7397.0,52.0,16.0,1.0,885.0,56.0,0
0.0,3721.0,171.0,85.0,3.0,420.0,59.0,0
11.0,6274.0,139.0,197.0,5.0,575.0,123.0,0
2.0,136.0,14.0,214.0,6.0,680.0,218.0,0
15.0,1398.0,277.0,33.0,3.0,610.0,115.0,1
3.0,102.0,148.0,43.0,4.0,1019.0,94.0,0
10.0,4512.0,290.0,159.0,3.0,430.0,175.0,0
14.0,797.0,216.0,154.0,3.0,455.0,365.0,0
1.0,2275.0,33.0,80.0,5.0,875.0,125.0,0
15.0,1930.0,153.0,129.0,1.0,1070.0,175.0,1
15.0,12.0,75.0,204.0,4.0,625.0,50.0,1
6.0,5328.0,16.0,27.0,1.0,690.0,58.0,1
8.0,1625.0,216.0,173.0,6.0,500.0,169.0,0
12.0,6493.0,214.0,163.0,1.0,980.0,65.0,0
0.0,4136.0,85.0,142.0,5.0,880.0,83.0,0
8.0,1401.0,173.0,238.0,4.0,884.0,156.0,1
15.0,1124.0,204.0,268.0,1.0,960.0,85.0,1
15.0,692.0,153.0,207.0,4.0,1025.0,55.0,1
17.0,2839.0,217.0,103.0,5.0,587.0,65.0,0
14.0,740.0,260.0,216.0,7.0,820.0,244.0,0
14.0,1420.0,216.0,60.0,1.0,330.0,102.0,0
11.0,6570.0,208.0,148.0,4.0,687.0,149.0,0
17.0,2878.0,217.0,91.0,6.0,790.0,75.0,1
7.0,350.0,79.0,215.0,3.0,650.0,215.0,1
5.0,1425.0,45.0,16.0,4.0,975.0,120.0,1
15.0,2198.0,261.0,236.0,7.0,1040.0,85.0,1
17.0,7250.0,54.0,208.0,3.0,1061.0,142.0,0
14.0,11.0,208.0,60.0,5.0,570.0,108.0,0
15.0,324.0,79.0,172.0,3.0,620.0,90.0,0
1.0,589.0,80.0,204.0,3.0,1000.0,55.0,1
5.0,1125.0,215.0,16.0,4.0,375.0,116.0,1
14.0,933.0,60.0,147.0,3.0,1075.0,73.0,1
10.0,3983.0,94.0,208.0,4.0,625.0,80.0,0
16.0,2024.0,135.0,41.0,3.0,1285.0,59.0,0
15.0,2932.0,79.0,154.0,6.0,1205.0,155.0,1
16.0,3022.0,135.0,116.0,3.0,1176.0,74.0,0
5.0,1262.0,173.0,22.0,5.0,675.0,154.0,0
15.0,1294.0,252.0,262.0,4.0,725.0,105.0,1
1.0,1145.0,80.0,44.0,1.0,785.0,205.0,0
15.0,169.0,175.0,45.0,3.0,1230.0,105.0,1
5.0,2614.0,252.0,197.0,5.0,900.0,195.0,0
15.0,1661.0,236.0,217.0,6.0,770.0,100.0,0
12.0,6601.0,252.0,253.0,3.0,1185.0,122.0,0
15.0,1461.0,153.0,253.0,3.0,450.0,95.0,0
3.0,683.0,35.0,78.0,5.0,660.0,101.0,0
8.0,763.0,213.0,16.0,3.0,1184.0,107.0,1
6.0,5507.0,53.0,16.0,1.0,360.0,102.0,0
5.0,2936.0,217.0,177.0,3.0,830.0,180.0,0
17.0,7308.0,134.0,147.0,7.0,1013.0,116.0,0
16.0,2593.0,135.0,205.0,4.0,800.0,128.0,1
5.0,54.0,45.0,16.0,7.0,1125.0,122.0,1
6.0,7395.0,216.0,71.0,7.0,795.0,116.0,0
5.0,2217.0,85.0,153.0,6.0,515.0,285.0,1
6.0,4965.0,16.0,251.0,7.0,725.0,80.0,1
12.0,6340.0,208.0,19.0,7.0,785.0,105.0,0
13.0,219.0,134.0,253.0,3.0,887.0,368.0,1
12.0,6359.0,154.0,279.0,1.0,766.0,174.0,0
8.0,216.0,241.0,184.0,6.0,1098.0,181.0,1
1.0,1978.0,178.0,80.0,6.0,951.0,95.0,0
5.0,2660.0,177.0,159.0,3.0,510.0,165.0,0
2.0,6.0,154.0,78.0,3.0,785.0,294.0,1
10.0,3720.0,208.0,16.0,3.0,1265.0,120.0,1
6.0,7375.0,121.0,16.0,7.0,1160.0,73.0,1
6.0,5286.0,78.0,195.0,3.0,635.0,140.0,0
15.0,496.0,79.0,134.0,5.0,620.0,195.0,0
15.0,3596.0,241.0,173.0,3.0,465.0,45.0,0
8.0,938.0,16.0,147.0,6.0,1340.0,69.0,0
15.0,3915.0,33.0,175.0,5.0,580.0,85.0,1
3.0,684.0,78.0,35.0,7.0,855.0,83.0,1
2.0,86.0,14.0,252.0,6.0,750.0,205.0,0
8.0,1204.0,241.0,175.0,7.0,650.0,180.0,0
15.0,40.0,172.0,184.0,5.0,1160.0,80.0,1
15.0,632.0,175.0,79.0,5.0,1290.0,165.0,0
3.0,527.0,96.0,173.0,7.0,550.0,176.0,1
15.0,1172.0,197.0,217.0,3.0,960.0,210.0,1
1.0,738.0,80.0,159.0,3.0,915.0,205.0,0
0.0,4041.0,177.0,279.0,6.0,820.0,86.0,1
8.0,870.0,197.0,16.0,4.0,1084.0,151.0,0
1.0,349.0,104.0,80.0,1.0,950.0,195.0,0
5.0,302.0,245.0,16.0,3.0,1158.0,72.0,0
16.0,3061.0,204.0,135.0,4.0,730.0,84.0,1
15.0,756.0,172.0,75.0,1.0,495.0,95.0,1
3.0,1150.0,173.0,229.0,7.0,770.0,168.0,0
5.0,2594.0,16.0,216.0,5.0,960.0,127.0,0
10.0,3634.0,60.0,183.0,7.0,580.0,135.0,1
10.0,4237.0,208.0,195.0,4.0,1065.0,55.0,0
5.0,2299.0,16.0,85.0,7.0,1000.0,125.0,0
2.0,635.0,217.0,252.0,7.0,1020.0,185.0,0
16.0,2701.0,135.0,2.0,7.0,1080.0,135.0,0
10.0,4036.0,208.0,157.0,6.0,1140.0,80.0,0
11.0,6485.0,148.0,35.0,1.0,750.0,78.0,0
5.0,1874.0,16.0,134.0,6.0,1150.0,113.0,0
13.0,34.0,203.0,253.0,7.0,840.0,288.0,0
5.0,1126.0,16.0,76.0,5.0,841.0,94.0,0
13.0,22.0,154.0,148.0,5.0,510.0,329.0,0
11.0,6516.0,197.0,148.0,7.0,425.0,165.0,0
9.0,143.0,128.0,161.0,6.0,650.0,37.0,0
14.0,1521.0,60.0,79.0,1.0,465.0,225.0,0
1.0,1972.0,208.0,233.0,3.0,1040.0,115.0,1
3.0,1309.0,148.0,134.0,3.0,1050.0,82.0,0
0.0,4230.0,109.0,85.0,1.0,480.0,64.0,0
5.0,2761.0,216.0,16.0,1.0,690.0,149.0,0
5.0,1486.0,16.0,159.0,4.0,400.0,127.0,1
0.0,3826.0,85.0,229.0,4.0,600.0,116.0,1
0.0,3789.0,136.0,16.0,4.0,652.0,132.0,0
0.0,3950.0,197.0,17.0,3.0,1185.0,64.0,1
7.0,416.0,154.0,79.0,6.0,390.0,140.0,0
16.0,2860.0,184.0,135.0,3.0,630.0,172.0,1
12.0,6287.0,153.0,227.0,1.0,667.0,64.0,1
13.0,516.0,217.0,253.0,7.0,1242.0,123.0,1
15.0,827.0,2.0,79.0,1.0,980.0,80.0,1
3.0,134.0,241.0,148.0,1.0,562.0,158.0,0
13.0,418.0,243.0,79.0,7.0,501.0,147.0,1
15.0,950.0,217.0,244.0,4.0,635.0,125.0,1
3.0,65.0,238.0,148.0,1.0,939.0,81.0,1
11.0,6291.0,35.0,233.0,1.0,945.0,146.0,0
1.0,368.0,18.0,208.0,1.0,515.0,160.0,0
13.0,515.0,208.0,262.0,6.0,1222.0,276.0,1
1.0,402.0,80.0,60.0,4.0,805.0,135.0,0
0.0,3755.0,272.0,85.0,4.0,360.0,120.0,1
14.0,1528.0,60.0,216.0,5.0,1200.0,98.0,0
4.0,556.0,154.0,58.0,1.0,645.0,262.0,1
17.0,7237.0,208.0,172.0,6.0,593.0,97.0,1
1.0,574.0,80.0,147.0,3.0,1100.0,130.0,1
15.0,105.0,104.0,147.0,6.0,970.0,75.0,1
14.0,1930.0,241.0,216.0,3.0,855.0,158.0,1
2.0,505.0,264.0,252.0,4.0,1200.0,163.0,0
10.0,4368.0,208.0,71.0,6.0,875.0,70.0,0
12.0,6493.0,214.0,163.0,7.0,980.0,65.0,1
5.0,1990.0,198.0,16.0,1.0,750.0,93.0,0
15.0,1331.0,182.0,216.0,7.0,1160.0,100.0,0
16.0,2638.0,96.0,182.0,1.0,680.0,67.0,1
9.0,118.0,128.0,150.0,4.0,451.0,42.0,0
12.0,6752.0,208.0,109.0,7.0,1059.0,55.0,1
6.0,7305.0,177.0,268.0,5.0,575.0,71.0,0
13.0,299.0,79.0,172.0,5.0,606.0,104.0,0
0.0,4275.0,188.0,16.0,5.0,955.0,100.0,0
15.0,1357.0,207.0,153.0,1.0,475.0,60.0,0
14.0,281.0,85.0,217.0,1.0,680.0,263.0,0
12.0,4641.0,261.0,100.0,3.0,1293.0,93.0,0
16.0,5986.0,99.0,208.0,6.0,360.0,115.0,0
5.0,1848.0,85.0,159.0,5.0,445.0,121.0,0
1.0,24.0,253.0,148.0,7.0,425.0,325.0,0
6.0,5395.0,10.0,16.0,4.0,684.0,100.0,0
15.0,441.0,243.0,253.0,4.0,635.0,105.0,1
5.0,2335.0,16.0,147.0,5.0,887.0,69.0,0
16.0,2725.0,80.0,135.0,4.0,715.0,64.0,0
15.0,2055.0,202.0,217.0,6.0,735.0,115.0,1
10.0,3655.0,183.0,234.0,5.0,1220.0,140.0,0
12.0,4630.0,197.0,195.0,5.0,1140.0,63.0,1
0.0,3755.0,85.0,240.0,3.0,515.0,109.0,0
5.0,2717.0,35.0,177.0,5.0,625.0,210.0,1
1.0,1467.0,80.0,91.0,5.0,550.0,105.0,1
15.0,153.0,79.0,139.0,4.0,610.0,145.0,1
13.0,55.0,253.0,150.0,3.0,987.0,336.0,0
7.0,530.0,175.0,79.0,4.0,765.0,155.0,0
5.0,1053.0,16.0,209.0,6.0,990.0,96.0,1
0.0,3974.0,281.0,85.0,3.0,390.0,82.0,0
8.0,81.0,16.0,104.0,5.0,941.0,111.0,0
15.0,988.0,45.0,204.0,1.0,1040.0,205.0,1
3.0,231.0,261.0,160.0,5.0,420.0,117.0,1
15.0,984.0,253.0,154.0,6.0,395.0,75.0,0
15.0,2620.0,258.0,217.0,5.0,1000.0,110.0,1
3.0,448.0,277.0,35.0,7.0,760.0,166.0,1
13.0,848.0,258.0,79.0,3.0,473.0,164.0,0
15.0,23.0,75.0,129.0,4.0,720.0,60.0,1
14.0,996.0,60.0,221.0,4.0,590.0,87.0,0
12.0,4843.0,261.0,127.0,3.0,905.0,84.0,1
14.0,1178.0,213.0,60.0,4.0,620.0,113.0,0
5.0,320.0,262.0,16.0,5.0,702.0,265.0,1
16.0,2295.0,96.0,121.0,4.0,510.0,124.0,0
5.0,1272.0,16.0,267.0,6.0,525.0,102.0,0
13.0,672.0,208.0,159.0,4.0,480.0,132.0,0
14.0,596.0,236.0,217.0,4.0,975.0,101.0,0
13.0,430.0,173.0,208.0,7.0,452.0,176.0,0
15.0,2009.0,173.0,104.0,6.0,1170.0,55.0,0
5.0,1473.0,184.0,197.0,5.0,788.0,82.0,0
4.0,150.0,135.0,207.0,1.0,900.0,215.0,1
2.0,316.0,252.0,253.0,3.0,880.0,123.0,0
12.0,6818.0,6.0,253.0,5.0,910.0,74.0,0
5.0,1420.0,159.0,71.0,4.0,1048.0,139.0,0
14.0,1297.0,60.0,260.0,6.0,590.0,209.0,1
1.0,1602.0,80.0,136.0,1.0,570.0,75.0,0
15.0,367.0,175.0,33.0,3.0,360.0,85.0,1
10.0,3627.0,183.0,223.0,4.0,660.0,110.0,0
15.0,3414.0,264.0,217.0,5.0,1165.0,70.0,0
3.0,459.0,35.0,104.0,4.0,1185.0,201.0,0
6.0,5194.0,135.0,71.0,3.0,885.0,140.0,0
14.0,1696.0,60.0,22.0,1.0,705.0,117.0,0
5.0,2095.0,147.0,16.0,5.0,1165.0,82.0,0
3.0,196.0,153.0,148.0,7.0,1337.0,281.0,0
8.0,596.0,16.0,238.0,5.0,1325.0,128.0,0
10.0,3234.0,5.0,80.0,1.0,815.0,45.0,0
17.0,2848.0,217.0,292.0,1.0,875.0,71.0,0
10.0,2734.0,1.0,80.0,7.0,350.0,50.0,0
0.0,3833.0,85.0,205.0,7.0,1185.0,130.0,1
11.0,6385.0,159.0,71.0,5.0,780.0,143.0,1
14.0,1212.0,213.0,78.0,7.0,430.0,136.0,0
12.0,4741.0,137.0,261.0,1.0,905.0,59.0,1
13.0,18.0,154.0,79.0,5.0,360.0,146.0,0
14.0,1856.0,173.0,60.0,4.0,525.0,96.0,0
15.0,755.0,244.0,131.0,3.0,1080.0,55.0,1
1.0,1283.0,183.0,208.0,6.0,1160.0,195.0,1
10.0,3298.0,80.0,129.0,7.0,430.0,65.0,1
5.0,1656.0,18.0,16.0,6.0,656.0,134.0,0
5.0,1777.0,208.0,16.0,4.0,1155.0,133.0,0
14.0,644.0,153.0,217.0,5.0,880.0,68.0,0
10.0,4095.0,208.0,221.0,1.0,610.0,85.0,0
5.0,64.0,153.0,16.0,1.0,742.0,232.0,1
15.0,2982.0,217.0,153.0,4.0,1300.0,65.0,1
5.0,150.0,16.0,134.0,5.0,590.0,118.0,0
1.0,681.0,148.0,183.0,3.0,640.0,195.0,0
9.0,124.0,161.0,128.0,4.0,520.0,30.0,0
1.0,1259.0,80.0,79.0,5.0,755.0,125.0,0
10.0,4476.0,78.0,148.0,4.0,715.0,65.0,0
10.0,4360.0,208.0,85.0,6.0,580.0,85.0,1
13.0,723.0,80.0,79.0,1.0,942.0,128.0,0
8.0,183.0,78.0,16.0,3.0,360.0,123.0,0
15.0,2955.0,262.0,264.0,6.0,915.0,80.0,1
8.0,1584.0,16.0,30.0,1.0,967.0,109.0,0
9.0,218.0,128.0,150.0,6.0,352.0,41.0,0
15.0,2690.0,33.0,79.0,7.0,550.0,185.0,0
0.0,3997.0,177.0,147.0,7.0,520.0,104.0,0
10.0,2771.0,80.0,288.0,3.0,930.0,110.0,0
13.0,230.0,79.0,84.0,7.0,1231.0,106.0,0
12.0,6679.0,111.0,253.0,5.0,1029.0,131.0,1
12.0,6409.0,154.0,248.0,5.0,1172.0,54.0,0
1.0,2423.0,208.0,172.0,1.0,870.0,90.0,0
12.0,6739.0,79.0,91.0,5.0,1303.0,102.0,0
0.0,3743.0,197.0,3.0,6.0,905.0,70.0,1
5.0,1631.0,78.0,177.0,3.0,1040.0,150.0,1
10.0,4226.0,77.0,208.0,1.0,1040.0,60.0,1
8.0,779.0,16.0,153.0,5.0,1340.0,285.0,1
15.0,359.0,153.0,264.0,7.0,1055.0,65.0,1
1.0,1028.0,79.0,80.0,5.0,1040.0,120.0,1
1.0,588.0,260.0,183.0,3.0,905.0,170.0,1
4.0,227.0,45.0,135.0,7.0,1048.0,212.0,0
15.0,2027.0,45.0,85.0,4.0,985.0,100.0,1
14.0,1990.0,200.0,60.0,3.0,770.0,64.0,0
15.0,3408.0,262.0,153.0,5.0,1070.0,80.0,0
12.0,6407.0,253.0,111.0,4.0,540.0,121.0,0
15.0,2529.0,139.0,79.0,4.0,360.0,185.0,0
14.0,2135.0,35.0,159.0,5.0,960.0,75.0,0
5.0,1210.0,261.0,35.0,7.0,600.0,274.0,0
8.0,1219.0,267.0,175.0,7.0,740.0,166.0,0
13.0,833.0,34.0,79.0,6.0,445.0,110.0,0
1.0,971.0,16.0,183.0,7.0,380.0,110.0,0
1.0,309.0,159.0,208.0,1.0,479.0,165.0,0
1.0,2202.0,260.0,183.0,5.0,1055.0,175.0,0
15.0,34.0,104.0,129.0,7.0,725.0,175.0,1
12.0,4854.0,261.0,137.0,7.0,1010.0,55.0,0
16.0,3016.0,135.0,288.0,6.0,1195.0,96.0,1
15.0,327.0,252.0,175.0,4.0,825.0,250.0,1
0.0,4303.0,177.0,27.0,5.0,855.0,60.0,0
9.0,308.0,128.0,150.0,5.0,1132.0,43.0,0
12.0,4496.0,34.0,261.0,7.0,460.0,65.0,0
2.0,86.0,14.0,252.0,7.0,750.0,205.0,0
15.0,957.0,43.0,217.0,4.0,825.0,310.0,1
5.0,2623.0,197.0,173.0,1.0,785.0,190.0,0
17.0,1005.0,203.0,128.0,7.0,853.0,32.0,0
15.0,1237.0,175.0,58.0,4.0,420.0,75.0,0
16.0,5982.0,251.0,208.0,3.0,1134.0,91.0,0
5.0,1806.0,154.0,85.0,1.0,805.0,270.0,0
12.0,6875.0,79.0,195.0,6.0,949.0,127.0,0
1.0,841.0,260.0,183.0,6.0,805.0,165.0,0
10.0,3957.0,177.0,208.0,5.0,730.0,110.0,0
14.0,1878.0,216.0,35.0,6.0,975.0,82.0,0
15.0,16.0,75.0,13.0,1.0,680.0,70.0,1
13.0,107.0,79.0,217.0,6.0,675.0,111.0,0
15.0,1229.0,33.0,217.0,4.0,1040.0,240.0,1
15.0,3655.0,268.0,204.0,4.0,1195.0,95.0,0
12.0,7046.0,83.0,79.0,6.0,480.0,76.0,0
8.0,755.0,45.0,132.0,5.0,630.0,110.0,0
12.0,6382.0,253.0,34.0,5.0,421.0,92.0,1
15.0,3836.0,175.0,261.0,3.0,530.0,215.0,1
6.0,5373.0,273.0,16.0,7.0,1085.0,155.0,1
14.0,1511.0,217.0,154.0,3.0,1085.0,86.0,1
15.0,117.0,243.0,262.0,5.0,535.0,95.0,1
15.0,2970.0,175.0,153.0,4.0,480.0,255.0,1
14.0,1990.0,200.0,60.0,5.0,770.0,64.0,0
15.0,1502.0,261.0,153.0,5.0,1220.0,80.0,1
6.0,5556.0,41.0,16.0,3.0,960.0,95.0,0
11.0,6432.0,197.0,58.0,6.0,605.0,112.0,0
15.0,3762.0,197.0,268.0,4.0,370.0,105.0,0
5.0,1436.0,85.0,45.0,3.0,1050.0,98.0,0
14.0,1602.0,60.0,233.0,4.0,1189.0,48.0,1
1.0,386.0,268.0,208.0,3.0,405.0,80.0,0
5.0,725.0,253.0,261.0,3.0,360.0,113.0,0
15.0,919.0,45.0,43.0,5.0,595.0,65.0,1
5.0,1606.0,154.0,85.0,4.0,545.0,270.0,0
0.0,3774.0,85.0,272.0,5.0,1310.0,100.0,0
10.0,4371.0,205.0,208.0,1.0,800.0,95.0,0
0.0,4138.0,85.0,84.0,1.0,535.0,116.0,1
8.0,431.0,184.0,16.0,3.0,385.0,129.0,0
15.0,3098.0,216.0,35.0,6.0,745.0,80.0,1
12.0,6974.0,230.0,79.0,5.0,480.0,76.0,0
14.0,2132.0,159.0,35.0,7.0,900.0,72.0,0
6.0,5575.0,138.0,16.0,5.0,475.0,97.0,0
15.0,723.0,182.0,45.0,4.0,870.0,100.0,1
16.0,2629.0,121.0,58.0,5.0,1005.0,87.0,1
5.0,1063.0,154.0,173.0,5.0,1360.0,281.0,1
15.0,1289.0,244.0,175.0,5.0,1010.0,155.0,1
6.0,5382.0,85.0,278.0,7.0,1195.0,100.0,0
15.0,914.0,277.0,129.0,7.0,705.0,150.0,0
16.0,2883.0,35.0,58.0,7.0,830.0,122.0,0
13.0,628.0,208.0,78.0,3.0,1260.0,102.0,1
6.0,5117.0,81.0,16.0,5.0,330.0,70.0,0
14.0,497.0,96.0,60.0,7.0,1050.0,122.0,0
13.0,559.0,159.0,208.0,6.0,750.0,158.0,1
6.0,5291.0,16.0,87.0,4.0,570.0,73.0,0
17.0,2633.0,134.0,60.0,1.0,1083.0,90.0,0
1.0,519.0,208.0,154.0,4.0,1020.0,260.0,1
12.0,4541.0,261.0,280.0,1.0,597.0,110.0,1
8.0,130.0,277.0,16.0,6.0,1199.0,94.0,0
14.0,1129.0,234.0,60.0,4.0,1190.0,78.0,0
10.0,3772.0,208.0,261.0,5.0,505.0,215.0,1
15.0,925.0,280.0,79.0,5.0,990.0,115.0,1
4.0,624.0,58.0,96.0,5.0,1170.0,94.0,0
5.0,167.0,148.0,79.0,7.0,1110.0,286.0,0
16.0,5975.0,84.0,208.0,5.0,510.0,81.0,0
15.0,1165.0,202.0,217.0,4.0,750.0,115.0,1
15.0,1819.0,172.0,184.0,6.0,1060.0,80.0,1
12.0,6440.0,154.0,65.0,7.0,906.0,131.0,0
16.0,3022.0,135.0,116.0,5.0,1176.0,74.0,0
2.0,637.0,217.0,252.0,4.0,1220.0,180.0,0
2.0,514.0,252.0,264.0,5.0,990.0,157.0,1
12.0,6830.0,34.0,154.0,5.0,1214.0,129.0,0
6.0,5523.0,16.0,237.0,4.0,510.0,90.0,0
0.0,3871.0,27.0,85.0,3.0,360.0,125.0,0
6.0,7065.0,76.0,208.0,5.0,1137.0,83.0,0
0.0,3776.0,238.0,16.0,3.0,450.0,151.0,0
8.0,19.0,260.0,45.0,1.0,1045.0,261.0,0
13.0,702.0,208.0,217.0,7.0,1022.0,227.0,0
0.0,3858.0,85.0,171.0,6.0,620.0,52.0,0
5.0,2296.0,197.0,159.0,5.0,1035.0,168.0,1
12.0,6352.0,253.0,280.0,6.0,985.0,119.0,1
15.0,368.0,79.0,202.0,5.0,980.0,165.0,1
2.0,19.0,173.0,252.0,1.0,1095.0,384.0,0
15.0,1015.0,45.0,228.0,5.0,715.0,70.0,1
1.0,349.0,104.0,80.0,6.0,950.0,195.0,0
1.0,2442.0,154.0,80.0,5.0,705.0,190.0,0
2.0,877.0,214.0,128.0,5.0,455.0,360.0,1
16.0,2267.0,58.0,117.0,3.0,1255.0,82.0,0
12.0,6271.0,109.0,208.0,5.0,535.0,63.0,0
5.0,1100.0,261.0,216.0,3.0,595.0,261.0,1
14.0,1640.0,173.0,60.0,5.0,315.0,97.0,0
1.0,1262.0,264.0,208.0,4.0,1035.0,225.0,0
0.0,4078.0,16.0,60.0,4.0,450.0,93.0,0
15.0,1135.0,22.0,79.0,5.0,515.0,275.0,0
15.0,1096.0,153.0,172.0,3.0,880.0,170.0,1
13.0,763.0,79.0,243.0,5.0,695.0,149.0,0
14.0,752.0,35.0,216.0,4.0,990.0,101.0,0
5.0,447.0,184.0,85.0,4.0,980.0,70.0,0
4.0,1563.0,241.0,135.0,3.0,395.0,150.0,1
1.0,1616.0,80.0,18.0,1.0,1020.0,55.0,0
1.0,1973.0,183.0,80.0,5.0,1165.0,195.0,0
16.0,2980.0,135.0,285.0,7.0,810.0,118.0,0
15.0,2903.0,243.0,18.0,3.0,500.0,160.0,1
5.0,2820.0,85.0,182.0,5.0,1300.0,111.0,0
14.0,983.0,208.0,60.0,3.0,1079.0,115.0,0
10.0,3884.0,58.0,208.0,6.0,360.0,85.0,0
8.0,175.0,16.0,241.0,7.0,620.0,100.0,1
15.0,719.0,173.0,198.0,4.0,1175.0,110.0,1
5.0,1311.0,85.0,79.0,1.0,955.0,194.0,1
15.0,1093.0,43.0,45.0,4.0,385.0,90.0,1
14.0,1831.0,60.0,183.0,6.0,700.0,132.0,1
6.0,5014.0,16.0,130.0,5.0,590.0,149.0,0
1.0,386.0,208.0,159.0,4.0,535.0,120.0,1
15.0,1153.0,153.0,61.0,3.0,1025.0,230.0,1
12.0,6328.0,280.0,79.0,4.0,529.0,120.0,0
12.0,6507.0,79.0,258.0,7.0,915.0,156.0,1
2.0,51.0,98.0,39.0,1.0,1088.0,87.0,0
5.0,2528.0,267.0,16.0,1.0,804.0,101.0,0
16.0,2487.0,158.0,135.0,3.0,810.0,57.0,1
4.0,1795.0,135.0,154.0,3.0,1075.0,218.0,1
3.0,687.0,35.0,78.0,3.0,925.0,99.0,0
15.0,3060.0,154.0,217.0,4.0,370.0,75.0,0
2.0,473.0,154.0,214.0,5.0,1265.0,145.0,0
5.0,1162.0,33.0,16.0,3.0,390.0,90.0,0
1.0,818.0,154.0,268.0,6.0,755.0,210.0,0
5.0,2059.0,16.0,244.0,3.0,1313.0,167.0,0
8.0,162.0,260.0,16.0,1.0,859.0,241.0,1
12.0,4684.0,197.0,166.0,4.0,1325.0,45.0,0
15.0,278.0,61.0,153.0,6.0,720.0,285.0,1
10.0,3751.0,208.0,261.0,7.0,1125.0,215.0,0
6.0,5228.0,16.0,69.0,4.0,575.0,80.0,0
2.0,473.0,154.0,214.0,4.0,1265.0,144.0,0
13.0,611.0,78.0,208.0,5.0,629.0,131.0,0
13.0,609.0,78.0,208.0,4.0,579.0,132.0,1
8.0,234.0,234.0,16.0,1.0,385.0,107.0,0
5.0,2815.0,16.0,217.0,6.0,654.0,256.0,0
0.0,4277.0,177.0,13.0,1.0,820.0,120.0,0
8.0,657.0,16.0,244.0,1.0,625.0,160.0,0
14.0,1630.0,79.0,60.0,5.0,725.0,183.0,0
15.0,914.0,277.0,129.0,3.0,705.0,150.0,1
11.0,6655.0,177.0,33.0,3.0,540.0,63.0,0
15.0,1739.0,202.0,153.0,1.0,465.0,85.0,0
15.0,326.0,277.0,213.0,1.0,1035.0,55.0,0
13.0,605.0,78.0,208.0,1.0,465.0,132.0,0
12.0,6925.0,208.0,247.0,7.0,896.0,38.0,1
15.0,759.0,2.0,79.0,1.0,770.0,75.0,1
13.0,5.0,148.0,253.0,5.0,430.0,404.0,0
15.0,2779.0,277.0,268.0,6.0,960.0,150.0,1
8.0,183.0,78.0,16.0,4.0,360.0,123.0,0
16.0,2019.0,121.0,135.0,4.0,845.0,154.0,0
10.0,3726.0,96.0,208.0,1.0,600.0,160.0,0
5.0,2461.0,216.0,16.0,5.0,765.0,140.0,1
9.0,187.0,150.0,128.0,6.0,881.0,42.0,0
6.0,5218.0,273.0,16.0,5.0,345.0,158.0,0
15.0,840.0,153.0,22.0,4.0,565.0,295.0,0
16.0,2568.0,135.0,84.0,3.0,1220.0,136.0,0
2.0,106.0,14.0,252.0,6.0,1290.0,202.0,0
0.0,4173.0,85.0,281.0,7.0,1165.0,76.0,1
13.0,990.0,208.0,134.0,5.0,1096.0,109.0,0
1.0,1484.0,217.0,80.0,6.0,935.0,140.0,0
15.0,1400.0,79.0,175.0,4.0,375.0,145.0,0
15.0,719.0,43.0,45.0,7.0,905.0,70.0,1
11.0,6397.0,273.0,148.0,6.0,370.0,90.0,1
1.0,1262.0,264.0,208.0,3.0,1035.0,225.0,0
8.0,806.0,35.0,45.0,3.0,380.0,93.0,0
12.0,6723.0,253.0,252.0,4.0,771.0,122.0,0
15.0,1180.0,202.0,207.0,4.0,860.0,70.0,1
1.0,1673.0,16.0,80.0,4.0,565.0,155.0,0
12.0,7789.0,271.0,261.0,5.0,795.0,67.0,0
14.0,1251.0,78.0,217.0,1.0,1020.0,307.0,1
15.0,868.0,205.0,153.0,7.0,965.0,185.0,0
1.0,2160.0,183.0,16.0,6.0,1295.0,120.0,0
13.0,867.0,253.0,154.0,4.0,724.0,93.0,0
1.0,1843.0,208.0,252.0,5.0,530.0,270.0,0
14.0,2041.0,35.0,78.0,5.0,960.0,92.0,0
16.0,2629.0,135.0,121.0,5.0,800.0,120.0,1
15.0,858.0,175.0,153.0,5.0,1255.0,250.0,1
13.0,958.0,252.0,208.0,4.0,500.0,241.0,0
12.0,4636.0,197.0,99.0,7.0,1165.0,64.0,0
2.0,592.0,214.0,227.0,7.0,940.0,137.0,0
16.0,2932.0,178.0,135.0,4.0,1115.0,70.0,0
16.0,2363.0,96.0,290.0,4.0,449.0,209.0,0
12.0,4864.0,197.0,33.0,5.0,1040.0,138.0,1
6.0,7399.0,139.0,16.0,6.0,865.0,100.0,0
15.0,926.0,153.0,129.0,7.0,1170.0,170.0,1
5.0,1308.0,18.0,16.0,3.0,400.0,142.0,0
5.0,1196.0,203.0,154.0,4.0,826.0,314.0,0
16.0,2467.0,116.0,135.0,5.0,1085.0,81.0,0
15.0,1118.0,45.0,33.0,7.0,800.0,120.0,0
0.0,4104.0,177.0,233.0,3.0,860.0,117.0,0
15.0,459.0,79.0,205.0,1.0,620.0,80.0,0
15.0,257.0,104.0,147.0,5.0,825.0,75.0,1
12.0,6380.0,253.0,34.0,6.0,640.0,92.0,0
13.0,977.0,134.0,79.0,4.0,499.0,255.0,0
1.0,1349.0,80.0,100.0,7.0,1210.0,215.0,1
16.0,2443.0,96.0,234.0,1.0,780.0,82.0,1
15.0,1461.0,153.0,253.0,4.0,450.0,95.0,0
12.0,6719.0,79.0,196.0,3.0,855.0,126.0,1
4.0,1662.0,135.0,241.0,4.0,1160.0,131.0,1
0.0,3875.0,121.0,85.0,4.0,360.0,115.0,1
5.0,698.0,22.0,16.0,7.0,767.0,168.0,0
13.0,532.0,208.0,35.0,4.0,605.0,136.0,0
15.0,1856.0,75.0,172.0,7.0,515.0,90.0,0
15.0,1720.0,262.0,217.0,6.0,570.0,110.0,1
6.0,5503.0,129.0,16.0,4.0,465.0,118.0,0
13.0,306.0,154.0,45.0,6.0,775.0,303.0,1
0.0,3757.0,25.0,85.0,5.0,360.0,103.0,0
5.0,1692.0,277.0,85.0,3.0,632.0,158.0,0
13.0,245.0,208.0,79.0,6.0,540.0,165.0,1
10.0,3038.0,246.0,154.0,3.0,525.0,50.0,0
5.0,2616.0,153.0,85.0,3.0,590.0,240.0,0
3.0,743.0,173.0,260.0,4.0,715.0,159.0,1
5.0,2535.0,159.0,198.0,4.0,775.0,211.0,0
7.0,361.0,277.0,79.0,4.0,526.0,239.0,0
3.0,1058.0,221.0,148.0,6.0,625.0,79.0,0
15.0,1766.0,261.0,252.0,7.0,525.0,135.0,0
0.0,4066.0,177.0,16.0,6.0,625.0,81.0,0
1.0,1333.0,35.0,80.0,3.0,1255.0,255.0,1
14.0,280.0,244.0,217.0,3.0,505.0,160.0,0
4.0,1717.0,135.0,243.0,7.0,1260.0,208.0,1
13.0,186.0,253.0,216.0,7.0,948.0,326.0,1
13.0,892.0,253.0,35.0,3.0,800.0,340.0,0
6.0,5465.0,85.0,48.0,6.0,1055.0,60.0,1
8.0,107.0,16.0,80.0,6.0,1176.0,156.0,0
11.0,6308.0,177.0,96.0,6.0,525.0,161.0,1
14.0,1792.0,174.0,60.0,1.0,525.0,102.0,0
13.0,81.0,154.0,128.0,7.0,530.0,344.0,1
5.0,1074.0,261.0,197.0,1.0,839.0,159.0,1
0.0,4380.0,229.0,85.0,1.0,983.0,135.0,1
4.0,329.0,60.0,96.0,5.0,401.0,109.0,0
10.0,2719.0,80.0,285.0,7.0,475.0,115.0,1
5.0,1998.0,16.0,197.0,5.0,810.0,162.0,1
11.0,6536.0,197.0,71.0,6.0,1155.0,119.0,0
12.0,7780.0,271.0,261.0,3.0,410.0,64.0,0
11.0,6350.0,84.0,197.0,7.0,1020.0,66.0,1
4.0,461.0,217.0,135.0,5.0,675.0,154.0,0
11.0,6759.0,71.0,208.0,4.0,820.0,80.0,1
10.0,2905.0,80.0,162.0,1.0,930.0,70.0,0
17.0,1003.0,203.0,128.0,5.0,632.0,32.0,0
15.0,2781.0,197.0,175.0,6.0,595.0,95.0,1
2.0,529.0,44.0,252.0,6.0,660.0,159.0,0
15.0,2552.0,236.0,153.0,1.0,380.0,80.0,1
15.0,518.0,79.0,172.0,1.0,870.0,90.0,0
3.0,174.0,258.0,148.0,7.0,1345.0,316.0,0
6.0,5057.0,58.0,16.0,1.0,850.0,115.0,1
6.0,7389.0,216.0,71.0,3.0,1066.0,126.0,1
1.0,2305.0,208.0,80.0,4.0,485.0,150.0,1
10.0,4540.0,61.0,159.0,7.0,795.0,104.0,0
12.0,4738.0,80.0,197.0,3.0,947.0,153.0,0
15.0,774.0,221.0,175.0,3.0,1080.0,95.0,1
15.0,3311.0,198.0,129.0,4.0,1240.0,70.0,0
2.0,865.0,252.0,150.0,6.0,520.0,376.0,0
3.0,1001.0,35.0,148.0,1.0,360.0,71.0,1
15.0,1795.0,129.0,217.0,3.0,1100.0,175.0,1
16.0,2150.0,58.0,119.0,4.0,550.0,59.0,0
12.0,6579.0,79.0,15.0,4.0,871.0,44.0,1
14.0,904.0,60.0,208.0,4.0,700.0,132.0,1
17.0,2827.0,217.0,280.0,4.0,1067.0,43.0,0
15.0,1006.0,34.0,79.0,7.0,420.0,110.0,0
14.0,779.0,216.0,277.0,5.0,475.0,172.0,0
5.0,1165.0,233.0,16.0,5.0,435.0,97.0,0
16.0,2194.0,120.0,135.0,5.0,1075.0,179.0,0
1.0,851.0,279.0,208.0,4.0,390.0,120.0,0
1.0,491.0,80.0,262.0,1.0,745.0,230.0,0
1.0,2578.0,253.0,154.0,3.0,1015.0,80.0,0
15.0,37.0,91.0,75.0,5.0,745.0,95.0,1
13.0,414.0,208.0,22.0,1.0,370.0,129.0,0
2.0,86.0,14.0,252.0,5.0,750.0,205.0,0
10.0,3210.0,129.0,80.0,3.0,520.0,70.0,0
15.0,3320.0,33.0,45.0,7.0,1145.0,100.0,1
6.0,5168.0,16.0,19.0,5.0,757.0,56.0,0
3.0,41.0,148.0,173.0,4.0,555.0,181.0,0
3.0,1402.0,18.0,104.0,1.0,715.0,150.0,0
0.0,3949.0,85.0,187.0,1.0,540.0,94.0,0
1.0,102.0,128.0,80.0,7.0,1205.0,430.0,0
16.0,3031.0,60.0,135.0,4.0,700.0,176.0,0
15.0,1058.0,244.0,33.0,7.0,880.0,125.0,1
13.0,484.0,243.0,79.0,4.0,378.0,149.0,0
1.0,1663.0,277.0,183.0,4.0,825.0,65.0,0
3.0,470.0,241.0,35.0,4.0,1170.0,171.0,0
1.0,1389.0,33.0,80.0,5.0,585.0,130.0,0
0.0,3868.0,85.0,281.0,6.0,930.0,68.0,0
9.0,304.0,161.0,128.0,5.0,600.0,30.0,0
12.0,4809.0,71.0,58.0,7.0,665.0,70.0,0
14.0,2136.0,159.0,35.0,7.0,1020.0,72.0,0
13.0,31.0,154.0,134.0,3.0,792.0,293.0,0
12.0,6286.0,153.0,227.0,4.0,859.0,59.0,1
4.0,166.0,252.0,135.0,6.0,485.0,245.0,0
8.0,598.0,16.0,238.0,5.0,731.0,124.0,0
12.0,4488.0,166.0,197.0,6.0,410.0,60.0,1
5.0,1210.0,261.0,35.0,3.0,600.0,274.0,0
16.0,2057.0,273.0,96.0,4.0,1030.0,82.0,0
14.0,140.0,217.0,14.0,5.0,1250.0,363.0,0
12.0,6908.0,2.0,253.0,1.0,408.0,167.0,0
12.0,4663.0,197.0,29.0,5.0,545.0,90.0,0
5.0,1735.0,154.0,161.0,1.0,835.0,373.0,0
8.0,217.0,184.0,241.0,1.0,855.0,174.0,0
6.0,4956.0,177.0,35.0,6.0,515.0,168.0,0
3.0,433.0,35.0,173.0,5.0,670.0,191.0,1
15.0,2097.0,202.0,154.0,5.0,635.0,75.0,1
14.0,700.0,154.0,216.0,4.0,390.0,300.0,0
4.0,1661.0,217.0,135.0,3.0,860.0,154.0,1
5.0,1452.0,2.0,16.0,5.0,510.0,179.0,0
15.0,2552.0,236.0,153.0,5.0,380.0,80.0,0
9.0,30.0,203.0,252.0,5.0,970.0,325.0,1
1.0,1241.0,80.0,79.0,4.0,610.0,125.0,1
0.0,3862.0,244.0,177.0,7.0,345.0,119.0,0
13.0,33.0,80.0,79.0,5.0,375.0,136.0,0
11.0,6484.0,16.0,120.0,4.0,1319.0,90.0,0
5.0,2279.0,159.0,104.0,5.0,895.0,198.0,0
13.0,536.0,208.0,159.0,5.0,420.0,132.0,0
7.0,420.0,79.0,16.0,3.0,629.0,174.0,1
10.0,2716.0,80.0,94.0,6.0,895.0,110.0,1
1.0,1763.0,183.0,208.0,6.0,800.0,200.0,1
2.0,105.0,252.0,14.0,6.0,1045.0,220.0,1
5.0,2047.0,159.0,16.0,5.0,480.0,161.0,0
15.0,1928.0,214.0,261.0,6.0,585.0,105.0,0
4.0,1146.0,96.0,16.0,5.0,965.0,164.0,0
12.0,6522.0,154.0,217.0,5.0,761.0,79.0,0
10.0,2818.0,180.0,80.0,6.0,420.0,125.0,1
6.0,7118.0,134.0,159.0,6.0,1312.0,67.0,0
9.0,121.0,143.0,128.0,1.0,541.0,49.0,0
5.0,2455.0,16.0,154.0,3.0,1315.0,307.0,1
12.0,6977.0,198.0,208.0,3.0,878.0,149.0,0
15.0,2379.0,207.0,262.0,4.0,680.0,80.0,1
2.0,529.0,44.0,252.0,7.0,660.0,159.0,0
5.0,248.0,243.0,85.0,5.0,790.0,265.0,0
15.0,700.0,44.0,258.0,3.0,1185.0,65.0,0
7.0,130.0,79.0,80.0,7.0,635.0,112.0,0
15.0,867.0,75.0,198.0,5.0,1215.0,75.0,0
4.0,599.0,135.0,79.0,4.0,855.0,149.0,1
10.0,2894.0,184.0,80.0,3.0,555.0,165.0,0
15.0,1055.0,198.0,173.0,5.0,535.0,100.0,0
16.0,2338.0,96.0,234.0,5.0,1290.0,79.0,0
0.0,4224.0,85.0,152.0,1.0,935.0,49.0,1
2.0,677.0,79.0,252.0,5.0,480.0,175.0,0
15.0,1956.0,129.0,244.0,7.0,1055.0,55.0,1
12.0,6428.0,153.0,154.0,6.0,400.0,70.0,0
10.0,3457.0,58.0,80.0,5.0,705.0,180.0,1
7.0,847.0,79.0,252.0,4.0,495.0,176.0,0
13.0,12.0,253.0,148.0,6.0,840.0,343.0,0
5.0,2589.0,74.0,16.0,7.0,400.0,92.0,1
14.0,1109.0,60.0,147.0,1.0,895.0,82.0,0
12.0,6574.0,79.0,204.0,1.0,1045.0,89.0,0
10.0,3305.0,80.0,158.0,5.0,1170.0,75.0,0
12.0,6881.0,262.0,79.0,5.0,687.0,137.0,1
12.0,6472.0,2.0,154.0,3.0,661.0,125.0,0
4.0,693.0,173.0,96.0,7.0,645.0,146.0,0
11.0,6652.0,71.0,85.0,1.0,600.0,84.0,0
5.0,2238.0,16.0,78.0,6.0,800.0,97.0,1
5.0,1831.0,214.0,261.0,1.0,360.0,107.0,0
5.0,2946.0,135.0,197.0,6.0,628.0,168.0,0
1.0,662.0,172.0,80.0,6.0,1020.0,105.0,0
4.0,1076.0,96.0,241.0,1.0,625.0,205.0,1
0.0,4386.0,119.0,197.0,7.0,1030.0,99.0,0
12.0,6511.0,280.0,154.0,5.0,1059.0,93.0,1
5.0,2534.0,213.0,159.0,3.0,947.0,171.0,0
1.0,451.0,233.0,208.0,1.0,500.0,135.0,1
1.0,613.0,148.0,183.0,4.0,1075.0,200.0,0
16.0,2098.0,68.0,135.0,7.0,670.0,62.0,0
8.0,130.0,277.0,16.0,3.0,1206.0,89.0,0
16.0,2356.0,27.0,135.0,6.0,900.0,110.0,0
12.0,6509.0,280.0,154.0,4.0,486.0,95.0,0
15.0,3074.0,241.0,175.0,4.0,1130.0,180.0,0
11.0,6752.0,111.0,197.0,7.0,430.0,180.0,0
4.0,1139.0,96.0,80.0,3.0,1080.0,250.0,1
15.0,1489.0,213.0,277.0,1.0,945.0,55.0,0
6.0,5197.0,16.0,132.0,4.0,1065.0,60.0,0
10.0,4634.0,159.0,233.0,5.0,960.0,110.0,0
3.0,1.0,148.0,104.0,1.0,485.0,187.0,1
1.0,755.0,208.0,244.0,6.0,650.0,175.0,0
14.0,721.0,60.0,183.0,1.0,1080.0,125.0,0
15.0,350.0,175.0,173.0,1.0,485.0,155.0,0
16.0,3034.0,65.0,135.0,7.0,660.0,127.0,0
0.0,4154.0,85.0,26.0,6.0,1055.0,126.0,0
13.0,870.0,253.0,148.0,1.0,775.0,351.0,1
8.0,657.0,16.0,244.0,5.0,620.0,165.0,0
4.0,1472.0,260.0,58.0,6.0,915.0,280.0,0
2.0,657.0,217.0,214.0,1.0,1090.0,170.0,0
13.0,706.0,217.0,79.0,1.0,1077.0,111.0,1
15.0,357.0,45.0,12.0,7.0,935.0,70.0,0
15.0,3763.0,261.0,79.0,3.0,600.0,90.0,0
17.0,7259.0,208.0,172.0,5.0,917.0,88.0,0
17.0,2999.0,134.0,60.0,5.0,565.0,115.0,0
14.0,732.0,173.0,60.0,7.0,930.0,98.0,0
6.0,5016.0,16.0,47.0,5.0,815.0,58.0,0
10.0,4292.0,238.0,208.0,4.0,1155.0,130.0,0
8.0,678.0,173.0,184.0,3.0,1182.0,176.0,0
12.0,6650.0,253.0,191.0,3.0,1297.0,36.0,1
10.0,4337.0,33.0,208.0,5.0,1205.0,95.0,0
14.0,1494.0,60.0,12.0,7.0,705.0,122.0,1
16.0,2871.0,96.0,120.0,3.0,479.0,114.0,1
12.0,6570.0,132.0,79.0,7.0,866.0,178.0,0
8.0,1006.0,35.0,241.0,5.0,694.0,221.0,0
12.0,6386.0,44.0,253.0,7.0,806.0,76.0,1
15.0,1148.0,175.0,277.0,3.0,585.0,165.0,1
10.0,4197.0,33.0,208.0,5.0,740.0,95.0,0
14.0,1085.0,60.0,173.0,5.0,885.0,102.0,1
5.0,116.0,277.0,16.0,1.0,881.0,97.0,0
1.0,1937.0,35.0,260.0,6.0,515.0,240.0,0
10.0,3879.0,208.0,78.0,3.0,905.0,105.0,1
16.0,5891.0,208.0,17.0,7.0,1021.0,50.0,1
15.0,1374.0,85.0,175.0,6.0,810.0,70.0,1
16.0,2209.0,121.0,135.0,3.0,1125.0,154.0,0
15.0,807.0,34.0,111.0,4.0,715.0,65.0,0
14.0,1617.0,60.0,172.0,5.0,970.0,152.0,1
12.0,6927.0,127.0,79.0,7.0,825.0,107.0,0
17.0,2640.0,267.0,60.0,4.0,710.0,111.0,0
15.0,2807.0,207.0,153.0,7.0,630.0,60.0,0
1.0,1555.0,183.0,260.0,6.0,1180.0,145.0,1
12.0,6953.0,34.0,208.0,3.0,944.0,198.0,1
1.0,1794.0,100.0,80.0,6.0,405.0,195.0,0
6.0,5212.0,177.0,87.0,1.0,570.0,87.0,0
5.0,2904.0,154.0,277.0,5.0,630.0,272.0,0
8.0,686.0,136.0,16.0,4.0,1036.0,119.0,0
1.0,848.0,2.0,80.0,4.0,860.0,100.0,0
0.0,3822.0,85.0,174.0,5.0,600.0,88.0,0
12.0,6810.0,210.0,214.0,7.0,1208.0,54.0,1
1.0,395.0,183.0,80.0,6.0,645.0,200.0,0
8.0,1401.0,173.0,238.0,3.0,884.0,156.0,0
14.0,707.0,216.0,208.0,6.0,1075.0,152.0,1
12.0,7773.0,255.0,261.0,4.0,893.0,77.0,0
15.0,353.0,34.0,111.0,3.0,1240.0,65.0,0
17.0,2839.0,217.0,103.0,6.0,587.0,65.0,0
5.0,2533.0,35.0,173.0,4.0,420.0,205.0,0
15.0,3773.0,261.0,153.0,3.0,415.0,85.0,1
5.0,1957.0,261.0,252.0,3.0,1211.0,134.0,1
15.0,943.0,268.0,172.0,3.0,425.0,70.0,0
2.0,857.0,252.0,203.0,4.0,500.0,375.0,1
3.0,49.0,148.0,213.0,5.0,489.0,176.0,0
14.0,650.0,253.0,216.0,6.0,510.0,315.0,0
15.0,2370.0,154.0,253.0,6.0,1245.0,75.0,1
1.0,413.0,208.0,264.0,3.0,845.0,255.0,1
15.0,1497.0,104.0,45.0,1.0,745.0,155.0,1
5.0,2198.0,197.0,85.0,7.0,500.0,109.0,0
14.0,2043.0,35.0,78.0,7.0,1020.0,95.0,0
14.0,90.0,96.0,217.0,3.0,610.0,329.0,1
12.0,6496.0,154.0,65.0,7.0,1252.0,127.0,0
10.0,2953.0,13.0,80.0,3.0,490.0,70.0,0
0.0,3737.0,177.0,66.0,5.0,565.0,80.0,0
14.0,373.0,148.0,60.0,7.0,1109.0,131.0,1
13.0,966.0,154.0,134.0,6.0,370.0,292.0,0
15.0,389.0,33.0,233.0,3.0,900.0,80.0,1
3.0,1310.0,134.0,148.0,4.0,1180.0,83.0,0
5.0,424.0,260.0,16.0,6.0,922.0,243.0,0
1.0,705.0,80.0,227.0,1.0,605.0,190.0,0
6.0,4945.0,16.0,129.0,6.0,460.0,132.0,1
14.0,1772.0,60.0,80.0,4.0,569.0,175.0,0
4.0,582.0,135.0,35.0,3.0,1125.0,225.0,1
5.0,1666.0,61.0,16.0,7.0,746.0,101.0,0
12.0,6647.0,46.0,79.0,4.0,345.0,107.0,0
0.0,3896.0,85.0,107.0,4.0,1175.0,140.0,0
11.0,6365.0,17.0,85.0,3.0,972.0,78.0,0
1.0,2272.0,80.0,78.0,4.0,825.0,160.0,0
12.0,7801.0,261.0,282.0,6.0,495.0,60.0,0
10.0,4582.0,159.0,60.0,5.0,510.0,125.0,0
15.0,1097.0,44.0,202.0,4.0,1170.0,70.0,1
17.0,2931.0,244.0,217.0,3.0,360.0,146.0,0
3.0,688.0,78.0,35.0,4.0,1080.0,83.0,0
10.0,3879.0,208.0,78.0,5.0,905.0,105.0,0
15.0,1659.0,61.0,45.0,5.0,400.0,70.0,0
6.0,4965.0,16.0,251.0,4.0,725.0,80.0,0
8.0,717.0,48.0,159.0,6.0,847.0,87.0,0
4.0,1019.0,277.0,96.0,3.0,410.0,155.0,1
15.0,29.0,75.0,129.0,5.0,810.0,65.0,1
10.0,2899.0,288.0,80.0,7.0,1070.0,135.0,0
14.0,1920.0,241.0,216.0,3.0,480.0,155.0,0
15.0,1233.0,173.0,45.0,1.0,1020.0,125.0,0
12.0,4493.0,261.0,46.0,6.0,685.0,80.0,0
5.0,309.0,33.0,16.0,1.0,562.0,68.0,0
16.0,2760.0,96.0,209.0,6.0,495.0,79.0,0
14.0,89.0,214.0,217.0,1.0,1080.0,148.0,0
13.0,862.0,253.0,79.0,7.0,669.0,156.0,0
13.0,940.0,79.0,208.0,4.0,830.0,149.0,0
0.0,4257.0,35.0,233.0,1.0,735.0,135.0,0
6.0,5133.0,16.0,41.0,3.0,1135.0,97.0,0
15.0,2146.0,173.0,22.0,6.0,725.0,155.0,0
15.0,2539.0,33.0,216.0,3.0,635.0,115.0,1
5.0,1858.0,16.0,233.0,4.0,455.0,85.0,0
10.0,3704.0,91.0,208.0,7.0,400.0,175.0,0
17.0,1040.0,128.0,143.0,4.0,1195.0,49.0,0
7.0,110.0,79.0,197.0,6.0,400.0,117.0,0
5.0,1507.0,16.0,261.0,5.0,730.0,252.0,0
2.0,345.0,202.0,252.0,1.0,1020.0,120.0,0
11.0,6306.0,85.0,84.0,7.0,935.0,117.0,1
10.0,3003.0,79.0,154.0,7.0,795.0,150.0,1
15.0,966.0,45.0,277.0,5.0,775.0,150.0,1
16.0,2219.0,58.0,285.0,3.0,1000.0,78.0,0
5.0,2159.0,148.0,173.0,3.0,1130.0,191.0,0
0.0,3811.0,71.0,285.0,3.0,1240.0,58.0,0
12.0,4453.0,261.0,214.0,5.0,1010.0,112.0,0
16.0,3067.0,228.0,96.0,4.0,386.0,64.0,0
16.0,2236.0,197.0,96.0,1.0,854.0,165.0,1
12.0,6628.0,79.0,27.0,4.0,656.0,147.0,0
5.0,1441.0,16.0,162.0,6.0,1227.0,96.0,0
1.0,343.0,208.0,18.0,3.0,1195.0,170.0,1
3.0,1126.0,104.0,233.0,6.0,745.0,119.0,1
15.0,20.0,75.0,155.0,1.0,740.0,65.0,1
15.0,1569.0,173.0,268.0,1.0,610.0,155.0,1
8.0,161.0,16.0,260.0,4.0,555.0,209.0,1
10.0,4164.0,61.0,208.0,7.0,1055.0,90.0,0
0.0,3660.0,80.0,177.0,3.0,695.0,95.0,0
15.0,1943.0,268.0,197.0,4.0,1005.0,90.0,0
13.0,951.0,134.0,154.0,4.0,1055.0,335.0,0
14.0,2034.0,78.0,35.0,7.0,810.0,83.0,0
15.0,3862.0,277.0,104.0,7.0,500.0,55.0,0
15.0,2030.0,233.0,277.0,3.0,485.0,115.0,0
10.0,3658.0,120.0,183.0,1.0,430.0,135.0,0
2.0,511.0,264.0,252.0,6.0,1080.0,170.0,0
6.0,5085.0,95.0,16.0,3.0,965.0,99.0,0
6.0,5338.0,158.0,177.0,7.0,1007.0,77.0,1
0.0,4167.0,16.0,177.0,5.0,645.0,91.0,0
0.0,3941.0,148.0,238.0,6.0,1275.0,125.0,1
12.0,6673.0,253.0,194.0,5.0,495.0,43.0,1
10.0,2804.0,279.0,80.0,4.0,545.0,70.0,0
4.0,788.0,135.0,85.0,5.0,610.0,165.0,0
5.0,698.0,22.0,16.0,4.0,767.0,168.0,0
12.0,6834.0,253.0,236.0,5.0,959.0,57.0,0
9.0,36.0,128.0,217.0,3.0,905.0,354.0,0
10.0,4625.0,159.0,233.0,7.0,360.0,100.0,0
4.0,1823.0,135.0,198.0,4.0,630.0,65.0,0
11.0,6279.0,71.0,216.0,3.0,675.0,99.0,1
10.0,2815.0,80.0,245.0,5.0,1075.0,130.0,1
15.0,1775.0,233.0,216.0,7.0,855.0,80.0,1
12.0,6890.0,34.0,154.0,6.0,662.0,131.0,1
10.0,2955.0,80.0,170.0,4.0,590.0,75.0,0
2.0,880.0,203.0,202.0,1.0,745.0,282.0,0
15.0,3252.0,261.0,252.0,5.0,790.0,130.0,0
13.0,520.0,197.0,208.0,7.0,390.0,84.0,0
10.0,4220.0,208.0,33.0,4.0,620.0,90.0,0
16.0,5890.0,121.0,208.0,6.0,720.0,117.0,1
16.0,2861.0,135.0,280.0,4.0,1255.0,159.0,0
5.0,2441.0,78.0,277.0,5.0,989.0,142.0,1
14.0,146.0,217.0,161.0,5.0,675.0,412.0,1
16.0,3123.0,135.0,279.0,6.0,690.0,78.0,0
13.0,650.0,22.0,134.0,1.0,360.0,94.0,0
16.0,2705.0,135.0,116.0,3.0,985.0,73.0,0
15.0,151.0,262.0,243.0,1.0,810.0,85.0,1
12.0,6944.0,154.0,57.0,4.0,825.0,41.0,1
9.0,135.0,203.0,128.0,6.0,908.0,34.0,0
14.0,735.0,216.0,60.0,3.0,935.0,108.0,0
7.0,659.0,79.0,253.0,5.0,735.0,157.0,0
6.0,5423.0,16.0,19.0,1.0,898.0,59.0,0
12.0,6878.0,15.0,79.0,7.0,421.0,55.0,0
14.0,1698.0,60.0,228.0,4.0,1326.0,108.0,0
15.0,1261.0,277.0,79.0,6.0,620.0,250.0,0
10.0,3610.0,27.0,183.0,7.0,785.0,110.0,0
17.0,7270.0,208.0,233.0,5.0,1014.0,115.0,1
9.0,207.0,150.0,128.0,6.0,729.0,42.0,0
12.0,6634.0,205.0,79.0,3.0,581.0,108.0,0
10.0,2919.0,80.0,41.0,6.0,620.0,80.0,0
17.0,2715.0,217.0,100.0,1.0,1070.0,101.0,0
16.0,2939.0,96.0,147.0,5.0,1205.0,164.0,0
12.0,6439.0,208.0,72.0,3.0,1314.0,58.0,1
14.0,1557.0,216.0,104.0,6.0,955.0,169.0,0
15.0,2419.0,261.0,217.0,6.0,1115.0,100.0,0
3.0,592.0,173.0,130.0,6.0,470.0,152.0,0
15.0,2759.0,253.0,154.0,6.0,525.0,80.0,1
12.0,7004.0,248.0,253.0,5.0,567.0,66.0,1
15.0,863.0,175.0,241.0,1.0,795.0,175.0,1
15.0,1962.0,175.0,153.0,6.0,550.0,245.0,1
15.0,440.0,264.0,202.0,7.0,465.0,105.0,1
1.0,1034.0,80.0,135.0,5.0,880.0,65.0,1
0.0,4390.0,56.0,85.0,3.0,375.0,106.0,0
16.0,2709.0,75.0,135.0,5.0,630.0,62.0,0
5.0,2510.0,80.0,16.0,1.0,495.0,125.0,0
16.0,5930.0,208.0,84.0,3.0,925.0,77.0,1
15.0,2175.0,154.0,202.0,4.0,950.0,70.0,1
6.0,5595.0,16.0,95.0,6.0,1236.0,84.0,1
15.0,1783.0,12.0,45.0,4.0,725.0,75.0,0
12.0,6898.0,184.0,208.0,7.0,981.0,50.0,1
15.0,1221.0,228.0,216.0,4.0,915.0,95.0,0
13.0,268.0,205.0,79.0,1.0,393.0,107.0,0
11.0,6449.0,120.0,16.0,1.0,743.0,106.0,0
10.0,4260.0,45.0,208.0,4.0,360.0,140.0,0
15.0,1426.0,268.0,75.0,4.0,365.0,110.0,0
1.0,543.0,213.0,208.0,6.0,410.0,195.0,0
4.0,596.0,153.0,135.0,4.0,765.0,178.0,0
10.0,4365.0,132.0,208.0,1.0,925.0,130.0,0
0.0,4166.0,58.0,148.0,1.0,1020.0,130.0,0
1.0,1782.0,173.0,148.0,5.0,1180.0,155.0,0
15.0,885.0,262.0,154.0,1.0,520.0,80.0,1
14.0,280.0,244.0,217.0,5.0,505.0,160.0,0
16.0,3101.0,135.0,170.0,5.0,1115.0,93.0,1
6.0,4951.0,91.0,16.0,7.0,669.0,178.0,0
1.0,2353.0,208.0,80.0,3.0,1180.0,150.0,1
1.0,2.0,154.0,148.0,4.0,560.0,332.0,0
12.0,4810.0,280.0,261.0,3.0,750.0,110.0,0
4.0,60.0,135.0,96.0,5.0,725.0,210.0,0
15.0,913.0,217.0,18.0,7.0,640.0,125.0,1
11.0,6749.0,290.0,197.0,4.0,632.0,113.0,0
0.0,4390.0,56.0,85.0,4.0,375.0,106.0,0
16.0,3135.0,71.0,135.0,4.0,1045.0,159.0,0
10.0,4230.0,136.0,208.0,7.0,620.0,110.0,1
12.0,4824.0,261.0,65.0,1.0,1015.0,97.0,0
17.0,2817.0,153.0,217.0,7.0,1300.0,64.0,0
15.0,28.0,45.0,87.0,4.0,510.0,145.0,0
3.0,1440.0,160.0,253.0,7.0,951.0,79.0,1
7.0,843.0,79.0,252.0,3.0,1090.0,177.0,0
14.0,9.0,217.0,208.0,5.0,1175.0,194.0,0
10.0,4144.0,208.0,62.0,4.0,995.0,50.0,0
9.0,206.0,128.0,203.0,4.0,300.0,36.0,0
0.0,3679.0,85.0,171.0,6.0,940.0,46.0,0
5.0,1376.0,159.0,35.0,1.0,570.0,74.0,0
2.0,236.0,214.0,243.0,3.0,415.0,145.0,0
13.0,959.0,208.0,79.0,6.0,1215.0,159.0,1
16.0,5900.0,71.0,208.0,3.0,1052.0,86.0,1
10.0,3235.0,80.0,5.0,5.0,745.0,40.0,1
6.0,5368.0,180.0,16.0,7.0,1040.0,78.0,0
5.0,1054.0,197.0,16.0,4.0,1030.0,158.0,0
11.0,6284.0,71.0,135.0,6.0,555.0,174.0,0
12.0,6302.0,154.0,227.0,5.0,868.0,51.0,0
15.0,770.0,217.0,243.0,4.0,910.0,70.0,1
15.0,837.0,252.0,262.0,1.0,950.0,105.0,0
15.0,3936.0,153.0,236.0,5.0,1280.0,75.0,1
14.0,1822.0,60.0,35.0,4.0,695.0,122.0,0
9.0,194.0,128.0,203.0,7.0,1075.0,37.0,0
0.0,3735.0,85.0,0.0,5.0,1305.0,93.0,0
17.0,2858.0,103.0,217.0,5.0,540.0,72.0,0
0.0,4120.0,16.0,215.0,3.0,660.0,109.0,0
0.0,3881.0,16.0,275.0,3.0,1305.0,69.0,0
15.0,2019.0,154.0,217.0,6.0,850.0,75.0,0
1.0,1965.0,268.0,80.0,4.0,360.0,115.0,0
15.0,1566.0,214.0,262.0,1.0,1055.0,85.0,0
13.0,395.0,252.0,253.0,6.0,462.0,131.0,0
8.0,461.0,45.0,16.0,6.0,360.0,126.0,0
17.0,7237.0,84.0,208.0,4.0,901.0,79.0,0
11.0,6493.0,120.0,85.0,1.0,435.0,125.0,0
1.0,1587.0,80.0,18.0,6.0,815.0,55.0,0
5.0,2435.0,78.0,277.0,3.0,595.0,140.0,1
1.0,494.0,2.0,80.0,7.0,945.0,100.0,1
6.0,5173.0,16.0,27.0,7.0,570.0,59.0,1
5.0,2477.0,197.0,154.0,7.0,875.0,232.0,0
0.0,4003.0,177.0,204.0,1.0,815.0,101.0,0
15.0,2655.0,280.0,153.0,3.0,435.0,80.0,1
5.0,2307.0,16.0,162.0,4.0,1150.0,99.0,0
16.0,2866.0,184.0,96.0,7.0,783.0,137.0,1
16.0,3047.0,27.0,135.0,3.0,360.0,116.0,1
5.0,2959.0,197.0,268.0,4.0,1170.0,96.0,0
4.0,497.0,135.0,153.0,5.0,555.0,202.0,0
0.0,3944.0,197.0,171.0,7.0,1160.0,88.0,0
2.0,865.0,252.0,150.0,4.0,520.0,376.0,0
12.0,6990.0,218.0,79.0,4.0,524.0,157.0,0
16.0,2793.0,135.0,172.0,7.0,835.0,113.0,1
0.0,4098.0,233.0,148.0,6.0,420.0,135.0,0
7.0,143.0,129.0,79.0,6.0,375.0,146.0,0
3.0,728.0,37.0,148.0,7.0,335.0,231.0,0
16.0,5994.0,33.0,208.0,3.0,477.0,107.0,1
12.0,4750.0,207.0,261.0,1.0,980.0,104.0,0
16.0,2573.0,33.0,96.0,4.0,590.0,127.0,1
3.0,1276.0,173.0,35.0,6.0,661.0,162.0,0
5.0,1301.0,16.0,18.0,3.0,510.0,166.0,1
15.0,818.0,277.0,79.0,4.0,1055.0,250.0,0
15.0,1153.0,153.0,61.0,1.0,1025.0,230.0,0
5.0,2542.0,16.0,96.0,4.0,895.0,143.0,0
5.0,2158.0,80.0,85.0,6.0,896.0,155.0,0
6.0,5596.0,16.0,47.0,1.0,682.0,59.0,0
1.0,2412.0,154.0,80.0,7.0,410.0,185.0,0
12.0,6890.0,154.0,80.0,7.0,831.0,177.0,0
1.0,2546.0,173.0,148.0,4.0,505.0,150.0,1
12.0,4777.0,261.0,2.0,5.0,1005.0,102.0,0
15.0,1079.0,198.0,75.0,4.0,920.0,85.0,1
6.0,5154.0,16.0,278.0,3.0,1308.0,64.0,1
6.0,5344.0,288.0,16.0,7.0,859.0,78.0,0
3.0,540.0,213.0,96.0,1.0,710.0,168.0,1
14.0,86.0,217.0,214.0,1.0,525.0,172.0,0
12.0,6718.0,290.0,79.0,7.0,803.0,123.0,0
6.0,5120.0,16.0,285.0,1.0,448.0,59.0,0
0.0,4124.0,177.0,61.0,6.0,855.0,93.0,0
3.0,271.0,153.0,44.0,3.0,1177.0,63.0,0
16.0,5981.0,204.0,208.0,5.0,877.0,126.0,0
16.0,5929.0,136.0,208.0,4.0,884.0,110.0,0
13.0,303.0,148.0,253.0,7.0,360.0,404.0,0
16.0,3059.0,279.0,135.0,7.0,455.0,90.0,0
7.0,38.0,252.0,79.0,5.0,375.0,154.0,0
6.0,5062.0,16.0,120.0,4.0,487.0,73.0,0
14.0,1675.0,96.0,60.0,5.0,620.0,116.0,1
15.0,327.0,252.0,175.0,3.0,825.0,250.0,1
16.0,5978.0,134.0,43.0,7.0,1101.0,69.0,1
17.0,2651.0,84.0,217.0,3.0,470.0,205.0,0
12.0,6635.0,253.0,55.0,3.0,739.0,55.0,1
15.0,1604.0,75.0,244.0,6.0,750.0,65.0,0
11.0,6435.0,78.0,71.0,3.0,650.0,101.0,0
1.0,827.0,208.0,258.0,6.0,1140.0,280.0,1
6.0,7395.0,216.0,71.0,3.0,795.0,116.0,1
11.0,6564.0,22.0,71.0,7.0,1045.0,140.0,1
15.0,548.0,147.0,209.0,5.0,970.0,90.0,0
6.0,4990.0,27.0,16.0,7.0,840.0,67.0,1
15.0,2640.0,153.0,262.0,7.0,925.0,90.0,1
13.0,802.0,79.0,173.0,7.0,615.0,218.0,0
15.0,2957.0,173.0,45.0,6.0,690.0,125.0,0
15.0,2119.0,264.0,262.0,7.0,885.0,90.0,1
4.0,14.0,128.0,96.0,3.0,1180.0,570.0,0
1.0,1951.0,80.0,262.0,6.0,1265.0,225.0,0
6.0,5249.0,138.0,16.0,1.0,677.0,92.0,1
15.0,779.0,45.0,173.0,1.0,390.0,140.0,0
11.0,6340.0,96.0,177.0,7.0,370.0,187.0,0
5.0,2131.0,159.0,85.0,4.0,1130.0,130.0,1
8.0,68.0,16.0,134.0,5.0,1043.0,100.0,0
7.0,561.0,79.0,243.0,7.0,790.0,137.0,0
12.0,4817.0,261.0,208.0,4.0,526.0,189.0,0
15.0,1256.0,34.0,202.0,3.0,1135.0,105.0,1
15.0,577.0,277.0,43.0,4.0,525.0,160.0,0
5.0,2392.0,217.0,197.0,7.0,742.0,187.0,1
3.0,109.0,43.0,148.0,6.0,485.0,84.0,0
1.0,459.0,78.0,80.0,6.0,670.0,215.0,0
5.0,431.0,16.0,60.0,6.0,970.0,80.0,0
8.0,639.0,45.0,76.0,7.0,1290.0,89.0,1
5.0,576.0,260.0,148.0,1.0,865.0,260.0,0
15.0,1163.0,153.0,244.0,3.0,620.0,150.0,0
13.0,378.0,214.0,208.0,5.0,1390.0,238.0,0
1.0,1477.0,80.0,18.0,7.0,625.0,55.0,1
10.0,3901.0,221.0,208.0,3.0,630.0,95.0,1
12.0,6279.0,264.0,253.0,3.0,1027.0,80.0,0
14.0,234.0,217.0,85.0,7.0,960.0,228.0,0
5.0,1205.0,197.0,261.0,3.0,430.0,185.0,1
0.0,4102.0,16.0,121.0,7.0,665.0,62.0,1
12.0,6598.0,253.0,262.0,4.0,442.0,43.0,0
3.0,1419.0,35.0,147.0,1.0,560.0,174.0,1
13.0,906.0,253.0,208.0,6.0,664.0,256.0,1
13.0,386.0,252.0,79.0,6.0,412.0,168.0,0
13.0,120.0,253.0,134.0,7.0,593.0,310.0,0
13.0,410.0,79.0,61.0,1.0,605.0,163.0,0
15.0,728.0,228.0,153.0,4.0,610.0,375.0,0
15.0,1105.0,153.0,175.0,4.0,370.0,215.0,1
17.0,2623.0,60.0,71.0,5.0,965.0,89.0,0
12.0,4820.0,154.0,153.0,6.0,465.0,70.0,0
8.0,696.0,16.0,267.0,1.0,610.0,90.0,0
4.0,1635.0,96.0,217.0,3.0,980.0,333.0,1
10.0,3728.0,96.0,208.0,4.0,960.0,165.0,1
10.0,2822.0,80.0,275.0,3.0,810.0,120.0,1
12.0,7025.0,16.0,134.0,1.0,584.0,115.0,1
1.0,1428.0,260.0,148.0,5.0,790.0,250.0,1
8.0,103.0,16.0,80.0,5.0,525.0,147.0,1
15.0,2049.0,129.0,153.0,4.0,810.0,205.0,1
14.0,1262.0,183.0,216.0,5.0,360.0,169.0,1
12.0,6718.0,79.0,290.0,6.0,815.0,102.0,1
5.0,167.0,148.0,79.0,6.0,1110.0,286.0,1
5.0,1426.0,104.0,16.0,4.0,1130.0,120.0,0
6.0,5133.0,16.0,41.0,5.0,1135.0,97.0,0
14.0,2037.0,35.0,78.0,3.0,840.0,94.0,1
13.0,576.0,252.0,79.0,7.0,335.0,159.0,0
8.0,950.0,104.0,45.0,4.0,430.0,145.0,0
16.0,5984.0,285.0,134.0,7.0,360.0,95.0,0
15.0,843.0,2.0,217.0,5.0,895.0,75.0,0
15.0,1926.0,217.0,45.0,5.0,700.0,255.0,1
5.0,2110.0,16.0,61.0,7.0,1035.0,94.0,0
1.0,2015.0,85.0,183.0,3.0,895.0,190.0,0
4.0,1058.0,135.0,78.0,5.0,515.0,172.0,0
5.0,1246.0,60.0,85.0,5.0,765.0,110.0,0
12.0,6614.0,224.0,79.0,5.0,875.0,131.0,1
5.0,2063.0,78.0,197.0,3.0,500.0,173.0,0
6.0,7307.0,35.0,85.0,1.0,420.0,150.0,0
16.0,3127.0,135.0,155.0,5.0,1100.0,100.0,1
13.0,575.0,45.0,208.0,1.0,706.0,132.0,0
12.0,6364.0,246.0,154.0,6.0,370.0,45.0,0
13.0,158.0,253.0,208.0,7.0,1375.0,257.0,1
14.0,1299.0,60.0,268.0,1.0,1000.0,121.0,0
10.0,3010.0,246.0,154.0,3.0,1075.0,45.0,0
0.0,4175.0,148.0,139.0,4.0,1115.0,190.0,0
16.0,5890.0,121.0,208.0,1.0,721.0,117.0,0
4.0,1191.0,35.0,96.0,7.0,570.0,78.0,1
12.0,4747.0,154.0,153.0,5.0,877.0,69.0,1
8.0,1468.0,173.0,175.0,6.0,1248.0,165.0,0
5.0,2556.0,197.0,96.0,4.0,780.0,175.0,1
10.0,4351.0,208.0,166.0,6.0,1170.0,70.0,1
16.0,2372.0,116.0,135.0,6.0,870.0,79.0,0
14.0,1268.0,216.0,260.0,3.0,465.0,226.0,0
15.0,827.0,182.0,216.0,3.0,420.0,95.0,0
1.0,1980.0,80.0,173.0,1.0,595.0,140.0,0
13.0,787.0,253.0,243.0,7.0,1350.0,89.0,0
16.0,2214.0,135.0,27.0,3.0,1095.0,93.0,1
12.0,7806.0,261.0,64.0,4.0,669.0,89.0,1
0.0,4079.0,254.0,177.0,1.0,695.0,68.0,0
8.0,520.0,277.0,45.0,4.0,673.0,130.0,0
15.0,1118.0,129.0,91.0,4.0,1055.0,120.0,1
0.0,4078.0,158.0,177.0,6.0,1007.0,80.0,0
5.0,2036.0,85.0,45.0,5.0,450.0,95.0,0
4.0,448.0,96.0,253.0,1.0,420.0,396.0,1
16.0,2715.0,135.0,47.0,4.0,820.0,131.0,0
5.0,1891.0,16.0,277.0,1.0,529.0,97.0,0
9.0,545.0,203.0,128.0,4.0,1073.0,34.0,0
2.0,466.0,252.0,154.0,3.0,810.0,155.0,1
11.0,6576.0,157.0,85.0,6.0,912.0,81.0,1
12.0,6888.0,91.0,208.0,1.0,789.0,177.0,1
5.0,2600.0,197.0,45.0,7.0,1140.0,143.0,0
10.0,3357.0,190.0,80.0,5.0,360.0,115.0,0
1.0,1841.0,251.0,80.0,6.0,420.0,150.0,0
11.0,6400.0,71.0,58.0,5.0,970.0,72.0,0
15.0,1185.0,79.0,45.0,5.0,995.0,200.0,1
5.0,1395.0,35.0,159.0,7.0,1050.0,73.0,0
12.0,4730.0,243.0,154.0,1.0,1040.0,49.0,0
14.0,156.0,154.0,153.0,6.0,450.0,63.0,0
12.0,4507.0,79.0,261.0,4.0,530.0,95.0,0
14.0,1578.0,60.0,216.0,6.0,875.0,99.0,0
15.0,880.0,153.0,154.0,6.0,550.0,70.0,0
11.0,6505.0,216.0,177.0,5.0,660.0,173.0,0
12.0,6245.0,179.0,253.0,7.0,360.0,81.0,0
0.0,3867.0,90.0,85.0,4.0,995.0,88.0,0
8.0,1219.0,267.0,175.0,4.0,740.0,166.0,0
10.0,3057.0,100.0,154.0,5.0,635.0,65.0,0
4.0,518.0,96.0,277.0,1.0,1045.0,182.0,0
9.0,248.0,128.0,150.0,1.0,1066.0,43.0,0
8.0,155.0,139.0,45.0,6.0,360.0,100.0,0
15.0,1930.0,44.0,153.0,7.0,975.0,65.0,1
0.0,3971.0,16.0,136.0,6.0,915.0,148.0,0
6.0,5229.0,177.0,254.0,5.0,1170.0,68.0,0
14.0,1227.0,45.0,60.0,1.0,325.0,83.0,0
16.0,2046.0,10.0,135.0,6.0,420.0,62.0,0
10.0,3104.0,154.0,258.0,3.0,675.0,75.0,0
12.0,4795.0,261.0,264.0,4.0,593.0,116.0,0
5.0,1640.0,16.0,85.0,6.0,595.0,127.0,0
5.0,1737.0,45.0,85.0,4.0,585.0,95.0,1
2.0,124.0,98.0,252.0,7.0,525.0,225.0,0
5.0,2940.0,202.0,261.0,1.0,365.0,108.0,0
13.0,593.0,35.0,79.0,1.0,1071.0,289.0,0
12.0,4763.0,261.0,227.0,6.0,1190.0,98.0,1
13.0,943.0,208.0,154.0,4.0,1052.0,268.0,1
14.0,34.0,217.0,154.0,3.0,1180.0,85.0,0
15.0,2819.0,277.0,104.0,4.0,450.0,60.0,0
4.0,137.0,154.0,203.0,5.0,1025.0,345.0,0
13.0,44.0,154.0,134.0,6.0,1351.0,290.0,0
5.0,1373.0,35.0,159.0,4.0,390.0,82.0,0
17.0,2779.0,217.0,194.0,7.0,1258.0,174.0,0
6.0,5567.0,16.0,162.0,1.0,600.0,112.0,0
14.0,659.0,216.0,253.0,3.0,600.0,390.0,0
10.0,3637.0,183.0,251.0,6.0,1275.0,155.0,0
15.0,1686.0,182.0,216.0,1.0,750.0,100.0,0
14.0,878.0,138.0,60.0,5.0,1079.0,64.0,1
15.0,774.0,175.0,268.0,4.0,1140.0,65.0,1
15.0,1846.0,207.0,79.0,5.0,915.0,130.0,0
15.0,2125.0,13.0,75.0,6.0,430.0,65.0,0
5.0,2811.0,177.0,104.0,4.0,560.0,143.0,0
5.0,725.0,253.0,261.0,7.0,360.0,117.0,0
5.0,1796.0,85.0,139.0,4.0,610.0,80.0,0
12.0,6591.0,65.0,134.0,4.0,537.0,183.0,0
16.0,2764.0,96.0,268.0,7.0,1020.0,175.0,0
6.0,7093.0,61.0,134.0,6.0,857.0,84.0,1
12.0,6302.0,154.0,227.0,1.0,868.0,51.0,1
14.0,1787.0,60.0,198.0,5.0,875.0,124.0,0
16.0,2010.0,135.0,251.0,5.0,820.0,125.0,0
15.0,1814.0,202.0,154.0,7.0,500.0,75.0,0
13.0,44.0,203.0,154.0,7.0,815.0,325.0,0
6.0,7360.0,146.0,177.0,7.0,390.0,64.0,0
3.0,601.0,229.0,148.0,6.0,360.0,75.0,0
10.0,3743.0,208.0,197.0,7.0,1050.0,95.0,1
16.0,2781.0,35.0,58.0,1.0,520.0,125.0,1
14.0,1997.0,60.0,104.0,4.0,595.0,128.0,0
13.0,616.0,208.0,78.0,5.0,840.0,111.0,0
3.0,1275.0,35.0,173.0,1.0,420.0,194.0,0
6.0,5499.0,35.0,78.0,1.0,1055.0,110.0,0
12.0,6347.0,208.0,17.0,3.0,902.0,49.0,0
11.0,6554.0,78.0,268.0,6.0,751.0,143.0,0
5.0,2991.0,261.0,264.0,3.0,1305.0,117.0,1
8.0,630.0,76.0,45.0,3.0,360.0,93.0,0
2.0,161.0,8.0,14.0,7.0,1035.0,168.0,0
8.0,421.0,223.0,16.0,6.0,1090.0,70.0,0
0.0,4322.0,197.0,166.0,5.0,680.0,52.0,0
10.0,4141.0,208.0,172.0,6.0,1045.0,100.0,1
16.0,2618.0,251.0,96.0,4.0,839.0,114.0,1
8.0,777.0,16.0,153.0,5.0,660.0,285.0,0
12.0,6254.0,208.0,33.0,6.0,823.0,87.0,1
1.0,696.0,80.0,183.0,1.0,1015.0,165.0,1
5.0,2170.0,244.0,16.0,3.0,729.0,131.0,1
1.0,2423.0,208.0,172.0,3.0,870.0,90.0,1
10.0,3644.0,177.0,183.0,6.0,810.0,145.0,1
12.0,4543.0,34.0,261.0,1.0,1050.0,73.0,0
3.0,1202.0,173.0,35.0,3.0,835.0,168.0,1
5.0,1110.0,85.0,233.0,1.0,825.0,103.0,1
8.0,406.0,16.0,139.0,4.0,837.0,93.0,0
4.0,244.0,135.0,58.0,7.0,975.0,162.0,0
5.0,2186.0,16.0,159.0,6.0,820.0,135.0,0
14.0,1705.0,22.0,60.0,3.0,1150.0,134.0,0
12.0,6274.0,208.0,130.0,1.0,961.0,125.0,1
0.0,3684.0,148.0,42.0,1.0,540.0,109.0,1
9.0,225.0,203.0,128.0,6.0,956.0,34.0,0
15.0,1956.0,217.0,262.0,5.0,1245.0,120.0,1
1.0,1715.0,208.0,153.0,6.0,785.0,250.0,1
15.0,653.0,33.0,216.0,3.0,900.0,120.0,1
14.0,245.0,104.0,217.0,6.0,420.0,315.0,0
5.0,1492.0,217.0,197.0,7.0,475.0,184.0,0
5.0,2386.0,16.0,159.0,1.0,1000.0,140.0,1
6.0,5168.0,16.0,19.0,7.0,757.0,56.0,1
5.0,2905.0,277.0,154.0,7.0,1125.0,319.0,0
5.0,1167.0,16.0,264.0,5.0,980.0,296.0,0
1.0,22.0,154.0,148.0,3.0,900.0,315.0,0
3.0,463.0,35.0,241.0,5.0,990.0,216.0,1
5.0,1410.0,79.0,85.0,7.0,966.0,169.0,1
16.0,5905.0,208.0,195.0,7.0,474.0,49.0,0
3.0,1053.0,148.0,221.0,5.0,915.0,107.0,0
15.0,1441.0,202.0,214.0,7.0,545.0,105.0,0
5.0,1882.0,261.0,85.0,1.0,1041.0,213.0,0
6.0,5151.0,278.0,16.0,1.0,870.0,76.0,0
12.0,6618.0,248.0,253.0,7.0,1039.0,61.0,1
13.0,132.0,214.0,208.0,5.0,381.0,234.0,0
4.0,1047.0,208.0,135.0,4.0,915.0,172.0,0
11.0,6341.0,85.0,17.0,4.0,545.0,97.0,0
15.0,136.0,153.0,252.0,4.0,750.0,165.0,0
5.0,1557.0,85.0,172.0,5.0,1191.0,134.0,0
5.0,2481.0,209.0,16.0,7.0,345.0,120.0,0
11.0,6740.0,78.0,147.0,5.0,779.0,126.0,0
6.0,5605.0,16.0,190.0,4.0,505.0,85.0,1
13.0,103.0,79.0,262.0,7.0,715.0,162.0,0
16.0,5940.0,238.0,208.0,3.0,793.0,121.0,1
5.0,680.0,16.0,96.0,4.0,455.0,132.0,0
12.0,7046.0,79.0,279.0,6.0,618.0,90.0,0
15.0,705.0,2.0,75.0,5.0,530.0,100.0,1
15.0,1333.0,45.0,162.0,7.0,875.0,165.0,1
5.0,2863.0,148.0,154.0,3.0,720.0,370.0,0
11.0,6767.0,148.0,85.0,6.0,490.0,135.0,0
4.0,166.0,252.0,135.0,5.0,495.0,247.0,0
16.0,2780.0,135.0,209.0,5.0,770.0,159.0,0
15.0,957.0,104.0,43.0,5.0,610.0,185.0,0
4.0,1607.0,277.0,135.0,5.0,710.0,141.0,0
13.0,75.0,253.0,128.0,6.0,763.0,317.0,0
5.0,2306.0,162.0,16.0,6.0,330.0,97.0,0
6.0,5488.0,115.0,16.0,7.0,505.0,86.0,0
16.0,3047.0,27.0,135.0,5.0,360.0,116.0,0
14.0,1884.0,277.0,216.0,4.0,720.0,149.0,0
15.0,987.0,79.0,217.0,5.0,735.0,115.0,0
0.0,4002.0,177.0,27.0,3.0,1180.0,65.0,0
10.0,4288.0,85.0,208.0,3.0,1225.0,80.0,1
5.0,2525.0,35.0,197.0,5.0,360.0,210.0,0
5.0,1418.0,173.0,16.0,6.0,390.0,94.0,0
16.0,2044.0,135.0,60.0,1.0,1055.0,136.0,1
13.0,193.0,153.0,253.0,5.0,807.0,106.0,0
11.0,6362.0,133.0,71.0,5.0,885.0,55.0,0
10.0,4454.0,78.0,148.0,3.0,1080.0,80.0,0
5.0,1857.0,261.0,252.0,7.0,506.0,137.0,0
1.0,539.0,173.0,80.0,6.0,925.0,180.0,1
16.0,2696.0,76.0,58.0,4.0,365.0,54.0,0
10.0,3353.0,80.0,13.0,3.0,1045.0,70.0,1
17.0,2692.0,177.0,60.0,6.0,360.0,105.0,0
16.0,2109.0,96.0,85.0,4.0,870.0,119.0,0
5.0,1457.0,261.0,252.0,1.0,845.0,130.0,0
4.0,594.0,154.0,135.0,1.0,1020.0,189.0,1
12.0,6707.0,85.0,79.0,1.0,984.0,200.0,0
6.0,5417.0,84.0,16.0,5.0,1060.0,132.0,1
6.0,5113.0,81.0,16.0,4.0,620.0,60.0,0
14.0,2133.0,35.0,159.0,7.0,900.0,76.0,0
15.0,575.0,172.0,204.0,6.0,660.0,70.0,1
5.0,124.0,154.0,16.0,3.0,540.0,253.0,0
2.0,870.0,14.0,128.0,4.0,850.0,369.0,0
14.0,622.0,202.0,217.0,1.0,750.0,108.0,0
10.0,3019.0,154.0,100.0,5.0,1260.0,60.0,0
8.0,50.0,154.0,16.0,3.0,861.0,250.0,0
5.0,2272.0,277.0,16.0,1.0,510.0,100.0,0
15.0,1783.0,147.0,33.0,3.0,1130.0,95.0,1
13.0,705.0,134.0,208.0,3.0,360.0,131.0,0
1.0,735.0,78.0,183.0,3.0,1090.0,160.0,0
10.0,4558.0,159.0,58.0,3.0,480.0,110.0,0
8.0,840.0,173.0,16.0,7.0,589.0,92.0,0
2.0,642.0,252.0,217.0,5.0,1210.0,164.0,0
10.0,2985.0,11.0,80.0,4.0,380.0,175.0,0
1.0,597.0,208.0,244.0,5.0,1120.0,180.0,0
6.0,5555.0,157.0,16.0,7.0,1079.0,90.0,1
15.0,654.0,217.0,154.0,5.0,860.0,85.0,1
3.0,1249.0,35.0,134.0,4.0,375.0,100.0,0
6.0,5420.0,85.0,182.0,6.0,610.0,107.0,0
1.0,1841.0,80.0,280.0,1.0,565.0,145.0,0
5.0,2338.0,16.0,78.0,1.0,740.0,99.0,0
15.0,1199.0,175.0,205.0,5.0,800.0,90.0,0
15.0,51.0,162.0,75.0,3.0,1045.0,70.0,1
3.0,908.0,208.0,148.0,7.0,675.0,125.0,0
1.0,2337.0,96.0,208.0,7.0,770.0,155.0,0
16.0,5947.0,208.0,76.0,4.0,623.0,60.0,0
17.0,7291.0,134.0,159.0,3.0,434.0,75.0,1
17.0,2711.0,217.0,100.0,6.0,650.0,103.0,0
16.0,5982.0,251.0,208.0,5.0,1134.0,91.0,0
15.0,938.0,45.0,217.0,4.0,755.0,320.0,1
1.0,573.0,18.0,154.0,1.0,460.0,195.0,0
1.0,32.0,154.0,148.0,6.0,825.0,320.0,1
0.0,3801.0,58.0,177.0,7.0,1056.0,134.0,0
0.0,4003.0,177.0,204.0,7.0,815.0,101.0,1
15.0,16.0,154.0,253.0,4.0,920.0,80.0,1
11.0,6473.0,35.0,148.0,1.0,1050.0,100.0,1
17.0,2710.0,91.0,217.0,7.0,897.0,84.0,0
10.0,2802.0,284.0,80.0,7.0,655.0,50.0,0
11.0,6318.0,71.0,120.0,6.0,680.0,74.0,1
5.0,2639.0,78.0,16.0,5.0,540.0,125.0,1
13.0,24.0,252.0,208.0,6.0,1414.0,226.0,0
11.0,6578.0,85.0,290.0,5.0,520.0,147.0,0
14.0,1211.0,78.0,213.0,7.0,1055.0,151.0,0
2.0,515.0,264.0,252.0,6.0,420.0,173.0,0
9.0,195.0,203.0,128.0,3.0,1140.0,33.0,0
11.0,6637.0,205.0,177.0,7.0,700.0,112.0,0
12.0,3094.0,184.0,205.0,6.0,852.0,80.0,1
16.0,3062.0,135.0,147.0,5.0,595.0,116.0,1
5.0,1098.0,16.0,221.0,5.0,735.0,100.0,0
6.0,5417.0,16.0,84.0,1.0,959.0,131.0,1
10.0,3268.0,5.0,80.0,5.0,410.0,45.0,1
15.0,827.0,33.0,18.0,1.0,655.0,140.0,1
15.0,2031.0,153.0,2.0,4.0,875.0,80.0,1
14.0,2119.0,35.0,159.0,4.0,480.0,75.0,0
14.0,1046.0,277.0,216.0,5.0,1170.0,143.0,0
14.0,2162.0,78.0,159.0,4.0,480.0,74.0,0
15.0,933.0,45.0,129.0,5.0,620.0,220.0,1
7.0,859.0,79.0,217.0,5.0,1086.0,111.0,0
1.0,2299.0,85.0,183.0,6.0,360.0,190.0,0
5.0,2983.0,85.0,195.0,4.0,1200.0,85.0,0
5.0,1670.0,261.0,214.0,5.0,1220.0,123.0,1
10.0,3617.0,183.0,139.0,6.0,525.0,165.0,0
15.0,934.0,264.0,153.0,7.0,1100.0,65.0,1
5.0,1595.0,111.0,261.0,4.0,785.0,94.0,0
16.0,3079.0,268.0,135.0,4.0,1075.0,129.0,0
15.0,545.0,207.0,262.0,5.0,515.0,80.0,0
10.0,3653.0,183.0,251.0,6.0,705.0,155.0,1
15.0,1755.0,258.0,154.0,4.0,1200.0,70.0,1
12.0,6484.0,17.0,79.0,1.0,837.0,165.0,1
0.0,4316.0,16.0,285.0,6.0,1135.0,55.0,0
8.0,1002.0,174.0,173.0,1.0,653.0,148.0,0
17.0,7291.0,159.0,134.0,4.0,550.0,83.0,0
17.0,7278.0,208.0,273.0,3.0,998.0,99.0,1
15.0,3244.0,243.0,18.0,4.0,890.0,160.0,0
5.0,12.0,173.0,16.0,1.0,870.0,95.0,0
1.0,2103.0,134.0,183.0,6.0,360.0,160.0,0
15.0,3773.0,45.0,35.0,7.0,1235.0,80.0,0
16.0,2091.0,71.0,135.0,3.0,395.0,164.0,0
5.0,1064.0,16.0,186.0,7.0,1250.0,92.0,1
7.0,146.0,79.0,129.0,5.0,707.0,137.0,0
6.0,5366.0,254.0,16.0,6.0,360.0,119.0,0
5.0,1601.0,35.0,16.0,4.0,885.0,174.0,1
2.0,514.0,252.0,264.0,6.0,990.0,157.0,0
13.0,275.0,208.0,172.0,4.0,1052.0,98.0,0
5.0,158.0,85.0,159.0,7.0,1185.0,115.0,1
5.0,1800.0,147.0,16.0,5.0,450.0,90.0,0
10.0,3193.0,154.0,258.0,6.0,400.0,75.0,0
0.0,3667.0,272.0,85.0,4.0,754.0,111.0,1
10.0,4400.0,233.0,78.0,1.0,900.0,59.0,0
2.0,67.0,149.0,14.0,3.0,1210.0,106.0,0
16.0,2628.0,245.0,135.0,7.0,510.0,160.0,0
5.0,1381.0,35.0,159.0,4.0,630.0,71.0,0
10.0,4021.0,208.0,62.0,6.0,720.0,50.0,0
13.0,119.0,253.0,154.0,3.0,977.0,93.0,0
12.0,4818.0,261.0,79.0,4.0,585.0,85.0,0
14.0,543.0,80.0,153.0,5.0,900.0,176.0,0
0.0,3705.0,26.0,85.0,3.0,504.0,156.0,0
5.0,2082.0,16.0,215.0,3.0,837.0,96.0,0
14.0,1621.0,96.0,60.0,6.0,780.0,118.0,1
16.0,2865.0,184.0,135.0,5.0,335.0,174.0,0
15.0,324.0,175.0,104.0,1.0,910.0,185.0,0
9.0,241.0,143.0,128.0,4.0,1256.0,49.0,0
0.0,3807.0,85.0,171.0,6.0,735.0,52.0,0
13.0,438.0,154.0,208.0,7.0,1058.0,239.0,0
15.0,514.0,175.0,153.0,1.0,620.0,245.0,1
14.0,1101.0,35.0,60.0,3.0,480.0,150.0,0
12.0,6722.0,224.0,79.0,1.0,365.0,139.0,0
13.0,972.0,253.0,208.0,6.0,604.0,256.0,0
16.0,3130.0,78.0,96.0,3.0,410.0,63.0,1
1.0,28.0,128.0,253.0,6.0,825.0,300.0,0
11.0,6641.0,120.0,85.0,4.0,757.0,112.0,0
6.0,5359.0,69.0,16.0,1.0,830.0,95.0,1
0.0,4020.0,121.0,71.0,3.0,410.0,92.0,1
12.0,6592.0,208.0,19.0,6.0,1079.0,105.0,1
14.0,592.0,261.0,217.0,4.0,645.0,99.0,0
10.0,4087.0,0.0,208.0,3.0,1145.0,150.0,1
0.0,3969.0,16.0,130.0,5.0,735.0,148.0,0
15.0,912.0,79.0,104.0,5.0,720.0,230.0,1
10.0,2739.0,80.0,170.0,4.0,1005.0,75.0,0
5.0,2584.0,261.0,236.0,5.0,695.0,91.0,0
15.0,1016.0,175.0,129.0,5.0,850.0,170.0,1
15.0,1252.0,228.0,173.0,1.0,705.0,185.0,1
16.0,2194.0,120.0,135.0,7.0,1075.0,179.0,0
9.0,555.0,203.0,128.0,3.0,1235.0,33.0,0
15.0,274.0,173.0,139.0,7.0,635.0,150.0,0
5.0,2778.0,243.0,261.0,3.0,615.0,110.0,1
15.0,2584.0,2.0,153.0,6.0,750.0,95.0,0
1.0,1672.0,80.0,183.0,6.0,1110.0,155.0,0
2.0,742.0,252.0,16.0,4.0,560.0,289.0,1
1.0,655.0,148.0,269.0,1.0,540.0,250.0,0
13.0,414.0,208.0,22.0,5.0,370.0,129.0,0
15.0,1795.0,217.0,264.0,7.0,1240.0,75.0,1
12.0,6397.0,248.0,154.0,7.0,1045.0,62.0,1
5.0,1247.0,186.0,16.0,7.0,674.0,101.0,0
5.0,2425.0,45.0,16.0,6.0,1050.0,129.0,1
1.0,664.0,104.0,148.0,6.0,705.0,170.0,0
3.0,146.0,213.0,148.0,7.0,360.0,152.0,0
3.0,435.0,35.0,173.0,4.0,820.0,193.0,1
0.0,3681.0,85.0,82.0,4.0,1175.0,124.0,0
17.0,2719.0,18.0,217.0,6.0,505.0,167.0,0
5.0,2788.0,184.0,197.0,7.0,550.0,84.0,0
15.0,518.0,262.0,264.0,1.0,525.0,90.0,1
6.0,5165.0,11.0,16.0,1.0,350.0,60.0,0
15.0,2708.0,153.0,280.0,6.0,1170.0,75.0,1
0.0,4302.0,58.0,85.0,7.0,725.0,60.0,0
17.0,2721.0,217.0,246.0,3.0,885.0,93.0,1
13.0,312.0,134.0,22.0,6.0,1020.0,80.0,0
5.0,1137.0,16.0,2.0,6.0,654.0,215.0,0
15.0,3484.0,262.0,243.0,5.0,1270.0,80.0,1
1.0,1400.0,208.0,173.0,1.0,875.0,155.0,1
15.0,3230.0,45.0,147.0,4.0,780.0,130.0,1
0.0,4160.0,69.0,85.0,5.0,715.0,80.0,0
4.0,296.0,153.0,135.0,7.0,595.0,178.0,0
8.0,28.0,16.0,175.0,6.0,1340.0,118.0,0
14.0,1296.0,268.0,60.0,3.0,360.0,113.0,0
1.0,939.0,233.0,183.0,1.0,805.0,130.0,1
10.0,4697.0,85.0,159.0,1.0,360.0,100.0,0
16.0,2067.0,96.0,147.0,3.0,905.0,154.0,0
13.0,265.0,221.0,154.0,6.0,1080.0,330.0,0
5.0,2046.0,217.0,16.0,4.0,998.0,212.0,0
15.0,3415.0,268.0,35.0,1.0,1080.0,155.0,1
13.0,812.0,111.0,79.0,6.0,373.0,137.0,0
15.0,3395.0,153.0,277.0,3.0,990.0,250.0,1
14.0,1615.0,60.0,172.0,3.0,695.0,158.0,1
6.0,5509.0,16.0,279.0,4.0,650.0,130.0,0
7.0,653.0,79.0,253.0,1.0,505.0,161.0,1
9.0,302.0,128.0,143.0,1.0,806.0,52.0,0
10.0,3028.0,154.0,100.0,1.0,1065.0,60.0,0
6.0,5427.0,16.0,115.0,7.0,1152.0,77.0,0
0.0,3733.0,16.0,135.0,1.0,725.0,140.0,1
15.0,3763.0,79.0,45.0,7.0,725.0,200.0,1
15.0,290.0,175.0,139.0,6.0,755.0,50.0,1
15.0,668.0,129.0,198.0,4.0,1205.0,60.0,0
16.0,2191.0,96.0,182.0,7.0,1300.0,69.0,1
17.0,2980.0,264.0,217.0,3.0,625.0,75.0,0
5.0,1120.0,16.0,47.0,7.0,1219.0,67.0,0
17.0,2879.0,217.0,24.0,4.0,1260.0,90.0,0
15.0,1357.0,153.0,162.0,3.0,575.0,180.0,1
17.0,2904.0,60.0,138.0,5.0,679.0,54.0,0
14.0,634.0,217.0,221.0,7.0,965.0,229.0,0
6.0,5171.0,71.0,16.0,3.0,1135.0,98.0,1
13.0,607.0,78.0,208.0,1.0,515.0,129.0,0
3.0,401.0,35.0,198.0,3.0,672.0,229.0,0
14.0,578.0,217.0,277.0,1.0,595.0,238.0,0
12.0,6417.0,263.0,154.0,6.0,694.0,57.0,0
4.0,1055.0,96.0,154.0,5.0,985.0,368.0,0
16.0,2791.0,135.0,71.0,7.0,815.0,135.0,0
5.0,2259.0,22.0,197.0,6.0,495.0,190.0,0
16.0,2435.0,135.0,147.0,1.0,492.0,116.0,0
5.0,1902.0,153.0,16.0,4.0,667.0,229.0,1
4.0,32.0,198.0,135.0,1.0,810.0,75.0,0
15.0,59.0,258.0,217.0,7.0,670.0,110.0,0
1.0,1878.0,262.0,80.0,5.0,360.0,205.0,1
4.0,315.0,37.0,96.0,5.0,165.0,246.0,0
16.0,2059.0,96.0,139.0,3.0,820.0,134.0,0
14.0,769.0,216.0,35.0,3.0,855.0,82.0,0
16.0,5946.0,208.0,251.0,1.0,646.0,72.0,1
15.0,719.0,43.0,45.0,5.0,905.0,70.0,0
15.0,3158.0,45.0,141.0,6.0,930.0,60.0,1
4.0,1606.0,243.0,135.0,7.0,585.0,185.0,0
1.0,2275.0,33.0,80.0,3.0,875.0,125.0,0
6.0,4954.0,41.0,16.0,1.0,882.0,88.0,1
8.0,1011.0,76.0,277.0,6.0,480.0,148.0,0
5.0,1083.0,233.0,16.0,7.0,810.0,95.0,1
6.0,7343.0,16.0,136.0,4.0,660.0,145.0,0
16.0,2457.0,96.0,234.0,1.0,502.0,94.0,0
5.0,2061.0,216.0,16.0,6.0,390.0,140.0,0
0.0,3988.0,171.0,85.0,7.0,812.0,53.0,1
6.0,5325.0,169.0,16.0,1.0,827.0,97.0,0
4.0,1877.0,216.0,135.0,3.0,850.0,223.0,1
14.0,944.0,217.0,197.0,6.0,790.0,186.0,0
8.0,262.0,78.0,184.0,3.0,700.0,125.0,0
7.0,230.0,79.0,33.0,5.0,1145.0,148.0,0
5.0,1013.0,85.0,16.0,6.0,1170.0,130.0,0
12.0,6846.0,253.0,246.0,5.0,652.0,76.0,1
12.0,6544.0,79.0,15.0,3.0,606.0,45.0,1
12.0,6229.0,253.0,18.0,7.0,965.0,203.0,1
12.0,6263.0,253.0,100.0,1.0,618.0,61.0,1
15.0,2453.0,217.0,205.0,4.0,960.0,155.0,1
15.0,450.0,262.0,207.0,3.0,1045.0,75.0,1
0.0,3988.0,85.0,237.0,7.0,910.0,95.0,1
1.0,1907.0,78.0,183.0,1.0,430.0,165.0,1
14.0,846.0,60.0,216.0,6.0,785.0,102.0,0
4.0,752.0,135.0,261.0,4.0,1300.0,196.0,0
11.0,6518.0,109.0,71.0,3.0,886.0,54.0,1
8.0,328.0,253.0,16.0,6.0,1439.0,270.0,0
8.0,256.0,106.0,16.0,7.0,1095.0,125.0,0
5.0,66.0,277.0,16.0,7.0,807.0,101.0,0
14.0,2182.0,78.0,159.0,5.0,1080.0,84.0,1
15.0,3602.0,175.0,228.0,1.0,595.0,125.0,1
15.0,2725.0,221.0,277.0,3.0,420.0,155.0,0
15.0,2961.0,79.0,214.0,5.0,1195.0,180.0,1
9.0,248.0,128.0,150.0,6.0,1066.0,43.0,0
12.0,4548.0,197.0,102.0,7.0,700.0,159.0,0
6.0,5115.0,16.0,54.0,6.0,655.0,76.0,0
15.0,27.0,45.0,22.0,5.0,1235.0,65.0,1
12.0,6555.0,79.0,114.0,5.0,504.0,58.0,0
15.0,1048.0,244.0,243.0,4.0,970.0,185.0,0
1.0,2075.0,96.0,80.0,3.0,1185.0,245.0,1
12.0,4639.0,208.0,261.0,4.0,970.0,205.0,1
5.0,2251.0,60.0,16.0,7.0,631.0,82.0,0
5.0,1865.0,16.0,241.0,5.0,575.0,115.0,1
10.0,4664.0,58.0,159.0,4.0,535.0,95.0,0
8.0,84.0,104.0,16.0,4.0,360.0,113.0,0
17.0,2714.0,100.0,217.0,6.0,723.0,96.0,0
15.0,824.0,173.0,104.0,4.0,450.0,55.0,0
13.0,926.0,154.0,253.0,7.0,991.0,85.0,1
12.0,6835.0,262.0,154.0,7.0,629.0,88.0,1
10.0,4597.0,233.0,159.0,5.0,870.0,90.0,0
10.0,3012.0,154.0,79.0,6.0,955.0,145.0,0
1.0,1742.0,280.0,80.0,4.0,695.0,130.0,1
17.0,1028.0,161.0,128.0,7.0,970.0,29.0,1
9.0,256.0,128.0,203.0,7.0,610.0,37.0,0
16.0,2736.0,285.0,96.0,4.0,825.0,117.0,0
12.0,6501.0,79.0,162.0,6.0,964.0,116.0,1
15.0,1566.0,45.0,18.0,4.0,510.0,235.0,1
15.0,1059.0,153.0,44.0,6.0,775.0,70.0,0
12.0,6627.0,79.0,227.0,7.0,917.0,134.0,1
0.0,3897.0,275.0,177.0,6.0,1040.0,99.0,0
13.0,694.0,208.0,159.0,4.0,1260.0,119.0,0
5.0,2077.0,22.0,85.0,5.0,987.0,128.0,0
4.0,1054.0,96.0,213.0,6.0,695.0,168.0,1
15.0,864.0,45.0,79.0,7.0,1130.0,255.0,1
15.0,468.0,34.0,236.0,5.0,555.0,65.0,1
8.0,558.0,16.0,43.0,4.0,615.0,122.0,0
13.0,145.0,253.0,154.0,3.0,541.0,94.0,0
15.0,2116.0,33.0,172.0,5.0,860.0,105.0,1
0.0,3994.0,197.0,240.0,7.0,860.0,50.0,1
16.0,3150.0,213.0,58.0,7.0,725.0,157.0,0
5.0,2953.0,85.0,261.0,5.0,1034.0,239.0,0
16.0,3004.0,135.0,184.0,1.0,775.0,153.0,0
14.0,1569.0,216.0,45.0,3.0,1085.0,59.0,1
1.0,1546.0,264.0,80.0,7.0,1015.0,165.0,0
13.0,369.0,244.0,79.0,4.0,522.0,144.0,0
16.0,5954.0,99.0,208.0,3.0,1108.0,112.0,0
14.0,612.0,217.0,16.0,4.0,795.0,215.0,1
16.0,2330.0,170.0,135.0,7.0,805.0,86.0,0
5.0,2531.0,159.0,85.0,7.0,870.0,118.0,0
14.0,721.0,60.0,183.0,4.0,1080.0,125.0,0
14.0,473.0,153.0,253.0,1.0,990.0,95.0,0
0.0,3964.0,12.0,148.0,7.0,355.0,90.0,0
0.0,3916.0,121.0,85.0,7.0,1000.0,115.0,1
16.0,5890.0,208.0,121.0,1.0,525.0,101.0,1
15.0,888.0,202.0,111.0,5.0,545.0,125.0,0
1.0,1226.0,183.0,159.0,4.0,1220.0,165.0,1
8.0,104.0,80.0,16.0,3.0,652.0,118.0,0
2.0,501.0,264.0,252.0,4.0,600.0,168.0,0
15.0,1815.0,153.0,243.0,4.0,950.0,65.0,1
12.0,6984.0,208.0,244.0,3.0,1079.0,176.0,1
10.0,2951.0,68.0,80.0,4.0,1050.0,80.0,0
16.0,5900.0,208.0,71.0,5.0,895.0,69.0,1
5.0,1521.0,85.0,277.0,7.0,1040.0,158.0,0
7.0,858.0,217.0,79.0,7.0,938.0,107.0,0
15.0,1409.0,262.0,44.0,5.0,1145.0,70.0,0
4.0,107.0,96.0,135.0,6.0,905.0,233.0,0
13.0,81.0,154.0,128.0,3.0,530.0,334.0,0
0.0,3694.0,85.0,175.0,5.0,935.0,71.0,0
5.0,2421.0,197.0,154.0,1.0,1035.0,243.0,1
13.0,363.0,134.0,208.0,3.0,1325.0,133.0,1
15.0,3494.0,154.0,261.0,3.0,485.0,105.0,0
0.0,3997.0,177.0,147.0,6.0,520.0,104.0,0
15.0,3773.0,277.0,147.0,3.0,1010.0,50.0,1
9.0,169.0,150.0,203.0,4.0,760.0,31.0,0
16.0,2920.0,135.0,290.0,4.0,955.0,86.0,0
6.0,5389.0,215.0,16.0,5.0,1137.0,116.0,0
8.0,959.0,45.0,104.0,4.0,1006.0,158.0,0
3.0,81.0,148.0,104.0,6.0,899.0,192.0,1
15.0,1845.0,217.0,252.0,6.0,630.0,190.0,0
15.0,2361.0,172.0,79.0,6.0,1095.0,115.0,0
15.0,741.0,253.0,79.0,3.0,575.0,150.0,1
5.0,2013.0,148.0,71.0,7.0,1060.0,149.0,0
15.0,108.0,173.0,175.0,1.0,890.0,170.0,1
16.0,2555.0,116.0,135.0,1.0,740.0,84.0,0
3.0,739.0,148.0,225.0,3.0,1439.0,223.0,0
1.0,1211.0,85.0,80.0,5.0,805.0,175.0,1
12.0,4844.0,261.0,230.0,4.0,1025.0,99.0,0
10.0,3829.0,16.0,208.0,3.0,1275.0,120.0,0
15.0,1065.0,35.0,45.0,1.0,545.0,90.0,0
17.0,7291.0,221.0,134.0,6.0,1197.0,63.0,1
11.0,6556.0,71.0,198.0,3.0,905.0,135.0,1
15.0,1681.0,175.0,214.0,1.0,530.0,280.0,1
15.0,321.0,207.0,202.0,6.0,1040.0,75.0,1
12.0,6553.0,253.0,179.0,4.0,1050.0,98.0,1
11.0,6581.0,233.0,35.0,4.0,420.0,130.0,0
5.0,2013.0,148.0,71.0,3.0,1060.0,149.0,0
14.0,1250.0,173.0,216.0,7.0,725.0,143.0,0
15.0,910.0,33.0,27.0,3.0,1040.0,50.0,1
1.0,866.0,183.0,216.0,5.0,1330.0,159.0,0
2.0,511.0,264.0,252.0,7.0,1080.0,170.0,0
13.0,740.0,202.0,79.0,4.0,360.0,146.0,0
0.0,3654.0,136.0,197.0,1.0,950.0,110.0,0
5.0,1569.0,16.0,173.0,7.0,905.0,90.0,0
10.0,3709.0,16.0,208.0,6.0,845.0,125.0,1
12.0,6375.0,208.0,63.0,7.0,717.0,81.0,0
15.0,910.0,153.0,33.0,1.0,680.0,210.0,1
15.0,2903.0,243.0,18.0,7.0,500.0,160.0,1
12.0,7012.0,208.0,184.0,1.0,1034.0,42.0,0
12.0,4804.0,100.0,261.0,7.0,811.0,101.0,1
15.0,618.0,154.0,202.0,3.0,835.0,75.0,0
9.0,535.0,203.0,128.0,5.0,621.0,34.0,1
12.0,4521.0,114.0,261.0,7.0,915.0,60.0,1
5.0,1914.0,261.0,34.0,6.0,810.0,70.0,0
10.0,4153.0,20.0,208.0,4.0,830.0,135.0,0
7.0,138.0,79.0,80.0,3.0,955.0,108.0,0
16.0,3040.0,135.0,27.0,4.0,515.0,90.0,0
16.0,2546.0,58.0,197.0,3.0,1000.0,124.0,0
15.0,1385.0,202.0,44.0,4.0,680.0,65.0,1
12.0,4839.0,261.0,2.0,6.0,510.0,104.0,0
5.0,1765.0,148.0,253.0,3.0,615.0,387.0,0
15.0,3853.0,228.0,277.0,4.0,540.0,200.0,0
12.0,6531.0,248.0,253.0,4.0,1259.0,61.0,0
0.0,3678.0,112.0,197.0,1.0,785.0,65.0,0
17.0,7260.0,12.0,134.0,3.0,1174.0,88.0,0
15.0,813.0,213.0,277.0,6.0,685.0,50.0,0
5.0,1827.0,16.0,104.0,7.0,668.0,120.0,0
16.0,2806.0,96.0,172.0,1.0,886.0,194.0,1
12.0,6946.0,154.0,57.0,5.0,1353.0,41.0,1
15.0,2060.0,262.0,154.0,6.0,550.0,80.0,1
1.0,1636.0,91.0,80.0,1.0,570.0,105.0,0
4.0,1830.0,135.0,213.0,5.0,1160.0,142.0,1
12.0,4524.0,196.0,261.0,5.0,1050.0,83.0,0
10.0,3798.0,208.0,2.0,3.0,1170.0,190.0,1
16.0,2962.0,135.0,65.0,7.0,735.0,140.0,0
10.0,3900.0,208.0,22.0,3.0,725.0,125.0,0
12.0,6695.0,91.0,79.0,4.0,741.0,108.0,0
15.0,1246.0,268.0,45.0,1.0,670.0,115.0,1
1.0,863.0,183.0,260.0,7.0,760.0,145.0,1
4.0,226.0,135.0,45.0,7.0,610.0,170.0,0
15.0,1847.0,277.0,233.0,1.0,775.0,105.0,1
15.0,1671.0,12.0,175.0,4.0,985.0,145.0,1
1.0,1810.0,80.0,60.0,7.0,510.0,135.0,0
14.0,400.0,217.0,253.0,4.0,680.0,133.0,0
5.0,1627.0,16.0,104.0,3.0,515.0,119.0,0
5.0,2234.0,16.0,134.0,6.0,820.0,108.0,0
17.0,1041.0,128.0,143.0,4.0,950.0,49.0,0
5.0,1965.0,162.0,177.0,3.0,415.0,60.0,0
14.0,1967.0,229.0,60.0,3.0,480.0,161.0,1
5.0,2498.0,214.0,197.0,3.0,885.0,199.0,0
3.0,1293.0,35.0,221.0,3.0,982.0,106.0,1
1.0,1922.0,2.0,80.0,3.0,425.0,105.0,0
12.0,6687.0,194.0,253.0,1.0,702.0,37.0,0
1.0,1665.0,80.0,243.0,4.0,1220.0,185.0,0
8.0,1137.0,104.0,174.0,7.0,515.0,158.0,0
12.0,6680.0,227.0,79.0,5.0,997.0,123.0,0
5.0,1194.0,85.0,60.0,5.0,1035.0,113.0,0
6.0,7108.0,229.0,134.0,3.0,330.0,114.0,0
14.0,191.0,216.0,217.0,1.0,935.0,320.0,0
15.0,9.0,268.0,45.0,5.0,835.0,115.0,1
15.0,1727.0,104.0,268.0,3.0,860.0,180.0,1
5.0,2290.0,16.0,139.0,3.0,520.0,107.0,0
14.0,1819.0,35.0,216.0,1.0,630.0,90.0,0
10.0,4696.0,148.0,35.0,5.0,1200.0,80.0,0
6.0,5068.0,146.0,16.0,1.0,543.0,78.0,0
8.0,642.0,16.0,184.0,7.0,625.0,128.0,0
5.0,1561.0,216.0,16.0,3.0,840.0,147.0,0
15.0,5.0,75.0,129.0,5.0,480.0,60.0,0
6.0,7378.0,79.0,71.0,4.0,360.0,158.0,0
12.0,6630.0,199.0,79.0,6.0,652.0,63.0,1
8.0,1578.0,16.0,286.0,5.0,615.0,85.0,0
15.0,3682.0,104.0,18.0,7.0,730.0,195.0,1
13.0,167.0,35.0,154.0,1.0,1056.0,392.0,1
4.0,605.0,204.0,135.0,7.0,380.0,80.0,0
5.0,1764.0,197.0,78.0,3.0,600.0,143.0,0
1.0,1624.0,154.0,208.0,6.0,885.0,245.0,1
15.0,389.0,244.0,129.0,1.0,610.0,50.0,1
14.0,1628.0,173.0,216.0,4.0,375.0,143.0,0
9.0,21.0,252.0,128.0,1.0,560.0,375.0,0
1.0,1014.0,252.0,208.0,3.0,895.0,240.0,1
15.0,3588.0,243.0,79.0,3.0,950.0,140.0,1
16.0,2982.0,58.0,78.0,1.0,1005.0,72.0,0
0.0,4210.0,177.0,268.0,7.0,1180.0,75.0,0
13.0,342.0,79.0,35.0,3.0,996.0,224.0,1
6.0,5449.0,16.0,27.0,7.0,990.0,60.0,1
5.0,1804.0,104.0,85.0,7.0,900.0,194.0,0
14.0,1178.0,213.0,60.0,5.0,620.0,113.0,0
15.0,1162.0,129.0,147.0,7.0,695.0,115.0,1
16.0,2088.0,170.0,135.0,1.0,651.0,84.0,0
5.0,2160.0,183.0,16.0,6.0,1130.0,124.0,1
14.0,2119.0,35.0,159.0,3.0,480.0,75.0,1
6.0,5319.0,16.0,288.0,5.0,1155.0,77.0,1
14.0,49.0,217.0,153.0,4.0,660.0,71.0,0
5.0,2710.0,80.0,16.0,5.0,345.0,132.0,0
1.0,2321.0,208.0,80.0,7.0,700.0,150.0,1
4.0,189.0,58.0,217.0,1.0,540.0,270.0,0
7.0,499.0,79.0,48.0,7.0,805.0,162.0,1
0.0,4349.0,177.0,136.0,5.0,825.0,98.0,0
0.0,3957.0,17.0,197.0,1.0,360.0,76.0,0
16.0,2634.0,131.0,135.0,4.0,1014.0,86.0,1
6.0,5306.0,16.0,247.0,4.0,905.0,111.0,0
15.0,1517.0,184.0,45.0,6.0,435.0,120.0,0
0.0,4039.0,121.0,16.0,1.0,455.0,85.0,0
13.0,600.0,208.0,78.0,1.0,365.0,111.0,0
12.0,4555.0,261.0,207.0,3.0,1220.0,98.0,1
13.0,139.0,154.0,198.0,5.0,1113.0,222.0,1
15.0,1671.0,12.0,175.0,7.0,985.0,145.0,1
1.0,1635.0,148.0,260.0,3.0,905.0,250.0,1
12.0,6597.0,79.0,18.0,4.0,754.0,128.0,0
17.0,2874.0,217.0,24.0,5.0,885.0,91.0,0
14.0,1995.0,139.0,60.0,5.0,1035.0,94.0,0
4.0,47.0,135.0,154.0,4.0,1150.0,223.0,1
4.0,346.0,135.0,208.0,3.0,526.0,151.0,1
1.0,695.0,148.0,18.0,7.0,945.0,260.0,1
15.0,429.0,253.0,154.0,1.0,655.0,80.0,1
12.0,7759.0,261.0,89.0,7.0,470.0,65.0,1
12.0,6741.0,79.0,227.0,4.0,1290.0,134.0,0
16.0,2195.0,190.0,135.0,3.0,720.0,90.0,0
16.0,2483.0,158.0,135.0,3.0,1030.0,70.0,0
14.0,365.0,45.0,217.0,5.0,400.0,320.0,0
5.0,340.0,16.0,197.0,7.0,450.0,167.0,1
6.0,5064.0,16.0,58.0,5.0,825.0,109.0,0
13.0,218.0,264.0,79.0,5.0,1050.0,138.0,1
12.0,7811.0,261.0,110.0,4.0,660.0,112.0,0
5.0,1676.0,119.0,85.0,7.0,930.0,56.0,0
5.0,2203.0,16.0,153.0,6.0,505.0,282.0,0
14.0,980.0,233.0,60.0,5.0,970.0,63.0,0
1.0,1874.0,80.0,96.0,6.0,575.0,200.0,0
12.0,6919.0,208.0,82.0,5.0,795.0,87.0,1
15.0,3668.0,202.0,214.0,4.0,945.0,100.0,1
12.0,6748.0,154.0,57.0,4.0,965.0,41.0,1
12.0,6473.0,154.0,140.0,5.0,780.0,60.0,0
10.0,4437.0,159.0,61.0,4.0,480.0,120.0,0
1.0,1881.0,134.0,80.0,1.0,940.0,215.0,0
8.0,993.0,184.0,35.0,3.0,1130.0,134.0,0
10.0,4338.0,208.0,85.0,3.0,940.0,80.0,1
15.0,1766.0,217.0,261.0,4.0,405.0,100.0,0
15.0,467.0,172.0,217.0,7.0,950.0,185.0,1
5.0,1401.0,35.0,16.0,5.0,360.0,190.0,0
7.0,488.0,184.0,173.0,1.0,458.0,169.0,0
4.0,1793.0,61.0,135.0,5.0,1055.0,171.0,0
15.0,1607.0,198.0,79.0,6.0,1020.0,180.0,1
10.0,2730.0,146.0,80.0,5.0,1100.0,95.0,0
1.0,177.0,148.0,253.0,7.0,1079.0,401.0,1
10.0,4258.0,119.0,208.0,3.0,1205.0,80.0,1
0.0,4138.0,85.0,84.0,3.0,535.0,116.0,0
16.0,3080.0,96.0,42.0,6.0,1265.0,69.0,0
14.0,1123.0,172.0,60.0,1.0,435.0,133.0,1
13.0,937.0,134.0,79.0,4.0,1050.0,240.0,0
12.0,6629.0,79.0,246.0,3.0,1116.0,151.0,0
2.0,139.0,208.0,14.0,6.0,570.0,413.0,1
15.0,46.0,129.0,75.0,7.0,1050.0,55.0,1
14.0,2188.0,78.0,159.0,4.0,1260.0,69.0,0
8.0,892.0,154.0,184.0,7.0,720.0,240.0,1
17.0,7257.0,60.0,134.0,3.0,880.0,90.0,1
16.0,2092.0,78.0,96.0,4.0,660.0,67.0,0
10.0,4358.0,139.0,208.0,5.0,965.0,70.0,0
1.0,1270.0,154.0,183.0,6.0,1280.0,280.0,1
15.0,837.0,243.0,217.0,5.0,1190.0,70.0,0
6.0,7100.0,47.0,208.0,1.0,360.0,128.0,0
16.0,2406.0,75.0,135.0,7.0,960.0,69.0,1
14.0,1295.0,78.0,147.0,5.0,1195.0,127.0,0
12.0,6607.0,177.0,79.0,6.0,484.0,169.0,0
10.0,4122.0,278.0,208.0,4.0,985.0,120.0,0
6.0,7114.0,148.0,134.0,6.0,1166.0,83.0,1
11.0,6279.0,71.0,216.0,1.0,675.0,99.0,0
3.0,363.0,159.0,213.0,6.0,465.0,168.0,0
1.0,726.0,91.0,80.0,1.0,465.0,105.0,0
10.0,2837.0,80.0,239.0,1.0,580.0,85.0,0
15.0,638.0,241.0,173.0,4.0,910.0,50.0,0
15.0,1933.0,175.0,61.0,4.0,465.0,70.0,0
11.0,6276.0,69.0,85.0,1.0,390.0,79.0,0
12.0,4569.0,56.0,197.0,7.0,717.0,63.0,1
5.0,1037.0,129.0,16.0,4.0,765.0,126.0,0
1.0,1896.0,261.0,80.0,6.0,895.0,155.0,0
5.0,2421.0,197.0,154.0,7.0,1035.0,243.0,0
4.0,1101.0,35.0,96.0,7.0,1140.0,96.0,1
12.0,4663.0,197.0,29.0,7.0,545.0,90.0,0
16.0,2050.0,135.0,234.0,5.0,1135.0,158.0,0
1.0,1033.0,183.0,208.0,3.0,965.0,210.0,1
12.0,6851.0,6.0,253.0,7.0,1105.0,78.0,1
16.0,2826.0,135.0,75.0,4.0,690.0,61.0,0
15.0,2712.0,134.0,175.0,1.0,1040.0,130.0,0
6.0,5434.0,275.0,16.0,1.0,910.0,74.0,0
15.0,2015.0,243.0,175.0,1.0,445.0,240.0,0
14.0,486.0,236.0,217.0,3.0,365.0,107.0,0
16.0,2358.0,27.0,135.0,7.0,675.0,112.0,1
15.0,1205.0,154.0,172.0,6.0,755.0,190.0,1
16.0,2197.0,58.0,195.0,5.0,1035.0,92.0,0
3.0,132.0,241.0,148.0,7.0,1055.0,164.0,0
16.0,2678.0,135.0,68.0,1.0,580.0,63.0,0
5.0,1725.0,45.0,16.0,4.0,435.0,131.0,0
3.0,265.0,262.0,160.0,5.0,1158.0,77.0,0
5.0,248.0,243.0,85.0,3.0,790.0,265.0,0
15.0,464.0,216.0,175.0,3.0,575.0,150.0,1
14.0,2181.0,159.0,78.0,1.0,960.0,76.0,1
1.0,1482.0,183.0,35.0,5.0,610.0,185.0,0
9.0,256.0,128.0,203.0,1.0,610.0,37.0,1
5.0,1491.0,16.0,244.0,3.0,1068.0,165.0,1
1.0,1990.0,183.0,173.0,5.0,965.0,60.0,1
3.0,479.0,35.0,154.0,4.0,1165.0,390.0,0
12.0,6605.0,29.0,79.0,7.0,1212.0,102.0,0
1.0,1630.0,80.0,153.0,1.0,735.0,180.0,1
5.0,1213.0,16.0,223.0,5.0,1138.0,73.0,1
15.0,1084.0,233.0,173.0,4.0,1050.0,105.0,1
15.0,931.0,79.0,34.0,4.0,1230.0,125.0,0
12.0,6452.0,154.0,280.0,5.0,714.0,84.0,0
17.0,2640.0,60.0,268.0,6.0,875.0,123.0,0
11.0,6319.0,35.0,233.0,5.0,1125.0,149.0,1
2.0,64.0,14.0,149.0,3.0,695.0,102.0,0
10.0,2888.0,68.0,80.0,5.0,735.0,80.0,0
16.0,5911.0,218.0,208.0,1.0,863.0,58.0,0
1.0,1195.0,234.0,80.0,1.0,1080.0,210.0,0
15.0,1268.0,45.0,184.0,1.0,545.0,125.0,1
15.0,1751.0,61.0,45.0,7.0,705.0,70.0,1
0.0,4313.0,177.0,188.0,3.0,860.0,70.0,0
15.0,635.0,209.0,173.0,3.0,1085.0,125.0,1
2.0,363.0,262.0,252.0,1.0,1055.0,115.0,0
0.0,4200.0,285.0,71.0,5.0,355.0,64.0,0
1.0,741.0,159.0,80.0,3.0,740.0,245.0,0
3.0,554.0,241.0,96.0,7.0,729.0,170.0,0
14.0,473.0,153.0,253.0,3.0,990.0,95.0,0
15.0,3403.0,268.0,75.0,7.0,1155.0,105.0,0
13.0,625.0,78.0,208.0,5.0,1003.0,136.0,0
5.0,1474.0,173.0,197.0,5.0,455.0,215.0,0
14.0,2171.0,159.0,78.0,5.0,660.0,76.0,0
4.0,1568.0,135.0,172.0,6.0,1137.0,118.0,1
0.0,3965.0,16.0,129.0,3.0,960.0,140.0,0
3.0,537.0,96.0,277.0,5.0,951.0,179.0,0
15.0,1116.0,236.0,202.0,5.0,1125.0,55.0,1
15.0,3668.0,202.0,214.0,7.0,945.0,100.0,1
8.0,464.0,16.0,45.0,3.0,810.0,104.0,0
15.0,2983.0,111.0,202.0,5.0,1050.0,130.0,0
12.0,6614.0,162.0,79.0,6.0,535.0,156.0,0
7.0,304.0,111.0,79.0,3.0,395.0,130.0,0
16.0,2056.0,135.0,172.0,4.0,490.0,113.0,0
15.0,294.0,205.0,175.0,4.0,695.0,80.0,1
13.0,841.0,154.0,253.0,7.0,1285.0,89.0,1
15.0,3932.0,202.0,34.0,5.0,1115.0,85.0,1
6.0,4964.0,16.0,157.0,5.0,900.0,74.0,1
10.0,4100.0,285.0,208.0,7.0,420.0,110.0,0
5.0,1433.0,16.0,18.0,7.0,645.0,160.0,0
5.0,2386.0,16.0,159.0,3.0,1000.0,140.0,1
12.0,6386.0,253.0,34.0,6.0,959.0,92.0,0
7.0,387.0,104.0,79.0,4.0,902.0,264.0,0
5.0,2028.0,173.0,85.0,3.0,960.0,160.0,1
5.0,2574.0,104.0,159.0,4.0,657.0,182.0,0
0.0,3801.0,58.0,177.0,5.0,1056.0,134.0,0
17.0,2681.0,60.0,162.0,6.0,566.0,128.0,0
15.0,1695.0,2.0,154.0,6.0,785.0,125.0,0
4.0,628.0,96.0,79.0,4.0,530.0,282.0,0
3.0,240.0,160.0,202.0,6.0,415.0,78.0,1
10.0,3671.0,183.0,275.0,1.0,665.0,85.0,0
14.0,1750.0,153.0,216.0,7.0,890.0,276.0,1
8.0,70.0,104.0,16.0,5.0,1181.0,114.0,0
15.0,527.0,104.0,277.0,4.0,645.0,60.0,0
5.0,2408.0,197.0,119.0,4.0,1165.0,82.0,0
15.0,1367.0,33.0,22.0,6.0,1085.0,135.0,0
6.0,7313.0,177.0,256.0,5.0,870.0,78.0,1
0.0,3656.0,166.0,197.0,3.0,410.0,60.0,0
0.0,4285.0,204.0,197.0,4.0,941.0,131.0,0
15.0,386.0,216.0,277.0,3.0,625.0,175.0,0
15.0,1138.0,27.0,251.0,1.0,855.0,70.0,1
5.0,1751.0,197.0,153.0,4.0,540.0,213.0,0
9.0,375.0,128.0,161.0,5.0,1130.0,37.0,0
12.0,6338.0,243.0,154.0,1.0,1041.0,42.0,0
8.0,1209.0,173.0,234.0,7.0,1265.0,108.0,1
10.0,4090.0,208.0,204.0,6.0,1320.0,130.0,1
1.0,2057.0,208.0,260.0,5.0,495.0,270.0,0
15.0,1013.0,79.0,175.0,4.0,1075.0,135.0,1
6.0,5500.0,285.0,16.0,5.0,1030.0,65.0,1
16.0,2089.0,96.0,78.0,3.0,530.0,79.0,1
15.0,334.0,172.0,184.0,6.0,595.0,85.0,0
3.0,590.0,213.0,130.0,7.0,900.0,162.0,0
6.0,5416.0,158.0,16.0,5.0,575.0,101.0,0
6.0,5232.0,16.0,52.0,4.0,1221.0,48.0,0
1.0,1173.0,268.0,80.0,1.0,495.0,115.0,1
17.0,2907.0,217.0,114.0,7.0,1184.0,125.0,0
0.0,4340.0,277.0,233.0,1.0,725.0,110.0,0
6.0,5280.0,177.0,33.0,4.0,1140.0,62.0,0
7.0,106.0,79.0,197.0,6.0,635.0,116.0,0
5.0,2535.0,159.0,198.0,1.0,775.0,211.0,1
6.0,5328.0,121.0,16.0,5.0,582.0,65.0,0
5.0,1715.0,16.0,245.0,4.0,1225.0,70.0,1
13.0,857.0,154.0,253.0,5.0,562.0,94.0,1
4.0,491.0,183.0,135.0,3.0,1080.0,173.0,0
15.0,1723.0,243.0,217.0,3.0,1125.0,70.0,1
12.0,6836.0,208.0,195.0,4.0,545.0,48.0,0
3.0,283.0,153.0,160.0,4.0,906.0,66.0,0
5.0,718.0,217.0,261.0,5.0,662.0,103.0,1
13.0,253.0,208.0,79.0,5.0,1144.0,161.0,0
6.0,5489.0,16.0,115.0,7.0,776.0,69.0,0
14.0,988.0,208.0,60.0,7.0,1095.0,113.0,0
3.0,466.0,241.0,35.0,4.0,943.0,177.0,1
15.0,2031.0,153.0,2.0,5.0,875.0,80.0,1
16.0,2790.0,135.0,290.0,6.0,606.0,76.0,1
6.0,5004.0,16.0,201.0,3.0,885.0,82.0,1
14.0,1983.0,35.0,60.0,5.0,300.0,135.0,1
4.0,1014.0,80.0,135.0,6.0,415.0,60.0,0
15.0,1170.0,217.0,175.0,5.0,605.0,205.0,1
15.0,420.0,18.0,79.0,7.0,1060.0,145.0,1
15.0,3596.0,241.0,173.0,4.0,465.0,45.0,0
15.0,1333.0,153.0,207.0,7.0,1140.0,55.0,1
10.0,3224.0,120.0,80.0,4.0,1025.0,195.0,0
9.0,27.0,252.0,128.0,7.0,485.0,370.0,0
13.0,497.0,208.0,135.0,1.0,1081.0,164.0,1
12.0,6460.0,126.0,79.0,6.0,385.0,67.0,0
1.0,513.0,277.0,260.0,4.0,435.0,165.0,0
15.0,1992.0,217.0,264.0,3.0,635.0,80.0,1
5.0,2107.0,111.0,197.0,1.0,800.0,169.0,0
15.0,1670.0,202.0,207.0,6.0,645.0,70.0,1
8.0,894.0,139.0,159.0,1.0,506.0,124.0,0
16.0,2855.0,132.0,135.0,1.0,749.0,114.0,1
16.0,2973.0,279.0,135.0,4.0,455.0,92.0,0
1.0,1349.0,204.0,80.0,7.0,1100.0,60.0,0
15.0,1846.0,207.0,79.0,1.0,915.0,130.0,1
15.0,553.0,243.0,175.0,4.0,595.0,235.0,0
16.0,2962.0,135.0,65.0,4.0,735.0,140.0,0
5.0,2529.0,197.0,277.0,5.0,545.0,187.0,1
5.0,2788.0,184.0,197.0,1.0,550.0,84.0,1
10.0,4297.0,187.0,208.0,4.0,655.0,55.0,0
8.0,597.0,238.0,16.0,5.0,1080.0,140.0,0
14.0,1434.0,60.0,45.0,3.0,585.0,86.0,0
15.0,862.0,205.0,175.0,5.0,520.0,85.0,1
15.0,2012.0,236.0,258.0,4.0,620.0,60.0,0
1.0,1347.0,244.0,80.0,4.0,470.0,70.0,0
4.0,1589.0,135.0,243.0,5.0,890.0,210.0,0
12.0,6386.0,253.0,34.0,7.0,948.0,92.0,0
15.0,1099.0,202.0,172.0,5.0,645.0,200.0,1
3.0,1403.0,18.0,253.0,6.0,501.0,240.0,0
1.0,2466.0,253.0,80.0,1.0,20.0,195.0,1
15.0,2441.0,45.0,173.0,3.0,450.0,145.0,0
13.0,55.0,253.0,150.0,1.0,987.0,336.0,0
15.0,453.0,175.0,43.0,4.0,1230.0,85.0,1
12.0,6359.0,279.0,154.0,5.0,1091.0,204.0,0
14.0,662.0,79.0,217.0,3.0,733.0,112.0,0
10.0,4179.0,193.0,208.0,4.0,585.0,85.0,1
6.0,4981.0,121.0,16.0,1.0,990.0,61.0,0
6.0,5521.0,285.0,16.0,1.0,697.0,63.0,1
10.0,3052.0,154.0,236.0,5.0,1030.0,90.0,0
10.0,4436.0,78.0,148.0,4.0,595.0,65.0,1
0.0,3806.0,177.0,147.0,3.0,1140.0,105.0,0
15.0,384.0,279.0,268.0,1.0,435.0,70.0,1
15.0,1812.0,175.0,216.0,1.0,545.0,115.0,1
5.0,2194.0,213.0,16.0,6.0,475.0,121.0,0
15.0,1670.0,34.0,202.0,6.0,565.0,105.0,1
5.0,2562.0,154.0,148.0,5.0,690.0,332.0,0
10.0,4364.0,208.0,71.0,5.0,1255.0,75.0,0
15.0,162.0,153.0,243.0,4.0,505.0,65.0,1
5.0,1182.0,252.0,261.0,5.0,955.0,116.0,0
1.0,890.0,80.0,268.0,3.0,690.0,95.0,0
15.0,1512.0,202.0,2.0,6.0,930.0,130.0,1
5.0,1008.0,16.0,233.0,1.0,675.0,85.0,1
16.0,2730.0,135.0,217.0,1.0,455.0,175.0,0
1.0,2495.0,80.0,154.0,6.0,1350.0,200.0,1
14.0,1177.0,60.0,147.0,5.0,795.0,81.0,0
5.0,2512.0,16.0,208.0,7.0,970.0,123.0,1
13.0,405.0,159.0,79.0,1.0,626.0,272.0,1
3.0,375.0,159.0,104.0,7.0,577.0,186.0,0
6.0,5005.0,177.0,79.0,1.0,815.0,155.0,1
12.0,6350.0,207.0,253.0,4.0,838.0,85.0,1
15.0,37.0,75.0,129.0,3.0,930.0,60.0,1
1.0,202.0,154.0,183.0,1.0,430.0,285.0,0
12.0,4504.0,261.0,28.0,6.0,1027.0,82.0,0
5.0,2613.0,285.0,16.0,1.0,390.0,64.0,0
14.0,483.0,79.0,217.0,6.0,360.0,119.0,0
17.0,2933.0,2.0,217.0,5.0,370.0,76.0,0
10.0,3945.0,208.0,221.0,4.0,1240.0,90.0,0
5.0,1602.0,153.0,16.0,3.0,360.0,223.0,0
4.0,1803.0,154.0,96.0,7.0,1320.0,300.0,1
2.0,152.0,206.0,211.0,6.0,804.0,44.0,0
5.0,2449.0,261.0,202.0,7.0,676.0,121.0,1
5.0,2526.0,104.0,16.0,4.0,400.0,123.0,0
16.0,2162.0,135.0,279.0,4.0,970.0,84.0,0
14.0,2037.0,35.0,78.0,6.0,840.0,94.0,1
15.0,580.0,268.0,172.0,5.0,635.0,65.0,0
12.0,6397.0,154.0,248.0,5.0,960.0,54.0,0
0.0,3673.0,117.0,85.0,6.0,615.0,80.0,0
17.0,2821.0,217.0,280.0,6.0,596.0,58.0,0
14.0,1522.0,80.0,60.0,6.0,730.0,144.0,0
7.0,487.0,173.0,184.0,3.0,727.0,169.0,0
8.0,215.0,184.0,241.0,3.0,520.0,178.0,0
10.0,2909.0,80.0,285.0,5.0,1110.0,115.0,0
6.0,7102.0,208.0,47.0,7.0,1123.0,109.0,1
6.0,5410.0,237.0,16.0,7.0,932.0,93.0,0
15.0,740.0,153.0,268.0,5.0,795.0,190.0,1
15.0,1715.0,252.0,202.0,3.0,640.0,125.0,1
15.0,1537.0,153.0,243.0,5.0,750.0,65.0,0
13.0,742.0,252.0,79.0,6.0,806.0,151.0,0
1.0,1955.0,78.0,80.0,6.0,1090.0,215.0,0
10.0,4689.0,159.0,58.0,1.0,875.0,110.0,0
14.0,610.0,264.0,217.0,1.0,405.0,89.0,1
2.0,60.0,151.0,252.0,7.0,555.0,116.0,0
8.0,727.0,184.0,80.0,6.0,540.0,145.0,0
8.0,143.0,85.0,16.0,4.0,360.0,125.0,0
7.0,487.0,173.0,184.0,4.0,727.0,169.0,0
14.0,612.0,214.0,217.0,5.0,525.0,148.0,0
0.0,3808.0,32.0,85.0,7.0,395.0,87.0,0
5.0,1184.0,16.0,261.0,1.0,646.0,262.0,1
14.0,1587.0,216.0,60.0,5.0,1105.0,121.0,1
3.0,1423.0,214.0,160.0,7.0,875.0,132.0,0
1.0,1874.0,80.0,96.0,1.0,575.0,200.0,0
14.0,2022.0,78.0,35.0,4.0,450.0,84.0,0
13.0,203.0,208.0,197.0,3.0,530.0,94.0,0
0.0,3761.0,142.0,85.0,7.0,1000.0,94.0,1
14.0,17.0,148.0,217.0,4.0,990.0,340.0,0
15.0,2868.0,261.0,217.0,6.0,440.0,105.0,1
17.0,2683.0,209.0,60.0,4.0,554.0,102.0,0
8.0,1209.0,173.0,234.0,6.0,1265.0,108.0,1
17.0,2746.0,217.0,248.0,4.0,878.0,99.0,1
10.0,2779.0,80.0,121.0,4.0,800.0,130.0,1
12.0,6760.0,79.0,224.0,3.0,925.0,152.0,0
1.0,2058.0,80.0,260.0,3.0,795.0,265.0,1
13.0,674.0,208.0,159.0,7.0,540.0,126.0,0
12.0,6439.0,208.0,72.0,4.0,1314.0,58.0,0
5.0,1111.0,16.0,233.0,1.0,1045.0,81.0,1
12.0,6916.0,79.0,2.0,6.0,896.0,74.0,0
5.0,1421.0,85.0,277.0,5.0,600.0,168.0,0
16.0,2190.0,182.0,96.0,1.0,401.0,79.0,0
1.0,1629.0,234.0,80.0,5.0,420.0,215.0,0
1.0,1865.0,80.0,44.0,7.0,1205.0,205.0,0
3.0,152.0,241.0,148.0,3.0,953.0,167.0,1
5.0,1620.0,16.0,234.0,6.0,811.0,89.0,0
15.0,117.0,262.0,214.0,7.0,655.0,95.0,1
1.0,408.0,208.0,216.0,5.0,1130.0,115.0,1
15.0,3129.0,45.0,87.0,6.0,605.0,140.0,0
5.0,1900.0,16.0,35.0,5.0,675.0,154.0,0
5.0,2480.0,252.0,85.0,5.0,360.0,253.0,0
14.0,1700.0,183.0,60.0,1.0,690.0,124.0,0
15.0,51.0,75.0,129.0,3.0,1140.0,65.0,1
2.0,553.0,227.0,252.0,4.0,1125.0,164.0,1
3.0,1320.0,45.0,35.0,5.0,363.0,77.0,0
2.0,321.0,258.0,252.0,4.0,575.0,125.0,0
15.0,2229.0,33.0,268.0,6.0,590.0,70.0,0
1.0,1639.0,148.0,260.0,6.0,1230.0,230.0,0
0.0,3700.0,54.0,159.0,7.0,1120.0,140.0,0
15.0,160.0,79.0,262.0,4.0,705.0,160.0,0
0.0,4014.0,139.0,85.0,7.0,390.0,80.0,0
0.0,4001.0,208.0,177.0,5.0,390.0,115.0,1
10.0,3631.0,183.0,33.0,5.0,745.0,150.0,0
16.0,2431.0,58.0,139.0,3.0,575.0,59.0,0
15.0,985.0,173.0,45.0,7.0,1105.0,125.0,0
13.0,193.0,153.0,253.0,1.0,807.0,106.0,0
14.0,1494.0,183.0,60.0,3.0,510.0,127.0,0
1.0,1705.0,16.0,80.0,5.0,635.0,155.0,0
6.0,7069.0,134.0,120.0,7.0,1334.0,59.0,0
13.0,794.0,208.0,43.0,3.0,847.0,97.0,1
6.0,5192.0,16.0,187.0,3.0,988.0,117.0,1
6.0,5024.0,11.0,16.0,3.0,1137.0,71.0,0
0.0,3921.0,135.0,177.0,1.0,710.0,105.0,0
0.0,3849.0,85.0,96.0,7.0,1180.0,115.0,1
0.0,3807.0,85.0,171.0,3.0,735.0,52.0,0
5.0,1497.0,85.0,244.0,4.0,740.0,213.0,0
12.0,4586.0,261.0,205.0,5.0,830.0,144.0,0
10.0,4419.0,233.0,78.0,3.0,370.0,65.0,1
2.0,630.0,252.0,217.0,3.0,615.0,169.0,0
15.0,455.0,202.0,2.0,3.0,1110.0,135.0,1
14.0,647.0,217.0,207.0,7.0,675.0,78.0,0
9.0,235.0,203.0,128.0,6.0,1092.0,34.0,0
5.0,1550.0,153.0,197.0,7.0,420.0,193.0,1
11.0,6343.0,251.0,85.0,7.0,760.0,94.0,0
7.0,290.0,79.0,268.0,3.0,905.0,115.0,0
15.0,3762.0,153.0,236.0,4.0,905.0,80.0,1
12.0,4498.0,261.0,217.0,6.0,520.0,102.0,1
13.0,546.0,217.0,253.0,3.0,661.0,138.0,0
12.0,6695.0,91.0,79.0,7.0,742.0,108.0,1
15.0,3588.0,243.0,79.0,4.0,950.0,140.0,0
12.0,6419.0,65.0,79.0,4.0,547.0,49.0,0
17.0,2681.0,71.0,60.0,7.0,419.0,86.0,0
15.0,827.0,182.0,216.0,5.0,420.0,95.0,0
17.0,2680.0,58.0,60.0,6.0,1025.0,98.0,0
4.0,1179.0,96.0,208.0,1.0,395.0,149.0,0
13.0,726.0,202.0,79.0,4.0,885.0,149.0,0
14.0,393.0,153.0,80.0,5.0,580.0,158.0,0
15.0,556.0,207.0,262.0,7.0,1060.0,80.0,1
4.0,63.0,96.0,135.0,1.0,1045.0,244.0,0
15.0,1566.0,75.0,172.0,1.0,785.0,85.0,1
9.0,175.0,203.0,128.0,5.0,545.0,34.0,0
5.0,1678.0,16.0,177.0,4.0,960.0,87.0,0
17.0,2660.0,268.0,60.0,6.0,975.0,109.0,0
6.0,7070.0,71.0,208.0,6.0,1130.0,86.0,0
15.0,924.0,44.0,153.0,6.0,1145.0,60.0,1
5.0,8.0,135.0,16.0,1.0,955.0,132.0,0
14.0,836.0,216.0,147.0,7.0,1095.0,142.0,0
5.0,2863.0,148.0,154.0,1.0,720.0,370.0,0
16.0,2650.0,184.0,58.0,1.0,725.0,69.0,0
6.0,5265.0,273.0,85.0,1.0,360.0,115.0,0
10.0,4697.0,85.0,159.0,5.0,360.0,100.0,0
4.0,670.0,135.0,253.0,7.0,1155.0,266.0,1
1.0,476.0,183.0,173.0,3.0,810.0,60.0,0
2.0,667.0,18.0,258.0,5.0,920.0,237.0,0
8.0,872.0,197.0,16.0,6.0,680.0,146.0,0
10.0,2908.0,94.0,80.0,7.0,675.0,130.0,1
15.0,712.0,134.0,175.0,7.0,1215.0,120.0,1
13.0,495.0,253.0,153.0,5.0,955.0,99.0,0
15.0,802.0,153.0,217.0,7.0,960.0,70.0,1
1.0,1922.0,2.0,80.0,6.0,425.0,105.0,0
12.0,4867.0,197.0,29.0,4.0,1310.0,80.0,1
5.0,1053.0,172.0,16.0,1.0,765.0,120.0,1
4.0,1830.0,135.0,213.0,6.0,1160.0,137.0,1
16.0,2975.0,172.0,135.0,1.0,439.0,130.0,0
7.0,766.0,153.0,79.0,5.0,420.0,110.0,0
6.0,4939.0,278.0,16.0,4.0,611.0,70.0,0
15.0,2543.0,175.0,85.0,5.0,470.0,70.0,1
12.0,7016.0,208.0,130.0,3.0,435.0,121.0,1
14.0,788.0,233.0,216.0,4.0,1070.0,93.0,0
1.0,588.0,260.0,183.0,6.0,905.0,170.0,0
12.0,6353.0,79.0,235.0,3.0,1285.0,75.0,1
14.0,363.0,217.0,262.0,1.0,500.0,122.0,0
5.0,2020.0,177.0,277.0,5.0,1132.0,110.0,1
10.0,3626.0,223.0,183.0,5.0,740.0,110.0,0
17.0,2640.0,267.0,60.0,5.0,710.0,111.0,0
5.0,1310.0,139.0,85.0,1.0,1040.0,85.0,0
9.0,183.0,128.0,161.0,5.0,936.0,37.0,1
17.0,2945.0,60.0,54.0,4.0,679.0,59.0,0
15.0,2170.0,204.0,79.0,6.0,560.0,100.0,0
5.0,2048.0,85.0,159.0,7.0,600.0,108.0,0
3.0,589.0,130.0,104.0,7.0,1120.0,179.0,0
17.0,2901.0,60.0,177.0,4.0,780.0,114.0,0
15.0,736.0,244.0,129.0,1.0,1015.0,50.0,0
15.0,780.0,153.0,268.0,5.0,450.0,190.0,0
3.0,740.0,225.0,148.0,1.0,363.0,237.0,1
12.0,4815.0,252.0,261.0,4.0,690.0,117.0,1
1.0,2050.0,208.0,183.0,4.0,650.0,190.0,0
1.0,1718.0,208.0,35.0,3.0,510.0,130.0,1
4.0,45.0,96.0,183.0,4.0,990.0,190.0,1
5.0,1968.0,197.0,184.0,3.0,1020.0,73.0,0
15.0,1105.0,175.0,251.0,5.0,740.0,65.0,0
1.0,2464.0,207.0,80.0,6.0,530.0,175.0,0
6.0,7133.0,208.0,245.0,4.0,1200.0,124.0,0
10.0,3904.0,208.0,58.0,1.0,1025.0,80.0,1
8.0,234.0,234.0,16.0,5.0,388.0,107.0,0
10.0,4423.0,148.0,233.0,5.0,1190.0,115.0,0
12.0,6311.0,154.0,227.0,4.0,1350.0,50.0,0
15.0,618.0,228.0,45.0,1.0,430.0,90.0,0
1.0,2037.0,33.0,183.0,7.0,360.0,135.0,0
10.0,4448.0,78.0,148.0,5.0,360.0,70.0,0
11.0,6301.0,16.0,27.0,6.0,1170.0,59.0,0
3.0,370.0,104.0,159.0,7.0,360.0,159.0,0
12.0,6566.0,261.0,253.0,3.0,416.0,143.0,0
10.0,3096.0,243.0,154.0,4.0,1255.0,50.0,1
8.0,1422.0,139.0,277.0,5.0,1021.0,135.0,0
16.0,3057.0,288.0,135.0,7.0,908.0,109.0,0
0.0,3826.0,21.0,85.0,4.0,495.0,67.0,0
12.0,4851.0,61.0,197.0,4.0,1150.0,116.0,0
5.0,2958.0,60.0,85.0,5.0,571.0,119.0,0
14.0,2166.0,78.0,159.0,6.0,600.0,80.0,0
15.0,119.0,175.0,216.0,1.0,460.0,125.0,0
1.0,1810.0,18.0,80.0,4.0,395.0,65.0,0
4.0,576.0,96.0,241.0,1.0,785.0,190.0,0
9.0,297.0,150.0,128.0,1.0,997.0,42.0,1
14.0,1179.0,104.0,60.0,4.0,605.0,119.0,0
13.0,617.0,208.0,264.0,4.0,939.0,275.0,0
15.0,3222.0,268.0,129.0,4.0,1175.0,135.0,1
5.0,1683.0,139.0,261.0,4.0,510.0,224.0,1
3.0,335.0,134.0,173.0,5.0,530.0,137.0,0
5.0,332.0,213.0,16.0,7.0,657.0,107.0,0
15.0,3567.0,18.0,75.0,4.0,475.0,55.0,1
4.0,706.0,135.0,277.0,4.0,475.0,120.0,1
3.0,1121.0,234.0,104.0,1.0,565.0,136.0,0
13.0,209.0,134.0,154.0,6.0,895.0,351.0,0
16.0,2058.0,172.0,96.0,7.0,1135.0,158.0,0
3.0,1438.0,160.0,253.0,4.0,440.0,81.0,0
1.0,860.0,183.0,148.0,6.0,1045.0,185.0,1
13.0,711.0,216.0,208.0,3.0,765.0,144.0,1
5.0,1077.0,197.0,280.0,4.0,675.0,200.0,0
10.0,3668.0,285.0,183.0,4.0,875.0,125.0,1
13.0,914.0,253.0,134.0,6.0,471.0,304.0,0
1.0,902.0,183.0,80.0,3.0,810.0,195.0,1
13.0,802.0,79.0,173.0,3.0,610.0,218.0,1
3.0,174.0,258.0,148.0,4.0,1345.0,316.0,1
14.0,61.0,60.0,277.0,4.0,780.0,99.0,0
15.0,777.0,129.0,243.0,1.0,1095.0,210.0,1
1.0,1188.0,80.0,78.0,6.0,1050.0,160.0,0
15.0,519.0,241.0,173.0,4.0,770.0,50.0,0
4.0,154.0,96.0,213.0,5.0,569.0,197.0,1
1.0,1309.0,45.0,80.0,6.0,620.0,220.0,0
13.0,910.0,79.0,208.0,7.0,526.0,143.0,1
12.0,6942.0,79.0,65.0,1.0,676.0,38.0,0
6.0,5170.0,16.0,278.0,5.0,782.0,59.0,0
2.0,561.0,154.0,214.0,3.0,370.0,147.0,0
13.0,178.0,154.0,208.0,1.0,584.0,240.0,1
16.0,5957.0,208.0,117.0,7.0,789.0,53.0,1
3.0,383.0,159.0,104.0,5.0,1305.0,170.0,1
1.0,1137.0,208.0,198.0,5.0,475.0,140.0,0
1.0,1044.0,183.0,233.0,3.0,635.0,120.0,1
15.0,1769.0,33.0,172.0,4.0,500.0,105.0,0
13.0,803.0,233.0,134.0,4.0,622.0,68.0,0
10.0,3478.0,162.0,80.0,3.0,605.0,80.0,0
12.0,6996.0,71.0,79.0,3.0,986.0,194.0,0
15.0,1079.0,45.0,233.0,3.0,620.0,65.0,1
14.0,1910.0,60.0,159.0,7.0,595.0,115.0,1
15.0,1587.0,217.0,44.0,3.0,1235.0,85.0,0
16.0,2870.0,58.0,35.0,1.0,690.0,94.0,0
1.0,2041.0,78.0,183.0,4.0,500.0,165.0,0
14.0,948.0,60.0,58.0,5.0,1189.0,97.0,0
3.0,1104.0,233.0,148.0,7.0,700.0,83.0,0
4.0,476.0,260.0,96.0,4.0,800.0,250.0,1
13.0,968.0,153.0,208.0,4.0,1416.0,213.0,0
5.0,1235.0,96.0,261.0,7.0,420.0,327.0,0
0.0,3792.0,85.0,171.0,5.0,830.0,46.0,0
5.0,1754.0,154.0,16.0,7.0,695.0,250.0,1
12.0,6232.0,153.0,100.0,4.0,513.0,88.0,0
6.0,5366.0,254.0,16.0,4.0,360.0,119.0,0
14.0,2022.0,78.0,35.0,3.0,450.0,84.0,0
15.0,1228.0,244.0,75.0,3.0,1090.0,60.0,1
12.0,6515.0,253.0,163.0,6.0,442.0,87.0,0
5.0,1464.0,197.0,78.0,5.0,445.0,147.0,0
16.0,3143.0,58.0,213.0,7.0,520.0,167.0,0
1.0,1896.0,80.0,251.0,6.0,1160.0,115.0,0
12.0,6255.0,253.0,44.0,4.0,440.0,69.0,1
2.0,64.0,151.0,252.0,3.0,1082.0,113.0,0
13.0,669.0,79.0,204.0,7.0,829.0,89.0,0
16.0,2304.0,135.0,116.0,3.0,770.0,71.0,0
5.0,2993.0,22.0,213.0,3.0,945.0,192.0,1
15.0,3341.0,175.0,197.0,4.0,995.0,85.0,1
15.0,3930.0,154.0,2.0,4.0,450.0,105.0,0
1.0,744.0,80.0,159.0,3.0,1035.0,210.0,1
9.0,383.0,143.0,128.0,6.0,673.0,49.0,0
1.0,2103.0,134.0,183.0,5.0,360.0,160.0,0
13.0,520.0,197.0,208.0,4.0,360.0,84.0,0
16.0,2510.0,58.0,182.0,5.0,479.0,92.0,0
1.0,1725.0,139.0,80.0,6.0,1175.0,145.0,0
2.0,866.0,150.0,252.0,5.0,840.0,337.0,0
15.0,668.0,129.0,198.0,5.0,1205.0,60.0,1
16.0,2385.0,38.0,135.0,7.0,1013.0,82.0,1
15.0,3512.0,261.0,79.0,5.0,440.0,90.0,0
12.0,6821.0,231.0,253.0,1.0,603.0,69.0,1
3.0,745.0,173.0,260.0,5.0,855.0,159.0,0
1.0,1631.0,198.0,183.0,4.0,360.0,105.0,0
3.0,691.0,35.0,78.0,3.0,1230.0,99.0,1
0.0,4022.0,177.0,285.0,4.0,1132.0,79.0,0
12.0,6484.0,79.0,17.0,5.0,611.0,140.0,0
3.0,435.0,35.0,173.0,7.0,820.0,193.0,0
12.0,6405.0,214.0,253.0,1.0,360.0,105.0,0
14.0,433.0,153.0,216.0,5.0,420.0,280.0,0
15.0,151.0,262.0,243.0,3.0,810.0,85.0,1
15.0,34.0,129.0,75.0,4.0,870.0,60.0,1
13.0,354.0,243.0,79.0,1.0,894.0,141.0,0
4.0,1703.0,154.0,96.0,7.0,515.0,315.0,0
15.0,653.0,154.0,33.0,7.0,520.0,230.0,1
15.0,167.0,75.0,244.0,1.0,1075.0,65.0,0
10.0,3118.0,236.0,154.0,7.0,480.0,105.0,0
14.0,723.0,216.0,208.0,5.0,950.0,145.0,0
15.0,1158.0,258.0,264.0,7.0,1025.0,75.0,1
5.0,2498.0,214.0,197.0,1.0,885.0,199.0,0
13.0,953.0,134.0,217.0,6.0,1030.0,311.0,0
7.0,371.0,79.0,154.0,6.0,1000.0,142.0,1
10.0,2845.0,71.0,80.0,7.0,1100.0,165.0,1
15.0,792.0,85.0,33.0,4.0,385.0,105.0,1
1.0,2413.0,80.0,154.0,3.0,565.0,200.0,1
1.0,415.0,197.0,208.0,1.0,560.0,85.0,0
15.0,896.0,277.0,12.0,4.0,1060.0,165.0,0
15.0,1752.0,253.0,243.0,5.0,530.0,85.0,0
5.0,1523.0,85.0,244.0,7.0,1200.0,214.0,1
15.0,1383.0,214.0,111.0,1.0,470.0,60.0,0
14.0,308.0,16.0,60.0,1.0,430.0,75.0,0
15.0,960.0,45.0,228.0,5.0,910.0,70.0,1
1.0,879.0,279.0,80.0,3.0,425.0,70.0,0
12.0,4748.0,261.0,40.0,4.0,1296.0,79.0,0
6.0,7095.0,120.0,134.0,6.0,360.0,67.0,1
4.0,32.0,198.0,135.0,6.0,746.0,69.0,1
15.0,2903.0,75.0,198.0,1.0,885.0,80.0,0
10.0,3014.0,100.0,154.0,6.0,350.0,65.0,0
4.0,1489.0,85.0,135.0,4.0,500.0,183.0,0
15.0,2439.0,34.0,111.0,7.0,870.0,65.0,0
7.0,267.0,264.0,79.0,6.0,1115.0,136.0,0
16.0,2481.0,135.0,68.0,3.0,1130.0,59.0,0
10.0,2869.0,80.0,68.0,6.0,1085.0,80.0,1
8.0,993.0,184.0,35.0,5.0,1130.0,134.0,0
1.0,2382.0,79.0,80.0,5.0,1160.0,110.0,0
12.0,6422.0,208.0,69.0,4.0,844.0,82.0,0
15.0,282.0,154.0,91.0,7.0,1000.0,110.0,1
15.0,759.0,217.0,2.0,4.0,675.0,65.0,0
4.0,224.0,58.0,96.0,1.0,675.0,92.0,0
8.0,1225.0,104.0,221.0,1.0,906.0,156.0,0
0.0,4016.0,175.0,85.0,5.0,971.0,84.0,1
5.0,2307.0,16.0,162.0,5.0,1150.0,99.0,0
10.0,3074.0,154.0,236.0,5.0,365.0,90.0,0
16.0,2156.0,280.0,135.0,7.0,706.0,132.0,1
4.0,759.0,78.0,135.0,1.0,360.0,206.0,1
10.0,3135.0,258.0,154.0,4.0,1195.0,75.0,0
2.0,101.0,252.0,14.0,7.0,930.0,220.0,0
16.0,2669.0,96.0,172.0,7.0,1215.0,201.0,1
12.0,6951.0,107.0,79.0,4.0,1017.0,102.0,0
5.0,1999.0,172.0,177.0,1.0,375.0,88.0,0
10.0,4365.0,132.0,208.0,5.0,925.0,130.0,0
8.0,763.0,213.0,16.0,7.0,1184.0,107.0,0
1.0,1575.0,173.0,80.0,5.0,1110.0,180.0,1
0.0,4269.0,162.0,85.0,1.0,1050.0,134.0,1
4.0,727.0,45.0,135.0,5.0,728.0,211.0,0
14.0,1439.0,60.0,154.0,3.0,1090.0,329.0,1
8.0,292.0,129.0,16.0,5.0,1019.0,112.0,0
15.0,2021.0,233.0,33.0,4.0,905.0,95.0,1
16.0,2758.0,91.0,135.0,1.0,989.0,106.0,0
12.0,6391.0,280.0,154.0,6.0,1055.0,93.0,0
4.0,1407.0,135.0,258.0,3.0,550.0,258.0,0
2.0,538.0,252.0,207.0,3.0,835.0,154.0,1
11.0,6558.0,159.0,54.0,5.0,1275.0,146.0,0
7.0,797.0,79.0,214.0,5.0,1270.0,162.0,0
15.0,3142.0,13.0,75.0,5.0,675.0,65.0,1
15.0,1500.0,216.0,173.0,5.0,560.0,160.0,1
13.0,236.0,153.0,134.0,3.0,481.0,269.0,0
0.0,3703.0,119.0,197.0,3.0,810.0,96.0,1
14.0,140.0,217.0,14.0,4.0,1250.0,363.0,1
0.0,4297.0,43.0,85.0,7.0,810.0,75.0,0
15.0,1100.0,175.0,198.0,1.0,1100.0,140.0,1
2.0,614.0,252.0,153.0,5.0,1230.0,143.0,0
15.0,654.0,217.0,154.0,7.0,860.0,85.0,1
15.0,3091.0,204.0,217.0,7.0,575.0,155.0,1
15.0,356.0,79.0,129.0,4.0,405.0,145.0,0
1.0,1118.0,80.0,221.0,6.0,1100.0,150.0,0
1.0,704.0,80.0,159.0,1.0,435.0,194.0,1
15.0,1633.0,280.0,175.0,1.0,545.0,200.0,0
6.0,5054.0,177.0,60.0,4.0,515.0,101.0,0
15.0,827.0,33.0,18.0,5.0,655.0,140.0,0
1.0,1144.0,208.0,268.0,7.0,995.0,70.0,0
4.0,158.0,135.0,78.0,3.0,895.0,168.0,0
14.0,1770.0,60.0,35.0,4.0,860.0,120.0,1
14.0,1468.0,277.0,78.0,5.0,805.0,124.0,0
5.0,2879.0,159.0,104.0,7.0,640.0,199.0,1
15.0,31.0,75.0,129.0,3.0,840.0,60.0,1
5.0,1499.0,22.0,104.0,7.0,485.0,196.0,0
15.0,2810.0,262.0,252.0,3.0,605.0,120.0,1
15.0,392.0,129.0,131.0,6.0,930.0,60.0,1
10.0,4199.0,94.0,208.0,5.0,375.0,85.0,1
14.0,1521.0,45.0,60.0,6.0,325.0,83.0,1
4.0,37.0,96.0,173.0,6.0,815.0,161.0,1
15.0,1125.0,233.0,277.0,3.0,1130.0,110.0,1
10.0,3376.0,80.0,195.0,1.0,1095.0,130.0,0
3.0,749.0,173.0,260.0,7.0,1425.0,154.0,0
17.0,2609.0,60.0,33.0,4.0,800.0,90.0,0
12.0,6928.0,79.0,99.0,6.0,993.0,107.0,0
8.0,1002.0,174.0,173.0,4.0,653.0,148.0,0
10.0,2860.0,288.0,80.0,1.0,945.0,135.0,0
9.0,514.0,161.0,128.0,1.0,670.0,32.0,0
10.0,4327.0,281.0,193.0,3.0,1255.0,45.0,0
5.0,2246.0,128.0,252.0,4.0,1345.0,339.0,0
11.0,6693.0,85.0,251.0,7.0,920.0,87.0,0
16.0,2449.0,177.0,135.0,1.0,999.0,106.0,0
11.0,6330.0,16.0,278.0,4.0,596.0,76.0,0
8.0,761.0,173.0,132.0,6.0,955.0,100.0,0
15.0,912.0,79.0,104.0,4.0,720.0,230.0,1
13.0,953.0,134.0,217.0,5.0,1062.0,311.0,1
7.0,725.0,78.0,79.0,1.0,1095.0,239.0,0
3.0,67.0,43.0,148.0,1.0,841.0,87.0,1
12.0,6712.0,65.0,208.0,7.0,459.0,146.0,1
4.0,682.0,135.0,35.0,5.0,965.0,221.0,0
2.0,64.0,289.0,151.0,5.0,1000.0,40.0,0
15.0,2021.0,233.0,33.0,7.0,905.0,95.0,1
6.0,5611.0,16.0,115.0,4.0,505.0,78.0,0
14.0,1616.0,233.0,60.0,6.0,435.0,65.0,0
1.0,2060.0,252.0,208.0,7.0,360.0,245.0,0
13.0,55.0,214.0,253.0,1.0,794.0,108.0,0
15.0,1933.0,61.0,173.0,7.0,615.0,135.0,0
17.0,2878.0,280.0,217.0,4.0,685.0,51.0,0
16.0,2304.0,135.0,116.0,1.0,770.0,71.0,0
10.0,4036.0,208.0,157.0,4.0,1140.0,80.0,0
6.0,7349.0,204.0,177.0,7.0,375.0,93.0,0
0.0,4186.0,92.0,85.0,3.0,921.0,66.0,1
0.0,3827.0,85.0,21.0,5.0,1295.0,51.0,0
14.0,1182.0,173.0,60.0,4.0,714.0,96.0,1
15.0,1469.0,243.0,262.0,6.0,1035.0,95.0,1
10.0,3615.0,183.0,58.0,4.0,520.0,170.0,0
15.0,3920.0,58.0,268.0,4.0,550.0,110.0,1
0.0,4156.0,177.0,184.0,4.0,865.0,108.0,0
15.0,1072.0,75.0,18.0,3.0,1220.0,55.0,1
5.0,1185.0,261.0,252.0,7.0,1290.0,135.0,1
1.0,1068.0,183.0,78.0,7.0,610.0,140.0,0
12.0,4758.0,261.0,172.0,5.0,1027.0,142.0,1
16.0,5933.0,162.0,208.0,5.0,634.0,109.0,0
17.0,7271.0,134.0,221.0,7.0,509.0,57.0,0
6.0,5611.0,16.0,115.0,6.0,505.0,78.0,0
11.0,6419.0,71.0,268.0,4.0,575.0,94.0,0
5.0,671.0,85.0,241.0,7.0,605.0,173.0,1
16.0,5897.0,208.0,99.0,3.0,920.0,113.0,1
12.0,6234.0,80.0,154.0,5.0,792.0,205.0,0
10.0,3717.0,135.0,208.0,4.0,1130.0,155.0,0
3.0,107.0,43.0,148.0,5.0,350.0,83.0,0
12.0,6436.0,154.0,2.0,4.0,1241.0,109.0,0
5.0,2710.0,80.0,16.0,1.0,345.0,134.0,0
4.0,308.0,214.0,135.0,3.0,360.0,238.0,0
10.0,4526.0,61.0,159.0,6.0,625.0,110.0,0
4.0,310.0,135.0,96.0,5.0,1140.0,207.0,1
15.0,1022.0,45.0,79.0,5.0,870.0,255.0,0
16.0,2385.0,38.0,135.0,6.0,1013.0,80.0,0
5.0,1715.0,18.0,16.0,4.0,968.0,136.0,0
12.0,6389.0,253.0,236.0,3.0,787.0,54.0,0
10.0,3980.0,208.0,136.0,4.0,875.0,120.0,0
1.0,1141.0,148.0,183.0,4.0,345.0,190.0,0
5.0,1586.0,16.0,159.0,7.0,460.0,134.0,0
5.0,1284.0,16.0,207.0,4.0,1204.0,290.0,1
14.0,1429.0,60.0,16.0,7.0,706.0,84.0,1
5.0,1412.0,16.0,208.0,5.0,735.0,125.0,0
8.0,687.0,16.0,136.0,4.0,1255.0,143.0,0
4.0,326.0,135.0,45.0,6.0,770.0,162.0,0
0.0,4218.0,197.0,107.0,7.0,1320.0,62.0,0
16.0,2645.0,204.0,135.0,7.0,655.0,82.0,0
13.0,944.0,154.0,208.0,3.0,424.0,241.0,0
1.0,1886.0,260.0,183.0,6.0,735.0,165.0,0
11.0,6697.0,71.0,109.0,5.0,810.0,51.0,0
6.0,5550.0,11.0,16.0,1.0,895.0,67.0,0
6.0,5435.0,188.0,16.0,6.0,360.0,98.0,0
2.0,330.0,252.0,258.0,7.0,1195.0,124.0,0
13.0,300.0,79.0,84.0,3.0,754.0,99.0,0
15.0,389.0,244.0,129.0,7.0,610.0,50.0,0
5.0,1758.0,54.0,16.0,3.0,390.0,75.0,0
15.0,45.0,268.0,75.0,3.0,920.0,105.0,1
12.0,6637.0,79.0,46.0,6.0,874.0,109.0,0
11.0,6560.0,208.0,148.0,1.0,360.0,133.0,1
12.0,4456.0,261.0,168.0,7.0,667.0,91.0,0
2.0,480.0,252.0,243.0,5.0,545.0,161.0,0
4.0,1605.0,135.0,154.0,7.0,715.0,215.0,0
5.0,1212.0,154.0,197.0,3.0,380.0,220.0,1
10.0,2983.0,70.0,80.0,1.0,970.0,155.0,0
5.0,1106.0,261.0,45.0,7.0,595.0,248.0,1
15.0,1013.0,13.0,79.0,1.0,1030.0,80.0,1
14.0,1786.0,60.0,182.0,7.0,1335.0,124.0,0
13.0,7.0,148.0,253.0,4.0,490.0,404.0,0
4.0,226.0,135.0,45.0,1.0,610.0,170.0,0
5.0,1021.0,16.0,18.0,3.0,975.0,158.0,0
6.0,5580.0,268.0,78.0,4.0,420.0,123.0,0
13.0,77.0,253.0,128.0,4.0,990.0,344.0,0
14.0,1780.0,60.0,78.0,7.0,1331.0,71.0,1
5.0,1081.0,16.0,213.0,3.0,1172.0,110.0,1
0.0,3805.0,177.0,244.0,6.0,555.0,129.0,1
14.0,1452.0,200.0,60.0,3.0,440.0,56.0,0
15.0,43.0,75.0,129.0,5.0,1020.0,60.0,1
5.0,2379.0,251.0,16.0,5.0,431.0,89.0,0
15.0,3658.0,217.0,175.0,7.0,1105.0,200.0,0
15.0,914.0,129.0,154.0,3.0,825.0,225.0,1
5.0,1375.0,35.0,159.0,1.0,450.0,76.0,0
15.0,705.0,205.0,268.0,3.0,1030.0,70.0,1
16.0,2048.0,135.0,80.0,4.0,895.0,68.0,0
10.0,3252.0,190.0,80.0,5.0,910.0,110.0,0
8.0,793.0,16.0,268.0,7.0,1345.0,102.0,0
1.0,583.0,183.0,268.0,7.0,885.0,170.0,0
3.0,306.0,160.0,134.0,4.0,540.0,278.0,0
4.0,499.0,135.0,79.0,4.0,728.0,151.0,1
17.0,2847.0,217.0,292.0,5.0,1255.0,70.0,0
6.0,5002.0,85.0,22.0,6.0,845.0,104.0,1
1.0,621.0,80.0,252.0,7.0,640.0,260.0,0
10.0,3810.0,208.0,58.0,3.0,465.0,80.0,0
6.0,5374.0,16.0,87.0,6.0,510.0,78.0,0
10.0,2741.0,80.0,158.0,5.0,910.0,75.0,0
16.0,3017.0,288.0,135.0,4.0,390.0,114.0,0
13.0,315.0,79.0,207.0,3.0,707.0,145.0,0
11.0,6619.0,159.0,139.0,5.0,520.0,155.0,0
10.0,3115.0,258.0,154.0,7.0,610.0,75.0,0
8.0,220.0,184.0,153.0,7.0,1270.0,244.0,0
8.0,1454.0,130.0,213.0,4.0,793.0,174.0,0
12.0,4739.0,261.0,202.0,1.0,905.0,122.0,1
5.0,2135.0,16.0,213.0,4.0,655.0,107.0,1
16.0,5903.0,121.0,208.0,4.0,1068.0,124.0,0
4.0,46.0,154.0,135.0,4.0,750.0,193.0,1
15.0,1082.0,202.0,243.0,1.0,690.0,85.0,0
8.0,484.0,173.0,45.0,7.0,755.0,121.0,0
8.0,869.0,16.0,197.0,5.0,1265.0,157.0,1
4.0,1077.0,216.0,135.0,7.0,1059.0,221.0,1
16.0,2731.0,135.0,256.0,4.0,1130.0,55.0,1
16.0,2894.0,68.0,135.0,6.0,790.0,64.0,0
6.0,5383.0,272.0,16.0,6.0,430.0,160.0,1
5.0,1631.0,78.0,177.0,7.0,1040.0,150.0,1
12.0,6451.0,154.0,263.0,7.0,1143.0,56.0,0
1.0,742.0,80.0,159.0,1.0,985.0,205.0,1
15.0,1569.0,268.0,217.0,1.0,735.0,215.0,1
5.0,17.0,16.0,154.0,7.0,1136.0,303.0,1
13.0,377.0,217.0,79.0,5.0,995.0,110.0,0
10.0,3351.0,80.0,155.0,3.0,870.0,70.0,1
3.0,747.0,173.0,260.0,5.0,1220.0,157.0,0
5.0,1632.0,261.0,243.0,7.0,1310.0,119.0,1
6.0,5214.0,16.0,58.0,7.0,590.0,112.0,0
15.0,998.0,154.0,202.0,3.0,480.0,80.0,1
8.0,891.0,184.0,154.0,5.0,1255.0,275.0,1
8.0,918.0,184.0,197.0,3.0,1255.0,75.0,1
5.0,315.0,16.0,172.0,1.0,790.0,130.0,1
6.0,7108.0,229.0,134.0,5.0,330.0,114.0,0
1.0,1196.0,154.0,208.0,1.0,585.0,245.0,0
8.0,607.0,253.0,184.0,6.0,732.0,253.0,0
15.0,2459.0,153.0,262.0,3.0,540.0,90.0,1
15.0,313.0,45.0,58.0,4.0,990.0,75.0,0
10.0,4018.0,208.0,238.0,4.0,550.0,100.0,1
16.0,2491.0,147.0,135.0,5.0,538.0,150.0,0
8.0,1430.0,35.0,215.0,6.0,1190.0,101.0,0
12.0,6694.0,18.0,253.0,6.0,1020.0,238.0,0
13.0,324.0,154.0,134.0,5.0,511.0,289.0,0
15.0,3586.0,228.0,45.0,3.0,860.0,80.0,1
4.0,1746.0,135.0,208.0,7.0,445.0,150.0,0
5.0,1753.0,45.0,197.0,4.0,530.0,162.0,0
1.0,118.0,154.0,148.0,4.0,435.0,325.0,1
17.0,2672.0,60.0,138.0,1.0,870.0,57.0,0
15.0,958.0,268.0,197.0,5.0,1230.0,90.0,1
15.0,2573.0,217.0,79.0,6.0,800.0,110.0,1
1.0,1931.0,253.0,154.0,1.0,875.0,80.0,0
4.0,616.0,135.0,197.0,5.0,1140.0,173.0,1
5.0,1797.0,16.0,258.0,7.0,1161.0,332.0,0
14.0,498.0,79.0,60.0,4.0,55.0,179.0,0
17.0,2702.0,248.0,217.0,7.0,385.0,94.0,0
16.0,2377.0,84.0,135.0,5.0,385.0,150.0,0
7.0,123.0,80.0,79.0,1.0,630.0,121.0,0
14.0,735.0,216.0,60.0,5.0,935.0,108.0,0
15.0,1162.0,18.0,129.0,3.0,610.0,50.0,0
3.0,264.0,160.0,262.0,1.0,1025.0,81.0,1
2.0,883.0,252.0,150.0,7.0,1060.0,377.0,0
10.0,4428.0,35.0,159.0,4.0,850.0,80.0,0
5.0,2728.0,261.0,197.0,6.0,587.0,168.0,0
17.0,1035.0,128.0,161.0,3.0,540.0,37.0,0
2.0,493.0,243.0,252.0,5.0,390.0,183.0,0
0.0,4146.0,273.0,148.0,7.0,899.0,110.0,0
5.0,1788.0,177.0,173.0,5.0,510.0,120.0,0
6.0,5466.0,16.0,180.0,3.0,1245.0,62.0,0
15.0,655.0,153.0,280.0,4.0,630.0,75.0,0
15.0,1793.0,279.0,217.0,6.0,580.0,170.0,0
15.0,454.0,33.0,175.0,7.0,700.0,90.0,1
5.0,1070.0,16.0,147.0,4.0,1371.0,68.0,0
16.0,2625.0,135.0,131.0,1.0,912.0,73.0,1
13.0,352.0,252.0,208.0,7.0,683.0,233.0,0
2.0,668.0,252.0,18.0,3.0,695.0,228.0,0
8.0,636.0,76.0,45.0,4.0,1076.0,83.0,0
12.0,6855.0,79.0,162.0,5.0,1221.0,116.0,0
12.0,6422.0,69.0,208.0,4.0,1013.0,97.0,0
1.0,744.0,80.0,159.0,1.0,1035.0,210.0,1
14.0,728.0,80.0,216.0,4.0,915.0,185.0,0
3.0,363.0,159.0,213.0,4.0,465.0,168.0,1
1.0,1352.0,80.0,204.0,1.0,535.0,55.0,0
17.0,2898.0,246.0,217.0,4.0,585.0,89.0,0
1.0,1853.0,80.0,65.0,3.0,870.0,115.0,0
12.0,6703.0,16.0,208.0,4.0,420.0,117.0,0
3.0,667.0,43.0,173.0,7.0,553.0,167.0,0
10.0,4231.0,60.0,208.0,7.0,1080.0,145.0,0
15.0,411.0,216.0,153.0,1.0,635.0,350.0,1
1.0,874.0,154.0,208.0,5.0,725.0,245.0,0
10.0,3809.0,2.0,208.0,4.0,795.0,160.0,1
6.0,7099.0,71.0,208.0,6.0,631.0,81.0,1
2.0,312.0,252.0,253.0,7.0,735.0,128.0,1
17.0,2775.0,217.0,194.0,5.0,659.0,114.0,0
4.0,491.0,183.0,135.0,6.0,1070.0,171.0,1
12.0,4444.0,261.0,230.0,1.0,590.0,98.0,0
4.0,194.0,203.0,154.0,4.0,1330.0,335.0,0
14.0,162.0,60.0,243.0,5.0,475.0,317.0,0
11.0,6566.0,234.0,148.0,7.0,375.0,85.0,0
1.0,405.0,134.0,80.0,7.0,765.0,205.0,0
15.0,1525.0,202.0,252.0,5.0,950.0,125.0,0
16.0,2415.0,58.0,198.0,1.0,540.0,152.0,0
12.0,4547.0,261.0,253.0,4.0,1300.0,134.0,1
3.0,743.0,173.0,260.0,5.0,715.0,159.0,0
0.0,4037.0,22.0,148.0,5.0,780.0,75.0,1
8.0,1181.0,173.0,43.0,1.0,809.0,155.0,0
4.0,1748.0,135.0,104.0,6.0,1125.0,145.0,1
13.0,43.0,79.0,128.0,7.0,714.0,458.0,0
12.0,6516.0,253.0,163.0,6.0,1267.0,87.0,0
10.0,3754.0,208.0,18.0,4.0,510.0,165.0,0
12.0,6538.0,79.0,137.0,7.0,1291.0,98.0,0
10.0,3964.0,45.0,208.0,3.0,665.0,130.0,1
15.0,3504.0,173.0,233.0,4.0,1000.0,100.0,1
0.0,3872.0,33.0,85.0,3.0,943.0,115.0,1
5.0,2642.0,16.0,96.0,3.0,645.0,132.0,0
4.0,169.0,153.0,96.0,4.0,702.0,287.0,0
6.0,5475.0,70.0,16.0,5.0,1046.0,49.0,1
15.0,1858.0,153.0,236.0,6.0,450.0,80.0,0
3.0,740.0,225.0,148.0,6.0,363.0,237.0,0
15.0,863.0,172.0,175.0,4.0,680.0,80.0,1
0.0,4197.0,229.0,85.0,5.0,520.0,147.0,0
2.0,75.0,252.0,149.0,1.0,650.0,155.0,1
4.0,86.0,96.0,58.0,5.0,1215.0,98.0,0
15.0,11.0,129.0,268.0,7.0,650.0,110.0,0
10.0,3726.0,96.0,208.0,7.0,600.0,160.0,0
13.0,36.0,203.0,253.0,3.0,1335.0,300.0,0
14.0,768.0,35.0,216.0,4.0,870.0,98.0,0
8.0,68.0,16.0,134.0,6.0,1043.0,100.0,0
1.0,353.0,159.0,208.0,5.0,1180.0,155.0,0
12.0,6643.0,79.0,230.0,3.0,782.0,69.0,1
13.0,448.0,262.0,79.0,5.0,876.0,144.0,0
12.0,4743.0,58.0,197.0,4.0,400.0,135.0,0
5.0,2313.0,221.0,16.0,7.0,1132.0,118.0,1
4.0,1646.0,135.0,208.0,6.0,625.0,144.0,1
15.0,414.0,153.0,262.0,1.0,1065.0,90.0,0
12.0,6748.0,57.0,154.0,3.0,1041.0,39.0,0
8.0,236.0,234.0,16.0,6.0,956.0,105.0,1
12.0,3060.0,184.0,268.0,3.0,984.0,74.0,1
10.0,4347.0,85.0,208.0,5.0,615.0,85.0,0
6.0,7091.0,245.0,134.0,6.0,1166.0,99.0,0
16.0,5918.0,208.0,152.0,7.0,1205.0,56.0,1
12.0,6533.0,137.0,79.0,7.0,1033.0,89.0,0
16.0,2908.0,135.0,13.0,7.0,564.0,94.0,0
10.0,3204.0,80.0,256.0,4.0,475.0,55.0,0
5.0,1823.0,16.0,147.0,6.0,1166.0,79.0,0
1.0,695.0,148.0,18.0,4.0,945.0,260.0,0
15.0,852.0,44.0,258.0,5.0,1055.0,65.0,0
2.0,626.0,214.0,153.0,4.0,530.0,128.0,0
8.0,331.0,216.0,16.0,4.0,350.0,145.0,0
12.0,6569.0,208.0,86.0,3.0,580.0,71.0,0
5.0,2381.0,244.0,16.0,1.0,400.0,138.0,0
15.0,317.0,34.0,153.0,5.0,655.0,100.0,1
14.0,734.0,60.0,216.0,4.0,1075.0,99.0,0
16.0,2551.0,147.0,135.0,5.0,1060.0,149.0,0
10.0,3910.0,208.0,69.0,5.0,900.0,85.0,0
15.0,1073.0,236.0,153.0,3.0,1000.0,70.0,1
15.0,1332.0,217.0,204.0,3.0,835.0,120.0,1
4.0,1594.0,154.0,135.0,1.0,560.0,197.0,1
2.0,95.0,252.0,14.0,1.0,700.0,229.0,0
1.0,560.0,236.0,208.0,6.0,830.0,235.0,0
0.0,3789.0,136.0,16.0,7.0,652.0,132.0,0
15.0,1166.0,22.0,45.0,7.0,955.0,75.0,1
5.0,2695.0,78.0,183.0,1.0,940.0,159.0,0
15.0,752.0,264.0,258.0,3.0,640.0,75.0,0
17.0,2672.0,251.0,60.0,1.0,735.0,90.0,0
10.0,4104.0,208.0,107.0,4.0,925.0,100.0,1
16.0,2524.0,58.0,182.0,1.0,920.0,88.0,0
15.0,1003.0,280.0,153.0,3.0,1230.0,80.0,1
15.0,1032.0,253.0,153.0,6.0,1140.0,90.0,1
15.0,2952.0,175.0,217.0,6.0,630.0,245.0,1
17.0,2854.0,103.0,217.0,4.0,465.0,71.0,0
8.0,227.0,153.0,184.0,5.0,430.0,208.0,0
17.0,1024.0,128.0,161.0,4.0,669.0,37.0,0
6.0,7325.0,16.0,27.0,1.0,1050.0,57.0,0
6.0,7079.0,85.0,134.0,3.0,877.0,90.0,1
9.0,341.0,143.0,128.0,1.0,577.0,49.0,0
3.0,1104.0,233.0,148.0,5.0,700.0,83.0,0
12.0,6558.0,236.0,79.0,6.0,361.0,129.0,0
12.0,7765.0,220.0,261.0,3.0,735.0,53.0,1
10.0,3367.0,80.0,155.0,5.0,525.0,70.0,1
15.0,1027.0,75.0,198.0,3.0,695.0,80.0,1
13.0,890.0,154.0,148.0,7.0,830.0,323.0,0
10.0,4292.0,238.0,208.0,3.0,1155.0,130.0,1
8.0,1267.0,32.0,173.0,4.0,629.0,142.0,0
13.0,234.0,205.0,208.0,6.0,360.0,96.0,0
10.0,3787.0,162.0,208.0,4.0,1055.0,115.0,1
0.0,3695.0,193.0,197.0,7.0,770.0,80.0,1
5.0,1180.0,261.0,173.0,5.0,1019.0,254.0,0
3.0,580.0,213.0,130.0,5.0,1101.0,159.0,0
1.0,1099.0,139.0,80.0,4.0,475.0,150.0,0
1.0,1598.0,252.0,80.0,1.0,830.0,230.0,0
1.0,34.0,154.0,148.0,3.0,510.0,325.0,1
4.0,1178.0,208.0,96.0,1.0,405.0,123.0,0
13.0,311.0,96.0,79.0,7.0,479.0,274.0,1
1.0,462.0,198.0,183.0,6.0,760.0,105.0,1
12.0,6484.0,17.0,79.0,3.0,837.0,165.0,0
12.0,6986.0,281.0,208.0,5.0,656.0,79.0,0
8.0,793.0,16.0,268.0,3.0,1335.0,108.0,1
15.0,3074.0,173.0,241.0,1.0,1050.0,50.0,0
12.0,6353.0,79.0,235.0,6.0,1143.0,75.0,0
2.0,64.0,151.0,252.0,6.0,1082.0,113.0,0
3.0,743.0,173.0,260.0,1.0,715.0,159.0,1
15.0,408.0,197.0,268.0,7.0,825.0,90.0,0
14.0,1526.0,60.0,273.0,4.0,564.0,104.0,0
12.0,4828.0,253.0,261.0,7.0,1092.0,108.0,0
6.0,5237.0,78.0,35.0,1.0,1015.0,105.0,1
11.0,6466.0,71.0,159.0,4.0,585.0,122.0,0
12.0,7761.0,261.0,89.0,6.0,1005.0,69.0,0
4.0,1138.0,80.0,96.0,7.0,955.0,206.0,0
15.0,48.0,233.0,173.0,7.0,820.0,105.0,1
4.0,734.0,217.0,96.0,3.0,465.0,273.0,1
5.0,1510.0,85.0,35.0,1.0,1060.0,119.0,0
12.0,6336.0,253.0,236.0,1.0,544.0,58.0,1
17.0,7303.0,238.0,208.0,1.0,360.0,117.0,0
16.0,3044.0,205.0,135.0,1.0,955.0,139.0,0
13.0,422.0,28.0,79.0,4.0,451.0,94.0,0
13.0,675.0,208.0,79.0,6.0,510.0,175.0,0
5.0,1742.0,217.0,261.0,5.0,1056.0,96.0,1
10.0,4400.0,233.0,78.0,3.0,900.0,59.0,0
5.0,1437.0,45.0,85.0,5.0,995.0,99.0,1
10.0,3296.0,68.0,80.0,7.0,600.0,80.0,0
15.0,610.0,34.0,236.0,7.0,1150.0,65.0,0
12.0,6596.0,179.0,253.0,1.0,925.0,100.0,1
10.0,4064.0,208.0,58.0,1.0,815.0,80.0,0
10.0,2704.0,80.0,195.0,7.0,700.0,130.0,1
5.0,2125.0,45.0,16.0,3.0,750.0,119.0,0
1.0,785.0,80.0,198.0,7.0,1305.0,75.0,0
11.0,6548.0,221.0,148.0,4.0,1025.0,95.0,0
1.0,1659.0,233.0,208.0,1.0,1100.0,135.0,1
15.0,2655.0,153.0,44.0,4.0,490.0,65.0,1
0.0,3991.0,85.0,175.0,5.0,750.0,73.0,0
13.0,222.0,208.0,22.0,4.0,1265.0,129.0,0
14.0,1123.0,0.0,60.0,7.0,525.0,106.0,0
16.0,2294.0,68.0,135.0,3.0,1156.0,62.0,0
15.0,3222.0,268.0,129.0,5.0,1175.0,135.0,1
10.0,3948.0,205.0,208.0,7.0,1030.0,105.0,0
5.0,1318.0,177.0,45.0,5.0,1145.0,120.0,0
2.0,69.0,252.0,151.0,5.0,1130.0,132.0,0
8.0,782.0,215.0,173.0,4.0,596.0,125.0,0
10.0,3918.0,208.0,76.0,4.0,1170.0,70.0,0
16.0,2543.0,245.0,96.0,7.0,735.0,127.0,0
12.0,6528.0,154.0,217.0,5.0,1025.0,79.0,0
12.0,4781.0,261.0,18.0,1.0,872.0,177.0,0
16.0,2431.0,58.0,139.0,5.0,575.0,59.0,0
15.0,740.0,268.0,173.0,4.0,1130.0,135.0,1
8.0,1452.0,130.0,213.0,5.0,965.0,179.0,0
13.0,932.0,233.0,134.0,4.0,1179.0,68.0,1
10.0,4314.0,221.0,148.0,1.0,740.0,90.0,0
10.0,4312.0,109.0,208.0,1.0,425.0,60.0,0
0.0,4022.0,177.0,285.0,7.0,1132.0,79.0,0
11.0,6718.0,174.0,71.0,4.0,420.0,105.0,0
12.0,6949.0,208.0,204.0,6.0,1025.0,131.0,1
15.0,2798.0,228.0,277.0,5.0,1055.0,200.0,0
6.0,5504.0,16.0,48.0,5.0,831.0,99.0,0
10.0,2789.0,80.0,254.0,1.0,1065.0,75.0,0
15.0,568.0,217.0,154.0,1.0,590.0,90.0,1
3.0,3.0,43.0,148.0,4.0,1093.0,94.0,0
13.0,579.0,84.0,79.0,5.0,492.0,123.0,0
15.0,167.0,75.0,244.0,5.0,1075.0,65.0,1
1.0,1664.0,183.0,16.0,4.0,615.0,120.0,0
3.0,609.0,229.0,148.0,5.0,860.0,82.0,1
12.0,6410.0,44.0,253.0,4.0,1069.0,77.0,1
6.0,5526.0,106.0,16.0,1.0,865.0,135.0,1
15.0,309.0,277.0,172.0,5.0,500.0,175.0,0
1.0,2065.0,80.0,79.0,3.0,525.0,125.0,1
13.0,738.0,79.0,173.0,4.0,488.0,213.0,0
5.0,1709.0,197.0,79.0,5.0,435.0,135.0,0
3.0,1017.0,35.0,148.0,5.0,1115.0,85.0,1
16.0,3004.0,135.0,184.0,6.0,775.0,148.0,0
5.0,1275.0,148.0,261.0,7.0,565.0,325.0,0
4.0,761.0,244.0,96.0,1.0,858.0,222.0,0
16.0,5990.0,164.0,208.0,5.0,883.0,97.0,0
14.0,2039.0,35.0,78.0,7.0,900.0,96.0,0
15.0,1657.0,79.0,261.0,7.0,815.0,90.0,0
6.0,5268.0,85.0,90.0,5.0,1065.0,78.0,0
11.0,6355.0,221.0,71.0,6.0,845.0,82.0,0
10.0,3232.0,80.0,254.0,6.0,860.0,75.0,0
11.0,6432.0,197.0,58.0,4.0,605.0,112.0,0
8.0,902.0,16.0,215.0,6.0,525.0,93.0,0
11.0,6762.0,197.0,221.0,3.0,600.0,130.0,0
12.0,7019.0,214.0,252.0,6.0,1098.0,52.0,1
1.0,524.0,80.0,85.0,1.0,885.0,155.0,1
13.0,302.0,208.0,12.0,5.0,1082.0,115.0,0
3.0,64.0,277.0,148.0,4.0,585.0,145.0,1
8.0,959.0,238.0,45.0,5.0,890.0,76.0,0
14.0,654.0,217.0,264.0,3.0,685.0,86.0,0
15.0,174.0,2.0,153.0,4.0,525.0,100.0,1
15.0,567.0,35.0,216.0,7.0,860.0,100.0,0
17.0,2623.0,60.0,71.0,7.0,965.0,89.0,0
16.0,2896.0,146.0,135.0,5.0,944.0,76.0,0
6.0,5073.0,16.0,190.0,6.0,590.0,85.0,0
13.0,855.0,79.0,217.0,7.0,675.0,110.0,1
10.0,3192.0,258.0,154.0,1.0,500.0,80.0,1
5.0,2518.0,173.0,16.0,3.0,990.0,100.0,0
4.0,519.0,277.0,96.0,3.0,799.0,160.0,1
10.0,4497.0,33.0,78.0,1.0,1100.0,90.0,0
14.0,409.0,217.0,253.0,3.0,1070.0,122.0,0
8.0,857.0,16.0,173.0,5.0,1111.0,87.0,1
12.0,6579.0,79.0,15.0,5.0,871.0,44.0,1
6.0,5030.0,16.0,11.0,6.0,895.0,57.0,1
4.0,669.0,253.0,135.0,7.0,520.0,224.0,1
1.0,1823.0,208.0,213.0,1.0,405.0,175.0,0
15.0,3762.0,75.0,91.0,4.0,650.0,105.0,1
4.0,84.0,16.0,96.0,7.0,714.0,137.0,1
11.0,6604.0,172.0,71.0,3.0,690.0,112.0,1
15.0,2654.0,182.0,277.0,1.0,615.0,220.0,1
10.0,3389.0,80.0,283.0,4.0,1175.0,55.0,0
14.0,632.0,217.0,221.0,1.0,605.0,243.0,0
1.0,1789.0,80.0,243.0,5.0,535.0,190.0,0
14.0,1214.0,60.0,85.0,7.0,600.0,117.0,1
1.0,681.0,148.0,183.0,4.0,640.0,193.0,1
6.0,5586.0,16.0,101.0,5.0,965.0,76.0,1
5.0,2597.0,234.0,16.0,4.0,340.0,109.0,0
2.0,662.0,252.0,80.0,3.0,730.0,227.0,0
15.0,2.0,75.0,170.0,5.0,475.0,75.0,0
1.0,1929.0,253.0,154.0,4.0,455.0,90.0,0
5.0,2626.0,104.0,16.0,3.0,340.0,118.0,0
8.0,1270.0,76.0,173.0,6.0,400.0,144.0,0
12.0,6486.0,79.0,67.0,4.0,936.0,56.0,0
15.0,3484.0,153.0,252.0,7.0,945.0,165.0,1
15.0,117.0,280.0,243.0,5.0,495.0,75.0,0
17.0,1017.0,128.0,161.0,7.0,1040.0,37.0,0
15.0,587.0,153.0,79.0,3.0,910.0,110.0,1
5.0,2100.0,16.0,35.0,7.0,830.0,150.0,0
6.0,5113.0,81.0,16.0,6.0,620.0,60.0,0
1.0,823.0,136.0,80.0,6.0,885.0,80.0,0
1.0,1865.0,80.0,44.0,4.0,1205.0,205.0,0
15.0,24.0,27.0,33.0,3.0,915.0,55.0,1
15.0,1268.0,45.0,184.0,4.0,545.0,125.0,1
5.0,2594.0,16.0,216.0,6.0,960.0,127.0,1
10.0,3074.0,154.0,236.0,4.0,365.0,90.0,0
14.0,957.0,221.0,60.0,1.0,430.0,96.0,0
15.0,316.0,45.0,146.0,7.0,730.0,165.0,0
5.0,2336.0,148.0,197.0,3.0,955.0,210.0,0
14.0,185.0,217.0,104.0,7.0,970.0,250.0,0
9.0,397.0,150.0,128.0,5.0,1248.0,42.0,0
5.0,2836.0,128.0,197.0,1.0,1090.0,470.0,0
17.0,1040.0,128.0,143.0,5.0,1195.0,49.0,0
5.0,2765.0,85.0,233.0,7.0,615.0,107.0,0
14.0,1897.0,197.0,60.0,3.0,1035.0,148.0,0
14.0,903.0,208.0,60.0,7.0,850.0,112.0,0
7.0,569.0,79.0,243.0,1.0,425.0,142.0,0
0.0,3709.0,134.0,85.0,5.0,1160.0,94.0,0
14.0,73.0,79.0,217.0,5.0,900.0,112.0,0
6.0,4985.0,200.0,16.0,6.0,702.0,87.0,0
15.0,463.0,175.0,79.0,6.0,585.0,170.0,0
1.0,1677.0,208.0,264.0,4.0,1125.0,260.0,1
15.0,288.0,2.0,252.0,1.0,1010.0,200.0,1
12.0,6933.0,208.0,152.0,5.0,388.0,49.0,0
8.0,174.0,241.0,16.0,6.0,945.0,102.0,1
12.0,6442.0,154.0,204.0,4.0,781.0,162.0,0
5.0,2921.0,139.0,197.0,1.0,410.0,115.0,0
6.0,5190.0,16.0,275.0,5.0,970.0,66.0,0
15.0,464.0,216.0,175.0,5.0,575.0,150.0,0
15.0,767.0,244.0,153.0,1.0,905.0,175.0,1
4.0,1815.0,135.0,2.0,6.0,565.0,127.0,0
13.0,712.0,154.0,253.0,3.0,1220.0,85.0,0
14.0,1218.0,104.0,78.0,7.0,715.0,145.0,0
14.0,1583.0,216.0,60.0,6.0,405.0,113.0,0
12.0,4834.0,154.0,153.0,7.0,1079.0,70.0,1
5.0,1566.0,116.0,16.0,5.0,1029.0,91.0,0
4.0,1476.0,135.0,216.0,6.0,602.0,187.0,0
11.0,6655.0,205.0,177.0,6.0,360.0,114.0,0
15.0,2004.0,175.0,79.0,3.0,745.0,160.0,1
14.0,122.0,14.0,217.0,6.0,113.0,327.0,0
15.0,804.0,34.0,79.0,5.0,995.0,110.0,0
10.0,3157.0,242.0,154.0,3.0,805.0,130.0,1
12.0,6901.0,208.0,54.0,3.0,552.0,122.0,1
15.0,1866.0,175.0,33.0,5.0,1130.0,85.0,1
4.0,449.0,253.0,96.0,5.0,690.0,320.0,1
12.0,6225.0,84.0,79.0,7.0,1190.0,116.0,1
12.0,6492.0,162.0,79.0,4.0,963.0,145.0,1
10.0,4269.0,208.0,61.0,7.0,745.0,75.0,1
16.0,5997.0,208.0,56.0,1.0,730.0,54.0,0
16.0,5940.0,208.0,238.0,7.0,599.0,95.0,0
10.0,3041.0,154.0,243.0,3.0,600.0,40.0,0
12.0,6955.0,184.0,208.0,4.0,1166.0,49.0,0
1.0,386.0,268.0,208.0,7.0,405.0,80.0,0
12.0,6606.0,79.0,187.0,3.0,688.0,120.0,0
12.0,7026.0,154.0,100.0,1.0,816.0,69.0,1
5.0,1970.0,198.0,16.0,4.0,600.0,91.0,0
15.0,1104.0,172.0,243.0,4.0,770.0,220.0,1
12.0,4795.0,46.0,261.0,7.0,470.0,75.0,0
14.0,1172.0,277.0,78.0,5.0,715.0,125.0,0
5.0,2338.0,16.0,78.0,4.0,740.0,99.0,0
4.0,1094.0,154.0,135.0,1.0,30.0,181.0,1
4.0,1606.0,243.0,135.0,6.0,555.0,185.0,0
5.0,2932.0,264.0,261.0,5.0,617.0,107.0,1
16.0,2659.0,58.0,80.0,1.0,1010.0,180.0,0
13.0,797.0,153.0,154.0,6.0,549.0,77.0,0
5.0,1294.0,16.0,233.0,6.0,515.0,95.0,0
3.0,1795.0,78.0,104.0,6.0,470.0,151.0,1
1.0,2040.0,183.0,159.0,5.0,770.0,170.0,1
15.0,965.0,79.0,173.0,1.0,450.0,210.0,0
11.0,6764.0,60.0,148.0,6.0,700.0,136.0,1
5.0,1653.0,197.0,252.0,5.0,420.0,225.0,0
12.0,6845.0,253.0,246.0,7.0,850.0,82.0,1
6.0,5082.0,16.0,32.0,1.0,523.0,112.0,1
5.0,2001.0,16.0,147.0,7.0,1044.0,70.0,0
5.0,1752.0,16.0,134.0,6.0,1310.0,109.0,0
10.0,3264.0,80.0,290.0,7.0,495.0,65.0,0
15.0,1122.0,202.0,153.0,5.0,665.0,85.0,0
17.0,7294.0,247.0,208.0,7.0,334.0,46.0,0
2.0,314.0,252.0,253.0,5.0,1070.0,127.0,0
5.0,2700.0,258.0,197.0,7.0,390.0,228.0,0
16.0,3095.0,61.0,135.0,5.0,685.0,176.0,1
10.0,3246.0,80.0,118.0,3.0,925.0,50.0,0
16.0,2586.0,135.0,139.0,4.0,480.0,133.0,0
16.0,3099.0,135.0,233.0,6.0,625.0,144.0,0
15.0,186.0,129.0,146.0,4.0,960.0,65.0,0
11.0,6593.0,134.0,85.0,5.0,1021.0,114.0,0
1.0,404.0,183.0,173.0,4.0,385.0,60.0,0
10.0,4162.0,208.0,234.0,5.0,780.0,115.0,0
12.0,4600.0,253.0,261.0,5.0,613.0,117.0,1
15.0,1633.0,280.0,175.0,7.0,545.0,200.0,1
8.0,963.0,48.0,35.0,6.0,980.0,102.0,0
5.0,2645.0,85.0,253.0,6.0,1160.0,321.0,1
6.0,7114.0,134.0,148.0,6.0,1020.0,96.0,0
15.0,1001.0,214.0,172.0,4.0,530.0,200.0,1
16.0,2652.0,157.0,135.0,7.0,360.0,157.0,0
15.0,2414.0,173.0,268.0,6.0,1055.0,155.0,0
10.0,3668.0,285.0,183.0,7.0,875.0,125.0,0
6.0,5214.0,16.0,58.0,1.0,590.0,112.0,1
8.0,146.0,16.0,85.0,3.0,860.0,115.0,0
13.0,339.0,79.0,252.0,5.0,690.0,183.0,0
12.0,6632.0,79.0,254.0,4.0,610.0,107.0,0
4.0,761.0,244.0,96.0,4.0,858.0,222.0,0
3.0,1216.0,43.0,35.0,4.0,835.0,78.0,0
15.0,958.0,75.0,268.0,3.0,1105.0,100.0,1
5.0,2833.0,85.0,243.0,1.0,520.0,309.0,0
15.0,28.0,35.0,45.0,5.0,365.0,110.0,1
8.0,450.0,16.0,198.0,6.0,1013.0,92.0,0
15.0,2968.0,243.0,202.0,4.0,1165.0,85.0,1
13.0,381.0,22.0,208.0,7.0,380.0,161.0,0
5.0,1189.0,45.0,261.0,3.0,1070.0,294.0,0
10.0,4514.0,148.0,78.0,6.0,785.0,85.0,0
12.0,6614.0,224.0,79.0,7.0,869.0,131.0,1
13.0,269.0,234.0,208.0,7.0,1022.0,132.0,0
1.0,1639.0,148.0,260.0,3.0,1230.0,230.0,1
11.0,6379.0,35.0,148.0,1.0,360.0,88.0,0
16.0,2547.0,16.0,58.0,5.0,585.0,114.0,0
6.0,5284.0,132.0,16.0,5.0,680.0,60.0,1
10.0,4148.0,205.0,208.0,1.0,595.0,95.0,0
13.0,558.0,79.0,277.0,6.0,760.0,206.0,0
15.0,3013.0,129.0,18.0,6.0,600.0,45.0,1
16.0,2275.0,213.0,135.0,1.0,890.0,170.0,0
5.0,2186.0,16.0,159.0,7.0,820.0,135.0,0
14.0,1044.0,277.0,216.0,4.0,980.0,149.0,0
10.0,2710.0,290.0,80.0,7.0,420.0,75.0,0
5.0,1112.0,16.0,129.0,7.0,522.0,148.0,1
2.0,630.0,252.0,217.0,4.0,615.0,169.0,0
5.0,2084.0,197.0,85.0,7.0,1055.0,105.0,1
10.0,2718.0,84.0,80.0,6.0,605.0,125.0,0
5.0,2696.0,183.0,78.0,4.0,1180.0,147.0,0
13.0,408.0,79.0,173.0,3.0,1055.0,212.0,0
0.0,4088.0,71.0,234.0,3.0,680.0,87.0,0
10.0,3816.0,79.0,208.0,4.0,620.0,145.0,0
1.0,1427.0,277.0,80.0,4.0,1110.0,175.0,0
6.0,4977.0,16.0,176.0,7.0,1244.0,76.0,0
12.0,7017.0,65.0,79.0,7.0,1127.0,41.0,0
3.0,74.0,148.0,42.0,4.0,1005.0,82.0,1
10.0,3786.0,135.0,208.0,4.0,925.0,155.0,0
12.0,6940.0,139.0,208.0,4.0,729.0,76.0,0
5.0,1566.0,116.0,16.0,4.0,1029.0,91.0,0
5.0,582.0,16.0,159.0,3.0,880.0,133.0,1
15.0,3659.0,27.0,75.0,7.0,820.0,120.0,0
17.0,2711.0,217.0,100.0,3.0,650.0,103.0,0
14.0,1952.0,104.0,60.0,5.0,1145.0,120.0,0
15.0,2912.0,153.0,268.0,6.0,490.0,190.0,1
5.0,2816.0,153.0,85.0,7.0,360.0,234.0,0
14.0,1754.0,78.0,216.0,4.0,930.0,85.0,0
15.0,1233.0,173.0,45.0,3.0,1020.0,125.0,1
15.0,582.0,252.0,258.0,7.0,1185.0,125.0,0
5.0,1815.0,159.0,71.0,4.0,370.0,129.0,0
8.0,219.0,241.0,184.0,6.0,902.0,182.0,0
0.0,4207.0,197.0,136.0,7.0,1315.0,110.0,0
15.0,1087.0,33.0,104.0,5.0,465.0,130.0,0
1.0,1847.0,18.0,80.0,7.0,570.0,65.0,0
10.0,3660.0,139.0,183.0,7.0,1105.0,170.0,1
6.0,5136.0,101.0,16.0,1.0,420.0,97.0,0
0.0,4285.0,197.0,152.0,3.0,1170.0,103.0,0
15.0,742.0,217.0,261.0,5.0,995.0,95.0,1
12.0,3073.0,268.0,184.0,7.0,960.0,73.0,1
5.0,1160.0,261.0,139.0,1.0,1020.0,193.0,0
12.0,7756.0,261.0,49.0,3.0,1005.0,67.0,1
14.0,622.0,202.0,217.0,7.0,750.0,108.0,1
16.0,2335.0,172.0,135.0,1.0,828.0,124.0,1
12.0,6263.0,100.0,253.0,3.0,711.0,66.0,0
5.0,1478.0,177.0,35.0,4.0,1150.0,169.0,0
3.0,1107.0,148.0,233.0,3.0,1065.0,110.0,1
8.0,861.0,16.0,173.0,3.0,798.0,89.0,0
15.0,465.0,277.0,233.0,1.0,1000.0,105.0,1
5.0,2975.0,16.0,244.0,7.0,905.0,166.0,1
14.0,432.0,217.0,203.0,1.0,700.0,396.0,0
15.0,2882.0,277.0,182.0,3.0,935.0,175.0,1
6.0,5068.0,16.0,138.0,6.0,725.0,76.0,0
6.0,5560.0,27.0,16.0,5.0,1020.0,74.0,0
10.0,4090.0,208.0,204.0,4.0,1320.0,130.0,0
8.0,1142.0,0.0,104.0,1.0,688.0,178.0,0
13.0,755.0,173.0,134.0,3.0,545.0,132.0,0
3.0,1328.0,45.0,35.0,4.0,1055.0,84.0,1
13.0,527.0,208.0,45.0,6.0,436.0,114.0,0
10.0,2847.0,54.0,80.0,1.0,740.0,190.0,0
8.0,376.0,277.0,184.0,7.0,1125.0,165.0,1
15.0,1071.0,264.0,258.0,7.0,925.0,75.0,1
8.0,901.0,215.0,16.0,4.0,360.0,123.0,1
15.0,10.0,129.0,75.0,7.0,510.0,55.0,0
12.0,7017.0,65.0,79.0,5.0,1137.0,41.0,0
2.0,136.0,14.0,214.0,7.0,680.0,218.0,0
5.0,1414.0,245.0,16.0,6.0,602.0,67.0,0
6.0,7105.0,134.0,229.0,3.0,737.0,92.0,1
4.0,383.0,35.0,135.0,3.0,990.0,267.0,0
14.0,1041.0,269.0,60.0,4.0,1060.0,230.0,0
2.0,55.0,39.0,14.0,6.0,671.0,111.0,1
15.0,2349.0,202.0,44.0,3.0,740.0,65.0,1
0.0,3941.0,148.0,238.0,3.0,1275.0,125.0,0
5.0,2724.0,29.0,197.0,4.0,390.0,79.0,0
15.0,3331.0,153.0,253.0,5.0,1285.0,95.0,1
1.0,1955.0,80.0,217.0,3.0,1325.0,150.0,0
1.0,608.0,243.0,80.0,6.0,385.0,185.0,0
8.0,354.0,16.0,159.0,1.0,890.0,130.0,1
15.0,2381.0,159.0,175.0,7.0,1165.0,160.0,0
11.0,6516.0,197.0,148.0,5.0,425.0,165.0,0
10.0,4377.0,35.0,148.0,3.0,540.0,80.0,1
6.0,5083.0,177.0,146.0,1.0,580.0,61.0,0
2.0,95.0,252.0,14.0,6.0,700.0,229.0,1
10.0,3947.0,208.0,285.0,7.0,750.0,90.0,1
13.0,886.0,253.0,153.0,4.0,758.0,104.0,0
1.0,607.0,35.0,208.0,4.0,1035.0,185.0,0
12.0,6848.0,80.0,253.0,7.0,1197.0,235.0,1
6.0,5013.0,268.0,177.0,5.0,685.0,74.0,0
5.0,2853.0,132.0,16.0,5.0,390.0,80.0,1
12.0,6697.0,79.0,145.0,5.0,917.0,84.0,0
1.0,1073.0,136.0,80.0,4.0,690.0,80.0,1
15.0,2652.0,18.0,45.0,7.0,480.0,180.0,1
14.0,658.0,253.0,216.0,1.0,665.0,315.0,1
15.0,61.0,27.0,45.0,7.0,515.0,110.0,0
12.0,6928.0,79.0,99.0,7.0,982.0,106.0,0
13.0,447.0,216.0,253.0,3.0,1091.0,389.0,0
12.0,6946.0,154.0,57.0,3.0,1353.0,41.0,0
5.0,10.0,277.0,16.0,4.0,1135.0,98.0,1
12.0,6735.0,196.0,79.0,4.0,792.0,112.0,1
13.0,729.0,134.0,277.0,4.0,1050.0,153.0,1
13.0,739.0,173.0,79.0,6.0,437.0,248.0,0
5.0,2060.0,16.0,65.0,7.0,1130.0,195.0,1
5.0,1697.0,216.0,197.0,3.0,691.0,188.0,1
10.0,2976.0,1.0,80.0,7.0,1065.0,50.0,0
7.0,612.0,79.0,139.0,3.0,1150.0,140.0,0
16.0,2175.0,33.0,135.0,5.0,375.0,134.0,0
13.0,523.0,107.0,79.0,6.0,808.0,108.0,0
10.0,3600.0,54.0,183.0,1.0,375.0,105.0,0
14.0,1786.0,60.0,182.0,4.0,1335.0,124.0,0
12.0,6292.0,194.0,154.0,7.0,1226.0,71.0,0
15.0,962.0,79.0,261.0,1.0,1085.0,90.0,1
3.0,464.0,241.0,35.0,5.0,779.0,178.0,0
15.0,3668.0,207.0,202.0,4.0,845.0,75.0,1
11.0,6279.0,71.0,216.0,6.0,675.0,99.0,0
13.0,481.0,208.0,80.0,3.0,1230.0,151.0,1
10.0,4321.0,208.0,204.0,5.0,865.0,135.0,0
16.0,2187.0,96.0,197.0,4.0,390.0,192.0,0
13.0,720.0,253.0,79.0,4.0,902.0,153.0,0
12.0,6337.0,79.0,114.0,5.0,697.0,58.0,0
15.0,1187.0,45.0,139.0,6.0,550.0,110.0,0
15.0,2579.0,280.0,153.0,6.0,925.0,80.0,1
12.0,6752.0,208.0,109.0,4.0,1060.0,55.0,1
5.0,2314.0,16.0,22.0,5.0,1065.0,150.0,1
1.0,102.0,128.0,80.0,3.0,1205.0,430.0,0
12.0,7806.0,64.0,261.0,6.0,776.0,89.0,0
2.0,82.0,14.0,252.0,4.0,570.0,200.0,0
5.0,1383.0,35.0,159.0,1.0,690.0,73.0,0
17.0,1048.0,128.0,143.0,4.0,510.0,49.0,0
10.0,3941.0,172.0,208.0,3.0,790.0,95.0,0
6.0,5576.0,16.0,146.0,1.0,1041.0,85.0,0
10.0,4157.0,33.0,208.0,3.0,1120.0,105.0,1
12.0,6679.0,253.0,55.0,4.0,1287.0,51.0,1
15.0,2467.0,217.0,253.0,5.0,1245.0,130.0,1
5.0,2373.0,16.0,183.0,1.0,595.0,120.0,1
13.0,743.0,79.0,111.0,4.0,685.0,151.0,0
12.0,4480.0,112.0,197.0,7.0,405.0,80.0,1
15.0,667.0,129.0,277.0,4.0,500.0,120.0,1
11.0,6359.0,71.0,134.0,4.0,555.0,92.0,0
12.0,6383.0,253.0,246.0,4.0,1065.0,82.0,1
15.0,153.0,79.0,139.0,5.0,610.0,145.0,0
15.0,1055.0,198.0,173.0,3.0,535.0,100.0,0
12.0,4838.0,261.0,99.0,5.0,829.0,134.0,1
1.0,20.0,253.0,148.0,5.0,885.0,325.0,0
15.0,1691.0,45.0,22.0,5.0,930.0,70.0,1
0.0,4136.0,85.0,142.0,3.0,880.0,83.0,1
15.0,2036.0,27.0,173.0,4.0,530.0,90.0,1
5.0,428.0,260.0,16.0,1.0,985.0,236.0,0
3.0,334.0,173.0,134.0,3.0,885.0,120.0,1
2.0,517.0,264.0,252.0,5.0,480.0,173.0,0
5.0,1566.0,16.0,228.0,4.0,1227.0,141.0,0
5.0,1667.0,154.0,197.0,7.0,915.0,212.0,1
11.0,6506.0,71.0,216.0,7.0,550.0,103.0,0
12.0,6876.0,79.0,214.0,5.0,507.0,172.0,0
3.0,689.0,35.0,78.0,5.0,1050.0,102.0,1
15.0,3485.0,33.0,173.0,1.0,465.0,110.0,1
1.0,1386.0,252.0,208.0,5.0,740.0,250.0,0
2.0,890.0,203.0,243.0,3.0,860.0,312.0,1
3.0,39.0,148.0,213.0,5.0,1120.0,183.0,1
13.0,535.0,154.0,253.0,7.0,513.0,95.0,1
10.0,4589.0,197.0,159.0,3.0,1020.0,165.0,0
10.0,4295.0,208.0,109.0,4.0,1260.0,55.0,0
14.0,2038.0,78.0,35.0,1.0,930.0,88.0,0
1.0,223.0,35.0,154.0,5.0,1130.0,395.0,0
16.0,2396.0,96.0,85.0,5.0,1035.0,125.0,0
16.0,2543.0,245.0,96.0,3.0,735.0,127.0,1
3.0,345.0,148.0,267.0,7.0,477.0,183.0,0
14.0,1909.0,159.0,60.0,4.0,785.0,122.0,0
10.0,3007.0,246.0,154.0,1.0,390.0,45.0,0
4.0,735.0,58.0,154.0,3.0,530.0,299.0,1
8.0,901.0,215.0,16.0,7.0,360.0,123.0,1
15.0,34.0,129.0,75.0,3.0,870.0,60.0,0
4.0,291.0,183.0,135.0,3.0,703.0,167.0,1
1.0,1901.0,80.0,183.0,1.0,750.0,160.0,0
12.0,6433.0,154.0,100.0,3.0,1363.0,58.0,0
17.0,7284.0,208.0,238.0,5.0,1284.0,92.0,1
14.0,1206.0,217.0,216.0,7.0,790.0,266.0,1
15.0,52.0,129.0,75.0,7.0,1140.0,60.0,1
5.0,1030.0,244.0,16.0,6.0,975.0,145.0,0
2.0,124.0,98.0,252.0,3.0,525.0,225.0,1
13.0,635.0,233.0,208.0,1.0,362.0,139.0,1
9.0,143.0,128.0,161.0,5.0,650.0,37.0,0
1.0,1629.0,80.0,243.0,1.0,630.0,195.0,0
12.0,6580.0,179.0,253.0,3.0,824.0,98.0,1
10.0,3607.0,183.0,16.0,6.0,445.0,120.0,1
10.0,3246.0,80.0,118.0,6.0,925.0,50.0,1
5.0,1850.0,153.0,197.0,1.0,814.0,186.0,0
0.0,3749.0,130.0,16.0,7.0,915.0,162.0,0
15.0,1715.0,34.0,252.0,1.0,590.0,85.0,1
5.0,2699.0,197.0,217.0,4.0,685.0,204.0,1
15.0,2852.0,268.0,61.0,6.0,1005.0,75.0,0
10.0,3902.0,208.0,290.0,5.0,540.0,110.0,0
15.0,3833.0,217.0,154.0,3.0,1175.0,85.0,1
14.0,1451.0,60.0,253.0,3.0,455.0,342.0,0
14.0,4.0,217.0,153.0,4.0,680.0,75.0,0
5.0,1186.0,147.0,16.0,4.0,772.0,78.0,0
10.0,3347.0,254.0,80.0,4.0,780.0,85.0,0
3.0,1411.0,173.0,18.0,3.0,775.0,169.0,1
15.0,1983.0,175.0,134.0,6.0,1065.0,105.0,1
12.0,6484.0,17.0,79.0,4.0,837.0,165.0,0
1.0,4.0,154.0,148.0,6.0,745.0,335.0,0
16.0,2863.0,190.0,135.0,5.0,885.0,90.0,0
1.0,2401.0,80.0,154.0,5.0,390.0,205.0,0
10.0,3685.0,177.0,183.0,1.0,370.0,145.0,0
6.0,5517.0,47.0,16.0,1.0,995.0,74.0,1
12.0,7034.0,253.0,214.0,5.0,780.0,107.0,1
15.0,1925.0,217.0,258.0,6.0,450.0,125.0,0
15.0,288.0,175.0,172.0,4.0,700.0,90.0,1
5.0,2629.0,16.0,252.0,6.0,500.0,331.0,0
4.0,500.0,135.0,139.0,4.0,1150.0,141.0,0
1.0,2229.0,183.0,80.0,7.0,500.0,200.0,0
10.0,3398.0,156.0,80.0,7.0,755.0,75.0,0
0.0,4045.0,130.0,16.0,3.0,435.0,158.0,1
6.0,5182.0,16.0,47.0,4.0,521.0,71.0,0
11.0,6556.0,198.0,71.0,5.0,1010.0,124.0,1
3.0,278.0,253.0,104.0,5.0,1375.0,308.0,0
6.0,7066.0,47.0,208.0,6.0,1009.0,128.0,1
13.0,945.0,208.0,154.0,3.0,715.0,275.0,0
0.0,3914.0,139.0,85.0,4.0,900.0,83.0,0
14.0,526.0,217.0,236.0,5.0,1065.0,108.0,0
15.0,1943.0,79.0,280.0,7.0,1230.0,115.0,0
1.0,2493.0,22.0,80.0,1.0,1055.0,255.0,0
11.0,6662.0,109.0,85.0,5.0,810.0,60.0,1
15.0,340.0,264.0,217.0,3.0,890.0,70.0,1
1.0,444.0,244.0,208.0,7.0,435.0,165.0,0
15.0,205.0,175.0,233.0,1.0,565.0,110.0,1
2.0,587.0,264.0,214.0,3.0,615.0,148.0,0
15.0,3017.0,202.0,44.0,6.0,550.0,65.0,1
8.0,470.0,16.0,45.0,4.0,1255.0,109.0,0
1.0,1238.0,252.0,208.0,1.0,525.0,235.0,0
15.0,823.0,154.0,262.0,5.0,680.0,85.0,1
13.0,367.0,135.0,79.0,5.0,695.0,156.0,0
4.0,658.0,135.0,78.0,6.0,1150.0,163.0,1
15.0,2180.0,217.0,154.0,6.0,450.0,80.0,0
5.0,1689.0,216.0,85.0,4.0,755.0,108.0,1
10.0,3302.0,187.0,80.0,1.0,380.0,140.0,0
9.0,556.0,128.0,203.0,7.0,1170.0,37.0,1
1.0,1789.0,136.0,80.0,1.0,400.0,85.0,0
15.0,2807.0,79.0,207.0,3.0,515.0,140.0,1
16.0,2295.0,96.0,121.0,5.0,510.0,124.0,0
5.0,2168.0,197.0,22.0,3.0,1150.0,157.0,1
10.0,3065.0,154.0,243.0,6.0,455.0,45.0,0
1.0,738.0,80.0,159.0,1.0,915.0,205.0,1
14.0,1621.0,96.0,60.0,7.0,780.0,118.0,0
15.0,1944.0,202.0,252.0,5.0,545.0,125.0,0
12.0,6466.0,144.0,154.0,4.0,300.0,53.0,0
1.0,1273.0,177.0,80.0,7.0,415.0,100.0,0
15.0,685.0,205.0,268.0,3.0,375.0,70.0,0
6.0,7084.0,76.0,208.0,4.0,617.0,74.0,0
5.0,2114.0,252.0,197.0,1.0,770.0,202.0,0
13.0,729.0,134.0,277.0,6.0,1072.0,146.0,1
13.0,177.0,35.0,253.0,3.0,682.0,408.0,1
15.0,512.0,153.0,184.0,7.0,570.0,210.0,0
6.0,5423.0,288.0,16.0,6.0,701.0,82.0,1
15.0,545.0,207.0,262.0,7.0,515.0,80.0,0
3.0,339.0,134.0,173.0,5.0,660.0,135.0,0
15.0,903.0,175.0,104.0,3.0,1135.0,180.0,1
11.0,6742.0,85.0,251.0,1.0,720.0,89.0,0
12.0,7016.0,130.0,208.0,4.0,720.0,156.0,0
10.0,4412.0,159.0,85.0,7.0,745.0,125.0,0
14.0,1015.0,135.0,60.0,3.0,615.0,142.0,1
10.0,4612.0,159.0,233.0,4.0,900.0,110.0,1
2.0,601.0,153.0,252.0,1.0,645.0,160.0,1
11.0,6621.0,157.0,85.0,5.0,379.0,86.0,0
0.0,3948.0,85.0,228.0,6.0,1180.0,115.0,0
16.0,2336.0,135.0,136.0,6.0,872.0,93.0,1
15.0,2198.0,261.0,236.0,3.0,1040.0,85.0,1
14.0,1735.0,60.0,173.0,1.0,995.0,100.0,1
10.0,2738.0,121.0,80.0,4.0,390.0,175.0,0
3.0,534.0,277.0,96.0,6.0,1110.0,160.0,0
15.0,1866.0,175.0,33.0,3.0,1130.0,85.0,1
0.0,3666.0,197.0,29.0,1.0,905.0,88.0,0
16.0,2873.0,135.0,13.0,4.0,1119.0,110.0,0
12.0,6603.0,2.0,79.0,5.0,925.0,76.0,0
2.0,462.0,252.0,154.0,1.0,720.0,148.0,1
15.0,1124.0,268.0,85.0,1.0,1080.0,90.0,1
15.0,1289.0,217.0,244.0,3.0,800.0,125.0,0
0.0,3859.0,16.0,204.0,4.0,681.0,145.0,0
3.0,1263.0,35.0,18.0,6.0,530.0,280.0,0
12.0,6355.0,154.0,246.0,1.0,966.0,44.0,1
1.0,1074.0,205.0,80.0,7.0,675.0,115.0,1
8.0,74.0,104.0,16.0,6.0,777.0,112.0,0
14.0,396.0,80.0,153.0,7.0,1040.0,176.0,0
3.0,219.0,148.0,60.0,4.0,490.0,121.0,0
17.0,2826.0,160.0,217.0,3.0,585.0,81.0,0
8.0,121.0,16.0,277.0,3.0,1080.0,86.0,0
5.0,2638.0,16.0,78.0,4.0,560.0,108.0,1
14.0,894.0,60.0,16.0,4.0,1215.0,80.0,0
1.0,1461.0,173.0,80.0,1.0,415.0,185.0,1
5.0,1939.0,78.0,16.0,5.0,1200.0,125.0,0
12.0,6743.0,208.0,279.0,3.0,587.0,116.0,1
1.0,1041.0,208.0,258.0,5.0,610.0,280.0,0
14.0,1467.0,216.0,16.0,7.0,700.0,142.0,0
12.0,6846.0,246.0,253.0,3.0,751.0,80.0,1
6.0,5293.0,36.0,16.0,1.0,455.0,80.0,0
6.0,5400.0,174.0,16.0,4.0,1035.0,137.0,1
4.0,675.0,221.0,135.0,7.0,1060.0,190.0,1
14.0,623.0,217.0,202.0,3.0,1080.0,119.0,1
15.0,1401.0,153.0,264.0,6.0,425.0,60.0,0
8.0,494.0,60.0,45.0,5.0,434.0,86.0,0
12.0,4593.0,79.0,261.0,7.0,880.0,89.0,1
15.0,259.0,153.0,172.0,7.0,745.0,175.0,0
12.0,4468.0,177.0,184.0,4.0,1150.0,106.0,0
10.0,3726.0,96.0,208.0,5.0,600.0,160.0,0
3.0,504.0,104.0,96.0,6.0,584.0,166.0,0
15.0,1763.0,277.0,216.0,3.0,665.0,150.0,1
13.0,202.0,154.0,198.0,5.0,677.0,220.0,0
5.0,329.0,147.0,16.0,7.0,846.0,79.0,0
15.0,705.0,75.0,279.0,3.0,710.0,55.0,1
2.0,314.0,252.0,253.0,1.0,1070.0,127.0,0
5.0,1769.0,16.0,173.0,1.0,420.0,82.0,0
10.0,3954.0,208.0,117.0,3.0,545.0,55.0,0
8.0,212.0,241.0,184.0,5.0,739.0,181.0,0
10.0,3503.0,80.0,58.0,3.0,860.0,150.0,1
1.0,1684.0,33.0,159.0,7.0,1060.0,125.0,0
15.0,704.0,236.0,34.0,3.0,500.0,65.0,1
7.0,265.0,264.0,79.0,6.0,405.0,145.0,0
1.0,1649.0,80.0,207.0,4.0,795.0,190.0,0
15.0,3762.0,236.0,258.0,5.0,1010.0,60.0,1
14.0,400.0,217.0,253.0,1.0,680.0,133.0,0
5.0,432.0,96.0,85.0,1.0,753.0,117.0,1
16.0,3120.0,135.0,162.0,1.0,790.0,76.0,1
4.0,170.0,135.0,253.0,7.0,545.0,255.0,0
1.0,395.0,183.0,80.0,1.0,645.0,200.0,1
5.0,2371.0,197.0,262.0,5.0,1300.0,240.0,1
12.0,4771.0,208.0,261.0,5.0,450.0,205.0,0
15.0,1587.0,217.0,44.0,7.0,1235.0,85.0,1
12.0,7780.0,271.0,261.0,7.0,410.0,64.0,0
10.0,3298.0,80.0,129.0,5.0,430.0,65.0,0
5.0,2667.0,16.0,243.0,3.0,1294.0,289.0,1
5.0,2686.0,16.0,159.0,5.0,1120.0,136.0,1
16.0,2928.0,135.0,279.0,4.0,599.0,83.0,0
1.0,941.0,159.0,183.0,1.0,425.0,195.0,1
10.0,3274.0,285.0,80.0,5.0,1115.0,155.0,0
10.0,3961.0,71.0,208.0,1.0,660.0,80.0,0
13.0,907.0,208.0,253.0,1.0,1025.0,292.0,1
14.0,1419.0,216.0,154.0,7.0,580.0,370.0,1
12.0,6568.0,243.0,154.0,7.0,379.0,52.0,0
4.0,1077.0,216.0,135.0,3.0,1059.0,221.0,1
10.0,3037.0,154.0,246.0,1.0,995.0,40.0,0
12.0,4871.0,29.0,261.0,5.0,400.0,121.0,0
12.0,6253.0,244.0,253.0,7.0,462.0,235.0,0
15.0,530.0,79.0,175.0,1.0,750.0,140.0,1
1.0,1632.0,80.0,205.0,7.0,945.0,105.0,0
10.0,3779.0,208.0,198.0,5.0,1165.0,140.0,0
17.0,7235.0,12.0,134.0,5.0,602.0,94.0,0
15.0,1973.0,228.0,277.0,6.0,705.0,200.0,1
6.0,5355.0,85.0,237.0,5.0,1300.0,90.0,0
10.0,3943.0,208.0,279.0,5.0,520.0,120.0,1
15.0,40.0,129.0,75.0,5.0,960.0,60.0,0
4.0,561.0,244.0,96.0,4.0,390.0,212.0,0
12.0,6237.0,153.0,100.0,7.0,1001.0,88.0,0
10.0,4695.0,159.0,35.0,7.0,960.0,70.0,0
16.0,2304.0,135.0,116.0,5.0,770.0,71.0,0
15.0,1099.0,44.0,202.0,4.0,540.0,70.0,0
15.0,3028.0,22.0,45.0,6.0,550.0,70.0,0
15.0,636.0,175.0,264.0,4.0,705.0,265.0,1
16.0,2873.0,135.0,13.0,6.0,1119.0,105.0,0
5.0,2587.0,241.0,85.0,4.0,959.0,171.0,1
15.0,2160.0,236.0,252.0,6.0,890.0,115.0,1
4.0,1729.0,280.0,135.0,5.0,495.0,142.0,0
8.0,134.0,277.0,16.0,7.0,480.0,100.0,0
17.0,2907.0,217.0,114.0,5.0,1184.0,125.0,0
12.0,6520.0,171.0,208.0,4.0,932.0,72.0,0
13.0,125.0,134.0,79.0,7.0,1125.0,246.0,0
8.0,795.0,16.0,268.0,1.0,535.0,98.0,0
1.0,1868.0,80.0,16.0,3.0,615.0,125.0,0
1.0,2349.0,208.0,80.0,3.0,1130.0,155.0,1
7.0,824.0,172.0,79.0,4.0,608.0,107.0,0
12.0,6864.0,208.0,136.0,1.0,931.0,114.0,1
14.0,1022.0,60.0,234.0,4.0,1220.0,68.0,1
11.0,6697.0,233.0,71.0,7.0,660.0,99.0,1
15.0,1097.0,2.0,217.0,4.0,1010.0,80.0,1
5.0,1592.0,243.0,16.0,5.0,385.0,249.0,0
0.0,3808.0,32.0,85.0,4.0,395.0,87.0,0
1.0,1910.0,154.0,153.0,7.0,705.0,75.0,0
15.0,3415.0,268.0,35.0,3.0,1080.0,155.0,1
5.0,1449.0,134.0,16.0,1.0,380.0,129.0,0
5.0,1927.0,16.0,104.0,6.0,810.0,110.0,0
15.0,1021.0,129.0,18.0,1.0,735.0,45.0,1
1.0,1448.0,208.0,78.0,5.0,640.0,105.0,0
5.0,1815.0,159.0,71.0,5.0,370.0,129.0,0
11.0,6399.0,120.0,16.0,3.0,1007.0,88.0,0
1.0,1723.0,45.0,183.0,1.0,370.0,160.0,0
1.0,728.0,153.0,80.0,6.0,425.0,160.0,0
14.0,204.0,153.0,217.0,7.0,595.0,72.0,0
6.0,5029.0,139.0,177.0,6.0,1060.0,91.0,0
1.0,1176.0,183.0,45.0,6.0,1295.0,144.0,0
5.0,2247.0,159.0,16.0,1.0,840.0,160.0,1
10.0,2838.0,245.0,80.0,5.0,440.0,180.0,0
13.0,759.0,208.0,253.0,4.0,540.0,290.0,0
13.0,504.0,253.0,208.0,7.0,1425.0,251.0,1
1.0,2454.0,154.0,80.0,1.0,1005.0,180.0,0
14.0,1020.0,216.0,173.0,4.0,606.0,167.0,1
15.0,641.0,221.0,216.0,4.0,1035.0,90.0,1
14.0,1649.0,78.0,277.0,6.0,1045.0,144.0,0
5.0,1052.0,87.0,16.0,1.0,715.0,73.0,0
3.0,259.0,104.0,160.0,7.0,961.0,342.0,1
3.0,383.0,159.0,104.0,7.0,1305.0,170.0,1
10.0,4335.0,208.0,119.0,4.0,510.0,55.0,0
13.0,82.0,128.0,154.0,7.0,829.0,331.0,0
16.0,2516.0,238.0,96.0,4.0,1055.0,87.0,0
14.0,1023.0,216.0,277.0,4.0,590.0,174.0,0
14.0,488.0,154.0,217.0,3.0,590.0,81.0,0
12.0,4554.0,122.0,261.0,7.0,380.0,88.0,0
5.0,2511.0,16.0,80.0,3.0,580.0,150.0,1
15.0,2514.0,244.0,91.0,6.0,1005.0,95.0,1
6.0,7120.0,134.0,159.0,5.0,882.0,83.0,1
12.0,6958.0,208.0,185.0,4.0,483.0,51.0,1
11.0,6693.0,85.0,251.0,3.0,920.0,87.0,1
13.0,881.0,35.0,208.0,3.0,545.0,173.0,0
4.0,118.0,96.0,277.0,5.0,725.0,180.0,1
8.0,464.0,16.0,45.0,7.0,810.0,104.0,0
12.0,3074.0,184.0,139.0,4.0,1070.0,62.0,1
0.0,4279.0,177.0,13.0,3.0,1185.0,120.0,0
13.0,900.0,243.0,253.0,5.0,624.0,101.0,0
5.0,1862.0,85.0,216.0,6.0,835.0,99.0,1
2.0,467.0,154.0,252.0,3.0,810.0,155.0,0
12.0,6637.0,79.0,46.0,5.0,1302.0,109.0,0
12.0,6932.0,208.0,212.0,5.0,795.0,80.0,0
12.0,6712.0,65.0,208.0,6.0,445.0,158.0,1
3.0,153.0,148.0,173.0,1.0,1028.0,178.0,0
15.0,2068.0,79.0,204.0,6.0,530.0,90.0,0
1.0,1407.0,216.0,80.0,3.0,1080.0,240.0,1
15.0,1065.0,33.0,79.0,5.0,750.0,180.0,1
15.0,1027.0,198.0,277.0,3.0,800.0,85.0,0
15.0,1458.0,153.0,244.0,4.0,815.0,160.0,0
0.0,4043.0,119.0,177.0,1.0,705.0,128.0,1
6.0,5550.0,11.0,16.0,3.0,895.0,67.0,1
3.0,43.0,148.0,173.0,1.0,967.0,183.0,1
14.0,982.0,60.0,197.0,4.0,880.0,170.0,0
5.0,1254.0,223.0,16.0,6.0,390.0,83.0,0
16.0,2761.0,234.0,96.0,1.0,437.0,69.0,0
1.0,1964.0,253.0,80.0,1.0,625.0,215.0,1
6.0,5054.0,177.0,60.0,6.0,515.0,101.0,0
6.0,7350.0,177.0,204.0,3.0,1165.0,90.0,0
11.0,6382.0,21.0,85.0,1.0,420.0,60.0,0
5.0,1732.0,213.0,16.0,6.0,812.0,113.0,0
12.0,6826.0,253.0,207.0,4.0,484.0,74.0,0
3.0,1424.0,160.0,214.0,6.0,1085.0,141.0,0
15.0,2968.0,261.0,217.0,1.0,1000.0,95.0,1
14.0,997.0,60.0,54.0,5.0,868.0,54.0,1
13.0,519.0,197.0,253.0,3.0,1006.0,264.0,0
5.0,2927.0,197.0,172.0,3.0,420.0,95.0,1
14.0,2136.0,159.0,35.0,1.0,1020.0,72.0,0
1.0,447.0,60.0,80.0,1.0,1045.0,185.0,0
3.0,27.0,42.0,148.0,3.0,762.0,77.0,1
4.0,8.0,96.0,35.0,7.0,1099.0,77.0,0
10.0,3859.0,135.0,208.0,6.0,405.0,155.0,0
16.0,3003.0,33.0,135.0,5.0,760.0,125.0,0
12.0,7760.0,261.0,89.0,7.0,820.0,75.0,0
10.0,4241.0,208.0,233.0,5.0,1185.0,120.0,0
10.0,3769.0,16.0,208.0,5.0,570.0,125.0,1
16.0,2398.0,279.0,96.0,3.0,430.0,170.0,0
5.0,2651.0,216.0,261.0,6.0,430.0,318.0,0
16.0,2092.0,78.0,96.0,5.0,660.0,67.0,0
1.0,1901.0,80.0,183.0,4.0,750.0,160.0,1
3.0,558.0,277.0,130.0,5.0,702.0,158.0,0
3.0,1053.0,148.0,221.0,6.0,915.0,107.0,1
12.0,4655.0,197.0,240.0,5.0,1140.0,42.0,1
15.0,1175.0,264.0,202.0,1.0,405.0,105.0,1
15.0,2146.0,22.0,175.0,6.0,910.0,160.0,0
6.0,5603.0,16.0,158.0,3.0,500.0,108.0,1
10.0,3632.0,60.0,183.0,5.0,350.0,120.0,1
12.0,4569.0,197.0,99.0,5.0,825.0,62.0,1
9.0,513.0,128.0,161.0,7.0,605.0,37.0,0
15.0,3038.0,45.0,33.0,6.0,1135.0,125.0,0
15.0,2816.0,217.0,44.0,6.0,1095.0,85.0,1
11.0,6489.0,71.0,80.0,7.0,560.0,158.0,0
15.0,768.0,198.0,277.0,4.0,1125.0,85.0,1
15.0,1434.0,129.0,202.0,4.0,1145.0,260.0,0
14.0,985.0,198.0,60.0,5.0,360.0,108.0,1
14.0,329.0,264.0,217.0,1.0,975.0,75.0,0
4.0,220.0,135.0,217.0,6.0,545.0,174.0,0
12.0,6854.0,6.0,253.0,3.0,663.0,78.0,0
5.0,27.0,16.0,85.0,7.0,655.0,125.0,1
8.0,717.0,48.0,159.0,1.0,847.0,87.0,1
17.0,2930.0,217.0,2.0,6.0,795.0,73.0,0
16.0,2841.0,135.0,76.0,7.0,810.0,139.0,0
12.0,4725.0,261.0,160.0,3.0,1010.0,112.0,0
5.0,2651.0,261.0,262.0,7.0,684.0,108.0,0
15.0,1934.0,244.0,79.0,6.0,985.0,140.0,0
12.0,4811.0,261.0,202.0,4.0,1006.0,122.0,0
8.0,785.0,215.0,159.0,5.0,1077.0,82.0,0
6.0,5293.0,36.0,16.0,3.0,455.0,80.0,0
13.0,573.0,253.0,252.0,4.0,1003.0,133.0,1
15.0,403.0,79.0,172.0,7.0,1040.0,95.0,1
1.0,2404.0,154.0,80.0,5.0,655.0,185.0,0
9.0,173.0,128.0,161.0,4.0,783.0,38.0,0
4.0,433.0,159.0,135.0,4.0,800.0,243.0,1
15.0,1601.0,277.0,228.0,3.0,455.0,165.0,0
15.0,2397.0,175.0,172.0,3.0,570.0,90.0,1
14.0,1015.0,135.0,60.0,4.0,615.0,142.0,0
5.0,1285.0,16.0,213.0,6.0,1076.0,110.0,0
10.0,4568.0,33.0,78.0,5.0,985.0,95.0,0
11.0,6506.0,71.0,216.0,3.0,460.0,106.0,1
12.0,7010.0,208.0,18.0,7.0,898.0,165.0,0
14.0,1786.0,60.0,182.0,5.0,1335.0,124.0,0
15.0,505.0,243.0,217.0,4.0,795.0,70.0,0
1.0,1512.0,253.0,208.0,1.0,670.0,255.0,0
15.0,674.0,129.0,146.0,4.0,530.0,65.0,0
12.0,4676.0,33.0,197.0,7.0,360.0,144.0,0
13.0,836.0,208.0,35.0,3.0,1105.0,136.0,1
1.0,1441.0,80.0,253.0,3.0,715.0,240.0,1
15.0,791.0,217.0,154.0,5.0,1090.0,85.0,1
13.0,162.0,208.0,35.0,1.0,1034.0,139.0,0
5.0,1200.0,16.0,35.0,1.0,595.0,163.0,1
1.0,1321.0,134.0,183.0,4.0,1015.0,170.0,1
10.0,3283.0,170.0,80.0,6.0,690.0,65.0,1
5.0,1558.0,128.0,154.0,5.0,1300.0,322.0,0
5.0,1620.0,16.0,234.0,7.0,811.0,89.0,1
15.0,288.0,75.0,2.0,3.0,935.0,110.0,1
6.0,5111.0,16.0,27.0,1.0,510.0,63.0,1
11.0,6618.0,171.0,85.0,7.0,1030.0,74.0,0
12.0,6665.0,65.0,79.0,3.0,1019.0,40.0,0
12.0,4742.0,197.0,58.0,5.0,1155.0,115.0,0
6.0,5121.0,12.0,16.0,5.0,1060.0,168.0,0
15.0,1370.0,44.0,217.0,7.0,1055.0,80.0,1
0.0,4371.0,85.0,109.0,3.0,940.0,51.0,1
8.0,227.0,153.0,184.0,6.0,430.0,208.0,0
16.0,2546.0,58.0,197.0,4.0,1000.0,124.0,0
10.0,4663.0,16.0,159.0,4.0,1210.0,125.0,0
4.0,53.0,154.0,135.0,7.0,880.0,190.0,1
12.0,6554.0,79.0,99.0,4.0,810.0,107.0,1
13.0,737.0,79.0,253.0,3.0,1071.0,164.0,1
3.0,216.0,160.0,148.0,4.0,1271.0,303.0,1
13.0,554.0,243.0,134.0,5.0,780.0,290.0,0
5.0,2348.0,27.0,16.0,5.0,480.0,67.0,0
10.0,3343.0,68.0,80.0,5.0,845.0,80.0,0
15.0,1070.0,175.0,43.0,5.0,680.0,85.0,1
12.0,6765.0,79.0,46.0,1.0,687.0,113.0,0
17.0,2816.0,100.0,217.0,7.0,390.0,96.0,1
10.0,2992.0,73.0,80.0,6.0,745.0,115.0,0
15.0,1021.0,175.0,33.0,3.0,410.0,85.0,0
6.0,5313.0,95.0,16.0,1.0,360.0,98.0,0
13.0,575.0,45.0,208.0,3.0,706.0,132.0,1
14.0,786.0,183.0,60.0,4.0,1030.0,125.0,0
1.0,499.0,22.0,80.0,6.0,795.0,250.0,0
12.0,6437.0,214.0,252.0,4.0,780.0,50.0,1
5.0,1290.0,16.0,85.0,3.0,1305.0,123.0,1
12.0,6859.0,79.0,214.0,3.0,906.0,178.0,0
14.0,942.0,253.0,60.0,4.0,1340.0,284.0,0
3.0,743.0,173.0,260.0,7.0,715.0,159.0,1
0.0,3886.0,84.0,16.0,5.0,330.0,135.0,0
8.0,1154.0,139.0,241.0,6.0,965.0,146.0,0
12.0,6333.0,154.0,243.0,1.0,821.0,46.0,0
10.0,3104.0,154.0,258.0,7.0,675.0,75.0,0
1.0,2453.0,80.0,154.0,7.0,915.0,200.0,0
17.0,1048.0,161.0,128.0,6.0,435.0,29.0,0
12.0,6583.0,79.0,65.0,4.0,485.0,32.0,0
15.0,794.0,277.0,45.0,5.0,420.0,130.0,0
15.0,3588.0,79.0,175.0,4.0,1175.0,135.0,0
12.0,4809.0,71.0,58.0,6.0,665.0,70.0,1
6.0,7352.0,16.0,288.0,5.0,1255.0,74.0,0
10.0,3011.0,154.0,100.0,5.0,470.0,60.0,0
12.0,4667.0,279.0,261.0,3.0,380.0,154.0,1
16.0,2864.0,58.0,238.0,4.0,735.0,59.0,0
15.0,151.0,214.0,262.0,1.0,695.0,85.0,1
1.0,322.0,80.0,27.0,3.0,1200.0,90.0,1
15.0,1285.0,141.0,173.0,3.0,1065.0,170.0,1
4.0,5.0,135.0,198.0,6.0,1101.0,66.0,0
5.0,2488.0,277.0,71.0,1.0,808.0,132.0,0
17.0,7279.0,208.0,16.0,5.0,806.0,123.0,0
7.0,366.0,79.0,184.0,6.0,400.0,133.0,0
5.0,2626.0,104.0,16.0,6.0,340.0,118.0,0
12.0,6476.0,252.0,154.0,5.0,927.0,149.0,0
12.0,4484.0,153.0,154.0,7.0,1180.0,75.0,1
14.0,1686.0,277.0,216.0,6.0,595.0,147.0,0
15.0,3498.0,268.0,45.0,5.0,1190.0,115.0,1
0.0,4037.0,22.0,148.0,1.0,780.0,75.0,1
3.0,683.0,35.0,78.0,3.0,660.0,101.0,0
4.0,1187.0,96.0,208.0,3.0,1155.0,160.0,1
9.0,115.0,203.0,128.0,4.0,458.0,34.0,0
7.0,824.0,172.0,79.0,6.0,608.0,107.0,0
12.0,4677.0,261.0,44.0,7.0,690.0,120.0,1
14.0,92.0,197.0,217.0,4.0,880.0,204.0,0
13.0,440.0,264.0,79.0,3.0,420.0,155.0,1
10.0,4116.0,208.0,177.0,3.0,840.0,110.0,1
12.0,6693.0,208.0,195.0,3.0,1249.0,47.0,0
15.0,1642.0,129.0,33.0,4.0,695.0,105.0,1
15.0,1783.0,12.0,45.0,5.0,725.0,75.0,0
5.0,1381.0,35.0,159.0,5.0,630.0,71.0,0
6.0,5155.0,177.0,132.0,3.0,880.0,58.0,1
15.0,1221.0,216.0,221.0,7.0,1040.0,75.0,0
5.0,1606.0,154.0,85.0,3.0,545.0,270.0,0
15.0,1510.0,251.0,45.0,1.0,435.0,85.0,0
1.0,1447.0,208.0,198.0,6.0,855.0,150.0,1
5.0,1944.0,85.0,78.0,5.0,1300.0,88.0,0
5.0,1160.0,261.0,139.0,7.0,1020.0,193.0,1
4.0,1541.0,135.0,18.0,5.0,860.0,52.0,1
15.0,25.0,61.0,173.0,6.0,1005.0,135.0,1
15.0,1222.0,262.0,44.0,1.0,1025.0,70.0,1
12.0,6916.0,79.0,2.0,4.0,940.0,70.0,0
9.0,218.0,128.0,150.0,3.0,352.0,41.0,0
6.0,5078.0,41.0,177.0,6.0,390.0,76.0,0
2.0,47.0,14.0,9.0,3.0,405.0,65.0,0
0.0,3994.0,166.0,197.0,6.0,757.0,55.0,1
14.0,12.0,217.0,148.0,1.0,595.0,292.0,0
9.0,362.0,128.0,143.0,5.0,1100.0,51.0,0
4.0,44.0,183.0,96.0,3.0,815.0,178.0,1
1.0,654.0,217.0,80.0,1.0,360.0,130.0,0
15.0,143.0,202.0,214.0,4.0,1235.0,100.0,1
5.0,1271.0,16.0,61.0,1.0,886.0,94.0,0
10.0,4095.0,208.0,221.0,4.0,610.0,85.0,0
15.0,871.0,243.0,253.0,7.0,1030.0,90.0,1
15.0,591.0,134.0,79.0,4.0,965.0,240.0,1
13.0,317.0,79.0,134.0,7.0,1064.0,201.0,0
15.0,1138.0,147.0,27.0,7.0,820.0,75.0,1
12.0,6287.0,153.0,227.0,3.0,667.0,64.0,0
15.0,1554.0,217.0,27.0,6.0,950.0,195.0,0
1.0,1270.0,154.0,183.0,4.0,1280.0,280.0,0
16.0,3019.0,216.0,58.0,3.0,1095.0,100.0,1
5.0,1267.0,85.0,18.0,4.0,740.0,202.0,0
9.0,48.0,128.0,202.0,7.0,875.0,310.0,0
4.0,129.0,198.0,135.0,1.0,1046.0,72.0,0
2.0,497.0,243.0,252.0,7.0,845.0,174.0,1
17.0,2932.0,217.0,18.0,1.0,600.0,145.0,0
5.0,1488.0,197.0,216.0,4.0,615.0,152.0,0
15.0,779.0,173.0,104.0,5.0,560.0,60.0,0
5.0,2019.0,159.0,197.0,4.0,1100.0,195.0,0
5.0,2441.0,78.0,277.0,3.0,989.0,142.0,0
8.0,193.0,78.0,16.0,4.0,968.0,125.0,0
0.0,3791.0,82.0,197.0,6.0,914.0,60.0,1
15.0,596.0,45.0,228.0,7.0,1000.0,70.0,1
14.0,195.0,216.0,217.0,5.0,415.0,317.0,0
3.0,1240.0,60.0,35.0,1.0,420.0,123.0,0
6.0,5113.0,16.0,81.0,1.0,590.0,65.0,0
12.0,6514.0,65.0,154.0,3.0,688.0,149.0,0
15.0,1662.0,251.0,45.0,3.0,740.0,85.0,0
8.0,146.0,16.0,85.0,7.0,863.0,112.0,0
15.0,2549.0,154.0,79.0,5.0,910.0,135.0,1
5.0,1655.0,16.0,154.0,1.0,575.0,305.0,0
12.0,4492.0,114.0,261.0,6.0,785.0,56.0,0
7.0,135.0,80.0,79.0,1.0,847.0,120.0,0
6.0,5227.0,16.0,87.0,7.0,1140.0,69.0,0
14.0,1614.0,173.0,216.0,1.0,615.0,139.0,0
7.0,631.0,195.0,79.0,5.0,1156.0,144.0,0
16.0,2386.0,135.0,120.0,4.0,602.0,141.0,0
14.0,38.0,154.0,217.0,5.0,1075.0,82.0,0
1.0,884.0,268.0,78.0,4.0,450.0,115.0,0
0.0,3832.0,177.0,60.0,5.0,870.0,101.0,0
6.0,5394.0,16.0,187.0,5.0,1310.0,119.0,1
15.0,1590.0,153.0,172.0,3.0,505.0,165.0,1
4.0,659.0,78.0,135.0,3.0,480.0,208.0,0
5.0,1188.0,198.0,16.0,5.0,1050.0,90.0,0
0.0,4003.0,27.0,177.0,1.0,685.0,74.0,1
15.0,1121.0,173.0,45.0,5.0,640.0,125.0,0
1.0,1615.0,22.0,80.0,4.0,360.0,260.0,0
16.0,2405.0,135.0,157.0,5.0,860.0,125.0,1
13.0,529.0,134.0,208.0,4.0,1185.0,133.0,0
9.0,6.0,128.0,153.0,7.0,490.0,345.0,0
12.0,7802.0,261.0,282.0,6.0,660.0,61.0,0
3.0,1790.0,78.0,35.0,4.0,390.0,85.0,0
5.0,2102.0,153.0,16.0,6.0,1410.0,225.0,0
1.0,2350.0,80.0,208.0,1.0,780.0,140.0,0
5.0,2497.0,16.0,213.0,3.0,730.0,106.0,0
2.0,66.0,291.0,149.0,5.0,1110.0,48.0,1
3.0,1695.0,35.0,173.0,6.0,360.0,192.0,1
15.0,616.0,75.0,91.0,3.0,1145.0,105.0,1
5.0,1448.0,85.0,159.0,4.0,1300.0,106.0,0
7.0,106.0,79.0,197.0,7.0,635.0,116.0,0
6.0,5506.0,180.0,16.0,7.0,950.0,64.0,0
16.0,2917.0,197.0,135.0,3.0,1155.0,171.0,0
16.0,3097.0,96.0,139.0,5.0,720.0,135.0,1
6.0,5049.0,200.0,16.0,5.0,1072.0,97.0,1
15.0,673.0,75.0,244.0,5.0,365.0,65.0,0
6.0,7072.0,182.0,134.0,1.0,860.0,110.0,0
12.0,6612.0,261.0,79.0,3.0,360.0,93.0,0
10.0,4575.0,60.0,159.0,7.0,970.0,115.0,1
15.0,2547.0,209.0,173.0,5.0,435.0,125.0,0
5.0,1435.0,209.0,16.0,4.0,583.0,115.0,0
16.0,5979.0,107.0,208.0,4.0,886.0,96.0,0
14.0,1880.0,173.0,78.0,3.0,810.0,123.0,0
10.0,3974.0,33.0,208.0,7.0,555.0,100.0,1
1.0,1615.0,22.0,80.0,5.0,360.0,260.0,0
1.0,2206.0,80.0,134.0,6.0,1040.0,160.0,0
15.0,200.0,79.0,258.0,5.0,560.0,170.0,0
5.0,2073.0,61.0,16.0,5.0,485.0,100.0,0
8.0,610.0,184.0,253.0,3.0,555.0,290.0,0
2.0,181.0,14.0,98.0,1.0,420.0,60.0,0
16.0,2327.0,136.0,135.0,5.0,390.0,107.0,0
14.0,1610.0,60.0,233.0,1.0,978.0,52.0,1
15.0,1048.0,198.0,75.0,1.0,765.0,85.0,1
16.0,2981.0,41.0,135.0,3.0,730.0,64.0,0
12.0,6631.0,184.0,208.0,3.0,702.0,50.0,0
1.0,880.0,80.0,205.0,7.0,1290.0,105.0,0
8.0,604.0,241.0,45.0,5.0,1113.0,137.0,0
16.0,3084.0,58.0,159.0,1.0,1020.0,97.0,1
15.0,824.0,104.0,216.0,4.0,535.0,170.0,1
15.0,2579.0,85.0,175.0,6.0,680.0,70.0,1
6.0,5326.0,278.0,16.0,6.0,990.0,72.0,1
0.0,3849.0,85.0,96.0,3.0,1180.0,115.0,1
12.0,6521.0,154.0,258.0,3.0,1335.0,69.0,0
5.0,1783.0,261.0,153.0,4.0,821.0,85.0,0
15.0,967.0,198.0,33.0,5.0,575.0,85.0,0
12.0,6296.0,207.0,79.0,4.0,681.0,137.0,0
16.0,5906.0,208.0,237.0,3.0,426.0,95.0,0
10.0,3617.0,183.0,139.0,7.0,525.0,165.0,1
8.0,290.0,129.0,16.0,5.0,365.0,112.0,0
15.0,1801.0,173.0,175.0,6.0,885.0,170.0,1
5.0,1049.0,16.0,244.0,5.0,660.0,163.0,0
10.0,4436.0,33.0,78.0,1.0,390.0,105.0,1
14.0,1978.0,60.0,96.0,5.0,1205.0,110.0,0
12.0,6851.0,253.0,6.0,7.0,924.0,79.0,0
13.0,449.0,208.0,243.0,7.0,585.0,265.0,1
6.0,5050.0,48.0,85.0,5.0,1029.0,70.0,0
13.0,37.0,173.0,253.0,4.0,397.0,369.0,0
14.0,873.0,221.0,60.0,5.0,630.0,92.0,0
1.0,1589.0,33.0,80.0,5.0,775.0,125.0,0
4.0,154.0,96.0,213.0,4.0,569.0,197.0,1
3.0,1247.0,35.0,60.0,7.0,1170.0,143.0,0
13.0,246.0,208.0,43.0,4.0,1183.0,98.0,0
16.0,2317.0,135.0,120.0,1.0,845.0,140.0,0
1.0,1663.0,277.0,183.0,5.0,825.0,65.0,0
1.0,1360.0,80.0,78.0,1.0,440.0,160.0,0
8.0,405.0,139.0,16.0,6.0,1120.0,94.0,0
8.0,212.0,241.0,184.0,3.0,739.0,181.0,1
9.0,347.0,150.0,128.0,1.0,925.0,42.0,0
15.0,59.0,75.0,129.0,5.0,1260.0,60.0,0
6.0,5444.0,16.0,130.0,7.0,1222.0,137.0,1
1.0,576.0,80.0,136.0,5.0,960.0,75.0,0
15.0,733.0,154.0,153.0,7.0,890.0,60.0,1
6.0,7098.0,120.0,208.0,5.0,714.0,125.0,1
1.0,1308.0,153.0,154.0,7.0,640.0,70.0,0
7.0,551.0,79.0,243.0,1.0,1088.0,141.0,0
5.0,1762.0,85.0,216.0,7.0,615.0,105.0,0
5.0,1902.0,153.0,16.0,7.0,667.0,229.0,1
16.0,2421.0,217.0,135.0,5.0,595.0,154.0,0
5.0,1632.0,261.0,243.0,5.0,1310.0,119.0,0
13.0,369.0,244.0,79.0,5.0,522.0,144.0,0
1.0,1425.0,208.0,264.0,4.0,500.0,265.0,0
13.0,253.0,208.0,79.0,4.0,1144.0,161.0,1
5.0,2227.0,16.0,104.0,4.0,965.0,114.0,0
5.0,1854.0,268.0,16.0,4.0,910.0,93.0,0
9.0,227.0,150.0,128.0,6.0,667.0,42.0,0
1.0,1103.0,208.0,268.0,5.0,590.0,65.0,1
13.0,241.0,208.0,252.0,6.0,735.0,275.0,1
10.0,3990.0,208.0,76.0,5.0,860.0,70.0,1
12.0,4616.0,197.0,58.0,4.0,915.0,115.0,0
12.0,6260.0,208.0,265.0,4.0,715.0,51.0,0
15.0,357.0,45.0,12.0,4.0,935.0,70.0,1
15.0,367.0,33.0,87.0,5.0,470.0,80.0,0
8.0,171.0,16.0,241.0,4.0,1335.0,98.0,0
11.0,6343.0,85.0,22.0,1.0,915.0,105.0,1
15.0,1838.0,262.0,214.0,4.0,475.0,100.0,0
14.0,1223.0,273.0,78.0,6.0,370.0,82.0,0
5.0,2202.0,16.0,104.0,5.0,1370.0,109.0,0
14.0,1728.0,173.0,60.0,5.0,835.0,96.0,1
13.0,198.0,253.0,134.0,6.0,1351.0,314.0,1
15.0,607.0,175.0,153.0,3.0,890.0,245.0,1
5.0,2456.0,261.0,197.0,4.0,525.0,165.0,1
13.0,32.0,214.0,79.0,5.0,360.0,146.0,0
1.0,1134.0,80.0,104.0,6.0,1200.0,155.0,1
4.0,87.0,58.0,96.0,4.0,450.0,84.0,0
15.0,2807.0,79.0,207.0,4.0,515.0,140.0,1
9.0,258.0,128.0,150.0,5.0,737.0,43.0,0
14.0,1216.0,80.0,60.0,5.0,615.0,142.0,1
8.0,1464.0,173.0,175.0,1.0,841.0,163.0,0
6.0,5452.0,35.0,78.0,4.0,1175.0,109.0,0
15.0,1919.0,45.0,277.0,4.0,440.0,150.0,0
4.0,349.0,253.0,96.0,6.0,435.0,318.0,0
4.0,1758.0,135.0,78.0,5.0,1060.0,165.0,0
5.0,335.0,60.0,16.0,7.0,1022.0,88.0,0
4.0,746.0,135.0,208.0,5.0,895.0,156.0,0
8.0,641.0,79.0,184.0,7.0,892.0,143.0,0
7.0,677.0,173.0,79.0,5.0,522.0,243.0,0
15.0,1594.0,79.0,35.0,5.0,1020.0,225.0,1
12.0,7770.0,261.0,255.0,5.0,433.0,81.0,1
1.0,436.0,264.0,80.0,1.0,650.0,170.0,1
1.0,1536.0,80.0,27.0,6.0,575.0,95.0,0
1.0,2332.0,80.0,208.0,6.0,565.0,135.0,1
5.0,1615.0,16.0,153.0,7.0,645.0,284.0,0
15.0,1533.0,91.0,244.0,3.0,1160.0,75.0,1
5.0,1767.0,85.0,208.0,1.0,530.0,99.0,1
3.0,1004.0,148.0,35.0,1.0,567.0,70.0,0
15.0,671.0,175.0,79.0,7.0,965.0,165.0,1
5.0,1200.0,16.0,35.0,3.0,595.0,163.0,0
6.0,5099.0,116.0,16.0,1.0,823.0,80.0,0
3.0,376.0,104.0,159.0,7.0,762.0,168.0,0
11.0,6594.0,27.0,159.0,7.0,375.0,150.0,0
1.0,672.0,183.0,173.0,5.0,1105.0,60.0,1
6.0,5175.0,190.0,16.0,7.0,940.0,75.0,1
7.0,376.0,79.0,184.0,4.0,1070.0,133.0,0
3.0,1422.0,160.0,214.0,4.0,680.0,143.0,0
16.0,2690.0,172.0,58.0,1.0,445.0,112.0,0
10.0,4176.0,61.0,208.0,5.0,360.0,80.0,0
8.0,472.0,16.0,45.0,5.0,610.0,110.0,0
6.0,5551.0,16.0,251.0,1.0,645.0,86.0,1
5.0,2056.0,202.0,261.0,5.0,785.0,100.0,1
4.0,162.0,207.0,135.0,6.0,375.0,185.0,0
6.0,7125.0,134.0,43.0,7.0,763.0,69.0,0
6.0,5348.0,146.0,16.0,4.0,445.0,89.0,0
15.0,742.0,262.0,243.0,4.0,715.0,85.0,1
10.0,3622.0,209.0,183.0,3.0,985.0,155.0,0
0.0,3945.0,166.0,197.0,4.0,585.0,55.0,1
2.0,634.0,214.0,217.0,7.0,400.0,158.0,1
0.0,3758.0,20.0,85.0,3.0,745.0,100.0,1
1.0,562.0,268.0,183.0,5.0,1050.0,160.0,0
12.0,6360.0,253.0,207.0,4.0,1023.0,76.0,1
11.0,6467.0,35.0,148.0,7.0,720.0,83.0,0
10.0,2799.0,80.0,283.0,4.0,930.0,50.0,0
8.0,69.0,134.0,16.0,3.0,370.0,119.0,0
15.0,568.0,27.0,217.0,5.0,375.0,240.0,1
1.0,1255.0,80.0,252.0,6.0,990.0,260.0,1
12.0,6955.0,208.0,184.0,6.0,1097.0,48.0,1
14.0,973.0,54.0,60.0,5.0,959.0,63.0,0
6.0,7085.0,134.0,121.0,6.0,503.0,88.0,0
15.0,2927.0,277.0,61.0,1.0,580.0,135.0,1
5.0,1230.0,16.0,197.0,4.0,615.0,176.0,0
15.0,1079.0,75.0,244.0,4.0,1035.0,65.0,1
12.0,7038.0,6.0,253.0,5.0,765.0,78.0,1
17.0,7254.0,134.0,228.0,6.0,1338.0,79.0,0
15.0,893.0,243.0,2.0,6.0,910.0,100.0,1
0.0,4104.0,18.0,177.0,3.0,709.0,110.0,0
10.0,3326.0,285.0,80.0,1.0,810.0,155.0,0
15.0,460.0,214.0,175.0,7.0,445.0,240.0,1
8.0,69.0,134.0,16.0,4.0,370.0,119.0,0
15.0,903.0,204.0,172.0,4.0,920.0,65.0,1
12.0,4627.0,127.0,261.0,3.0,785.0,77.0,1
15.0,1748.0,243.0,262.0,7.0,1075.0,95.0,1
14.0,569.0,243.0,217.0,1.0,755.0,76.0,0
15.0,2117.0,277.0,182.0,4.0,625.0,175.0,1
5.0,1250.0,172.0,16.0,1.0,910.0,120.0,1
1.0,1868.0,80.0,16.0,6.0,615.0,125.0,0
13.0,257.0,147.0,208.0,7.0,360.0,151.0,0
3.0,318.0,202.0,134.0,5.0,1365.0,294.0,1
7.0,107.0,197.0,79.0,4.0,851.0,124.0,0
5.0,2833.0,85.0,243.0,7.0,520.0,309.0,0
5.0,1564.0,197.0,78.0,3.0,665.0,139.0,0
13.0,111.0,253.0,154.0,4.0,826.0,93.0,0
17.0,1962.0,143.0,128.0,7.0,1165.0,47.0,0
6.0,5104.0,16.0,32.0,7.0,645.0,104.0,0
9.0,301.0,143.0,128.0,6.0,887.0,49.0,0
3.0,441.0,35.0,277.0,1.0,870.0,198.0,1
1.0,2200.0,153.0,80.0,1.0,850.0,165.0,0
13.0,346.0,135.0,208.0,1.0,1058.0,151.0,0
12.0,4553.0,154.0,153.0,6.0,375.0,70.0,0
6.0,7084.0,208.0,76.0,4.0,460.0,66.0,0
5.0,1591.0,106.0,16.0,4.0,1115.0,134.0,1
1.0,1308.0,153.0,154.0,6.0,640.0,70.0,0
15.0,311.0,217.0,252.0,4.0,540.0,190.0,0
4.0,175.0,264.0,128.0,7.0,540.0,345.0,0
11.0,6504.0,58.0,85.0,7.0,1067.0,58.0,1
10.0,2949.0,80.0,285.0,3.0,760.0,120.0,1
14.0,1606.0,216.0,85.0,6.0,1240.0,108.0,0
13.0,423.0,79.0,253.0,4.0,1296.0,166.0,1
14.0,1528.0,60.0,216.0,7.0,1200.0,98.0,0
5.0,1599.0,16.0,221.0,6.0,1319.0,107.0,1
1.0,1180.0,80.0,234.0,5.0,820.0,155.0,0
17.0,7269.0,16.0,134.0,5.0,1158.0,110.0,0
15.0,2417.0,221.0,45.0,6.0,815.0,60.0,0
5.0,1126.0,116.0,16.0,4.0,654.0,78.0,0
2.0,558.0,252.0,227.0,4.0,780.0,158.0,1
16.0,2733.0,27.0,135.0,5.0,495.0,115.0,0
17.0,2741.0,153.0,154.0,6.0,690.0,68.0,0
14.0,1511.0,60.0,217.0,7.0,865.0,278.0,1
1.0,2530.0,183.0,153.0,6.0,1170.0,335.0,0
6.0,5533.0,215.0,16.0,1.0,633.0,112.0,0
16.0,2967.0,135.0,155.0,6.0,540.0,83.0,0
11.0,6522.0,216.0,177.0,3.0,365.0,178.0,0
10.0,4081.0,208.0,139.0,6.0,820.0,60.0,0
10.0,3936.0,45.0,208.0,6.0,1045.0,150.0,1
16.0,2198.0,135.0,69.0,7.0,850.0,136.0,0
0.0,4166.0,58.0,148.0,7.0,1020.0,130.0,1
7.0,266.0,79.0,264.0,5.0,1270.0,140.0,0
15.0,519.0,173.0,33.0,7.0,850.0,120.0,0
5.0,1741.0,71.0,261.0,4.0,495.0,251.0,0
12.0,6930.0,208.0,285.0,3.0,360.0,87.0,1
0.0,3822.0,174.0,85.0,6.0,715.0,103.0,0
14.0,987.0,216.0,173.0,1.0,480.0,163.0,0
14.0,1105.0,60.0,80.0,3.0,1090.0,182.0,0
8.0,795.0,16.0,268.0,4.0,530.0,103.0,0
12.0,6847.0,246.0,253.0,3.0,1240.0,80.0,1
15.0,1388.0,2.0,153.0,6.0,480.0,100.0,1
14.0,191.0,217.0,243.0,4.0,1195.0,74.0,0
0.0,3986.0,197.0,139.0,7.0,800.0,111.0,1
12.0,6975.0,208.0,99.0,6.0,587.0,111.0,1
10.0,3332.0,155.0,80.0,6.0,350.0,70.0,0
12.0,6765.0,79.0,46.0,3.0,687.0,113.0,0
16.0,3059.0,135.0,190.0,1.0,465.0,76.0,0
5.0,1028.0,261.0,96.0,3.0,1021.0,261.0,0
5.0,170.0,153.0,261.0,1.0,728.0,86.0,0
15.0,507.0,277.0,153.0,5.0,435.0,310.0,0
1.0,1554.0,244.0,80.0,7.0,965.0,70.0,0
5.0,1093.0,16.0,134.0,5.0,435.0,100.0,0
16.0,2189.0,135.0,75.0,1.0,480.0,63.0,0
10.0,4049.0,208.0,139.0,4.0,895.0,60.0,1
17.0,1052.0,128.0,203.0,5.0,610.0,35.0,0
6.0,4964.0,16.0,157.0,3.0,900.0,74.0,0
1.0,203.0,183.0,154.0,7.0,885.0,350.0,0
17.0,2689.0,60.0,251.0,3.0,1074.0,93.0,0
5.0,2439.0,78.0,16.0,3.0,660.0,110.0,0
1.0,1480.0,35.0,208.0,4.0,645.0,170.0,0
5.0,2270.0,85.0,148.0,5.0,930.0,130.0,0
2.0,563.0,154.0,214.0,6.0,510.0,147.0,0
2.0,591.0,227.0,214.0,1.0,745.0,149.0,0
3.0,358.0,44.0,148.0,3.0,1290.0,301.0,1
12.0,4817.0,261.0,208.0,1.0,526.0,189.0,1
5.0,1972.0,277.0,16.0,1.0,330.0,85.0,0
6.0,5397.0,16.0,10.0,4.0,1245.0,102.0,1
15.0,2654.0,45.0,182.0,7.0,505.0,80.0,0
15.0,661.0,175.0,209.0,3.0,780.0,120.0,1
6.0,5414.0,78.0,35.0,3.0,415.0,93.0,0
13.0,326.0,134.0,80.0,1.0,512.0,223.0,1
5.0,1134.0,197.0,119.0,7.0,425.0,85.0,0
1.0,1249.0,78.0,268.0,3.0,775.0,135.0,0
15.0,860.0,264.0,262.0,5.0,1090.0,85.0,1
5.0,1746.0,217.0,16.0,6.0,840.0,220.0,0
13.0,105.0,208.0,153.0,4.0,917.0,245.0,0
11.0,6607.0,85.0,119.0,7.0,940.0,59.0,1
15.0,2235.0,253.0,154.0,6.0,585.0,80.0,0
5.0,2669.0,78.0,173.0,4.0,660.0,136.0,0
10.0,3631.0,183.0,33.0,7.0,745.0,150.0,1
8.0,599.0,238.0,16.0,6.0,400.0,150.0,1
5.0,2680.0,252.0,85.0,5.0,1405.0,249.0,1
10.0,3809.0,2.0,208.0,6.0,795.0,160.0,1
6.0,5248.0,275.0,16.0,3.0,616.0,70.0,1
14.0,498.0,79.0,60.0,5.0,55.0,179.0,0
3.0,582.0,104.0,130.0,1.0,505.0,165.0,0
5.0,1883.0,261.0,153.0,4.0,920.0,85.0,0
5.0,1666.0,61.0,16.0,4.0,746.0,101.0,0
11.0,6313.0,71.0,133.0,1.0,810.0,49.0,1
0.0,3833.0,85.0,205.0,5.0,1185.0,130.0,0
15.0,1537.0,111.0,153.0,3.0,575.0,140.0,1
0.0,4086.0,197.0,136.0,5.0,865.0,110.0,0
15.0,1702.0,153.0,252.0,6.0,890.0,165.0,1
15.0,1387.0,253.0,154.0,6.0,1105.0,75.0,1
17.0,2942.0,60.0,234.0,6.0,865.0,63.0,1
11.0,6619.0,85.0,119.0,6.0,1060.0,58.0,1
3.0,765.0,173.0,37.0,4.0,1395.0,150.0,0
15.0,1004.0,153.0,202.0,4.0,755.0,90.0,1
6.0,5422.0,79.0,177.0,4.0,940.0,130.0,1
10.0,4374.0,208.0,62.0,6.0,1085.0,50.0,1
16.0,2095.0,221.0,135.0,7.0,362.0,204.0,0
15.0,1004.0,172.0,204.0,4.0,575.0,70.0,0
10.0,3247.0,80.0,162.0,6.0,1050.0,70.0,1
5.0,2689.0,197.0,139.0,4.0,915.0,94.0,0
17.0,1011.0,128.0,203.0,7.0,570.0,35.0,1
15.0,425.0,216.0,182.0,5.0,1190.0,80.0,0
8.0,1043.0,61.0,104.0,1.0,879.0,157.0,0
15.0,127.0,104.0,175.0,1.0,495.0,195.0,0
10.0,3347.0,254.0,80.0,7.0,780.0,85.0,0
10.0,4205.0,208.0,22.0,5.0,1240.0,130.0,0
12.0,6835.0,154.0,262.0,3.0,524.0,83.0,0
5.0,1373.0,35.0,159.0,3.0,390.0,82.0,0
1.0,717.0,159.0,80.0,1.0,485.0,250.0,0
12.0,4588.0,253.0,261.0,6.0,1000.0,109.0,1
1.0,854.0,268.0,208.0,6.0,840.0,75.0,1
9.0,509.0,128.0,161.0,6.0,485.0,37.0,0
5.0,1316.0,79.0,16.0,3.0,707.0,173.0,1
5.0,1744.0,85.0,78.0,3.0,625.0,92.0,0
15.0,802.0,175.0,153.0,7.0,805.0,245.0,1
17.0,7211.0,134.0,228.0,1.0,1036.0,79.0,0
4.0,1131.0,96.0,80.0,1.0,405.0,250.0,0
15.0,19.0,75.0,129.0,7.0,660.0,65.0,0
15.0,509.0,217.0,85.0,3.0,765.0,235.0,1
5.0,2646.0,217.0,16.0,7.0,420.0,208.0,1
12.0,6329.0,253.0,6.0,4.0,420.0,86.0,1
0.0,4399.0,107.0,197.0,5.0,665.0,66.0,0
17.0,2734.0,217.0,160.0,5.0,1068.0,80.0,0
1.0,1767.0,244.0,80.0,7.0,645.0,70.0,0
15.0,2119.0,264.0,262.0,5.0,885.0,90.0,1
2.0,357.0,202.0,252.0,7.0,540.0,120.0,0
15.0,219.0,175.0,159.0,5.0,865.0,130.0,1
15.0,487.0,139.0,45.0,6.0,930.0,95.0,1
15.0,1115.0,197.0,79.0,1.0,680.0,135.0,1
15.0,843.0,268.0,2.0,4.0,760.0,165.0,1
15.0,389.0,129.0,198.0,1.0,695.0,60.0,0
2.0,492.0,252.0,243.0,6.0,1205.0,158.0,0
2.0,40.0,9.0,14.0,3.0,1020.0,50.0,0
5.0,2760.0,183.0,16.0,1.0,820.0,120.0,0
15.0,29.0,175.0,268.0,5.0,595.0,65.0,1
16.0,2166.0,157.0,135.0,4.0,1075.0,150.0,1
10.0,4244.0,84.0,208.0,4.0,540.0,80.0,0
11.0,6276.0,69.0,85.0,4.0,390.0,79.0,0
0.0,4116.0,85.0,43.0,6.0,935.0,78.0,0
16.0,2787.0,290.0,135.0,1.0,734.0,99.0,0
10.0,2884.0,290.0,80.0,6.0,775.0,75.0,1
15.0,792.0,147.0,45.0,4.0,635.0,110.0,0
11.0,6600.0,268.0,148.0,5.0,640.0,145.0,0
12.0,6529.0,208.0,195.0,4.0,825.0,47.0,0
13.0,449.0,12.0,208.0,7.0,460.0,145.0,0
1.0,119.0,96.0,154.0,6.0,1090.0,380.0,0
15.0,2497.0,173.0,182.0,6.0,610.0,170.0,0
10.0,4096.0,208.0,107.0,4.0,525.0,105.0,0
17.0,1029.0,150.0,128.0,6.0,1090.0,40.0,0
8.0,109.0,16.0,80.0,5.0,1335.0,142.0,1
5.0,1920.0,177.0,173.0,7.0,870.0,120.0,0
12.0,6681.0,290.0,79.0,1.0,565.0,123.0,0
15.0,1082.0,202.0,243.0,4.0,690.0,85.0,1
1.0,2026.0,80.0,241.0,5.0,1105.0,140.0,0
12.0,4884.0,261.0,137.0,6.0,823.0,57.0,1
15.0,672.0,153.0,217.0,3.0,1190.0,65.0,1
14.0,1507.0,45.0,60.0,1.0,420.0,97.0,0
0.0,3684.0,221.0,148.0,4.0,380.0,106.0,1
5.0,447.0,184.0,85.0,1.0,980.0,70.0,0
2.0,661.0,80.0,252.0,4.0,830.0,262.0,1
10.0,3052.0,154.0,236.0,1.0,1030.0,90.0,0
9.0,328.0,128.0,203.0,5.0,716.0,37.0,0
17.0,1018.0,128.0,203.0,3.0,1185.0,35.0,0
10.0,2712.0,80.0,1.0,3.0,1175.0,50.0,1
15.0,2198.0,268.0,58.0,3.0,540.0,95.0,0
15.0,2873.0,207.0,258.0,7.0,725.0,70.0,1
11.0,6510.0,251.0,85.0,4.0,1155.0,95.0,0
9.0,308.0,128.0,150.0,7.0,1132.0,43.0,0
10.0,3971.0,265.0,208.0,1.0,860.0,60.0,0
15.0,837.0,262.0,243.0,3.0,1080.0,85.0,1
12.0,6344.0,154.0,243.0,4.0,1353.0,54.0,0
15.0,1413.0,217.0,2.0,3.0,1010.0,65.0,1
12.0,6616.0,83.0,79.0,1.0,945.0,60.0,0
3.0,66.0,148.0,43.0,6.0,725.0,79.0,0
14.0,720.0,183.0,60.0,3.0,890.0,124.0,1
6.0,5071.0,132.0,16.0,6.0,500.0,70.0,0
12.0,6528.0,154.0,217.0,3.0,1025.0,79.0,0
5.0,1688.0,182.0,85.0,3.0,540.0,140.0,0
12.0,6319.0,134.0,221.0,6.0,885.0,62.0,0
16.0,5935.0,117.0,208.0,5.0,557.0,60.0,0
3.0,496.0,79.0,35.0,3.0,655.0,223.0,0
13.0,306.0,154.0,45.0,1.0,650.0,303.0,0
7.0,487.0,173.0,184.0,6.0,727.0,169.0,1
1.0,851.0,208.0,197.0,1.0,560.0,90.0,0
2.0,7.0,96.0,252.0,7.0,1110.0,375.0,0
8.0,312.0,60.0,16.0,7.0,718.0,78.0,0
4.0,511.0,135.0,178.0,5.0,1255.0,73.0,0
15.0,1955.0,251.0,175.0,5.0,895.0,70.0,0
13.0,20.0,79.0,279.0,3.0,764.0,97.0,0
4.0,1663.0,241.0,135.0,5.0,1070.0,150.0,0
3.0,1281.0,35.0,234.0,5.0,420.0,108.0,1
14.0,2031.0,35.0,78.0,7.0,660.0,92.0,0
12.0,6723.0,253.0,252.0,1.0,771.0,122.0,0
5.0,1854.0,268.0,16.0,5.0,910.0,95.0,1
10.0,3648.0,71.0,183.0,7.0,890.0,160.0,1
8.0,845.0,16.0,173.0,4.0,1133.0,86.0,0
10.0,4502.0,159.0,35.0,4.0,525.0,65.0,1
15.0,2816.0,159.0,175.0,6.0,770.0,135.0,1
6.0,7123.0,208.0,71.0,3.0,709.0,72.0,1
0.0,4315.0,197.0,117.0,1.0,925.0,66.0,0
0.0,3884.0,273.0,85.0,6.0,724.0,91.0,1
5.0,47.0,16.0,35.0,6.0,1145.0,154.0,0
17.0,2967.0,253.0,153.0,5.0,720.0,92.0,0
9.0,5.0,153.0,128.0,4.0,1045.0,405.0,1
13.0,372.0,80.0,208.0,4.0,873.0,140.0,0
13.0,33.0,80.0,79.0,3.0,375.0,136.0,0
1.0,1195.0,234.0,80.0,3.0,1080.0,210.0,0
10.0,2768.0,121.0,80.0,6.0,1025.0,170.0,0
0.0,4121.0,148.0,78.0,3.0,1230.0,120.0,0
10.0,2860.0,288.0,80.0,3.0,945.0,135.0,1
15.0,3501.0,175.0,139.0,5.0,605.0,50.0,0
15.0,767.0,262.0,79.0,4.0,1110.0,140.0,1
5.0,1925.0,45.0,16.0,4.0,600.0,120.0,1
6.0,5484.0,87.0,16.0,3.0,420.0,80.0,0
5.0,1276.0,197.0,16.0,6.0,320.0,158.0,0
1.0,1312.0,260.0,22.0,6.0,1140.0,240.0,0
15.0,1547.0,264.0,217.0,6.0,645.0,70.0,1
1.0,1817.0,183.0,253.0,5.0,1235.0,380.0,1
1.0,181.0,148.0,154.0,7.0,1005.0,395.0,0
12.0,6420.0,79.0,170.0,6.0,985.0,96.0,0
5.0,2372.0,277.0,16.0,5.0,989.0,95.0,1
5.0,2961.0,16.0,74.0,6.0,1295.0,77.0,1
5.0,1280.0,16.0,148.0,7.0,575.0,144.0,1
15.0,3773.0,153.0,217.0,3.0,470.0,70.0,1
10.0,4395.0,33.0,159.0,6.0,620.0,130.0,0
15.0,2201.0,258.0,243.0,1.0,620.0,80.0,1
15.0,441.0,243.0,253.0,1.0,635.0,105.0,1
16.0,2057.0,58.0,273.0,3.0,925.0,77.0,1
15.0,3101.0,268.0,154.0,7.0,690.0,250.0,0
10.0,3332.0,155.0,80.0,4.0,350.0,70.0,0
12.0,7038.0,253.0,6.0,5.0,659.0,79.0,1
15.0,1581.0,154.0,202.0,7.0,680.0,75.0,1
13.0,387.0,197.0,79.0,5.0,1115.0,133.0,1
13.0,836.0,208.0,35.0,5.0,1105.0,136.0,0
5.0,2353.0,159.0,277.0,4.0,1055.0,183.0,1
12.0,6527.0,79.0,199.0,6.0,691.0,56.0,0
12.0,6758.0,79.0,18.0,4.0,954.0,126.0,1
13.0,667.0,159.0,208.0,1.0,480.0,155.0,0
1.0,823.0,80.0,280.0,3.0,1015.0,140.0,1
0.0,4290.0,247.0,16.0,7.0,635.0,118.0,1
1.0,589.0,80.0,204.0,5.0,1000.0,55.0,0
13.0,717.0,79.0,153.0,1.0,950.0,121.0,0
6.0,5392.0,177.0,158.0,7.0,860.0,84.0,0
14.0,140.0,217.0,14.0,7.0,1250.0,363.0,1
13.0,656.0,217.0,208.0,4.0,450.0,202.0,0
7.0,532.0,175.0,79.0,4.0,1130.0,157.0,1
14.0,657.0,216.0,253.0,4.0,460.0,384.0,0
8.0,770.0,153.0,16.0,4.0,1359.0,230.0,0
3.0,66.0,148.0,43.0,4.0,725.0,79.0,1
13.0,452.0,238.0,208.0,6.0,360.0,117.0,1
14.0,454.0,45.0,217.0,1.0,1020.0,311.0,0
5.0,1977.0,208.0,16.0,3.0,1083.0,126.0,1
5.0,2820.0,85.0,182.0,7.0,1300.0,111.0,0
12.0,4763.0,261.0,227.0,5.0,1290.0,98.0,0
15.0,3101.0,154.0,258.0,7.0,845.0,65.0,1
5.0,1417.0,16.0,79.0,5.0,1045.0,202.0,1
14.0,1538.0,60.0,35.0,4.0,1335.0,120.0,0
14.0,1454.0,198.0,216.0,7.0,900.0,166.0,1
14.0,974.0,60.0,197.0,3.0,460.0,167.0,0
13.0,377.0,217.0,79.0,6.0,983.0,107.0,0
15.0,28.0,175.0,58.0,5.0,1095.0,75.0,1
10.0,3451.0,80.0,290.0,7.0,1110.0,65.0,1
16.0,2844.0,58.0,78.0,7.0,706.0,67.0,0
16.0,2544.0,75.0,135.0,5.0,570.0,65.0,0
0.0,3688.0,16.0,12.0,5.0,1235.0,140.0,1
15.0,1302.0,153.0,258.0,7.0,660.0,90.0,1
4.0,1.0,135.0,128.0,4.0,565.0,505.0,1
14.0,732.0,173.0,60.0,5.0,930.0,98.0,0
15.0,3773.0,217.0,277.0,1.0,630.0,235.0,1
15.0,2548.0,268.0,79.0,6.0,465.0,150.0,0
12.0,6288.0,194.0,154.0,4.0,806.0,68.0,0
12.0,6444.0,154.0,263.0,1.0,783.0,56.0,0
1.0,1484.0,80.0,18.0,7.0,1185.0,60.0,0
16.0,5929.0,136.0,208.0,7.0,881.0,110.0,0
12.0,4792.0,261.0,236.0,4.0,535.0,88.0,0
14.0,2122.0,159.0,35.0,7.0,600.0,71.0,0
14.0,651.0,253.0,216.0,4.0,825.0,312.0,1
5.0,1092.0,277.0,85.0,1.0,385.0,165.0,0
5.0,2232.0,208.0,197.0,6.0,475.0,94.0,1
1.0,877.0,78.0,80.0,1.0,500.0,210.0,1
8.0,431.0,184.0,16.0,1.0,380.0,129.0,0
5.0,2381.0,16.0,241.0,4.0,657.0,102.0,0
0.0,3829.0,85.0,56.0,7.0,940.0,102.0,1
15.0,1246.0,268.0,45.0,7.0,670.0,115.0,1
14.0,650.0,253.0,216.0,1.0,510.0,315.0,1
2.0,317.0,253.0,252.0,6.0,1185.0,126.0,0
6.0,5034.0,16.0,287.0,1.0,590.0,80.0,0
14.0,1886.0,216.0,35.0,4.0,1035.0,79.0,0
5.0,2831.0,159.0,85.0,3.0,435.0,125.0,0
15.0,781.0,175.0,139.0,1.0,985.0,55.0,0
8.0,178.0,241.0,16.0,5.0,450.0,108.0,0
14.0,1059.0,16.0,60.0,7.0,550.0,91.0,1
16.0,3031.0,60.0,135.0,3.0,700.0,176.0,1
14.0,769.0,216.0,35.0,1.0,855.0,82.0,0
15.0,2888.0,213.0,141.0,7.0,820.0,160.0,0
5.0,1575.0,139.0,16.0,4.0,425.0,115.0,0
0.0,3785.0,177.0,204.0,6.0,555.0,99.0,1
8.0,1142.0,0.0,104.0,4.0,840.0,178.0,0
14.0,933.0,221.0,60.0,6.0,935.0,92.0,0
10.0,4281.0,208.0,94.0,3.0,710.0,65.0,1
12.0,4453.0,268.0,261.0,7.0,840.0,195.0,0
12.0,4753.0,197.0,192.0,4.0,680.0,95.0,0
13.0,639.0,228.0,208.0,5.0,1026.0,165.0,0
10.0,3029.0,154.0,79.0,4.0,1125.0,140.0,1
16.0,2561.0,223.0,135.0,7.0,728.0,100.0,0
6.0,5255.0,90.0,85.0,6.0,375.0,98.0,0
5.0,2775.0,268.0,85.0,3.0,1075.0,96.0,0
14.0,2134.0,159.0,35.0,3.0,960.0,74.0,1
10.0,3679.0,275.0,183.0,5.0,530.0,85.0,0
15.0,250.0,268.0,205.0,5.0,590.0,75.0,1
14.0,944.0,135.0,60.0,4.0,525.0,144.0,1
1.0,2167.0,154.0,80.0,5.0,610.0,180.0,0
3.0,580.0,213.0,130.0,7.0,1101.0,159.0,0
1.0,1895.0,159.0,183.0,5.0,360.0,190.0,0
5.0,2292.0,217.0,197.0,7.0,612.0,196.0,1
16.0,5925.0,208.0,107.0,4.0,660.0,96.0,0
15.0,2527.0,79.0,18.0,6.0,480.0,125.0,0
1.0,1009.0,136.0,80.0,1.0,1080.0,80.0,0
15.0,36.0,129.0,75.0,5.0,900.0,60.0,1
1.0,460.0,80.0,61.0,5.0,565.0,135.0,1
15.0,1745.0,79.0,198.0,6.0,675.0,155.0,0
15.0,1540.0,153.0,217.0,3.0,1070.0,65.0,1
1.0,1109.0,80.0,18.0,5.0,430.0,60.0,0
2.0,26.0,252.0,208.0,1.0,1075.0,234.0,0
13.0,322.0,253.0,252.0,7.0,640.0,133.0,0
15.0,2654.0,45.0,182.0,1.0,505.0,80.0,1
14.0,625.0,2.0,217.0,1.0,745.0,77.0,0
16.0,2996.0,135.0,162.0,5.0,635.0,78.0,0
0.0,3844.0,197.0,61.0,7.0,790.0,110.0,0
5.0,1927.0,16.0,104.0,4.0,810.0,110.0,0
5.0,1521.0,85.0,277.0,4.0,1040.0,158.0,1
2.0,871.0,128.0,14.0,3.0,1325.0,356.0,0
6.0,7098.0,120.0,208.0,3.0,714.0,125.0,1
14.0,1776.0,104.0,60.0,3.0,1005.0,117.0,0
15.0,2407.0,129.0,217.0,6.0,540.0,180.0,1
6.0,4974.0,16.0,237.0,3.0,825.0,82.0,0
1.0,877.0,78.0,80.0,5.0,500.0,210.0,0
12.0,6753.0,252.0,154.0,6.0,926.0,149.0,0
5.0,2061.0,216.0,16.0,5.0,390.0,140.0,0
3.0,31.0,148.0,173.0,6.0,750.0,168.0,1
15.0,2449.0,129.0,244.0,3.0,530.0,55.0,1
4.0,544.0,135.0,58.0,6.0,465.0,161.0,1
15.0,860.0,45.0,184.0,1.0,745.0,125.0,1
14.0,1924.0,33.0,60.0,7.0,475.0,78.0,0
5.0,1572.0,277.0,16.0,4.0,587.0,93.0,0
2.0,588.0,214.0,264.0,5.0,1170.0,141.0,0
13.0,779.0,35.0,79.0,6.0,902.0,287.0,0
13.0,418.0,243.0,79.0,4.0,492.0,148.0,0
5.0,1131.0,16.0,245.0,3.0,1366.0,60.0,1
1.0,277.0,183.0,154.0,3.0,945.0,350.0,1
15.0,1447.0,175.0,33.0,6.0,450.0,85.0,1
8.0,242.0,16.0,213.0,5.0,1260.0,107.0,0
5.0,1871.0,261.0,217.0,5.0,520.0,102.0,1
15.0,1671.0,12.0,175.0,1.0,985.0,145.0,1
2.0,610.0,252.0,153.0,7.0,755.0,151.0,0
5.0,2202.0,153.0,16.0,7.0,896.0,232.0,1
15.0,591.0,134.0,79.0,5.0,965.0,240.0,0
11.0,6464.0,71.0,60.0,4.0,1140.0,91.0,0
14.0,1735.0,228.0,60.0,3.0,775.0,140.0,1
16.0,2714.0,45.0,96.0,6.0,1025.0,82.0,0
12.0,4568.0,261.0,122.0,4.0,911.0,89.0,0
15.0,1783.0,147.0,33.0,7.0,1130.0,95.0,1
12.0,6553.0,179.0,253.0,5.0,1172.0,98.0,0
15.0,1089.0,243.0,217.0,7.0,430.0,75.0,0
10.0,2907.0,80.0,71.0,1.0,885.0,130.0,0
15.0,3742.0,33.0,153.0,3.0,1160.0,260.0,1
15.0,155.0,253.0,243.0,7.0,1150.0,85.0,1
14.0,274.0,217.0,135.0,1.0,599.0,164.0,0
8.0,654.0,244.0,16.0,4.0,760.0,131.0,0
0.0,3806.0,172.0,85.0,6.0,616.0,118.0,0
15.0,990.0,216.0,175.0,4.0,1185.0,160.0,1
0.0,4235.0,148.0,60.0,5.0,885.0,147.0,1
4.0,1603.0,135.0,18.0,5.0,1075.0,58.0,1
8.0,790.0,268.0,16.0,1.0,608.0,89.0,0
11.0,6382.0,85.0,132.0,5.0,520.0,122.0,0
15.0,1943.0,268.0,197.0,3.0,1005.0,90.0,1
0.0,4003.0,27.0,177.0,6.0,685.0,74.0,0
15.0,986.0,258.0,264.0,3.0,1145.0,75.0,1
7.0,370.0,79.0,184.0,1.0,630.0,133.0,0
15.0,1076.0,129.0,154.0,7.0,425.0,225.0,0
15.0,288.0,43.0,175.0,3.0,620.0,105.0,0
6.0,7075.0,85.0,134.0,5.0,360.0,90.0,0
1.0,460.0,80.0,61.0,7.0,565.0,135.0,0
0.0,4051.0,139.0,177.0,4.0,1060.0,90.0,0
9.0,182.0,128.0,143.0,4.0,691.0,51.0,0
0.0,4114.0,195.0,85.0,4.0,625.0,87.0,0
12.0,6537.0,208.0,185.0,4.0,1075.0,51.0,0
11.0,6596.0,177.0,139.0,5.0,865.0,84.0,0
12.0,4657.0,157.0,197.0,5.0,390.0,130.0,0
12.0,6507.0,258.0,79.0,7.0,1050.0,146.0,1
15.0,2175.0,154.0,202.0,1.0,950.0,70.0,1
15.0,1181.0,217.0,262.0,4.0,940.0,120.0,1
16.0,2038.0,195.0,58.0,1.0,960.0,78.0,0
15.0,2871.0,2.0,202.0,4.0,1150.0,155.0,0
15.0,1406.0,243.0,153.0,6.0,980.0,70.0,1
15.0,1162.0,18.0,129.0,1.0,610.0,50.0,0
16.0,2705.0,135.0,116.0,4.0,985.0,73.0,0
10.0,2728.0,1.0,80.0,4.0,825.0,50.0,0
8.0,654.0,244.0,16.0,7.0,760.0,129.0,0
16.0,2901.0,209.0,135.0,5.0,1015.0,209.0,1
10.0,4495.0,35.0,159.0,3.0,475.0,80.0,0
15.0,867.0,170.0,75.0,4.0,1120.0,65.0,0
12.0,6653.0,191.0,253.0,3.0,939.0,33.0,0
1.0,440.0,80.0,205.0,4.0,1115.0,105.0,0
15.0,372.0,268.0,79.0,5.0,960.0,150.0,1
15.0,950.0,262.0,217.0,5.0,445.0,105.0,1
12.0,6708.0,253.0,210.0,5.0,1065.0,115.0,1
6.0,5510.0,16.0,190.0,7.0,760.0,78.0,1
17.0,2876.0,217.0,91.0,6.0,970.0,73.0,0
12.0,6739.0,79.0,91.0,6.0,1125.0,102.0,0
16.0,2618.0,58.0,251.0,5.0,740.0,72.0,0
17.0,2727.0,217.0,91.0,4.0,590.0,80.0,0
14.0,407.0,216.0,208.0,3.0,475.0,152.0,0
4.0,337.0,60.0,96.0,1.0,900.0,120.0,1
15.0,2806.0,217.0,268.0,6.0,1045.0,175.0,1
15.0,1747.0,175.0,85.0,5.0,875.0,65.0,1
12.0,4562.0,261.0,65.0,5.0,1190.0,97.0,0
4.0,1121.0,35.0,96.0,7.0,390.0,78.0,0
16.0,2642.0,135.0,204.0,5.0,545.0,81.0,0
1.0,1885.0,244.0,80.0,7.0,540.0,70.0,1
14.0,1558.0,217.0,60.0,4.0,15.0,222.0,0
11.0,6569.0,71.0,60.0,7.0,675.0,89.0,0
8.0,481.0,45.0,173.0,5.0,420.0,140.0,0
17.0,7305.0,134.0,172.0,6.0,506.0,167.0,0
2.0,619.0,153.0,252.0,6.0,550.0,163.0,0
1.0,1256.0,183.0,159.0,1.0,465.0,170.0,1
14.0,1431.0,60.0,154.0,5.0,465.0,322.0,0
11.0,6409.0,71.0,119.0,5.0,1235.0,71.0,0
1.0,1587.0,80.0,18.0,5.0,815.0,55.0,0
12.0,6938.0,44.0,79.0,1.0,919.0,141.0,0
8.0,931.0,147.0,16.0,5.0,400.0,77.0,0
15.0,1015.0,45.0,228.0,7.0,715.0,70.0,1
13.0,297.0,45.0,253.0,1.0,463.0,372.0,1
15.0,925.0,154.0,280.0,5.0,820.0,80.0,1
10.0,3767.0,261.0,208.0,5.0,955.0,200.0,1
15.0,781.0,262.0,207.0,4.0,495.0,75.0,1
14.0,2174.0,78.0,159.0,3.0,840.0,80.0,0
7.0,815.0,79.0,172.0,6.0,420.0,93.0,0
17.0,7276.0,42.0,208.0,6.0,504.0,154.0,1
5.0,1412.0,16.0,208.0,4.0,735.0,125.0,0
15.0,351.0,43.0,153.0,1.0,495.0,310.0,1
15.0,966.0,45.0,277.0,3.0,775.0,150.0,1
15.0,943.0,268.0,172.0,5.0,425.0,70.0,1
16.0,2293.0,135.0,68.0,3.0,1380.0,54.0,1
15.0,491.0,213.0,45.0,1.0,1055.0,145.0,0
15.0,2843.0,243.0,202.0,6.0,530.0,90.0,0
15.0,1510.0,251.0,45.0,7.0,435.0,85.0,1
0.0,3895.0,247.0,85.0,3.0,930.0,63.0,0
4.0,1181.0,96.0,208.0,1.0,870.0,157.0,0
3.0,1695.0,35.0,173.0,4.0,360.0,192.0,0
1.0,1279.0,268.0,80.0,7.0,625.0,115.0,0
1.0,595.0,16.0,183.0,6.0,465.0,115.0,0
4.0,655.0,221.0,135.0,1.0,500.0,195.0,0
5.0,1007.0,172.0,16.0,1.0,1068.0,124.0,0
5.0,64.0,153.0,16.0,6.0,742.0,233.0,0
15.0,755.0,244.0,131.0,1.0,1080.0,55.0,0
4.0,1778.0,244.0,135.0,5.0,660.0,56.0,0
5.0,2503.0,85.0,104.0,5.0,840.0,178.0,0
0.0,3801.0,58.0,177.0,4.0,1056.0,134.0,0
12.0,4521.0,114.0,261.0,6.0,915.0,60.0,0
5.0,1076.0,148.0,244.0,3.0,1205.0,267.0,1
10.0,4558.0,159.0,58.0,6.0,480.0,110.0,0
14.0,90.0,217.0,214.0,6.0,885.0,165.0,1
15.0,1122.0,153.0,45.0,5.0,785.0,270.0,0
10.0,3621.0,183.0,209.0,6.0,665.0,135.0,0
10.0,3652.0,251.0,183.0,7.0,890.0,155.0,1
1.0,1624.0,154.0,208.0,5.0,885.0,245.0,1
11.0,6769.0,16.0,132.0,5.0,672.0,72.0,1
15.0,1252.0,244.0,79.0,4.0,1075.0,145.0,0
6.0,5550.0,16.0,11.0,4.0,815.0,54.0,0
2.0,699.0,111.0,252.0,3.0,420.0,67.0,0
14.0,1093.0,233.0,216.0,4.0,695.0,83.0,0
15.0,1677.0,58.0,153.0,3.0,995.0,290.0,1
8.0,79.0,16.0,104.0,7.0,1325.0,105.0,0
17.0,7302.0,60.0,134.0,7.0,370.0,79.0,0
3.0,522.0,173.0,96.0,6.0,645.0,151.0,1
15.0,1055.0,216.0,182.0,7.0,900.0,75.0,1
14.0,1123.0,172.0,60.0,4.0,435.0,133.0,0
15.0,1231.0,141.0,277.0,7.0,420.0,185.0,0
3.0,922.0,208.0,35.0,5.0,1150.0,132.0,1
8.0,75.0,16.0,104.0,6.0,1030.0,110.0,0
5.0,629.0,78.0,85.0,6.0,760.0,95.0,0
2.0,368.0,252.0,262.0,4.0,630.0,106.0,0
8.0,402.0,16.0,139.0,3.0,615.0,97.0,0
3.0,554.0,241.0,96.0,4.0,729.0,170.0,0
12.0,6574.0,232.0,79.0,5.0,688.0,136.0,0
15.0,3512.0,79.0,268.0,1.0,555.0,120.0,0
15.0,1646.0,214.0,2.0,6.0,675.0,155.0,0
17.0,2895.0,83.0,217.0,4.0,730.0,109.0,0
15.0,1388.0,153.0,214.0,6.0,555.0,145.0,1
13.0,477.0,134.0,198.0,6.0,1002.0,171.0,1
13.0,910.0,79.0,208.0,4.0,517.0,143.0,0
15.0,130.0,154.0,202.0,1.0,790.0,75.0,0
12.0,6329.0,6.0,253.0,5.0,523.0,82.0,1
1.0,939.0,233.0,183.0,3.0,805.0,130.0,1
0.0,3975.0,112.0,197.0,3.0,305.0,68.0,0
4.0,1821.0,135.0,264.0,3.0,880.0,218.0,1
15.0,2308.0,175.0,43.0,6.0,1015.0,85.0,1
15.0,2020.0,34.0,214.0,5.0,1085.0,75.0,1
5.0,2538.0,16.0,78.0,5.0,620.0,114.0,0
17.0,2763.0,91.0,217.0,4.0,735.0,81.0,0
13.0,55.0,253.0,150.0,6.0,987.0,336.0,0
16.0,2436.0,147.0,135.0,1.0,695.0,149.0,1
11.0,6632.0,78.0,157.0,4.0,959.0,103.0,0
11.0,6306.0,85.0,84.0,5.0,935.0,117.0,0
6.0,5040.0,41.0,177.0,7.0,995.0,76.0,1
6.0,4959.0,285.0,16.0,4.0,1103.0,76.0,1
4.0,1636.0,159.0,58.0,7.0,599.0,104.0,1
15.0,1962.0,153.0,44.0,6.0,710.0,65.0,1
12.0,6482.0,79.0,65.0,7.0,616.0,38.0,0
12.0,4758.0,261.0,172.0,1.0,1027.0,142.0,0
3.0,509.0,96.0,104.0,7.0,929.0,183.0,1
10.0,3217.0,256.0,80.0,5.0,1170.0,60.0,0
1.0,2026.0,80.0,241.0,3.0,1105.0,140.0,0
15.0,276.0,264.0,217.0,6.0,405.0,80.0,1
10.0,3669.0,183.0,221.0,6.0,1290.0,165.0,0
0.0,4036.0,71.0,78.0,7.0,690.0,86.0,0
15.0,3588.0,243.0,79.0,5.0,950.0,140.0,1
1.0,676.0,80.0,60.0,1.0,1095.0,140.0,0
2.0,14.0,252.0,96.0,1.0,905.0,307.0,0
5.0,1227.0,16.0,33.0,7.0,505.0,77.0,0
10.0,4047.0,208.0,234.0,1.0,970.0,115.0,1
12.0,6436.0,227.0,154.0,7.0,1077.0,45.0,1
5.0,1773.0,16.0,183.0,5.0,965.0,115.0,1
17.0,2651.0,84.0,217.0,1.0,470.0,205.0,0
6.0,5208.0,78.0,35.0,5.0,535.0,93.0,0
15.0,3762.0,197.0,268.0,1.0,370.0,105.0,1
15.0,529.0,243.0,202.0,7.0,675.0,85.0,1
1.0,474.0,2.0,80.0,5.0,560.0,105.0,0
5.0,1722.0,85.0,35.0,4.0,945.0,122.0,0
15.0,827.0,216.0,33.0,4.0,540.0,145.0,1
7.0,843.0,175.0,79.0,7.0,940.0,157.0,0
10.0,4344.0,208.0,85.0,3.0,835.0,80.0,1
15.0,1099.0,268.0,251.0,3.0,1080.0,55.0,1
10.0,4558.0,159.0,58.0,5.0,480.0,110.0,1
1.0,1187.0,80.0,268.0,5.0,1300.0,90.0,0
1.0,1757.0,159.0,268.0,5.0,725.0,170.0,0
12.0,4785.0,251.0,197.0,1.0,800.0,125.0,0
12.0,4529.0,205.0,261.0,3.0,380.0,156.0,1
1.0,1118.0,80.0,221.0,1.0,1100.0,150.0,1
1.0,1235.0,35.0,80.0,5.0,1015.0,270.0,0
16.0,2361.0,96.0,208.0,3.0,899.0,154.0,0
12.0,6490.0,154.0,236.0,4.0,780.0,85.0,0
15.0,1497.0,45.0,43.0,4.0,935.0,70.0,0
15.0,23.0,91.0,75.0,3.0,545.0,90.0,0
15.0,958.0,79.0,279.0,4.0,840.0,90.0,1
15.0,580.0,217.0,253.0,3.0,885.0,125.0,1
17.0,2946.0,217.0,177.0,4.0,1189.0,176.0,0
13.0,953.0,134.0,217.0,4.0,1062.0,311.0,0
2.0,478.0,252.0,154.0,6.0,1185.0,155.0,1
3.0,278.0,253.0,104.0,4.0,1375.0,308.0,1
12.0,6726.0,79.0,145.0,1.0,682.0,93.0,0
8.0,1484.0,173.0,85.0,4.0,642.0,157.0,0
3.0,455.0,35.0,104.0,5.0,682.0,203.0,0
12.0,6528.0,217.0,154.0,5.0,1203.0,81.0,0
1.0,1363.0,233.0,183.0,5.0,420.0,130.0,0
5.0,1202.0,213.0,16.0,5.0,738.0,112.0,0
12.0,6423.0,252.0,214.0,3.0,1240.0,46.0,0
14.0,1178.0,60.0,45.0,3.0,795.0,83.0,0
10.0,3651.0,183.0,285.0,7.0,1255.0,130.0,1
12.0,3061.0,268.0,184.0,4.0,1083.0,72.0,0
0.0,3792.0,85.0,171.0,6.0,830.0,46.0,0
1.0,2076.0,153.0,80.0,5.0,570.0,155.0,1
16.0,2346.0,135.0,132.0,7.0,974.0,101.0,0
14.0,1497.0,198.0,60.0,3.0,460.0,106.0,1
1.0,1195.0,234.0,80.0,6.0,1080.0,210.0,0
16.0,2362.0,96.0,234.0,1.0,995.0,85.0,1
15.0,1976.0,45.0,139.0,7.0,835.0,110.0,1
15.0,3936.0,153.0,236.0,3.0,1280.0,75.0,1
5.0,2466.0,213.0,85.0,6.0,827.0,178.0,0
6.0,5533.0,215.0,16.0,7.0,633.0,112.0,1
5.0,127.0,148.0,253.0,1.0,915.0,408.0,0
14.0,1543.0,60.0,252.0,6.0,1085.0,352.0,0
16.0,2263.0,41.0,135.0,1.0,330.0,72.0,0
5.0,1262.0,173.0,22.0,7.0,675.0,154.0,0
6.0,5592.0,16.0,47.0,6.0,595.0,73.0,0
12.0,4725.0,261.0,160.0,6.0,1010.0,113.0,1
0.0,3696.0,76.0,85.0,4.0,605.0,75.0,1
12.0,6369.0,280.0,253.0,6.0,360.0,133.0,0
10.0,4113.0,61.0,208.0,3.0,835.0,85.0,1
15.0,570.0,253.0,243.0,5.0,1260.0,85.0,1
13.0,897.0,35.0,134.0,1.0,570.0,111.0,1
11.0,6385.0,159.0,71.0,1.0,780.0,143.0,0
5.0,1609.0,197.0,79.0,3.0,860.0,123.0,0
6.0,5587.0,16.0,158.0,4.0,930.0,108.0,1
4.0,1690.0,135.0,183.0,6.0,665.0,140.0,0
1.0,880.0,80.0,205.0,5.0,1290.0,105.0,0
11.0,6302.0,71.0,35.0,1.0,450.0,130.0,1
9.0,32.0,203.0,153.0,4.0,490.0,335.0,1
2.0,558.0,252.0,227.0,7.0,780.0,158.0,0
0.0,3668.0,285.0,159.0,6.0,360.0,131.0,0
13.0,478.0,253.0,214.0,1.0,435.0,115.0,0
10.0,4177.0,208.0,21.0,7.0,910.0,50.0,1
15.0,249.0,75.0,162.0,4.0,885.0,60.0,1
5.0,2349.0,16.0,253.0,5.0,905.0,319.0,1
2.0,533.0,207.0,252.0,7.0,620.0,161.0,1
4.0,1632.0,135.0,159.0,1.0,1060.0,200.0,1
15.0,2631.0,277.0,153.0,3.0,975.0,310.0,0
10.0,4268.0,58.0,208.0,1.0,460.0,95.0,1
10.0,4448.0,78.0,148.0,1.0,360.0,70.0,0
14.0,801.0,60.0,173.0,7.0,470.0,97.0,1
10.0,4228.0,208.0,254.0,7.0,760.0,95.0,1
3.0,1252.0,134.0,35.0,7.0,530.0,85.0,0
12.0,7032.0,154.0,292.0,5.0,771.0,70.0,0
5.0,1080.0,16.0,60.0,3.0,905.0,77.0,0
0.0,4201.0,16.0,74.0,3.0,795.0,80.0,0
17.0,7235.0,134.0,12.0,1.0,495.0,70.0,0
15.0,2092.0,172.0,268.0,7.0,600.0,60.0,0
6.0,5216.0,78.0,268.0,5.0,1079.0,146.0,0
5.0,1855.0,16.0,154.0,1.0,814.0,298.0,0
14.0,889.0,60.0,138.0,6.0,1210.0,60.0,0
16.0,5919.0,58.0,134.0,7.0,370.0,75.0,1
12.0,4607.0,261.0,172.0,4.0,630.0,142.0,1
14.0,574.0,262.0,217.0,4.0,750.0,104.0,0
15.0,987.0,217.0,207.0,1.0,875.0,75.0,1
14.0,1680.0,277.0,78.0,7.0,520.0,124.0,0
16.0,2529.0,96.0,42.0,7.0,455.0,79.0,0
13.0,409.0,159.0,79.0,3.0,1065.0,272.0,1
12.0,4662.0,2.0,261.0,1.0,360.0,99.0,1
5.0,2449.0,261.0,202.0,3.0,676.0,121.0,1
3.0,309.0,134.0,104.0,1.0,886.0,157.0,1
12.0,6639.0,79.0,46.0,1.0,870.0,109.0,1
15.0,1642.0,91.0,129.0,5.0,495.0,105.0,1
1.0,1659.0,208.0,172.0,4.0,1225.0,85.0,1
15.0,884.0,277.0,22.0,5.0,1125.0,165.0,0
5.0,1774.0,16.0,184.0,7.0,1307.0,131.0,1
8.0,795.0,16.0,268.0,7.0,535.0,98.0,1
3.0,279.0,153.0,160.0,3.0,500.0,65.0,0
2.0,755.0,268.0,252.0,7.0,1080.0,268.0,0
7.0,262.0,79.0,264.0,5.0,495.0,143.0,1
15.0,1566.0,12.0,45.0,5.0,380.0,95.0,0
1.0,1062.0,80.0,216.0,6.0,1005.0,185.0,0
17.0,2719.0,217.0,246.0,1.0,673.0,97.0,0
5.0,2219.0,159.0,197.0,7.0,695.0,185.0,0
6.0,7352.0,16.0,288.0,3.0,1255.0,74.0,1
1.0,1381.0,16.0,80.0,1.0,500.0,155.0,1
6.0,5326.0,278.0,16.0,1.0,990.0,72.0,1
5.0,1038.0,16.0,139.0,3.0,1319.0,98.0,1
15.0,2871.0,2.0,202.0,5.0,1150.0,155.0,1
12.0,6866.0,16.0,208.0,5.0,1200.0,129.0,0
12.0,4517.0,261.0,217.0,7.0,599.0,101.0,1
6.0,5464.0,205.0,85.0,7.0,810.0,119.0,1
0.0,3666.0,279.0,197.0,3.0,697.0,123.0,0
13.0,608.0,172.0,208.0,1.0,457.0,91.0,1
8.0,191.0,78.0,16.0,1.0,600.0,120.0,0
15.0,3073.0,45.0,243.0,1.0,510.0,360.0,1
12.0,6341.0,243.0,154.0,4.0,1202.0,42.0,0
16.0,2577.0,54.0,135.0,3.0,1040.0,169.0,0
10.0,4381.0,148.0,35.0,1.0,520.0,70.0,0
15.0,925.0,154.0,280.0,4.0,820.0,80.0,1
5.0,1537.0,85.0,96.0,5.0,825.0,114.0,1
15.0,1980.0,277.0,147.0,5.0,415.0,50.0,0
12.0,6327.0,154.0,243.0,1.0,731.0,48.0,1
16.0,2241.0,190.0,135.0,1.0,567.0,89.0,1
5.0,1025.0,245.0,16.0,5.0,1000.0,75.0,0
5.0,1719.0,85.0,154.0,5.0,730.0,305.0,1
15.0,759.0,79.0,175.0,1.0,875.0,135.0,0
12.0,4536.0,236.0,261.0,1.0,615.0,86.0,0
10.0,2757.0,80.0,290.0,4.0,1045.0,70.0,0
16.0,2939.0,96.0,147.0,4.0,1205.0,164.0,0
14.0,596.0,236.0,217.0,7.0,975.0,101.0,0
15.0,41.0,129.0,216.0,7.0,1080.0,185.0,1
4.0,76.0,173.0,96.0,4.0,1042.0,158.0,1
13.0,561.0,79.0,202.0,5.0,733.0,168.0,0
3.0,1758.0,260.0,104.0,6.0,796.0,164.0,0
14.0,980.0,233.0,60.0,7.0,970.0,63.0,0
10.0,3534.0,162.0,80.0,6.0,390.0,80.0,1
1.0,1755.0,2.0,80.0,3.0,360.0,105.0,0
16.0,2778.0,135.0,162.0,4.0,890.0,78.0,0
12.0,6304.0,28.0,79.0,5.0,1031.0,92.0,1
12.0,6443.0,204.0,154.0,1.0,658.0,192.0,0
12.0,4604.0,258.0,261.0,5.0,610.0,107.0,1
10.0,3886.0,208.0,197.0,7.0,805.0,85.0,1
15.0,1342.0,45.0,173.0,6.0,670.0,145.0,1
14.0,1214.0,60.0,85.0,3.0,600.0,117.0,0
16.0,5994.0,33.0,208.0,4.0,477.0,107.0,0
15.0,3855.0,154.0,236.0,6.0,1075.0,75.0,0
10.0,2726.0,80.0,41.0,5.0,720.0,80.0,0
11.0,6255.0,71.0,85.0,3.0,710.0,85.0,0
1.0,1234.0,183.0,277.0,4.0,480.0,55.0,0
12.0,6384.0,34.0,208.0,4.0,402.0,198.0,0
15.0,3157.0,182.0,175.0,4.0,565.0,165.0,1
16.0,5983.0,33.0,208.0,5.0,596.0,99.0,0
14.0,1838.0,233.0,216.0,1.0,545.0,80.0,0
17.0,1048.0,128.0,143.0,7.0,510.0,49.0,0
13.0,404.0,253.0,134.0,4.0,1395.0,306.0,1
12.0,6365.0,208.0,195.0,1.0,961.0,48.0,1
13.0,11.0,148.0,154.0,3.0,1229.0,383.0,1
12.0,6283.0,144.0,154.0,3.0,1251.0,53.0,0
5.0,1400.0,16.0,35.0,3.0,905.0,155.0,0
12.0,6568.0,154.0,24.0,7.0,640.0,49.0,0
4.0,647.0,208.0,135.0,7.0,1005.0,169.0,1
12.0,6631.0,208.0,184.0,7.0,625.0,42.0,1
13.0,636.0,208.0,221.0,7.0,399.0,83.0,0
11.0,6574.0,148.0,58.0,4.0,1075.0,131.0,0
10.0,2840.0,109.0,80.0,4.0,860.0,160.0,1
14.0,458.0,261.0,217.0,4.0,1200.0,97.0,0
12.0,6416.0,24.0,253.0,1.0,723.0,72.0,0
13.0,121.0,208.0,135.0,7.0,925.0,171.0,1
15.0,2175.0,12.0,173.0,4.0,470.0,195.0,1
13.0,322.0,264.0,253.0,6.0,460.0,103.0,0
5.0,2391.0,16.0,277.0,6.0,910.0,94.0,1
6.0,7136.0,159.0,134.0,5.0,608.0,85.0,1
2.0,312.0,253.0,227.0,3.0,910.0,84.0,0
1.0,1082.0,153.0,208.0,7.0,740.0,220.0,0
6.0,5510.0,16.0,190.0,1.0,760.0,78.0,1
0.0,3681.0,0.0,85.0,7.0,981.0,112.0,1
16.0,2564.0,96.0,197.0,6.0,925.0,182.0,1
12.0,6422.0,69.0,208.0,3.0,1013.0,97.0,1
5.0,205.0,197.0,85.0,4.0,930.0,104.0,1
1.0,4.0,154.0,148.0,1.0,745.0,335.0,0
14.0,1419.0,216.0,154.0,5.0,580.0,370.0,1
1.0,185.0,148.0,154.0,6.0,1260.0,380.0,0
14.0,44.0,217.0,78.0,6.0,587.0,252.0,0
12.0,6748.0,154.0,57.0,3.0,965.0,41.0,1
15.0,454.0,33.0,175.0,1.0,700.0,90.0,1
16.0,2927.0,78.0,58.0,3.0,385.0,72.0,1
0.0,3805.0,177.0,244.0,1.0,555.0,129.0,0
9.0,15.0,243.0,128.0,5.0,550.0,365.0,0
13.0,352.0,252.0,208.0,4.0,687.0,234.0,0
5.0,2181.0,16.0,198.0,3.0,1045.0,100.0,0
13.0,558.0,154.0,79.0,3.0,509.0,145.0,0
1.0,1947.0,277.0,183.0,5.0,915.0,60.0,0
12.0,6327.0,154.0,243.0,7.0,740.0,48.0,1
5.0,1782.0,91.0,16.0,7.0,365.0,176.0,0
2.0,582.0,214.0,264.0,5.0,425.0,144.0,0
1.0,393.0,80.0,79.0,5.0,405.0,125.0,0
12.0,7034.0,172.0,253.0,3.0,497.0,238.0,1
13.0,222.0,208.0,22.0,5.0,1265.0,129.0,0
15.0,1243.0,268.0,175.0,5.0,1155.0,60.0,1
7.0,147.0,129.0,79.0,5.0,1150.0,145.0,0
13.0,216.0,134.0,153.0,6.0,765.0,322.0,0
12.0,6429.0,153.0,253.0,3.0,637.0,102.0,0
9.0,260.0,128.0,143.0,1.0,891.0,52.0,0
14.0,1509.0,277.0,60.0,1.0,515.0,100.0,1
14.0,1701.0,60.0,78.0,3.0,695.0,76.0,0
10.0,3492.0,162.0,80.0,1.0,935.0,75.0,0
1.0,2065.0,80.0,79.0,1.0,525.0,125.0,0
1.0,1980.0,80.0,173.0,3.0,595.0,140.0,0
10.0,3642.0,183.0,147.0,3.0,650.0,75.0,0
0.0,3999.0,215.0,16.0,7.0,475.0,132.0,0
15.0,34.0,129.0,75.0,1.0,870.0,60.0,0
12.0,6305.0,154.0,227.0,4.0,1004.0,54.0,0
4.0,1493.0,173.0,96.0,5.0,719.0,155.0,1
14.0,1790.0,60.0,277.0,5.0,1340.0,97.0,0
15.0,465.0,277.0,233.0,5.0,1000.0,105.0,0
1.0,1598.0,252.0,80.0,4.0,830.0,230.0,1
1.0,867.0,78.0,208.0,3.0,1035.0,135.0,1
10.0,2845.0,71.0,80.0,5.0,1100.0,165.0,0
12.0,6516.0,253.0,163.0,5.0,1287.0,87.0,1
15.0,2541.0,221.0,173.0,6.0,420.0,150.0,0
15.0,1440.0,202.0,243.0,5.0,1120.0,85.0,1
6.0,5201.0,135.0,16.0,5.0,660.0,121.0,0
12.0,6459.0,80.0,79.0,5.0,1179.0,122.0,1
15.0,1852.0,216.0,35.0,4.0,425.0,85.0,0
0.0,3878.0,71.0,247.0,4.0,1230.0,56.0,0
14.0,1178.0,60.0,45.0,6.0,795.0,83.0,0
10.0,3977.0,208.0,56.0,3.0,580.0,65.0,0
10.0,4113.0,61.0,208.0,5.0,835.0,85.0,0
0.0,4149.0,43.0,148.0,7.0,822.0,102.0,1
10.0,3787.0,162.0,208.0,5.0,1055.0,115.0,0
15.0,1393.0,252.0,34.0,6.0,465.0,80.0,0
0.0,3928.0,218.0,85.0,1.0,385.0,93.0,1
15.0,2620.0,258.0,217.0,3.0,1000.0,110.0,1
1.0,319.0,159.0,208.0,7.0,600.0,170.0,1
5.0,2516.0,153.0,85.0,7.0,1006.0,236.0,1
5.0,2620.0,197.0,22.0,4.0,610.0,152.0,0
14.0,1011.0,60.0,213.0,4.0,465.0,110.0,0
7.0,322.0,184.0,78.0,7.0,871.0,108.0,1
8.0,1612.0,78.0,173.0,5.0,419.0,148.0,0
5.0,1512.0,16.0,208.0,3.0,885.0,131.0,1
1.0,1386.0,208.0,197.0,3.0,1170.0,95.0,1
16.0,2915.0,238.0,58.0,7.0,865.0,64.0,0
15.0,1587.0,45.0,175.0,5.0,930.0,125.0,1
15.0,2982.0,33.0,85.0,5.0,700.0,95.0,0
15.0,410.0,61.0,175.0,3.0,365.0,70.0,1
5.0,2467.0,85.0,208.0,5.0,1165.0,92.0,0
13.0,85.0,79.0,154.0,1.0,922.0,151.0,0
0.0,3838.0,85.0,247.0,7.0,730.0,57.0,1
15.0,907.0,75.0,244.0,3.0,560.0,65.0,0
1.0,1447.0,208.0,198.0,1.0,855.0,150.0,1
8.0,59.0,16.0,154.0,5.0,676.0,320.0,0
14.0,1256.0,147.0,78.0,4.0,870.0,100.0,0
5.0,2515.0,16.0,217.0,4.0,1140.0,262.0,0
11.0,6549.0,178.0,177.0,6.0,345.0,118.0,0
10.0,3372.0,41.0,80.0,1.0,360.0,90.0,0
14.0,1468.0,78.0,43.0,3.0,980.0,72.0,0
8.0,286.0,129.0,16.0,5.0,749.0,112.0,0
16.0,2796.0,135.0,16.0,1.0,970.0,121.0,0
0.0,4369.0,209.0,85.0,7.0,975.0,123.0,1
2.0,151.0,206.0,14.0,7.0,606.0,89.0,0
12.0,6658.0,253.0,214.0,5.0,1355.0,100.0,1
3.0,100.0,148.0,43.0,5.0,418.0,89.0,0
15.0,1002.0,18.0,131.0,3.0,520.0,60.0,0
5.0,2978.0,243.0,261.0,4.0,993.0,108.0,0
6.0,5416.0,158.0,16.0,1.0,575.0,101.0,1
16.0,3061.0,204.0,135.0,5.0,730.0,84.0,0
16.0,2670.0,209.0,96.0,3.0,800.0,87.0,0
0.0,3712.0,85.0,228.0,3.0,1315.0,112.0,1
1.0,648.0,260.0,148.0,7.0,560.0,245.0,0
17.0,2898.0,246.0,217.0,3.0,585.0,89.0,0
0.0,3667.0,272.0,85.0,5.0,754.0,111.0,0
16.0,2497.0,135.0,136.0,7.0,975.0,101.0,0
13.0,410.0,262.0,79.0,7.0,360.0,143.0,0
12.0,6694.0,253.0,6.0,7.0,1355.0,79.0,1
16.0,2353.0,135.0,16.0,4.0,1265.0,108.0,0
16.0,2673.0,85.0,135.0,3.0,712.0,172.0,0
15.0,1057.0,202.0,44.0,3.0,635.0,65.0,0
14.0,1423.0,78.0,60.0,4.0,345.0,85.0,0
6.0,5561.0,16.0,120.0,5.0,575.0,81.0,0
16.0,2142.0,204.0,96.0,5.0,443.0,187.0,0
10.0,2888.0,68.0,80.0,6.0,735.0,80.0,0
5.0,1747.0,159.0,16.0,3.0,540.0,160.0,0
6.0,5504.0,180.0,16.0,6.0,653.0,62.0,0
12.0,3094.0,184.0,205.0,4.0,852.0,80.0,1
5.0,2394.0,16.0,216.0,4.0,1065.0,127.0,0
12.0,6273.0,111.0,252.0,5.0,700.0,72.0,1
14.0,79.0,217.0,252.0,4.0,510.0,183.0,0
1.0,1923.0,253.0,154.0,7.0,755.0,85.0,1
10.0,4684.0,78.0,233.0,4.0,660.0,65.0,0
14.0,1580.0,154.0,60.0,6.0,815.0,268.0,1
15.0,1328.0,207.0,262.0,5.0,1235.0,80.0,0
5.0,1501.0,35.0,16.0,7.0,435.0,190.0,1
6.0,5135.0,157.0,16.0,7.0,755.0,89.0,0
15.0,3763.0,45.0,12.0,4.0,1080.0,70.0,0
6.0,5105.0,85.0,205.0,4.0,740.0,125.0,0
15.0,637.0,217.0,268.0,4.0,675.0,175.0,0
3.0,177.0,148.0,217.0,3.0,580.0,340.0,1
8.0,694.0,16.0,267.0,1.0,929.0,90.0,0
15.0,1797.0,141.0,277.0,6.0,535.0,185.0,0
16.0,2359.0,96.0,208.0,6.0,525.0,161.0,0
15.0,617.0,175.0,172.0,5.0,1185.0,90.0,1
6.0,5571.0,16.0,256.0,7.0,1000.0,114.0,0
14.0,409.0,217.0,253.0,1.0,1070.0,122.0,0
5.0,1854.0,268.0,16.0,7.0,910.0,93.0,1
13.0,610.0,208.0,78.0,7.0,664.0,111.0,0
4.0,214.0,80.0,135.0,4.0,340.0,59.0,1
14.0,797.0,216.0,154.0,4.0,455.0,365.0,0
14.0,1762.0,197.0,216.0,5.0,780.0,149.0,0
0.0,3754.0,85.0,250.0,7.0,648.0,81.0,1
12.0,6680.0,79.0,15.0,5.0,1298.0,47.0,0
4.0,540.0,233.0,96.0,5.0,1065.0,105.0,0
15.0,3579.0,243.0,253.0,3.0,1145.0,90.0,0
15.0,1153.0,207.0,153.0,4.0,935.0,55.0,1
16.0,3077.0,96.0,16.0,4.0,1200.0,160.0,1
4.0,366.0,252.0,135.0,7.0,810.0,249.0,0
5.0,2266.0,217.0,261.0,1.0,450.0,104.0,0
15.0,3415.0,244.0,75.0,7.0,870.0,60.0,0
16.0,2943.0,96.0,177.0,5.0,610.0,199.0,0
16.0,2145.0,205.0,135.0,1.0,840.0,139.0,1
5.0,1526.0,104.0,16.0,7.0,1200.0,118.0,1
5.0,1160.0,243.0,261.0,5.0,785.0,112.0,0
14.0,680.0,217.0,60.0,4.0,390.0,225.0,0
10.0,2971.0,120.0,80.0,3.0,745.0,195.0,0
15.0,2529.0,139.0,79.0,5.0,360.0,185.0,1
6.0,7088.0,237.0,134.0,6.0,1211.0,59.0,0
12.0,7800.0,282.0,261.0,5.0,390.0,55.0,0
15.0,1548.0,252.0,202.0,1.0,930.0,125.0,1
12.0,4715.0,261.0,264.0,6.0,905.0,118.0,0
1.0,863.0,80.0,183.0,4.0,470.0,165.0,1
17.0,1035.0,128.0,161.0,7.0,540.0,37.0,0
10.0,3794.0,208.0,91.0,5.0,675.0,200.0,0
1.0,2036.0,80.0,172.0,7.0,1015.0,95.0,1
1.0,1547.0,277.0,80.0,4.0,586.0,170.0,0
5.0,25.0,16.0,233.0,3.0,975.0,83.0,1
10.0,3623.0,183.0,209.0,3.0,825.0,135.0,0
12.0,6909.0,210.0,253.0,4.0,812.0,117.0,0
12.0,6504.0,208.0,247.0,4.0,425.0,41.0,1
15.0,2807.0,153.0,2.0,1.0,725.0,85.0,0
5.0,1410.0,79.0,85.0,1.0,966.0,169.0,0
15.0,818.0,277.0,79.0,7.0,1055.0,250.0,1
12.0,4812.0,261.0,127.0,1.0,670.0,85.0,0
12.0,6231.0,93.0,214.0,7.0,854.0,37.0,1
3.0,78.0,173.0,148.0,5.0,1130.0,154.0,1
6.0,5496.0,16.0,53.0,1.0,898.0,95.0,1
5.0,2143.0,96.0,16.0,5.0,500.0,160.0,0
6.0,7134.0,85.0,134.0,7.0,1160.0,90.0,0
1.0,636.0,2.0,80.0,4.0,1040.0,105.0,0
13.0,603.0,78.0,208.0,4.0,420.0,127.0,0
15.0,862.0,173.0,141.0,3.0,950.0,145.0,1
1.0,366.0,208.0,159.0,4.0,855.0,125.0,0
12.0,4465.0,114.0,261.0,7.0,405.0,59.0,0
12.0,6947.0,163.0,214.0,7.0,548.0,82.0,0
5.0,749.0,261.0,243.0,7.0,520.0,120.0,0
15.0,2475.0,79.0,204.0,6.0,1015.0,85.0,0
1.0,450.0,80.0,197.0,5.0,650.0,140.0,0
0.0,3682.0,85.0,152.0,5.0,1035.0,46.0,1
1.0,394.0,208.0,159.0,6.0,435.0,120.0,1
16.0,2377.0,84.0,135.0,1.0,385.0,150.0,1
17.0,2686.0,251.0,60.0,5.0,1198.0,93.0,0
8.0,272.0,16.0,35.0,3.0,525.0,147.0,0
5.0,1954.0,16.0,147.0,4.0,810.0,69.0,1
9.0,323.0,128.0,161.0,7.0,1306.0,36.0,0
6.0,5475.0,16.0,70.0,1.0,975.0,44.0,1
13.0,704.0,258.0,79.0,7.0,671.0,154.0,0
5.0,2574.0,104.0,159.0,7.0,657.0,182.0,0
8.0,598.0,16.0,238.0,7.0,705.0,124.0,1
15.0,804.0,34.0,79.0,7.0,995.0,110.0,0
7.0,725.0,79.0,243.0,5.0,1270.0,139.0,1
13.0,169.0,79.0,227.0,6.0,675.0,133.0,1
15.0,3138.0,244.0,75.0,5.0,1205.0,55.0,1
12.0,6982.0,79.0,67.0,1.0,492.0,57.0,0
5.0,2241.0,261.0,154.0,3.0,910.0,115.0,0
10.0,2901.0,80.0,155.0,5.0,1110.0,70.0,0
8.0,660.0,130.0,16.0,5.0,435.0,145.0,0
10.0,3795.0,91.0,208.0,6.0,845.0,175.0,1
14.0,2180.0,78.0,159.0,1.0,1020.0,78.0,0
15.0,988.0,204.0,75.0,5.0,1205.0,50.0,1
5.0,1694.0,16.0,216.0,5.0,445.0,120.0,0
5.0,2830.0,197.0,35.0,3.0,920.0,170.0,0
4.0,1401.0,96.0,104.0,4.0,550.0,205.0,0
15.0,414.0,268.0,153.0,7.0,925.0,225.0,1
2.0,55.0,14.0,98.0,5.0,360.0,58.0,0
5.0,1398.0,159.0,35.0,4.0,1230.0,74.0,0
10.0,3661.0,183.0,139.0,4.0,900.0,165.0,0
1.0,504.0,258.0,80.0,3.0,740.0,205.0,0
5.0,2210.0,80.0,16.0,3.0,1020.0,125.0,0
12.0,6834.0,253.0,236.0,6.0,956.0,59.0,0
5.0,2269.0,16.0,173.0,6.0,720.0,87.0,0
8.0,8.0,260.0,173.0,4.0,435.0,197.0,0
15.0,3079.0,268.0,175.0,1.0,1025.0,60.0,0
0.0,3829.0,0.0,85.0,1.0,747.0,113.0,1
12.0,4500.0,243.0,154.0,3.0,885.0,49.0,0
11.0,6480.0,208.0,71.0,7.0,1190.0,76.0,0
10.0,3994.0,240.0,208.0,1.0,795.0,75.0,0
9.0,172.0,161.0,128.0,5.0,849.0,32.0,0
10.0,3678.0,183.0,275.0,4.0,420.0,85.0,0
5.0,1149.0,154.0,128.0,4.0,1080.0,369.0,1
16.0,2902.0,135.0,158.0,4.0,1060.0,53.0,0
3.0,191.0,148.0,153.0,4.0,435.0,349.0,0
1.0,530.0,80.0,277.0,3.0,1260.0,130.0,0
15.0,1267.0,175.0,45.0,6.0,635.0,110.0,0
3.0,28.0,277.0,148.0,7.0,1115.0,155.0,0
0.0,3740.0,85.0,272.0,3.0,625.0,102.0,1
7.0,505.0,79.0,252.0,1.0,735.0,173.0,0
9.0,266.0,128.0,203.0,1.0,1045.0,37.0,0
15.0,2934.0,217.0,175.0,6.0,455.0,200.0,0
5.0,2837.0,16.0,244.0,1.0,577.0,162.0,1
13.0,558.0,154.0,79.0,4.0,509.0,145.0,0
5.0,1213.0,238.0,16.0,1.0,940.0,144.0,1
15.0,442.0,175.0,216.0,5.0,1200.0,120.0,1
12.0,6748.0,154.0,57.0,7.0,972.0,41.0,0
1.0,284.0,128.0,154.0,3.0,960.0,310.0,0
16.0,2221.0,96.0,177.0,1.0,720.0,177.0,0
1.0,1386.0,252.0,208.0,3.0,740.0,250.0,0
15.0,1093.0,45.0,104.0,1.0,510.0,160.0,1
15.0,986.0,258.0,264.0,5.0,1145.0,75.0,0
12.0,4649.0,46.0,261.0,7.0,1057.0,73.0,1
16.0,2751.0,190.0,135.0,7.0,1075.0,90.0,1
15.0,861.0,216.0,175.0,7.0,930.0,135.0,1
14.0,1507.0,45.0,60.0,6.0,420.0,97.0,1
3.0,155.0,148.0,173.0,5.0,360.0,168.0,1
2.0,61.0,149.0,291.0,7.0,616.0,62.0,0
14.0,472.0,217.0,44.0,5.0,665.0,90.0,0
13.0,481.0,208.0,80.0,5.0,1230.0,151.0,0
13.0,423.0,173.0,79.0,4.0,1079.0,249.0,0
5.0,2069.0,234.0,16.0,4.0,415.0,125.0,0
14.0,1244.0,217.0,78.0,5.0,587.0,251.0,0
5.0,269.0,148.0,183.0,3.0,490.0,200.0,0
13.0,297.0,45.0,253.0,5.0,463.0,372.0,0
14.0,2162.0,78.0,159.0,3.0,480.0,74.0,1
8.0,539.0,217.0,16.0,5.0,830.0,208.0,0
8.0,158.0,45.0,139.0,4.0,1195.0,104.0,0
5.0,2564.0,71.0,148.0,5.0,920.0,132.0,0
0.0,3903.0,12.0,85.0,5.0,965.0,113.0,0
5.0,2334.0,253.0,261.0,4.0,777.0,113.0,1
15.0,880.0,79.0,173.0,6.0,975.0,210.0,0
15.0,539.0,175.0,61.0,4.0,1205.0,70.0,1
10.0,2987.0,11.0,80.0,6.0,990.0,175.0,1
12.0,6650.0,34.0,253.0,5.0,1058.0,105.0,1
10.0,3346.0,251.0,80.0,6.0,725.0,150.0,1
12.0,4677.0,261.0,44.0,5.0,690.0,120.0,0
1.0,804.0,80.0,139.0,7.0,810.0,125.0,0
16.0,2174.0,135.0,223.0,5.0,785.0,86.0,0
12.0,6622.0,79.0,114.0,3.0,936.0,53.0,0
5.0,1385.0,35.0,159.0,3.0,750.0,79.0,0
14.0,634.0,258.0,217.0,1.0,750.0,105.0,0
10.0,4041.0,208.0,32.0,5.0,920.0,50.0,0
15.0,4.0,217.0,253.0,3.0,680.0,140.0,1
4.0,1726.0,96.0,243.0,5.0,869.0,357.0,0
1.0,1418.0,243.0,80.0,1.0,450.0,175.0,0
1.0,1817.0,183.0,253.0,7.0,1235.0,380.0,1
17.0,2735.0,91.0,217.0,3.0,370.0,80.0,0
5.0,2380.0,147.0,16.0,7.0,637.0,76.0,0
5.0,2114.0,197.0,159.0,6.0,1150.0,165.0,0
7.0,844.0,252.0,79.0,6.0,530.0,151.0,0
15.0,1017.0,172.0,79.0,5.0,580.0,120.0,1
16.0,5995.0,29.0,208.0,6.0,884.0,125.0,1
17.0,7277.0,16.0,134.0,3.0,835.0,110.0,0
14.0,1157.0,85.0,216.0,6.0,425.0,99.0,0
11.0,6375.0,16.0,120.0,3.0,1040.0,73.0,0
12.0,6758.0,18.0,79.0,5.0,1166.0,141.0,0
14.0,1883.0,147.0,60.0,5.0,835.0,77.0,0
4.0,1448.0,135.0,104.0,1.0,625.0,147.0,1
1.0,1158.0,243.0,80.0,6.0,650.0,170.0,1
3.0,339.0,134.0,173.0,3.0,660.0,135.0,0
15.0,3588.0,139.0,153.0,4.0,745.0,255.0,1
15.0,2181.0,252.0,236.0,4.0,780.0,95.0,0
1.0,406.0,208.0,18.0,1.0,1085.0,170.0,0
13.0,836.0,208.0,35.0,6.0,1115.0,136.0,1
11.0,6285.0,56.0,85.0,5.0,820.0,97.0,0
8.0,410.0,16.0,139.0,5.0,1185.0,91.0,0
1.0,18.0,253.0,148.0,4.0,1380.0,329.0,0
5.0,78.0,173.0,148.0,7.0,840.0,165.0,0
7.0,822.0,172.0,79.0,1.0,405.0,110.0,0
13.0,68.0,161.0,154.0,6.0,1299.0,327.0,0
13.0,838.0,253.0,80.0,1.0,650.0,212.0,1
2.0,62.0,14.0,149.0,1.0,485.0,101.0,0
14.0,1163.0,221.0,60.0,7.0,830.0,91.0,0
13.0,668.0,208.0,159.0,5.0,360.0,127.0,0
10.0,3651.0,183.0,285.0,6.0,1255.0,130.0,0
11.0,6389.0,71.0,22.0,6.0,1140.0,118.0,0
12.0,6684.0,177.0,208.0,1.0,360.0,110.0,0
4.0,576.0,96.0,241.0,5.0,785.0,190.0,0
17.0,7262.0,134.0,60.0,5.0,1020.0,94.0,0
15.0,515.0,243.0,217.0,5.0,1040.0,70.0,0
12.0,6362.0,246.0,154.0,3.0,1256.0,44.0,0
12.0,6727.0,199.0,79.0,7.0,384.0,63.0,0
5.0,2856.0,243.0,148.0,3.0,1350.0,319.0,0
11.0,6327.0,60.0,71.0,3.0,420.0,101.0,1
17.0,2932.0,280.0,217.0,5.0,480.0,54.0,0
13.0,405.0,159.0,79.0,4.0,620.0,272.0,1
14.0,910.0,60.0,45.0,1.0,1070.0,79.0,0
14.0,938.0,241.0,60.0,6.0,510.0,111.0,0
5.0,2725.0,35.0,197.0,3.0,686.0,194.0,1
1.0,1201.0,264.0,208.0,5.0,495.0,235.0,0
10.0,2921.0,157.0,80.0,1.0,1025.0,155.0,0
12.0,6561.0,107.0,79.0,5.0,1151.0,103.0,0
1.0,1356.0,80.0,134.0,3.0,665.0,165.0,0
5.0,592.0,16.0,154.0,6.0,900.0,305.0,0
16.0,5978.0,134.0,43.0,6.0,1111.0,69.0,1
16.0,2598.0,135.0,172.0,1.0,1050.0,115.0,1
6.0,5117.0,16.0,101.0,7.0,525.0,85.0,1
10.0,3065.0,154.0,243.0,5.0,455.0,45.0,0
15.0,263.0,258.0,153.0,7.0,640.0,85.0,1
8.0,202.0,48.0,16.0,1.0,670.0,109.0,0
15.0,1980.0,45.0,79.0,3.0,635.0,260.0,1
2.0,191.0,14.0,98.0,5.0,1140.0,56.0,1
5.0,1299.0,154.0,150.0,6.0,845.0,355.0,0
15.0,1528.0,268.0,198.0,6.0,590.0,120.0,0
10.0,3929.0,22.0,208.0,3.0,1105.0,170.0,1
16.0,2956.0,135.0,18.0,7.0,1380.0,45.0,0
5.0,1320.0,16.0,60.0,7.0,1140.0,81.0,0
12.0,6761.0,134.0,198.0,5.0,737.0,170.0,0
12.0,6363.0,214.0,154.0,6.0,1050.0,138.0,0
5.0,1185.0,96.0,261.0,4.0,1044.0,314.0,0
13.0,323.0,216.0,79.0,6.0,419.0,271.0,0
14.0,490.0,207.0,217.0,5.0,765.0,70.0,0
1.0,536.0,80.0,16.0,5.0,400.0,125.0,0
14.0,739.0,216.0,221.0,4.0,940.0,72.0,0
1.0,425.0,208.0,252.0,5.0,940.0,270.0,1
2.0,35.0,35.0,214.0,5.0,985.0,388.0,0
6.0,5405.0,22.0,78.0,1.0,1080.0,83.0,0
17.0,2653.0,209.0,60.0,7.0,825.0,85.0,1
14.0,1636.0,58.0,60.0,6.0,530.0,103.0,0
5.0,2548.0,241.0,159.0,4.0,847.0,163.0,1
5.0,1982.0,177.0,16.0,5.0,365.0,85.0,0
5.0,1192.0,262.0,261.0,3.0,385.0,103.0,0
8.0,447.0,198.0,16.0,6.0,975.0,81.0,1
14.0,801.0,60.0,173.0,6.0,470.0,97.0,1
16.0,2980.0,285.0,58.0,7.0,1016.0,79.0,0
15.0,804.0,79.0,172.0,3.0,1140.0,95.0,1
13.0,680.0,208.0,159.0,1.0,725.0,132.0,0
4.0,162.0,207.0,135.0,5.0,405.0,187.0,0
4.0,323.0,135.0,198.0,5.0,805.0,67.0,0
16.0,2864.0,58.0,238.0,6.0,760.0,57.0,0
15.0,840.0,22.0,45.0,4.0,1070.0,75.0,1
9.0,20.0,128.0,262.0,1.0,855.0,310.0,0
10.0,2840.0,109.0,80.0,1.0,860.0,160.0,1
6.0,5066.0,288.0,16.0,3.0,551.0,74.0,1
13.0,289.0,153.0,154.0,7.0,664.0,76.0,0
14.0,1640.0,173.0,60.0,6.0,315.0,97.0,0
15.0,1656.0,214.0,258.0,4.0,650.0,105.0,1
15.0,996.0,244.0,75.0,4.0,1165.0,60.0,1
1.0,1879.0,277.0,183.0,6.0,585.0,65.0,0
12.0,6875.0,79.0,195.0,4.0,935.0,127.0,1
3.0,1188.0,267.0,35.0,7.0,945.0,176.0,0
8.0,828.0,184.0,267.0,6.0,850.0,160.0,1
17.0,2731.0,280.0,217.0,1.0,866.0,54.0,0
15.0,256.0,44.0,217.0,4.0,455.0,85.0,0
8.0,865.0,173.0,97.0,1.0,666.0,68.0,0
12.0,6563.0,79.0,15.0,4.0,732.0,44.0,0
17.0,2633.0,134.0,60.0,5.0,1083.0,90.0,0
11.0,6309.0,85.0,139.0,6.0,450.0,86.0,0
15.0,1976.0,45.0,139.0,5.0,835.0,110.0,0
13.0,645.0,260.0,208.0,3.0,938.0,320.0,0
6.0,5075.0,174.0,16.0,5.0,375.0,133.0,0
5.0,2456.0,261.0,197.0,5.0,525.0,165.0,0
17.0,2836.0,44.0,217.0,5.0,985.0,92.0,0
5.0,2306.0,162.0,16.0,5.0,330.0,97.0,0
12.0,6900.0,184.0,208.0,3.0,302.0,44.0,0
6.0,7127.0,134.0,132.0,4.0,1014.0,120.0,0
15.0,903.0,129.0,204.0,3.0,815.0,80.0,0
5.0,1637.0,45.0,85.0,7.0,1110.0,104.0,0
6.0,7359.0,96.0,85.0,7.0,985.0,129.0,1
3.0,523.0,96.0,173.0,5.0,680.0,165.0,0
0.0,3669.0,177.0,135.0,7.0,560.0,120.0,0
5.0,1068.0,280.0,197.0,5.0,856.0,189.0,0
15.0,1548.0,202.0,154.0,5.0,1080.0,75.0,1
15.0,991.0,262.0,44.0,1.0,565.0,70.0,0
4.0,1615.0,178.0,135.0,3.0,656.0,69.0,0
13.0,732.0,208.0,147.0,7.0,791.0,147.0,0
15.0,1691.0,175.0,58.0,7.0,665.0,75.0,1
12.0,6342.0,243.0,154.0,7.0,1271.0,48.0,1
2.0,538.0,252.0,207.0,5.0,835.0,154.0,0
5.0,2057.0,148.0,16.0,4.0,1070.0,175.0,0
5.0,2196.0,197.0,159.0,3.0,920.0,165.0,1
5.0,1034.0,213.0,16.0,5.0,1061.0,119.0,1
5.0,2764.0,16.0,221.0,4.0,900.0,106.0,0
12.0,6700.0,164.0,79.0,3.0,780.0,92.0,1
15.0,1854.0,217.0,172.0,7.0,700.0,155.0,1
10.0,2745.0,80.0,121.0,3.0,660.0,125.0,0
12.0,6849.0,214.0,232.0,5.0,671.0,38.0,0
5.0,1788.0,177.0,173.0,7.0,510.0,120.0,0
15.0,894.0,45.0,182.0,3.0,935.0,75.0,1
10.0,4616.0,233.0,159.0,3.0,490.0,90.0,1
15.0,226.0,173.0,216.0,3.0,495.0,145.0,1
3.0,1051.0,148.0,221.0,1.0,490.0,97.0,1
15.0,1664.0,258.0,154.0,1.0,730.0,70.0,0
6.0,5089.0,256.0,16.0,7.0,1079.0,106.0,1
1.0,1383.0,197.0,80.0,7.0,525.0,155.0,0
15.0,1458.0,207.0,153.0,4.0,725.0,55.0,1
15.0,1238.0,209.0,45.0,6.0,840.0,55.0,1
15.0,244.0,154.0,253.0,1.0,1070.0,75.0,1
11.0,6332.0,58.0,71.0,3.0,440.0,76.0,0
3.0,64.0,277.0,148.0,3.0,585.0,145.0,0
12.0,6384.0,34.0,208.0,5.0,402.0,198.0,0
4.0,1155.0,213.0,96.0,7.0,825.0,172.0,0
14.0,2046.0,78.0,35.0,4.0,1170.0,86.0,0
3.0,448.0,277.0,35.0,4.0,760.0,166.0,0
12.0,6273.0,252.0,111.0,1.0,623.0,58.0,1
12.0,6955.0,208.0,184.0,5.0,1090.0,48.0,1
13.0,329.0,84.0,79.0,5.0,954.0,125.0,1
10.0,4649.0,159.0,197.0,4.0,1125.0,180.0,1
15.0,27.0,87.0,45.0,3.0,1015.0,125.0,0
4.0,1578.0,244.0,135.0,5.0,820.0,59.0,0
15.0,869.0,75.0,13.0,4.0,450.0,70.0,0
14.0,944.0,60.0,58.0,7.0,790.0,100.0,1
15.0,1244.0,45.0,182.0,4.0,1050.0,80.0,0
12.0,6549.0,253.0,248.0,5.0,1369.0,67.0,0
4.0,1133.0,96.0,80.0,7.0,539.0,242.0,0
5.0,2150.0,252.0,261.0,4.0,623.0,113.0,1
14.0,2130.0,159.0,35.0,3.0,840.0,66.0,0
3.0,77.0,148.0,213.0,1.0,542.0,181.0,0
15.0,118.0,217.0,182.0,3.0,765.0,285.0,0
13.0,611.0,78.0,208.0,4.0,629.0,131.0,0
15.0,2290.0,154.0,153.0,5.0,1130.0,60.0,1
15.0,3575.0,153.0,207.0,4.0,1270.0,55.0,0
15.0,2763.0,173.0,141.0,6.0,420.0,145.0,0
15.0,3743.0,35.0,268.0,7.0,450.0,195.0,0
10.0,3049.0,243.0,154.0,4.0,420.0,50.0,0
14.0,500.0,154.0,217.0,5.0,975.0,81.0,0
16.0,2386.0,135.0,120.0,5.0,602.0,141.0,0
0.0,4114.0,85.0,229.0,1.0,840.0,118.0,1
15.0,1568.0,243.0,268.0,7.0,635.0,210.0,1
10.0,4284.0,94.0,208.0,6.0,810.0,85.0,1
14.0,1182.0,60.0,159.0,6.0,866.0,109.0,0
12.0,6544.0,79.0,15.0,5.0,606.0,45.0,1
2.0,613.0,153.0,252.0,5.0,1240.0,154.0,0
15.0,1714.0,277.0,61.0,7.0,950.0,135.0,1
4.0,172.0,154.0,58.0,7.0,1410.0,257.0,1
5.0,1849.0,61.0,16.0,4.0,896.0,104.0,1
5.0,2442.0,16.0,96.0,7.0,835.0,136.0,1
0.0,3929.0,21.0,197.0,6.0,445.0,106.0,1
3.0,767.0,173.0,225.0,3.0,1413.0,160.0,1
8.0,236.0,234.0,16.0,4.0,957.0,102.0,0
1.0,1775.0,80.0,264.0,3.0,675.0,195.0,1
2.0,65.0,151.0,289.0,5.0,540.0,51.0,0
10.0,4269.0,208.0,61.0,1.0,745.0,75.0,1
17.0,1024.0,128.0,161.0,3.0,669.0,37.0,0
14.0,1769.0,60.0,241.0,5.0,1331.0,108.0,1
6.0,4984.0,35.0,78.0,6.0,635.0,109.0,0
10.0,2871.0,146.0,80.0,5.0,505.0,95.0,0
5.0,2903.0,71.0,173.0,1.0,670.0,130.0,0
17.0,1043.0,143.0,128.0,7.0,1270.0,47.0,0
5.0,2535.0,159.0,198.0,3.0,775.0,211.0,0
12.0,6288.0,194.0,154.0,5.0,806.0,68.0,0
15.0,1589.0,252.0,202.0,7.0,1055.0,125.0,1
15.0,3504.0,233.0,216.0,4.0,1130.0,80.0,1
15.0,3851.0,268.0,104.0,7.0,795.0,160.0,1
6.0,5248.0,275.0,16.0,5.0,616.0,70.0,0
5.0,1751.0,197.0,153.0,3.0,540.0,213.0,1
8.0,984.0,16.0,221.0,3.0,625.0,104.0,0
15.0,3927.0,154.0,217.0,6.0,390.0,80.0,0
1.0,1707.0,153.0,154.0,7.0,985.0,70.0,1
15.0,1317.0,172.0,175.0,6.0,480.0,85.0,1
0.0,3795.0,247.0,71.0,4.0,360.0,60.0,0
13.0,250.0,214.0,134.0,1.0,445.0,298.0,0
10.0,4051.0,208.0,33.0,3.0,1085.0,90.0,1
15.0,120.0,175.0,217.0,3.0,1200.0,240.0,1
10.0,4664.0,58.0,159.0,5.0,535.0,95.0,0
15.0,167.0,75.0,244.0,7.0,1075.0,65.0,1
1.0,829.0,80.0,65.0,3.0,1270.0,115.0,1
5.0,1767.0,60.0,85.0,5.0,360.0,115.0,0
15.0,2961.0,173.0,79.0,7.0,1030.0,255.0,0
5.0,2709.0,71.0,104.0,5.0,555.0,149.0,0
7.0,138.0,79.0,80.0,6.0,955.0,108.0,1
15.0,2693.0,277.0,172.0,7.0,745.0,175.0,0
15.0,1048.0,244.0,243.0,3.0,970.0,185.0,1
15.0,30.0,75.0,91.0,3.0,890.0,105.0,1
3.0,598.0,173.0,130.0,5.0,1190.0,149.0,0
13.0,737.0,79.0,253.0,5.0,1070.0,164.0,0
12.0,6881.0,79.0,262.0,1.0,556.0,156.0,0
16.0,2528.0,182.0,58.0,3.0,365.0,119.0,0
5.0,2112.0,27.0,16.0,4.0,330.0,58.0,0
15.0,1.0,129.0,68.0,4.0,500.0,50.0,0
3.0,324.0,104.0,22.0,7.0,670.0,171.0,0
15.0,1686.0,216.0,104.0,1.0,875.0,175.0,0
5.0,1884.0,277.0,71.0,3.0,490.0,133.0,0
6.0,7116.0,148.0,134.0,4.0,360.0,81.0,0
16.0,2150.0,119.0,96.0,3.0,640.0,110.0,1
0.0,3723.0,16.0,84.0,4.0,1290.0,144.0,0
1.0,880.0,258.0,80.0,6.0,900.0,210.0,0
5.0,1516.0,79.0,16.0,7.0,375.0,170.0,0
16.0,2479.0,135.0,84.0,7.0,865.0,128.0,1
5.0,1847.0,159.0,16.0,7.0,600.0,160.0,0
12.0,7811.0,110.0,261.0,3.0,840.0,122.0,0
10.0,2925.0,41.0,80.0,6.0,525.0,90.0,0
5.0,1083.0,233.0,16.0,4.0,810.0,93.0,0
6.0,5110.0,16.0,94.0,4.0,1318.0,86.0,0
5.0,2830.0,197.0,35.0,4.0,920.0,170.0,0
11.0,6395.0,119.0,71.0,6.0,865.0,71.0,0
6.0,7134.0,85.0,134.0,5.0,1160.0,90.0,0
2.0,40.0,9.0,14.0,4.0,1020.0,50.0,0
12.0,6241.0,253.0,44.0,6.0,570.0,68.0,0
12.0,6540.0,29.0,79.0,4.0,400.0,107.0,0
3.0,370.0,104.0,159.0,5.0,360.0,159.0,0
5.0,2171.0,85.0,184.0,3.0,1190.0,76.0,1
7.0,724.0,79.0,78.0,5.0,705.0,193.0,1
4.0,173.0,154.0,128.0,7.0,985.0,345.0,0
10.0,2890.0,114.0,80.0,3.0,705.0,120.0,1
17.0,1026.0,128.0,150.0,6.0,785.0,40.0,0
13.0,296.0,79.0,236.0,4.0,1149.0,145.0,0
6.0,4947.0,16.0,47.0,6.0,905.0,64.0,0
12.0,6861.0,154.0,153.0,3.0,1192.0,70.0,0
14.0,1899.0,60.0,244.0,1.0,1085.0,192.0,1
11.0,6503.0,148.0,134.0,3.0,890.0,106.0,0
12.0,6232.0,100.0,153.0,5.0,365.0,77.0,1
1.0,1056.0,80.0,268.0,1.0,480.0,95.0,0
0.0,4185.0,177.0,80.0,3.0,560.0,107.0,0
16.0,2225.0,204.0,135.0,1.0,810.0,84.0,0
15.0,388.0,18.0,91.0,3.0,365.0,100.0,1
4.0,302.0,96.0,154.0,7.0,600.0,356.0,1
12.0,6390.0,253.0,264.0,6.0,623.0,84.0,0
14.0,586.0,217.0,153.0,5.0,795.0,71.0,0
6.0,4944.0,85.0,48.0,3.0,730.0,58.0,1
1.0,6.0,203.0,80.0,6.0,1080.0,420.0,0
13.0,390.0,135.0,79.0,5.0,1137.0,162.0,0
16.0,2295.0,96.0,121.0,1.0,390.0,124.0,0
8.0,358.0,16.0,159.0,5.0,1255.0,126.0,0
5.0,2009.0,197.0,79.0,4.0,1025.0,126.0,1
5.0,1250.0,16.0,241.0,5.0,1145.0,110.0,0
1.0,1885.0,80.0,100.0,4.0,660.0,215.0,0
5.0,1574.0,173.0,197.0,7.0,580.0,207.0,0
4.0,497.0,135.0,153.0,1.0,555.0,202.0,1
15.0,647.0,79.0,279.0,5.0,490.0,90.0,0
15.0,575.0,33.0,175.0,6.0,420.0,90.0,0
6.0,5189.0,285.0,16.0,5.0,450.0,77.0,0
14.0,92.0,217.0,214.0,5.0,1080.0,163.0,0
14.0,1997.0,60.0,104.0,3.0,595.0,128.0,0
6.0,5526.0,106.0,16.0,4.0,865.0,135.0,1
1.0,1938.0,197.0,183.0,1.0,365.0,225.0,1
6.0,7382.0,71.0,16.0,5.0,1225.0,98.0,0
1.0,1698.0,261.0,80.0,7.0,365.0,170.0,0
15.0,3659.0,33.0,27.0,3.0,745.0,50.0,1
0.0,3738.0,85.0,121.0,4.0,440.0,106.0,0
15.0,1667.0,264.0,262.0,5.0,745.0,90.0,1
1.0,1371.0,134.0,80.0,1.0,615.0,215.0,0
5.0,2806.0,197.0,183.0,4.0,750.0,214.0,0
15.0,3598.0,252.0,217.0,3.0,1175.0,170.0,1
1.0,402.0,80.0,60.0,1.0,805.0,135.0,0
5.0,2699.0,35.0,197.0,6.0,490.0,202.0,0
15.0,1062.0,277.0,251.0,5.0,905.0,130.0,0
1.0,902.0,183.0,80.0,6.0,810.0,195.0,0
9.0,341.0,143.0,128.0,3.0,577.0,49.0,0
10.0,4227.0,84.0,208.0,3.0,675.0,80.0,1
1.0,1841.0,251.0,80.0,3.0,420.0,150.0,0
6.0,5348.0,146.0,16.0,3.0,445.0,89.0,0
15.0,941.0,104.0,141.0,7.0,550.0,165.0,0
6.0,5361.0,33.0,16.0,5.0,1170.0,70.0,1
6.0,5292.0,195.0,78.0,3.0,745.0,115.0,0
6.0,5249.0,138.0,16.0,4.0,677.0,92.0,0
14.0,300.0,79.0,60.0,6.0,825.0,179.0,0
0.0,4121.0,148.0,78.0,4.0,1230.0,120.0,0
5.0,192.0,16.0,148.0,4.0,905.0,145.0,1
3.0,166.0,214.0,148.0,4.0,1295.0,298.0,1
0.0,4199.0,177.0,87.0,3.0,1175.0,85.0,1
12.0,3072.0,139.0,184.0,1.0,610.0,63.0,1
13.0,721.0,79.0,253.0,7.0,688.0,174.0,1
14.0,1427.0,60.0,16.0,3.0,965.0,76.0,0
16.0,2009.0,41.0,135.0,4.0,430.0,70.0,0
6.0,7115.0,134.0,148.0,3.0,1323.0,74.0,1
15.0,1320.0,153.0,252.0,3.0,375.0,165.0,0
16.0,2352.0,205.0,135.0,7.0,655.0,139.0,0
12.0,6598.0,262.0,253.0,7.0,500.0,48.0,0
16.0,5996.0,208.0,43.0,4.0,1010.0,89.0,1
14.0,1189.0,78.0,173.0,3.0,1155.0,137.0,0
15.0,269.0,173.0,12.0,4.0,1210.0,160.0,1
15.0,709.0,2.0,202.0,3.0,860.0,155.0,1
14.0,1294.0,216.0,60.0,5.0,605.0,121.0,0
0.0,3916.0,121.0,85.0,4.0,1000.0,115.0,0
11.0,6352.0,177.0,96.0,7.0,1150.0,164.0,0
10.0,4203.0,208.0,61.0,4.0,405.0,75.0,1
1.0,2019.0,159.0,268.0,5.0,1150.0,170.0,0
15.0,1489.0,198.0,75.0,4.0,1100.0,90.0,0
13.0,521.0,61.0,79.0,7.0,480.0,202.0,0
1.0,1044.0,183.0,233.0,6.0,635.0,120.0,0
14.0,1206.0,217.0,216.0,4.0,790.0,266.0,0
15.0,1466.0,175.0,27.0,1.0,925.0,105.0,1
16.0,2436.0,147.0,135.0,5.0,695.0,149.0,1
4.0,355.0,213.0,96.0,3.0,1010.0,168.0,1
6.0,5196.0,85.0,205.0,6.0,520.0,125.0,1
15.0,1181.0,217.0,262.0,3.0,940.0,120.0,1
8.0,1587.0,30.0,16.0,5.0,420.0,94.0,0
14.0,1579.0,216.0,60.0,1.0,1035.0,103.0,1
5.0,2795.0,261.0,243.0,7.0,905.0,108.0,0
15.0,691.0,75.0,279.0,5.0,1095.0,55.0,1
14.0,75.0,217.0,252.0,1.0,875.0,186.0,1
15.0,2924.0,153.0,236.0,6.0,620.0,80.0,1
12.0,4762.0,227.0,261.0,3.0,390.0,102.0,1
13.0,952.0,217.0,134.0,6.0,589.0,252.0,0
15.0,1566.0,214.0,262.0,4.0,1055.0,85.0,1
5.0,2351.0,233.0,16.0,4.0,585.0,90.0,0
9.0,277.0,150.0,128.0,5.0,1050.0,42.0,1
3.0,150.0,173.0,148.0,3.0,535.0,139.0,1
1.0,270.0,128.0,154.0,3.0,500.0,330.0,0
2.0,867.0,252.0,203.0,5.0,985.0,369.0,0
9.0,296.0,128.0,203.0,6.0,759.0,38.0,0
3.0,335.0,134.0,173.0,7.0,530.0,137.0,0
5.0,1419.0,85.0,154.0,3.0,515.0,305.0,1
17.0,7263.0,134.0,172.0,4.0,1047.0,169.0,1
15.0,2031.0,252.0,153.0,4.0,700.0,150.0,1
1.0,2412.0,154.0,80.0,4.0,410.0,185.0,0
14.0,650.0,253.0,216.0,7.0,510.0,315.0,0
13.0,69.0,154.0,161.0,4.0,848.0,365.0,0
4.0,1807.0,277.0,135.0,7.0,1126.0,144.0,1
5.0,1174.0,16.0,43.0,7.0,645.0,132.0,1
3.0,381.0,159.0,104.0,7.0,1109.0,185.0,1
6.0,5460.0,190.0,16.0,6.0,360.0,77.0,0
15.0,771.0,202.0,44.0,3.0,1100.0,65.0,0
5.0,130.0,241.0,16.0,3.0,750.0,109.0,1
8.0,471.0,45.0,16.0,7.0,1105.0,115.0,1
15.0,1946.0,217.0,35.0,6.0,635.0,300.0,1
13.0,473.0,45.0,208.0,3.0,994.0,136.0,0
12.0,7764.0,220.0,261.0,6.0,567.0,61.0,0
8.0,110.0,80.0,16.0,5.0,1027.0,125.0,0
15.0,237.0,261.0,45.0,4.0,740.0,245.0,0
12.0,6741.0,79.0,227.0,7.0,1306.0,130.0,0
16.0,2875.0,76.0,135.0,4.0,1095.0,165.0,0
8.0,464.0,45.0,229.0,1.0,954.0,83.0,1
10.0,3296.0,68.0,80.0,4.0,600.0,80.0,0
1.0,1210.0,208.0,35.0,5.0,725.0,125.0,1
14.0,978.0,213.0,216.0,5.0,980.0,153.0,0
4.0,744.0,135.0,58.0,6.0,800.0,151.0,0
16.0,5920.0,58.0,134.0,6.0,1176.0,74.0,1
11.0,6327.0,60.0,71.0,1.0,420.0,101.0,0
5.0,2412.0,177.0,183.0,4.0,565.0,142.0,0
12.0,6892.0,252.0,154.0,7.0,1078.0,153.0,1
0.0,4220.0,85.0,90.0,7.0,1290.0,85.0,1
4.0,754.0,96.0,213.0,3.0,780.0,172.0,1
15.0,3401.0,79.0,244.0,3.0,665.0,130.0,1
12.0,4515.0,261.0,208.0,3.0,675.0,189.0,1
3.0,277.0,104.0,253.0,4.0,1022.0,380.0,1
12.0,6864.0,208.0,136.0,4.0,931.0,114.0,0
12.0,7755.0,49.0,261.0,5.0,546.0,74.0,0
12.0,6585.0,72.0,208.0,5.0,1082.0,68.0,0
3.0,46.0,173.0,148.0,7.0,638.0,142.0,1
13.0,415.0,198.0,79.0,7.0,420.0,184.0,0
10.0,3614.0,58.0,183.0,1.0,390.0,185.0,0
14.0,903.0,208.0,60.0,5.0,850.0,112.0,0
11.0,6457.0,71.0,184.0,3.0,565.0,88.0,0
15.0,23.0,129.0,131.0,3.0,805.0,60.0,1
10.0,4378.0,33.0,159.0,4.0,785.0,130.0,1
15.0,1173.0,153.0,217.0,3.0,805.0,70.0,0
15.0,580.0,251.0,268.0,7.0,590.0,70.0,0
15.0,36.0,68.0,129.0,7.0,830.0,50.0,0
15.0,2278.0,198.0,79.0,5.0,1075.0,180.0,0
15.0,198.0,129.0,277.0,7.0,635.0,115.0,0
3.0,1245.0,35.0,60.0,1.0,535.0,144.0,0
16.0,2214.0,135.0,27.0,1.0,1095.0,93.0,1
3.0,157.0,148.0,173.0,3.0,1195.0,173.0,1
16.0,2465.0,135.0,170.0,4.0,1000.0,84.0,0
1.0,474.0,2.0,80.0,6.0,560.0,105.0,0
10.0,2988.0,80.0,11.0,3.0,1130.0,130.0,1
15.0,1425.0,33.0,104.0,3.0,1105.0,130.0,1
12.0,6649.0,79.0,235.0,3.0,820.0,76.0,0
15.0,2911.0,198.0,75.0,6.0,915.0,85.0,1
4.0,239.0,183.0,96.0,1.0,430.0,170.0,0
16.0,2260.0,96.0,71.0,6.0,1080.0,124.0,0
11.0,6631.0,35.0,148.0,4.0,840.0,84.0,1
0.0,4052.0,177.0,208.0,7.0,525.0,116.0,0
5.0,2778.0,261.0,177.0,3.0,830.0,182.0,1
14.0,1018.0,216.0,269.0,7.0,585.0,230.0,0
1.0,1201.0,264.0,208.0,6.0,495.0,235.0,0
5.0,1425.0,16.0,277.0,7.0,1145.0,94.0,1
5.0,1024.0,22.0,16.0,4.0,365.0,175.0,0
12.0,6654.0,279.0,208.0,3.0,788.0,113.0,0
6.0,5275.0,16.0,146.0,4.0,494.0,84.0,0
1.0,1790.0,268.0,78.0,5.0,1215.0,105.0,0
15.0,3768.0,217.0,207.0,5.0,460.0,70.0,0
10.0,2763.0,80.0,180.0,5.0,895.0,105.0,0
15.0,1664.0,154.0,217.0,1.0,830.0,80.0,0
8.0,642.0,16.0,184.0,3.0,625.0,128.0,1
13.0,289.0,153.0,154.0,5.0,669.0,77.0,0
5.0,2841.0,16.0,116.0,3.0,585.0,89.0,0
11.0,6758.0,85.0,285.0,7.0,910.0,95.0,0
14.0,859.0,173.0,78.0,7.0,945.0,122.0,0
10.0,3375.0,80.0,108.0,4.0,1020.0,60.0,0
1.0,1309.0,80.0,253.0,5.0,830.0,235.0,1
1.0,1032.0,207.0,80.0,5.0,370.0,180.0,0
6.0,5074.0,16.0,69.0,4.0,964.0,84.0,1
1.0,335.0,208.0,213.0,5.0,1060.0,185.0,0
1.0,2417.0,80.0,154.0,3.0,640.0,205.0,0
8.0,654.0,244.0,16.0,1.0,760.0,129.0,0
14.0,2187.0,159.0,78.0,4.0,1140.0,77.0,0
12.0,4684.0,197.0,166.0,7.0,1325.0,45.0,0
12.0,6707.0,79.0,15.0,7.0,1164.0,45.0,1
15.0,770.0,262.0,252.0,1.0,1075.0,115.0,0
1.0,439.0,241.0,80.0,7.0,815.0,175.0,0
4.0,1727.0,45.0,135.0,3.0,345.0,208.0,0
15.0,368.0,79.0,202.0,7.0,980.0,165.0,0
16.0,2646.0,135.0,41.0,4.0,584.0,61.0,0
5.0,19.0,159.0,85.0,4.0,635.0,127.0,0
15.0,731.0,79.0,216.0,7.0,670.0,220.0,0
1.0,567.0,80.0,253.0,5.0,1065.0,230.0,0
14.0,1761.0,35.0,60.0,5.0,675.0,143.0,0
14.0,1585.0,216.0,173.0,7.0,690.0,154.0,1
0.0,4349.0,177.0,136.0,4.0,825.0,98.0,0
15.0,897.0,217.0,264.0,5.0,445.0,80.0,0
3.0,647.0,148.0,253.0,5.0,1165.0,405.0,0
16.0,2470.0,197.0,96.0,1.0,677.0,162.0,0
16.0,2545.0,12.0,58.0,4.0,1020.0,87.0,0
11.0,6571.0,17.0,85.0,7.0,840.0,81.0,0
4.0,61.0,96.0,135.0,6.0,830.0,227.0,1
14.0,517.0,217.0,205.0,3.0,1185.0,152.0,0
1.0,85.0,148.0,253.0,3.0,930.0,400.0,0
4.0,1177.0,35.0,96.0,1.0,925.0,102.0,1
5.0,671.0,85.0,241.0,4.0,605.0,173.0,1
1.0,575.0,183.0,260.0,6.0,465.0,145.0,0
13.0,188.0,208.0,277.0,4.0,840.0,163.0,0
10.0,2814.0,230.0,80.0,5.0,850.0,140.0,1
15.0,667.0,147.0,45.0,7.0,790.0,110.0,0
6.0,5263.0,16.0,130.0,5.0,513.0,147.0,0
14.0,1829.0,35.0,216.0,7.0,1170.0,95.0,0
5.0,2670.0,16.0,106.0,3.0,538.0,123.0,1
5.0,1434.0,16.0,146.0,7.0,1365.0,79.0,1
4.0,1092.0,135.0,61.0,4.0,800.0,149.0,0
14.0,71.0,79.0,217.0,1.0,480.0,135.0,0
8.0,786.0,159.0,215.0,3.0,1181.0,82.0,0
16.0,5901.0,195.0,208.0,4.0,560.0,56.0,0
10.0,4359.0,208.0,61.0,3.0,675.0,70.0,0
4.0,1623.0,135.0,198.0,3.0,518.0,67.0,0
16.0,2026.0,268.0,96.0,4.0,595.0,137.0,1
12.0,7765.0,220.0,261.0,1.0,735.0,53.0,1
16.0,2036.0,139.0,96.0,5.0,985.0,120.0,0
15.0,1884.0,252.0,153.0,1.0,570.0,150.0,0
6.0,5377.0,187.0,16.0,4.0,735.0,116.0,1
6.0,7124.0,134.0,238.0,5.0,1330.0,73.0,0
6.0,5152.0,16.0,11.0,7.0,1155.0,61.0,0
2.0,221.0,253.0,252.0,6.0,1245.0,122.0,0
15.0,526.0,175.0,217.0,5.0,695.0,240.0,1
12.0,6314.0,227.0,154.0,7.0,373.0,47.0,0
15.0,702.0,268.0,198.0,3.0,905.0,120.0,0
1.0,560.0,208.0,78.0,6.0,1250.0,105.0,1
8.0,221.0,153.0,184.0,1.0,635.0,205.0,0
12.0,4657.0,157.0,197.0,4.0,390.0,130.0,1
12.0,6887.0,154.0,24.0,4.0,1353.0,50.0,0
5.0,2105.0,197.0,253.0,5.0,675.0,243.0,1
5.0,1087.0,16.0,27.0,4.0,1365.0,52.0,0
1.0,1593.0,173.0,183.0,6.0,720.0,65.0,1
13.0,157.0,243.0,253.0,7.0,481.0,103.0,0
15.0,2357.0,261.0,79.0,3.0,545.0,90.0,0
15.0,115.0,261.0,111.0,4.0,1040.0,115.0,0
3.0,336.0,173.0,134.0,7.0,465.0,120.0,0
16.0,2778.0,135.0,162.0,7.0,890.0,78.0,1
16.0,2657.0,96.0,290.0,4.0,945.0,205.0,0
1.0,1523.0,208.0,253.0,5.0,1215.0,280.0,1
10.0,4589.0,197.0,159.0,5.0,1020.0,165.0,1
4.0,128.0,135.0,198.0,7.0,450.0,68.0,1
3.0,581.0,130.0,213.0,6.0,860.0,170.0,0
16.0,2075.0,2.0,135.0,4.0,783.0,119.0,0
15.0,1974.0,75.0,244.0,6.0,655.0,65.0,0
16.0,2398.0,279.0,96.0,1.0,430.0,170.0,0
15.0,437.0,175.0,236.0,3.0,705.0,265.0,1
15.0,859.0,277.0,175.0,7.0,465.0,165.0,1
15.0,792.0,147.0,45.0,3.0,635.0,110.0,1
16.0,5930.0,208.0,84.0,1.0,925.0,77.0,1
15.0,1422.0,243.0,253.0,5.0,410.0,100.0,1
5.0,1488.0,197.0,216.0,5.0,615.0,152.0,0
12.0,6950.0,79.0,107.0,1.0,936.0,85.0,1
12.0,6341.0,154.0,243.0,4.0,1125.0,47.0,0
15.0,973.0,258.0,79.0,1.0,400.0,145.0,0
10.0,4558.0,159.0,58.0,1.0,480.0,110.0,0
5.0,1534.0,16.0,234.0,6.0,905.0,95.0,0
15.0,414.0,45.0,268.0,5.0,805.0,145.0,0
15.0,28.0,87.0,129.0,3.0,630.0,115.0,1
5.0,1164.0,172.0,16.0,1.0,995.0,122.0,0
0.0,3804.0,58.0,16.0,3.0,335.0,128.0,0
16.0,2165.0,38.0,135.0,7.0,808.0,74.0,1
13.0,111.0,253.0,154.0,5.0,826.0,93.0,0
1.0,1920.0,154.0,253.0,3.0,460.0,80.0,0
15.0,944.0,217.0,204.0,4.0,615.0,120.0,1
14.0,634.0,217.0,221.0,1.0,965.0,229.0,0
5.0,1260.0,261.0,96.0,5.0,605.0,273.0,0
12.0,6317.0,246.0,154.0,3.0,531.0,49.0,0
14.0,1924.0,16.0,60.0,5.0,550.0,91.0,0
1.0,481.0,79.0,80.0,3.0,795.0,115.0,0
13.0,237.0,221.0,253.0,6.0,416.0,353.0,0
5.0,1887.0,229.0,16.0,5.0,1069.0,196.0,0
5.0,349.0,2.0,16.0,5.0,790.0,179.0,0
10.0,3344.0,80.0,223.0,1.0,815.0,100.0,0
15.0,2292.0,202.0,207.0,5.0,580.0,70.0,1
15.0,1536.0,277.0,33.0,6.0,955.0,115.0,0
4.0,1690.0,135.0,183.0,7.0,654.0,142.0,0
5.0,1171.0,221.0,16.0,1.0,1046.0,127.0,1
10.0,4128.0,174.0,208.0,1.0,770.0,135.0,1
13.0,405.0,159.0,79.0,6.0,616.0,271.0,0
15.0,1412.0,202.0,129.0,6.0,715.0,220.0,1
5.0,1742.0,217.0,261.0,1.0,1056.0,96.0,0
2.0,878.0,203.0,252.0,4.0,545.0,335.0,0
1.0,373.0,80.0,264.0,5.0,765.0,195.0,0
13.0,20.0,79.0,279.0,4.0,764.0,97.0,0
15.0,31.0,75.0,129.0,7.0,840.0,60.0,0
12.0,7780.0,271.0,261.0,5.0,410.0,64.0,0
15.0,2812.0,277.0,233.0,1.0,605.0,100.0,0
0.0,4171.0,90.0,85.0,3.0,735.0,86.0,1
1.0,594.0,260.0,45.0,3.0,1120.0,235.0,0
7.0,499.0,79.0,48.0,5.0,805.0,162.0,0
13.0,234.0,205.0,208.0,3.0,360.0,96.0,1
15.0,598.0,202.0,153.0,3.0,865.0,85.0,1
12.0,3047.0,84.0,184.0,7.0,835.0,66.0,0
8.0,130.0,277.0,16.0,7.0,1206.0,89.0,0
10.0,3081.0,243.0,154.0,1.0,380.0,45.0,0
1.0,2395.0,60.0,80.0,1.0,945.0,180.0,0
7.0,769.0,79.0,153.0,4.0,404.0,113.0,0
15.0,829.0,44.0,153.0,1.0,1015.0,65.0,0
15.0,1537.0,252.0,111.0,5.0,490.0,60.0,0
10.0,4254.0,208.0,20.0,4.0,1125.0,110.0,0
14.0,1580.0,60.0,221.0,7.0,1329.0,75.0,1
10.0,4308.0,208.0,33.0,4.0,1330.0,85.0,0
1.0,2333.0,208.0,80.0,6.0,880.0,155.0,1
15.0,1679.0,258.0,264.0,6.0,825.0,75.0,1
14.0,1897.0,60.0,16.0,7.0,1340.0,67.0,1
13.0,674.0,208.0,159.0,1.0,545.0,132.0,0
2.0,70.0,14.0,149.0,6.0,1185.0,105.0,0
5.0,2426.0,104.0,16.0,5.0,455.0,124.0,0
13.0,17.0,208.0,214.0,5.0,595.0,277.0,0
5.0,2192.0,277.0,85.0,3.0,510.0,158.0,1
14.0,1540.0,217.0,60.0,6.0,465.0,216.0,0
16.0,2133.0,135.0,65.0,5.0,1285.0,138.0,0
10.0,4594.0,233.0,159.0,6.0,790.0,95.0,0
6.0,5295.0,287.0,16.0,4.0,1078.0,74.0,0
1.0,1425.0,268.0,208.0,4.0,365.0,75.0,0
12.0,4745.0,261.0,207.0,1.0,672.0,107.0,1
1.0,633.0,260.0,80.0,6.0,790.0,310.0,0
14.0,1176.0,60.0,35.0,1.0,1083.0,129.0,0
12.0,6274.0,177.0,208.0,6.0,635.0,110.0,1
5.0,1329.0,85.0,183.0,1.0,840.0,180.0,0
14.0,1785.0,85.0,60.0,7.0,515.0,106.0,0
15.0,3503.0,175.0,79.0,1.0,900.0,165.0,1
1.0,263.0,134.0,154.0,5.0,865.0,350.0,1
10.0,3671.0,183.0,275.0,4.0,665.0,85.0,0
0.0,3824.0,221.0,197.0,7.0,1016.0,144.0,1
1.0,849.0,183.0,253.0,4.0,485.0,380.0,0
17.0,1007.0,128.0,150.0,4.0,1170.0,40.0,0
6.0,5261.0,177.0,290.0,7.0,570.0,70.0,0
8.0,18.0,45.0,260.0,6.0,645.0,250.0,0
16.0,3007.0,134.0,135.0,4.0,740.0,206.0,0
12.0,4752.0,261.0,93.0,3.0,1296.0,108.0,0
13.0,540.0,253.0,134.0,3.0,544.0,306.0,1
0.0,4371.0,85.0,109.0,4.0,940.0,51.0,1
12.0,4763.0,261.0,227.0,4.0,1290.0,98.0,0
4.0,535.0,58.0,154.0,7.0,1015.0,297.0,0
2.0,7.0,96.0,252.0,6.0,1110.0,375.0,0
0.0,3991.0,85.0,175.0,6.0,750.0,73.0,1
14.0,438.0,153.0,216.0,7.0,542.0,279.0,1
8.0,190.0,16.0,78.0,5.0,1270.0,101.0,0
6.0,7090.0,71.0,208.0,4.0,650.0,81.0,0
5.0,2986.0,16.0,159.0,5.0,1300.0,133.0,0
4.0,1529.0,280.0,135.0,1.0,836.0,139.0,0
12.0,6493.0,252.0,214.0,5.0,705.0,47.0,0
5.0,2905.0,277.0,154.0,4.0,1125.0,319.0,1
16.0,2778.0,135.0,162.0,1.0,890.0,78.0,0
0.0,4161.0,139.0,177.0,7.0,480.0,88.0,0
5.0,2024.0,16.0,45.0,5.0,1155.0,116.0,0
5.0,5.0,85.0,45.0,6.0,850.0,96.0,0
3.0,1056.0,221.0,148.0,1.0,1066.0,104.0,1
4.0,414.0,80.0,135.0,1.0,581.0,62.0,0
16.0,2376.0,135.0,136.0,3.0,1095.0,101.0,0
12.0,6250.0,232.0,214.0,5.0,850.0,45.0,0
10.0,4181.0,208.0,117.0,5.0,705.0,55.0,0
10.0,2974.0,1.0,80.0,7.0,500.0,55.0,0
5.0,1405.0,85.0,173.0,4.0,1205.0,159.0,0
5.0,1025.0,245.0,16.0,6.0,1000.0,76.0,0
0.0,4137.0,85.0,171.0,3.0,1295.0,45.0,1
1.0,1014.0,252.0,208.0,4.0,890.0,240.0,1
5.0,2427.0,16.0,104.0,3.0,1215.0,112.0,0
12.0,6646.0,79.0,34.0,1.0,854.0,123.0,0
12.0,4548.0,197.0,102.0,5.0,700.0,159.0,0
10.0,4319.0,208.0,132.0,4.0,790.0,105.0,1
6.0,5010.0,16.0,201.0,4.0,1002.0,82.0,0
1.0,297.0,154.0,128.0,7.0,995.0,365.0,0
17.0,2730.0,217.0,160.0,1.0,670.0,85.0,0
15.0,709.0,175.0,2.0,5.0,705.0,190.0,1
6.0,4968.0,16.0,101.0,5.0,1310.0,76.0,0
5.0,2467.0,85.0,208.0,7.0,1165.0,92.0,0
3.0,309.0,134.0,104.0,4.0,886.0,157.0,0
15.0,792.0,85.0,33.0,1.0,385.0,105.0,1
13.0,365.0,85.0,208.0,5.0,470.0,85.0,0
4.0,36.0,173.0,96.0,5.0,900.0,160.0,0
8.0,478.0,16.0,45.0,6.0,1330.0,105.0,1
10.0,3245.0,80.0,157.0,7.0,535.0,125.0,0
15.0,2176.0,202.0,217.0,3.0,985.0,115.0,1
6.0,5116.0,146.0,16.0,4.0,623.0,91.0,0
5.0,2383.0,16.0,147.0,1.0,725.0,71.0,1
12.0,6696.0,199.0,79.0,1.0,961.0,54.0,1
4.0,9.0,35.0,96.0,6.0,450.0,74.0,0
4.0,1844.0,135.0,58.0,7.0,870.0,162.0,0
1.0,430.0,80.0,268.0,4.0,430.0,90.0,0
16.0,5984.0,285.0,134.0,1.0,360.0,95.0,1
7.0,564.0,243.0,79.0,5.0,908.0,135.0,1
15.0,2635.0,216.0,104.0,5.0,510.0,185.0,1
16.0,3006.0,38.0,135.0,5.0,340.0,70.0,0
12.0,6768.0,79.0,145.0,3.0,1162.0,88.0,0
5.0,2647.0,159.0,16.0,5.0,1080.0,167.0,0
14.0,1719.0,60.0,173.0,5.0,1200.0,97.0,0
1.0,684.0,18.0,148.0,3.0,600.0,220.0,0
10.0,3661.0,183.0,139.0,5.0,900.0,165.0,1
5.0,2231.0,85.0,18.0,4.0,1200.0,203.0,0
6.0,5141.0,94.0,16.0,5.0,360.0,80.0,0
15.0,1041.0,279.0,75.0,7.0,720.0,60.0,0
1.0,399.0,80.0,253.0,6.0,945.0,240.0,0
16.0,2357.0,135.0,165.0,5.0,1280.0,68.0,0
6.0,5215.0,167.0,16.0,7.0,761.0,89.0,0
5.0,1209.0,35.0,261.0,6.0,390.0,342.0,0
10.0,3957.0,177.0,208.0,7.0,730.0,110.0,1
15.0,464.0,228.0,216.0,4.0,460.0,85.0,0
1.0,1486.0,153.0,80.0,3.0,495.0,160.0,0
1.0,735.0,78.0,183.0,7.0,1090.0,160.0,1
17.0,7273.0,238.0,208.0,4.0,1146.0,119.0,0
11.0,6489.0,80.0,71.0,7.0,688.0,127.0,0
14.0,1732.0,60.0,78.0,3.0,450.0,73.0,0
5.0,2294.0,16.0,216.0,1.0,820.0,129.0,0
6.0,5548.0,16.0,52.0,4.0,655.0,53.0,0
5.0,1749.0,16.0,253.0,6.0,1145.0,332.0,1
10.0,3267.0,80.0,162.0,6.0,990.0,70.0,0
13.0,700.0,260.0,134.0,1.0,820.0,240.0,1
12.0,6386.0,44.0,253.0,1.0,800.0,76.0,1
8.0,1017.0,173.0,35.0,7.0,480.0,152.0,0
12.0,6537.0,208.0,185.0,5.0,1075.0,51.0,1
15.0,810.0,75.0,172.0,6.0,870.0,85.0,1
14.0,1415.0,238.0,60.0,3.0,505.0,129.0,0
15.0,2217.0,129.0,268.0,6.0,550.0,110.0,1
8.0,695.0,267.0,16.0,5.0,1061.0,94.0,0
14.0,1212.0,213.0,78.0,1.0,430.0,136.0,0
1.0,2502.0,80.0,33.0,5.0,1025.0,100.0,0
4.0,1545.0,58.0,135.0,7.0,898.0,187.0,0
6.0,4947.0,27.0,16.0,3.0,720.0,83.0,0
3.0,277.0,104.0,253.0,1.0,1022.0,380.0,1
14.0,963.0,139.0,60.0,5.0,420.0,102.0,1
14.0,488.0,217.0,79.0,5.0,795.0,109.0,0
15.0,636.0,264.0,202.0,3.0,875.0,85.0,1
3.0,1001.0,35.0,148.0,7.0,360.0,71.0,1
1.0,985.0,78.0,183.0,7.0,910.0,165.0,1
12.0,6812.0,265.0,208.0,1.0,568.0,58.0,1
15.0,2984.0,154.0,258.0,7.0,480.0,65.0,0
13.0,202.0,154.0,198.0,1.0,677.0,220.0,0
13.0,848.0,258.0,79.0,1.0,478.0,164.0,0
15.0,1138.0,258.0,214.0,7.0,1250.0,105.0,1
2.0,55.0,14.0,98.0,3.0,360.0,58.0,0
13.0,68.0,154.0,208.0,7.0,365.0,250.0,0
10.0,2714.0,245.0,80.0,1.0,975.0,180.0,0
8.0,519.0,16.0,61.0,5.0,1250.0,90.0,0
12.0,7806.0,261.0,64.0,7.0,669.0,89.0,0
16.0,2792.0,135.0,279.0,7.0,540.0,78.0,0
14.0,1770.0,60.0,35.0,3.0,860.0,120.0,1
5.0,2138.0,16.0,78.0,4.0,860.0,96.0,0
8.0,338.0,16.0,216.0,6.0,1325.0,112.0,0
12.0,6924.0,79.0,126.0,5.0,1295.0,51.0,0
16.0,2792.0,135.0,279.0,5.0,540.0,83.0,0
13.0,381.0,208.0,262.0,3.0,587.0,280.0,1
15.0,2987.0,241.0,45.0,1.0,540.0,140.0,0
12.0,6700.0,164.0,79.0,6.0,776.0,92.0,0
0.0,4241.0,76.0,85.0,5.0,715.0,70.0,0
8.0,891.0,184.0,154.0,4.0,1255.0,275.0,1
5.0,2233.0,16.0,27.0,5.0,1170.0,59.0,1
15.0,2287.0,216.0,233.0,5.0,1145.0,85.0,0
13.0,288.0,208.0,173.0,4.0,840.0,163.0,1
17.0,7287.0,208.0,139.0,7.0,1006.0,56.0,0
6.0,7360.0,146.0,177.0,6.0,390.0,64.0,0
13.0,626.0,208.0,216.0,5.0,1086.0,129.0,0
5.0,64.0,153.0,16.0,7.0,742.0,232.0,1
14.0,1800.0,60.0,35.0,4.0,585.0,134.0,0
12.0,6957.0,170.0,79.0,1.0,530.0,118.0,0
5.0,2505.0,197.0,253.0,7.0,1290.0,253.0,1
0.0,3855.0,42.0,85.0,7.0,734.0,131.0,0
1.0,2299.0,85.0,183.0,4.0,360.0,190.0,0
3.0,24.0,277.0,148.0,3.0,691.0,153.0,1
3.0,579.0,130.0,213.0,3.0,650.0,170.0,0
15.0,2480.0,207.0,217.0,6.0,650.0,65.0,0
15.0,256.0,217.0,173.0,5.0,630.0,245.0,1
14.0,1982.0,60.0,35.0,3.0,475.0,123.0,0
17.0,2603.0,60.0,71.0,1.0,595.0,97.0,0
14.0,1159.0,78.0,173.0,7.0,515.0,147.0,0
8.0,497.0,45.0,60.0,4.0,1205.0,92.0,0
10.0,2814.0,230.0,80.0,6.0,850.0,140.0,0
8.0,1048.0,241.0,78.0,1.0,707.0,133.0,0
4.0,1045.0,58.0,135.0,7.0,360.0,190.0,0
2.0,889.0,243.0,203.0,5.0,570.0,350.0,0
0.0,4328.0,197.0,139.0,1.0,420.0,103.0,1
5.0,2778.0,243.0,261.0,1.0,615.0,110.0,1
6.0,4952.0,16.0,245.0,7.0,660.0,71.0,0
5.0,2944.0,85.0,96.0,5.0,420.0,107.0,0
15.0,2982.0,85.0,45.0,4.0,885.0,85.0,1
1.0,741.0,80.0,178.0,4.0,975.0,95.0,0
3.0,1212.0,43.0,35.0,6.0,425.0,86.0,0
6.0,7123.0,134.0,71.0,7.0,506.0,100.0,0
12.0,6255.0,44.0,253.0,5.0,535.0,82.0,1
14.0,948.0,60.0,58.0,3.0,1189.0,97.0,1
1.0,2495.0,85.0,80.0,7.0,1150.0,180.0,0
16.0,2800.0,135.0,290.0,5.0,1197.0,94.0,0
6.0,5486.0,16.0,97.0,4.0,897.0,118.0,0
5.0,2783.0,22.0,16.0,5.0,632.0,156.0,1
11.0,6373.0,146.0,78.0,4.0,421.0,134.0,0
4.0,1527.0,45.0,135.0,7.0,890.0,212.0,1
16.0,2593.0,135.0,205.0,5.0,800.0,128.0,0
1.0,440.0,91.0,80.0,4.0,905.0,100.0,0
11.0,6766.0,195.0,159.0,4.0,1015.0,143.0,0
6.0,5357.0,16.0,190.0,3.0,890.0,79.0,0
5.0,2244.0,197.0,184.0,7.0,790.0,71.0,1
15.0,1264.0,79.0,129.0,5.0,770.0,140.0,0
13.0,291.0,134.0,262.0,4.0,1056.0,351.0,0
4.0,516.0,96.0,198.0,7.0,645.0,196.0,0
0.0,4339.0,233.0,277.0,5.0,580.0,120.0,0
0.0,3751.0,85.0,94.0,1.0,545.0,98.0,0
8.0,71.0,16.0,104.0,7.0,786.0,109.0,0
14.0,1400.0,60.0,33.0,4.0,1200.0,88.0,1
10.0,4579.0,159.0,60.0,3.0,945.0,125.0,0
1.0,1467.0,198.0,80.0,7.0,400.0,100.0,0
0.0,4309.0,85.0,56.0,7.0,745.0,104.0,0
13.0,89.0,228.0,208.0,1.0,390.0,165.0,0
5.0,326.0,61.0,16.0,3.0,1169.0,105.0,0
5.0,1617.0,16.0,79.0,6.0,575.0,212.0,1
14.0,528.0,268.0,217.0,7.0,1070.0,209.0,0
15.0,283.0,79.0,264.0,7.0,1245.0,150.0,1
15.0,3232.0,147.0,104.0,3.0,450.0,70.0,0
14.0,714.0,80.0,216.0,5.0,785.0,189.0,0
1.0,4.0,154.0,148.0,7.0,745.0,335.0,0
15.0,525.0,172.0,175.0,5.0,1100.0,80.0,1
5.0,150.0,16.0,134.0,1.0,590.0,118.0,1
15.0,2871.0,75.0,2.0,3.0,1070.0,115.0,1
6.0,4998.0,290.0,16.0,6.0,360.0,119.0,0
15.0,1255.0,153.0,244.0,4.0,960.0,155.0,1
13.0,466.0,253.0,79.0,7.0,1046.0,149.0,0
16.0,2057.0,273.0,96.0,5.0,1030.0,82.0,0
12.0,6454.0,195.0,208.0,6.0,382.0,55.0,0
8.0,681.0,16.0,136.0,7.0,920.0,143.0,0
5.0,2234.0,16.0,134.0,3.0,820.0,110.0,0
10.0,4209.0,58.0,208.0,7.0,990.0,90.0,0
14.0,855.0,277.0,78.0,1.0,1095.0,125.0,0
15.0,1244.0,233.0,45.0,4.0,960.0,60.0,0
13.0,174.0,208.0,234.0,4.0,1173.0,119.0,0
16.0,5948.0,58.0,208.0,5.0,806.0,87.0,0
15.0,1004.0,202.0,252.0,4.0,875.0,120.0,0
8.0,511.0,184.0,159.0,7.0,1130.0,129.0,0
5.0,2586.0,16.0,159.0,5.0,1060.0,144.0,0
16.0,2362.0,234.0,58.0,4.0,1110.0,82.0,0
15.0,3762.0,75.0,91.0,5.0,650.0,105.0,0
1.0,1626.0,80.0,33.0,7.0,1225.0,100.0,1
15.0,756.0,175.0,172.0,4.0,375.0,95.0,0
15.0,3843.0,217.0,43.0,7.0,760.0,245.0,1
12.0,6822.0,253.0,231.0,1.0,712.0,69.0,1
11.0,6651.0,159.0,33.0,4.0,930.0,167.0,1
5.0,1475.0,197.0,2.0,5.0,700.0,170.0,1
1.0,2556.0,153.0,148.0,6.0,655.0,310.0,0
12.0,6821.0,231.0,253.0,4.0,603.0,69.0,0
14.0,542.0,217.0,80.0,7.0,603.0,149.0,0
2.0,604.0,252.0,153.0,7.0,630.0,149.0,0
5.0,1780.0,16.0,76.0,3.0,1155.0,99.0,0
12.0,6244.0,253.0,179.0,4.0,1360.0,75.0,1
14.0,1524.0,79.0,60.0,7.0,625.0,188.0,1
1.0,1387.0,208.0,153.0,7.0,880.0,250.0,0
16.0,2767.0,12.0,58.0,5.0,860.0,95.0,0
5.0,1225.0,85.0,195.0,7.0,1315.0,87.0,1
14.0,1800.0,60.0,35.0,3.0,585.0,134.0,0
12.0,6496.0,154.0,65.0,5.0,1250.0,127.0,0
15.0,3602.0,175.0,228.0,6.0,595.0,125.0,1
15.0,2105.0,104.0,198.0,5.0,910.0,135.0,0
15.0,372.0,268.0,79.0,4.0,960.0,150.0,1
15.0,1766.0,217.0,261.0,7.0,405.0,100.0,0
7.0,765.0,18.0,79.0,5.0,380.0,133.0,0
15.0,756.0,175.0,172.0,1.0,375.0,95.0,1
0.0,3820.0,21.0,85.0,5.0,814.0,56.0,0
1.0,33.0,148.0,154.0,6.0,475.0,380.0,0
2.0,182.0,98.0,14.0,7.0,480.0,63.0,0
15.0,3595.0,228.0,104.0,7.0,495.0,205.0,0
13.0,580.0,208.0,45.0,4.0,689.0,114.0,0
1.0,1829.0,60.0,80.0,3.0,560.0,180.0,0
0.0,4259.0,222.0,85.0,5.0,375.0,95.0,1
5.0,691.0,234.0,16.0,5.0,940.0,110.0,1
5.0,650.0,175.0,16.0,5.0,570.0,111.0,0
8.0,847.0,16.0,173.0,6.0,1335.0,82.0,0
6.0,5496.0,16.0,53.0,3.0,898.0,95.0,0
14.0,1843.0,60.0,173.0,5.0,568.0,96.0,1
12.0,4453.0,268.0,261.0,5.0,840.0,195.0,0
6.0,5335.0,16.0,4.0,4.0,935.0,53.0,0
13.0,534.0,79.0,45.0,3.0,754.0,201.0,0
15.0,593.0,141.0,45.0,3.0,1180.0,70.0,1
14.0,1044.0,277.0,216.0,3.0,980.0,149.0,1
1.0,1211.0,85.0,80.0,1.0,805.0,175.0,0
12.0,6361.0,79.0,65.0,6.0,1004.0,35.0,0
15.0,2463.0,258.0,79.0,5.0,1070.0,145.0,0
12.0,6698.0,179.0,214.0,3.0,335.0,74.0,0
10.0,3935.0,172.0,208.0,4.0,540.0,90.0,0
12.0,6296.0,79.0,207.0,7.0,560.0,142.0,0
5.0,2005.0,71.0,261.0,3.0,1140.0,237.0,1
9.0,262.0,128.0,143.0,4.0,960.0,51.0,0
15.0,1678.0,79.0,236.0,1.0,705.0,145.0,0
12.0,6761.0,134.0,198.0,1.0,737.0,170.0,0
3.0,495.0,35.0,79.0,4.0,435.0,280.0,0
1.0,373.0,80.0,264.0,3.0,765.0,195.0,1
1.0,1600.0,80.0,78.0,3.0,555.0,164.0,1
5.0,1123.0,261.0,85.0,6.0,520.0,216.0,0
8.0,1091.0,139.0,173.0,5.0,420.0,144.0,0
12.0,4824.0,261.0,65.0,4.0,1015.0,97.0,0
12.0,7761.0,261.0,89.0,7.0,1005.0,69.0,0
15.0,1930.0,153.0,129.0,5.0,1070.0,175.0,1
16.0,5900.0,71.0,208.0,5.0,1052.0,86.0,0
13.0,636.0,208.0,221.0,1.0,391.0,88.0,0
14.0,281.0,217.0,258.0,1.0,875.0,114.0,1
15.0,2914.0,129.0,216.0,6.0,630.0,190.0,1
6.0,7074.0,208.0,12.0,5.0,660.0,111.0,1
5.0,2706.0,253.0,197.0,1.0,915.0,215.0,1
7.0,146.0,79.0,129.0,4.0,707.0,137.0,0
8.0,104.0,80.0,16.0,1.0,657.0,125.0,0
15.0,1079.0,45.0,233.0,4.0,620.0,65.0,1
10.0,4015.0,147.0,208.0,3.0,365.0,160.0,0
1.0,1548.0,65.0,80.0,5.0,670.0,105.0,1
5.0,2305.0,172.0,197.0,4.0,405.0,90.0,0
7.0,727.0,78.0,79.0,7.0,825.0,237.0,0
13.0,935.0,154.0,128.0,6.0,995.0,350.0,0
8.0,174.0,241.0,16.0,5.0,922.0,104.0,0
13.0,138.0,79.0,159.0,4.0,800.0,219.0,0
12.0,6965.0,195.0,208.0,4.0,380.0,55.0,0
15.0,1427.0,175.0,33.0,1.0,830.0,80.0,1
5.0,2765.0,85.0,233.0,4.0,615.0,107.0,1
15.0,1497.0,198.0,104.0,3.0,545.0,105.0,1
14.0,7.0,252.0,217.0,7.0,685.0,167.0,0
6.0,5287.0,10.0,16.0,1.0,880.0,97.0,0
0.0,3847.0,238.0,85.0,3.0,764.0,91.0,1
5.0,2031.0,197.0,173.0,4.0,910.0,188.0,0
6.0,4952.0,16.0,245.0,6.0,660.0,71.0,1
15.0,490.0,175.0,129.0,3.0,1025.0,170.0,1
14.0,1928.0,216.0,228.0,5.0,1240.0,62.0,0
13.0,597.0,208.0,197.0,5.0,1205.0,93.0,1
10.0,4222.0,208.0,285.0,7.0,1005.0,95.0,0
1.0,1871.0,80.0,153.0,6.0,660.0,180.0,0
15.0,1006.0,2.0,91.0,7.0,650.0,55.0,0
13.0,881.0,35.0,208.0,7.0,545.0,171.0,0
12.0,6420.0,79.0,170.0,3.0,1174.0,96.0,0
5.0,1003.0,16.0,184.0,1.0,885.0,125.0,0
16.0,2258.0,19.0,135.0,7.0,990.0,152.0,1
16.0,2866.0,58.0,184.0,7.0,740.0,78.0,0
13.0,812.0,79.0,80.0,3.0,646.0,119.0,0
15.0,1325.0,139.0,173.0,4.0,490.0,140.0,0
0.0,3855.0,42.0,85.0,6.0,734.0,131.0,0
4.0,1826.0,178.0,135.0,7.0,494.0,65.0,0
13.0,892.0,253.0,35.0,1.0,800.0,340.0,1
12.0,6376.0,79.0,230.0,4.0,868.0,62.0,1
10.0,3941.0,172.0,208.0,7.0,790.0,95.0,1
12.0,6649.0,79.0,235.0,5.0,820.0,76.0,0
15.0,40.0,61.0,45.0,3.0,490.0,70.0,0
4.0,1535.0,96.0,217.0,7.0,370.0,340.0,0
6.0,7309.0,190.0,16.0,4.0,555.0,73.0,0
15.0,601.0,258.0,153.0,3.0,1210.0,80.0,1
12.0,4753.0,197.0,192.0,5.0,680.0,95.0,0
5.0,1108.0,197.0,60.0,7.0,420.0,156.0,1
12.0,6860.0,79.0,2.0,1.0,500.0,74.0,1
4.0,1648.0,135.0,104.0,5.0,960.0,144.0,0
15.0,479.0,18.0,75.0,3.0,1125.0,55.0,1
6.0,5584.0,19.0,16.0,4.0,700.0,67.0,1
14.0,1715.0,78.0,104.0,5.0,885.0,154.0,1
15.0,823.0,280.0,154.0,3.0,620.0,90.0,1
16.0,2946.0,147.0,96.0,1.0,375.0,132.0,0
6.0,4952.0,97.0,16.0,5.0,480.0,123.0,1
10.0,3827.0,16.0,208.0,5.0,705.0,120.0,1
5.0,2702.0,173.0,71.0,5.0,735.0,135.0,0
0.0,3682.0,82.0,85.0,7.0,814.0,111.0,0
15.0,334.0,75.0,172.0,6.0,480.0,90.0,0
10.0,2988.0,80.0,11.0,6.0,1130.0,130.0,0
1.0,2086.0,183.0,148.0,6.0,1150.0,170.0,1
12.0,6597.0,18.0,79.0,4.0,969.0,144.0,0
12.0,6582.0,253.0,51.0,3.0,960.0,93.0,0
14.0,1772.0,182.0,60.0,4.0,360.0,152.0,0
10.0,4419.0,233.0,78.0,4.0,370.0,65.0,1
10.0,4400.0,233.0,78.0,4.0,900.0,59.0,0
14.0,74.0,216.0,252.0,5.0,1070.0,368.0,0
12.0,4812.0,261.0,127.0,4.0,670.0,85.0,0
5.0,1577.0,261.0,16.0,3.0,838.0,222.0,1
6.0,5505.0,121.0,16.0,3.0,840.0,77.0,0
10.0,3709.0,16.0,208.0,3.0,845.0,125.0,1
13.0,973.0,208.0,253.0,7.0,900.0,276.0,0
13.0,451.0,153.0,253.0,7.0,1192.0,102.0,1
13.0,319.0,134.0,154.0,1.0,504.0,347.0,1
6.0,5169.0,130.0,16.0,3.0,360.0,151.0,0
1.0,1073.0,80.0,79.0,7.0,825.0,120.0,0
8.0,78.0,104.0,16.0,4.0,1085.0,117.0,0
12.0,4529.0,261.0,202.0,1.0,515.0,122.0,1
15.0,829.0,44.0,153.0,4.0,1015.0,65.0,1
15.0,339.0,252.0,202.0,3.0,475.0,125.0,1
14.0,1467.0,216.0,16.0,4.0,700.0,142.0,0
13.0,85.0,79.0,154.0,4.0,922.0,151.0,0
1.0,1270.0,154.0,183.0,3.0,1280.0,280.0,0
1.0,1669.0,80.0,264.0,1.0,525.0,195.0,0
6.0,7306.0,85.0,147.0,1.0,535.0,148.0,0
15.0,857.0,268.0,153.0,3.0,1130.0,230.0,1
1.0,1151.0,197.0,208.0,4.0,1045.0,95.0,1
16.0,2971.0,96.0,60.0,3.0,487.0,137.0,1
12.0,3072.0,184.0,268.0,5.0,645.0,74.0,0
5.0,1230.0,16.0,197.0,6.0,615.0,176.0,0
15.0,183.0,45.0,154.0,6.0,450.0,360.0,0
5.0,1597.0,216.0,197.0,6.0,370.0,180.0,1
12.0,6911.0,184.0,208.0,7.0,631.0,44.0,0
8.0,286.0,129.0,16.0,6.0,887.0,113.0,0
12.0,6350.0,207.0,253.0,5.0,838.0,85.0,1
17.0,1015.0,150.0,128.0,6.0,765.0,40.0,0
10.0,4594.0,233.0,159.0,4.0,790.0,95.0,0
3.0,749.0,173.0,260.0,4.0,1425.0,154.0,0
3.0,359.0,148.0,44.0,4.0,1110.0,380.0,0
3.0,280.0,160.0,153.0,6.0,611.0,66.0,1
7.0,283.0,268.0,79.0,4.0,865.0,140.0,0
1.0,1483.0,233.0,80.0,6.0,915.0,195.0,1
15.0,23.0,129.0,131.0,4.0,805.0,60.0,1
2.0,304.0,252.0,253.0,3.0,385.0,133.0,0
15.0,1023.0,75.0,244.0,1.0,920.0,65.0,0
4.0,1083.0,35.0,135.0,1.0,800.0,262.0,0
15.0,1098.0,173.0,43.0,1.0,715.0,155.0,1
1.0,2258.0,244.0,80.0,7.0,375.0,65.0,0
1.0,2462.0,154.0,80.0,3.0,1090.0,170.0,0
4.0,92.0,135.0,253.0,3.0,460.0,262.0,1
10.0,3228.0,10.0,80.0,3.0,1015.0,75.0,0
4.0,16.0,154.0,96.0,4.0,625.0,315.0,1
10.0,2980.0,70.0,80.0,7.0,425.0,150.0,0
10.0,3030.0,194.0,154.0,5.0,1025.0,65.0,0
1.0,1234.0,183.0,277.0,3.0,480.0,55.0,0
16.0,3140.0,244.0,135.0,7.0,445.0,57.0,0
8.0,1268.0,173.0,32.0,6.0,495.0,154.0,0
1.0,1825.0,208.0,253.0,4.0,985.0,280.0,0
17.0,2724.0,18.0,60.0,3.0,710.0,151.0,1
0.0,4088.0,71.0,234.0,6.0,680.0,87.0,0
6.0,5346.0,205.0,16.0,5.0,835.0,135.0,1
8.0,723.0,45.0,198.0,1.0,881.0,176.0,1
10.0,3358.0,290.0,80.0,7.0,480.0,75.0,0
15.0,1175.0,236.0,217.0,1.0,620.0,100.0,1
6.0,5090.0,288.0,16.0,7.0,935.0,83.0,0
1.0,689.0,80.0,261.0,4.0,600.0,170.0,1
15.0,497.0,45.0,233.0,3.0,760.0,65.0,1
13.0,705.0,134.0,208.0,5.0,360.0,131.0,0
5.0,1741.0,261.0,111.0,6.0,694.0,109.0,0
6.0,5593.0,16.0,136.0,7.0,1155.0,146.0,0
4.0,507.0,207.0,135.0,5.0,75.0,167.0,0
15.0,1087.0,61.0,33.0,3.0,410.0,80.0,1
15.0,660.0,217.0,261.0,4.0,770.0,100.0,1
5.0,114.0,197.0,16.0,4.0,690.0,158.0,0
15.0,1584.0,45.0,184.0,7.0,1145.0,130.0,1
14.0,1137.0,216.0,198.0,5.0,1195.0,192.0,0
10.0,3970.0,208.0,45.0,1.0,465.0,115.0,0
0.0,3728.0,177.0,66.0,6.0,875.0,80.0,0
8.0,732.0,197.0,184.0,1.0,1013.0,76.0,1
8.0,1034.0,221.0,241.0,7.0,1170.0,162.0,0
5.0,1723.0,35.0,85.0,5.0,864.0,136.0,1
15.0,2927.0,213.0,277.0,4.0,505.0,50.0,1
14.0,1924.0,16.0,60.0,4.0,550.0,91.0,0
12.0,6541.0,29.0,79.0,5.0,798.0,102.0,0
15.0,860.0,264.0,262.0,7.0,1090.0,85.0,1
10.0,2813.0,80.0,230.0,7.0,735.0,145.0,1
1.0,1943.0,253.0,154.0,7.0,1150.0,80.0,1
5.0,2808.0,104.0,71.0,5.0,935.0,158.0,0
16.0,2901.0,209.0,135.0,6.0,1025.0,207.0,0
4.0,1598.0,18.0,135.0,7.0,575.0,53.0,0
10.0,3049.0,243.0,154.0,3.0,420.0,50.0,0
5.0,1124.0,154.0,253.0,6.0,425.0,82.0,0
16.0,2957.0,80.0,135.0,1.0,784.0,67.0,0
0.0,4236.0,60.0,71.0,7.0,1065.0,99.0,1
0.0,3890.0,82.0,85.0,5.0,390.0,112.0,1
1.0,1481.0,204.0,80.0,7.0,835.0,60.0,0
15.0,769.0,45.0,104.0,5.0,705.0,160.0,1
17.0,2648.0,153.0,154.0,7.0,450.0,67.0,0
15.0,595.0,44.0,258.0,7.0,430.0,65.0,1
15.0,1043.0,45.0,22.0,1.0,1060.0,65.0,1
4.0,1076.0,96.0,241.0,4.0,625.0,205.0,0
17.0,2621.0,134.0,60.0,1.0,825.0,91.0,0
0.0,4297.0,85.0,162.0,1.0,935.0,143.0,1
0.0,3849.0,85.0,96.0,6.0,1180.0,115.0,0
15.0,1065.0,153.0,12.0,4.0,995.0,285.0,0
16.0,2862.0,135.0,184.0,7.0,1195.0,153.0,0
15.0,1124.0,236.0,153.0,4.0,545.0,75.0,0
1.0,343.0,159.0,208.0,1.0,1030.0,175.0,1
13.0,32.0,79.0,35.0,6.0,641.0,233.0,1
15.0,2882.0,277.0,182.0,1.0,935.0,175.0,0
12.0,6548.0,139.0,208.0,5.0,1150.0,75.0,0
10.0,2873.0,80.0,188.0,6.0,550.0,65.0,0
7.0,826.0,172.0,79.0,7.0,830.0,105.0,0
5.0,1476.0,213.0,85.0,4.0,942.0,178.0,0
5.0,2429.0,16.0,252.0,6.0,900.0,330.0,0
11.0,6489.0,71.0,80.0,6.0,560.0,158.0,0
15.0,1641.0,2.0,217.0,6.0,560.0,80.0,0
3.0,153.0,148.0,173.0,7.0,1028.0,178.0,0
11.0,6399.0,120.0,16.0,1.0,1007.0,88.0,1
1.0,720.0,80.0,159.0,7.0,665.0,195.0,0
16.0,3057.0,288.0,135.0,6.0,914.0,107.0,0
4.0,292.0,96.0,173.0,4.0,405.0,174.0,0
16.0,2197.0,195.0,96.0,3.0,1098.0,132.0,1
16.0,2146.0,58.0,209.0,5.0,1145.0,90.0,0
15.0,1434.0,268.0,129.0,7.0,980.0,135.0,1
10.0,2733.0,80.0,116.0,4.0,1220.0,90.0,0
5.0,2766.0,197.0,172.0,7.0,610.0,91.0,0
5.0,187.0,148.0,153.0,4.0,1235.0,364.0,0
0.0,4282.0,209.0,85.0,7.0,754.0,121.0,1
6.0,7121.0,134.0,223.0,4.0,1139.0,152.0,0
13.0,982.0,135.0,134.0,7.0,714.0,183.0,0
15.0,922.0,217.0,139.0,4.0,700.0,210.0,0
1.0,2328.0,80.0,208.0,6.0,475.0,140.0,0
12.0,6925.0,217.0,154.0,6.0,345.0,85.0,0
17.0,1023.0,128.0,150.0,4.0,545.0,40.0,0
6.0,5337.0,81.0,16.0,3.0,837.0,61.0,0
15.0,3333.0,18.0,75.0,3.0,1010.0,55.0,0
1.0,1607.0,279.0,80.0,7.0,770.0,70.0,0
16.0,2498.0,2.0,135.0,5.0,880.0,119.0,0
14.0,231.0,34.0,217.0,3.0,420.0,126.0,0
8.0,28.0,16.0,175.0,3.0,1335.0,118.0,1
3.0,456.0,104.0,35.0,7.0,880.0,186.0,1
5.0,2742.0,16.0,96.0,6.0,580.0,145.0,0
5.0,1121.0,45.0,261.0,1.0,440.0,300.0,0
8.0,463.0,45.0,16.0,4.0,1170.0,125.0,0
5.0,1667.0,154.0,197.0,1.0,915.0,212.0,0
12.0,4839.0,2.0,261.0,4.0,660.0,94.0,0
15.0,1615.0,79.0,253.0,3.0,515.0,175.0,1
15.0,195.0,175.0,268.0,4.0,475.0,70.0,0
12.0,4596.0,261.0,232.0,6.0,680.0,97.0,0
15.0,2903.0,198.0,45.0,4.0,1000.0,140.0,0
5.0,1147.0,16.0,213.0,3.0,815.0,109.0,0
1.0,1314.0,198.0,183.0,5.0,1085.0,110.0,1
10.0,2851.0,80.0,54.0,3.0,875.0,140.0,1
5.0,2234.0,16.0,134.0,1.0,820.0,108.0,1
15.0,600.0,154.0,258.0,6.0,630.0,65.0,0
16.0,2931.0,135.0,178.0,5.0,1009.0,74.0,0
17.0,2717.0,100.0,217.0,1.0,570.0,95.0,0
5.0,2126.0,104.0,16.0,1.0,685.0,115.0,0
6.0,5547.0,16.0,288.0,4.0,726.0,73.0,0
2.0,683.0,208.0,214.0,7.0,1020.0,265.0,0
5.0,1761.0,216.0,16.0,1.0,915.0,143.0,0
10.0,4136.0,148.0,139.0,7.0,1020.0,145.0,0
14.0,1419.0,216.0,154.0,6.0,580.0,370.0,0
1.0,1475.0,80.0,153.0,3.0,800.0,190.0,0
17.0,2933.0,2.0,217.0,4.0,370.0,76.0,1
0.0,4246.0,139.0,85.0,1.0,608.0,80.0,1
10.0,3310.0,80.0,56.0,5.0,830.0,120.0,0
1.0,356.0,208.0,159.0,5.0,995.0,130.0,1
14.0,1276.0,216.0,139.0,3.0,1075.0,127.0,1
9.0,515.0,203.0,128.0,3.0,1365.0,33.0,0
1.0,556.0,243.0,208.0,1.0,725.0,250.0,0
5.0,2226.0,104.0,16.0,1.0,610.0,110.0,1
1.0,549.0,104.0,208.0,6.0,450.0,195.0,1
6.0,5357.0,16.0,190.0,4.0,890.0,79.0,1
12.0,6377.0,79.0,67.0,5.0,684.0,60.0,0
1.0,1790.0,268.0,78.0,4.0,1215.0,105.0,0
15.0,1099.0,172.0,268.0,7.0,990.0,55.0,0
1.0,1020.0,80.0,198.0,7.0,710.0,80.0,0
15.0,896.0,277.0,12.0,3.0,1060.0,165.0,1
14.0,817.0,208.0,216.0,1.0,450.0,120.0,1
15.0,925.0,280.0,79.0,7.0,990.0,115.0,1
5.0,2899.0,197.0,217.0,7.0,1040.0,210.0,1
6.0,7138.0,182.0,134.0,4.0,1145.0,110.0,0
1.0,2028.0,268.0,159.0,7.0,480.0,140.0,0
5.0,1257.0,233.0,16.0,6.0,510.0,94.0,0
1.0,1619.0,147.0,80.0,7.0,645.0,175.0,0
7.0,551.0,79.0,243.0,3.0,1088.0,141.0,1
17.0,2905.0,217.0,114.0,3.0,790.0,122.0,0
13.0,434.0,208.0,61.0,6.0,484.0,75.0,0
1.0,860.0,183.0,148.0,3.0,1045.0,185.0,1
11.0,6389.0,172.0,71.0,1.0,925.0,106.0,0
4.0,297.0,135.0,153.0,5.0,650.0,203.0,0
4.0,241.0,135.0,18.0,1.0,780.0,51.0,1
15.0,767.0,162.0,75.0,4.0,720.0,65.0,1
6.0,4952.0,97.0,16.0,6.0,480.0,123.0,0
15.0,1015.0,45.0,228.0,1.0,715.0,70.0,1
5.0,1877.0,208.0,16.0,1.0,996.0,124.0,1
15.0,526.0,44.0,202.0,4.0,955.0,70.0,1
14.0,1464.0,60.0,208.0,4.0,1080.0,124.0,0
15.0,1216.0,33.0,85.0,7.0,1200.0,95.0,1
6.0,5008.0,71.0,96.0,4.0,450.0,118.0,1
13.0,524.0,208.0,35.0,6.0,425.0,133.0,0
0.0,3762.0,16.0,215.0,4.0,915.0,102.0,1
15.0,541.0,258.0,252.0,7.0,1120.0,130.0,1
8.0,227.0,184.0,159.0,5.0,798.0,121.0,0
7.0,449.0,216.0,79.0,4.0,1018.0,252.0,0
3.0,112.0,148.0,43.0,6.0,1370.0,83.0,0
3.0,767.0,173.0,225.0,4.0,1413.0,160.0,1
13.0,382.0,208.0,134.0,5.0,529.0,113.0,0
14.0,683.0,217.0,96.0,6.0,980.0,275.0,0
3.0,23.0,273.0,148.0,6.0,575.0,69.0,0
17.0,2725.0,91.0,217.0,3.0,1110.0,91.0,0
5.0,1843.0,148.0,252.0,4.0,1050.0,380.0,0
12.0,6929.0,79.0,83.0,7.0,1170.0,64.0,0
15.0,2855.0,155.0,75.0,7.0,1050.0,65.0,1
5.0,2105.0,197.0,253.0,4.0,675.0,243.0,0
17.0,2629.0,60.0,58.0,7.0,1065.0,96.0,0
0.0,3708.0,16.0,245.0,3.0,993.0,69.0,1
14.0,1294.0,216.0,60.0,6.0,605.0,121.0,0
12.0,4494.0,28.0,261.0,4.0,1020.0,79.0,0
15.0,317.0,217.0,198.0,1.0,880.0,175.0,1
6.0,5156.0,146.0,16.0,5.0,850.0,85.0,0
10.0,3915.0,279.0,208.0,3.0,675.0,115.0,0
12.0,6661.0,191.0,253.0,1.0,1003.0,33.0,0
15.0,778.0,205.0,153.0,1.0,555.0,190.0,1
10.0,2942.0,80.0,62.0,6.0,1130.0,115.0,1
6.0,5600.0,288.0,16.0,1.0,390.0,90.0,0
13.0,892.0,253.0,35.0,4.0,800.0,340.0,0
5.0,201.0,16.0,173.0,3.0,480.0,86.0,0
14.0,306.0,79.0,60.0,5.0,970.0,182.0,0
9.0,123.0,128.0,161.0,1.0,456.0,36.0,0
1.0,1187.0,209.0,80.0,1.0,1090.0,215.0,0
15.0,3307.0,22.0,175.0,4.0,395.0,160.0,0
5.0,1871.0,34.0,261.0,7.0,390.0,70.0,0
14.0,1466.0,253.0,216.0,3.0,1320.0,303.0,0
12.0,6472.0,195.0,79.0,7.0,465.0,170.0,0
16.0,2406.0,75.0,135.0,6.0,960.0,67.0,0
15.0,2600.0,173.0,209.0,6.0,580.0,110.0,0
5.0,2662.0,154.0,148.0,1.0,480.0,325.0,0
14.0,1733.0,78.0,60.0,1.0,825.0,86.0,0
16.0,2097.0,135.0,65.0,7.0,915.0,139.0,1
6.0,5097.0,48.0,16.0,5.0,960.0,112.0,0
16.0,2559.0,135.0,158.0,1.0,585.0,58.0,0
13.0,483.0,208.0,214.0,7.0,1215.0,275.0,0
15.0,1499.0,268.0,279.0,4.0,635.0,80.0,0
0.0,3999.0,215.0,16.0,5.0,475.0,132.0,1
3.0,338.0,173.0,134.0,7.0,1220.0,120.0,0
2.0,46.0,23.0,14.0,4.0,1240.0,69.0,1
11.0,6637.0,205.0,177.0,4.0,700.0,112.0,0
8.0,1100.0,61.0,241.0,5.0,425.0,162.0,0
9.0,302.0,128.0,143.0,3.0,806.0,52.0,0
0.0,3807.0,85.0,171.0,7.0,735.0,52.0,0
10.0,2828.0,288.0,80.0,1.0,625.0,135.0,0
5.0,1919.0,85.0,154.0,5.0,1055.0,308.0,0
15.0,3421.0,79.0,253.0,4.0,835.0,165.0,1
9.0,120.0,128.0,150.0,6.0,526.0,42.0,0
10.0,3213.0,162.0,80.0,4.0,785.0,80.0,0
5.0,1718.0,16.0,233.0,5.0,675.0,89.0,1
3.0,454.0,104.0,35.0,5.0,720.0,182.0,1
10.0,4012.0,208.0,177.0,1.0,580.0,110.0,1
5.0,1738.0,267.0,16.0,1.0,953.0,98.0,0
4.0,361.0,217.0,135.0,1.0,360.0,150.0,0
15.0,2339.0,268.0,216.0,6.0,925.0,130.0,1
15.0,3664.0,45.0,22.0,4.0,715.0,65.0,1
6.0,5339.0,278.0,16.0,7.0,435.0,77.0,0
3.0,396.0,173.0,159.0,3.0,1155.0,148.0,1
5.0,1168.0,154.0,104.0,4.0,1360.0,285.0,1
12.0,4600.0,261.0,135.0,3.0,840.0,183.0,0
15.0,746.0,175.0,253.0,4.0,1145.0,305.0,1
17.0,7255.0,221.0,134.0,7.0,875.0,63.0,0
13.0,732.0,252.0,208.0,5.0,370.0,242.0,0
16.0,5896.0,208.0,152.0,3.0,785.0,53.0,1
12.0,7019.0,179.0,214.0,1.0,1012.0,62.0,0
0.0,3980.0,177.0,195.0,4.0,1145.0,104.0,0
1.0,386.0,208.0,159.0,6.0,535.0,120.0,1
0.0,3658.0,197.0,107.0,7.0,570.0,70.0,0
15.0,288.0,175.0,172.0,1.0,700.0,90.0,1
5.0,1891.0,16.0,277.0,4.0,529.0,97.0,1
15.0,967.0,198.0,33.0,1.0,575.0,85.0,1
5.0,2085.0,241.0,159.0,5.0,540.0,165.0,0
13.0,240.0,134.0,243.0,7.0,1068.0,346.0,1
13.0,706.0,217.0,79.0,3.0,1077.0,111.0,0
2.0,536.0,252.0,207.0,7.0,1250.0,148.0,1
16.0,2260.0,96.0,71.0,7.0,925.0,129.0,0
6.0,5244.0,16.0,157.0,3.0,650.0,78.0,0
8.0,105.0,16.0,80.0,4.0,814.0,147.0,0
16.0,2267.0,58.0,117.0,5.0,1255.0,82.0,0
6.0,7374.0,85.0,35.0,3.0,1180.0,118.0,1
15.0,1945.0,198.0,27.0,7.0,865.0,60.0,0
1.0,591.0,208.0,172.0,3.0,775.0,90.0,1
10.0,4500.0,290.0,159.0,1.0,1075.0,180.0,1
13.0,229.0,134.0,243.0,4.0,501.0,337.0,0
11.0,6586.0,85.0,17.0,3.0,1045.0,88.0,0
4.0,1649.0,104.0,135.0,6.0,385.0,162.0,0
6.0,5563.0,190.0,16.0,3.0,1025.0,81.0,1
0.0,4270.0,221.0,177.0,1.0,1052.0,137.0,1
10.0,4428.0,35.0,159.0,7.0,850.0,80.0,0
1.0,2064.0,183.0,173.0,6.0,760.0,60.0,0
0.0,4034.0,85.0,175.0,3.0,1045.0,77.0,0
5.0,1069.0,233.0,16.0,6.0,1110.0,93.0,0
15.0,1163.0,153.0,244.0,4.0,620.0,150.0,0
1.0,846.0,269.0,183.0,5.0,535.0,180.0,0
15.0,2238.0,207.0,153.0,6.0,975.0,60.0,1
1.0,1314.0,198.0,183.0,6.0,1085.0,110.0,0
15.0,2882.0,277.0,182.0,5.0,935.0,175.0,0
15.0,619.0,236.0,153.0,4.0,880.0,70.0,1
4.0,3.0,154.0,128.0,1.0,590.0,345.0,1
1.0,440.0,80.0,205.0,7.0,1115.0,105.0,1
1.0,578.0,258.0,80.0,3.0,515.0,210.0,0
10.0,3372.0,41.0,80.0,5.0,360.0,90.0,0
5.0,1090.0,223.0,16.0,7.0,560.0,70.0,0
0.0,4147.0,175.0,85.0,5.0,651.0,79.0,1
3.0,671.0,148.0,154.0,4.0,460.0,366.0,0
10.0,3010.0,246.0,154.0,5.0,1075.0,45.0,0
4.0,158.0,135.0,78.0,7.0,910.0,169.0,0
15.0,1264.0,175.0,35.0,5.0,1180.0,135.0,1
16.0,2548.0,135.0,71.0,6.0,1182.0,133.0,0
15.0,2005.0,153.0,61.0,1.0,615.0,230.0,0
12.0,4543.0,34.0,261.0,4.0,1050.0,73.0,0
15.0,1491.0,236.0,214.0,3.0,1085.0,90.0,1
3.0,1150.0,173.0,229.0,4.0,770.0,168.0,0
14.0,1983.0,35.0,60.0,4.0,300.0,135.0,0
5.0,1563.0,78.0,197.0,7.0,1122.0,176.0,0
16.0,2647.0,172.0,135.0,5.0,360.0,124.0,1
5.0,2355.0,16.0,154.0,3.0,1215.0,309.0,1
10.0,4322.0,195.0,208.0,5.0,1145.0,65.0,0
2.0,340.0,252.0,202.0,5.0,370.0,122.0,0
1.0,1510.0,183.0,148.0,4.0,695.0,170.0,0
16.0,3054.0,85.0,96.0,1.0,927.0,117.0,1
16.0,2976.0,135.0,172.0,4.0,1275.0,113.0,0
15.0,2124.0,2.0,129.0,6.0,510.0,120.0,0
12.0,6524.0,107.0,208.0,6.0,364.0,95.0,0
15.0,3949.0,61.0,175.0,4.0,860.0,70.0,1
1.0,2527.0,80.0,261.0,1.0,895.0,170.0,1
5.0,1919.0,85.0,154.0,4.0,1060.0,308.0,1
15.0,1122.0,85.0,79.0,1.0,400.0,200.0,1
15.0,1170.0,175.0,197.0,7.0,900.0,85.0,1
15.0,2978.0,134.0,175.0,4.0,545.0,125.0,0
4.0,597.0,135.0,153.0,4.0,1275.0,203.0,0
4.0,226.0,135.0,45.0,5.0,610.0,170.0,0
5.0,1493.0,96.0,85.0,7.0,562.0,121.0,0
4.0,1707.0,277.0,135.0,3.0,910.0,141.0,1
14.0,1225.0,45.0,60.0,3.0,1040.0,87.0,1
4.0,1702.0,96.0,253.0,5.0,660.0,379.0,0
15.0,370.0,216.0,35.0,4.0,1205.0,85.0,1
13.0,829.0,279.0,79.0,1.0,1002.0,116.0,0
12.0,6377.0,79.0,67.0,3.0,684.0,60.0,0
12.0,6336.0,236.0,253.0,7.0,652.0,68.0,1
14.0,651.0,253.0,216.0,7.0,825.0,312.0,1
14.0,1427.0,85.0,60.0,7.0,800.0,108.0,0
15.0,2442.0,18.0,154.0,5.0,480.0,205.0,0
5.0,1879.0,159.0,104.0,5.0,415.0,193.0,0
1.0,1407.0,216.0,80.0,1.0,1080.0,240.0,0
5.0,1875.0,197.0,80.0,1.0,1020.0,156.0,0
8.0,738.0,197.0,184.0,3.0,360.0,70.0,0
1.0,642.0,80.0,61.0,4.0,1190.0,135.0,0
11.0,6384.0,71.0,159.0,7.0,670.0,119.0,0
12.0,6239.0,117.0,208.0,4.0,1100.0,60.0,1
14.0,1278.0,173.0,78.0,1.0,1100.0,124.0,1
15.0,421.0,173.0,129.0,6.0,475.0,160.0,0
15.0,29.0,268.0,75.0,5.0,685.0,105.0,1
1.0,1627.0,80.0,172.0,4.0,565.0,90.0,0
15.0,408.0,268.0,173.0,4.0,945.0,140.0,1
10.0,3082.0,243.0,154.0,6.0,1020.0,45.0,0
13.0,83.0,154.0,128.0,4.0,851.0,359.0,0
6.0,5453.0,146.0,16.0,4.0,1105.0,90.0,1
15.0,2672.0,173.0,268.0,7.0,475.0,155.0,0
0.0,4208.0,85.0,229.0,7.0,1065.0,117.0,1
17.0,2746.0,217.0,248.0,3.0,878.0,99.0,0
5.0,2218.0,197.0,85.0,7.0,690.0,110.0,0
5.0,749.0,145.0,261.0,6.0,420.0,57.0,0
8.0,723.0,45.0,198.0,5.0,881.0,176.0,0
14.0,1768.0,80.0,60.0,3.0,730.0,144.0,1
8.0,1629.0,216.0,173.0,3.0,778.0,155.0,1
15.0,1345.0,75.0,2.0,4.0,665.0,110.0,1
12.0,7029.0,261.0,253.0,3.0,671.0,143.0,0
15.0,1472.0,79.0,154.0,5.0,380.0,155.0,0
10.0,3319.0,80.0,113.0,6.0,600.0,45.0,0
15.0,609.0,217.0,154.0,5.0,490.0,85.0,0
5.0,1077.0,96.0,197.0,5.0,480.0,196.0,0
5.0,2931.0,159.0,85.0,5.0,365.0,118.0,0
6.0,5279.0,85.0,146.0,1.0,834.0,136.0,1
5.0,1108.0,197.0,60.0,1.0,420.0,156.0,1
17.0,7265.0,172.0,134.0,6.0,742.0,141.0,1
15.0,2952.0,44.0,202.0,6.0,900.0,70.0,0
13.0,145.0,253.0,154.0,6.0,553.0,94.0,0
17.0,2849.0,217.0,292.0,3.0,1360.0,66.0,0
15.0,527.0,277.0,139.0,5.0,730.0,140.0,0
10.0,3960.0,208.0,238.0,5.0,1285.0,100.0,0
5.0,2303.0,85.0,104.0,1.0,520.0,180.0,1
2.0,18.0,252.0,173.0,4.0,525.0,322.0,0
12.0,6532.0,79.0,44.0,7.0,687.0,153.0,1
12.0,6268.0,280.0,253.0,1.0,702.0,138.0,0
14.0,79.0,217.0,252.0,5.0,510.0,183.0,1
15.0,2882.0,244.0,129.0,7.0,500.0,50.0,0
3.0,1330.0,45.0,35.0,5.0,1195.0,78.0,0
12.0,6546.0,214.0,179.0,4.0,433.0,61.0,0
14.0,647.0,85.0,217.0,4.0,460.0,277.0,1
14.0,1095.0,233.0,216.0,5.0,940.0,98.0,1
10.0,4579.0,159.0,60.0,7.0,945.0,125.0,0
13.0,906.0,253.0,208.0,1.0,655.0,256.0,0
10.0,3644.0,177.0,183.0,1.0,810.0,145.0,0
17.0,2723.0,24.0,217.0,3.0,950.0,89.0,0
16.0,3060.0,135.0,139.0,6.0,815.0,125.0,0
6.0,5407.0,16.0,11.0,4.0,1374.0,51.0,0
1.0,1826.0,80.0,136.0,4.0,1225.0,70.0,0
8.0,1032.0,221.0,241.0,6.0,462.0,163.0,0
0.0,4147.0,85.0,43.0,6.0,825.0,75.0,1
16.0,2240.0,135.0,233.0,4.0,435.0,148.0,1
1.0,2412.0,154.0,80.0,6.0,410.0,185.0,0
10.0,2836.0,162.0,80.0,3.0,1205.0,75.0,0
6.0,5258.0,80.0,85.0,3.0,450.0,157.0,0
8.0,562.0,16.0,32.0,1.0,610.0,107.0,0
16.0,2153.0,96.0,33.0,5.0,600.0,157.0,0
5.0,1286.0,16.0,245.0,1.0,1053.0,64.0,1
16.0,2338.0,96.0,234.0,3.0,1290.0,79.0,1
9.0,266.0,128.0,203.0,5.0,1045.0,37.0,0
2.0,5.0,78.0,154.0,1.0,550.0,354.0,0
11.0,6442.0,85.0,234.0,6.0,1180.0,104.0,0
15.0,922.0,264.0,217.0,1.0,540.0,75.0,1
8.0,525.0,45.0,277.0,1.0,937.0,148.0,0
9.0,239.0,128.0,161.0,5.0,995.0,37.0,0
12.0,6573.0,79.0,126.0,6.0,695.0,52.0,0
15.0,1687.0,261.0,217.0,7.0,595.0,100.0,0
14.0,1732.0,60.0,78.0,4.0,450.0,73.0,0
15.0,674.0,173.0,182.0,4.0,810.0,170.0,1
11.0,6435.0,78.0,71.0,1.0,650.0,101.0,0
5.0,428.0,260.0,16.0,7.0,985.0,236.0,0
12.0,4526.0,79.0,261.0,3.0,1040.0,90.0,0
6.0,7323.0,16.0,245.0,5.0,590.0,68.0,0
3.0,1695.0,35.0,173.0,3.0,360.0,192.0,0
12.0,6267.0,253.0,100.0,6.0,1069.0,57.0,1
4.0,1812.0,135.0,205.0,6.0,1111.0,124.0,1
5.0,2602.0,198.0,16.0,4.0,900.0,92.0,0
17.0,7296.0,134.0,22.0,4.0,750.0,74.0,0
10.0,2845.0,71.0,80.0,3.0,1100.0,165.0,1
1.0,1262.0,264.0,208.0,1.0,1035.0,225.0,0
10.0,4136.0,139.0,208.0,7.0,1210.0,80.0,0
12.0,4602.0,261.0,102.0,7.0,870.0,102.0,0
12.0,6658.0,253.0,214.0,4.0,1355.0,100.0,0
10.0,4504.0,159.0,35.0,4.0,750.0,65.0,0
14.0,594.0,217.0,172.0,6.0,975.0,150.0,0
12.0,6747.0,262.0,253.0,7.0,640.0,48.0,0
15.0,729.0,236.0,202.0,7.0,545.0,55.0,0
0.0,3893.0,109.0,16.0,3.0,360.0,115.0,0
12.0,4637.0,153.0,154.0,7.0,976.0,73.0,1
5.0,2783.0,22.0,16.0,4.0,632.0,156.0,1
11.0,6391.0,45.0,177.0,3.0,1030.0,160.0,1
2.0,366.0,252.0,262.0,1.0,405.0,106.0,0
14.0,938.0,60.0,159.0,5.0,695.0,111.0,0
1.0,1940.0,208.0,183.0,3.0,1180.0,180.0,0
12.0,7802.0,261.0,282.0,5.0,660.0,61.0,0
12.0,6310.0,2.0,154.0,5.0,1135.0,125.0,0
5.0,1586.0,16.0,159.0,4.0,460.0,134.0,0
6.0,5333.0,177.0,180.0,7.0,1190.0,68.0,0
10.0,2868.0,187.0,80.0,5.0,1015.0,135.0,1
5.0,2722.0,217.0,85.0,4.0,30.0,228.0,0
15.0,3042.0,33.0,216.0,6.0,680.0,115.0,0
17.0,2675.0,153.0,154.0,1.0,885.0,68.0,0
10.0,4495.0,35.0,159.0,1.0,475.0,80.0,0
13.0,949.0,208.0,214.0,3.0,1020.0,277.0,0
14.0,734.0,60.0,216.0,6.0,1075.0,98.0,0
15.0,270.0,129.0,131.0,7.0,1005.0,60.0,0
14.0,733.0,60.0,173.0,5.0,1095.0,100.0,0
3.0,474.0,154.0,35.0,1.0,781.0,316.0,0
1.0,1533.0,16.0,80.0,6.0,415.0,150.0,0
10.0,3289.0,80.0,223.0,4.0,490.0,105.0,0
12.0,4887.0,197.0,208.0,7.0,875.0,90.0,0
6.0,5014.0,16.0,130.0,3.0,590.0,149.0,0
10.0,3068.0,243.0,154.0,6.0,945.0,45.0,0
8.0,601.0,45.0,241.0,6.0,505.0,161.0,0
11.0,6359.0,71.0,134.0,3.0,555.0,92.0,0
1.0,3.0,148.0,154.0,5.0,715.0,375.0,0
12.0,6765.0,79.0,46.0,7.0,689.0,113.0,1
9.0,370.0,203.0,150.0,1.0,819.0,32.0,0
5.0,2260.0,183.0,16.0,6.0,465.0,129.0,0
15.0,48.0,75.0,162.0,7.0,1160.0,60.0,0
4.0,1834.0,96.0,252.0,4.0,725.0,369.0,1
10.0,2731.0,71.0,80.0,4.0,360.0,165.0,1
1.0,2346.0,80.0,208.0,5.0,755.0,135.0,1
12.0,6362.0,154.0,246.0,7.0,1203.0,39.0,1
1.0,1275.0,251.0,80.0,6.0,950.0,145.0,0
10.0,2704.0,80.0,195.0,1.0,700.0,130.0,0
5.0,2171.0,85.0,184.0,5.0,1190.0,76.0,0
14.0,462.0,217.0,139.0,6.0,795.0,199.0,1
14.0,1093.0,216.0,208.0,1.0,830.0,139.0,0
13.0,562.0,253.0,214.0,6.0,642.0,114.0,0
14.0,1687.0,154.0,60.0,3.0,695.0,268.0,1
6.0,7343.0,16.0,136.0,7.0,660.0,145.0,0
10.0,3279.0,80.0,118.0,6.0,835.0,50.0,0
15.0,1167.0,214.0,79.0,7.0,780.0,145.0,1
5.0,2166.0,184.0,16.0,6.0,410.0,134.0,0
10.0,2991.0,80.0,73.0,4.0,640.0,140.0,0
15.0,591.0,134.0,79.0,1.0,965.0,240.0,1
5.0,2267.0,22.0,16.0,1.0,1087.0,166.0,1
5.0,2700.0,197.0,45.0,7.0,810.0,150.0,1
5.0,159.0,159.0,85.0,7.0,540.0,124.0,0
1.0,2585.0,35.0,183.0,1.0,495.0,220.0,0
10.0,3313.0,195.0,80.0,3.0,860.0,155.0,0
2.0,869.0,262.0,203.0,4.0,505.0,335.0,0
15.0,370.0,79.0,216.0,1.0,840.0,220.0,1
3.0,553.0,96.0,241.0,5.0,489.0,195.0,0
10.0,4502.0,159.0,35.0,7.0,450.0,65.0,0
2.0,55.0,39.0,14.0,4.0,671.0,111.0,0
14.0,1525.0,60.0,79.0,5.0,564.0,223.0,1
13.0,484.0,243.0,79.0,5.0,378.0,149.0,0
1.0,2004.0,154.0,208.0,7.0,510.0,250.0,0
12.0,6851.0,177.0,208.0,6.0,864.0,112.0,1
0.0,3778.0,66.0,177.0,4.0,390.0,82.0,0
1.0,836.0,80.0,78.0,3.0,510.0,160.0,0
14.0,1989.0,60.0,241.0,5.0,565.0,118.0,0
10.0,2752.0,80.0,109.0,3.0,640.0,130.0,0
0.0,4196.0,285.0,16.0,5.0,340.0,57.0,0
1.0,1800.0,217.0,80.0,6.0,740.0,135.0,0
10.0,4231.0,60.0,208.0,1.0,1080.0,145.0,1
16.0,2576.0,135.0,27.0,4.0,660.0,98.0,0
13.0,46.0,203.0,154.0,6.0,1289.0,321.0,0
5.0,1083.0,233.0,16.0,6.0,810.0,93.0,0
15.0,3504.0,198.0,75.0,1.0,570.0,90.0,1
16.0,2443.0,96.0,234.0,3.0,780.0,82.0,1
15.0,257.0,18.0,155.0,7.0,1125.0,70.0,1
6.0,5486.0,54.0,16.0,1.0,761.0,82.0,1
12.0,4618.0,79.0,261.0,5.0,955.0,89.0,1
14.0,31.0,203.0,217.0,3.0,1410.0,344.0,0
16.0,2929.0,279.0,135.0,7.0,730.0,91.0,0
13.0,753.0,79.0,159.0,4.0,1072.0,217.0,1
14.0,1749.0,208.0,216.0,6.0,580.0,115.0,0
5.0,2817.0,177.0,154.0,5.0,560.0,260.0,0
7.0,572.0,261.0,79.0,3.0,470.0,82.0,1
15.0,2678.0,155.0,18.0,7.0,670.0,70.0,0
1.0,513.0,277.0,260.0,1.0,435.0,165.0,0
0.0,4082.0,85.0,209.0,1.0,840.0,110.0,1
10.0,3226.0,68.0,80.0,6.0,1200.0,80.0,1
12.0,6829.0,253.0,232.0,4.0,563.0,95.0,0
16.0,2782.0,135.0,285.0,5.0,1180.0,118.0,1
4.0,420.0,264.0,135.0,5.0,777.0,188.0,0
15.0,3338.0,258.0,252.0,3.0,420.0,130.0,1
15.0,3507.0,154.0,280.0,4.0,710.0,80.0,1
3.0,1309.0,148.0,134.0,4.0,1050.0,82.0,0
14.0,2029.0,35.0,78.0,5.0,600.0,91.0,0
1.0,1657.0,148.0,183.0,3.0,965.0,210.0,1
16.0,2802.0,58.0,233.0,5.0,490.0,87.0,0
3.0,1211.0,35.0,43.0,6.0,520.0,93.0,1
1.0,806.0,79.0,80.0,3.0,720.0,115.0,0
8.0,476.0,16.0,45.0,7.0,918.0,105.0,1
6.0,7368.0,190.0,177.0,1.0,680.0,82.0,0
15.0,1325.0,173.0,146.0,3.0,655.0,120.0,1
16.0,2887.0,96.0,45.0,5.0,482.0,76.0,0
10.0,3050.0,100.0,154.0,3.0,1150.0,65.0,0
14.0,2116.0,159.0,35.0,1.0,420.0,65.0,0
10.0,4308.0,208.0,33.0,7.0,1330.0,85.0,1
1.0,1132.0,262.0,80.0,6.0,500.0,200.0,0
11.0,6495.0,148.0,135.0,3.0,1230.0,252.0,0
15.0,1285.0,141.0,173.0,1.0,1065.0,170.0,1
5.0,1868.0,154.0,197.0,3.0,470.0,221.0,0
5.0,1194.0,85.0,60.0,3.0,1035.0,113.0,0
1.0,563.0,290.0,80.0,4.0,930.0,75.0,0
5.0,1534.0,16.0,234.0,4.0,905.0,95.0,0
4.0,1615.0,178.0,135.0,4.0,656.0,69.0,0
10.0,4490.0,35.0,159.0,7.0,1145.0,85.0,1
12.0,6225.0,84.0,79.0,3.0,1143.0,114.0,1
16.0,2432.0,135.0,213.0,6.0,445.0,139.0,0
5.0,2277.0,177.0,80.0,7.0,1165.0,103.0,0
16.0,2079.0,135.0,170.0,4.0,540.0,86.0,0
17.0,7283.0,244.0,208.0,3.0,466.0,160.0,0
15.0,302.0,146.0,129.0,7.0,410.0,85.0,0
5.0,2135.0,221.0,16.0,1.0,465.0,133.0,0
0.0,4117.0,238.0,16.0,4.0,390.0,145.0,1
10.0,4117.0,278.0,208.0,4.0,370.0,110.0,0
5.0,1838.0,16.0,78.0,3.0,1040.0,106.0,1
4.0,52.0,135.0,154.0,4.0,465.0,221.0,1
5.0,1516.0,79.0,16.0,3.0,375.0,170.0,0
15.0,739.0,43.0,277.0,7.0,855.0,175.0,1
1.0,1143.0,277.0,80.0,6.0,360.0,170.0,0
17.0,2604.0,60.0,120.0,6.0,590.0,56.0,0
4.0,310.0,135.0,96.0,4.0,1140.0,207.0,1
12.0,6935.0,6.0,51.0,5.0,496.0,27.0,0
5.0,1595.0,261.0,243.0,5.0,996.0,113.0,0
15.0,1402.0,277.0,141.0,3.0,550.0,155.0,1
10.0,4196.0,208.0,45.0,3.0,1160.0,120.0,1
15.0,2422.0,264.0,253.0,6.0,480.0,85.0,0
6.0,5286.0,78.0,195.0,5.0,635.0,140.0,1
5.0,2603.0,85.0,104.0,6.0,1195.0,184.0,0
5.0,2653.0,159.0,277.0,5.0,695.0,181.0,0
14.0,945.0,238.0,60.0,7.0,505.0,129.0,1
15.0,1134.0,45.0,139.0,3.0,540.0,105.0,1
5.0,1726.0,104.0,16.0,5.0,970.0,120.0,0
5.0,2547.0,159.0,16.0,5.0,1020.0,164.0,0
5.0,1224.0,262.0,261.0,4.0,780.0,95.0,0
1.0,620.0,91.0,80.0,7.0,640.0,105.0,0
0.0,3868.0,85.0,281.0,7.0,930.0,68.0,1
9.0,336.0,128.0,203.0,4.0,805.0,39.0,0
5.0,2957.0,85.0,184.0,7.0,1045.0,71.0,1
15.0,1048.0,43.0,45.0,3.0,510.0,75.0,1
15.0,288.0,45.0,43.0,3.0,530.0,65.0,1
15.0,3309.0,44.0,262.0,3.0,425.0,75.0,0
15.0,1175.0,202.0,236.0,4.0,545.0,50.0,1
17.0,2689.0,60.0,251.0,1.0,1074.0,93.0,0
15.0,294.0,205.0,175.0,1.0,695.0,80.0,0
14.0,2123.0,35.0,159.0,5.0,600.0,79.0,0
1.0,607.0,35.0,208.0,7.0,1035.0,185.0,0
13.0,243.0,197.0,79.0,5.0,373.0,139.0,0
1.0,1605.0,208.0,243.0,3.0,1000.0,270.0,1
5.0,1665.0,197.0,172.0,3.0,900.0,92.0,0
15.0,842.0,79.0,197.0,5.0,780.0,120.0,1
5.0,2223.0,261.0,154.0,7.0,522.0,116.0,1
5.0,325.0,139.0,85.0,6.0,475.0,81.0,1
11.0,6384.0,71.0,159.0,3.0,670.0,119.0,0
16.0,5977.0,134.0,71.0,7.0,1045.0,100.0,0
14.0,2185.0,159.0,78.0,3.0,1080.0,78.0,0
12.0,6472.0,154.0,2.0,1.0,455.0,109.0,0
4.0,558.0,135.0,78.0,5.0,975.0,169.0,0
5.0,2206.0,16.0,60.0,4.0,1230.0,77.0,0
5.0,1507.0,16.0,261.0,3.0,730.0,252.0,1
1.0,1264.0,79.0,80.0,4.0,440.0,125.0,0
15.0,1361.0,153.0,154.0,7.0,885.0,65.0,1
4.0,4.0,198.0,135.0,7.0,925.0,76.0,1
6.0,5310.0,11.0,16.0,7.0,813.0,67.0,0
1.0,1546.0,264.0,80.0,1.0,1015.0,165.0,0
3.0,245.0,202.0,160.0,5.0,540.0,78.0,0
11.0,6527.0,148.0,238.0,5.0,525.0,102.0,0
5.0,2782.0,198.0,177.0,3.0,370.0,83.0,1
1.0,1788.0,80.0,233.0,1.0,665.0,145.0,0
15.0,425.0,173.0,216.0,4.0,1015.0,150.0,1
10.0,4348.0,290.0,208.0,1.0,675.0,105.0,1
5.0,427.0,16.0,260.0,4.0,1049.0,214.0,0
15.0,3079.0,268.0,175.0,4.0,1025.0,60.0,1
13.0,76.0,128.0,253.0,4.0,1329.0,299.0,0
10.0,4312.0,109.0,208.0,7.0,425.0,60.0,0
4.0,659.0,78.0,135.0,5.0,480.0,208.0,1
15.0,973.0,33.0,45.0,7.0,870.0,100.0,1
16.0,5947.0,76.0,208.0,5.0,771.0,74.0,0
7.0,708.0,79.0,241.0,4.0,700.0,217.0,0
15.0,1635.0,61.0,175.0,6.0,950.0,70.0,0
10.0,3057.0,100.0,154.0,6.0,635.0,65.0,0
14.0,1015.0,135.0,60.0,5.0,615.0,142.0,1
10.0,2805.0,239.0,80.0,4.0,635.0,85.0,0
0.0,4315.0,197.0,117.0,3.0,925.0,66.0,0
1.0,1634.0,244.0,208.0,5.0,885.0,160.0,0
6.0,5342.0,94.0,16.0,3.0,950.0,85.0,0
0.0,3699.0,60.0,16.0,6.0,790.0,100.0,0
2.0,12.0,252.0,35.0,3.0,530.0,316.0,1
8.0,1017.0,173.0,35.0,5.0,485.0,169.0,0
3.0,505.0,96.0,104.0,3.0,795.0,176.0,1
4.0,397.0,135.0,153.0,3.0,1065.0,205.0,1
8.0,762.0,16.0,213.0,1.0,760.0,106.0,0
14.0,632.0,217.0,221.0,5.0,605.0,243.0,0
0.0,4361.0,177.0,244.0,3.0,824.0,126.0,1
13.0,444.0,253.0,214.0,6.0,792.0,108.0,0
8.0,1185.0,277.0,119.0,4.0,740.0,160.0,0
4.0,1448.0,135.0,104.0,6.0,658.0,142.0,1
12.0,6230.0,214.0,93.0,7.0,670.0,36.0,0
10.0,4100.0,285.0,208.0,5.0,420.0,110.0,0
8.0,319.0,60.0,16.0,7.0,1073.0,76.0,0
12.0,4728.0,261.0,179.0,5.0,674.0,105.0,0
15.0,2038.0,91.0,75.0,3.0,405.0,95.0,0
15.0,1314.0,217.0,173.0,6.0,830.0,245.0,1
15.0,1021.0,198.0,129.0,1.0,640.0,75.0,1
12.0,6649.0,235.0,79.0,3.0,935.0,70.0,0
10.0,3876.0,290.0,208.0,1.0,430.0,105.0,1
15.0,1585.0,175.0,61.0,7.0,390.0,70.0,0
1.0,455.0,208.0,154.0,1.0,905.0,265.0,0
10.0,2985.0,11.0,80.0,5.0,380.0,175.0,0
0.0,3781.0,16.0,136.0,7.0,522.0,160.0,0
10.0,3618.0,275.0,183.0,7.0,1100.0,80.0,0
15.0,1174.0,45.0,58.0,4.0,1195.0,75.0,1
6.0,5086.0,16.0,27.0,5.0,930.0,55.0,0
4.0,628.0,96.0,79.0,6.0,530.0,272.0,1
6.0,5577.0,94.0,16.0,5.0,658.0,86.0,0
15.0,3414.0,264.0,217.0,7.0,1165.0,70.0,0
5.0,2466.0,213.0,85.0,4.0,827.0,178.0,0
15.0,180.0,253.0,154.0,7.0,1250.0,75.0,1
8.0,1593.0,116.0,16.0,7.0,1077.0,76.0,0
15.0,610.0,236.0,243.0,5.0,1175.0,85.0,1
15.0,1775.0,216.0,228.0,3.0,965.0,70.0,1
7.0,569.0,79.0,243.0,5.0,425.0,142.0,0
15.0,3773.0,153.0,217.0,5.0,470.0,70.0,1
10.0,4428.0,35.0,159.0,5.0,850.0,80.0,0
4.0,1422.0,198.0,135.0,3.0,647.0,73.0,1
15.0,1600.0,45.0,27.0,3.0,1220.0,130.0,1
15.0,1922.0,175.0,172.0,6.0,700.0,90.0,1
5.0,1295.0,221.0,16.0,3.0,733.0,112.0,0
6.0,5266.0,16.0,180.0,5.0,770.0,54.0,0
5.0,2612.0,197.0,214.0,4.0,1040.0,225.0,1
5.0,1702.0,153.0,16.0,7.0,415.0,225.0,0
15.0,1221.0,228.0,216.0,3.0,915.0,95.0,1
5.0,1224.0,262.0,261.0,1.0,780.0,95.0,0
16.0,2916.0,135.0,205.0,7.0,545.0,124.0,0
0.0,4139.0,197.0,117.0,5.0,1185.0,78.0,1
12.0,6707.0,79.0,15.0,4.0,1165.0,47.0,0
8.0,14.0,260.0,173.0,5.0,964.0,195.0,1
0.0,4009.0,142.0,85.0,1.0,741.0,96.0,0
1.0,677.0,80.0,214.0,7.0,1020.0,255.0,1
14.0,1624.0,60.0,208.0,3.0,1215.0,124.0,0
3.0,667.0,43.0,173.0,4.0,553.0,167.0,1
9.0,2.0,128.0,154.0,5.0,905.0,325.0,1
5.0,1482.0,261.0,264.0,3.0,905.0,109.0,1
10.0,4231.0,60.0,208.0,4.0,1080.0,145.0,0
17.0,2942.0,71.0,60.0,4.0,729.0,86.0,0
11.0,6702.0,139.0,177.0,3.0,735.0,94.0,0
14.0,2145.0,35.0,159.0,1.0,450.0,74.0,0
12.0,6350.0,253.0,207.0,3.0,724.0,79.0,1
16.0,2935.0,10.0,135.0,7.0,1025.0,58.0,0
15.0,429.0,154.0,79.0,3.0,765.0,135.0,1
12.0,6445.0,154.0,280.0,6.0,1280.0,80.0,1
10.0,4182.0,208.0,0.0,7.0,540.0,115.0,0
0.0,4167.0,16.0,177.0,3.0,645.0,91.0,1
8.0,1181.0,173.0,43.0,4.0,809.0,155.0,0
5.0,2547.0,159.0,16.0,4.0,1020.0,164.0,0
0.0,3920.0,16.0,247.0,3.0,570.0,119.0,0
8.0,778.0,153.0,16.0,3.0,810.0,230.0,0
3.0,251.0,202.0,160.0,6.0,969.0,76.0,0
5.0,519.0,230.0,197.0,5.0,405.0,100.0,0
15.0,1334.0,175.0,262.0,3.0,530.0,285.0,1
16.0,2356.0,27.0,135.0,5.0,900.0,112.0,0
1.0,444.0,244.0,208.0,3.0,435.0,165.0,0
4.0,106.0,135.0,96.0,7.0,645.0,202.0,0
15.0,1162.0,18.0,129.0,7.0,610.0,50.0,0
3.0,922.0,208.0,35.0,4.0,1150.0,132.0,0
15.0,3321.0,264.0,202.0,7.0,760.0,85.0,1
16.0,2597.0,135.0,245.0,4.0,1180.0,126.0,0
10.0,4076.0,99.0,208.0,7.0,370.0,130.0,0
5.0,2543.0,96.0,16.0,6.0,820.0,150.0,0
15.0,1117.0,279.0,129.0,3.0,465.0,95.0,1
12.0,6389.0,253.0,236.0,4.0,787.0,54.0,0
14.0,472.0,217.0,44.0,3.0,665.0,90.0,0
14.0,605.0,153.0,217.0,7.0,1080.0,70.0,0
12.0,7021.0,154.0,214.0,5.0,1280.0,141.0,0
8.0,671.0,184.0,173.0,5.0,525.0,168.0,0
1.0,1772.0,183.0,148.0,1.0,845.0,170.0,0
0.0,4147.0,175.0,85.0,4.0,651.0,79.0,1
15.0,1628.0,75.0,129.0,1.0,375.0,60.0,1
13.0,639.0,208.0,205.0,7.0,1234.0,95.0,1
0.0,3970.0,177.0,61.0,1.0,540.0,106.0,0
5.0,2678.0,173.0,78.0,3.0,1195.0,128.0,0
1.0,1034.0,80.0,135.0,1.0,880.0,65.0,1
16.0,2716.0,47.0,135.0,3.0,1050.0,156.0,0
1.0,2583.0,80.0,79.0,7.0,930.0,125.0,0
2.0,884.0,150.0,214.0,5.0,565.0,335.0,0
8.0,377.0,184.0,277.0,5.0,854.0,162.0,0
1.0,1374.0,208.0,183.0,4.0,850.0,185.0,0
16.0,3028.0,209.0,96.0,7.0,1005.0,89.0,1
1.0,492.0,44.0,80.0,1.0,695.0,180.0,0
8.0,659.0,16.0,244.0,4.0,890.0,160.0,1
1.0,1201.0,264.0,208.0,1.0,495.0,235.0,0
10.0,4052.0,62.0,208.0,4.0,795.0,65.0,1
0.0,4328.0,197.0,139.0,5.0,420.0,103.0,0
1.0,247.0,154.0,150.0,3.0,1050.0,345.0,0
4.0,394.0,154.0,135.0,4.0,705.0,191.0,1
5.0,1014.0,16.0,22.0,5.0,1293.0,146.0,0
13.0,569.0,277.0,208.0,6.0,693.0,172.0,0
5.0,1107.0,261.0,236.0,7.0,1310.0,95.0,1
10.0,4139.0,208.0,234.0,7.0,650.0,115.0,1
4.0,421.0,135.0,258.0,3.0,1050.0,255.0,1
12.0,7028.0,79.0,244.0,6.0,622.0,128.0,0
2.0,634.0,214.0,217.0,1.0,400.0,158.0,1
12.0,4487.0,135.0,261.0,7.0,405.0,199.0,0
15.0,166.0,2.0,217.0,7.0,615.0,75.0,1
12.0,6867.0,46.0,79.0,5.0,445.0,107.0,0
5.0,1534.0,244.0,16.0,4.0,648.0,142.0,0
1.0,1642.0,268.0,78.0,7.0,740.0,110.0,0
6.0,7305.0,132.0,177.0,6.0,385.0,67.0,0
13.0,307.0,45.0,154.0,1.0,1009.0,354.0,0
13.0,212.0,79.0,135.0,7.0,1040.0,143.0,0
5.0,2938.0,16.0,78.0,3.0,385.0,94.0,0
1.0,1972.0,208.0,233.0,5.0,1040.0,115.0,0
15.0,2893.0,172.0,268.0,6.0,670.0,55.0,1
13.0,966.0,154.0,134.0,4.0,370.0,292.0,0
12.0,4815.0,252.0,261.0,1.0,690.0,117.0,1
13.0,628.0,208.0,78.0,7.0,1260.0,102.0,0
9.0,144.0,161.0,128.0,5.0,715.0,32.0,0
0.0,3742.0,209.0,148.0,3.0,820.0,105.0,0
15.0,510.0,214.0,217.0,7.0,415.0,155.0,1
10.0,2847.0,54.0,80.0,3.0,740.0,190.0,0
15.0,172.0,154.0,217.0,7.0,505.0,75.0,0
5.0,1430.0,184.0,85.0,6.0,840.0,82.0,0
10.0,3718.0,16.0,208.0,5.0,1065.0,130.0,0
15.0,119.0,216.0,228.0,4.0,670.0,70.0,0
16.0,2056.0,135.0,172.0,3.0,490.0,113.0,1
16.0,2182.0,65.0,135.0,3.0,845.0,129.0,0
6.0,7138.0,182.0,134.0,6.0,1147.0,110.0,0
13.0,756.0,79.0,135.0,4.0,650.0,150.0,0
15.0,1018.0,154.0,202.0,7.0,1005.0,75.0,1
5.0,2812.0,16.0,208.0,6.0,630.0,132.0,1
1.0,1303.0,277.0,80.0,3.0,500.0,170.0,0
15.0,2291.0,243.0,33.0,7.0,695.0,225.0,1
14.0,678.0,217.0,34.0,7.0,1270.0,130.0,0
15.0,1752.0,75.0,18.0,7.0,1010.0,55.0,1
8.0,133.0,16.0,277.0,5.0,525.0,89.0,0
6.0,5589.0,278.0,16.0,3.0,1094.0,80.0,1
14.0,1250.0,173.0,216.0,4.0,725.0,143.0,0
12.0,6611.0,217.0,79.0,4.0,837.0,102.0,0
12.0,7011.0,154.0,214.0,1.0,506.0,141.0,0
5.0,1130.0,177.0,16.0,7.0,945.0,85.0,1
11.0,6576.0,157.0,85.0,1.0,912.0,80.0,1
16.0,2878.0,58.0,208.0,4.0,450.0,85.0,1
7.0,799.0,76.0,79.0,1.0,970.0,184.0,0
16.0,2647.0,172.0,135.0,7.0,360.0,122.0,0
12.0,7051.0,6.0,253.0,5.0,1110.0,78.0,0
6.0,5055.0,16.0,53.0,4.0,1233.0,91.0,0
7.0,511.0,79.0,252.0,7.0,1270.0,174.0,1
13.0,566.0,208.0,16.0,3.0,1098.0,124.0,0
5.0,2443.0,96.0,16.0,5.0,1170.0,159.0,0
5.0,1069.0,233.0,16.0,4.0,1110.0,93.0,0
4.0,33.0,135.0,198.0,1.0,930.0,66.0,0
16.0,2524.0,58.0,182.0,3.0,920.0,88.0,1
5.0,1719.0,85.0,154.0,4.0,730.0,305.0,1
3.0,1100.0,233.0,148.0,5.0,420.0,87.0,1
14.0,1776.0,104.0,60.0,7.0,1005.0,117.0,0
15.0,2116.0,213.0,277.0,4.0,700.0,50.0,1
12.0,6715.0,79.0,196.0,7.0,1300.0,135.0,0
5.0,1967.0,85.0,208.0,3.0,450.0,80.0,0
16.0,2883.0,35.0,58.0,5.0,830.0,122.0,1
14.0,1498.0,154.0,60.0,3.0,1365.0,262.0,0
2.0,313.0,253.0,252.0,5.0,1050.0,120.0,1
5.0,114.0,197.0,16.0,6.0,690.0,158.0,0
13.0,201.0,134.0,252.0,4.0,497.0,358.0,1
13.0,745.0,159.0,79.0,7.0,894.0,276.0,0
8.0,255.0,16.0,106.0,3.0,933.0,116.0,0
1.0,627.0,35.0,183.0,7.0,550.0,210.0,1
8.0,477.0,45.0,16.0,6.0,768.0,125.0,0
11.0,6365.0,85.0,71.0,3.0,1165.0,81.0,0
15.0,336.0,198.0,75.0,7.0,730.0,85.0,1
10.0,3270.0,80.0,190.0,3.0,780.0,95.0,0
16.0,2277.0,135.0,38.0,6.0,715.0,63.0,0
12.0,6384.0,34.0,208.0,1.0,402.0,198.0,0
2.0,115.0,252.0,14.0,3.0,1110.0,223.0,0
13.0,295.0,79.0,45.0,1.0,1070.0,198.0,0
8.0,907.0,215.0,16.0,7.0,938.0,105.0,1
15.0,706.0,45.0,233.0,1.0,555.0,65.0,0
15.0,370.0,79.0,216.0,4.0,840.0,220.0,1
12.0,6337.0,114.0,79.0,5.0,783.0,57.0,0
6.0,5151.0,278.0,16.0,4.0,870.0,76.0,0
5.0,734.0,16.0,233.0,1.0,596.0,98.0,0
8.0,50.0,154.0,16.0,4.0,861.0,250.0,0
6.0,5291.0,16.0,87.0,1.0,570.0,73.0,1
17.0,7269.0,134.0,16.0,1.0,1006.0,118.0,0
1.0,1999.0,96.0,183.0,1.0,985.0,205.0,0
9.0,278.0,128.0,150.0,5.0,977.0,43.0,1
12.0,7778.0,255.0,261.0,3.0,1280.0,73.0,1
10.0,3257.0,80.0,184.0,1.0,755.0,145.0,0
12.0,6865.0,79.0,102.0,7.0,1110.0,138.0,0
16.0,2605.0,135.0,75.0,4.0,530.0,63.0,1
15.0,1491.0,236.0,214.0,5.0,1085.0,90.0,1
15.0,2397.0,172.0,75.0,1.0,685.0,95.0,1
2.0,694.0,252.0,111.0,3.0,1080.0,60.0,0
6.0,7135.0,54.0,134.0,4.0,609.0,90.0,0
6.0,5531.0,16.0,146.0,1.0,660.0,88.0,0
6.0,5399.0,84.0,16.0,6.0,606.0,126.0,0
12.0,6919.0,208.0,82.0,7.0,799.0,87.0,0
6.0,5088.0,16.0,132.0,6.0,600.0,67.0,0
16.0,2102.0,156.0,135.0,6.0,435.0,42.0,0
15.0,1546.0,45.0,85.0,3.0,1185.0,100.0,0
5.0,101.0,154.0,16.0,7.0,622.0,252.0,0
3.0,142.0,213.0,148.0,4.0,605.0,149.0,1
10.0,4066.0,208.0,84.0,3.0,425.0,80.0,0
15.0,1156.0,202.0,264.0,5.0,490.0,80.0,0
5.0,1495.0,16.0,97.0,5.0,580.0,124.0,1
8.0,368.0,16.0,159.0,5.0,620.0,134.0,0
3.0,917.0,148.0,208.0,4.0,990.0,170.0,0
15.0,1251.0,45.0,182.0,6.0,460.0,80.0,0
14.0,2042.0,78.0,35.0,1.0,1050.0,92.0,0
15.0,572.0,264.0,253.0,4.0,455.0,85.0,1
15.0,667.0,45.0,141.0,3.0,935.0,60.0,1
5.0,2414.0,104.0,148.0,3.0,380.0,169.0,0
0.0,4246.0,139.0,85.0,5.0,608.0,80.0,0
8.0,478.0,16.0,45.0,7.0,1335.0,104.0,1
6.0,5293.0,36.0,16.0,4.0,455.0,80.0,0
14.0,92.0,197.0,217.0,7.0,880.0,204.0,0
8.0,461.0,45.0,16.0,4.0,365.0,126.0,0
14.0,939.0,197.0,217.0,4.0,455.0,223.0,0
15.0,106.0,75.0,198.0,3.0,1175.0,80.0,1
11.0,6423.0,76.0,85.0,5.0,335.0,75.0,0
10.0,3844.0,208.0,16.0,4.0,495.0,120.0,0
5.0,1793.0,148.0,85.0,7.0,855.0,138.0,1
12.0,6618.0,248.0,253.0,6.0,1035.0,61.0,0
11.0,6396.0,268.0,233.0,1.0,420.0,121.0,1
12.0,6341.0,154.0,243.0,6.0,1120.0,45.0,0
14.0,1513.0,60.0,217.0,6.0,779.0,276.0,0
12.0,6553.0,253.0,179.0,1.0,1050.0,98.0,0
11.0,6709.0,209.0,71.0,7.0,1055.0,122.0,1
15.0,2895.0,209.0,147.0,5.0,500.0,105.0,0
1.0,1216.0,80.0,277.0,6.0,620.0,140.0,0
13.0,272.0,253.0,154.0,6.0,432.0,87.0,0
14.0,2036.0,78.0,35.0,3.0,870.0,85.0,1
16.0,2223.0,135.0,68.0,7.0,770.0,59.0,0
12.0,6526.0,217.0,154.0,6.0,694.0,87.0,0
15.0,3401.0,244.0,33.0,1.0,880.0,125.0,0
8.0,632.0,76.0,45.0,4.0,760.0,81.0,0
16.0,2339.0,58.0,117.0,6.0,1090.0,83.0,1
16.0,2879.0,208.0,58.0,4.0,515.0,70.0,0
8.0,950.0,104.0,45.0,6.0,430.0,145.0,0
12.0,6965.0,208.0,18.0,1.0,496.0,165.0,0
13.0,716.0,207.0,79.0,3.0,882.0,132.0,0
15.0,2608.0,154.0,172.0,7.0,485.0,190.0,0
8.0,709.0,16.0,76.0,6.0,530.0,87.0,0
15.0,1618.0,217.0,18.0,4.0,545.0,130.0,0
10.0,3939.0,33.0,208.0,4.0,360.0,105.0,0
4.0,1703.0,154.0,96.0,6.0,515.0,315.0,0
15.0,1441.0,202.0,214.0,1.0,545.0,105.0,1
16.0,2974.0,135.0,172.0,7.0,630.0,108.0,1
6.0,7072.0,134.0,182.0,1.0,745.0,89.0,1
14.0,1129.0,234.0,60.0,7.0,1190.0,78.0,1
15.0,1687.0,261.0,217.0,5.0,595.0,100.0,1
15.0,713.0,175.0,241.0,7.0,795.0,175.0,0
16.0,2200.0,135.0,204.0,5.0,700.0,78.0,0
6.0,7354.0,16.0,101.0,1.0,650.0,76.0,1
12.0,6535.0,24.0,253.0,4.0,999.0,76.0,0
16.0,2807.0,213.0,135.0,7.0,1060.0,165.0,0
12.0,6756.0,253.0,262.0,5.0,1386.0,47.0,0
5.0,1487.0,197.0,261.0,6.0,1315.0,176.0,0
1.0,795.0,159.0,183.0,3.0,810.0,195.0,0
15.0,151.0,214.0,262.0,3.0,695.0,85.0,1
10.0,2880.0,121.0,80.0,7.0,885.0,170.0,1
5.0,2842.0,120.0,16.0,6.0,423.0,92.0,0
6.0,5228.0,19.0,16.0,1.0,415.0,69.0,0
16.0,2661.0,182.0,96.0,6.0,822.0,95.0,0
14.0,685.0,253.0,217.0,4.0,550.0,115.0,0
12.0,6592.0,56.0,208.0,5.0,906.0,74.0,1
10.0,2797.0,80.0,108.0,7.0,515.0,60.0,1
14.0,1274.0,216.0,139.0,5.0,610.0,137.0,0
1.0,590.0,243.0,208.0,7.0,885.0,235.0,1
4.0,1717.0,135.0,243.0,4.0,1260.0,208.0,1
15.0,1595.0,79.0,139.0,6.0,490.0,145.0,0
16.0,3084.0,58.0,159.0,5.0,1020.0,97.0,0
6.0,5597.0,16.0,180.0,7.0,618.0,70.0,0
12.0,6910.0,34.0,79.0,4.0,1142.0,108.0,1
15.0,334.0,184.0,277.0,6.0,705.0,170.0,0
12.0,6533.0,208.0,117.0,6.0,785.0,52.0,1
0.0,3797.0,85.0,61.0,1.0,920.0,59.0,0
12.0,7764.0,261.0,220.0,3.0,485.0,67.0,1
5.0,2071.0,261.0,217.0,1.0,666.0,97.0,0
15.0,1138.0,251.0,153.0,7.0,1015.0,270.0,1
1.0,253.0,154.0,203.0,1.0,525.0,345.0,0
5.0,208.0,183.0,148.0,6.0,730.0,180.0,0
5.0,1783.0,261.0,153.0,3.0,821.0,85.0,0
9.0,529.0,203.0,128.0,4.0,781.0,34.0,0
9.0,398.0,128.0,150.0,7.0,1175.0,43.0,0
15.0,1727.0,104.0,268.0,4.0,860.0,180.0,1
5.0,2040.0,253.0,148.0,1.0,930.0,329.0,0
15.0,121.0,262.0,154.0,4.0,970.0,80.0,1
5.0,1953.0,184.0,197.0,5.0,1140.0,83.0,1
15.0,3762.0,258.0,207.0,4.0,1100.0,70.0,0
5.0,2844.0,85.0,78.0,3.0,915.0,90.0,0
1.0,1914.0,197.0,80.0,3.0,630.0,160.0,0
15.0,2135.0,173.0,228.0,6.0,845.0,155.0,0
6.0,7105.0,237.0,208.0,1.0,360.0,116.0,0
15.0,639.0,129.0,68.0,6.0,1170.0,50.0,0
4.0,1187.0,96.0,208.0,7.0,1155.0,160.0,0
2.0,642.0,252.0,217.0,4.0,1210.0,164.0,0
14.0,277.0,111.0,217.0,4.0,905.0,156.0,0
5.0,1650.0,153.0,197.0,3.0,558.0,192.0,1
10.0,3368.0,162.0,80.0,3.0,510.0,80.0,0
12.0,4547.0,208.0,261.0,7.0,1105.0,205.0,1
11.0,6320.0,133.0,71.0,6.0,465.0,54.0,0
8.0,1621.0,216.0,173.0,5.0,400.0,158.0,0
12.0,6296.0,79.0,207.0,6.0,560.0,137.0,1
3.0,622.0,129.0,148.0,5.0,945.0,204.0,1
5.0,1231.0,261.0,198.0,5.0,835.0,194.0,0
10.0,2825.0,80.0,279.0,6.0,455.0,60.0,0
15.0,1051.0,45.0,87.0,7.0,1145.0,150.0,0
15.0,3247.0,154.0,258.0,7.0,1160.0,65.0,1
3.0,17.0,148.0,104.0,1.0,650.0,183.0,1
15.0,2697.0,27.0,198.0,1.0,715.0,70.0,1
1.0,1279.0,80.0,217.0,3.0,790.0,160.0,0
13.0,588.0,80.0,134.0,1.0,1022.0,176.0,0
15.0,580.0,172.0,217.0,7.0,730.0,185.0,1
4.0,1097.0,135.0,153.0,7.0,440.0,199.0,1
16.0,2650.0,96.0,184.0,4.0,580.0,147.0,0
14.0,2134.0,159.0,35.0,4.0,960.0,74.0,0
15.0,1381.0,75.0,18.0,5.0,1065.0,55.0,1
13.0,910.0,79.0,208.0,6.0,508.0,143.0,1
15.0,3070.0,216.0,182.0,3.0,465.0,75.0,0
15.0,3843.0,262.0,44.0,3.0,485.0,70.0,0
2.0,688.0,258.0,18.0,5.0,1090.0,198.0,0
12.0,6229.0,253.0,18.0,5.0,965.0,203.0,1
4.0,1621.0,135.0,178.0,5.0,860.0,73.0,0
5.0,1716.0,79.0,16.0,5.0,525.0,178.0,0
12.0,6606.0,88.0,79.0,7.0,469.0,53.0,0
5.0,2214.0,252.0,197.0,7.0,677.0,193.0,0
12.0,4553.0,154.0,153.0,3.0,375.0,70.0,0
5.0,2452.0,198.0,159.0,7.0,420.0,175.0,0
12.0,6439.0,72.0,86.0,4.0,1401.0,38.0,0
16.0,3105.0,135.0,162.0,3.0,1175.0,78.0,0
5.0,1951.0,16.0,183.0,5.0,815.0,109.0,0
6.0,7125.0,182.0,134.0,6.0,861.0,110.0,0
9.0,181.0,143.0,128.0,1.0,771.0,49.0,0
16.0,5911.0,208.0,218.0,4.0,785.0,49.0,0
4.0,1095.0,135.0,154.0,6.0,1259.0,215.0,1
5.0,2305.0,172.0,197.0,5.0,405.0,90.0,0
3.0,1325.0,35.0,45.0,1.0,920.0,88.0,0
8.0,1086.0,139.0,173.0,7.0,495.0,140.0,0
15.0,1122.0,153.0,45.0,4.0,785.0,270.0,1
1.0,755.0,208.0,244.0,3.0,650.0,175.0,1
12.0,6958.0,208.0,185.0,3.0,483.0,51.0,0
14.0,482.0,79.0,216.0,6.0,680.0,208.0,0
5.0,1987.0,216.0,197.0,1.0,495.0,198.0,1
8.0,364.0,16.0,159.0,6.0,1157.0,130.0,0
10.0,3970.0,208.0,45.0,5.0,465.0,115.0,0
5.0,1060.0,173.0,154.0,4.0,430.0,340.0,0
0.0,3961.0,238.0,16.0,4.0,741.0,136.0,1
5.0,2764.0,16.0,221.0,5.0,900.0,106.0,1
13.0,903.0,134.0,79.0,5.0,980.0,239.0,1
15.0,378.0,277.0,244.0,4.0,880.0,180.0,1
8.0,442.0,184.0,104.0,1.0,465.0,193.0,1
5.0,2263.0,148.0,154.0,3.0,1260.0,388.0,1
17.0,2629.0,33.0,60.0,4.0,870.0,75.0,0
4.0,525.0,96.0,58.0,7.0,565.0,98.0,0
15.0,1783.0,12.0,45.0,7.0,725.0,75.0,1
5.0,1089.0,261.0,262.0,4.0,1305.0,104.0,1
12.0,6628.0,27.0,79.0,5.0,900.0,190.0,0
12.0,6232.0,153.0,100.0,7.0,509.0,88.0,0
15.0,2015.0,243.0,175.0,4.0,445.0,240.0,0
14.0,1580.0,154.0,60.0,7.0,815.0,268.0,1
15.0,1078.0,44.0,202.0,5.0,655.0,70.0,1
7.0,626.0,85.0,79.0,7.0,974.0,191.0,0
6.0,5354.0,201.0,16.0,1.0,704.0,95.0,0
15.0,1884.0,217.0,202.0,5.0,915.0,125.0,0
16.0,2245.0,96.0,204.0,3.0,1140.0,239.0,1
15.0,971.0,153.0,207.0,3.0,390.0,55.0,0
12.0,6938.0,79.0,114.0,3.0,1296.0,52.0,0
0.0,3722.0,16.0,109.0,7.0,1164.0,106.0,1
15.0,1332.0,217.0,204.0,1.0,835.0,120.0,1
8.0,291.0,16.0,129.0,3.0,630.0,143.0,0
15.0,922.0,217.0,139.0,5.0,700.0,210.0,1
6.0,4998.0,290.0,16.0,3.0,360.0,119.0,0
11.0,6285.0,85.0,56.0,1.0,745.0,105.0,0
5.0,2077.0,22.0,85.0,3.0,987.0,128.0,1
1.0,1839.0,80.0,244.0,3.0,470.0,60.0,0
14.0,1178.0,60.0,45.0,1.0,795.0,83.0,1
15.0,1923.0,280.0,2.0,1.0,910.0,60.0,1
15.0,368.0,79.0,202.0,4.0,980.0,165.0,1
4.0,110.0,58.0,96.0,7.0,1015.0,103.0,0
13.0,242.0,208.0,228.0,4.0,790.0,136.0,0
16.0,3088.0,135.0,172.0,7.0,580.0,108.0,0
15.0,3311.0,18.0,79.0,3.0,775.0,140.0,1
15.0,169.0,175.0,45.0,4.0,1230.0,105.0,1
12.0,4444.0,261.0,230.0,7.0,590.0,98.0,0
5.0,1575.0,139.0,16.0,1.0,425.0,115.0,0
15.0,1727.0,104.0,268.0,5.0,860.0,180.0,0
3.0,1323.0,35.0,45.0,1.0,600.0,91.0,0
8.0,472.0,16.0,45.0,1.0,615.0,110.0,0
17.0,1024.0,150.0,128.0,1.0,609.0,40.0,0
5.0,2725.0,35.0,197.0,7.0,686.0,194.0,1
15.0,995.0,159.0,175.0,7.0,640.0,155.0,0
8.0,1580.0,16.0,30.0,1.0,610.0,114.0,0
0.0,4128.0,233.0,22.0,5.0,1140.0,125.0,1
12.0,6671.0,253.0,55.0,1.0,974.0,52.0,0
5.0,2488.0,277.0,71.0,6.0,808.0,132.0,0
2.0,181.0,14.0,98.0,6.0,420.0,60.0,0
15.0,3920.0,268.0,204.0,3.0,635.0,100.0,1
12.0,6821.0,253.0,231.0,4.0,515.0,64.0,0
14.0,511.0,217.0,205.0,5.0,605.0,165.0,0
3.0,1001.0,35.0,148.0,5.0,360.0,71.0,0
5.0,385.0,16.0,245.0,7.0,1300.0,67.0,0
12.0,3074.0,205.0,184.0,3.0,957.0,81.0,1
6.0,5023.0,16.0,146.0,7.0,975.0,84.0,0
16.0,2992.0,135.0,177.0,5.0,855.0,85.0,0
4.0,1702.0,96.0,253.0,3.0,660.0,379.0,1
6.0,5096.0,41.0,16.0,5.0,784.0,94.0,1
1.0,404.0,183.0,173.0,1.0,385.0,60.0,0
1.0,1204.0,80.0,233.0,3.0,860.0,150.0,1
8.0,938.0,16.0,147.0,4.0,1335.0,69.0,1
13.0,398.0,208.0,71.0,5.0,1145.0,78.0,0
5.0,1774.0,267.0,16.0,4.0,1149.0,103.0,0
15.0,606.0,233.0,216.0,1.0,490.0,80.0,1
13.0,471.0,279.0,79.0,1.0,400.0,110.0,0
5.0,2552.0,277.0,159.0,7.0,1169.0,162.0,1
13.0,952.0,217.0,134.0,7.0,586.0,255.0,0
5.0,1521.0,85.0,277.0,3.0,1040.0,158.0,1
13.0,36.0,203.0,253.0,6.0,1320.0,303.0,0
16.0,2188.0,234.0,96.0,6.0,865.0,87.0,0
5.0,2431.0,159.0,85.0,5.0,755.0,118.0,0
11.0,6621.0,157.0,85.0,3.0,379.0,86.0,0
15.0,1127.0,268.0,197.0,1.0,590.0,95.0,1
12.0,6251.0,79.0,195.0,5.0,606.0,129.0,0
15.0,712.0,134.0,175.0,4.0,1215.0,120.0,0
11.0,6405.0,120.0,16.0,5.0,370.0,93.0,0
1.0,1916.0,80.0,22.0,3.0,495.0,190.0,0
1.0,1845.0,183.0,260.0,4.0,720.0,145.0,1
15.0,442.0,175.0,216.0,4.0,1200.0,120.0,0
3.0,31.0,148.0,173.0,7.0,750.0,168.0,1
14.0,2168.0,78.0,159.0,7.0,660.0,68.0,0
15.0,1018.0,202.0,214.0,4.0,1115.0,100.0,1
4.0,767.0,135.0,252.0,4.0,900.0,281.0,0
11.0,6423.0,85.0,22.0,5.0,460.0,118.0,0
1.0,1787.0,148.0,277.0,6.0,1020.0,185.0,0
12.0,6363.0,261.0,154.0,5.0,1223.0,120.0,1
12.0,4874.0,197.0,112.0,6.0,915.0,78.0,0
1.0,1595.0,80.0,153.0,3.0,1185.0,180.0,1
8.0,464.0,45.0,229.0,4.0,954.0,83.0,0
15.0,2108.0,277.0,129.0,4.0,1155.0,150.0,0
14.0,1433.0,60.0,154.0,1.0,600.0,331.0,1
15.0,2071.0,141.0,104.0,6.0,885.0,190.0,1
0.0,3735.0,85.0,0.0,6.0,1165.0,94.0,1
0.0,3787.0,247.0,16.0,4.0,1030.0,123.0,0
15.0,910.0,33.0,27.0,4.0,1040.0,50.0,1
6.0,7375.0,121.0,16.0,5.0,1160.0,73.0,0
2.0,510.0,252.0,264.0,5.0,630.0,163.0,0
5.0,2016.0,79.0,16.0,6.0,960.0,173.0,1
8.0,1035.0,241.0,221.0,5.0,515.0,149.0,0
14.0,1510.0,16.0,60.0,7.0,330.0,68.0,0
5.0,1804.0,104.0,85.0,1.0,900.0,194.0,0
17.0,2730.0,177.0,217.0,4.0,450.0,223.0,0
14.0,986.0,104.0,78.0,1.0,420.0,145.0,0
13.0,944.0,154.0,208.0,4.0,424.0,241.0,0
12.0,6304.0,79.0,28.0,7.0,916.0,86.0,0
7.0,130.0,79.0,80.0,3.0,635.0,112.0,0
4.0,1663.0,241.0,135.0,4.0,1070.0,150.0,0
4.0,212.0,135.0,260.0,7.0,610.0,247.0,1
5.0,1899.0,16.0,33.0,3.0,910.0,67.0,0
12.0,6960.0,79.0,230.0,6.0,643.0,69.0,0
0.0,4386.0,119.0,197.0,5.0,1030.0,99.0,0
6.0,5445.0,182.0,85.0,6.0,749.0,130.0,0
15.0,3814.0,184.0,173.0,5.0,530.0,170.0,0
15.0,985.0,129.0,173.0,7.0,880.0,130.0,1
15.0,2658.0,153.0,233.0,7.0,630.0,265.0,0
15.0,644.0,44.0,258.0,1.0,990.0,65.0,0
8.0,366.0,16.0,159.0,1.0,798.0,120.0,1
5.0,1018.0,198.0,16.0,7.0,675.0,92.0,1
5.0,314.0,16.0,261.0,1.0,845.0,255.0,1
10.0,3235.0,80.0,5.0,4.0,745.0,40.0,0
15.0,667.0,147.0,45.0,3.0,790.0,110.0,1
7.0,707.0,241.0,79.0,6.0,1080.0,254.0,0
0.0,4332.0,16.0,238.0,7.0,905.0,118.0,0
0.0,4254.0,268.0,233.0,4.0,1050.0,120.0,0
9.0,245.0,203.0,128.0,4.0,872.0,34.0,1
13.0,696.0,208.0,159.0,5.0,1145.0,136.0,0
15.0,220.0,27.0,129.0,5.0,380.0,115.0,1
3.0,576.0,173.0,272.0,3.0,705.0,155.0,1
15.0,908.0,175.0,173.0,5.0,635.0,155.0,1
5.0,1201.0,85.0,261.0,4.0,505.0,251.0,1
5.0,1745.0,78.0,85.0,1.0,665.0,95.0,1
14.0,2031.0,35.0,78.0,5.0,660.0,92.0,0
0.0,4062.0,147.0,177.0,7.0,1065.0,118.0,0
15.0,952.0,258.0,153.0,4.0,1035.0,90.0,0
16.0,2257.0,96.0,221.0,4.0,635.0,89.0,1
17.0,7278.0,147.0,208.0,4.0,700.0,156.0,0
5.0,45.0,71.0,16.0,3.0,740.0,99.0,1
17.0,1055.0,203.0,128.0,5.0,810.0,32.0,0
16.0,3140.0,244.0,135.0,3.0,445.0,59.0,0
3.0,466.0,241.0,35.0,6.0,943.0,177.0,0
0.0,3832.0,84.0,177.0,3.0,683.0,95.0,0
13.0,563.0,216.0,208.0,7.0,996.0,145.0,0
16.0,2219.0,285.0,135.0,4.0,1109.0,141.0,0
14.0,583.0,217.0,111.0,7.0,686.0,176.0,0
15.0,3588.0,139.0,153.0,3.0,745.0,255.0,1
6.0,5005.0,177.0,79.0,5.0,815.0,155.0,0
12.0,6661.0,253.0,191.0,3.0,932.0,36.0,0
5.0,82.0,261.0,148.0,6.0,665.0,276.0,0
1.0,1109.0,80.0,18.0,4.0,430.0,60.0,0
15.0,2129.0,153.0,173.0,6.0,600.0,265.0,1
1.0,2355.0,208.0,80.0,5.0,1265.0,150.0,1
14.0,359.0,197.0,60.0,4.0,420.0,158.0,0
15.0,7.0,75.0,129.0,3.0,510.0,60.0,0
5.0,1842.0,16.0,61.0,7.0,595.0,111.0,0
15.0,702.0,153.0,2.0,4.0,515.0,80.0,0
11.0,6265.0,85.0,238.0,6.0,825.0,81.0,0
5.0,2123.0,35.0,85.0,1.0,340.0,144.0,0
2.0,583.0,264.0,214.0,3.0,885.0,148.0,0
12.0,6494.0,65.0,208.0,6.0,833.0,146.0,1
2.0,55.0,14.0,98.0,6.0,360.0,58.0,0
14.0,251.0,216.0,217.0,7.0,1070.0,324.0,0
14.0,414.0,253.0,60.0,6.0,440.0,285.0,0
5.0,2589.0,16.0,172.0,1.0,540.0,148.0,0
10.0,3973.0,208.0,279.0,4.0,1045.0,125.0,0
13.0,338.0,34.0,79.0,4.0,1003.0,111.0,0
13.0,415.0,198.0,79.0,1.0,420.0,186.0,0
2.0,869.0,262.0,203.0,1.0,505.0,335.0,0
1.0,2513.0,80.0,79.0,5.0,1115.0,125.0,0
10.0,3754.0,208.0,18.0,6.0,510.0,165.0,0
15.0,1398.0,277.0,33.0,5.0,610.0,115.0,1
15.0,2812.0,233.0,45.0,1.0,730.0,60.0,0
12.0,4862.0,280.0,261.0,4.0,1142.0,110.0,0
2.0,619.0,153.0,252.0,4.0,550.0,163.0,0
16.0,2619.0,290.0,135.0,5.0,1067.0,95.0,0
8.0,92.0,233.0,16.0,1.0,645.0,86.0,0
6.0,7367.0,177.0,275.0,3.0,865.0,89.0,0
4.0,1527.0,45.0,135.0,1.0,890.0,212.0,0
10.0,4026.0,208.0,117.0,3.0,1110.0,60.0,1
7.0,268.0,79.0,264.0,7.0,1085.0,143.0,0
11.0,6735.0,35.0,233.0,6.0,885.0,148.0,0
1.0,10.0,154.0,148.0,4.0,1290.0,305.0,1
15.0,1663.0,277.0,216.0,4.0,445.0,150.0,0
14.0,732.0,173.0,60.0,6.0,930.0,100.0,0
15.0,1657.0,153.0,243.0,4.0,980.0,65.0,1
12.0,7030.0,208.0,187.0,7.0,726.0,43.0,0
14.0,287.0,2.0,217.0,3.0,930.0,79.0,0
15.0,1882.0,197.0,79.0,6.0,1045.0,135.0,0
15.0,1149.0,262.0,44.0,1.0,425.0,70.0,1
5.0,1775.0,177.0,217.0,7.0,1170.0,214.0,1
3.0,920.0,208.0,35.0,6.0,420.0,131.0,1
8.0,1585.0,30.0,16.0,7.0,1060.0,94.0,0
5.0,2651.0,216.0,261.0,4.0,430.0,318.0,1
15.0,1751.0,268.0,61.0,3.0,540.0,75.0,1
2.0,564.0,214.0,154.0,1.0,700.0,140.0,0
15.0,1607.0,27.0,198.0,6.0,925.0,70.0,1
15.0,411.0,35.0,216.0,4.0,505.0,100.0,1
8.0,1244.0,106.0,173.0,6.0,428.0,174.0,0
5.0,2481.0,209.0,16.0,4.0,345.0,120.0,1
1.0,1068.0,183.0,78.0,5.0,610.0,140.0,1
4.0,366.0,252.0,135.0,4.0,810.0,249.0,1
14.0,1291.0,35.0,60.0,4.0,775.0,147.0,0
16.0,2216.0,147.0,96.0,5.0,678.0,132.0,0
15.0,1470.0,175.0,197.0,6.0,480.0,85.0,1
15.0,167.0,154.0,262.0,7.0,1270.0,80.0,1
17.0,2708.0,153.0,154.0,1.0,1090.0,70.0,0
14.0,256.0,154.0,217.0,1.0,755.0,81.0,0
15.0,1509.0,153.0,172.0,5.0,745.0,175.0,1
12.0,6725.0,79.0,224.0,3.0,1292.0,146.0,0
5.0,1945.0,78.0,85.0,5.0,903.0,99.0,0
0.0,4391.0,171.0,85.0,3.0,351.0,59.0,0
4.0,770.0,135.0,253.0,6.0,1259.0,241.0,0
15.0,1633.0,175.0,228.0,7.0,840.0,125.0,1
0.0,4176.0,197.0,82.0,4.0,1190.0,61.0,0
1.0,446.0,80.0,216.0,4.0,695.0,190.0,0
15.0,1999.0,147.0,104.0,4.0,870.0,70.0,1
5.0,2243.0,96.0,16.0,1.0,690.0,144.0,1
8.0,677.0,184.0,173.0,6.0,1060.0,164.0,1
1.0,2086.0,183.0,148.0,7.0,1150.0,170.0,1
10.0,4502.0,159.0,35.0,5.0,525.0,65.0,0
0.0,4207.0,76.0,197.0,3.0,1140.0,122.0,0
6.0,7095.0,120.0,134.0,7.0,360.0,67.0,1
10.0,3399.0,80.0,157.0,5.0,790.0,125.0,0
1.0,299.0,183.0,154.0,1.0,490.0,350.0,0
11.0,6571.0,85.0,209.0,1.0,1065.0,111.0,1
11.0,6430.0,16.0,120.0,3.0,890.0,92.0,0
1.0,1402.0,18.0,80.0,7.0,1075.0,65.0,1
7.0,834.0,252.0,79.0,6.0,893.0,152.0,0
12.0,6290.0,194.0,154.0,7.0,570.0,68.0,0
12.0,4714.0,67.0,261.0,1.0,385.0,73.0,0
5.0,1973.0,16.0,183.0,6.0,1160.0,124.0,0
6.0,5448.0,180.0,16.0,4.0,789.0,76.0,0
15.0,1708.0,221.0,175.0,6.0,810.0,95.0,1
13.0,618.0,208.0,78.0,7.0,899.0,111.0,1
5.0,2115.0,16.0,116.0,1.0,965.0,84.0,1
10.0,3654.0,234.0,183.0,5.0,445.0,160.0,0
1.0,1376.0,183.0,80.0,3.0,970.0,200.0,1
9.0,208.0,128.0,150.0,5.0,656.0,43.0,0
12.0,6423.0,252.0,214.0,5.0,1240.0,46.0,0
15.0,2022.0,153.0,154.0,4.0,660.0,70.0,1
0.0,3721.0,171.0,85.0,5.0,420.0,59.0,0
4.0,855.0,213.0,96.0,1.0,935.0,168.0,0
15.0,1466.0,58.0,175.0,5.0,875.0,75.0,1
15.0,45.0,268.0,75.0,7.0,920.0,105.0,1
1.0,1660.0,80.0,139.0,5.0,455.0,120.0,0
6.0,5601.0,16.0,204.0,6.0,681.0,143.0,0
5.0,2752.0,277.0,159.0,5.0,775.0,158.0,1
15.0,962.0,197.0,79.0,4.0,985.0,135.0,1
14.0,2026.0,78.0,35.0,1.0,570.0,81.0,1
11.0,6575.0,177.0,172.0,7.0,565.0,95.0,0
12.0,6579.0,15.0,79.0,4.0,947.0,48.0,0
15.0,1043.0,45.0,22.0,4.0,1060.0,65.0,1
8.0,500.0,159.0,184.0,1.0,719.0,143.0,1
15.0,831.0,214.0,111.0,3.0,965.0,60.0,1
15.0,904.0,264.0,262.0,5.0,440.0,90.0,0
3.0,37.0,148.0,277.0,3.0,470.0,176.0,0
12.0,3048.0,221.0,184.0,4.0,865.0,91.0,0
15.0,1502.0,261.0,153.0,3.0,1220.0,80.0,1
13.0,150.0,253.0,208.0,5.0,998.0,257.0,0
15.0,1075.0,2.0,79.0,7.0,530.0,75.0,0
2.0,1.0,78.0,252.0,5.0,480.0,360.0,1
14.0,1786.0,60.0,182.0,3.0,1335.0,124.0,0
15.0,317.0,153.0,217.0,1.0,725.0,70.0,1
6.0,5100.0,16.0,157.0,6.0,976.0,72.0,0
12.0,4503.0,197.0,29.0,3.0,790.0,80.0,1
10.0,3773.0,79.0,208.0,1.0,1085.0,135.0,0
5.0,18.0,85.0,159.0,3.0,825.0,112.0,1
15.0,1491.0,154.0,236.0,5.0,985.0,75.0,1
14.0,2180.0,78.0,159.0,3.0,1020.0,78.0,1
14.0,1048.0,60.0,85.0,3.0,1100.0,118.0,0
1.0,1099.0,80.0,2.0,3.0,615.0,115.0,0
10.0,3816.0,79.0,208.0,3.0,620.0,145.0,0
5.0,1483.0,261.0,153.0,6.0,508.0,92.0,0
8.0,189.0,78.0,16.0,3.0,761.0,123.0,0
15.0,1116.0,202.0,264.0,3.0,1215.0,80.0,1
10.0,4575.0,60.0,159.0,4.0,970.0,115.0,0
15.0,389.0,33.0,233.0,1.0,900.0,80.0,0
11.0,6335.0,35.0,177.0,7.0,960.0,210.0,0
0.0,4287.0,71.0,85.0,1.0,460.0,87.0,0
11.0,6592.0,197.0,175.0,4.0,865.0,90.0,0
0.0,4005.0,279.0,16.0,3.0,1060.0,129.0,0
3.0,1401.0,104.0,18.0,1.0,941.0,189.0,1
14.0,1103.0,60.0,80.0,4.0,785.0,172.0,0
15.0,378.0,244.0,75.0,7.0,1025.0,55.0,1
15.0,668.0,175.0,18.0,7.0,920.0,170.0,0
1.0,674.0,208.0,183.0,3.0,335.0,185.0,1
11.0,6608.0,85.0,157.0,5.0,540.0,84.0,0
0.0,3886.0,84.0,16.0,4.0,330.0,135.0,1
15.0,28.0,35.0,45.0,4.0,365.0,110.0,0
6.0,5397.0,101.0,16.0,3.0,1070.0,97.0,1
3.0,1216.0,43.0,35.0,7.0,835.0,78.0,1
15.0,3415.0,202.0,243.0,1.0,455.0,85.0,1
5.0,2142.0,16.0,96.0,4.0,980.0,139.0,0
15.0,961.0,207.0,202.0,7.0,625.0,75.0,0
0.0,4239.0,142.0,85.0,6.0,360.0,97.0,0
12.0,4727.0,244.0,261.0,7.0,1136.0,177.0,0
14.0,1588.0,198.0,60.0,7.0,360.0,112.0,0
10.0,4035.0,208.0,193.0,4.0,1120.0,80.0,0
15.0,685.0,268.0,175.0,5.0,475.0,60.0,1
1.0,1935.0,61.0,80.0,1.0,805.0,175.0,1
15.0,2206.0,217.0,244.0,3.0,1195.0,125.0,1
5.0,2413.0,71.0,241.0,1.0,555.0,155.0,0
13.0,574.0,79.0,243.0,6.0,950.0,140.0,1
1.0,488.0,252.0,80.0,4.0,370.0,230.0,1
5.0,2223.0,14.0,261.0,3.0,85.0,270.0,0
1.0,1877.0,80.0,153.0,6.0,1360.0,190.0,0
1.0,533.0,80.0,243.0,3.0,1330.0,190.0,0
4.0,1098.0,79.0,135.0,1.0,1008.0,137.0,1
10.0,3061.0,154.0,243.0,5.0,945.0,45.0,0
12.0,6651.0,236.0,154.0,4.0,592.0,86.0,0
12.0,6340.0,208.0,19.0,1.0,786.0,105.0,0
15.0,851.0,104.0,147.0,1.0,665.0,75.0,1
15.0,1326.0,175.0,154.0,7.0,530.0,275.0,1
10.0,4328.0,208.0,162.0,5.0,690.0,110.0,0
5.0,1911.0,134.0,16.0,3.0,875.0,120.0,0
16.0,2825.0,96.0,33.0,6.0,1080.0,149.0,1
0.0,4053.0,245.0,159.0,5.0,764.0,130.0,0
15.0,607.0,45.0,43.0,4.0,715.0,65.0,1
12.0,6399.0,208.0,172.0,3.0,360.0,88.0,1
8.0,359.0,159.0,16.0,1.0,360.0,160.0,1
5.0,2886.0,16.0,159.0,7.0,1240.0,143.0,1
5.0,2334.0,253.0,261.0,6.0,777.0,111.0,0
5.0,1060.0,173.0,154.0,5.0,430.0,340.0,0
15.0,115.0,79.0,261.0,5.0,915.0,90.0,0
15.0,2686.0,79.0,244.0,7.0,695.0,130.0,1
1.0,1736.0,260.0,183.0,4.0,1285.0,160.0,0
0.0,4261.0,197.0,112.0,4.0,690.0,70.0,0
5.0,1804.0,104.0,85.0,6.0,900.0,194.0,1
4.0,411.0,96.0,135.0,3.0,700.0,240.0,1
15.0,948.0,243.0,258.0,7.0,1230.0,80.0,1
5.0,2294.0,16.0,216.0,5.0,820.0,129.0,0
15.0,3926.0,129.0,2.0,1.0,595.0,135.0,1
14.0,524.0,217.0,236.0,7.0,880.0,110.0,1
14.0,1731.0,216.0,208.0,4.0,695.0,141.0,0
15.0,694.0,175.0,216.0,5.0,970.0,125.0,1
5.0,1264.0,217.0,261.0,6.0,870.0,99.0,0
15.0,1006.0,2.0,91.0,4.0,650.0,55.0,0
8.0,767.0,213.0,16.0,4.0,465.0,108.0,0
5.0,1119.0,16.0,234.0,5.0,1000.0,94.0,1
2.0,121.0,252.0,14.0,5.0,1425.0,223.0,1
5.0,2806.0,197.0,183.0,5.0,750.0,214.0,0
15.0,354.0,202.0,79.0,5.0,610.0,145.0,0
11.0,6610.0,159.0,172.0,4.0,445.0,210.0,1
10.0,3712.0,208.0,290.0,3.0,1110.0,105.0,1
5.0,2599.0,197.0,217.0,5.0,420.0,212.0,0
13.0,740.0,79.0,198.0,6.0,614.0,160.0,0
15.0,2004.0,45.0,175.0,1.0,645.0,130.0,1
16.0,2849.0,209.0,58.0,1.0,1068.0,102.0,0
15.0,759.0,217.0,2.0,5.0,675.0,65.0,0
15.0,668.0,129.0,198.0,3.0,1205.0,60.0,1
15.0,802.0,217.0,197.0,4.0,1120.0,185.0,1
15.0,489.0,173.0,104.0,5.0,950.0,55.0,1
14.0,1452.0,200.0,60.0,4.0,440.0,56.0,0
5.0,1491.0,16.0,244.0,7.0,1068.0,165.0,0
9.0,19.0,262.0,128.0,3.0,565.0,340.0,1
12.0,4639.0,208.0,261.0,3.0,970.0,205.0,0
1.0,654.0,80.0,35.0,3.0,605.0,205.0,0
4.0,628.0,96.0,79.0,3.0,530.0,282.0,1
16.0,2333.0,135.0,85.0,1.0,445.0,177.0,0
3.0,61.0,148.0,104.0,1.0,772.0,184.0,0
12.0,4464.0,261.0,46.0,7.0,1191.0,80.0,1
2.0,87.0,252.0,14.0,6.0,600.0,218.0,0
10.0,3822.0,208.0,197.0,1.0,655.0,95.0,1
13.0,117.0,147.0,208.0,5.0,1039.0,161.0,0
7.0,304.0,111.0,79.0,1.0,395.0,130.0,0
2.0,23.0,208.0,252.0,6.0,930.0,275.0,1
6.0,5248.0,275.0,16.0,6.0,616.0,70.0,0
15.0,783.0,264.0,217.0,4.0,1045.0,75.0,1
5.0,1139.0,234.0,16.0,3.0,1047.0,116.0,0
1.0,1380.0,80.0,139.0,1.0,950.0,120.0,0
5.0,2239.0,78.0,16.0,5.0,1260.0,121.0,0
12.0,4476.0,261.0,111.0,7.0,915.0,106.0,1
3.0,337.0,134.0,173.0,4.0,1250.0,133.0,0
2.0,192.0,98.0,14.0,4.0,1240.0,64.0,1
6.0,5226.0,16.0,19.0,3.0,510.0,61.0,0
10.0,4139.0,208.0,234.0,6.0,650.0,115.0,0
6.0,5229.0,135.0,177.0,4.0,980.0,99.0,0
8.0,573.0,184.0,217.0,3.0,540.0,240.0,0
5.0,2642.0,16.0,96.0,5.0,645.0,132.0,1
16.0,5957.0,117.0,208.0,1.0,872.0,60.0,1
0.0,3820.0,85.0,221.0,4.0,925.0,66.0,0
9.0,118.0,128.0,150.0,1.0,451.0,42.0,0
15.0,3773.0,147.0,45.0,5.0,1090.0,110.0,1
10.0,2958.0,129.0,80.0,6.0,615.0,65.0,0
2.0,529.0,44.0,252.0,4.0,660.0,159.0,0
15.0,498.0,207.0,153.0,5.0,1090.0,60.0,0
3.0,295.0,252.0,160.0,1.0,1055.0,152.0,0
1.0,1757.0,159.0,268.0,6.0,725.0,170.0,0
6.0,5359.0,16.0,190.0,5.0,975.0,83.0,0
10.0,2995.0,84.0,80.0,1.0,1005.0,125.0,0
14.0,868.0,147.0,216.0,7.0,1030.0,131.0,0
12.0,4575.0,204.0,261.0,4.0,390.0,142.0,0
16.0,2346.0,135.0,132.0,5.0,960.0,101.0,0
5.0,1308.0,18.0,16.0,5.0,400.0,142.0,1
8.0,954.0,45.0,104.0,6.0,505.0,160.0,0
14.0,24.0,217.0,154.0,6.0,515.0,85.0,0
9.0,263.0,143.0,128.0,6.0,972.0,49.0,0
5.0,2156.0,85.0,139.0,4.0,930.0,70.0,0
15.0,709.0,58.0,175.0,1.0,655.0,75.0,1
1.0,817.0,80.0,44.0,4.0,565.0,205.0,0
11.0,6615.0,159.0,119.0,4.0,1301.0,138.0,0
3.0,1120.0,104.0,43.0,6.0,882.0,176.0,0
16.0,2414.0,198.0,58.0,7.0,670.0,132.0,0
0.0,4381.0,85.0,106.0,6.0,1175.0,47.0,0
13.0,980.0,208.0,153.0,6.0,485.0,239.0,1
15.0,2525.0,27.0,173.0,4.0,1210.0,90.0,1
15.0,1048.0,43.0,45.0,5.0,510.0,75.0,0
7.0,765.0,79.0,153.0,4.0,493.0,114.0,1
17.0,2630.0,60.0,134.0,5.0,970.0,83.0,0
15.0,576.0,268.0,173.0,6.0,460.0,140.0,0
11.0,6565.0,273.0,71.0,7.0,1029.0,126.0,1
10.0,3384.0,54.0,80.0,1.0,460.0,190.0,0
15.0,150.0,18.0,258.0,6.0,530.0,235.0,0
14.0,491.0,79.0,217.0,5.0,1100.0,117.0,0
15.0,1385.0,175.0,209.0,4.0,1240.0,120.0,0
15.0,2097.0,202.0,154.0,7.0,635.0,75.0,1
15.0,3668.0,217.0,207.0,4.0,805.0,70.0,1
0.0,3814.0,197.0,58.0,4.0,800.0,117.0,0
5.0,2270.0,85.0,148.0,1.0,930.0,130.0,1
1.0,327.0,159.0,208.0,4.0,725.0,165.0,0
12.0,6261.0,195.0,208.0,5.0,1160.0,60.0,0
13.0,360.0,208.0,134.0,7.0,671.0,109.0,0
15.0,3511.0,261.0,252.0,3.0,1080.0,135.0,1
6.0,5198.0,130.0,16.0,3.0,1140.0,156.0,1
2.0,859.0,252.0,128.0,6.0,1030.0,373.0,1
15.0,1943.0,268.0,197.0,7.0,1005.0,90.0,1
5.0,2417.0,85.0,153.0,5.0,950.0,278.0,0
0.0,3949.0,228.0,85.0,5.0,345.0,135.0,0
5.0,1492.0,217.0,197.0,5.0,475.0,184.0,0
6.0,5514.0,176.0,16.0,3.0,860.0,78.0,1
10.0,2878.0,114.0,80.0,3.0,395.0,135.0,0
2.0,347.0,202.0,252.0,7.0,420.0,120.0,0
15.0,2012.0,129.0,104.0,5.0,1195.0,135.0,1
1.0,2013.0,208.0,153.0,3.0,1140.0,240.0,1
3.0,41.0,148.0,173.0,5.0,555.0,181.0,0
13.0,138.0,79.0,159.0,3.0,800.0,219.0,1
5.0,1070.0,16.0,147.0,5.0,1371.0,68.0,0
15.0,973.0,45.0,159.0,3.0,1060.0,75.0,1
12.0,6254.0,100.0,253.0,7.0,464.0,68.0,0
10.0,4182.0,208.0,0.0,1.0,540.0,115.0,0
11.0,6419.0,71.0,268.0,6.0,575.0,94.0,0
5.0,2425.0,45.0,16.0,3.0,1050.0,129.0,0
6.0,5066.0,288.0,16.0,6.0,551.0,74.0,1
5.0,2015.0,134.0,16.0,3.0,970.0,125.0,0
13.0,687.0,208.0,197.0,3.0,1145.0,94.0,0
0.0,3986.0,99.0,197.0,5.0,660.0,66.0,0
10.0,2834.0,80.0,181.0,6.0,1160.0,85.0,1
13.0,514.0,217.0,208.0,7.0,948.0,202.0,1
5.0,1857.0,261.0,252.0,3.0,506.0,137.0,1
0.0,4184.0,244.0,177.0,6.0,975.0,115.0,0
5.0,2217.0,85.0,153.0,4.0,515.0,285.0,1
6.0,7365.0,190.0,177.0,5.0,995.0,80.0,0
10.0,3236.0,118.0,80.0,5.0,730.0,50.0,0
2.0,676.0,252.0,79.0,4.0,460.0,155.0,0
6.0,5205.0,16.0,200.0,1.0,970.0,76.0,0
6.0,5059.0,120.0,16.0,3.0,1070.0,93.0,0
16.0,2285.0,182.0,58.0,1.0,1037.0,107.0,1
5.0,2763.0,148.0,154.0,4.0,540.0,393.0,0
13.0,397.0,153.0,208.0,7.0,687.0,223.0,1
11.0,6257.0,197.0,71.0,1.0,535.0,120.0,0
15.0,2805.0,172.0,184.0,6.0,750.0,80.0,1
10.0,2995.0,84.0,80.0,7.0,1005.0,125.0,0
16.0,2674.0,135.0,279.0,5.0,450.0,88.0,0
2.0,609.0,153.0,252.0,5.0,1135.0,159.0,0
14.0,1602.0,60.0,233.0,5.0,1189.0,48.0,1
10.0,4593.0,159.0,233.0,4.0,820.0,105.0,0
10.0,2708.0,71.0,80.0,3.0,960.0,165.0,0
15.0,2461.0,277.0,141.0,3.0,1225.0,150.0,1
1.0,539.0,80.0,153.0,4.0,1095.0,180.0,0
0.0,3657.0,273.0,16.0,4.0,763.0,154.0,1
4.0,440.0,261.0,135.0,7.0,449.0,176.0,0
4.0,294.0,154.0,135.0,4.0,490.0,189.0,0
10.0,2955.0,80.0,170.0,1.0,590.0,75.0,0
12.0,6616.0,83.0,79.0,3.0,945.0,60.0,0
15.0,1006.0,91.0,18.0,3.0,735.0,85.0,1
16.0,2938.0,135.0,132.0,4.0,1170.0,103.0,0
17.0,7211.0,228.0,134.0,4.0,1156.0,93.0,0
14.0,1516.0,45.0,216.0,5.0,450.0,52.0,0
12.0,6399.0,208.0,172.0,5.0,360.0,88.0,0
1.0,2546.0,173.0,148.0,5.0,505.0,150.0,0
15.0,633.0,202.0,236.0,6.0,840.0,50.0,1
2.0,501.0,264.0,252.0,6.0,600.0,168.0,0
1.0,1304.0,279.0,80.0,4.0,1030.0,70.0,0
14.0,224.0,217.0,35.0,3.0,975.0,284.0,0
15.0,2141.0,173.0,141.0,6.0,1160.0,145.0,0
16.0,2982.0,58.0,78.0,3.0,1005.0,72.0,0
1.0,1755.0,80.0,178.0,7.0,575.0,95.0,0
5.0,67.0,16.0,277.0,7.0,990.0,90.0,0
10.0,3705.0,78.0,208.0,4.0,1100.0,135.0,1
11.0,6680.0,85.0,120.0,4.0,605.0,113.0,0
1.0,1765.0,134.0,260.0,3.0,475.0,230.0,1
16.0,2996.0,135.0,162.0,6.0,635.0,73.0,0
10.0,3924.0,279.0,208.0,3.0,1195.0,110.0,1
15.0,2810.0,153.0,44.0,5.0,410.0,65.0,0
5.0,1900.0,16.0,35.0,4.0,675.0,154.0,0
14.0,335.0,154.0,217.0,5.0,470.0,88.0,0
5.0,1889.0,71.0,16.0,7.0,360.0,101.0,0
16.0,2941.0,80.0,135.0,6.0,635.0,64.0,0
10.0,3884.0,58.0,208.0,5.0,360.0,85.0,0
8.0,1423.0,277.0,139.0,3.0,845.0,136.0,0
1.0,741.0,80.0,178.0,7.0,975.0,95.0,0
1.0,1887.0,80.0,153.0,5.0,395.0,175.0,0
15.0,2131.0,129.0,217.0,6.0,1135.0,175.0,1
12.0,6966.0,252.0,253.0,5.0,604.0,131.0,1
13.0,472.0,262.0,208.0,4.0,376.0,245.0,0
14.0,2024.0,78.0,35.0,4.0,510.0,82.0,0
1.0,1344.0,244.0,80.0,1.0,705.0,70.0,1
1.0,2413.0,80.0,154.0,6.0,565.0,200.0,1
15.0,703.0,279.0,79.0,3.0,465.0,110.0,0
1.0,1466.0,80.0,35.0,1.0,380.0,200.0,1
1.0,1877.0,60.0,80.0,5.0,1160.0,180.0,0
10.0,3921.0,177.0,208.0,5.0,990.0,115.0,0
5.0,2431.0,159.0,85.0,4.0,755.0,118.0,1
13.0,532.0,208.0,35.0,7.0,611.0,136.0,0
1.0,2364.0,80.0,208.0,7.0,1040.0,145.0,0
6.0,5442.0,96.0,177.0,7.0,640.0,190.0,1
14.0,980.0,233.0,60.0,3.0,970.0,63.0,1
1.0,356.0,208.0,159.0,7.0,995.0,130.0,0
12.0,6851.0,264.0,253.0,1.0,734.0,85.0,1
13.0,234.0,208.0,159.0,5.0,513.0,132.0,0
3.0,1276.0,173.0,35.0,4.0,661.0,162.0,0
1.0,2462.0,154.0,80.0,5.0,1090.0,170.0,0
10.0,2730.0,146.0,80.0,4.0,1100.0,95.0,0
8.0,435.0,184.0,16.0,4.0,890.0,121.0,1
0.0,4270.0,221.0,177.0,5.0,1052.0,137.0,1
5.0,1231.0,261.0,198.0,3.0,835.0,194.0,1
8.0,573.0,184.0,154.0,7.0,530.0,262.0,0
16.0,2556.0,197.0,96.0,4.0,1110.0,153.0,0
15.0,385.0,159.0,45.0,4.0,960.0,80.0,1
2.0,872.0,14.0,203.0,4.0,610.0,368.0,0
17.0,2866.0,217.0,103.0,5.0,1360.0,58.0,0
6.0,5393.0,180.0,16.0,5.0,330.0,57.0,1
12.0,6330.0,253.0,224.0,1.0,567.0,113.0,1
15.0,735.0,134.0,79.0,1.0,360.0,240.0,0
6.0,5380.0,146.0,16.0,5.0,942.0,86.0,0
1.0,654.0,217.0,80.0,7.0,360.0,130.0,0
11.0,6424.0,80.0,177.0,7.0,990.0,92.0,0
5.0,1216.0,261.0,35.0,3.0,1030.0,275.0,1
15.0,3754.0,209.0,277.0,7.0,545.0,135.0,0
16.0,3018.0,85.0,96.0,4.0,570.0,100.0,0
14.0,2024.0,78.0,35.0,7.0,510.0,82.0,0
15.0,2198.0,268.0,58.0,7.0,540.0,95.0,0
10.0,3209.0,80.0,285.0,6.0,910.0,120.0,1
8.0,1011.0,76.0,277.0,5.0,480.0,148.0,0
1.0,1084.0,258.0,80.0,4.0,1040.0,190.0,0
14.0,1511.0,159.0,60.0,4.0,680.0,124.0,0
6.0,4964.0,16.0,157.0,1.0,900.0,74.0,1
15.0,1752.0,75.0,18.0,3.0,1010.0,55.0,1
13.0,514.0,217.0,208.0,3.0,954.0,208.0,0
14.0,1890.0,60.0,96.0,7.0,1090.0,118.0,0
9.0,280.0,203.0,150.0,5.0,935.0,32.0,1
15.0,1568.0,268.0,45.0,4.0,995.0,115.0,0
6.0,5037.0,16.0,157.0,3.0,1150.0,78.0,0
16.0,2986.0,135.0,60.0,4.0,655.0,139.0,1
6.0,5504.0,180.0,16.0,4.0,653.0,62.0,0
1.0,1066.0,80.0,33.0,6.0,615.0,100.0,1
5.0,2531.0,159.0,85.0,1.0,870.0,118.0,1
13.0,491.0,79.0,217.0,3.0,492.0,129.0,0
15.0,452.0,170.0,75.0,1.0,400.0,70.0,0
15.0,793.0,146.0,129.0,7.0,810.0,80.0,0
5.0,1391.0,35.0,159.0,7.0,930.0,69.0,0
10.0,4318.0,208.0,45.0,6.0,845.0,115.0,0
9.0,257.0,150.0,128.0,4.0,810.0,42.0,0
7.0,400.0,154.0,79.0,4.0,545.0,140.0,0
1.0,161.0,154.0,203.0,5.0,1035.0,360.0,0
16.0,3085.0,228.0,96.0,7.0,620.0,65.0,0
16.0,2377.0,84.0,135.0,4.0,385.0,150.0,0
12.0,7048.0,79.0,136.0,1.0,616.0,80.0,0
10.0,3235.0,80.0,5.0,3.0,745.0,40.0,0
5.0,1611.0,16.0,223.0,5.0,1373.0,75.0,0
4.0,1093.0,61.0,135.0,3.0,365.0,168.0,1
15.0,399.0,264.0,253.0,3.0,555.0,90.0,0
16.0,2967.0,135.0,155.0,7.0,530.0,89.0,0
3.0,399.0,159.0,173.0,4.0,1265.0,165.0,1
5.0,1326.0,233.0,16.0,3.0,1035.0,93.0,0
2.0,62.0,98.0,14.0,6.0,360.0,70.0,0
10.0,3639.0,183.0,60.0,3.0,1290.0,125.0,0
12.0,7008.0,252.0,214.0,1.0,510.0,48.0,0
14.0,2132.0,159.0,35.0,3.0,900.0,72.0,0
1.0,555.0,61.0,80.0,4.0,420.0,180.0,1
15.0,2450.0,280.0,153.0,1.0,795.0,80.0,0
8.0,695.0,267.0,16.0,4.0,1070.0,98.0,0
12.0,6482.0,79.0,65.0,4.0,600.0,38.0,0
12.0,6943.0,253.0,194.0,5.0,1191.0,43.0,0
11.0,6269.0,197.0,172.0,6.0,915.0,92.0,0
12.0,6229.0,231.0,253.0,7.0,828.0,79.0,0
2.0,1.0,78.0,252.0,7.0,480.0,360.0,0
6.0,4971.0,205.0,16.0,7.0,1048.0,142.0,0
6.0,5263.0,130.0,16.0,3.0,690.0,154.0,1
15.0,1648.0,264.0,153.0,6.0,500.0,70.0,1
3.0,396.0,173.0,159.0,4.0,1155.0,148.0,1
3.0,61.0,148.0,104.0,7.0,772.0,184.0,1
15.0,744.0,129.0,277.0,7.0,1205.0,110.0,1
17.0,2677.0,60.0,172.0,6.0,790.0,161.0,0
15.0,1330.0,214.0,262.0,5.0,425.0,85.0,0
13.0,537.0,35.0,253.0,7.0,484.0,408.0,0
15.0,1592.0,104.0,173.0,3.0,935.0,60.0,1
14.0,2185.0,159.0,78.0,7.0,1080.0,78.0,0
15.0,1001.0,214.0,172.0,1.0,530.0,200.0,1
1.0,1034.0,80.0,135.0,7.0,880.0,65.0,1
0.0,4389.0,82.0,197.0,4.0,410.0,60.0,0
1.0,692.0,183.0,96.0,1.0,715.0,185.0,0
11.0,6477.0,290.0,71.0,1.0,1005.0,111.0,1
14.0,1028.0,216.0,173.0,6.0,820.0,152.0,1
16.0,5939.0,218.0,208.0,3.0,1102.0,58.0,1
13.0,814.0,154.0,79.0,1.0,689.0,145.0,0
16.0,3068.0,135.0,131.0,4.0,565.0,73.0,0
15.0,1928.0,261.0,2.0,6.0,770.0,85.0,0
16.0,2751.0,190.0,135.0,4.0,1075.0,90.0,0
6.0,5359.0,69.0,16.0,6.0,830.0,95.0,0
0.0,3753.0,184.0,177.0,4.0,660.0,115.0,0
12.0,6333.0,154.0,243.0,3.0,821.0,46.0,1
16.0,2656.0,135.0,16.0,5.0,900.0,121.0,0
15.0,1896.0,258.0,207.0,6.0,1045.0,70.0,1
17.0,2697.0,18.0,217.0,5.0,1124.0,156.0,0
14.0,90.0,217.0,214.0,7.0,885.0,165.0,1
12.0,4551.0,232.0,261.0,6.0,385.0,101.0,1
12.0,6908.0,253.0,236.0,5.0,618.0,55.0,0
10.0,3278.0,80.0,38.0,7.0,930.0,95.0,0
4.0,759.0,78.0,135.0,4.0,360.0,206.0,1
0.0,3741.0,16.0,129.0,1.0,460.0,141.0,0
4.0,1700.0,104.0,96.0,1.0,480.0,165.0,1
16.0,3074.0,96.0,228.0,6.0,495.0,65.0,0
16.0,2970.0,155.0,135.0,4.0,660.0,84.0,0
2.0,606.0,252.0,153.0,1.0,595.0,149.0,0
17.0,1015.0,128.0,203.0,6.0,835.0,35.0,0
16.0,2391.0,96.0,76.0,6.0,985.0,110.0,1
5.0,1818.0,173.0,16.0,3.0,570.0,93.0,0
12.0,6740.0,57.0,154.0,5.0,670.0,40.0,1
1.0,707.0,159.0,80.0,7.0,420.0,250.0,0
12.0,7037.0,67.0,79.0,4.0,378.0,69.0,0
5.0,2593.0,16.0,79.0,6.0,660.0,207.0,1
15.0,735.0,134.0,79.0,4.0,360.0,240.0,0
1.0,1288.0,198.0,80.0,4.0,1015.0,100.0,0
16.0,3080.0,96.0,42.0,3.0,1265.0,77.0,1
11.0,6270.0,71.0,209.0,3.0,935.0,94.0,1
6.0,5059.0,120.0,16.0,5.0,1070.0,93.0,1
6.0,7387.0,71.0,268.0,4.0,970.0,89.0,0
14.0,2141.0,35.0,159.0,5.0,1140.0,81.0,1
10.0,2716.0,80.0,94.0,4.0,895.0,110.0,0
9.0,10.0,128.0,154.0,4.0,480.0,325.0,0
15.0,960.0,228.0,175.0,1.0,1005.0,165.0,1
12.0,6406.0,253.0,93.0,7.0,649.0,91.0,0
1.0,2004.0,208.0,183.0,4.0,940.0,185.0,0
12.0,4847.0,197.0,192.0,5.0,545.0,91.0,0
16.0,5989.0,208.0,247.0,6.0,635.0,43.0,1
13.0,33.0,80.0,79.0,1.0,375.0,136.0,0
1.0,1798.0,154.0,253.0,7.0,1145.0,85.0,1
1.0,1288.0,198.0,80.0,1.0,1015.0,100.0,0
10.0,4631.0,159.0,233.0,1.0,625.0,110.0,0
15.0,2807.0,153.0,2.0,4.0,725.0,85.0,0
14.0,92.0,217.0,214.0,1.0,1080.0,163.0,0
14.0,972.0,147.0,60.0,6.0,420.0,83.0,0
10.0,3270.0,80.0,190.0,6.0,780.0,95.0,1
14.0,1524.0,79.0,60.0,5.0,625.0,188.0,0
4.0,697.0,135.0,153.0,7.0,895.0,207.0,0
13.0,675.0,43.0,208.0,1.0,362.0,113.0,0
14.0,834.0,60.0,228.0,4.0,1189.0,111.0,1
15.0,1628.0,75.0,129.0,5.0,375.0,60.0,0
4.0,44.0,183.0,96.0,1.0,815.0,178.0,1
5.0,2806.0,253.0,197.0,4.0,360.0,222.0,1
12.0,6230.0,93.0,214.0,4.0,728.0,41.0,1
17.0,2691.0,60.0,251.0,4.0,1340.0,89.0,0
5.0,124.0,154.0,16.0,6.0,540.0,254.0,1
15.0,1383.0,79.0,139.0,1.0,850.0,140.0,1
4.0,767.0,135.0,252.0,5.0,900.0,281.0,0
15.0,1868.0,251.0,27.0,1.0,650.0,70.0,1
8.0,234.0,234.0,16.0,6.0,385.0,107.0,0
14.0,438.0,153.0,216.0,1.0,542.0,279.0,0
15.0,1357.0,207.0,153.0,5.0,475.0,60.0,0
12.0,6486.0,79.0,67.0,7.0,939.0,56.0,1
10.0,3216.0,129.0,80.0,7.0,730.0,70.0,1
7.0,498.0,48.0,79.0,6.0,1135.0,199.0,0
15.0,1752.0,91.0,75.0,7.0,830.0,90.0,1
15.0,1020.0,205.0,217.0,4.0,865.0,175.0,1
12.0,6502.0,208.0,85.0,5.0,806.0,76.0,1
15.0,1414.0,244.0,75.0,5.0,505.0,55.0,0
0.0,3951.0,184.0,177.0,3.0,1000.0,127.0,1
10.0,3276.0,84.0,80.0,7.0,905.0,120.0,0
10.0,3084.0,243.0,154.0,4.0,525.0,50.0,0
16.0,3006.0,38.0,135.0,4.0,340.0,70.0,0
3.0,1438.0,160.0,253.0,1.0,440.0,81.0,0
15.0,1532.0,45.0,153.0,1.0,1085.0,330.0,1
13.0,675.0,43.0,208.0,3.0,362.0,113.0,0
0.0,4196.0,285.0,16.0,1.0,340.0,57.0,0
10.0,2775.0,80.0,239.0,3.0,1200.0,90.0,0
5.0,2426.0,104.0,16.0,3.0,455.0,124.0,0
11.0,6744.0,78.0,61.0,5.0,537.0,92.0,0
15.0,905.0,79.0,204.0,3.0,1220.0,85.0,1
9.0,189.0,150.0,128.0,3.0,958.0,42.0,0
1.0,1014.0,252.0,208.0,5.0,890.0,240.0,1
5.0,2505.0,197.0,253.0,5.0,1290.0,247.0,1
0.0,3806.0,177.0,147.0,5.0,1140.0,105.0,1
5.0,1036.0,261.0,16.0,6.0,912.0,223.0,0
6.0,5340.0,237.0,16.0,7.0,1078.0,96.0,1
12.0,6328.0,280.0,79.0,3.0,529.0,120.0,1
0.0,3751.0,238.0,85.0,1.0,375.0,103.0,1
13.0,200.0,252.0,208.0,4.0,826.0,238.0,0
13.0,823.0,35.0,134.0,7.0,847.0,114.0,1
15.0,2403.0,45.0,12.0,6.0,910.0,70.0,1
10.0,3396.0,170.0,80.0,7.0,430.0,75.0,0
15.0,1608.0,27.0,251.0,6.0,685.0,70.0,1
1.0,2546.0,173.0,148.0,7.0,505.0,150.0,0
10.0,4314.0,221.0,148.0,3.0,740.0,90.0,0
5.0,47.0,16.0,35.0,3.0,1145.0,157.0,0
5.0,2227.0,16.0,104.0,5.0,965.0,114.0,0
1.0,2088.0,183.0,159.0,5.0,660.0,180.0,1
15.0,733.0,153.0,173.0,1.0,985.0,265.0,1
0.0,3829.0,0.0,85.0,5.0,747.0,113.0,1
6.0,5248.0,16.0,200.0,1.0,735.0,70.0,0
17.0,7266.0,208.0,172.0,7.0,913.0,87.0,0
12.0,4671.0,196.0,261.0,6.0,390.0,82.0,0
15.0,2887.0,264.0,79.0,4.0,1045.0,135.0,0
1.0,1539.0,183.0,208.0,1.0,1050.0,205.0,0
1.0,1912.0,80.0,173.0,3.0,675.0,145.0,0
10.0,3234.0,5.0,80.0,5.0,815.0,45.0,0
5.0,64.0,153.0,16.0,3.0,742.0,232.0,0
9.0,596.0,128.0,203.0,5.0,1210.0,37.0,0
7.0,619.0,139.0,79.0,4.0,988.0,167.0,1
5.0,1004.0,279.0,16.0,4.0,420.0,122.0,0
5.0,2351.0,233.0,16.0,1.0,585.0,90.0,0
10.0,2719.0,80.0,285.0,3.0,475.0,115.0,0
15.0,2353.0,173.0,61.0,3.0,1155.0,135.0,1
6.0,7314.0,16.0,278.0,4.0,1155.0,67.0,0
12.0,6473.0,140.0,154.0,6.0,866.0,65.0,0
6.0,5100.0,132.0,16.0,3.0,788.0,70.0,0
12.0,4775.0,243.0,154.0,7.0,730.0,49.0,0
16.0,5972.0,208.0,237.0,5.0,1180.0,95.0,1
12.0,7037.0,79.0,280.0,3.0,505.0,117.0,0
5.0,735.0,261.0,214.0,5.0,905.0,115.0,1
13.0,326.0,134.0,80.0,4.0,512.0,223.0,1
13.0,161.0,252.0,134.0,5.0,1410.0,287.0,0
3.0,1207.0,130.0,241.0,6.0,900.0,189.0,0
5.0,2588.0,16.0,262.0,1.0,510.0,327.0,0
0.0,4140.0,56.0,85.0,6.0,820.0,97.0,0
10.0,2852.0,254.0,80.0,5.0,460.0,95.0,0
13.0,453.0,79.0,34.0,6.0,1132.0,126.0,0
3.0,687.0,35.0,78.0,5.0,925.0,99.0,0
6.0,5335.0,16.0,4.0,5.0,935.0,53.0,0
15.0,310.0,172.0,79.0,7.0,625.0,120.0,0
12.0,6436.0,79.0,84.0,6.0,621.0,106.0,0
15.0,378.0,75.0,27.0,3.0,1105.0,90.0,1
1.0,759.0,80.0,154.0,5.0,1185.0,205.0,1
5.0,1132.0,16.0,120.0,6.0,1215.0,78.0,0
3.0,402.0,198.0,35.0,4.0,879.0,189.0,0
3.0,1251.0,35.0,134.0,6.0,509.0,102.0,0
6.0,5210.0,146.0,177.0,6.0,713.0,71.0,0
11.0,6573.0,71.0,208.0,1.0,980.0,82.0,0
6.0,5431.0,195.0,16.0,6.0,410.0,137.0,0
6.0,7131.0,134.0,47.0,4.0,737.0,87.0,0
1.0,521.0,183.0,79.0,4.0,945.0,265.0,0
12.0,6281.0,18.0,208.0,1.0,829.0,155.0,0
15.0,2095.0,75.0,162.0,1.0,495.0,60.0,1
5.0,1609.0,197.0,79.0,7.0,860.0,123.0,1
12.0,6945.0,204.0,79.0,4.0,1019.0,99.0,1
0.0,3951.0,184.0,177.0,5.0,1000.0,127.0,1
14.0,543.0,80.0,153.0,7.0,900.0,176.0,0
15.0,198.0,277.0,184.0,1.0,840.0,165.0,0
16.0,2889.0,280.0,135.0,5.0,365.0,139.0,0
5.0,1508.0,195.0,85.0,4.0,982.0,82.0,1
3.0,465.0,35.0,241.0,3.0,505.0,220.0,0
10.0,3304.0,118.0,80.0,5.0,1175.0,50.0,0
8.0,810.0,35.0,45.0,4.0,990.0,85.0,0
4.0,312.0,96.0,37.0,6.0,1229.0,222.0,1
17.0,2821.0,160.0,217.0,3.0,405.0,87.0,0
10.0,4076.0,99.0,208.0,5.0,370.0,130.0,0
14.0,61.0,60.0,277.0,7.0,780.0,99.0,0
5.0,1967.0,85.0,208.0,5.0,450.0,80.0,0
12.0,4562.0,262.0,261.0,6.0,990.0,99.0,1
4.0,444.0,135.0,208.0,6.0,1155.0,150.0,1
15.0,1056.0,153.0,207.0,5.0,520.0,55.0,1
15.0,3411.0,173.0,172.0,7.0,550.0,185.0,0
6.0,5303.0,16.0,10.0,3.0,1125.0,107.0,1
14.0,1747.0,216.0,153.0,4.0,470.0,342.0,0
7.0,428.0,79.0,16.0,3.0,800.0,168.0,0
1.0,1598.0,80.0,197.0,6.0,1235.0,135.0,1
14.0,473.0,153.0,253.0,5.0,990.0,95.0,0
2.0,657.0,217.0,214.0,4.0,1090.0,170.0,0
13.0,624.0,208.0,78.0,3.0,1085.0,111.0,0
6.0,7131.0,47.0,134.0,3.0,855.0,83.0,1
11.0,6505.0,216.0,177.0,4.0,660.0,173.0,0
4.0,1795.0,135.0,154.0,7.0,1075.0,218.0,1
13.0,623.0,78.0,208.0,1.0,952.0,125.0,0
6.0,4981.0,121.0,16.0,6.0,990.0,61.0,1
15.0,2515.0,35.0,175.0,6.0,705.0,170.0,0
16.0,5992.0,117.0,208.0,6.0,360.0,60.0,0
16.0,2939.0,96.0,147.0,6.0,600.0,145.0,0
15.0,3742.0,277.0,33.0,7.0,1080.0,110.0,1
15.0,1774.0,217.0,252.0,7.0,720.0,195.0,1
15.0,2871.0,2.0,202.0,3.0,1150.0,155.0,1
12.0,6990.0,218.0,79.0,3.0,524.0,157.0,0
12.0,4563.0,261.0,196.0,6.0,1188.0,90.0,1
12.0,6540.0,29.0,79.0,3.0,400.0,107.0,0
12.0,6674.0,100.0,79.0,1.0,370.0,134.0,0
6.0,5249.0,138.0,16.0,5.0,677.0,92.0,0
4.0,217.0,198.0,96.0,3.0,855.0,181.0,1
17.0,7236.0,238.0,208.0,3.0,360.0,117.0,0
0.0,4035.0,87.0,177.0,6.0,685.0,90.0,0
9.0,201.0,143.0,128.0,5.0,433.0,49.0,0
10.0,4109.0,84.0,208.0,5.0,845.0,85.0,0
11.0,6459.0,96.0,71.0,6.0,779.0,129.0,0
13.0,479.0,253.0,252.0,3.0,1215.0,134.0,1
1.0,1930.0,183.0,35.0,3.0,935.0,190.0,1
15.0,1747.0,175.0,85.0,3.0,875.0,65.0,1
15.0,824.0,221.0,217.0,5.0,835.0,300.0,0
12.0,4816.0,261.0,79.0,7.0,920.0,88.0,1
16.0,2008.0,135.0,147.0,5.0,985.0,118.0,1
8.0,679.0,184.0,173.0,5.0,1129.0,164.0,1
5.0,749.0,145.0,261.0,5.0,420.0,57.0,0
5.0,1493.0,85.0,172.0,5.0,723.0,130.0,1
0.0,3709.0,134.0,85.0,3.0,1160.0,94.0,1
16.0,2473.0,182.0,96.0,1.0,960.0,87.0,1
12.0,6893.0,6.0,253.0,3.0,360.0,82.0,1
5.0,2997.0,148.0,214.0,6.0,1110.0,382.0,0
3.0,1121.0,234.0,104.0,5.0,565.0,136.0,0
15.0,774.0,221.0,175.0,1.0,1080.0,95.0,1
1.0,785.0,159.0,80.0,5.0,1060.0,255.0,1
15.0,1127.0,18.0,75.0,1.0,390.0,55.0,0
17.0,1014.0,203.0,128.0,3.0,1020.0,32.0,0
5.0,2799.0,197.0,217.0,1.0,875.0,201.0,0
1.0,358.0,208.0,159.0,1.0,940.0,130.0,0
0.0,4342.0,277.0,233.0,5.0,1005.0,110.0,0
14.0,1695.0,60.0,241.0,5.0,870.0,114.0,1
4.0,150.0,135.0,207.0,7.0,900.0,215.0,0
0.0,3653.0,135.0,16.0,1.0,766.0,132.0,0
16.0,2985.0,96.0,85.0,7.0,1260.0,124.0,1
3.0,904.0,208.0,148.0,1.0,550.0,122.0,0
4.0,1847.0,173.0,58.0,1.0,1075.0,140.0,0
13.0,903.0,134.0,79.0,7.0,995.0,239.0,0
6.0,5499.0,78.0,268.0,7.0,1205.0,148.0,1
5.0,1257.0,233.0,16.0,1.0,510.0,94.0,0
14.0,1627.0,96.0,60.0,7.0,895.0,115.0,1
5.0,1402.0,277.0,177.0,4.0,420.0,122.0,0
16.0,3077.0,96.0,16.0,6.0,1200.0,151.0,0
10.0,2949.0,80.0,285.0,4.0,760.0,120.0,0
12.0,6431.0,154.0,244.0,1.0,853.0,163.0,1
13.0,386.0,79.0,35.0,6.0,755.0,229.0,0
0.0,3838.0,85.0,247.0,4.0,730.0,57.0,1
5.0,152.0,154.0,16.0,1.0,780.0,261.0,0
11.0,6325.0,208.0,71.0,5.0,1035.0,86.0,0
15.0,798.0,153.0,262.0,1.0,405.0,90.0,0
5.0,2635.0,139.0,16.0,3.0,485.0,108.0,0
5.0,2194.0,16.0,216.0,1.0,655.0,133.0,0
12.0,6525.0,18.0,208.0,7.0,1010.0,155.0,0
12.0,6369.0,79.0,280.0,1.0,915.0,118.0,1
5.0,1144.0,16.0,182.0,7.0,1233.0,150.0,0
1.0,937.0,35.0,183.0,4.0,420.0,215.0,0
3.0,231.0,261.0,160.0,7.0,420.0,117.0,0
14.0,834.0,60.0,228.0,7.0,1189.0,111.0,0
4.0,1138.0,80.0,96.0,1.0,919.0,190.0,1
1.0,1610.0,268.0,208.0,1.0,525.0,75.0,0
1.0,1073.0,136.0,80.0,7.0,690.0,80.0,0
10.0,3979.0,71.0,208.0,6.0,1200.0,90.0,1
10.0,3156.0,154.0,242.0,5.0,600.0,120.0,0
15.0,1033.0,264.0,258.0,5.0,1215.0,75.0,0
16.0,2116.0,135.0,65.0,4.0,1112.0,141.0,0
15.0,2105.0,104.0,198.0,1.0,910.0,135.0,1
5.0,2183.0,198.0,159.0,6.0,690.0,167.0,0
1.0,2265.0,216.0,208.0,4.0,450.0,160.0,0
14.0,623.0,268.0,217.0,4.0,880.0,203.0,0
13.0,934.0,128.0,154.0,5.0,420.0,343.0,0
1.0,1308.0,153.0,154.0,5.0,640.0,70.0,0
12.0,6712.0,208.0,56.0,7.0,905.0,58.0,1
17.0,2677.0,245.0,60.0,4.0,667.0,74.0,0
13.0,9.0,45.0,79.0,4.0,1118.0,247.0,0
5.0,2822.0,217.0,85.0,6.0,733.0,232.0,0
1.0,1789.0,80.0,243.0,4.0,535.0,190.0,0
16.0,2863.0,190.0,135.0,4.0,885.0,90.0,1
5.0,2283.0,16.0,198.0,6.0,510.0,106.0,0
5.0,2222.0,16.0,60.0,4.0,505.0,86.0,0
11.0,6329.0,71.0,197.0,7.0,915.0,128.0,1
13.0,472.0,208.0,61.0,3.0,785.0,76.0,0
1.0,1257.0,78.0,183.0,5.0,1200.0,165.0,0
15.0,317.0,217.0,198.0,3.0,880.0,175.0,1
10.0,3905.0,76.0,208.0,1.0,475.0,80.0,0
10.0,4536.0,233.0,78.0,5.0,1080.0,60.0,0
15.0,358.0,175.0,172.0,7.0,695.0,90.0,0
0.0,3988.0,85.0,237.0,1.0,910.0,95.0,1
1.0,572.0,153.0,208.0,4.0,590.0,215.0,0
1.0,489.0,216.0,183.0,6.0,1115.0,185.0,0
15.0,2116.0,33.0,172.0,3.0,860.0,105.0,1
12.0,6378.0,253.0,65.0,1.0,772.0,146.0,1
8.0,144.0,16.0,85.0,5.0,1325.0,114.0,1
12.0,6950.0,79.0,107.0,3.0,936.0,85.0,0
2.0,632.0,252.0,217.0,1.0,450.0,170.0,0
13.0,449.0,12.0,208.0,1.0,460.0,145.0,1
12.0,6397.0,248.0,154.0,1.0,1035.0,65.0,0
16.0,2954.0,135.0,190.0,5.0,1125.0,80.0,0
9.0,513.0,128.0,161.0,4.0,605.0,37.0,0
14.0,403.0,217.0,253.0,6.0,525.0,130.0,0
4.0,308.0,214.0,135.0,1.0,360.0,238.0,1
5.0,1458.0,241.0,16.0,5.0,809.0,110.0,0
5.0,1254.0,16.0,209.0,5.0,580.0,108.0,0
6.0,5054.0,177.0,60.0,3.0,515.0,101.0,0
14.0,644.0,217.0,207.0,5.0,1080.0,71.0,0
5.0,2398.0,241.0,197.0,6.0,940.0,221.0,1
15.0,1244.0,233.0,45.0,7.0,960.0,60.0,1
16.0,2188.0,58.0,234.0,5.0,675.0,72.0,0
1.0,2541.0,139.0,80.0,6.0,680.0,150.0,0
6.0,5059.0,120.0,16.0,4.0,1070.0,93.0,1
6.0,5196.0,205.0,85.0,6.0,615.0,119.0,1
6.0,7357.0,268.0,177.0,5.0,1030.0,70.0,0
5.0,2025.0,16.0,135.0,4.0,837.0,138.0,0
15.0,1559.0,217.0,253.0,6.0,1155.0,130.0,1
16.0,2925.0,96.0,251.0,7.0,925.0,139.0,0
15.0,1229.0,35.0,45.0,4.0,825.0,90.0,1
13.0,892.0,253.0,35.0,6.0,800.0,344.0,0
5.0,1280.0,16.0,148.0,5.0,575.0,144.0,1
16.0,2345.0,268.0,135.0,7.0,695.0,122.0,0
14.0,224.0,34.0,217.0,5.0,807.0,118.0,1
15.0,651.0,258.0,217.0,6.0,500.0,105.0,1
0.0,4116.0,121.0,85.0,5.0,752.0,116.0,0
14.0,1440.0,33.0,60.0,1.0,360.0,74.0,0
5.0,735.0,261.0,214.0,1.0,905.0,115.0,0
14.0,163.0,243.0,60.0,3.0,675.0,267.0,1
0.0,4094.0,221.0,197.0,6.0,538.0,162.0,0
5.0,1218.0,85.0,213.0,4.0,605.0,182.0,0
14.0,1842.0,147.0,216.0,1.0,645.0,121.0,1
4.0,449.0,253.0,96.0,7.0,676.0,319.0,1
12.0,4855.0,261.0,28.0,6.0,591.0,84.0,0
1.0,2538.0,153.0,208.0,6.0,40.0,200.0,0
5.0,2356.0,197.0,233.0,7.0,900.0,153.0,0
12.0,6286.0,153.0,227.0,1.0,859.0,59.0,0
10.0,2736.0,155.0,80.0,5.0,800.0,65.0,0
13.0,261.0,154.0,173.0,6.0,515.0,286.0,0
15.0,2755.0,45.0,213.0,6.0,605.0,155.0,0
5.0,1146.0,16.0,54.0,5.0,1366.0,64.0,0
5.0,2949.0,85.0,252.0,1.0,920.0,300.0,1
15.0,3575.0,172.0,153.0,3.0,1165.0,195.0,1
15.0,1717.0,91.0,153.0,7.0,1110.0,115.0,1
17.0,2723.0,24.0,217.0,1.0,950.0,89.0,0
15.0,2558.0,243.0,79.0,6.0,995.0,140.0,1
12.0,6641.0,114.0,79.0,4.0,1192.0,54.0,0
10.0,4669.0,159.0,16.0,5.0,930.0,165.0,0
15.0,660.0,217.0,261.0,7.0,770.0,100.0,1
5.0,2437.0,60.0,16.0,7.0,360.0,82.0,0
6.0,4949.0,146.0,16.0,1.0,677.0,85.0,0
13.0,522.0,243.0,253.0,7.0,1117.0,98.0,1
12.0,6661.0,253.0,191.0,1.0,932.0,36.0,0
8.0,140.0,16.0,85.0,5.0,535.0,118.0,0
15.0,831.0,217.0,214.0,1.0,820.0,175.0,1
11.0,6548.0,148.0,221.0,5.0,885.0,108.0,0
17.0,2824.0,217.0,280.0,6.0,974.0,45.0,0
16.0,2302.0,135.0,33.0,7.0,510.0,100.0,0
11.0,6458.0,233.0,35.0,3.0,765.0,124.0,0
14.0,71.0,79.0,217.0,3.0,480.0,135.0,0
8.0,1586.0,16.0,30.0,6.0,1255.0,105.0,0
12.0,4527.0,197.0,33.0,3.0,625.0,133.0,0
0.0,3835.0,159.0,245.0,5.0,540.0,165.0,0
4.0,1766.0,252.0,135.0,6.0,810.0,247.0,1
8.0,1580.0,16.0,30.0,3.0,610.0,114.0,0
10.0,3377.0,283.0,80.0,3.0,1015.0,60.0,0
4.0,687.0,173.0,135.0,7.0,885.0,149.0,0
15.0,993.0,217.0,79.0,4.0,940.0,105.0,1
6.0,4977.0,16.0,176.0,4.0,1244.0,76.0,0
4.0,1468.0,96.0,153.0,7.0,895.0,348.0,0
3.0,495.0,35.0,79.0,3.0,435.0,280.0,0
3.0,1419.0,35.0,147.0,7.0,560.0,174.0,1
15.0,327.0,175.0,134.0,5.0,1230.0,110.0,1
12.0,4448.0,261.0,114.0,6.0,690.0,67.0,0
12.0,4641.0,261.0,100.0,7.0,1293.0,93.0,0
1.0,2264.0,80.0,233.0,4.0,1175.0,150.0,0
14.0,1776.0,104.0,60.0,4.0,1005.0,117.0,0
0.0,3720.0,285.0,85.0,1.0,435.0,108.0,0
1.0,643.0,183.0,208.0,1.0,455.0,200.0,0
12.0,4484.0,153.0,154.0,3.0,1180.0,75.0,1
1.0,1466.0,80.0,35.0,3.0,380.0,200.0,1
0.0,3808.0,32.0,85.0,5.0,395.0,87.0,0
12.0,6875.0,195.0,79.0,3.0,1150.0,157.0,1
14.0,1179.0,60.0,135.0,6.0,785.0,167.0,1
15.0,43.0,129.0,198.0,3.0,1110.0,60.0,1
5.0,1319.0,16.0,22.0,6.0,904.0,143.0,0
13.0,37.0,173.0,253.0,5.0,397.0,369.0,0
12.0,6340.0,19.0,208.0,4.0,981.0,109.0,0
8.0,920.0,16.0,172.0,5.0,1255.0,134.0,0
16.0,5898.0,237.0,208.0,7.0,1070.0,116.0,0
15.0,827.0,216.0,33.0,1.0,540.0,145.0,1
11.0,6546.0,221.0,85.0,6.0,815.0,70.0,0
16.0,2081.0,65.0,135.0,1.0,360.0,137.0,1
12.0,6258.0,88.0,79.0,4.0,755.0,53.0,0
0.0,4097.0,177.0,279.0,7.0,1165.0,85.0,0
16.0,2250.0,228.0,96.0,1.0,797.0,88.0,1
15.0,384.0,268.0,175.0,7.0,540.0,60.0,0
15.0,465.0,172.0,277.0,5.0,755.0,155.0,1
14.0,1406.0,216.0,35.0,3.0,1230.0,73.0,1
1.0,276.0,154.0,183.0,3.0,1340.0,280.0,1
12.0,4795.0,46.0,261.0,1.0,470.0,75.0,0
16.0,2730.0,135.0,217.0,7.0,455.0,170.0,0
17.0,1005.0,203.0,128.0,6.0,853.0,32.0,0
15.0,47.0,75.0,129.0,1.0,1080.0,65.0,1
5.0,1914.0,34.0,261.0,4.0,920.0,65.0,0
16.0,2026.0,135.0,268.0,6.0,445.0,121.0,0
11.0,6628.0,80.0,71.0,5.0,420.0,131.0,0
4.0,787.0,96.0,264.0,1.0,1020.0,375.0,0
5.0,1596.0,85.0,172.0,5.0,1060.0,125.0,1
14.0,450.0,217.0,261.0,5.0,880.0,97.0,0
5.0,1257.0,233.0,16.0,3.0,510.0,94.0,0
2.0,61.0,291.0,50.0,5.0,721.0,52.0,0
12.0,6696.0,79.0,199.0,1.0,877.0,55.0,1
3.0,137.0,148.0,241.0,1.0,926.0,198.0,1
16.0,2671.0,22.0,96.0,1.0,633.0,57.0,0
4.0,1527.0,45.0,135.0,3.0,890.0,212.0,0
6.0,5355.0,290.0,85.0,7.0,1056.0,128.0,0
15.0,413.0,154.0,33.0,7.0,775.0,230.0,1
1.0,323.0,33.0,80.0,1.0,430.0,135.0,0
15.0,3411.0,172.0,154.0,7.0,705.0,225.0,1
15.0,1930.0,262.0,44.0,1.0,885.0,70.0,0
8.0,618.0,184.0,198.0,3.0,805.0,135.0,0
12.0,6898.0,208.0,184.0,3.0,911.0,42.0,1
4.0,1493.0,173.0,96.0,3.0,690.0,155.0,1
15.0,48.0,173.0,129.0,3.0,955.0,155.0,1
12.0,6362.0,246.0,154.0,5.0,1256.0,44.0,0
9.0,161.0,143.0,128.0,3.0,634.0,49.0,0
0.0,3658.0,197.0,107.0,6.0,570.0,70.0,1
2.0,183.0,14.0,98.0,5.0,610.0,61.0,0
5.0,2691.0,197.0,183.0,6.0,450.0,226.0,1
16.0,5981.0,204.0,208.0,4.0,877.0,126.0,0
1.0,1760.0,183.0,159.0,7.0,1055.0,180.0,0
1.0,299.0,183.0,154.0,4.0,490.0,350.0,0
8.0,920.0,16.0,172.0,4.0,1255.0,134.0,0
15.0,1600.0,45.0,27.0,7.0,1220.0,130.0,1
14.0,1704.0,60.0,22.0,3.0,1329.0,108.0,1
15.0,34.0,104.0,129.0,4.0,725.0,175.0,0
1.0,732.0,236.0,80.0,1.0,420.0,200.0,0
6.0,5002.0,16.0,201.0,4.0,720.0,77.0,0
4.0,720.0,79.0,58.0,7.0,585.0,161.0,0
12.0,6727.0,199.0,79.0,6.0,386.0,63.0,0
15.0,794.0,277.0,45.0,4.0,420.0,130.0,0
11.0,6341.0,234.0,85.0,6.0,360.0,125.0,0
15.0,37.0,75.0,129.0,4.0,930.0,60.0,1
10.0,2912.0,118.0,80.0,4.0,580.0,50.0,0
16.0,2619.0,290.0,135.0,3.0,1067.0,95.0,0
6.0,4956.0,177.0,35.0,3.0,515.0,168.0,0
15.0,1234.0,202.0,243.0,1.0,745.0,85.0,1
6.0,7329.0,285.0,16.0,5.0,782.0,68.0,1
15.0,2254.0,79.0,175.0,3.0,1235.0,130.0,0
5.0,1616.0,79.0,16.0,5.0,440.0,168.0,0
12.0,6291.0,91.0,154.0,5.0,958.0,137.0,1
2.0,327.0,258.0,252.0,5.0,945.0,123.0,0
11.0,6607.0,47.0,85.0,5.0,756.0,123.0,1
10.0,2943.0,80.0,71.0,1.0,390.0,130.0,1
1.0,2064.0,183.0,173.0,7.0,760.0,60.0,0
0.0,3878.0,71.0,247.0,7.0,1230.0,56.0,1
14.0,35.0,16.0,217.0,1.0,1065.0,264.0,0
11.0,6652.0,85.0,17.0,5.0,735.0,88.0,0
14.0,258.0,217.0,216.0,7.0,1425.0,254.0,0
15.0,1860.0,162.0,129.0,1.0,935.0,85.0,0
15.0,1976.0,139.0,172.0,1.0,975.0,100.0,1
15.0,1699.0,153.0,253.0,6.0,1170.0,95.0,1
14.0,1491.0,96.0,60.0,3.0,1109.0,126.0,1
15.0,1252.0,173.0,244.0,3.0,920.0,185.0,1
15.0,2706.0,91.0,18.0,1.0,375.0,85.0,0
10.0,3920.0,109.0,208.0,3.0,705.0,60.0,1
5.0,1390.0,159.0,35.0,3.0,990.0,76.0,0
5.0,2982.0,177.0,78.0,3.0,895.0,125.0,0
5.0,348.0,172.0,16.0,4.0,668.0,122.0,0
15.0,491.0,45.0,141.0,3.0,1235.0,60.0,1
16.0,5914.0,71.0,208.0,5.0,1185.0,86.0,0
2.0,45.0,14.0,23.0,4.0,1118.0,77.0,1
5.0,2434.0,277.0,78.0,5.0,425.0,124.0,0
1.0,1002.0,79.0,80.0,1.0,365.0,125.0,0
12.0,7763.0,220.0,261.0,4.0,360.0,48.0,0
16.0,2528.0,182.0,58.0,5.0,365.0,119.0,0
15.0,1163.0,153.0,244.0,5.0,620.0,150.0,0
12.0,6432.0,208.0,251.0,6.0,967.0,73.0,0
10.0,4495.0,35.0,159.0,5.0,475.0,80.0,0
16.0,2335.0,58.0,172.0,4.0,735.0,119.0,0
8.0,709.0,16.0,76.0,5.0,525.0,92.0,0
1.0,8.0,128.0,80.0,1.0,1100.0,425.0,0
15.0,1072.0,2.0,75.0,3.0,1045.0,95.0,0
2.0,300.0,252.0,253.0,3.0,1225.0,133.0,0
4.0,734.0,217.0,96.0,5.0,465.0,273.0,0
1.0,1955.0,78.0,80.0,7.0,1090.0,215.0,1
6.0,5339.0,278.0,16.0,3.0,435.0,77.0,0
12.0,4887.0,208.0,197.0,1.0,995.0,97.0,1
8.0,226.0,184.0,153.0,6.0,1075.0,250.0,1
11.0,6497.0,33.0,177.0,4.0,690.0,69.0,0
3.0,1121.0,234.0,104.0,7.0,565.0,136.0,0
15.0,1533.0,2.0,91.0,1.0,1085.0,55.0,1
12.0,3062.0,184.0,268.0,5.0,778.0,74.0,1
16.0,2903.0,158.0,135.0,4.0,480.0,64.0,1
15.0,2529.0,139.0,79.0,3.0,360.0,185.0,1
5.0,2038.0,16.0,78.0,4.0,920.0,103.0,0
12.0,6962.0,107.0,208.0,5.0,1112.0,108.0,0
15.0,703.0,279.0,79.0,1.0,465.0,110.0,1
5.0,2001.0,35.0,16.0,7.0,810.0,173.0,1
12.0,4667.0,279.0,261.0,1.0,380.0,154.0,0
0.0,3929.0,197.0,99.0,1.0,560.0,74.0,0
15.0,1121.0,61.0,153.0,7.0,905.0,285.0,1
12.0,6887.0,154.0,24.0,5.0,1353.0,50.0,0
13.0,611.0,78.0,208.0,1.0,629.0,131.0,0
17.0,2907.0,217.0,114.0,4.0,1184.0,125.0,0
6.0,5289.0,205.0,16.0,1.0,642.0,137.0,0
6.0,5491.0,16.0,254.0,5.0,515.0,123.0,0
15.0,195.0,175.0,268.0,1.0,475.0,70.0,1
11.0,6637.0,177.0,290.0,5.0,865.0,76.0,0
16.0,2826.0,135.0,75.0,1.0,690.0,61.0,0
16.0,2399.0,135.0,41.0,5.0,780.0,61.0,0
13.0,758.0,253.0,79.0,1.0,515.0,149.0,0
1.0,1143.0,80.0,205.0,5.0,525.0,105.0,0
13.0,53.0,148.0,154.0,4.0,690.0,375.0,0
0.0,4219.0,85.0,175.0,5.0,1170.0,79.0,1
1.0,1709.0,159.0,183.0,6.0,1200.0,185.0,0
15.0,1578.0,214.0,202.0,4.0,1200.0,100.0,0
16.0,5986.0,208.0,120.0,5.0,690.0,104.0,0
6.0,5003.0,16.0,52.0,3.0,967.0,51.0,1
3.0,133.0,148.0,241.0,1.0,415.0,192.0,0
10.0,4698.0,78.0,233.0,5.0,1200.0,65.0,0
12.0,6663.0,93.0,79.0,3.0,861.0,145.0,0
9.0,203.0,128.0,161.0,6.0,755.0,37.0,0
8.0,821.0,45.0,35.0,1.0,1050.0,85.0,0
14.0,1182.0,173.0,60.0,5.0,714.0,96.0,0
1.0,531.0,78.0,268.0,5.0,960.0,135.0,0
12.0,6964.0,207.0,79.0,7.0,462.0,148.0,0
10.0,3715.0,208.0,216.0,7.0,1295.0,110.0,1
15.0,522.0,33.0,173.0,7.0,1155.0,105.0,0
17.0,2715.0,280.0,217.0,3.0,960.0,50.0,0
10.0,4080.0,208.0,99.0,5.0,575.0,120.0,0
3.0,641.0,148.0,253.0,7.0,645.0,393.0,1
1.0,2039.0,183.0,208.0,5.0,1255.0,190.0,0
15.0,2026.0,258.0,264.0,4.0,660.0,75.0,1
15.0,967.0,104.0,198.0,1.0,485.0,130.0,0
17.0,2985.0,100.0,153.0,4.0,1170.0,66.0,0
10.0,3989.0,76.0,208.0,4.0,670.0,75.0,0
17.0,2749.0,280.0,217.0,6.0,960.0,49.0,0
15.0,752.0,264.0,258.0,1.0,640.0,75.0,1
15.0,1807.0,79.0,104.0,6.0,630.0,230.0,0
8.0,18.0,45.0,260.0,7.0,625.0,250.0,1
15.0,1587.0,155.0,75.0,1.0,415.0,65.0,1
13.0,881.0,35.0,208.0,1.0,545.0,173.0,1
15.0,731.0,216.0,35.0,4.0,1035.0,80.0,0
1.0,1143.0,80.0,205.0,6.0,525.0,105.0,0
12.0,4716.0,160.0,261.0,3.0,410.0,110.0,0
1.0,1810.0,80.0,60.0,3.0,510.0,135.0,0
15.0,736.0,244.0,129.0,4.0,1015.0,50.0,0
8.0,751.0,45.0,132.0,5.0,1210.0,110.0,0
12.0,6378.0,246.0,253.0,5.0,510.0,80.0,1
1.0,2064.0,183.0,173.0,3.0,760.0,60.0,0
15.0,2716.0,175.0,134.0,7.0,420.0,105.0,1
14.0,1950.0,60.0,43.0,7.0,1205.0,106.0,1
5.0,2524.0,128.0,16.0,7.0,1060.0,515.0,0
16.0,2214.0,135.0,27.0,4.0,1095.0,93.0,0
1.0,1719.0,268.0,154.0,5.0,830.0,250.0,0
12.0,6429.0,253.0,153.0,3.0,511.0,94.0,0
15.0,378.0,244.0,75.0,3.0,1025.0,55.0,1
10.0,2752.0,80.0,109.0,7.0,640.0,130.0,0
15.0,523.0,153.0,34.0,5.0,955.0,105.0,1
5.0,2663.0,148.0,154.0,5.0,420.0,394.0,0
14.0,374.0,80.0,60.0,3.0,515.0,144.0,0
5.0,1829.0,119.0,85.0,1.0,400.0,70.0,1
15.0,418.0,236.0,214.0,1.0,585.0,95.0,1
17.0,7254.0,245.0,208.0,1.0,680.0,145.0,0
12.0,7049.0,252.0,214.0,1.0,360.0,48.0,0
5.0,1760.0,16.0,175.0,1.0,580.0,120.0,1
16.0,2137.0,158.0,135.0,5.0,420.0,64.0,0
8.0,476.0,16.0,45.0,4.0,896.0,105.0,0
12.0,6247.0,154.0,100.0,5.0,628.0,69.0,0
12.0,6270.0,111.0,253.0,7.0,361.0,138.0,0
0.0,3987.0,285.0,177.0,6.0,480.0,89.0,0
1.0,2442.0,80.0,197.0,5.0,1065.0,145.0,0
6.0,5081.0,290.0,16.0,3.0,752.0,110.0,1
15.0,1337.0,79.0,198.0,5.0,1145.0,155.0,1
12.0,4694.0,154.0,153.0,3.0,1170.0,70.0,1
12.0,4701.0,261.0,154.0,6.0,585.0,119.0,0
11.0,6568.0,85.0,61.0,7.0,615.0,68.0,0
4.0,309.0,135.0,214.0,6.0,540.0,268.0,0
5.0,1811.0,16.0,80.0,3.0,1140.0,147.0,0
16.0,2399.0,135.0,41.0,4.0,780.0,61.0,0
5.0,341.0,16.0,285.0,7.0,1225.0,55.0,1
3.0,38.0,148.0,238.0,4.0,1200.0,86.0,0
16.0,3012.0,135.0,134.0,6.0,1133.0,166.0,0
15.0,647.0,279.0,75.0,4.0,660.0,60.0,0
3.0,745.0,173.0,260.0,6.0,855.0,159.0,1
1.0,648.0,260.0,148.0,5.0,560.0,245.0,0
10.0,4025.0,208.0,240.0,6.0,695.0,70.0,0
16.0,2720.0,136.0,135.0,4.0,1112.0,104.0,0
15.0,694.0,175.0,216.0,1.0,970.0,125.0,1
14.0,1680.0,277.0,78.0,5.0,520.0,124.0,0
1.0,417.0,33.0,80.0,3.0,1170.0,125.0,0
16.0,2926.0,16.0,58.0,1.0,1065.0,104.0,1
17.0,2903.0,217.0,114.0,5.0,589.0,94.0,0
0.0,4173.0,85.0,281.0,5.0,1165.0,76.0,1
15.0,2193.0,173.0,233.0,7.0,530.0,95.0,0
5.0,1907.0,16.0,198.0,7.0,1312.0,101.0,0
17.0,2911.0,217.0,227.0,4.0,660.0,70.0,0
5.0,2439.0,78.0,16.0,6.0,660.0,110.0,0
5.0,1395.0,35.0,159.0,4.0,1050.0,73.0,1
12.0,6648.0,208.0,72.0,1.0,715.0,57.0,0
2.0,137.0,214.0,14.0,3.0,1065.0,235.0,0
1.0,1041.0,35.0,208.0,1.0,425.0,190.0,0
15.0,993.0,253.0,264.0,5.0,670.0,85.0,1
10.0,3059.0,100.0,154.0,4.0,925.0,65.0,0
17.0,2818.0,100.0,217.0,5.0,975.0,99.0,0
15.0,420.0,18.0,79.0,3.0,1060.0,145.0,1
6.0,5146.0,16.0,180.0,4.0,1125.0,57.0,0
3.0,607.0,229.0,148.0,7.0,695.0,74.0,0
12.0,4699.0,195.0,197.0,7.0,540.0,66.0,1
1.0,1114.0,183.0,159.0,7.0,405.0,170.0,0
14.0,1582.0,173.0,216.0,5.0,895.0,149.0,0
15.0,540.0,243.0,217.0,7.0,595.0,70.0,1
0.0,3860.0,171.0,85.0,1.0,730.0,54.0,1
7.0,799.0,76.0,79.0,7.0,970.0,184.0,0
12.0,6948.0,65.0,208.0,4.0,360.0,146.0,0
12.0,6750.0,208.0,16.0,4.0,365.0,124.0,0
6.0,4955.0,190.0,16.0,3.0,640.0,74.0,0
0.0,3974.0,85.0,139.0,4.0,540.0,83.0,1
12.0,6438.0,114.0,79.0,7.0,379.0,60.0,0
14.0,980.0,60.0,200.0,1.0,1100.0,59.0,0
1.0,1701.0,80.0,243.0,6.0,845.0,190.0,1
4.0,1162.0,208.0,96.0,4.0,1155.0,122.0,1
13.0,406.0,79.0,159.0,7.0,983.0,213.0,0
10.0,4119.0,208.0,162.0,5.0,490.0,115.0,0
6.0,5011.0,237.0,85.0,1.0,360.0,98.0,0
15.0,2439.0,34.0,111.0,5.0,870.0,65.0,0
6.0,5475.0,16.0,70.0,7.0,975.0,44.0,0
12.0,6329.0,253.0,6.0,1.0,420.0,86.0,0
14.0,90.0,60.0,16.0,6.0,560.0,79.0,0
3.0,1208.0,241.0,130.0,4.0,1130.0,160.0,0
16.0,2721.0,217.0,135.0,7.0,1115.0,144.0,0
15.0,2027.0,79.0,111.0,5.0,1230.0,150.0,1
16.0,3084.0,80.0,58.0,7.0,1160.0,147.0,0
5.0,205.0,197.0,85.0,7.0,930.0,104.0,1
5.0,1490.0,197.0,85.0,5.0,395.0,114.0,0
14.0,1059.0,244.0,60.0,5.0,420.0,160.0,0
16.0,5987.0,20.0,208.0,5.0,1059.0,144.0,0
15.0,1826.0,253.0,79.0,7.0,755.0,150.0,1
12.0,6551.0,208.0,63.0,7.0,1274.0,81.0,1
1.0,2287.0,279.0,80.0,1.0,595.0,75.0,0
15.0,1044.0,153.0,236.0,4.0,660.0,80.0,0
6.0,5069.0,11.0,16.0,5.0,445.0,77.0,0
10.0,2827.0,80.0,54.0,7.0,510.0,145.0,0
5.0,1985.0,76.0,16.0,7.0,350.0,114.0,0
5.0,674.0,269.0,16.0,5.0,952.0,253.0,0
1.0,1832.0,227.0,208.0,3.0,800.0,245.0,0
15.0,1500.0,35.0,216.0,4.0,425.0,100.0,0
17.0,2667.0,101.0,60.0,5.0,450.0,63.0,0
13.0,358.0,79.0,159.0,3.0,493.0,225.0,0
10.0,3786.0,135.0,208.0,5.0,925.0,155.0,0
12.0,6888.0,91.0,208.0,6.0,802.0,177.0,1
1.0,1901.0,268.0,80.0,5.0,575.0,115.0,0
15.0,1381.0,172.0,75.0,1.0,945.0,95.0,1
12.0,6418.0,253.0,261.0,4.0,1166.0,102.0,0
3.0,76.0,213.0,148.0,6.0,768.0,160.0,1
12.0,6975.0,208.0,99.0,3.0,587.0,111.0,0
1.0,712.0,80.0,159.0,3.0,605.0,195.0,1
11.0,6546.0,85.0,171.0,3.0,940.0,59.0,0
1.0,637.0,183.0,198.0,7.0,965.0,130.0,0
13.0,632.0,208.0,277.0,1.0,578.0,161.0,0
15.0,1659.0,61.0,45.0,1.0,400.0,70.0,1
7.0,323.0,78.0,184.0,4.0,1080.0,130.0,1
6.0,5153.0,200.0,16.0,5.0,832.0,87.0,0
4.0,214.0,80.0,135.0,5.0,340.0,59.0,0
3.0,1296.0,221.0,35.0,7.0,1125.0,93.0,1
5.0,2916.0,197.0,46.0,7.0,1290.0,154.0,1
1.0,1593.0,173.0,183.0,1.0,720.0,65.0,1
1.0,619.0,208.0,154.0,5.0,1290.0,265.0,1
4.0,1568.0,135.0,172.0,5.0,1137.0,123.0,1
10.0,3640.0,61.0,183.0,3.0,425.0,170.0,0
4.0,1132.0,96.0,35.0,3.0,929.0,80.0,0
12.0,6656.0,145.0,79.0,7.0,428.0,87.0,0
11.0,6360.0,174.0,85.0,7.0,370.0,107.0,0
8.0,1579.0,286.0,16.0,4.0,675.0,85.0,0
5.0,1756.0,244.0,197.0,4.0,380.0,168.0,0
6.0,7329.0,285.0,16.0,3.0,782.0,68.0,0
12.0,4640.0,197.0,230.0,5.0,875.0,96.0,1
5.0,2596.0,253.0,71.0,1.0,738.0,262.0,1
10.0,2905.0,80.0,162.0,4.0,930.0,70.0,1
3.0,115.0,148.0,198.0,7.0,1248.0,211.0,0
15.0,384.0,279.0,268.0,4.0,435.0,70.0,0
1.0,1228.0,280.0,208.0,6.0,790.0,200.0,1
14.0,365.0,45.0,217.0,3.0,400.0,320.0,1
1.0,1547.0,277.0,80.0,5.0,586.0,170.0,0
3.0,1290.0,221.0,35.0,4.0,431.0,94.0,0
10.0,4568.0,33.0,78.0,1.0,985.0,95.0,0
15.0,2950.0,75.0,13.0,6.0,1140.0,70.0,0
17.0,1035.0,128.0,161.0,4.0,540.0,37.0,0
15.0,1013.0,18.0,75.0,4.0,855.0,55.0,0
13.0,209.0,134.0,154.0,5.0,890.0,351.0,1
13.0,405.0,159.0,79.0,3.0,620.0,272.0,1
12.0,6881.0,79.0,262.0,3.0,556.0,156.0,1
17.0,2605.0,60.0,233.0,3.0,464.0,57.0,0
0.0,4051.0,177.0,135.0,7.0,1160.0,100.0,0
2.0,870.0,14.0,128.0,6.0,850.0,369.0,0
15.0,618.0,45.0,33.0,4.0,545.0,120.0,1
15.0,3322.0,141.0,104.0,1.0,915.0,190.0,1
1.0,794.0,153.0,208.0,7.0,1060.0,210.0,0
1.0,1026.0,80.0,172.0,4.0,425.0,95.0,0
0.0,3944.0,197.0,171.0,6.0,1160.0,88.0,0
0.0,3733.0,16.0,135.0,7.0,725.0,140.0,0
11.0,6740.0,78.0,147.0,3.0,779.0,126.0,0
1.0,1694.0,80.0,33.0,3.0,840.0,100.0,0
14.0,2028.0,78.0,35.0,4.0,630.0,79.0,0
12.0,6490.0,236.0,154.0,6.0,894.0,86.0,0
15.0,625.0,217.0,79.0,7.0,1255.0,110.0,1
3.0,471.0,35.0,258.0,5.0,985.0,398.0,0
3.0,335.0,134.0,173.0,4.0,530.0,137.0,0
5.0,1219.0,85.0,197.0,3.0,575.0,130.0,0
5.0,1052.0,87.0,16.0,3.0,715.0,73.0,0
1.0,504.0,258.0,80.0,5.0,740.0,205.0,1
12.0,6852.0,172.0,134.0,4.0,742.0,141.0,0
1.0,734.0,183.0,78.0,7.0,895.0,145.0,0
5.0,2124.0,16.0,45.0,6.0,670.0,115.0,0
1.0,826.0,80.0,244.0,7.0,780.0,65.0,0
14.0,1244.0,217.0,78.0,4.0,587.0,251.0,0
14.0,1695.0,60.0,241.0,1.0,870.0,114.0,0
7.0,626.0,85.0,79.0,1.0,974.0,191.0,1
5.0,1899.0,33.0,16.0,1.0,952.0,72.0,1
6.0,5368.0,180.0,16.0,5.0,1040.0,78.0,0
5.0,2439.0,78.0,16.0,1.0,660.0,110.0,1
12.0,6915.0,208.0,162.0,1.0,825.0,107.0,1
5.0,2770.0,177.0,197.0,6.0,965.0,132.0,0
10.0,3602.0,54.0,183.0,4.0,925.0,100.0,0
17.0,2649.0,154.0,153.0,4.0,570.0,63.0,0
5.0,1133.0,16.0,71.0,7.0,1130.0,90.0,1
15.0,993.0,79.0,134.0,4.0,1075.0,185.0,0
15.0,380.0,146.0,129.0,1.0,1100.0,85.0,1
13.0,260.0,252.0,134.0,3.0,784.0,296.0,0
12.0,6950.0,79.0,107.0,7.0,935.0,85.0,1
4.0,702.0,96.0,253.0,3.0,955.0,381.0,1
15.0,1989.0,79.0,33.0,6.0,575.0,150.0,0
7.0,671.0,173.0,79.0,4.0,1017.0,239.0,1
1.0,1900.0,80.0,78.0,4.0,1295.0,155.0,0
1.0,1002.0,80.0,268.0,6.0,600.0,95.0,0
6.0,5189.0,16.0,275.0,6.0,600.0,74.0,0
3.0,690.0,78.0,35.0,3.0,1200.0,82.0,1
15.0,413.0,252.0,258.0,3.0,520.0,130.0,0
3.0,609.0,229.0,148.0,1.0,860.0,82.0,1
10.0,2791.0,80.0,116.0,4.0,535.0,90.0,0
2.0,129.0,252.0,98.0,5.0,1150.0,235.0,1
3.0,1060.0,18.0,148.0,4.0,420.0,205.0,0
8.0,869.0,16.0,197.0,6.0,1265.0,157.0,1
13.0,649.0,208.0,205.0,6.0,1024.0,98.0,1
0.0,3682.0,85.0,152.0,1.0,1035.0,46.0,1
15.0,988.0,204.0,75.0,3.0,1205.0,50.0,1
14.0,1840.0,60.0,221.0,4.0,1090.0,89.0,0
1.0,1636.0,80.0,205.0,1.0,785.0,105.0,0
10.0,3939.0,33.0,208.0,3.0,360.0,105.0,0
10.0,3876.0,290.0,208.0,6.0,365.0,100.0,0
8.0,1051.0,173.0,0.0,6.0,945.0,143.0,0
10.0,4532.0,78.0,148.0,1.0,840.0,80.0,1
12.0,6899.0,208.0,184.0,1.0,439.0,42.0,1
0.0,4153.0,85.0,43.0,7.0,605.0,77.0,1
5.0,1648.0,183.0,177.0,1.0,745.0,157.0,0
5.0,2025.0,45.0,16.0,3.0,675.0,117.0,0
8.0,1420.0,139.0,277.0,5.0,667.0,137.0,0
15.0,388.0,91.0,217.0,5.0,425.0,80.0,0
5.0,2963.0,197.0,16.0,7.0,860.0,151.0,0
15.0,964.0,175.0,43.0,5.0,840.0,85.0,0
15.0,525.0,75.0,172.0,5.0,980.0,85.0,1
4.0,229.0,79.0,96.0,6.0,505.0,223.0,1
6.0,5483.0,35.0,78.0,1.0,935.0,110.0,0
15.0,1163.0,75.0,204.0,7.0,1005.0,50.0,1
11.0,6378.0,71.0,159.0,3.0,450.0,124.0,0
16.0,2142.0,204.0,96.0,7.0,443.0,184.0,0
15.0,313.0,173.0,45.0,5.0,830.0,125.0,1
6.0,5251.0,32.0,16.0,3.0,966.0,104.0,1
4.0,761.0,244.0,96.0,5.0,858.0,222.0,0
15.0,2812.0,2.0,217.0,3.0,1150.0,75.0,1
14.0,11.0,208.0,60.0,1.0,570.0,108.0,0
14.0,1626.0,60.0,159.0,3.0,375.0,100.0,0
15.0,443.0,45.0,182.0,6.0,1175.0,75.0,1
5.0,123.0,148.0,16.0,6.0,945.0,171.0,0
15.0,1684.0,214.0,262.0,4.0,855.0,85.0,1
1.0,815.0,18.0,80.0,5.0,785.0,65.0,0
15.0,3658.0,258.0,44.0,1.0,845.0,60.0,0
12.0,6740.0,154.0,57.0,4.0,604.0,43.0,1
7.0,367.0,184.0,79.0,3.0,640.0,155.0,0
5.0,2028.0,173.0,85.0,5.0,960.0,160.0,1
5.0,1321.0,85.0,277.0,7.0,530.0,171.0,0
15.0,694.0,216.0,228.0,3.0,1185.0,70.0,1
8.0,170.0,241.0,16.0,4.0,686.0,109.0,0
15.0,1296.0,243.0,217.0,4.0,740.0,70.0,0
5.0,159.0,159.0,85.0,4.0,540.0,124.0,0
1.0,1657.0,148.0,183.0,7.0,965.0,210.0,0
10.0,3057.0,100.0,154.0,4.0,635.0,65.0,0
17.0,2643.0,60.0,177.0,3.0,1355.0,116.0,0
15.0,1453.0,45.0,184.0,6.0,650.0,125.0,0
10.0,2974.0,1.0,80.0,4.0,500.0,55.0,0
15.0,1642.0,243.0,258.0,4.0,1020.0,80.0,0
5.0,2726.0,252.0,177.0,5.0,730.0,250.0,1
16.0,5949.0,228.0,208.0,7.0,750.0,174.0,1
4.0,355.0,213.0,96.0,6.0,1000.0,165.0,0
15.0,210.0,104.0,217.0,6.0,910.0,315.0,1
16.0,2596.0,58.0,139.0,5.0,460.0,64.0,0
15.0,368.0,79.0,202.0,3.0,980.0,165.0,1
12.0,4562.0,262.0,261.0,1.0,990.0,99.0,0
13.0,354.0,243.0,79.0,7.0,899.0,142.0,0
15.0,3029.0,129.0,198.0,6.0,755.0,60.0,0
13.0,862.0,253.0,79.0,6.0,683.0,156.0,0
1.0,1486.0,153.0,80.0,6.0,495.0,160.0,0
0.0,4356.0,123.0,177.0,7.0,420.0,55.0,0
8.0,368.0,16.0,159.0,4.0,620.0,134.0,0
13.0,42.0,128.0,79.0,5.0,1380.0,423.0,0
10.0,3600.0,54.0,183.0,6.0,375.0,105.0,0
14.0,407.0,216.0,208.0,7.0,475.0,152.0,1
15.0,3842.0,153.0,217.0,3.0,365.0,70.0,0
15.0,195.0,268.0,217.0,4.0,570.0,210.0,0
15.0,667.0,129.0,277.0,3.0,500.0,120.0,1
12.0,6329.0,6.0,253.0,6.0,524.0,82.0,0
15.0,1500.0,216.0,173.0,1.0,560.0,160.0,0
3.0,82.0,252.0,148.0,4.0,1307.0,301.0,1
5.0,1987.0,216.0,197.0,3.0,495.0,198.0,0
15.0,1229.0,45.0,33.0,5.0,950.0,120.0,1
0.0,4272.0,87.0,177.0,4.0,360.0,90.0,1
15.0,705.0,205.0,268.0,7.0,1030.0,70.0,0
15.0,1027.0,75.0,198.0,5.0,695.0,80.0,0
6.0,4953.0,16.0,41.0,1.0,1031.0,95.0,0
12.0,6578.0,29.0,79.0,1.0,1022.0,102.0,0
4.0,421.0,135.0,258.0,5.0,1050.0,255.0,0
11.0,6342.0,290.0,16.0,5.0,966.0,113.0,0
12.0,6309.0,154.0,227.0,5.0,1090.0,50.0,0
1.0,322.0,80.0,27.0,4.0,1200.0,90.0,0
6.0,5500.0,285.0,16.0,7.0,1030.0,65.0,0
16.0,2504.0,96.0,182.0,3.0,460.0,82.0,0
13.0,5.0,148.0,253.0,4.0,430.0,404.0,0
1.0,1494.0,80.0,104.0,6.0,660.0,155.0,0
6.0,5152.0,16.0,11.0,4.0,1155.0,61.0,0
15.0,1485.0,262.0,264.0,6.0,715.0,85.0,1
14.0,256.0,154.0,217.0,4.0,755.0,81.0,0
12.0,6733.0,79.0,236.0,5.0,690.0,139.0,0
10.0,4177.0,208.0,21.0,1.0,925.0,50.0,0
15.0,789.0,153.0,243.0,6.0,1055.0,65.0,1
4.0,467.0,135.0,252.0,4.0,1260.0,284.0,1
12.0,6828.0,236.0,253.0,7.0,376.0,68.0,0
16.0,5895.0,33.0,134.0,5.0,536.0,104.0,0
14.0,1543.0,60.0,252.0,1.0,1085.0,352.0,0
4.0,383.0,35.0,135.0,5.0,1005.0,267.0,0
15.0,901.0,264.0,153.0,4.0,985.0,65.0,1
10.0,2819.0,80.0,162.0,3.0,1110.0,65.0,0
15.0,694.0,2.0,175.0,3.0,715.0,160.0,1
12.0,6264.0,100.0,253.0,4.0,855.0,57.0,1
14.0,1223.0,78.0,213.0,1.0,520.0,157.0,1
15.0,1165.0,217.0,162.0,3.0,965.0,160.0,1
6.0,5501.0,287.0,16.0,7.0,345.0,62.0,0
15.0,1592.0,104.0,173.0,1.0,935.0,60.0,0
0.0,4035.0,184.0,71.0,1.0,1035.0,81.0,0
3.0,747.0,22.0,173.0,1.0,996.0,179.0,0
13.0,307.0,45.0,154.0,4.0,1009.0,354.0,0
14.0,2143.0,35.0,159.0,3.0,1200.0,74.0,1
14.0,1899.0,60.0,244.0,3.0,1085.0,192.0,1
13.0,494.0,84.0,208.0,6.0,360.0,80.0,1
4.0,36.0,173.0,96.0,1.0,900.0,160.0,0
17.0,2966.0,153.0,253.0,4.0,570.0,95.0,0
15.0,2038.0,268.0,175.0,5.0,710.0,60.0,1
2.0,65.0,149.0,14.0,7.0,780.0,107.0,0
3.0,1757.0,104.0,260.0,1.0,530.0,146.0,0
0.0,4043.0,119.0,177.0,3.0,705.0,128.0,1
1.0,1915.0,80.0,261.0,4.0,735.0,175.0,1
10.0,4029.0,208.0,147.0,7.0,1175.0,145.0,0
10.0,3268.0,5.0,80.0,6.0,410.0,45.0,1
13.0,332.0,208.0,61.0,7.0,1280.0,78.0,0
8.0,688.0,136.0,16.0,7.0,748.0,122.0,0
8.0,806.0,35.0,45.0,6.0,390.0,90.0,0
15.0,581.0,153.0,147.0,5.0,555.0,240.0,0
10.0,2889.0,80.0,68.0,1.0,630.0,80.0,0
12.0,6341.0,243.0,154.0,6.0,1195.0,42.0,0
8.0,989.0,221.0,16.0,3.0,370.0,120.0,0
9.0,165.0,203.0,128.0,7.0,806.0,34.0,0
15.0,742.0,243.0,217.0,5.0,835.0,70.0,0
15.0,763.0,173.0,217.0,7.0,755.0,300.0,0
15.0,1048.0,75.0,244.0,4.0,880.0,60.0,0
4.0,1501.0,96.0,104.0,4.0,1145.0,189.0,1
0.0,4125.0,96.0,85.0,3.0,985.0,129.0,0
1.0,312.0,80.0,241.0,5.0,890.0,145.0,1
1.0,1352.0,80.0,204.0,4.0,535.0,55.0,0
12.0,6965.0,208.0,18.0,4.0,496.0,165.0,0
13.0,264.0,217.0,79.0,6.0,429.0,112.0,0
12.0,6847.0,253.0,246.0,7.0,1147.0,77.0,1
3.0,641.0,148.0,253.0,4.0,645.0,393.0,0
1.0,2382.0,79.0,80.0,4.0,1160.0,110.0,0
15.0,399.0,153.0,264.0,3.0,465.0,60.0,0
12.0,6675.0,79.0,100.0,1.0,746.0,145.0,1
1.0,2442.0,154.0,80.0,3.0,705.0,190.0,1
0.0,4261.0,197.0,112.0,1.0,690.0,70.0,0
6.0,5044.0,16.0,48.0,3.0,515.0,98.0,0
10.0,3012.0,154.0,79.0,5.0,955.0,145.0,0
12.0,6636.0,224.0,79.0,5.0,712.0,131.0,0
15.0,2613.0,202.0,243.0,4.0,565.0,85.0,1
13.0,363.0,134.0,208.0,5.0,1325.0,133.0,0
6.0,5395.0,10.0,16.0,6.0,684.0,100.0,0
8.0,349.0,45.0,267.0,4.0,835.0,150.0,0
8.0,1097.0,139.0,173.0,5.0,920.0,137.0,0
6.0,7325.0,16.0,27.0,5.0,1050.0,57.0,0
13.0,544.0,253.0,214.0,4.0,1200.0,111.0,0
4.0,1581.0,252.0,14.0,7.0,795.0,219.0,0
12.0,7806.0,64.0,261.0,4.0,776.0,89.0,1
13.0,289.0,153.0,154.0,4.0,669.0,77.0,0
12.0,6314.0,227.0,154.0,6.0,375.0,43.0,0
2.0,44.0,23.0,14.0,4.0,866.0,69.0,1
5.0,1582.0,261.0,214.0,4.0,1305.0,124.0,1
16.0,2950.0,197.0,96.0,4.0,1001.0,165.0,1
15.0,1945.0,27.0,175.0,3.0,955.0,110.0,0
4.0,1578.0,244.0,135.0,7.0,820.0,59.0,0
9.0,26.0,128.0,214.0,6.0,940.0,325.0,0
12.0,4725.0,261.0,160.0,5.0,1010.0,112.0,0
15.0,2197.0,35.0,216.0,3.0,1180.0,100.0,1
8.0,1017.0,173.0,35.0,1.0,480.0,152.0,0
4.0,624.0,58.0,96.0,4.0,1170.0,94.0,0
15.0,945.0,216.0,233.0,5.0,675.0,80.0,0
3.0,398.0,173.0,159.0,3.0,910.0,148.0,0
10.0,2834.0,80.0,181.0,4.0,1160.0,85.0,0
12.0,6229.0,253.0,18.0,4.0,965.0,203.0,1
0.0,3847.0,238.0,85.0,5.0,764.0,91.0,0
10.0,2984.0,80.0,70.0,6.0,1120.0,115.0,0
10.0,4359.0,208.0,61.0,6.0,675.0,70.0,0
15.0,1100.0,228.0,45.0,7.0,805.0,80.0,1
1.0,2023.0,172.0,80.0,1.0,805.0,95.0,0
8.0,995.0,184.0,35.0,4.0,465.0,133.0,0
16.0,2010.0,135.0,251.0,1.0,820.0,125.0,0
10.0,2756.0,285.0,80.0,3.0,685.0,155.0,0
5.0,1125.0,215.0,16.0,5.0,375.0,116.0,0
13.0,10.0,253.0,148.0,6.0,637.0,348.0,0
15.0,3133.0,139.0,277.0,4.0,820.0,140.0,0
3.0,459.0,35.0,104.0,3.0,1185.0,201.0,1
1.0,2236.0,217.0,80.0,3.0,1160.0,130.0,0
5.0,22.0,252.0,16.0,1.0,701.0,284.0,1
15.0,2476.0,141.0,104.0,6.0,445.0,185.0,0
16.0,2519.0,58.0,238.0,7.0,1150.0,59.0,0
12.0,6996.0,71.0,79.0,7.0,976.0,194.0,0
3.0,1121.0,234.0,104.0,3.0,565.0,136.0,1
15.0,2175.0,173.0,198.0,7.0,695.0,110.0,0
15.0,50.0,131.0,129.0,7.0,1015.0,60.0,1
13.0,618.0,208.0,78.0,3.0,897.0,111.0,1
7.0,496.0,48.0,79.0,7.0,375.0,202.0,0
5.0,1539.0,78.0,16.0,3.0,960.0,119.0,0
1.0,1197.0,80.0,244.0,7.0,1125.0,65.0,0
5.0,1015.0,27.0,16.0,5.0,900.0,63.0,0
6.0,5567.0,47.0,16.0,3.0,444.0,76.0,1
12.0,6645.0,191.0,253.0,4.0,1216.0,33.0,0
10.0,3344.0,80.0,223.0,7.0,815.0,100.0,1
11.0,6555.0,177.0,45.0,1.0,815.0,124.0,0
6.0,7131.0,47.0,134.0,5.0,855.0,83.0,0
10.0,4187.0,84.0,208.0,3.0,390.0,85.0,1
2.0,678.0,252.0,79.0,5.0,1135.0,154.0,0
5.0,2522.0,197.0,79.0,7.0,1320.0,124.0,1
12.0,6698.0,179.0,214.0,4.0,335.0,74.0,0
2.0,851.0,252.0,128.0,5.0,540.0,376.0,0
0.0,3891.0,175.0,85.0,4.0,420.0,84.0,0
12.0,6332.0,93.0,214.0,4.0,985.0,37.0,0
15.0,2101.0,173.0,141.0,4.0,1170.0,145.0,1
7.0,505.0,79.0,252.0,4.0,735.0,173.0,0
15.0,598.0,79.0,111.0,3.0,515.0,150.0,1
1.0,810.0,253.0,208.0,4.0,385.0,255.0,1
6.0,5226.0,16.0,19.0,4.0,510.0,61.0,1
0.0,4116.0,121.0,85.0,3.0,752.0,116.0,1
10.0,4154.0,61.0,208.0,7.0,435.0,85.0,0
1.0,1482.0,183.0,35.0,3.0,610.0,185.0,0
14.0,1684.0,104.0,60.0,7.0,505.0,115.0,0
5.0,2044.0,85.0,78.0,4.0,1165.0,97.0,1
8.0,778.0,153.0,16.0,6.0,785.0,230.0,0
6.0,5206.0,52.0,16.0,7.0,811.0,58.0,0
5.0,1474.0,173.0,197.0,7.0,455.0,215.0,0
4.0,57.0,96.0,173.0,6.0,870.0,164.0,0
4.0,529.0,79.0,96.0,4.0,1110.0,215.0,0
10.0,4181.0,208.0,117.0,7.0,705.0,55.0,1
15.0,1244.0,233.0,45.0,3.0,960.0,60.0,1
5.0,2260.0,183.0,16.0,5.0,465.0,129.0,0
1.0,1786.0,277.0,148.0,1.0,800.0,160.0,0
8.0,260.0,78.0,184.0,5.0,390.0,125.0,0
12.0,4647.0,122.0,261.0,7.0,785.0,85.0,1
15.0,2450.0,280.0,153.0,5.0,795.0,80.0,0
5.0,1379.0,35.0,159.0,1.0,570.0,74.0,0
5.0,2935.0,85.0,197.0,7.0,925.0,118.0,1
5.0,2964.0,85.0,60.0,7.0,615.0,115.0,0
0.0,3985.0,84.0,177.0,4.0,360.0,100.0,0
12.0,6416.0,24.0,253.0,5.0,723.0,72.0,0
1.0,1625.0,260.0,80.0,6.0,510.0,325.0,1
1.0,1872.0,208.0,173.0,3.0,590.0,160.0,1
15.0,824.0,216.0,221.0,7.0,730.0,75.0,0
3.0,204.0,253.0,160.0,1.0,420.0,82.0,0
10.0,3329.0,80.0,38.0,3.0,625.0,95.0,1
6.0,5423.0,288.0,16.0,7.0,701.0,82.0,1
12.0,4651.0,197.0,205.0,5.0,445.0,74.0,1
11.0,6374.0,16.0,208.0,3.0,580.0,132.0,1
8.0,259.0,16.0,106.0,6.0,615.0,122.0,0
4.0,1479.0,135.0,244.0,4.0,1275.0,59.0,0
12.0,6736.0,230.0,79.0,4.0,574.0,76.0,0
16.0,3071.0,96.0,76.0,3.0,1242.0,124.0,0
0.0,3725.0,281.0,85.0,7.0,335.0,75.0,0
2.0,64.0,14.0,149.0,6.0,695.0,102.0,0
1.0,1172.0,217.0,208.0,1.0,565.0,205.0,0
8.0,477.0,45.0,16.0,4.0,761.0,125.0,0
8.0,562.0,16.0,32.0,5.0,610.0,107.0,0
13.0,731.0,96.0,79.0,3.0,597.0,268.0,1
3.0,1293.0,35.0,221.0,7.0,982.0,106.0,1
8.0,516.0,61.0,16.0,4.0,385.0,108.0,0
13.0,731.0,96.0,79.0,1.0,597.0,268.0,0
16.0,2057.0,58.0,273.0,1.0,925.0,77.0,0
13.0,749.0,205.0,79.0,6.0,603.0,107.0,1
15.0,1055.0,173.0,216.0,3.0,730.0,145.0,1
4.0,382.0,135.0,35.0,7.0,660.0,210.0,1
1.0,823.0,80.0,280.0,6.0,1015.0,140.0,0
14.0,1684.0,104.0,60.0,5.0,505.0,115.0,0
7.0,419.0,79.0,154.0,4.0,1275.0,149.0,1
5.0,1675.0,177.0,217.0,7.0,562.0,212.0,0
15.0,237.0,236.0,261.0,1.0,565.0,80.0,1
15.0,1760.0,129.0,279.0,1.0,865.0,80.0,1
4.0,1079.0,135.0,244.0,1.0,900.0,60.0,1
5.0,1327.0,85.0,22.0,7.0,1300.0,101.0,0
3.0,184.0,243.0,148.0,6.0,755.0,319.0,1
5.0,1431.0,78.0,177.0,5.0,695.0,150.0,0
5.0,2013.0,148.0,71.0,6.0,1060.0,149.0,1
14.0,1106.0,60.0,216.0,1.0,680.0,95.0,1
15.0,2882.0,27.0,147.0,4.0,695.0,70.0,1
13.0,325.0,233.0,208.0,3.0,1077.0,140.0,0
15.0,3754.0,209.0,277.0,4.0,545.0,135.0,0
15.0,2205.0,243.0,202.0,3.0,470.0,85.0,0
10.0,4240.0,265.0,208.0,5.0,410.0,65.0,0
17.0,7287.0,209.0,208.0,3.0,360.0,143.0,0
16.0,2499.0,135.0,2.0,5.0,785.0,130.0,0
5.0,2635.0,139.0,16.0,6.0,485.0,108.0,0
15.0,552.0,251.0,45.0,6.0,880.0,85.0,1
0.0,4195.0,85.0,166.0,7.0,523.0,97.0,0
16.0,3024.0,131.0,135.0,4.0,330.0,70.0,0
10.0,4081.0,208.0,139.0,1.0,820.0,60.0,1
1.0,367.0,104.0,80.0,5.0,505.0,195.0,0
4.0,1058.0,135.0,78.0,6.0,515.0,167.0,0
12.0,7766.0,261.0,220.0,6.0,1015.0,64.0,0
7.0,362.0,79.0,251.0,1.0,690.0,143.0,0
5.0,1589.0,85.0,33.0,1.0,745.0,105.0,1
5.0,2123.0,35.0,85.0,4.0,340.0,144.0,0
5.0,2313.0,16.0,129.0,7.0,1296.0,141.0,1
1.0,889.0,208.0,154.0,4.0,1115.0,270.0,1
12.0,6279.0,264.0,253.0,7.0,1027.0,80.0,1
10.0,2905.0,80.0,162.0,3.0,930.0,70.0,0
15.0,1003.0,2.0,280.0,5.0,1135.0,70.0,1
3.0,1056.0,221.0,148.0,4.0,1066.0,104.0,0
1.0,789.0,208.0,79.0,3.0,880.0,155.0,1
3.0,671.0,148.0,154.0,6.0,460.0,366.0,0
13.0,247.0,153.0,79.0,1.0,792.0,114.0,0
15.0,1514.0,154.0,79.0,1.0,1100.0,135.0,1
14.0,1800.0,213.0,60.0,5.0,390.0,112.0,0
7.0,580.0,261.0,79.0,5.0,1025.0,85.0,0
8.0,1464.0,173.0,175.0,3.0,841.0,163.0,1
2.0,609.0,153.0,252.0,6.0,1135.0,159.0,0
1.0,543.0,208.0,227.0,7.0,600.0,265.0,1
1.0,252.0,154.0,183.0,5.0,875.0,280.0,0
14.0,1490.0,60.0,159.0,3.0,971.0,109.0,1
10.0,3910.0,208.0,69.0,1.0,900.0,85.0,1
2.0,4.0,252.0,78.0,3.0,520.0,298.0,1
14.0,408.0,253.0,217.0,5.0,1035.0,118.0,0
0.0,3957.0,17.0,197.0,3.0,360.0,76.0,1
13.0,498.0,79.0,80.0,7.0,1100.0,119.0,0
4.0,250.0,135.0,233.0,5.0,1145.0,149.0,1
5.0,2095.0,147.0,16.0,3.0,1165.0,82.0,1
6.0,7096.0,35.0,134.0,3.0,1002.0,102.0,0
6.0,5361.0,33.0,16.0,4.0,1170.0,70.0,0
15.0,1775.0,216.0,228.0,4.0,965.0,70.0,0
5.0,1037.0,129.0,16.0,7.0,765.0,126.0,0
15.0,1132.0,18.0,217.0,5.0,410.0,160.0,0
10.0,4254.0,208.0,20.0,6.0,1125.0,110.0,1
8.0,371.0,159.0,16.0,7.0,1060.0,156.0,0
5.0,1422.0,18.0,85.0,5.0,525.0,170.0,0
1.0,284.0,128.0,154.0,4.0,960.0,310.0,0
15.0,1779.0,198.0,27.0,7.0,570.0,60.0,0
3.0,709.0,148.0,260.0,5.0,960.0,239.0,1
3.0,593.0,130.0,173.0,6.0,670.0,163.0,0
13.0,292.0,253.0,173.0,6.0,804.0,311.0,1
12.0,4495.0,197.0,112.0,7.0,1035.0,75.0,1
5.0,2136.0,80.0,197.0,3.0,1086.0,147.0,1
15.0,1413.0,258.0,217.0,4.0,805.0,110.0,0
13.0,389.0,277.0,208.0,6.0,1020.0,179.0,0
9.0,378.0,161.0,128.0,3.0,1260.0,30.0,0
10.0,2866.0,1.0,80.0,3.0,655.0,50.0,0
6.0,7112.0,148.0,134.0,3.0,862.0,92.0,0
1.0,1638.0,80.0,22.0,3.0,1210.0,190.0,1
6.0,5032.0,16.0,70.0,6.0,790.0,43.0,0
13.0,956.0,208.0,45.0,3.0,985.0,113.0,0
15.0,794.0,217.0,243.0,3.0,965.0,70.0,1
15.0,429.0,154.0,79.0,7.0,765.0,135.0,0
13.0,40.0,153.0,134.0,6.0,1380.0,271.0,0
5.0,348.0,16.0,209.0,4.0,900.0,101.0,0
8.0,852.0,173.0,16.0,4.0,1119.0,98.0,0
12.0,7779.0,255.0,261.0,4.0,1170.0,75.0,0
1.0,1665.0,80.0,243.0,6.0,1220.0,185.0,1
1.0,1699.0,173.0,208.0,3.0,690.0,175.0,0
10.0,4669.0,159.0,16.0,7.0,930.0,165.0,1
11.0,6374.0,16.0,208.0,1.0,580.0,132.0,1
1.0,1543.0,33.0,80.0,5.0,515.0,130.0,0
1.0,1462.0,172.0,208.0,1.0,385.0,95.0,1
5.0,305.0,34.0,261.0,5.0,794.0,67.0,1
10.0,3221.0,184.0,80.0,7.0,925.0,165.0,0
14.0,1640.0,60.0,96.0,5.0,468.0,102.0,1
4.0,1618.0,96.0,277.0,4.0,890.0,177.0,1
1.0,1386.0,208.0,197.0,5.0,1170.0,95.0,1
6.0,5338.0,158.0,177.0,4.0,1007.0,77.0,0
0.0,4052.0,75.0,177.0,5.0,380.0,88.0,0
15.0,928.0,61.0,153.0,4.0,480.0,280.0,0
10.0,2937.0,80.0,10.0,3.0,1195.0,65.0,0
7.0,653.0,16.0,79.0,5.0,370.0,201.0,1
15.0,718.0,175.0,258.0,3.0,1145.0,295.0,1
1.0,642.0,244.0,80.0,1.0,1040.0,70.0,0
1.0,628.0,183.0,35.0,4.0,1150.0,185.0,1
2.0,111.0,252.0,14.0,6.0,1245.0,220.0,0
15.0,3763.0,202.0,261.0,7.0,410.0,105.0,0
2.0,611.0,153.0,252.0,5.0,950.0,162.0,0
15.0,1018.0,202.0,214.0,5.0,1115.0,100.0,1
12.0,6861.0,154.0,153.0,5.0,1192.0,70.0,1
17.0,2980.0,217.0,205.0,5.0,805.0,159.0,0
3.0,462.0,241.0,35.0,3.0,657.0,179.0,1
2.0,887.0,202.0,150.0,4.0,465.0,338.0,0
15.0,1256.0,175.0,261.0,1.0,850.0,215.0,1
15.0,1739.0,153.0,45.0,7.0,580.0,275.0,1
10.0,3319.0,80.0,113.0,7.0,600.0,45.0,0
15.0,1956.0,217.0,262.0,7.0,1245.0,120.0,1
4.0,626.0,135.0,45.0,5.0,445.0,173.0,0
5.0,19.0,159.0,85.0,3.0,635.0,127.0,0
13.0,743.0,221.0,79.0,5.0,467.0,228.0,0
5.0,2123.0,35.0,85.0,6.0,340.0,140.0,0
1.0,509.0,85.0,80.0,1.0,385.0,185.0,0
15.0,422.0,45.0,241.0,4.0,620.0,165.0,1
8.0,341.0,216.0,16.0,6.0,1135.0,153.0,0
8.0,732.0,197.0,184.0,5.0,1013.0,76.0,0
6.0,5316.0,70.0,16.0,7.0,360.0,44.0,0
8.0,134.0,277.0,16.0,4.0,480.0,100.0,0
7.0,725.0,78.0,79.0,3.0,1095.0,239.0,0
14.0,1226.0,96.0,60.0,7.0,495.0,125.0,0
12.0,6401.0,93.0,253.0,7.0,382.0,95.0,0
0.0,4274.0,13.0,177.0,6.0,355.0,120.0,0
15.0,3839.0,253.0,217.0,1.0,785.0,115.0,0
12.0,7770.0,255.0,261.0,3.0,531.0,84.0,1
6.0,7077.0,76.0,208.0,7.0,610.0,74.0,1
15.0,567.0,216.0,277.0,4.0,990.0,175.0,1
5.0,1022.0,16.0,85.0,7.0,1143.0,123.0,1
15.0,775.0,175.0,153.0,3.0,980.0,250.0,1
11.0,6315.0,233.0,173.0,3.0,420.0,120.0,0
5.0,1841.0,85.0,277.0,6.0,425.0,167.0,0
7.0,846.0,252.0,79.0,5.0,651.0,150.0,0
8.0,1950.0,16.0,104.0,4.0,610.0,117.0,0
3.0,698.0,104.0,78.0,6.0,684.0,136.0,0
0.0,3683.0,250.0,85.0,1.0,370.0,90.0,0
7.0,788.0,153.0,79.0,5.0,1099.0,110.0,0
5.0,28.0,173.0,16.0,5.0,750.0,97.0,0
1.0,2258.0,244.0,80.0,4.0,375.0,65.0,0
5.0,2109.0,184.0,16.0,5.0,904.0,123.0,0
16.0,5977.0,134.0,71.0,1.0,1051.0,100.0,0
12.0,4676.0,33.0,197.0,4.0,360.0,144.0,1
15.0,1218.0,153.0,202.0,7.0,475.0,90.0,1
15.0,1060.0,214.0,202.0,4.0,1075.0,105.0,1
5.0,2794.0,16.0,216.0,3.0,580.0,135.0,0
4.0,498.0,79.0,135.0,6.0,880.0,136.0,0
0.0,4219.0,237.0,85.0,4.0,1030.0,100.0,0
7.0,387.0,104.0,79.0,1.0,902.0,264.0,0
13.0,588.0,80.0,134.0,6.0,1014.0,176.0,0
13.0,114.0,208.0,173.0,1.0,960.0,163.0,0
15.0,1221.0,216.0,221.0,5.0,1040.0,75.0,0
6.0,5223.0,278.0,16.0,5.0,763.0,76.0,0
0.0,4194.0,240.0,197.0,7.0,935.0,50.0,1
1.0,736.0,80.0,159.0,3.0,850.0,195.0,1
11.0,6602.0,147.0,78.0,3.0,720.0,114.0,0
12.0,6276.0,44.0,253.0,4.0,430.0,80.0,0
12.0,6945.0,46.0,79.0,7.0,435.0,107.0,0
3.0,590.0,213.0,130.0,1.0,900.0,162.0,0
5.0,1200.0,16.0,35.0,5.0,595.0,163.0,0
5.0,1683.0,139.0,261.0,5.0,510.0,224.0,1
5.0,1228.0,16.0,139.0,1.0,966.0,99.0,0
16.0,3103.0,273.0,58.0,3.0,1105.0,72.0,1
5.0,2721.0,197.0,154.0,5.0,690.0,240.0,0
5.0,1138.0,268.0,16.0,3.0,1135.0,99.0,0
10.0,2965.0,165.0,80.0,4.0,460.0,85.0,1
14.0,1157.0,85.0,216.0,3.0,425.0,99.0,0
4.0,1590.0,135.0,183.0,4.0,450.0,143.0,0
6.0,7085.0,121.0,134.0,7.0,619.0,82.0,1
1.0,2421.0,80.0,154.0,3.0,695.0,195.0,0
3.0,1200.0,241.0,43.0,3.0,1235.0,162.0,0
15.0,2442.0,75.0,18.0,1.0,390.0,55.0,1
1.0,1112.0,183.0,96.0,7.0,605.0,170.0,0
5.0,2352.0,213.0,16.0,7.0,886.0,113.0,1
1.0,1081.0,35.0,208.0,4.0,1180.0,170.0,0
7.0,790.0,214.0,79.0,4.0,385.0,144.0,1
8.0,1179.0,241.0,119.0,7.0,1140.0,162.0,0
6.0,7332.0,16.0,33.0,3.0,1050.0,68.0,1
17.0,1012.0,161.0,128.0,7.0,600.0,29.0,0
15.0,1883.0,45.0,173.0,6.0,775.0,145.0,1
14.0,1276.0,216.0,139.0,7.0,1075.0,127.0,0
15.0,2397.0,202.0,243.0,1.0,1035.0,85.0,1
8.0,137.0,45.0,147.0,6.0,625.0,115.0,0
16.0,2718.0,45.0,96.0,3.0,370.0,54.0,0
5.0,2257.0,261.0,252.0,5.0,1005.0,130.0,1
12.0,6874.0,208.0,164.0,4.0,1040.0,95.0,0
6.0,5406.0,71.0,78.0,1.0,957.0,87.0,0
15.0,1383.0,214.0,111.0,4.0,470.0,60.0,0
6.0,5504.0,16.0,48.0,1.0,831.0,99.0,0
5.0,2525.0,197.0,214.0,5.0,555.0,232.0,0
6.0,5603.0,16.0,158.0,6.0,500.0,108.0,0
14.0,1737.0,78.0,60.0,4.0,730.0,85.0,0
4.0,1137.0,96.0,80.0,7.0,989.0,244.0,1
10.0,4291.0,208.0,139.0,1.0,970.0,60.0,1
4.0,526.0,135.0,45.0,5.0,975.0,175.0,0
6.0,4999.0,35.0,78.0,3.0,575.0,109.0,0
8.0,435.0,184.0,16.0,3.0,890.0,121.0,0
6.0,7137.0,134.0,47.0,1.0,1045.0,87.0,0
11.0,6571.0,17.0,85.0,1.0,840.0,81.0,0
3.0,1295.0,35.0,221.0,7.0,1195.0,105.0,1
17.0,7257.0,134.0,244.0,5.0,1040.0,234.0,0
9.0,266.0,128.0,203.0,4.0,1045.0,37.0,1
1.0,1396.0,80.0,209.0,5.0,1070.0,160.0,1
15.0,450.0,262.0,207.0,4.0,1045.0,75.0,1
15.0,3250.0,252.0,34.0,3.0,445.0,80.0,1
17.0,7247.0,134.0,16.0,3.0,737.0,116.0,1
8.0,276.0,16.0,35.0,3.0,1260.0,147.0,0
10.0,4532.0,33.0,78.0,7.0,660.0,95.0,0
14.0,1716.0,216.0,35.0,4.0,555.0,75.0,0
16.0,2276.0,71.0,96.0,7.0,1235.0,115.0,0
15.0,2630.0,85.0,175.0,4.0,630.0,70.0,1
4.0,479.0,135.0,244.0,3.0,1160.0,66.0,1
0.0,3913.0,155.0,177.0,3.0,965.0,115.0,1
3.0,166.0,214.0,148.0,5.0,1295.0,298.0,0
5.0,1973.0,16.0,183.0,7.0,1160.0,124.0,0
1.0,1598.0,80.0,197.0,3.0,1235.0,135.0,0
10.0,4016.0,208.0,109.0,4.0,560.0,55.0,1
15.0,3405.0,207.0,258.0,7.0,940.0,70.0,1
5.0,1483.0,261.0,153.0,3.0,508.0,92.0,0
5.0,2537.0,35.0,173.0,6.0,880.0,204.0,0
12.0,6611.0,79.0,217.0,1.0,695.0,111.0,0
15.0,313.0,173.0,45.0,7.0,830.0,125.0,0
13.0,169.0,159.0,208.0,7.0,655.0,161.0,0
12.0,6810.0,210.0,214.0,5.0,1204.0,54.0,0
8.0,132.0,277.0,16.0,3.0,380.0,95.0,0
7.0,496.0,48.0,79.0,3.0,375.0,202.0,1
10.0,2716.0,80.0,94.0,3.0,895.0,110.0,1
11.0,6562.0,208.0,148.0,6.0,1080.0,142.0,1
12.0,4460.0,46.0,261.0,5.0,690.0,71.0,1
13.0,15.0,148.0,253.0,1.0,870.0,403.0,1
16.0,3088.0,172.0,58.0,4.0,717.0,108.0,0
10.0,4010.0,60.0,208.0,7.0,890.0,135.0,1
14.0,1243.0,216.0,277.0,5.0,945.0,162.0,0
14.0,1071.0,216.0,260.0,7.0,580.0,227.0,0
6.0,5555.0,157.0,16.0,4.0,1079.0,90.0,1
1.0,1072.0,80.0,216.0,7.0,1205.0,180.0,0
15.0,3839.0,253.0,217.0,3.0,785.0,115.0,1
11.0,6569.0,195.0,71.0,1.0,480.0,89.0,0
8.0,364.0,16.0,159.0,3.0,1157.0,130.0,1
15.0,514.0,85.0,175.0,4.0,575.0,75.0,0
6.0,7347.0,136.0,16.0,1.0,783.0,124.0,1
15.0,129.0,217.0,261.0,1.0,550.0,100.0,0
10.0,3283.0,170.0,80.0,1.0,690.0,65.0,0
15.0,2466.0,207.0,217.0,5.0,1135.0,70.0,1
15.0,3028.0,268.0,104.0,6.0,760.0,160.0,1
14.0,5.0,264.0,217.0,7.0,600.0,75.0,0
6.0,5085.0,16.0,95.0,7.0,855.0,82.0,1
13.0,12.0,253.0,148.0,1.0,840.0,343.0,0
1.0,1592.0,80.0,173.0,4.0,745.0,145.0,0
6.0,4988.0,0.0,16.0,4.0,395.0,145.0,0
6.0,5205.0,251.0,16.0,7.0,830.0,94.0,1
12.0,7048.0,136.0,79.0,6.0,778.0,90.0,0
5.0,2228.0,173.0,85.0,1.0,740.0,160.0,0
6.0,5609.0,177.0,205.0,7.0,830.0,107.0,0
16.0,2179.0,223.0,135.0,3.0,900.0,102.0,0
10.0,4331.0,208.0,33.0,4.0,430.0,90.0,0
15.0,697.0,155.0,18.0,4.0,375.0,70.0,0
5.0,1453.0,197.0,252.0,7.0,585.0,223.0,0
17.0,2661.0,228.0,60.0,7.0,1020.0,137.0,0
15.0,3007.0,243.0,79.0,6.0,580.0,140.0,0
5.0,2539.0,78.0,16.0,5.0,600.0,110.0,0
15.0,392.0,175.0,129.0,6.0,725.0,170.0,1
10.0,2926.0,52.0,80.0,5.0,990.0,140.0,0
10.0,4366.0,208.0,71.0,1.0,1000.0,75.0,1
13.0,403.0,79.0,264.0,3.0,696.0,157.0,0
0.0,4356.0,123.0,177.0,6.0,420.0,55.0,0
16.0,2069.0,135.0,165.0,3.0,920.0,71.0,0
0.0,4194.0,197.0,32.0,1.0,1025.0,95.0,0
12.0,4473.0,2.0,261.0,4.0,1040.0,99.0,1
11.0,6402.0,148.0,35.0,5.0,495.0,88.0,1
2.0,636.0,252.0,217.0,4.0,750.0,163.0,0
10.0,3254.0,80.0,129.0,3.0,1010.0,70.0,0
14.0,1435.0,60.0,16.0,1.0,800.0,82.0,0
6.0,5551.0,288.0,16.0,4.0,465.0,79.0,0
0.0,4220.0,85.0,90.0,4.0,1290.0,85.0,1
2.0,474.0,252.0,154.0,7.0,1055.0,157.0,0
15.0,2599.0,79.0,268.0,6.0,420.0,120.0,1
0.0,4324.0,78.0,148.0,1.0,360.0,82.0,1
13.0,136.0,154.0,134.0,4.0,1410.0,290.0,0
15.0,2812.0,175.0,172.0,7.0,920.0,95.0,1
12.0,4618.0,261.0,34.0,7.0,1079.0,66.0,0
14.0,1453.0,209.0,60.0,5.0,665.0,84.0,0
15.0,501.0,153.0,175.0,5.0,650.0,220.0,1
1.0,1637.0,208.0,280.0,1.0,565.0,235.0,0
14.0,277.0,111.0,217.0,1.0,905.0,156.0,0
15.0,3508.0,217.0,18.0,4.0,1165.0,125.0,1
15.0,291.0,175.0,141.0,6.0,995.0,135.0,0
1.0,1039.0,16.0,183.0,3.0,785.0,105.0,0
5.0,2013.0,148.0,71.0,1.0,1060.0,149.0,0
12.0,4774.0,2.0,261.0,5.0,520.0,101.0,0
5.0,1449.0,134.0,16.0,5.0,380.0,129.0,1
12.0,6999.0,170.0,79.0,5.0,848.0,118.0,0
6.0,5359.0,69.0,16.0,5.0,830.0,95.0,1
5.0,1999.0,172.0,177.0,3.0,375.0,88.0,0
15.0,1574.0,153.0,45.0,3.0,1005.0,270.0,1
17.0,1007.0,128.0,150.0,6.0,1170.0,40.0,0
5.0,2801.0,45.0,197.0,7.0,865.0,170.0,1
0.0,4255.0,197.0,281.0,7.0,605.0,86.0,0
8.0,1743.0,173.0,221.0,3.0,670.0,133.0,0
15.0,3129.0,35.0,45.0,6.0,475.0,95.0,1
6.0,5201.0,135.0,16.0,7.0,660.0,121.0,0
1.0,1931.0,253.0,154.0,6.0,875.0,80.0,0
15.0,618.0,33.0,154.0,5.0,635.0,290.0,0
5.0,2574.0,104.0,159.0,1.0,657.0,182.0,1
15.0,350.0,175.0,173.0,4.0,485.0,155.0,0
13.0,663.0,78.0,79.0,5.0,1044.0,246.0,0
14.0,1750.0,153.0,216.0,5.0,890.0,276.0,0
4.0,1105.0,35.0,96.0,5.0,1005.0,92.0,0
5.0,2552.0,277.0,159.0,3.0,1169.0,162.0,0
15.0,176.0,45.0,244.0,7.0,630.0,240.0,0
0.0,3850.0,85.0,221.0,1.0,445.0,68.0,0
4.0,1143.0,16.0,96.0,6.0,885.0,144.0,0
14.0,1700.0,60.0,22.0,1.0,870.0,110.0,0
17.0,2695.0,217.0,100.0,3.0,889.0,105.0,0
15.0,1458.0,262.0,207.0,7.0,620.0,75.0,1
15.0,1745.0,252.0,79.0,6.0,420.0,160.0,1
8.0,455.0,198.0,16.0,3.0,1153.0,82.0,0
1.0,1587.0,80.0,18.0,3.0,815.0,55.0,1
15.0,2826.0,244.0,129.0,6.0,535.0,50.0,0
5.0,1915.0,16.0,217.0,6.0,1300.0,257.0,0
15.0,965.0,79.0,173.0,5.0,450.0,210.0,0
4.0,1101.0,35.0,96.0,3.0,1140.0,89.0,1
1.0,517.0,80.0,258.0,7.0,450.0,230.0,1
17.0,2851.0,217.0,292.0,4.0,1064.0,71.0,0
11.0,6387.0,238.0,85.0,5.0,570.0,97.0,1
12.0,4712.0,243.0,154.0,3.0,570.0,49.0,0
5.0,1334.0,16.0,234.0,3.0,452.0,94.0,0
5.0,1817.0,16.0,79.0,7.0,840.0,200.0,1
10.0,2736.0,155.0,80.0,3.0,800.0,65.0,0
15.0,2397.0,18.0,202.0,1.0,885.0,240.0,1
12.0,6354.0,154.0,246.0,5.0,520.0,44.0,1
8.0,1043.0,61.0,104.0,4.0,913.0,157.0,0
12.0,7760.0,89.0,261.0,5.0,840.0,63.0,0
16.0,2711.0,233.0,96.0,7.0,378.0,84.0,0
1.0,1067.0,80.0,244.0,7.0,1270.0,65.0,0
15.0,311.0,217.0,252.0,5.0,540.0,190.0,0
1.0,1665.0,80.0,243.0,7.0,1220.0,185.0,1
12.0,6592.0,208.0,19.0,7.0,1205.0,105.0,1
5.0,1899.0,16.0,33.0,7.0,910.0,67.0,1
1.0,481.0,79.0,80.0,1.0,795.0,115.0,0
4.0,233.0,159.0,135.0,4.0,1139.0,237.0,0
15.0,2980.0,202.0,217.0,5.0,455.0,110.0,0
12.0,6447.0,132.0,79.0,3.0,495.0,197.0,0
15.0,1533.0,79.0,2.0,4.0,985.0,70.0,1
0.0,3728.0,177.0,66.0,3.0,875.0,80.0,0
4.0,209.0,135.0,214.0,4.0,1270.0,274.0,0
1.0,467.0,78.0,208.0,1.0,600.0,130.0,0
11.0,6467.0,35.0,148.0,5.0,720.0,83.0,0
15.0,1097.0,44.0,202.0,7.0,1170.0,70.0,1
15.0,2812.0,45.0,175.0,4.0,820.0,125.0,1
15.0,1748.0,243.0,262.0,4.0,1075.0,95.0,1
11.0,6608.0,85.0,157.0,4.0,540.0,84.0,0
10.0,2768.0,121.0,80.0,4.0,1025.0,170.0,0
5.0,2679.0,134.0,16.0,5.0,1132.0,123.0,1
6.0,5291.0,16.0,87.0,3.0,570.0,73.0,0
9.0,119.0,150.0,128.0,5.0,598.0,42.0,0
15.0,1245.0,154.0,129.0,6.0,450.0,190.0,0
16.0,2661.0,182.0,96.0,1.0,777.0,79.0,1
13.0,461.0,134.0,153.0,5.0,1015.0,325.0,1
6.0,5416.0,158.0,16.0,4.0,575.0,101.0,0
0.0,3896.0,25.0,85.0,3.0,994.0,96.0,0
14.0,630.0,217.0,221.0,4.0,815.0,229.0,0
11.0,6385.0,159.0,71.0,6.0,780.0,143.0,1
2.0,52.0,98.0,14.0,5.0,1340.0,60.0,1
0.0,4390.0,56.0,85.0,6.0,375.0,106.0,1
5.0,1590.0,16.0,245.0,5.0,815.0,63.0,1
5.0,1030.0,244.0,16.0,3.0,972.0,148.0,0
12.0,6328.0,280.0,79.0,6.0,528.0,124.0,0
15.0,2098.0,104.0,141.0,3.0,1185.0,165.0,1
16.0,2529.0,96.0,42.0,4.0,455.0,87.0,0
5.0,1285.0,16.0,213.0,5.0,1076.0,110.0,0
12.0,4687.0,137.0,261.0,4.0,410.0,56.0,1
12.0,4608.0,261.0,252.0,1.0,905.0,130.0,1
14.0,2175.0,159.0,78.0,1.0,780.0,67.0,0
14.0,122.0,14.0,217.0,4.0,113.0,327.0,0
10.0,2865.0,80.0,181.0,4.0,880.0,85.0,0
15.0,2027.0,85.0,79.0,7.0,1115.0,200.0,1
5.0,1656.0,18.0,16.0,4.0,656.0,134.0,0
5.0,2744.0,243.0,197.0,5.0,715.0,219.0,0
15.0,465.0,243.0,172.0,3.0,420.0,190.0,1
15.0,2586.0,173.0,22.0,6.0,525.0,155.0,0
7.0,654.0,253.0,79.0,5.0,654.0,146.0,0
15.0,3249.0,153.0,2.0,3.0,1260.0,80.0,1
7.0,231.0,33.0,79.0,6.0,880.0,173.0,0
12.0,6287.0,227.0,153.0,1.0,587.0,60.0,1
3.0,102.0,148.0,43.0,5.0,1019.0,94.0,0
15.0,1527.0,172.0,75.0,6.0,1050.0,95.0,1
15.0,834.0,277.0,268.0,6.0,610.0,145.0,1
16.0,2501.0,135.0,91.0,7.0,685.0,113.0,1
5.0,2579.0,148.0,183.0,4.0,765.0,183.0,0
15.0,3250.0,252.0,34.0,1.0,445.0,80.0,0
8.0,1292.0,119.0,173.0,3.0,760.0,155.0,0
3.0,204.0,160.0,148.0,1.0,556.0,314.0,1
15.0,407.0,104.0,147.0,5.0,415.0,70.0,0
5.0,2731.0,85.0,268.0,4.0,445.0,118.0,0
15.0,871.0,18.0,217.0,1.0,870.0,160.0,1
5.0,2472.0,277.0,16.0,3.0,740.0,94.0,0
15.0,888.0,44.0,202.0,4.0,435.0,75.0,0
12.0,3060.0,184.0,268.0,5.0,984.0,74.0,1
1.0,222.0,154.0,35.0,7.0,445.0,320.0,0
16.0,2025.0,135.0,2.0,7.0,880.0,131.0,0
4.0,480.0,153.0,58.0,3.0,677.0,233.0,1
3.0,1790.0,78.0,35.0,5.0,390.0,85.0,0
8.0,1461.0,175.0,173.0,1.0,435.0,159.0,0
3.0,408.0,217.0,35.0,5.0,750.0,291.0,0
11.0,6296.0,71.0,233.0,4.0,915.0,88.0,0
1.0,462.0,198.0,183.0,3.0,760.0,105.0,1
15.0,2357.0,79.0,35.0,3.0,660.0,225.0,1
4.0,1588.0,243.0,135.0,7.0,770.0,187.0,1
12.0,7767.0,110.0,235.0,6.0,393.0,77.0,0
3.0,636.0,253.0,35.0,3.0,1273.0,320.0,0
3.0,1126.0,104.0,233.0,5.0,745.0,119.0,1
12.0,6524.0,214.0,232.0,3.0,1280.0,38.0,0
5.0,1466.0,253.0,16.0,3.0,520.0,271.0,0
13.0,614.0,208.0,78.0,3.0,785.0,105.0,0
15.0,2292.0,202.0,207.0,4.0,580.0,70.0,1
16.0,2180.0,58.0,60.0,5.0,1140.0,93.0,0
5.0,1238.0,18.0,16.0,5.0,785.0,132.0,0
15.0,206.0,202.0,243.0,7.0,885.0,85.0,1
12.0,7801.0,261.0,282.0,4.0,495.0,60.0,1
0.0,4097.0,233.0,177.0,4.0,1062.0,128.0,1
12.0,6298.0,253.0,80.0,4.0,1082.0,202.0,0
15.0,32.0,75.0,155.0,3.0,920.0,70.0,1
15.0,1412.0,129.0,175.0,6.0,1080.0,150.0,0
15.0,487.0,75.0,172.0,6.0,655.0,85.0,0
10.0,4396.0,233.0,78.0,4.0,435.0,65.0,0
15.0,1640.0,45.0,268.0,6.0,450.0,145.0,0
10.0,3778.0,208.0,78.0,5.0,550.0,105.0,1
14.0,12.0,217.0,148.0,5.0,595.0,292.0,0
12.0,4647.0,261.0,122.0,4.0,671.0,89.0,1
12.0,6359.0,79.0,80.0,6.0,510.0,119.0,1
8.0,767.0,213.0,16.0,1.0,465.0,115.0,0
8.0,203.0,16.0,48.0,1.0,1040.0,96.0,1
1.0,1211.0,85.0,80.0,4.0,805.0,175.0,0
13.0,43.0,135.0,79.0,1.0,505.0,161.0,1
5.0,2429.0,16.0,252.0,1.0,900.0,330.0,1
12.0,6630.0,57.0,154.0,1.0,360.0,40.0,0
6.0,5215.0,167.0,16.0,3.0,761.0,89.0,0
15.0,388.0,217.0,243.0,5.0,530.0,70.0,0
15.0,2968.0,261.0,217.0,5.0,1000.0,95.0,1
3.0,358.0,44.0,148.0,4.0,1290.0,301.0,0
14.0,988.0,208.0,60.0,5.0,1095.0,113.0,0
11.0,6706.0,234.0,85.0,6.0,751.0,119.0,0
14.0,1297.0,60.0,260.0,3.0,590.0,209.0,1
13.0,225.0,22.0,134.0,5.0,1157.0,93.0,0
5.0,1715.0,18.0,16.0,5.0,968.0,136.0,0
12.0,6473.0,154.0,140.0,1.0,780.0,60.0,1
15.0,2204.0,217.0,279.0,6.0,1050.0,135.0,0
15.0,28.0,129.0,75.0,5.0,780.0,55.0,0
16.0,2003.0,135.0,268.0,5.0,660.0,115.0,1
12.0,6243.0,244.0,154.0,6.0,389.0,201.0,0
13.0,480.0,253.0,221.0,5.0,855.0,297.0,0
1.0,1796.0,198.0,208.0,3.0,665.0,140.0,0
5.0,2147.0,182.0,16.0,7.0,420.0,184.0,0
5.0,1936.0,184.0,85.0,7.0,601.0,70.0,1
15.0,1255.0,244.0,75.0,3.0,1255.0,55.0,0
13.0,635.0,233.0,208.0,3.0,362.0,139.0,0
8.0,694.0,16.0,267.0,7.0,856.0,84.0,0
10.0,2866.0,1.0,80.0,6.0,655.0,50.0,0
16.0,3135.0,71.0,135.0,5.0,1045.0,159.0,0
12.0,6841.0,204.0,208.0,7.0,1098.0,122.0,0
0.0,3857.0,16.0,204.0,4.0,954.0,141.0,0
12.0,4532.0,261.0,214.0,6.0,905.0,115.0,0
6.0,5100.0,132.0,16.0,5.0,788.0,70.0,0
13.0,382.0,208.0,134.0,6.0,525.0,109.0,1
16.0,2285.0,182.0,58.0,4.0,1037.0,107.0,0
15.0,831.0,214.0,111.0,5.0,965.0,60.0,0
15.0,973.0,79.0,33.0,3.0,635.0,145.0,1
16.0,2999.0,58.0,184.0,3.0,1260.0,77.0,0
13.0,517.0,134.0,79.0,7.0,746.0,233.0,0
15.0,2175.0,154.0,202.0,5.0,950.0,70.0,1
1.0,1517.0,80.0,2.0,6.0,945.0,110.0,1
5.0,2544.0,197.0,172.0,3.0,1150.0,92.0,1
0.0,4055.0,197.0,82.0,3.0,830.0,58.0,0
5.0,2400.0,16.0,35.0,3.0,1070.0,152.0,0
0.0,4390.0,85.0,20.0,5.0,625.0,84.0,0
15.0,456.0,45.0,217.0,7.0,455.0,320.0,0
13.0,848.0,258.0,79.0,5.0,473.0,164.0,0
12.0,6230.0,214.0,93.0,1.0,675.0,36.0,0
7.0,531.0,79.0,175.0,7.0,700.0,135.0,0
13.0,942.0,154.0,208.0,1.0,668.0,242.0,0
15.0,2803.0,134.0,175.0,7.0,610.0,120.0,1
1.0,636.0,2.0,80.0,5.0,1040.0,105.0,1
15.0,1727.0,141.0,104.0,1.0,650.0,185.0,0
14.0,162.0,60.0,243.0,7.0,475.0,317.0,1
15.0,758.0,75.0,162.0,4.0,380.0,60.0,0
13.0,860.0,134.0,35.0,5.0,514.0,96.0,0
2.0,581.0,264.0,214.0,3.0,405.0,157.0,0
5.0,1639.0,78.0,16.0,4.0,840.0,123.0,0
15.0,1976.0,139.0,172.0,5.0,975.0,100.0,1
6.0,5386.0,41.0,16.0,4.0,620.0,89.0,0
0.0,3848.0,92.0,85.0,1.0,1030.0,75.0,1
10.0,3652.0,251.0,183.0,4.0,890.0,155.0,0
15.0,127.0,104.0,175.0,7.0,495.0,195.0,0
14.0,1715.0,78.0,104.0,4.0,885.0,154.0,1
15.0,2118.0,2.0,243.0,4.0,1040.0,115.0,1
10.0,3809.0,2.0,208.0,3.0,795.0,160.0,1
5.0,2542.0,16.0,96.0,6.0,895.0,143.0,1
14.0,1416.0,154.0,216.0,5.0,835.0,298.0,0
0.0,4377.0,85.0,245.0,5.0,605.0,134.0,0
10.0,4658.0,159.0,16.0,5.0,745.0,155.0,0
3.0,51.0,42.0,148.0,6.0,670.0,75.0,0
1.0,2345.0,208.0,80.0,3.0,1030.0,155.0,1
1.0,1843.0,208.0,252.0,7.0,530.0,270.0,1
1.0,1322.0,80.0,85.0,4.0,435.0,160.0,1
16.0,2318.0,135.0,16.0,1.0,1060.0,124.0,1
15.0,940.0,175.0,205.0,1.0,635.0,85.0,1
15.0,824.0,104.0,216.0,1.0,535.0,170.0,1
5.0,1523.0,35.0,85.0,3.0,988.0,140.0,1
3.0,1600.0,35.0,78.0,1.0,450.0,102.0,0
1.0,813.0,18.0,154.0,1.0,735.0,195.0,0
6.0,5019.0,16.0,70.0,4.0,590.0,53.0,0
8.0,205.0,16.0,48.0,4.0,1250.0,106.0,0
15.0,11.0,268.0,243.0,1.0,790.0,240.0,1
15.0,201.0,75.0,129.0,1.0,390.0,60.0,1
3.0,133.0,148.0,241.0,4.0,415.0,192.0,0
11.0,6651.0,159.0,33.0,5.0,930.0,167.0,1
14.0,632.0,217.0,221.0,7.0,605.0,243.0,0
12.0,4592.0,122.0,261.0,3.0,1025.0,85.0,0
15.0,641.0,221.0,216.0,5.0,1035.0,90.0,1
16.0,2428.0,155.0,135.0,3.0,975.0,95.0,0
3.0,21.0,148.0,277.0,6.0,1170.0,191.0,1
10.0,4122.0,278.0,208.0,7.0,985.0,120.0,0
8.0,274.0,16.0,35.0,3.0,891.0,144.0,1
13.0,151.0,134.0,208.0,6.0,748.0,132.0,0
15.0,2960.0,258.0,264.0,3.0,820.0,75.0,1
15.0,425.0,175.0,129.0,1.0,505.0,170.0,1
8.0,466.0,16.0,45.0,3.0,1280.0,102.0,0
15.0,1883.0,277.0,27.0,6.0,535.0,85.0,0
11.0,6770.0,139.0,78.0,6.0,370.0,100.0,0
1.0,1482.0,260.0,183.0,4.0,450.0,160.0,1
14.0,497.0,96.0,60.0,3.0,1050.0,122.0,1
3.0,1404.0,253.0,18.0,6.0,960.0,201.0,1
8.0,1073.0,277.0,48.0,1.0,668.0,139.0,0
5.0,1548.0,85.0,159.0,1.0,1055.0,118.0,1
12.0,6704.0,79.0,164.0,7.0,1185.0,79.0,0
15.0,282.0,154.0,91.0,3.0,1000.0,110.0,1
5.0,1151.0,197.0,253.0,4.0,855.0,250.0,1
0.0,4039.0,121.0,16.0,4.0,455.0,85.0,0
5.0,2938.0,16.0,78.0,1.0,385.0,94.0,0
5.0,1742.0,217.0,261.0,7.0,1056.0,96.0,1
5.0,1495.0,16.0,97.0,1.0,580.0,124.0,1
15.0,843.0,182.0,45.0,1.0,525.0,95.0,1
12.0,6582.0,227.0,253.0,7.0,666.0,91.0,0
13.0,828.0,79.0,96.0,5.0,1060.0,226.0,0
15.0,425.0,129.0,244.0,1.0,695.0,55.0,0
15.0,958.0,279.0,75.0,3.0,1015.0,60.0,1
15.0,1589.0,202.0,243.0,5.0,1215.0,80.0,0
15.0,1831.0,45.0,153.0,3.0,430.0,330.0,1
15.0,1533.0,79.0,2.0,7.0,985.0,70.0,1
5.0,2808.0,104.0,71.0,6.0,935.0,158.0,1
1.0,1465.0,208.0,241.0,6.0,665.0,170.0,1
0.0,4303.0,172.0,177.0,6.0,670.0,84.0,1
15.0,864.0,79.0,243.0,3.0,1300.0,145.0,1
6.0,7131.0,134.0,47.0,7.0,737.0,87.0,1
4.0,1138.0,80.0,96.0,5.0,919.0,190.0,1
10.0,2791.0,80.0,116.0,6.0,535.0,90.0,0
15.0,1166.0,45.0,18.0,7.0,1060.0,235.0,1
15.0,1355.0,153.0,79.0,6.0,985.0,115.0,0
15.0,49.0,129.0,173.0,7.0,1205.0,125.0,1
10.0,3261.0,162.0,80.0,6.0,1085.0,80.0,0
16.0,2216.0,147.0,96.0,7.0,681.0,129.0,0
16.0,2439.0,12.0,58.0,5.0,610.0,89.0,0
6.0,5014.0,16.0,130.0,6.0,590.0,149.0,1
15.0,2634.0,79.0,154.0,6.0,735.0,160.0,0
13.0,565.0,253.0,154.0,3.0,1216.0,90.0,0
15.0,1285.0,141.0,173.0,4.0,1065.0,170.0,1
15.0,628.0,153.0,236.0,5.0,1145.0,80.0,1
13.0,228.0,79.0,80.0,4.0,493.0,119.0,0
0.0,4388.0,85.0,195.0,3.0,540.0,87.0,0
12.0,7026.0,154.0,100.0,5.0,816.0,69.0,1
1.0,936.0,183.0,173.0,7.0,1340.0,55.0,1
13.0,651.0,96.0,208.0,3.0,1051.0,160.0,0
11.0,6512.0,178.0,177.0,7.0,707.0,118.0,0
12.0,4750.0,261.0,127.0,7.0,1201.0,79.0,0
10.0,3605.0,183.0,71.0,5.0,450.0,160.0,0
5.0,1051.0,16.0,85.0,1.0,825.0,120.0,0
12.0,6251.0,280.0,79.0,6.0,337.0,112.0,0
12.0,4775.0,243.0,154.0,6.0,730.0,49.0,1
6.0,7073.0,134.0,47.0,6.0,1320.0,81.0,0
15.0,468.0,34.0,236.0,3.0,555.0,65.0,1
10.0,3621.0,183.0,209.0,5.0,665.0,135.0,0
5.0,2770.0,177.0,197.0,5.0,965.0,129.0,0
12.0,6271.0,208.0,109.0,4.0,394.0,51.0,1
13.0,403.0,79.0,264.0,7.0,685.0,157.0,0
5.0,2519.0,175.0,16.0,1.0,820.0,117.0,0
10.0,2783.0,80.0,108.0,6.0,845.0,60.0,0
0.0,3801.0,58.0,177.0,1.0,1056.0,134.0,0
5.0,2812.0,16.0,208.0,7.0,630.0,132.0,1
14.0,400.0,217.0,253.0,7.0,680.0,133.0,1
12.0,6635.0,253.0,55.0,5.0,739.0,55.0,1
4.0,170.0,135.0,253.0,3.0,545.0,255.0,1
0.0,4315.0,76.0,197.0,6.0,807.0,118.0,1
15.0,2004.0,154.0,153.0,1.0,1005.0,65.0,1
5.0,2131.0,159.0,85.0,7.0,1130.0,130.0,1
10.0,2843.0,283.0,80.0,5.0,655.0,60.0,0
8.0,1411.0,48.0,241.0,4.0,425.0,174.0,1
13.0,840.0,154.0,208.0,5.0,721.0,244.0,1
6.0,4955.0,190.0,16.0,5.0,640.0,74.0,0
4.0,1138.0,80.0,96.0,3.0,919.0,190.0,0
2.0,349.0,202.0,252.0,3.0,1210.0,120.0,0
5.0,2509.0,85.0,80.0,5.0,920.0,191.0,0
4.0,119.0,277.0,96.0,6.0,917.0,160.0,1
12.0,4522.0,261.0,29.0,3.0,1035.0,124.0,0
5.0,1178.0,16.0,121.0,7.0,1135.0,58.0,0
14.0,496.0,217.0,79.0,5.0,1355.0,102.0,0
15.0,1497.0,129.0,198.0,5.0,455.0,60.0,1
1.0,2081.0,173.0,80.0,3.0,465.0,180.0,0
1.0,1120.0,197.0,208.0,5.0,700.0,90.0,0
10.0,4009.0,221.0,208.0,5.0,780.0,100.0,1
5.0,2330.0,197.0,177.0,1.0,660.0,125.0,1
8.0,331.0,216.0,16.0,5.0,350.0,145.0,0
0.0,4184.0,244.0,177.0,7.0,975.0,115.0,0
11.0,6572.0,61.0,85.0,4.0,1060.0,65.0,0
15.0,708.0,18.0,258.0,7.0,955.0,235.0,0
15.0,1942.0,217.0,197.0,6.0,980.0,185.0,1
5.0,1979.0,27.0,16.0,4.0,405.0,69.0,0
4.0,481.0,58.0,153.0,4.0,525.0,269.0,1
8.0,635.0,45.0,76.0,1.0,952.0,93.0,1
11.0,6596.0,177.0,139.0,1.0,865.0,84.0,0
6.0,4979.0,278.0,16.0,5.0,360.0,67.0,0
14.0,662.0,79.0,217.0,6.0,733.0,112.0,1
13.0,149.0,208.0,253.0,1.0,422.0,286.0,1
10.0,2834.0,80.0,181.0,3.0,1160.0,85.0,0
1.0,1588.0,80.0,198.0,6.0,1015.0,80.0,0
0.0,4086.0,281.0,197.0,6.0,776.0,100.0,1
13.0,581.0,79.0,134.0,5.0,517.0,198.0,0
2.0,221.0,253.0,252.0,5.0,1245.0,122.0,1
12.0,3076.0,184.0,205.0,3.0,1255.0,84.0,1
15.0,174.0,79.0,104.0,7.0,1020.0,230.0,1
0.0,3686.0,177.0,136.0,6.0,560.0,99.0,0
13.0,970.0,243.0,134.0,6.0,456.0,292.0,0
10.0,2879.0,80.0,290.0,6.0,1170.0,70.0,1
1.0,2307.0,208.0,80.0,3.0,545.0,155.0,1
15.0,1400.0,79.0,175.0,3.0,375.0,145.0,0
0.0,3862.0,244.0,177.0,6.0,345.0,119.0,0
13.0,893.0,35.0,253.0,7.0,370.0,409.0,0
4.0,574.0,135.0,221.0,7.0,1135.0,157.0,0
6.0,5611.0,157.0,16.0,1.0,375.0,85.0,0
16.0,3098.0,120.0,96.0,4.0,625.0,90.0,1
15.0,511.0,154.0,175.0,5.0,595.0,235.0,0
11.0,6401.0,133.0,71.0,3.0,360.0,53.0,0
1.0,848.0,80.0,16.0,4.0,1070.0,130.0,0
3.0,1296.0,221.0,35.0,4.0,1125.0,93.0,0
13.0,534.0,217.0,79.0,7.0,510.0,120.0,0
6.0,7323.0,32.0,16.0,1.0,360.0,115.0,0
15.0,20.0,129.0,75.0,6.0,660.0,55.0,1
5.0,1496.0,79.0,197.0,1.0,550.0,121.0,0
15.0,1184.0,214.0,236.0,6.0,480.0,80.0,0
1.0,1776.0,80.0,216.0,6.0,405.0,185.0,0
2.0,460.0,252.0,154.0,4.0,600.0,154.0,0
15.0,2780.0,129.0,131.0,6.0,700.0,60.0,1
1.0,2094.0,197.0,80.0,3.0,835.0,155.0,1
6.0,5091.0,19.0,16.0,4.0,910.0,79.0,0
12.0,6283.0,154.0,144.0,5.0,1175.0,52.0,0
15.0,2459.0,153.0,262.0,4.0,540.0,90.0,1
9.0,348.0,128.0,150.0,5.0,851.0,44.0,1
15.0,315.0,153.0,184.0,3.0,1100.0,200.0,1
10.0,2772.0,290.0,80.0,6.0,1140.0,75.0,0
1.0,743.0,80.0,154.0,1.0,995.0,205.0,1
5.0,1450.0,153.0,197.0,5.0,60.0,186.0,0
12.0,6417.0,154.0,263.0,7.0,625.0,50.0,0
9.0,382.0,128.0,143.0,7.0,593.0,51.0,1
0.0,4249.0,234.0,71.0,6.0,810.0,110.0,1
15.0,910.0,258.0,153.0,3.0,560.0,85.0,0
10.0,2865.0,80.0,181.0,7.0,880.0,85.0,1
15.0,879.0,228.0,173.0,6.0,670.0,190.0,0
5.0,1414.0,197.0,228.0,5.0,1135.0,161.0,1
16.0,2917.0,197.0,135.0,5.0,1155.0,171.0,1
13.0,406.0,28.0,79.0,5.0,822.0,92.0,0
15.0,1814.0,198.0,173.0,3.0,970.0,100.0,1
13.0,365.0,208.0,264.0,5.0,595.0,269.0,0
7.0,659.0,197.0,79.0,1.0,612.0,130.0,0
15.0,2926.0,172.0,175.0,6.0,685.0,80.0,0
10.0,2886.0,165.0,80.0,3.0,1105.0,80.0,0
10.0,2789.0,80.0,254.0,4.0,1065.0,75.0,0
5.0,2328.0,173.0,85.0,1.0,500.0,160.0,0
8.0,400.0,16.0,139.0,3.0,1335.0,102.0,1
15.0,794.0,35.0,217.0,3.0,690.0,365.0,1
12.0,6446.0,154.0,263.0,4.0,976.0,56.0,0
11.0,6671.0,85.0,71.0,6.0,824.0,76.0,0
1.0,1053.0,208.0,18.0,7.0,830.0,165.0,0
15.0,403.0,79.0,172.0,4.0,1040.0,95.0,0
10.0,4221.0,117.0,208.0,6.0,1115.0,75.0,1
0.0,4285.0,204.0,197.0,7.0,941.0,131.0,1
1.0,1022.0,183.0,216.0,7.0,885.0,180.0,1
1.0,343.0,208.0,18.0,6.0,1195.0,170.0,1
4.0,216.0,96.0,198.0,3.0,1200.0,214.0,1
16.0,2618.0,251.0,96.0,1.0,839.0,114.0,1
11.0,6296.0,71.0,233.0,5.0,915.0,88.0,1
10.0,3271.0,218.0,80.0,3.0,1030.0,130.0,1
14.0,409.0,217.0,253.0,7.0,1070.0,122.0,1
12.0,7779.0,255.0,261.0,6.0,1170.0,75.0,0
12.0,6869.0,34.0,208.0,6.0,407.0,198.0,1
5.0,2166.0,184.0,16.0,7.0,410.0,134.0,0
5.0,1146.0,16.0,54.0,3.0,1366.0,64.0,1
6.0,5026.0,97.0,16.0,5.0,1045.0,125.0,0
8.0,1245.0,173.0,106.0,7.0,1277.0,158.0,0
1.0,617.0,80.0,243.0,3.0,755.0,195.0,1
15.0,952.0,258.0,153.0,3.0,1035.0,90.0,0
4.0,338.0,96.0,183.0,3.0,390.0,187.0,1
5.0,1801.0,228.0,16.0,7.0,1080.0,175.0,0
6.0,5193.0,74.0,16.0,6.0,1080.0,106.0,0
15.0,610.0,236.0,243.0,4.0,1175.0,85.0,1
16.0,2776.0,96.0,184.0,7.0,580.0,139.0,0
16.0,2419.0,60.0,58.0,1.0,385.0,92.0,0
14.0,1093.0,216.0,208.0,6.0,830.0,145.0,1
12.0,4816.0,253.0,261.0,4.0,705.0,104.0,1
13.0,950.0,154.0,134.0,3.0,461.0,285.0,1
6.0,5234.0,162.0,177.0,7.0,415.0,60.0,0
10.0,3698.0,71.0,183.0,4.0,1160.0,160.0,0
1.0,1467.0,80.0,91.0,1.0,550.0,105.0,0
6.0,5425.0,16.0,69.0,3.0,728.0,77.0,1
12.0,6549.0,232.0,253.0,4.0,1218.0,101.0,1
15.0,1140.0,129.0,91.0,7.0,530.0,120.0,0
1.0,730.0,208.0,104.0,1.0,935.0,180.0,0
2.0,574.0,214.0,243.0,5.0,1210.0,139.0,1
16.0,2086.0,162.0,96.0,6.0,402.0,162.0,0
7.0,360.0,79.0,277.0,3.0,990.0,196.0,0
12.0,6827.0,208.0,184.0,4.0,1310.0,38.0,0
14.0,926.0,60.0,208.0,1.0,590.0,134.0,0
10.0,4648.0,233.0,159.0,4.0,1040.0,100.0,1
9.0,30.0,203.0,252.0,1.0,970.0,325.0,1
1.0,537.0,183.0,279.0,7.0,1190.0,185.0,0
14.0,910.0,60.0,45.0,5.0,1070.0,79.0,0
4.0,1134.0,80.0,96.0,1.0,636.0,204.0,0
8.0,305.0,79.0,16.0,4.0,745.0,170.0,0
17.0,2716.0,205.0,217.0,7.0,1095.0,174.0,0
5.0,2511.0,16.0,80.0,5.0,580.0,150.0,0
12.0,6310.0,2.0,154.0,4.0,1135.0,125.0,0
10.0,2903.0,288.0,80.0,1.0,420.0,140.0,0
15.0,2377.0,221.0,173.0,7.0,375.0,150.0,1
15.0,1785.0,33.0,277.0,6.0,1070.0,105.0,1
10.0,3748.0,208.0,197.0,3.0,360.0,85.0,0
17.0,2823.0,217.0,280.0,6.0,790.0,56.0,0
6.0,5323.0,78.0,35.0,5.0,1135.0,92.0,0
12.0,6814.0,154.0,252.0,4.0,405.0,164.0,0
12.0,6762.0,246.0,79.0,1.0,880.0,142.0,0
8.0,76.0,104.0,16.0,6.0,1007.0,117.0,0
16.0,2188.0,234.0,96.0,7.0,775.0,90.0,0
5.0,2105.0,277.0,197.0,3.0,480.0,207.0,0
1.0,1606.0,80.0,61.0,3.0,860.0,140.0,1
15.0,854.0,182.0,45.0,7.0,475.0,100.0,0
6.0,7067.0,182.0,134.0,1.0,486.0,110.0,0
1.0,1512.0,208.0,78.0,6.0,1100.0,105.0,1
15.0,1318.0,153.0,207.0,6.0,850.0,55.0,0
4.0,1707.0,277.0,135.0,7.0,910.0,141.0,0
12.0,6602.0,262.0,253.0,5.0,1262.0,43.0,0
6.0,5289.0,16.0,146.0,4.0,885.0,85.0,0
15.0,2552.0,153.0,129.0,7.0,490.0,170.0,0
0.0,4362.0,85.0,134.0,6.0,620.0,97.0,0
15.0,133.0,217.0,258.0,7.0,465.0,125.0,0
0.0,4287.0,71.0,85.0,5.0,460.0,87.0,0
4.0,535.0,58.0,154.0,4.0,1015.0,297.0,0
16.0,2495.0,27.0,135.0,4.0,790.0,110.0,0
12.0,4727.0,244.0,261.0,4.0,1136.0,177.0,0
16.0,5912.0,208.0,43.0,5.0,606.0,86.0,0
10.0,3054.0,154.0,246.0,5.0,460.0,40.0,0
12.0,6921.0,280.0,253.0,5.0,367.0,133.0,0
8.0,801.0,45.0,35.0,4.0,870.0,80.0,0
12.0,4495.0,197.0,112.0,1.0,1035.0,75.0,1
1.0,893.0,60.0,80.0,4.0,460.0,165.0,0
2.0,188.0,98.0,14.0,5.0,945.0,63.0,0
10.0,3012.0,154.0,79.0,4.0,955.0,145.0,0
13.0,723.0,79.0,258.0,7.0,1170.0,163.0,1
12.0,6286.0,227.0,153.0,7.0,777.0,60.0,1
1.0,492.0,80.0,268.0,7.0,1045.0,95.0,0
14.0,941.0,197.0,217.0,7.0,680.0,207.0,1
5.0,1107.0,216.0,261.0,4.0,1030.0,311.0,0
8.0,858.0,173.0,16.0,7.0,1074.0,101.0,1
2.0,661.0,80.0,252.0,7.0,830.0,262.0,0
15.0,3833.0,75.0,279.0,5.0,965.0,55.0,1
6.0,5335.0,16.0,4.0,7.0,935.0,53.0,0
15.0,512.0,153.0,184.0,4.0,570.0,210.0,1
0.0,4090.0,197.0,17.0,5.0,1325.0,62.0,1
3.0,164.0,277.0,148.0,7.0,1260.0,152.0,1
0.0,4022.0,87.0,177.0,7.0,980.0,90.0,1
14.0,742.0,104.0,216.0,7.0,840.0,164.0,0
0.0,4302.0,58.0,85.0,6.0,725.0,60.0,0
5.0,1149.0,154.0,128.0,5.0,1080.0,369.0,0
15.0,198.0,129.0,277.0,3.0,635.0,115.0,1
10.0,4598.0,233.0,159.0,4.0,1215.0,90.0,1
5.0,2238.0,16.0,78.0,1.0,800.0,97.0,1
10.0,4094.0,208.0,273.0,3.0,525.0,110.0,0
15.0,598.0,214.0,202.0,4.0,735.0,100.0,1
16.0,2442.0,135.0,158.0,4.0,945.0,54.0,0
12.0,7033.0,154.0,214.0,6.0,1072.0,141.0,1
6.0,7126.0,208.0,43.0,7.0,447.0,86.0,0
10.0,4107.0,208.0,61.0,4.0,505.0,75.0,0
10.0,3692.0,183.0,234.0,7.0,730.0,140.0,1
14.0,195.0,216.0,217.0,7.0,415.0,317.0,0
17.0,2612.0,54.0,60.0,6.0,1087.0,69.0,0
15.0,324.0,172.0,175.0,7.0,795.0,80.0,1
10.0,4167.0,208.0,61.0,5.0,1180.0,75.0,0
16.0,2192.0,135.0,170.0,4.0,1275.0,85.0,0
14.0,976.0,60.0,134.0,1.0,1075.0,81.0,1
6.0,5336.0,16.0,121.0,7.0,977.0,58.0,1
5.0,1317.0,16.0,79.0,7.0,975.0,205.0,0
6.0,5538.0,33.0,16.0,6.0,562.0,68.0,0
0.0,4146.0,148.0,273.0,5.0,780.0,89.0,0
15.0,2411.0,268.0,162.0,6.0,650.0,65.0,0
12.0,3060.0,184.0,268.0,4.0,984.0,74.0,0
6.0,5205.0,16.0,200.0,4.0,970.0,76.0,1
6.0,5551.0,16.0,251.0,4.0,645.0,86.0,0
4.0,50.0,58.0,96.0,6.0,896.0,103.0,0
10.0,4154.0,61.0,208.0,4.0,435.0,85.0,1
10.0,4303.0,204.0,208.0,3.0,905.0,130.0,0
16.0,2352.0,96.0,205.0,4.0,480.0,211.0,1
14.0,1101.0,60.0,80.0,6.0,680.0,170.0,1
0.0,4375.0,12.0,85.0,3.0,1160.0,115.0,1
15.0,460.0,214.0,175.0,5.0,445.0,240.0,0
10.0,2856.0,288.0,80.0,5.0,770.0,135.0,0
14.0,1103.0,60.0,80.0,1.0,785.0,172.0,1
1.0,614.0,183.0,159.0,3.0,965.0,180.0,0
14.0,1819.0,35.0,216.0,4.0,630.0,90.0,0
14.0,541.0,80.0,153.0,3.0,450.0,178.0,0
5.0,2677.0,208.0,16.0,7.0,840.0,122.0,1
14.0,2189.0,159.0,78.0,3.0,1200.0,77.0,1
2.0,66.0,14.0,50.0,1.0,925.0,53.0,0
7.0,282.0,79.0,268.0,7.0,1140.0,119.0,0
14.0,1592.0,16.0,216.0,5.0,390.0,115.0,0
1.0,563.0,290.0,80.0,3.0,930.0,75.0,0
12.0,6544.0,79.0,15.0,6.0,610.0,45.0,0
10.0,2885.0,188.0,80.0,3.0,645.0,80.0,0
15.0,2903.0,243.0,18.0,4.0,500.0,160.0,1
10.0,3009.0,154.0,194.0,4.0,935.0,65.0,0
15.0,1325.0,45.0,141.0,4.0,1095.0,60.0,0
16.0,2259.0,197.0,135.0,1.0,875.0,174.0,1
14.0,2119.0,35.0,159.0,5.0,480.0,75.0,0
1.0,301.0,159.0,208.0,4.0,370.0,160.0,0
5.0,348.0,16.0,209.0,7.0,900.0,101.0,1
15.0,153.0,153.0,79.0,4.0,405.0,115.0,0
0.0,4026.0,209.0,85.0,6.0,360.0,125.0,0
14.0,751.0,216.0,183.0,7.0,935.0,173.0,1
8.0,366.0,16.0,159.0,3.0,796.0,121.0,0
4.0,1714.0,135.0,262.0,7.0,560.0,249.0,0
12.0,7782.0,271.0,261.0,5.0,561.0,67.0,0
13.0,428.0,134.0,22.0,7.0,1325.0,86.0,0
16.0,2266.0,135.0,16.0,1.0,685.0,121.0,0
5.0,2773.0,85.0,184.0,7.0,930.0,70.0,0
3.0,537.0,96.0,277.0,6.0,951.0,179.0,0
15.0,1099.0,44.0,202.0,3.0,540.0,70.0,0
15.0,2927.0,213.0,277.0,1.0,505.0,50.0,0
15.0,3588.0,153.0,243.0,3.0,855.0,65.0,1
15.0,1015.0,244.0,45.0,7.0,430.0,190.0,0
3.0,1119.0,43.0,104.0,1.0,660.0,184.0,0
15.0,279.0,253.0,154.0,4.0,1175.0,75.0,0
15.0,2889.0,216.0,228.0,6.0,730.0,70.0,0
15.0,256.0,44.0,217.0,3.0,455.0,85.0,0
15.0,1321.0,258.0,214.0,5.0,960.0,110.0,1
6.0,5353.0,16.0,146.0,4.0,1154.0,90.0,0
0.0,3859.0,16.0,204.0,1.0,681.0,145.0,0
12.0,6751.0,198.0,208.0,1.0,878.0,149.0,0
10.0,4336.0,208.0,94.0,4.0,535.0,65.0,0
9.0,391.0,143.0,128.0,6.0,1221.0,49.0,0
16.0,5985.0,33.0,208.0,1.0,392.0,107.0,0
11.0,6550.0,78.0,148.0,7.0,535.0,84.0,1
15.0,549.0,79.0,217.0,3.0,1300.0,120.0,1
8.0,1418.0,241.0,48.0,4.0,1005.0,149.0,0
10.0,4216.0,208.0,204.0,5.0,520.0,135.0,0
12.0,4550.0,205.0,261.0,4.0,1064.0,145.0,1
1.0,1335.0,78.0,80.0,6.0,440.0,215.0,0
5.0,2511.0,16.0,80.0,1.0,580.0,150.0,1
15.0,840.0,153.0,22.0,5.0,565.0,295.0,0
17.0,2722.0,114.0,217.0,7.0,735.0,92.0,0
16.0,2210.0,170.0,135.0,4.0,567.0,84.0,0
13.0,756.0,253.0,79.0,3.0,348.0,158.0,0
5.0,1080.0,16.0,60.0,4.0,905.0,77.0,0
9.0,596.0,128.0,203.0,7.0,1210.0,37.0,0
7.0,789.0,79.0,153.0,6.0,1285.0,113.0,0
5.0,1440.0,241.0,16.0,4.0,480.0,114.0,0
15.0,1945.0,198.0,27.0,3.0,865.0,60.0,0
8.0,1282.0,106.0,277.0,1.0,919.0,166.0,0
3.0,1115.0,234.0,173.0,6.0,1042.0,123.0,0
15.0,2855.0,153.0,155.0,4.0,785.0,120.0,0
10.0,4058.0,208.0,85.0,5.0,1050.0,85.0,0
5.0,2393.0,85.0,197.0,6.0,730.0,122.0,0
12.0,4831.0,154.0,243.0,7.0,650.0,46.0,0
16.0,2745.0,33.0,96.0,7.0,360.0,124.0,0
0.0,4280.0,71.0,177.0,6.0,750.0,95.0,0
10.0,4140.0,208.0,172.0,7.0,665.0,90.0,1
13.0,970.0,243.0,134.0,5.0,465.0,292.0,0
0.0,3899.0,85.0,94.0,7.0,1190.0,93.0,1
3.0,262.0,160.0,262.0,1.0,420.0,83.0,1
7.0,402.0,154.0,79.0,3.0,1220.0,131.0,0
5.0,2874.0,197.0,99.0,7.0,685.0,64.0,0
1.0,480.0,243.0,80.0,4.0,1070.0,165.0,0
12.0,6481.0,79.0,2.0,6.0,699.0,74.0,0
5.0,1496.0,79.0,197.0,4.0,550.0,121.0,0
11.0,6706.0,234.0,85.0,4.0,751.0,119.0,1
2.0,62.0,14.0,149.0,7.0,485.0,101.0,1
10.0,2728.0,1.0,80.0,5.0,825.0,50.0,0
4.0,1598.0,264.0,135.0,5.0,405.0,204.0,1
17.0,2717.0,100.0,217.0,7.0,570.0,95.0,0
1.0,383.0,268.0,80.0,6.0,1005.0,115.0,0
1.0,2026.0,80.0,241.0,7.0,1105.0,140.0,0
13.0,408.0,79.0,173.0,4.0,1055.0,212.0,0
16.0,2610.0,135.0,233.0,5.0,632.0,149.0,0
6.0,5117.0,81.0,16.0,3.0,330.0,70.0,0
14.0,1710.0,135.0,60.0,6.0,525.0,144.0,0
6.0,7096.0,134.0,35.0,4.0,877.0,91.0,0
6.0,5054.0,177.0,60.0,7.0,515.0,101.0,0
8.0,488.0,173.0,45.0,5.0,580.0,126.0,0
13.0,607.0,78.0,208.0,4.0,515.0,129.0,0
14.0,1663.0,60.0,268.0,4.0,1210.0,121.0,0
1.0,383.0,268.0,80.0,7.0,1005.0,115.0,0
16.0,2581.0,135.0,68.0,3.0,860.0,61.0,0
1.0,580.0,79.0,208.0,5.0,1030.0,145.0,0
6.0,5530.0,16.0,123.0,4.0,620.0,82.0,0
12.0,4526.0,79.0,261.0,4.0,1040.0,90.0,0
15.0,40.0,45.0,173.0,1.0,595.0,140.0,1
14.0,1168.0,60.0,221.0,6.0,795.0,83.0,1
14.0,1528.0,198.0,60.0,4.0,975.0,111.0,1
1.0,685.0,183.0,135.0,3.0,910.0,175.0,1
2.0,340.0,252.0,202.0,3.0,370.0,122.0,0
17.0,7237.0,208.0,84.0,4.0,790.0,72.0,0
5.0,1887.0,229.0,16.0,4.0,1069.0,196.0,0
15.0,763.0,202.0,111.0,7.0,1115.0,120.0,1
15.0,756.0,175.0,172.0,3.0,375.0,95.0,1
9.0,363.0,143.0,128.0,5.0,1180.0,49.0,0
15.0,950.0,262.0,217.0,3.0,445.0,105.0,1
1.0,721.0,159.0,80.0,6.0,555.0,260.0,0
5.0,2033.0,16.0,198.0,3.0,970.0,100.0,1
11.0,6578.0,58.0,85.0,5.0,420.0,59.0,0
12.0,6919.0,208.0,82.0,1.0,795.0,87.0,1
16.0,2591.0,135.0,75.0,6.0,870.0,61.0,0
1.0,528.0,154.0,183.0,4.0,360.0,280.0,0
5.0,1775.0,159.0,177.0,4.0,975.0,190.0,0
8.0,901.0,215.0,16.0,1.0,360.0,123.0,0
5.0,2271.0,148.0,85.0,4.0,1105.0,140.0,1
10.0,3284.0,80.0,41.0,7.0,1335.0,75.0,0
5.0,1636.0,85.0,45.0,5.0,1305.0,91.0,0
15.0,759.0,2.0,79.0,7.0,770.0,75.0,1
5.0,2600.0,197.0,45.0,3.0,1140.0,143.0,0
15.0,1964.0,153.0,243.0,5.0,1140.0,65.0,1
5.0,2097.0,197.0,16.0,7.0,465.0,155.0,0
15.0,1069.0,61.0,173.0,5.0,785.0,135.0,1
15.0,5.0,173.0,228.0,1.0,840.0,155.0,0
4.0,549.0,253.0,96.0,4.0,810.0,325.0,0
17.0,2847.0,217.0,292.0,7.0,1255.0,70.0,0
13.0,62.0,253.0,252.0,7.0,1351.0,134.0,1
16.0,3122.0,198.0,135.0,7.0,440.0,70.0,1
1.0,1092.0,154.0,208.0,5.0,1390.0,240.0,0
15.0,3594.0,258.0,153.0,6.0,735.0,85.0,0
12.0,4744.0,202.0,261.0,1.0,992.0,103.0,1
11.0,6390.0,285.0,71.0,5.0,1030.0,65.0,0
15.0,1486.0,204.0,217.0,1.0,1005.0,150.0,1
11.0,6484.0,290.0,16.0,3.0,1065.0,114.0,1
15.0,3658.0,217.0,175.0,5.0,1105.0,200.0,1
5.0,2330.0,197.0,177.0,7.0,660.0,125.0,0
12.0,6319.0,221.0,134.0,4.0,1023.0,62.0,0
4.0,1489.0,85.0,135.0,5.0,500.0,183.0,0
4.0,234.0,14.0,252.0,4.0,1020.0,200.0,0
12.0,7038.0,253.0,6.0,6.0,661.0,78.0,1
5.0,693.0,261.0,253.0,5.0,1200.0,121.0,0
10.0,4222.0,208.0,285.0,1.0,1005.0,95.0,1
13.0,70.0,79.0,134.0,3.0,1170.0,198.0,0
11.0,6573.0,208.0,71.0,4.0,1035.0,86.0,0
11.0,6601.0,233.0,173.0,1.0,1030.0,119.0,0
15.0,2053.0,253.0,153.0,3.0,1030.0,95.0,1
14.0,1606.0,216.0,85.0,4.0,1240.0,108.0,0
16.0,5956.0,208.0,117.0,6.0,1266.0,52.0,1
15.0,2697.0,45.0,27.0,5.0,620.0,135.0,1
15.0,533.0,129.0,153.0,5.0,405.0,205.0,0
12.0,7015.0,208.0,162.0,4.0,1210.0,107.0,0
1.0,1934.0,80.0,172.0,7.0,1130.0,90.0,1
13.0,409.0,159.0,79.0,5.0,1065.0,272.0,1
4.0,599.0,135.0,79.0,6.0,874.0,144.0,1
10.0,4291.0,208.0,139.0,4.0,970.0,60.0,1
12.0,6365.0,195.0,208.0,7.0,1027.0,61.0,1
15.0,960.0,45.0,228.0,7.0,910.0,70.0,1
1.0,1925.0,80.0,261.0,6.0,1065.0,170.0,1
1.0,524.0,244.0,80.0,1.0,745.0,70.0,0
10.0,3699.0,183.0,71.0,5.0,1290.0,160.0,0
12.0,6993.0,230.0,79.0,3.0,1059.0,67.0,0
15.0,1425.0,33.0,104.0,5.0,1105.0,130.0,0
3.0,135.0,148.0,241.0,6.0,700.0,188.0,0
12.0,6263.0,100.0,253.0,4.0,711.0,66.0,0
6.0,7109.0,134.0,132.0,6.0,522.0,120.0,0
15.0,822.0,35.0,45.0,1.0,920.0,90.0,0
12.0,6390.0,253.0,264.0,7.0,620.0,84.0,1
5.0,2807.0,173.0,177.0,1.0,732.0,135.0,0
1.0,538.0,44.0,80.0,7.0,410.0,185.0,0
4.0,787.0,96.0,264.0,4.0,1020.0,375.0,1
5.0,651.0,175.0,16.0,4.0,675.0,114.0,1
0.0,3769.0,234.0,148.0,3.0,1120.0,120.0,0
3.0,767.0,173.0,225.0,7.0,1413.0,160.0,1
12.0,6238.0,85.0,208.0,6.0,405.0,71.0,1
4.0,1006.0,135.0,277.0,4.0,670.0,122.0,1
6.0,5010.0,16.0,201.0,5.0,1002.0,82.0,1
5.0,1477.0,208.0,16.0,7.0,420.0,125.0,0
16.0,2936.0,135.0,10.0,4.0,942.0,56.0,1
12.0,6665.0,65.0,79.0,4.0,1019.0,40.0,0
13.0,221.0,208.0,135.0,3.0,491.0,164.0,0
15.0,1105.0,153.0,175.0,5.0,370.0,215.0,0
15.0,2620.0,258.0,217.0,4.0,1000.0,110.0,1
6.0,7085.0,134.0,121.0,1.0,503.0,88.0,0
5.0,1830.0,261.0,148.0,7.0,1020.0,271.0,1
1.0,1008.0,243.0,80.0,1.0,515.0,180.0,1
5.0,2495.0,16.0,268.0,4.0,735.0,104.0,0
1.0,1484.0,217.0,80.0,7.0,935.0,140.0,0
15.0,3946.0,252.0,217.0,5.0,535.0,170.0,0
12.0,4691.0,197.0,61.0,4.0,935.0,108.0,0
1.0,784.0,178.0,80.0,5.0,1115.0,95.0,0
5.0,1919.0,85.0,154.0,7.0,1055.0,308.0,1
3.0,907.0,148.0,208.0,3.0,535.0,164.0,1
11.0,6706.0,85.0,234.0,1.0,625.0,101.0,0
7.0,330.0,184.0,35.0,7.0,1195.0,126.0,0
17.0,2899.0,114.0,217.0,7.0,480.0,137.0,0
11.0,6373.0,146.0,78.0,1.0,421.0,134.0,0
0.0,4031.0,177.0,155.0,5.0,555.0,122.0,0
8.0,958.0,104.0,45.0,3.0,1085.0,149.0,0
5.0,582.0,16.0,159.0,7.0,880.0,133.0,0
6.0,7316.0,177.0,135.0,3.0,825.0,103.0,0
5.0,1926.0,104.0,16.0,3.0,838.0,120.0,1
9.0,217.0,150.0,128.0,1.0,423.0,42.0,0
3.0,401.0,35.0,198.0,1.0,672.0,229.0,1
4.0,799.0,135.0,79.0,3.0,525.0,158.0,1
5.0,2280.0,268.0,16.0,4.0,360.0,110.0,0
16.0,5917.0,208.0,139.0,4.0,875.0,57.0,0
5.0,2394.0,16.0,216.0,3.0,1065.0,127.0,0
8.0,349.0,45.0,267.0,6.0,816.0,151.0,1
15.0,225.0,184.0,45.0,3.0,1015.0,115.0,0
2.0,41.0,14.0,23.0,3.0,420.0,77.0,1
14.0,1203.0,60.0,135.0,5.0,1085.0,170.0,0
1.0,428.0,135.0,80.0,6.0,840.0,70.0,0
5.0,691.0,234.0,16.0,1.0,940.0,110.0,1
15.0,1083.0,175.0,197.0,3.0,420.0,90.0,1
11.0,6260.0,197.0,71.0,5.0,685.0,116.0,0
14.0,578.0,253.0,217.0,7.0,360.0,111.0,0
12.0,6479.0,79.0,221.0,4.0,620.0,175.0,0
10.0,4575.0,60.0,159.0,5.0,970.0,115.0,0
12.0,6269.0,252.0,253.0,5.0,1034.0,122.0,1
15.0,151.0,243.0,217.0,4.0,925.0,70.0,1
14.0,1428.0,173.0,60.0,6.0,420.0,98.0,0
13.0,949.0,208.0,214.0,5.0,1020.0,277.0,0
12.0,6843.0,72.0,208.0,6.0,407.0,68.0,1
6.0,5609.0,177.0,205.0,5.0,830.0,107.0,0
8.0,122.0,277.0,16.0,6.0,931.0,95.0,0
0.0,4356.0,123.0,177.0,5.0,420.0,55.0,0
8.0,752.0,132.0,45.0,7.0,995.0,116.0,0
14.0,224.0,34.0,217.0,4.0,807.0,118.0,1
14.0,186.0,208.0,217.0,7.0,840.0,227.0,1
1.0,532.0,80.0,233.0,4.0,370.0,145.0,0
12.0,7756.0,49.0,261.0,4.0,1087.0,68.0,0
12.0,6241.0,44.0,253.0,3.0,657.0,84.0,0
6.0,5355.0,290.0,85.0,4.0,1056.0,128.0,0
6.0,5602.0,19.0,16.0,3.0,991.0,65.0,0
15.0,8.0,75.0,172.0,1.0,555.0,85.0,1
1.0,181.0,148.0,154.0,6.0,1005.0,395.0,0
4.0,632.0,135.0,159.0,5.0,960.0,208.0,0
12.0,4719.0,168.0,261.0,1.0,328.0,87.0,0
1.0,1351.0,208.0,154.0,3.0,810.0,270.0,1
10.0,3634.0,60.0,183.0,6.0,580.0,135.0,0
11.0,6387.0,238.0,85.0,3.0,570.0,97.0,0
10.0,3984.0,208.0,76.0,3.0,515.0,70.0,0
17.0,2721.0,217.0,246.0,1.0,885.0,93.0,0
6.0,5530.0,16.0,123.0,3.0,620.0,82.0,0
15.0,852.0,217.0,44.0,5.0,1005.0,85.0,0
12.0,4766.0,230.0,197.0,7.0,713.0,92.0,1
14.0,647.0,217.0,207.0,6.0,675.0,78.0,0
5.0,133.0,148.0,253.0,3.0,1155.0,410.0,1
8.0,268.0,78.0,184.0,1.0,1079.0,129.0,1
2.0,634.0,214.0,217.0,6.0,400.0,158.0,0
17.0,2824.0,194.0,217.0,7.0,745.0,106.0,0
16.0,2391.0,96.0,76.0,1.0,960.0,119.0,1
12.0,6872.0,192.0,79.0,1.0,525.0,97.0,0
10.0,3007.0,246.0,154.0,3.0,390.0,45.0,1
14.0,1700.0,60.0,22.0,3.0,870.0,110.0,1
13.0,763.0,79.0,243.0,7.0,696.0,149.0,0
8.0,494.0,60.0,45.0,4.0,434.0,86.0,0
4.0,47.0,135.0,154.0,7.0,1150.0,223.0,1
16.0,3097.0,139.0,135.0,4.0,880.0,149.0,0
14.0,1033.0,60.0,183.0,5.0,1215.0,127.0,0
14.0,401.0,216.0,253.0,7.0,1080.0,385.0,1
15.0,1746.0,45.0,58.0,1.0,500.0,75.0,1
1.0,2347.0,208.0,80.0,7.0,1085.0,150.0,1
16.0,2533.0,85.0,96.0,5.0,685.0,104.0,0
15.0,1298.0,44.0,153.0,6.0,750.0,60.0,0
10.0,2865.0,80.0,181.0,6.0,880.0,85.0,0
4.0,1541.0,135.0,18.0,4.0,860.0,52.0,0
9.0,303.0,128.0,161.0,4.0,535.0,37.0,0
10.0,2794.0,116.0,80.0,4.0,1020.0,110.0,0
1.0,1590.0,80.0,96.0,4.0,420.0,195.0,1
9.0,513.0,128.0,161.0,5.0,605.0,37.0,0
0.0,3703.0,197.0,107.0,6.0,925.0,62.0,0
0.0,4359.0,240.0,197.0,1.0,590.0,50.0,0
5.0,2683.0,78.0,183.0,6.0,419.0,159.0,0
10.0,4369.0,71.0,208.0,5.0,1040.0,80.0,0
5.0,2184.0,261.0,71.0,6.0,600.0,203.0,1
12.0,3116.0,184.0,48.0,6.0,945.0,77.0,1
0.0,3825.0,254.0,177.0,7.0,1020.0,66.0,0
3.0,1115.0,234.0,173.0,5.0,1042.0,123.0,1
15.0,775.0,85.0,175.0,3.0,940.0,65.0,1
14.0,610.0,217.0,16.0,5.0,610.0,226.0,0
0.0,4166.0,58.0,148.0,5.0,1020.0,130.0,0
10.0,4593.0,159.0,233.0,5.0,820.0,105.0,0
6.0,4956.0,177.0,35.0,5.0,515.0,168.0,0
6.0,5276.0,52.0,16.0,4.0,520.0,60.0,1
2.0,632.0,252.0,217.0,4.0,450.0,170.0,1
15.0,1221.0,216.0,221.0,4.0,1040.0,75.0,1
5.0,14.0,153.0,16.0,3.0,487.0,223.0,0
1.0,1663.0,183.0,153.0,7.0,965.0,335.0,0
3.0,489.0,35.0,160.0,4.0,1075.0,390.0,1
13.0,841.0,154.0,253.0,5.0,1298.0,84.0,0
5.0,1179.0,268.0,16.0,7.0,434.0,99.0,0
15.0,1500.0,216.0,173.0,4.0,560.0,160.0,1
0.0,4322.0,197.0,166.0,6.0,680.0,52.0,1
8.0,968.0,16.0,7.0,5.0,1260.0,116.0,0
5.0,1101.0,135.0,16.0,1.0,565.0,123.0,1
1.0,74.0,154.0,134.0,5.0,1365.0,280.0,0
5.0,1828.0,16.0,175.0,4.0,900.0,117.0,0
16.0,2370.0,197.0,58.0,7.0,715.0,103.0,0
4.0,727.0,45.0,135.0,3.0,728.0,211.0,0
13.0,236.0,153.0,134.0,5.0,481.0,269.0,0
6.0,5254.0,245.0,16.0,5.0,761.0,86.0,0
4.0,722.0,198.0,135.0,1.0,745.0,71.0,0
12.0,7043.0,65.0,79.0,5.0,965.0,40.0,1
17.0,2722.0,114.0,217.0,1.0,735.0,92.0,0
5.0,1730.0,16.0,54.0,6.0,725.0,69.0,0
0.0,3939.0,177.0,84.0,4.0,555.0,101.0,0
16.0,3090.0,18.0,135.0,1.0,722.0,56.0,0
7.0,859.0,79.0,217.0,7.0,1086.0,111.0,0
6.0,5078.0,41.0,177.0,7.0,390.0,76.0,0
15.0,1583.0,153.0,91.0,7.0,550.0,100.0,1
1.0,2076.0,153.0,80.0,1.0,570.0,155.0,1
6.0,5597.0,16.0,180.0,5.0,618.0,70.0,0
10.0,3284.0,80.0,41.0,4.0,1335.0,75.0,0
8.0,526.0,277.0,45.0,6.0,450.0,130.0,0
0.0,3784.0,177.0,66.0,7.0,1185.0,78.0,0
8.0,510.0,159.0,184.0,3.0,975.0,145.0,1
10.0,4228.0,208.0,254.0,4.0,760.0,95.0,1
2.0,536.0,252.0,207.0,5.0,1250.0,148.0,0
15.0,1357.0,207.0,153.0,4.0,475.0,60.0,0
11.0,6662.0,85.0,106.0,7.0,725.0,42.0,1
0.0,4175.0,148.0,139.0,3.0,1115.0,190.0,0
13.0,256.0,79.0,208.0,7.0,1170.0,144.0,0
15.0,580.0,172.0,217.0,4.0,730.0,185.0,1
14.0,47.0,161.0,217.0,5.0,1380.0,364.0,0
4.0,129.0,198.0,135.0,7.0,1046.0,72.0,0
5.0,1467.0,16.0,243.0,7.0,988.0,293.0,0
5.0,1329.0,85.0,183.0,6.0,840.0,180.0,1
14.0,1792.0,174.0,60.0,3.0,525.0,102.0,0
14.0,307.0,277.0,60.0,5.0,930.0,100.0,0
1.0,484.0,80.0,183.0,1.0,935.0,165.0,1
13.0,332.0,262.0,208.0,4.0,797.0,243.0,0
1.0,779.0,208.0,243.0,3.0,685.0,260.0,1
16.0,5939.0,0.0,208.0,6.0,729.0,136.0,1
1.0,336.0,208.0,159.0,5.0,1255.0,120.0,0
15.0,1385.0,202.0,44.0,1.0,680.0,65.0,1
15.0,2443.0,182.0,173.0,6.0,405.0,205.0,1
15.0,1838.0,262.0,214.0,1.0,475.0,100.0,0
15.0,200.0,45.0,79.0,1.0,395.0,255.0,0
11.0,6360.0,85.0,56.0,5.0,530.0,106.0,0
5.0,2611.0,16.0,80.0,5.0,505.0,160.0,1
8.0,82.0,104.0,16.0,5.0,857.0,116.0,0
9.0,217.0,150.0,128.0,4.0,423.0,42.0,0
6.0,5221.0,104.0,275.0,5.0,415.0,84.0,0
14.0,2025.0,35.0,78.0,5.0,480.0,94.0,0
12.0,6312.0,227.0,154.0,3.0,446.0,52.0,0
0.0,4095.0,107.0,197.0,4.0,1015.0,68.0,0
4.0,1794.0,154.0,135.0,4.0,405.0,194.0,0
10.0,3796.0,135.0,208.0,5.0,665.0,155.0,1
0.0,4360.0,164.0,197.0,1.0,400.0,82.0,0
6.0,7302.0,132.0,177.0,6.0,1020.0,62.0,0
12.0,4721.0,261.0,160.0,3.0,1200.0,113.0,0
4.0,469.0,253.0,135.0,6.0,370.0,223.0,0
8.0,1042.0,104.0,61.0,5.0,919.0,158.0,0
5.0,2350.0,214.0,16.0,3.0,722.0,278.0,1
12.0,6450.0,6.0,253.0,7.0,1030.0,74.0,1
5.0,2547.0,159.0,16.0,7.0,1020.0,164.0,0
12.0,4676.0,33.0,197.0,3.0,360.0,144.0,0
14.0,1214.0,60.0,85.0,1.0,710.0,117.0,1
14.0,1218.0,104.0,78.0,5.0,715.0,145.0,0
15.0,511.0,154.0,175.0,3.0,595.0,235.0,1
12.0,6244.0,79.0,71.0,7.0,605.0,159.0,0
5.0,427.0,16.0,260.0,7.0,1049.0,214.0,1
4.0,1563.0,241.0,135.0,5.0,395.0,150.0,0
15.0,2009.0,216.0,173.0,6.0,985.0,160.0,1
14.0,701.0,216.0,154.0,7.0,1080.0,369.0,0
10.0,3219.0,80.0,129.0,3.0,520.0,65.0,1
5.0,2438.0,16.0,78.0,4.0,680.0,107.0,1
5.0,2323.0,85.0,217.0,6.0,725.0,265.0,0
8.0,639.0,45.0,76.0,5.0,1290.0,89.0,0
12.0,4558.0,34.0,261.0,6.0,713.0,72.0,1
8.0,1439.0,197.0,173.0,1.0,895.0,189.0,0
16.0,2775.0,96.0,19.0,1.0,545.0,141.0,1
4.0,432.0,135.0,159.0,5.0,657.0,199.0,0
0.0,3890.0,82.0,85.0,1.0,390.0,112.0,0
15.0,1154.0,243.0,253.0,4.0,495.0,100.0,0
12.0,4478.0,208.0,261.0,3.0,375.0,205.0,1
5.0,629.0,78.0,85.0,7.0,760.0,95.0,0
10.0,4220.0,208.0,33.0,7.0,620.0,90.0,1
12.0,6607.0,177.0,79.0,3.0,529.0,169.0,0
16.0,5987.0,208.0,20.0,6.0,870.0,100.0,1
17.0,1929.0,128.0,161.0,7.0,1240.0,37.0,0
1.0,548.0,154.0,208.0,5.0,360.0,240.0,0
16.0,2322.0,38.0,135.0,5.0,671.0,71.0,0
6.0,7127.0,134.0,132.0,7.0,1014.0,120.0,0
15.0,862.0,173.0,141.0,4.0,950.0,145.0,1
6.0,5321.0,16.0,54.0,3.0,1055.0,73.0,0
11.0,6457.0,71.0,184.0,1.0,565.0,88.0,1
14.0,1270.0,216.0,35.0,7.0,615.0,88.0,0
16.0,5911.0,208.0,218.0,5.0,785.0,49.0,0
10.0,4676.0,148.0,35.0,3.0,685.0,65.0,0
9.0,297.0,150.0,128.0,6.0,997.0,42.0,0
12.0,6879.0,253.0,246.0,6.0,427.0,76.0,1
14.0,493.0,214.0,217.0,5.0,915.0,147.0,0
13.0,72.0,253.0,35.0,4.0,953.0,340.0,1
5.0,1633.0,85.0,16.0,7.0,1110.0,125.0,1
17.0,2642.0,177.0,60.0,1.0,865.0,101.0,0
16.0,2816.0,96.0,228.0,7.0,925.0,59.0,0
14.0,1788.0,60.0,208.0,7.0,1345.0,123.0,1
10.0,3302.0,187.0,80.0,6.0,380.0,140.0,0
5.0,1244.0,129.0,16.0,7.0,375.0,130.0,0
13.0,45.0,154.0,203.0,4.0,515.0,344.0,0
13.0,965.0,134.0,135.0,1.0,1034.0,206.0,0
12.0,6921.0,191.0,253.0,3.0,352.0,38.0,0
5.0,1064.0,139.0,16.0,3.0,1105.0,100.0,0
5.0,2180.0,261.0,262.0,6.0,1190.0,104.0,1
5.0,1451.0,197.0,153.0,7.0,1305.0,218.0,1
5.0,1379.0,35.0,159.0,7.0,570.0,74.0,0
5.0,691.0,234.0,16.0,4.0,940.0,110.0,0
15.0,2312.0,104.0,172.0,6.0,595.0,205.0,1
5.0,1506.0,154.0,85.0,1.0,345.0,270.0,0
5.0,302.0,245.0,16.0,7.0,1158.0,71.0,0
3.0,1149.0,229.0,173.0,4.0,1000.0,196.0,0
15.0,767.0,268.0,162.0,3.0,635.0,65.0,1
12.0,4661.0,261.0,207.0,1.0,520.0,109.0,0
14.0,88.0,16.0,217.0,3.0,465.0,269.0,1
12.0,6641.0,79.0,114.0,3.0,1112.0,53.0,1
6.0,5412.0,16.0,256.0,7.0,515.0,125.0,0
5.0,1902.0,153.0,16.0,5.0,667.0,229.0,0
5.0,1938.0,16.0,78.0,4.0,980.0,106.0,1
8.0,124.0,277.0,16.0,4.0,1125.0,95.0,0
15.0,2785.0,216.0,35.0,4.0,910.0,75.0,0
0.0,4294.0,85.0,20.0,3.0,1305.0,90.0,1
9.0,297.0,150.0,128.0,3.0,997.0,42.0,0
13.0,446.0,172.0,208.0,4.0,816.0,90.0,0
5.0,242.0,183.0,85.0,1.0,807.0,188.0,0
10.0,3844.0,208.0,16.0,6.0,495.0,120.0,1
16.0,2668.0,47.0,135.0,4.0,850.0,157.0,0
12.0,6520.0,208.0,171.0,1.0,785.0,60.0,0
8.0,186.0,16.0,78.0,7.0,615.0,105.0,0
11.0,6756.0,233.0,268.0,5.0,620.0,147.0,0
16.0,2641.0,96.0,172.0,7.0,515.0,199.0,1
12.0,6527.0,199.0,79.0,7.0,772.0,52.0,0
16.0,2808.0,290.0,96.0,4.0,1117.0,162.0,0
3.0,1322.0,45.0,35.0,4.0,515.0,77.0,0
4.0,739.0,135.0,243.0,5.0,565.0,208.0,1
12.0,6525.0,18.0,208.0,4.0,1010.0,155.0,1
15.0,1381.0,233.0,45.0,4.0,565.0,60.0,1
17.0,1039.0,143.0,128.0,3.0,1020.0,47.0,0
12.0,7811.0,261.0,110.0,5.0,660.0,112.0,0
13.0,818.0,134.0,35.0,7.0,1330.0,93.0,0
1.0,620.0,80.0,244.0,1.0,855.0,65.0,0
7.0,404.0,154.0,79.0,1.0,660.0,134.0,0
16.0,5948.0,208.0,58.0,6.0,645.0,72.0,1
4.0,159.0,78.0,135.0,7.0,1189.0,205.0,1
16.0,3102.0,170.0,135.0,7.0,475.0,82.0,1
10.0,4423.0,148.0,233.0,3.0,1190.0,115.0,0
11.0,6618.0,171.0,85.0,3.0,1030.0,74.0,0
0.0,3821.0,69.0,85.0,6.0,715.0,80.0,1
15.0,1665.0,154.0,33.0,6.0,515.0,230.0,0
15.0,2706.0,18.0,175.0,4.0,545.0,155.0,0
1.0,1700.0,135.0,183.0,4.0,620.0,140.0,1
1.0,1844.0,153.0,183.0,1.0,830.0,265.0,0
17.0,2911.0,217.0,227.0,7.0,660.0,70.0,0
17.0,2870.0,292.0,217.0,5.0,770.0,54.0,0
1.0,2364.0,80.0,208.0,1.0,1040.0,145.0,0
12.0,6525.0,208.0,17.0,4.0,1205.0,50.0,1
5.0,2389.0,85.0,197.0,1.0,514.0,126.0,1
12.0,6692.0,243.0,154.0,5.0,684.0,45.0,0
5.0,2259.0,197.0,261.0,7.0,675.0,174.0,0
6.0,5424.0,16.0,48.0,4.0,660.0,107.0,0
5.0,1246.0,60.0,85.0,3.0,765.0,110.0,1
6.0,7117.0,237.0,208.0,6.0,360.0,116.0,0
13.0,618.0,208.0,78.0,4.0,897.0,111.0,0
12.0,6448.0,280.0,154.0,5.0,653.0,92.0,0
10.0,3690.0,183.0,58.0,3.0,1200.0,175.0,1
4.0,769.0,153.0,96.0,3.0,480.0,287.0,1
10.0,3213.0,162.0,80.0,3.0,785.0,80.0,1
15.0,807.0,34.0,111.0,7.0,715.0,65.0,0
12.0,7036.0,184.0,208.0,5.0,302.0,44.0,0
0.0,3967.0,148.0,12.0,5.0,1310.0,95.0,0
6.0,5216.0,268.0,78.0,3.0,1195.0,122.0,1
17.0,2651.0,84.0,217.0,5.0,470.0,205.0,0
15.0,903.0,202.0,129.0,4.0,445.0,225.0,0
12.0,6908.0,2.0,253.0,3.0,408.0,167.0,0
8.0,562.0,16.0,32.0,7.0,610.0,107.0,0
5.0,2310.0,80.0,16.0,5.0,645.0,123.0,1
10.0,3691.0,58.0,183.0,7.0,1040.0,180.0,1
10.0,4019.0,208.0,174.0,3.0,840.0,105.0,0
10.0,4540.0,61.0,159.0,1.0,795.0,105.0,0
8.0,1485.0,85.0,173.0,7.0,839.0,156.0,0
12.0,6973.0,111.0,252.0,3.0,530.0,72.0,1
6.0,5090.0,16.0,195.0,5.0,1135.0,132.0,1
15.0,962.0,79.0,261.0,3.0,1085.0,90.0,1
6.0,5030.0,16.0,11.0,1.0,895.0,57.0,0
14.0,1099.0,216.0,147.0,1.0,460.0,143.0,1
5.0,1679.0,71.0,253.0,3.0,560.0,317.0,1
10.0,4496.0,159.0,61.0,7.0,1260.0,115.0,0
5.0,2230.0,16.0,172.0,4.0,647.0,138.0,0
2.0,527.0,44.0,252.0,4.0,420.0,160.0,0
15.0,1285.0,141.0,173.0,5.0,1065.0,170.0,0
13.0,639.0,228.0,208.0,4.0,1026.0,165.0,0
12.0,7034.0,253.0,214.0,4.0,780.0,107.0,0
6.0,7368.0,190.0,177.0,3.0,680.0,82.0,0
15.0,23.0,91.0,75.0,4.0,545.0,90.0,0
13.0,930.0,243.0,253.0,4.0,985.0,100.0,0
7.0,416.0,154.0,79.0,4.0,390.0,140.0,0
13.0,667.0,159.0,208.0,4.0,486.0,157.0,0
3.0,179.0,148.0,217.0,4.0,1115.0,345.0,1
12.0,6449.0,208.0,261.0,4.0,1040.0,210.0,1
15.0,1951.0,129.0,68.0,6.0,925.0,50.0,1
4.0,1614.0,135.0,178.0,1.0,520.0,74.0,0
12.0,6491.0,130.0,208.0,4.0,510.0,156.0,1
13.0,164.0,208.0,173.0,1.0,457.0,162.0,0
14.0,2126.0,159.0,35.0,7.0,720.0,65.0,0
12.0,6240.0,232.0,253.0,6.0,1019.0,101.0,0
15.0,189.0,217.0,258.0,7.0,1060.0,115.0,0
5.0,1798.0,104.0,159.0,4.0,900.0,179.0,0
15.0,438.0,22.0,33.0,6.0,520.0,160.0,0
2.0,67.0,257.0,149.0,5.0,1125.0,39.0,1
8.0,74.0,104.0,16.0,5.0,767.0,117.0,0
10.0,3859.0,135.0,208.0,4.0,405.0,155.0,0
13.0,506.0,253.0,217.0,7.0,370.0,120.0,0
12.0,6255.0,44.0,253.0,7.0,526.0,81.0,0
16.0,5936.0,17.0,208.0,3.0,565.0,55.0,1
0.0,3675.0,139.0,85.0,4.0,695.0,83.0,0
13.0,582.0,208.0,277.0,4.0,1170.0,161.0,1
9.0,25.0,214.0,128.0,4.0,605.0,365.0,0
14.0,2024.0,78.0,35.0,3.0,510.0,82.0,1
1.0,2431.0,80.0,154.0,7.0,740.0,200.0,0
0.0,3896.0,25.0,85.0,7.0,994.0,96.0,0
12.0,6738.0,130.0,208.0,7.0,1028.0,151.0,0
6.0,7390.0,16.0,205.0,3.0,516.0,156.0,0
8.0,95.0,16.0,233.0,7.0,535.0,75.0,0
10.0,4594.0,233.0,159.0,1.0,790.0,95.0,0
12.0,6617.0,76.0,208.0,7.0,779.0,74.0,0
0.0,4339.0,233.0,277.0,6.0,580.0,120.0,0
14.0,1048.0,60.0,85.0,7.0,1100.0,118.0,0
13.0,321.0,208.0,243.0,4.0,1042.0,270.0,0
5.0,2750.0,252.0,261.0,3.0,1080.0,112.0,1
14.0,968.0,260.0,60.0,6.0,940.0,226.0,1
10.0,3257.0,80.0,184.0,7.0,755.0,145.0,1
17.0,2617.0,60.0,120.0,6.0,689.0,51.0,0
0.0,3715.0,85.0,209.0,7.0,1300.0,111.0,1
10.0,3338.0,80.0,10.0,6.0,590.0,65.0,0
10.0,3629.0,183.0,33.0,6.0,420.0,145.0,0
12.0,6822.0,253.0,231.0,7.0,709.0,69.0,1
14.0,92.0,197.0,217.0,3.0,880.0,204.0,0
8.0,305.0,79.0,16.0,3.0,745.0,170.0,0
16.0,5989.0,208.0,247.0,3.0,628.0,43.0,1
13.0,779.0,79.0,153.0,4.0,1124.0,121.0,0
10.0,2883.0,80.0,129.0,1.0,1080.0,70.0,0
17.0,1011.0,128.0,203.0,6.0,570.0,35.0,0
0.0,3757.0,25.0,85.0,4.0,360.0,103.0,0
15.0,2472.0,268.0,277.0,6.0,925.0,135.0,1
11.0,6386.0,71.0,45.0,7.0,940.0,91.0,0
3.0,923.0,35.0,208.0,7.0,1170.0,169.0,0
5.0,2622.0,217.0,85.0,1.0,910.0,230.0,1
5.0,1178.0,16.0,121.0,5.0,1135.0,58.0,0
15.0,2712.0,134.0,175.0,5.0,1040.0,130.0,0
15.0,583.0,153.0,262.0,6.0,475.0,90.0,0
6.0,5307.0,129.0,16.0,6.0,937.0,122.0,0
5.0,2660.0,177.0,159.0,5.0,510.0,165.0,0
11.0,6497.0,177.0,18.0,3.0,820.0,122.0,0
2.0,581.0,264.0,214.0,1.0,405.0,157.0,0
15.0,817.0,258.0,175.0,1.0,575.0,255.0,1
15.0,702.0,129.0,154.0,3.0,1150.0,225.0,1
10.0,2938.0,118.0,80.0,1.0,805.0,50.0,0
4.0,448.0,96.0,253.0,4.0,420.0,396.0,1
5.0,1911.0,16.0,80.0,4.0,1042.0,148.0,0
5.0,1447.0,159.0,16.0,4.0,360.0,167.0,1
0.0,3711.0,85.0,247.0,3.0,945.0,60.0,0
15.0,2383.0,79.0,243.0,1.0,1050.0,150.0,1
15.0,1783.0,104.0,147.0,5.0,1025.0,75.0,1
16.0,2873.0,135.0,13.0,7.0,1119.0,110.0,1
4.0,1154.0,35.0,96.0,1.0,720.0,100.0,0
12.0,6251.0,195.0,79.0,4.0,924.0,151.0,0
5.0,2861.0,16.0,280.0,3.0,674.0,258.0,1
8.0,409.0,139.0,16.0,7.0,390.0,104.0,0
12.0,7763.0,220.0,261.0,5.0,360.0,48.0,0
1.0,554.0,253.0,208.0,5.0,855.0,260.0,0
12.0,4755.0,58.0,197.0,1.0,760.0,125.0,1
11.0,6607.0,85.0,119.0,3.0,940.0,59.0,0
15.0,45.0,129.0,45.0,5.0,1140.0,170.0,1
1.0,1820.0,80.0,221.0,6.0,840.0,150.0,0
8.0,1742.0,221.0,173.0,3.0,769.0,145.0,0
12.0,6724.0,46.0,79.0,3.0,445.0,107.0,0
12.0,6239.0,117.0,208.0,5.0,1100.0,60.0,1
4.0,784.0,96.0,214.0,6.0,1115.0,366.0,1
5.0,2703.0,71.0,173.0,3.0,985.0,128.0,1
17.0,7295.0,247.0,208.0,5.0,1036.0,49.0,0
6.0,5546.0,16.0,121.0,5.0,820.0,58.0,0
15.0,3309.0,44.0,262.0,1.0,425.0,75.0,0
15.0,2097.0,172.0,268.0,4.0,1080.0,55.0,1
13.0,10.0,253.0,148.0,3.0,641.0,348.0,1
0.0,3883.0,136.0,197.0,1.0,450.0,115.0,1
5.0,2764.0,16.0,221.0,6.0,900.0,106.0,0
14.0,1050.0,60.0,159.0,1.0,480.0,104.0,1
15.0,270.0,75.0,268.0,7.0,1250.0,95.0,1
15.0,2116.0,45.0,213.0,1.0,510.0,155.0,1
15.0,840.0,217.0,153.0,4.0,525.0,65.0,1
15.0,200.0,79.0,258.0,1.0,560.0,170.0,0
0.0,4146.0,148.0,273.0,4.0,780.0,89.0,1
14.0,365.0,45.0,217.0,6.0,400.0,320.0,0
12.0,6954.0,261.0,79.0,5.0,1174.0,88.0,0
1.0,394.0,208.0,159.0,1.0,435.0,120.0,1
4.0,1146.0,96.0,16.0,7.0,948.0,157.0,0
13.0,758.0,253.0,79.0,4.0,515.0,149.0,0
15.0,479.0,217.0,18.0,1.0,905.0,135.0,1
8.0,1187.0,187.0,173.0,6.0,612.0,155.0,1
1.0,1185.0,233.0,80.0,5.0,380.0,200.0,0
1.0,1298.0,80.0,45.0,7.0,985.0,170.0,0
12.0,4539.0,184.0,197.0,4.0,550.0,82.0,0
15.0,3682.0,175.0,182.0,5.0,1080.0,125.0,0
15.0,2287.0,241.0,216.0,7.0,950.0,165.0,1
1.0,1192.0,80.0,209.0,1.0,815.0,160.0,0
12.0,6680.0,56.0,79.0,3.0,1163.0,133.0,0
10.0,4532.0,78.0,148.0,3.0,840.0,80.0,1
0.0,3721.0,171.0,85.0,4.0,420.0,59.0,0
15.0,3504.0,75.0,18.0,7.0,685.0,55.0,1
3.0,260.0,160.0,104.0,4.0,1285.0,276.0,1
1.0,1005.0,104.0,208.0,6.0,1230.0,190.0,0
14.0,1019.0,228.0,60.0,6.0,385.0,143.0,0
10.0,4249.0,22.0,208.0,1.0,960.0,165.0,0
15.0,468.0,111.0,34.0,1.0,410.0,65.0,0
16.0,2157.0,96.0,147.0,7.0,750.0,154.0,1
4.0,463.0,208.0,135.0,7.0,335.0,165.0,1
8.0,856.0,173.0,16.0,6.0,1201.0,94.0,0
10.0,4043.0,276.0,208.0,4.0,1120.0,75.0,0
14.0,1089.0,216.0,147.0,4.0,940.0,136.0,1
6.0,4999.0,78.0,35.0,6.0,715.0,93.0,0
16.0,2119.0,172.0,96.0,6.0,628.0,162.0,0
4.0,8.0,96.0,35.0,3.0,1080.0,77.0,1
4.0,7.0,244.0,135.0,7.0,504.0,58.0,0
15.0,2810.0,153.0,44.0,4.0,410.0,65.0,0
6.0,5545.0,16.0,115.0,7.0,1295.0,75.0,0
5.0,2339.0,78.0,16.0,1.0,720.0,120.0,0
16.0,5991.0,117.0,208.0,7.0,1155.0,60.0,1
17.0,7262.0,134.0,60.0,3.0,1020.0,94.0,0
15.0,882.0,22.0,45.0,3.0,755.0,70.0,1
10.0,3226.0,68.0,80.0,5.0,1200.0,80.0,0
13.0,395.0,252.0,253.0,7.0,439.0,136.0,0
3.0,148.0,213.0,148.0,3.0,1205.0,152.0,0
3.0,1107.0,148.0,233.0,5.0,1065.0,110.0,0
1.0,2502.0,80.0,33.0,1.0,1025.0,100.0,0
16.0,3080.0,96.0,42.0,5.0,1265.0,77.0,0
5.0,269.0,148.0,183.0,6.0,480.0,200.0,0
0.0,3776.0,238.0,16.0,4.0,450.0,151.0,0
12.0,4746.0,197.0,195.0,1.0,445.0,59.0,0
17.0,2680.0,60.0,54.0,4.0,1195.0,63.0,1
15.0,822.0,35.0,45.0,3.0,920.0,90.0,1
6.0,5016.0,16.0,47.0,7.0,815.0,58.0,1
12.0,6390.0,34.0,253.0,5.0,477.0,112.0,0
2.0,258.0,252.0,154.0,3.0,480.0,155.0,0
12.0,6411.0,248.0,154.0,1.0,869.0,61.0,0
5.0,1829.0,85.0,183.0,3.0,515.0,190.0,0
10.0,3097.0,246.0,154.0,7.0,700.0,45.0,0
14.0,2179.0,159.0,78.0,7.0,900.0,78.0,0
1.0,2265.0,216.0,208.0,6.0,450.0,160.0,0
5.0,2877.0,208.0,16.0,7.0,742.0,123.0,1
15.0,614.0,139.0,45.0,7.0,900.0,95.0,1
12.0,4864.0,197.0,33.0,3.0,1040.0,138.0,0
2.0,64.0,289.0,151.0,6.0,1000.0,40.0,0
0.0,4329.0,234.0,85.0,3.0,979.0,121.0,1
1.0,1587.0,80.0,18.0,1.0,815.0,55.0,0
10.0,3708.0,208.0,91.0,5.0,1200.0,195.0,1
12.0,4475.0,56.0,197.0,7.0,895.0,68.0,1
15.0,2200.0,216.0,241.0,4.0,735.0,185.0,0
14.0,741.0,216.0,260.0,5.0,1065.0,224.0,0
5.0,2571.0,139.0,16.0,4.0,667.0,94.0,0
15.0,3485.0,58.0,33.0,7.0,390.0,100.0,0
1.0,580.0,79.0,208.0,7.0,1030.0,145.0,1
2.0,81.0,252.0,14.0,3.0,360.0,219.0,0
5.0,371.0,16.0,135.0,3.0,445.0,140.0,0
5.0,1832.0,208.0,197.0,1.0,900.0,90.0,0
5.0,1136.0,261.0,16.0,3.0,510.0,220.0,0
6.0,5162.0,16.0,101.0,7.0,1137.0,77.0,0
16.0,2398.0,279.0,96.0,7.0,432.0,168.0,0
5.0,2604.0,154.0,261.0,5.0,984.0,111.0,0
16.0,2825.0,96.0,33.0,7.0,1095.0,157.0,1
8.0,1948.0,173.0,16.0,4.0,1000.0,92.0,0
1.0,993.0,277.0,183.0,7.0,440.0,65.0,0
15.0,1051.0,12.0,45.0,3.0,1035.0,75.0,1
5.0,2638.0,16.0,78.0,6.0,560.0,108.0,0
5.0,1299.0,261.0,154.0,7.0,695.0,120.0,1
16.0,2387.0,120.0,135.0,7.0,835.0,178.0,0
1.0,1738.0,260.0,216.0,5.0,1200.0,250.0,1
5.0,2303.0,85.0,104.0,7.0,520.0,180.0,0
7.0,146.0,79.0,129.0,3.0,707.0,137.0,1
5.0,2861.0,216.0,16.0,3.0,465.0,159.0,1
17.0,7246.0,208.0,17.0,7.0,604.0,50.0,0
16.0,5986.0,99.0,208.0,3.0,360.0,112.0,1
15.0,1153.0,207.0,153.0,5.0,935.0,55.0,1
14.0,497.0,60.0,79.0,6.0,1230.0,228.0,0
5.0,1216.0,261.0,35.0,5.0,1030.0,275.0,0
10.0,3317.0,80.0,259.0,5.0,460.0,60.0,0
14.0,1186.0,177.0,60.0,1.0,765.0,93.0,1
0.0,4303.0,177.0,27.0,4.0,855.0,60.0,0
15.0,3762.0,236.0,258.0,1.0,1010.0,60.0,1
14.0,1123.0,273.0,60.0,6.0,490.0,137.0,0
12.0,6272.0,163.0,253.0,7.0,1070.0,95.0,1
8.0,233.0,16.0,234.0,3.0,831.0,87.0,0
14.0,1434.0,60.0,45.0,7.0,585.0,86.0,0
13.0,379.0,134.0,173.0,7.0,497.0,145.0,0
10.0,2977.0,80.0,70.0,7.0,765.0,115.0,0
15.0,14.0,244.0,277.0,6.0,685.0,135.0,0
16.0,2633.0,41.0,135.0,5.0,671.0,69.0,0
12.0,6973.0,111.0,252.0,6.0,527.0,72.0,0
4.0,1132.0,96.0,35.0,4.0,929.0,80.0,0
8.0,853.0,16.0,173.0,6.0,625.0,90.0,0
5.0,2822.0,217.0,85.0,5.0,733.0,232.0,0
10.0,3044.0,154.0,79.0,6.0,725.0,140.0,0
10.0,2759.0,80.0,68.0,5.0,890.0,80.0,0
15.0,1007.0,44.0,258.0,6.0,930.0,65.0,1
15.0,2482.0,175.0,18.0,6.0,1110.0,170.0,1
7.0,533.0,79.0,175.0,5.0,510.0,138.0,0
6.0,5223.0,278.0,16.0,6.0,763.0,76.0,1
1.0,1311.0,16.0,80.0,6.0,795.0,145.0,0
1.0,2299.0,85.0,183.0,1.0,360.0,190.0,0
15.0,650.0,2.0,175.0,7.0,405.0,165.0,0
5.0,1265.0,16.0,177.0,5.0,1040.0,89.0,1
5.0,2236.0,80.0,197.0,1.0,480.0,144.0,0
10.0,4249.0,22.0,208.0,7.0,960.0,165.0,0
12.0,6499.0,154.0,258.0,6.0,541.0,69.0,0
4.0,1580.0,252.0,96.0,1.0,450.0,305.0,0
10.0,4063.0,117.0,208.0,1.0,640.0,60.0,0
5.0,1121.0,45.0,261.0,3.0,440.0,300.0,0
9.0,247.0,150.0,128.0,4.0,1139.0,42.0,0
5.0,117.0,16.0,277.0,5.0,1066.0,90.0,0
5.0,2514.0,85.0,119.0,1.0,610.0,59.0,1
15.0,2892.0,241.0,175.0,7.0,870.0,180.0,0
10.0,4414.0,233.0,148.0,1.0,370.0,95.0,0
4.0,1677.0,216.0,135.0,4.0,345.0,219.0,0
6.0,4988.0,16.0,33.0,7.0,600.0,74.0,1
0.0,4315.0,197.0,117.0,4.0,925.0,66.0,0
15.0,292.0,153.0,228.0,7.0,845.0,300.0,1
1.0,1071.0,177.0,80.0,7.0,895.0,100.0,0
2.0,498.0,252.0,243.0,5.0,1075.0,154.0,1
0.0,4047.0,288.0,177.0,3.0,990.0,91.0,0
10.0,4420.0,35.0,159.0,4.0,360.0,80.0,1
1.0,1166.0,80.0,216.0,3.0,780.0,195.0,1
0.0,4279.0,177.0,13.0,6.0,1185.0,120.0,0
15.0,24.0,233.0,173.0,7.0,460.0,105.0,0
17.0,2834.0,217.0,280.0,7.0,1365.0,41.0,0
14.0,1118.0,172.0,60.0,3.0,835.0,130.0,0
5.0,1152.0,128.0,253.0,7.0,1405.0,311.0,0
6.0,5003.0,16.0,52.0,4.0,967.0,51.0,0
5.0,2258.0,233.0,197.0,7.0,385.0,184.0,0
5.0,2745.0,85.0,253.0,7.0,540.0,332.0,0
15.0,3071.0,44.0,153.0,1.0,650.0,60.0,0
12.0,6831.0,65.0,208.0,3.0,712.0,146.0,1
8.0,430.0,184.0,252.0,3.0,1180.0,270.0,1
2.0,67.0,252.0,151.0,4.0,915.0,127.0,0
15.0,1453.0,241.0,45.0,6.0,475.0,140.0,0
12.0,6458.0,154.0,280.0,6.0,1135.0,80.0,0
13.0,59.0,253.0,150.0,6.0,540.0,335.0,0
10.0,4016.0,208.0,109.0,3.0,560.0,55.0,1
15.0,3568.0,277.0,22.0,5.0,670.0,165.0,0
1.0,34.0,154.0,148.0,1.0,510.0,322.0,1
13.0,852.0,253.0,243.0,1.0,748.0,96.0,0
12.0,6475.0,208.0,85.0,6.0,474.0,73.0,0
5.0,385.0,16.0,245.0,3.0,1300.0,67.0,0
10.0,4455.0,148.0,78.0,3.0,960.0,90.0,0
0.0,3974.0,85.0,139.0,7.0,540.0,83.0,0
16.0,5970.0,281.0,208.0,7.0,372.0,79.0,0
12.0,4662.0,2.0,261.0,7.0,360.0,99.0,1
5.0,2009.0,184.0,197.0,1.0,901.0,78.0,1
15.0,674.0,173.0,182.0,1.0,810.0,170.0,1
4.0,1191.0,35.0,96.0,6.0,665.0,82.0,0
10.0,4168.0,234.0,208.0,7.0,850.0,135.0,0
11.0,6360.0,85.0,56.0,7.0,530.0,106.0,0
10.0,4372.0,22.0,208.0,5.0,430.0,170.0,0
15.0,3247.0,280.0,154.0,7.0,1100.0,95.0,1
12.0,6734.0,196.0,79.0,5.0,435.0,123.0,0
1.0,1396.0,236.0,80.0,5.0,710.0,190.0,0
15.0,605.0,79.0,261.0,1.0,420.0,95.0,1
16.0,2547.0,16.0,58.0,1.0,585.0,114.0,0
15.0,807.0,207.0,202.0,6.0,435.0,75.0,0
13.0,812.0,111.0,79.0,7.0,374.0,133.0,0
13.0,109.0,208.0,197.0,3.0,873.0,93.0,0
13.0,59.0,79.0,253.0,3.0,362.0,167.0,0
1.0,802.0,264.0,80.0,4.0,580.0,170.0,0
5.0,1895.0,16.0,135.0,5.0,1290.0,133.0,0
17.0,2903.0,217.0,114.0,4.0,589.0,94.0,0
5.0,1310.0,139.0,85.0,3.0,1040.0,85.0,0
11.0,6573.0,208.0,71.0,1.0,1035.0,86.0,0
16.0,3012.0,135.0,134.0,3.0,1133.0,171.0,1
4.0,1766.0,252.0,135.0,3.0,695.0,248.0,1
15.0,512.0,243.0,153.0,4.0,465.0,70.0,1
12.0,4841.0,261.0,2.0,5.0,1190.0,102.0,1
12.0,6856.0,61.0,79.0,7.0,1172.0,203.0,0
7.0,589.0,79.0,261.0,5.0,1270.0,85.0,0
15.0,1110.0,182.0,175.0,6.0,465.0,165.0,0
15.0,988.0,45.0,204.0,7.0,1040.0,205.0,1
15.0,2640.0,34.0,153.0,1.0,855.0,100.0,1
16.0,2327.0,178.0,135.0,7.0,810.0,76.0,0
10.0,2828.0,288.0,80.0,7.0,625.0,135.0,0
12.0,6326.0,253.0,24.0,1.0,1095.0,67.0,0
15.0,1006.0,33.0,175.0,7.0,1055.0,90.0,1
14.0,1015.0,60.0,213.0,7.0,870.0,108.0,0
3.0,621.0,148.0,129.0,6.0,710.0,244.0,0
1.0,354.0,208.0,159.0,3.0,1055.0,125.0,0
13.0,340.0,79.0,216.0,3.0,1062.0,213.0,0
0.0,3713.0,272.0,85.0,3.0,980.0,118.0,1
15.0,964.0,252.0,175.0,7.0,445.0,240.0,0
6.0,7117.0,237.0,208.0,4.0,360.0,116.0,0
17.0,7251.0,177.0,208.0,7.0,860.0,109.0,0
12.0,6597.0,79.0,18.0,6.0,756.0,126.0,0
5.0,1874.0,16.0,134.0,3.0,1150.0,113.0,0
7.0,383.0,104.0,79.0,3.0,460.0,268.0,1
15.0,2958.0,75.0,244.0,3.0,530.0,65.0,0
8.0,224.0,184.0,153.0,3.0,455.0,250.0,0
8.0,815.0,45.0,35.0,1.0,990.0,87.0,0
4.0,245.0,58.0,135.0,6.0,770.0,181.0,0
5.0,2122.0,85.0,35.0,4.0,455.0,127.0,0
4.0,1692.0,96.0,173.0,7.0,1200.0,176.0,0
6.0,5527.0,36.0,16.0,3.0,1010.0,78.0,0
8.0,1271.0,173.0,76.0,7.0,1265.0,135.0,1
15.0,542.0,175.0,221.0,3.0,420.0,80.0,0
4.0,147.0,208.0,135.0,4.0,585.0,164.0,0
5.0,1403.0,197.0,104.0,6.0,620.0,213.0,1
16.0,2888.0,58.0,35.0,3.0,1150.0,95.0,1
15.0,2731.0,262.0,243.0,3.0,1205.0,85.0,1
16.0,2735.0,165.0,135.0,7.0,667.0,67.0,0
15.0,1766.0,261.0,252.0,1.0,525.0,135.0,0
12.0,4538.0,197.0,261.0,6.0,865.0,174.0,1
12.0,7049.0,214.0,210.0,7.0,436.0,58.0,0
5.0,1068.0,280.0,197.0,1.0,856.0,189.0,0
10.0,3658.0,120.0,183.0,3.0,430.0,135.0,0
5.0,1038.0,16.0,139.0,7.0,1319.0,98.0,1
14.0,1707.0,268.0,60.0,1.0,450.0,109.0,1
5.0,2640.0,153.0,261.0,3.0,995.0,77.0,0
10.0,3376.0,80.0,195.0,6.0,1095.0,130.0,0
5.0,2052.0,198.0,16.0,7.0,375.0,95.0,0
5.0,1370.0,159.0,35.0,1.0,390.0,69.0,0
14.0,768.0,35.0,216.0,7.0,870.0,98.0,1
6.0,5312.0,16.0,285.0,6.0,535.0,61.0,0
6.0,5614.0,16.0,174.0,7.0,1247.0,104.0,0
2.0,86.0,14.0,252.0,4.0,750.0,205.0,0
10.0,3678.0,183.0,275.0,1.0,420.0,85.0,0
8.0,189.0,78.0,16.0,6.0,765.0,118.0,0
15.0,1751.0,129.0,268.0,3.0,390.0,115.0,0
17.0,7301.0,172.0,134.0,5.0,492.0,141.0,0
12.0,7009.0,208.0,130.0,3.0,660.0,121.0,0
14.0,1773.0,216.0,153.0,5.0,1085.0,338.0,0
10.0,2841.0,80.0,84.0,4.0,555.0,110.0,0
16.0,2782.0,135.0,285.0,4.0,1180.0,118.0,0
5.0,1222.0,261.0,16.0,7.0,1020.0,219.0,1
8.0,870.0,197.0,16.0,3.0,1084.0,151.0,0
10.0,4482.0,233.0,78.0,6.0,670.0,60.0,0
5.0,1308.0,18.0,16.0,4.0,400.0,142.0,0
2.0,182.0,98.0,14.0,6.0,480.0,63.0,0
16.0,2137.0,158.0,135.0,7.0,420.0,62.0,1
12.0,6474.0,154.0,2.0,6.0,975.0,108.0,0
12.0,6498.0,154.0,280.0,1.0,976.0,78.0,0
14.0,1244.0,217.0,78.0,3.0,587.0,251.0,1
1.0,444.0,244.0,208.0,1.0,435.0,165.0,0
15.0,867.0,75.0,198.0,4.0,1215.0,75.0,0
12.0,4550.0,205.0,261.0,5.0,1064.0,145.0,0
11.0,6642.0,209.0,148.0,6.0,627.0,93.0,0
6.0,5515.0,157.0,177.0,3.0,740.0,87.0,1
5.0,2843.0,96.0,16.0,7.0,1080.0,160.0,1
16.0,2115.0,42.0,96.0,1.0,801.0,99.0,0
15.0,1325.0,139.0,173.0,7.0,490.0,140.0,1
8.0,524.0,277.0,45.0,5.0,1116.0,134.0,0
15.0,1758.0,253.0,264.0,7.0,1170.0,80.0,1
13.0,559.0,159.0,208.0,4.0,751.0,158.0,0
1.0,1574.0,153.0,80.0,7.0,685.0,155.0,1
15.0,432.0,154.0,153.0,3.0,740.0,60.0,1
15.0,1747.0,175.0,85.0,7.0,875.0,65.0,1
12.0,4766.0,230.0,197.0,4.0,713.0,92.0,0
3.0,120.0,198.0,148.0,6.0,1089.0,169.0,0
6.0,5014.0,136.0,16.0,5.0,330.0,132.0,0
0.0,4373.0,85.0,42.0,1.0,605.0,104.0,0
15.0,863.0,175.0,241.0,4.0,795.0,175.0,1
4.0,1511.0,135.0,264.0,4.0,1050.0,222.0,1
0.0,4062.0,147.0,177.0,1.0,1065.0,118.0,0
15.0,2640.0,153.0,262.0,4.0,925.0,90.0,1
13.0,561.0,79.0,202.0,3.0,733.0,168.0,0
15.0,293.0,202.0,252.0,4.0,1115.0,125.0,1
16.0,2928.0,135.0,279.0,7.0,599.0,78.0,0
15.0,2762.0,258.0,243.0,6.0,575.0,80.0,0
1.0,1344.0,80.0,268.0,4.0,825.0,95.0,0
15.0,36.0,68.0,129.0,1.0,830.0,50.0,0
2.0,689.0,258.0,214.0,5.0,640.0,110.0,0
15.0,1097.0,217.0,44.0,7.0,1125.0,85.0,1
1.0,398.0,208.0,159.0,1.0,370.0,120.0,1
6.0,7086.0,76.0,134.0,1.0,360.0,90.0,0
15.0,3138.0,79.0,243.0,3.0,785.0,145.0,0
6.0,5163.0,58.0,16.0,5.0,964.0,120.0,1
1.0,1165.0,80.0,227.0,6.0,1130.0,190.0,1
1.0,574.0,80.0,147.0,1.0,1100.0,130.0,0
6.0,5303.0,16.0,10.0,6.0,1125.0,107.0,0
15.0,2697.0,129.0,244.0,5.0,905.0,55.0,1
16.0,2525.0,135.0,116.0,5.0,430.0,73.0,1
15.0,49.0,75.0,129.0,7.0,1110.0,60.0,1
12.0,6631.0,208.0,184.0,3.0,634.0,42.0,0
1.0,2162.0,80.0,213.0,7.0,835.0,150.0,1
5.0,2163.0,78.0,197.0,3.0,385.0,173.0,0
0.0,4022.0,87.0,177.0,5.0,980.0,90.0,0
16.0,2408.0,96.0,61.0,1.0,515.0,118.0,1
15.0,3047.0,217.0,79.0,3.0,1165.0,105.0,1
15.0,3843.0,217.0,43.0,4.0,760.0,245.0,1
3.0,1108.0,233.0,148.0,5.0,930.0,92.0,0
14.0,1238.0,60.0,273.0,7.0,1329.0,101.0,0
12.0,6671.0,55.0,253.0,1.0,1051.0,59.0,0
16.0,3006.0,135.0,134.0,1.0,445.0,173.0,1
8.0,1453.0,213.0,130.0,1.0,767.0,163.0,0
12.0,6321.0,243.0,154.0,7.0,526.0,45.0,0
12.0,6457.0,264.0,253.0,5.0,888.0,80.0,0
12.0,6908.0,253.0,236.0,7.0,620.0,53.0,1
1.0,1536.0,80.0,27.0,7.0,575.0,95.0,0
13.0,988.0,79.0,154.0,1.0,492.0,154.0,0
15.0,900.0,243.0,217.0,3.0,390.0,75.0,0
4.0,1140.0,80.0,96.0,4.0,1070.0,192.0,0
2.0,132.0,14.0,214.0,4.0,55.0,215.0,1
12.0,6918.0,63.0,208.0,1.0,360.0,82.0,0
16.0,2130.0,205.0,96.0,4.0,443.0,167.0,0
12.0,6955.0,208.0,184.0,4.0,1090.0,48.0,1
16.0,2171.0,135.0,209.0,5.0,1175.0,163.0,0
5.0,1497.0,85.0,244.0,7.0,740.0,213.0,0
17.0,2735.0,91.0,217.0,1.0,370.0,80.0,0
8.0,905.0,215.0,16.0,3.0,653.0,111.0,1
14.0,1719.0,60.0,173.0,6.0,1200.0,97.0,1
13.0,300.0,236.0,79.0,4.0,448.0,140.0,0
8.0,473.0,45.0,16.0,5.0,450.0,130.0,0
5.0,1079.0,253.0,154.0,6.0,410.0,83.0,1
5.0,1298.0,150.0,154.0,7.0,1304.0,316.0,0
10.0,4583.0,60.0,159.0,7.0,665.0,114.0,0
12.0,6689.0,19.0,208.0,5.0,361.0,109.0,0
15.0,297.0,182.0,153.0,7.0,610.0,375.0,0
5.0,1902.0,153.0,16.0,6.0,667.0,229.0,0
15.0,1029.0,202.0,236.0,5.0,1115.0,50.0,1
5.0,2306.0,162.0,16.0,1.0,330.0,97.0,0
0.0,4077.0,85.0,12.0,5.0,1305.0,95.0,0
8.0,281.0,35.0,16.0,4.0,360.0,180.0,0
11.0,6378.0,71.0,159.0,1.0,450.0,124.0,0
12.0,6509.0,280.0,154.0,3.0,486.0,95.0,1
12.0,7045.0,85.0,208.0,4.0,405.0,71.0,0
16.0,2294.0,68.0,135.0,5.0,1156.0,62.0,0
5.0,1723.0,35.0,85.0,6.0,864.0,136.0,0
17.0,2696.0,154.0,153.0,7.0,800.0,65.0,0
14.0,1764.0,16.0,60.0,6.0,940.0,76.0,0
10.0,4382.0,35.0,148.0,6.0,360.0,79.0,0
6.0,7082.0,35.0,134.0,4.0,744.0,103.0,0
12.0,6919.0,208.0,82.0,4.0,795.0,87.0,1
3.0,1245.0,35.0,60.0,4.0,535.0,144.0,0
15.0,981.0,44.0,202.0,5.0,1045.0,75.0,1
1.0,1865.0,139.0,80.0,3.0,1040.0,150.0,0
12.0,6736.0,230.0,79.0,3.0,574.0,76.0,0
4.0,151.0,233.0,135.0,1.0,365.0,180.0,1
8.0,478.0,16.0,45.0,3.0,1335.0,104.0,1
15.0,198.0,129.0,277.0,5.0,635.0,115.0,0
4.0,76.0,173.0,96.0,7.0,1042.0,158.0,1
14.0,195.0,217.0,243.0,5.0,680.0,81.0,0
12.0,4636.0,197.0,99.0,4.0,1165.0,65.0,1
16.0,5931.0,208.0,136.0,5.0,1072.0,114.0,0
8.0,636.0,76.0,45.0,5.0,1076.0,83.0,0
16.0,2957.0,80.0,135.0,5.0,784.0,67.0,0
12.0,6407.0,100.0,253.0,3.0,345.0,45.0,0
16.0,2155.0,197.0,96.0,3.0,550.0,149.0,1
14.0,1784.0,153.0,60.0,3.0,680.0,249.0,0
1.0,76.0,154.0,134.0,4.0,570.0,285.0,0
15.0,2152.0,262.0,154.0,6.0,820.0,80.0,0
4.0,1790.0,135.0,183.0,6.0,810.0,141.0,0
11.0,6564.0,22.0,71.0,1.0,1045.0,140.0,0
10.0,3990.0,208.0,76.0,3.0,860.0,70.0,1
10.0,2830.0,223.0,80.0,1.0,385.0,125.0,1
6.0,5220.0,10.0,16.0,1.0,1007.0,107.0,0
5.0,1037.0,129.0,16.0,5.0,765.0,126.0,0
3.0,521.0,96.0,173.0,5.0,420.0,170.0,0
1.0,1599.0,80.0,135.0,3.0,610.0,70.0,1
13.0,655.0,208.0,198.0,5.0,1266.0,145.0,0
3.0,439.0,35.0,173.0,5.0,960.0,192.0,0
8.0,358.0,16.0,159.0,7.0,1255.0,133.0,0
6.0,5313.0,95.0,16.0,3.0,360.0,98.0,0
12.0,6686.0,79.0,29.0,3.0,1285.0,94.0,0
13.0,445.0,79.0,161.0,6.0,720.0,470.0,1
12.0,4611.0,261.0,253.0,1.0,510.0,133.0,0
15.0,5.0,279.0,75.0,1.0,395.0,60.0,0
1.0,1467.0,198.0,80.0,1.0,400.0,100.0,0
10.0,3632.0,60.0,183.0,1.0,350.0,120.0,0
1.0,1119.0,78.0,183.0,7.0,800.0,160.0,1
10.0,2938.0,118.0,80.0,5.0,805.0,50.0,0
15.0,509.0,202.0,217.0,7.0,555.0,110.0,0
16.0,2274.0,135.0,172.0,7.0,880.0,115.0,0
12.0,6585.0,72.0,208.0,7.0,1090.0,68.0,0
15.0,523.0,279.0,153.0,7.0,855.0,185.0,1
5.0,2829.0,16.0,252.0,3.0,1145.0,336.0,0
8.0,1601.0,80.0,173.0,5.0,420.0,149.0,1
11.0,6594.0,27.0,159.0,1.0,375.0,150.0,0
15.0,2049.0,129.0,153.0,5.0,810.0,205.0,1
16.0,2316.0,2.0,135.0,4.0,670.0,117.0,0
0.0,3915.0,42.0,148.0,4.0,680.0,95.0,0
15.0,3569.0,141.0,45.0,6.0,925.0,75.0,1
15.0,624.0,262.0,154.0,3.0,1245.0,80.0,0
16.0,3002.0,135.0,33.0,1.0,625.0,108.0,1
8.0,361.0,159.0,16.0,5.0,630.0,157.0,0
5.0,1524.0,244.0,16.0,5.0,480.0,139.0,0
13.0,18.0,154.0,79.0,1.0,360.0,146.0,0
17.0,2817.0,154.0,153.0,4.0,1195.0,64.0,0
17.0,2652.0,138.0,60.0,1.0,770.0,66.0,0
12.0,6964.0,232.0,214.0,4.0,345.0,58.0,0
17.0,7271.0,221.0,134.0,4.0,615.0,62.0,0
5.0,152.0,154.0,16.0,4.0,780.0,261.0,1
15.0,1322.0,244.0,75.0,6.0,1195.0,55.0,0
0.0,3820.0,21.0,85.0,4.0,814.0,56.0,1
16.0,3112.0,58.0,228.0,5.0,1175.0,93.0,1
15.0,756.0,18.0,217.0,5.0,690.0,155.0,1
13.0,218.0,264.0,79.0,3.0,1049.0,138.0,0
12.0,6437.0,163.0,214.0,3.0,548.0,82.0,0
6.0,4969.0,180.0,16.0,1.0,450.0,65.0,0
1.0,1539.0,183.0,208.0,5.0,1050.0,205.0,0
10.0,4261.0,279.0,208.0,5.0,880.0,115.0,0
0.0,4336.0,108.0,177.0,5.0,990.0,65.0,0
6.0,5245.0,177.0,119.0,6.0,1140.0,101.0,0
10.0,4343.0,208.0,85.0,4.0,405.0,85.0,1
14.0,86.0,205.0,217.0,4.0,360.0,175.0,0
10.0,4318.0,208.0,45.0,3.0,845.0,115.0,0
16.0,2684.0,177.0,135.0,5.0,390.0,104.0,0
15.0,823.0,154.0,262.0,3.0,680.0,85.0,1
13.0,197.0,134.0,252.0,4.0,762.0,354.0,0
6.0,5303.0,101.0,16.0,3.0,987.0,96.0,1
12.0,6696.0,79.0,199.0,7.0,887.0,55.0,1
2.0,101.0,252.0,14.0,6.0,930.0,220.0,0
15.0,2063.0,217.0,79.0,7.0,420.0,110.0,0
17.0,1026.0,128.0,150.0,5.0,785.0,40.0,0
1.0,618.0,253.0,208.0,5.0,1025.0,245.0,0
6.0,5500.0,285.0,16.0,3.0,1030.0,65.0,0
14.0,1029.0,60.0,183.0,5.0,865.0,120.0,1
4.0,1599.0,58.0,104.0,7.0,1135.0,170.0,0
16.0,2843.0,78.0,58.0,7.0,880.0,70.0,1
10.0,3061.0,154.0,243.0,6.0,945.0,45.0,0
15.0,1260.0,258.0,153.0,6.0,920.0,85.0,1
15.0,765.0,262.0,175.0,3.0,830.0,245.0,1
15.0,2466.0,214.0,202.0,3.0,910.0,100.0,1
15.0,3687.0,173.0,43.0,7.0,1185.0,155.0,1
5.0,315.0,16.0,172.0,3.0,790.0,130.0,0
4.0,776.0,135.0,216.0,4.0,445.0,187.0,1
10.0,3901.0,221.0,208.0,7.0,630.0,95.0,0
7.0,179.0,79.0,280.0,4.0,489.0,114.0,1
6.0,7135.0,134.0,54.0,3.0,481.0,101.0,0
6.0,5279.0,172.0,85.0,4.0,616.0,118.0,0
10.0,4170.0,208.0,273.0,7.0,605.0,110.0,1
1.0,684.0,18.0,148.0,7.0,600.0,215.0,0
12.0,4756.0,172.0,261.0,4.0,370.0,162.0,0
10.0,3685.0,177.0,183.0,7.0,370.0,145.0,0
14.0,610.0,217.0,16.0,1.0,610.0,226.0,0
8.0,949.0,45.0,238.0,3.0,1300.0,70.0,1
8.0,910.0,16.0,215.0,3.0,1066.0,80.0,0
10.0,4517.0,159.0,69.0,3.0,1110.0,110.0,1
10.0,4271.0,208.0,233.0,4.0,600.0,120.0,0
4.0,549.0,253.0,96.0,5.0,810.0,325.0,0
12.0,4685.0,230.0,197.0,3.0,600.0,90.0,0
15.0,2798.0,228.0,277.0,7.0,1055.0,200.0,1
16.0,2238.0,121.0,96.0,5.0,660.0,108.0,0
16.0,2979.0,172.0,135.0,7.0,768.0,124.0,1
15.0,2980.0,202.0,217.0,7.0,455.0,110.0,1
12.0,6445.0,154.0,280.0,7.0,1230.0,82.0,1
1.0,532.0,80.0,233.0,5.0,370.0,145.0,0
15.0,1124.0,153.0,204.0,1.0,655.0,140.0,1
8.0,358.0,16.0,159.0,3.0,1255.0,126.0,1
6.0,5504.0,180.0,16.0,1.0,653.0,62.0,0
2.0,87.0,252.0,14.0,7.0,600.0,218.0,1
8.0,536.0,16.0,177.0,6.0,540.0,79.0,0
9.0,263.0,143.0,128.0,3.0,972.0,49.0,0
15.0,1133.0,170.0,75.0,1.0,640.0,70.0,0
15.0,663.0,154.0,175.0,5.0,720.0,230.0,0
5.0,2326.0,104.0,16.0,4.0,530.0,115.0,0
10.0,2713.0,80.0,146.0,1.0,645.0,75.0,0
5.0,1400.0,16.0,35.0,4.0,905.0,155.0,0
14.0,1521.0,45.0,60.0,3.0,325.0,83.0,0
5.0,64.0,153.0,16.0,5.0,742.0,232.0,0
5.0,1654.0,16.0,76.0,6.0,1010.0,96.0,1
5.0,2477.0,154.0,203.0,4.0,1062.0,352.0,0
5.0,1187.0,85.0,16.0,7.0,450.0,141.0,0
1.0,815.0,80.0,91.0,6.0,900.0,105.0,0
5.0,1799.0,16.0,228.0,5.0,574.0,150.0,1
13.0,456.0,197.0,79.0,4.0,525.0,141.0,0
1.0,1982.0,268.0,208.0,3.0,1115.0,80.0,0
15.0,3060.0,154.0,217.0,5.0,370.0,75.0,1
14.0,1928.0,216.0,228.0,4.0,1240.0,62.0,0
12.0,6440.0,154.0,65.0,4.0,905.0,131.0,0
15.0,1279.0,173.0,129.0,5.0,1125.0,155.0,0
10.0,4221.0,117.0,208.0,4.0,1115.0,75.0,0
15.0,2397.0,202.0,243.0,5.0,1035.0,85.0,1
15.0,155.0,253.0,243.0,3.0,1150.0,85.0,0
5.0,1071.0,184.0,197.0,3.0,400.0,83.0,1
5.0,2963.0,197.0,16.0,6.0,860.0,151.0,0
13.0,424.0,277.0,134.0,3.0,540.0,135.0,0
5.0,1449.0,134.0,16.0,4.0,380.0,129.0,0
5.0,2891.0,214.0,261.0,4.0,450.0,113.0,0
15.0,1675.0,280.0,2.0,7.0,910.0,60.0,0
15.0,574.0,153.0,44.0,7.0,760.0,65.0,1
1.0,1517.0,80.0,2.0,1.0,945.0,110.0,0
15.0,1365.0,34.0,153.0,6.0,720.0,100.0,1
5.0,1518.0,173.0,16.0,4.0,330.0,84.0,0
1.0,785.0,159.0,80.0,4.0,1060.0,255.0,0
11.0,6741.0,43.0,148.0,6.0,360.0,78.0,0
1.0,1505.0,80.0,243.0,5.0,1035.0,190.0,1
1.0,539.0,80.0,153.0,1.0,1095.0,180.0,1
5.0,2340.0,253.0,148.0,3.0,1350.0,330.0,0
15.0,1108.0,79.0,2.0,5.0,1260.0,75.0,1
10.0,4514.0,148.0,78.0,7.0,785.0,85.0,1
16.0,2751.0,190.0,135.0,1.0,1075.0,90.0,0
10.0,2747.0,80.0,121.0,3.0,1185.0,130.0,0
15.0,1788.0,79.0,154.0,6.0,540.0,160.0,0
14.0,9.0,252.0,217.0,6.0,875.0,167.0,0
3.0,615.0,148.0,147.0,4.0,830.0,160.0,1
5.0,82.0,261.0,148.0,1.0,665.0,276.0,0
14.0,1497.0,60.0,200.0,3.0,680.0,51.0,1
1.0,1994.0,135.0,183.0,3.0,360.0,135.0,0
12.0,4745.0,261.0,207.0,4.0,672.0,107.0,1
1.0,119.0,96.0,154.0,7.0,1090.0,380.0,0
15.0,463.0,153.0,44.0,6.0,825.0,65.0,0
5.0,420.0,16.0,217.0,5.0,811.0,257.0,0
11.0,6603.0,82.0,197.0,1.0,757.0,63.0,0
8.0,806.0,45.0,139.0,6.0,523.0,109.0,0
13.0,356.0,79.0,244.0,7.0,1176.0,131.0,0
12.0,6455.0,154.0,292.0,5.0,576.0,70.0,1
10.0,2917.0,80.0,61.0,1.0,1045.0,140.0,0
1.0,1375.0,22.0,260.0,7.0,460.0,225.0,0
4.0,1535.0,96.0,217.0,4.0,405.0,340.0,0
15.0,30.0,217.0,175.0,7.0,1060.0,200.0,0
1.0,1920.0,154.0,253.0,5.0,460.0,80.0,0
12.0,6963.0,79.0,192.0,4.0,1175.0,102.0,0
15.0,757.0,91.0,154.0,4.0,755.0,135.0,0
15.0,3927.0,175.0,35.0,6.0,860.0,135.0,0
0.0,3976.0,85.0,281.0,3.0,1295.0,69.0,1
1.0,2537.0,208.0,153.0,3.0,1290.0,235.0,0
1.0,1032.0,207.0,80.0,6.0,370.0,180.0,0
15.0,357.0,27.0,45.0,3.0,730.0,110.0,1
15.0,700.0,44.0,258.0,6.0,1185.0,65.0,0
0.0,4114.0,195.0,85.0,5.0,625.0,87.0,1
12.0,7787.0,261.0,220.0,7.0,1310.0,55.0,0
11.0,6644.0,177.0,205.0,7.0,1160.0,108.0,1
1.0,1260.0,183.0,159.0,6.0,1335.0,160.0,1
1.0,472.0,261.0,80.0,7.0,1050.0,150.0,0
5.0,2031.0,197.0,173.0,1.0,910.0,188.0,0
1.0,1184.0,208.0,96.0,7.0,735.0,145.0,0
5.0,1026.0,85.0,16.0,5.0,732.0,125.0,1
12.0,4852.0,177.0,136.0,7.0,560.0,91.0,0
1.0,1767.0,244.0,80.0,4.0,645.0,70.0,0
13.0,588.0,80.0,134.0,3.0,1022.0,176.0,0
0.0,4021.0,159.0,54.0,4.0,939.0,145.0,0
0.0,3723.0,16.0,84.0,7.0,1290.0,144.0,1
13.0,433.0,134.0,18.0,6.0,506.0,229.0,0
14.0,88.0,16.0,217.0,4.0,465.0,269.0,0
12.0,6322.0,243.0,154.0,5.0,589.0,45.0,0
13.0,851.0,221.0,208.0,6.0,597.0,98.0,1
11.0,6631.0,35.0,148.0,1.0,840.0,84.0,1
8.0,356.0,16.0,159.0,4.0,1013.0,128.0,0
13.0,337.0,216.0,208.0,3.0,360.0,137.0,0
11.0,6480.0,208.0,71.0,5.0,1190.0,76.0,0
15.0,1774.0,217.0,252.0,1.0,720.0,195.0,1
15.0,343.0,154.0,91.0,4.0,615.0,110.0,1
10.0,3703.0,208.0,16.0,3.0,1060.0,125.0,0
3.0,325.0,22.0,104.0,4.0,440.0,197.0,0
17.0,2653.0,209.0,60.0,1.0,825.0,85.0,0
15.0,1116.0,153.0,236.0,3.0,1020.0,75.0,1
6.0,5124.0,16.0,186.0,3.0,985.0,93.0,0
15.0,1370.0,172.0,202.0,4.0,815.0,245.0,0
8.0,672.0,173.0,184.0,1.0,425.0,176.0,0
4.0,1828.0,135.0,280.0,4.0,690.0,161.0,0
12.0,6566.0,261.0,253.0,1.0,416.0,143.0,1
4.0,817.0,198.0,96.0,6.0,420.0,168.0,0
5.0,1944.0,244.0,85.0,1.0,990.0,177.0,0
15.0,1.0,129.0,68.0,5.0,500.0,50.0,0
2.0,515.0,264.0,252.0,4.0,420.0,173.0,0
16.0,2764.0,96.0,268.0,1.0,1020.0,175.0,0
10.0,2826.0,47.0,80.0,1.0,1070.0,180.0,0
15.0,1065.0,33.0,79.0,7.0,750.0,180.0,1
3.0,95.0,148.0,202.0,5.0,779.0,389.0,1
17.0,2904.0,162.0,60.0,1.0,442.0,117.0,0
13.0,890.0,154.0,148.0,4.0,830.0,333.0,0
1.0,404.0,183.0,173.0,5.0,385.0,60.0,0
12.0,6394.0,102.0,79.0,1.0,428.0,130.0,1
13.0,893.0,35.0,253.0,4.0,370.0,410.0,0
9.0,334.0,128.0,203.0,4.0,915.0,37.0,1
14.0,1170.0,60.0,221.0,7.0,895.0,87.0,0
6.0,4975.0,16.0,71.0,5.0,445.0,85.0,0
11.0,6758.0,85.0,285.0,5.0,910.0,95.0,0
15.0,1181.0,129.0,217.0,3.0,795.0,175.0,1
15.0,3047.0,153.0,217.0,7.0,1010.0,70.0,1
4.0,1605.0,135.0,154.0,1.0,715.0,220.0,1
10.0,4537.0,233.0,148.0,4.0,1030.0,105.0,0
15.0,1812.0,216.0,35.0,4.0,745.0,80.0,1
5.0,2556.0,197.0,96.0,3.0,780.0,175.0,1
15.0,2376.0,217.0,258.0,1.0,985.0,120.0,0
10.0,4330.0,208.0,71.0,5.0,800.0,75.0,0
14.0,2179.0,159.0,78.0,5.0,900.0,78.0,0
14.0,288.0,258.0,217.0,5.0,1155.0,105.0,0
1.0,614.0,183.0,159.0,6.0,965.0,180.0,0
4.0,799.0,135.0,79.0,1.0,525.0,158.0,0
2.0,512.0,252.0,264.0,3.0,870.0,159.0,0
5.0,264.0,217.0,197.0,6.0,850.0,185.0,1
13.0,701.0,172.0,79.0,3.0,972.0,118.0,0
4.0,1144.0,96.0,16.0,1.0,705.0,160.0,1
8.0,30.0,16.0,175.0,5.0,525.0,115.0,0
5.0,1597.0,216.0,197.0,1.0,370.0,180.0,0
1.0,795.0,159.0,183.0,5.0,810.0,195.0,0
13.0,25.0,148.0,154.0,4.0,1091.0,383.0,0
15.0,1923.0,2.0,261.0,3.0,990.0,95.0,1
1.0,443.0,159.0,183.0,4.0,1100.0,205.0,0
5.0,1759.0,215.0,16.0,7.0,973.0,115.0,1
14.0,97.0,216.0,221.0,1.0,470.0,81.0,0
13.0,321.0,208.0,243.0,3.0,1042.0,270.0,0
5.0,1035.0,134.0,16.0,4.0,575.0,115.0,0
16.0,5910.0,33.0,208.0,7.0,477.0,107.0,1
16.0,3088.0,135.0,172.0,4.0,580.0,112.0,0
0.0,4267.0,177.0,123.0,4.0,1170.0,50.0,0
10.0,3263.0,80.0,118.0,3.0,1295.0,50.0,1
4.0,1774.0,16.0,135.0,5.0,905.0,135.0,0
10.0,4114.0,221.0,208.0,7.0,360.0,105.0,1
0.0,4146.0,148.0,273.0,7.0,780.0,89.0,0
12.0,6583.0,65.0,79.0,5.0,600.0,49.0,0
8.0,1292.0,119.0,173.0,1.0,760.0,155.0,0
2.0,191.0,14.0,98.0,3.0,1140.0,56.0,1
17.0,2916.0,227.0,217.0,1.0,1000.0,83.0,0
1.0,1126.0,79.0,183.0,7.0,530.0,225.0,0
7.0,455.0,159.0,184.0,1.0,1080.0,139.0,1
15.0,2807.0,79.0,207.0,7.0,515.0,140.0,0
8.0,902.0,16.0,215.0,4.0,525.0,93.0,0
14.0,458.0,261.0,217.0,7.0,1200.0,97.0,0
15.0,1099.0,202.0,172.0,4.0,645.0,200.0,1
3.0,1215.0,35.0,43.0,4.0,705.0,91.0,0
4.0,17.0,96.0,154.0,5.0,790.0,355.0,0
3.0,362.0,213.0,159.0,4.0,678.0,162.0,1
17.0,7246.0,172.0,208.0,5.0,648.0,87.0,0
10.0,2953.0,13.0,80.0,5.0,490.0,70.0,0
15.0,3503.0,175.0,79.0,7.0,900.0,165.0,0
0.0,3805.0,58.0,177.0,1.0,435.0,144.0,1
5.0,1070.0,16.0,147.0,3.0,1371.0,68.0,1
2.0,667.0,258.0,214.0,4.0,1080.0,108.0,0
8.0,1187.0,187.0,173.0,5.0,612.0,155.0,0
17.0,2694.0,217.0,18.0,6.0,965.0,132.0,0
10.0,4454.0,78.0,148.0,4.0,1080.0,80.0,0
6.0,7087.0,71.0,134.0,7.0,869.0,98.0,0
1.0,1865.0,139.0,80.0,5.0,1040.0,150.0,0
10.0,2909.0,80.0,285.0,7.0,1110.0,115.0,1
13.0,37.0,173.0,253.0,3.0,397.0,369.0,0
15.0,691.0,279.0,79.0,7.0,1170.0,105.0,1
15.0,1057.0,79.0,129.0,3.0,1015.0,140.0,1
16.0,2098.0,68.0,135.0,1.0,670.0,62.0,0
15.0,1684.0,277.0,79.0,4.0,540.0,250.0,0
5.0,2083.0,261.0,153.0,3.0,1200.0,87.0,0
6.0,5550.0,16.0,11.0,3.0,815.0,54.0,0
5.0,2404.0,154.0,261.0,5.0,618.0,111.0,1
12.0,4533.0,197.0,107.0,7.0,1170.0,61.0,1
16.0,3134.0,96.0,33.0,7.0,895.0,150.0,0
14.0,638.0,80.0,217.0,6.0,735.0,162.0,0
16.0,2396.0,96.0,85.0,1.0,1035.0,125.0,0
14.0,1434.0,60.0,45.0,6.0,585.0,86.0,0
15.0,3168.0,18.0,175.0,6.0,525.0,155.0,1
16.0,5951.0,48.0,208.0,1.0,345.0,95.0,0
8.0,639.0,45.0,76.0,6.0,1290.0,89.0,0
6.0,5494.0,187.0,16.0,7.0,600.0,112.0,1
16.0,2425.0,135.0,38.0,6.0,1105.0,65.0,1
16.0,3121.0,162.0,135.0,7.0,898.0,82.0,0
12.0,6296.0,207.0,79.0,1.0,681.0,137.0,0
5.0,511.0,16.0,147.0,5.0,510.0,77.0,0
15.0,1050.0,45.0,221.0,5.0,935.0,60.0,0
6.0,5192.0,16.0,187.0,5.0,988.0,117.0,0
5.0,2624.0,195.0,197.0,3.0,396.0,70.0,0
13.0,149.0,208.0,253.0,5.0,422.0,286.0,0
16.0,2026.0,135.0,268.0,5.0,445.0,121.0,1
15.0,3658.0,44.0,217.0,4.0,930.0,85.0,1
8.0,618.0,184.0,198.0,4.0,805.0,135.0,0
17.0,7304.0,147.0,134.0,1.0,888.0,107.0,0
14.0,1041.0,269.0,60.0,5.0,1060.0,230.0,0
14.0,639.0,208.0,217.0,5.0,1020.0,233.0,0
0.0,3787.0,247.0,16.0,1.0,1030.0,123.0,1
15.0,1325.0,139.0,173.0,3.0,490.0,140.0,0
13.0,870.0,253.0,148.0,7.0,775.0,351.0,1
8.0,887.0,45.0,184.0,1.0,440.0,125.0,0
15.0,876.0,45.0,217.0,6.0,605.0,320.0,1
12.0,4746.0,197.0,195.0,5.0,445.0,59.0,1
12.0,4774.0,2.0,261.0,4.0,520.0,101.0,0
15.0,1566.0,172.0,214.0,4.0,900.0,245.0,1
0.0,3992.0,157.0,177.0,1.0,480.0,85.0,1
11.0,6471.0,35.0,78.0,3.0,935.0,110.0,0
6.0,7104.0,134.0,61.0,5.0,505.0,80.0,0
15.0,810.0,243.0,18.0,6.0,475.0,160.0,1
11.0,6512.0,178.0,177.0,4.0,707.0,118.0,0
4.0,482.0,135.0,35.0,6.0,795.0,213.0,1
10.0,4647.0,233.0,159.0,1.0,700.0,95.0,0
10.0,3680.0,183.0,120.0,4.0,660.0,125.0,1
10.0,4578.0,60.0,159.0,1.0,530.0,115.0,0
11.0,6752.0,111.0,197.0,1.0,430.0,180.0,1
8.0,729.0,184.0,80.0,5.0,1260.0,150.0,0
15.0,368.0,216.0,79.0,3.0,790.0,280.0,1
14.0,245.0,104.0,217.0,3.0,420.0,315.0,1
17.0,7283.0,208.0,60.0,4.0,669.0,106.0,0
16.0,2334.0,135.0,245.0,6.0,640.0,121.0,0
13.0,695.0,159.0,208.0,4.0,1204.0,165.0,0
10.0,3482.0,162.0,80.0,3.0,695.0,70.0,0
15.0,1923.0,153.0,280.0,3.0,750.0,75.0,0
12.0,6283.0,154.0,144.0,3.0,1175.0,52.0,0
14.0,1649.0,78.0,277.0,7.0,1045.0,144.0,0
12.0,4483.0,84.0,197.0,4.0,900.0,70.0,0
5.0,2487.0,16.0,197.0,7.0,890.0,160.0,1
15.0,767.0,162.0,75.0,5.0,720.0,65.0,1
15.0,1619.0,44.0,202.0,6.0,495.0,75.0,0
1.0,1972.0,208.0,233.0,7.0,1040.0,115.0,0
5.0,1476.0,213.0,85.0,5.0,942.0,178.0,0
15.0,219.0,262.0,153.0,4.0,385.0,80.0,0
0.0,4085.0,148.0,43.0,7.0,475.0,104.0,1
15.0,3756.0,154.0,262.0,5.0,375.0,80.0,0
5.0,104.0,16.0,85.0,3.0,445.0,118.0,0
15.0,112.0,217.0,2.0,4.0,525.0,65.0,0
5.0,2118.0,173.0,16.0,6.0,630.0,89.0,0
15.0,247.0,172.0,75.0,7.0,465.0,95.0,1
13.0,628.0,243.0,208.0,1.0,827.0,238.0,0
15.0,703.0,79.0,262.0,3.0,545.0,160.0,1
11.0,6673.0,78.0,146.0,5.0,1175.0,171.0,0
1.0,1181.0,78.0,183.0,4.0,1010.0,170.0,1
12.0,4828.0,253.0,261.0,5.0,1092.0,108.0,1
5.0,576.0,260.0,148.0,6.0,865.0,260.0,0
15.0,3575.0,33.0,172.0,3.0,1030.0,105.0,1
13.0,684.0,208.0,159.0,3.0,840.0,135.0,0
2.0,683.0,208.0,214.0,1.0,1020.0,265.0,1
7.0,834.0,252.0,79.0,3.0,893.0,152.0,1
15.0,819.0,173.0,241.0,6.0,1060.0,50.0,0
16.0,2155.0,197.0,96.0,6.0,537.0,149.0,0
14.0,1616.0,60.0,96.0,7.0,590.0,115.0,0
5.0,2094.0,186.0,16.0,5.0,420.0,113.0,0
11.0,6341.0,234.0,85.0,4.0,360.0,125.0,0
3.0,52.0,173.0,148.0,3.0,360.0,141.0,0
1.0,1051.0,217.0,183.0,1.0,510.0,245.0,0
6.0,7363.0,177.0,146.0,5.0,875.0,61.0,0
8.0,96.0,233.0,16.0,6.0,375.0,85.0,0
13.0,389.0,277.0,208.0,5.0,1005.0,179.0,0
5.0,210.0,153.0,148.0,5.0,420.0,295.0,0
3.0,1056.0,221.0,148.0,3.0,1066.0,104.0,0
12.0,6261.0,279.0,79.0,7.0,961.0,111.0,1
16.0,3024.0,131.0,135.0,6.0,340.0,69.0,0
1.0,795.0,159.0,183.0,4.0,810.0,195.0,0
4.0,1774.0,16.0,135.0,1.0,905.0,135.0,0
4.0,1562.0,135.0,241.0,1.0,819.0,127.0,0
6.0,7120.0,134.0,159.0,7.0,880.0,83.0,0
0.0,4206.0,136.0,16.0,1.0,1035.0,135.0,1
10.0,4469.0,148.0,78.0,6.0,625.0,80.0,0
14.0,2185.0,159.0,78.0,1.0,1080.0,78.0,0
1.0,1234.0,183.0,277.0,5.0,480.0,55.0,0
15.0,1326.0,154.0,258.0,3.0,710.0,65.0,1
8.0,1267.0,32.0,173.0,7.0,629.0,142.0,1
4.0,1589.0,135.0,243.0,4.0,890.0,210.0,1
12.0,6753.0,57.0,154.0,4.0,1172.0,39.0,0
15.0,3411.0,172.0,154.0,1.0,705.0,225.0,1
8.0,1187.0,187.0,173.0,1.0,592.0,155.0,1
5.0,2043.0,96.0,16.0,1.0,435.0,158.0,0
15.0,868.0,153.0,44.0,3.0,1065.0,65.0,1
8.0,178.0,241.0,16.0,4.0,450.0,108.0,0
0.0,3993.0,197.0,112.0,4.0,1180.0,74.0,0
5.0,1794.0,16.0,216.0,6.0,1295.0,124.0,0
5.0,2543.0,96.0,16.0,3.0,820.0,150.0,0
14.0,1776.0,104.0,60.0,6.0,1005.0,117.0,0
15.0,698.0,154.0,129.0,3.0,1050.0,180.0,1
14.0,239.0,253.0,217.0,3.0,935.0,115.0,0
1.0,491.0,80.0,262.0,6.0,745.0,230.0,0
10.0,2922.0,38.0,80.0,4.0,1050.0,95.0,0
16.0,2712.0,135.0,268.0,3.0,930.0,115.0,0
1.0,1448.0,208.0,78.0,4.0,640.0,105.0,0
12.0,6230.0,93.0,214.0,3.0,728.0,41.0,0
11.0,6769.0,16.0,132.0,7.0,672.0,72.0,0
8.0,642.0,184.0,79.0,5.0,733.0,160.0,0
14.0,1780.0,60.0,78.0,4.0,1331.0,71.0,1
12.0,6901.0,54.0,208.0,7.0,766.0,142.0,0
0.0,4171.0,90.0,85.0,4.0,735.0,86.0,1
15.0,1073.0,153.0,243.0,7.0,1105.0,65.0,1
5.0,2978.0,243.0,261.0,6.0,993.0,108.0,1
0.0,4218.0,251.0,197.0,5.0,1145.0,131.0,1
14.0,1453.0,209.0,60.0,7.0,665.0,84.0,1
15.0,1048.0,198.0,75.0,4.0,765.0,85.0,0
8.0,812.0,35.0,45.0,6.0,510.0,95.0,0
15.0,2033.0,155.0,75.0,6.0,550.0,65.0,0
12.0,6675.0,100.0,79.0,1.0,872.0,134.0,1
0.0,4194.0,197.0,32.0,6.0,1025.0,95.0,0
10.0,4605.0,233.0,159.0,3.0,980.0,95.0,0
12.0,6917.0,152.0,208.0,7.0,475.0,71.0,0
12.0,6999.0,170.0,79.0,6.0,849.0,118.0,0
8.0,199.0,78.0,16.0,7.0,880.0,120.0,1
6.0,5455.0,251.0,16.0,3.0,756.0,94.0,0
8.0,661.0,16.0,130.0,7.0,1061.0,138.0,0
5.0,420.0,16.0,217.0,4.0,811.0,257.0,0
3.0,1247.0,35.0,60.0,3.0,1170.0,143.0,0
10.0,3039.0,154.0,100.0,4.0,550.0,60.0,0
12.0,4869.0,177.0,261.0,1.0,395.0,206.0,1
10.0,2729.0,80.0,1.0,6.0,745.0,50.0,0
5.0,2744.0,243.0,197.0,7.0,715.0,219.0,1
16.0,2926.0,16.0,58.0,4.0,1065.0,104.0,1
0.0,3695.0,193.0,197.0,3.0,770.0,80.0,1
2.0,26.0,252.0,208.0,5.0,1075.0,234.0,0
14.0,1270.0,221.0,216.0,6.0,460.0,80.0,0
1.0,500.0,243.0,80.0,7.0,875.0,175.0,1
15.0,838.0,172.0,79.0,1.0,985.0,115.0,1
13.0,22.0,154.0,148.0,3.0,510.0,329.0,1
6.0,5506.0,180.0,16.0,3.0,950.0,64.0,1
8.0,1422.0,139.0,277.0,3.0,1021.0,135.0,0
15.0,851.0,147.0,153.0,4.0,775.0,310.0,0
14.0,192.0,173.0,217.0,1.0,1040.0,288.0,0
11.0,6405.0,120.0,16.0,7.0,370.0,93.0,0
0.0,4390.0,85.0,20.0,7.0,625.0,84.0,0
8.0,1278.0,285.0,173.0,5.0,738.0,97.0,0
1.0,1642.0,268.0,78.0,3.0,740.0,110.0,0
9.0,26.0,128.0,214.0,1.0,940.0,325.0,0
4.0,1611.0,96.0,135.0,5.0,1245.0,244.0,0
6.0,5455.0,251.0,16.0,6.0,756.0,94.0,0
1.0,309.0,159.0,208.0,7.0,479.0,165.0,0
8.0,1081.0,268.0,173.0,6.0,1006.0,138.0,0
8.0,315.0,60.0,16.0,4.0,635.0,72.0,0
10.0,4156.0,273.0,208.0,4.0,1120.0,140.0,0
5.0,2589.0,74.0,16.0,5.0,400.0,92.0,0
6.0,7108.0,229.0,134.0,7.0,330.0,114.0,0
15.0,3086.0,243.0,202.0,6.0,415.0,95.0,0
15.0,3415.0,75.0,268.0,5.0,955.0,100.0,1
11.0,6585.0,17.0,85.0,7.0,1100.0,85.0,0
15.0,1382.0,27.0,45.0,4.0,920.0,115.0,1
5.0,447.0,184.0,85.0,7.0,980.0,70.0,0
12.0,6678.0,253.0,194.0,3.0,810.0,46.0,0
7.0,454.0,184.0,159.0,5.0,485.0,134.0,1
1.0,1114.0,183.0,159.0,6.0,405.0,170.0,0
5.0,1769.0,16.0,173.0,3.0,420.0,82.0,0
9.0,196.0,128.0,203.0,5.0,1135.0,37.0,0
11.0,6518.0,109.0,71.0,5.0,886.0,54.0,0
1.0,1427.0,277.0,80.0,3.0,1110.0,175.0,0
7.0,762.0,153.0,79.0,4.0,587.0,110.0,0
4.0,292.0,96.0,173.0,7.0,420.0,164.0,1
15.0,1427.0,33.0,198.0,4.0,940.0,95.0,0
14.0,69.0,35.0,153.0,7.0,1075.0,365.0,0
14.0,256.0,217.0,216.0,6.0,955.0,258.0,0
16.0,2492.0,233.0,96.0,4.0,1193.0,97.0,0
0.0,3839.0,85.0,17.0,6.0,920.0,84.0,1
16.0,2902.0,135.0,158.0,5.0,1060.0,53.0,1
13.0,669.0,159.0,208.0,1.0,360.0,150.0,0
12.0,6970.0,262.0,253.0,4.0,1022.0,43.0,0
10.0,4447.0,148.0,78.0,7.0,1240.0,80.0,1
4.0,460.0,96.0,244.0,5.0,1175.0,283.0,0
17.0,2856.0,217.0,103.0,3.0,660.0,69.0,0
14.0,2044.0,78.0,35.0,7.0,1110.0,86.0,0
12.0,4858.0,261.0,46.0,5.0,920.0,77.0,0
7.0,143.0,129.0,79.0,3.0,375.0,146.0,0
5.0,1666.0,16.0,223.0,5.0,900.0,75.0,1
15.0,530.0,129.0,79.0,7.0,635.0,150.0,1
12.0,6493.0,214.0,163.0,6.0,976.0,65.0,0
1.0,742.0,80.0,159.0,6.0,985.0,205.0,0
4.0,426.0,135.0,45.0,6.0,1140.0,170.0,1
6.0,5024.0,16.0,11.0,3.0,1055.0,54.0,0
4.0,1434.0,217.0,96.0,6.0,720.0,273.0,0
15.0,55.0,129.0,131.0,5.0,1280.0,60.0,0
13.0,432.0,208.0,60.0,3.0,792.0,114.0,0
1.0,1426.0,243.0,80.0,1.0,575.0,180.0,0
13.0,447.0,216.0,253.0,1.0,1091.0,389.0,1
17.0,2647.0,60.0,33.0,7.0,505.0,82.0,0
3.0,704.0,260.0,148.0,4.0,685.0,243.0,1
16.0,2154.0,155.0,135.0,3.0,790.0,92.0,0
4.0,1635.0,96.0,217.0,4.0,980.0,333.0,0
10.0,4557.0,61.0,159.0,7.0,930.0,105.0,0
5.0,1787.0,45.0,197.0,3.0,1110.0,168.0,0
14.0,57.0,153.0,217.0,7.0,390.0,74.0,0
6.0,5382.0,85.0,278.0,6.0,1195.0,100.0,0
10.0,4028.0,147.0,208.0,6.0,1035.0,170.0,1
5.0,1472.0,277.0,16.0,5.0,676.0,93.0,1
11.0,6758.0,85.0,285.0,4.0,910.0,95.0,0
16.0,2869.0,96.0,71.0,5.0,1200.0,132.0,1
15.0,3504.0,198.0,75.0,4.0,570.0,90.0,1
6.0,5605.0,237.0,16.0,1.0,360.0,86.0,1
12.0,6602.0,253.0,262.0,3.0,1200.0,47.0,1
15.0,763.0,173.0,217.0,5.0,755.0,300.0,1
13.0,302.0,208.0,12.0,7.0,1080.0,115.0,1
1.0,231.0,183.0,154.0,5.0,1080.0,350.0,1
16.0,2660.0,290.0,135.0,5.0,385.0,104.0,0
15.0,2524.0,175.0,129.0,5.0,1240.0,170.0,0
16.0,2418.0,135.0,156.0,5.0,1170.0,50.0,0
1.0,1517.0,80.0,2.0,7.0,945.0,110.0,0
8.0,487.0,45.0,173.0,1.0,760.0,144.0,0
15.0,2336.0,139.0,153.0,6.0,790.0,255.0,0
12.0,3071.0,184.0,205.0,4.0,540.0,84.0,0
5.0,2176.0,173.0,159.0,1.0,560.0,159.0,0
13.0,660.0,153.0,79.0,5.0,501.0,121.0,0
13.0,660.0,153.0,79.0,1.0,501.0,121.0,0
15.0,111.0,217.0,262.0,6.0,1020.0,120.0,1
15.0,1753.0,45.0,147.0,5.0,510.0,130.0,0
13.0,761.0,208.0,253.0,1.0,485.0,285.0,0
15.0,826.0,153.0,214.0,5.0,795.0,140.0,0
14.0,1029.0,60.0,183.0,7.0,865.0,120.0,1
17.0,2614.0,60.0,96.0,7.0,1280.0,100.0,0
2.0,321.0,258.0,252.0,1.0,575.0,125.0,0
4.0,1170.0,208.0,96.0,3.0,945.0,126.0,1
14.0,1021.0,159.0,60.0,1.0,495.0,127.0,0
6.0,5501.0,287.0,16.0,1.0,345.0,62.0,0
4.0,706.0,135.0,277.0,7.0,475.0,120.0,0
13.0,991.0,134.0,208.0,1.0,475.0,127.0,1
5.0,2331.0,159.0,85.0,5.0,1079.0,125.0,0
5.0,1139.0,234.0,16.0,1.0,1047.0,116.0,0
15.0,201.0,129.0,173.0,1.0,475.0,125.0,1
15.0,1004.0,153.0,202.0,1.0,755.0,90.0,1
5.0,2580.0,253.0,16.0,6.0,520.0,271.0,0
10.0,4110.0,174.0,208.0,4.0,450.0,145.0,0
1.0,2462.0,154.0,80.0,6.0,1090.0,170.0,0
12.0,6257.0,279.0,79.0,3.0,733.0,106.0,1
13.0,939.0,79.0,243.0,5.0,1150.0,147.0,0
14.0,1921.0,60.0,147.0,4.0,1215.0,84.0,1
15.0,158.0,129.0,217.0,6.0,695.0,175.0,0
6.0,7332.0,33.0,16.0,4.0,1095.0,76.0,0
5.0,1700.0,16.0,35.0,4.0,525.0,160.0,0
13.0,980.0,208.0,153.0,3.0,501.0,246.0,0
16.0,2395.0,146.0,135.0,1.0,575.0,77.0,1
5.0,2825.0,35.0,197.0,3.0,1090.0,203.0,1
12.0,7766.0,261.0,220.0,3.0,1015.0,64.0,1
15.0,3763.0,45.0,12.0,1.0,1080.0,70.0,1
13.0,475.0,60.0,208.0,6.0,360.0,130.0,0
1.0,562.0,268.0,183.0,4.0,1050.0,160.0,0
5.0,1304.0,60.0,197.0,7.0,676.0,178.0,1
8.0,668.0,130.0,16.0,3.0,1109.0,150.0,1
10.0,3959.0,162.0,208.0,7.0,635.0,110.0,1
0.0,3947.0,85.0,221.0,5.0,828.0,67.0,0
10.0,4400.0,233.0,78.0,5.0,900.0,59.0,0
16.0,2022.0,139.0,96.0,3.0,1100.0,120.0,0
15.0,1874.0,79.0,258.0,6.0,1175.0,165.0,0
7.0,420.0,79.0,16.0,5.0,629.0,174.0,0
6.0,5004.0,201.0,16.0,5.0,992.0,97.0,1
6.0,5598.0,16.0,48.0,3.0,1070.0,99.0,0
17.0,2978.0,253.0,153.0,3.0,420.0,85.0,0
12.0,7005.0,208.0,119.0,5.0,650.0,45.0,1
14.0,1443.0,233.0,60.0,5.0,864.0,66.0,0
15.0,2028.0,75.0,244.0,6.0,1195.0,60.0,0
3.0,173.0,148.0,258.0,7.0,1075.0,397.0,0
11.0,6313.0,119.0,71.0,7.0,690.0,71.0,0
3.0,401.0,35.0,198.0,4.0,672.0,229.0,0
9.0,334.0,128.0,203.0,3.0,915.0,37.0,0
15.0,2459.0,262.0,243.0,1.0,655.0,85.0,1
2.0,258.0,252.0,154.0,6.0,480.0,155.0,1
15.0,1076.0,153.0,205.0,1.0,650.0,160.0,1
15.0,698.0,154.0,129.0,1.0,1050.0,180.0,1
15.0,2545.0,79.0,202.0,5.0,1300.0,165.0,1
14.0,496.0,217.0,79.0,4.0,1355.0,102.0,0
5.0,170.0,153.0,261.0,6.0,728.0,86.0,1
1.0,1720.0,252.0,80.0,1.0,505.0,230.0,0
14.0,1746.0,173.0,216.0,5.0,475.0,142.0,1
3.0,458.0,104.0,35.0,4.0,1165.0,177.0,1
15.0,2397.0,173.0,175.0,5.0,425.0,175.0,0
5.0,79.0,148.0,173.0,4.0,985.0,187.0,0
6.0,5396.0,115.0,16.0,3.0,1076.0,93.0,1
11.0,6295.0,147.0,71.0,7.0,500.0,124.0,0
11.0,6505.0,268.0,85.0,6.0,823.0,101.0,0
15.0,952.0,153.0,175.0,4.0,1155.0,205.0,0
1.0,1673.0,16.0,80.0,7.0,565.0,155.0,0
15.0,3936.0,207.0,153.0,4.0,1200.0,55.0,0
15.0,1681.0,221.0,175.0,3.0,445.0,110.0,0
1.0,1237.0,217.0,80.0,5.0,485.0,135.0,0
12.0,6998.0,208.0,212.0,6.0,1271.0,80.0,0
12.0,6277.0,154.0,252.0,4.0,980.0,164.0,0
10.0,3231.0,13.0,80.0,3.0,1140.0,70.0,1
8.0,360.0,16.0,159.0,6.0,455.0,127.0,0
15.0,2482.0,214.0,79.0,6.0,435.0,145.0,0
5.0,1205.0,197.0,261.0,6.0,430.0,185.0,0
12.0,4647.0,261.0,122.0,5.0,671.0,89.0,0
1.0,1803.0,80.0,153.0,7.0,1015.0,175.0,1
14.0,156.0,202.0,217.0,5.0,555.0,112.0,1
16.0,5932.0,208.0,42.0,6.0,1016.0,120.0,0
5.0,1031.0,139.0,16.0,4.0,742.0,102.0,0
1.0,1983.0,148.0,183.0,1.0,870.0,210.0,0
16.0,5954.0,208.0,43.0,4.0,1269.0,98.0,0
11.0,6265.0,85.0,238.0,4.0,825.0,81.0,0
15.0,2774.0,175.0,244.0,6.0,675.0,185.0,1
6.0,4980.0,16.0,285.0,7.0,1370.0,50.0,0
15.0,59.0,79.0,13.0,1.0,1010.0,70.0,1
1.0,1861.0,78.0,80.0,5.0,910.0,210.0,1
5.0,2814.0,252.0,197.0,4.0,50.0,189.0,0
5.0,1034.0,213.0,16.0,1.0,1061.0,119.0,1
15.0,3492.0,258.0,243.0,7.0,1035.0,80.0,1
6.0,5104.0,16.0,32.0,3.0,645.0,104.0,0
5.0,1099.0,22.0,173.0,4.0,450.0,182.0,0
15.0,2397.0,175.0,172.0,7.0,570.0,90.0,0
1.0,1719.0,268.0,154.0,4.0,830.0,250.0,0
17.0,2775.0,217.0,194.0,4.0,659.0,114.0,1
4.0,1766.0,252.0,135.0,1.0,695.0,248.0,1
0.0,4196.0,197.0,240.0,6.0,680.0,44.0,0
10.0,4368.0,208.0,71.0,5.0,870.0,70.0,0
3.0,339.0,134.0,173.0,4.0,660.0,135.0,0
5.0,1139.0,16.0,27.0,7.0,1245.0,54.0,1
15.0,1952.0,154.0,79.0,3.0,690.0,135.0,1
0.0,3786.0,177.0,108.0,7.0,1160.0,74.0,1
0.0,3692.0,107.0,85.0,6.0,375.0,130.0,1
5.0,1928.0,173.0,85.0,4.0,616.0,163.0,0
12.0,4578.0,258.0,261.0,6.0,984.0,110.0,1
8.0,1173.0,173.0,60.0,5.0,1005.0,95.0,0
15.0,1976.0,172.0,75.0,7.0,1045.0,95.0,1
14.0,659.0,216.0,253.0,1.0,600.0,390.0,1
12.0,6292.0,154.0,194.0,7.0,1131.0,65.0,0
15.0,2982.0,45.0,268.0,7.0,1000.0,145.0,1
3.0,1065.0,148.0,18.0,3.0,756.0,252.0,1
6.0,5383.0,272.0,16.0,7.0,430.0,160.0,0
1.0,1743.0,80.0,172.0,6.0,885.0,90.0,0
12.0,6996.0,79.0,124.0,5.0,1172.0,46.0,0
5.0,2341.0,197.0,205.0,6.0,1175.0,71.0,0
15.0,1535.0,217.0,207.0,6.0,875.0,70.0,1
2.0,374.0,252.0,262.0,6.0,905.0,105.0,0
2.0,673.0,79.0,252.0,6.0,1055.0,177.0,0
15.0,2640.0,153.0,262.0,3.0,925.0,90.0,1
14.0,1023.0,22.0,216.0,7.0,435.0,86.0,0
16.0,2334.0,135.0,245.0,4.0,850.0,121.0,0
7.0,366.0,79.0,184.0,1.0,400.0,133.0,0
6.0,5009.0,27.0,16.0,1.0,405.0,69.0,0
5.0,1897.0,216.0,197.0,1.0,867.0,181.0,0
16.0,5929.0,208.0,136.0,5.0,740.0,114.0,0
13.0,663.0,78.0,79.0,1.0,1044.0,247.0,0
5.0,2235.0,85.0,197.0,6.0,1045.0,120.0,1
6.0,5485.0,174.0,16.0,3.0,645.0,130.0,0
5.0,2995.0,33.0,16.0,1.0,330.0,67.0,0
8.0,829.0,267.0,184.0,4.0,1114.0,160.0,0
5.0,1903.0,16.0,153.0,7.0,810.0,270.0,0
5.0,2110.0,16.0,61.0,3.0,1035.0,94.0,1
6.0,5407.0,16.0,11.0,6.0,1310.0,56.0,1
15.0,857.0,45.0,141.0,4.0,715.0,60.0,1
14.0,1488.0,60.0,35.0,7.0,970.0,120.0,0
15.0,1202.0,22.0,175.0,4.0,1010.0,160.0,1
15.0,1451.0,154.0,217.0,5.0,790.0,75.0,0
12.0,6240.0,253.0,207.0,5.0,1205.0,76.0,0
13.0,457.0,154.0,253.0,7.0,800.0,92.0,0
14.0,375.0,60.0,233.0,3.0,575.0,50.0,0
15.0,410.0,61.0,175.0,5.0,365.0,70.0,1
15.0,1769.0,33.0,172.0,1.0,500.0,105.0,1
12.0,6891.0,79.0,196.0,3.0,1114.0,126.0,1
15.0,3499.0,173.0,228.0,4.0,670.0,155.0,0
15.0,589.0,243.0,153.0,3.0,1195.0,70.0,1
1.0,1159.0,80.0,65.0,3.0,1090.0,115.0,1
15.0,1117.0,129.0,175.0,1.0,590.0,145.0,0
10.0,2855.0,80.0,129.0,5.0,795.0,70.0,0
10.0,3681.0,120.0,183.0,6.0,825.0,130.0,0
13.0,103.0,79.0,262.0,6.0,708.0,162.0,0
15.0,1584.0,43.0,45.0,7.0,1040.0,70.0,1
4.0,1431.0,35.0,58.0,4.0,1070.0,126.0,1
10.0,2909.0,80.0,285.0,4.0,1110.0,115.0,1
15.0,890.0,243.0,253.0,7.0,1215.0,90.0,1
4.0,151.0,233.0,135.0,5.0,365.0,180.0,0
1.0,1700.0,183.0,260.0,5.0,875.0,145.0,1
17.0,2602.0,245.0,60.0,5.0,420.0,72.0,0
15.0,1255.0,2.0,217.0,7.0,815.0,75.0,1
14.0,122.0,217.0,184.0,7.0,610.0,211.0,1
15.0,1566.0,18.0,75.0,7.0,710.0,55.0,0
12.0,6841.0,208.0,82.0,4.0,1318.0,87.0,1
16.0,2701.0,135.0,2.0,3.0,1080.0,135.0,0
10.0,3074.0,154.0,236.0,1.0,365.0,90.0,0
12.0,6750.0,208.0,16.0,1.0,365.0,124.0,1
5.0,1272.0,16.0,267.0,5.0,525.0,102.0,0
0.0,3669.0,177.0,135.0,6.0,560.0,120.0,0
15.0,2292.0,202.0,207.0,7.0,580.0,70.0,1
6.0,5418.0,11.0,16.0,1.0,1077.0,68.0,0
15.0,268.0,264.0,153.0,4.0,825.0,65.0,1
13.0,305.0,253.0,154.0,3.0,1018.0,90.0,0
6.0,5255.0,90.0,85.0,4.0,375.0,98.0,0
15.0,464.0,175.0,85.0,1.0,695.0,65.0,1
15.0,2697.0,129.0,244.0,3.0,905.0,55.0,1
6.0,5067.0,16.0,190.0,1.0,665.0,84.0,0
8.0,618.0,184.0,198.0,6.0,805.0,135.0,0
8.0,923.0,172.0,16.0,7.0,390.0,125.0,0
4.0,88.0,96.0,135.0,6.0,1147.0,232.0,0
15.0,903.0,172.0,175.0,3.0,1015.0,85.0,1
6.0,5519.0,147.0,78.0,6.0,720.0,112.0,0
13.0,50.0,80.0,208.0,4.0,1044.0,136.0,0
12.0,6302.0,154.0,227.0,3.0,868.0,51.0,0
17.0,2632.0,60.0,228.0,7.0,870.0,114.0,0
15.0,414.0,153.0,262.0,4.0,1065.0,90.0,0
15.0,731.0,79.0,216.0,5.0,670.0,220.0,0
6.0,4985.0,200.0,16.0,7.0,702.0,87.0,0
15.0,474.0,45.0,209.0,4.0,690.0,50.0,0
14.0,700.0,154.0,216.0,5.0,390.0,300.0,0
9.0,108.0,128.0,150.0,6.0,302.0,41.0,0
3.0,1200.0,241.0,43.0,7.0,1235.0,162.0,0
6.0,5430.0,16.0,19.0,7.0,1312.0,60.0,0
15.0,914.0,277.0,129.0,5.0,705.0,150.0,0
14.0,1628.0,173.0,216.0,7.0,375.0,143.0,1
15.0,1569.0,217.0,236.0,3.0,920.0,110.0,1
1.0,1825.0,208.0,253.0,7.0,985.0,280.0,1
15.0,1341.0,27.0,175.0,6.0,925.0,110.0,1
15.0,1140.0,129.0,91.0,1.0,530.0,120.0,0
12.0,4664.0,112.0,197.0,6.0,890.0,80.0,1
3.0,98.0,79.0,148.0,6.0,59.0,213.0,1
13.0,219.0,173.0,134.0,4.0,719.0,131.0,0
1.0,355.0,80.0,207.0,4.0,1010.0,195.0,1
9.0,343.0,128.0,161.0,3.0,710.0,37.0,0
6.0,5379.0,16.0,162.0,1.0,1035.0,102.0,1
11.0,6343.0,85.0,22.0,7.0,915.0,105.0,1
1.0,1577.0,183.0,208.0,6.0,540.0,200.0,1
11.0,6439.0,71.0,135.0,6.0,990.0,173.0,1
1.0,1210.0,208.0,35.0,1.0,725.0,125.0,0
16.0,2776.0,58.0,35.0,1.0,395.0,95.0,0
4.0,1834.0,96.0,252.0,7.0,725.0,369.0,1
14.0,1728.0,173.0,60.0,6.0,835.0,95.0,1
8.0,1946.0,16.0,104.0,7.0,1155.0,110.0,1
6.0,5254.0,16.0,174.0,1.0,895.0,110.0,1
6.0,4942.0,16.0,0.0,7.0,1215.0,112.0,0
15.0,1760.0,129.0,279.0,5.0,865.0,80.0,1
13.0,353.0,154.0,153.0,4.0,380.0,80.0,0
10.0,4222.0,208.0,285.0,3.0,1005.0,95.0,1
12.0,6264.0,100.0,253.0,7.0,859.0,54.0,1
17.0,2625.0,233.0,60.0,4.0,556.0,68.0,0
1.0,1648.0,264.0,80.0,4.0,405.0,185.0,0
1.0,356.0,208.0,159.0,4.0,995.0,130.0,1
5.0,2904.0,154.0,277.0,1.0,630.0,272.0,1
13.0,908.0,79.0,208.0,5.0,755.0,143.0,0
1.0,1900.0,80.0,78.0,6.0,1295.0,155.0,0
0.0,3970.0,27.0,177.0,1.0,390.0,68.0,0
5.0,1650.0,197.0,216.0,7.0,925.0,165.0,1
13.0,380.0,198.0,134.0,7.0,1057.0,150.0,1
16.0,2867.0,204.0,135.0,4.0,1125.0,82.0,0
3.0,595.0,130.0,173.0,5.0,934.0,166.0,0
6.0,5167.0,177.0,158.0,5.0,1160.0,84.0,0
2.0,245.0,154.0,252.0,6.0,1260.0,160.0,0
16.0,2006.0,120.0,96.0,6.0,366.0,87.0,0
5.0,1122.0,241.0,16.0,5.0,670.0,105.0,0
0.0,3652.0,16.0,273.0,1.0,595.0,138.0,1
5.0,2590.0,261.0,217.0,6.0,840.0,98.0,0
8.0,105.0,16.0,80.0,7.0,814.0,145.0,0
13.0,262.0,252.0,134.0,7.0,1412.0,291.0,0
2.0,2.0,252.0,78.0,3.0,855.0,284.0,1
14.0,1684.0,104.0,60.0,1.0,505.0,115.0,0
5.0,1438.0,16.0,78.0,4.0,1295.0,100.0,0
15.0,1333.0,162.0,153.0,5.0,1010.0,215.0,0
15.0,1234.0,214.0,202.0,5.0,615.0,100.0,0
12.0,6819.0,79.0,127.0,3.0,1306.0,114.0,0
10.0,4108.0,208.0,147.0,3.0,480.0,145.0,0
14.0,1904.0,60.0,221.0,1.0,480.0,85.0,1
15.0,1101.0,44.0,202.0,3.0,1115.0,70.0,1
3.0,1109.0,148.0,233.0,7.0,1310.0,103.0,1
14.0,2160.0,78.0,159.0,3.0,420.0,81.0,0
16.0,2167.0,135.0,280.0,6.0,583.0,153.0,0
12.0,6728.0,34.0,79.0,7.0,824.0,105.0,0
12.0,4554.0,122.0,261.0,5.0,380.0,88.0,1
11.0,6319.0,233.0,35.0,7.0,975.0,120.0,0
4.0,1492.0,135.0,61.0,5.0,1165.0,153.0,0
0.0,3975.0,16.0,177.0,6.0,1040.0,89.0,0
13.0,53.0,148.0,154.0,1.0,690.0,375.0,0
14.0,1820.0,200.0,60.0,7.0,1075.0,63.0,1
6.0,5374.0,48.0,16.0,7.0,360.0,109.0,0
10.0,4430.0,233.0,78.0,5.0,815.0,55.0,0
15.0,2116.0,277.0,33.0,5.0,780.0,110.0,1
16.0,2190.0,182.0,96.0,3.0,401.0,79.0,0
9.0,126.0,128.0,203.0,5.0,670.0,37.0,0
8.0,67.0,134.0,16.0,5.0,974.0,115.0,0
15.0,1797.0,277.0,18.0,6.0,750.0,165.0,1
6.0,7075.0,85.0,134.0,3.0,360.0,90.0,1
14.0,163.0,243.0,60.0,7.0,675.0,267.0,1
12.0,7051.0,253.0,6.0,1.0,959.0,79.0,0
0.0,3837.0,85.0,157.0,1.0,925.0,79.0,1
13.0,494.0,84.0,208.0,1.0,360.0,80.0,0
16.0,2066.0,234.0,135.0,5.0,845.0,200.0,0
8.0,118.0,277.0,16.0,5.0,654.0,95.0,0
10.0,4527.0,78.0,233.0,4.0,990.0,65.0,0
10.0,4023.0,208.0,174.0,3.0,1170.0,105.0,0
0.0,4036.0,71.0,78.0,5.0,690.0,86.0,0
15.0,652.0,277.0,213.0,6.0,560.0,55.0,0
11.0,6636.0,233.0,35.0,4.0,1170.0,122.0,0
11.0,6338.0,120.0,16.0,5.0,315.0,93.0,0
16.0,5940.0,208.0,238.0,5.0,606.0,95.0,0
12.0,6451.0,154.0,263.0,4.0,1313.0,55.0,0
13.0,108.0,208.0,153.0,5.0,1090.0,247.0,0
15.0,2012.0,258.0,44.0,1.0,700.0,60.0,1
15.0,430.0,27.0,198.0,4.0,1030.0,70.0,1
14.0,750.0,183.0,216.0,4.0,820.0,173.0,0
13.0,189.0,208.0,243.0,1.0,507.0,259.0,1
6.0,5071.0,132.0,16.0,5.0,500.0,70.0,0
10.0,3399.0,80.0,157.0,4.0,790.0,125.0,1
13.0,129.0,208.0,154.0,4.0,1235.0,269.0,0
11.0,6588.0,85.0,47.0,4.0,615.0,116.0,0
6.0,5127.0,16.0,132.0,3.0,764.0,56.0,0
4.0,1834.0,96.0,252.0,1.0,725.0,369.0,1
0.0,3974.0,281.0,85.0,1.0,390.0,82.0,1
5.0,2076.0,173.0,159.0,6.0,690.0,152.0,0
6.0,5213.0,52.0,16.0,4.0,1043.0,52.0,0
15.0,1178.0,75.0,268.0,1.0,435.0,95.0,1
16.0,5898.0,237.0,208.0,3.0,1059.0,116.0,1
12.0,6533.0,137.0,79.0,4.0,1030.0,89.0,0
5.0,2816.0,153.0,85.0,6.0,360.0,234.0,0
8.0,1048.0,241.0,78.0,7.0,707.0,133.0,0
0.0,4087.0,148.0,209.0,7.0,1200.0,125.0,1
6.0,5343.0,16.0,204.0,7.0,535.0,143.0,0
5.0,240.0,183.0,16.0,4.0,767.0,117.0,0
6.0,5208.0,78.0,35.0,4.0,535.0,93.0,0
10.0,2987.0,11.0,80.0,5.0,990.0,175.0,0
10.0,4236.0,177.0,208.0,5.0,455.0,120.0,0
11.0,6744.0,61.0,78.0,1.0,660.0,82.0,0
3.0,117.0,148.0,198.0,1.0,415.0,204.0,0
10.0,4136.0,148.0,139.0,6.0,1020.0,145.0,0
2.0,516.0,252.0,264.0,7.0,1110.0,160.0,0
7.0,261.0,264.0,79.0,4.0,900.0,136.0,0
15.0,494.0,85.0,268.0,7.0,555.0,105.0,0
1.0,477.0,80.0,2.0,4.0,845.0,110.0,0
14.0,1057.0,22.0,60.0,4.0,885.0,136.0,0
12.0,6923.0,253.0,6.0,7.0,1138.0,78.0,1
5.0,2843.0,96.0,16.0,6.0,1080.0,157.0,0
15.0,1006.0,2.0,91.0,5.0,650.0,55.0,0
5.0,2861.0,16.0,280.0,1.0,674.0,258.0,1
12.0,6687.0,253.0,194.0,5.0,632.0,46.0,1
13.0,263.0,154.0,253.0,3.0,1355.0,84.0,0
15.0,595.0,44.0,258.0,4.0,430.0,65.0,0
11.0,6442.0,85.0,234.0,4.0,1305.0,101.0,0
17.0,2826.0,160.0,217.0,5.0,585.0,81.0,0
12.0,3099.0,205.0,184.0,1.0,349.0,81.0,0
14.0,1817.0,35.0,216.0,5.0,570.0,95.0,0
15.0,690.0,12.0,173.0,4.0,850.0,190.0,1
11.0,6574.0,148.0,58.0,3.0,1075.0,131.0,0
15.0,2049.0,153.0,280.0,5.0,925.0,70.0,0
15.0,216.0,154.0,217.0,4.0,645.0,75.0,0
5.0,2728.0,236.0,261.0,6.0,385.0,92.0,1
7.0,834.0,252.0,79.0,1.0,893.0,152.0,0
16.0,5924.0,208.0,60.0,7.0,666.0,109.0,0
1.0,1999.0,96.0,183.0,6.0,985.0,205.0,0
15.0,517.0,85.0,217.0,7.0,855.0,280.0,1
10.0,3851.0,208.0,16.0,7.0,635.0,120.0,1
15.0,1199.0,175.0,205.0,1.0,800.0,90.0,1
1.0,865.0,18.0,80.0,3.0,655.0,65.0,0
0.0,4324.0,78.0,148.0,4.0,360.0,82.0,0
1.0,1287.0,80.0,207.0,1.0,580.0,190.0,0
3.0,1263.0,35.0,18.0,1.0,530.0,280.0,0
16.0,2783.0,285.0,135.0,6.0,385.0,140.0,0
15.0,1532.0,153.0,202.0,4.0,1260.0,85.0,0
0.0,4324.0,78.0,148.0,5.0,360.0,82.0,0
4.0,1853.0,58.0,241.0,7.0,540.0,159.0,0
15.0,48.0,129.0,75.0,4.0,1080.0,60.0,1
13.0,844.0,252.0,253.0,3.0,728.0,136.0,0
13.0,631.0,78.0,208.0,4.0,1185.0,132.0,0
5.0,1173.0,60.0,16.0,3.0,573.0,86.0,1
16.0,2530.0,120.0,96.0,7.0,855.0,104.0,0
8.0,560.0,16.0,32.0,4.0,984.0,101.0,0
15.0,2803.0,134.0,175.0,5.0,610.0,120.0,1
11.0,6579.0,233.0,159.0,6.0,900.0,101.0,0
11.0,6571.0,85.0,209.0,5.0,1065.0,111.0,0
5.0,1915.0,16.0,217.0,3.0,1300.0,259.0,0
0.0,3715.0,175.0,85.0,4.0,1100.0,86.0,1
15.0,1736.0,202.0,154.0,6.0,455.0,75.0,1
15.0,760.0,154.0,91.0,5.0,845.0,110.0,0
4.0,380.0,153.0,58.0,5.0,915.0,235.0,1
13.0,147.0,243.0,253.0,3.0,431.0,101.0,0
1.0,1402.0,80.0,60.0,3.0,1190.0,140.0,0
3.0,1417.0,18.0,160.0,5.0,1050.0,195.0,0
3.0,1404.0,253.0,18.0,4.0,960.0,201.0,0
10.0,2732.0,181.0,80.0,6.0,725.0,90.0,1
16.0,2112.0,268.0,96.0,3.0,745.0,149.0,0
16.0,2866.0,184.0,96.0,5.0,795.0,137.0,1
16.0,2003.0,268.0,96.0,7.0,798.0,149.0,0
12.0,4775.0,243.0,154.0,4.0,730.0,49.0,1
5.0,1786.0,16.0,159.0,3.0,580.0,148.0,0
3.0,326.0,104.0,22.0,5.0,1123.0,172.0,0
5.0,1326.0,233.0,16.0,6.0,1035.0,95.0,0
1.0,1580.0,80.0,78.0,3.0,985.0,155.0,1
0.0,3970.0,27.0,177.0,6.0,390.0,68.0,0
11.0,6375.0,16.0,120.0,6.0,1040.0,73.0,0
1.0,2368.0,80.0,208.0,1.0,1090.0,140.0,0
5.0,1482.0,145.0,261.0,7.0,795.0,63.0,1
4.0,240.0,18.0,135.0,6.0,345.0,53.0,0
9.0,301.0,143.0,128.0,4.0,887.0,49.0,0
2.0,638.0,252.0,217.0,6.0,935.0,178.0,0
0.0,4297.0,85.0,162.0,7.0,935.0,143.0,1
15.0,1414.0,75.0,198.0,5.0,580.0,75.0,1
5.0,105.0,85.0,16.0,1.0,930.0,132.0,1
5.0,131.0,16.0,241.0,7.0,985.0,100.0,1
15.0,1142.0,198.0,45.0,1.0,480.0,140.0,0
14.0,1275.0,78.0,173.0,3.0,910.0,141.0,0
15.0,1023.0,75.0,244.0,3.0,920.0,65.0,1
1.0,803.0,80.0,183.0,6.0,540.0,155.0,0
13.0,128.0,208.0,216.0,1.0,793.0,131.0,0
15.0,2116.0,277.0,33.0,7.0,780.0,110.0,0
12.0,4713.0,230.0,261.0,4.0,370.0,104.0,0
2.0,36.0,252.0,197.0,3.0,425.0,199.0,0
4.0,800.0,104.0,96.0,6.0,910.0,180.0,0
3.0,586.0,104.0,130.0,6.0,1245.0,167.0,0
15.0,2354.0,45.0,175.0,6.0,715.0,130.0,1
5.0,2208.0,16.0,134.0,6.0,730.0,104.0,0
10.0,3614.0,58.0,183.0,4.0,390.0,185.0,0
4.0,649.0,253.0,96.0,3.0,915.0,316.0,1
5.0,1126.0,116.0,16.0,5.0,654.0,78.0,0
4.0,335.0,243.0,135.0,7.0,890.0,182.0,1
1.0,1277.0,45.0,80.0,5.0,775.0,220.0,0
16.0,2444.0,197.0,58.0,7.0,1089.0,100.0,0
15.0,500.0,202.0,243.0,7.0,420.0,85.0,0
5.0,2543.0,16.0,267.0,5.0,1015.0,94.0,1
15.0,225.0,268.0,172.0,3.0,820.0,65.0,1
0.0,4297.0,85.0,162.0,4.0,935.0,143.0,0
17.0,2734.0,217.0,160.0,7.0,1068.0,80.0,0
15.0,1500.0,216.0,173.0,7.0,560.0,160.0,1
8.0,1485.0,85.0,173.0,1.0,839.0,156.0,0
10.0,2916.0,80.0,288.0,6.0,485.0,110.0,1
6.0,7315.0,121.0,16.0,5.0,682.0,58.0,0
5.0,1932.0,147.0,16.0,1.0,510.0,89.0,0
10.0,2873.0,80.0,188.0,3.0,550.0,65.0,0
5.0,1436.0,85.0,45.0,5.0,1050.0,98.0,0
15.0,851.0,153.0,154.0,5.0,935.0,65.0,0
0.0,4066.0,85.0,119.0,5.0,1175.0,58.0,0
14.0,2045.0,35.0,78.0,5.0,1080.0,97.0,0
16.0,2793.0,135.0,172.0,4.0,835.0,113.0,1
15.0,3107.0,175.0,172.0,6.0,1040.0,90.0,1
5.0,1645.0,78.0,85.0,4.0,588.0,99.0,0
5.0,2218.0,197.0,85.0,1.0,690.0,110.0,1
6.0,5050.0,48.0,85.0,3.0,1029.0,70.0,1
15.0,2280.0,233.0,104.0,3.0,650.0,125.0,1
12.0,6965.0,195.0,208.0,5.0,380.0,55.0,0
0.0,3739.0,32.0,197.0,7.0,1145.0,95.0,0
16.0,2451.0,268.0,96.0,6.0,875.0,147.0,0
14.0,24.0,217.0,154.0,7.0,515.0,85.0,0
16.0,2659.0,58.0,80.0,4.0,1010.0,180.0,0
5.0,1023.0,16.0,267.0,5.0,821.0,92.0,0
5.0,2802.0,183.0,85.0,6.0,480.0,189.0,0
13.0,328.0,154.0,79.0,4.0,435.0,152.0,0
1.0,1629.0,234.0,80.0,1.0,420.0,215.0,0
11.0,6374.0,16.0,208.0,6.0,580.0,132.0,1
12.0,4775.0,243.0,154.0,3.0,730.0,49.0,0
14.0,1937.0,216.0,213.0,7.0,605.0,175.0,1
14.0,894.0,60.0,16.0,7.0,1215.0,80.0,0
15.0,452.0,170.0,75.0,4.0,400.0,70.0,0
16.0,2192.0,135.0,170.0,5.0,1275.0,85.0,0
8.0,136.0,147.0,45.0,1.0,480.0,105.0,0
8.0,920.0,16.0,172.0,3.0,1255.0,134.0,0
11.0,6458.0,233.0,35.0,5.0,765.0,124.0,0
5.0,2419.0,197.0,258.0,4.0,1045.0,252.0,1
15.0,993.0,253.0,264.0,1.0,670.0,85.0,1
15.0,2807.0,207.0,153.0,4.0,630.0,60.0,0
5.0,1258.0,16.0,147.0,4.0,645.0,78.0,0
14.0,1888.0,216.0,35.0,5.0,1155.0,85.0,1
5.0,2173.0,16.0,183.0,5.0,650.0,115.0,0
9.0,20.0,128.0,262.0,7.0,855.0,310.0,0
15.0,1402.0,277.0,141.0,1.0,550.0,155.0,0
2.0,478.0,252.0,154.0,3.0,1185.0,155.0,1
0.0,3836.0,205.0,85.0,1.0,355.0,145.0,1
12.0,6611.0,79.0,217.0,3.0,695.0,111.0,0
12.0,6617.0,208.0,76.0,7.0,626.0,60.0,0
4.0,1086.0,135.0,173.0,5.0,960.0,134.0,1
11.0,6681.0,216.0,85.0,4.0,878.0,117.0,1
15.0,827.0,18.0,91.0,4.0,825.0,100.0,1
12.0,6970.0,262.0,253.0,6.0,1020.0,43.0,0
5.0,170.0,153.0,261.0,7.0,728.0,86.0,1
13.0,544.0,153.0,253.0,7.0,988.0,102.0,1
16.0,2499.0,135.0,2.0,6.0,785.0,125.0,0
1.0,1030.0,198.0,80.0,6.0,835.0,100.0,0
5.0,1682.0,119.0,16.0,4.0,705.0,125.0,1
8.0,1435.0,215.0,35.0,3.0,381.0,89.0,1
4.0,1757.0,135.0,16.0,4.0,795.0,121.0,0
6.0,5602.0,19.0,16.0,4.0,991.0,65.0,1
1.0,2332.0,208.0,216.0,4.0,750.0,115.0,0
5.0,1110.0,85.0,233.0,7.0,825.0,103.0,0
10.0,3045.0,79.0,154.0,6.0,950.0,150.0,0
13.0,794.0,208.0,43.0,1.0,853.0,97.0,0
5.0,2618.0,173.0,16.0,1.0,1050.0,101.0,0
3.0,204.0,253.0,160.0,3.0,420.0,82.0,0
14.0,1203.0,60.0,135.0,3.0,1085.0,170.0,0
1.0,539.0,173.0,80.0,5.0,925.0,180.0,1
15.0,1466.0,277.0,213.0,7.0,1220.0,50.0,1
10.0,2704.0,80.0,195.0,6.0,700.0,130.0,1
13.0,860.0,134.0,35.0,7.0,519.0,96.0,0
13.0,604.0,208.0,78.0,4.0,477.0,111.0,0
10.0,3263.0,80.0,118.0,4.0,1295.0,50.0,0
1.0,1886.0,260.0,183.0,5.0,735.0,165.0,0
15.0,1159.0,261.0,202.0,3.0,1205.0,125.0,1
12.0,4771.0,208.0,261.0,6.0,450.0,205.0,1
15.0,1844.0,216.0,104.0,6.0,480.0,180.0,1
5.0,1393.0,35.0,159.0,5.0,990.0,73.0,0
15.0,146.0,202.0,153.0,3.0,795.0,85.0,0
8.0,802.0,35.0,45.0,3.0,865.0,85.0,1
14.0,1696.0,60.0,22.0,6.0,705.0,117.0,0
15.0,3773.0,153.0,217.0,4.0,470.0,70.0,1
4.0,696.0,153.0,135.0,1.0,870.0,173.0,0
15.0,2719.0,244.0,175.0,7.0,450.0,155.0,0
10.0,4360.0,208.0,85.0,1.0,580.0,85.0,1
15.0,11.0,129.0,268.0,1.0,650.0,110.0,1
12.0,6544.0,79.0,15.0,4.0,606.0,45.0,0
15.0,988.0,204.0,75.0,4.0,1205.0,50.0,0
16.0,2275.0,213.0,135.0,4.0,890.0,170.0,0
15.0,226.0,173.0,216.0,4.0,495.0,145.0,0
14.0,55.0,216.0,208.0,4.0,1235.0,138.0,1
15.0,100.0,141.0,104.0,3.0,460.0,185.0,0
16.0,5946.0,251.0,208.0,3.0,806.0,82.0,1
1.0,2353.0,96.0,208.0,4.0,1020.0,170.0,0
16.0,2566.0,261.0,135.0,4.0,855.0,176.0,0
0.0,4269.0,162.0,85.0,5.0,1050.0,134.0,1
10.0,4021.0,208.0,62.0,7.0,720.0,50.0,1
14.0,700.0,154.0,216.0,1.0,390.0,300.0,0
12.0,6694.0,194.0,253.0,5.0,1267.0,37.0,0
15.0,2061.0,154.0,258.0,6.0,955.0,65.0,0
2.0,677.0,79.0,252.0,6.0,480.0,175.0,0
16.0,2080.0,2.0,135.0,7.0,978.0,119.0,0
6.0,7325.0,16.0,27.0,3.0,1050.0,57.0,1
12.0,6340.0,19.0,208.0,6.0,990.0,109.0,1
16.0,2783.0,285.0,135.0,4.0,363.0,142.0,0
0.0,4321.0,116.0,177.0,3.0,985.0,84.0,0
13.0,350.0,208.0,234.0,1.0,792.0,119.0,0
2.0,183.0,14.0,98.0,6.0,610.0,61.0,1
15.0,1190.0,153.0,170.0,6.0,1050.0,125.0,0
10.0,3644.0,177.0,183.0,4.0,810.0,145.0,0
10.0,4124.0,139.0,148.0,6.0,715.0,124.0,1
4.0,423.0,135.0,198.0,4.0,1165.0,71.0,1
15.0,3077.0,264.0,202.0,1.0,490.0,80.0,1
5.0,2921.0,139.0,197.0,7.0,410.0,115.0,0
12.0,4823.0,261.0,100.0,5.0,751.0,95.0,0
15.0,3331.0,18.0,153.0,7.0,1195.0,185.0,1
15.0,464.0,216.0,175.0,7.0,575.0,150.0,0
7.0,618.0,79.0,139.0,4.0,690.0,137.0,0
15.0,413.0,154.0,33.0,1.0,775.0,230.0,1
11.0,6552.0,52.0,85.0,3.0,590.0,99.0,1
7.0,795.0,79.0,214.0,5.0,760.0,164.0,0
10.0,3877.0,216.0,208.0,4.0,635.0,145.0,1
6.0,7323.0,32.0,16.0,3.0,360.0,115.0,0
8.0,897.0,159.0,139.0,4.0,1019.0,135.0,0
1.0,685.0,183.0,135.0,7.0,910.0,175.0,0
14.0,547.0,80.0,217.0,3.0,900.0,156.0,0
1.0,1576.0,18.0,80.0,4.0,1005.0,65.0,1
1.0,578.0,80.0,244.0,3.0,895.0,65.0,1
15.0,3415.0,202.0,243.0,5.0,455.0,85.0,0
15.0,45.0,268.0,75.0,5.0,920.0,105.0,1
1.0,2238.0,208.0,183.0,4.0,740.0,185.0,1
1.0,1475.0,80.0,153.0,5.0,800.0,190.0,0
13.0,153.0,208.0,253.0,5.0,1121.0,297.0,0
0.0,3775.0,85.0,281.0,1.0,525.0,68.0,0
1.0,1915.0,172.0,80.0,4.0,570.0,105.0,0
5.0,2824.0,197.0,233.0,7.0,1145.0,146.0,1
5.0,1681.0,96.0,85.0,3.0,1182.0,120.0,1
15.0,1722.0,182.0,173.0,6.0,765.0,205.0,1
15.0,414.0,45.0,268.0,7.0,805.0,145.0,1
12.0,6315.0,34.0,253.0,6.0,360.0,112.0,0
12.0,4540.0,261.0,196.0,1.0,585.0,92.0,0
15.0,1027.0,75.0,198.0,1.0,695.0,80.0,1
6.0,7307.0,35.0,85.0,4.0,420.0,150.0,0
16.0,2220.0,256.0,135.0,1.0,420.0,62.0,0
13.0,96.0,214.0,253.0,5.0,577.0,117.0,0
5.0,2736.0,217.0,177.0,5.0,550.0,182.0,0
12.0,4646.0,261.0,268.0,6.0,585.0,165.0,1
12.0,6468.0,184.0,79.0,4.0,1111.0,170.0,0
1.0,787.0,159.0,80.0,4.0,1125.0,250.0,0
0.0,3880.0,177.0,157.0,5.0,1165.0,76.0,0
1.0,485.0,208.0,279.0,6.0,1235.0,115.0,1
15.0,1268.0,35.0,45.0,1.0,405.0,110.0,0
12.0,6433.0,154.0,100.0,6.0,1357.0,57.0,1
6.0,5359.0,16.0,190.0,7.0,975.0,83.0,1
15.0,838.0,172.0,79.0,7.0,985.0,115.0,1
17.0,2607.0,174.0,60.0,1.0,425.0,102.0,0
7.0,319.0,78.0,184.0,1.0,375.0,130.0,1
12.0,6282.0,144.0,154.0,4.0,741.0,56.0,0
15.0,1289.0,175.0,159.0,3.0,1195.0,125.0,1
10.0,2752.0,80.0,109.0,5.0,640.0,130.0,0
13.0,225.0,134.0,253.0,7.0,1322.0,357.0,0
16.0,5901.0,195.0,208.0,1.0,560.0,56.0,1
15.0,181.0,153.0,264.0,1.0,730.0,70.0,1
15.0,151.0,262.0,243.0,7.0,810.0,85.0,1
1.0,527.0,35.0,183.0,4.0,640.0,215.0,0
15.0,3322.0,277.0,228.0,3.0,1235.0,165.0,1
1.0,231.0,183.0,154.0,1.0,1080.0,350.0,1
10.0,2804.0,279.0,80.0,1.0,545.0,70.0,0
5.0,1035.0,134.0,16.0,3.0,575.0,115.0,1
4.0,496.0,153.0,135.0,7.0,695.0,175.0,0
10.0,3082.0,243.0,154.0,1.0,1020.0,45.0,1
13.0,499.0,173.0,134.0,4.0,1119.0,130.0,1
11.0,6457.0,71.0,184.0,4.0,565.0,88.0,0
17.0,2607.0,174.0,60.0,7.0,425.0,102.0,0
14.0,185.0,236.0,217.0,5.0,755.0,100.0,0
1.0,1230.0,252.0,80.0,5.0,1410.0,215.0,0
15.0,2968.0,217.0,243.0,7.0,1130.0,65.0,1
11.0,6285.0,56.0,85.0,3.0,820.0,97.0,1
11.0,6629.0,85.0,134.0,4.0,450.0,98.0,0
16.0,2704.0,177.0,135.0,7.0,562.0,104.0,0
13.0,271.0,216.0,79.0,5.0,1032.0,263.0,0
3.0,1016.0,148.0,35.0,3.0,1075.0,76.0,0
15.0,2839.0,58.0,175.0,6.0,450.0,85.0,1
14.0,493.0,217.0,79.0,3.0,1190.0,110.0,0
17.0,7247.0,134.0,16.0,5.0,737.0,116.0,0
5.0,2190.0,223.0,16.0,4.0,450.0,79.0,1
12.0,6857.0,208.0,205.0,7.0,1028.0,98.0,0
15.0,771.0,153.0,202.0,1.0,970.0,95.0,0
0.0,4086.0,281.0,197.0,3.0,776.0,100.0,1
1.0,1333.0,35.0,80.0,4.0,1255.0,255.0,0
14.0,1522.0,60.0,216.0,1.0,980.0,106.0,1
6.0,5604.0,146.0,177.0,1.0,1000.0,60.0,0
15.0,2446.0,44.0,262.0,6.0,550.0,80.0,1
6.0,5015.0,16.0,132.0,4.0,1373.0,55.0,0
1.0,269.0,148.0,252.0,7.0,1125.0,385.0,1
5.0,1278.0,16.0,175.0,6.0,730.0,115.0,1
15.0,2526.0,44.0,202.0,1.0,465.0,75.0,0
11.0,6443.0,22.0,71.0,1.0,804.0,146.0,1
6.0,5503.0,129.0,16.0,6.0,465.0,118.0,0
5.0,1500.0,172.0,85.0,5.0,485.0,115.0,0
15.0,3836.0,154.0,153.0,3.0,805.0,65.0,1
3.0,146.0,213.0,148.0,4.0,360.0,152.0,0
15.0,3339.0,154.0,202.0,7.0,1170.0,75.0,1
14.0,1790.0,153.0,60.0,3.0,850.0,248.0,0
1.0,1847.0,18.0,80.0,4.0,570.0,65.0,0
15.0,310.0,184.0,172.0,7.0,495.0,95.0,0
15.0,2906.0,104.0,173.0,4.0,550.0,55.0,0
12.0,6340.0,19.0,208.0,3.0,981.0,109.0,1
13.0,179.0,35.0,253.0,4.0,1079.0,408.0,1
10.0,3926.0,208.0,265.0,5.0,775.0,50.0,0
4.0,149.0,104.0,135.0,6.0,910.0,165.0,0
5.0,2595.0,197.0,241.0,6.0,1150.0,199.0,0
10.0,2951.0,68.0,80.0,3.0,1050.0,80.0,0
5.0,1498.0,104.0,159.0,5.0,420.0,174.0,0
10.0,2861.0,80.0,180.0,7.0,640.0,100.0,0
15.0,859.0,277.0,175.0,5.0,465.0,165.0,0
15.0,654.0,61.0,217.0,3.0,680.0,270.0,1
16.0,2605.0,135.0,75.0,3.0,530.0,63.0,0
10.0,3278.0,80.0,38.0,6.0,930.0,95.0,0
15.0,425.0,173.0,216.0,5.0,1015.0,150.0,1
0.0,4341.0,233.0,277.0,3.0,860.0,120.0,1
15.0,2638.0,141.0,277.0,5.0,880.0,190.0,1
14.0,1029.0,45.0,60.0,3.0,725.0,85.0,0
1.0,1259.0,18.0,80.0,1.0,630.0,70.0,0
15.0,420.0,18.0,79.0,5.0,1060.0,145.0,0
5.0,2832.0,261.0,145.0,4.0,1195.0,62.0,1
13.0,851.0,221.0,208.0,5.0,582.0,98.0,0
16.0,2074.0,54.0,96.0,1.0,992.0,118.0,1
6.0,5070.0,268.0,78.0,7.0,540.0,121.0,0
12.0,4446.0,261.0,28.0,5.0,915.0,80.0,1
8.0,148.0,16.0,85.0,1.0,993.0,116.0,0
4.0,1648.0,135.0,104.0,1.0,960.0,144.0,0
13.0,440.0,264.0,79.0,4.0,420.0,155.0,0
15.0,1472.0,217.0,61.0,1.0,675.0,215.0,1
13.0,694.0,208.0,159.0,7.0,1260.0,119.0,0
5.0,724.0,264.0,16.0,7.0,660.0,254.0,1
12.0,6338.0,154.0,243.0,5.0,966.0,47.0,0
15.0,1340.0,154.0,129.0,6.0,1015.0,185.0,0
13.0,239.0,154.0,253.0,5.0,632.0,97.0,1
13.0,796.0,134.0,153.0,3.0,497.0,319.0,0
5.0,1773.0,16.0,183.0,1.0,965.0,115.0,0
14.0,1569.0,216.0,45.0,7.0,1085.0,59.0,0
17.0,2826.0,160.0,217.0,1.0,585.0,81.0,1
14.0,1930.0,241.0,216.0,4.0,855.0,158.0,0
5.0,2443.0,96.0,16.0,4.0,1170.0,159.0,0
10.0,4347.0,85.0,208.0,7.0,615.0,85.0,1
12.0,6535.0,71.0,79.0,6.0,996.0,194.0,0
1.0,1280.0,258.0,80.0,1.0,380.0,215.0,0
4.0,411.0,96.0,135.0,6.0,720.0,227.0,0
4.0,811.0,96.0,135.0,5.0,990.0,233.0,1
12.0,6358.0,244.0,154.0,6.0,853.0,197.0,0
13.0,812.0,79.0,80.0,5.0,646.0,119.0,0
12.0,6448.0,280.0,154.0,4.0,653.0,92.0,1
13.0,909.0,208.0,79.0,5.0,910.0,170.0,0
15.0,3836.0,175.0,261.0,4.0,530.0,215.0,1
17.0,2631.0,60.0,245.0,4.0,564.0,64.0,1
11.0,6290.0,251.0,71.0,4.0,834.0,51.0,0
5.0,1941.0,71.0,217.0,4.0,575.0,258.0,0
14.0,1667.0,60.0,268.0,3.0,1070.0,120.0,0
17.0,2610.0,60.0,96.0,4.0,725.0,113.0,0
5.0,577.0,148.0,260.0,7.0,495.0,244.0,0
4.0,1694.0,154.0,135.0,1.0,1100.0,184.0,0
5.0,67.0,16.0,277.0,5.0,990.0,90.0,1
14.0,801.0,60.0,173.0,5.0,470.0,97.0,1
6.0,5061.0,254.0,16.0,5.0,907.0,109.0,0
1.0,617.0,80.0,243.0,5.0,755.0,195.0,0
1.0,2493.0,80.0,154.0,7.0,1305.0,205.0,0
8.0,1073.0,277.0,48.0,6.0,668.0,139.0,0
12.0,4597.0,79.0,261.0,5.0,435.0,97.0,0
15.0,128.0,175.0,154.0,4.0,420.0,270.0,0
16.0,2929.0,279.0,135.0,3.0,720.0,91.0,0
15.0,2093.0,45.0,182.0,6.0,760.0,75.0,0
8.0,817.0,45.0,35.0,7.0,1285.0,80.0,1
15.0,403.0,172.0,139.0,4.0,1220.0,80.0,1
4.0,199.0,135.0,79.0,1.0,440.0,157.0,1
15.0,431.0,217.0,207.0,1.0,1050.0,70.0,1
15.0,20.0,155.0,153.0,3.0,835.0,140.0,1
10.0,4301.0,208.0,204.0,1.0,740.0,135.0,0
13.0,37.0,253.0,203.0,4.0,855.0,335.0,0
4.0,63.0,96.0,135.0,6.0,1045.0,232.0,1
15.0,1748.0,243.0,262.0,3.0,1075.0,95.0,1
0.0,4168.0,71.0,290.0,7.0,915.0,125.0,1
4.0,1014.0,80.0,135.0,1.0,430.0,66.0,0
11.0,6483.0,85.0,174.0,4.0,1040.0,81.0,0
15.0,1753.0,147.0,104.0,1.0,665.0,70.0,1
16.0,2563.0,268.0,135.0,5.0,525.0,127.0,0
6.0,5163.0,58.0,16.0,1.0,964.0,120.0,1
4.0,1573.0,18.0,135.0,5.0,420.0,57.0,0
15.0,2982.0,217.0,153.0,7.0,1300.0,65.0,1
14.0,1171.0,60.0,135.0,1.0,460.0,170.0,0
12.0,4804.0,100.0,261.0,1.0,811.0,101.0,1
9.0,262.0,128.0,143.0,7.0,960.0,51.0,0
5.0,2583.0,16.0,261.0,5.0,500.0,265.0,0
13.0,412.0,244.0,134.0,7.0,714.0,201.0,0
1.0,1364.0,154.0,208.0,5.0,420.0,250.0,0
10.0,3997.0,99.0,208.0,3.0,720.0,115.0,1
11.0,6507.0,177.0,178.0,4.0,1195.0,136.0,1
4.0,174.0,128.0,264.0,5.0,840.0,335.0,0
11.0,6287.0,148.0,78.0,6.0,515.0,95.0,0
5.0,110.0,16.0,154.0,4.0,450.0,302.0,1
1.0,867.0,208.0,79.0,7.0,1165.0,160.0,1
15.0,1180.0,2.0,75.0,7.0,1215.0,90.0,1
7.0,765.0,18.0,79.0,1.0,380.0,133.0,0
15.0,1216.0,153.0,173.0,1.0,630.0,265.0,1
15.0,222.0,243.0,217.0,3.0,1225.0,70.0,0
15.0,379.0,202.0,252.0,1.0,370.0,125.0,1
15.0,938.0,45.0,217.0,1.0,755.0,320.0,1
10.0,4473.0,159.0,35.0,7.0,1050.0,65.0,0
12.0,4575.0,261.0,262.0,1.0,521.0,105.0,0
13.0,68.0,154.0,208.0,1.0,365.0,243.0,1
14.0,485.0,216.0,79.0,7.0,1080.0,265.0,0
17.0,2741.0,153.0,154.0,7.0,690.0,68.0,0
16.0,2634.0,131.0,135.0,3.0,1014.0,86.0,0
5.0,349.0,2.0,16.0,6.0,790.0,179.0,0
15.0,1458.0,153.0,244.0,7.0,815.0,160.0,1
3.0,690.0,78.0,35.0,4.0,1200.0,82.0,0
16.0,2492.0,135.0,233.0,5.0,955.0,148.0,0
15.0,2191.0,253.0,243.0,6.0,660.0,85.0,0
15.0,3056.0,182.0,45.0,4.0,1140.0,95.0,0
15.0,1057.0,44.0,153.0,3.0,720.0,60.0,1
15.0,607.0,153.0,253.0,5.0,1050.0,100.0,1
16.0,2896.0,146.0,135.0,6.0,940.0,74.0,0
8.0,254.0,106.0,16.0,4.0,360.0,134.0,0
17.0,1957.0,128.0,203.0,7.0,1295.0,35.0,0
10.0,3718.0,16.0,208.0,1.0,1065.0,130.0,1
3.0,28.0,277.0,148.0,3.0,1115.0,155.0,1
9.0,165.0,203.0,128.0,1.0,806.0,34.0,0
4.0,1186.0,208.0,96.0,4.0,1019.0,136.0,1
4.0,507.0,207.0,135.0,7.0,75.0,165.0,0
12.0,6969.0,227.0,154.0,3.0,753.0,47.0,0
12.0,6872.0,192.0,79.0,5.0,525.0,97.0,1
14.0,2188.0,78.0,159.0,3.0,1260.0,69.0,1
1.0,1539.0,208.0,268.0,3.0,1255.0,70.0,0
11.0,6735.0,35.0,233.0,5.0,580.0,142.0,0
8.0,62.0,16.0,134.0,6.0,525.0,102.0,1
16.0,5999.0,208.0,279.0,1.0,715.0,118.0,0
10.0,2921.0,157.0,80.0,3.0,1025.0,155.0,0
12.0,6691.0,79.0,184.0,7.0,606.0,143.0,0
6.0,5026.0,16.0,0.0,6.0,1215.0,112.0,1
3.0,742.0,260.0,173.0,4.0,361.0,184.0,0
16.0,2385.0,38.0,135.0,1.0,1013.0,82.0,1
15.0,2982.0,268.0,217.0,7.0,1115.0,215.0,1
10.0,2748.0,80.0,121.0,7.0,475.0,125.0,0
13.0,227.0,79.0,154.0,7.0,705.0,156.0,0
16.0,2259.0,197.0,135.0,6.0,875.0,172.0,1
6.0,5136.0,16.0,288.0,1.0,572.0,78.0,0
17.0,2606.0,177.0,60.0,4.0,1134.0,102.0,0
15.0,1392.0,2.0,75.0,4.0,1110.0,95.0,0
10.0,3611.0,183.0,27.0,7.0,675.0,125.0,0
13.0,465.0,277.0,79.0,3.0,1115.0,246.0,0
10.0,4017.0,208.0,174.0,5.0,570.0,105.0,0
5.0,1187.0,85.0,16.0,5.0,450.0,141.0,0
14.0,1793.0,60.0,153.0,3.0,1195.0,288.0,1
11.0,6293.0,148.0,209.0,1.0,495.0,102.0,0
12.0,6268.0,253.0,280.0,1.0,495.0,117.0,0
15.0,2743.0,153.0,258.0,7.0,495.0,85.0,0
15.0,341.0,34.0,252.0,6.0,640.0,90.0,1
1.0,614.0,183.0,159.0,1.0,965.0,180.0,1
5.0,2012.0,16.0,208.0,5.0,445.0,127.0,1
5.0,1029.0,76.0,16.0,6.0,807.0,108.0,0
8.0,472.0,16.0,45.0,6.0,615.0,110.0,0
1.0,162.0,128.0,154.0,5.0,810.0,330.0,0
5.0,142.0,253.0,85.0,1.0,547.0,273.0,1
2.0,755.0,268.0,252.0,1.0,1080.0,268.0,0
15.0,757.0,262.0,214.0,5.0,960.0,90.0,1
10.0,3965.0,208.0,84.0,7.0,745.0,75.0,1
10.0,2827.0,80.0,54.0,3.0,510.0,145.0,1
12.0,4469.0,196.0,261.0,6.0,535.0,82.0,0
11.0,6376.0,159.0,71.0,7.0,1170.0,148.0,0
14.0,1022.0,60.0,234.0,5.0,1220.0,68.0,0
16.0,2690.0,172.0,58.0,6.0,520.0,110.0,0
15.0,773.0,129.0,244.0,4.0,1230.0,55.0,1
5.0,1254.0,16.0,209.0,4.0,580.0,108.0,0
2.0,55.0,249.0,39.0,6.0,578.0,43.0,0
0.0,4095.0,107.0,197.0,1.0,1015.0,68.0,1
0.0,3651.0,106.0,85.0,3.0,982.0,47.0,1
10.0,3681.0,120.0,183.0,4.0,825.0,130.0,0
4.0,866.0,252.0,135.0,6.0,1425.0,235.0,0
13.0,423.0,173.0,79.0,7.0,1090.0,248.0,0
15.0,655.0,153.0,280.0,7.0,630.0,75.0,0
1.0,1775.0,241.0,80.0,4.0,475.0,185.0,0
15.0,1754.0,262.0,264.0,5.0,870.0,85.0,1
1.0,657.0,45.0,80.0,3.0,1110.0,220.0,1
5.0,2982.0,177.0,78.0,5.0,895.0,125.0,0
6.0,5547.0,47.0,16.0,3.0,617.0,69.0,1
6.0,5212.0,87.0,177.0,3.0,685.0,93.0,0
10.0,3825.0,261.0,208.0,5.0,430.0,200.0,0
5.0,2001.0,16.0,147.0,4.0,1044.0,70.0,0
15.0,3926.0,172.0,153.0,1.0,890.0,195.0,1
16.0,2946.0,147.0,96.0,7.0,375.0,129.0,0
3.0,1418.0,147.0,35.0,5.0,770.0,145.0,0
5.0,2660.0,177.0,159.0,4.0,510.0,165.0,0
10.0,2864.0,254.0,80.0,3.0,355.0,90.0,0
13.0,744.0,79.0,35.0,7.0,492.0,227.0,0
10.0,3060.0,154.0,100.0,7.0,840.0,60.0,0
15.0,598.0,153.0,43.0,4.0,985.0,260.0,1
14.0,1774.0,60.0,85.0,4.0,1335.0,98.0,0
1.0,2334.0,80.0,208.0,3.0,630.0,135.0,0
1.0,2282.0,80.0,35.0,5.0,1185.0,205.0,1
11.0,6596.0,177.0,139.0,4.0,865.0,84.0,0
5.0,1320.0,16.0,60.0,6.0,1140.0,80.0,1
15.0,162.0,153.0,243.0,3.0,505.0,65.0,0
15.0,3246.0,258.0,236.0,6.0,1130.0,55.0,1
8.0,1581.0,30.0,16.0,1.0,704.0,94.0,0
12.0,6522.0,217.0,154.0,4.0,929.0,81.0,0
1.0,1204.0,80.0,233.0,1.0,860.0,150.0,0
15.0,2523.0,44.0,258.0,5.0,825.0,65.0,1
1.0,1416.0,280.0,80.0,3.0,870.0,130.0,0
4.0,1661.0,217.0,135.0,7.0,860.0,154.0,1
2.0,664.0,252.0,80.0,1.0,1085.0,222.0,0
12.0,7049.0,252.0,214.0,3.0,360.0,48.0,0
15.0,136.0,153.0,252.0,7.0,750.0,165.0,1
9.0,22.0,128.0,252.0,4.0,885.0,335.0,1
5.0,2648.0,16.0,43.0,1.0,536.0,135.0,0
1.0,532.0,153.0,80.0,1.0,50.0,145.0,0
12.0,6420.0,79.0,170.0,4.0,1174.0,96.0,1
10.0,4150.0,285.0,208.0,4.0,755.0,105.0,0
10.0,3613.0,183.0,27.0,7.0,1170.0,125.0,0
15.0,1609.0,243.0,153.0,1.0,1070.0,70.0,1
0.0,3653.0,56.0,85.0,3.0,605.0,94.0,0
1.0,1821.0,183.0,153.0,3.0,485.0,330.0,0
12.0,6468.0,184.0,79.0,5.0,1111.0,170.0,0
16.0,5920.0,208.0,58.0,4.0,1031.0,76.0,0
10.0,3909.0,285.0,208.0,4.0,925.0,110.0,0
1.0,573.0,18.0,154.0,4.0,460.0,195.0,0
16.0,5905.0,48.0,208.0,7.0,361.0,95.0,0
12.0,6616.0,79.0,83.0,5.0,857.0,62.0,0
2.0,64.0,151.0,252.0,5.0,1082.0,113.0,0
5.0,1550.0,153.0,197.0,6.0,420.0,193.0,0
6.0,5363.0,16.0,87.0,6.0,1290.0,64.0,0
5.0,1302.0,177.0,197.0,1.0,505.0,134.0,1
6.0,7138.0,134.0,182.0,7.0,1025.0,91.0,0
13.0,521.0,159.0,208.0,5.0,570.0,165.0,0
13.0,145.0,253.0,154.0,1.0,541.0,94.0,0
2.0,658.0,214.0,258.0,1.0,380.0,108.0,0
13.0,151.0,134.0,208.0,5.0,739.0,132.0,0
15.0,1982.0,204.0,75.0,4.0,695.0,55.0,0
15.0,453.0,197.0,175.0,7.0,1105.0,90.0,1
5.0,2342.0,16.0,96.0,4.0,1295.0,134.0,0
10.0,4082.0,208.0,136.0,5.0,1115.0,120.0,1
15.0,2121.0,262.0,252.0,1.0,420.0,115.0,0
10.0,4126.0,208.0,278.0,6.0,1225.0,115.0,1
15.0,1717.0,18.0,75.0,4.0,955.0,55.0,1
5.0,1428.0,153.0,148.0,5.0,1435.0,293.0,0
15.0,3421.0,45.0,61.0,3.0,550.0,80.0,1
0.0,4088.0,197.0,71.0,5.0,465.0,114.0,1
12.0,6933.0,208.0,152.0,1.0,388.0,49.0,0
15.0,637.0,221.0,216.0,5.0,1195.0,85.0,1
15.0,1122.0,79.0,202.0,1.0,515.0,175.0,1
1.0,566.0,217.0,80.0,4.0,850.0,135.0,0
15.0,151.0,214.0,262.0,4.0,695.0,85.0,1
15.0,1406.0,153.0,261.0,6.0,1085.0,80.0,1
5.0,1169.0,104.0,154.0,5.0,445.0,350.0,0
9.0,36.0,128.0,217.0,7.0,905.0,354.0,0
16.0,2685.0,184.0,96.0,1.0,1003.0,136.0,0
4.0,1030.0,58.0,35.0,7.0,925.0,97.0,0
3.0,1324.0,45.0,35.0,6.0,730.0,76.0,0
5.0,1385.0,35.0,159.0,5.0,750.0,79.0,1
16.0,2695.0,135.0,27.0,4.0,930.0,94.0,0
1.0,2416.0,154.0,80.0,3.0,440.0,180.0,1
12.0,6683.0,79.0,261.0,3.0,1116.0,96.0,0
15.0,2177.0,262.0,207.0,3.0,1200.0,75.0,1
0.0,3933.0,61.0,177.0,3.0,731.0,112.0,0
4.0,639.0,183.0,96.0,5.0,1235.0,175.0,0
6.0,5261.0,33.0,177.0,5.0,450.0,70.0,1
11.0,6453.0,71.0,234.0,7.0,1135.0,91.0,0
15.0,1826.0,153.0,253.0,7.0,620.0,105.0,1
14.0,2027.0,35.0,78.0,7.0,540.0,93.0,0
13.0,843.0,154.0,208.0,3.0,847.0,243.0,1
8.0,982.0,16.0,221.0,3.0,525.0,100.0,1
13.0,701.0,172.0,79.0,5.0,972.0,118.0,0
14.0,1524.0,79.0,60.0,3.0,625.0,188.0,0
6.0,5266.0,16.0,180.0,4.0,770.0,54.0,0
15.0,378.0,75.0,27.0,5.0,1105.0,90.0,1
0.0,3868.0,85.0,281.0,4.0,930.0,68.0,0
15.0,1980.0,45.0,79.0,4.0,635.0,260.0,1
14.0,656.0,80.0,217.0,7.0,1110.0,161.0,0
3.0,1250.0,134.0,35.0,5.0,391.0,89.0,0
13.0,329.0,79.0,217.0,3.0,1154.0,119.0,0
5.0,1877.0,208.0,16.0,5.0,996.0,124.0,1
15.0,1082.0,202.0,243.0,7.0,690.0,85.0,1
11.0,6340.0,177.0,178.0,3.0,545.0,132.0,1
15.0,1758.0,253.0,264.0,3.0,1170.0,80.0,1
15.0,257.0,129.0,18.0,5.0,1055.0,45.0,1
5.0,1943.0,96.0,16.0,1.0,363.0,156.0,0
12.0,4590.0,261.0,79.0,4.0,510.0,85.0,0
16.0,3022.0,135.0,116.0,4.0,1176.0,74.0,1
15.0,3237.0,216.0,175.0,6.0,1035.0,145.0,1
14.0,12.0,262.0,217.0,6.0,360.0,109.0,1
16.0,3113.0,205.0,96.0,1.0,988.0,172.0,1
14.0,1465.0,228.0,216.0,1.0,440.0,82.0,0
4.0,1561.0,217.0,135.0,4.0,505.0,150.0,1
11.0,6429.0,119.0,71.0,3.0,1072.0,68.0,1
15.0,904.0,264.0,262.0,3.0,440.0,90.0,0
13.0,556.0,154.0,253.0,1.0,718.0,92.0,0
10.0,3245.0,80.0,157.0,5.0,535.0,125.0,1
14.0,1614.0,173.0,216.0,4.0,615.0,139.0,0
16.0,2932.0,178.0,135.0,5.0,1115.0,70.0,0
16.0,2119.0,172.0,135.0,3.0,625.0,118.0,0
2.0,244.0,252.0,154.0,1.0,420.0,155.0,0
5.0,1222.0,236.0,261.0,3.0,795.0,83.0,0
12.0,4505.0,261.0,99.0,7.0,1201.0,134.0,0
5.0,1767.0,60.0,85.0,4.0,360.0,115.0,0
2.0,12.0,252.0,35.0,7.0,530.0,316.0,0
15.0,2963.0,253.0,243.0,7.0,705.0,85.0,1
1.0,1041.0,208.0,258.0,1.0,610.0,280.0,1
0.0,4114.0,195.0,85.0,6.0,625.0,87.0,0
13.0,286.0,135.0,134.0,5.0,998.0,179.0,0
8.0,325.0,16.0,253.0,5.0,525.0,342.0,0
10.0,2963.0,56.0,80.0,6.0,360.0,140.0,0
1.0,1447.0,208.0,198.0,3.0,855.0,150.0,1
2.0,300.0,252.0,253.0,5.0,1225.0,133.0,1
10.0,3311.0,80.0,266.0,1.0,495.0,50.0,0
0.0,4350.0,16.0,121.0,6.0,1315.0,56.0,1
12.0,6890.0,154.0,80.0,4.0,830.0,177.0,1
1.0,1788.0,80.0,233.0,7.0,665.0,145.0,0
4.0,795.0,135.0,154.0,1.0,940.0,225.0,1
16.0,2130.0,205.0,96.0,3.0,443.0,167.0,0
14.0,815.0,228.0,60.0,5.0,490.0,142.0,0
1.0,643.0,183.0,208.0,3.0,455.0,200.0,0
11.0,6709.0,71.0,268.0,3.0,1230.0,95.0,0
3.0,915.0,148.0,208.0,5.0,821.0,159.0,1
15.0,1717.0,202.0,18.0,5.0,600.0,205.0,0
15.0,3158.0,104.0,147.0,6.0,685.0,75.0,0
1.0,1192.0,80.0,209.0,7.0,815.0,160.0,1
5.0,2914.0,252.0,197.0,1.0,435.0,195.0,0
3.0,471.0,35.0,258.0,3.0,985.0,398.0,1
5.0,1569.0,16.0,173.0,6.0,905.0,90.0,1
5.0,2069.0,16.0,173.0,7.0,595.0,104.0,1
5.0,1555.0,16.0,154.0,3.0,500.0,308.0,1
5.0,1415.0,244.0,85.0,1.0,420.0,185.0,1
14.0,2161.0,159.0,78.0,4.0,360.0,59.0,1
14.0,1042.0,277.0,216.0,4.0,855.0,149.0,0
8.0,1181.0,173.0,43.0,3.0,778.0,153.0,1
12.0,6479.0,79.0,221.0,7.0,624.0,175.0,0
17.0,2876.0,246.0,217.0,1.0,760.0,89.0,0
3.0,591.0,130.0,173.0,1.0,390.0,164.0,0
0.0,3986.0,99.0,197.0,7.0,660.0,66.0,1
5.0,2344.0,153.0,71.0,6.0,10.0,215.0,0
15.0,136.0,243.0,153.0,5.0,650.0,70.0,1
12.0,6352.0,214.0,253.0,4.0,927.0,102.0,0
7.0,226.0,79.0,175.0,5.0,900.0,135.0,0
10.0,4124.0,139.0,148.0,1.0,715.0,124.0,1
10.0,3810.0,208.0,58.0,4.0,465.0,80.0,0
6.0,5351.0,16.0,129.0,6.0,1165.0,142.0,0
5.0,68.0,183.0,16.0,7.0,892.0,122.0,1
4.0,401.0,139.0,135.0,4.0,1070.0,152.0,0
5.0,1710.0,80.0,16.0,5.0,720.0,125.0,0
5.0,2442.0,16.0,96.0,1.0,835.0,136.0,1
16.0,5900.0,71.0,208.0,4.0,1052.0,86.0,0
5.0,114.0,197.0,16.0,5.0,690.0,158.0,1
6.0,5505.0,16.0,162.0,5.0,962.0,103.0,0
8.0,281.0,35.0,16.0,1.0,360.0,185.0,0
7.0,115.0,197.0,79.0,3.0,1160.0,126.0,1
15.0,2254.0,202.0,79.0,4.0,1005.0,140.0,1
1.0,1121.0,80.0,243.0,3.0,1120.0,195.0,1
16.0,2606.0,135.0,177.0,1.0,445.0,91.0,0
3.0,702.0,260.0,148.0,7.0,550.0,238.0,0
15.0,1006.0,79.0,2.0,5.0,560.0,70.0,0
15.0,56.0,68.0,129.0,3.0,1125.0,50.0,1
1.0,1430.0,80.0,277.0,4.0,475.0,135.0,0
5.0,2569.0,16.0,173.0,7.0,1290.0,88.0,0
12.0,4726.0,261.0,179.0,6.0,1200.0,102.0,1
12.0,6378.0,253.0,65.0,4.0,772.0,146.0,0
14.0,1047.0,60.0,172.0,4.0,1188.0,151.0,0
8.0,436.0,16.0,184.0,4.0,771.0,119.0,0
11.0,6668.0,54.0,159.0,1.0,360.0,118.0,0
12.0,6318.0,207.0,253.0,7.0,575.0,85.0,0
6.0,5572.0,120.0,16.0,3.0,585.0,88.0,1
5.0,1983.0,221.0,16.0,1.0,582.0,108.0,1
15.0,1680.0,202.0,261.0,7.0,1195.0,100.0,1
6.0,7327.0,48.0,16.0,4.0,640.0,110.0,1
3.0,72.0,173.0,148.0,7.0,581.0,139.0,0
3.0,504.0,104.0,96.0,3.0,584.0,166.0,1
1.0,1855.0,159.0,268.0,4.0,510.0,170.0,0
10.0,2818.0,180.0,80.0,7.0,420.0,125.0,0
5.0,2689.0,261.0,197.0,3.0,645.0,158.0,1
14.0,711.0,216.0,154.0,1.0,960.0,363.0,1
8.0,849.0,16.0,173.0,4.0,990.0,90.0,0
15.0,1337.0,79.0,198.0,7.0,1145.0,155.0,1
8.0,791.0,16.0,268.0,6.0,929.0,102.0,0
15.0,857.0,45.0,141.0,5.0,715.0,60.0,1
6.0,5267.0,16.0,10.0,3.0,600.0,119.0,1
16.0,2367.0,76.0,135.0,5.0,398.0,171.0,0
15.0,2129.0,258.0,44.0,6.0,420.0,65.0,0
5.0,2506.0,197.0,177.0,5.0,980.0,120.0,1
1.0,280.0,154.0,183.0,1.0,550.0,285.0,0
1.0,1938.0,197.0,183.0,6.0,365.0,225.0,0
15.0,802.0,217.0,197.0,7.0,1120.0,185.0,1
0.0,4161.0,139.0,177.0,6.0,480.0,88.0,0
16.0,5892.0,208.0,132.0,5.0,1144.0,99.0,1
12.0,6271.0,208.0,109.0,5.0,394.0,51.0,0
1.0,1036.0,183.0,45.0,5.0,730.0,150.0,1
15.0,671.0,79.0,154.0,7.0,1095.0,160.0,1
11.0,6759.0,71.0,208.0,1.0,820.0,80.0,1
1.0,2332.0,80.0,208.0,1.0,565.0,135.0,1
0.0,3907.0,61.0,85.0,1.0,810.0,69.0,1
12.0,6319.0,134.0,221.0,4.0,900.0,60.0,0
11.0,6552.0,52.0,85.0,5.0,590.0,99.0,0
6.0,7309.0,190.0,16.0,3.0,555.0,73.0,0
15.0,289.0,217.0,253.0,5.0,435.0,130.0,0
4.0,355.0,213.0,96.0,5.0,1010.0,168.0,0
4.0,619.0,277.0,96.0,5.0,655.0,162.0,1
5.0,2623.0,197.0,173.0,6.0,785.0,190.0,1
16.0,2915.0,238.0,58.0,5.0,865.0,64.0,0
12.0,6361.0,79.0,65.0,5.0,1017.0,33.0,1
1.0,2536.0,183.0,35.0,4.0,1045.0,190.0,0
13.0,185.0,216.0,253.0,6.0,384.0,389.0,1
2.0,870.0,14.0,128.0,3.0,850.0,369.0,0
15.0,2012.0,217.0,129.0,7.0,960.0,145.0,1
5.0,1495.0,16.0,97.0,6.0,580.0,124.0,1
10.0,3685.0,177.0,183.0,3.0,370.0,145.0,0
15.0,186.0,175.0,251.0,5.0,1190.0,65.0,1
15.0,1001.0,198.0,104.0,3.0,1110.0,105.0,1
0.0,3883.0,136.0,197.0,5.0,450.0,115.0,0
15.0,3230.0,45.0,147.0,7.0,780.0,130.0,0
11.0,6698.0,208.0,197.0,7.0,732.0,93.0,0
6.0,7130.0,245.0,208.0,5.0,397.0,150.0,0
3.0,153.0,148.0,173.0,6.0,1028.0,178.0,1
15.0,718.0,182.0,175.0,7.0,1005.0,165.0,0
17.0,7264.0,172.0,208.0,6.0,648.0,87.0,1
1.0,127.0,148.0,243.0,7.0,1125.0,370.0,1
15.0,36.0,75.0,170.0,1.0,990.0,70.0,1
9.0,225.0,203.0,128.0,5.0,956.0,34.0,0
12.0,6504.0,247.0,208.0,7.0,558.0,47.0,1
13.0,732.0,208.0,147.0,1.0,792.0,147.0,0
14.0,679.0,217.0,34.0,6.0,645.0,127.0,0
5.0,1558.0,128.0,154.0,6.0,1300.0,322.0,1
1.0,284.0,128.0,154.0,7.0,960.0,310.0,0
8.0,872.0,197.0,16.0,3.0,665.0,146.0,1
15.0,986.0,258.0,264.0,4.0,1145.0,75.0,1
15.0,2356.0,2.0,202.0,7.0,490.0,155.0,0
6.0,5593.0,91.0,16.0,4.0,802.0,177.0,1
14.0,1492.0,60.0,43.0,1.0,990.0,106.0,0
5.0,1397.0,35.0,159.0,5.0,1110.0,78.0,1
16.0,3106.0,135.0,41.0,1.0,720.0,59.0,1
5.0,431.0,16.0,60.0,1.0,970.0,80.0,0
16.0,3079.0,268.0,135.0,5.0,1075.0,129.0,0
1.0,826.0,261.0,80.0,6.0,500.0,170.0,0
6.0,7137.0,134.0,47.0,5.0,1045.0,87.0,0
1.0,877.0,78.0,80.0,7.0,500.0,210.0,0
16.0,2064.0,139.0,96.0,7.0,839.0,120.0,1
10.0,2751.0,254.0,80.0,5.0,405.0,95.0,0
5.0,2710.0,80.0,16.0,3.0,345.0,132.0,0
12.0,6897.0,208.0,130.0,3.0,1257.0,122.0,1
16.0,2885.0,135.0,65.0,7.0,550.0,136.0,0
10.0,4289.0,52.0,208.0,5.0,1035.0,110.0,0
12.0,6551.0,208.0,63.0,4.0,1275.0,81.0,0
10.0,3632.0,60.0,183.0,6.0,350.0,120.0,1
6.0,5097.0,48.0,16.0,4.0,960.0,112.0,0
1.0,1428.0,260.0,148.0,7.0,790.0,250.0,1
15.0,807.0,34.0,111.0,5.0,715.0,65.0,0
10.0,3997.0,99.0,208.0,4.0,720.0,115.0,0
13.0,572.0,214.0,79.0,1.0,877.0,150.0,0
8.0,221.0,184.0,16.0,6.0,1000.0,121.0,0
4.0,1422.0,198.0,135.0,4.0,647.0,73.0,0
1.0,642.0,80.0,61.0,5.0,1190.0,135.0,0
1.0,1433.0,183.0,198.0,1.0,640.0,130.0,0
15.0,723.0,45.0,233.0,7.0,1000.0,65.0,1
6.0,5205.0,251.0,16.0,3.0,830.0,94.0,0
3.0,338.0,173.0,134.0,4.0,1220.0,120.0,1
12.0,6898.0,184.0,208.0,4.0,981.0,50.0,0
10.0,3842.0,197.0,208.0,5.0,350.0,95.0,0
16.0,2634.0,131.0,135.0,6.0,1014.0,84.0,0
10.0,4195.0,208.0,177.0,6.0,1100.0,115.0,1
6.0,7065.0,76.0,208.0,4.0,1137.0,83.0,0
14.0,2020.0,78.0,35.0,1.0,390.0,79.0,0
1.0,1885.0,80.0,100.0,7.0,660.0,215.0,0
15.0,3036.0,262.0,153.0,6.0,1100.0,80.0,1
1.0,1140.0,244.0,80.0,7.0,360.0,65.0,0
9.0,43.0,258.0,128.0,5.0,540.0,340.0,0
15.0,2016.0,262.0,217.0,6.0,1100.0,110.0,1
7.0,787.0,79.0,153.0,7.0,1005.0,114.0,0
1.0,1321.0,134.0,183.0,5.0,1015.0,170.0,1
10.0,3970.0,208.0,45.0,4.0,465.0,115.0,0
13.0,521.0,159.0,208.0,1.0,570.0,165.0,0
15.0,315.0,153.0,184.0,1.0,1100.0,200.0,0
12.0,6683.0,79.0,261.0,5.0,1116.0,96.0,0
9.0,295.0,203.0,128.0,3.0,825.0,34.0,0
6.0,5505.0,121.0,16.0,5.0,840.0,77.0,0
12.0,6735.0,196.0,79.0,3.0,792.0,112.0,0
14.0,1704.0,60.0,22.0,4.0,1329.0,108.0,0
15.0,2459.0,262.0,243.0,3.0,655.0,85.0,1
15.0,35.0,162.0,75.0,3.0,805.0,65.0,0
15.0,1405.0,202.0,217.0,6.0,1035.0,115.0,0
6.0,5002.0,16.0,201.0,7.0,720.0,77.0,0
13.0,372.0,80.0,208.0,1.0,873.0,140.0,0
12.0,4832.0,261.0,196.0,4.0,919.0,88.0,1
10.0,3965.0,208.0,84.0,1.0,745.0,75.0,1
10.0,3951.0,208.0,254.0,4.0,1235.0,100.0,0
15.0,292.0,153.0,228.0,4.0,845.0,300.0,1
8.0,205.0,16.0,48.0,6.0,1250.0,100.0,0
5.0,2364.0,128.0,154.0,3.0,845.0,325.0,1
1.0,1347.0,80.0,258.0,6.0,590.0,225.0,0
16.0,2432.0,135.0,213.0,7.0,490.0,139.0,1
10.0,2925.0,41.0,80.0,5.0,525.0,90.0,0
14.0,952.0,104.0,216.0,5.0,360.0,157.0,0
5.0,11.0,16.0,173.0,5.0,955.0,89.0,1
14.0,2121.0,35.0,159.0,3.0,540.0,81.0,1
6.0,5491.0,16.0,254.0,1.0,515.0,123.0,0
8.0,660.0,130.0,16.0,6.0,431.0,149.0,0
1.0,1159.0,204.0,80.0,4.0,975.0,65.0,0
15.0,694.0,216.0,228.0,5.0,1185.0,70.0,1
6.0,7068.0,134.0,121.0,4.0,1057.0,88.0,0
13.0,882.0,208.0,35.0,1.0,965.0,138.0,0
12.0,6365.0,208.0,195.0,3.0,961.0,48.0,1
14.0,122.0,217.0,184.0,1.0,610.0,211.0,1
16.0,2997.0,197.0,96.0,5.0,360.0,158.0,1
4.0,1623.0,135.0,198.0,1.0,518.0,67.0,0
14.0,117.0,253.0,153.0,3.0,1135.0,88.0,0
10.0,4285.0,208.0,60.0,1.0,470.0,115.0,0
10.0,4096.0,208.0,107.0,3.0,525.0,105.0,0
10.0,3304.0,118.0,80.0,3.0,1175.0,50.0,0
2.0,45.0,14.0,23.0,6.0,1118.0,77.0,1
6.0,5272.0,177.0,58.0,4.0,510.0,109.0,0
6.0,7324.0,16.0,278.0,5.0,900.0,64.0,0
15.0,1537.0,111.0,153.0,5.0,575.0,140.0,0
1.0,1363.0,233.0,183.0,7.0,420.0,130.0,0
15.0,1012.0,44.0,153.0,6.0,685.0,60.0,1
1.0,16.0,253.0,148.0,5.0,750.0,335.0,0
15.0,23.0,217.0,91.0,1.0,455.0,65.0,1
5.0,2331.0,159.0,85.0,7.0,1079.0,125.0,0
15.0,618.0,154.0,202.0,1.0,835.0,75.0,1
13.0,869.0,79.0,253.0,5.0,494.0,176.0,1
16.0,2425.0,135.0,38.0,5.0,1105.0,70.0,0
10.0,2808.0,80.0,187.0,3.0,875.0,115.0,0
12.0,6242.0,79.0,205.0,5.0,623.0,84.0,0
4.0,1140.0,80.0,96.0,1.0,1070.0,192.0,0
6.0,5160.0,41.0,16.0,7.0,435.0,102.0,0
13.0,653.0,208.0,228.0,5.0,1145.0,138.0,0
15.0,778.0,258.0,79.0,3.0,780.0,145.0,1
9.0,545.0,203.0,128.0,1.0,1073.0,34.0,0
15.0,8.0,172.0,153.0,1.0,665.0,195.0,1
16.0,2259.0,197.0,135.0,7.0,875.0,174.0,1
12.0,4781.0,261.0,18.0,3.0,872.0,177.0,0
15.0,382.0,153.0,258.0,3.0,855.0,85.0,1
12.0,6269.0,252.0,253.0,3.0,1034.0,122.0,0
15.0,1923.0,258.0,153.0,4.0,640.0,80.0,1
0.0,4011.0,152.0,85.0,1.0,625.0,49.0,0
5.0,2166.0,16.0,223.0,5.0,655.0,79.0,0
6.0,5389.0,215.0,16.0,6.0,1137.0,116.0,0
5.0,55.0,16.0,45.0,7.0,455.0,105.0,1
10.0,2810.0,256.0,80.0,7.0,375.0,60.0,0
15.0,2254.0,153.0,44.0,5.0,820.0,65.0,0
14.0,1270.0,216.0,35.0,1.0,615.0,88.0,0
14.0,540.0,217.0,80.0,4.0,480.0,138.0,0
5.0,1251.0,264.0,16.0,4.0,1295.0,245.0,0
11.0,6477.0,71.0,290.0,5.0,915.0,122.0,0
17.0,2876.0,246.0,217.0,4.0,760.0,89.0,0
6.0,5310.0,11.0,16.0,6.0,813.0,67.0,0
0.0,4260.0,233.0,35.0,7.0,550.0,123.0,0
12.0,6626.0,79.0,227.0,5.0,693.0,133.0,1
10.0,2838.0,245.0,80.0,3.0,440.0,180.0,0
15.0,354.0,79.0,18.0,4.0,845.0,125.0,0
13.0,179.0,35.0,253.0,5.0,1079.0,408.0,1
6.0,7084.0,76.0,208.0,5.0,617.0,74.0,1
12.0,6629.0,79.0,246.0,7.0,1116.0,151.0,0
15.0,2036.0,27.0,173.0,5.0,530.0,90.0,0
5.0,1041.0,16.0,214.0,5.0,1130.0,334.0,1
6.0,5434.0,16.0,285.0,4.0,1025.0,53.0,1
12.0,6575.0,253.0,179.0,3.0,516.0,79.0,1
0.0,3778.0,66.0,177.0,5.0,390.0,82.0,0
7.0,260.0,79.0,264.0,4.0,780.0,140.0,0
6.0,7120.0,159.0,134.0,5.0,1001.0,84.0,1
15.0,2278.0,45.0,198.0,3.0,930.0,180.0,1
12.0,4493.0,261.0,46.0,5.0,685.0,80.0,0
0.0,4260.0,233.0,35.0,3.0,550.0,123.0,0
16.0,5934.0,208.0,48.0,6.0,587.0,70.0,1
6.0,5337.0,81.0,16.0,7.0,837.0,61.0,0
12.0,6854.0,253.0,6.0,1.0,562.0,78.0,0
15.0,2189.0,228.0,216.0,3.0,1195.0,85.0,1
14.0,647.0,85.0,217.0,7.0,460.0,277.0,0
14.0,7.0,252.0,217.0,5.0,685.0,167.0,1
12.0,6239.0,208.0,117.0,1.0,1021.0,53.0,1
12.0,4847.0,240.0,197.0,1.0,450.0,52.0,1
16.0,5989.0,208.0,247.0,5.0,628.0,43.0,0
16.0,2495.0,27.0,135.0,1.0,790.0,110.0,0
14.0,846.0,60.0,216.0,3.0,785.0,101.0,1
8.0,1484.0,173.0,85.0,5.0,642.0,157.0,0
16.0,2421.0,217.0,135.0,4.0,595.0,154.0,0
5.0,1388.0,159.0,35.0,4.0,930.0,76.0,0
12.0,6678.0,253.0,194.0,1.0,810.0,46.0,0
17.0,2853.0,292.0,217.0,5.0,475.0,68.0,0
14.0,1585.0,216.0,173.0,6.0,690.0,154.0,0
1.0,642.0,244.0,80.0,3.0,1040.0,70.0,1
6.0,5479.0,158.0,16.0,1.0,360.0,120.0,0
17.0,7253.0,177.0,208.0,5.0,872.0,108.0,0
12.0,4611.0,244.0,261.0,1.0,360.0,175.0,1
16.0,5953.0,208.0,172.0,5.0,1230.0,90.0,1
14.0,1538.0,252.0,60.0,5.0,810.0,281.0,1
15.0,1812.0,175.0,216.0,5.0,545.0,115.0,1
16.0,5955.0,99.0,208.0,7.0,633.0,112.0,0
3.0,1275.0,35.0,173.0,4.0,420.0,194.0,0
15.0,705.0,75.0,279.0,4.0,710.0,55.0,0
5.0,1469.0,16.0,173.0,3.0,1215.0,85.0,0
15.0,391.0,217.0,236.0,7.0,670.0,115.0,0
7.0,777.0,79.0,153.0,7.0,800.0,112.0,0
15.0,128.0,154.0,253.0,4.0,600.0,80.0,0
13.0,20.0,79.0,279.0,5.0,764.0,97.0,0
15.0,1499.0,279.0,129.0,7.0,740.0,95.0,1
10.0,4394.0,148.0,35.0,6.0,839.0,71.0,0
15.0,1964.0,184.0,153.0,5.0,975.0,250.0,1
9.0,22.0,128.0,252.0,5.0,885.0,335.0,1
12.0,6236.0,100.0,153.0,5.0,631.0,79.0,0
6.0,5434.0,16.0,285.0,3.0,1025.0,53.0,1
0.0,3921.0,135.0,177.0,5.0,710.0,105.0,0
10.0,4435.0,233.0,78.0,5.0,990.0,60.0,0
8.0,26.0,16.0,175.0,3.0,740.0,114.0,0
1.0,1826.0,227.0,80.0,4.0,885.0,170.0,1
12.0,6899.0,208.0,184.0,4.0,439.0,42.0,1
10.0,4263.0,285.0,208.0,4.0,1185.0,115.0,0
0.0,4140.0,56.0,85.0,7.0,820.0,97.0,0
1.0,810.0,253.0,208.0,3.0,385.0,255.0,0
10.0,3059.0,100.0,154.0,7.0,925.0,65.0,0
16.0,2834.0,135.0,146.0,7.0,1042.0,73.0,1
16.0,5903.0,208.0,99.0,3.0,1205.0,113.0,0
2.0,325.0,258.0,252.0,3.0,745.0,127.0,0
4.0,1578.0,244.0,135.0,4.0,820.0,59.0,1
8.0,468.0,16.0,45.0,5.0,1159.0,101.0,0
8.0,335.0,216.0,16.0,4.0,706.0,138.0,0
4.0,1659.0,135.0,80.0,1.0,1045.0,65.0,0
10.0,4031.0,181.0,208.0,7.0,410.0,115.0,1
1.0,1662.0,153.0,208.0,6.0,970.0,210.0,0
12.0,6674.0,100.0,79.0,4.0,370.0,134.0,0
8.0,764.0,16.0,213.0,6.0,615.0,112.0,0
3.0,184.0,243.0,148.0,3.0,755.0,319.0,1
11.0,6390.0,285.0,71.0,3.0,1030.0,65.0,0
16.0,2635.0,182.0,58.0,1.0,598.0,112.0,0
16.0,2458.0,33.0,135.0,6.0,670.0,127.0,0
15.0,403.0,79.0,172.0,5.0,1040.0,95.0,1
15.0,3832.0,45.0,22.0,3.0,490.0,70.0,1
15.0,1758.0,253.0,264.0,4.0,1170.0,80.0,1
15.0,1087.0,61.0,33.0,4.0,410.0,80.0,1
15.0,948.0,243.0,258.0,5.0,1230.0,80.0,1
16.0,3088.0,172.0,58.0,3.0,717.0,108.0,1
15.0,3756.0,154.0,262.0,1.0,375.0,80.0,1
6.0,7078.0,134.0,238.0,6.0,747.0,73.0,0
11.0,6515.0,147.0,159.0,4.0,995.0,147.0,0
9.0,15.0,243.0,128.0,7.0,550.0,365.0,0
15.0,3071.0,258.0,44.0,1.0,565.0,60.0,1
16.0,3008.0,135.0,134.0,1.0,615.0,169.0,1
11.0,6469.0,16.0,120.0,7.0,645.0,86.0,0
10.0,3894.0,290.0,208.0,4.0,365.0,100.0,0
15.0,958.0,268.0,197.0,3.0,1230.0,90.0,1
1.0,1994.0,135.0,183.0,4.0,360.0,135.0,0
12.0,3071.0,184.0,205.0,3.0,540.0,84.0,1
13.0,376.0,253.0,252.0,7.0,513.0,122.0,0
13.0,578.0,208.0,78.0,7.0,538.0,111.0,0
10.0,4261.0,279.0,208.0,3.0,880.0,115.0,1
13.0,655.0,208.0,198.0,6.0,1225.0,138.0,0
5.0,2440.0,277.0,78.0,6.0,770.0,124.0,0
15.0,696.0,154.0,45.0,5.0,720.0,290.0,1
4.0,626.0,135.0,45.0,4.0,445.0,173.0,0
17.0,1011.0,150.0,128.0,4.0,505.0,40.0,0
15.0,1015.0,228.0,173.0,5.0,820.0,190.0,1
5.0,2745.0,85.0,253.0,6.0,540.0,332.0,0
7.0,128.0,79.0,80.0,3.0,420.0,110.0,0
11.0,6389.0,71.0,22.0,4.0,1140.0,118.0,0
2.0,112.0,14.0,252.0,3.0,90.0,200.0,0
1.0,1951.0,80.0,262.0,7.0,1265.0,225.0,0
3.0,674.0,154.0,148.0,6.0,910.0,311.0,1
8.0,1135.0,277.0,238.0,7.0,1189.0,151.0,0
17.0,7254.0,245.0,208.0,7.0,695.0,145.0,0
15.0,1752.0,75.0,18.0,5.0,1010.0,55.0,1
10.0,3012.0,154.0,79.0,3.0,955.0,145.0,0
15.0,1252.0,228.0,173.0,4.0,705.0,185.0,0
10.0,4150.0,285.0,208.0,1.0,755.0,105.0,0
1.0,395.0,183.0,80.0,5.0,645.0,200.0,1
12.0,7801.0,261.0,282.0,3.0,495.0,60.0,1
8.0,162.0,260.0,16.0,3.0,865.0,249.0,0
15.0,862.0,205.0,175.0,3.0,520.0,85.0,0
1.0,648.0,260.0,148.0,3.0,560.0,245.0,0
5.0,1485.0,159.0,173.0,3.0,1163.0,171.0,0
13.0,31.0,154.0,134.0,7.0,791.0,293.0,1
12.0,6590.0,177.0,79.0,1.0,837.0,169.0,0
0.0,4169.0,42.0,85.0,5.0,970.0,127.0,0
14.0,1890.0,60.0,96.0,3.0,1090.0,118.0,1
15.0,49.0,75.0,129.0,4.0,1110.0,60.0,1
12.0,4548.0,197.0,102.0,4.0,700.0,159.0,1
5.0,1798.0,104.0,159.0,5.0,900.0,179.0,0
15.0,3394.0,172.0,104.0,5.0,1055.0,180.0,1
5.0,2923.0,197.0,173.0,6.0,420.0,198.0,0
14.0,1179.0,60.0,135.0,5.0,785.0,167.0,0
13.0,61.0,135.0,253.0,4.0,391.0,261.0,1
15.0,1447.0,129.0,75.0,6.0,810.0,55.0,0
5.0,2543.0,96.0,16.0,5.0,820.0,150.0,1
15.0,2678.0,18.0,75.0,7.0,765.0,55.0,0
16.0,2323.0,12.0,58.0,1.0,370.0,102.0,0
17.0,2651.0,84.0,217.0,4.0,470.0,205.0,0
5.0,2432.0,85.0,241.0,6.0,1180.0,181.0,1
10.0,4108.0,208.0,147.0,1.0,480.0,145.0,0
16.0,3054.0,85.0,96.0,4.0,927.0,117.0,0
1.0,1173.0,268.0,80.0,7.0,495.0,115.0,1
14.0,1559.0,216.0,104.0,7.0,710.0,169.0,1
6.0,5272.0,177.0,58.0,3.0,510.0,109.0,0
4.0,1693.0,178.0,135.0,5.0,980.0,79.0,0
11.0,6469.0,132.0,16.0,7.0,440.0,67.0,0
8.0,905.0,215.0,16.0,6.0,653.0,111.0,0
15.0,2498.0,170.0,75.0,6.0,865.0,65.0,0
3.0,1056.0,221.0,148.0,6.0,1066.0,104.0,1
4.0,1581.0,96.0,252.0,1.0,530.0,384.0,0
12.0,6351.0,79.0,232.0,4.0,1095.0,156.0,0
5.0,2131.0,159.0,85.0,3.0,1130.0,130.0,1
0.0,4161.0,177.0,18.0,5.0,565.0,117.0,0
9.0,383.0,143.0,128.0,5.0,673.0,49.0,0
9.0,223.0,128.0,161.0,6.0,1163.0,36.0,0
5.0,1706.0,154.0,85.0,5.0,688.0,267.0,0
13.0,743.0,79.0,111.0,3.0,685.0,151.0,0
1.0,1607.0,80.0,217.0,4.0,900.0,155.0,0
4.0,366.0,252.0,135.0,1.0,810.0,249.0,0
2.0,502.0,252.0,264.0,1.0,390.0,161.0,1
0.0,4145.0,85.0,92.0,1.0,940.0,59.0,0
15.0,1098.0,173.0,43.0,3.0,715.0,155.0,1
6.0,4961.0,105.0,16.0,7.0,993.0,84.0,1
14.0,2023.0,35.0,78.0,3.0,420.0,100.0,0
12.0,7017.0,65.0,79.0,3.0,1137.0,41.0,0
1.0,773.0,241.0,208.0,1.0,690.0,185.0,0
15.0,1945.0,27.0,175.0,1.0,955.0,110.0,0
5.0,1837.0,223.0,16.0,4.0,1103.0,81.0,0
12.0,4713.0,230.0,261.0,5.0,370.0,104.0,0
16.0,3087.0,58.0,80.0,7.0,1003.0,180.0,0
15.0,28.0,75.0,172.0,7.0,860.0,85.0,1
6.0,5202.0,16.0,58.0,5.0,445.0,104.0,1
15.0,1135.0,22.0,79.0,3.0,515.0,275.0,1
16.0,2710.0,78.0,96.0,4.0,1260.0,70.0,0
13.0,701.0,79.0,2.0,5.0,1159.0,83.0,0
13.0,296.0,79.0,236.0,5.0,1149.0,145.0,0
17.0,2650.0,54.0,60.0,1.0,770.0,66.0,1
0.0,4056.0,197.0,251.0,4.0,940.0,119.0,1
15.0,2549.0,154.0,79.0,4.0,910.0,135.0,1
10.0,4426.0,85.0,159.0,1.0,1040.0,110.0,1
5.0,1626.0,104.0,16.0,4.0,1049.0,125.0,1
11.0,6635.0,35.0,148.0,1.0,615.0,86.0,0
13.0,605.0,78.0,208.0,6.0,463.0,132.0,0
5.0,101.0,154.0,16.0,4.0,622.0,252.0,1
15.0,172.0,61.0,175.0,7.0,1045.0,70.0,1
17.0,7305.0,60.0,134.0,5.0,367.0,79.0,0
16.0,2270.0,135.0,197.0,1.0,685.0,158.0,0
8.0,854.0,173.0,16.0,7.0,480.0,94.0,0
13.0,899.0,197.0,208.0,7.0,1080.0,84.0,0
3.0,140.0,213.0,148.0,1.0,482.0,148.0,0
15.0,1585.0,175.0,61.0,3.0,390.0,70.0,1
14.0,941.0,197.0,217.0,3.0,680.0,207.0,1
15.0,853.0,153.0,18.0,3.0,565.0,150.0,1
15.0,2893.0,129.0,204.0,6.0,475.0,80.0,0
15.0,1486.0,217.0,253.0,3.0,1125.0,125.0,1
1.0,2033.0,80.0,252.0,4.0,1220.0,255.0,0
6.0,5315.0,47.0,16.0,7.0,1075.0,78.0,0
12.0,6728.0,79.0,184.0,7.0,1165.0,143.0,1
0.0,4370.0,245.0,16.0,5.0,1092.0,82.0,1
12.0,6951.0,79.0,107.0,5.0,843.0,82.0,0
12.0,4639.0,208.0,261.0,6.0,970.0,205.0,1
10.0,3291.0,284.0,80.0,3.0,1095.0,50.0,1
5.0,1693.0,264.0,16.0,5.0,810.0,259.0,1
5.0,2694.0,16.0,216.0,1.0,743.0,129.0,1
6.0,5310.0,16.0,11.0,5.0,735.0,51.0,0
12.0,6999.0,79.0,24.0,5.0,1096.0,152.0,0
16.0,2876.0,68.0,135.0,5.0,860.0,57.0,0
1.0,1951.0,27.0,80.0,1.0,1045.0,130.0,0
13.0,319.0,134.0,154.0,7.0,503.0,348.0,0
15.0,3763.0,45.0,12.0,7.0,1080.0,70.0,1
15.0,179.0,45.0,12.0,4.0,1235.0,70.0,1
3.0,1258.0,134.0,35.0,3.0,1107.0,87.0,1
15.0,1486.0,204.0,217.0,5.0,1005.0,150.0,1
15.0,705.0,79.0,205.0,4.0,865.0,80.0,1
15.0,1185.0,198.0,153.0,3.0,470.0,240.0,0
11.0,6484.0,290.0,16.0,1.0,1065.0,114.0,0
16.0,2998.0,135.0,177.0,7.0,780.0,89.0,1
3.0,600.0,148.0,229.0,6.0,570.0,81.0,0
10.0,3772.0,208.0,261.0,6.0,505.0,215.0,0
5.0,1033.0,16.0,198.0,3.0,1220.0,96.0,1
12.0,6550.0,280.0,79.0,3.0,445.0,116.0,1
2.0,65.0,289.0,226.0,6.0,633.0,24.0,0
15.0,450.0,262.0,207.0,7.0,1045.0,75.0,1
14.0,273.0,217.0,135.0,7.0,810.0,154.0,0
1.0,1743.0,85.0,80.0,1.0,705.0,185.0,0
13.0,315.0,80.0,79.0,7.0,546.0,135.0,0
11.0,6757.0,78.0,35.0,4.0,1075.0,97.0,0
1.0,456.0,18.0,80.0,3.0,875.0,65.0,0
1.0,40.0,154.0,148.0,7.0,665.0,330.0,0
16.0,2873.0,135.0,13.0,5.0,1119.0,110.0,0
13.0,407.0,136.0,79.0,1.0,992.0,95.0,0
14.0,27.0,217.0,154.0,1.0,670.0,92.0,0
1.0,868.0,183.0,78.0,7.0,1215.0,140.0,1
15.0,1370.0,184.0,172.0,3.0,690.0,95.0,0
14.0,641.0,80.0,217.0,3.0,370.0,157.0,1
15.0,824.0,221.0,217.0,4.0,835.0,300.0,1
12.0,6335.0,154.0,243.0,4.0,911.0,45.0,0
15.0,957.0,104.0,43.0,4.0,610.0,185.0,0
13.0,191.0,173.0,208.0,4.0,662.0,176.0,0
12.0,7802.0,282.0,261.0,3.0,890.0,63.0,0
1.0,1630.0,80.0,153.0,7.0,735.0,180.0,0
8.0,599.0,238.0,16.0,1.0,410.0,150.0,0
10.0,4149.0,208.0,285.0,1.0,570.0,95.0,0
2.0,641.0,217.0,252.0,5.0,420.0,188.0,0
5.0,2428.0,173.0,85.0,5.0,1100.0,160.0,0
0.0,4055.0,197.0,82.0,6.0,830.0,58.0,1
13.0,103.0,79.0,262.0,4.0,733.0,162.0,0
17.0,7269.0,134.0,16.0,3.0,1006.0,118.0,0
3.0,1085.0,148.0,60.0,3.0,990.0,131.0,0
4.0,327.0,243.0,96.0,4.0,1290.0,295.0,0
5.0,1970.0,198.0,16.0,1.0,600.0,91.0,0
12.0,4800.0,261.0,154.0,5.0,410.0,115.0,0
8.0,572.0,217.0,184.0,4.0,765.0,195.0,0
8.0,133.0,16.0,277.0,6.0,530.0,75.0,0
12.0,6824.0,231.0,253.0,7.0,1155.0,69.0,1
12.0,6626.0,79.0,227.0,1.0,693.0,133.0,0
3.0,1019.0,35.0,148.0,6.0,700.0,68.0,0
15.0,1701.0,153.0,129.0,6.0,1070.0,170.0,1
5.0,2675.0,78.0,173.0,3.0,1200.0,148.0,0
8.0,531.0,177.0,16.0,1.0,821.0,76.0,0
0.0,3706.0,198.0,16.0,6.0,750.0,93.0,0
1.0,1231.0,216.0,208.0,1.0,990.0,150.0,0
6.0,5424.0,16.0,48.0,1.0,660.0,107.0,0
15.0,1180.0,217.0,2.0,7.0,1130.0,65.0,1
1.0,2334.0,80.0,208.0,7.0,630.0,135.0,0
6.0,5116.0,146.0,16.0,1.0,623.0,91.0,0
16.0,2095.0,221.0,135.0,4.0,362.0,206.0,0
5.0,1022.0,16.0,85.0,4.0,1143.0,123.0,1
14.0,1785.0,33.0,60.0,1.0,475.0,75.0,0
12.0,6814.0,252.0,214.0,7.0,625.0,48.0,1
10.0,3225.0,56.0,80.0,3.0,620.0,130.0,0
2.0,315.0,253.0,252.0,7.0,420.0,124.0,0
16.0,2038.0,96.0,195.0,1.0,839.0,154.0,0
13.0,341.0,234.0,208.0,3.0,413.0,134.0,0
1.0,2349.0,208.0,80.0,4.0,1130.0,155.0,1
14.0,2130.0,159.0,35.0,4.0,840.0,66.0,0
6.0,7087.0,71.0,134.0,4.0,867.0,98.0,0
15.0,1489.0,277.0,198.0,1.0,1030.0,105.0,0
12.0,6257.0,79.0,34.0,4.0,906.0,122.0,0
14.0,138.0,217.0,14.0,6.0,680.0,369.0,0
15.0,596.0,45.0,228.0,4.0,1000.0,70.0,1
15.0,3411.0,173.0,172.0,4.0,550.0,185.0,1
13.0,619.0,208.0,197.0,5.0,984.0,93.0,1
6.0,5432.0,177.0,288.0,5.0,1175.0,84.0,0
15.0,1161.0,153.0,236.0,4.0,1225.0,75.0,0
5.0,1059.0,16.0,12.0,5.0,575.0,140.0,0
15.0,2961.0,173.0,79.0,5.0,1030.0,255.0,0
8.0,296.0,129.0,16.0,3.0,1115.0,115.0,0
11.0,6683.0,85.0,76.0,4.0,1175.0,68.0,0
5.0,2483.0,159.0,198.0,4.0,1200.0,220.0,0
12.0,6445.0,154.0,280.0,3.0,1275.0,80.0,0
15.0,1976.0,172.0,75.0,4.0,1045.0,95.0,0
15.0,3339.0,261.0,154.0,7.0,1085.0,115.0,1
1.0,1072.0,80.0,216.0,5.0,1205.0,180.0,0
1.0,1477.0,216.0,80.0,1.0,400.0,235.0,0
5.0,2029.0,262.0,197.0,3.0,400.0,217.0,0
6.0,5245.0,177.0,119.0,4.0,1140.0,101.0,1
1.0,1300.0,80.0,177.0,6.0,1210.0,80.0,0
15.0,39.0,170.0,75.0,3.0,870.0,65.0,0
1.0,1432.0,260.0,183.0,3.0,990.0,180.0,1
1.0,456.0,80.0,277.0,5.0,1015.0,135.0,0
15.0,1255.0,244.0,75.0,7.0,1255.0,55.0,1
12.0,3117.0,48.0,184.0,3.0,1120.0,84.0,0
15.0,987.0,79.0,217.0,4.0,735.0,115.0,1
13.0,423.0,79.0,253.0,7.0,1285.0,166.0,1
6.0,7335.0,115.0,16.0,5.0,871.0,81.0,0
14.0,995.0,234.0,60.0,3.0,420.0,76.0,1
15.0,19.0,75.0,129.0,3.0,660.0,65.0,0
1.0,1482.0,260.0,183.0,1.0,450.0,160.0,0
13.0,560.0,253.0,261.0,7.0,790.0,112.0,1
12.0,6551.0,172.0,208.0,5.0,1013.0,92.0,0
16.0,2506.0,33.0,135.0,1.0,440.0,136.0,1
5.0,2853.0,132.0,16.0,1.0,390.0,80.0,1
12.0,4711.0,197.0,290.0,1.0,935.0,109.0,1
4.0,317.0,198.0,96.0,5.0,600.0,175.0,1
12.0,6239.0,117.0,208.0,6.0,1100.0,60.0,0
13.0,222.0,208.0,22.0,3.0,1265.0,129.0,1
3.0,1062.0,18.0,148.0,6.0,790.0,220.0,0
15.0,1162.0,147.0,216.0,4.0,900.0,135.0,1
14.0,455.0,217.0,261.0,4.0,510.0,97.0,0
6.0,7098.0,120.0,208.0,1.0,714.0,125.0,1
8.0,936.0,16.0,147.0,4.0,856.0,64.0,0
5.0,2959.0,197.0,268.0,7.0,1170.0,96.0,1
1.0,1304.0,80.0,16.0,4.0,1150.0,120.0,0
15.0,2461.0,18.0,277.0,4.0,1000.0,135.0,1
5.0,2909.0,197.0,268.0,7.0,925.0,96.0,0
15.0,437.0,175.0,236.0,1.0,705.0,265.0,1
10.0,3016.0,243.0,154.0,5.0,475.0,40.0,0
17.0,2906.0,114.0,217.0,1.0,932.0,128.0,0
16.0,2076.0,96.0,139.0,5.0,1200.0,142.0,0
15.0,1222.0,262.0,44.0,7.0,1025.0,70.0,1
2.0,303.0,253.0,252.0,1.0,605.0,125.0,0
14.0,1894.0,213.0,216.0,3.0,470.0,156.0,0
5.0,2744.0,197.0,277.0,5.0,1135.0,185.0,1
15.0,3150.0,45.0,173.0,5.0,790.0,145.0,1
13.0,133.0,153.0,79.0,1.0,588.0,117.0,0
15.0,2012.0,217.0,129.0,3.0,960.0,145.0,1
6.0,5100.0,16.0,157.0,3.0,976.0,72.0,1
15.0,2706.0,45.0,277.0,1.0,940.0,150.0,1
14.0,1972.0,241.0,60.0,3.0,725.0,113.0,1
1.0,1277.0,45.0,80.0,7.0,775.0,220.0,0
10.0,3374.0,71.0,80.0,1.0,795.0,165.0,1
8.0,433.0,184.0,16.0,5.0,755.0,121.0,0
12.0,6335.0,243.0,154.0,3.0,987.0,41.0,1
16.0,2451.0,268.0,96.0,5.0,875.0,149.0,0
16.0,3079.0,268.0,135.0,1.0,1075.0,129.0,0
10.0,3290.0,223.0,80.0,6.0,630.0,125.0,0
11.0,6354.0,216.0,71.0,4.0,640.0,127.0,0
1.0,694.0,80.0,18.0,7.0,1225.0,55.0,1
15.0,670.0,45.0,33.0,6.0,680.0,120.0,1
4.0,46.0,154.0,135.0,6.0,750.0,191.0,1
5.0,1087.0,16.0,27.0,3.0,1365.0,52.0,1
13.0,709.0,208.0,79.0,4.0,583.0,167.0,0
2.0,101.0,252.0,14.0,4.0,930.0,220.0,1
12.0,6758.0,79.0,18.0,5.0,954.0,126.0,1
10.0,3704.0,91.0,208.0,1.0,400.0,175.0,0
1.0,1455.0,183.0,253.0,4.0,930.0,375.0,0
0.0,3947.0,221.0,85.0,3.0,920.0,85.0,1
14.0,274.0,261.0,217.0,5.0,440.0,102.0,1
12.0,7038.0,6.0,253.0,1.0,765.0,78.0,1
12.0,6933.0,152.0,208.0,1.0,527.0,71.0,0
0.0,4075.0,209.0,85.0,4.0,559.0,121.0,1
10.0,4592.0,197.0,159.0,7.0,810.0,165.0,0
1.0,1999.0,96.0,183.0,7.0,985.0,205.0,1
17.0,1011.0,128.0,203.0,3.0,570.0,35.0,0
0.0,3790.0,204.0,16.0,1.0,1065.0,130.0,1
15.0,2201.0,45.0,228.0,3.0,1235.0,70.0,1
1.0,1120.0,208.0,268.0,6.0,840.0,65.0,0
6.0,5317.0,47.0,16.0,4.0,693.0,76.0,0
6.0,7346.0,16.0,121.0,1.0,1070.0,60.0,1
3.0,94.0,202.0,148.0,7.0,460.0,322.0,0
17.0,7291.0,134.0,159.0,1.0,434.0,75.0,0
15.0,2693.0,172.0,153.0,7.0,890.0,195.0,1
15.0,3762.0,153.0,236.0,1.0,905.0,80.0,1
4.0,1177.0,35.0,96.0,5.0,925.0,102.0,1
1.0,849.0,183.0,253.0,7.0,485.0,380.0,0
16.0,2606.0,221.0,96.0,6.0,390.0,80.0,0
5.0,1371.0,35.0,159.0,5.0,360.0,68.0,0
10.0,4186.0,166.0,208.0,7.0,425.0,70.0,1
8.0,121.0,16.0,277.0,5.0,1080.0,86.0,0
4.0,667.0,135.0,252.0,3.0,1045.0,277.0,1
4.0,1479.0,135.0,244.0,6.0,1259.0,52.0,0
10.0,3254.0,80.0,129.0,5.0,1010.0,70.0,0
5.0,1949.0,233.0,16.0,1.0,360.0,87.0,0
15.0,41.0,252.0,2.0,3.0,560.0,165.0,1
0.0,3823.0,197.0,221.0,4.0,825.0,126.0,1
16.0,2466.0,170.0,135.0,3.0,1110.0,84.0,0
2.0,659.0,217.0,214.0,5.0,665.0,180.0,0
15.0,475.0,197.0,268.0,7.0,460.0,105.0,0
5.0,2736.0,217.0,177.0,1.0,550.0,182.0,0
10.0,3919.0,162.0,208.0,1.0,840.0,115.0,0
15.0,746.0,141.0,175.0,5.0,1010.0,160.0,1
0.0,3696.0,76.0,85.0,5.0,605.0,75.0,0
12.0,6429.0,153.0,253.0,5.0,637.0,102.0,0
15.0,922.0,262.0,264.0,3.0,425.0,90.0,1
5.0,1003.0,16.0,184.0,3.0,885.0,125.0,0
14.0,1697.0,60.0,241.0,4.0,985.0,117.0,1
15.0,1687.0,268.0,79.0,1.0,365.0,150.0,1
3.0,178.0,217.0,148.0,3.0,855.0,277.0,1
4.0,327.0,243.0,96.0,3.0,1290.0,295.0,1
12.0,4826.0,261.0,258.0,5.0,515.0,124.0,1
0.0,3704.0,75.0,177.0,3.0,705.0,90.0,0
5.0,2614.0,252.0,197.0,7.0,900.0,195.0,0
6.0,5108.0,101.0,16.0,3.0,751.0,97.0,1
1.0,1479.0,16.0,80.0,1.0,845.0,150.0,0
15.0,1279.0,217.0,45.0,3.0,410.0,255.0,1
15.0,3669.0,44.0,262.0,4.0,1265.0,75.0,1
6.0,7370.0,177.0,190.0,7.0,875.0,77.0,0
16.0,2525.0,135.0,116.0,3.0,430.0,73.0,0
12.0,6709.0,79.0,194.0,7.0,1106.0,160.0,1
5.0,2753.0,159.0,277.0,6.0,470.0,188.0,0
12.0,6881.0,262.0,79.0,7.0,680.0,142.0,0
3.0,1289.0,35.0,234.0,7.0,1165.0,105.0,0
4.0,228.0,96.0,79.0,5.0,1020.0,270.0,0
5.0,2496.0,197.0,241.0,3.0,625.0,202.0,0
16.0,3026.0,135.0,172.0,5.0,945.0,114.0,0
13.0,619.0,208.0,197.0,4.0,984.0,93.0,0
15.0,3101.0,154.0,258.0,1.0,845.0,65.0,0
10.0,2717.0,239.0,80.0,5.0,445.0,85.0,0
15.0,1633.0,175.0,228.0,4.0,840.0,125.0,1
3.0,1260.0,134.0,35.0,3.0,775.0,86.0,1
1.0,417.0,80.0,18.0,7.0,1350.0,55.0,0
14.0,1924.0,16.0,60.0,1.0,550.0,91.0,1
16.0,2822.0,135.0,121.0,4.0,1195.0,128.0,0
15.0,2529.0,139.0,79.0,1.0,360.0,185.0,0
5.0,2783.0,16.0,18.0,7.0,833.0,155.0,0
6.0,5210.0,146.0,177.0,4.0,713.0,71.0,1
8.0,1292.0,119.0,173.0,7.0,760.0,155.0,0
10.0,3131.0,154.0,258.0,3.0,1095.0,75.0,0
6.0,5575.0,138.0,16.0,6.0,475.0,97.0,0
15.0,3096.0,207.0,153.0,6.0,475.0,60.0,1
14.0,948.0,233.0,60.0,1.0,1070.0,64.0,1
15.0,844.0,33.0,129.0,5.0,735.0,130.0,0
12.0,6745.0,204.0,79.0,7.0,815.0,107.0,0
5.0,1380.0,159.0,35.0,4.0,690.0,69.0,0
11.0,6269.0,159.0,205.0,5.0,1200.0,212.0,0
4.0,570.0,135.0,253.0,5.0,1060.0,259.0,1
15.0,2349.0,202.0,44.0,5.0,740.0,65.0,1
12.0,6581.0,79.0,65.0,4.0,1258.0,33.0,0
8.0,764.0,16.0,213.0,3.0,615.0,112.0,0
15.0,2915.0,279.0,75.0,6.0,805.0,60.0,0
16.0,5954.0,208.0,43.0,5.0,1269.0,98.0,1
5.0,2978.0,243.0,261.0,3.0,993.0,105.0,0
15.0,1999.0,104.0,45.0,5.0,970.0,155.0,1
1.0,540.0,183.0,85.0,7.0,1150.0,180.0,0
10.0,2863.0,80.0,71.0,1.0,740.0,130.0,1
13.0,702.0,35.0,208.0,4.0,795.0,169.0,0
4.0,304.0,96.0,214.0,4.0,585.0,377.0,1
12.0,4639.0,208.0,261.0,7.0,970.0,205.0,1
6.0,5198.0,16.0,130.0,3.0,970.0,135.0,1
13.0,939.0,79.0,243.0,7.0,1162.0,147.0,0
12.0,4840.0,28.0,261.0,5.0,385.0,80.0,0
5.0,18.0,85.0,159.0,1.0,825.0,112.0,1
12.0,6577.0,79.0,65.0,5.0,1145.0,35.0,0
10.0,3362.0,155.0,80.0,1.0,970.0,65.0,0
7.0,488.0,184.0,173.0,7.0,458.0,169.0,0
13.0,201.0,134.0,252.0,6.0,497.0,354.0,1
3.0,216.0,160.0,148.0,5.0,1271.0,303.0,0
6.0,4961.0,16.0,105.0,3.0,895.0,71.0,1
15.0,307.0,154.0,217.0,5.0,1080.0,80.0,0
0.0,4350.0,16.0,121.0,4.0,1315.0,56.0,0
14.0,154.0,243.0,216.0,3.0,525.0,302.0,0
17.0,2704.0,60.0,200.0,5.0,1100.0,62.0,0
8.0,564.0,16.0,32.0,6.0,1325.0,109.0,0
10.0,2870.0,129.0,80.0,4.0,1105.0,70.0,0
13.0,409.0,217.0,253.0,6.0,1061.0,123.0,0
17.0,2734.0,18.0,217.0,7.0,920.0,150.0,0
1.0,323.0,33.0,80.0,7.0,430.0,135.0,1
5.0,1885.0,16.0,198.0,7.0,665.0,103.0,1
5.0,721.0,197.0,16.0,3.0,1116.0,155.0,1
3.0,1438.0,160.0,253.0,6.0,440.0,81.0,0
14.0,625.0,217.0,202.0,6.0,875.0,119.0,0
14.0,2168.0,78.0,159.0,5.0,660.0,68.0,0
15.0,820.0,241.0,173.0,6.0,425.0,45.0,0
1.0,336.0,208.0,159.0,6.0,1255.0,120.0,1
10.0,4555.0,159.0,61.0,3.0,1150.0,120.0,0
5.0,1490.0,197.0,85.0,7.0,395.0,114.0,1
4.0,1663.0,241.0,135.0,3.0,1070.0,150.0,0
11.0,6379.0,35.0,148.0,5.0,360.0,88.0,0
13.0,639.0,208.0,205.0,3.0,1230.0,97.0,1
12.0,6541.0,79.0,29.0,5.0,617.0,95.0,0
5.0,1182.0,261.0,268.0,6.0,1198.0,166.0,0
12.0,6987.0,208.0,33.0,1.0,984.0,85.0,1
5.0,2259.0,197.0,261.0,1.0,675.0,174.0,1
5.0,1033.0,16.0,198.0,7.0,1220.0,96.0,1
3.0,740.0,225.0,148.0,3.0,363.0,237.0,0
12.0,6734.0,79.0,56.0,5.0,692.0,111.0,1
3.0,1056.0,221.0,148.0,5.0,1066.0,104.0,0
5.0,1469.0,16.0,173.0,6.0,1215.0,85.0,0
12.0,4594.0,56.0,197.0,6.0,420.0,63.0,1
14.0,1748.0,153.0,216.0,1.0,695.0,286.0,1
0.0,3726.0,84.0,85.0,1.0,617.0,113.0,1
13.0,915.0,134.0,253.0,7.0,978.0,362.0,0
15.0,1003.0,277.0,129.0,3.0,920.0,145.0,1
6.0,5307.0,129.0,16.0,1.0,937.0,122.0,0
16.0,2468.0,68.0,135.0,4.0,565.0,59.0,0
15.0,3949.0,175.0,173.0,7.0,900.0,160.0,1
1.0,258.0,153.0,148.0,7.0,485.0,300.0,0
6.0,5503.0,129.0,16.0,7.0,465.0,118.0,0
10.0,3606.0,16.0,183.0,5.0,590.0,130.0,1
5.0,2892.0,243.0,16.0,6.0,460.0,243.0,0
15.0,852.0,252.0,217.0,4.0,750.0,170.0,0
10.0,4236.0,177.0,208.0,1.0,455.0,120.0,1
17.0,2667.0,60.0,244.0,6.0,595.0,201.0,0
5.0,2244.0,197.0,184.0,4.0,790.0,71.0,0
12.0,6552.0,196.0,79.0,6.0,435.0,123.0,0
17.0,7282.0,42.0,134.0,7.0,1149.0,101.0,0
3.0,1250.0,134.0,35.0,4.0,391.0,89.0,0
12.0,6665.0,79.0,93.0,6.0,1132.0,171.0,0
15.0,1355.0,253.0,264.0,6.0,765.0,85.0,0
15.0,120.0,175.0,217.0,7.0,1200.0,240.0,1
11.0,6401.0,133.0,71.0,4.0,360.0,53.0,0
5.0,2570.0,154.0,261.0,4.0,375.0,119.0,0
1.0,474.0,80.0,16.0,3.0,775.0,120.0,0
5.0,1878.0,245.0,16.0,6.0,453.0,80.0,0
1.0,1159.0,204.0,80.0,1.0,975.0,65.0,0
5.0,2178.0,85.0,60.0,1.0,420.0,116.0,0
10.0,3892.0,216.0,208.0,6.0,350.0,140.0,1
16.0,2198.0,135.0,69.0,5.0,850.0,136.0,1
2.0,485.0,243.0,252.0,6.0,1150.0,170.0,0
15.0,1655.0,33.0,175.0,3.0,450.0,90.0,1
12.0,6972.0,24.0,154.0,6.0,554.0,52.0,0
15.0,203.0,153.0,172.0,4.0,1115.0,160.0,1
6.0,7132.0,47.0,134.0,6.0,370.0,83.0,0
3.0,504.0,104.0,96.0,5.0,584.0,166.0,0
13.0,202.0,154.0,198.0,3.0,677.0,220.0,0
16.0,2047.0,80.0,135.0,1.0,990.0,65.0,0
1.0,1132.0,262.0,80.0,3.0,500.0,200.0,0
6.0,5107.0,177.0,172.0,6.0,1175.0,91.0,0
5.0,1987.0,197.0,243.0,5.0,695.0,241.0,1
1.0,1701.0,18.0,80.0,5.0,730.0,65.0,0
15.0,1149.0,262.0,44.0,7.0,425.0,70.0,1
4.0,249.0,104.0,135.0,4.0,1075.0,164.0,1
5.0,2176.0,173.0,159.0,4.0,560.0,159.0,0
5.0,1464.0,197.0,78.0,3.0,445.0,147.0,0
15.0,567.0,35.0,216.0,5.0,860.0,100.0,0
15.0,55.0,75.0,129.0,4.0,1200.0,60.0,0
5.0,2305.0,197.0,253.0,7.0,545.0,259.0,1
12.0,7768.0,255.0,261.0,3.0,360.0,73.0,1
15.0,2483.0,277.0,184.0,6.0,680.0,170.0,0
15.0,1592.0,33.0,175.0,7.0,1200.0,85.0,1
4.0,744.0,135.0,58.0,4.0,780.0,158.0,0
15.0,1076.0,154.0,153.0,5.0,560.0,60.0,0
4.0,76.0,173.0,96.0,5.0,1042.0,158.0,1
13.0,454.0,208.0,154.0,5.0,1310.0,272.0,0
1.0,510.0,217.0,208.0,7.0,860.0,210.0,1
12.0,7050.0,110.0,79.0,5.0,788.0,92.0,0
10.0,4258.0,119.0,208.0,5.0,1205.0,80.0,0
1.0,299.0,183.0,154.0,3.0,490.0,350.0,1
15.0,1691.0,175.0,58.0,3.0,665.0,75.0,1
0.0,4293.0,148.0,43.0,4.0,655.0,125.0,0
15.0,474.0,209.0,33.0,5.0,770.0,125.0,0
6.0,7124.0,134.0,238.0,7.0,1330.0,73.0,1
12.0,6991.0,27.0,208.0,3.0,364.0,132.0,1
4.0,236.0,135.0,178.0,4.0,1075.0,76.0,0
14.0,625.0,217.0,202.0,7.0,875.0,119.0,0
5.0,1787.0,197.0,243.0,6.0,1290.0,238.0,0
3.0,142.0,213.0,148.0,5.0,605.0,149.0,1
3.0,1263.0,35.0,18.0,7.0,530.0,280.0,0
12.0,6396.0,51.0,253.0,4.0,554.0,98.0,1
8.0,201.0,16.0,48.0,6.0,835.0,93.0,0
15.0,1173.0,217.0,175.0,3.0,970.0,200.0,1
12.0,7030.0,208.0,187.0,4.0,718.0,43.0,0
13.0,639.0,228.0,208.0,1.0,1026.0,165.0,0
7.0,818.0,172.0,79.0,1.0,510.0,107.0,0
8.0,430.0,184.0,252.0,4.0,1180.0,270.0,0
15.0,1752.0,18.0,217.0,7.0,1090.0,155.0,1
12.0,6225.0,208.0,84.0,5.0,1020.0,74.0,0
11.0,6612.0,273.0,148.0,4.0,1045.0,102.0,0
3.0,435.0,35.0,173.0,1.0,820.0,193.0,0
13.0,700.0,260.0,134.0,4.0,820.0,240.0,0
4.0,484.0,104.0,58.0,7.0,780.0,165.0,0
13.0,422.0,79.0,96.0,5.0,621.0,225.0,0
11.0,6417.0,76.0,197.0,3.0,390.0,144.0,0
15.0,3768.0,217.0,207.0,7.0,460.0,70.0,0
14.0,679.0,217.0,34.0,1.0,645.0,127.0,1
5.0,2063.0,78.0,197.0,4.0,500.0,173.0,0
15.0,254.0,173.0,12.0,6.0,740.0,160.0,1
15.0,532.0,175.0,141.0,5.0,660.0,130.0,0
15.0,802.0,153.0,217.0,1.0,960.0,70.0,1
2.0,300.0,252.0,253.0,4.0,1225.0,133.0,0
11.0,6424.0,80.0,177.0,5.0,990.0,92.0,0
5.0,2673.0,159.0,177.0,4.0,395.0,185.0,0
6.0,5377.0,187.0,16.0,5.0,735.0,116.0,1
13.0,791.0,79.0,84.0,5.0,621.0,105.0,0
7.0,561.0,79.0,243.0,5.0,790.0,137.0,0
10.0,3729.0,216.0,208.0,3.0,1185.0,145.0,1
14.0,221.0,217.0,35.0,7.0,805.0,287.0,0
3.0,1211.0,35.0,43.0,7.0,520.0,93.0,1
15.0,1381.0,172.0,75.0,7.0,945.0,95.0,1
6.0,5325.0,16.0,169.0,3.0,725.0,76.0,1
10.0,4093.0,193.0,117.0,1.0,405.0,50.0,0
5.0,2742.0,16.0,96.0,1.0,585.0,143.0,1
17.0,2683.0,209.0,60.0,3.0,554.0,102.0,0
10.0,4649.0,159.0,197.0,7.0,1125.0,180.0,0
15.0,1899.0,129.0,146.0,6.0,1120.0,70.0,1
15.0,1824.0,209.0,175.0,1.0,590.0,140.0,1
6.0,5427.0,16.0,115.0,6.0,1152.0,77.0,0
0.0,3691.0,16.0,238.0,7.0,1305.0,125.0,1
14.0,1793.0,60.0,153.0,4.0,1195.0,288.0,0
13.0,982.0,135.0,134.0,3.0,705.0,183.0,0
16.0,2268.0,135.0,213.0,6.0,655.0,143.0,1
4.0,41.0,96.0,154.0,7.0,915.0,370.0,0
12.0,6817.0,44.0,79.0,7.0,463.0,136.0,0
13.0,436.0,264.0,208.0,6.0,509.0,241.0,0
10.0,4010.0,60.0,208.0,1.0,890.0,135.0,1
16.0,2469.0,135.0,68.0,4.0,475.0,65.0,0
2.0,695.0,111.0,252.0,4.0,1185.0,63.0,0
4.0,1048.0,135.0,104.0,6.0,465.0,138.0,0
6.0,7086.0,76.0,134.0,7.0,618.0,78.0,1
17.0,7256.0,139.0,134.0,4.0,872.0,102.0,0
15.0,2958.0,244.0,154.0,5.0,625.0,200.0,0
6.0,5278.0,16.0,27.0,3.0,870.0,52.0,1
1.0,1747.0,80.0,258.0,6.0,1045.0,230.0,1
8.0,537.0,177.0,16.0,5.0,594.0,75.0,0
10.0,4293.0,52.0,208.0,3.0,660.0,105.0,1
12.0,6582.0,227.0,253.0,3.0,653.0,91.0,0
10.0,4007.0,208.0,61.0,4.0,940.0,75.0,0
6.0,5146.0,16.0,180.0,6.0,1125.0,57.0,0
15.0,39.0,87.0,173.0,3.0,1160.0,65.0,0
10.0,2759.0,80.0,68.0,1.0,890.0,80.0,1
5.0,1293.0,223.0,16.0,5.0,790.0,75.0,0
15.0,2097.0,202.0,154.0,4.0,635.0,75.0,1
10.0,3005.0,154.0,243.0,6.0,1350.0,45.0,0
1.0,1705.0,16.0,80.0,3.0,635.0,155.0,0
15.0,2897.0,252.0,111.0,6.0,500.0,60.0,0
8.0,117.0,16.0,277.0,5.0,956.0,85.0,0
10.0,4175.0,208.0,84.0,7.0,1195.0,80.0,1
1.0,2445.0,80.0,154.0,4.0,855.0,210.0,1
5.0,2190.0,16.0,184.0,6.0,634.0,126.0,0
4.0,514.0,135.0,221.0,6.0,598.0,157.0,0
15.0,495.0,153.0,253.0,3.0,395.0,95.0,0
1.0,1991.0,78.0,80.0,3.0,710.0,210.0,0
14.0,432.0,217.0,203.0,7.0,700.0,396.0,0
10.0,3682.0,183.0,177.0,6.0,1240.0,155.0,1
15.0,167.0,13.0,75.0,4.0,985.0,65.0,0
0.0,3920.0,16.0,247.0,7.0,570.0,119.0,0
12.0,6739.0,79.0,91.0,7.0,1310.0,104.0,1
12.0,6339.0,243.0,154.0,3.0,1118.0,44.0,0
11.0,6527.0,148.0,238.0,1.0,525.0,102.0,1
4.0,1097.0,135.0,153.0,5.0,440.0,204.0,0
8.0,261.0,184.0,78.0,4.0,485.0,115.0,0
15.0,2368.0,45.0,153.0,6.0,425.0,335.0,0
6.0,4959.0,16.0,4.0,7.0,1236.0,55.0,1
15.0,47.0,204.0,75.0,4.0,1000.0,55.0,0
15.0,28.0,45.0,87.0,7.0,510.0,145.0,0
9.0,247.0,150.0,128.0,3.0,1139.0,42.0,0
11.0,6770.0,78.0,139.0,6.0,505.0,122.0,0
15.0,1256.0,202.0,44.0,5.0,1215.0,65.0,1
1.0,1297.0,80.0,183.0,4.0,345.0,160.0,0
15.0,997.0,217.0,35.0,7.0,645.0,300.0,0
3.0,167.0,148.0,277.0,1.0,1020.0,187.0,0
15.0,249.0,162.0,268.0,1.0,975.0,70.0,1
15.0,2451.0,202.0,214.0,6.0,840.0,100.0,1
1.0,1084.0,258.0,80.0,1.0,1040.0,190.0,1
15.0,735.0,79.0,214.0,7.0,515.0,175.0,0
17.0,2876.0,217.0,91.0,3.0,970.0,72.0,0
15.0,1557.0,129.0,217.0,4.0,645.0,175.0,1
14.0,277.0,217.0,135.0,7.0,1190.0,155.0,1
12.0,4795.0,46.0,261.0,5.0,470.0,75.0,0
12.0,6254.0,130.0,208.0,6.0,512.0,156.0,1
1.0,1268.0,183.0,78.0,1.0,720.0,140.0,0
2.0,731.0,135.0,252.0,4.0,1105.0,285.0,0
14.0,1494.0,60.0,12.0,3.0,705.0,122.0,0
15.0,1559.0,33.0,173.0,6.0,570.0,110.0,0
15.0,798.0,153.0,262.0,3.0,405.0,90.0,0
3.0,673.0,148.0,154.0,1.0,665.0,367.0,1
15.0,3415.0,75.0,268.0,3.0,955.0,100.0,0
12.0,4712.0,243.0,154.0,6.0,570.0,49.0,1
4.0,597.0,135.0,153.0,7.0,1275.0,203.0,1
13.0,608.0,172.0,208.0,4.0,457.0,91.0,1
3.0,27.0,42.0,148.0,7.0,762.0,77.0,1
12.0,6333.0,154.0,243.0,6.0,820.0,48.0,0
10.0,3391.0,283.0,80.0,6.0,365.0,60.0,0
13.0,133.0,79.0,80.0,1.0,831.0,113.0,1
14.0,1274.0,182.0,216.0,1.0,420.0,93.0,0
5.0,2772.0,197.0,230.0,7.0,1325.0,99.0,1
5.0,1388.0,159.0,35.0,1.0,930.0,76.0,0
1.0,1387.0,208.0,153.0,6.0,880.0,250.0,1
1.0,410.0,183.0,33.0,6.0,1305.0,135.0,0
3.0,146.0,213.0,148.0,1.0,360.0,152.0,0
4.0,338.0,96.0,183.0,6.0,410.0,181.0,0
14.0,1772.0,60.0,80.0,7.0,569.0,172.0,1
15.0,591.0,79.0,153.0,3.0,1115.0,120.0,1
14.0,285.0,217.0,258.0,5.0,1265.0,118.0,0
6.0,7332.0,33.0,16.0,7.0,1095.0,76.0,0
15.0,1931.0,216.0,268.0,3.0,885.0,160.0,1
10.0,3747.0,216.0,208.0,1.0,785.0,145.0,1
13.0,948.0,154.0,79.0,1.0,966.0,144.0,0
13.0,534.0,217.0,79.0,5.0,540.0,120.0,0
1.0,827.0,35.0,208.0,1.0,965.0,180.0,1
5.0,2374.0,198.0,85.0,6.0,915.0,154.0,0
7.0,725.0,78.0,79.0,4.0,1095.0,239.0,0
0.0,4361.0,177.0,244.0,4.0,824.0,126.0,0
15.0,997.0,243.0,217.0,1.0,485.0,70.0,1
14.0,407.0,217.0,253.0,4.0,885.0,125.0,0
6.0,5127.0,101.0,16.0,6.0,635.0,89.0,0
1.0,1701.0,18.0,80.0,3.0,730.0,65.0,0
1.0,1154.0,227.0,80.0,7.0,410.0,170.0,0
5.0,1119.0,16.0,234.0,3.0,1000.0,94.0,0
10.0,4597.0,233.0,159.0,4.0,870.0,90.0,0
15.0,3418.0,216.0,221.0,4.0,425.0,75.0,1
15.0,3504.0,18.0,173.0,4.0,770.0,145.0,1
0.0,4356.0,123.0,177.0,3.0,420.0,55.0,0
3.0,1.0,148.0,104.0,3.0,485.0,187.0,1
15.0,224.0,104.0,141.0,5.0,1045.0,165.0,1
15.0,1155.0,217.0,172.0,4.0,530.0,155.0,1
8.0,1580.0,16.0,30.0,6.0,610.0,114.0,0
1.0,1881.0,134.0,80.0,7.0,940.0,215.0,0
12.0,6492.0,79.0,64.0,6.0,1150.0,81.0,1
0.0,3654.0,197.0,106.0,5.0,1160.0,90.0,1
2.0,569.0,154.0,214.0,1.0,805.0,143.0,0
6.0,5423.0,16.0,19.0,5.0,898.0,59.0,1
8.0,759.0,132.0,173.0,6.0,715.0,113.0,0
17.0,2601.0,58.0,60.0,4.0,390.0,102.0,0
12.0,4648.0,111.0,261.0,5.0,1095.0,92.0,0
5.0,2783.0,16.0,18.0,5.0,833.0,155.0,0
4.0,279.0,135.0,244.0,6.0,715.0,56.0,0
15.0,2459.0,204.0,79.0,1.0,390.0,100.0,1
2.0,858.0,203.0,252.0,4.0,820.0,333.0,0
10.0,4372.0,22.0,208.0,6.0,430.0,170.0,0
0.0,4243.0,190.0,177.0,6.0,995.0,80.0,0
15.0,705.0,279.0,79.0,7.0,790.0,110.0,0
4.0,1098.0,79.0,135.0,7.0,1008.0,137.0,1
10.0,3381.0,80.0,146.0,3.0,475.0,80.0,1
15.0,1538.0,262.0,153.0,6.0,530.0,80.0,1
4.0,1890.0,264.0,135.0,4.0,525.0,187.0,1
3.0,127.0,238.0,148.0,7.0,435.0,78.0,0
5.0,1189.0,45.0,261.0,5.0,1070.0,294.0,1
9.0,362.0,128.0,143.0,3.0,1100.0,51.0,0
7.0,762.0,153.0,79.0,5.0,587.0,110.0,0
14.0,1785.0,60.0,198.0,7.0,675.0,123.0,0
12.0,6398.0,253.0,34.0,3.0,1145.0,92.0,0
16.0,2266.0,16.0,58.0,7.0,892.0,102.0,1
14.0,587.0,135.0,217.0,5.0,1080.0,183.0,0
14.0,622.0,202.0,217.0,5.0,750.0,108.0,1
4.0,1648.0,135.0,104.0,3.0,960.0,144.0,1
4.0,347.0,208.0,135.0,4.0,485.0,165.0,0
16.0,2568.0,135.0,84.0,4.0,1220.0,136.0,0
4.0,88.0,96.0,135.0,7.0,1140.0,244.0,1
5.0,2386.0,16.0,159.0,5.0,1000.0,140.0,0
5.0,2349.0,16.0,253.0,4.0,905.0,319.0,1
13.0,354.0,243.0,79.0,5.0,894.0,141.0,0
1.0,334.0,80.0,33.0,4.0,440.0,100.0,0
5.0,2575.0,16.0,177.0,1.0,555.0,99.0,1
15.0,465.0,172.0,277.0,4.0,755.0,155.0,1
12.0,6554.0,79.0,99.0,5.0,810.0,107.0,1
5.0,2412.0,177.0,183.0,6.0,565.0,142.0,0
8.0,78.0,104.0,16.0,5.0,1085.0,122.0,0
14.0,798.0,173.0,216.0,1.0,1020.0,148.0,1
5.0,2118.0,173.0,16.0,5.0,630.0,89.0,1
15.0,1684.0,79.0,214.0,1.0,705.0,175.0,0
6.0,5398.0,19.0,16.0,5.0,840.0,76.0,1
3.0,191.0,148.0,153.0,7.0,435.0,349.0,0
14.0,829.0,85.0,60.0,6.0,390.0,103.0,0
9.0,506.0,128.0,203.0,1.0,860.0,39.0,1
1.0,664.0,104.0,148.0,4.0,705.0,170.0,0
3.0,1061.0,148.0,18.0,7.0,475.0,257.0,1
10.0,2858.0,80.0,84.0,4.0,945.0,110.0,0
12.0,6833.0,214.0,252.0,5.0,597.0,54.0,0
14.0,528.0,217.0,236.0,3.0,1275.0,112.0,0
15.0,765.0,175.0,233.0,4.0,1230.0,115.0,1
16.0,2459.0,60.0,135.0,3.0,755.0,170.0,0
15.0,1043.0,45.0,22.0,7.0,1060.0,65.0,1
16.0,2736.0,285.0,96.0,7.0,823.0,117.0,0
13.0,446.0,172.0,208.0,5.0,816.0,90.0,0
1.0,878.0,80.0,96.0,7.0,975.0,210.0,1
4.0,1583.0,135.0,18.0,5.0,570.0,52.0,0
17.0,2751.0,2.0,217.0,4.0,1125.0,90.0,1
12.0,4723.0,261.0,160.0,7.0,913.0,107.0,0
16.0,5999.0,208.0,279.0,4.0,715.0,118.0,0
15.0,1832.0,129.0,2.0,6.0,485.0,135.0,0
14.0,1772.0,60.0,80.0,1.0,569.0,175.0,0
12.0,7053.0,162.0,208.0,1.0,868.0,112.0,0
16.0,2515.0,135.0,131.0,4.0,1280.0,64.0,0
13.0,72.0,128.0,253.0,6.0,471.0,316.0,0
13.0,120.0,253.0,134.0,1.0,590.0,308.0,1
16.0,2504.0,96.0,182.0,6.0,509.0,74.0,0
0.0,3854.0,197.0,58.0,3.0,425.0,115.0,0
10.0,3627.0,183.0,223.0,1.0,660.0,110.0,1
16.0,3092.0,135.0,172.0,1.0,715.0,113.0,0
11.0,6320.0,16.0,120.0,7.0,1135.0,86.0,0
15.0,2523.0,44.0,258.0,7.0,825.0,65.0,0
15.0,1899.0,153.0,244.0,6.0,730.0,160.0,0
4.0,270.0,135.0,253.0,4.0,695.0,256.0,1
10.0,4625.0,159.0,233.0,5.0,360.0,100.0,0
5.0,1065.0,214.0,261.0,7.0,995.0,105.0,1
10.0,3727.0,208.0,162.0,3.0,1305.0,110.0,1
0.0,4015.0,221.0,85.0,5.0,1036.0,84.0,1
15.0,1575.0,173.0,217.0,6.0,865.0,300.0,0
15.0,3089.0,75.0,204.0,6.0,1095.0,50.0,0
12.0,4839.0,2.0,261.0,3.0,660.0,94.0,0
15.0,519.0,173.0,33.0,4.0,850.0,120.0,0
5.0,1489.0,16.0,54.0,4.0,970.0,75.0,0
15.0,1175.0,236.0,217.0,5.0,620.0,100.0,1
12.0,6525.0,56.0,208.0,3.0,906.0,74.0,1
13.0,328.0,154.0,79.0,6.0,428.0,151.0,0
5.0,1814.0,154.0,71.0,6.0,665.0,250.0,0
13.0,94.0,217.0,253.0,6.0,861.0,125.0,1
12.0,6244.0,253.0,179.0,6.0,1360.0,75.0,0
13.0,656.0,217.0,208.0,1.0,450.0,202.0,0
1.0,817.0,80.0,44.0,7.0,565.0,205.0,1
11.0,6459.0,96.0,71.0,1.0,779.0,129.0,0
6.0,5399.0,16.0,84.0,1.0,498.0,136.0,0
8.0,965.0,7.0,16.0,6.0,1097.0,120.0,0
5.0,2661.0,16.0,177.0,7.0,460.0,91.0,1
13.0,19.0,262.0,208.0,6.0,675.0,245.0,1
12.0,6459.0,79.0,80.0,1.0,974.0,111.0,1
14.0,1511.0,217.0,154.0,6.0,1085.0,86.0,0
6.0,5261.0,177.0,290.0,3.0,570.0,70.0,0
1.0,632.0,80.0,35.0,7.0,1100.0,200.0,0
5.0,2815.0,16.0,217.0,7.0,654.0,256.0,0
16.0,3118.0,96.0,54.0,1.0,835.0,124.0,1
6.0,5409.0,16.0,256.0,6.0,1152.0,123.0,0
12.0,6649.0,79.0,235.0,4.0,820.0,76.0,0
5.0,1757.0,16.0,264.0,1.0,500.0,305.0,0
1.0,2079.0,208.0,243.0,7.0,510.0,260.0,0
6.0,5132.0,16.0,11.0,1.0,490.0,55.0,0
15.0,1923.0,258.0,153.0,1.0,640.0,80.0,1
6.0,5446.0,288.0,16.0,6.0,615.0,74.0,0
5.0,1179.0,268.0,16.0,4.0,434.0,99.0,0
12.0,6532.0,58.0,79.0,5.0,535.0,206.0,0
1.0,1298.0,80.0,45.0,4.0,985.0,170.0,0
10.0,4197.0,33.0,208.0,1.0,740.0,95.0,0
5.0,2012.0,16.0,208.0,1.0,445.0,127.0,1
12.0,4703.0,172.0,261.0,7.0,865.0,162.0,1
17.0,1039.0,143.0,128.0,7.0,1020.0,47.0,1
1.0,530.0,80.0,277.0,6.0,1260.0,130.0,1
11.0,6744.0,61.0,78.0,3.0,660.0,82.0,1
5.0,2172.0,277.0,16.0,3.0,1055.0,101.0,1
5.0,1898.0,104.0,159.0,5.0,1139.0,181.0,0
4.0,762.0,198.0,135.0,6.0,400.0,68.0,1
4.0,625.0,96.0,58.0,6.0,385.0,89.0,0
14.0,1569.0,216.0,45.0,5.0,1085.0,59.0,1
16.0,2002.0,158.0,135.0,3.0,650.0,62.0,0
2.0,498.0,252.0,243.0,1.0,1075.0,154.0,0
5.0,1800.0,147.0,16.0,3.0,450.0,90.0,0
15.0,1326.0,175.0,154.0,5.0,530.0,275.0,1
5.0,2143.0,96.0,16.0,3.0,500.0,160.0,1
2.0,22.0,252.0,208.0,7.0,765.0,242.0,0
6.0,5314.0,80.0,85.0,5.0,886.0,159.0,1
15.0,848.0,154.0,280.0,3.0,940.0,75.0,0
5.0,1796.0,85.0,139.0,5.0,610.0,80.0,0
8.0,526.0,277.0,45.0,5.0,450.0,130.0,0
11.0,6367.0,54.0,16.0,1.0,605.0,85.0,0
16.0,2133.0,135.0,65.0,4.0,1285.0,138.0,0
11.0,6774.0,78.0,22.0,3.0,597.0,83.0,1
13.0,903.0,134.0,79.0,3.0,980.0,239.0,1
3.0,199.0,148.0,153.0,6.0,1255.0,355.0,0
13.0,266.0,136.0,79.0,6.0,398.0,101.0,0
2.0,645.0,217.0,252.0,6.0,725.0,195.0,0
5.0,300.0,16.0,197.0,4.0,1305.0,171.0,0
12.0,4768.0,214.0,261.0,6.0,990.0,105.0,1
16.0,2669.0,96.0,172.0,4.0,1215.0,201.0,1
5.0,2429.0,16.0,252.0,4.0,900.0,330.0,1
15.0,509.0,217.0,85.0,5.0,765.0,235.0,1
13.0,669.0,159.0,208.0,3.0,360.0,150.0,0
15.0,8.0,129.0,75.0,3.0,480.0,55.0,0
15.0,106.0,75.0,198.0,4.0,1175.0,80.0,1
10.0,4576.0,159.0,60.0,5.0,375.0,120.0,0
16.0,5917.0,208.0,139.0,3.0,875.0,57.0,1
0.0,3977.0,85.0,195.0,3.0,750.0,90.0,1
10.0,2802.0,284.0,80.0,5.0,655.0,50.0,0
13.0,374.0,197.0,208.0,6.0,455.0,85.0,1
12.0,6609.0,207.0,253.0,4.0,597.0,85.0,0
8.0,794.0,268.0,16.0,4.0,1065.0,90.0,0
6.0,5521.0,16.0,10.0,6.0,810.0,104.0,0
15.0,1334.0,233.0,175.0,4.0,430.0,125.0,0
6.0,5429.0,16.0,188.0,4.0,1238.0,97.0,0
10.0,3795.0,91.0,208.0,4.0,845.0,175.0,0
5.0,1005.0,16.0,85.0,4.0,495.0,125.0,0
16.0,3119.0,135.0,190.0,4.0,599.0,76.0,0
5.0,2291.0,16.0,277.0,7.0,450.0,89.0,0
15.0,1752.0,243.0,91.0,3.0,640.0,105.0,1
6.0,5161.0,52.0,16.0,3.0,460.0,59.0,0
16.0,2041.0,135.0,184.0,1.0,685.0,145.0,0
15.0,22.0,153.0,154.0,7.0,505.0,70.0,0
17.0,7237.0,17.0,208.0,7.0,362.0,55.0,0
2.0,103.0,252.0,14.0,7.0,990.0,226.0,0
14.0,1226.0,96.0,60.0,3.0,495.0,125.0,1
12.0,6628.0,79.0,27.0,1.0,656.0,147.0,1
16.0,2595.0,178.0,135.0,7.0,656.0,70.0,0
15.0,2280.0,233.0,104.0,4.0,650.0,125.0,1
1.0,2344.0,80.0,208.0,4.0,690.0,135.0,0
14.0,1690.0,241.0,60.0,5.0,1035.0,114.0,1
1.0,460.0,80.0,61.0,4.0,565.0,135.0,1
12.0,6489.0,253.0,55.0,4.0,466.0,55.0,0
1.0,511.0,80.0,65.0,4.0,690.0,115.0,0
15.0,500.0,243.0,129.0,7.0,530.0,180.0,1
15.0,1174.0,129.0,33.0,4.0,870.0,105.0,1
5.0,1106.0,252.0,261.0,1.0,360.0,120.0,1
15.0,1537.0,252.0,111.0,7.0,490.0,60.0,1
15.0,653.0,33.0,216.0,7.0,900.0,120.0,0
8.0,532.0,16.0,177.0,5.0,760.0,84.0,0
14.0,1838.0,233.0,216.0,5.0,545.0,80.0,0
5.0,2193.0,85.0,33.0,7.0,1310.0,99.0,0
15.0,563.0,18.0,129.0,7.0,980.0,50.0,1
1.0,383.0,80.0,280.0,6.0,1170.0,145.0,0
8.0,308.0,79.0,16.0,7.0,1005.0,170.0,0
1.0,1085.0,80.0,268.0,4.0,1140.0,95.0,1
4.0,1695.0,135.0,154.0,4.0,780.0,222.0,0
5.0,2419.0,159.0,197.0,1.0,866.0,189.0,1
1.0,271.0,183.0,154.0,6.0,640.0,345.0,0
17.0,7238.0,208.0,147.0,7.0,360.0,135.0,0
1.0,720.0,80.0,159.0,3.0,665.0,195.0,0
4.0,597.0,135.0,153.0,3.0,1275.0,203.0,0
15.0,1373.0,217.0,233.0,6.0,635.0,240.0,1
12.0,6257.0,279.0,79.0,4.0,733.0,106.0,1
13.0,17.0,208.0,214.0,4.0,595.0,277.0,1
13.0,207.0,153.0,154.0,5.0,978.0,77.0,1
13.0,914.0,253.0,134.0,5.0,471.0,303.0,0
14.0,1981.0,78.0,277.0,4.0,605.0,146.0,0
10.0,2969.0,80.0,1.0,5.0,1255.0,50.0,0
14.0,73.0,79.0,217.0,4.0,900.0,112.0,0
5.0,2623.0,197.0,173.0,4.0,785.0,190.0,1
12.0,6320.0,154.0,243.0,1.0,372.0,48.0,0
1.0,574.0,80.0,147.0,4.0,1100.0,130.0,1
17.0,2853.0,292.0,217.0,3.0,475.0,68.0,0
15.0,1615.0,153.0,175.0,5.0,785.0,215.0,0
10.0,4154.0,61.0,208.0,3.0,435.0,85.0,0
4.0,755.0,135.0,16.0,3.0,1150.0,122.0,0
8.0,991.0,221.0,16.0,5.0,1177.0,118.0,0
5.0,12.0,173.0,16.0,4.0,870.0,95.0,0
1.0,1536.0,80.0,27.0,1.0,575.0,95.0,0
5.0,1682.0,119.0,16.0,3.0,705.0,125.0,0
16.0,2066.0,234.0,135.0,7.0,845.0,200.0,0
2.0,121.0,252.0,14.0,4.0,1425.0,223.0,1
6.0,7097.0,61.0,208.0,3.0,360.0,82.0,0
15.0,1138.0,27.0,251.0,4.0,855.0,70.0,0
14.0,2021.0,35.0,78.0,4.0,360.0,96.0,0
15.0,2450.0,264.0,253.0,1.0,935.0,80.0,0
10.0,2817.0,94.0,80.0,1.0,1030.0,130.0,0
15.0,48.0,129.0,75.0,5.0,1080.0,60.0,0
15.0,3420.0,153.0,258.0,4.0,500.0,85.0,0
2.0,349.0,202.0,252.0,5.0,1210.0,120.0,1
17.0,7244.0,208.0,229.0,4.0,825.0,127.0,0
6.0,5571.0,16.0,256.0,6.0,1000.0,114.0,0
1.0,1886.0,183.0,173.0,1.0,900.0,60.0,0
15.0,821.0,154.0,153.0,1.0,475.0,60.0,1
14.0,1565.0,216.0,104.0,4.0,1105.0,179.0,0
15.0,1225.0,129.0,27.0,5.0,1205.0,90.0,1
12.0,6577.0,33.0,79.0,6.0,951.0,178.0,1
3.0,286.0,160.0,153.0,4.0,1065.0,67.0,1
16.0,2580.0,58.0,184.0,4.0,530.0,79.0,0
8.0,123.0,16.0,277.0,6.0,1265.0,88.0,0
0.0,3936.0,117.0,85.0,5.0,430.0,80.0,0
10.0,3995.0,76.0,208.0,5.0,1020.0,80.0,0
14.0,5.0,264.0,217.0,6.0,600.0,75.0,1
15.0,11.0,170.0,75.0,3.0,480.0,70.0,0
16.0,2598.0,135.0,172.0,4.0,1050.0,115.0,0
10.0,4488.0,69.0,159.0,6.0,395.0,100.0,1
15.0,1868.0,175.0,251.0,7.0,500.0,65.0,0
15.0,3668.0,217.0,207.0,3.0,805.0,70.0,1
12.0,4636.0,197.0,99.0,5.0,1165.0,65.0,1
1.0,1972.0,208.0,233.0,1.0,1040.0,115.0,1
6.0,5537.0,85.0,221.0,7.0,600.0,70.0,0
12.0,6864.0,136.0,208.0,4.0,1075.0,109.0,1
15.0,628.0,27.0,153.0,1.0,970.0,255.0,0
3.0,493.0,35.0,252.0,3.0,1060.0,377.0,1
15.0,2985.0,154.0,258.0,6.0,555.0,65.0,0
8.0,116.0,277.0,16.0,1.0,850.0,94.0,0
1.0,1805.0,80.0,217.0,7.0,1235.0,155.0,0
16.0,3069.0,131.0,135.0,1.0,665.0,69.0,0
6.0,5336.0,16.0,121.0,3.0,977.0,58.0,1
16.0,2724.0,135.0,118.0,7.0,1140.0,73.0,0
4.0,470.0,96.0,260.0,3.0,445.0,228.0,1
15.0,900.0,243.0,217.0,1.0,390.0,75.0,0
17.0,2855.0,217.0,103.0,1.0,880.0,66.0,0
13.0,58.0,208.0,253.0,7.0,601.0,291.0,0
12.0,4777.0,224.0,261.0,5.0,795.0,90.0,0
0.0,4391.0,85.0,233.0,1.0,450.0,105.0,0
8.0,1081.0,268.0,173.0,7.0,883.0,136.0,1
4.0,1567.0,172.0,135.0,7.0,489.0,116.0,0
1.0,434.0,80.0,279.0,7.0,925.0,60.0,1
12.0,6556.0,79.0,279.0,7.0,1018.0,90.0,1
2.0,30.0,214.0,35.0,7.0,420.0,320.0,0
10.0,2875.0,80.0,290.0,7.0,1335.0,60.0,0
12.0,6468.0,79.0,67.0,6.0,1143.0,55.0,0
15.0,1108.0,79.0,2.0,4.0,1260.0,75.0,0
3.0,291.0,252.0,160.0,1.0,638.0,154.0,0
1.0,1275.0,251.0,80.0,5.0,950.0,145.0,0
14.0,250.0,217.0,216.0,6.0,595.0,278.0,1
4.0,526.0,135.0,45.0,1.0,975.0,171.0,0
16.0,2699.0,96.0,45.0,5.0,910.0,62.0,0
10.0,3061.0,154.0,243.0,7.0,945.0,45.0,1
15.0,2251.0,45.0,22.0,6.0,820.0,65.0,1
9.0,307.0,150.0,128.0,4.0,1205.0,42.0,0
17.0,2604.0,60.0,120.0,5.0,590.0,56.0,0
7.0,373.0,184.0,79.0,3.0,1139.0,153.0,1
14.0,722.0,208.0,216.0,3.0,960.0,123.0,0
13.0,602.0,208.0,78.0,5.0,418.0,111.0,0
1.0,74.0,154.0,134.0,3.0,1365.0,280.0,0
10.0,3258.0,223.0,80.0,6.0,1060.0,125.0,0
15.0,2725.0,221.0,277.0,5.0,420.0,155.0,0
4.0,325.0,96.0,58.0,4.0,865.0,96.0,0
14.0,569.0,217.0,173.0,1.0,955.0,234.0,1
10.0,2884.0,290.0,80.0,7.0,775.0,75.0,0
10.0,2755.0,32.0,80.0,5.0,925.0,135.0,0
0.0,3842.0,157.0,85.0,3.0,1029.0,91.0,1
17.0,7259.0,208.0,12.0,7.0,965.0,116.0,0
5.0,2504.0,245.0,16.0,5.0,390.0,74.0,0
5.0,1875.0,197.0,80.0,7.0,1020.0,156.0,1
14.0,548.0,217.0,80.0,7.0,1185.0,137.0,1
15.0,1661.0,217.0,216.0,6.0,960.0,270.0,1
15.0,1956.0,244.0,217.0,3.0,1130.0,150.0,1
12.0,6310.0,154.0,227.0,7.0,1236.0,49.0,1
16.0,2361.0,96.0,208.0,1.0,899.0,154.0,0
1.0,1723.0,45.0,183.0,4.0,370.0,160.0,1
11.0,6505.0,85.0,268.0,6.0,745.0,108.0,0
13.0,134.0,253.0,208.0,4.0,522.0,263.0,0
16.0,5995.0,208.0,29.0,5.0,717.0,134.0,0
6.0,7081.0,134.0,76.0,7.0,750.0,88.0,1
5.0,2245.0,78.0,85.0,3.0,1155.0,102.0,0
1.0,1868.0,80.0,16.0,1.0,615.0,125.0,1
6.0,5051.0,27.0,16.0,6.0,780.0,75.0,1
14.0,1125.0,22.0,60.0,4.0,375.0,140.0,0
12.0,6388.0,79.0,56.0,6.0,993.0,108.0,0
12.0,4499.0,34.0,261.0,7.0,540.0,68.0,0
6.0,5393.0,180.0,16.0,1.0,330.0,57.0,0
12.0,7802.0,261.0,282.0,4.0,660.0,61.0,0
15.0,380.0,129.0,279.0,5.0,1210.0,80.0,1
6.0,5085.0,95.0,16.0,7.0,965.0,99.0,0
14.0,1510.0,60.0,216.0,6.0,454.0,97.0,0
14.0,436.0,2.0,217.0,1.0,510.0,100.0,0
0.0,3884.0,273.0,85.0,1.0,724.0,91.0,1
15.0,2201.0,258.0,243.0,5.0,620.0,80.0,1
15.0,727.0,202.0,44.0,5.0,1150.0,65.0,0
15.0,3237.0,175.0,154.0,6.0,1150.0,285.0,1
16.0,5974.0,208.0,20.0,3.0,1160.0,105.0,0
15.0,968.0,262.0,44.0,7.0,1240.0,70.0,1
15.0,3481.0,22.0,277.0,3.0,445.0,195.0,0
8.0,961.0,173.0,48.0,4.0,876.0,139.0,0
15.0,274.0,141.0,173.0,1.0,430.0,170.0,0
10.0,2734.0,1.0,80.0,3.0,350.0,50.0,0
12.0,6971.0,280.0,79.0,7.0,983.0,110.0,0
15.0,903.0,129.0,204.0,4.0,815.0,80.0,1
5.0,2887.0,16.0,2.0,4.0,1182.0,225.0,1
12.0,6261.0,279.0,79.0,6.0,998.0,111.0,0
4.0,467.0,135.0,252.0,7.0,1260.0,284.0,0
12.0,6669.0,262.0,253.0,7.0,1255.0,43.0,0
17.0,2660.0,268.0,60.0,3.0,975.0,109.0,0
0.0,3888.0,204.0,177.0,7.0,725.0,94.0,0
0.0,4026.0,209.0,85.0,4.0,360.0,125.0,1
5.0,2908.0,154.0,139.0,4.0,1335.0,241.0,0
14.0,621.0,217.0,202.0,1.0,650.0,123.0,1
1.0,1245.0,173.0,183.0,3.0,1080.0,70.0,1
15.0,2172.0,129.0,154.0,6.0,445.0,225.0,1
3.0,1321.0,35.0,45.0,3.0,380.0,89.0,0
1.0,1354.0,153.0,183.0,4.0,370.0,265.0,0
12.0,4500.0,243.0,154.0,6.0,885.0,49.0,0
15.0,537.0,207.0,262.0,3.0,1145.0,80.0,1
12.0,6627.0,195.0,79.0,5.0,619.0,168.0,1
1.0,1183.0,134.0,80.0,4.0,1175.0,205.0,0
12.0,6344.0,24.0,154.0,4.0,1198.0,47.0,0
12.0,6372.0,246.0,154.0,3.0,884.0,46.0,1
1.0,179.0,148.0,253.0,3.0,595.0,390.0,1
5.0,165.0,148.0,154.0,4.0,900.0,394.0,0
6.0,5496.0,53.0,16.0,1.0,1020.0,104.0,1
4.0,1583.0,135.0,18.0,6.0,570.0,47.0,0
7.0,575.0,79.0,261.0,3.0,900.0,83.0,0
6.0,5495.0,16.0,32.0,3.0,1305.0,105.0,1
0.0,3998.0,275.0,16.0,3.0,338.0,68.0,0
16.0,3064.0,54.0,96.0,1.0,740.0,118.0,0
5.0,1909.0,106.0,16.0,4.0,375.0,146.0,0
1.0,716.0,208.0,173.0,1.0,420.0,155.0,1
16.0,2457.0,96.0,234.0,4.0,502.0,94.0,0
1.0,1599.0,80.0,135.0,1.0,610.0,70.0,0
0.0,4229.0,148.0,78.0,5.0,515.0,115.0,1
5.0,2628.0,177.0,162.0,3.0,1160.0,53.0,0
10.0,3963.0,208.0,33.0,7.0,815.0,90.0,1
13.0,546.0,217.0,253.0,4.0,661.0,138.0,0
13.0,14.0,253.0,148.0,3.0,970.0,331.0,1
0.0,3656.0,17.0,197.0,7.0,716.0,69.0,1
15.0,1933.0,175.0,61.0,5.0,465.0,70.0,0
13.0,340.0,79.0,216.0,5.0,1062.0,213.0,0
13.0,496.0,253.0,217.0,5.0,1259.0,120.0,1
8.0,676.0,173.0,184.0,5.0,602.0,171.0,0
2.0,860.0,128.0,252.0,3.0,550.0,340.0,0
5.0,1265.0,16.0,177.0,3.0,1040.0,89.0,1
17.0,7261.0,172.0,134.0,5.0,1040.0,141.0,0
5.0,2222.0,16.0,60.0,7.0,505.0,86.0,1
12.0,7048.0,136.0,79.0,4.0,782.0,90.0,0
15.0,871.0,18.0,217.0,4.0,870.0,160.0,0
10.0,4043.0,276.0,208.0,7.0,1120.0,75.0,1
4.0,534.0,135.0,221.0,7.0,800.0,155.0,0
14.0,407.0,208.0,217.0,5.0,645.0,228.0,0
0.0,3978.0,177.0,285.0,6.0,855.0,78.0,0
15.0,973.0,33.0,45.0,1.0,870.0,100.0,0
12.0,6385.0,248.0,154.0,7.0,674.0,62.0,0
5.0,2061.0,216.0,16.0,4.0,390.0,140.0,0
1.0,658.0,80.0,76.0,4.0,1145.0,130.0,0
10.0,4091.0,208.0,33.0,7.0,545.0,90.0,1
5.0,1956.0,79.0,71.0,7.0,825.0,150.0,0
8.0,155.0,139.0,45.0,5.0,360.0,105.0,0
14.0,1583.0,216.0,60.0,3.0,395.0,102.0,1
0.0,4346.0,183.0,233.0,6.0,640.0,130.0,1
13.0,187.0,134.0,253.0,6.0,406.0,362.0,0
17.0,2944.0,60.0,209.0,1.0,710.0,72.0,0
15.0,970.0,213.0,216.0,5.0,650.0,165.0,0
17.0,2865.0,103.0,217.0,6.0,770.0,65.0,1
12.0,4449.0,136.0,197.0,3.0,450.0,115.0,0
5.0,1266.0,16.0,177.0,5.0,1318.0,95.0,1
15.0,225.0,277.0,268.0,7.0,705.0,145.0,0
10.0,4104.0,208.0,107.0,7.0,925.0,100.0,0
0.0,3922.0,247.0,85.0,3.0,812.0,63.0,1
6.0,4941.0,16.0,138.0,3.0,1245.0,80.0,0
5.0,2203.0,16.0,153.0,3.0,505.0,283.0,0
10.0,3210.0,129.0,80.0,1.0,520.0,70.0,0
14.0,1106.0,60.0,216.0,6.0,680.0,94.0,0
10.0,3712.0,208.0,290.0,4.0,1110.0,105.0,1
8.0,50.0,154.0,16.0,1.0,861.0,249.0,1
17.0,2925.0,246.0,217.0,4.0,977.0,92.0,0
14.0,113.0,153.0,154.0,5.0,1190.0,67.0,0
15.0,661.0,175.0,209.0,4.0,780.0,120.0,1
14.0,1630.0,79.0,60.0,3.0,725.0,183.0,0
15.0,2349.0,12.0,175.0,3.0,410.0,145.0,1
5.0,1578.0,16.0,134.0,6.0,910.0,112.0,0
15.0,1361.0,154.0,253.0,7.0,980.0,75.0,1
13.0,748.0,154.0,79.0,4.0,861.0,141.0,1
15.0,1509.0,172.0,173.0,1.0,1070.0,160.0,1
13.0,515.0,208.0,262.0,5.0,1230.0,272.0,0
5.0,2164.0,2.0,197.0,1.0,850.0,158.0,0
5.0,2014.0,154.0,71.0,4.0,440.0,247.0,0
16.0,2514.0,131.0,135.0,6.0,495.0,69.0,0
1.0,782.0,208.0,277.0,1.0,1045.0,160.0,1
14.0,1033.0,60.0,183.0,7.0,1215.0,127.0,0
1.0,1872.0,208.0,173.0,1.0,590.0,160.0,1
1.0,40.0,154.0,148.0,5.0,665.0,330.0,0
15.0,633.0,264.0,202.0,6.0,720.0,85.0,1
0.0,3974.0,85.0,139.0,1.0,540.0,83.0,1
0.0,4015.0,85.0,56.0,5.0,1200.0,105.0,1
14.0,592.0,261.0,217.0,3.0,645.0,99.0,0
16.0,5914.0,71.0,208.0,3.0,1185.0,86.0,0
0.0,3944.0,197.0,171.0,5.0,1160.0,88.0,1
3.0,1082.0,60.0,148.0,6.0,659.0,107.0,0
8.0,717.0,48.0,159.0,3.0,847.0,87.0,1
12.0,6876.0,214.0,79.0,3.0,683.0,145.0,1
10.0,3979.0,71.0,208.0,3.0,1200.0,90.0,0
1.0,1194.0,183.0,22.0,6.0,1235.0,175.0,0
16.0,5990.0,208.0,164.0,6.0,757.0,99.0,1
5.0,1663.0,134.0,261.0,3.0,450.0,299.0,1
10.0,2799.0,80.0,283.0,7.0,930.0,50.0,0
15.0,2763.0,141.0,175.0,6.0,590.0,155.0,1
1.0,599.0,159.0,183.0,5.0,630.0,195.0,0
12.0,6999.0,170.0,79.0,4.0,848.0,118.0,0
16.0,2464.0,234.0,96.0,3.0,625.0,72.0,1
12.0,7770.0,261.0,255.0,1.0,433.0,81.0,1
5.0,1444.0,85.0,78.0,1.0,445.0,103.0,0
12.0,6300.0,154.0,227.0,3.0,510.0,53.0,0
0.0,4283.0,71.0,109.0,6.0,1145.0,50.0,1
15.0,899.0,79.0,22.0,5.0,1020.0,225.0,1
15.0,219.0,153.0,175.0,7.0,495.0,215.0,1
15.0,1992.0,264.0,253.0,3.0,680.0,85.0,1
8.0,1138.0,174.0,104.0,5.0,708.0,167.0,1
7.0,218.0,79.0,18.0,3.0,915.0,121.0,0
15.0,515.0,243.0,217.0,7.0,1040.0,70.0,1
11.0,6447.0,45.0,71.0,5.0,1065.0,115.0,0
5.0,1592.0,243.0,16.0,3.0,385.0,249.0,0
13.0,738.0,79.0,173.0,7.0,486.0,210.0,1
16.0,2875.0,58.0,76.0,1.0,1015.0,49.0,1
15.0,2610.0,243.0,175.0,5.0,1020.0,235.0,1
5.0,1649.0,16.0,253.0,7.0,1305.0,328.0,1
17.0,2942.0,60.0,234.0,1.0,865.0,63.0,1
8.0,185.0,78.0,16.0,7.0,1139.0,131.0,0
15.0,156.0,197.0,175.0,3.0,430.0,100.0,0
12.0,6568.0,243.0,154.0,4.0,378.0,52.0,0
12.0,6351.0,65.0,79.0,6.0,550.0,49.0,0
17.0,7262.0,134.0,60.0,4.0,1020.0,94.0,0
15.0,327.0,175.0,134.0,7.0,1230.0,110.0,1
12.0,4736.0,197.0,221.0,7.0,955.0,120.0,1
15.0,487.0,131.0,129.0,6.0,485.0,60.0,0
4.0,1041.0,243.0,135.0,4.0,505.0,185.0,1
6.0,4975.0,16.0,71.0,1.0,445.0,85.0,1
14.0,638.0,80.0,217.0,5.0,735.0,162.0,0
14.0,1439.0,60.0,154.0,4.0,1090.0,329.0,0
14.0,1011.0,96.0,60.0,6.0,300.0,111.0,0
5.0,1594.0,16.0,216.0,6.0,890.0,135.0,1
2.0,61.0,291.0,50.0,1.0,721.0,52.0,0
12.0,6289.0,153.0,227.0,6.0,1028.0,60.0,0
10.0,3894.0,290.0,208.0,3.0,365.0,100.0,1
8.0,364.0,16.0,159.0,4.0,1157.0,130.0,0
10.0,4447.0,148.0,78.0,4.0,1240.0,80.0,0
1.0,1120.0,208.0,268.0,3.0,840.0,65.0,1
5.0,2481.0,209.0,16.0,1.0,345.0,120.0,0
8.0,121.0,16.0,277.0,7.0,1080.0,86.0,0
13.0,932.0,233.0,134.0,5.0,1179.0,68.0,0
15.0,1061.0,2.0,154.0,7.0,490.0,125.0,0
10.0,4586.0,197.0,159.0,6.0,525.0,160.0,1
15.0,2064.0,153.0,154.0,6.0,1165.0,70.0,1
12.0,7040.0,79.0,110.0,3.0,1160.0,89.0,0
15.0,525.0,18.0,75.0,7.0,900.0,55.0,0
12.0,6534.0,79.0,137.0,1.0,686.0,100.0,0
1.0,1268.0,183.0,78.0,7.0,720.0,140.0,0
5.0,1664.0,268.0,197.0,7.0,460.0,96.0,0
4.0,57.0,96.0,173.0,5.0,870.0,174.0,0
16.0,2972.0,135.0,279.0,3.0,1180.0,93.0,0
17.0,7211.0,228.0,134.0,7.0,1148.0,93.0,0
5.0,1452.0,16.0,71.0,6.0,855.0,85.0,1
13.0,483.0,22.0,208.0,5.0,1054.0,161.0,0
4.0,628.0,96.0,79.0,5.0,530.0,282.0,1
5.0,2636.0,107.0,197.0,5.0,420.0,68.0,0
6.0,5310.0,16.0,11.0,4.0,735.0,51.0,0
13.0,270.0,207.0,79.0,5.0,459.0,148.0,0
17.0,1012.0,128.0,203.0,5.0,655.0,35.0,0
16.0,2791.0,135.0,71.0,5.0,815.0,135.0,0
15.0,1325.0,173.0,146.0,5.0,655.0,120.0,1
3.0,372.0,104.0,159.0,3.0,585.0,165.0,1
7.0,677.0,173.0,79.0,3.0,522.0,243.0,0
15.0,548.0,147.0,209.0,7.0,970.0,90.0,0
4.0,1136.0,80.0,96.0,3.0,780.0,208.0,1
16.0,2430.0,18.0,135.0,1.0,570.0,56.0,0
15.0,3682.0,104.0,18.0,1.0,730.0,195.0,1
5.0,1276.0,197.0,16.0,3.0,320.0,158.0,0
6.0,5338.0,158.0,177.0,3.0,1007.0,77.0,0
12.0,6341.0,243.0,154.0,3.0,1202.0,42.0,0
6.0,5608.0,115.0,16.0,5.0,757.0,86.0,0
3.0,463.0,35.0,241.0,1.0,990.0,216.0,1
2.0,232.0,252.0,243.0,7.0,390.0,154.0,1
15.0,2885.0,280.0,243.0,3.0,705.0,75.0,1
1.0,1534.0,80.0,85.0,1.0,745.0,155.0,0
14.0,1105.0,12.0,60.0,5.0,885.0,134.0,0
13.0,237.0,221.0,253.0,3.0,415.0,353.0,1
5.0,2554.0,253.0,85.0,5.0,1365.0,272.0,1
6.0,4970.0,16.0,121.0,5.0,499.0,57.0,0
2.0,672.0,252.0,79.0,5.0,785.0,155.0,0
17.0,2823.0,217.0,280.0,3.0,790.0,56.0,0
14.0,1528.0,198.0,60.0,3.0,975.0,111.0,1
12.0,6617.0,204.0,79.0,1.0,585.0,106.0,0
13.0,781.0,172.0,79.0,7.0,719.0,114.0,0
17.0,1002.0,203.0,128.0,3.0,480.0,32.0,0
5.0,2254.0,16.0,61.0,5.0,970.0,95.0,0
15.0,703.0,75.0,279.0,4.0,385.0,60.0,1
15.0,1569.0,173.0,268.0,3.0,610.0,155.0,1
5.0,1733.0,148.0,261.0,3.0,1145.0,332.0,0
3.0,348.0,267.0,148.0,1.0,1036.0,164.0,1
15.0,595.0,236.0,175.0,1.0,600.0,230.0,1
14.0,623.0,217.0,202.0,1.0,1080.0,119.0,1
15.0,2871.0,2.0,202.0,7.0,1150.0,155.0,1
16.0,2342.0,135.0,221.0,7.0,960.0,158.0,0
9.0,8.0,128.0,153.0,6.0,1375.0,345.0,0
15.0,528.0,139.0,45.0,3.0,1035.0,95.0,1
15.0,1747.0,131.0,129.0,5.0,600.0,60.0,1
5.0,2007.0,60.0,197.0,7.0,495.0,180.0,0
3.0,59.0,148.0,173.0,6.0,899.0,179.0,1
11.0,6495.0,148.0,135.0,7.0,1230.0,252.0,0
15.0,2697.0,129.0,244.0,4.0,905.0,55.0,1
1.0,1249.0,78.0,268.0,7.0,775.0,135.0,0
4.0,770.0,135.0,253.0,5.0,1250.0,246.0,1
12.0,6336.0,236.0,253.0,5.0,641.0,67.0,1
5.0,2261.0,233.0,85.0,4.0,975.0,115.0,0
5.0,2617.0,177.0,154.0,4.0,1170.0,258.0,0
10.0,4136.0,148.0,139.0,5.0,1020.0,145.0,0
5.0,2247.0,159.0,16.0,4.0,840.0,160.0,1
3.0,1281.0,35.0,234.0,7.0,420.0,108.0,0
5.0,2445.0,71.0,153.0,7.0,1230.0,261.0,1
5.0,187.0,148.0,153.0,7.0,1235.0,364.0,0
5.0,1646.0,217.0,16.0,1.0,50.0,212.0,0
15.0,703.0,279.0,79.0,5.0,465.0,110.0,0
15.0,791.0,216.0,217.0,5.0,840.0,340.0,1
14.0,970.0,216.0,35.0,5.0,795.0,73.0,0
6.0,5098.0,16.0,138.0,1.0,971.0,81.0,0
16.0,2618.0,58.0,251.0,7.0,740.0,72.0,0
4.0,1507.0,277.0,135.0,5.0,550.0,138.0,0
15.0,1216.0,262.0,153.0,1.0,520.0,80.0,0
17.0,1015.0,128.0,203.0,4.0,835.0,35.0,0
1.0,949.0,173.0,183.0,7.0,1015.0,65.0,1
6.0,5085.0,95.0,16.0,6.0,965.0,99.0,0
15.0,1427.0,198.0,153.0,7.0,1065.0,240.0,1
16.0,2211.0,135.0,170.0,1.0,450.0,88.0,1
16.0,2374.0,58.0,233.0,6.0,1070.0,84.0,0
16.0,5933.0,162.0,208.0,7.0,636.0,109.0,0
5.0,1703.0,16.0,153.0,3.0,1050.0,274.0,0
14.0,122.0,14.0,217.0,7.0,113.0,327.0,0
14.0,2167.0,159.0,78.0,5.0,540.0,78.0,0
8.0,597.0,238.0,16.0,6.0,1076.0,139.0,1
16.0,2392.0,132.0,135.0,5.0,390.0,119.0,0
15.0,2536.0,216.0,221.0,6.0,890.0,75.0,1
14.0,39.0,216.0,154.0,3.0,830.0,359.0,1
0.0,4212.0,85.0,285.0,7.0,620.0,100.0,0
1.0,445.0,78.0,208.0,5.0,360.0,125.0,1
1.0,1399.0,79.0,208.0,4.0,395.0,155.0,0
6.0,5037.0,116.0,16.0,3.0,945.0,86.0,1
6.0,7341.0,204.0,16.0,5.0,405.0,130.0,0
14.0,1023.0,216.0,277.0,7.0,590.0,174.0,0
1.0,1036.0,183.0,45.0,3.0,730.0,150.0,1
12.0,6878.0,15.0,79.0,6.0,420.0,55.0,0
1.0,1067.0,61.0,80.0,5.0,1105.0,175.0,1
13.0,6.0,253.0,148.0,5.0,425.0,335.0,0
15.0,24.0,75.0,27.0,4.0,800.0,90.0,1
10.0,3673.0,183.0,60.0,1.0,1005.0,125.0,1
14.0,943.0,209.0,60.0,5.0,420.0,85.0,0
5.0,1041.0,16.0,214.0,4.0,1130.0,334.0,0
10.0,3274.0,285.0,80.0,4.0,1115.0,155.0,0
11.0,6386.0,71.0,45.0,3.0,940.0,91.0,0
15.0,23.0,91.0,75.0,7.0,545.0,90.0,0
13.0,54.0,150.0,253.0,3.0,1315.0,311.0,0
12.0,6861.0,154.0,153.0,4.0,1192.0,70.0,0
0.0,4187.0,177.0,75.0,4.0,1185.0,94.0,0
13.0,779.0,79.0,153.0,7.0,1133.0,120.0,1
12.0,6474.0,154.0,2.0,5.0,961.0,109.0,0
5.0,74.0,85.0,16.0,6.0,824.0,125.0,1
10.0,3515.0,80.0,162.0,4.0,840.0,65.0,0
10.0,3607.0,183.0,16.0,5.0,445.0,120.0,1
1.0,711.0,104.0,208.0,3.0,725.0,200.0,1
4.0,810.0,135.0,96.0,1.0,790.0,210.0,1
15.0,1340.0,258.0,154.0,6.0,915.0,70.0,1
10.0,4417.0,78.0,233.0,3.0,1075.0,65.0,1
5.0,592.0,16.0,154.0,3.0,900.0,305.0,1
17.0,2724.0,18.0,60.0,5.0,710.0,151.0,0
0.0,4177.0,148.0,58.0,4.0,547.0,142.0,1
15.0,1702.0,22.0,173.0,6.0,405.0,185.0,0
8.0,563.0,32.0,16.0,7.0,692.0,98.0,0
14.0,1178.0,213.0,60.0,7.0,620.0,113.0,0
16.0,2629.0,135.0,121.0,3.0,800.0,120.0,0
6.0,5188.0,162.0,16.0,5.0,1105.0,103.0,0
5.0,1122.0,241.0,16.0,6.0,670.0,105.0,0
3.0,325.0,22.0,104.0,3.0,440.0,197.0,0
15.0,1006.0,18.0,33.0,5.0,910.0,115.0,0
12.0,6648.0,79.0,136.0,6.0,815.0,82.0,0
5.0,2103.0,16.0,153.0,3.0,580.0,281.0,0
11.0,6513.0,85.0,69.0,1.0,825.0,76.0,0
15.0,1395.0,253.0,79.0,7.0,600.0,150.0,1
15.0,702.0,198.0,129.0,1.0,1045.0,75.0,0
7.0,138.0,79.0,80.0,5.0,955.0,108.0,0
14.0,1446.0,154.0,216.0,6.0,1330.0,292.0,0
8.0,1073.0,277.0,48.0,5.0,668.0,139.0,0
5.0,1419.0,85.0,154.0,7.0,515.0,305.0,0
2.0,600.0,252.0,153.0,3.0,360.0,143.0,0
15.0,774.0,268.0,205.0,3.0,1235.0,75.0,1
5.0,1526.0,104.0,16.0,5.0,1200.0,118.0,1
5.0,2511.0,16.0,80.0,4.0,580.0,150.0,0
7.0,855.0,79.0,217.0,5.0,395.0,110.0,0
7.0,282.0,79.0,268.0,6.0,1140.0,119.0,1
1.0,1536.0,80.0,27.0,5.0,575.0,95.0,0
15.0,1100.0,228.0,45.0,4.0,805.0,80.0,0
15.0,1292.0,79.0,35.0,6.0,600.0,230.0,0
16.0,2670.0,209.0,96.0,7.0,800.0,87.0,0
5.0,1125.0,215.0,16.0,7.0,375.0,116.0,0
4.0,6.0,135.0,244.0,1.0,965.0,60.0,1
10.0,4287.0,208.0,61.0,5.0,1095.0,75.0,0
12.0,4820.0,154.0,153.0,4.0,465.0,70.0,0
5.0,1860.0,183.0,16.0,5.0,1050.0,130.0,0
1.0,1558.0,80.0,279.0,7.0,655.0,60.0,1
5.0,1900.0,172.0,16.0,1.0,415.0,134.0,1
5.0,1725.0,45.0,16.0,6.0,435.0,131.0,0
3.0,20.0,277.0,148.0,4.0,365.0,149.0,0
5.0,2062.0,85.0,213.0,6.0,720.0,182.0,0
4.0,292.0,96.0,173.0,3.0,405.0,174.0,1
15.0,1499.0,279.0,129.0,3.0,740.0,95.0,0
12.0,6336.0,253.0,236.0,6.0,563.0,59.0,1
8.0,937.0,147.0,16.0,7.0,1215.0,76.0,1
5.0,2382.0,183.0,148.0,6.0,1140.0,180.0,0
14.0,1558.0,217.0,60.0,1.0,15.0,222.0,1
1.0,2345.0,208.0,80.0,4.0,1030.0,155.0,0
16.0,2105.0,119.0,58.0,1.0,1003.0,57.0,1
3.0,91.0,148.0,202.0,3.0,1170.0,401.0,1
11.0,6567.0,58.0,85.0,6.0,802.0,58.0,0
6.0,7081.0,134.0,76.0,6.0,750.0,88.0,0
15.0,1760.0,279.0,268.0,5.0,975.0,70.0,1
10.0,3216.0,129.0,80.0,4.0,730.0,70.0,0
17.0,7284.0,208.0,147.0,6.0,793.0,142.0,1
2.0,46.0,23.0,14.0,5.0,1240.0,69.0,1
12.0,4658.0,261.0,40.0,6.0,675.0,81.0,0
11.0,6295.0,71.0,251.0,4.0,675.0,53.0,1
5.0,2313.0,16.0,129.0,6.0,1296.0,141.0,1
5.0,1860.0,183.0,16.0,7.0,1050.0,130.0,1
15.0,1864.0,129.0,68.0,6.0,535.0,50.0,0
8.0,109.0,16.0,80.0,6.0,1345.0,142.0,0
5.0,2190.0,223.0,16.0,5.0,450.0,79.0,0
5.0,1074.0,261.0,197.0,3.0,839.0,159.0,1
5.0,2467.0,60.0,85.0,1.0,980.0,110.0,1
5.0,2257.0,261.0,252.0,1.0,1005.0,130.0,0
6.0,5490.0,158.0,16.0,1.0,969.0,102.0,1
14.0,1988.0,241.0,60.0,3.0,630.0,112.0,0
0.0,4055.0,84.0,197.0,6.0,716.0,76.0,1
10.0,4109.0,84.0,208.0,7.0,845.0,85.0,1
5.0,2170.0,244.0,16.0,1.0,729.0,131.0,1
15.0,710.0,258.0,18.0,5.0,1100.0,200.0,1
4.0,309.0,135.0,214.0,1.0,540.0,270.0,1
12.0,6602.0,262.0,253.0,3.0,1262.0,43.0,0
14.0,873.0,60.0,138.0,5.0,779.0,51.0,0
1.0,1049.0,45.0,183.0,7.0,930.0,175.0,1
12.0,6358.0,154.0,246.0,3.0,1122.0,44.0,0
6.0,5392.0,177.0,158.0,1.0,860.0,84.0,0
5.0,2880.0,253.0,16.0,3.0,720.0,280.0,0
14.0,1910.0,60.0,159.0,1.0,595.0,115.0,1
1.0,1051.0,217.0,183.0,6.0,510.0,245.0,0
14.0,2164.0,78.0,159.0,5.0,540.0,83.0,0
13.0,488.0,208.0,60.0,5.0,1125.0,113.0,0
16.0,2047.0,80.0,135.0,5.0,990.0,65.0,0
15.0,171.0,252.0,268.0,5.0,745.0,225.0,0
15.0,910.0,33.0,27.0,1.0,1040.0,50.0,1
1.0,1331.0,172.0,80.0,1.0,365.0,105.0,1
12.0,6731.0,184.0,79.0,7.0,510.0,185.0,1
1.0,1663.0,183.0,153.0,6.0,965.0,335.0,0
10.0,4320.0,204.0,208.0,7.0,1025.0,135.0,0
11.0,6572.0,61.0,85.0,1.0,1060.0,65.0,0
10.0,3804.0,216.0,208.0,4.0,940.0,145.0,0
10.0,2935.0,195.0,80.0,3.0,390.0,160.0,0
13.0,519.0,197.0,253.0,1.0,1006.0,264.0,0
5.0,2650.0,252.0,261.0,1.0,807.0,114.0,1
9.0,353.0,128.0,161.0,7.0,875.0,38.0,0
3.0,647.0,148.0,253.0,7.0,1165.0,405.0,1
6.0,5550.0,16.0,11.0,1.0,815.0,54.0,0
10.0,4518.0,61.0,159.0,6.0,1115.0,105.0,0
12.0,6719.0,196.0,79.0,7.0,1006.0,119.0,0
1.0,1757.0,159.0,268.0,7.0,725.0,170.0,0
5.0,2727.0,16.0,104.0,6.0,735.0,115.0,0
5.0,1802.0,264.0,16.0,3.0,405.0,264.0,0
6.0,5088.0,16.0,132.0,4.0,600.0,67.0,1
10.0,4144.0,208.0,62.0,5.0,995.0,50.0,0
5.0,2703.0,71.0,173.0,4.0,985.0,128.0,0
12.0,6972.0,24.0,154.0,5.0,550.0,52.0,1
12.0,6589.0,154.0,280.0,5.0,1212.0,80.0,0
1.0,532.0,153.0,80.0,6.0,50.0,145.0,0
14.0,1411.0,60.0,213.0,7.0,710.0,121.0,1
1.0,438.0,277.0,183.0,7.0,1190.0,65.0,0
14.0,1710.0,60.0,173.0,6.0,782.0,98.0,0
16.0,3061.0,204.0,135.0,7.0,730.0,84.0,0
14.0,258.0,217.0,216.0,3.0,1425.0,254.0,1
15.0,2745.0,45.0,209.0,7.0,690.0,50.0,1
3.0,1330.0,45.0,35.0,4.0,1195.0,78.0,0
6.0,7338.0,275.0,177.0,1.0,1040.0,96.0,0
14.0,634.0,258.0,217.0,7.0,750.0,105.0,0
15.0,741.0,253.0,79.0,1.0,575.0,150.0,1
11.0,6343.0,85.0,22.0,4.0,915.0,105.0,0
8.0,186.0,16.0,78.0,1.0,620.0,105.0,1
3.0,401.0,35.0,198.0,7.0,672.0,229.0,0
4.0,348.0,96.0,253.0,7.0,1080.0,385.0,1
1.0,1720.0,252.0,80.0,3.0,505.0,230.0,0
4.0,169.0,153.0,96.0,3.0,702.0,287.0,1
6.0,4999.0,78.0,35.0,5.0,715.0,93.0,0
8.0,491.0,45.0,173.0,6.0,690.0,144.0,0
0.0,3657.0,273.0,16.0,1.0,763.0,154.0,1
12.0,6836.0,208.0,195.0,6.0,536.0,47.0,1
5.0,1940.0,253.0,148.0,3.0,690.0,340.0,1
15.0,1405.0,175.0,202.0,6.0,845.0,285.0,0
14.0,367.0,217.0,262.0,4.0,875.0,118.0,0
14.0,1516.0,45.0,216.0,1.0,450.0,52.0,0
3.0,1222.0,233.0,35.0,4.0,535.0,100.0,0
12.0,4558.0,261.0,279.0,6.0,826.0,142.0,0
16.0,2491.0,147.0,135.0,7.0,538.0,149.0,0
10.0,2927.0,80.0,94.0,7.0,540.0,110.0,1
6.0,7373.0,177.0,116.0,7.0,1180.0,76.0,0
13.0,869.0,79.0,253.0,6.0,494.0,176.0,0
0.0,3713.0,272.0,85.0,4.0,980.0,118.0,0
8.0,523.0,45.0,277.0,7.0,1225.0,150.0,0
15.0,719.0,45.0,173.0,1.0,1005.0,140.0,1
13.0,132.0,214.0,208.0,4.0,381.0,234.0,0
12.0,4490.0,261.0,224.0,6.0,1220.0,93.0,1
10.0,3236.0,118.0,80.0,7.0,730.0,50.0,0
3.0,152.0,241.0,148.0,5.0,953.0,167.0,0
2.0,859.0,252.0,128.0,3.0,1030.0,373.0,0
0.0,3845.0,85.0,152.0,4.0,525.0,39.0,1
5.0,2092.0,277.0,85.0,1.0,1082.0,157.0,0
0.0,3981.0,197.0,84.0,7.0,935.0,72.0,1
12.0,4802.0,80.0,261.0,3.0,360.0,168.0,1
12.0,4716.0,160.0,261.0,1.0,410.0,110.0,0
5.0,1510.0,79.0,85.0,7.0,685.0,170.0,1
3.0,1202.0,173.0,35.0,5.0,835.0,168.0,0
15.0,3247.0,280.0,154.0,1.0,1100.0,95.0,1
14.0,1621.0,96.0,60.0,5.0,780.0,118.0,1
14.0,683.0,217.0,96.0,1.0,980.0,275.0,0
6.0,5141.0,94.0,16.0,1.0,360.0,80.0,0
16.0,2543.0,245.0,96.0,1.0,735.0,127.0,0
10.0,3283.0,170.0,80.0,3.0,690.0,65.0,0
12.0,6889.0,208.0,91.0,3.0,1079.0,194.0,1
6.0,5196.0,85.0,205.0,7.0,520.0,125.0,1
17.0,2865.0,103.0,217.0,7.0,770.0,65.0,0
15.0,1206.0,18.0,104.0,6.0,675.0,155.0,0
14.0,407.0,217.0,253.0,1.0,885.0,125.0,0
14.0,931.0,60.0,147.0,1.0,1005.0,80.0,0
10.0,3732.0,197.0,208.0,4.0,920.0,95.0,1
0.0,4344.0,85.0,228.0,4.0,851.0,104.0,0
14.0,1267.0,159.0,216.0,1.0,360.0,57.0,0
1.0,1697.0,268.0,80.0,1.0,965.0,115.0,1
13.0,650.0,22.0,134.0,7.0,360.0,91.0,0
10.0,3715.0,208.0,216.0,4.0,1295.0,110.0,0
5.0,2528.0,267.0,16.0,5.0,804.0,101.0,1
15.0,2794.0,129.0,202.0,4.0,635.0,255.0,0
15.0,2594.0,79.0,243.0,6.0,1130.0,150.0,1
12.0,6965.0,19.0,208.0,3.0,361.0,109.0,0
0.0,4171.0,90.0,85.0,5.0,735.0,86.0,1
8.0,1048.0,241.0,78.0,4.0,707.0,133.0,1
16.0,5983.0,58.0,134.0,4.0,360.0,75.0,0
14.0,989.0,60.0,104.0,3.0,480.0,119.0,0
10.0,4081.0,208.0,139.0,4.0,820.0,60.0,0
3.0,1126.0,104.0,233.0,1.0,745.0,119.0,0
2.0,62.0,98.0,14.0,3.0,360.0,70.0,0
2.0,340.0,252.0,202.0,7.0,370.0,122.0,0
8.0,144.0,16.0,85.0,6.0,1325.0,114.0,0
15.0,1050.0,233.0,45.0,3.0,840.0,60.0,0
4.0,1197.0,35.0,96.0,3.0,1065.0,97.0,0
0.0,3691.0,16.0,238.0,5.0,1305.0,125.0,0
1.0,697.0,104.0,80.0,3.0,365.0,190.0,0
15.0,1537.0,175.0,58.0,5.0,1230.0,70.0,1
10.0,3756.0,208.0,261.0,4.0,775.0,210.0,1
15.0,2839.0,175.0,268.0,6.0,510.0,65.0,1
11.0,6641.0,120.0,85.0,7.0,757.0,112.0,0
12.0,6243.0,154.0,153.0,7.0,662.0,80.0,0
5.0,1136.0,261.0,16.0,6.0,510.0,220.0,0
5.0,1204.0,177.0,16.0,4.0,634.0,81.0,1
1.0,114.0,154.0,96.0,4.0,495.0,325.0,0
4.0,1645.0,58.0,135.0,4.0,1077.0,190.0,0
16.0,5998.0,208.0,132.0,5.0,785.0,99.0,0
5.0,1900.0,16.0,35.0,7.0,675.0,154.0,0
5.0,2255.0,159.0,241.0,4.0,1085.0,204.0,0
12.0,6762.0,246.0,79.0,4.0,880.0,142.0,0
10.0,4061.0,208.0,254.0,4.0,1080.0,100.0,0
12.0,4766.0,230.0,197.0,3.0,713.0,92.0,0
15.0,526.0,217.0,44.0,5.0,905.0,85.0,0
1.0,1333.0,35.0,80.0,7.0,1255.0,255.0,0
10.0,2795.0,80.0,54.0,3.0,1100.0,140.0,0
6.0,5141.0,94.0,16.0,4.0,360.0,80.0,0
15.0,3063.0,162.0,75.0,6.0,850.0,65.0,1
17.0,7263.0,60.0,134.0,4.0,880.0,90.0,0
1.0,2411.0,80.0,154.0,3.0,475.0,205.0,1
12.0,7774.0,255.0,261.0,5.0,1078.0,77.0,0
15.0,864.0,45.0,79.0,3.0,1130.0,255.0,1
16.0,2354.0,251.0,58.0,4.0,790.0,64.0,0
5.0,1407.0,198.0,177.0,1.0,996.0,86.0,0
16.0,2853.0,61.0,135.0,7.0,1055.0,178.0,0
16.0,2432.0,135.0,213.0,3.0,490.0,144.0,1
10.0,2879.0,80.0,290.0,4.0,1170.0,70.0,0
0.0,3800.0,215.0,16.0,4.0,1050.0,124.0,1
9.0,47.0,202.0,128.0,1.0,535.0,335.0,0
7.0,834.0,79.0,85.0,5.0,1150.0,162.0,0
6.0,5349.0,247.0,85.0,5.0,1043.0,67.0,1
1.0,2473.0,80.0,154.0,7.0,1120.0,200.0,1
16.0,2586.0,135.0,139.0,5.0,480.0,133.0,0
7.0,170.0,280.0,79.0,5.0,465.0,108.0,0
5.0,2930.0,197.0,35.0,6.0,1135.0,162.0,0
4.0,370.0,135.0,253.0,7.0,865.0,255.0,1
1.0,1135.0,27.0,80.0,6.0,1045.0,130.0,0
14.0,2115.0,35.0,159.0,5.0,360.0,70.0,0
15.0,964.0,43.0,173.0,1.0,1015.0,170.0,1
11.0,6297.0,159.0,139.0,3.0,920.0,157.0,0
10.0,3983.0,94.0,208.0,7.0,625.0,80.0,1
13.0,547.0,208.0,153.0,3.0,621.0,241.0,0
1.0,784.0,80.0,159.0,4.0,1260.0,190.0,1
16.0,5917.0,208.0,139.0,1.0,875.0,57.0,1
10.0,3825.0,261.0,208.0,3.0,430.0,200.0,0
14.0,966.0,78.0,60.0,4.0,559.0,101.0,0
15.0,1566.0,262.0,207.0,3.0,1165.0,75.0,1
15.0,910.0,153.0,33.0,7.0,680.0,210.0,0
12.0,6361.0,79.0,65.0,4.0,1017.0,33.0,1
15.0,32.0,129.0,75.0,3.0,840.0,55.0,1
16.0,5928.0,208.0,157.0,1.0,785.0,71.0,0
15.0,220.0,129.0,170.0,3.0,530.0,85.0,1
14.0,965.0,216.0,253.0,3.0,845.0,380.0,0
14.0,1406.0,216.0,35.0,6.0,1230.0,76.0,1
6.0,5218.0,273.0,16.0,4.0,345.0,158.0,1
12.0,6334.0,196.0,79.0,6.0,512.0,123.0,0
12.0,6521.0,154.0,258.0,7.0,1345.0,73.0,1
15.0,3332.0,153.0,155.0,6.0,870.0,120.0,1
2.0,517.0,264.0,252.0,4.0,480.0,173.0,0
14.0,2166.0,78.0,159.0,3.0,600.0,80.0,0
4.0,757.0,58.0,153.0,5.0,1005.0,268.0,1
5.0,2096.0,197.0,159.0,4.0,600.0,166.0,0
12.0,6953.0,208.0,34.0,1.0,740.0,229.0,0
13.0,329.0,79.0,217.0,7.0,1154.0,118.0,0
15.0,300.0,197.0,268.0,4.0,1150.0,90.0,1
8.0,62.0,16.0,134.0,3.0,525.0,102.0,0
5.0,175.0,16.0,173.0,5.0,1365.0,84.0,0
16.0,2164.0,221.0,96.0,3.0,383.0,83.0,0
12.0,6498.0,154.0,280.0,3.0,976.0,78.0,0
0.0,4166.0,58.0,148.0,4.0,1020.0,130.0,1
1.0,1361.0,132.0,80.0,3.0,385.0,135.0,0
5.0,2479.0,16.0,74.0,5.0,795.0,80.0,1
14.0,1175.0,260.0,60.0,7.0,825.0,227.0,0
9.0,114.0,128.0,203.0,5.0,394.0,36.0,0
7.0,788.0,153.0,79.0,1.0,1099.0,110.0,0
6.0,5164.0,16.0,47.0,7.0,1077.0,63.0,0
5.0,2140.0,153.0,261.0,6.0,1102.0,83.0,1
6.0,5162.0,16.0,101.0,4.0,1137.0,77.0,0
14.0,1989.0,233.0,60.0,5.0,435.0,65.0,0
8.0,1255.0,277.0,139.0,4.0,740.0,136.0,0
6.0,7329.0,285.0,16.0,1.0,782.0,68.0,1
15.0,1823.0,268.0,175.0,6.0,900.0,60.0,0
15.0,2705.0,45.0,61.0,7.0,1210.0,80.0,1
8.0,1966.0,16.0,173.0,7.0,1270.0,86.0,0
2.0,636.0,252.0,217.0,5.0,750.0,163.0,0
7.0,320.0,184.0,78.0,4.0,495.0,110.0,0
8.0,104.0,80.0,16.0,5.0,652.0,118.0,1
13.0,433.0,134.0,18.0,1.0,506.0,229.0,0
15.0,1714.0,277.0,61.0,4.0,950.0,135.0,1
0.0,3733.0,16.0,135.0,5.0,725.0,140.0,1
15.0,1418.0,61.0,175.0,6.0,535.0,70.0,0
5.0,2139.0,78.0,16.0,1.0,1020.0,125.0,1
1.0,1965.0,80.0,253.0,1.0,535.0,240.0,1
1.0,708.0,18.0,80.0,1.0,360.0,60.0,0
12.0,4711.0,197.0,290.0,4.0,935.0,109.0,0
5.0,2283.0,16.0,198.0,1.0,510.0,108.0,0
14.0,145.0,217.0,61.0,7.0,960.0,212.0,0
12.0,6663.0,79.0,93.0,1.0,713.0,173.0,0
16.0,3150.0,213.0,58.0,5.0,725.0,157.0,0
15.0,941.0,141.0,45.0,7.0,745.0,75.0,1
5.0,2261.0,233.0,85.0,1.0,975.0,115.0,0
5.0,2197.0,85.0,197.0,3.0,1310.0,123.0,1
7.0,796.0,214.0,79.0,4.0,904.0,143.0,1
8.0,451.0,198.0,16.0,3.0,803.0,81.0,1
10.0,3131.0,154.0,258.0,7.0,1095.0,75.0,0
5.0,2505.0,197.0,253.0,4.0,1290.0,247.0,0
6.0,5034.0,16.0,287.0,4.0,590.0,80.0,0
12.0,6296.0,79.0,207.0,3.0,573.0,142.0,0
10.0,4045.0,208.0,77.0,5.0,960.0,55.0,0
15.0,156.0,175.0,45.0,1.0,555.0,110.0,1
0.0,3722.0,16.0,109.0,6.0,1164.0,106.0,0
5.0,2120.0,85.0,96.0,1.0,610.0,108.0,1
1.0,428.0,135.0,80.0,5.0,840.0,70.0,1
13.0,976.0,79.0,134.0,6.0,949.0,201.0,0
15.0,693.0,217.0,202.0,4.0,790.0,125.0,1
3.0,312.0,104.0,134.0,1.0,930.0,146.0,0
6.0,5105.0,147.0,85.0,4.0,530.0,148.0,0
17.0,2633.0,134.0,60.0,7.0,1083.0,90.0,1
12.0,6230.0,214.0,93.0,3.0,675.0,36.0,0
5.0,1684.0,258.0,16.0,5.0,1360.0,262.0,1
13.0,370.0,80.0,134.0,1.0,713.0,182.0,0
5.0,2119.0,159.0,197.0,4.0,485.0,192.0,0
8.0,786.0,159.0,215.0,4.0,1181.0,82.0,0
10.0,2891.0,80.0,56.0,5.0,1010.0,120.0,0
13.0,608.0,172.0,208.0,7.0,457.0,90.0,0
15.0,1852.0,216.0,35.0,5.0,425.0,85.0,1
10.0,4202.0,208.0,0.0,4.0,1205.0,110.0,0
10.0,2977.0,80.0,70.0,3.0,765.0,115.0,1
8.0,533.0,177.0,16.0,7.0,425.0,85.0,0
4.0,206.0,135.0,277.0,3.0,795.0,125.0,1
1.0,846.0,269.0,183.0,4.0,535.0,180.0,1
17.0,7278.0,208.0,273.0,5.0,998.0,99.0,0
14.0,1515.0,273.0,60.0,1.0,490.0,137.0,0
10.0,4580.0,60.0,159.0,1.0,1100.0,125.0,0
0.0,4153.0,171.0,85.0,5.0,495.0,59.0,0
15.0,270.0,244.0,75.0,7.0,1165.0,60.0,1
6.0,4950.0,16.0,157.0,7.0,730.0,74.0,0
16.0,2948.0,135.0,184.0,7.0,955.0,150.0,1
3.0,98.0,79.0,148.0,4.0,59.0,213.0,1
15.0,1302.0,243.0,280.0,7.0,450.0,70.0,1
12.0,6275.0,111.0,252.0,1.0,890.0,72.0,1
14.0,2166.0,78.0,159.0,4.0,600.0,80.0,0
14.0,77.0,35.0,217.0,1.0,980.0,353.0,1
1.0,607.0,35.0,208.0,6.0,1035.0,185.0,1
13.0,311.0,96.0,79.0,4.0,475.0,279.0,0
10.0,3244.0,80.0,41.0,5.0,420.0,80.0,0
15.0,2012.0,236.0,258.0,1.0,620.0,60.0,1
5.0,2452.0,198.0,159.0,5.0,420.0,175.0,0
2.0,325.0,258.0,252.0,1.0,745.0,127.0,0
5.0,1258.0,16.0,147.0,5.0,645.0,77.0,1
5.0,2302.0,277.0,177.0,3.0,1034.0,126.0,0
10.0,3692.0,183.0,234.0,4.0,730.0,140.0,0
15.0,357.0,27.0,45.0,5.0,730.0,110.0,1
17.0,1015.0,128.0,203.0,5.0,835.0,35.0,0
6.0,5325.0,169.0,16.0,6.0,827.0,97.0,1
13.0,318.0,79.0,279.0,4.0,1228.0,97.0,0
1.0,1145.0,80.0,44.0,7.0,785.0,205.0,0
5.0,2510.0,80.0,16.0,7.0,495.0,125.0,0
15.0,3067.0,233.0,175.0,4.0,1040.0,130.0,1
15.0,1685.0,258.0,243.0,7.0,1225.0,75.0,1
5.0,2149.0,85.0,252.0,5.0,515.0,302.0,1
14.0,622.0,217.0,153.0,7.0,965.0,70.0,1
7.0,516.0,214.0,79.0,5.0,660.0,142.0,1
16.0,2451.0,268.0,96.0,1.0,875.0,149.0,1
14.0,1768.0,80.0,60.0,5.0,730.0,144.0,0
5.0,80.0,173.0,148.0,6.0,723.0,155.0,0
5.0,1289.0,16.0,264.0,5.0,1221.0,301.0,0
17.0,2628.0,120.0,60.0,7.0,770.0,54.0,0
5.0,1008.0,16.0,233.0,3.0,675.0,85.0,0
5.0,2830.0,197.0,35.0,7.0,920.0,170.0,0
11.0,6683.0,85.0,76.0,7.0,1175.0,68.0,1
5.0,2490.0,214.0,197.0,6.0,410.0,196.0,0
15.0,756.0,217.0,153.0,5.0,820.0,65.0,0
7.0,138.0,79.0,80.0,4.0,955.0,108.0,0
1.0,1668.0,80.0,279.0,5.0,840.0,60.0,0
6.0,5527.0,16.0,36.0,4.0,915.0,70.0,1
3.0,152.0,241.0,148.0,6.0,953.0,167.0,0
15.0,637.0,175.0,221.0,4.0,1030.0,80.0,1
12.0,4668.0,261.0,79.0,4.0,405.0,85.0,0
4.0,1685.0,58.0,104.0,6.0,545.0,172.0,1
13.0,492.0,253.0,268.0,7.0,752.0,226.0,0
4.0,1.0,135.0,128.0,6.0,565.0,505.0,1
5.0,2916.0,197.0,46.0,4.0,1290.0,154.0,1
15.0,3586.0,243.0,258.0,3.0,1185.0,80.0,0
5.0,2843.0,96.0,16.0,4.0,1080.0,157.0,1
14.0,1295.0,78.0,147.0,7.0,1195.0,127.0,1
5.0,2958.0,60.0,85.0,4.0,571.0,119.0,0
8.0,71.0,16.0,104.0,3.0,865.0,110.0,1
9.0,261.0,143.0,128.0,3.0,1040.0,49.0,0
1.0,2024.0,80.0,33.0,6.0,730.0,100.0,0
14.0,938.0,60.0,159.0,6.0,695.0,111.0,1
15.0,369.0,153.0,204.0,6.0,970.0,140.0,0
0.0,3757.0,25.0,85.0,3.0,360.0,103.0,0
5.0,1213.0,16.0,223.0,4.0,1138.0,73.0,0
10.0,4006.0,208.0,52.0,7.0,855.0,95.0,1
15.0,1013.0,79.0,175.0,1.0,1075.0,135.0,1
13.0,64.0,214.0,79.0,7.0,495.0,155.0,0
15.0,756.0,18.0,217.0,3.0,690.0,155.0,1
12.0,6402.0,93.0,253.0,7.0,1137.0,87.0,1
12.0,6732.0,194.0,79.0,6.0,360.0,146.0,0
5.0,2570.0,154.0,261.0,1.0,375.0,119.0,0
5.0,2413.0,71.0,241.0,3.0,555.0,155.0,1
5.0,1465.0,148.0,253.0,3.0,1035.0,395.0,1
10.0,3920.0,109.0,208.0,7.0,705.0,60.0,1
15.0,3411.0,172.0,154.0,3.0,705.0,225.0,1
10.0,3190.0,154.0,258.0,1.0,510.0,75.0,0
16.0,2445.0,35.0,58.0,3.0,370.0,125.0,0
15.0,977.0,45.0,244.0,6.0,965.0,245.0,1
12.0,4869.0,177.0,261.0,5.0,395.0,206.0,0
16.0,2938.0,135.0,132.0,7.0,1170.0,103.0,0
12.0,6330.0,253.0,224.0,5.0,567.0,113.0,0
12.0,6916.0,2.0,79.0,6.0,1004.0,76.0,0
10.0,2850.0,242.0,80.0,7.0,960.0,100.0,0
1.0,1347.0,244.0,80.0,5.0,470.0,70.0,0
5.0,447.0,184.0,85.0,5.0,980.0,70.0,0
5.0,1012.0,135.0,16.0,1.0,420.0,130.0,0
15.0,1269.0,217.0,207.0,6.0,585.0,75.0,0
10.0,3302.0,187.0,80.0,5.0,380.0,140.0,0
5.0,2864.0,173.0,177.0,4.0,446.0,129.0,0
1.0,1694.0,80.0,33.0,5.0,840.0,100.0,0
15.0,1783.0,33.0,61.0,3.0,1200.0,70.0,1
1.0,531.0,78.0,268.0,1.0,960.0,135.0,0
16.0,2298.0,135.0,139.0,4.0,935.0,130.0,0
14.0,1178.0,213.0,60.0,1.0,620.0,113.0,0
15.0,2633.0,243.0,253.0,4.0,770.0,90.0,1
15.0,3071.0,258.0,44.0,4.0,565.0,60.0,0
15.0,3588.0,153.0,243.0,5.0,855.0,65.0,0
16.0,2038.0,195.0,58.0,3.0,960.0,78.0,1
10.0,2812.0,80.0,165.0,5.0,995.0,85.0,0
16.0,2837.0,172.0,58.0,5.0,1189.0,103.0,1
14.0,1274.0,182.0,216.0,6.0,420.0,93.0,0
13.0,622.0,197.0,208.0,4.0,882.0,86.0,0
5.0,2250.0,153.0,197.0,1.0,950.0,187.0,1
1.0,2347.0,208.0,80.0,5.0,1085.0,150.0,1
5.0,1617.0,54.0,16.0,6.0,445.0,80.0,0
4.0,586.0,135.0,173.0,1.0,465.0,133.0,1
6.0,5373.0,16.0,273.0,1.0,925.0,130.0,1
5.0,1406.0,154.0,85.0,5.0,1394.0,265.0,1
15.0,1396.0,202.0,153.0,4.0,1210.0,85.0,0
15.0,794.0,35.0,217.0,5.0,690.0,365.0,1
15.0,371.0,61.0,173.0,5.0,1010.0,135.0,1
15.0,1252.0,268.0,45.0,1.0,400.0,120.0,1
16.0,5974.0,208.0,20.0,7.0,1160.0,105.0,1
13.0,733.0,79.0,253.0,4.0,824.0,165.0,0
10.0,4168.0,234.0,208.0,4.0,850.0,135.0,0
16.0,5915.0,208.0,99.0,5.0,491.0,113.0,0
14.0,1952.0,60.0,43.0,6.0,1335.0,98.0,0
10.0,3277.0,80.0,5.0,7.0,1215.0,40.0,1
12.0,6432.0,177.0,208.0,5.0,1108.0,107.0,1
11.0,6440.0,120.0,71.0,3.0,1085.0,92.0,0
1.0,374.0,208.0,159.0,1.0,725.0,125.0,1
0.0,3845.0,20.0,85.0,4.0,360.0,105.0,0
11.0,6698.0,208.0,197.0,5.0,732.0,93.0,1
1.0,1720.0,80.0,134.0,5.0,910.0,160.0,0
14.0,1468.0,277.0,78.0,1.0,805.0,124.0,0
3.0,510.0,104.0,96.0,7.0,1290.0,163.0,1
12.0,4511.0,79.0,261.0,3.0,880.0,89.0,0
8.0,1400.0,238.0,173.0,7.0,797.0,168.0,0
12.0,4702.0,160.0,261.0,1.0,756.0,105.0,0
14.0,1507.0,45.0,60.0,3.0,420.0,97.0,0
1.0,1543.0,33.0,80.0,3.0,515.0,130.0,0
14.0,1223.0,228.0,78.0,7.0,370.0,88.0,0
14.0,281.0,85.0,217.0,7.0,680.0,263.0,0
15.0,8.0,75.0,172.0,7.0,555.0,85.0,0
15.0,2594.0,134.0,79.0,6.0,980.0,240.0,1
4.0,1620.0,135.0,217.0,6.0,729.0,169.0,1
16.0,2022.0,135.0,139.0,7.0,825.0,130.0,1
5.0,1838.0,245.0,16.0,5.0,918.0,75.0,1
10.0,4213.0,208.0,43.0,6.0,505.0,95.0,0
6.0,5265.0,273.0,85.0,4.0,360.0,115.0,1
5.0,2474.0,173.0,197.0,1.0,1085.0,206.0,0
14.0,1982.0,60.0,35.0,5.0,475.0,123.0,0
15.0,1228.0,202.0,154.0,5.0,680.0,70.0,1
10.0,4523.0,35.0,159.0,7.0,990.0,80.0,0
17.0,2653.0,60.0,18.0,5.0,965.0,189.0,0
17.0,2625.0,233.0,60.0,5.0,556.0,68.0,0
0.0,3991.0,85.0,175.0,7.0,750.0,73.0,1
15.0,1069.0,61.0,173.0,4.0,785.0,135.0,1
5.0,1664.0,268.0,197.0,4.0,460.0,96.0,1
4.0,1637.0,178.0,135.0,4.0,825.0,69.0,1
2.0,330.0,252.0,258.0,5.0,1195.0,124.0,0
4.0,582.0,135.0,35.0,5.0,1125.0,225.0,0
8.0,1051.0,173.0,0.0,1.0,945.0,143.0,0
6.0,5287.0,10.0,16.0,6.0,880.0,97.0,0
12.0,4481.0,261.0,34.0,5.0,615.0,68.0,0
5.0,2154.0,154.0,16.0,6.0,375.0,253.0,0
15.0,2027.0,129.0,45.0,3.0,725.0,170.0,1
5.0,2175.0,197.0,80.0,3.0,865.0,150.0,0
15.0,1774.0,217.0,252.0,5.0,720.0,195.0,1
15.0,897.0,217.0,264.0,4.0,445.0,80.0,0
16.0,2562.0,135.0,75.0,5.0,1050.0,61.0,0
1.0,1185.0,80.0,214.0,3.0,570.0,245.0,1
15.0,3773.0,147.0,45.0,7.0,1090.0,110.0,0
2.0,55.0,249.0,39.0,7.0,578.0,43.0,0
14.0,1470.0,216.0,273.0,7.0,1240.0,64.0,0
0.0,4162.0,85.0,238.0,5.0,1045.0,79.0,1
12.0,6977.0,208.0,261.0,5.0,1205.0,207.0,0
4.0,658.0,135.0,78.0,4.0,1145.0,168.0,1
7.0,100.0,79.0,197.0,4.0,947.0,113.0,1
10.0,4042.0,254.0,208.0,4.0,425.0,105.0,0
15.0,1296.0,198.0,129.0,4.0,505.0,80.0,0
5.0,2710.0,80.0,16.0,4.0,345.0,132.0,0
6.0,5276.0,52.0,16.0,6.0,520.0,60.0,0
2.0,742.0,252.0,16.0,6.0,560.0,289.0,1
17.0,2790.0,217.0,160.0,5.0,920.0,78.0,0
15.0,1289.0,262.0,217.0,4.0,605.0,105.0,0
6.0,5310.0,16.0,11.0,6.0,735.0,51.0,0
10.0,3716.0,16.0,208.0,3.0,980.0,125.0,1
4.0,1844.0,135.0,58.0,1.0,870.0,162.0,0
10.0,3908.0,69.0,208.0,6.0,410.0,105.0,0
5.0,1661.0,85.0,16.0,4.0,370.0,136.0,0
14.0,627.0,221.0,217.0,4.0,1050.0,281.0,1
15.0,1586.0,221.0,277.0,6.0,465.0,155.0,0
5.0,1587.0,16.0,172.0,3.0,1139.0,148.0,1
16.0,2970.0,155.0,135.0,1.0,660.0,84.0,0
5.0,1166.0,241.0,71.0,7.0,730.0,144.0,0
6.0,5036.0,16.0,70.0,5.0,1220.0,45.0,1
1.0,1707.0,153.0,154.0,3.0,985.0,70.0,0
4.0,1790.0,135.0,183.0,1.0,810.0,146.0,0
0.0,4377.0,85.0,245.0,4.0,605.0,134.0,0
10.0,2920.0,62.0,80.0,3.0,440.0,145.0,0
14.0,1021.0,159.0,60.0,7.0,495.0,127.0,1
17.0,2730.0,177.0,217.0,3.0,450.0,223.0,1
6.0,5123.0,190.0,16.0,1.0,714.0,76.0,0
5.0,1565.0,85.0,16.0,7.0,930.0,132.0,1
10.0,4142.0,208.0,221.0,3.0,730.0,85.0,1
8.0,1090.0,173.0,139.0,3.0,1243.0,140.0,0
4.0,1723.0,135.0,207.0,4.0,585.0,215.0,1
12.0,6598.0,253.0,262.0,5.0,442.0,43.0,1
12.0,6475.0,292.0,154.0,7.0,1131.0,77.0,0
10.0,4659.0,16.0,159.0,1.0,930.0,130.0,0
11.0,6750.0,198.0,197.0,6.0,1080.0,171.0,0
15.0,1828.0,175.0,35.0,6.0,670.0,135.0,0
0.0,3854.0,82.0,197.0,3.0,320.0,58.0,1
11.0,6310.0,33.0,71.0,3.0,965.0,66.0,0
5.0,420.0,260.0,16.0,5.0,580.0,238.0,0
5.0,2648.0,16.0,43.0,6.0,536.0,135.0,0
15.0,1664.0,258.0,154.0,4.0,730.0,70.0,0
13.0,782.0,2.0,134.0,1.0,485.0,223.0,0
5.0,1551.0,197.0,153.0,6.0,1025.0,206.0,1
1.0,1589.0,33.0,80.0,7.0,775.0,125.0,0
1.0,1935.0,80.0,18.0,3.0,970.0,60.0,1
15.0,3307.0,175.0,243.0,3.0,530.0,275.0,1
15.0,1499.0,279.0,129.0,1.0,740.0,95.0,0
12.0,6282.0,144.0,154.0,3.0,741.0,56.0,0
15.0,1711.0,258.0,207.0,6.0,500.0,70.0,0
15.0,647.0,279.0,75.0,5.0,660.0,60.0,0
13.0,856.0,154.0,134.0,7.0,705.0,285.0,1
9.0,115.0,203.0,128.0,1.0,458.0,34.0,1
10.0,3016.0,243.0,154.0,3.0,475.0,40.0,0
2.0,316.0,252.0,253.0,6.0,880.0,123.0,1
6.0,5573.0,16.0,290.0,6.0,905.0,122.0,0
12.0,6911.0,208.0,184.0,3.0,562.0,42.0,1
13.0,593.0,35.0,79.0,3.0,1071.0,289.0,1
3.0,184.0,243.0,148.0,4.0,755.0,319.0,0
0.0,4246.0,85.0,139.0,5.0,735.0,73.0,0
4.0,1623.0,135.0,198.0,5.0,518.0,67.0,0
5.0,371.0,16.0,135.0,5.0,445.0,140.0,0
15.0,2710.0,233.0,268.0,3.0,1060.0,140.0,1
5.0,2778.0,261.0,177.0,5.0,830.0,182.0,1
3.0,688.0,78.0,35.0,5.0,1080.0,83.0,0
16.0,2281.0,223.0,135.0,7.0,390.0,99.0,0
6.0,5190.0,16.0,275.0,4.0,970.0,66.0,0
0.0,4136.0,85.0,142.0,1.0,880.0,83.0,0
6.0,5356.0,16.0,52.0,3.0,1310.0,51.0,1
2.0,368.0,252.0,262.0,1.0,630.0,106.0,0
15.0,2951.0,154.0,175.0,6.0,375.0,240.0,0
5.0,2107.0,111.0,197.0,5.0,800.0,169.0,1
16.0,2189.0,135.0,75.0,4.0,480.0,63.0,0
10.0,4289.0,52.0,208.0,4.0,1035.0,110.0,0
0.0,3896.0,85.0,107.0,7.0,1175.0,140.0,1
10.0,4081.0,208.0,139.0,3.0,820.0,60.0,1
16.0,5977.0,134.0,71.0,4.0,1051.0,100.0,0
13.0,618.0,208.0,78.0,1.0,897.0,111.0,1
5.0,1610.0,79.0,85.0,5.0,485.0,169.0,0
7.0,532.0,175.0,79.0,5.0,1130.0,157.0,0
10.0,4087.0,0.0,208.0,4.0,1145.0,150.0,1
5.0,1737.0,45.0,85.0,1.0,585.0,95.0,1
10.0,3983.0,94.0,208.0,5.0,625.0,80.0,0
4.0,709.0,135.0,214.0,5.0,1065.0,282.0,1
15.0,872.0,175.0,153.0,4.0,450.0,255.0,0
8.0,80.0,104.0,16.0,1.0,688.0,117.0,0
1.0,779.0,208.0,243.0,5.0,685.0,260.0,0
1.0,1109.0,80.0,18.0,6.0,430.0,60.0,0
5.0,1184.0,16.0,261.0,7.0,646.0,262.0,0
11.0,6501.0,233.0,173.0,7.0,700.0,120.0,1
12.0,6880.0,79.0,261.0,5.0,500.0,101.0,0
12.0,6888.0,208.0,91.0,6.0,603.0,216.0,1
13.0,547.0,208.0,153.0,4.0,621.0,241.0,1
5.0,1286.0,209.0,16.0,7.0,883.0,117.0,1
5.0,1981.0,197.0,177.0,7.0,390.0,125.0,1
12.0,4586.0,261.0,205.0,4.0,830.0,144.0,1
14.0,1905.0,78.0,104.0,7.0,625.0,156.0,1
5.0,2633.0,175.0,16.0,7.0,992.0,120.0,1
4.0,245.0,58.0,135.0,4.0,770.0,186.0,1
15.0,2205.0,243.0,202.0,4.0,470.0,85.0,0
9.0,22.0,128.0,252.0,7.0,885.0,335.0,1
10.0,3645.0,183.0,177.0,6.0,680.0,155.0,0
6.0,5576.0,16.0,146.0,6.0,1041.0,85.0,0
4.0,304.0,96.0,214.0,7.0,585.0,367.0,0
10.0,3529.0,80.0,184.0,5.0,925.0,135.0,1
13.0,110.0,173.0,208.0,5.0,1021.0,182.0,0
15.0,2022.0,104.0,153.0,3.0,465.0,340.0,0
4.0,1177.0,35.0,96.0,4.0,925.0,102.0,0
15.0,1382.0,153.0,27.0,5.0,570.0,210.0,1
5.0,2739.0,78.0,16.0,1.0,479.0,127.0,0
5.0,1297.0,148.0,16.0,3.0,360.0,168.0,0
0.0,3755.0,85.0,240.0,5.0,515.0,109.0,0
11.0,6484.0,16.0,120.0,6.0,1319.0,90.0,0
15.0,704.0,236.0,34.0,4.0,500.0,65.0,0
4.0,93.0,253.0,135.0,4.0,745.0,225.0,0
3.0,456.0,104.0,35.0,6.0,880.0,186.0,0
5.0,2217.0,85.0,153.0,5.0,515.0,285.0,0
13.0,818.0,134.0,35.0,4.0,1330.0,94.0,0
1.0,1802.0,244.0,80.0,7.0,1005.0,70.0,0
16.0,2876.0,68.0,135.0,1.0,860.0,57.0,0
8.0,225.0,153.0,184.0,7.0,1439.0,205.0,0
11.0,6772.0,139.0,78.0,5.0,743.0,96.0,0
16.0,2485.0,209.0,135.0,7.0,360.0,199.0,0
15.0,2038.0,175.0,61.0,1.0,805.0,65.0,1
9.0,335.0,203.0,128.0,5.0,980.0,34.0,0
3.0,130.0,148.0,43.0,4.0,1110.0,93.0,0
5.0,1605.0,85.0,173.0,3.0,500.0,175.0,1
17.0,2674.0,154.0,153.0,7.0,990.0,64.0,0
12.0,7764.0,261.0,220.0,6.0,485.0,67.0,0
6.0,5155.0,177.0,132.0,5.0,880.0,58.0,0
10.0,3214.0,259.0,80.0,5.0,545.0,60.0,0
1.0,2094.0,80.0,173.0,3.0,1040.0,150.0,0
1.0,1543.0,33.0,80.0,7.0,515.0,130.0,0
8.0,1453.0,213.0,130.0,3.0,767.0,163.0,1
6.0,4983.0,130.0,16.0,1.0,1023.0,156.0,0
6.0,5266.0,16.0,180.0,6.0,770.0,54.0,1
11.0,6313.0,119.0,71.0,5.0,690.0,71.0,0
15.0,350.0,173.0,141.0,5.0,735.0,145.0,1
5.0,1669.0,16.0,173.0,3.0,1140.0,95.0,0
2.0,73.0,257.0,149.0,7.0,365.0,42.0,0
5.0,1733.0,148.0,261.0,4.0,1145.0,332.0,0
0.0,4380.0,85.0,247.0,7.0,1180.0,65.0,1
15.0,1370.0,202.0,44.0,1.0,970.0,65.0,1
16.0,2868.0,268.0,96.0,3.0,1020.0,145.0,0
5.0,2381.0,16.0,241.0,1.0,657.0,102.0,0
3.0,78.0,173.0,148.0,6.0,1130.0,154.0,1
1.0,85.0,148.0,253.0,6.0,930.0,400.0,0
5.0,2117.0,61.0,16.0,3.0,1020.0,101.0,1
15.0,1931.0,75.0,244.0,5.0,1145.0,60.0,1
9.0,556.0,128.0,203.0,5.0,1170.0,37.0,0
15.0,1663.0,277.0,216.0,1.0,445.0,150.0,0
10.0,4592.0,197.0,159.0,3.0,810.0,165.0,1
4.0,700.0,104.0,96.0,6.0,651.0,168.0,0
5.0,1430.0,85.0,221.0,7.0,1050.0,68.0,0
15.0,780.0,268.0,173.0,3.0,785.0,140.0,1
9.0,353.0,128.0,161.0,5.0,875.0,38.0,1
14.0,1586.0,60.0,216.0,4.0,1334.0,94.0,0
1.0,545.0,80.0,135.0,7.0,1085.0,65.0,0
5.0,2448.0,71.0,241.0,7.0,1225.0,137.0,1
7.0,283.0,268.0,79.0,6.0,865.0,140.0,0
10.0,2802.0,284.0,80.0,1.0,655.0,50.0,0
15.0,509.0,202.0,217.0,3.0,555.0,110.0,1
6.0,5325.0,169.0,16.0,5.0,827.0,97.0,0
1.0,740.0,154.0,153.0,7.0,1010.0,75.0,1
1.0,1119.0,78.0,183.0,5.0,800.0,160.0,1
3.0,1439.0,253.0,160.0,3.0,1079.0,80.0,1
5.0,1187.0,85.0,16.0,3.0,450.0,142.0,0
1.0,481.0,79.0,80.0,6.0,795.0,115.0,1
4.0,458.0,135.0,78.0,3.0,775.0,165.0,0
6.0,5551.0,16.0,251.0,3.0,645.0,86.0,0
11.0,6583.0,175.0,197.0,5.0,985.0,96.0,0
14.0,1444.0,60.0,233.0,4.0,780.0,49.0,1
14.0,522.0,217.0,236.0,7.0,665.0,113.0,0
5.0,1932.0,147.0,16.0,6.0,510.0,89.0,0
7.0,868.0,217.0,79.0,6.0,465.0,105.0,0
5.0,1523.0,35.0,85.0,4.0,988.0,140.0,1
1.0,699.0,251.0,80.0,5.0,1170.0,140.0,1
6.0,5168.0,16.0,19.0,4.0,757.0,56.0,0
15.0,288.0,43.0,175.0,5.0,620.0,105.0,0
16.0,2017.0,96.0,221.0,7.0,505.0,102.0,0
15.0,719.0,43.0,45.0,3.0,905.0,70.0,1
1.0,1130.0,243.0,80.0,5.0,750.0,175.0,0
10.0,4582.0,159.0,60.0,4.0,510.0,125.0,0
10.0,3264.0,80.0,290.0,4.0,495.0,65.0,0
15.0,410.0,61.0,175.0,4.0,365.0,70.0,0
1.0,309.0,208.0,217.0,4.0,640.0,230.0,0
15.0,460.0,214.0,175.0,3.0,445.0,240.0,1
15.0,1448.0,45.0,129.0,6.0,940.0,225.0,1
0.0,4287.0,85.0,22.0,3.0,630.0,108.0,0
6.0,5252.0,275.0,104.0,5.0,1135.0,84.0,0
16.0,2444.0,197.0,58.0,4.0,1089.0,100.0,0
4.0,47.0,135.0,154.0,3.0,1150.0,223.0,1
10.0,3204.0,80.0,256.0,3.0,475.0,55.0,0
1.0,1303.0,277.0,80.0,1.0,500.0,170.0,0
10.0,3645.0,183.0,177.0,3.0,680.0,155.0,0
17.0,7278.0,147.0,208.0,3.0,700.0,156.0,1
8.0,536.0,16.0,177.0,5.0,535.0,84.0,0
8.0,738.0,197.0,184.0,1.0,360.0,74.0,0
1.0,880.0,258.0,80.0,4.0,900.0,210.0,1
10.0,3622.0,209.0,183.0,4.0,985.0,155.0,0
5.0,1902.0,153.0,16.0,3.0,668.0,230.0,0
1.0,2466.0,253.0,80.0,7.0,20.0,195.0,0
3.0,337.0,134.0,173.0,6.0,1195.0,134.0,0
16.0,2332.0,96.0,121.0,7.0,1165.0,118.0,1
1.0,438.0,277.0,183.0,4.0,1190.0,65.0,0
15.0,198.0,2.0,129.0,5.0,430.0,120.0,0
3.0,674.0,154.0,148.0,1.0,910.0,311.0,1
5.0,1491.0,16.0,244.0,6.0,1068.0,165.0,1
1.0,1287.0,18.0,80.0,4.0,465.0,65.0,0
13.0,216.0,253.0,264.0,1.0,526.0,100.0,1
14.0,788.0,233.0,216.0,7.0,1070.0,93.0,1
10.0,4190.0,61.0,208.0,6.0,670.0,85.0,1
16.0,5982.0,208.0,251.0,3.0,973.0,72.0,0
0.0,4173.0,285.0,85.0,1.0,1018.0,106.0,0
11.0,6268.0,69.0,85.0,5.0,926.0,79.0,0
13.0,709.0,208.0,79.0,5.0,583.0,167.0,0
1.0,1130.0,243.0,80.0,6.0,750.0,175.0,0
5.0,1781.0,253.0,154.0,5.0,1080.0,85.0,1
16.0,5931.0,208.0,136.0,3.0,1072.0,114.0,0
1.0,1287.0,18.0,80.0,1.0,465.0,65.0,0
14.0,2127.0,35.0,159.0,1.0,720.0,72.0,0
13.0,920.0,208.0,35.0,4.0,740.0,139.0,1
10.0,3251.0,80.0,256.0,7.0,1345.0,50.0,0
14.0,1884.0,277.0,216.0,7.0,720.0,151.0,0
14.0,1952.0,104.0,60.0,7.0,1145.0,120.0,1
15.0,1199.0,27.0,175.0,5.0,655.0,115.0,0
5.0,1865.0,76.0,16.0,6.0,410.0,110.0,0
12.0,7767.0,110.0,235.0,1.0,393.0,142.0,1
3.0,43.0,148.0,173.0,3.0,967.0,183.0,1
15.0,797.0,175.0,277.0,1.0,875.0,160.0,0
6.0,5584.0,16.0,19.0,1.0,605.0,61.0,0
15.0,379.0,202.0,252.0,6.0,370.0,125.0,1
1.0,1185.0,80.0,214.0,4.0,570.0,245.0,0
10.0,2947.0,108.0,80.0,3.0,1105.0,65.0,0
2.0,15.0,35.0,252.0,3.0,1095.0,379.0,1
15.0,2834.0,153.0,233.0,6.0,605.0,265.0,0
5.0,2673.0,159.0,177.0,3.0,395.0,185.0,0
10.0,2849.0,80.0,242.0,7.0,885.0,110.0,0
1.0,303.0,159.0,208.0,5.0,435.0,165.0,0
4.0,503.0,154.0,96.0,3.0,850.0,309.0,1
2.0,610.0,252.0,153.0,6.0,755.0,151.0,0
12.0,6290.0,154.0,194.0,7.0,467.0,64.0,0
10.0,4657.0,16.0,159.0,7.0,780.0,125.0,1
6.0,5593.0,16.0,136.0,5.0,1155.0,146.0,1
13.0,235.0,79.0,154.0,4.0,1060.0,155.0,1
1.0,1810.0,18.0,80.0,3.0,395.0,65.0,0
14.0,2030.0,78.0,35.0,3.0,690.0,84.0,1
12.0,6305.0,227.0,154.0,6.0,1113.0,43.0,0
5.0,2749.0,16.0,253.0,4.0,1055.0,325.0,0
3.0,461.0,35.0,241.0,1.0,795.0,212.0,0
5.0,420.0,16.0,217.0,1.0,811.0,257.0,0
12.0,6566.0,261.0,253.0,7.0,412.0,141.0,0
12.0,6947.0,252.0,214.0,3.0,795.0,48.0,1
14.0,644.0,153.0,217.0,4.0,880.0,68.0,0
4.0,1677.0,216.0,135.0,1.0,345.0,219.0,0
11.0,6325.0,71.0,208.0,5.0,980.0,82.0,0
15.0,1300.0,18.0,129.0,6.0,1035.0,50.0,1
10.0,4214.0,172.0,208.0,3.0,1175.0,95.0,0
17.0,2775.0,217.0,194.0,1.0,659.0,114.0,0
8.0,704.0,76.0,16.0,6.0,652.0,99.0,0
10.0,2722.0,84.0,80.0,7.0,1085.0,125.0,1
14.0,1290.0,80.0,216.0,5.0,1065.0,179.0,1
13.0,7.0,148.0,253.0,1.0,490.0,404.0,1
1.0,2473.0,183.0,80.0,5.0,920.0,200.0,0
6.0,5405.0,22.0,78.0,5.0,1080.0,83.0,0
4.0,448.0,96.0,253.0,3.0,420.0,396.0,1
17.0,1018.0,128.0,203.0,5.0,1185.0,35.0,0
3.0,1439.0,253.0,160.0,7.0,1079.0,80.0,1
5.0,2125.0,45.0,16.0,6.0,750.0,120.0,1
13.0,345.0,216.0,208.0,3.0,446.0,142.0,0
12.0,6393.0,79.0,145.0,6.0,920.0,84.0,1
6.0,5317.0,47.0,16.0,7.0,693.0,76.0,0
1.0,1228.0,280.0,208.0,4.0,790.0,200.0,0
6.0,5232.0,16.0,52.0,7.0,1221.0,48.0,0
10.0,3690.0,183.0,58.0,5.0,1200.0,175.0,0
14.0,948.0,233.0,60.0,4.0,1070.0,64.0,0
12.0,6741.0,79.0,227.0,5.0,1290.0,134.0,0
13.0,424.0,134.0,35.0,3.0,742.0,97.0,0
5.0,2717.0,35.0,177.0,4.0,625.0,210.0,0
10.0,3601.0,183.0,54.0,7.0,780.0,100.0,0
12.0,4860.0,261.0,208.0,7.0,1025.0,189.0,1
8.0,965.0,7.0,16.0,5.0,1075.0,145.0,0
11.0,6512.0,178.0,177.0,3.0,707.0,118.0,1
5.0,1831.0,261.0,173.0,6.0,585.0,255.0,0
12.0,6973.0,252.0,154.0,3.0,669.0,149.0,0
1.0,635.0,183.0,80.0,1.0,560.0,195.0,1
8.0,1150.0,139.0,241.0,4.0,420.0,156.0,0
10.0,3642.0,183.0,147.0,1.0,650.0,75.0,1
15.0,770.0,91.0,217.0,1.0,805.0,75.0,1
13.0,136.0,154.0,134.0,7.0,1410.0,290.0,1
6.0,5220.0,10.0,16.0,4.0,1007.0,107.0,0
0.0,3980.0,223.0,177.0,7.0,985.0,91.0,0
15.0,1149.0,262.0,44.0,5.0,425.0,70.0,0
15.0,505.0,243.0,217.0,1.0,795.0,70.0,0
10.0,4052.0,62.0,208.0,5.0,795.0,65.0,0
8.0,553.0,43.0,16.0,1.0,772.0,137.0,0
4.0,303.0,96.0,135.0,6.0,655.0,228.0,0
5.0,2986.0,16.0,159.0,3.0,1300.0,133.0,1
1.0,264.0,154.0,35.0,4.0,780.0,325.0,0
10.0,3990.0,208.0,76.0,1.0,860.0,70.0,0
15.0,145.0,44.0,153.0,4.0,605.0,65.0,1
16.0,2680.0,2.0,135.0,4.0,375.0,124.0,0
13.0,927.0,253.0,154.0,3.0,1350.0,88.0,0
10.0,3675.0,61.0,183.0,6.0,1100.0,170.0,1
15.0,933.0,22.0,45.0,7.0,510.0,75.0,0
15.0,1675.0,2.0,261.0,7.0,990.0,95.0,1
15.0,794.0,217.0,243.0,4.0,965.0,70.0,1
0.0,4091.0,96.0,85.0,7.0,1109.0,140.0,1
5.0,2266.0,217.0,261.0,6.0,450.0,104.0,0
6.0,7096.0,35.0,134.0,4.0,1002.0,102.0,0
13.0,674.0,208.0,159.0,3.0,545.0,132.0,0
15.0,2051.0,268.0,75.0,6.0,1180.0,105.0,0
12.0,4755.0,58.0,197.0,7.0,760.0,125.0,0
13.0,321.0,134.0,208.0,3.0,890.0,134.0,0
15.0,1003.0,104.0,277.0,7.0,825.0,60.0,1
13.0,347.0,154.0,35.0,1.0,515.0,326.0,0
0.0,4078.0,16.0,60.0,1.0,450.0,93.0,0
1.0,485.0,208.0,279.0,5.0,1235.0,115.0,0
11.0,6548.0,221.0,148.0,7.0,1025.0,95.0,1
1.0,1216.0,244.0,80.0,7.0,500.0,70.0,1
15.0,1829.0,244.0,153.0,6.0,840.0,180.0,0
16.0,3037.0,54.0,135.0,3.0,360.0,167.0,0
10.0,4674.0,159.0,58.0,6.0,1065.0,110.0,1
15.0,169.0,205.0,175.0,3.0,1110.0,85.0,1
15.0,617.0,175.0,172.0,3.0,1185.0,90.0,1
10.0,4588.0,159.0,197.0,1.0,865.0,180.0,0
10.0,2869.0,80.0,68.0,7.0,1085.0,80.0,0
15.0,786.0,43.0,277.0,7.0,455.0,175.0,1
9.0,302.0,128.0,143.0,6.0,806.0,52.0,0
15.0,7.0,172.0,75.0,3.0,395.0,95.0,1
14.0,1405.0,216.0,154.0,6.0,830.0,359.0,1
1.0,1938.0,183.0,277.0,4.0,715.0,60.0,0
15.0,1131.0,154.0,129.0,7.0,1180.0,180.0,1
1.0,1907.0,78.0,183.0,6.0,430.0,165.0,0
1.0,1925.0,279.0,80.0,5.0,945.0,70.0,0
5.0,115.0,16.0,197.0,1.0,1050.0,164.0,0
10.0,4362.0,85.0,208.0,6.0,760.0,80.0,1
4.0,1014.0,80.0,135.0,7.0,430.0,64.0,0
15.0,1395.0,279.0,75.0,7.0,1015.0,60.0,1
5.0,2480.0,252.0,85.0,4.0,360.0,253.0,0
10.0,4094.0,208.0,273.0,4.0,525.0,110.0,0
2.0,224.0,214.0,253.0,6.0,480.0,117.0,0
5.0,2629.0,16.0,252.0,4.0,500.0,331.0,0
16.0,2547.0,96.0,16.0,1.0,390.0,165.0,0
12.0,6469.0,264.0,253.0,4.0,734.0,85.0,0
15.0,1499.0,268.0,279.0,5.0,635.0,80.0,0
4.0,1637.0,178.0,135.0,1.0,825.0,69.0,0
15.0,1471.0,18.0,45.0,6.0,650.0,185.0,0
6.0,5473.0,16.0,158.0,4.0,1227.0,107.0,0
4.0,866.0,252.0,135.0,7.0,1430.0,237.0,0
6.0,5141.0,16.0,200.0,1.0,590.0,83.0,1
10.0,4058.0,208.0,85.0,7.0,1050.0,85.0,0
0.0,3665.0,85.0,121.0,6.0,630.0,107.0,0
5.0,2002.0,241.0,16.0,1.0,970.0,108.0,1
11.0,6377.0,71.0,251.0,3.0,810.0,53.0,1
15.0,406.0,153.0,217.0,4.0,525.0,70.0,1
1.0,1238.0,252.0,208.0,3.0,525.0,235.0,0
14.0,393.0,153.0,80.0,3.0,580.0,158.0,0
5.0,2444.0,71.0,35.0,5.0,1135.0,124.0,0
0.0,4094.0,221.0,197.0,7.0,538.0,162.0,1
10.0,3012.0,154.0,79.0,7.0,955.0,145.0,0
11.0,6437.0,234.0,71.0,3.0,405.0,117.0,0
15.0,1233.0,45.0,221.0,4.0,1175.0,60.0,0
13.0,569.0,277.0,208.0,7.0,685.0,171.0,0
5.0,1426.0,104.0,16.0,5.0,1130.0,120.0,0
5.0,2223.0,261.0,154.0,1.0,522.0,116.0,0
5.0,1280.0,16.0,148.0,6.0,575.0,144.0,1
3.0,1187.0,35.0,267.0,6.0,700.0,201.0,1
15.0,41.0,129.0,216.0,4.0,1080.0,185.0,0
13.0,975.0,134.0,253.0,7.0,1035.0,362.0,1
15.0,2337.0,141.0,213.0,6.0,1115.0,180.0,1
4.0,1586.0,135.0,173.0,5.0,1130.0,135.0,0
8.0,861.0,16.0,173.0,4.0,798.0,89.0,0
15.0,618.0,33.0,154.0,1.0,635.0,290.0,1
5.0,1936.0,184.0,85.0,6.0,601.0,70.0,1
3.0,117.0,148.0,198.0,7.0,415.0,204.0,0
15.0,1773.0,268.0,154.0,3.0,1125.0,250.0,1
0.0,4087.0,61.0,148.0,7.0,995.0,130.0,0
15.0,508.0,173.0,22.0,1.0,575.0,155.0,0
8.0,772.0,16.0,153.0,3.0,1198.0,285.0,1
15.0,2950.0,18.0,75.0,6.0,1055.0,55.0,0
1.0,595.0,16.0,183.0,7.0,465.0,115.0,0
8.0,765.0,213.0,16.0,3.0,1007.0,107.0,1
4.0,254.0,253.0,58.0,7.0,735.0,270.0,1
15.0,3585.0,173.0,228.0,3.0,510.0,155.0,0
11.0,6752.0,111.0,197.0,4.0,430.0,180.0,0
15.0,3915.0,33.0,175.0,3.0,580.0,85.0,1
0.0,4294.0,85.0,20.0,7.0,1305.0,90.0,0
15.0,264.0,79.0,268.0,5.0,385.0,120.0,0
1.0,2356.0,80.0,208.0,4.0,905.0,140.0,0
15.0,1657.0,79.0,261.0,4.0,815.0,90.0,1
12.0,6383.0,246.0,253.0,6.0,1182.0,80.0,1
12.0,6890.0,154.0,80.0,3.0,830.0,177.0,0
14.0,274.0,261.0,217.0,1.0,440.0,102.0,0
6.0,7365.0,190.0,177.0,4.0,995.0,80.0,0
0.0,3915.0,42.0,148.0,3.0,680.0,95.0,0
13.0,558.0,154.0,79.0,5.0,509.0,145.0,0
4.0,267.0,135.0,252.0,7.0,725.0,280.0,1
8.0,272.0,16.0,35.0,1.0,540.0,146.0,0
16.0,2665.0,85.0,96.0,3.0,1190.0,109.0,0
5.0,2758.0,154.0,253.0,4.0,965.0,75.0,1
12.0,6928.0,99.0,79.0,5.0,1187.0,122.0,0
12.0,6464.0,232.0,253.0,1.0,890.0,101.0,0
15.0,1909.0,141.0,45.0,6.0,585.0,75.0,0
3.0,1297.0,35.0,221.0,1.0,420.0,109.0,0
10.0,2856.0,288.0,80.0,6.0,770.0,135.0,1
5.0,2003.0,205.0,197.0,7.0,436.0,74.0,0
12.0,6536.0,254.0,208.0,3.0,1015.0,95.0,1
15.0,2068.0,129.0,277.0,6.0,870.0,120.0,1
12.0,6999.0,79.0,24.0,3.0,1096.0,152.0,0
4.0,423.0,135.0,198.0,7.0,1165.0,71.0,1
7.0,226.0,79.0,175.0,4.0,900.0,135.0,1
13.0,462.0,154.0,79.0,4.0,1205.0,135.0,0
1.0,533.0,135.0,80.0,5.0,1205.0,75.0,0
12.0,6598.0,262.0,253.0,4.0,506.0,48.0,0
12.0,6851.0,15.0,79.0,5.0,420.0,55.0,0
15.0,3763.0,261.0,79.0,5.0,600.0,90.0,1
11.0,6762.0,197.0,221.0,7.0,600.0,130.0,0
15.0,2011.0,175.0,277.0,6.0,450.0,160.0,0
13.0,121.0,208.0,135.0,3.0,925.0,170.0,1
12.0,6701.0,99.0,79.0,1.0,380.0,128.0,0
3.0,1215.0,35.0,43.0,1.0,705.0,91.0,1
1.0,815.0,80.0,91.0,3.0,900.0,105.0,1
15.0,2987.0,241.0,45.0,4.0,540.0,140.0,1
9.0,348.0,128.0,150.0,4.0,851.0,44.0,0
8.0,1418.0,241.0,48.0,1.0,1008.0,149.0,0
15.0,2389.0,228.0,173.0,6.0,830.0,195.0,0
15.0,2357.0,35.0,216.0,5.0,1040.0,105.0,1
15.0,1181.0,268.0,129.0,4.0,635.0,130.0,0
5.0,2190.0,16.0,184.0,4.0,634.0,126.0,1
14.0,365.0,217.0,262.0,3.0,650.0,123.0,1
14.0,855.0,277.0,78.0,3.0,1095.0,125.0,0
5.0,2273.0,16.0,183.0,7.0,1315.0,117.0,0
17.0,2925.0,246.0,217.0,3.0,977.0,92.0,0
15.0,1856.0,172.0,173.0,1.0,630.0,165.0,1
13.0,133.0,153.0,79.0,5.0,593.0,117.0,1
1.0,1669.0,80.0,264.0,5.0,525.0,195.0,0
10.0,2715.0,80.0,158.0,1.0,630.0,75.0,0
15.0,1.0,75.0,129.0,3.0,420.0,60.0,1
5.0,1204.0,177.0,16.0,1.0,634.0,81.0,1
12.0,6287.0,227.0,153.0,6.0,584.0,60.0,0
0.0,4303.0,177.0,27.0,7.0,855.0,60.0,0
12.0,4801.0,261.0,236.0,1.0,1020.0,88.0,1
8.0,236.0,234.0,16.0,7.0,922.0,105.0,1
1.0,1512.0,208.0,78.0,7.0,1100.0,105.0,1
15.0,2961.0,173.0,79.0,1.0,1030.0,255.0,0
1.0,1203.0,80.0,252.0,5.0,1135.0,260.0,1
14.0,1696.0,60.0,22.0,7.0,705.0,117.0,0
17.0,2967.0,253.0,153.0,7.0,720.0,92.0,0
10.0,4557.0,61.0,159.0,1.0,930.0,105.0,1
15.0,1762.0,79.0,85.0,3.0,620.0,170.0,1
13.0,333.0,221.0,208.0,7.0,447.0,102.0,0
15.0,858.0,175.0,153.0,3.0,1255.0,250.0,1
14.0,574.0,262.0,217.0,7.0,750.0,104.0,1
15.0,573.0,33.0,58.0,6.0,665.0,85.0,0
6.0,4944.0,48.0,85.0,6.0,815.0,70.0,0
4.0,1636.0,135.0,178.0,1.0,715.0,75.0,0
1.0,1965.0,268.0,80.0,3.0,360.0,115.0,0
10.0,3384.0,54.0,80.0,5.0,460.0,190.0,0
8.0,550.0,16.0,43.0,7.0,926.0,121.0,0
5.0,1278.0,16.0,175.0,3.0,730.0,115.0,0
8.0,435.0,252.0,184.0,6.0,551.0,225.0,0
13.0,257.0,147.0,208.0,1.0,360.0,156.0,0
5.0,420.0,16.0,217.0,6.0,815.0,257.0,0
5.0,2323.0,85.0,217.0,5.0,725.0,265.0,1
15.0,1945.0,79.0,198.0,5.0,620.0,155.0,0
3.0,250.0,160.0,202.0,7.0,1090.0,77.0,1
16.0,2188.0,58.0,234.0,4.0,675.0,72.0,1
1.0,2332.0,80.0,208.0,4.0,565.0,135.0,1
12.0,7791.0,271.0,261.0,4.0,909.0,66.0,0
8.0,770.0,153.0,16.0,5.0,1359.0,230.0,0
1.0,509.0,85.0,80.0,5.0,385.0,185.0,1
16.0,2212.0,135.0,41.0,4.0,1100.0,61.0,0
5.0,1959.0,148.0,173.0,5.0,495.0,188.0,1
15.0,2012.0,217.0,129.0,5.0,960.0,145.0,1
11.0,6409.0,71.0,119.0,3.0,1235.0,71.0,1
13.0,55.0,214.0,253.0,7.0,793.0,108.0,0
15.0,952.0,153.0,175.0,7.0,1155.0,205.0,1
13.0,709.0,208.0,79.0,1.0,583.0,167.0,1
3.0,180.0,217.0,148.0,4.0,1395.0,270.0,0
0.0,3718.0,85.0,272.0,6.0,1035.0,104.0,1
12.0,6836.0,212.0,208.0,6.0,360.0,78.0,1
0.0,3971.0,16.0,136.0,3.0,915.0,148.0,1
1.0,1514.0,207.0,80.0,1.0,920.0,170.0,1
1.0,369.0,80.0,2.0,5.0,765.0,110.0,1
5.0,2731.0,234.0,16.0,6.0,645.0,108.0,0
2.0,659.0,217.0,214.0,4.0,665.0,180.0,0
4.0,1142.0,96.0,16.0,6.0,525.0,164.0,0
1.0,258.0,153.0,148.0,4.0,485.0,300.0,0
8.0,1960.0,80.0,16.0,6.0,380.0,125.0,0
12.0,6382.0,253.0,34.0,3.0,421.0,92.0,1
0.0,4304.0,27.0,177.0,6.0,1020.0,68.0,0
5.0,1527.0,16.0,104.0,1.0,1035.0,113.0,1
15.0,1178.0,268.0,35.0,5.0,555.0,155.0,1
0.0,4189.0,197.0,112.0,7.0,915.0,78.0,1
5.0,1448.0,85.0,159.0,3.0,1300.0,106.0,1
3.0,153.0,148.0,173.0,4.0,1028.0,178.0,0
5.0,1222.0,261.0,16.0,3.0,1020.0,219.0,0
10.0,3758.0,18.0,208.0,1.0,705.0,155.0,1
5.0,1087.0,184.0,16.0,3.0,1105.0,135.0,1
15.0,1484.0,45.0,175.0,6.0,1090.0,135.0,0
5.0,428.0,260.0,16.0,5.0,985.0,236.0,0
5.0,2868.0,197.0,117.0,4.0,625.0,66.0,0
15.0,313.0,175.0,243.0,7.0,1145.0,275.0,1
12.0,4704.0,261.0,79.0,3.0,1017.0,83.0,1
5.0,1484.0,172.0,85.0,3.0,828.0,120.0,1
5.0,84.0,16.0,148.0,6.0,1045.0,150.0,1
15.0,941.0,141.0,45.0,4.0,745.0,75.0,1
15.0,38.0,129.0,75.0,5.0,930.0,60.0,1
6.0,4943.0,71.0,78.0,6.0,690.0,87.0,0
16.0,2652.0,157.0,135.0,5.0,360.0,159.0,0
10.0,4042.0,254.0,208.0,1.0,425.0,105.0,0
2.0,37.0,197.0,252.0,3.0,795.0,220.0,0
9.0,376.0,161.0,128.0,5.0,1195.0,30.0,0
16.0,2596.0,58.0,139.0,1.0,460.0,64.0,0
2.0,132.0,14.0,214.0,6.0,55.0,215.0,0
8.0,406.0,16.0,139.0,3.0,837.0,93.0,0
8.0,368.0,16.0,159.0,6.0,620.0,134.0,1
14.0,2134.0,159.0,35.0,7.0,960.0,74.0,0
15.0,844.0,33.0,129.0,1.0,735.0,130.0,0
16.0,2452.0,96.0,268.0,4.0,735.0,169.0,0
15.0,796.0,202.0,153.0,7.0,980.0,85.0,1
7.0,857.0,79.0,217.0,1.0,790.0,108.0,0
5.0,2666.0,173.0,78.0,7.0,480.0,119.0,0
2.0,645.0,217.0,252.0,4.0,725.0,195.0,0
5.0,1819.0,85.0,154.0,6.0,1195.0,314.0,0
10.0,3383.0,80.0,116.0,5.0,900.0,90.0,0
12.0,3116.0,184.0,48.0,5.0,945.0,77.0,0
15.0,1392.0,202.0,2.0,7.0,885.0,130.0,1
14.0,371.0,96.0,217.0,3.0,995.0,332.0,1
15.0,408.0,268.0,173.0,1.0,945.0,140.0,0
15.0,1745.0,198.0,129.0,6.0,925.0,70.0,0
1.0,1002.0,80.0,268.0,1.0,600.0,95.0,0
5.0,2408.0,172.0,197.0,5.0,1021.0,89.0,1
13.0,365.0,208.0,264.0,4.0,595.0,269.0,1
1.0,1330.0,80.0,178.0,6.0,795.0,95.0,0
5.0,1649.0,16.0,253.0,4.0,1305.0,328.0,1
15.0,2833.0,175.0,79.0,6.0,720.0,165.0,1
15.0,609.0,217.0,154.0,1.0,490.0,85.0,1
12.0,6850.0,208.0,171.0,5.0,370.0,60.0,0
16.0,2324.0,58.0,12.0,7.0,1140.0,74.0,0
12.0,4817.0,261.0,208.0,6.0,526.0,189.0,1
5.0,2558.0,16.0,139.0,7.0,1230.0,90.0,1
1.0,1492.0,80.0,173.0,3.0,1120.0,140.0,0
10.0,3619.0,183.0,275.0,4.0,990.0,85.0,1
9.0,348.0,128.0,150.0,6.0,851.0,44.0,1
14.0,625.0,217.0,202.0,5.0,875.0,119.0,0
3.0,355.0,148.0,44.0,6.0,735.0,366.0,0
12.0,4448.0,261.0,114.0,7.0,690.0,67.0,0
12.0,4696.0,202.0,261.0,7.0,609.0,107.0,0
6.0,5561.0,16.0,120.0,1.0,575.0,81.0,0
12.0,6358.0,246.0,154.0,3.0,1186.0,44.0,0
6.0,5567.0,47.0,16.0,1.0,444.0,76.0,1
15.0,3033.0,268.0,217.0,6.0,690.0,210.0,1
1.0,543.0,213.0,208.0,5.0,410.0,195.0,0
12.0,4727.0,244.0,261.0,5.0,1136.0,177.0,0
6.0,5604.0,146.0,177.0,4.0,1000.0,60.0,0
3.0,453.0,35.0,104.0,4.0,574.0,204.0,1
15.0,2873.0,207.0,258.0,4.0,725.0,70.0,1
5.0,221.0,78.0,16.0,5.0,1080.0,115.0,0
14.0,1024.0,260.0,216.0,1.0,940.0,244.0,0
5.0,2194.0,213.0,16.0,5.0,475.0,121.0,0
15.0,141.0,233.0,173.0,6.0,795.0,105.0,1
14.0,304.0,264.0,217.0,7.0,465.0,89.0,0
17.0,7256.0,134.0,139.0,4.0,734.0,104.0,1
11.0,6341.0,234.0,85.0,1.0,360.0,125.0,0
5.0,1439.0,16.0,135.0,3.0,960.0,139.0,0
15.0,2992.0,268.0,33.0,7.0,845.0,60.0,1
1.0,1086.0,80.0,132.0,5.0,1175.0,95.0,1
4.0,1877.0,216.0,135.0,7.0,910.0,229.0,0
12.0,7049.0,214.0,210.0,6.0,431.0,58.0,1
12.0,4758.0,261.0,172.0,4.0,1027.0,142.0,1
1.0,474.0,80.0,16.0,7.0,775.0,120.0,0
14.0,1470.0,216.0,273.0,4.0,1240.0,64.0,0
15.0,1795.0,129.0,217.0,7.0,1100.0,175.0,1
1.0,192.0,154.0,35.0,4.0,1265.0,315.0,1
16.0,2755.0,135.0,91.0,4.0,895.0,118.0,0
6.0,7360.0,146.0,177.0,3.0,390.0,64.0,0
4.0,1093.0,61.0,135.0,4.0,365.0,168.0,0
15.0,1633.0,153.0,280.0,3.0,385.0,75.0,0
3.0,14.0,104.0,148.0,3.0,1001.0,175.0,1
5.0,1674.0,173.0,197.0,7.0,925.0,216.0,1
6.0,5192.0,187.0,16.0,1.0,1075.0,120.0,0
1.0,787.0,159.0,80.0,3.0,1125.0,250.0,0
14.0,940.0,243.0,217.0,7.0,980.0,75.0,0
3.0,102.0,148.0,43.0,1.0,1019.0,94.0,0
7.0,173.0,80.0,79.0,3.0,1163.0,119.0,0
1.0,1166.0,80.0,216.0,5.0,780.0,195.0,1
11.0,6497.0,33.0,177.0,5.0,690.0,69.0,0
3.0,324.0,104.0,22.0,5.0,670.0,171.0,0
15.0,1293.0,173.0,216.0,6.0,790.0,145.0,1
4.0,3.0,154.0,128.0,7.0,590.0,345.0,1
2.0,92.0,14.0,252.0,4.0,870.0,202.0,0
5.0,2932.0,264.0,261.0,1.0,617.0,107.0,1
3.0,1759.0,104.0,260.0,3.0,907.0,150.0,1
15.0,170.0,214.0,153.0,7.0,720.0,125.0,0
6.0,5409.0,157.0,16.0,5.0,1001.0,88.0,1
12.0,6881.0,262.0,79.0,4.0,687.0,137.0,0
6.0,5013.0,268.0,177.0,6.0,685.0,74.0,0
15.0,595.0,236.0,175.0,4.0,600.0,230.0,0
15.0,2524.0,202.0,175.0,3.0,845.0,245.0,1
17.0,2715.0,217.0,100.0,5.0,1070.0,101.0,0
15.0,474.0,209.0,33.0,1.0,770.0,125.0,1
2.0,518.0,252.0,264.0,5.0,1180.0,159.0,0
15.0,941.0,45.0,58.0,7.0,850.0,75.0,1
12.0,7766.0,220.0,261.0,7.0,1095.0,53.0,0
14.0,1792.0,60.0,177.0,5.0,680.0,108.0,0
16.0,3064.0,54.0,96.0,5.0,740.0,118.0,0
5.0,1094.0,16.0,197.0,7.0,1135.0,165.0,0
6.0,5186.0,35.0,78.0,3.0,995.0,110.0,1
15.0,2584.0,153.0,202.0,6.0,820.0,90.0,0
4.0,1406.0,221.0,135.0,3.0,362.0,188.0,1
15.0,2982.0,217.0,153.0,3.0,1300.0,65.0,1
5.0,1817.0,16.0,79.0,3.0,840.0,200.0,1
10.0,3646.0,147.0,183.0,7.0,1150.0,80.0,1
6.0,5397.0,101.0,16.0,7.0,1070.0,97.0,0
15.0,388.0,217.0,243.0,7.0,530.0,70.0,0
15.0,3339.0,154.0,202.0,4.0,1170.0,75.0,1
14.0,1411.0,60.0,213.0,6.0,710.0,121.0,0
10.0,3703.0,208.0,16.0,5.0,1060.0,125.0,1
15.0,378.0,22.0,45.0,3.0,590.0,70.0,1
11.0,6264.0,71.0,290.0,4.0,565.0,125.0,0
1.0,1881.0,134.0,80.0,3.0,940.0,215.0,0
12.0,6426.0,253.0,262.0,5.0,648.0,45.0,1
1.0,1964.0,253.0,80.0,4.0,625.0,215.0,1
15.0,23.0,217.0,91.0,4.0,455.0,65.0,0
15.0,1344.0,45.0,233.0,6.0,1170.0,65.0,0
14.0,1455.0,277.0,60.0,5.0,420.0,100.0,0
5.0,2834.0,197.0,184.0,1.0,900.0,69.0,1
15.0,1862.0,228.0,173.0,1.0,1065.0,185.0,0
5.0,2144.0,85.0,78.0,5.0,1055.0,100.0,0
12.0,4645.0,40.0,261.0,3.0,385.0,73.0,1
14.0,1740.0,43.0,216.0,3.0,1098.0,92.0,0
0.0,4225.0,152.0,85.0,3.0,1030.0,56.0,0
4.0,1487.0,173.0,135.0,7.0,715.0,151.0,1
14.0,1182.0,173.0,60.0,3.0,714.0,96.0,1
5.0,2678.0,173.0,78.0,4.0,1195.0,128.0,0
15.0,1320.0,153.0,252.0,1.0,375.0,165.0,1
3.0,579.0,130.0,213.0,1.0,650.0,170.0,0
5.0,420.0,260.0,16.0,4.0,580.0,238.0,0
8.0,440.0,16.0,184.0,5.0,1335.0,127.0,0
8.0,751.0,45.0,132.0,7.0,1210.0,116.0,0
12.0,6999.0,79.0,24.0,4.0,1096.0,152.0,1
10.0,4063.0,117.0,208.0,7.0,640.0,60.0,1
15.0,1029.0,236.0,153.0,5.0,1185.0,70.0,1
13.0,37.0,173.0,253.0,1.0,397.0,369.0,1
10.0,2833.0,80.0,56.0,7.0,475.0,115.0,0
6.0,7331.0,120.0,16.0,4.0,686.0,89.0,1
13.0,152.0,208.0,79.0,5.0,1310.0,161.0,0
15.0,866.0,258.0,154.0,1.0,880.0,70.0,1
15.0,2445.0,258.0,44.0,5.0,1130.0,60.0,1
3.0,177.0,148.0,217.0,6.0,580.0,340.0,1
12.0,7032.0,154.0,292.0,1.0,771.0,70.0,1
13.0,545.0,35.0,208.0,5.0,1147.0,169.0,0
12.0,6565.0,79.0,280.0,5.0,1107.0,118.0,1
12.0,4667.0,279.0,261.0,7.0,380.0,154.0,0
15.0,914.0,154.0,258.0,5.0,960.0,65.0,1
15.0,691.0,79.0,217.0,3.0,1245.0,115.0,1
6.0,5214.0,16.0,58.0,3.0,590.0,112.0,1
10.0,4206.0,62.0,208.0,6.0,485.0,65.0,1
0.0,4288.0,197.0,164.0,3.0,910.0,81.0,1
10.0,3757.0,244.0,208.0,3.0,1090.0,160.0,1
12.0,6527.0,79.0,199.0,4.0,689.0,56.0,0
12.0,6488.0,164.0,208.0,7.0,1124.0,96.0,0
2.0,184.0,98.0,14.0,1.0,720.0,67.0,0
15.0,403.0,172.0,139.0,7.0,1220.0,80.0,1
2.0,650.0,214.0,217.0,7.0,830.0,154.0,1
15.0,905.0,79.0,204.0,7.0,1220.0,85.0,1
2.0,675.0,79.0,252.0,6.0,725.0,172.0,0
15.0,2810.0,153.0,44.0,3.0,410.0,65.0,0
11.0,6680.0,85.0,120.0,6.0,605.0,113.0,1
4.0,360.0,96.0,244.0,1.0,565.0,280.0,0
14.0,1616.0,60.0,96.0,4.0,590.0,115.0,1
15.0,2181.0,236.0,217.0,7.0,900.0,100.0,1
16.0,2279.0,96.0,285.0,3.0,1165.0,135.0,1
6.0,5237.0,35.0,78.0,5.0,875.0,109.0,0
15.0,675.0,175.0,217.0,7.0,810.0,240.0,1
12.0,4707.0,236.0,261.0,1.0,1080.0,80.0,1
10.0,4169.0,208.0,234.0,7.0,1135.0,120.0,0
15.0,907.0,204.0,75.0,3.0,485.0,55.0,0
5.0,1613.0,60.0,16.0,7.0,1185.0,88.0,0
15.0,3655.0,277.0,268.0,4.0,1080.0,150.0,0
15.0,840.0,22.0,45.0,3.0,1070.0,75.0,1
14.0,894.0,60.0,16.0,3.0,1215.0,80.0,0
4.0,220.0,135.0,217.0,4.0,540.0,179.0,1
15.0,3158.0,141.0,173.0,6.0,1010.0,170.0,1
5.0,1858.0,16.0,233.0,3.0,455.0,85.0,0
5.0,487.0,159.0,213.0,5.0,915.0,189.0,0
5.0,1328.0,16.0,233.0,3.0,1231.0,86.0,0
15.0,326.0,154.0,153.0,5.0,395.0,60.0,1
10.0,2908.0,94.0,80.0,6.0,675.0,130.0,0
12.0,7046.0,79.0,279.0,1.0,612.0,90.0,0
6.0,5030.0,16.0,11.0,4.0,895.0,57.0,0
10.0,3937.0,240.0,208.0,1.0,605.0,70.0,1
12.0,6395.0,208.0,91.0,6.0,1035.0,196.0,1
15.0,3415.0,75.0,268.0,1.0,955.0,100.0,1
6.0,7363.0,177.0,146.0,3.0,875.0,61.0,1
12.0,6260.0,208.0,265.0,7.0,715.0,51.0,0
15.0,869.0,13.0,79.0,4.0,540.0,80.0,0
8.0,1464.0,173.0,175.0,4.0,841.0,163.0,0
6.0,7074.0,12.0,208.0,6.0,854.0,149.0,1
1.0,1347.0,80.0,258.0,5.0,590.0,225.0,0
5.0,2419.0,159.0,197.0,3.0,866.0,189.0,1
5.0,1666.0,16.0,223.0,6.0,900.0,75.0,0
1.0,509.0,85.0,80.0,3.0,385.0,185.0,0
7.0,449.0,216.0,79.0,5.0,1018.0,252.0,0
14.0,1497.0,198.0,60.0,4.0,460.0,106.0,0
11.0,6647.0,35.0,78.0,7.0,755.0,110.0,0
2.0,890.0,203.0,243.0,4.0,860.0,312.0,0
1.0,592.0,80.0,147.0,4.0,685.0,130.0,0
9.0,7.0,153.0,128.0,5.0,540.0,385.0,0
17.0,7298.0,60.0,208.0,7.0,544.0,129.0,0
8.0,128.0,277.0,16.0,6.0,754.0,95.0,0
15.0,3668.0,261.0,217.0,7.0,675.0,100.0,1
3.0,430.0,173.0,35.0,6.0,595.0,164.0,0
15.0,2033.0,33.0,175.0,6.0,1000.0,90.0,0
9.0,114.0,128.0,203.0,1.0,394.0,36.0,0
16.0,5948.0,58.0,208.0,4.0,806.0,87.0,0
6.0,7077.0,134.0,120.0,4.0,1334.0,59.0,0
5.0,1433.0,16.0,18.0,3.0,645.0,160.0,1
14.0,1904.0,60.0,221.0,5.0,480.0,85.0,0
1.0,74.0,154.0,134.0,4.0,1365.0,280.0,1
5.0,2331.0,159.0,85.0,1.0,1079.0,125.0,0
2.0,585.0,264.0,214.0,7.0,1135.0,145.0,0
10.0,4278.0,62.0,208.0,1.0,380.0,55.0,0
15.0,1156.0,175.0,33.0,1.0,985.0,85.0,1
2.0,754.0,252.0,268.0,6.0,675.0,225.0,0
4.0,570.0,135.0,253.0,7.0,1060.0,259.0,1
15.0,3408.0,202.0,44.0,3.0,875.0,65.0,0
4.0,397.0,135.0,153.0,1.0,1065.0,205.0,1
6.0,4961.0,105.0,16.0,3.0,993.0,84.0,1
13.0,27.0,148.0,154.0,7.0,945.0,383.0,1
4.0,258.0,135.0,78.0,5.0,455.0,175.0,0
1.0,591.0,208.0,172.0,1.0,775.0,90.0,0
11.0,6645.0,85.0,157.0,3.0,825.0,79.0,0
1.0,1697.0,268.0,80.0,4.0,965.0,115.0,0
6.0,7084.0,76.0,208.0,3.0,617.0,74.0,1
8.0,171.0,16.0,241.0,5.0,1335.0,98.0,0
10.0,3055.0,154.0,243.0,1.0,540.0,50.0,0
6.0,7102.0,208.0,47.0,5.0,1112.0,109.0,1
1.0,2464.0,80.0,204.0,6.0,875.0,55.0,0
2.0,872.0,14.0,203.0,1.0,610.0,368.0,0
6.0,5135.0,157.0,16.0,1.0,755.0,89.0,1
15.0,3499.0,173.0,228.0,5.0,670.0,155.0,0
6.0,5614.0,16.0,174.0,5.0,1247.0,104.0,1
6.0,5486.0,16.0,97.0,3.0,897.0,118.0,0
14.0,679.0,217.0,34.0,5.0,645.0,127.0,0
12.0,4654.0,127.0,261.0,4.0,375.0,69.0,0
4.0,1717.0,135.0,243.0,6.0,1260.0,203.0,0
1.0,572.0,153.0,208.0,7.0,590.0,215.0,0
5.0,2655.0,177.0,252.0,1.0,524.0,291.0,0
6.0,5010.0,201.0,16.0,4.0,1111.0,102.0,1
14.0,1053.0,200.0,60.0,7.0,440.0,56.0,0
12.0,6426.0,262.0,253.0,6.0,739.0,43.0,1
15.0,733.0,154.0,153.0,5.0,890.0,60.0,1
2.0,631.0,280.0,252.0,1.0,1005.0,190.0,0
8.0,1102.0,61.0,241.0,6.0,818.0,150.0,1
8.0,471.0,45.0,16.0,6.0,1105.0,115.0,0
13.0,455.0,253.0,153.0,4.0,1361.0,94.0,1
4.0,423.0,135.0,198.0,6.0,1165.0,66.0,0
12.0,7046.0,83.0,79.0,5.0,480.0,76.0,0
6.0,7399.0,135.0,16.0,3.0,760.0,125.0,0
7.0,226.0,79.0,175.0,6.0,900.0,135.0,1
10.0,2943.0,80.0,71.0,6.0,390.0,130.0,0
11.0,6476.0,148.0,197.0,1.0,680.0,200.0,1
14.0,460.0,217.0,139.0,7.0,595.0,207.0,0
14.0,1586.0,147.0,60.0,7.0,1195.0,88.0,0
1.0,672.0,269.0,183.0,5.0,920.0,180.0,0
15.0,869.0,75.0,13.0,3.0,450.0,70.0,0
15.0,2870.0,252.0,153.0,6.0,830.0,145.0,1
2.0,876.0,128.0,214.0,4.0,755.0,330.0,0
5.0,1642.0,16.0,221.0,7.0,1160.0,105.0,0
15.0,2654.0,233.0,45.0,5.0,410.0,60.0,0
6.0,7104.0,134.0,61.0,7.0,505.0,80.0,0
15.0,24.0,129.0,75.0,1.0,720.0,55.0,1
13.0,968.0,153.0,208.0,5.0,1416.0,213.0,0
10.0,3648.0,71.0,183.0,1.0,890.0,160.0,0
5.0,2592.0,217.0,197.0,5.0,980.0,185.0,1
5.0,1390.0,159.0,35.0,5.0,990.0,76.0,1
4.0,644.0,135.0,58.0,7.0,1135.0,157.0,0
6.0,4941.0,69.0,16.0,5.0,1075.0,94.0,0
11.0,6764.0,60.0,148.0,7.0,700.0,136.0,0
5.0,1174.0,16.0,43.0,4.0,645.0,132.0,0
2.0,626.0,214.0,153.0,3.0,530.0,128.0,0
15.0,950.0,217.0,244.0,3.0,635.0,125.0,1
10.0,3562.0,58.0,80.0,6.0,1100.0,185.0,0
5.0,2951.0,197.0,29.0,7.0,1050.0,89.0,0
11.0,6426.0,205.0,159.0,1.0,425.0,174.0,0
9.0,514.0,161.0,128.0,3.0,670.0,32.0,0
12.0,7038.0,253.0,6.0,3.0,659.0,79.0,0
10.0,3917.0,208.0,238.0,7.0,970.0,100.0,0
15.0,1071.0,264.0,258.0,3.0,925.0,75.0,0
14.0,981.0,216.0,79.0,1.0,470.0,264.0,0
9.0,516.0,128.0,203.0,6.0,1300.0,37.0,0
10.0,3279.0,80.0,118.0,3.0,835.0,50.0,0
12.0,6769.0,208.0,185.0,3.0,1310.0,51.0,1
5.0,2774.0,197.0,177.0,1.0,795.0,122.0,0
16.0,2289.0,135.0,91.0,3.0,1100.0,130.0,1
15.0,1202.0,104.0,22.0,1.0,800.0,185.0,1
15.0,748.0,204.0,129.0,3.0,765.0,85.0,1
14.0,1521.0,45.0,60.0,4.0,325.0,83.0,0
15.0,1517.0,45.0,277.0,6.0,645.0,150.0,0
12.0,6956.0,236.0,79.0,7.0,880.0,134.0,1
12.0,6594.0,79.0,221.0,3.0,810.0,175.0,1
10.0,3328.0,129.0,80.0,3.0,1180.0,70.0,0
7.0,659.0,197.0,79.0,4.0,612.0,130.0,0
5.0,2857.0,16.0,153.0,3.0,965.0,276.0,0
12.0,7046.0,83.0,79.0,3.0,480.0,76.0,1
15.0,886.0,175.0,251.0,7.0,740.0,65.0,1
15.0,1225.0,129.0,27.0,7.0,1205.0,90.0,1
13.0,543.0,35.0,208.0,6.0,1043.0,172.0,1
10.0,3335.0,56.0,80.0,4.0,765.0,135.0,0
5.0,1646.0,217.0,16.0,6.0,50.0,212.0,0
12.0,4479.0,80.0,261.0,7.0,1125.0,168.0,0
15.0,1814.0,198.0,173.0,1.0,970.0,100.0,1
4.0,1787.0,135.0,80.0,1.0,955.0,70.0,1
15.0,2549.0,79.0,139.0,4.0,1140.0,145.0,1
5.0,2168.0,197.0,22.0,4.0,1150.0,157.0,1
1.0,1061.0,148.0,183.0,5.0,430.0,208.0,0
17.0,2925.0,246.0,217.0,5.0,977.0,92.0,0
15.0,1715.0,154.0,18.0,4.0,885.0,170.0,1
10.0,3660.0,139.0,183.0,3.0,1105.0,170.0,0
5.0,1270.0,268.0,16.0,3.0,530.0,95.0,0
12.0,6673.0,253.0,194.0,3.0,495.0,43.0,0
1.0,2513.0,80.0,79.0,7.0,1115.0,125.0,0
10.0,4241.0,208.0,233.0,4.0,1185.0,120.0,0
6.0,5174.0,35.0,78.0,5.0,695.0,105.0,0
15.0,590.0,154.0,153.0,1.0,620.0,60.0,1
1.0,684.0,18.0,148.0,5.0,600.0,215.0,0
6.0,5205.0,251.0,16.0,5.0,830.0,94.0,0
1.0,826.0,261.0,80.0,5.0,500.0,170.0,0
16.0,2540.0,96.0,33.0,1.0,395.0,154.0,0
15.0,3050.0,243.0,262.0,3.0,820.0,95.0,1
12.0,6877.0,79.0,254.0,1.0,974.0,97.0,0
5.0,2600.0,197.0,45.0,4.0,1140.0,143.0,0
5.0,1032.0,264.0,261.0,7.0,1099.0,101.0,1
13.0,72.0,128.0,253.0,1.0,471.0,322.0,1
4.0,1191.0,35.0,96.0,4.0,665.0,85.0,0
13.0,962.0,61.0,79.0,5.0,938.0,202.0,0
11.0,6497.0,177.0,18.0,1.0,820.0,122.0,0
3.0,134.0,241.0,148.0,3.0,562.0,158.0,0
10.0,4511.0,159.0,35.0,7.0,835.0,65.0,0
12.0,4651.0,99.0,197.0,4.0,320.0,62.0,0
12.0,6597.0,18.0,79.0,3.0,969.0,144.0,0
1.0,1038.0,80.0,197.0,3.0,445.0,140.0,0
14.0,280.0,244.0,217.0,7.0,505.0,160.0,0
12.0,4445.0,33.0,197.0,1.0,783.0,137.0,0
2.0,583.0,264.0,214.0,6.0,885.0,148.0,0
15.0,1914.0,12.0,104.0,1.0,440.0,200.0,0
15.0,1873.0,154.0,280.0,6.0,480.0,80.0,0
15.0,759.0,217.0,2.0,3.0,675.0,65.0,1
10.0,3753.0,197.0,208.0,5.0,480.0,95.0,0
4.0,769.0,153.0,96.0,7.0,480.0,284.0,1
0.0,4052.0,177.0,208.0,3.0,525.0,116.0,1
5.0,2020.0,154.0,177.0,4.0,743.0,221.0,1
10.0,4182.0,208.0,0.0,4.0,540.0,115.0,1
5.0,1292.0,243.0,16.0,7.0,663.0,247.0,0
14.0,1755.0,216.0,78.0,5.0,1264.0,56.0,0
15.0,47.0,129.0,33.0,7.0,1170.0,105.0,1
15.0,1079.0,45.0,233.0,5.0,620.0,65.0,0
4.0,1767.0,135.0,252.0,1.0,580.0,282.0,1
16.0,5948.0,134.0,43.0,7.0,495.0,66.0,0
10.0,2925.0,41.0,80.0,4.0,525.0,90.0,0
12.0,6272.0,163.0,253.0,4.0,1065.0,95.0,1
1.0,941.0,159.0,183.0,7.0,425.0,195.0,0
12.0,6400.0,93.0,253.0,4.0,442.0,97.0,0
10.0,3753.0,197.0,208.0,1.0,480.0,95.0,1
1.0,32.0,154.0,148.0,5.0,825.0,320.0,0
12.0,6817.0,44.0,79.0,5.0,483.0,136.0,0
17.0,2749.0,217.0,246.0,7.0,1069.0,90.0,1
12.0,6706.0,205.0,208.0,1.0,879.0,96.0,0
10.0,2712.0,80.0,1.0,6.0,1175.0,50.0,0
8.0,543.0,217.0,16.0,7.0,1439.0,208.0,0
17.0,7245.0,16.0,134.0,6.0,830.0,111.0,0
1.0,359.0,80.0,264.0,1.0,455.0,195.0,1
15.0,722.0,173.0,175.0,5.0,1235.0,170.0,0
15.0,272.0,243.0,280.0,7.0,850.0,70.0,1
15.0,1964.0,184.0,153.0,1.0,975.0,250.0,1
6.0,5153.0,16.0,115.0,1.0,976.0,75.0,1
6.0,4984.0,35.0,78.0,5.0,635.0,109.0,0
15.0,944.0,153.0,261.0,1.0,1055.0,80.0,1
1.0,1994.0,135.0,183.0,5.0,360.0,135.0,0
13.0,31.0,154.0,134.0,1.0,792.0,293.0,0
15.0,3501.0,197.0,175.0,5.0,480.0,95.0,0
16.0,2046.0,10.0,135.0,4.0,375.0,62.0,0
1.0,1878.0,262.0,80.0,7.0,360.0,205.0,0
5.0,1894.0,60.0,16.0,4.0,1090.0,88.0,0
15.0,692.0,202.0,252.0,7.0,1210.0,120.0,1
1.0,1028.0,79.0,80.0,7.0,1040.0,120.0,0
15.0,1187.0,175.0,207.0,6.0,720.0,270.0,1
16.0,2654.0,135.0,38.0,7.0,1285.0,69.0,1
13.0,950.0,154.0,134.0,1.0,461.0,285.0,1
5.0,18.0,85.0,159.0,5.0,825.0,112.0,1
8.0,896.0,139.0,159.0,5.0,962.0,117.0,0
5.0,124.0,154.0,16.0,4.0,540.0,253.0,0
5.0,2588.0,16.0,262.0,7.0,510.0,327.0,0
10.0,2703.0,80.0,190.0,7.0,565.0,90.0,0
0.0,4282.0,116.0,177.0,3.0,680.0,83.0,1
15.0,896.0,244.0,277.0,1.0,835.0,140.0,0
5.0,1985.0,76.0,16.0,5.0,350.0,114.0,0
2.0,505.0,264.0,252.0,7.0,1200.0,163.0,0
5.0,2750.0,252.0,261.0,4.0,1080.0,112.0,1
1.0,2574.0,183.0,16.0,6.0,1180.0,125.0,0
1.0,1038.0,80.0,197.0,6.0,445.0,140.0,0
16.0,5957.0,208.0,117.0,5.0,789.0,53.0,1
0.0,4146.0,273.0,148.0,5.0,899.0,110.0,0
15.0,872.0,175.0,153.0,3.0,450.0,255.0,1
4.0,8.0,96.0,35.0,1.0,1080.0,77.0,0
13.0,415.0,198.0,79.0,5.0,420.0,186.0,0
10.0,3345.0,80.0,157.0,5.0,1185.0,125.0,0
5.0,1828.0,16.0,175.0,5.0,900.0,117.0,0
1.0,1769.0,159.0,183.0,6.0,550.0,200.0,0
11.0,6271.0,71.0,94.0,4.0,1240.0,61.0,0
5.0,2910.0,80.0,16.0,7.0,1170.0,127.0,0
15.0,2908.0,170.0,2.0,6.0,515.0,70.0,0
10.0,4327.0,208.0,281.0,3.0,1105.0,65.0,1
6.0,5271.0,16.0,290.0,5.0,970.0,116.0,0
15.0,1772.0,253.0,243.0,5.0,365.0,85.0,0
13.0,389.0,277.0,208.0,7.0,993.0,177.0,0
14.0,940.0,243.0,217.0,1.0,980.0,75.0,0
15.0,912.0,264.0,79.0,1.0,485.0,140.0,1
10.0,3605.0,183.0,71.0,6.0,450.0,160.0,0
15.0,409.0,184.0,45.0,7.0,780.0,120.0,1
1.0,1851.0,78.0,183.0,6.0,365.0,160.0,1
1.0,1951.0,80.0,262.0,4.0,1265.0,225.0,0
11.0,6567.0,85.0,290.0,3.0,945.0,147.0,0
1.0,1694.0,80.0,33.0,4.0,840.0,100.0,1
10.0,3609.0,183.0,16.0,3.0,835.0,120.0,0
13.0,416.0,261.0,79.0,1.0,1006.0,86.0,0
10.0,2855.0,80.0,129.0,7.0,795.0,70.0,1
16.0,2420.0,58.0,229.0,5.0,710.0,92.0,0
0.0,3819.0,134.0,85.0,6.0,573.0,99.0,0
15.0,1443.0,173.0,175.0,7.0,515.0,175.0,0
16.0,2905.0,58.0,197.0,4.0,740.0,123.0,0
15.0,1178.0,75.0,268.0,5.0,435.0,95.0,1
0.0,3659.0,12.0,16.0,1.0,345.0,183.0,0
0.0,3824.0,221.0,197.0,4.0,1016.0,144.0,1
1.0,2332.0,208.0,216.0,5.0,750.0,115.0,0
10.0,4631.0,159.0,233.0,3.0,625.0,110.0,0
10.0,3079.0,154.0,243.0,5.0,1185.0,45.0,0
0.0,3979.0,43.0,148.0,5.0,575.0,100.0,1
12.0,6526.0,217.0,154.0,5.0,698.0,87.0,0
6.0,7310.0,205.0,85.0,7.0,1072.0,118.0,0
12.0,6507.0,84.0,208.0,6.0,827.0,83.0,1
17.0,2831.0,217.0,280.0,3.0,1260.0,46.0,0
4.0,1827.0,243.0,96.0,5.0,485.0,325.0,0
6.0,5373.0,16.0,273.0,5.0,925.0,130.0,0
4.0,811.0,96.0,135.0,6.0,990.0,221.0,1
1.0,589.0,234.0,80.0,4.0,800.0,210.0,0
10.0,4268.0,58.0,208.0,4.0,460.0,95.0,0
15.0,50.0,131.0,129.0,1.0,1015.0,60.0,0
2.0,667.0,18.0,258.0,3.0,920.0,237.0,0
16.0,2387.0,120.0,135.0,4.0,835.0,178.0,1
13.0,898.0,134.0,35.0,3.0,1014.0,95.0,1
15.0,2637.0,261.0,214.0,6.0,515.0,130.0,0
17.0,2611.0,60.0,54.0,4.0,985.0,65.0,0
8.0,872.0,197.0,16.0,5.0,665.0,146.0,1
10.0,4082.0,208.0,136.0,4.0,1115.0,120.0,0
11.0,6755.0,35.0,233.0,3.0,450.0,140.0,0
1.0,386.0,268.0,208.0,1.0,405.0,80.0,0
1.0,2325.0,208.0,80.0,7.0,760.0,150.0,1
0.0,3836.0,205.0,85.0,6.0,355.0,145.0,0
5.0,2138.0,16.0,78.0,3.0,860.0,96.0,1
5.0,1650.0,197.0,216.0,6.0,925.0,165.0,0
12.0,4578.0,258.0,261.0,7.0,984.0,110.0,0
15.0,1587.0,45.0,175.0,1.0,930.0,125.0,1
6.0,5312.0,16.0,285.0,3.0,535.0,61.0,1
12.0,6858.0,243.0,79.0,1.0,1046.0,134.0,0
0.0,4251.0,233.0,71.0,3.0,390.0,100.0,0
12.0,4518.0,261.0,79.0,7.0,760.0,83.0,0
10.0,2847.0,54.0,80.0,6.0,740.0,190.0,0
15.0,1748.0,243.0,262.0,5.0,1075.0,95.0,0
15.0,1001.0,172.0,75.0,4.0,880.0,95.0,0
1.0,599.0,159.0,183.0,3.0,630.0,195.0,0
8.0,639.0,45.0,76.0,4.0,1290.0,89.0,0
6.0,5215.0,167.0,16.0,1.0,761.0,89.0,0
16.0,2591.0,135.0,75.0,5.0,870.0,61.0,0
8.0,485.0,45.0,173.0,4.0,878.0,142.0,0
15.0,468.0,236.0,214.0,7.0,590.0,85.0,0
15.0,1073.0,236.0,153.0,7.0,1000.0,70.0,1
4.0,1712.0,260.0,135.0,4.0,1032.0,288.0,1
0.0,3697.0,85.0,27.0,1.0,545.0,125.0,1
0.0,4296.0,85.0,25.0,3.0,1310.0,85.0,1
1.0,1482.0,260.0,183.0,5.0,450.0,160.0,1
6.0,5144.0,16.0,48.0,5.0,975.0,100.0,0
12.0,6945.0,79.0,204.0,5.0,840.0,89.0,0
15.0,1405.0,216.0,175.0,6.0,730.0,140.0,1
15.0,1279.0,129.0,204.0,7.0,1245.0,80.0,1
11.0,6544.0,148.0,43.0,5.0,1020.0,115.0,0
12.0,6657.0,208.0,265.0,4.0,1314.0,53.0,1
14.0,1475.0,216.0,16.0,6.0,1230.0,138.0,0
16.0,2593.0,135.0,205.0,1.0,800.0,128.0,0
10.0,2943.0,80.0,71.0,4.0,390.0,130.0,0
10.0,3041.0,154.0,243.0,1.0,600.0,40.0,0
7.0,728.0,79.0,78.0,1.0,450.0,196.0,0
16.0,2308.0,135.0,38.0,5.0,920.0,68.0,0
1.0,1147.0,173.0,80.0,6.0,845.0,175.0,0
16.0,2640.0,119.0,135.0,5.0,1101.0,179.0,0
14.0,1276.0,216.0,139.0,5.0,1075.0,127.0,1
12.0,6622.0,79.0,114.0,7.0,944.0,52.0,0
5.0,1746.0,217.0,16.0,3.0,840.0,220.0,0
16.0,2386.0,135.0,120.0,1.0,602.0,141.0,0
15.0,1299.0,175.0,228.0,6.0,1015.0,130.0,1
6.0,7087.0,71.0,134.0,5.0,867.0,98.0,0
10.0,4272.0,281.0,208.0,1.0,870.0,75.0,0
10.0,4506.0,35.0,159.0,3.0,1055.0,84.0,0
15.0,587.0,79.0,45.0,7.0,1105.0,200.0,0
9.0,157.0,203.0,128.0,3.0,735.0,34.0,1
7.0,843.0,79.0,252.0,5.0,1090.0,177.0,1
15.0,109.0,198.0,79.0,3.0,360.0,180.0,0
4.0,1011.0,96.0,135.0,5.0,530.0,255.0,1
10.0,2855.0,80.0,129.0,3.0,795.0,70.0,0
12.0,7764.0,261.0,220.0,5.0,485.0,67.0,0
15.0,474.0,45.0,209.0,5.0,690.0,50.0,1
1.0,1492.0,253.0,80.0,4.0,730.0,210.0,0
1.0,1512.0,253.0,208.0,7.0,670.0,255.0,0
16.0,3132.0,147.0,96.0,6.0,845.0,137.0,0
1.0,592.0,65.0,80.0,3.0,460.0,115.0,0
8.0,526.0,277.0,45.0,7.0,450.0,130.0,0
15.0,2617.0,79.0,244.0,7.0,1170.0,130.0,1
15.0,449.0,91.0,217.0,6.0,850.0,75.0,1
14.0,16.0,217.0,148.0,7.0,976.0,282.0,0
3.0,1060.0,18.0,148.0,3.0,420.0,205.0,1
1.0,1344.0,80.0,268.0,5.0,825.0,95.0,0
4.0,374.0,243.0,135.0,7.0,708.0,184.0,1
13.0,932.0,233.0,134.0,7.0,1179.0,68.0,1
5.0,54.0,45.0,16.0,3.0,1125.0,123.0,1
15.0,2882.0,129.0,27.0,3.0,580.0,90.0,1
6.0,5355.0,85.0,237.0,6.0,1175.0,95.0,0
15.0,1256.0,34.0,202.0,5.0,1135.0,105.0,1
16.0,2203.0,279.0,135.0,1.0,650.0,89.0,0
10.0,4668.0,16.0,159.0,4.0,690.0,135.0,0
8.0,1282.0,106.0,277.0,4.0,935.0,165.0,0
14.0,2048.0,78.0,35.0,4.0,1260.0,81.0,0
12.0,7035.0,214.0,154.0,4.0,932.0,138.0,1
1.0,1499.0,277.0,80.0,5.0,715.0,175.0,0
6.0,5229.0,177.0,254.0,7.0,1170.0,68.0,0
17.0,2663.0,209.0,60.0,6.0,825.0,85.0,0
14.0,460.0,217.0,139.0,4.0,595.0,207.0,0
6.0,4982.0,16.0,118.0,1.0,600.0,154.0,0
0.0,3808.0,85.0,76.0,1.0,615.0,60.0,0
14.0,1813.0,60.0,277.0,3.0,465.0,100.0,1
15.0,1057.0,153.0,79.0,3.0,810.0,115.0,0
5.0,1783.0,261.0,153.0,6.0,821.0,85.0,0
1.0,1561.0,208.0,253.0,4.0,1125.0,285.0,0
0.0,4332.0,16.0,238.0,1.0,905.0,118.0,0
15.0,1775.0,216.0,228.0,5.0,965.0,70.0,0
6.0,5550.0,16.0,11.0,5.0,815.0,54.0,0
10.0,2884.0,290.0,80.0,5.0,775.0,75.0,0
12.0,4456.0,261.0,168.0,6.0,667.0,91.0,0
10.0,3730.0,96.0,208.0,7.0,1115.0,170.0,1
10.0,3278.0,80.0,38.0,3.0,930.0,95.0,1
13.0,312.0,134.0,22.0,4.0,1035.0,82.0,0
14.0,632.0,217.0,221.0,3.0,605.0,243.0,0
17.0,2930.0,100.0,217.0,6.0,570.0,95.0,0
13.0,738.0,79.0,173.0,6.0,480.0,210.0,0
15.0,1599.0,262.0,154.0,4.0,455.0,80.0,0
10.0,3291.0,284.0,80.0,1.0,1095.0,50.0,0
13.0,97.0,253.0,135.0,1.0,647.0,239.0,1
14.0,738.0,221.0,216.0,3.0,1065.0,76.0,1
13.0,933.0,134.0,233.0,7.0,1320.0,71.0,0
15.0,1532.0,45.0,153.0,4.0,1085.0,330.0,1
6.0,7116.0,148.0,134.0,6.0,360.0,81.0,0
15.0,2743.0,217.0,153.0,7.0,460.0,65.0,0
8.0,803.0,45.0,35.0,5.0,1115.0,84.0,0
13.0,457.0,134.0,16.0,5.0,520.0,115.0,0
16.0,3010.0,58.0,216.0,4.0,990.0,77.0,0
15.0,949.0,79.0,261.0,1.0,705.0,90.0,1
1.0,1287.0,18.0,80.0,5.0,465.0,65.0,0
0.0,3932.0,71.0,247.0,4.0,560.0,56.0,0
12.0,6659.0,79.0,65.0,4.0,1310.0,35.0,0
15.0,1752.0,18.0,217.0,5.0,1090.0,155.0,1
15.0,1048.0,43.0,45.0,4.0,510.0,75.0,1
5.0,2002.0,241.0,16.0,5.0,970.0,108.0,0
15.0,2745.0,33.0,153.0,7.0,865.0,260.0,0
15.0,3312.0,172.0,184.0,5.0,575.0,85.0,0
12.0,6602.0,253.0,262.0,5.0,1200.0,47.0,0
9.0,2.0,128.0,154.0,3.0,905.0,325.0,1
4.0,1511.0,135.0,264.0,7.0,1050.0,222.0,1
17.0,2934.0,217.0,177.0,7.0,585.0,184.0,0
12.0,6360.0,253.0,207.0,5.0,1023.0,76.0,0
5.0,1428.0,153.0,148.0,6.0,1435.0,294.0,0
9.0,257.0,150.0,128.0,7.0,810.0,42.0,0
13.0,422.0,28.0,79.0,5.0,451.0,94.0,0
6.0,5494.0,187.0,16.0,5.0,600.0,112.0,1
12.0,6934.0,253.0,236.0,3.0,1365.0,64.0,0
15.0,1122.0,85.0,79.0,5.0,400.0,200.0,1
10.0,3656.0,221.0,183.0,6.0,1040.0,170.0,0
12.0,6355.0,154.0,246.0,5.0,966.0,44.0,0
17.0,7265.0,172.0,134.0,7.0,742.0,141.0,1
14.0,1839.0,216.0,197.0,7.0,595.0,183.0,1
12.0,6258.0,79.0,88.0,5.0,679.0,45.0,0
5.0,2857.0,16.0,153.0,4.0,965.0,276.0,1
15.0,1427.0,153.0,243.0,5.0,1215.0,65.0,0
17.0,2864.0,103.0,217.0,4.0,1150.0,71.0,0
3.0,1206.0,241.0,130.0,6.0,650.0,160.0,0
0.0,4226.0,71.0,209.0,6.0,690.0,99.0,0
1.0,1499.0,277.0,80.0,7.0,715.0,175.0,0
15.0,20.0,155.0,153.0,7.0,835.0,140.0,0
12.0,6310.0,61.0,79.0,6.0,945.0,202.0,0
4.0,701.0,96.0,104.0,4.0,630.0,185.0,0
5.0,325.0,139.0,85.0,7.0,475.0,80.0,0
5.0,2219.0,159.0,197.0,1.0,695.0,185.0,0
9.0,383.0,143.0,128.0,4.0,673.0,49.0,0
1.0,1056.0,80.0,268.0,3.0,480.0,95.0,0
12.0,6320.0,154.0,243.0,5.0,372.0,48.0,1
5.0,1407.0,177.0,198.0,6.0,875.0,81.0,0
12.0,6291.0,154.0,91.0,6.0,763.0,111.0,1
15.0,1370.0,172.0,202.0,5.0,815.0,245.0,0
1.0,329.0,208.0,197.0,7.0,910.0,85.0,0
11.0,6423.0,76.0,85.0,4.0,335.0,75.0,0
8.0,723.0,45.0,198.0,7.0,881.0,176.0,1
5.0,1557.0,85.0,172.0,4.0,1191.0,134.0,1
0.0,3804.0,58.0,16.0,4.0,335.0,128.0,0
5.0,2337.0,45.0,85.0,5.0,450.0,102.0,0
15.0,808.0,217.0,2.0,6.0,950.0,65.0,1
1.0,403.0,80.0,280.0,4.0,1305.0,140.0,0
13.0,97.0,253.0,135.0,4.0,647.0,239.0,0
15.0,617.0,175.0,172.0,4.0,1185.0,90.0,1
13.0,441.0,45.0,79.0,5.0,576.0,247.0,0
7.0,608.0,79.0,139.0,4.0,895.0,139.0,1
12.0,6630.0,154.0,57.0,3.0,483.0,43.0,0
16.0,5925.0,208.0,107.0,1.0,660.0,96.0,1
3.0,181.0,148.0,243.0,1.0,510.0,374.0,0
6.0,7080.0,134.0,85.0,5.0,1325.0,95.0,0
12.0,6749.0,230.0,79.0,3.0,362.0,76.0,0
8.0,729.0,184.0,80.0,3.0,1260.0,150.0,0
10.0,2859.0,101.0,80.0,6.0,950.0,190.0,0
4.0,1585.0,178.0,135.0,5.0,325.0,64.0,0
15.0,817.0,44.0,258.0,4.0,485.0,65.0,1
15.0,1383.0,79.0,139.0,7.0,850.0,140.0,1
11.0,6477.0,290.0,71.0,3.0,1005.0,111.0,0
12.0,4514.0,195.0,197.0,7.0,1130.0,66.0,0
15.0,1115.0,197.0,79.0,3.0,680.0,135.0,1
14.0,1886.0,216.0,35.0,7.0,1035.0,79.0,0
15.0,1057.0,153.0,79.0,5.0,810.0,115.0,1
1.0,492.0,80.0,268.0,3.0,1045.0,95.0,0
1.0,1881.0,134.0,80.0,4.0,940.0,215.0,0
12.0,4762.0,227.0,261.0,4.0,390.0,102.0,0
15.0,2793.0,277.0,175.0,7.0,1125.0,165.0,1
14.0,522.0,96.0,217.0,4.0,390.0,345.0,0
14.0,769.0,216.0,35.0,5.0,855.0,82.0,0
15.0,655.0,261.0,153.0,5.0,570.0,85.0,1
6.0,7335.0,115.0,16.0,4.0,871.0,81.0,0
17.0,1017.0,150.0,128.0,7.0,975.0,40.0,0
12.0,6336.0,236.0,253.0,1.0,641.0,67.0,1
12.0,4719.0,261.0,160.0,5.0,515.0,113.0,0
15.0,3655.0,268.0,204.0,5.0,1195.0,95.0,1
5.0,1789.0,16.0,172.0,4.0,1315.0,147.0,0
14.0,1951.0,43.0,60.0,5.0,510.0,118.0,0
15.0,2121.0,262.0,252.0,4.0,420.0,115.0,0
5.0,1598.0,104.0,159.0,7.0,830.0,176.0,0
16.0,2031.0,96.0,16.0,7.0,1080.0,157.0,1
3.0,443.0,35.0,277.0,7.0,507.0,204.0,1
15.0,2177.0,262.0,207.0,4.0,1200.0,75.0,1
12.0,7759.0,89.0,261.0,1.0,490.0,78.0,1
15.0,1268.0,184.0,153.0,5.0,640.0,240.0,0
5.0,1735.0,154.0,161.0,5.0,835.0,373.0,0
15.0,1181.0,61.0,268.0,4.0,570.0,90.0,0
15.0,618.0,45.0,33.0,5.0,545.0,120.0,0
14.0,1988.0,241.0,60.0,4.0,630.0,112.0,0
15.0,3920.0,268.0,204.0,1.0,635.0,100.0,1
12.0,4571.0,261.0,100.0,1.0,915.0,95.0,0
12.0,6266.0,93.0,79.0,7.0,360.0,155.0,0
6.0,5267.0,48.0,16.0,1.0,420.0,129.0,1
15.0,763.0,202.0,111.0,4.0,1115.0,120.0,1
4.0,258.0,135.0,78.0,1.0,455.0,175.0,0
1.0,637.0,183.0,198.0,5.0,965.0,130.0,0
12.0,6292.0,154.0,194.0,4.0,1126.0,65.0,0
5.0,2050.0,177.0,159.0,5.0,1140.0,158.0,1
10.0,3393.0,80.0,184.0,5.0,390.0,140.0,0
5.0,1686.0,16.0,159.0,3.0,520.0,150.0,0
10.0,2921.0,157.0,80.0,5.0,1025.0,155.0,1
5.0,1578.0,97.0,16.0,5.0,740.0,121.0,1
9.0,115.0,203.0,128.0,3.0,458.0,34.0,0
2.0,588.0,214.0,264.0,7.0,1170.0,141.0,0
1.0,1272.0,227.0,80.0,4.0,720.0,165.0,0
12.0,6850.0,171.0,208.0,1.0,519.0,79.0,1
15.0,2660.0,154.0,262.0,5.0,530.0,80.0,1
13.0,951.0,134.0,154.0,1.0,1055.0,335.0,1
14.0,1124.0,60.0,159.0,4.0,1205.0,110.0,0
1.0,1041.0,35.0,208.0,3.0,425.0,190.0,0
1.0,374.0,280.0,208.0,5.0,410.0,205.0,0
16.0,2080.0,2.0,135.0,5.0,978.0,119.0,0
14.0,551.0,214.0,217.0,1.0,690.0,148.0,0
6.0,5285.0,120.0,16.0,5.0,835.0,95.0,0
17.0,2649.0,154.0,153.0,1.0,570.0,63.0,0
4.0,417.0,135.0,243.0,5.0,645.0,215.0,0
15.0,1256.0,261.0,34.0,3.0,1040.0,70.0,1
6.0,5473.0,16.0,158.0,7.0,1227.0,107.0,1
13.0,8.0,253.0,148.0,1.0,570.0,344.0,0
1.0,753.0,159.0,80.0,7.0,860.0,245.0,0
8.0,316.0,16.0,60.0,3.0,1070.0,69.0,0
5.0,49.0,71.0,16.0,4.0,985.0,94.0,1
12.0,6600.0,122.0,79.0,1.0,450.0,112.0,0
12.0,4804.0,100.0,261.0,4.0,811.0,101.0,1
1.0,413.0,208.0,264.0,1.0,845.0,255.0,0
1.0,154.0,208.0,35.0,6.0,1070.0,135.0,1
5.0,2660.0,177.0,159.0,6.0,510.0,165.0,0
14.0,1649.0,78.0,277.0,1.0,1045.0,144.0,0
5.0,1261.0,16.0,129.0,4.0,650.0,140.0,0
13.0,316.0,264.0,79.0,4.0,480.0,152.0,0
8.0,922.0,16.0,172.0,7.0,933.0,132.0,0
10.0,3999.0,99.0,208.0,7.0,1000.0,130.0,1
1.0,1948.0,80.0,216.0,4.0,615.0,185.0,1
15.0,962.0,197.0,79.0,3.0,985.0,135.0,1
5.0,2954.0,217.0,71.0,3.0,754.0,211.0,1
15.0,1006.0,91.0,18.0,1.0,735.0,85.0,0
15.0,527.0,277.0,139.0,7.0,730.0,140.0,1
1.0,1074.0,80.0,16.0,5.0,855.0,125.0,0
2.0,852.0,128.0,252.0,6.0,865.0,337.0,1
12.0,7004.0,248.0,253.0,7.0,563.0,67.0,0
15.0,1860.0,129.0,170.0,1.0,1055.0,85.0,0
12.0,6254.0,100.0,253.0,1.0,465.0,67.0,0
11.0,6585.0,85.0,134.0,4.0,1290.0,101.0,0
17.0,2737.0,160.0,217.0,5.0,1140.0,81.0,0
1.0,1826.0,227.0,80.0,7.0,885.0,170.0,0
1.0,2578.0,253.0,154.0,5.0,1015.0,80.0,0
14.0,127.0,184.0,217.0,7.0,420.0,249.0,1
16.0,5921.0,12.0,208.0,3.0,1126.0,149.0,0
5.0,1590.0,16.0,245.0,4.0,815.0,63.0,0
1.0,1211.0,85.0,80.0,3.0,805.0,175.0,1
8.0,511.0,80.0,184.0,1.0,941.0,135.0,0
15.0,50.0,131.0,129.0,5.0,1015.0,60.0,1
13.0,394.0,153.0,208.0,6.0,360.0,215.0,0
14.0,1206.0,217.0,216.0,3.0,790.0,266.0,0
1.0,2428.0,154.0,80.0,4.0,540.0,190.0,0
1.0,2287.0,80.0,88.0,5.0,730.0,140.0,0
16.0,2352.0,205.0,135.0,4.0,656.0,140.0,0
13.0,560.0,253.0,261.0,4.0,790.0,112.0,0
15.0,914.0,277.0,129.0,4.0,705.0,150.0,0
15.0,1921.0,27.0,33.0,7.0,570.0,50.0,1
16.0,2223.0,135.0,68.0,4.0,770.0,59.0,0
5.0,2258.0,233.0,197.0,5.0,385.0,184.0,0
12.0,6927.0,127.0,79.0,1.0,823.0,107.0,0
13.0,126.0,154.0,208.0,7.0,1385.0,239.0,0
12.0,6418.0,253.0,261.0,3.0,1166.0,102.0,0
16.0,2004.0,45.0,96.0,7.0,603.0,57.0,0
13.0,458.0,154.0,221.0,6.0,563.0,277.0,0
1.0,30.0,154.0,148.0,7.0,1425.0,314.0,0
2.0,584.0,214.0,264.0,6.0,945.0,145.0,0
15.0,1920.0,175.0,197.0,1.0,1070.0,90.0,1
13.0,540.0,253.0,134.0,4.0,544.0,306.0,0
13.0,735.0,79.0,253.0,7.0,912.0,164.0,1
6.0,4963.0,16.0,121.0,4.0,755.0,53.0,0
17.0,2661.0,33.0,60.0,1.0,1025.0,76.0,0
5.0,1456.0,267.0,16.0,5.0,668.0,97.0,0
17.0,2849.0,217.0,292.0,5.0,1360.0,66.0,0
0.0,3843.0,85.0,21.0,6.0,840.0,53.0,1
10.0,3628.0,33.0,183.0,5.0,540.0,140.0,0
1.0,560.0,236.0,208.0,4.0,830.0,235.0,0
1.0,1605.0,208.0,243.0,6.0,1000.0,270.0,1
11.0,6316.0,139.0,233.0,5.0,1035.0,105.0,0
14.0,2176.0,78.0,159.0,7.0,900.0,81.0,0
0.0,3811.0,71.0,285.0,6.0,1145.0,60.0,0
15.0,981.0,44.0,202.0,4.0,1045.0,75.0,0
3.0,306.0,160.0,134.0,7.0,540.0,278.0,0
12.0,6862.0,171.0,208.0,4.0,1213.0,72.0,0
6.0,5463.0,16.0,288.0,5.0,506.0,80.0,0
1.0,1888.0,80.0,147.0,5.0,410.0,125.0,0
15.0,2207.0,197.0,268.0,6.0,795.0,90.0,1
12.0,6762.0,246.0,79.0,5.0,880.0,142.0,0
6.0,5285.0,120.0,16.0,7.0,835.0,95.0,1
16.0,3099.0,290.0,135.0,4.0,916.0,101.0,0
13.0,846.0,134.0,253.0,6.0,506.0,377.0,0
8.0,950.0,45.0,119.0,7.0,620.0,105.0,0
5.0,2257.0,261.0,252.0,7.0,1005.0,130.0,0
7.0,770.0,153.0,79.0,7.0,933.0,111.0,0
12.0,7015.0,208.0,162.0,6.0,1210.0,109.0,1
1.0,2058.0,80.0,260.0,5.0,795.0,265.0,1
10.0,3949.0,21.0,208.0,5.0,630.0,55.0,0
13.0,295.0,79.0,45.0,5.0,1068.0,198.0,0
3.0,1252.0,134.0,35.0,5.0,530.0,85.0,0
14.0,1656.0,43.0,60.0,7.0,385.0,116.0,1
16.0,2638.0,96.0,182.0,3.0,680.0,67.0,0
5.0,1594.0,16.0,216.0,5.0,890.0,135.0,0
6.0,5093.0,16.0,81.0,7.0,1319.0,60.0,0
15.0,1172.0,264.0,202.0,5.0,1180.0,80.0,1
12.0,6684.0,177.0,208.0,4.0,360.0,110.0,0
3.0,18.0,104.0,148.0,1.0,616.0,158.0,0
10.0,4532.0,78.0,148.0,5.0,840.0,80.0,0
4.0,1170.0,208.0,96.0,5.0,945.0,127.0,1
16.0,3118.0,96.0,54.0,6.0,685.0,137.0,0
5.0,1680.0,253.0,16.0,4.0,868.0,277.0,1
14.0,2124.0,159.0,35.0,4.0,660.0,68.0,0
10.0,3736.0,208.0,96.0,3.0,360.0,120.0,1
8.0,964.0,16.0,7.0,4.0,924.0,116.0,0
10.0,3157.0,242.0,154.0,5.0,805.0,130.0,0
12.0,7755.0,49.0,261.0,1.0,546.0,74.0,1
4.0,227.0,45.0,135.0,4.0,1048.0,212.0,1
15.0,497.0,228.0,45.0,5.0,650.0,80.0,0
15.0,411.0,35.0,216.0,1.0,505.0,100.0,0
14.0,1633.0,216.0,173.0,7.0,420.0,149.0,0
12.0,6611.0,217.0,79.0,3.0,837.0,102.0,0
12.0,7767.0,235.0,261.0,1.0,485.0,65.0,0
3.0,55.0,42.0,148.0,6.0,1141.0,89.0,0
1.0,2574.0,183.0,16.0,4.0,1180.0,125.0,1
0.0,4143.0,109.0,85.0,6.0,345.0,59.0,0
12.0,4635.0,261.0,258.0,7.0,1220.0,114.0,1
13.0,520.0,197.0,208.0,3.0,360.0,84.0,0
15.0,185.0,22.0,173.0,7.0,615.0,185.0,0
10.0,4119.0,208.0,162.0,6.0,490.0,115.0,0
15.0,2018.0,45.0,182.0,6.0,640.0,75.0,1
5.0,1261.0,54.0,16.0,3.0,510.0,86.0,0
15.0,459.0,79.0,205.0,5.0,620.0,80.0,1
2.0,372.0,252.0,262.0,3.0,1195.0,106.0,0
5.0,2553.0,85.0,198.0,7.0,525.0,170.0,0
15.0,1636.0,75.0,204.0,3.0,455.0,50.0,1
14.0,511.0,217.0,205.0,1.0,605.0,165.0,0
17.0,2642.0,177.0,60.0,7.0,865.0,101.0,0
2.0,611.0,153.0,252.0,3.0,950.0,162.0,0
15.0,1076.0,154.0,153.0,3.0,560.0,60.0,1
10.0,4327.0,208.0,281.0,7.0,1105.0,65.0,0
3.0,684.0,78.0,35.0,5.0,855.0,83.0,1
5.0,1602.0,153.0,16.0,6.0,360.0,223.0,1
5.0,2028.0,173.0,85.0,1.0,960.0,160.0,0
15.0,888.0,202.0,111.0,6.0,545.0,125.0,0
0.0,4336.0,108.0,177.0,1.0,990.0,65.0,0
14.0,2162.0,78.0,159.0,5.0,480.0,74.0,0
5.0,1656.0,16.0,228.0,1.0,895.0,145.0,0
5.0,2366.0,147.0,159.0,3.0,430.0,143.0,1
2.0,62.0,98.0,14.0,4.0,360.0,70.0,0
12.0,6385.0,154.0,248.0,5.0,628.0,54.0,0
15.0,1618.0,217.0,18.0,3.0,545.0,130.0,1
1.0,1495.0,80.0,262.0,5.0,590.0,225.0,0
10.0,2805.0,239.0,80.0,1.0,635.0,85.0,0
1.0,555.0,80.0,244.0,3.0,590.0,70.0,0
12.0,6555.0,114.0,79.0,4.0,592.0,58.0,0
8.0,805.0,45.0,35.0,7.0,385.0,80.0,1
10.0,3078.0,194.0,154.0,5.0,695.0,65.0,1
4.0,90.0,154.0,96.0,6.0,750.0,318.0,1
15.0,799.0,154.0,253.0,5.0,360.0,80.0,0
1.0,3.0,148.0,154.0,3.0,715.0,375.0,1
15.0,468.0,111.0,34.0,5.0,410.0,65.0,0
0.0,3748.0,177.0,108.0,1.0,565.0,79.0,0
14.0,1627.0,96.0,60.0,5.0,895.0,115.0,0
5.0,2918.0,173.0,16.0,4.0,1230.0,96.0,0
5.0,2522.0,197.0,79.0,5.0,1320.0,124.0,1
15.0,429.0,253.0,154.0,7.0,655.0,80.0,0
16.0,2409.0,58.0,172.0,3.0,1092.0,124.0,1
15.0,2176.0,202.0,217.0,5.0,985.0,115.0,1
2.0,876.0,128.0,214.0,1.0,755.0,330.0,1
15.0,3131.0,175.0,159.0,6.0,1070.0,125.0,1
10.0,4595.0,159.0,233.0,4.0,700.0,105.0,0
5.0,1046.0,261.0,16.0,3.0,720.0,213.0,0
5.0,1446.0,217.0,16.0,6.0,500.0,211.0,0
1.0,782.0,208.0,277.0,4.0,1045.0,160.0,0
15.0,388.0,91.0,217.0,3.0,425.0,80.0,1
4.0,61.0,96.0,135.0,1.0,830.0,239.0,0
12.0,6269.0,253.0,100.0,7.0,1260.0,59.0,1
11.0,6673.0,148.0,78.0,7.0,1042.0,98.0,0
1.0,364.0,80.0,213.0,6.0,1180.0,150.0,0
1.0,674.0,208.0,183.0,1.0,335.0,185.0,0
10.0,3287.0,41.0,80.0,5.0,825.0,90.0,0
6.0,7392.0,71.0,78.0,3.0,1170.0,90.0,1
13.0,752.0,79.0,45.0,1.0,506.0,205.0,0
4.0,724.0,58.0,96.0,3.0,385.0,83.0,0
16.0,2436.0,147.0,135.0,6.0,695.0,147.0,1
3.0,1226.0,233.0,35.0,5.0,1020.0,101.0,1
3.0,778.0,153.0,35.0,3.0,1409.0,293.0,0
1.0,1654.0,80.0,264.0,1.0,980.0,200.0,0
3.0,119.0,148.0,198.0,4.0,889.0,213.0,0
5.0,1281.0,16.0,177.0,7.0,875.0,85.0,0
5.0,1847.0,159.0,16.0,4.0,600.0,160.0,0
2.0,317.0,253.0,252.0,7.0,1185.0,126.0,1
10.0,3768.0,96.0,208.0,5.0,360.0,165.0,0
12.0,6860.0,2.0,79.0,6.0,601.0,76.0,0
15.0,1409.0,262.0,44.0,3.0,1145.0,70.0,0
12.0,7016.0,130.0,208.0,3.0,720.0,156.0,0
3.0,1304.0,134.0,148.0,4.0,451.0,73.0,0
12.0,6382.0,34.0,253.0,7.0,679.0,105.0,1
15.0,756.0,18.0,217.0,4.0,690.0,155.0,0
15.0,441.0,217.0,243.0,3.0,595.0,75.0,1
12.0,6868.0,2.0,79.0,4.0,1160.0,76.0,0
10.0,4535.0,61.0,159.0,5.0,475.0,105.0,0
15.0,3047.0,153.0,217.0,1.0,1010.0,70.0,0
15.0,37.0,153.0,91.0,5.0,555.0,100.0,0
14.0,1124.0,60.0,159.0,7.0,1205.0,110.0,0
5.0,1755.0,16.0,154.0,4.0,665.0,305.0,1
2.0,67.0,149.0,14.0,7.0,1210.0,106.0,0
12.0,7027.0,65.0,79.0,1.0,672.0,40.0,0
3.0,1065.0,148.0,18.0,6.0,756.0,252.0,1
17.0,2946.0,280.0,217.0,7.0,1070.0,51.0,0
2.0,573.0,243.0,214.0,5.0,400.0,159.0,0
15.0,3830.0,268.0,216.0,4.0,615.0,130.0,0
5.0,1552.0,85.0,119.0,1.0,830.0,53.0,0
15.0,1228.0,154.0,244.0,1.0,780.0,165.0,1
11.0,6672.0,177.0,268.0,3.0,860.0,73.0,0
5.0,2111.0,16.0,80.0,6.0,885.0,145.0,0
12.0,4776.0,261.0,224.0,4.0,916.0,99.0,1
6.0,7323.0,32.0,16.0,7.0,360.0,115.0,0
14.0,1157.0,216.0,241.0,5.0,600.0,188.0,0
15.0,3307.0,175.0,243.0,5.0,530.0,275.0,0
11.0,6473.0,35.0,148.0,5.0,1050.0,100.0,1
15.0,2049.0,243.0,258.0,7.0,1130.0,80.0,0
14.0,1024.0,260.0,216.0,5.0,940.0,244.0,0
5.0,2763.0,148.0,154.0,3.0,540.0,393.0,0
15.0,738.0,175.0,205.0,7.0,1030.0,95.0,1
17.0,2916.0,227.0,217.0,5.0,1000.0,83.0,0
5.0,2592.0,217.0,197.0,1.0,980.0,185.0,1
1.0,519.0,208.0,154.0,1.0,1020.0,260.0,0
10.0,2860.0,288.0,80.0,5.0,945.0,135.0,0
0.0,3734.0,135.0,16.0,5.0,835.0,125.0,0
12.0,6871.0,192.0,79.0,3.0,948.0,97.0,1
15.0,1943.0,173.0,268.0,5.0,885.0,155.0,0
1.0,1885.0,244.0,80.0,5.0,540.0,70.0,0
1.0,551.0,132.0,80.0,6.0,680.0,130.0,0
6.0,5184.0,16.0,132.0,4.0,900.0,62.0,1
0.0,4173.0,85.0,281.0,4.0,1165.0,76.0,1
5.0,2479.0,184.0,16.0,7.0,573.0,122.0,0
8.0,1595.0,116.0,277.0,7.0,725.0,85.0,1
5.0,1080.0,16.0,60.0,7.0,905.0,77.0,0
12.0,6440.0,154.0,65.0,1.0,905.0,131.0,0
15.0,1161.0,153.0,236.0,3.0,1225.0,75.0,1
10.0,3313.0,195.0,80.0,7.0,860.0,155.0,0
13.0,396.0,153.0,208.0,5.0,519.0,215.0,0
2.0,65.0,149.0,14.0,5.0,780.0,107.0,0
1.0,1646.0,279.0,80.0,6.0,500.0,80.0,0
6.0,5511.0,16.0,116.0,4.0,1295.0,83.0,0
14.0,1097.0,35.0,216.0,4.0,1245.0,87.0,0
15.0,517.0,217.0,202.0,3.0,1050.0,125.0,1
10.0,4093.0,193.0,117.0,4.0,405.0,50.0,0
14.0,1606.0,216.0,85.0,7.0,1240.0,108.0,0
0.0,3871.0,27.0,85.0,7.0,370.0,126.0,0
15.0,783.0,264.0,217.0,7.0,1045.0,75.0,1
11.0,6294.0,85.0,76.0,6.0,1040.0,66.0,0
6.0,5240.0,245.0,16.0,5.0,602.0,73.0,1
1.0,2345.0,208.0,80.0,6.0,1030.0,155.0,1
6.0,4989.0,71.0,79.0,3.0,1235.0,186.0,1
15.0,2548.0,79.0,264.0,6.0,585.0,155.0,0
8.0,367.0,159.0,16.0,1.0,958.0,159.0,1
10.0,2891.0,80.0,56.0,1.0,1010.0,120.0,0
6.0,5082.0,16.0,32.0,3.0,523.0,112.0,1
11.0,6547.0,119.0,78.0,5.0,1040.0,105.0,1
10.0,4393.0,35.0,148.0,5.0,670.0,70.0,0
6.0,5210.0,146.0,177.0,5.0,713.0,71.0,1
14.0,2048.0,78.0,35.0,3.0,1260.0,81.0,0
16.0,2790.0,135.0,290.0,7.0,606.0,76.0,0
6.0,5588.0,275.0,16.0,1.0,1061.0,76.0,1
0.0,3693.0,85.0,21.0,6.0,958.0,52.0,0
15.0,2051.0,175.0,268.0,6.0,1095.0,65.0,1
15.0,901.0,264.0,153.0,1.0,985.0,65.0,1
14.0,456.0,217.0,261.0,4.0,1065.0,97.0,0
6.0,4944.0,85.0,48.0,7.0,730.0,58.0,0
14.0,490.0,207.0,217.0,4.0,765.0,70.0,0
1.0,1625.0,260.0,80.0,4.0,510.0,325.0,0
5.0,1574.0,173.0,197.0,1.0,580.0,207.0,0
13.0,365.0,85.0,208.0,3.0,470.0,85.0,0
3.0,1416.0,253.0,160.0,6.0,570.0,82.0,0
14.0,1230.0,60.0,85.0,3.0,995.0,114.0,0
12.0,6954.0,79.0,261.0,6.0,990.0,88.0,0
15.0,1685.0,258.0,243.0,4.0,1225.0,75.0,1
16.0,2970.0,155.0,135.0,7.0,660.0,82.0,0
5.0,1268.0,16.0,87.0,6.0,986.0,76.0,1
6.0,5608.0,115.0,16.0,1.0,757.0,86.0,0
15.0,1050.0,233.0,45.0,7.0,840.0,60.0,1
5.0,2810.0,104.0,177.0,6.0,998.0,162.0,1
1.0,2495.0,85.0,80.0,4.0,1150.0,180.0,1
11.0,6658.0,61.0,78.0,5.0,390.0,81.0,0
15.0,1003.0,129.0,2.0,1.0,1035.0,135.0,1
13.0,312.0,277.0,134.0,1.0,839.0,136.0,0
0.0,4097.0,233.0,177.0,3.0,1062.0,128.0,1
5.0,2178.0,85.0,60.0,4.0,420.0,116.0,0
13.0,37.0,253.0,203.0,3.0,855.0,335.0,0
6.0,5354.0,201.0,16.0,7.0,704.0,95.0,0
15.0,520.0,173.0,233.0,7.0,745.0,95.0,0
9.0,197.0,203.0,128.0,3.0,1200.0,33.0,0
10.0,4271.0,208.0,233.0,5.0,600.0,120.0,0
5.0,2263.0,148.0,154.0,5.0,1260.0,388.0,0
0.0,4006.0,177.0,71.0,1.0,895.0,86.0,0
1.0,375.0,80.0,91.0,4.0,1320.0,100.0,0
10.0,3711.0,208.0,162.0,1.0,910.0,115.0,1
1.0,383.0,80.0,280.0,5.0,1170.0,145.0,0
15.0,300.0,197.0,268.0,5.0,1150.0,90.0,0
15.0,793.0,129.0,91.0,4.0,915.0,120.0,1
15.0,1167.0,214.0,79.0,1.0,780.0,145.0,1
10.0,3621.0,183.0,209.0,3.0,665.0,135.0,1
8.0,91.0,16.0,233.0,3.0,1330.0,77.0,0
17.0,7296.0,22.0,134.0,3.0,858.0,88.0,1
14.0,1656.0,43.0,60.0,5.0,385.0,116.0,0
14.0,12.0,262.0,217.0,1.0,360.0,109.0,0
14.0,1429.0,159.0,60.0,6.0,525.0,127.0,0
1.0,21.0,148.0,154.0,7.0,1150.0,385.0,0
15.0,186.0,146.0,175.0,5.0,1045.0,120.0,1
6.0,5395.0,10.0,16.0,1.0,684.0,100.0,1
4.0,1847.0,173.0,58.0,4.0,1075.0,140.0,0
5.0,2299.0,16.0,85.0,1.0,1000.0,125.0,1
15.0,519.0,173.0,33.0,5.0,850.0,120.0,1
7.0,483.0,184.0,217.0,3.0,875.0,225.0,1
8.0,528.0,177.0,16.0,5.0,1159.0,76.0,0
1.0,2473.0,80.0,154.0,5.0,1120.0,200.0,1
15.0,425.0,35.0,175.0,3.0,360.0,175.0,0
10.0,2888.0,68.0,80.0,7.0,735.0,80.0,0
5.0,2389.0,85.0,197.0,5.0,514.0,126.0,0
14.0,1853.0,216.0,45.0,4.0,1235.0,49.0,0
1.0,568.0,208.0,104.0,4.0,440.0,170.0,1
1.0,1842.0,153.0,183.0,6.0,1375.0,260.0,0
13.0,629.0,78.0,208.0,5.0,1108.0,132.0,0
15.0,388.0,243.0,202.0,7.0,565.0,90.0,0
8.0,676.0,173.0,184.0,3.0,602.0,171.0,1
5.0,698.0,22.0,16.0,5.0,767.0,168.0,0
4.0,91.0,96.0,154.0,4.0,405.0,367.0,1
16.0,3009.0,96.0,184.0,6.0,899.0,135.0,0
15.0,2794.0,202.0,261.0,7.0,805.0,100.0,1
13.0,981.0,134.0,135.0,7.0,497.0,206.0,0
4.0,427.0,243.0,96.0,7.0,790.0,307.0,1
8.0,1229.0,267.0,139.0,1.0,935.0,139.0,0
1.0,1980.0,80.0,173.0,6.0,595.0,140.0,0
5.0,1650.0,197.0,216.0,5.0,925.0,165.0,1
12.0,6336.0,236.0,253.0,6.0,651.0,68.0,1
10.0,2869.0,80.0,68.0,4.0,1085.0,80.0,0
15.0,1069.0,197.0,175.0,7.0,515.0,95.0,0
15.0,46.0,2.0,153.0,4.0,1200.0,95.0,1
5.0,349.0,2.0,16.0,7.0,790.0,179.0,1
4.0,1626.0,96.0,243.0,3.0,520.0,374.0,1
15.0,290.0,217.0,2.0,6.0,1055.0,65.0,1
5.0,2120.0,208.0,85.0,5.0,420.0,90.0,0
15.0,145.0,44.0,153.0,1.0,605.0,65.0,1
15.0,1105.0,153.0,175.0,1.0,370.0,215.0,1
3.0,467.0,35.0,241.0,5.0,685.0,213.0,0
11.0,6402.0,148.0,35.0,1.0,495.0,88.0,0
12.0,6960.0,230.0,79.0,3.0,738.0,69.0,0
15.0,1027.0,75.0,198.0,7.0,695.0,80.0,0
10.0,3917.0,208.0,238.0,5.0,970.0,100.0,0
0.0,4043.0,177.0,87.0,6.0,870.0,85.0,0
7.0,103.0,197.0,79.0,3.0,375.0,131.0,0
1.0,866.0,183.0,216.0,3.0,1330.0,159.0,0
5.0,2553.0,85.0,198.0,1.0,525.0,170.0,0
13.0,296.0,79.0,236.0,3.0,1149.0,145.0,0
17.0,2863.0,217.0,103.0,3.0,1255.0,62.0,0
15.0,258.0,153.0,154.0,4.0,1045.0,70.0,0
0.0,3977.0,85.0,195.0,7.0,750.0,90.0,1
8.0,420.0,16.0,223.0,7.0,1340.0,75.0,1
6.0,5586.0,16.0,101.0,1.0,965.0,76.0,1
10.0,2782.0,157.0,80.0,7.0,385.0,160.0,0
6.0,5121.0,16.0,205.0,7.0,1290.0,140.0,1
13.0,721.0,79.0,253.0,4.0,678.0,174.0,0
1.0,1039.0,16.0,183.0,4.0,785.0,105.0,1
1.0,1811.0,183.0,135.0,7.0,1355.0,170.0,1
0.0,4197.0,229.0,85.0,1.0,520.0,147.0,0
1.0,1225.0,65.0,80.0,4.0,360.0,120.0,0
9.0,195.0,203.0,128.0,4.0,1140.0,33.0,0
16.0,2415.0,58.0,198.0,7.0,540.0,149.0,0
14.0,35.0,217.0,154.0,5.0,1270.0,87.0,0
4.0,410.0,135.0,96.0,7.0,1247.0,194.0,1
6.0,5099.0,116.0,16.0,6.0,823.0,80.0,0
7.0,212.0,79.0,18.0,1.0,655.0,123.0,1
13.0,393.0,208.0,217.0,7.0,725.0,239.0,1
16.0,2541.0,58.0,60.0,5.0,465.0,88.0,0
1.0,1617.0,78.0,80.0,3.0,1016.0,215.0,0
6.0,5102.0,119.0,16.0,7.0,365.0,130.0,0
11.0,6582.0,208.0,148.0,1.0,870.0,160.0,1
13.0,891.0,148.0,154.0,7.0,395.0,383.0,0
15.0,1057.0,44.0,153.0,5.0,720.0,60.0,1
16.0,2405.0,135.0,157.0,6.0,847.0,121.0,0
6.0,5044.0,16.0,48.0,6.0,515.0,98.0,0
5.0,1607.0,197.0,208.0,5.0,860.0,90.0,0
1.0,1808.0,183.0,79.0,6.0,1235.0,270.0,0
12.0,6681.0,290.0,79.0,4.0,565.0,123.0,0
15.0,668.0,134.0,175.0,4.0,825.0,125.0,0
7.0,799.0,79.0,214.0,3.0,1090.0,165.0,0
14.0,721.0,60.0,183.0,6.0,1080.0,125.0,0
8.0,202.0,48.0,16.0,7.0,664.0,109.0,1
16.0,2585.0,268.0,96.0,4.0,370.0,137.0,0
15.0,1142.0,45.0,35.0,3.0,715.0,80.0,1
15.0,947.0,253.0,217.0,5.0,1200.0,110.0,0
16.0,2783.0,285.0,135.0,3.0,363.0,142.0,0
1.0,632.0,80.0,35.0,6.0,1100.0,200.0,0
15.0,1486.0,75.0,204.0,1.0,925.0,50.0,1
10.0,3096.0,243.0,154.0,6.0,1255.0,50.0,0
5.0,1131.0,18.0,16.0,7.0,1113.0,136.0,0
14.0,148.0,217.0,153.0,5.0,1270.0,70.0,1
11.0,6747.0,234.0,148.0,1.0,795.0,85.0,0
15.0,790.0,262.0,264.0,7.0,670.0,85.0,0
8.0,518.0,61.0,16.0,6.0,1112.0,107.0,0
16.0,2226.0,91.0,135.0,1.0,640.0,110.0,0
15.0,1872.0,147.0,209.0,6.0,765.0,90.0,1
4.0,1427.0,135.0,60.0,6.0,1215.0,137.0,0
1.0,1139.0,85.0,80.0,7.0,1020.0,185.0,0
10.0,4675.0,78.0,233.0,6.0,525.0,65.0,0
5.0,1409.0,197.0,79.0,1.0,810.0,129.0,0
15.0,3567.0,18.0,75.0,5.0,475.0,55.0,0
17.0,2664.0,60.0,174.0,7.0,1070.0,91.0,0
4.0,1635.0,96.0,217.0,6.0,1020.0,330.0,0
15.0,11.0,170.0,75.0,1.0,480.0,70.0,0
5.0,1785.0,159.0,173.0,5.0,625.0,178.0,0
1.0,2303.0,208.0,80.0,6.0,420.0,155.0,1
12.0,6365.0,208.0,195.0,4.0,961.0,48.0,0
0.0,4322.0,33.0,197.0,3.0,480.0,144.0,1
11.0,6551.0,71.0,33.0,7.0,670.0,70.0,0
13.0,829.0,279.0,79.0,5.0,964.0,116.0,0
3.0,137.0,148.0,241.0,3.0,926.0,198.0,1
13.0,528.0,197.0,208.0,1.0,416.0,84.0,1
1.0,2454.0,80.0,244.0,4.0,1355.0,60.0,1
15.0,2982.0,147.0,33.0,7.0,630.0,95.0,1
17.0,2603.0,60.0,71.0,3.0,595.0,97.0,0
15.0,2116.0,45.0,213.0,7.0,510.0,155.0,1
15.0,860.0,264.0,262.0,4.0,1090.0,85.0,1
12.0,7801.0,282.0,261.0,6.0,570.0,60.0,0
5.0,1106.0,261.0,45.0,4.0,595.0,248.0,1
1.0,73.0,208.0,128.0,6.0,670.0,560.0,1
15.0,760.0,253.0,154.0,3.0,740.0,80.0,1
10.0,4573.0,290.0,159.0,7.0,610.0,180.0,0
0.0,4037.0,22.0,148.0,3.0,780.0,75.0,1
14.0,1488.0,60.0,35.0,6.0,970.0,120.0,0
16.0,2822.0,135.0,121.0,5.0,1195.0,128.0,0
15.0,297.0,182.0,153.0,3.0,610.0,375.0,0
15.0,187.0,217.0,104.0,4.0,570.0,250.0,1
12.0,6888.0,91.0,208.0,4.0,789.0,177.0,0
5.0,1472.0,277.0,16.0,7.0,676.0,93.0,0
10.0,4013.0,157.0,208.0,6.0,350.0,95.0,0
15.0,524.0,75.0,172.0,1.0,410.0,85.0,1
4.0,570.0,135.0,253.0,6.0,1060.0,254.0,1
11.0,6519.0,96.0,71.0,5.0,1170.0,140.0,0
15.0,3394.0,243.0,172.0,1.0,715.0,190.0,1
8.0,1001.0,173.0,174.0,5.0,480.0,138.0,1
15.0,3768.0,207.0,202.0,1.0,495.0,75.0,1
15.0,174.0,153.0,44.0,5.0,590.0,65.0,0
0.0,3929.0,197.0,99.0,6.0,560.0,74.0,0
10.0,3261.0,162.0,80.0,4.0,1085.0,80.0,1
0.0,4235.0,148.0,60.0,7.0,885.0,147.0,1
8.0,1141.0,104.0,0.0,4.0,635.0,169.0,0
15.0,2812.0,45.0,175.0,1.0,820.0,125.0,0
11.0,6598.0,159.0,172.0,3.0,919.0,219.0,0
14.0,1166.0,60.0,221.0,4.0,690.0,85.0,1
17.0,1026.0,161.0,128.0,1.0,726.0,29.0,0
15.0,413.0,154.0,33.0,4.0,775.0,230.0,1
15.0,632.0,35.0,175.0,4.0,1145.0,175.0,0
12.0,6933.0,208.0,152.0,3.0,388.0,49.0,0
15.0,1175.0,264.0,202.0,4.0,405.0,105.0,1
1.0,2402.0,18.0,208.0,1.0,1045.0,165.0,0
15.0,3101.0,216.0,268.0,7.0,560.0,160.0,0
15.0,1559.0,268.0,217.0,6.0,975.0,210.0,1
15.0,694.0,243.0,2.0,3.0,525.0,105.0,0
15.0,42.0,129.0,75.0,3.0,990.0,55.0,1
5.0,2411.0,16.0,80.0,1.0,655.0,158.0,0
15.0,822.0,175.0,202.0,5.0,1145.0,295.0,1
1.0,179.0,148.0,253.0,6.0,595.0,390.0,0
8.0,871.0,16.0,197.0,5.0,949.0,155.0,0
0.0,4095.0,107.0,197.0,6.0,1015.0,68.0,1
0.0,3914.0,85.0,171.0,3.0,1045.0,54.0,0
15.0,1451.0,217.0,27.0,3.0,960.0,195.0,1
13.0,808.0,154.0,253.0,4.0,768.0,92.0,0
3.0,1255.0,35.0,134.0,5.0,973.0,99.0,0
14.0,1636.0,60.0,233.0,7.0,682.0,48.0,0
9.0,223.0,128.0,161.0,7.0,1163.0,36.0,0
10.0,2969.0,80.0,1.0,3.0,1255.0,50.0,0
5.0,1849.0,61.0,16.0,7.0,894.0,106.0,1
15.0,857.0,173.0,268.0,1.0,1005.0,155.0,1
14.0,1588.0,60.0,228.0,1.0,590.0,122.0,0
6.0,7128.0,134.0,42.0,7.0,1330.0,91.0,0
6.0,7091.0,245.0,134.0,4.0,1160.0,99.0,0
5.0,2221.0,197.0,154.0,6.0,1310.0,236.0,0
1.0,407.0,208.0,268.0,5.0,405.0,65.0,1
12.0,6263.0,100.0,253.0,1.0,711.0,66.0,1
15.0,778.0,205.0,153.0,5.0,555.0,190.0,0
13.0,676.0,208.0,159.0,1.0,600.0,132.0,1
1.0,2465.0,35.0,80.0,6.0,805.0,265.0,0
15.0,1537.0,153.0,243.0,1.0,750.0,65.0,1
14.0,1667.0,60.0,268.0,4.0,1070.0,120.0,0
1.0,1981.0,16.0,80.0,4.0,705.0,150.0,0
1.0,437.0,78.0,183.0,7.0,670.0,160.0,1
17.0,2664.0,244.0,60.0,5.0,785.0,157.0,0
11.0,6753.0,85.0,228.0,5.0,1045.0,116.0,0
5.0,1419.0,85.0,154.0,6.0,515.0,305.0,0
17.0,7285.0,209.0,208.0,4.0,835.0,141.0,0
5.0,2439.0,78.0,16.0,5.0,660.0,110.0,1
5.0,1994.0,217.0,148.0,5.0,485.0,279.0,0
16.0,3143.0,58.0,213.0,3.0,520.0,169.0,0
13.0,2.0,128.0,208.0,5.0,1035.0,484.0,0
13.0,658.0,258.0,79.0,1.0,380.0,156.0,0
14.0,14.0,217.0,148.0,1.0,805.0,286.0,1
7.0,766.0,153.0,79.0,7.0,420.0,110.0,0
13.0,944.0,154.0,208.0,7.0,415.0,245.0,0
1.0,298.0,128.0,154.0,6.0,1335.0,305.0,1
15.0,691.0,75.0,279.0,7.0,1095.0,55.0,1
2.0,151.0,211.0,206.0,5.0,516.0,45.0,1
1.0,937.0,35.0,183.0,5.0,420.0,215.0,0
5.0,1715.0,18.0,16.0,1.0,968.0,136.0,0
13.0,381.0,22.0,208.0,6.0,380.0,161.0,1
15.0,540.0,243.0,217.0,3.0,595.0,70.0,1
2.0,6.0,154.0,78.0,4.0,785.0,294.0,1
16.0,2848.0,147.0,96.0,3.0,1100.0,139.0,1
6.0,5240.0,245.0,16.0,4.0,602.0,73.0,1
14.0,625.0,221.0,217.0,6.0,670.0,279.0,0
4.0,1605.0,135.0,154.0,4.0,715.0,220.0,1
2.0,317.0,227.0,253.0,1.0,1050.0,91.0,0
15.0,1918.0,153.0,61.0,6.0,615.0,230.0,0
1.0,717.0,159.0,80.0,4.0,485.0,250.0,0
10.0,3280.0,68.0,80.0,4.0,360.0,80.0,0
13.0,90.0,154.0,253.0,5.0,360.0,89.0,0
3.0,474.0,154.0,35.0,7.0,781.0,316.0,0
13.0,897.0,35.0,134.0,5.0,570.0,111.0,0
3.0,78.0,173.0,148.0,3.0,1130.0,154.0,0
5.0,2419.0,197.0,258.0,1.0,1045.0,252.0,1
3.0,1320.0,45.0,35.0,1.0,363.0,77.0,0
5.0,2667.0,16.0,243.0,7.0,1294.0,288.0,0
10.0,2741.0,80.0,158.0,1.0,910.0,75.0,0
5.0,2065.0,22.0,16.0,4.0,435.0,175.0,0
5.0,2365.0,154.0,128.0,7.0,525.0,350.0,0
12.0,6745.0,79.0,204.0,7.0,618.0,97.0,0
14.0,374.0,80.0,60.0,4.0,515.0,144.0,0
15.0,245.0,217.0,262.0,3.0,665.0,125.0,0
14.0,1496.0,60.0,45.0,4.0,1340.0,81.0,0
10.0,2771.0,80.0,288.0,5.0,930.0,110.0,1
16.0,5928.0,208.0,157.0,5.0,785.0,71.0,1
14.0,183.0,217.0,104.0,1.0,590.0,258.0,0
4.0,1585.0,178.0,135.0,3.0,325.0,64.0,0
5.0,1185.0,261.0,252.0,4.0,1290.0,135.0,1
5.0,1382.0,159.0,35.0,1.0,750.0,67.0,0
5.0,559.0,16.0,260.0,3.0,587.0,225.0,1
3.0,562.0,104.0,272.0,5.0,1165.0,171.0,0
8.0,865.0,16.0,173.0,6.0,530.0,91.0,0
11.0,6285.0,85.0,56.0,3.0,745.0,105.0,0
14.0,62.0,60.0,35.0,1.0,795.0,125.0,0
12.0,4760.0,227.0,261.0,4.0,780.0,104.0,0
12.0,6517.0,280.0,154.0,5.0,388.0,95.0,0
1.0,821.0,148.0,104.0,3.0,935.0,210.0,1
8.0,856.0,173.0,16.0,5.0,1201.0,94.0,0
13.0,124.0,154.0,208.0,7.0,1110.0,239.0,0
13.0,660.0,79.0,96.0,1.0,754.0,225.0,1
1.0,1539.0,208.0,268.0,4.0,1255.0,70.0,0
0.0,3871.0,27.0,85.0,4.0,360.0,125.0,0
8.0,1121.0,104.0,139.0,5.0,758.0,166.0,0
6.0,7081.0,76.0,134.0,6.0,874.0,86.0,0
5.0,1956.0,79.0,71.0,4.0,825.0,150.0,0
12.0,6670.0,28.0,79.0,7.0,446.0,94.0,0
14.0,1693.0,229.0,60.0,6.0,480.0,161.0,0
11.0,6344.0,71.0,197.0,5.0,1165.0,134.0,0
4.0,1175.0,96.0,208.0,3.0,480.0,170.0,1
14.0,302.0,217.0,60.0,5.0,570.0,230.0,0
10.0,3257.0,80.0,184.0,6.0,755.0,145.0,1
12.0,4550.0,205.0,261.0,1.0,1064.0,145.0,0
14.0,703.0,216.0,221.0,7.0,1100.0,89.0,0
13.0,556.0,154.0,253.0,5.0,718.0,92.0,0
17.0,1026.0,128.0,150.0,7.0,785.0,40.0,0
15.0,1231.0,141.0,277.0,5.0,420.0,185.0,1
2.0,2.0,252.0,78.0,1.0,855.0,284.0,0
16.0,3038.0,135.0,33.0,3.0,1201.0,113.0,0
10.0,3960.0,208.0,238.0,3.0,1285.0,100.0,1
2.0,614.0,252.0,153.0,4.0,1230.0,143.0,1
1.0,634.0,241.0,208.0,1.0,410.0,190.0,0
5.0,1151.0,253.0,128.0,1.0,1060.0,330.0,1
14.0,1735.0,228.0,60.0,5.0,775.0,140.0,0
15.0,961.0,217.0,207.0,7.0,590.0,75.0,0
14.0,4.0,208.0,217.0,1.0,430.0,244.0,0
16.0,2386.0,135.0,120.0,7.0,602.0,136.0,0
6.0,5591.0,275.0,16.0,5.0,995.0,74.0,0
13.0,473.0,45.0,208.0,7.0,1004.0,136.0,0
15.0,1773.0,175.0,268.0,1.0,1030.0,70.0,1
14.0,1747.0,216.0,153.0,7.0,470.0,342.0,1
6.0,5168.0,16.0,19.0,3.0,757.0,56.0,0
0.0,3769.0,148.0,234.0,4.0,970.0,118.0,1
13.0,358.0,79.0,159.0,7.0,493.0,225.0,0
14.0,574.0,262.0,217.0,1.0,750.0,104.0,1
12.0,4837.0,29.0,197.0,4.0,895.0,86.0,1
10.0,3712.0,208.0,290.0,7.0,1110.0,105.0,1
5.0,2925.0,35.0,197.0,5.0,857.0,198.0,1
13.0,941.0,208.0,79.0,1.0,1020.0,159.0,1
14.0,1777.0,35.0,60.0,7.0,1015.0,145.0,0
10.0,4390.0,159.0,85.0,7.0,1070.0,130.0,0
16.0,2809.0,135.0,68.0,6.0,940.0,54.0,0
1.0,1695.0,80.0,217.0,7.0,495.0,155.0,0
5.0,2283.0,16.0,198.0,4.0,510.0,108.0,0
15.0,399.0,153.0,264.0,5.0,465.0,60.0,0
1.0,511.0,80.0,65.0,7.0,690.0,115.0,0
1.0,533.0,80.0,243.0,6.0,1330.0,190.0,0
16.0,5979.0,208.0,107.0,4.0,762.0,96.0,1
5.0,2435.0,78.0,277.0,4.0,595.0,140.0,0
14.0,1271.0,35.0,216.0,6.0,750.0,94.0,0
5.0,1177.0,233.0,16.0,1.0,735.0,95.0,0
8.0,355.0,159.0,16.0,3.0,794.0,155.0,0
16.0,3074.0,96.0,228.0,1.0,515.0,74.0,0
10.0,4512.0,290.0,159.0,1.0,430.0,175.0,0
4.0,1057.0,159.0,58.0,4.0,970.0,99.0,1
12.0,6870.0,127.0,79.0,6.0,451.0,113.0,0
5.0,1975.0,197.0,16.0,4.0,610.0,150.0,0
10.0,2749.0,80.0,76.0,7.0,545.0,135.0,0
13.0,808.0,154.0,253.0,3.0,768.0,92.0,1
12.0,4776.0,261.0,224.0,7.0,916.0,99.0,0
10.0,3255.0,80.0,223.0,7.0,1170.0,100.0,1
8.0,828.0,184.0,267.0,4.0,854.0,160.0,0
14.0,577.0,277.0,217.0,4.0,1050.0,278.0,0
1.0,1371.0,80.0,290.0,6.0,820.0,65.0,0
5.0,2906.0,177.0,85.0,6.0,828.0,116.0,1
1.0,2578.0,253.0,154.0,4.0,1015.0,80.0,0
10.0,4331.0,208.0,33.0,6.0,430.0,90.0,0
15.0,1006.0,175.0,85.0,4.0,1180.0,70.0,1
10.0,2866.0,1.0,80.0,5.0,655.0,50.0,0
2.0,53.0,14.0,249.0,3.0,880.0,105.0,0
5.0,2337.0,45.0,85.0,3.0,450.0,102.0,0
5.0,1903.0,16.0,153.0,3.0,810.0,270.0,1
17.0,2608.0,54.0,60.0,1.0,434.0,66.0,0
14.0,1402.0,60.0,135.0,4.0,1331.0,163.0,1
1.0,2395.0,60.0,80.0,6.0,945.0,180.0,0
15.0,2254.0,75.0,244.0,5.0,640.0,65.0,0
5.0,2426.0,104.0,16.0,6.0,455.0,124.0,1
12.0,4845.0,205.0,261.0,6.0,819.0,155.0,0
15.0,934.0,262.0,264.0,1.0,990.0,85.0,1
16.0,2866.0,58.0,184.0,6.0,570.0,70.0,0
5.0,2643.0,96.0,16.0,7.0,937.0,155.0,0
15.0,382.0,153.0,258.0,5.0,855.0,85.0,1
1.0,1598.0,80.0,197.0,7.0,1235.0,135.0,1
12.0,4675.0,168.0,261.0,3.0,723.0,87.0,1
4.0,400.0,135.0,139.0,3.0,815.0,141.0,0
1.0,1901.0,80.0,183.0,7.0,750.0,160.0,1
1.0,524.0,244.0,80.0,6.0,745.0,70.0,0
5.0,1970.0,16.0,43.0,7.0,815.0,122.0,0
14.0,1472.0,216.0,228.0,3.0,580.0,69.0,1
4.0,1433.0,159.0,135.0,3.0,1020.0,243.0,0
15.0,2655.0,44.0,202.0,1.0,575.0,75.0,0
14.0,1429.0,159.0,60.0,4.0,525.0,127.0,1
13.0,534.0,217.0,79.0,3.0,540.0,120.0,0
16.0,2538.0,18.0,135.0,7.0,450.0,54.0,0
15.0,2038.0,268.0,175.0,4.0,710.0,60.0,1
15.0,189.0,79.0,217.0,7.0,910.0,115.0,0
12.0,4475.0,84.0,177.0,3.0,990.0,102.0,1
14.0,1199.0,221.0,60.0,1.0,1035.0,91.0,0
1.0,592.0,65.0,80.0,6.0,460.0,115.0,0
1.0,203.0,183.0,154.0,1.0,885.0,350.0,1
10.0,3754.0,208.0,18.0,5.0,510.0,165.0,0
2.0,451.0,154.0,252.0,4.0,495.0,170.0,1
13.0,183.0,173.0,208.0,6.0,540.0,177.0,0
13.0,779.0,35.0,79.0,4.0,874.0,287.0,0
13.0,21.0,79.0,202.0,6.0,908.0,168.0,0
15.0,1143.0,43.0,45.0,6.0,590.0,70.0,1
15.0,2989.0,173.0,221.0,3.0,1145.0,135.0,1
15.0,1824.0,209.0,175.0,4.0,590.0,140.0,1
10.0,4195.0,208.0,177.0,4.0,1275.0,110.0,0
15.0,899.0,173.0,153.0,1.0,480.0,325.0,1
5.0,1807.0,71.0,252.0,1.0,560.0,309.0,1
10.0,3808.0,208.0,2.0,5.0,645.0,180.0,0
5.0,1272.0,16.0,267.0,3.0,525.0,102.0,0
16.0,2642.0,135.0,204.0,1.0,545.0,81.0,1
2.0,743.0,16.0,252.0,5.0,1090.0,325.0,0
13.0,639.0,228.0,208.0,7.0,1050.0,165.0,0
15.0,288.0,75.0,2.0,1.0,935.0,110.0,1
15.0,382.0,261.0,153.0,7.0,805.0,80.0,1
1.0,2202.0,260.0,183.0,1.0,1055.0,175.0,1
4.0,401.0,139.0,135.0,3.0,1070.0,152.0,0
5.0,9.0,16.0,277.0,4.0,1230.0,91.0,1
13.0,393.0,22.0,208.0,3.0,521.0,165.0,0
15.0,3511.0,154.0,261.0,1.0,885.0,110.0,0
2.0,688.0,214.0,258.0,5.0,940.0,104.0,0
17.0,2731.0,280.0,217.0,3.0,866.0,54.0,0
5.0,1952.0,16.0,33.0,5.0,735.0,67.0,0
15.0,3667.0,147.0,209.0,1.0,430.0,90.0,0
14.0,1890.0,60.0,96.0,4.0,1090.0,118.0,1
10.0,2901.0,80.0,155.0,7.0,1110.0,70.0,0
5.0,1479.0,177.0,153.0,3.0,570.0,234.0,0
14.0,270.0,217.0,153.0,7.0,520.0,71.0,0
13.0,291.0,134.0,262.0,3.0,1056.0,351.0,0
8.0,785.0,173.0,215.0,3.0,935.0,107.0,0
1.0,1280.0,258.0,80.0,3.0,380.0,215.0,0
13.0,396.0,153.0,208.0,7.0,525.0,215.0,0
3.0,56.0,148.0,42.0,3.0,559.0,76.0,0
1.0,2037.0,33.0,183.0,1.0,360.0,135.0,0
15.0,327.0,44.0,153.0,4.0,545.0,60.0,0
1.0,1998.0,80.0,104.0,7.0,840.0,155.0,1
1.0,1309.0,80.0,253.0,1.0,830.0,235.0,0
15.0,3682.0,18.0,175.0,1.0,890.0,155.0,1
12.0,6404.0,93.0,253.0,4.0,645.0,90.0,1
5.0,1729.0,148.0,16.0,6.0,860.0,166.0,0
12.0,6396.0,253.0,44.0,1.0,808.0,69.0,0
5.0,2688.0,173.0,78.0,3.0,835.0,119.0,0
15.0,1156.0,175.0,33.0,3.0,985.0,85.0,1
12.0,6681.0,290.0,79.0,5.0,565.0,123.0,0
13.0,779.0,79.0,153.0,3.0,1124.0,121.0,0
5.0,123.0,148.0,16.0,5.0,945.0,171.0,0
8.0,450.0,16.0,198.0,7.0,1013.0,92.0,0
15.0,2303.0,173.0,104.0,6.0,840.0,55.0,1
5.0,1648.0,183.0,177.0,7.0,745.0,157.0,0
5.0,1718.0,16.0,233.0,6.0,675.0,85.0,0
6.0,5575.0,138.0,16.0,4.0,475.0,97.0,0
8.0,191.0,78.0,16.0,6.0,600.0,120.0,0
15.0,2004.0,154.0,153.0,7.0,1005.0,65.0,1
3.0,127.0,238.0,148.0,5.0,435.0,78.0,0
0.0,4392.0,85.0,148.0,5.0,824.0,110.0,1
5.0,2018.0,173.0,16.0,3.0,690.0,93.0,0
5.0,1908.0,79.0,197.0,7.0,920.0,119.0,1
10.0,3905.0,76.0,208.0,3.0,475.0,80.0,0
5.0,340.0,16.0,197.0,4.0,450.0,171.0,0
11.0,6748.0,233.0,71.0,6.0,410.0,111.0,0
15.0,38.0,129.0,75.0,7.0,930.0,60.0,0
4.0,534.0,135.0,221.0,6.0,783.0,155.0,0
6.0,5005.0,60.0,177.0,5.0,706.0,123.0,0
10.0,4370.0,208.0,181.0,7.0,1140.0,110.0,0
9.0,107.0,150.0,128.0,5.0,373.0,42.0,0
3.0,12.0,104.0,148.0,5.0,720.0,169.0,0
1.0,1081.0,35.0,208.0,5.0,1180.0,170.0,0
1.0,2578.0,253.0,154.0,6.0,1015.0,80.0,0
13.0,243.0,79.0,153.0,3.0,490.0,123.0,0
5.0,1389.0,35.0,159.0,4.0,870.0,70.0,0
1.0,359.0,80.0,264.0,3.0,455.0,195.0,0
15.0,2812.0,172.0,2.0,1.0,1050.0,135.0,0
3.0,1330.0,45.0,35.0,3.0,1195.0,78.0,1
12.0,4441.0,261.0,102.0,1.0,602.0,107.0,1
5.0,1028.0,261.0,96.0,1.0,1021.0,261.0,0
12.0,6825.0,261.0,253.0,1.0,1039.0,131.0,1
12.0,4515.0,261.0,208.0,5.0,675.0,189.0,0
6.0,5279.0,172.0,85.0,5.0,616.0,118.0,1
16.0,2403.0,96.0,279.0,7.0,1170.0,224.0,0
0.0,4342.0,277.0,233.0,6.0,1005.0,110.0,0
8.0,81.0,16.0,104.0,7.0,934.0,111.0,1
1.0,33.0,148.0,154.0,7.0,475.0,380.0,0
16.0,5898.0,208.0,237.0,7.0,882.0,95.0,0
5.0,2713.0,85.0,195.0,3.0,925.0,82.0,1
2.0,47.0,14.0,9.0,1.0,405.0,65.0,0
12.0,6610.0,114.0,79.0,1.0,934.0,52.0,1
14.0,928.0,60.0,208.0,4.0,868.0,120.0,1
16.0,2986.0,135.0,60.0,1.0,655.0,139.0,0
15.0,1976.0,85.0,45.0,7.0,715.0,90.0,1
13.0,397.0,153.0,208.0,4.0,686.0,225.0,1
10.0,4636.0,233.0,159.0,3.0,1100.0,100.0,0
5.0,1527.0,16.0,104.0,7.0,1035.0,113.0,1
8.0,448.0,16.0,198.0,6.0,535.0,95.0,0
5.0,2206.0,87.0,16.0,1.0,1042.0,78.0,0
0.0,4136.0,85.0,142.0,4.0,880.0,83.0,1
14.0,1981.0,78.0,277.0,3.0,605.0,146.0,1
16.0,2250.0,58.0,228.0,7.0,740.0,93.0,0
12.0,6339.0,154.0,243.0,5.0,1045.0,47.0,0
15.0,46.0,68.0,129.0,4.0,975.0,50.0,1
1.0,1826.0,227.0,80.0,6.0,885.0,170.0,0
10.0,4532.0,78.0,148.0,6.0,840.0,80.0,1
15.0,815.0,268.0,251.0,4.0,540.0,60.0,0
8.0,434.0,16.0,184.0,7.0,525.0,124.0,0
5.0,2345.0,71.0,153.0,6.0,555.0,269.0,1
15.0,1599.0,27.0,129.0,7.0,1010.0,115.0,1
8.0,517.0,16.0,61.0,4.0,610.0,96.0,0
13.0,84.0,128.0,154.0,6.0,1299.0,331.0,0
8.0,127.0,16.0,277.0,1.0,807.0,84.0,0
8.0,1461.0,175.0,173.0,3.0,435.0,159.0,0
4.0,1183.0,96.0,208.0,3.0,800.0,150.0,1
12.0,6546.0,179.0,214.0,7.0,549.0,74.0,1
8.0,92.0,233.0,16.0,5.0,648.0,83.0,0
4.0,1685.0,58.0,104.0,3.0,550.0,175.0,1
6.0,5494.0,16.0,279.0,4.0,815.0,129.0,0
13.0,309.0,153.0,253.0,3.0,1105.0,106.0,0
15.0,637.0,258.0,217.0,5.0,480.0,105.0,0
1.0,2039.0,183.0,208.0,6.0,1255.0,190.0,1
8.0,349.0,45.0,267.0,5.0,816.0,151.0,0
16.0,2549.0,96.0,71.0,7.0,600.0,137.0,0
14.0,1289.0,35.0,216.0,4.0,330.0,84.0,0
16.0,2540.0,33.0,135.0,6.0,510.0,130.0,0
10.0,4145.0,61.0,148.0,1.0,725.0,110.0,0
10.0,4238.0,61.0,208.0,1.0,490.0,95.0,0
13.0,395.0,252.0,253.0,4.0,450.0,136.0,0
12.0,6595.0,261.0,79.0,6.0,526.0,100.0,0
14.0,94.0,217.0,214.0,4.0,1280.0,166.0,0
5.0,2805.0,154.0,198.0,7.0,718.0,222.0,0
5.0,2847.0,159.0,16.0,5.0,1200.0,159.0,0
2.0,537.0,207.0,252.0,5.0,380.0,166.0,0
5.0,1112.0,221.0,16.0,5.0,345.0,129.0,0
5.0,2219.0,197.0,18.0,3.0,865.0,164.0,0
6.0,7076.0,245.0,134.0,6.0,608.0,95.0,0
12.0,6329.0,253.0,6.0,6.0,420.0,87.0,1
10.0,3616.0,139.0,183.0,6.0,420.0,170.0,0
10.0,4305.0,208.0,139.0,4.0,1170.0,60.0,0
14.0,2025.0,35.0,78.0,6.0,480.0,94.0,0
5.0,1912.0,16.0,234.0,7.0,1290.0,101.0,1
5.0,1936.0,184.0,85.0,3.0,601.0,70.0,1
14.0,583.0,80.0,217.0,3.0,500.0,172.0,0
16.0,2810.0,136.0,135.0,4.0,460.0,105.0,0
15.0,1255.0,217.0,153.0,3.0,915.0,70.0,0
1.0,1767.0,80.0,227.0,4.0,770.0,190.0,0
15.0,1216.0,173.0,33.0,7.0,1105.0,120.0,0
5.0,345.0,22.0,173.0,6.0,869.0,171.0,1
14.0,978.0,213.0,216.0,3.0,980.0,153.0,0
5.0,1095.0,204.0,16.0,1.0,345.0,127.0,0
4.0,1893.0,262.0,135.0,5.0,750.0,217.0,0
15.0,773.0,129.0,244.0,5.0,1230.0,55.0,0
6.0,5371.0,275.0,16.0,1.0,699.0,74.0,0
5.0,2898.0,119.0,85.0,6.0,729.0,58.0,0
13.0,860.0,134.0,35.0,1.0,514.0,96.0,0
3.0,310.0,104.0,134.0,7.0,685.0,144.0,0
4.0,752.0,135.0,261.0,6.0,875.0,187.0,0
12.0,6946.0,154.0,57.0,7.0,1304.0,41.0,1
1.0,2442.0,80.0,197.0,1.0,1065.0,145.0,0
14.0,127.0,184.0,217.0,5.0,420.0,249.0,1
5.0,1436.0,85.0,45.0,6.0,1050.0,98.0,1
14.0,1842.0,147.0,216.0,5.0,645.0,121.0,1
7.0,784.0,153.0,79.0,7.0,688.0,112.0,0
4.0,1086.0,135.0,173.0,6.0,960.0,129.0,0
3.0,739.0,148.0,225.0,4.0,1439.0,223.0,0
12.0,6833.0,232.0,214.0,7.0,345.0,58.0,0
10.0,3624.0,223.0,183.0,5.0,420.0,100.0,0
11.0,6379.0,35.0,148.0,3.0,360.0,88.0,0
10.0,2837.0,80.0,239.0,5.0,580.0,85.0,0
15.0,2547.0,209.0,173.0,7.0,435.0,125.0,0
12.0,6824.0,231.0,253.0,4.0,1146.0,69.0,1
15.0,3061.0,175.0,153.0,6.0,485.0,255.0,0
15.0,3669.0,44.0,262.0,7.0,1265.0,75.0,1
15.0,121.0,154.0,175.0,7.0,1080.0,230.0,1
4.0,62.0,135.0,96.0,5.0,865.0,210.0,1
10.0,2794.0,116.0,80.0,5.0,1020.0,110.0,0
5.0,2916.0,197.0,46.0,3.0,1290.0,154.0,1
4.0,1006.0,135.0,277.0,7.0,675.0,117.0,0
14.0,1189.0,78.0,173.0,4.0,1155.0,137.0,1
12.0,6947.0,214.0,252.0,5.0,690.0,54.0,0
15.0,1289.0,111.0,252.0,3.0,360.0,70.0,0
1.0,393.0,80.0,79.0,7.0,405.0,125.0,1
6.0,5071.0,16.0,132.0,1.0,475.0,58.0,0
9.0,353.0,128.0,161.0,6.0,875.0,38.0,1
8.0,286.0,129.0,16.0,4.0,749.0,112.0,0
12.0,4458.0,46.0,261.0,3.0,395.0,75.0,0
4.0,369.0,153.0,96.0,7.0,1340.0,275.0,1
12.0,6960.0,230.0,79.0,6.0,738.0,69.0,0
1.0,890.0,80.0,268.0,4.0,690.0,95.0,0
15.0,3659.0,27.0,75.0,1.0,820.0,120.0,1
6.0,5251.0,32.0,16.0,4.0,966.0,104.0,1
4.0,58.0,79.0,135.0,6.0,685.0,137.0,1
4.0,1767.0,135.0,252.0,4.0,580.0,282.0,1
14.0,61.0,35.0,60.0,1.0,570.0,148.0,0
13.0,688.0,84.0,208.0,3.0,830.0,83.0,0
12.0,4594.0,197.0,65.0,3.0,565.0,126.0,0
15.0,2015.0,243.0,175.0,7.0,445.0,240.0,1
14.0,436.0,217.0,280.0,1.0,668.0,48.0,1
15.0,326.0,277.0,213.0,4.0,1035.0,55.0,1
15.0,2357.0,79.0,35.0,1.0,660.0,225.0,0
7.0,235.0,33.0,79.0,3.0,1110.0,173.0,0
17.0,1964.0,128.0,143.0,5.0,1095.0,49.0,0
5.0,2231.0,159.0,85.0,7.0,985.0,123.0,0
16.0,2769.0,135.0,91.0,7.0,830.0,118.0,0
8.0,1150.0,139.0,241.0,3.0,460.0,156.0,1
12.0,4556.0,261.0,280.0,7.0,1189.0,106.0,1
6.0,5007.0,47.0,16.0,7.0,525.0,85.0,0
10.0,2703.0,80.0,190.0,5.0,565.0,90.0,0
3.0,1784.0,173.0,148.0,3.0,954.0,155.0,1
15.0,755.0,175.0,268.0,1.0,765.0,65.0,1
13.0,264.0,217.0,79.0,3.0,424.0,111.0,0
6.0,7396.0,157.0,177.0,7.0,480.0,90.0,0
8.0,850.0,173.0,16.0,5.0,895.0,95.0,0
15.0,3504.0,173.0,233.0,5.0,1000.0,100.0,1
15.0,953.0,153.0,202.0,6.0,1230.0,85.0,1
15.0,882.0,22.0,45.0,4.0,755.0,70.0,0
14.0,491.0,79.0,217.0,6.0,1025.0,115.0,0
15.0,950.0,244.0,75.0,3.0,840.0,55.0,1
17.0,2868.0,292.0,217.0,5.0,966.0,66.0,0
4.0,212.0,135.0,260.0,3.0,610.0,252.0,1
15.0,675.0,217.0,91.0,3.0,1025.0,65.0,1
16.0,2774.0,76.0,96.0,4.0,1110.0,113.0,0
16.0,2625.0,135.0,131.0,3.0,912.0,73.0,0
5.0,2544.0,262.0,197.0,1.0,725.0,218.0,1
15.0,505.0,217.0,251.0,7.0,960.0,205.0,1
2.0,17.0,183.0,252.0,3.0,495.0,400.0,1
2.0,76.0,149.0,252.0,3.0,795.0,134.0,1
1.0,2019.0,159.0,268.0,3.0,1150.0,170.0,1
12.0,6985.0,79.0,230.0,4.0,1167.0,70.0,1
12.0,6984.0,208.0,27.0,7.0,1153.0,105.0,1
1.0,1488.0,79.0,183.0,4.0,1435.0,220.0,0
5.0,2548.0,241.0,159.0,3.0,847.0,163.0,0
10.0,2965.0,165.0,80.0,3.0,460.0,85.0,1
8.0,1958.0,104.0,16.0,4.0,678.0,117.0,0
12.0,6254.0,100.0,253.0,4.0,465.0,67.0,0
10.0,4060.0,208.0,61.0,3.0,1230.0,70.0,1
1.0,1743.0,80.0,172.0,1.0,885.0,90.0,0
12.0,4575.0,261.0,262.0,4.0,521.0,105.0,0
15.0,185.0,22.0,173.0,4.0,615.0,185.0,1
5.0,2132.0,208.0,197.0,4.0,552.0,91.0,1
13.0,76.0,128.0,253.0,7.0,1328.0,299.0,0
4.0,1679.0,135.0,244.0,3.0,505.0,57.0,0
14.0,1440.0,268.0,60.0,7.0,360.0,113.0,1
15.0,467.0,172.0,217.0,1.0,950.0,185.0,1
17.0,7246.0,17.0,208.0,7.0,688.0,60.0,1
6.0,7105.0,134.0,229.0,6.0,738.0,92.0,0
6.0,5223.0,278.0,16.0,1.0,763.0,76.0,0
15.0,823.0,262.0,252.0,7.0,790.0,110.0,1
15.0,2526.0,44.0,202.0,4.0,465.0,75.0,0
1.0,436.0,80.0,104.0,7.0,1015.0,155.0,0
5.0,2151.0,16.0,147.0,5.0,570.0,74.0,0
15.0,914.0,277.0,129.0,1.0,705.0,150.0,0
5.0,1668.0,16.0,54.0,7.0,1145.0,79.0,0
5.0,2814.0,252.0,197.0,6.0,50.0,189.0,1
1.0,889.0,183.0,208.0,3.0,910.0,205.0,1
6.0,5396.0,115.0,16.0,6.0,1076.0,93.0,0
5.0,1246.0,60.0,85.0,4.0,765.0,110.0,1
5.0,2599.0,197.0,217.0,1.0,420.0,212.0,0
16.0,3051.0,147.0,135.0,5.0,410.0,146.0,0
6.0,5498.0,162.0,16.0,1.0,670.0,97.0,1
13.0,386.0,79.0,35.0,4.0,751.0,226.0,0
16.0,2288.0,135.0,76.0,6.0,990.0,134.0,0
5.0,2070.0,54.0,16.0,3.0,836.0,80.0,0
10.0,4313.0,61.0,208.0,7.0,905.0,85.0,1
15.0,1708.0,175.0,146.0,6.0,880.0,120.0,1
7.0,843.0,79.0,252.0,6.0,1090.0,177.0,0
1.0,1440.0,280.0,80.0,4.0,1065.0,130.0,0
1.0,828.0,258.0,208.0,6.0,450.0,255.0,0
15.0,354.0,79.0,18.0,5.0,845.0,125.0,0
3.0,1205.0,130.0,241.0,3.0,561.0,188.0,1
15.0,2549.0,154.0,79.0,3.0,910.0,135.0,1
15.0,1004.0,172.0,204.0,3.0,575.0,70.0,0
0.0,3717.0,129.0,16.0,3.0,576.0,116.0,0
12.0,6378.0,246.0,253.0,3.0,510.0,80.0,0
16.0,3052.0,68.0,135.0,3.0,710.0,62.0,0
4.0,40.0,154.0,96.0,3.0,415.0,317.0,1
0.0,4148.0,71.0,33.0,5.0,460.0,66.0,0
5.0,2011.0,16.0,80.0,4.0,957.0,148.0,1
15.0,148.0,75.0,129.0,6.0,420.0,60.0,0
8.0,260.0,78.0,184.0,7.0,360.0,125.0,0
13.0,133.0,153.0,79.0,7.0,602.0,114.0,0
12.0,3048.0,221.0,184.0,5.0,865.0,91.0,0
1.0,1511.0,173.0,80.0,4.0,630.0,185.0,0
15.0,1761.0,241.0,268.0,5.0,815.0,160.0,1
5.0,1883.0,261.0,153.0,7.0,920.0,85.0,1
3.0,717.0,148.0,260.0,5.0,1439.0,220.0,1
12.0,4640.0,197.0,230.0,4.0,875.0,96.0,0
11.0,6477.0,71.0,290.0,1.0,915.0,122.0,1
12.0,6973.0,252.0,154.0,5.0,669.0,149.0,1
10.0,4026.0,117.0,193.0,3.0,1195.0,40.0,1
15.0,1312.0,131.0,129.0,7.0,520.0,60.0,0
14.0,1094.0,216.0,233.0,3.0,820.0,79.0,1
15.0,823.0,280.0,154.0,5.0,620.0,90.0,1
5.0,2993.0,22.0,213.0,4.0,945.0,192.0,0
11.0,6611.0,177.0,205.0,7.0,555.0,119.0,0
10.0,4514.0,148.0,78.0,5.0,785.0,85.0,0
12.0,4831.0,154.0,243.0,4.0,650.0,46.0,1
4.0,1830.0,135.0,213.0,4.0,1160.0,142.0,1
6.0,5268.0,85.0,90.0,3.0,1065.0,78.0,1
15.0,782.0,175.0,134.0,3.0,840.0,110.0,1
10.0,3808.0,208.0,2.0,1.0,645.0,180.0,0
12.0,6640.0,24.0,253.0,6.0,431.0,79.0,0
16.0,2854.0,80.0,58.0,4.0,890.0,150.0,0
15.0,990.0,216.0,175.0,3.0,1185.0,160.0,1
1.0,2036.0,65.0,80.0,6.0,790.0,110.0,1
16.0,3097.0,139.0,135.0,5.0,880.0,149.0,1
0.0,3881.0,129.0,16.0,1.0,1070.0,125.0,1
16.0,2959.0,190.0,135.0,6.0,390.0,92.0,0
15.0,1748.0,262.0,214.0,5.0,1200.0,90.0,0
6.0,5266.0,16.0,180.0,3.0,770.0,54.0,0
15.0,1030.0,153.0,251.0,3.0,570.0,215.0,1
12.0,7048.0,136.0,79.0,1.0,782.0,90.0,0
13.0,257.0,147.0,208.0,4.0,360.0,156.0,0
7.0,411.0,79.0,154.0,3.0,1090.0,147.0,1
5.0,1091.0,261.0,264.0,7.0,1010.0,113.0,1
12.0,6299.0,185.0,208.0,7.0,365.0,53.0,0
14.0,2116.0,159.0,35.0,4.0,420.0,65.0,0
15.0,1214.0,61.0,217.0,6.0,790.0,270.0,0
5.0,1237.0,234.0,16.0,7.0,890.0,110.0,0
16.0,2491.0,147.0,135.0,6.0,585.0,145.0,0
5.0,2713.0,85.0,195.0,7.0,925.0,82.0,0
5.0,1849.0,61.0,16.0,3.0,896.0,104.0,1
1.0,2411.0,80.0,154.0,6.0,475.0,205.0,0
12.0,6850.0,171.0,208.0,6.0,521.0,79.0,1
5.0,2482.0,197.0,85.0,3.0,1205.0,105.0,0
5.0,2825.0,35.0,197.0,1.0,1090.0,203.0,0
6.0,7070.0,71.0,208.0,5.0,1130.0,86.0,1
8.0,1492.0,173.0,61.0,7.0,709.0,130.0,0
2.0,64.0,149.0,226.0,4.0,842.0,44.0,0
12.0,4661.0,261.0,207.0,3.0,520.0,109.0,1
5.0,1091.0,261.0,264.0,5.0,1010.0,113.0,0
15.0,477.0,175.0,252.0,4.0,530.0,285.0,1
15.0,3836.0,154.0,153.0,5.0,805.0,65.0,1
15.0,1533.0,91.0,244.0,7.0,1160.0,75.0,0
8.0,447.0,198.0,16.0,4.0,975.0,81.0,0
3.0,118.0,198.0,148.0,3.0,610.0,164.0,1
10.0,3245.0,80.0,157.0,1.0,535.0,125.0,1
13.0,295.0,79.0,45.0,3.0,1068.0,198.0,0
15.0,2697.0,27.0,198.0,5.0,715.0,70.0,0
11.0,6282.0,233.0,177.0,6.0,1058.0,132.0,1
5.0,1959.0,148.0,173.0,4.0,495.0,188.0,0
6.0,5586.0,16.0,101.0,6.0,965.0,76.0,0
10.0,4109.0,84.0,208.0,6.0,845.0,85.0,1
16.0,5952.0,208.0,27.0,4.0,873.0,104.0,0
16.0,2775.0,96.0,19.0,3.0,545.0,141.0,1
11.0,6765.0,159.0,195.0,4.0,867.0,172.0,0
0.0,3838.0,85.0,247.0,1.0,730.0,57.0,1
15.0,1752.0,91.0,75.0,3.0,830.0,90.0,0
6.0,5390.0,87.0,16.0,6.0,941.0,78.0,0
2.0,565.0,154.0,214.0,1.0,1050.0,147.0,0
1.0,309.0,159.0,208.0,4.0,479.0,165.0,0
15.0,1019.0,253.0,154.0,1.0,385.0,75.0,0
4.0,380.0,153.0,58.0,6.0,900.0,233.0,0
13.0,261.0,253.0,154.0,7.0,371.0,92.0,0
2.0,80.0,14.0,252.0,3.0,630.0,200.0,0
5.0,2437.0,16.0,244.0,1.0,502.0,166.0,0
16.0,2526.0,96.0,119.0,3.0,420.0,134.0,0
5.0,1050.0,16.0,54.0,6.0,1055.0,76.0,0
14.0,927.0,208.0,60.0,6.0,970.0,111.0,1
8.0,688.0,136.0,16.0,6.0,748.0,122.0,0
4.0,350.0,96.0,18.0,3.0,390.0,260.0,1
12.0,6640.0,24.0,253.0,3.0,431.0,79.0,0
10.0,4579.0,159.0,60.0,1.0,945.0,125.0,0
12.0,6425.0,244.0,79.0,7.0,950.0,132.0,0
15.0,339.0,243.0,153.0,4.0,750.0,70.0,1
17.0,2924.0,18.0,217.0,1.0,375.0,148.0,0
6.0,5042.0,177.0,216.0,5.0,540.0,140.0,0
1.0,2417.0,80.0,154.0,5.0,640.0,205.0,1
6.0,5025.0,16.0,278.0,4.0,515.0,71.0,0
6.0,5343.0,119.0,16.0,4.0,365.0,130.0,1
6.0,5040.0,41.0,177.0,4.0,995.0,76.0,0
16.0,2003.0,135.0,268.0,7.0,660.0,110.0,0
14.0,1109.0,148.0,60.0,4.0,720.0,124.0,0
8.0,1278.0,285.0,173.0,3.0,738.0,97.0,0
16.0,3069.0,131.0,135.0,4.0,665.0,69.0,0
2.0,37.0,197.0,252.0,4.0,795.0,220.0,1
12.0,4578.0,258.0,261.0,4.0,984.0,110.0,1
15.0,1916.0,79.0,261.0,6.0,785.0,90.0,1
0.0,4359.0,240.0,197.0,3.0,590.0,50.0,0
8.0,400.0,16.0,139.0,5.0,1335.0,102.0,1
15.0,2471.0,153.0,221.0,6.0,570.0,255.0,1
6.0,7095.0,120.0,134.0,5.0,380.0,67.0,0
7.0,728.0,79.0,78.0,3.0,450.0,196.0,0
6.0,7088.0,237.0,134.0,3.0,1211.0,59.0,0
1.0,1285.0,80.0,264.0,7.0,890.0,195.0,1
6.0,5252.0,275.0,104.0,3.0,1135.0,84.0,1
15.0,1594.0,236.0,79.0,7.0,795.0,130.0,0
16.0,5926.0,230.0,208.0,5.0,836.0,124.0,1
1.0,761.0,208.0,268.0,3.0,725.0,65.0,1
10.0,3121.0,154.0,258.0,4.0,760.0,75.0,0
17.0,2734.0,18.0,217.0,3.0,920.0,150.0,0
16.0,5930.0,285.0,208.0,5.0,703.0,102.0,0
5.0,1499.0,22.0,104.0,1.0,485.0,196.0,0
1.0,1297.0,80.0,183.0,1.0,345.0,160.0,0
5.0,2706.0,253.0,197.0,4.0,915.0,215.0,1
12.0,6941.0,208.0,65.0,6.0,1079.0,156.0,1
10.0,3696.0,209.0,148.0,5.0,870.0,80.0,0
13.0,155.0,208.0,253.0,4.0,1235.0,297.0,0
0.0,3726.0,85.0,0.0,3.0,860.0,96.0,1
12.0,6560.0,18.0,79.0,5.0,692.0,134.0,0
8.0,1401.0,173.0,238.0,6.0,884.0,156.0,1
6.0,5558.0,85.0,216.0,5.0,915.0,120.0,0
16.0,2524.0,58.0,182.0,4.0,920.0,88.0,0
0.0,3822.0,174.0,85.0,3.0,715.0,103.0,1
1.0,2031.0,80.0,153.0,4.0,920.0,175.0,1
1.0,123.0,80.0,128.0,4.0,670.0,525.0,0
9.0,348.0,128.0,150.0,7.0,851.0,44.0,0
1.0,1309.0,45.0,80.0,3.0,620.0,220.0,1
5.0,1253.0,16.0,221.0,7.0,980.0,104.0,1
10.0,2932.0,41.0,80.0,4.0,1060.0,90.0,0
16.0,2797.0,228.0,96.0,3.0,1019.0,91.0,0
4.0,762.0,198.0,135.0,3.0,400.0,70.0,0
16.0,5952.0,27.0,208.0,1.0,1015.0,134.0,0
17.0,2816.0,217.0,84.0,1.0,598.0,178.0,0
1.0,2097.0,204.0,80.0,5.0,520.0,65.0,0
13.0,128.0,208.0,216.0,3.0,793.0,131.0,1
15.0,2932.0,268.0,79.0,6.0,1095.0,150.0,1
12.0,7797.0,261.0,271.0,1.0,474.0,72.0,1
14.0,497.0,60.0,79.0,7.0,1230.0,228.0,0
10.0,3246.0,80.0,118.0,7.0,925.0,50.0,1
15.0,1224.0,277.0,221.0,7.0,1200.0,140.0,1
15.0,2125.0,33.0,79.0,6.0,705.0,180.0,1
14.0,407.0,216.0,208.0,4.0,475.0,152.0,0
5.0,2830.0,79.0,197.0,4.0,660.0,115.0,0
5.0,1028.0,261.0,96.0,7.0,1021.0,261.0,1
15.0,996.0,131.0,244.0,1.0,1090.0,55.0,1
12.0,6459.0,79.0,80.0,5.0,974.0,111.0,1
17.0,2695.0,217.0,100.0,6.0,889.0,103.0,0
8.0,409.0,139.0,16.0,5.0,390.0,104.0,0
13.0,681.0,159.0,208.0,5.0,781.0,153.0,0
5.0,2622.0,217.0,85.0,7.0,910.0,230.0,0
1.0,346.0,208.0,159.0,7.0,1175.0,120.0,0
15.0,669.0,202.0,252.0,1.0,645.0,120.0,1
15.0,497.0,45.0,233.0,4.0,760.0,65.0,0
3.0,178.0,217.0,148.0,4.0,855.0,277.0,0
16.0,2808.0,290.0,96.0,7.0,1117.0,162.0,0
15.0,226.0,216.0,182.0,5.0,665.0,80.0,0
5.0,1585.0,159.0,173.0,5.0,980.0,177.0,1
1.0,2353.0,96.0,208.0,1.0,1020.0,170.0,1
15.0,2882.0,147.0,277.0,5.0,850.0,55.0,0
8.0,964.0,16.0,7.0,3.0,924.0,116.0,0
14.0,1239.0,216.0,198.0,4.0,590.0,202.0,0
1.0,1412.0,183.0,148.0,7.0,1260.0,175.0,0
6.0,5222.0,16.0,41.0,6.0,1310.0,98.0,1
4.0,519.0,277.0,96.0,4.0,799.0,160.0,1
6.0,5328.0,16.0,27.0,3.0,690.0,58.0,1
12.0,4529.0,261.0,202.0,3.0,515.0,122.0,0
0.0,3921.0,177.0,58.0,1.0,855.0,116.0,0
12.0,6816.0,254.0,79.0,4.0,405.0,131.0,0
13.0,536.0,208.0,159.0,7.0,425.0,132.0,0
15.0,224.0,104.0,141.0,7.0,1045.0,165.0,1
1.0,2465.0,35.0,80.0,4.0,805.0,265.0,0
12.0,6697.0,79.0,145.0,7.0,916.0,84.0,0
13.0,155.0,208.0,253.0,3.0,1235.0,297.0,1
5.0,1237.0,16.0,268.0,7.0,1048.0,103.0,1
16.0,2022.0,139.0,96.0,5.0,1100.0,120.0,0
4.0,312.0,96.0,37.0,3.0,1220.0,232.0,1
6.0,5245.0,177.0,119.0,3.0,1140.0,101.0,1
12.0,4755.0,58.0,197.0,6.0,760.0,125.0,1
0.0,4381.0,27.0,85.0,3.0,940.0,135.0,0
15.0,3320.0,153.0,198.0,5.0,685.0,200.0,1
0.0,3689.0,85.0,175.0,1.0,600.0,85.0,0
15.0,2205.0,243.0,202.0,7.0,470.0,85.0,0
6.0,7134.0,85.0,134.0,4.0,1160.0,90.0,1
12.0,6840.0,246.0,253.0,6.0,639.0,80.0,0
12.0,4456.0,261.0,168.0,4.0,667.0,91.0,0
15.0,1956.0,244.0,217.0,7.0,1130.0,150.0,1
8.0,26.0,16.0,175.0,6.0,729.0,117.0,0
16.0,2771.0,135.0,205.0,7.0,1044.0,129.0,1
5.0,1217.0,85.0,153.0,7.0,1055.0,271.0,1
10.0,3822.0,208.0,197.0,5.0,655.0,95.0,1
5.0,1217.0,85.0,153.0,5.0,1060.0,271.0,0
15.0,1057.0,153.0,79.0,1.0,810.0,115.0,1
12.0,4698.0,67.0,261.0,4.0,778.0,73.0,1
15.0,2619.0,258.0,153.0,7.0,685.0,80.0,1
0.0,4258.0,85.0,222.0,4.0,1180.0,71.0,1
15.0,857.0,184.0,45.0,5.0,500.0,120.0,0
8.0,1468.0,173.0,175.0,5.0,1248.0,165.0,1
17.0,1033.0,128.0,150.0,6.0,705.0,40.0,0
12.0,6304.0,28.0,79.0,1.0,1031.0,92.0,0
5.0,2157.0,261.0,252.0,5.0,686.0,131.0,1
16.0,2455.0,96.0,228.0,7.0,1290.0,58.0,0
15.0,1772.0,243.0,280.0,1.0,480.0,70.0,1
15.0,2027.0,79.0,111.0,4.0,1230.0,150.0,1
5.0,1939.0,78.0,16.0,3.0,1200.0,125.0,0
12.0,6252.0,210.0,253.0,7.0,518.0,117.0,0
12.0,4594.0,197.0,65.0,5.0,565.0,126.0,0
13.0,368.0,198.0,134.0,4.0,470.0,145.0,0
15.0,1945.0,252.0,79.0,7.0,365.0,160.0,0
6.0,4992.0,36.0,16.0,6.0,770.0,79.0,0
0.0,4005.0,16.0,279.0,4.0,960.0,130.0,1
15.0,534.0,217.0,279.0,4.0,1005.0,135.0,1
1.0,1356.0,198.0,80.0,4.0,490.0,105.0,0
5.0,2406.0,197.0,139.0,4.0,1160.0,98.0,0
15.0,973.0,258.0,79.0,5.0,400.0,145.0,1
6.0,5442.0,177.0,178.0,1.0,826.0,131.0,0
12.0,6675.0,100.0,79.0,6.0,699.0,139.0,1
15.0,2398.0,175.0,159.0,6.0,405.0,120.0,0
15.0,2675.0,175.0,261.0,7.0,530.0,215.0,1
15.0,894.0,198.0,277.0,5.0,525.0,85.0,0
15.0,1642.0,129.0,33.0,1.0,695.0,105.0,0
9.0,181.0,143.0,128.0,3.0,771.0,49.0,0
13.0,492.0,253.0,268.0,4.0,775.0,226.0,0
15.0,2158.0,277.0,45.0,6.0,435.0,130.0,0
5.0,1683.0,139.0,261.0,1.0,510.0,224.0,1
12.0,4497.0,18.0,261.0,7.0,850.0,169.0,0
4.0,132.0,243.0,135.0,3.0,400.0,190.0,1
5.0,1646.0,217.0,16.0,5.0,50.0,212.0,0
15.0,2005.0,33.0,147.0,7.0,1105.0,85.0,0
0.0,4016.0,175.0,85.0,7.0,971.0,84.0,1
0.0,3888.0,177.0,33.0,5.0,855.0,63.0,0
6.0,5035.0,16.0,190.0,1.0,1052.0,80.0,0
1.0,563.0,80.0,244.0,6.0,1060.0,65.0,0
10.0,3930.0,208.0,205.0,3.0,1250.0,95.0,1
17.0,7257.0,134.0,139.0,6.0,1016.0,106.0,0
12.0,6380.0,34.0,253.0,1.0,884.0,105.0,1
15.0,250.0,268.0,205.0,3.0,590.0,75.0,1
14.0,1155.0,216.0,183.0,3.0,460.0,180.0,1
12.0,6541.0,79.0,29.0,4.0,617.0,95.0,0
1.0,521.0,183.0,79.0,3.0,945.0,265.0,0
15.0,1234.0,202.0,243.0,3.0,745.0,85.0,1
2.0,694.0,252.0,111.0,5.0,1080.0,60.0,0
1.0,1279.0,80.0,217.0,7.0,790.0,160.0,0
10.0,3264.0,80.0,290.0,3.0,495.0,65.0,1
8.0,335.0,216.0,16.0,1.0,706.0,138.0,0
15.0,147.0,173.0,45.0,4.0,1170.0,125.0,0
12.0,4540.0,196.0,261.0,4.0,703.0,82.0,0
12.0,6853.0,208.0,72.0,5.0,522.0,57.0,0
5.0,1689.0,216.0,85.0,7.0,755.0,110.0,0
4.0,34.0,18.0,135.0,7.0,795.0,60.0,1
3.0,1440.0,160.0,253.0,5.0,951.0,79.0,0
11.0,6583.0,175.0,197.0,1.0,985.0,96.0,0
5.0,248.0,243.0,85.0,1.0,790.0,265.0,0
14.0,1419.0,216.0,154.0,3.0,580.0,370.0,0
15.0,3588.0,139.0,153.0,7.0,745.0,255.0,0
4.0,1689.0,135.0,243.0,4.0,1100.0,210.0,0
1.0,75.0,134.0,154.0,6.0,1105.0,340.0,0
3.0,293.0,252.0,160.0,7.0,871.0,149.0,0
14.0,1950.0,60.0,43.0,3.0,1205.0,106.0,1
1.0,2464.0,207.0,80.0,1.0,530.0,175.0,0
5.0,1838.0,16.0,78.0,7.0,1040.0,106.0,1
14.0,75.0,217.0,252.0,4.0,875.0,186.0,0
14.0,2182.0,78.0,159.0,3.0,1080.0,84.0,1
1.0,1912.0,80.0,173.0,7.0,675.0,145.0,0
15.0,2278.0,198.0,79.0,4.0,1075.0,180.0,0
5.0,1235.0,261.0,34.0,3.0,680.0,71.0,0
12.0,7776.0,261.0,235.0,4.0,820.0,59.0,0
10.0,3769.0,16.0,208.0,3.0,570.0,125.0,1
4.0,58.0,79.0,135.0,4.0,695.0,139.0,0
10.0,4170.0,208.0,273.0,3.0,605.0,110.0,1
6.0,5281.0,16.0,48.0,7.0,1220.0,98.0,0
1.0,2013.0,208.0,153.0,6.0,1140.0,240.0,1
13.0,545.0,35.0,208.0,3.0,1147.0,169.0,1
6.0,7065.0,134.0,76.0,7.0,1015.0,88.0,0
13.0,202.0,154.0,198.0,7.0,676.0,220.0,0
1.0,1894.0,253.0,154.0,3.0,585.0,90.0,0
0.0,3784.0,177.0,66.0,3.0,1185.0,78.0,0
5.0,1800.0,147.0,16.0,1.0,450.0,90.0,1
5.0,1895.0,16.0,135.0,3.0,1290.0,133.0,1
1.0,1382.0,183.0,96.0,7.0,1255.0,170.0,1
15.0,1764.0,43.0,45.0,3.0,1140.0,70.0,0
13.0,842.0,208.0,154.0,5.0,488.0,277.0,0
1.0,2307.0,208.0,80.0,5.0,545.0,155.0,1
14.0,329.0,264.0,217.0,5.0,975.0,75.0,0
6.0,5205.0,16.0,200.0,5.0,970.0,76.0,1
10.0,4403.0,148.0,233.0,4.0,895.0,110.0,0
6.0,5103.0,177.0,41.0,4.0,1165.0,73.0,0
2.0,62.0,14.0,149.0,4.0,485.0,101.0,0
12.0,6471.0,205.0,79.0,7.0,1161.0,107.0,0
1.0,412.0,269.0,148.0,1.0,1030.0,259.0,0
3.0,301.0,134.0,160.0,5.0,740.0,339.0,0
4.0,800.0,104.0,96.0,4.0,870.0,183.0,0
5.0,1407.0,198.0,177.0,6.0,996.0,86.0,0
0.0,3750.0,43.0,85.0,7.0,710.0,83.0,1
10.0,3919.0,162.0,208.0,5.0,840.0,115.0,0
5.0,1501.0,35.0,16.0,4.0,435.0,190.0,0
17.0,2668.0,60.0,33.0,3.0,961.0,88.0,0
13.0,843.0,154.0,208.0,4.0,847.0,243.0,0
4.0,1829.0,253.0,96.0,5.0,1310.0,311.0,1
12.0,6280.0,253.0,6.0,7.0,1009.0,79.0,1
1.0,276.0,154.0,183.0,4.0,1340.0,280.0,1
15.0,1383.0,111.0,261.0,1.0,550.0,95.0,0
5.0,2606.0,253.0,197.0,1.0,35.0,216.0,1
10.0,4181.0,208.0,117.0,1.0,705.0,55.0,0
10.0,2706.0,119.0,80.0,3.0,760.0,170.0,1
8.0,117.0,16.0,277.0,6.0,996.0,79.0,1
0.0,4362.0,134.0,85.0,6.0,745.0,112.0,1
4.0,1889.0,135.0,262.0,6.0,1105.0,248.0,1
15.0,1752.0,18.0,217.0,4.0,1090.0,155.0,0
8.0,639.0,45.0,76.0,3.0,1290.0,89.0,1
1.0,477.0,80.0,2.0,1.0,845.0,110.0,0
15.0,28.0,87.0,129.0,7.0,630.0,115.0,0
4.0,111.0,96.0,58.0,1.0,1050.0,100.0,0
14.0,282.0,217.0,258.0,7.0,500.0,117.0,0
1.0,1461.0,173.0,80.0,4.0,415.0,185.0,0
12.0,4527.0,197.0,33.0,1.0,625.0,133.0,1
13.0,486.0,18.0,134.0,3.0,713.0,194.0,1
0.0,4012.0,85.0,218.0,5.0,920.0,89.0,0
3.0,232.0,160.0,261.0,1.0,482.0,103.0,0
17.0,1035.0,128.0,161.0,5.0,540.0,37.0,0
1.0,1767.0,80.0,227.0,1.0,770.0,190.0,1
15.0,335.0,264.0,262.0,7.0,1280.0,85.0,1
0.0,4314.0,85.0,209.0,3.0,420.0,114.0,0
10.0,4598.0,233.0,159.0,3.0,1215.0,90.0,0
14.0,625.0,2.0,217.0,4.0,745.0,77.0,0
0.0,3880.0,177.0,157.0,4.0,1165.0,76.0,0
12.0,6335.0,154.0,243.0,1.0,911.0,45.0,1
10.0,3947.0,208.0,285.0,5.0,750.0,90.0,0
14.0,625.0,2.0,217.0,7.0,745.0,77.0,0
17.0,7274.0,208.0,209.0,6.0,1080.0,130.0,1
13.0,366.0,153.0,134.0,3.0,816.0,269.0,0
12.0,6706.0,208.0,205.0,1.0,740.0,99.0,0
16.0,2162.0,135.0,279.0,3.0,970.0,84.0,1
12.0,6628.0,27.0,79.0,3.0,900.0,190.0,0
15.0,1727.0,104.0,268.0,1.0,860.0,180.0,1
5.0,2774.0,197.0,177.0,6.0,795.0,125.0,0
15.0,1055.0,173.0,216.0,7.0,730.0,145.0,0
1.0,457.0,183.0,268.0,3.0,545.0,165.0,0
13.0,325.0,233.0,208.0,1.0,1077.0,138.0,0
15.0,3040.0,33.0,153.0,6.0,1015.0,260.0,1
12.0,7781.0,89.0,261.0,3.0,330.0,70.0,0
1.0,692.0,183.0,96.0,6.0,715.0,185.0,0
14.0,1021.0,159.0,60.0,5.0,495.0,127.0,1
3.0,439.0,35.0,173.0,6.0,960.0,192.0,0
0.0,3779.0,108.0,177.0,3.0,380.0,67.0,0
2.0,67.0,151.0,257.0,4.0,1022.0,55.0,0
6.0,5340.0,237.0,16.0,4.0,1078.0,96.0,0
2.0,38.0,252.0,197.0,3.0,747.0,203.0,0
7.0,650.0,253.0,79.0,6.0,380.0,150.0,0
8.0,356.0,16.0,159.0,7.0,1013.0,128.0,0
15.0,241.0,129.0,104.0,7.0,600.0,135.0,1
2.0,518.0,252.0,264.0,4.0,1180.0,159.0,0
0.0,4301.0,139.0,233.0,1.0,420.0,105.0,1
13.0,494.0,84.0,208.0,5.0,360.0,80.0,0
6.0,4961.0,16.0,105.0,7.0,895.0,71.0,1
12.0,4483.0,197.0,84.0,5.0,800.0,75.0,0
1.0,1851.0,78.0,183.0,4.0,365.0,160.0,0
10.0,4091.0,208.0,33.0,1.0,545.0,90.0,0
15.0,1999.0,147.0,104.0,3.0,870.0,70.0,0
1.0,823.0,80.0,280.0,1.0,1015.0,140.0,0
12.0,6844.0,135.0,208.0,4.0,742.0,153.0,0
4.0,727.0,45.0,135.0,7.0,723.0,207.0,1
10.0,2719.0,80.0,285.0,6.0,475.0,115.0,0
7.0,360.0,79.0,277.0,6.0,990.0,196.0,0
15.0,1165.0,217.0,162.0,7.0,965.0,160.0,1
10.0,3528.0,184.0,80.0,5.0,1090.0,160.0,1
15.0,1264.0,44.0,153.0,4.0,475.0,60.0,1
10.0,2772.0,290.0,80.0,5.0,1140.0,75.0,0
14.0,526.0,217.0,236.0,4.0,1065.0,108.0,0
2.0,562.0,214.0,154.0,6.0,590.0,137.0,0
4.0,322.0,198.0,135.0,5.0,490.0,70.0,0
14.0,1947.0,78.0,104.0,7.0,1160.0,155.0,0
14.0,2027.0,35.0,78.0,3.0,540.0,93.0,0
1.0,25.0,35.0,154.0,1.0,435.0,390.0,0
8.0,1451.0,213.0,130.0,3.0,908.0,166.0,0
12.0,6359.0,154.0,279.0,4.0,766.0,174.0,0
5.0,2366.0,147.0,159.0,5.0,430.0,143.0,0
5.0,2493.0,234.0,16.0,1.0,586.0,114.0,1
15.0,735.0,79.0,214.0,5.0,515.0,175.0,1
8.0,418.0,45.0,229.0,5.0,1285.0,84.0,0
14.0,544.0,243.0,217.0,5.0,595.0,76.0,0
6.0,4992.0,16.0,36.0,1.0,671.0,72.0,0
4.0,149.0,104.0,135.0,7.0,902.0,167.0,0
3.0,337.0,134.0,173.0,7.0,1250.0,133.0,0
15.0,110.0,214.0,111.0,6.0,880.0,60.0,1
1.0,1091.0,268.0,80.0,1.0,795.0,115.0,0
12.0,6862.0,208.0,171.0,1.0,1067.0,60.0,1
16.0,2795.0,279.0,135.0,7.0,567.0,87.0,0
5.0,2247.0,159.0,16.0,6.0,840.0,160.0,0
5.0,1063.0,154.0,173.0,3.0,1360.0,281.0,0
0.0,3723.0,16.0,84.0,3.0,1290.0,144.0,1
16.0,2183.0,96.0,139.0,1.0,389.0,139.0,0
12.0,6740.0,154.0,57.0,7.0,605.0,43.0,1
1.0,374.0,280.0,208.0,3.0,410.0,205.0,0
8.0,1400.0,238.0,173.0,4.0,792.0,173.0,0
10.0,4225.0,117.0,208.0,4.0,800.0,65.0,0
5.0,1076.0,148.0,244.0,4.0,1205.0,267.0,1
12.0,6653.0,191.0,253.0,4.0,939.0,33.0,1
5.0,2258.0,233.0,197.0,3.0,385.0,184.0,0
12.0,6526.0,154.0,217.0,7.0,501.0,77.0,0
16.0,2091.0,71.0,135.0,6.0,395.0,162.0,0
16.0,2904.0,119.0,58.0,5.0,360.0,58.0,0
8.0,709.0,16.0,76.0,7.0,530.0,87.0,0
15.0,327.0,44.0,153.0,5.0,545.0,60.0,1
5.0,2731.0,85.0,268.0,3.0,442.0,118.0,0
8.0,908.0,16.0,215.0,5.0,817.0,91.0,0
5.0,1630.0,184.0,85.0,7.0,1100.0,80.0,0
10.0,3977.0,208.0,56.0,6.0,580.0,65.0,0
6.0,5221.0,104.0,275.0,6.0,415.0,84.0,0
17.0,2681.0,60.0,267.0,1.0,564.0,107.0,0
0.0,4139.0,29.0,197.0,7.0,1018.0,82.0,1
4.0,47.0,135.0,154.0,5.0,1150.0,223.0,0
15.0,1945.0,27.0,175.0,4.0,955.0,110.0,0
14.0,1670.0,104.0,60.0,3.0,785.0,118.0,0
12.0,4588.0,253.0,261.0,4.0,1000.0,109.0,1
15.0,2620.0,214.0,258.0,3.0,870.0,105.0,0
10.0,2720.0,84.0,80.0,3.0,695.0,125.0,0
15.0,1656.0,258.0,154.0,4.0,780.0,70.0,1
13.0,975.0,134.0,253.0,5.0,1035.0,362.0,0
5.0,1061.0,154.0,173.0,4.0,625.0,276.0,0
14.0,250.0,243.0,217.0,5.0,390.0,84.0,0
5.0,2014.0,71.0,159.0,3.0,915.0,118.0,0
4.0,1740.0,262.0,135.0,6.0,1435.0,215.0,0
0.0,3653.0,135.0,16.0,5.0,766.0,132.0,1
14.0,1093.0,233.0,216.0,1.0,695.0,83.0,0
1.0,475.0,96.0,208.0,4.0,445.0,175.0,0
0.0,3719.0,85.0,43.0,6.0,1050.0,80.0,0
10.0,3665.0,221.0,183.0,6.0,390.0,180.0,0
16.0,2408.0,96.0,61.0,3.0,515.0,118.0,1
15.0,1684.0,214.0,262.0,1.0,855.0,85.0,0
8.0,1580.0,16.0,30.0,7.0,610.0,114.0,0
15.0,11.0,268.0,243.0,7.0,790.0,240.0,1
16.0,5997.0,56.0,208.0,1.0,812.0,65.0,0
6.0,5410.0,237.0,16.0,4.0,932.0,93.0,1
1.0,574.0,80.0,147.0,6.0,1100.0,130.0,1
16.0,5990.0,208.0,164.0,1.0,754.0,99.0,1
15.0,521.0,268.0,175.0,3.0,780.0,60.0,0
11.0,6340.0,177.0,178.0,7.0,545.0,132.0,0
13.0,639.0,228.0,208.0,6.0,1047.0,165.0,1
14.0,1637.0,159.0,60.0,7.0,1027.0,128.0,1
14.0,1109.0,148.0,60.0,7.0,720.0,124.0,0
8.0,1043.0,61.0,104.0,6.0,879.0,157.0,1
1.0,254.0,203.0,154.0,1.0,840.0,305.0,0
12.0,4648.0,111.0,261.0,1.0,1095.0,92.0,0
14.0,485.0,216.0,79.0,5.0,1080.0,265.0,0
10.0,3388.0,285.0,80.0,4.0,975.0,155.0,0
17.0,2860.0,103.0,217.0,1.0,966.0,64.0,0
8.0,31.0,175.0,16.0,5.0,1120.0,115.0,0
14.0,647.0,217.0,207.0,5.0,675.0,78.0,1
5.0,1022.0,16.0,85.0,5.0,1143.0,123.0,1
15.0,694.0,262.0,243.0,3.0,415.0,85.0,0
4.0,800.0,104.0,96.0,7.0,935.0,183.0,1
11.0,6362.0,133.0,71.0,3.0,885.0,55.0,0
6.0,5069.0,11.0,16.0,4.0,445.0,77.0,0
10.0,2804.0,279.0,80.0,3.0,545.0,70.0,0
14.0,1880.0,173.0,78.0,5.0,810.0,123.0,1
1.0,1770.0,80.0,96.0,5.0,835.0,215.0,0
16.0,2180.0,58.0,60.0,3.0,1140.0,93.0,1
1.0,1495.0,80.0,262.0,1.0,590.0,225.0,1
14.0,1715.0,78.0,104.0,1.0,885.0,154.0,1
1.0,879.0,80.0,2.0,6.0,545.0,110.0,0
1.0,333.0,159.0,208.0,1.0,840.0,165.0,1
15.0,1084.0,233.0,173.0,3.0,1050.0,105.0,1
16.0,2771.0,135.0,205.0,5.0,1044.0,129.0,1
5.0,1107.0,261.0,236.0,4.0,1310.0,95.0,0
13.0,394.0,153.0,208.0,7.0,400.0,215.0,0
1.0,1249.0,78.0,268.0,4.0,775.0,135.0,0
1.0,1552.0,173.0,183.0,6.0,510.0,60.0,0
1.0,267.0,154.0,128.0,3.0,1145.0,365.0,0
15.0,607.0,153.0,253.0,3.0,1050.0,100.0,1
5.0,2069.0,16.0,173.0,4.0,595.0,104.0,0
12.0,7037.0,67.0,79.0,6.0,380.0,69.0,0
15.0,2627.0,182.0,216.0,6.0,510.0,90.0,0
5.0,1042.0,264.0,16.0,3.0,525.0,247.0,0
16.0,2611.0,251.0,135.0,6.0,826.0,145.0,1
1.0,2536.0,183.0,35.0,6.0,1045.0,190.0,1
8.0,420.0,16.0,223.0,5.0,1335.0,75.0,0
5.0,1242.0,16.0,267.0,1.0,665.0,99.0,0
2.0,201.0,258.0,214.0,7.0,1145.0,108.0,0
17.0,7269.0,16.0,134.0,6.0,1160.0,110.0,0
5.0,1872.0,277.0,16.0,5.0,380.0,90.0,0
14.0,1697.0,60.0,241.0,1.0,985.0,115.0,0
15.0,774.0,216.0,221.0,5.0,980.0,70.0,1
14.0,685.0,217.0,96.0,1.0,800.0,280.0,0
5.0,2515.0,16.0,217.0,3.0,1140.0,262.0,1
12.0,4776.0,261.0,224.0,3.0,916.0,99.0,0
5.0,2407.0,197.0,208.0,1.0,780.0,81.0,0
7.0,225.0,175.0,79.0,6.0,360.0,157.0,0
5.0,1276.0,197.0,16.0,4.0,320.0,158.0,0
12.0,6406.0,93.0,253.0,5.0,766.0,90.0,0
9.0,155.0,203.0,128.0,3.0,519.0,34.0,0
6.0,7136.0,159.0,134.0,4.0,608.0,85.0,0
10.0,4131.0,208.0,265.0,5.0,1235.0,55.0,1
15.0,3421.0,45.0,61.0,4.0,550.0,80.0,1
17.0,7259.0,208.0,172.0,3.0,917.0,88.0,1
14.0,1239.0,216.0,198.0,1.0,590.0,202.0,0
15.0,723.0,45.0,233.0,1.0,1000.0,65.0,1
12.0,6401.0,93.0,253.0,1.0,385.0,96.0,0
8.0,1460.0,173.0,175.0,7.0,980.0,160.0,0
0.0,3977.0,58.0,85.0,7.0,625.0,60.0,0
12.0,6958.0,208.0,185.0,5.0,483.0,51.0,0
8.0,1228.0,139.0,267.0,4.0,747.0,138.0,0
11.0,6587.0,78.0,119.0,3.0,1160.0,110.0,0
6.0,5139.0,16.0,180.0,4.0,1017.0,58.0,0
3.0,1211.0,35.0,43.0,5.0,520.0,93.0,0
4.0,438.0,96.0,183.0,4.0,760.0,182.0,0
15.0,1521.0,79.0,277.0,6.0,975.0,205.0,1
6.0,5100.0,16.0,157.0,7.0,976.0,72.0,0
4.0,1511.0,135.0,264.0,6.0,1050.0,217.0,1
16.0,2144.0,238.0,58.0,5.0,1135.0,67.0,0
12.0,6821.0,253.0,231.0,6.0,511.0,63.0,0
16.0,2091.0,71.0,135.0,4.0,395.0,164.0,0
3.0,1060.0,18.0,148.0,1.0,420.0,205.0,0
1.0,828.0,258.0,208.0,4.0,450.0,255.0,0
16.0,3047.0,27.0,135.0,4.0,360.0,116.0,0
15.0,1322.0,217.0,244.0,6.0,990.0,125.0,1
10.0,4357.0,208.0,117.0,1.0,1030.0,60.0,0
12.0,6686.0,79.0,29.0,5.0,1285.0,94.0,0
12.0,7801.0,282.0,261.0,5.0,570.0,60.0,1
1.0,2328.0,80.0,208.0,1.0,475.0,140.0,1
12.0,6986.0,208.0,281.0,3.0,510.0,60.0,1
0.0,4274.0,13.0,177.0,1.0,355.0,120.0,0
15.0,3411.0,173.0,172.0,1.0,550.0,185.0,0
11.0,6611.0,233.0,177.0,3.0,435.0,139.0,0
15.0,870.0,18.0,155.0,3.0,655.0,70.0,0
5.0,1147.0,16.0,213.0,6.0,820.0,105.0,0
15.0,1526.0,154.0,253.0,6.0,420.0,80.0,1
6.0,5391.0,16.0,19.0,5.0,682.0,61.0,0
17.0,2651.0,217.0,24.0,7.0,660.0,93.0,0
1.0,1021.0,208.0,153.0,6.0,570.0,235.0,1
11.0,6462.0,148.0,35.0,5.0,910.0,102.0,0
12.0,6950.0,227.0,79.0,6.0,685.0,128.0,1
1.0,399.0,80.0,253.0,1.0,945.0,240.0,0
8.0,844.0,173.0,16.0,4.0,922.0,98.0,0
12.0,7048.0,136.0,79.0,7.0,788.0,87.0,0
1.0,1659.0,233.0,208.0,6.0,1100.0,135.0,1
5.0,1811.0,16.0,80.0,6.0,1140.0,147.0,0
13.0,331.0,208.0,252.0,6.0,587.0,279.0,1
12.0,6686.0,79.0,29.0,4.0,1285.0,94.0,0
14.0,1769.0,60.0,241.0,4.0,1331.0,108.0,1
13.0,396.0,153.0,208.0,6.0,523.0,215.0,0
6.0,5582.0,16.0,132.0,5.0,831.0,61.0,0
0.0,3686.0,197.0,192.0,7.0,680.0,95.0,0
5.0,2857.0,16.0,153.0,6.0,965.0,276.0,1
12.0,6952.0,208.0,27.0,7.0,415.0,103.0,0
7.0,268.0,79.0,264.0,4.0,1085.0,143.0,1
5.0,1322.0,198.0,16.0,5.0,975.0,93.0,0
7.0,448.0,79.0,216.0,4.0,640.0,209.0,0
14.0,234.0,217.0,85.0,5.0,960.0,228.0,0
17.0,2705.0,96.0,60.0,5.0,925.0,120.0,0
5.0,2443.0,96.0,16.0,3.0,1170.0,159.0,0
1.0,527.0,35.0,183.0,1.0,640.0,215.0,0
8.0,236.0,234.0,16.0,1.0,956.0,105.0,0
14.0,741.0,216.0,260.0,4.0,1065.0,224.0,0
15.0,438.0,217.0,252.0,6.0,860.0,190.0,0
15.0,680.0,18.0,243.0,4.0,610.0,190.0,0
3.0,30.0,148.0,238.0,5.0,1350.0,81.0,1
4.0,1706.0,18.0,135.0,6.0,965.0,51.0,0
5.0,1217.0,85.0,153.0,6.0,1055.0,271.0,0
14.0,2037.0,35.0,78.0,5.0,840.0,94.0,0
16.0,2850.0,68.0,135.0,5.0,951.0,69.0,0
7.0,472.0,184.0,241.0,1.0,427.0,181.0,0
5.0,1026.0,85.0,16.0,1.0,732.0,125.0,1
15.0,3421.0,175.0,79.0,3.0,705.0,160.0,1
13.0,494.0,208.0,35.0,3.0,550.0,139.0,0
15.0,2806.0,44.0,217.0,6.0,875.0,80.0,1
8.0,30.0,16.0,175.0,3.0,525.0,115.0,1
12.0,6253.0,244.0,253.0,1.0,462.0,235.0,0
1.0,118.0,154.0,148.0,5.0,435.0,325.0,0
12.0,6284.0,253.0,224.0,6.0,1055.0,113.0,0
1.0,2045.0,78.0,208.0,7.0,1220.0,125.0,0
4.0,1832.0,135.0,159.0,4.0,715.0,199.0,1
13.0,946.0,173.0,134.0,7.0,826.0,135.0,0
3.0,56.0,148.0,42.0,1.0,559.0,76.0,0
0.0,3748.0,177.0,108.0,3.0,565.0,79.0,0
12.0,6673.0,253.0,194.0,7.0,495.0,44.0,0
1.0,1826.0,80.0,136.0,5.0,1225.0,70.0,1
10.0,4229.0,221.0,208.0,6.0,915.0,100.0,0
5.0,1181.0,241.0,16.0,5.0,360.0,110.0,0
2.0,26.0,252.0,208.0,4.0,1075.0,234.0,0
5.0,1859.0,148.0,16.0,3.0,495.0,163.0,0
0.0,4363.0,221.0,71.0,3.0,700.0,80.0,1
17.0,7286.0,208.0,229.0,6.0,1105.0,136.0,1
12.0,6538.0,79.0,137.0,4.0,1286.0,98.0,1
15.0,869.0,79.0,154.0,3.0,590.0,155.0,1
16.0,2225.0,204.0,135.0,3.0,810.0,84.0,0
16.0,2321.0,71.0,135.0,3.0,705.0,159.0,0
8.0,1185.0,277.0,119.0,1.0,740.0,160.0,0
8.0,332.0,16.0,216.0,5.0,540.0,121.0,0
15.0,1163.0,264.0,153.0,4.0,520.0,70.0,1
1.0,2473.0,80.0,154.0,6.0,1120.0,200.0,0
3.0,667.0,43.0,173.0,6.0,553.0,167.0,0
10.0,3958.0,208.0,238.0,5.0,810.0,100.0,0
9.0,12.0,128.0,253.0,6.0,830.0,305.0,0
6.0,7117.0,237.0,208.0,5.0,360.0,116.0,1
15.0,2181.0,217.0,129.0,4.0,1090.0,145.0,0
16.0,2948.0,184.0,58.0,5.0,1135.0,69.0,1
15.0,2451.0,261.0,154.0,6.0,635.0,120.0,0
1.0,1924.0,258.0,80.0,4.0,605.0,205.0,0
2.0,326.0,252.0,258.0,1.0,775.0,127.0,0
8.0,348.0,267.0,45.0,5.0,1007.0,134.0,0
13.0,227.0,79.0,154.0,4.0,707.0,156.0,0
13.0,115.0,208.0,197.0,5.0,739.0,93.0,0
1.0,819.0,205.0,80.0,5.0,935.0,115.0,0
5.0,2357.0,233.0,197.0,7.0,1148.0,172.0,1
8.0,671.0,184.0,173.0,6.0,470.0,177.0,0
4.0,1086.0,135.0,173.0,1.0,960.0,134.0,1
14.0,1522.0,60.0,216.0,5.0,980.0,107.0,0
1.0,2355.0,208.0,80.0,4.0,1265.0,150.0,0
13.0,532.0,79.0,208.0,4.0,360.0,141.0,0
10.0,2852.0,254.0,80.0,1.0,460.0,95.0,0
5.0,67.0,16.0,277.0,4.0,980.0,90.0,0
15.0,869.0,75.0,13.0,1.0,450.0,70.0,1
15.0,52.0,129.0,75.0,3.0,1140.0,60.0,1
14.0,363.0,217.0,262.0,6.0,500.0,122.0,0
6.0,5362.0,256.0,16.0,6.0,345.0,123.0,0
16.0,2359.0,96.0,208.0,3.0,510.0,170.0,0
2.0,851.0,252.0,128.0,3.0,540.0,376.0,1
1.0,267.0,154.0,128.0,6.0,1145.0,365.0,0
10.0,4599.0,159.0,197.0,5.0,375.0,175.0,0
1.0,1914.0,80.0,147.0,5.0,850.0,130.0,1
4.0,218.0,96.0,277.0,4.0,550.0,194.0,1
3.0,662.0,173.0,43.0,6.0,1104.0,149.0,1
3.0,430.0,173.0,35.0,3.0,595.0,164.0,1
3.0,524.0,173.0,96.0,4.0,1172.0,148.0,1
6.0,5486.0,54.0,16.0,7.0,761.0,82.0,0
7.0,557.0,79.0,243.0,3.0,510.0,142.0,1
0.0,4097.0,233.0,177.0,5.0,1062.0,128.0,1
4.0,348.0,96.0,253.0,6.0,1155.0,386.0,0
12.0,6987.0,84.0,208.0,7.0,831.0,83.0,0
13.0,230.0,79.0,84.0,4.0,1223.0,106.0,0
5.0,1529.0,148.0,153.0,4.0,630.0,352.0,1
6.0,5140.0,146.0,85.0,1.0,940.0,130.0,0
6.0,5591.0,275.0,16.0,3.0,995.0,74.0,0
4.0,606.0,135.0,277.0,7.0,960.0,128.0,0
10.0,4019.0,208.0,174.0,4.0,840.0,105.0,1
8.0,311.0,60.0,16.0,5.0,400.0,78.0,0
0.0,3742.0,209.0,148.0,7.0,820.0,105.0,1
2.0,5.0,78.0,154.0,6.0,550.0,354.0,0
5.0,1522.0,119.0,85.0,4.0,1055.0,65.0,1
6.0,7105.0,229.0,134.0,4.0,856.0,114.0,1
1.0,1606.0,80.0,61.0,5.0,860.0,140.0,0
2.0,315.0,253.0,252.0,4.0,420.0,124.0,0
15.0,9.0,268.0,45.0,1.0,835.0,115.0,1
5.0,427.0,16.0,260.0,6.0,1049.0,214.0,0
11.0,6773.0,71.0,268.0,6.0,970.0,95.0,0
15.0,3222.0,251.0,268.0,7.0,1130.0,70.0,1
10.0,3626.0,223.0,183.0,1.0,740.0,110.0,1
16.0,2936.0,135.0,10.0,7.0,942.0,56.0,0
13.0,126.0,154.0,208.0,3.0,1391.0,239.0,0
15.0,300.0,262.0,153.0,5.0,635.0,80.0,0
15.0,1180.0,202.0,207.0,3.0,860.0,70.0,1
15.0,1790.0,45.0,35.0,6.0,930.0,80.0,0
1.0,550.0,153.0,80.0,5.0,1030.0,150.0,0
8.0,633.0,45.0,76.0,5.0,630.0,90.0,0
13.0,289.0,153.0,154.0,1.0,669.0,77.0,0
8.0,1173.0,173.0,60.0,6.0,1047.0,95.0,0
8.0,1629.0,216.0,173.0,6.0,773.0,167.0,0
1.0,123.0,80.0,128.0,5.0,670.0,525.0,0
12.0,6402.0,253.0,93.0,3.0,1019.0,92.0,0
16.0,5935.0,208.0,117.0,7.0,477.0,48.0,0
15.0,3157.0,182.0,175.0,3.0,565.0,165.0,1
0.0,3737.0,177.0,66.0,7.0,565.0,80.0,0
10.0,2721.0,80.0,1.0,5.0,1065.0,50.0,0
1.0,1021.0,208.0,153.0,4.0,570.0,235.0,0
13.0,318.0,253.0,79.0,4.0,962.0,153.0,0
15.0,957.0,147.0,104.0,7.0,510.0,70.0,0
6.0,5192.0,16.0,187.0,6.0,988.0,117.0,1
15.0,300.0,197.0,268.0,3.0,1150.0,90.0,1
4.0,1880.0,252.0,96.0,6.0,920.0,295.0,0
15.0,1050.0,221.0,277.0,7.0,1020.0,155.0,1
15.0,2175.0,198.0,154.0,4.0,775.0,260.0,1
16.0,2789.0,42.0,96.0,6.0,575.0,74.0,0
10.0,4195.0,208.0,177.0,3.0,1275.0,110.0,1
5.0,1794.0,16.0,216.0,7.0,1295.0,124.0,0
15.0,2439.0,111.0,79.0,3.0,915.0,130.0,0
14.0,1496.0,253.0,60.0,5.0,810.0,287.0,1
5.0,1876.0,173.0,159.0,3.0,895.0,154.0,0
14.0,1944.0,135.0,60.0,3.0,1050.0,144.0,1
12.0,3110.0,184.0,48.0,5.0,475.0,78.0,1
1.0,440.0,80.0,205.0,3.0,1115.0,105.0,1
15.0,820.0,173.0,87.0,6.0,495.0,75.0,0
6.0,5117.0,81.0,16.0,4.0,330.0,70.0,0
14.0,952.0,104.0,216.0,1.0,360.0,157.0,1
10.0,3240.0,162.0,80.0,3.0,1145.0,75.0,0
14.0,81.0,217.0,45.0,3.0,590.0,257.0,1
4.0,671.0,58.0,173.0,6.0,555.0,140.0,0
15.0,2953.0,252.0,258.0,6.0,990.0,125.0,0
12.0,6343.0,253.0,264.0,5.0,476.0,91.0,0
16.0,5988.0,208.0,58.0,7.0,468.0,71.0,0
15.0,3669.0,153.0,44.0,4.0,1185.0,65.0,1
14.0,644.0,153.0,217.0,1.0,880.0,68.0,0
8.0,123.0,16.0,277.0,3.0,1260.0,88.0,0
14.0,1801.0,35.0,60.0,1.0,775.0,147.0,0
13.0,612.0,208.0,217.0,6.0,1218.0,239.0,0
4.0,1503.0,154.0,96.0,1.0,935.0,309.0,1
14.0,796.0,154.0,216.0,6.0,670.0,305.0,0
16.0,2629.0,121.0,58.0,7.0,1005.0,87.0,1
15.0,582.0,252.0,258.0,5.0,1185.0,125.0,1
5.0,1863.0,78.0,197.0,3.0,972.0,166.0,1
12.0,4556.0,261.0,280.0,4.0,1189.0,106.0,1
12.0,6504.0,247.0,208.0,3.0,555.0,47.0,0
0.0,3795.0,247.0,71.0,5.0,360.0,60.0,0
0.0,4199.0,177.0,87.0,5.0,1175.0,85.0,0
9.0,126.0,128.0,203.0,7.0,670.0,37.0,0
13.0,689.0,159.0,208.0,1.0,1025.0,166.0,0
6.0,7084.0,208.0,76.0,5.0,460.0,66.0,1
6.0,5237.0,78.0,35.0,5.0,1015.0,105.0,0
6.0,5244.0,190.0,16.0,4.0,465.0,81.0,0
4.0,1487.0,173.0,135.0,4.0,715.0,153.0,1
3.0,1215.0,35.0,43.0,7.0,705.0,91.0,1
15.0,781.0,175.0,139.0,5.0,985.0,55.0,1
14.0,1684.0,104.0,60.0,6.0,505.0,115.0,1
3.0,1255.0,35.0,134.0,3.0,973.0,99.0,1
11.0,6671.0,85.0,71.0,1.0,824.0,76.0,1
15.0,1943.0,268.0,197.0,1.0,1005.0,90.0,1
8.0,171.0,16.0,241.0,7.0,1335.0,102.0,1
15.0,272.0,258.0,243.0,4.0,745.0,75.0,1
13.0,966.0,154.0,134.0,5.0,370.0,292.0,0
5.0,1538.0,16.0,78.0,3.0,1220.0,99.0,1
6.0,5504.0,16.0,48.0,4.0,831.0,99.0,0
15.0,1259.0,33.0,244.0,5.0,515.0,155.0,1
15.0,2528.0,129.0,173.0,7.0,405.0,125.0,0
12.0,4698.0,67.0,261.0,5.0,778.0,73.0,0
15.0,1272.0,153.0,207.0,6.0,1055.0,55.0,1
0.0,3798.0,85.0,0.0,7.0,630.0,92.0,0
4.0,1686.0,264.0,96.0,5.0,1275.0,290.0,0
16.0,2376.0,135.0,136.0,5.0,1095.0,101.0,0
1.0,2446.0,154.0,80.0,1.0,775.0,190.0,1
4.0,220.0,135.0,217.0,3.0,540.0,179.0,1
3.0,406.0,243.0,35.0,4.0,845.0,309.0,0
8.0,642.0,184.0,79.0,1.0,733.0,160.0,0
16.0,2231.0,146.0,135.0,4.0,360.0,77.0,0
0.0,3860.0,171.0,85.0,7.0,730.0,54.0,0
8.0,289.0,16.0,129.0,1.0,900.0,139.0,0
5.0,125.0,16.0,154.0,1.0,960.0,307.0,0
12.0,6947.0,252.0,214.0,5.0,795.0,48.0,1
17.0,2763.0,217.0,280.0,4.0,876.0,45.0,0
5.0,2172.0,277.0,16.0,1.0,1055.0,103.0,0
12.0,4620.0,127.0,261.0,1.0,1040.0,77.0,0
2.0,23.0,208.0,252.0,3.0,930.0,275.0,0
10.0,3258.0,223.0,80.0,5.0,1060.0,125.0,0
13.0,557.0,61.0,208.0,1.0,961.0,80.0,0
10.0,3006.0,243.0,154.0,4.0,675.0,45.0,0
1.0,1914.0,80.0,147.0,1.0,850.0,130.0,0
16.0,2475.0,285.0,135.0,4.0,570.0,140.0,0
15.0,215.0,217.0,44.0,4.0,815.0,85.0,0
5.0,2283.0,16.0,198.0,5.0,510.0,108.0,0
6.0,5159.0,16.0,69.0,6.0,1231.0,80.0,1
10.0,4436.0,78.0,148.0,3.0,595.0,65.0,0
6.0,7109.0,132.0,134.0,6.0,675.0,106.0,0
15.0,1133.0,170.0,75.0,3.0,640.0,70.0,0
17.0,2862.0,103.0,217.0,7.0,1075.0,63.0,0
1.0,28.0,128.0,253.0,3.0,830.0,310.0,0
0.0,4026.0,209.0,85.0,3.0,360.0,125.0,1
10.0,3386.0,56.0,80.0,5.0,975.0,130.0,0
1.0,1660.0,80.0,139.0,7.0,455.0,120.0,0
12.0,4675.0,261.0,44.0,5.0,915.0,115.0,1
15.0,1569.0,268.0,217.0,4.0,735.0,215.0,1
9.0,391.0,143.0,128.0,4.0,1221.0,49.0,0
15.0,3150.0,45.0,173.0,3.0,790.0,145.0,1
10.0,3396.0,170.0,80.0,5.0,430.0,75.0,0
14.0,1915.0,60.0,233.0,3.0,1080.0,49.0,1
4.0,1676.0,135.0,216.0,4.0,970.0,184.0,0
10.0,3772.0,208.0,261.0,1.0,505.0,215.0,1
16.0,5892.0,208.0,132.0,3.0,1144.0,99.0,1
5.0,2514.0,85.0,119.0,7.0,610.0,59.0,0
13.0,219.0,173.0,134.0,1.0,719.0,131.0,1
0.0,3951.0,184.0,177.0,1.0,1000.0,127.0,1
1.0,545.0,80.0,135.0,1.0,1085.0,65.0,1
14.0,750.0,183.0,216.0,6.0,820.0,173.0,0
5.0,1480.0,253.0,16.0,7.0,435.0,269.0,0
1.0,455.0,208.0,154.0,3.0,905.0,265.0,1
14.0,1454.0,198.0,216.0,3.0,900.0,166.0,0
8.0,1742.0,221.0,173.0,1.0,700.0,139.0,0
14.0,859.0,173.0,78.0,1.0,945.0,122.0,0
12.0,6541.0,79.0,29.0,1.0,617.0,95.0,1
1.0,408.0,208.0,216.0,7.0,1130.0,115.0,1
15.0,2239.0,228.0,175.0,6.0,990.0,165.0,1
6.0,5117.0,16.0,101.0,5.0,525.0,85.0,0
16.0,5933.0,162.0,208.0,3.0,634.0,109.0,1
14.0,755.0,216.0,183.0,5.0,1070.0,179.0,1
3.0,6.0,148.0,43.0,6.0,953.0,95.0,0
15.0,2393.0,216.0,233.0,6.0,920.0,85.0,1
11.0,6409.0,96.0,71.0,5.0,1056.0,139.0,0
12.0,6673.0,194.0,253.0,5.0,561.0,44.0,1
1.0,1825.0,78.0,208.0,5.0,860.0,125.0,0
3.0,1256.0,134.0,35.0,4.0,660.0,85.0,0
12.0,6926.0,79.0,16.0,4.0,1064.0,164.0,0
8.0,667.0,16.0,130.0,1.0,615.0,143.0,0
16.0,2768.0,58.0,12.0,4.0,755.0,73.0,0
10.0,2821.0,80.0,266.0,4.0,610.0,50.0,1
3.0,194.0,153.0,148.0,5.0,840.0,293.0,0
6.0,5494.0,16.0,279.0,7.0,815.0,129.0,1
15.0,882.0,147.0,104.0,7.0,1060.0,70.0,1
16.0,2881.0,135.0,33.0,5.0,765.0,108.0,1
12.0,6640.0,24.0,253.0,5.0,431.0,79.0,1
10.0,4180.0,208.0,60.0,6.0,685.0,115.0,0
6.0,5270.0,16.0,215.0,5.0,1007.0,93.0,0
15.0,682.0,79.0,217.0,3.0,475.0,125.0,0
0.0,3748.0,177.0,108.0,4.0,565.0,79.0,1
10.0,4584.0,159.0,60.0,5.0,1185.0,130.0,0
12.0,6617.0,204.0,79.0,5.0,585.0,106.0,0
10.0,3310.0,80.0,56.0,6.0,830.0,120.0,0
13.0,163.0,35.0,154.0,5.0,404.0,396.0,0
15.0,142.0,45.0,147.0,3.0,1145.0,125.0,1
6.0,4960.0,35.0,71.0,7.0,773.0,144.0,0
13.0,690.0,208.0,159.0,5.0,1020.0,136.0,0
12.0,4640.0,197.0,230.0,7.0,875.0,96.0,1
5.0,268.0,183.0,148.0,7.0,885.0,190.0,0
15.0,1047.0,175.0,153.0,3.0,1095.0,250.0,1
16.0,2707.0,162.0,135.0,3.0,1095.0,82.0,0
6.0,5528.0,16.0,200.0,3.0,1231.0,73.0,1
14.0,450.0,217.0,261.0,4.0,880.0,97.0,1
5.0,674.0,269.0,16.0,1.0,952.0,253.0,0
17.0,2932.0,217.0,18.0,4.0,600.0,145.0,0
10.0,3450.0,290.0,80.0,4.0,360.0,70.0,1
1.0,524.0,80.0,85.0,5.0,885.0,155.0,0
1.0,18.0,253.0,148.0,6.0,1380.0,329.0,0
4.0,1690.0,135.0,183.0,5.0,600.0,144.0,1
15.0,1767.0,75.0,268.0,7.0,655.0,95.0,0
3.0,1019.0,35.0,148.0,3.0,700.0,68.0,1
0.0,3999.0,215.0,16.0,4.0,475.0,132.0,1
6.0,4998.0,290.0,16.0,7.0,360.0,119.0,1
4.0,347.0,208.0,135.0,7.0,485.0,163.0,0
10.0,4291.0,139.0,208.0,7.0,1145.0,80.0,0
10.0,4121.0,208.0,278.0,1.0,785.0,115.0,0
5.0,1904.0,104.0,85.0,3.0,470.0,185.0,1
0.0,4255.0,197.0,281.0,1.0,605.0,86.0,0
2.0,691.0,111.0,252.0,5.0,825.0,62.0,0
8.0,473.0,45.0,16.0,4.0,450.0,130.0,0
1.0,533.0,135.0,80.0,3.0,1205.0,75.0,0
3.0,407.0,35.0,217.0,1.0,460.0,347.0,1
1.0,1386.0,208.0,197.0,6.0,1170.0,95.0,1
5.0,2055.0,261.0,16.0,3.0,50.0,210.0,0
4.0,1479.0,135.0,244.0,7.0,1275.0,59.0,1
1.0,118.0,154.0,148.0,6.0,435.0,325.0,0
1.0,2256.0,264.0,80.0,4.0,800.0,170.0,0
17.0,2906.0,114.0,217.0,5.0,932.0,128.0,0
5.0,2739.0,78.0,16.0,4.0,479.0,127.0,0
13.0,441.0,45.0,79.0,1.0,581.0,244.0,0
10.0,4217.0,204.0,208.0,5.0,690.0,125.0,0
15.0,3932.0,44.0,202.0,1.0,1010.0,70.0,0
17.0,2931.0,244.0,217.0,4.0,360.0,146.0,0
5.0,680.0,16.0,96.0,1.0,455.0,132.0,0
10.0,2825.0,80.0,279.0,3.0,455.0,60.0,0
10.0,2879.0,80.0,290.0,5.0,1170.0,70.0,0
13.0,241.0,208.0,252.0,5.0,717.0,275.0,0
15.0,288.0,2.0,252.0,4.0,1010.0,200.0,1
12.0,6512.0,154.0,65.0,5.0,455.0,126.0,0
14.0,1181.0,213.0,60.0,5.0,720.0,113.0,1
15.0,871.0,217.0,243.0,5.0,995.0,65.0,1
1.0,546.0,197.0,80.0,5.0,975.0,150.0,1
4.0,783.0,35.0,135.0,1.0,610.0,260.0,1
15.0,422.0,45.0,241.0,5.0,620.0,165.0,0
5.0,2635.0,139.0,16.0,4.0,485.0,108.0,0
1.0,863.0,80.0,183.0,7.0,470.0,165.0,0
16.0,2452.0,96.0,268.0,7.0,735.0,169.0,0
4.0,1166.0,208.0,96.0,3.0,630.0,133.0,0
10.0,4287.0,208.0,61.0,4.0,1095.0,75.0,0
16.0,2660.0,290.0,135.0,6.0,385.0,102.0,0
12.0,6908.0,253.0,236.0,6.0,627.0,53.0,0
8.0,934.0,16.0,147.0,6.0,1128.0,57.0,0
4.0,1614.0,135.0,178.0,5.0,520.0,74.0,0
12.0,6644.0,280.0,79.0,5.0,333.0,112.0,0
6.0,5479.0,158.0,16.0,5.0,360.0,120.0,0
12.0,7811.0,110.0,261.0,5.0,840.0,122.0,0
1.0,2248.0,80.0,78.0,4.0,746.0,165.0,0
13.0,82.0,128.0,154.0,1.0,829.0,331.0,0
3.0,115.0,148.0,198.0,6.0,1248.0,211.0,0
5.0,1238.0,18.0,16.0,7.0,785.0,132.0,0
15.0,1836.0,33.0,209.0,5.0,1205.0,95.0,0
14.0,74.0,216.0,252.0,3.0,1070.0,368.0,0
3.0,375.0,159.0,104.0,3.0,577.0,186.0,1
0.0,4242.0,177.0,190.0,6.0,875.0,75.0,1
10.0,3758.0,18.0,208.0,5.0,705.0,155.0,0
10.0,3342.0,80.0,68.0,1.0,735.0,80.0,0
6.0,5353.0,16.0,146.0,3.0,1154.0,90.0,0
15.0,3047.0,264.0,153.0,3.0,915.0,65.0,1
5.0,2126.0,104.0,16.0,4.0,685.0,115.0,0
4.0,1561.0,217.0,135.0,3.0,505.0,150.0,0
16.0,5921.0,12.0,208.0,7.0,1131.0,149.0,0
14.0,610.0,217.0,16.0,4.0,610.0,226.0,0
12.0,6669.0,124.0,79.0,3.0,471.0,50.0,0
14.0,256.0,264.0,217.0,6.0,765.0,76.0,0
3.0,425.0,35.0,213.0,3.0,1120.0,194.0,1
6.0,5421.0,16.0,115.0,7.0,655.0,77.0,0
3.0,72.0,173.0,148.0,3.0,581.0,139.0,0
0.0,4395.0,58.0,177.0,6.0,705.0,128.0,0
10.0,3730.0,96.0,208.0,5.0,1115.0,170.0,0
14.0,511.0,217.0,205.0,4.0,605.0,165.0,0
15.0,326.0,153.0,33.0,3.0,480.0,210.0,1
4.0,689.0,85.0,135.0,4.0,366.0,189.0,0
6.0,7133.0,208.0,245.0,7.0,1200.0,124.0,1
10.0,4248.0,84.0,208.0,4.0,1120.0,90.0,0
10.0,3288.0,80.0,254.0,4.0,560.0,75.0,0
10.0,4041.0,208.0,32.0,7.0,920.0,50.0,0
12.0,6672.0,265.0,208.0,3.0,1107.0,58.0,0
13.0,316.0,264.0,79.0,5.0,480.0,152.0,0
5.0,1378.0,159.0,35.0,5.0,630.0,72.0,0
6.0,5611.0,157.0,16.0,4.0,375.0,85.0,0
1.0,1241.0,221.0,80.0,5.0,415.0,205.0,0
6.0,7111.0,148.0,134.0,3.0,611.0,81.0,1
5.0,1554.0,154.0,16.0,5.0,860.0,261.0,0
16.0,2405.0,135.0,157.0,4.0,860.0,125.0,1
12.0,6973.0,111.0,252.0,4.0,530.0,72.0,1
13.0,763.0,79.0,243.0,6.0,695.0,149.0,0
0.0,3918.0,244.0,177.0,3.0,709.0,116.0,0
1.0,335.0,159.0,208.0,4.0,900.0,170.0,0
12.0,3044.0,184.0,84.0,7.0,1250.0,68.0,0
14.0,1630.0,60.0,159.0,6.0,1095.0,115.0,1
4.0,1059.0,78.0,135.0,6.0,825.0,204.0,0
3.0,1418.0,147.0,35.0,1.0,770.0,145.0,1
5.0,2783.0,22.0,16.0,7.0,628.0,157.0,0
2.0,4.0,252.0,78.0,7.0,520.0,298.0,0
6.0,5016.0,16.0,47.0,3.0,815.0,58.0,0
8.0,360.0,16.0,159.0,1.0,455.0,127.0,0
15.0,1160.0,75.0,170.0,6.0,580.0,70.0,0
1.0,1664.0,183.0,16.0,5.0,615.0,120.0,0
5.0,1770.0,261.0,197.0,3.0,1020.0,157.0,1
17.0,2724.0,18.0,60.0,4.0,710.0,151.0,0
11.0,6404.0,35.0,78.0,7.0,635.0,108.0,0
3.0,674.0,154.0,148.0,5.0,910.0,311.0,0
15.0,258.0,233.0,153.0,4.0,875.0,320.0,0
14.0,1809.0,221.0,60.0,3.0,550.0,98.0,1
1.0,1881.0,134.0,80.0,6.0,940.0,215.0,0
10.0,2826.0,47.0,80.0,7.0,1070.0,180.0,1
3.0,282.0,160.0,153.0,1.0,794.0,67.0,0
6.0,7397.0,52.0,16.0,4.0,885.0,56.0,0
15.0,2010.0,175.0,79.0,7.0,1045.0,165.0,1
13.0,466.0,253.0,79.0,3.0,1053.0,147.0,0
10.0,3256.0,118.0,80.0,1.0,360.0,50.0,0
0.0,3886.0,84.0,16.0,6.0,330.0,135.0,1
5.0,1372.0,159.0,35.0,5.0,450.0,66.0,0
12.0,4473.0,261.0,2.0,5.0,910.0,100.0,1
4.0,35.0,135.0,18.0,4.0,925.0,52.0,0
15.0,223.0,175.0,277.0,7.0,455.0,165.0,0
5.0,1670.0,261.0,214.0,6.0,1220.0,123.0,0
13.0,105.0,128.0,79.0,6.0,1260.0,423.0,0
14.0,1186.0,60.0,45.0,3.0,985.0,86.0,1
3.0,1250.0,134.0,35.0,1.0,391.0,89.0,0
2.0,459.0,154.0,252.0,1.0,750.0,157.0,0
1.0,588.0,260.0,183.0,5.0,905.0,170.0,0
3.0,260.0,160.0,104.0,5.0,1285.0,276.0,0
14.0,1702.0,277.0,60.0,3.0,815.0,97.0,1
1.0,1518.0,252.0,80.0,1.0,655.0,235.0,1
6.0,5364.0,180.0,177.0,7.0,375.0,76.0,1
15.0,11.0,75.0,129.0,5.0,570.0,60.0,0
10.0,4068.0,208.0,195.0,7.0,1270.0,50.0,0
8.0,409.0,139.0,16.0,6.0,390.0,104.0,0
10.0,3691.0,58.0,183.0,5.0,1040.0,180.0,0
0.0,4104.0,177.0,233.0,5.0,860.0,117.0,1
9.0,113.0,128.0,161.0,4.0,376.0,35.0,0
15.0,343.0,253.0,154.0,4.0,510.0,80.0,0
0.0,3725.0,85.0,43.0,4.0,460.0,77.0,0
15.0,2507.0,268.0,129.0,6.0,650.0,130.0,1
16.0,2737.0,121.0,96.0,3.0,1052.0,117.0,0
13.0,304.0,173.0,134.0,5.0,993.0,132.0,0
14.0,1018.0,216.0,269.0,6.0,585.0,230.0,0
5.0,1909.0,16.0,74.0,1.0,580.0,92.0,1
3.0,142.0,213.0,148.0,7.0,605.0,149.0,0
4.0,1632.0,135.0,159.0,4.0,1060.0,200.0,1
5.0,2930.0,214.0,197.0,5.0,745.0,199.0,1
10.0,3365.0,155.0,80.0,7.0,630.0,65.0,0
12.0,6486.0,100.0,154.0,6.0,524.0,71.0,0
12.0,4674.0,44.0,261.0,5.0,995.0,108.0,1
3.0,611.0,148.0,147.0,5.0,480.0,154.0,0
2.0,520.0,252.0,44.0,7.0,940.0,144.0,1
12.0,6948.0,65.0,208.0,1.0,360.0,146.0,1
10.0,2875.0,80.0,290.0,5.0,1335.0,60.0,0
1.0,593.0,208.0,217.0,1.0,965.0,235.0,0
15.0,6.0,2.0,252.0,5.0,610.0,200.0,0
14.0,592.0,261.0,217.0,5.0,645.0,99.0,0
8.0,795.0,16.0,268.0,6.0,535.0,98.0,0
4.0,175.0,264.0,128.0,6.0,540.0,345.0,0
5.0,2597.0,234.0,16.0,7.0,340.0,109.0,0
14.0,1524.0,60.0,273.0,5.0,990.0,106.0,0
7.0,618.0,217.0,79.0,3.0,545.0,105.0,0
5.0,2960.0,183.0,16.0,6.0,390.0,127.0,0
13.0,467.0,79.0,258.0,7.0,1292.0,163.0,0
15.0,1306.0,2.0,153.0,3.0,785.0,95.0,0
11.0,6280.0,71.0,221.0,4.0,680.0,71.0,0
10.0,3676.0,183.0,61.0,1.0,685.0,160.0,0
15.0,2459.0,262.0,243.0,7.0,655.0,85.0,0
15.0,1235.0,154.0,202.0,1.0,1050.0,75.0,1
0.0,4360.0,164.0,197.0,4.0,400.0,82.0,0
5.0,2477.0,154.0,203.0,7.0,1062.0,352.0,0
1.0,1134.0,80.0,104.0,4.0,1200.0,155.0,0
3.0,4.0,148.0,43.0,6.0,565.0,87.0,0
14.0,1203.0,45.0,60.0,4.0,935.0,88.0,1
11.0,6718.0,174.0,71.0,3.0,420.0,105.0,0
4.0,788.0,135.0,85.0,7.0,610.0,160.0,0
11.0,6255.0,228.0,85.0,6.0,745.0,145.0,0
16.0,2252.0,234.0,58.0,6.0,406.0,82.0,1
4.0,1827.0,243.0,96.0,3.0,485.0,325.0,1
12.0,6645.0,191.0,253.0,5.0,1216.0,33.0,0
15.0,14.0,277.0,45.0,6.0,910.0,135.0,0
15.0,46.0,2.0,153.0,7.0,1200.0,95.0,1
14.0,542.0,258.0,217.0,6.0,380.0,113.0,0
1.0,573.0,18.0,154.0,6.0,460.0,195.0,0
4.0,1700.0,104.0,96.0,5.0,480.0,165.0,0
14.0,1849.0,216.0,197.0,1.0,1090.0,187.0,1
15.0,783.0,264.0,217.0,3.0,1045.0,75.0,1
2.0,191.0,14.0,98.0,7.0,1140.0,56.0,0
17.0,2719.0,217.0,246.0,6.0,673.0,97.0,0
1.0,336.0,208.0,159.0,7.0,1255.0,120.0,0
1.0,851.0,279.0,208.0,7.0,390.0,120.0,0
15.0,600.0,217.0,154.0,6.0,570.0,90.0,0
5.0,2987.0,173.0,261.0,4.0,1075.0,300.0,0
15.0,1071.0,264.0,258.0,4.0,925.0,75.0,0
17.0,2778.0,217.0,227.0,5.0,1095.0,92.0,0
4.0,319.0,277.0,96.0,6.0,515.0,155.0,1
15.0,1715.0,252.0,202.0,5.0,640.0,125.0,1
14.0,1245.0,216.0,277.0,1.0,1080.0,168.0,0
14.0,1190.0,60.0,221.0,4.0,1000.0,84.0,0
12.0,6255.0,253.0,44.0,5.0,440.0,69.0,0
15.0,184.0,104.0,216.0,3.0,1150.0,165.0,1
4.0,1083.0,35.0,135.0,4.0,800.0,262.0,1
15.0,2147.0,253.0,264.0,6.0,910.0,85.0,1
6.0,5027.0,187.0,16.0,5.0,360.0,130.0,0
5.0,1563.0,78.0,197.0,6.0,1122.0,176.0,0
1.0,736.0,80.0,159.0,6.0,850.0,195.0,0
10.0,2960.0,80.0,256.0,6.0,845.0,55.0,1
8.0,1460.0,173.0,175.0,6.0,980.0,160.0,0
5.0,1121.0,45.0,261.0,6.0,440.0,300.0,0
10.0,3695.0,148.0,209.0,3.0,1045.0,90.0,0
15.0,1012.0,279.0,75.0,6.0,1070.0,60.0,1
15.0,755.0,244.0,131.0,5.0,1080.0,55.0,0
3.0,661.0,273.0,173.0,3.0,420.0,178.0,0
6.0,5457.0,16.0,275.0,5.0,1047.0,63.0,0
10.0,2864.0,254.0,80.0,6.0,355.0,90.0,0
16.0,2220.0,256.0,135.0,3.0,420.0,62.0,0
12.0,4836.0,177.0,80.0,4.0,815.0,102.0,0
10.0,3131.0,154.0,258.0,5.0,1095.0,75.0,0
1.0,223.0,35.0,154.0,7.0,1130.0,395.0,0
15.0,3138.0,244.0,75.0,7.0,1205.0,55.0,0
15.0,3230.0,33.0,129.0,5.0,995.0,130.0,1
3.0,330.0,173.0,22.0,7.0,1215.0,149.0,0
3.0,734.0,260.0,35.0,7.0,825.0,249.0,1
15.0,1122.0,79.0,202.0,5.0,515.0,175.0,0
13.0,844.0,252.0,253.0,6.0,718.0,131.0,1
0.0,3719.0,195.0,85.0,6.0,830.0,88.0,1
5.0,2774.0,197.0,177.0,5.0,795.0,122.0,0
15.0,654.0,61.0,217.0,5.0,680.0,270.0,0
12.0,6462.0,154.0,262.0,7.0,1353.0,79.0,1
12.0,4839.0,261.0,2.0,7.0,510.0,104.0,1
5.0,2447.0,159.0,16.0,5.0,960.0,162.0,0
1.0,2222.0,253.0,80.0,1.0,565.0,210.0,1
1.0,1843.0,35.0,208.0,1.0,360.0,175.0,0
12.0,7012.0,261.0,208.0,4.0,673.0,188.0,0
1.0,1263.0,183.0,135.0,5.0,455.0,175.0,0
5.0,2606.0,253.0,197.0,5.0,35.0,216.0,0
5.0,1377.0,35.0,159.0,3.0,510.0,82.0,0
10.0,2946.0,156.0,80.0,5.0,435.0,80.0,0
11.0,6271.0,71.0,94.0,3.0,1240.0,61.0,1
4.0,303.0,96.0,135.0,5.0,645.0,240.0,1
5.0,2202.0,153.0,16.0,3.0,896.0,232.0,0
1.0,239.0,260.0,154.0,6.0,695.0,480.0,0
13.0,587.0,253.0,264.0,3.0,1087.0,93.0,0
11.0,6444.0,19.0,85.0,6.0,750.0,110.0,0
12.0,6572.0,154.0,153.0,3.0,960.0,80.0,0
15.0,3311.0,79.0,33.0,3.0,890.0,145.0,1
7.0,794.0,214.0,79.0,5.0,515.0,143.0,0
12.0,6522.0,154.0,217.0,1.0,761.0,79.0,0
10.0,4321.0,208.0,204.0,3.0,865.0,135.0,1
12.0,6752.0,109.0,208.0,5.0,1202.0,63.0,0
13.0,690.0,208.0,159.0,7.0,1022.0,133.0,1
12.0,6609.0,208.0,152.0,7.0,958.0,49.0,1
17.0,2767.0,60.0,244.0,4.0,965.0,190.0,1
16.0,2289.0,135.0,91.0,4.0,1100.0,130.0,0
14.0,705.0,60.0,217.0,7.0,1069.0,275.0,1
10.0,4215.0,33.0,208.0,5.0,930.0,105.0,0
4.0,720.0,79.0,58.0,1.0,585.0,163.0,0
2.0,64.0,14.0,149.0,5.0,695.0,102.0,0
1.0,239.0,260.0,154.0,7.0,695.0,480.0,1
15.0,3089.0,129.0,75.0,6.0,1020.0,55.0,0
12.0,7790.0,261.0,271.0,4.0,823.0,71.0,0
10.0,4239.0,208.0,223.0,7.0,820.0,135.0,1
5.0,1769.0,16.0,173.0,7.0,420.0,82.0,0
1.0,1943.0,253.0,154.0,6.0,1150.0,80.0,1
15.0,1466.0,27.0,277.0,7.0,1055.0,80.0,0
7.0,320.0,184.0,78.0,6.0,495.0,110.0,0
15.0,3074.0,173.0,241.0,5.0,1050.0,50.0,0
11.0,6402.0,148.0,35.0,7.0,495.0,88.0,0
8.0,484.0,173.0,45.0,6.0,755.0,121.0,0
14.0,1576.0,60.0,96.0,6.0,680.0,106.0,0
5.0,72.0,16.0,148.0,6.0,745.0,145.0,0
5.0,2147.0,182.0,16.0,1.0,420.0,184.0,0
15.0,46.0,68.0,129.0,3.0,975.0,50.0,0
15.0,160.0,104.0,79.0,7.0,510.0,280.0,1
10.0,3221.0,184.0,80.0,3.0,925.0,165.0,0
15.0,1181.0,268.0,129.0,1.0,635.0,130.0,0
15.0,1381.0,172.0,75.0,5.0,945.0,95.0,1
7.0,232.0,79.0,33.0,6.0,630.0,150.0,0
7.0,533.0,79.0,175.0,7.0,510.0,138.0,0
12.0,6490.0,154.0,236.0,3.0,780.0,85.0,1
13.0,257.0,172.0,208.0,6.0,345.0,89.0,1
0.0,3707.0,285.0,177.0,3.0,1065.0,84.0,0
17.0,2972.0,153.0,253.0,4.0,905.0,92.0,0
12.0,6756.0,253.0,262.0,3.0,1386.0,47.0,0
15.0,2453.0,207.0,217.0,7.0,800.0,65.0,1
10.0,3815.0,208.0,79.0,3.0,485.0,160.0,0
15.0,738.0,205.0,79.0,4.0,1155.0,100.0,0
3.0,24.0,277.0,148.0,4.0,691.0,153.0,1
14.0,156.0,202.0,217.0,4.0,555.0,112.0,0
4.0,1512.0,258.0,135.0,7.0,740.0,220.0,1
5.0,2781.0,139.0,197.0,4.0,730.0,116.0,0
1.0,879.0,80.0,2.0,3.0,545.0,110.0,0
2.0,453.0,154.0,252.0,1.0,645.0,162.0,0
17.0,2734.0,217.0,160.0,6.0,1083.0,81.0,0
4.0,41.0,96.0,154.0,3.0,915.0,370.0,1
13.0,838.0,253.0,80.0,3.0,650.0,212.0,0
5.0,1597.0,216.0,197.0,3.0,370.0,180.0,0
3.0,440.0,173.0,35.0,7.0,1145.0,165.0,1
12.0,3074.0,205.0,184.0,5.0,957.0,81.0,1
1.0,1201.0,264.0,208.0,4.0,495.0,235.0,0
0.0,3914.0,139.0,85.0,5.0,900.0,83.0,0
11.0,6588.0,85.0,47.0,6.0,615.0,116.0,1
16.0,2051.0,216.0,58.0,4.0,575.0,90.0,0
8.0,604.0,241.0,45.0,4.0,1113.0,137.0,0
12.0,4563.0,261.0,196.0,5.0,1188.0,90.0,0
16.0,2760.0,135.0,197.0,1.0,810.0,159.0,0
3.0,332.0,173.0,22.0,3.0,765.0,155.0,1
15.0,1380.0,43.0,173.0,6.0,405.0,170.0,0
12.0,6742.0,15.0,79.0,3.0,500.0,55.0,0
14.0,1492.0,60.0,43.0,4.0,990.0,106.0,1
12.0,6703.0,16.0,208.0,3.0,420.0,117.0,0
10.0,3221.0,184.0,80.0,6.0,925.0,165.0,1
12.0,6423.0,214.0,252.0,1.0,1050.0,52.0,0
1.0,1885.0,80.0,100.0,1.0,660.0,215.0,0
8.0,1430.0,35.0,215.0,5.0,1190.0,101.0,0
12.0,4608.0,80.0,261.0,5.0,760.0,168.0,1
12.0,4752.0,261.0,93.0,7.0,1296.0,108.0,0
15.0,616.0,75.0,91.0,5.0,1145.0,105.0,1
12.0,4484.0,154.0,243.0,7.0,1290.0,46.0,1
10.0,3690.0,183.0,58.0,4.0,1200.0,175.0,0
1.0,1472.0,80.0,16.0,6.0,700.0,125.0,0
15.0,2982.0,45.0,268.0,4.0,1000.0,145.0,1
16.0,2276.0,135.0,71.0,1.0,1010.0,135.0,0
1.0,277.0,183.0,154.0,7.0,945.0,350.0,0
5.0,1699.0,221.0,16.0,3.0,802.0,123.0,0
14.0,660.0,205.0,217.0,5.0,885.0,171.0,0
11.0,6403.0,148.0,268.0,5.0,1195.0,175.0,1
15.0,1622.0,79.0,111.0,7.0,515.0,150.0,0
13.0,237.0,221.0,253.0,7.0,392.0,353.0,0
2.0,482.0,252.0,243.0,3.0,940.0,160.0,0
12.0,7049.0,252.0,214.0,4.0,360.0,48.0,0
1.0,672.0,269.0,183.0,1.0,920.0,180.0,0
6.0,7065.0,134.0,76.0,1.0,1020.0,87.0,0
10.0,4289.0,52.0,208.0,3.0,1035.0,110.0,1
10.0,4338.0,208.0,85.0,1.0,940.0,80.0,0
1.0,832.0,80.0,172.0,6.0,670.0,90.0,0
9.0,188.0,128.0,150.0,4.0,884.0,44.0,1
15.0,2038.0,45.0,129.0,7.0,1060.0,220.0,1
4.0,1166.0,208.0,96.0,5.0,630.0,133.0,0
15.0,1214.0,173.0,61.0,6.0,620.0,135.0,0
5.0,1998.0,16.0,197.0,4.0,810.0,162.0,0
10.0,3667.0,183.0,285.0,3.0,695.0,130.0,0
15.0,1289.0,111.0,252.0,4.0,360.0,70.0,0
0.0,3918.0,244.0,177.0,6.0,709.0,116.0,1
4.0,1578.0,244.0,135.0,3.0,820.0,59.0,0
1.0,736.0,172.0,80.0,5.0,700.0,100.0,0
5.0,1975.0,197.0,16.0,1.0,610.0,150.0,1
16.0,5903.0,121.0,208.0,5.0,1068.0,124.0,0
3.0,636.0,253.0,35.0,4.0,1273.0,320.0,1
8.0,961.0,173.0,48.0,3.0,876.0,139.0,0
11.0,6573.0,71.0,208.0,4.0,980.0,82.0,0
12.0,6965.0,195.0,208.0,1.0,380.0,55.0,0
12.0,7772.0,261.0,255.0,7.0,660.0,83.0,1
15.0,1149.0,44.0,217.0,7.0,515.0,80.0,1
15.0,1381.0,175.0,172.0,3.0,825.0,90.0,1
14.0,2138.0,159.0,35.0,4.0,1080.0,75.0,0
6.0,5597.0,11.0,16.0,3.0,507.0,71.0,0
8.0,508.0,159.0,184.0,3.0,823.0,145.0,0
6.0,5228.0,19.0,16.0,4.0,415.0,69.0,0
0.0,3720.0,285.0,85.0,7.0,435.0,108.0,0
17.0,1025.0,150.0,128.0,7.0,845.0,40.0,0
8.0,715.0,48.0,159.0,4.0,390.0,98.0,0
16.0,2807.0,213.0,135.0,1.0,1060.0,165.0,0
13.0,895.0,134.0,208.0,4.0,600.0,139.0,0
15.0,1289.0,252.0,262.0,3.0,465.0,105.0,0
10.0,4108.0,208.0,147.0,5.0,480.0,145.0,0
13.0,212.0,111.0,79.0,7.0,816.0,129.0,0
15.0,326.0,154.0,153.0,4.0,395.0,60.0,0
4.0,1583.0,135.0,18.0,4.0,570.0,52.0,1
2.0,62.0,151.0,252.0,6.0,818.0,112.0,0
15.0,279.0,253.0,154.0,5.0,1175.0,75.0,1
9.0,556.0,128.0,203.0,3.0,1170.0,37.0,0
1.0,442.0,253.0,183.0,3.0,765.0,320.0,1
15.0,1618.0,18.0,75.0,5.0,765.0,55.0,0
14.0,1182.0,173.0,60.0,7.0,714.0,96.0,1
0.0,4245.0,175.0,85.0,4.0,840.0,87.0,0
6.0,5018.0,32.0,16.0,1.0,605.0,102.0,1
14.0,1696.0,135.0,60.0,1.0,430.0,144.0,0
15.0,1064.0,252.0,153.0,4.0,1175.0,145.0,1
15.0,1330.0,262.0,243.0,3.0,535.0,85.0,0
15.0,2097.0,154.0,172.0,3.0,745.0,190.0,1
1.0,2455.0,208.0,217.0,7.0,450.0,240.0,0
10.0,4668.0,16.0,159.0,7.0,690.0,135.0,0
11.0,6365.0,85.0,71.0,7.0,1165.0,81.0,0
1.0,543.0,208.0,227.0,1.0,600.0,265.0,0
3.0,609.0,229.0,148.0,7.0,860.0,82.0,0
10.0,4037.0,208.0,221.0,3.0,460.0,85.0,0
15.0,2160.0,209.0,175.0,6.0,610.0,135.0,1
3.0,1010.0,148.0,35.0,6.0,839.0,78.0,1
5.0,1297.0,148.0,16.0,5.0,360.0,168.0,0
16.0,2751.0,190.0,135.0,3.0,1075.0,90.0,0
12.0,6651.0,236.0,154.0,6.0,595.0,86.0,0
15.0,705.0,75.0,279.0,5.0,710.0,55.0,0
16.0,2024.0,135.0,41.0,4.0,1285.0,59.0,0
15.0,776.0,184.0,173.0,7.0,1135.0,165.0,0
5.0,1645.0,78.0,85.0,7.0,575.0,102.0,0
16.0,2067.0,96.0,147.0,6.0,960.0,145.0,0
15.0,1956.0,217.0,262.0,4.0,1245.0,120.0,0
14.0,1216.0,80.0,60.0,6.0,615.0,142.0,1
1.0,1720.0,252.0,80.0,4.0,505.0,230.0,0
14.0,1854.0,60.0,228.0,1.0,870.0,110.0,0
7.0,510.0,79.0,159.0,7.0,645.0,221.0,1
5.0,2968.0,252.0,16.0,3.0,445.0,285.0,1
0.0,3822.0,174.0,85.0,7.0,715.0,103.0,0
15.0,51.0,75.0,129.0,5.0,1140.0,65.0,1
14.0,1461.0,234.0,60.0,1.0,1074.0,81.0,1
12.0,6407.0,253.0,111.0,3.0,540.0,121.0,0
14.0,24.0,217.0,154.0,1.0,515.0,85.0,0
10.0,3294.0,146.0,80.0,6.0,870.0,95.0,0
1.0,1395.0,277.0,80.0,1.0,865.0,170.0,0
10.0,4335.0,208.0,119.0,6.0,510.0,55.0,0
6.0,5068.0,146.0,16.0,6.0,543.0,78.0,0
6.0,7096.0,35.0,134.0,7.0,1002.0,102.0,1
15.0,1265.0,251.0,175.0,4.0,470.0,75.0,0
12.0,6355.0,246.0,154.0,4.0,1034.0,46.0,0
15.0,468.0,34.0,236.0,4.0,555.0,65.0,0
16.0,2983.0,78.0,58.0,3.0,1110.0,75.0,0
3.0,363.0,159.0,213.0,3.0,465.0,168.0,0
15.0,2552.0,153.0,129.0,1.0,490.0,170.0,0
12.0,6518.0,136.0,208.0,5.0,640.0,109.0,1
4.0,57.0,96.0,173.0,1.0,870.0,174.0,1
4.0,193.0,173.0,96.0,7.0,395.0,150.0,1
16.0,5898.0,237.0,208.0,6.0,1044.0,116.0,0
15.0,2407.0,217.0,44.0,6.0,695.0,90.0,1
15.0,2254.0,202.0,79.0,5.0,1005.0,140.0,0
10.0,4381.0,148.0,35.0,7.0,520.0,70.0,0
11.0,6560.0,208.0,148.0,7.0,360.0,133.0,0
5.0,2421.0,197.0,154.0,3.0,1035.0,243.0,1
5.0,1160.0,261.0,139.0,3.0,1020.0,193.0,0
14.0,1057.0,60.0,213.0,1.0,1075.0,109.0,0
6.0,7111.0,148.0,134.0,7.0,611.0,81.0,0
1.0,1741.0,159.0,33.0,3.0,915.0,160.0,0
5.0,1871.0,261.0,217.0,1.0,520.0,102.0,0
15.0,1398.0,33.0,58.0,3.0,700.0,85.0,1
14.0,1433.0,35.0,60.0,7.0,375.0,152.0,0
6.0,5169.0,130.0,16.0,5.0,360.0,151.0,0
1.0,1897.0,96.0,80.0,4.0,1040.0,255.0,0
12.0,6322.0,154.0,243.0,1.0,512.0,47.0,0
15.0,1950.0,261.0,175.0,3.0,940.0,195.0,1
1.0,1183.0,80.0,204.0,4.0,1370.0,50.0,0
2.0,55.0,249.0,39.0,1.0,578.0,43.0,0
17.0,7248.0,42.0,208.0,6.0,750.0,156.0,1
4.0,1076.0,96.0,241.0,7.0,625.0,198.0,0
4.0,1544.0,135.0,58.0,4.0,625.0,158.0,1
14.0,365.0,217.0,262.0,7.0,650.0,123.0,0
15.0,514.0,153.0,261.0,3.0,780.0,75.0,0
1.0,2536.0,183.0,35.0,3.0,1045.0,190.0,1
15.0,249.0,258.0,154.0,5.0,390.0,75.0,1
12.0,4543.0,261.0,204.0,7.0,1200.0,135.0,0
1.0,661.0,177.0,80.0,7.0,1095.0,110.0,0
6.0,7397.0,52.0,16.0,6.0,885.0,56.0,0
12.0,6761.0,134.0,198.0,3.0,737.0,170.0,0
12.0,6622.0,114.0,79.0,6.0,977.0,57.0,0
15.0,3939.0,13.0,75.0,6.0,795.0,65.0,0
12.0,4531.0,102.0,261.0,6.0,370.0,97.0,0
0.0,3771.0,16.0,251.0,5.0,965.0,84.0,0
10.0,4585.0,159.0,60.0,7.0,810.0,120.0,1
14.0,1777.0,35.0,60.0,1.0,1015.0,145.0,1
13.0,646.0,208.0,96.0,3.0,792.0,141.0,0
1.0,1184.0,217.0,208.0,7.0,410.0,200.0,0
16.0,5977.0,238.0,208.0,6.0,605.0,121.0,1
4.0,183.0,35.0,135.0,3.0,1130.0,265.0,1
12.0,4625.0,261.0,280.0,6.0,1010.0,106.0,1
14.0,1737.0,78.0,60.0,5.0,730.0,85.0,0
6.0,5114.0,41.0,16.0,3.0,1091.0,99.0,1
13.0,778.0,22.0,134.0,6.0,599.0,92.0,0
1.0,635.0,183.0,80.0,4.0,560.0,195.0,0
16.0,2259.0,197.0,135.0,5.0,875.0,174.0,1
0.0,4081.0,148.0,233.0,6.0,565.0,130.0,1
16.0,5926.0,208.0,230.0,5.0,718.0,137.0,0
5.0,2425.0,45.0,16.0,4.0,1050.0,129.0,1
10.0,4373.0,62.0,208.0,4.0,555.0,55.0,1
16.0,3027.0,135.0,131.0,5.0,1100.0,65.0,0
1.0,201.0,148.0,154.0,1.0,390.0,385.0,0
6.0,5148.0,16.0,275.0,4.0,900.0,70.0,1
15.0,123.0,153.0,262.0,7.0,515.0,90.0,1
13.0,786.0,197.0,208.0,4.0,664.0,81.0,0
14.0,1883.0,147.0,60.0,1.0,835.0,77.0,0
12.0,6840.0,246.0,253.0,1.0,639.0,80.0,0
15.0,1003.0,129.0,2.0,4.0,1035.0,135.0,1
10.0,3376.0,80.0,195.0,5.0,1095.0,130.0,0
4.0,339.0,183.0,96.0,1.0,632.0,175.0,0
8.0,217.0,184.0,241.0,4.0,855.0,174.0,0
0.0,4013.0,78.0,71.0,7.0,810.0,100.0,1
6.0,5099.0,116.0,16.0,5.0,823.0,80.0,0
14.0,627.0,221.0,217.0,5.0,1050.0,281.0,1
14.0,186.0,217.0,243.0,4.0,1075.0,70.0,0
10.0,4163.0,85.0,208.0,5.0,940.0,85.0,0
0.0,3726.0,85.0,0.0,7.0,860.0,96.0,1
5.0,1054.0,197.0,16.0,5.0,1030.0,158.0,0
10.0,3325.0,84.0,80.0,3.0,360.0,130.0,0
3.0,917.0,148.0,208.0,1.0,990.0,170.0,0
1.0,1334.0,260.0,35.0,6.0,880.0,245.0,0
3.0,184.0,243.0,148.0,5.0,755.0,319.0,1
15.0,3658.0,258.0,44.0,3.0,845.0,60.0,0
10.0,4186.0,166.0,208.0,1.0,425.0,70.0,0
12.0,6737.0,79.0,100.0,7.0,1294.0,143.0,0
14.0,878.0,138.0,60.0,3.0,1079.0,64.0,0
4.0,1601.0,96.0,104.0,5.0,890.0,182.0,1
1.0,705.0,159.0,80.0,6.0,365.0,250.0,0
8.0,163.0,16.0,260.0,1.0,725.0,207.0,0
6.0,5039.0,16.0,146.0,5.0,570.0,85.0,1
5.0,1324.0,16.0,234.0,4.0,585.0,103.0,1
1.0,312.0,217.0,80.0,6.0,640.0,135.0,0
15.0,483.0,153.0,198.0,6.0,1115.0,195.0,0
16.0,2584.0,16.0,96.0,5.0,1020.0,137.0,0
4.0,559.0,135.0,264.0,1.0,560.0,218.0,1
1.0,2202.0,260.0,183.0,6.0,1055.0,175.0,0
14.0,2133.0,35.0,159.0,3.0,900.0,76.0,1
15.0,916.0,79.0,129.0,5.0,1210.0,140.0,0
17.0,2888.0,280.0,217.0,7.0,685.0,51.0,0
5.0,1484.0,85.0,96.0,3.0,1055.0,115.0,1
12.0,6453.0,154.0,217.0,7.0,1290.0,73.0,0
11.0,6515.0,147.0,159.0,5.0,995.0,147.0,0
7.0,799.0,76.0,79.0,4.0,970.0,184.0,0
1.0,1886.0,183.0,173.0,6.0,900.0,60.0,1
14.0,1608.0,173.0,216.0,5.0,1175.0,133.0,0
1.0,1716.0,80.0,45.0,4.0,840.0,165.0,0
14.0,1580.0,154.0,60.0,5.0,815.0,268.0,1
16.0,2872.0,13.0,135.0,4.0,470.0,96.0,0
3.0,204.0,160.0,148.0,7.0,556.0,314.0,0
10.0,3006.0,243.0,154.0,6.0,675.0,45.0,0
10.0,4616.0,233.0,159.0,7.0,490.0,90.0,0
9.0,208.0,128.0,150.0,6.0,656.0,43.0,0
6.0,4968.0,16.0,101.0,3.0,1310.0,76.0,1
15.0,222.0,243.0,217.0,4.0,1225.0,70.0,1
7.0,858.0,217.0,79.0,4.0,938.0,107.0,0
15.0,1069.0,61.0,173.0,1.0,785.0,135.0,1
17.0,2609.0,120.0,60.0,5.0,686.0,55.0,0
0.0,3885.0,106.0,85.0,6.0,807.0,47.0,0
5.0,1854.0,16.0,61.0,4.0,1146.0,102.0,0
12.0,6383.0,246.0,253.0,4.0,1176.0,80.0,1
4.0,796.0,153.0,135.0,4.0,1022.0,172.0,0
13.0,201.0,35.0,134.0,4.0,360.0,103.0,0
3.0,1260.0,134.0,35.0,7.0,775.0,86.0,0
1.0,1747.0,78.0,80.0,5.0,835.0,220.0,1
7.0,794.0,214.0,79.0,6.0,515.0,143.0,0
16.0,2183.0,139.0,135.0,5.0,555.0,159.0,0
15.0,3142.0,13.0,75.0,7.0,675.0,65.0,1
15.0,3408.0,202.0,44.0,1.0,875.0,65.0,1
4.0,1603.0,135.0,18.0,6.0,1075.0,48.0,1
2.0,45.0,14.0,23.0,3.0,1118.0,77.0,0
10.0,3643.0,147.0,183.0,5.0,715.0,80.0,0
13.0,712.0,154.0,253.0,5.0,1229.0,85.0,0
14.0,1011.0,60.0,213.0,3.0,465.0,110.0,0
15.0,654.0,61.0,217.0,7.0,680.0,270.0,1
15.0,996.0,129.0,131.0,3.0,1005.0,60.0,1
5.0,2967.0,16.0,243.0,4.0,660.0,294.0,0
10.0,3671.0,183.0,275.0,3.0,665.0,85.0,1
5.0,2941.0,16.0,244.0,3.0,825.0,164.0,0
6.0,5118.0,33.0,16.0,4.0,777.0,83.0,0
9.0,342.0,128.0,143.0,4.0,498.0,50.0,0
10.0,4190.0,61.0,208.0,4.0,670.0,85.0,0
4.0,1487.0,173.0,135.0,1.0,715.0,153.0,0
12.0,6350.0,207.0,253.0,6.0,835.0,85.0,0
12.0,6722.0,224.0,79.0,5.0,365.0,139.0,0
4.0,1573.0,18.0,135.0,7.0,420.0,55.0,0
15.0,668.0,18.0,129.0,3.0,1120.0,50.0,1
8.0,953.0,104.0,45.0,3.0,631.0,145.0,1
2.0,324.0,252.0,258.0,4.0,570.0,131.0,0
8.0,227.0,184.0,159.0,3.0,798.0,121.0,0
14.0,22.0,217.0,128.0,6.0,895.0,403.0,0
17.0,2827.0,217.0,280.0,5.0,1067.0,43.0,0
12.0,6564.0,65.0,79.0,1.0,389.0,49.0,0
15.0,2795.0,154.0,217.0,3.0,1220.0,75.0,1
12.0,6241.0,253.0,44.0,7.0,559.0,68.0,0
6.0,5032.0,16.0,70.0,3.0,790.0,43.0,1
5.0,2374.0,198.0,85.0,1.0,1058.0,151.0,0
5.0,2265.0,16.0,177.0,3.0,755.0,88.0,1
11.0,6585.0,85.0,134.0,3.0,1290.0,101.0,1
10.0,3291.0,284.0,80.0,4.0,1095.0,50.0,0
1.0,2001.0,80.0,204.0,5.0,1250.0,55.0,1
10.0,4145.0,61.0,148.0,6.0,725.0,110.0,1
5.0,2894.0,148.0,173.0,5.0,750.0,170.0,1
8.0,465.0,45.0,16.0,4.0,565.0,124.0,0
13.0,889.0,154.0,253.0,6.0,506.0,96.0,0
12.0,4444.0,261.0,230.0,5.0,590.0,98.0,1
13.0,319.0,134.0,154.0,5.0,504.0,347.0,1
17.0,7296.0,233.0,134.0,7.0,618.0,64.0,0
16.0,2915.0,238.0,58.0,3.0,865.0,64.0,0
15.0,3418.0,216.0,221.0,1.0,425.0,75.0,0
15.0,2788.0,154.0,153.0,3.0,1235.0,60.0,1
15.0,827.0,91.0,2.0,5.0,895.0,55.0,1
16.0,2266.0,16.0,58.0,4.0,892.0,102.0,0
12.0,4832.0,261.0,196.0,7.0,919.0,88.0,0
4.0,1830.0,135.0,213.0,3.0,1160.0,142.0,1
1.0,460.0,80.0,61.0,6.0,565.0,135.0,0
5.0,2052.0,198.0,16.0,6.0,375.0,95.0,0
12.0,4472.0,208.0,197.0,3.0,1080.0,85.0,1
12.0,6493.0,252.0,214.0,3.0,705.0,47.0,1
16.0,5943.0,208.0,218.0,5.0,1205.0,49.0,0
15.0,1440.0,202.0,243.0,3.0,1120.0,85.0,1
6.0,5463.0,16.0,288.0,6.0,506.0,80.0,1
15.0,244.0,175.0,154.0,1.0,880.0,280.0,1
12.0,6687.0,194.0,253.0,4.0,702.0,37.0,0
5.0,2001.0,16.0,147.0,5.0,1044.0,70.0,0
10.0,2967.0,80.0,41.0,5.0,845.0,80.0,0
1.0,1930.0,183.0,35.0,7.0,935.0,190.0,1
15.0,268.0,153.0,175.0,1.0,920.0,215.0,1
5.0,2403.0,85.0,104.0,6.0,620.0,191.0,1
10.0,3880.0,208.0,135.0,7.0,930.0,165.0,1
1.0,600.0,253.0,80.0,3.0,440.0,210.0,0
8.0,630.0,76.0,45.0,1.0,360.0,92.0,0
2.0,138.0,14.0,208.0,5.0,1405.0,345.0,1
17.0,2839.0,217.0,103.0,4.0,587.0,65.0,0
13.0,915.0,134.0,253.0,3.0,978.0,362.0,1
15.0,1985.0,173.0,221.0,6.0,795.0,135.0,0
5.0,1952.0,61.0,16.0,1.0,585.0,101.0,1
8.0,572.0,217.0,184.0,5.0,765.0,195.0,0
16.0,2506.0,33.0,135.0,4.0,440.0,136.0,0
4.0,1607.0,277.0,135.0,6.0,728.0,142.0,0
10.0,3299.0,80.0,170.0,5.0,1220.0,75.0,0
6.0,4953.0,16.0,41.0,3.0,1031.0,95.0,1
1.0,268.0,252.0,148.0,7.0,435.0,315.0,0
3.0,398.0,173.0,159.0,5.0,910.0,148.0,0
14.0,2020.0,78.0,35.0,4.0,390.0,79.0,0
1.0,1361.0,132.0,80.0,5.0,385.0,135.0,1
12.0,6316.0,253.0,153.0,7.0,959.0,99.0,1
2.0,92.0,14.0,252.0,3.0,870.0,202.0,0
13.0,617.0,208.0,264.0,1.0,939.0,275.0,1
13.0,745.0,159.0,79.0,3.0,888.0,276.0,1
6.0,5017.0,85.0,234.0,6.0,845.0,100.0,0
1.0,370.0,208.0,159.0,5.0,795.0,125.0,1
15.0,1685.0,214.0,258.0,1.0,1100.0,105.0,0
0.0,3986.0,197.0,139.0,1.0,800.0,111.0,0
15.0,1082.0,129.0,268.0,4.0,1130.0,115.0,1
4.0,1504.0,277.0,58.0,1.0,735.0,140.0,0
16.0,2612.0,135.0,71.0,1.0,475.0,135.0,0
13.0,600.0,208.0,78.0,5.0,365.0,111.0,1
5.0,2125.0,45.0,16.0,1.0,750.0,119.0,0
17.0,7290.0,177.0,208.0,1.0,636.0,107.0,1
15.0,2698.0,22.0,104.0,3.0,485.0,195.0,1
14.0,81.0,217.0,45.0,6.0,590.0,257.0,1
4.0,1689.0,135.0,243.0,6.0,1100.0,205.0,1
10.0,2768.0,121.0,80.0,5.0,1025.0,170.0,0
15.0,1746.0,45.0,58.0,5.0,500.0,75.0,0
5.0,242.0,183.0,85.0,6.0,807.0,188.0,1
15.0,34.0,75.0,162.0,4.0,955.0,60.0,1
1.0,1308.0,153.0,154.0,1.0,640.0,70.0,0
7.0,268.0,79.0,264.0,3.0,1085.0,143.0,0
15.0,2772.0,33.0,233.0,6.0,785.0,80.0,1
15.0,798.0,153.0,262.0,4.0,405.0,90.0,0
4.0,619.0,277.0,96.0,3.0,650.0,162.0,1
0.0,4286.0,85.0,119.0,1.0,525.0,64.0,1
12.0,7052.0,83.0,79.0,3.0,362.0,76.0,0
6.0,7079.0,134.0,85.0,6.0,738.0,94.0,1
10.0,2855.0,80.0,129.0,4.0,795.0,70.0,0
12.0,4505.0,261.0,99.0,3.0,1201.0,134.0,0
14.0,657.0,216.0,253.0,5.0,460.0,384.0,0
15.0,283.0,79.0,264.0,4.0,1245.0,150.0,0
1.0,1054.0,183.0,78.0,3.0,480.0,140.0,0
5.0,11.0,16.0,173.0,1.0,960.0,89.0,0
5.0,1151.0,197.0,253.0,1.0,855.0,250.0,0
1.0,1296.0,80.0,16.0,7.0,565.0,120.0,0
16.0,2468.0,68.0,135.0,1.0,565.0,59.0,0
1.0,517.0,80.0,258.0,5.0,450.0,230.0,1
14.0,1880.0,78.0,22.0,6.0,1030.0,70.0,0
13.0,557.0,208.0,16.0,7.0,808.0,115.0,1
15.0,242.0,221.0,153.0,1.0,950.0,310.0,0
1.0,562.0,268.0,183.0,6.0,1050.0,160.0,0
10.0,4141.0,208.0,172.0,1.0,1045.0,100.0,1
2.0,43.0,14.0,23.0,5.0,742.0,77.0,0
15.0,1244.0,45.0,182.0,3.0,1050.0,80.0,1
12.0,4742.0,230.0,197.0,7.0,940.0,92.0,0
14.0,959.0,60.0,104.0,4.0,1329.0,115.0,0
14.0,489.0,60.0,79.0,4.0,1095.0,235.0,0
15.0,404.0,184.0,277.0,4.0,925.0,170.0,1
16.0,5959.0,134.0,285.0,7.0,482.0,93.0,0
8.0,990.0,16.0,221.0,4.0,1040.0,97.0,0
0.0,4236.0,60.0,71.0,5.0,1065.0,99.0,1
4.0,1445.0,58.0,135.0,5.0,1255.0,184.0,0
16.0,2086.0,162.0,96.0,1.0,400.0,165.0,0
8.0,1204.0,241.0,175.0,6.0,665.0,180.0,0
10.0,4671.0,16.0,159.0,4.0,1125.0,145.0,0
13.0,179.0,35.0,253.0,6.0,1060.0,418.0,0
12.0,7036.0,208.0,177.0,4.0,1266.0,100.0,0
3.0,708.0,260.0,148.0,1.0,893.0,246.0,1
6.0,7136.0,159.0,134.0,3.0,608.0,85.0,0
16.0,2555.0,116.0,135.0,5.0,740.0,84.0,0
5.0,95.0,148.0,261.0,7.0,960.0,330.0,0
10.0,4061.0,208.0,254.0,3.0,1080.0,100.0,1
3.0,424.0,213.0,35.0,7.0,1202.0,170.0,0
15.0,1332.0,217.0,204.0,5.0,835.0,120.0,1
4.0,245.0,58.0,135.0,1.0,770.0,190.0,0
4.0,1679.0,135.0,244.0,7.0,505.0,52.0,0
15.0,837.0,262.0,243.0,5.0,1080.0,85.0,1
12.0,4871.0,29.0,261.0,7.0,400.0,121.0,0
14.0,1737.0,78.0,60.0,3.0,730.0,85.0,0
15.0,195.0,268.0,217.0,3.0,570.0,210.0,1
12.0,6554.0,79.0,99.0,3.0,810.0,107.0,1
3.0,65.0,238.0,148.0,7.0,939.0,81.0,0
5.0,2077.0,22.0,85.0,4.0,987.0,128.0,0
10.0,2852.0,254.0,80.0,4.0,460.0,95.0,0
5.0,1615.0,16.0,153.0,1.0,645.0,284.0,0
16.0,2158.0,61.0,96.0,5.0,530.0,90.0,0
15.0,1594.0,79.0,35.0,7.0,1020.0,225.0,1
12.0,7759.0,89.0,261.0,4.0,490.0,78.0,1
12.0,6560.0,79.0,111.0,3.0,914.0,146.0,1
13.0,342.0,243.0,79.0,1.0,688.0,142.0,0
12.0,6477.0,262.0,154.0,7.0,870.0,83.0,0
14.0,754.0,16.0,216.0,1.0,890.0,129.0,0
5.0,2344.0,153.0,71.0,1.0,10.0,215.0,0
15.0,2260.0,27.0,45.0,6.0,970.0,110.0,1
3.0,734.0,260.0,35.0,4.0,825.0,249.0,1
15.0,1185.0,79.0,45.0,4.0,995.0,200.0,1
14.0,1807.0,221.0,216.0,5.0,425.0,81.0,0
5.0,2669.0,78.0,173.0,1.0,660.0,136.0,0
1.0,1349.0,204.0,80.0,1.0,1100.0,60.0,0
6.0,7122.0,223.0,134.0,3.0,500.0,127.0,0
6.0,5095.0,33.0,16.0,7.0,860.0,71.0,0
10.0,3181.0,258.0,154.0,1.0,775.0,75.0,0
11.0,6264.0,22.0,71.0,4.0,345.0,133.0,0
6.0,5236.0,288.0,177.0,5.0,685.0,93.0,0
1.0,1394.0,80.0,104.0,6.0,540.0,155.0,0
3.0,466.0,241.0,35.0,5.0,943.0,177.0,0
15.0,2193.0,241.0,173.0,7.0,460.0,45.0,0
5.0,1140.0,16.0,139.0,5.0,1130.0,96.0,0
15.0,52.0,75.0,172.0,3.0,1225.0,85.0,1
12.0,6740.0,57.0,154.0,4.0,670.0,40.0,1
1.0,1114.0,183.0,159.0,1.0,405.0,170.0,1
15.0,1779.0,129.0,198.0,7.0,485.0,60.0,0
5.0,1053.0,16.0,209.0,3.0,991.0,96.0,0
16.0,2251.0,139.0,96.0,4.0,370.0,114.0,0
12.0,6407.0,100.0,253.0,4.0,345.0,45.0,0
12.0,6249.0,154.0,100.0,7.0,1152.0,67.0,1
15.0,784.0,154.0,2.0,4.0,910.0,105.0,0
15.0,862.0,173.0,141.0,5.0,950.0,145.0,1
15.0,2019.0,217.0,261.0,6.0,1020.0,95.0,0
17.0,2779.0,217.0,194.0,3.0,1258.0,174.0,0
14.0,1628.0,173.0,216.0,6.0,375.0,143.0,0
5.0,2021.0,85.0,217.0,1.0,940.0,270.0,0
4.0,677.0,216.0,135.0,5.0,742.0,218.0,1
5.0,2977.0,208.0,16.0,4.0,615.0,120.0,1
15.0,763.0,173.0,217.0,1.0,755.0,300.0,0
10.0,3033.0,154.0,246.0,3.0,630.0,40.0,1
15.0,2795.0,154.0,217.0,5.0,1220.0,75.0,1
15.0,1112.0,252.0,261.0,3.0,1095.0,110.0,1
15.0,872.0,153.0,264.0,1.0,610.0,65.0,0
12.0,6429.0,253.0,153.0,4.0,511.0,94.0,0
4.0,1576.0,258.0,135.0,1.0,375.0,228.0,0
15.0,892.0,27.0,45.0,4.0,420.0,110.0,0
12.0,6379.0,248.0,154.0,5.0,557.0,62.0,1
5.0,1064.0,139.0,16.0,7.0,1105.0,100.0,1
14.0,654.0,148.0,217.0,5.0,390.0,349.0,1
1.0,1116.0,252.0,80.0,1.0,930.0,225.0,0
11.0,6292.0,78.0,148.0,6.0,660.0,75.0,0
5.0,2411.0,16.0,80.0,4.0,655.0,158.0,0
10.0,3621.0,183.0,209.0,7.0,665.0,135.0,0
14.0,1489.0,35.0,60.0,3.0,1145.0,147.0,1
4.0,383.0,35.0,135.0,7.0,990.0,267.0,0
12.0,7035.0,154.0,214.0,7.0,750.0,141.0,0
16.0,3088.0,135.0,172.0,5.0,580.0,112.0,0
4.0,166.0,252.0,135.0,4.0,495.0,247.0,0
17.0,7246.0,208.0,17.0,6.0,1220.0,50.0,1
5.0,2094.0,186.0,16.0,4.0,420.0,113.0,0
10.0,3307.0,80.0,68.0,6.0,390.0,80.0,1
0.0,3835.0,159.0,245.0,6.0,540.0,165.0,0
5.0,684.0,18.0,16.0,1.0,340.0,134.0,0
15.0,647.0,2.0,154.0,1.0,820.0,125.0,1
15.0,1230.0,175.0,268.0,6.0,985.0,65.0,1
15.0,244.0,154.0,253.0,3.0,1070.0,75.0,1
7.0,799.0,79.0,214.0,5.0,1090.0,165.0,1
12.0,6493.0,214.0,163.0,3.0,980.0,65.0,0
5.0,1489.0,184.0,16.0,1.0,740.0,125.0,1
15.0,400.0,175.0,205.0,5.0,1240.0,90.0,1
16.0,2451.0,268.0,96.0,4.0,875.0,149.0,1
16.0,2699.0,96.0,45.0,1.0,910.0,62.0,1
16.0,5979.0,208.0,107.0,3.0,762.0,96.0,1
16.0,2492.0,135.0,233.0,3.0,955.0,148.0,0
6.0,5382.0,85.0,278.0,4.0,1195.0,100.0,1
15.0,817.0,175.0,85.0,5.0,985.0,80.0,1
14.0,2172.0,78.0,159.0,7.0,780.0,85.0,0
6.0,5491.0,201.0,16.0,1.0,360.0,98.0,0
12.0,6847.0,246.0,253.0,4.0,1240.0,80.0,1
1.0,1811.0,183.0,135.0,5.0,1355.0,170.0,1
17.0,2605.0,60.0,233.0,1.0,464.0,57.0,0
12.0,6673.0,194.0,253.0,4.0,561.0,44.0,1
15.0,1336.0,91.0,129.0,6.0,920.0,105.0,1
4.0,174.0,128.0,264.0,3.0,840.0,335.0,0
0.0,3775.0,12.0,85.0,7.0,330.0,120.0,0
16.0,2882.0,135.0,33.0,7.0,1045.0,108.0,1
15.0,1613.0,33.0,244.0,6.0,875.0,150.0,0
10.0,2765.0,80.0,84.0,6.0,470.0,110.0,0
5.0,2640.0,153.0,261.0,1.0,995.0,77.0,0
17.0,2705.0,96.0,60.0,7.0,925.0,120.0,0
9.0,47.0,202.0,128.0,5.0,535.0,335.0,0
1.0,577.0,148.0,208.0,1.0,870.0,180.0,0
16.0,2884.0,135.0,75.0,5.0,930.0,58.0,0
10.0,4315.0,58.0,208.0,4.0,790.0,95.0,0
1.0,1499.0,277.0,80.0,3.0,715.0,175.0,0
5.0,2087.0,16.0,241.0,3.0,810.0,99.0,0
15.0,1600.0,45.0,27.0,4.0,1220.0,130.0,1
6.0,7361.0,16.0,71.0,4.0,1225.0,88.0,0
4.0,292.0,96.0,173.0,6.0,415.0,165.0,0
0.0,3709.0,85.0,117.0,7.0,1300.0,90.0,0
1.0,1584.0,153.0,80.0,3.0,360.0,160.0,0
14.0,1788.0,60.0,208.0,5.0,1345.0,123.0,0
5.0,1456.0,267.0,16.0,3.0,668.0,97.0,0
16.0,2119.0,58.0,172.0,1.0,525.0,128.0,0
16.0,2817.0,135.0,131.0,7.0,685.0,61.0,0
4.0,320.0,135.0,217.0,6.0,912.0,171.0,1
4.0,1134.0,80.0,96.0,3.0,636.0,204.0,1
10.0,2970.0,10.0,80.0,6.0,430.0,80.0,0
9.0,295.0,203.0,128.0,1.0,825.0,34.0,0
10.0,2878.0,114.0,80.0,1.0,395.0,135.0,0
12.0,4715.0,197.0,112.0,7.0,1305.0,75.0,1
10.0,4476.0,78.0,148.0,3.0,715.0,65.0,0
13.0,247.0,79.0,172.0,7.0,1064.0,103.0,0
0.0,3716.0,247.0,197.0,6.0,420.0,99.0,1
15.0,2065.0,279.0,268.0,7.0,485.0,70.0,0
12.0,4695.0,261.0,153.0,1.0,1005.0,81.0,1
17.0,7242.0,208.0,247.0,7.0,1315.0,41.0,0
14.0,1105.0,60.0,80.0,1.0,1090.0,182.0,0
5.0,2717.0,177.0,154.0,5.0,825.0,257.0,0
11.0,6277.0,78.0,61.0,7.0,897.0,98.0,0
8.0,1467.0,175.0,173.0,3.0,984.0,158.0,1
2.0,366.0,252.0,262.0,5.0,405.0,106.0,0
15.0,1767.0,268.0,173.0,7.0,785.0,140.0,0
3.0,405.0,35.0,243.0,1.0,590.0,378.0,1
15.0,506.0,264.0,258.0,5.0,1110.0,75.0,1
6.0,5537.0,16.0,268.0,6.0,1048.0,106.0,0
5.0,45.0,71.0,16.0,7.0,740.0,99.0,0
15.0,145.0,44.0,153.0,7.0,605.0,65.0,0
13.0,428.0,134.0,22.0,4.0,1325.0,88.0,0
5.0,1294.0,16.0,233.0,3.0,515.0,95.0,0
13.0,909.0,208.0,79.0,4.0,910.0,170.0,1
14.0,1687.0,60.0,104.0,4.0,1215.0,121.0,1
16.0,2668.0,47.0,135.0,1.0,850.0,157.0,1
1.0,1021.0,208.0,153.0,1.0,570.0,235.0,1
4.0,1701.0,96.0,104.0,3.0,410.0,178.0,1
16.0,2980.0,135.0,285.0,5.0,810.0,118.0,0
16.0,2950.0,135.0,197.0,6.0,839.0,154.0,0
15.0,607.0,153.0,253.0,7.0,1050.0,100.0,1
3.0,1007.0,35.0,148.0,4.0,552.0,70.0,1
16.0,2411.0,16.0,135.0,3.0,1270.0,139.0,0
13.0,473.0,45.0,208.0,6.0,984.0,133.0,0
4.0,426.0,135.0,45.0,4.0,1140.0,175.0,0
6.0,7302.0,132.0,177.0,7.0,1020.0,62.0,1
14.0,1997.0,208.0,60.0,6.0,360.0,118.0,0
0.0,4069.0,197.0,205.0,1.0,1030.0,75.0,1
5.0,2810.0,104.0,177.0,1.0,998.0,162.0,0
8.0,134.0,277.0,16.0,3.0,480.0,100.0,0
1.0,1918.0,208.0,96.0,3.0,1110.0,145.0,1
4.0,1706.0,18.0,135.0,1.0,952.0,68.0,1
8.0,240.0,234.0,16.0,5.0,1185.0,110.0,0
15.0,127.0,104.0,175.0,4.0,495.0,195.0,0
12.0,6753.0,57.0,154.0,3.0,1172.0,39.0,0
1.0,2495.0,80.0,154.0,5.0,1350.0,200.0,0
9.0,535.0,203.0,128.0,1.0,621.0,34.0,0
13.0,44.0,203.0,154.0,1.0,815.0,330.0,0
15.0,2032.0,253.0,264.0,1.0,770.0,85.0,1
5.0,2671.0,78.0,173.0,5.0,839.0,139.0,1
15.0,1252.0,244.0,79.0,3.0,1075.0,145.0,1
1.0,2334.0,80.0,208.0,6.0,630.0,135.0,1
1.0,1352.0,80.0,204.0,3.0,535.0,55.0,1
16.0,2391.0,96.0,76.0,7.0,981.0,119.0,1
1.0,902.0,183.0,80.0,4.0,810.0,195.0,1
10.0,4434.0,85.0,159.0,4.0,900.0,105.0,0
17.0,2827.0,217.0,280.0,3.0,1067.0,43.0,1
5.0,2915.0,16.0,217.0,6.0,520.0,268.0,0
6.0,5590.0,290.0,177.0,6.0,390.0,66.0,0
6.0,7080.0,134.0,85.0,7.0,1325.0,95.0,0
15.0,3144.0,175.0,2.0,1.0,1020.0,195.0,1
13.0,446.0,172.0,208.0,6.0,831.0,90.0,0
6.0,5019.0,16.0,70.0,5.0,590.0,53.0,0
8.0,933.0,147.0,16.0,5.0,642.0,73.0,0
5.0,2189.0,216.0,85.0,4.0,980.0,120.0,0
8.0,953.0,104.0,45.0,1.0,631.0,145.0,0
5.0,1732.0,213.0,16.0,7.0,812.0,113.0,0
5.0,1564.0,197.0,78.0,1.0,665.0,139.0,0
13.0,115.0,208.0,234.0,7.0,1265.0,113.0,0
1.0,2088.0,183.0,159.0,3.0,660.0,180.0,1
14.0,612.0,214.0,217.0,1.0,525.0,148.0,0
1.0,1259.0,18.0,80.0,4.0,630.0,70.0,0
13.0,263.0,198.0,154.0,5.0,1159.0,264.0,0
15.0,1334.0,175.0,262.0,7.0,530.0,285.0,1
12.0,6243.0,244.0,154.0,1.0,389.0,201.0,0
1.0,1915.0,80.0,261.0,7.0,735.0,175.0,1
1.0,627.0,35.0,183.0,1.0,550.0,210.0,0
16.0,2668.0,47.0,135.0,6.0,850.0,155.0,0
11.0,6271.0,148.0,35.0,6.0,910.0,102.0,1
15.0,56.0,129.0,75.0,4.0,1200.0,55.0,1
2.0,26.0,252.0,208.0,7.0,1075.0,234.0,0
12.0,4724.0,160.0,261.0,6.0,1101.0,99.0,1
1.0,1123.0,80.0,217.0,4.0,435.0,165.0,1
15.0,1303.0,104.0,175.0,6.0,1060.0,200.0,1
1.0,1223.0,104.0,80.0,5.0,645.0,195.0,0
0.0,3946.0,177.0,223.0,4.0,570.0,86.0,0
1.0,1065.0,80.0,258.0,3.0,1270.0,225.0,1
12.0,6506.0,154.0,34.0,1.0,509.0,119.0,1
16.0,2981.0,41.0,135.0,1.0,730.0,64.0,0
11.0,6612.0,273.0,148.0,1.0,1045.0,102.0,1
12.0,6843.0,72.0,208.0,5.0,404.0,68.0,0
5.0,2438.0,16.0,78.0,5.0,680.0,107.0,0
10.0,4205.0,208.0,22.0,7.0,1240.0,130.0,0
15.0,4.0,217.0,253.0,1.0,680.0,140.0,1
6.0,5256.0,278.0,85.0,6.0,450.0,115.0,0
12.0,4517.0,28.0,261.0,1.0,465.0,83.0,0
10.0,3033.0,154.0,246.0,5.0,630.0,40.0,0
3.0,611.0,148.0,147.0,7.0,480.0,154.0,0
10.0,3312.0,266.0,80.0,7.0,575.0,45.0,0
5.0,1430.0,184.0,85.0,3.0,840.0,82.0,0
12.0,6747.0,262.0,253.0,6.0,667.0,48.0,1
15.0,35.0,75.0,129.0,1.0,900.0,65.0,1
13.0,130.0,154.0,216.0,5.0,550.0,319.0,0
8.0,161.0,16.0,260.0,5.0,555.0,209.0,0
5.0,2666.0,173.0,78.0,6.0,480.0,119.0,0
12.0,4711.0,197.0,290.0,6.0,935.0,109.0,0
12.0,6695.0,91.0,79.0,5.0,741.0,108.0,1
12.0,6997.0,184.0,208.0,5.0,360.0,44.0,0
16.0,2324.0,58.0,12.0,5.0,1140.0,74.0,1
13.0,362.0,79.0,107.0,6.0,607.0,98.0,0
15.0,2353.0,173.0,61.0,7.0,1155.0,135.0,0
6.0,5279.0,172.0,85.0,3.0,616.0,118.0,0
3.0,326.0,104.0,22.0,6.0,1123.0,172.0,0
6.0,5295.0,16.0,287.0,4.0,986.0,64.0,0
12.0,6520.0,171.0,208.0,3.0,932.0,72.0,0
8.0,178.0,241.0,16.0,6.0,450.0,108.0,0
5.0,2412.0,177.0,183.0,7.0,565.0,142.0,0
1.0,1267.0,173.0,183.0,7.0,875.0,65.0,1
15.0,249.0,162.0,268.0,3.0,975.0,70.0,0
1.0,1575.0,80.0,253.0,5.0,1285.0,235.0,0
12.0,6653.0,191.0,253.0,6.0,932.0,33.0,1
5.0,2092.0,277.0,85.0,5.0,1082.0,157.0,0
5.0,2015.0,134.0,16.0,6.0,970.0,124.0,0
3.0,464.0,241.0,35.0,4.0,779.0,178.0,1
13.0,795.0,277.0,134.0,7.0,1135.0,135.0,0
12.0,6977.0,33.0,208.0,1.0,880.0,105.0,0
12.0,6443.0,204.0,154.0,4.0,658.0,192.0,0
15.0,160.0,262.0,207.0,1.0,835.0,75.0,1
15.0,36.0,75.0,170.0,4.0,990.0,70.0,0
1.0,1321.0,134.0,183.0,7.0,1015.0,170.0,1
10.0,3399.0,80.0,157.0,6.0,790.0,125.0,0
12.0,6643.0,230.0,79.0,6.0,875.0,77.0,0
14.0,2036.0,78.0,35.0,5.0,870.0,85.0,0
13.0,322.0,253.0,252.0,3.0,636.0,134.0,0
1.0,1736.0,260.0,183.0,7.0,1285.0,160.0,1
5.0,1407.0,177.0,198.0,1.0,875.0,81.0,0
11.0,6469.0,132.0,16.0,4.0,440.0,67.0,0
6.0,7099.0,208.0,71.0,5.0,415.0,68.0,0
13.0,630.0,79.0,153.0,4.0,1074.0,122.0,1
5.0,2461.0,216.0,16.0,6.0,765.0,140.0,1
5.0,1897.0,197.0,244.0,7.0,1050.0,183.0,0
2.0,462.0,252.0,154.0,5.0,720.0,148.0,1
3.0,75.0,273.0,148.0,7.0,1013.0,85.0,0
5.0,1599.0,16.0,221.0,5.0,1319.0,107.0,1
10.0,2803.0,80.0,254.0,1.0,670.0,75.0,0
14.0,1636.0,60.0,233.0,5.0,682.0,48.0,1
6.0,5157.0,78.0,61.0,6.0,535.0,87.0,0
4.0,210.0,135.0,96.0,7.0,945.0,207.0,1
14.0,2041.0,35.0,78.0,7.0,960.0,92.0,0
12.0,4699.0,197.0,230.0,3.0,690.0,96.0,0
16.0,2405.0,135.0,157.0,7.0,860.0,125.0,0
3.0,677.0,148.0,154.0,4.0,1119.0,376.0,0
1.0,1098.0,280.0,80.0,6.0,490.0,130.0,0
5.0,2486.0,16.0,159.0,3.0,940.0,134.0,0
13.0,975.0,134.0,253.0,3.0,1035.0,362.0,1
14.0,1159.0,78.0,173.0,5.0,515.0,147.0,0
8.0,75.0,16.0,104.0,5.0,1030.0,111.0,0
1.0,553.0,241.0,80.0,7.0,1145.0,175.0,0
11.0,6460.0,148.0,35.0,3.0,600.0,89.0,1
5.0,1212.0,154.0,197.0,7.0,380.0,220.0,0
0.0,3808.0,85.0,76.0,5.0,615.0,60.0,0
1.0,252.0,154.0,183.0,4.0,875.0,280.0,0
10.0,3358.0,290.0,80.0,4.0,480.0,75.0,0
0.0,3995.0,117.0,197.0,3.0,400.0,75.0,1
3.0,436.0,173.0,35.0,4.0,1250.0,159.0,1
15.0,1262.0,173.0,182.0,6.0,480.0,170.0,0
3.0,1009.0,35.0,148.0,6.0,885.0,80.0,1
15.0,1004.0,175.0,172.0,4.0,460.0,90.0,0
12.0,4721.0,204.0,261.0,5.0,1055.0,144.0,0
1.0,531.0,78.0,268.0,7.0,960.0,135.0,0
16.0,5975.0,208.0,84.0,3.0,402.0,72.0,1
8.0,215.0,184.0,241.0,1.0,566.0,174.0,0
15.0,1540.0,236.0,153.0,1.0,965.0,70.0,1
0.0,4305.0,54.0,16.0,7.0,1010.0,85.0,0
0.0,3749.0,130.0,16.0,4.0,915.0,162.0,0
2.0,327.0,258.0,252.0,7.0,945.0,123.0,0
5.0,2047.0,159.0,16.0,7.0,480.0,161.0,0
1.0,1624.0,154.0,208.0,1.0,885.0,245.0,0
3.0,350.0,44.0,148.0,1.0,430.0,314.0,0
16.0,2834.0,135.0,146.0,6.0,990.0,68.0,0
11.0,6321.0,148.0,78.0,4.0,820.0,100.0,0
14.0,1856.0,173.0,60.0,7.0,525.0,96.0,0
1.0,1033.0,183.0,208.0,5.0,965.0,210.0,0
12.0,4568.0,261.0,122.0,1.0,911.0,89.0,0
14.0,1813.0,60.0,277.0,1.0,465.0,100.0,0
15.0,694.0,262.0,243.0,1.0,415.0,85.0,0
1.0,327.0,159.0,208.0,3.0,725.0,165.0,0
0.0,3712.0,85.0,117.0,6.0,930.0,77.0,1
15.0,258.0,233.0,153.0,5.0,875.0,320.0,1
13.0,580.0,208.0,45.0,5.0,689.0,114.0,0
12.0,6645.0,191.0,253.0,7.0,1221.0,33.0,0
6.0,5253.0,16.0,288.0,5.0,1366.0,68.0,0
6.0,5399.0,16.0,84.0,7.0,498.0,136.0,1
0.0,3835.0,159.0,245.0,7.0,540.0,165.0,0
11.0,6302.0,71.0,35.0,5.0,450.0,130.0,0
4.0,427.0,243.0,96.0,1.0,790.0,307.0,1
5.0,127.0,148.0,253.0,5.0,915.0,408.0,0
1.0,1096.0,243.0,208.0,5.0,380.0,250.0,0
17.0,7296.0,134.0,22.0,3.0,750.0,74.0,0
15.0,723.0,45.0,233.0,5.0,1000.0,65.0,1
15.0,2313.0,228.0,216.0,6.0,610.0,80.0,0
3.0,740.0,225.0,148.0,4.0,363.0,237.0,0
10.0,4372.0,22.0,208.0,7.0,430.0,170.0,0
13.0,228.0,79.0,80.0,5.0,493.0,119.0,1
5.0,1196.0,203.0,154.0,6.0,826.0,314.0,0
16.0,2452.0,96.0,268.0,3.0,735.0,169.0,1
4.0,1800.0,104.0,96.0,1.0,1050.0,177.0,1
15.0,748.0,129.0,173.0,1.0,880.0,130.0,1
2.0,524.0,252.0,44.0,3.0,1167.0,147.0,0
1.0,1425.0,268.0,208.0,1.0,365.0,75.0,0
0.0,3879.0,16.0,109.0,4.0,788.0,95.0,1
15.0,1238.0,45.0,182.0,6.0,930.0,75.0,1
14.0,1543.0,159.0,60.0,5.0,885.0,126.0,0
16.0,2302.0,135.0,33.0,1.0,510.0,105.0,1
15.0,1424.0,253.0,243.0,3.0,425.0,85.0,0
15.0,3920.0,204.0,79.0,5.0,755.0,100.0,1
6.0,5521.0,16.0,10.0,7.0,810.0,104.0,0
8.0,818.0,35.0,45.0,3.0,1075.0,94.0,1
16.0,2349.0,184.0,135.0,7.0,435.0,184.0,0
5.0,1648.0,183.0,177.0,5.0,745.0,157.0,1
2.0,881.0,202.0,203.0,6.0,465.0,334.0,0
5.0,2899.0,197.0,217.0,5.0,1040.0,210.0,1
13.0,247.0,79.0,172.0,5.0,1072.0,103.0,0
15.0,41.0,129.0,216.0,1.0,1080.0,185.0,0
10.0,3214.0,259.0,80.0,1.0,545.0,60.0,0
10.0,3958.0,208.0,238.0,3.0,810.0,100.0,1
15.0,368.0,216.0,79.0,1.0,790.0,280.0,1
5.0,2135.0,221.0,16.0,6.0,465.0,133.0,0
14.0,1703.0,228.0,78.0,5.0,370.0,87.0,0
13.0,462.0,154.0,79.0,7.0,1193.0,135.0,1
4.0,551.0,233.0,135.0,4.0,1035.0,187.0,0
5.0,1918.0,197.0,22.0,4.0,840.0,157.0,0
1.0,1159.0,80.0,65.0,7.0,1090.0,115.0,0
14.0,2039.0,35.0,78.0,1.0,900.0,96.0,0
12.0,6737.0,79.0,100.0,4.0,1290.0,148.0,0
10.0,3343.0,68.0,80.0,1.0,845.0,80.0,0
8.0,806.0,35.0,45.0,7.0,390.0,90.0,1
5.0,1985.0,76.0,16.0,6.0,350.0,114.0,0
10.0,2778.0,285.0,80.0,7.0,500.0,160.0,0
14.0,221.0,217.0,35.0,3.0,805.0,287.0,1
5.0,2605.0,197.0,253.0,7.0,1045.0,245.0,1
5.0,650.0,175.0,16.0,7.0,570.0,111.0,0
13.0,745.0,79.0,214.0,7.0,1146.0,177.0,0
8.0,1584.0,16.0,30.0,4.0,970.0,110.0,0
8.0,892.0,154.0,184.0,6.0,720.0,240.0,0
12.0,3111.0,48.0,184.0,3.0,640.0,84.0,0
12.0,4632.0,261.0,196.0,3.0,669.0,91.0,0
13.0,426.0,208.0,238.0,6.0,870.0,100.0,0
14.0,706.0,208.0,216.0,5.0,840.0,122.0,1
4.0,1458.0,16.0,135.0,7.0,1145.0,135.0,1
12.0,4455.0,197.0,99.0,7.0,1320.0,65.0,1
13.0,781.0,79.0,154.0,3.0,830.0,152.0,1
5.0,1512.0,16.0,208.0,6.0,885.0,131.0,1
16.0,3079.0,58.0,268.0,6.0,1075.0,95.0,0
15.0,1308.0,129.0,268.0,3.0,930.0,115.0,1
0.0,4144.0,238.0,85.0,7.0,570.0,90.0,1
12.0,6627.0,79.0,227.0,4.0,915.0,134.0,0
6.0,5499.0,35.0,78.0,5.0,1055.0,110.0,0
8.0,1137.0,104.0,174.0,5.0,515.0,158.0,0
8.0,677.0,184.0,173.0,5.0,977.0,164.0,1
5.0,1203.0,78.0,85.0,7.0,665.0,95.0,0
6.0,5576.0,16.0,146.0,5.0,1041.0,85.0,0
15.0,672.0,153.0,217.0,5.0,1190.0,65.0,1
5.0,1508.0,195.0,85.0,3.0,982.0,82.0,0
12.0,6923.0,6.0,253.0,4.0,1240.0,78.0,0
10.0,2858.0,80.0,84.0,5.0,945.0,110.0,1
4.0,1484.0,58.0,135.0,1.0,450.0,189.0,0
4.0,4.0,198.0,135.0,1.0,925.0,76.0,0
15.0,1099.0,153.0,44.0,7.0,445.0,65.0,0
13.0,885.0,153.0,253.0,5.0,482.0,108.0,1
3.0,601.0,229.0,148.0,1.0,360.0,75.0,1
3.0,378.0,104.0,159.0,4.0,1091.0,169.0,1
12.0,6720.0,79.0,107.0,7.0,849.0,82.0,1
15.0,1498.0,258.0,236.0,5.0,1175.0,55.0,1
11.0,6769.0,16.0,132.0,6.0,672.0,72.0,0
8.0,653.0,16.0,244.0,3.0,1260.0,161.0,1
16.0,2776.0,184.0,58.0,7.0,725.0,69.0,0
12.0,6686.0,65.0,79.0,1.0,1080.0,46.0,1
15.0,1481.0,79.0,243.0,5.0,520.0,145.0,1
14.0,816.0,60.0,174.0,4.0,1189.0,84.0,0
13.0,285.0,134.0,253.0,5.0,740.0,367.0,0
13.0,321.0,134.0,208.0,6.0,892.0,133.0,0
10.0,3023.0,154.0,243.0,3.0,1020.0,45.0,0
1.0,1548.0,80.0,78.0,6.0,885.0,170.0,0
3.0,1125.0,233.0,104.0,7.0,645.0,120.0,0
8.0,922.0,16.0,172.0,3.0,926.0,132.0,0
3.0,495.0,35.0,79.0,1.0,435.0,280.0,1
15.0,1686.0,182.0,216.0,7.0,750.0,100.0,0
16.0,2699.0,96.0,45.0,4.0,910.0,62.0,0
6.0,4957.0,16.0,190.0,4.0,1366.0,74.0,0
12.0,6238.0,153.0,100.0,4.0,1247.0,78.0,0
1.0,1718.0,208.0,35.0,6.0,510.0,130.0,0
9.0,116.0,128.0,203.0,7.0,480.0,37.0,0
11.0,6682.0,71.0,205.0,7.0,820.0,130.0,0
1.0,1629.0,234.0,80.0,6.0,420.0,215.0,0
6.0,7083.0,71.0,208.0,3.0,1130.0,86.0,1
5.0,1892.0,277.0,85.0,4.0,698.0,166.0,0
1.0,759.0,80.0,154.0,3.0,1185.0,205.0,1
0.0,3792.0,290.0,85.0,1.0,585.0,136.0,0
15.0,3122.0,155.0,75.0,6.0,830.0,65.0,1
8.0,519.0,16.0,61.0,6.0,1250.0,90.0,0
5.0,1893.0,85.0,16.0,3.0,535.0,134.0,0
16.0,2675.0,96.0,209.0,6.0,720.0,70.0,0
3.0,248.0,160.0,202.0,6.0,837.0,76.0,0
1.0,795.0,183.0,269.0,1.0,1065.0,150.0,1
14.0,951.0,78.0,173.0,4.0,719.0,139.0,0
16.0,2424.0,71.0,96.0,4.0,962.0,125.0,0
9.0,156.0,128.0,203.0,7.0,454.0,37.0,0
0.0,3930.0,164.0,197.0,1.0,1016.0,84.0,1
15.0,930.0,262.0,44.0,1.0,755.0,70.0,1
15.0,50.0,129.0,75.0,4.0,1110.0,60.0,0
15.0,1392.0,214.0,153.0,5.0,540.0,125.0,1
15.0,1381.0,233.0,45.0,5.0,565.0,60.0,0
0.0,4308.0,85.0,234.0,5.0,845.0,106.0,0
5.0,2084.0,197.0,85.0,3.0,1055.0,105.0,0
4.0,735.0,58.0,154.0,6.0,530.0,296.0,1
4.0,420.0,264.0,135.0,3.0,777.0,188.0,1
16.0,2560.0,170.0,135.0,4.0,1008.0,87.0,0
1.0,1672.0,88.0,80.0,6.0,865.0,125.0,0
12.0,6975.0,208.0,99.0,4.0,587.0,111.0,0
5.0,2708.0,104.0,71.0,6.0,465.0,151.0,0
5.0,2372.0,277.0,16.0,7.0,989.0,95.0,0
15.0,3658.0,233.0,79.0,4.0,540.0,250.0,0
15.0,694.0,216.0,228.0,4.0,1185.0,70.0,1
15.0,1938.0,202.0,207.0,3.0,470.0,75.0,0
1.0,1693.0,173.0,80.0,4.0,1040.0,175.0,1
16.0,3097.0,96.0,139.0,3.0,720.0,135.0,1
15.0,881.0,261.0,236.0,6.0,1055.0,85.0,1
6.0,5442.0,177.0,178.0,3.0,826.0,131.0,1
16.0,2376.0,135.0,136.0,6.0,1095.0,96.0,1
14.0,1510.0,60.0,216.0,4.0,454.0,97.0,0
17.0,7254.0,208.0,245.0,1.0,466.0,120.0,0
6.0,5599.0,178.0,177.0,6.0,987.0,113.0,1
5.0,1592.0,243.0,16.0,6.0,385.0,249.0,0
15.0,1509.0,253.0,264.0,5.0,535.0,85.0,1
6.0,5265.0,273.0,85.0,5.0,360.0,115.0,1
5.0,2037.0,45.0,85.0,4.0,765.0,95.0,1
13.0,275.0,79.0,217.0,6.0,604.0,122.0,0
6.0,5312.0,16.0,285.0,1.0,535.0,61.0,0
5.0,1282.0,261.0,214.0,1.0,516.0,131.0,1
16.0,2760.0,135.0,197.0,7.0,810.0,159.0,0
8.0,596.0,16.0,238.0,6.0,1325.0,128.0,0
15.0,921.0,182.0,45.0,3.0,1010.0,100.0,1
1.0,776.0,153.0,154.0,6.0,1130.0,70.0,0
7.0,115.0,197.0,79.0,4.0,1160.0,126.0,1
13.0,915.0,134.0,253.0,4.0,978.0,362.0,1
16.0,2225.0,204.0,135.0,6.0,810.0,82.0,0
15.0,337.0,2.0,173.0,4.0,920.0,200.0,1
14.0,1610.0,60.0,233.0,4.0,978.0,52.0,1
14.0,1857.0,252.0,60.0,6.0,810.0,281.0,1
5.0,1334.0,16.0,234.0,6.0,500.0,104.0,0
15.0,1060.0,214.0,202.0,3.0,1075.0,105.0,1
16.0,2629.0,135.0,121.0,4.0,800.0,120.0,0
3.0,1289.0,35.0,234.0,5.0,1165.0,105.0,1
13.0,427.0,134.0,79.0,3.0,572.0,241.0,1
1.0,1994.0,135.0,183.0,7.0,360.0,135.0,0
16.0,2065.0,135.0,234.0,1.0,600.0,158.0,1
12.0,4479.0,261.0,153.0,4.0,1310.0,81.0,0
13.0,375.0,79.0,262.0,3.0,1116.0,158.0,1
8.0,402.0,16.0,139.0,7.0,625.0,97.0,0
11.0,6381.0,148.0,35.0,5.0,1210.0,96.0,0
10.0,4178.0,208.0,62.0,4.0,1180.0,55.0,0
13.0,7.0,148.0,253.0,3.0,490.0,404.0,0
5.0,1316.0,79.0,16.0,5.0,707.0,173.0,1
15.0,3602.0,175.0,228.0,3.0,595.0,125.0,1
3.0,1061.0,148.0,18.0,5.0,475.0,257.0,1
0.0,3736.0,66.0,177.0,4.0,680.0,75.0,0
8.0,140.0,16.0,85.0,4.0,535.0,118.0,1
15.0,1093.0,45.0,104.0,3.0,510.0,160.0,1
0.0,4007.0,208.0,177.0,5.0,670.0,110.0,0
16.0,2467.0,116.0,135.0,3.0,1085.0,81.0,0
1.0,1707.0,153.0,154.0,1.0,985.0,70.0,0
13.0,263.0,154.0,253.0,6.0,1355.0,84.0,0
15.0,2117.0,277.0,182.0,7.0,625.0,175.0,1
8.0,936.0,16.0,147.0,1.0,846.0,67.0,0
15.0,1540.0,153.0,217.0,4.0,1070.0,65.0,1
10.0,4084.0,208.0,99.0,7.0,860.0,110.0,1
7.0,173.0,80.0,79.0,7.0,1163.0,119.0,1
15.0,426.0,79.0,45.0,6.0,1045.0,200.0,0
4.0,238.0,96.0,183.0,3.0,555.0,203.0,1
15.0,1151.0,277.0,175.0,5.0,1195.0,165.0,0
16.0,2367.0,76.0,135.0,6.0,413.0,169.0,0
12.0,6544.0,15.0,79.0,3.0,682.0,45.0,1
14.0,1940.0,60.0,12.0,3.0,1335.0,112.0,0
15.0,605.0,79.0,261.0,3.0,420.0,95.0,0
9.0,248.0,128.0,150.0,7.0,1066.0,43.0,0
5.0,1544.0,261.0,16.0,6.0,585.0,220.0,0
15.0,1065.0,45.0,33.0,1.0,660.0,120.0,0
5.0,1429.0,148.0,153.0,3.0,423.0,357.0,0
16.0,2245.0,96.0,204.0,6.0,1049.0,222.0,0
12.0,6940.0,139.0,208.0,5.0,729.0,76.0,0
0.0,4172.0,177.0,139.0,5.0,525.0,85.0,0
5.0,1159.0,186.0,16.0,4.0,1023.0,101.0,0
1.0,1491.0,216.0,80.0,4.0,995.0,240.0,0
12.0,6888.0,208.0,91.0,1.0,605.0,208.0,1
15.0,2801.0,27.0,277.0,5.0,565.0,85.0,0
17.0,2648.0,153.0,154.0,1.0,450.0,67.0,0
6.0,5005.0,177.0,79.0,3.0,815.0,155.0,1
8.0,890.0,154.0,184.0,6.0,450.0,240.0,0
1.0,2096.0,80.0,45.0,1.0,725.0,170.0,0
15.0,660.0,261.0,79.0,3.0,900.0,85.0,1
0.0,3660.0,80.0,177.0,7.0,695.0,95.0,0
5.0,1299.0,154.0,150.0,7.0,845.0,355.0,0
16.0,2482.0,135.0,116.0,4.0,634.0,74.0,0
15.0,1169.0,198.0,129.0,1.0,1090.0,75.0,0
15.0,944.0,217.0,204.0,5.0,615.0,120.0,1
12.0,4671.0,196.0,261.0,7.0,390.0,82.0,0
11.0,6457.0,71.0,184.0,7.0,565.0,88.0,0
12.0,6810.0,214.0,252.0,7.0,1311.0,49.0,0
5.0,1581.0,280.0,16.0,5.0,495.0,205.0,0
15.0,635.0,209.0,173.0,5.0,1085.0,125.0,1
11.0,6692.0,135.0,148.0,3.0,485.0,214.0,0
5.0,1232.0,261.0,85.0,7.0,420.0,225.0,0
16.0,5945.0,208.0,204.0,3.0,1072.0,133.0,0
15.0,796.0,153.0,175.0,5.0,1095.0,205.0,0
8.0,116.0,277.0,16.0,6.0,869.0,94.0,0
12.0,7036.0,208.0,205.0,1.0,437.0,90.0,1
1.0,1610.0,268.0,208.0,3.0,525.0,75.0,0
9.0,145.0,203.0,128.0,7.0,585.0,34.0,0
15.0,3109.0,2.0,217.0,6.0,1105.0,80.0,0
15.0,948.0,217.0,243.0,3.0,1200.0,65.0,1
13.0,558.0,79.0,277.0,3.0,759.0,203.0,0
15.0,1108.0,104.0,79.0,1.0,1075.0,280.0,1
12.0,6349.0,208.0,72.0,4.0,715.0,57.0,1
3.0,1436.0,160.0,253.0,6.0,1060.0,81.0,1
15.0,1659.0,61.0,45.0,7.0,400.0,70.0,0
1.0,1185.0,80.0,214.0,7.0,570.0,245.0,1
14.0,78.0,252.0,216.0,4.0,525.0,305.0,1
1.0,521.0,183.0,79.0,6.0,945.0,265.0,0
14.0,1021.0,159.0,60.0,4.0,495.0,127.0,0
6.0,4951.0,91.0,16.0,3.0,669.0,178.0,0
13.0,248.0,208.0,85.0,4.0,1120.0,85.0,0
5.0,1238.0,18.0,16.0,6.0,785.0,132.0,0
1.0,1150.0,264.0,208.0,3.0,705.0,240.0,1
12.0,6984.0,208.0,244.0,5.0,1079.0,176.0,0
10.0,3068.0,243.0,154.0,4.0,945.0,45.0,1
16.0,2479.0,135.0,84.0,4.0,865.0,128.0,0
12.0,4787.0,154.0,243.0,5.0,965.0,45.0,0
0.0,3981.0,197.0,84.0,1.0,935.0,72.0,1
10.0,2948.0,80.0,156.0,6.0,660.0,70.0,1
5.0,1268.0,228.0,16.0,6.0,764.0,177.0,0
0.0,3786.0,177.0,108.0,6.0,1160.0,74.0,0
15.0,469.0,258.0,207.0,7.0,965.0,70.0,1
11.0,6512.0,178.0,177.0,1.0,707.0,118.0,0
13.0,941.0,208.0,79.0,4.0,1020.0,159.0,0
1.0,548.0,154.0,208.0,3.0,360.0,240.0,0
12.0,7052.0,79.0,34.0,1.0,502.0,128.0,0
10.0,3054.0,154.0,246.0,4.0,460.0,40.0,0
5.0,2102.0,153.0,16.0,7.0,1410.0,224.0,1
8.0,1947.0,45.0,173.0,7.0,940.0,146.0,0
11.0,6433.0,71.0,85.0,6.0,1020.0,85.0,0
15.0,1165.0,217.0,162.0,1.0,965.0,160.0,1
4.0,458.0,135.0,78.0,5.0,775.0,165.0,0
16.0,2856.0,38.0,135.0,5.0,450.0,84.0,0
15.0,3491.0,129.0,162.0,3.0,695.0,70.0,0
12.0,4671.0,196.0,261.0,4.0,390.0,82.0,1
3.0,395.0,159.0,173.0,1.0,885.0,174.0,1
12.0,6304.0,28.0,79.0,7.0,1035.0,91.0,0
3.0,408.0,217.0,35.0,6.0,750.0,291.0,0
14.0,1978.0,135.0,60.0,5.0,940.0,148.0,0
11.0,6592.0,197.0,175.0,1.0,865.0,90.0,0
13.0,445.0,45.0,79.0,3.0,433.0,253.0,0
15.0,414.0,262.0,264.0,4.0,1180.0,85.0,0
10.0,3364.0,275.0,80.0,6.0,1020.0,150.0,0
15.0,1609.0,153.0,244.0,4.0,1170.0,145.0,0
1.0,2408.0,154.0,80.0,7.0,55.0,170.0,0
5.0,2987.0,173.0,261.0,5.0,1075.0,300.0,0
15.0,2005.0,153.0,61.0,7.0,615.0,230.0,1
3.0,136.0,241.0,148.0,7.0,789.0,162.0,1
5.0,2862.0,154.0,148.0,5.0,1410.0,315.0,0
0.0,3801.0,58.0,177.0,3.0,1056.0,134.0,1
4.0,1786.0,18.0,135.0,6.0,515.0,55.0,0
15.0,427.0,91.0,244.0,7.0,360.0,75.0,0
0.0,3751.0,85.0,94.0,4.0,545.0,98.0,0
12.0,6739.0,79.0,91.0,3.0,1303.0,102.0,0
15.0,186.0,146.0,175.0,7.0,1045.0,120.0,1
12.0,6257.0,79.0,34.0,3.0,906.0,122.0,0
7.0,558.0,243.0,79.0,7.0,660.0,133.0,0
14.0,2124.0,159.0,35.0,5.0,660.0,68.0,0
14.0,454.0,45.0,217.0,3.0,1020.0,311.0,1
5.0,1809.0,197.0,79.0,3.0,695.0,127.0,0
11.0,6350.0,84.0,197.0,1.0,1020.0,66.0,0
15.0,1677.0,153.0,154.0,7.0,1140.0,65.0,1
1.0,743.0,80.0,154.0,7.0,995.0,205.0,0
12.0,4680.0,280.0,261.0,6.0,508.0,115.0,0
13.0,501.0,208.0,22.0,6.0,1135.0,121.0,1
16.0,2374.0,75.0,135.0,1.0,780.0,65.0,0
12.0,6686.0,65.0,79.0,4.0,1080.0,46.0,1
15.0,378.0,22.0,45.0,4.0,590.0,70.0,1
10.0,2858.0,80.0,84.0,3.0,945.0,110.0,0
5.0,2380.0,147.0,16.0,6.0,637.0,75.0,0
1.0,1355.0,80.0,217.0,1.0,705.0,155.0,0
16.0,2720.0,136.0,135.0,3.0,1112.0,104.0,0
16.0,2932.0,178.0,135.0,7.0,1110.0,70.0,1
4.0,651.0,18.0,96.0,7.0,420.0,205.0,0
14.0,1509.0,277.0,60.0,7.0,515.0,100.0,0
3.0,747.0,173.0,260.0,3.0,1220.0,157.0,1
15.0,2610.0,243.0,175.0,7.0,1020.0,235.0,0
14.0,685.0,217.0,96.0,4.0,800.0,280.0,0
8.0,298.0,129.0,16.0,3.0,639.0,112.0,1
10.0,4344.0,208.0,85.0,6.0,835.0,80.0,1
12.0,6671.0,253.0,55.0,3.0,974.0,52.0,0
15.0,1141.0,75.0,162.0,4.0,670.0,60.0,1
5.0,1384.0,159.0,35.0,4.0,810.0,65.0,0
2.0,508.0,252.0,264.0,5.0,750.0,162.0,0
17.0,2912.0,227.0,217.0,7.0,709.0,66.0,0
5.0,1683.0,139.0,261.0,6.0,510.0,224.0,1
10.0,2941.0,80.0,223.0,5.0,935.0,100.0,0
1.0,412.0,269.0,148.0,6.0,1030.0,259.0,0
15.0,581.0,147.0,277.0,3.0,1000.0,55.0,1
15.0,802.0,217.0,197.0,3.0,1120.0,185.0,1
12.0,7774.0,261.0,255.0,7.0,920.0,81.0,0
3.0,332.0,173.0,22.0,6.0,765.0,155.0,0
12.0,6905.0,139.0,208.0,7.0,1026.0,76.0,1
17.0,2746.0,217.0,248.0,7.0,878.0,99.0,0
13.0,554.0,243.0,134.0,7.0,780.0,291.0,1
8.0,1154.0,139.0,241.0,7.0,965.0,146.0,1
5.0,2957.0,33.0,85.0,5.0,825.0,105.0,0
15.0,2276.0,153.0,261.0,5.0,400.0,80.0,0
15.0,477.0,43.0,175.0,4.0,440.0,115.0,1
15.0,335.0,264.0,262.0,4.0,1280.0,85.0,1
5.0,2580.0,253.0,16.0,7.0,520.0,271.0,0
12.0,6502.0,208.0,85.0,1.0,806.0,76.0,0
14.0,1014.0,60.0,208.0,3.0,971.0,124.0,1
6.0,5079.0,169.0,16.0,6.0,360.0,85.0,0
8.0,610.0,184.0,253.0,7.0,555.0,290.0,0
8.0,1611.0,173.0,78.0,6.0,1079.0,121.0,0
15.0,733.0,154.0,153.0,3.0,890.0,60.0,1
16.0,2197.0,58.0,195.0,7.0,1035.0,92.0,1
1.0,656.0,80.0,45.0,5.0,1275.0,160.0,0
12.0,7793.0,271.0,261.0,1.0,1091.0,67.0,0
1.0,343.0,208.0,18.0,4.0,1195.0,170.0,1
7.0,819.0,79.0,172.0,5.0,1080.0,93.0,1
15.0,2467.0,217.0,253.0,7.0,1245.0,130.0,1
14.0,1075.0,216.0,60.0,6.0,505.0,115.0,0
5.0,1901.0,35.0,16.0,5.0,510.0,186.0,0
6.0,5602.0,19.0,16.0,5.0,991.0,65.0,1
6.0,5165.0,16.0,33.0,1.0,450.0,69.0,1
10.0,3007.0,246.0,154.0,7.0,390.0,45.0,0
8.0,277.0,35.0,16.0,6.0,1117.0,178.0,0
3.0,591.0,130.0,173.0,7.0,390.0,164.0,1
16.0,2119.0,58.0,172.0,5.0,525.0,128.0,0
5.0,2382.0,183.0,148.0,4.0,1140.0,180.0,0
15.0,1044.0,153.0,236.0,7.0,660.0,80.0,1
10.0,4684.0,78.0,233.0,7.0,700.0,65.0,1
4.0,1893.0,262.0,135.0,4.0,750.0,217.0,1
10.0,3975.0,208.0,290.0,5.0,660.0,105.0,0
14.0,1517.0,78.0,277.0,5.0,520.0,150.0,0
8.0,605.0,241.0,45.0,3.0,757.0,140.0,0
12.0,4764.0,58.0,71.0,4.0,1115.0,65.0,0
4.0,1614.0,135.0,178.0,3.0,520.0,74.0,0
3.0,370.0,104.0,159.0,4.0,360.0,159.0,0
15.0,2004.0,154.0,153.0,3.0,1005.0,65.0,1
17.0,2691.0,60.0,251.0,3.0,1340.0,89.0,0
14.0,1815.0,216.0,60.0,5.0,705.0,109.0,1
15.0,2920.0,2.0,79.0,6.0,945.0,75.0,0
16.0,2937.0,177.0,135.0,4.0,1080.0,100.0,0
15.0,2502.0,153.0,175.0,6.0,1105.0,205.0,0
15.0,389.0,244.0,129.0,3.0,610.0,50.0,1
4.0,1502.0,96.0,154.0,3.0,1115.0,384.0,1
6.0,5414.0,78.0,35.0,1.0,415.0,93.0,1
15.0,1178.0,75.0,268.0,3.0,435.0,95.0,1
13.0,449.0,208.0,243.0,1.0,595.0,260.0,1
3.0,9.0,148.0,104.0,3.0,940.0,199.0,1
12.0,6561.0,79.0,122.0,5.0,1293.0,118.0,0
5.0,1256.0,71.0,35.0,4.0,915.0,127.0,0
5.0,74.0,85.0,16.0,3.0,824.0,125.0,1
16.0,5999.0,279.0,208.0,3.0,863.0,117.0,1
8.0,262.0,78.0,184.0,1.0,700.0,125.0,1
2.0,465.0,154.0,252.0,1.0,920.0,165.0,1
15.0,1104.0,172.0,243.0,1.0,770.0,220.0,1
9.0,43.0,258.0,128.0,3.0,540.0,340.0,1
1.0,312.0,80.0,241.0,4.0,890.0,145.0,0
12.0,6768.0,79.0,145.0,7.0,1162.0,88.0,1
9.0,119.0,150.0,128.0,4.0,598.0,42.0,0
16.0,5928.0,208.0,42.0,6.0,828.0,120.0,1
12.0,6540.0,79.0,227.0,5.0,546.0,136.0,0
12.0,6611.0,217.0,79.0,1.0,837.0,102.0,1
11.0,6575.0,177.0,172.0,3.0,565.0,95.0,0
12.0,4496.0,34.0,261.0,1.0,460.0,65.0,0
14.0,2166.0,78.0,159.0,5.0,600.0,80.0,0
7.0,404.0,154.0,79.0,6.0,660.0,134.0,1
8.0,667.0,16.0,130.0,6.0,615.0,143.0,0
15.0,1546.0,79.0,243.0,4.0,410.0,150.0,0
6.0,4975.0,71.0,16.0,1.0,575.0,100.0,1
16.0,3104.0,69.0,135.0,3.0,1075.0,171.0,1
7.0,219.0,18.0,79.0,7.0,1136.0,133.0,0
16.0,2993.0,96.0,197.0,5.0,700.0,186.0,1
16.0,2723.0,135.0,204.0,3.0,450.0,85.0,0
12.0,4590.0,261.0,79.0,5.0,510.0,85.0,0
8.0,229.0,183.0,45.0,4.0,768.0,144.0,0
15.0,2575.0,153.0,217.0,6.0,490.0,70.0,0
5.0,2845.0,85.0,253.0,1.0,725.0,324.0,1
7.0,769.0,79.0,153.0,6.0,404.0,113.0,0
6.0,4945.0,16.0,180.0,1.0,530.0,65.0,0
4.0,1810.0,262.0,135.0,4.0,360.0,220.0,0
4.0,807.0,80.0,135.0,7.0,920.0,70.0,1
15.0,769.0,58.0,45.0,1.0,595.0,75.0,1
6.0,5409.0,157.0,16.0,1.0,1001.0,88.0,1
0.0,4330.0,233.0,148.0,3.0,975.0,120.0,0
5.0,1155.0,16.0,147.0,6.0,1312.0,71.0,0
15.0,1458.0,207.0,153.0,7.0,725.0,55.0,1
5.0,2802.0,183.0,85.0,5.0,480.0,189.0,0
12.0,6598.0,253.0,262.0,6.0,442.0,43.0,0
6.0,5601.0,16.0,81.0,7.0,1017.0,58.0,1
1.0,2076.0,153.0,80.0,4.0,570.0,155.0,0
17.0,1053.0,203.0,161.0,6.0,670.0,45.0,0
13.0,437.0,79.0,198.0,6.0,992.0,159.0,0
12.0,7764.0,220.0,261.0,3.0,567.0,61.0,1
5.0,1100.0,153.0,261.0,1.0,400.0,82.0,0
5.0,1946.0,104.0,197.0,4.0,803.0,246.0,0
6.0,7381.0,177.0,116.0,7.0,575.0,80.0,0
1.0,775.0,183.0,269.0,6.0,745.0,150.0,1
10.0,4106.0,119.0,208.0,4.0,650.0,65.0,0
15.0,1931.0,268.0,75.0,7.0,1015.0,105.0,1
11.0,6405.0,120.0,16.0,1.0,370.0,93.0,0
13.0,965.0,134.0,135.0,4.0,1034.0,206.0,0
13.0,337.0,216.0,208.0,4.0,360.0,137.0,0
13.0,729.0,134.0,277.0,3.0,1050.0,153.0,0
15.0,1044.0,153.0,236.0,5.0,660.0,80.0,1
15.0,705.0,279.0,79.0,4.0,790.0,110.0,1
5.0,2279.0,159.0,104.0,4.0,895.0,198.0,0
4.0,1140.0,80.0,96.0,3.0,1070.0,192.0,1
2.0,689.0,258.0,214.0,1.0,640.0,110.0,1
1.0,494.0,2.0,80.0,6.0,945.0,100.0,0
10.0,4136.0,139.0,208.0,4.0,1210.0,80.0,0
14.0,148.0,217.0,153.0,3.0,1270.0,70.0,1
4.0,1748.0,135.0,104.0,5.0,1145.0,144.0,1
6.0,5363.0,16.0,87.0,7.0,1290.0,64.0,0
0.0,3915.0,42.0,148.0,6.0,680.0,95.0,0
10.0,3364.0,275.0,80.0,5.0,1020.0,150.0,0
9.0,120.0,128.0,150.0,1.0,526.0,42.0,0
10.0,4657.0,16.0,159.0,4.0,780.0,125.0,1
15.0,1199.0,27.0,175.0,4.0,655.0,115.0,1
5.0,1390.0,159.0,35.0,4.0,990.0,76.0,0
15.0,1633.0,175.0,228.0,3.0,840.0,125.0,1
1.0,1876.0,183.0,159.0,5.0,1120.0,175.0,1
1.0,354.0,208.0,159.0,6.0,1055.0,125.0,1
10.0,3345.0,80.0,157.0,3.0,1185.0,125.0,0
9.0,30.0,203.0,252.0,3.0,970.0,325.0,1
14.0,1489.0,60.0,147.0,3.0,1345.0,77.0,1
12.0,6237.0,153.0,100.0,3.0,999.0,88.0,0
5.0,2322.0,177.0,172.0,5.0,840.0,90.0,0
15.0,1451.0,129.0,154.0,7.0,645.0,230.0,1
6.0,5316.0,70.0,16.0,4.0,360.0,44.0,0
0.0,4024.0,152.0,85.0,6.0,920.0,56.0,0
4.0,38.0,135.0,96.0,4.0,790.0,210.0,1
15.0,1308.0,244.0,129.0,4.0,850.0,50.0,0
11.0,6554.0,78.0,268.0,5.0,751.0,143.0,1
6.0,5196.0,85.0,205.0,5.0,520.0,125.0,0
10.0,2746.0,38.0,80.0,3.0,745.0,95.0,0
5.0,2214.0,252.0,197.0,4.0,677.0,193.0,1
15.0,2968.0,217.0,243.0,4.0,1130.0,65.0,1
5.0,2528.0,267.0,16.0,4.0,804.0,101.0,0
12.0,7038.0,6.0,253.0,3.0,765.0,78.0,0
14.0,1850.0,277.0,60.0,6.0,1033.0,102.0,1
1.0,1312.0,260.0,22.0,3.0,1140.0,240.0,1
6.0,5174.0,35.0,78.0,3.0,695.0,105.0,1
12.0,7028.0,79.0,244.0,4.0,630.0,128.0,0
4.0,1055.0,96.0,154.0,3.0,985.0,368.0,1
11.0,6585.0,17.0,85.0,3.0,1100.0,85.0,1
1.0,784.0,178.0,80.0,3.0,1115.0,95.0,0
13.0,781.0,79.0,154.0,1.0,830.0,152.0,0
4.0,1128.0,96.0,35.0,4.0,815.0,65.0,0
15.0,1225.0,170.0,129.0,4.0,1090.0,80.0,1
13.0,333.0,221.0,208.0,1.0,447.0,102.0,0
6.0,5073.0,16.0,190.0,7.0,590.0,85.0,1
15.0,823.0,280.0,154.0,4.0,620.0,90.0,1
15.0,2635.0,216.0,104.0,7.0,510.0,185.0,1
10.0,4414.0,233.0,148.0,7.0,370.0,95.0,0
17.0,2672.0,251.0,60.0,5.0,735.0,90.0,0
5.0,2695.0,78.0,183.0,6.0,940.0,159.0,0
5.0,2179.0,78.0,261.0,4.0,1050.0,295.0,0
6.0,5182.0,16.0,47.0,3.0,521.0,71.0,0
5.0,1147.0,16.0,213.0,7.0,820.0,105.0,1
12.0,6986.0,281.0,208.0,4.0,656.0,79.0,0
1.0,1900.0,264.0,80.0,5.0,950.0,170.0,0
6.0,5090.0,288.0,16.0,1.0,935.0,83.0,0
15.0,709.0,175.0,2.0,7.0,705.0,190.0,1
5.0,2555.0,159.0,213.0,3.0,419.0,186.0,1
4.0,34.0,18.0,135.0,6.0,810.0,58.0,0
10.0,3736.0,208.0,96.0,1.0,360.0,120.0,0
5.0,1447.0,159.0,16.0,3.0,360.0,167.0,0
2.0,55.0,14.0,98.0,1.0,360.0,58.0,0
10.0,4695.0,159.0,35.0,6.0,1020.0,70.0,0
4.0,323.0,135.0,198.0,7.0,805.0,67.0,0
16.0,2203.0,279.0,135.0,3.0,650.0,89.0,0
15.0,1381.0,233.0,45.0,7.0,565.0,60.0,0
16.0,2780.0,209.0,96.0,6.0,1045.0,84.0,0
5.0,2414.0,104.0,148.0,1.0,380.0,169.0,0
12.0,4794.0,207.0,261.0,3.0,365.0,104.0,0
15.0,870.0,75.0,18.0,4.0,575.0,55.0,0
1.0,1925.0,279.0,80.0,4.0,945.0,70.0,0
9.0,543.0,203.0,128.0,4.0,1031.0,34.0,1
5.0,328.0,146.0,16.0,1.0,370.0,83.0,1
14.0,945.0,0.0,60.0,4.0,525.0,106.0,0
4.0,291.0,183.0,135.0,5.0,703.0,167.0,1
2.0,232.0,252.0,243.0,4.0,390.0,154.0,0
5.0,2643.0,96.0,16.0,1.0,937.0,155.0,1
16.0,2672.0,84.0,135.0,5.0,1025.0,142.0,1
5.0,2190.0,223.0,16.0,1.0,450.0,79.0,1
15.0,37.0,91.0,75.0,3.0,745.0,95.0,0
15.0,960.0,243.0,45.0,7.0,400.0,295.0,0
6.0,5206.0,52.0,16.0,5.0,811.0,58.0,0
15.0,962.0,197.0,79.0,5.0,985.0,135.0,1
0.0,4302.0,58.0,85.0,5.0,725.0,60.0,0
13.0,830.0,253.0,208.0,4.0,690.0,251.0,0
1.0,117.0,148.0,154.0,6.0,825.0,370.0,0
10.0,4381.0,148.0,35.0,6.0,520.0,70.0,0
15.0,2102.0,264.0,217.0,7.0,595.0,70.0,1
15.0,1056.0,268.0,153.0,1.0,375.0,235.0,0
13.0,888.0,253.0,154.0,1.0,665.0,95.0,0
16.0,2514.0,131.0,135.0,5.0,485.0,70.0,0
15.0,2242.0,153.0,175.0,6.0,1040.0,210.0,1
15.0,549.0,79.0,217.0,4.0,1300.0,120.0,0
11.0,6530.0,197.0,76.0,7.0,1155.0,117.0,0
15.0,1004.0,172.0,204.0,1.0,575.0,70.0,1
0.0,3697.0,85.0,27.0,7.0,545.0,125.0,1
11.0,6603.0,82.0,197.0,5.0,757.0,63.0,0
14.0,1015.0,60.0,213.0,5.0,870.0,108.0,1
5.0,1214.0,198.0,16.0,4.0,1200.0,92.0,0
5.0,1121.0,261.0,85.0,1.0,670.0,210.0,1
5.0,2632.0,261.0,145.0,3.0,684.0,65.0,0
5.0,1741.0,261.0,111.0,4.0,694.0,109.0,0
6.0,7351.0,16.0,204.0,6.0,1301.0,139.0,0
15.0,752.0,79.0,264.0,4.0,520.0,155.0,0
5.0,2967.0,16.0,243.0,3.0,660.0,294.0,1
1.0,1383.0,80.0,280.0,3.0,730.0,145.0,0
0.0,4260.0,233.0,35.0,5.0,550.0,123.0,0
17.0,2611.0,60.0,54.0,3.0,985.0,65.0,0
16.0,5890.0,208.0,121.0,5.0,525.0,101.0,0
0.0,4044.0,174.0,85.0,6.0,990.0,104.0,0
15.0,1748.0,262.0,214.0,4.0,1200.0,90.0,1
15.0,1013.0,214.0,217.0,4.0,395.0,155.0,0
14.0,38.0,154.0,217.0,1.0,1075.0,82.0,0
3.0,463.0,35.0,241.0,6.0,990.0,216.0,0
7.0,453.0,159.0,184.0,6.0,370.0,135.0,0
15.0,1798.0,153.0,243.0,6.0,495.0,65.0,0
8.0,564.0,16.0,32.0,4.0,1325.0,109.0,0
15.0,1589.0,172.0,252.0,1.0,890.0,255.0,1
14.0,719.0,216.0,35.0,4.0,1095.0,93.0,0
7.0,71.0,85.0,79.0,6.0,385.0,189.0,0
11.0,6644.0,177.0,205.0,3.0,1160.0,108.0,0
5.0,2064.0,197.0,78.0,1.0,1055.0,148.0,0
15.0,3496.0,162.0,217.0,1.0,420.0,195.0,0
0.0,4302.0,85.0,54.0,5.0,830.0,127.0,0
5.0,2499.0,197.0,217.0,3.0,545.0,207.0,0
15.0,824.0,173.0,104.0,1.0,450.0,55.0,0
3.0,562.0,104.0,272.0,7.0,1165.0,171.0,1
10.0,3390.0,129.0,80.0,5.0,895.0,70.0,0
4.0,1046.0,135.0,208.0,3.0,1045.0,153.0,1
17.0,2714.0,100.0,217.0,7.0,723.0,96.0,1
1.0,1534.0,79.0,80.0,5.0,515.0,120.0,0
14.0,586.0,111.0,217.0,5.0,510.0,158.0,1
15.0,778.0,79.0,233.0,4.0,1020.0,195.0,0
1.0,2043.0,172.0,80.0,7.0,475.0,110.0,0
15.0,249.0,154.0,244.0,4.0,490.0,165.0,1
4.0,1714.0,135.0,262.0,1.0,560.0,254.0,1
13.0,548.0,261.0,79.0,6.0,816.0,83.0,0
8.0,607.0,253.0,184.0,5.0,732.0,253.0,0
1.0,1008.0,80.0,132.0,3.0,885.0,95.0,1
15.0,2371.0,104.0,45.0,7.0,1060.0,150.0,1
10.0,2738.0,121.0,80.0,1.0,390.0,175.0,0
0.0,3734.0,135.0,16.0,6.0,835.0,125.0,0
5.0,1133.0,16.0,71.0,5.0,1130.0,90.0,1
12.0,4695.0,261.0,153.0,3.0,1005.0,81.0,1
0.0,3965.0,16.0,129.0,7.0,960.0,140.0,1
0.0,4049.0,16.0,121.0,7.0,1235.0,65.0,1
15.0,1163.0,75.0,204.0,3.0,1005.0,50.0,1
5.0,1510.0,85.0,35.0,6.0,1060.0,119.0,0
15.0,2594.0,243.0,262.0,6.0,1245.0,95.0,1
12.0,4441.0,261.0,102.0,6.0,602.0,107.0,1
12.0,6935.0,6.0,51.0,6.0,497.0,27.0,0
13.0,26.0,154.0,148.0,4.0,708.0,333.0,0
8.0,118.0,277.0,16.0,1.0,649.0,90.0,0
15.0,2060.0,280.0,79.0,6.0,825.0,115.0,1
4.0,218.0,96.0,277.0,1.0,550.0,194.0,0
1.0,2353.0,96.0,208.0,7.0,1020.0,170.0,0
11.0,6267.0,71.0,177.0,3.0,750.0,95.0,0
5.0,2483.0,159.0,198.0,7.0,1200.0,220.0,0
13.0,9.0,79.0,243.0,5.0,1299.0,147.0,0
0.0,3691.0,177.0,16.0,6.0,1110.0,85.0,0
5.0,1282.0,261.0,214.0,7.0,516.0,131.0,1
5.0,1886.0,16.0,159.0,4.0,640.0,136.0,1
6.0,5593.0,91.0,16.0,3.0,802.0,177.0,1
15.0,2511.0,217.0,202.0,6.0,695.0,130.0,0
5.0,2529.0,197.0,277.0,4.0,545.0,187.0,1
12.0,6918.0,63.0,208.0,6.0,360.0,82.0,0
10.0,4669.0,159.0,16.0,3.0,930.0,165.0,0
1.0,457.0,173.0,183.0,5.0,420.0,65.0,0
15.0,3401.0,79.0,244.0,4.0,665.0,130.0,1
17.0,2866.0,217.0,103.0,7.0,1360.0,58.0,0
11.0,6617.0,119.0,85.0,5.0,505.0,63.0,0
5.0,2478.0,261.0,34.0,5.0,1202.0,72.0,1
9.0,328.0,128.0,203.0,6.0,716.0,37.0,0
14.0,1783.0,60.0,153.0,7.0,480.0,301.0,0
1.0,1991.0,78.0,80.0,6.0,710.0,210.0,0
5.0,1446.0,217.0,16.0,1.0,500.0,211.0,0
10.0,4080.0,208.0,99.0,6.0,575.0,120.0,1
15.0,1589.0,45.0,172.0,7.0,750.0,175.0,0
13.0,907.0,208.0,253.0,5.0,1025.0,292.0,1
15.0,3050.0,243.0,262.0,4.0,820.0,95.0,1
10.0,3674.0,60.0,183.0,3.0,1155.0,130.0,0
2.0,49.0,14.0,9.0,1.0,914.0,61.0,0
12.0,6829.0,262.0,253.0,4.0,362.0,48.0,0
8.0,812.0,35.0,45.0,1.0,510.0,95.0,0
10.0,3014.0,100.0,154.0,5.0,350.0,65.0,0
9.0,107.0,150.0,128.0,1.0,373.0,42.0,0
15.0,226.0,216.0,182.0,4.0,665.0,80.0,1
11.0,6672.0,132.0,177.0,7.0,710.0,65.0,0
9.0,206.0,128.0,203.0,1.0,300.0,36.0,0
11.0,6484.0,290.0,16.0,7.0,1065.0,114.0,1
15.0,1004.0,204.0,153.0,3.0,670.0,170.0,0
15.0,3496.0,217.0,202.0,4.0,590.0,125.0,0
14.0,1444.0,60.0,233.0,6.0,780.0,49.0,0
15.0,2545.0,216.0,79.0,7.0,1110.0,275.0,0
0.0,3679.0,281.0,85.0,5.0,1023.0,77.0,1
2.0,619.0,153.0,252.0,7.0,550.0,163.0,0
15.0,2855.0,155.0,75.0,5.0,1050.0,65.0,1
3.0,181.0,148.0,243.0,5.0,510.0,374.0,1
2.0,62.0,151.0,252.0,5.0,818.0,112.0,0
5.0,2208.0,16.0,134.0,3.0,730.0,105.0,0
4.0,1861.0,217.0,135.0,6.0,1002.0,151.0,0
15.0,1002.0,75.0,18.0,4.0,440.0,55.0,1
13.0,420.0,208.0,238.0,5.0,1080.0,98.0,0
5.0,2742.0,16.0,96.0,7.0,585.0,143.0,0
15.0,1860.0,162.0,129.0,5.0,935.0,85.0,1
16.0,2437.0,96.0,233.0,7.0,390.0,95.0,0
5.0,1485.0,159.0,173.0,4.0,1163.0,171.0,0
5.0,1626.0,104.0,16.0,6.0,1049.0,125.0,1
10.0,3754.0,208.0,18.0,1.0,510.0,165.0,1
11.0,6389.0,71.0,22.0,3.0,1140.0,118.0,1
15.0,1148.0,129.0,175.0,5.0,400.0,150.0,0
12.0,6523.0,217.0,154.0,1.0,345.0,85.0,0
12.0,6835.0,154.0,262.0,1.0,524.0,83.0,0
13.0,106.0,154.0,208.0,7.0,504.0,239.0,0
14.0,301.0,60.0,217.0,4.0,985.0,278.0,0
15.0,1615.0,79.0,253.0,1.0,515.0,175.0,1
1.0,2022.0,260.0,208.0,6.0,510.0,305.0,0
8.0,1102.0,61.0,241.0,4.0,812.0,153.0,0
6.0,5372.0,279.0,16.0,3.0,914.0,115.0,1
15.0,2102.0,258.0,264.0,7.0,495.0,75.0,0
1.0,1875.0,80.0,217.0,6.0,1150.0,160.0,0
16.0,2171.0,135.0,209.0,3.0,1175.0,163.0,0
5.0,1213.0,16.0,223.0,7.0,1138.0,73.0,1
15.0,179.0,18.0,45.0,3.0,960.0,180.0,1
4.0,678.0,244.0,135.0,7.0,840.0,64.0,0
15.0,3504.0,213.0,277.0,1.0,425.0,50.0,0
12.0,6342.0,154.0,243.0,3.0,1205.0,47.0,0
13.0,838.0,253.0,80.0,7.0,638.0,212.0,0
14.0,2183.0,159.0,78.0,5.0,1020.0,76.0,0
12.0,6385.0,154.0,248.0,6.0,625.0,54.0,0
4.0,447.0,208.0,135.0,1.0,660.0,165.0,1
15.0,1548.0,202.0,154.0,3.0,1080.0,75.0,1
10.0,4214.0,172.0,208.0,7.0,1175.0,95.0,0
13.0,197.0,134.0,252.0,7.0,768.0,354.0,0
10.0,4093.0,117.0,208.0,3.0,420.0,65.0,0
1.0,2382.0,79.0,80.0,6.0,1160.0,110.0,0
15.0,3090.0,221.0,216.0,6.0,445.0,80.0,0
15.0,781.0,175.0,139.0,3.0,985.0,55.0,1
5.0,1264.0,217.0,261.0,1.0,870.0,99.0,0
15.0,818.0,277.0,79.0,5.0,1055.0,250.0,0
4.0,855.0,213.0,96.0,7.0,935.0,168.0,1
15.0,715.0,175.0,35.0,4.0,395.0,135.0,0
5.0,2101.0,16.0,280.0,5.0,1193.0,252.0,1
3.0,442.0,277.0,35.0,7.0,360.0,167.0,0
0.0,3913.0,155.0,177.0,4.0,965.0,115.0,0
5.0,2192.0,277.0,85.0,5.0,510.0,158.0,0
4.0,724.0,58.0,96.0,7.0,385.0,77.0,0
15.0,578.0,262.0,154.0,1.0,1050.0,80.0,1
0.0,3846.0,238.0,85.0,4.0,1158.0,92.0,1
15.0,1383.0,111.0,261.0,7.0,550.0,95.0,0
0.0,3822.0,174.0,85.0,4.0,715.0,103.0,1
15.0,1754.0,262.0,264.0,1.0,870.0,85.0,1
14.0,1770.0,60.0,35.0,6.0,860.0,120.0,0
14.0,1735.0,60.0,173.0,7.0,995.0,103.0,0
15.0,479.0,217.0,18.0,7.0,905.0,135.0,1
12.0,6527.0,199.0,79.0,5.0,773.0,54.0,1
15.0,250.0,268.0,205.0,1.0,590.0,75.0,1
15.0,674.0,129.0,146.0,5.0,530.0,65.0,0
6.0,7303.0,177.0,290.0,4.0,1175.0,70.0,0
12.0,4601.0,137.0,261.0,5.0,490.0,56.0,0
16.0,5907.0,233.0,134.0,6.0,1020.0,63.0,0
3.0,119.0,148.0,198.0,6.0,889.0,213.0,0
14.0,487.0,60.0,79.0,1.0,710.0,234.0,1
16.0,5908.0,223.0,208.0,5.0,1001.0,139.0,0
10.0,3954.0,208.0,117.0,5.0,545.0,55.0,0
1.0,1701.0,80.0,243.0,4.0,845.0,190.0,0
15.0,1246.0,268.0,45.0,3.0,670.0,115.0,1
12.0,6476.0,154.0,91.0,7.0,1197.0,111.0,0
10.0,2843.0,283.0,80.0,6.0,655.0,60.0,0
14.0,1179.0,60.0,135.0,4.0,785.0,167.0,0
17.0,2605.0,60.0,233.0,5.0,464.0,57.0,0
13.0,627.0,78.0,208.0,6.0,1070.0,134.0,0
5.0,2054.0,223.0,16.0,4.0,330.0,75.0,0
13.0,794.0,208.0,43.0,5.0,851.0,97.0,0
5.0,2799.0,197.0,217.0,7.0,875.0,201.0,1
15.0,1316.0,129.0,198.0,1.0,410.0,65.0,0
3.0,470.0,241.0,35.0,3.0,1170.0,171.0,1
4.0,1529.0,280.0,135.0,4.0,841.0,139.0,0
2.0,552.0,252.0,227.0,6.0,540.0,159.0,1
13.0,272.0,253.0,154.0,5.0,442.0,92.0,0
12.0,6672.0,208.0,265.0,7.0,1021.0,52.0,1
2.0,754.0,252.0,268.0,4.0,675.0,225.0,1
5.0,1983.0,221.0,16.0,5.0,582.0,108.0,0
7.0,217.0,18.0,79.0,7.0,880.0,130.0,0
15.0,944.0,153.0,261.0,5.0,1055.0,80.0,1
12.0,6710.0,208.0,71.0,7.0,805.0,76.0,0
8.0,1949.0,173.0,16.0,4.0,810.0,93.0,0
12.0,3111.0,48.0,184.0,6.0,640.0,84.0,1
10.0,3620.0,209.0,183.0,1.0,445.0,155.0,0
14.0,16.0,217.0,148.0,1.0,976.0,282.0,0
12.0,6871.0,79.0,192.0,3.0,755.0,102.0,1
10.0,4482.0,233.0,78.0,5.0,500.0,60.0,0
7.0,38.0,252.0,79.0,4.0,375.0,154.0,0
4.0,1139.0,96.0,80.0,7.0,1084.0,250.0,1
16.0,5972.0,208.0,237.0,4.0,1180.0,95.0,0
1.0,2094.0,80.0,173.0,5.0,1040.0,150.0,1
14.0,638.0,217.0,207.0,7.0,890.0,74.0,1
0.0,3931.0,171.0,197.0,1.0,388.0,102.0,0
15.0,2015.0,182.0,173.0,5.0,1055.0,200.0,1
16.0,5934.0,107.0,208.0,1.0,360.0,96.0,0
10.0,3156.0,154.0,242.0,1.0,600.0,120.0,0
16.0,3093.0,96.0,238.0,6.0,1275.0,65.0,0
15.0,340.0,264.0,217.0,4.0,890.0,70.0,1
15.0,225.0,184.0,45.0,4.0,1015.0,115.0,0
13.0,71.0,148.0,154.0,5.0,530.0,380.0,0
10.0,4493.0,268.0,148.0,4.0,620.0,155.0,0
15.0,2547.0,173.0,241.0,1.0,590.0,50.0,0
15.0,702.0,268.0,198.0,5.0,905.0,120.0,0
17.0,1029.0,150.0,128.0,3.0,1090.0,40.0,0
17.0,2614.0,18.0,60.0,7.0,1019.0,154.0,0
6.0,7072.0,182.0,134.0,5.0,860.0,110.0,0
5.0,264.0,217.0,197.0,1.0,850.0,185.0,0
4.0,46.0,154.0,135.0,1.0,750.0,193.0,1
12.0,6600.0,122.0,79.0,4.0,450.0,112.0,0
12.0,7793.0,271.0,261.0,5.0,1091.0,67.0,1
15.0,1519.0,45.0,184.0,6.0,500.0,125.0,0
2.0,73.0,149.0,14.0,3.0,455.0,107.0,0
15.0,2968.0,261.0,217.0,7.0,1000.0,95.0,1
12.0,6937.0,83.0,79.0,3.0,811.0,60.0,0
9.0,240.0,161.0,128.0,1.0,1060.0,30.0,0
10.0,2738.0,121.0,80.0,7.0,390.0,175.0,0
8.0,850.0,97.0,173.0,6.0,785.0,65.0,0
10.0,4619.0,159.0,233.0,5.0,535.0,110.0,0
14.0,1611.0,233.0,60.0,7.0,1185.0,54.0,0
0.0,3753.0,177.0,147.0,7.0,870.0,104.0,0
1.0,1912.0,217.0,80.0,5.0,425.0,140.0,0
10.0,4043.0,276.0,208.0,3.0,1120.0,75.0,1
8.0,95.0,16.0,233.0,5.0,535.0,78.0,0
16.0,3000.0,135.0,41.0,7.0,640.0,61.0,0
8.0,911.0,215.0,16.0,6.0,1186.0,109.0,0
4.0,700.0,104.0,96.0,7.0,628.0,168.0,0
14.0,29.0,60.0,16.0,5.0,560.0,79.0,0
3.0,647.0,148.0,253.0,4.0,1165.0,405.0,0
5.0,2839.0,78.0,16.0,4.0,419.0,135.0,1
8.0,1491.0,61.0,173.0,7.0,741.0,139.0,0
5.0,1156.0,175.0,16.0,6.0,480.0,114.0,0
4.0,423.0,135.0,198.0,3.0,1165.0,71.0,1
15.0,2921.0,252.0,236.0,6.0,785.0,95.0,0
13.0,778.0,134.0,173.0,1.0,739.0,147.0,0
4.0,12.0,128.0,154.0,5.0,1295.0,335.0,0
6.0,7091.0,245.0,134.0,5.0,1160.0,99.0,0
7.0,260.0,79.0,264.0,1.0,780.0,140.0,0
12.0,6718.0,290.0,79.0,6.0,1017.0,123.0,0
13.0,788.0,253.0,35.0,4.0,680.0,344.0,0
8.0,1423.0,277.0,139.0,4.0,845.0,136.0,0
15.0,1809.0,33.0,209.0,6.0,1110.0,95.0,1
12.0,6366.0,227.0,253.0,6.0,996.0,91.0,0
15.0,1128.0,33.0,18.0,7.0,1070.0,140.0,1
11.0,6436.0,71.0,208.0,3.0,1135.0,90.0,0
5.0,2399.0,16.0,234.0,6.0,758.0,92.0,1
14.0,1557.0,216.0,104.0,4.0,955.0,169.0,1
15.0,1563.0,202.0,44.0,6.0,645.0,65.0,1
5.0,2389.0,85.0,197.0,7.0,514.0,126.0,1
9.0,44.0,128.0,258.0,5.0,840.0,305.0,0
13.0,49.0,134.0,154.0,6.0,759.0,346.0,0
4.0,1585.0,178.0,135.0,1.0,325.0,64.0,0
14.0,149.0,252.0,217.0,4.0,315.0,166.0,1
17.0,2824.0,217.0,280.0,3.0,974.0,45.0,0
13.0,83.0,154.0,128.0,3.0,851.0,359.0,1
11.0,6384.0,71.0,159.0,1.0,670.0,119.0,0
0.0,4297.0,43.0,85.0,4.0,810.0,75.0,0
1.0,1156.0,208.0,183.0,4.0,600.0,185.0,0
12.0,4616.0,65.0,197.0,3.0,665.0,135.0,1
12.0,6408.0,253.0,93.0,5.0,782.0,92.0,1
5.0,1087.0,16.0,27.0,5.0,1365.0,52.0,1
12.0,6225.0,84.0,79.0,5.0,1185.0,114.0,0
10.0,4342.0,234.0,208.0,4.0,665.0,135.0,0
14.0,974.0,60.0,197.0,1.0,460.0,167.0,0
8.0,170.0,241.0,16.0,5.0,686.0,109.0,0
1.0,1716.0,80.0,45.0,5.0,840.0,165.0,0
12.0,6363.0,154.0,246.0,7.0,1354.0,41.0,1
12.0,3046.0,221.0,184.0,1.0,645.0,91.0,1
16.0,3075.0,228.0,58.0,5.0,850.0,113.0,0
4.0,315.0,37.0,96.0,4.0,165.0,246.0,1
10.0,3068.0,243.0,154.0,3.0,945.0,45.0,0
12.0,6241.0,253.0,44.0,4.0,562.0,69.0,0
15.0,909.0,45.0,251.0,5.0,595.0,115.0,0
12.0,6537.0,184.0,208.0,6.0,783.0,50.0,0
12.0,6941.0,208.0,65.0,7.0,1079.0,153.0,0
5.0,1865.0,76.0,16.0,5.0,410.0,110.0,0
13.0,791.0,153.0,79.0,4.0,371.0,120.0,0
9.0,207.0,150.0,128.0,4.0,729.0,42.0,0
15.0,1274.0,75.0,18.0,6.0,515.0,55.0,0
15.0,851.0,153.0,154.0,7.0,935.0,65.0,1
4.0,33.0,135.0,198.0,7.0,930.0,66.0,0
0.0,4020.0,121.0,71.0,7.0,410.0,92.0,0
6.0,5143.0,121.0,16.0,5.0,910.0,70.0,1
7.0,108.0,79.0,197.0,5.0,1195.0,110.0,1
5.0,1454.0,154.0,16.0,7.0,1005.0,251.0,1
2.0,62.0,257.0,151.0,5.0,722.0,49.0,0
12.0,4877.0,261.0,46.0,3.0,1290.0,73.0,0
15.0,1370.0,217.0,252.0,7.0,1220.0,190.0,1
6.0,7381.0,177.0,116.0,6.0,575.0,80.0,0
6.0,5464.0,205.0,85.0,3.0,810.0,119.0,0
12.0,6568.0,243.0,154.0,1.0,378.0,52.0,0
2.0,563.0,154.0,214.0,7.0,510.0,147.0,0
11.0,6362.0,133.0,71.0,7.0,885.0,55.0,0
0.0,4152.0,233.0,61.0,7.0,722.0,110.0,0
3.0,1223.0,35.0,233.0,5.0,480.0,125.0,0
1.0,1790.0,268.0,78.0,3.0,1215.0,105.0,0
14.0,1940.0,60.0,12.0,1.0,990.0,118.0,0
0.0,4188.0,16.0,238.0,7.0,1065.0,124.0,1
1.0,1391.0,221.0,80.0,4.0,1095.0,195.0,1
15.0,2356.0,2.0,202.0,4.0,490.0,155.0,0
5.0,1595.0,261.0,243.0,1.0,996.0,113.0,0
12.0,4765.0,153.0,154.0,1.0,360.0,75.0,1
6.0,5546.0,16.0,121.0,3.0,825.0,58.0,0
10.0,4106.0,119.0,208.0,6.0,650.0,65.0,0
1.0,268.0,252.0,148.0,4.0,435.0,315.0,0
1.0,24.0,253.0,148.0,1.0,425.0,325.0,0
15.0,1543.0,45.0,22.0,6.0,1045.0,65.0,1
12.0,6255.0,253.0,44.0,3.0,440.0,69.0,1
15.0,1091.0,75.0,91.0,3.0,400.0,110.0,1
15.0,308.0,279.0,129.0,7.0,535.0,95.0,0
8.0,118.0,277.0,16.0,6.0,645.0,83.0,0
5.0,2266.0,217.0,261.0,4.0,450.0,104.0,0
7.0,516.0,79.0,159.0,1.0,915.0,220.0,1
14.0,1702.0,277.0,60.0,1.0,815.0,97.0,1
5.0,2578.0,243.0,261.0,1.0,375.0,120.0,0
5.0,1125.0,16.0,186.0,5.0,536.0,98.0,0
5.0,2447.0,159.0,16.0,1.0,960.0,162.0,1
10.0,2733.0,80.0,116.0,7.0,1220.0,90.0,0
5.0,1206.0,135.0,16.0,5.0,1079.0,131.0,1
12.0,6397.0,248.0,154.0,5.0,1035.0,65.0,0
11.0,6357.0,22.0,78.0,3.0,360.0,84.0,0
11.0,6645.0,85.0,157.0,6.0,825.0,79.0,0
15.0,442.0,175.0,216.0,3.0,1200.0,120.0,1
10.0,4152.0,21.0,208.0,4.0,370.0,60.0,0
12.0,6967.0,6.0,262.0,3.0,1140.0,57.0,0
7.0,674.0,79.0,173.0,1.0,640.0,212.0,0
15.0,2049.0,153.0,280.0,7.0,925.0,70.0,0
15.0,1566.0,45.0,18.0,3.0,510.0,235.0,1
1.0,704.0,80.0,159.0,7.0,435.0,194.0,0
12.0,6675.0,100.0,79.0,3.0,872.0,134.0,1
15.0,3101.0,268.0,154.0,4.0,690.0,250.0,1
11.0,6446.0,216.0,148.0,4.0,805.0,60.0,0
12.0,6726.0,79.0,145.0,4.0,682.0,93.0,0
15.0,1937.0,243.0,18.0,6.0,1005.0,160.0,1
0.0,3715.0,85.0,209.0,3.0,1300.0,111.0,1
6.0,5424.0,19.0,16.0,3.0,520.0,71.0,0
6.0,5212.0,177.0,87.0,3.0,570.0,87.0,0
8.0,759.0,132.0,173.0,5.0,715.0,105.0,0
8.0,206.0,48.0,16.0,7.0,1176.0,112.0,1
15.0,1402.0,277.0,141.0,5.0,550.0,155.0,0
10.0,3879.0,208.0,78.0,6.0,905.0,105.0,0
14.0,397.0,153.0,80.0,3.0,1005.0,157.0,0
15.0,505.0,217.0,251.0,3.0,960.0,205.0,1
6.0,5612.0,176.0,16.0,5.0,370.0,68.0,0
14.0,347.0,214.0,217.0,3.0,330.0,148.0,0
0.0,3728.0,177.0,66.0,7.0,875.0,80.0,0
1.0,1053.0,208.0,18.0,3.0,830.0,165.0,1
10.0,3709.0,16.0,208.0,1.0,845.0,125.0,0
0.0,3945.0,166.0,197.0,7.0,585.0,55.0,0
16.0,2270.0,135.0,197.0,7.0,690.0,153.0,1
12.0,6319.0,221.0,134.0,5.0,1023.0,62.0,0
5.0,2758.0,154.0,253.0,1.0,965.0,75.0,1
15.0,1109.0,173.0,153.0,3.0,815.0,325.0,1
12.0,6398.0,253.0,34.0,6.0,1160.0,92.0,0
17.0,2847.0,217.0,292.0,3.0,1255.0,70.0,0
16.0,2566.0,261.0,135.0,5.0,855.0,176.0,0
10.0,3335.0,56.0,80.0,7.0,765.0,135.0,0
1.0,1118.0,80.0,221.0,4.0,1100.0,150.0,0
0.0,3838.0,43.0,85.0,7.0,609.0,85.0,1
1.0,1685.0,80.0,91.0,7.0,985.0,100.0,0
1.0,1794.0,100.0,80.0,4.0,405.0,195.0,1
17.0,7243.0,208.0,12.0,7.0,520.0,110.0,0
1.0,2258.0,244.0,80.0,5.0,375.0,65.0,0
5.0,2430.0,33.0,85.0,3.0,530.0,100.0,0
5.0,2811.0,177.0,104.0,6.0,560.0,139.0,1
5.0,1758.0,54.0,16.0,6.0,390.0,75.0,0
14.0,1439.0,60.0,154.0,7.0,1090.0,329.0,0
15.0,1227.0,233.0,216.0,1.0,645.0,75.0,1
6.0,7092.0,134.0,182.0,3.0,1323.0,91.0,0
1.0,1629.0,80.0,243.0,3.0,630.0,195.0,1
15.0,903.0,172.0,175.0,4.0,1015.0,85.0,1
16.0,2446.0,135.0,204.0,7.0,1010.0,83.0,1
5.0,1231.0,261.0,198.0,1.0,835.0,194.0,1
12.0,6373.0,246.0,154.0,4.0,688.0,48.0,0
2.0,628.0,31.0,153.0,5.0,1040.0,154.0,0
1.0,1007.0,183.0,217.0,1.0,1015.0,320.0,0
11.0,6516.0,197.0,148.0,4.0,425.0,165.0,0
15.0,3492.0,258.0,243.0,1.0,1035.0,80.0,1
5.0,1984.0,16.0,221.0,1.0,445.0,97.0,0
10.0,2816.0,181.0,80.0,5.0,460.0,100.0,0
1.0,1636.0,91.0,80.0,3.0,570.0,105.0,0
1.0,1.0,148.0,154.0,4.0,550.0,385.0,0
16.0,3017.0,288.0,135.0,3.0,390.0,114.0,0
13.0,369.0,79.0,214.0,5.0,705.0,178.0,0
0.0,3997.0,177.0,147.0,5.0,520.0,104.0,0
11.0,6514.0,221.0,197.0,6.0,776.0,149.0,1
10.0,3201.0,80.0,52.0,6.0,790.0,110.0,0
4.0,1086.0,135.0,173.0,4.0,960.0,134.0,1
13.0,25.0,148.0,154.0,6.0,1091.0,383.0,0
10.0,2965.0,165.0,80.0,1.0,460.0,85.0,1
7.0,386.0,79.0,104.0,7.0,510.0,227.0,1
16.0,2086.0,162.0,96.0,5.0,400.0,165.0,1
1.0,804.0,80.0,139.0,3.0,810.0,125.0,1
1.0,633.0,260.0,80.0,5.0,790.0,310.0,0
5.0,1100.0,153.0,261.0,7.0,400.0,82.0,0
10.0,4027.0,208.0,290.0,5.0,1280.0,105.0,0
16.0,3071.0,96.0,76.0,7.0,1242.0,124.0,0
1.0,1539.0,183.0,208.0,4.0,1050.0,205.0,0
14.0,1186.0,60.0,45.0,5.0,985.0,86.0,0
16.0,3117.0,96.0,78.0,4.0,1170.0,77.0,0
12.0,4623.0,261.0,204.0,7.0,827.0,135.0,1
10.0,3902.0,208.0,290.0,6.0,540.0,110.0,0
13.0,707.0,208.0,79.0,6.0,360.0,160.0,0
15.0,893.0,2.0,75.0,6.0,1095.0,95.0,1
12.0,4600.0,253.0,261.0,4.0,613.0,117.0,0
3.0,100.0,148.0,43.0,1.0,418.0,89.0,0
10.0,4164.0,61.0,208.0,6.0,1055.0,90.0,1
10.0,4581.0,60.0,159.0,5.0,360.0,110.0,0
1.0,841.0,260.0,183.0,1.0,805.0,165.0,0
12.0,6624.0,232.0,214.0,3.0,724.0,45.0,0
7.0,147.0,129.0,79.0,3.0,1150.0,145.0,0
2.0,527.0,44.0,252.0,5.0,420.0,160.0,0
14.0,497.0,60.0,79.0,3.0,1230.0,228.0,1
17.0,2603.0,60.0,71.0,4.0,595.0,97.0,0
5.0,1910.0,80.0,16.0,1.0,945.0,121.0,1
3.0,434.0,173.0,35.0,1.0,965.0,164.0,1
1.0,1273.0,80.0,236.0,3.0,565.0,220.0,1
12.0,6629.0,79.0,246.0,5.0,1116.0,151.0,0
15.0,454.0,87.0,33.0,4.0,575.0,90.0,0
3.0,95.0,148.0,202.0,3.0,779.0,389.0,1
6.0,5486.0,54.0,16.0,5.0,761.0,82.0,1
15.0,1972.0,217.0,18.0,6.0,625.0,130.0,0
0.0,4021.0,159.0,54.0,7.0,939.0,145.0,1
16.0,2098.0,68.0,135.0,5.0,670.0,62.0,0
10.0,4179.0,193.0,208.0,6.0,585.0,85.0,0
3.0,48.0,148.0,42.0,3.0,660.0,67.0,0
13.0,332.0,262.0,208.0,1.0,797.0,243.0,1
12.0,6924.0,79.0,126.0,4.0,1295.0,51.0,1
15.0,1211.0,146.0,45.0,6.0,745.0,130.0,0
14.0,574.0,217.0,277.0,3.0,965.0,226.0,0
5.0,2119.0,159.0,197.0,1.0,485.0,192.0,0
14.0,410.0,253.0,60.0,7.0,675.0,288.0,0
8.0,258.0,106.0,16.0,4.0,767.0,125.0,0
4.0,349.0,253.0,96.0,1.0,450.0,321.0,0
15.0,1481.0,33.0,79.0,3.0,365.0,185.0,1
2.0,602.0,252.0,153.0,5.0,460.0,142.0,0
15.0,2655.0,153.0,44.0,1.0,490.0,65.0,0
16.0,3065.0,96.0,54.0,6.0,560.0,137.0,0
15.0,477.0,43.0,175.0,3.0,440.0,115.0,1
3.0,1147.0,42.0,173.0,5.0,566.0,196.0,0
13.0,940.0,79.0,208.0,5.0,830.0,149.0,0
11.0,6396.0,268.0,233.0,3.0,420.0,121.0,0
15.0,554.0,241.0,175.0,3.0,495.0,180.0,0
5.0,1479.0,177.0,153.0,7.0,570.0,234.0,0
5.0,2196.0,197.0,159.0,5.0,920.0,165.0,1
4.0,1500.0,104.0,96.0,7.0,800.0,185.0,0
15.0,1824.0,45.0,209.0,5.0,510.0,50.0,0
8.0,128.0,277.0,16.0,4.0,756.0,95.0,0
12.0,6456.0,79.0,136.0,3.0,1051.0,79.0,0
12.0,6429.0,153.0,253.0,4.0,637.0,102.0,0
13.0,674.0,208.0,159.0,5.0,545.0,132.0,0
10.0,3216.0,129.0,80.0,3.0,730.0,70.0,0
10.0,3097.0,246.0,154.0,1.0,700.0,45.0,1
15.0,1173.0,217.0,175.0,1.0,970.0,200.0,1
1.0,1413.0,80.0,153.0,3.0,465.0,175.0,0
15.0,1766.0,261.0,252.0,4.0,525.0,135.0,0
13.0,670.0,198.0,134.0,5.0,768.0,147.0,1
1.0,2041.0,78.0,183.0,7.0,500.0,165.0,0
4.0,1646.0,135.0,208.0,4.0,630.0,149.0,1
4.0,1542.0,135.0,260.0,5.0,1439.0,244.0,1
5.0,1620.0,16.0,234.0,3.0,811.0,89.0,1
12.0,6375.0,208.0,63.0,6.0,715.0,81.0,0
13.0,544.0,253.0,214.0,5.0,1202.0,111.0,0
14.0,1980.0,216.0,228.0,4.0,945.0,68.0,0
12.0,6963.0,79.0,192.0,7.0,1169.0,102.0,1
12.0,6298.0,253.0,80.0,7.0,1104.0,202.0,1
6.0,5020.0,16.0,17.0,1.0,1079.0,131.0,0
5.0,2105.0,277.0,197.0,7.0,480.0,207.0,0
1.0,333.0,159.0,208.0,6.0,840.0,165.0,1
13.0,917.0,134.0,252.0,7.0,1030.0,358.0,1
15.0,2797.0,44.0,202.0,6.0,615.0,70.0,0
2.0,648.0,252.0,280.0,6.0,715.0,173.0,0
17.0,1011.0,128.0,203.0,4.0,570.0,35.0,0
15.0,1198.0,217.0,243.0,1.0,755.0,70.0,1
5.0,1298.0,150.0,154.0,5.0,1304.0,316.0,0
15.0,1541.0,207.0,202.0,6.0,735.0,70.0,1
13.0,668.0,208.0,159.0,4.0,360.0,127.0,0
5.0,2105.0,277.0,197.0,6.0,480.0,207.0,0
15.0,730.0,18.0,79.0,6.0,1025.0,145.0,1
8.0,1137.0,104.0,174.0,3.0,515.0,158.0,0
15.0,474.0,45.0,209.0,3.0,690.0,50.0,1
15.0,2906.0,104.0,173.0,1.0,550.0,55.0,1
8.0,718.0,159.0,48.0,3.0,1199.0,96.0,1
16.0,5952.0,27.0,208.0,3.0,1015.0,134.0,1
12.0,6382.0,253.0,34.0,1.0,421.0,92.0,1
5.0,1822.0,85.0,35.0,7.0,1300.0,119.0,1
4.0,222.0,198.0,135.0,1.0,325.0,70.0,0
10.0,3703.0,208.0,16.0,1.0,1060.0,125.0,1
8.0,77.0,16.0,104.0,1.0,540.0,108.0,0
5.0,2330.0,197.0,177.0,3.0,660.0,125.0,0
15.0,1533.0,79.0,2.0,3.0,985.0,70.0,1
10.0,4155.0,208.0,85.0,6.0,775.0,80.0,0
5.0,2001.0,16.0,147.0,3.0,1044.0,70.0,1
1.0,252.0,154.0,183.0,3.0,875.0,280.0,1
6.0,5174.0,35.0,78.0,1.0,695.0,105.0,0
8.0,77.0,16.0,104.0,3.0,525.0,113.0,0
5.0,2235.0,85.0,197.0,1.0,1045.0,120.0,0
1.0,1723.0,45.0,183.0,6.0,370.0,160.0,0
9.0,543.0,203.0,128.0,1.0,1031.0,34.0,0
3.0,133.0,148.0,241.0,7.0,415.0,192.0,0
16.0,2621.0,251.0,58.0,3.0,790.0,65.0,0
6.0,5193.0,16.0,74.0,6.0,960.0,83.0,0
2.0,742.0,252.0,16.0,7.0,560.0,289.0,0
15.0,3238.0,175.0,159.0,1.0,475.0,150.0,0
15.0,2903.0,18.0,75.0,4.0,805.0,55.0,0
5.0,1181.0,241.0,16.0,7.0,360.0,110.0,0
5.0,1097.0,139.0,16.0,1.0,1027.0,102.0,1
5.0,2400.0,16.0,35.0,7.0,1070.0,152.0,1
10.0,3324.0,254.0,80.0,3.0,660.0,90.0,1
0.0,3657.0,273.0,16.0,5.0,763.0,154.0,0
15.0,317.0,198.0,173.0,7.0,1140.0,95.0,1
12.0,6390.0,264.0,253.0,6.0,739.0,85.0,0
15.0,56.0,68.0,129.0,7.0,1125.0,50.0,1
15.0,3110.0,243.0,202.0,5.0,880.0,85.0,1
6.0,5403.0,119.0,177.0,5.0,430.0,122.0,0
12.0,6321.0,154.0,243.0,6.0,452.0,46.0,0
5.0,1604.0,264.0,261.0,7.0,785.0,108.0,1
15.0,1650.0,45.0,35.0,6.0,655.0,80.0,0
5.0,2052.0,198.0,16.0,1.0,375.0,95.0,0
5.0,1186.0,147.0,16.0,5.0,772.0,78.0,0
2.0,70.0,14.0,149.0,7.0,1185.0,105.0,0
11.0,6272.0,71.0,61.0,5.0,985.0,50.0,0
7.0,652.0,253.0,79.0,4.0,890.0,147.0,0
12.0,6686.0,65.0,79.0,3.0,1080.0,46.0,0
15.0,1128.0,33.0,18.0,1.0,1070.0,140.0,0
15.0,1702.0,33.0,153.0,6.0,715.0,260.0,1
1.0,246.0,150.0,154.0,6.0,1365.0,310.0,0
13.0,956.0,208.0,45.0,1.0,985.0,113.0,1
4.0,149.0,104.0,135.0,5.0,902.0,167.0,0
10.0,4396.0,233.0,78.0,7.0,435.0,65.0,1
12.0,6526.0,154.0,217.0,1.0,523.0,77.0,0
10.0,3853.0,16.0,208.0,1.0,360.0,115.0,0
10.0,3905.0,76.0,208.0,5.0,475.0,80.0,0
15.0,2217.0,18.0,129.0,6.0,475.0,50.0,0
6.0,7085.0,121.0,134.0,4.0,618.0,82.0,0
5.0,1152.0,128.0,253.0,5.0,1405.0,311.0,1
10.0,3020.0,100.0,154.0,6.0,555.0,65.0,0
1.0,1188.0,80.0,78.0,3.0,1050.0,160.0,0
6.0,5201.0,16.0,12.0,7.0,890.0,137.0,0
17.0,1957.0,128.0,203.0,5.0,1295.0,35.0,1
0.0,4250.0,139.0,148.0,6.0,750.0,145.0,1
9.0,168.0,128.0,150.0,1.0,625.0,43.0,0
13.0,465.0,79.0,28.0,4.0,1305.0,93.0,0
1.0,2075.0,96.0,80.0,4.0,1185.0,245.0,0
15.0,3499.0,173.0,228.0,1.0,670.0,155.0,0
16.0,2202.0,60.0,96.0,1.0,650.0,105.0,0
14.0,224.0,217.0,35.0,4.0,975.0,284.0,0
5.0,2954.0,217.0,71.0,5.0,754.0,211.0,0
3.0,579.0,130.0,213.0,6.0,650.0,170.0,0
15.0,3088.0,75.0,2.0,6.0,585.0,110.0,0
0.0,3907.0,61.0,85.0,3.0,810.0,69.0,1
14.0,889.0,60.0,138.0,4.0,1210.0,60.0,1
5.0,2421.0,197.0,154.0,6.0,1040.0,241.0,0
5.0,2775.0,268.0,85.0,7.0,1075.0,96.0,0
11.0,6571.0,85.0,209.0,7.0,1065.0,111.0,1
11.0,6554.0,78.0,268.0,1.0,751.0,143.0,0
15.0,2466.0,202.0,207.0,7.0,1045.0,70.0,0
10.0,3233.0,80.0,68.0,4.0,480.0,80.0,1
1.0,1254.0,80.0,35.0,4.0,935.0,210.0,0
14.0,61.0,60.0,277.0,1.0,780.0,99.0,0
14.0,1153.0,216.0,80.0,5.0,575.0,225.0,0
12.0,7755.0,261.0,49.0,5.0,459.0,72.0,0
14.0,1239.0,216.0,198.0,5.0,590.0,202.0,0
14.0,528.0,268.0,217.0,4.0,1070.0,209.0,0
16.0,2648.0,233.0,96.0,7.0,788.0,92.0,0
1.0,1106.0,80.0,35.0,6.0,480.0,210.0,1
15.0,453.0,197.0,175.0,3.0,1105.0,90.0,1
6.0,5491.0,201.0,16.0,3.0,360.0,98.0,0
5.0,2222.0,16.0,60.0,1.0,505.0,86.0,0
17.0,7263.0,134.0,172.0,1.0,1047.0,169.0,0
15.0,170.0,153.0,217.0,3.0,875.0,70.0,1
0.0,4128.0,233.0,22.0,7.0,1140.0,125.0,1
15.0,1480.0,207.0,202.0,6.0,940.0,75.0,0
14.0,551.0,214.0,217.0,7.0,690.0,148.0,0
14.0,1199.0,221.0,60.0,6.0,1035.0,91.0,1
5.0,1182.0,252.0,261.0,3.0,955.0,116.0,1
3.0,370.0,104.0,159.0,6.0,360.0,159.0,0
15.0,2012.0,258.0,44.0,5.0,700.0,60.0,1
15.0,1084.0,175.0,233.0,3.0,855.0,110.0,1
12.0,6667.0,253.0,172.0,3.0,660.0,199.0,1
12.0,6723.0,253.0,252.0,6.0,769.0,122.0,0
5.0,2390.0,197.0,139.0,4.0,610.0,100.0,0
13.0,310.0,79.0,159.0,1.0,665.0,223.0,0
15.0,1710.0,217.0,268.0,4.0,1090.0,175.0,0
6.0,5380.0,146.0,16.0,6.0,942.0,86.0,1
1.0,1642.0,268.0,78.0,6.0,740.0,110.0,0
3.0,1439.0,253.0,160.0,6.0,1079.0,80.0,0
6.0,5451.0,16.0,288.0,7.0,988.0,77.0,0
10.0,3311.0,80.0,266.0,4.0,495.0,50.0,0
0.0,3668.0,285.0,159.0,1.0,360.0,131.0,0
12.0,6449.0,208.0,261.0,3.0,1040.0,210.0,1
15.0,1474.0,2.0,217.0,5.0,1245.0,75.0,0
11.0,6421.0,96.0,71.0,4.0,385.0,140.0,1
0.0,4122.0,279.0,177.0,5.0,980.0,78.0,0
6.0,5345.0,16.0,256.0,7.0,1305.0,113.0,0
0.0,4372.0,197.0,112.0,7.0,550.0,80.0,0
12.0,4687.0,137.0,261.0,3.0,410.0,56.0,1
13.0,523.0,107.0,79.0,5.0,817.0,108.0,1
10.0,2944.0,170.0,80.0,4.0,1105.0,70.0,0
15.0,1581.0,154.0,202.0,5.0,680.0,75.0,1
10.0,4180.0,208.0,60.0,5.0,685.0,115.0,0
11.0,6313.0,71.0,133.0,4.0,810.0,49.0,0
9.0,123.0,128.0,161.0,4.0,456.0,36.0,0
3.0,1225.0,35.0,233.0,1.0,855.0,123.0,0
10.0,3242.0,256.0,80.0,6.0,575.0,60.0,0
12.0,6911.0,208.0,184.0,7.0,560.0,42.0,0
15.0,1607.0,79.0,202.0,6.0,1175.0,170.0,1
8.0,558.0,16.0,43.0,1.0,615.0,122.0,0
7.0,403.0,79.0,154.0,7.0,525.0,146.0,1
15.0,1128.0,182.0,216.0,3.0,830.0,95.0,1
13.0,730.0,264.0,208.0,5.0,668.0,237.0,0
12.0,7027.0,79.0,261.0,4.0,921.0,85.0,0
1.0,355.0,80.0,207.0,3.0,1010.0,195.0,0
15.0,2897.0,91.0,244.0,6.0,950.0,80.0,0
4.0,358.0,135.0,78.0,5.0,660.0,167.0,0
12.0,6685.0,56.0,79.0,5.0,560.0,145.0,0
5.0,2665.0,78.0,173.0,6.0,425.0,151.0,1
14.0,1166.0,60.0,221.0,7.0,690.0,85.0,0
6.0,5284.0,132.0,16.0,1.0,680.0,60.0,0
12.0,4741.0,137.0,261.0,3.0,905.0,59.0,0
15.0,2028.0,268.0,75.0,6.0,1060.0,110.0,0
6.0,7093.0,134.0,61.0,7.0,749.0,80.0,0
16.0,5923.0,208.0,164.0,3.0,1205.0,99.0,1
5.0,1753.0,45.0,197.0,5.0,530.0,162.0,0
5.0,2146.0,198.0,16.0,5.0,525.0,85.0,0
15.0,3920.0,268.0,204.0,5.0,635.0,100.0,1
14.0,9.0,217.0,208.0,3.0,1175.0,194.0,0
5.0,2859.0,197.0,268.0,4.0,625.0,92.0,0
5.0,2947.0,159.0,16.0,3.0,1260.0,153.0,1
15.0,1072.0,75.0,18.0,4.0,1220.0,55.0,1
5.0,1838.0,245.0,16.0,6.0,918.0,75.0,0
5.0,335.0,60.0,16.0,1.0,1022.0,88.0,0
5.0,2565.0,16.0,214.0,1.0,515.0,337.0,1
8.0,221.0,153.0,184.0,4.0,630.0,208.0,0
8.0,815.0,45.0,35.0,4.0,990.0,87.0,0
5.0,1493.0,96.0,85.0,4.0,562.0,121.0,1
15.0,1589.0,172.0,252.0,3.0,890.0,255.0,1
12.0,6925.0,154.0,252.0,3.0,405.0,164.0,0
10.0,3842.0,197.0,208.0,3.0,350.0,95.0,1
8.0,298.0,129.0,16.0,6.0,654.0,112.0,0
1.0,385.0,80.0,91.0,1.0,630.0,105.0,0
2.0,65.0,149.0,14.0,1.0,780.0,107.0,0
5.0,126.0,253.0,148.0,3.0,510.0,345.0,1
15.0,3659.0,27.0,75.0,5.0,820.0,120.0,1
1.0,474.0,80.0,16.0,6.0,775.0,120.0,0
15.0,3401.0,79.0,244.0,1.0,665.0,130.0,1
5.0,2920.0,198.0,85.0,1.0,675.0,148.0,0
16.0,3158.0,135.0,280.0,7.0,690.0,155.0,0
7.0,609.0,139.0,79.0,6.0,1195.0,165.0,1
17.0,2715.0,280.0,217.0,7.0,960.0,50.0,0
13.0,897.0,35.0,134.0,4.0,570.0,111.0,0
5.0,2536.0,173.0,35.0,7.0,1125.0,171.0,1
15.0,1533.0,91.0,244.0,5.0,1160.0,75.0,1
15.0,1438.0,205.0,175.0,6.0,850.0,80.0,0
5.0,2285.0,22.0,16.0,7.0,926.0,165.0,1
16.0,2592.0,139.0,58.0,1.0,810.0,62.0,1
16.0,3065.0,96.0,54.0,7.0,560.0,137.0,0
6.0,5192.0,187.0,16.0,5.0,1075.0,120.0,1
15.0,1795.0,129.0,217.0,5.0,1100.0,175.0,1
12.0,6688.0,136.0,79.0,5.0,595.0,96.0,0
13.0,505.0,172.0,79.0,7.0,1190.0,115.0,0
16.0,3089.0,60.0,58.0,3.0,850.0,90.0,0
9.0,515.0,203.0,128.0,6.0,1365.0,33.0,0
17.0,2850.0,292.0,217.0,3.0,1155.0,70.0,0
4.0,1139.0,96.0,80.0,1.0,1080.0,250.0,1
5.0,718.0,217.0,261.0,3.0,662.0,103.0,0
1.0,1051.0,217.0,183.0,5.0,510.0,245.0,0
17.0,2668.0,60.0,33.0,1.0,961.0,88.0,0
12.0,6510.0,262.0,154.0,5.0,1176.0,83.0,1
1.0,1638.0,80.0,22.0,7.0,1210.0,190.0,1
8.0,470.0,16.0,45.0,6.0,1260.0,109.0,1
5.0,734.0,16.0,233.0,7.0,596.0,98.0,1
13.0,494.0,208.0,35.0,4.0,550.0,139.0,0
13.0,201.0,134.0,252.0,5.0,497.0,358.0,1
7.0,401.0,79.0,154.0,4.0,420.0,145.0,0
12.0,6555.0,114.0,79.0,7.0,585.0,58.0,0
7.0,551.0,79.0,243.0,7.0,1088.0,141.0,1
15.0,669.0,154.0,202.0,4.0,540.0,75.0,1
15.0,2529.0,154.0,217.0,1.0,590.0,75.0,1
4.0,651.0,18.0,96.0,1.0,385.0,205.0,1
15.0,2377.0,221.0,173.0,5.0,375.0,150.0,1
5.0,566.0,16.0,209.0,1.0,748.0,95.0,0
1.0,888.0,252.0,80.0,6.0,505.0,230.0,0
8.0,892.0,154.0,184.0,4.0,720.0,240.0,0
2.0,676.0,252.0,79.0,6.0,460.0,155.0,0
13.0,291.0,134.0,262.0,1.0,1056.0,351.0,1
10.0,3528.0,184.0,80.0,3.0,1090.0,160.0,1
5.0,2111.0,16.0,80.0,1.0,885.0,145.0,0
2.0,10.0,252.0,173.0,6.0,1365.0,317.0,1
0.0,4287.0,71.0,85.0,3.0,460.0,87.0,1
10.0,3639.0,183.0,60.0,6.0,1290.0,125.0,1
12.0,4855.0,261.0,28.0,1.0,591.0,84.0,1
6.0,5309.0,174.0,16.0,3.0,794.0,131.0,1
5.0,1083.0,233.0,16.0,5.0,810.0,95.0,1
1.0,1084.0,258.0,80.0,7.0,1040.0,190.0,1
6.0,5113.0,81.0,16.0,7.0,620.0,60.0,0
12.0,6909.0,253.0,210.0,4.0,675.0,115.0,1
13.0,475.0,60.0,208.0,1.0,360.0,133.0,0
10.0,3562.0,58.0,80.0,5.0,1100.0,185.0,0
16.0,2058.0,172.0,96.0,4.0,1135.0,158.0,0
6.0,5599.0,178.0,177.0,3.0,987.0,113.0,1
6.0,5272.0,190.0,177.0,5.0,390.0,76.0,0
0.0,4061.0,20.0,85.0,1.0,995.0,100.0,1
16.0,5985.0,33.0,208.0,4.0,392.0,107.0,0
6.0,5217.0,132.0,16.0,3.0,632.0,58.0,1
16.0,2280.0,135.0,223.0,5.0,1165.0,86.0,0
16.0,2258.0,19.0,135.0,6.0,885.0,150.0,0
16.0,3095.0,61.0,135.0,6.0,725.0,174.0,1
17.0,2648.0,217.0,153.0,5.0,405.0,68.0,0
1.0,1654.0,80.0,264.0,6.0,980.0,200.0,1
16.0,3083.0,135.0,184.0,5.0,445.0,153.0,0
1.0,560.0,236.0,208.0,7.0,830.0,235.0,0
4.0,686.0,135.0,173.0,1.0,615.0,133.0,1
15.0,3333.0,75.0,170.0,4.0,1090.0,70.0,0
0.0,4138.0,85.0,84.0,4.0,535.0,116.0,0
10.0,3096.0,243.0,154.0,5.0,1255.0,50.0,0
0.0,3683.0,250.0,85.0,6.0,370.0,90.0,0
12.0,6328.0,280.0,79.0,7.0,529.0,124.0,0
10.0,3979.0,71.0,208.0,4.0,1200.0,90.0,0
13.0,83.0,154.0,128.0,1.0,851.0,359.0,0
6.0,5064.0,33.0,16.0,1.0,645.0,68.0,1
11.0,6452.0,85.0,134.0,4.0,620.0,96.0,0
4.0,351.0,18.0,96.0,7.0,880.0,218.0,1
11.0,6479.0,238.0,148.0,3.0,925.0,103.0,0
15.0,3932.0,202.0,34.0,4.0,1115.0,85.0,1
12.0,6868.0,79.0,34.0,3.0,1299.0,122.0,0
1.0,705.0,80.0,227.0,7.0,605.0,190.0,1
13.0,544.0,253.0,214.0,3.0,1200.0,111.0,0
15.0,2056.0,216.0,217.0,6.0,835.0,335.0,1
14.0,995.0,234.0,60.0,5.0,420.0,76.0,0
5.0,1799.0,16.0,228.0,6.0,574.0,150.0,0
11.0,6404.0,78.0,35.0,7.0,475.0,93.0,0
12.0,7043.0,65.0,79.0,1.0,965.0,40.0,0
6.0,5440.0,16.0,115.0,5.0,898.0,76.0,0
15.0,1498.0,236.0,153.0,3.0,1250.0,70.0,0
5.0,1501.0,35.0,16.0,5.0,435.0,190.0,0
5.0,1522.0,119.0,85.0,3.0,1055.0,65.0,1
5.0,1200.0,16.0,35.0,4.0,595.0,163.0,0
6.0,5198.0,16.0,130.0,5.0,970.0,135.0,0
2.0,634.0,214.0,217.0,3.0,400.0,158.0,1
14.0,2138.0,159.0,35.0,3.0,1080.0,75.0,1
15.0,2608.0,172.0,45.0,7.0,820.0,140.0,1
0.0,3991.0,85.0,175.0,4.0,750.0,73.0,0
0.0,3839.0,85.0,33.0,7.0,1033.0,105.0,1
4.0,147.0,208.0,135.0,3.0,585.0,164.0,1
5.0,174.0,173.0,16.0,3.0,1170.0,95.0,0
16.0,2885.0,135.0,65.0,1.0,550.0,141.0,0
4.0,1770.0,173.0,58.0,1.0,755.0,141.0,1
15.0,949.0,79.0,261.0,3.0,705.0,90.0,0
5.0,1966.0,16.0,61.0,5.0,765.0,90.0,0
5.0,2714.0,252.0,197.0,4.0,500.0,199.0,0
0.0,3651.0,106.0,85.0,4.0,982.0,47.0,1
5.0,1174.0,245.0,16.0,4.0,512.0,83.0,0
15.0,1333.0,162.0,153.0,7.0,1010.0,215.0,1
1.0,2321.0,208.0,80.0,1.0,700.0,150.0,0
10.0,4005.0,107.0,208.0,4.0,1080.0,100.0,1
15.0,2895.0,209.0,147.0,7.0,500.0,105.0,0
12.0,6872.0,192.0,79.0,6.0,516.0,97.0,0
12.0,4451.0,261.0,67.0,4.0,677.0,75.0,0
6.0,5053.0,16.0,287.0,3.0,1245.0,65.0,1
6.0,5525.0,58.0,16.0,6.0,732.0,112.0,1
14.0,1735.0,16.0,60.0,7.0,835.0,78.0,1
15.0,186.0,175.0,251.0,4.0,1190.0,65.0,1
14.0,1627.0,96.0,60.0,1.0,895.0,115.0,0
10.0,2837.0,80.0,239.0,7.0,580.0,85.0,1
6.0,5567.0,16.0,162.0,3.0,600.0,112.0,0
14.0,183.0,207.0,217.0,3.0,390.0,75.0,0
15.0,5.0,75.0,129.0,7.0,480.0,60.0,1
5.0,2409.0,261.0,153.0,5.0,580.0,90.0,1
15.0,993.0,79.0,134.0,1.0,1075.0,185.0,1
16.0,5995.0,208.0,29.0,6.0,715.0,138.0,1
4.0,308.0,214.0,135.0,4.0,360.0,238.0,0
15.0,901.0,264.0,153.0,7.0,985.0,65.0,1
14.0,1166.0,60.0,221.0,5.0,690.0,85.0,0
14.0,740.0,260.0,216.0,5.0,820.0,244.0,0
13.0,77.0,253.0,128.0,5.0,990.0,344.0,0
14.0,408.0,253.0,217.0,4.0,1035.0,118.0,0
12.0,6316.0,252.0,214.0,3.0,905.0,48.0,0
11.0,6763.0,148.0,273.0,3.0,910.0,86.0,0
0.0,4303.0,172.0,177.0,4.0,670.0,84.0,0
6.0,4966.0,16.0,215.0,3.0,505.0,98.0,0
15.0,1163.0,253.0,264.0,4.0,410.0,85.0,1
12.0,4870.0,261.0,79.0,5.0,1210.0,83.0,0
12.0,6528.0,217.0,154.0,7.0,1200.0,83.0,0
4.0,1793.0,61.0,135.0,3.0,1055.0,171.0,0
2.0,22.0,252.0,208.0,1.0,765.0,242.0,1
15.0,195.0,268.0,217.0,1.0,570.0,210.0,1
6.0,7397.0,52.0,16.0,3.0,885.0,56.0,0
9.0,544.0,128.0,203.0,4.0,966.0,37.0,1
8.0,1042.0,104.0,61.0,1.0,916.0,158.0,0
16.0,3041.0,135.0,68.0,1.0,615.0,68.0,0
13.0,308.0,208.0,173.0,6.0,1180.0,161.0,0
1.0,530.0,268.0,80.0,1.0,1080.0,120.0,0
5.0,2788.0,197.0,184.0,5.0,435.0,73.0,1
6.0,5139.0,16.0,180.0,7.0,1017.0,58.0,0
13.0,256.0,61.0,208.0,6.0,1132.0,88.0,1
11.0,6541.0,71.0,197.0,3.0,915.0,130.0,1
15.0,1109.0,173.0,153.0,4.0,815.0,325.0,0
11.0,6681.0,216.0,85.0,3.0,878.0,117.0,0
8.0,828.0,184.0,267.0,3.0,854.0,160.0,0
12.0,4522.0,261.0,29.0,6.0,1035.0,124.0,0
4.0,450.0,96.0,18.0,7.0,905.0,258.0,1
1.0,2513.0,80.0,79.0,4.0,1115.0,125.0,0
15.0,767.0,153.0,262.0,1.0,995.0,90.0,1
4.0,111.0,96.0,58.0,7.0,1050.0,100.0,0
1.0,1021.0,208.0,153.0,3.0,570.0,235.0,1
16.0,2605.0,135.0,75.0,1.0,530.0,63.0,0
10.0,3302.0,187.0,80.0,3.0,380.0,140.0,0
10.0,4249.0,22.0,208.0,4.0,960.0,165.0,0
10.0,3219.0,80.0,129.0,5.0,520.0,65.0,0
5.0,2285.0,22.0,16.0,4.0,926.0,165.0,1
15.0,2012.0,129.0,104.0,7.0,1195.0,135.0,1
10.0,3115.0,258.0,154.0,1.0,610.0,75.0,1
15.0,3915.0,33.0,175.0,7.0,580.0,85.0,0
15.0,1421.0,252.0,217.0,5.0,1080.0,170.0,1
10.0,2749.0,80.0,76.0,3.0,545.0,135.0,0
12.0,6451.0,154.0,263.0,5.0,1313.0,55.0,0
15.0,967.0,104.0,198.0,4.0,485.0,130.0,0
5.0,1004.0,279.0,16.0,1.0,420.0,122.0,0
1.0,2574.0,183.0,16.0,7.0,1180.0,125.0,1
14.0,880.0,216.0,35.0,6.0,1365.0,72.0,0
16.0,2494.0,208.0,96.0,4.0,1065.0,137.0,0
16.0,2559.0,135.0,158.0,4.0,585.0,58.0,0
15.0,8.0,129.0,75.0,7.0,480.0,55.0,0
17.0,2878.0,217.0,91.0,3.0,790.0,75.0,0
10.0,4227.0,84.0,208.0,6.0,675.0,80.0,0
13.0,536.0,208.0,159.0,3.0,420.0,132.0,1
14.0,908.0,277.0,60.0,6.0,315.0,96.0,0
5.0,432.0,96.0,85.0,3.0,753.0,117.0,0
16.0,2791.0,135.0,71.0,6.0,770.0,121.0,0
13.0,217.0,134.0,253.0,1.0,540.0,368.0,1
14.0,1460.0,253.0,60.0,6.0,675.0,288.0,0
16.0,5939.0,208.0,218.0,5.0,1024.0,50.0,0
12.0,4719.0,261.0,160.0,6.0,515.0,113.0,1
15.0,929.0,12.0,45.0,3.0,1175.0,75.0,1
12.0,6675.0,79.0,100.0,3.0,746.0,145.0,1
15.0,731.0,79.0,216.0,4.0,670.0,220.0,0
5.0,2481.0,209.0,16.0,5.0,345.0,120.0,0
10.0,3290.0,223.0,80.0,3.0,630.0,125.0,0
0.0,4036.0,71.0,78.0,3.0,690.0,86.0,1
1.0,654.0,80.0,35.0,4.0,605.0,205.0,0
1.0,663.0,148.0,104.0,1.0,455.0,195.0,0
6.0,4939.0,278.0,16.0,3.0,611.0,70.0,1
12.0,6988.0,65.0,79.0,1.0,844.0,40.0,0
16.0,3142.0,204.0,135.0,5.0,560.0,80.0,0
15.0,1130.0,139.0,175.0,5.0,1125.0,60.0,1
11.0,6585.0,17.0,85.0,4.0,1100.0,85.0,0
2.0,859.0,252.0,128.0,5.0,1030.0,373.0,1
5.0,1034.0,213.0,16.0,7.0,1061.0,119.0,1
5.0,1914.0,261.0,34.0,4.0,810.0,70.0,0
10.0,4261.0,279.0,208.0,4.0,880.0,115.0,1
15.0,126.0,18.0,104.0,1.0,840.0,155.0,1
16.0,2678.0,135.0,68.0,5.0,580.0,63.0,0
1.0,556.0,243.0,208.0,4.0,725.0,250.0,0
6.0,5275.0,101.0,16.0,4.0,360.0,86.0,1
15.0,1723.0,253.0,243.0,1.0,1015.0,85.0,1
3.0,1784.0,173.0,148.0,1.0,954.0,155.0,1
3.0,1258.0,134.0,35.0,4.0,1107.0,87.0,0
16.0,2238.0,121.0,96.0,1.0,660.0,108.0,1
1.0,1616.0,261.0,80.0,7.0,755.0,155.0,1
16.0,2429.0,135.0,170.0,6.0,695.0,79.0,0
15.0,824.0,243.0,253.0,4.0,1085.0,90.0,0
14.0,2183.0,159.0,78.0,7.0,1020.0,76.0,0
14.0,1703.0,228.0,78.0,4.0,370.0,87.0,0
5.0,2728.0,236.0,261.0,1.0,385.0,92.0,0
5.0,1125.0,16.0,186.0,6.0,536.0,98.0,0
0.0,3652.0,16.0,273.0,3.0,595.0,138.0,1
15.0,861.0,216.0,175.0,3.0,930.0,135.0,1
12.0,6433.0,154.0,100.0,4.0,1363.0,58.0,1
1.0,768.0,154.0,268.0,1.0,995.0,210.0,0
1.0,538.0,44.0,80.0,1.0,410.0,185.0,0
8.0,345.0,216.0,16.0,6.0,832.0,138.0,1
15.0,958.0,243.0,79.0,5.0,615.0,135.0,0
2.0,462.0,252.0,154.0,3.0,720.0,148.0,0
5.0,2930.0,214.0,197.0,4.0,745.0,199.0,0
10.0,3282.0,80.0,146.0,7.0,760.0,80.0,0
10.0,3078.0,194.0,154.0,7.0,695.0,65.0,0
12.0,6594.0,79.0,221.0,5.0,810.0,175.0,0
4.0,1123.0,35.0,96.0,4.0,515.0,80.0,0
13.0,346.0,135.0,208.0,5.0,1058.0,151.0,0
3.0,660.0,173.0,273.0,3.0,1180.0,152.0,1
10.0,4172.0,148.0,58.0,3.0,895.0,115.0,0
2.0,731.0,252.0,14.0,4.0,1320.0,215.0,1
15.0,2010.0,79.0,258.0,4.0,1175.0,165.0,0
1.0,506.0,279.0,183.0,7.0,530.0,175.0,0
14.0,1812.0,216.0,35.0,1.0,375.0,74.0,0
15.0,1334.0,262.0,217.0,7.0,725.0,105.0,1
17.0,2927.0,60.0,71.0,7.0,1345.0,92.0,0
10.0,4020.0,238.0,208.0,7.0,740.0,125.0,1
15.0,3658.0,233.0,79.0,7.0,540.0,250.0,1
15.0,3667.0,147.0,209.0,5.0,430.0,90.0,0
13.0,517.0,134.0,79.0,3.0,742.0,233.0,1
10.0,3010.0,246.0,154.0,1.0,1075.0,45.0,0
12.0,6309.0,154.0,227.0,7.0,1100.0,49.0,1
1.0,1063.0,208.0,154.0,5.0,515.0,270.0,1
15.0,3659.0,173.0,33.0,5.0,660.0,115.0,1
15.0,1135.0,79.0,202.0,1.0,705.0,170.0,1
10.0,4172.0,148.0,58.0,4.0,895.0,115.0,1
0.0,4060.0,75.0,177.0,3.0,990.0,89.0,0
10.0,3867.0,85.0,208.0,5.0,475.0,95.0,0
15.0,432.0,153.0,139.0,1.0,830.0,215.0,1
5.0,1922.0,85.0,35.0,4.0,590.0,112.0,0
1.0,583.0,183.0,268.0,1.0,885.0,170.0,1
15.0,866.0,258.0,154.0,7.0,880.0,70.0,1
1.0,1520.0,154.0,183.0,7.0,725.0,300.0,0
12.0,6750.0,15.0,79.0,7.0,620.0,55.0,0
8.0,1454.0,130.0,213.0,7.0,793.0,174.0,1
2.0,730.0,252.0,135.0,1.0,680.0,250.0,1
10.0,4344.0,85.0,208.0,7.0,1000.0,80.0,1
14.0,1023.0,216.0,277.0,1.0,590.0,174.0,1
14.0,1468.0,78.0,43.0,1.0,980.0,72.0,1
15.0,30.0,75.0,91.0,4.0,890.0,105.0,1
15.0,3836.0,85.0,175.0,4.0,480.0,75.0,0
1.0,1575.0,80.0,253.0,6.0,1285.0,235.0,1
6.0,5005.0,60.0,177.0,7.0,706.0,123.0,0
10.0,4051.0,208.0,33.0,5.0,1085.0,90.0,0
5.0,2772.0,177.0,197.0,7.0,1120.0,131.0,0
9.0,172.0,161.0,128.0,4.0,849.0,32.0,0
6.0,4951.0,16.0,71.0,3.0,1007.0,88.0,1
12.0,6272.0,253.0,44.0,6.0,1205.0,66.0,0
10.0,3795.0,91.0,208.0,7.0,845.0,175.0,0
10.0,3312.0,266.0,80.0,3.0,575.0,45.0,1
1.0,637.0,183.0,198.0,1.0,965.0,130.0,0
15.0,1244.0,233.0,45.0,5.0,960.0,60.0,0
14.0,1251.0,78.0,217.0,7.0,1020.0,307.0,0
1.0,1948.0,80.0,216.0,1.0,615.0,185.0,0
15.0,1525.0,153.0,44.0,3.0,760.0,65.0,1
5.0,2181.0,16.0,198.0,6.0,1045.0,99.0,1
16.0,2971.0,96.0,60.0,5.0,487.0,137.0,1
12.0,6575.0,179.0,253.0,7.0,621.0,75.0,1
5.0,1492.0,197.0,35.0,1.0,780.0,170.0,0
5.0,349.0,2.0,16.0,1.0,790.0,179.0,0
13.0,692.0,208.0,159.0,3.0,1050.0,136.0,0
13.0,503.0,79.0,153.0,1.0,880.0,123.0,0
1.0,743.0,159.0,80.0,6.0,755.0,240.0,0
16.0,2777.0,41.0,135.0,7.0,870.0,65.0,0
8.0,926.0,16.0,172.0,3.0,540.0,134.0,0
15.0,1460.0,217.0,79.0,6.0,1130.0,110.0,1
15.0,1352.0,261.0,202.0,3.0,455.0,130.0,0
15.0,1992.0,217.0,264.0,7.0,635.0,80.0,1
13.0,393.0,22.0,208.0,4.0,521.0,165.0,0
15.0,1981.0,129.0,75.0,6.0,1170.0,55.0,1
12.0,6816.0,254.0,79.0,3.0,405.0,131.0,0
5.0,1.0,153.0,148.0,6.0,650.0,310.0,0
12.0,6659.0,79.0,65.0,7.0,1295.0,33.0,0
14.0,687.0,217.0,96.0,4.0,585.0,282.0,0
8.0,1072.0,48.0,277.0,4.0,520.0,151.0,0
15.0,48.0,233.0,173.0,1.0,820.0,105.0,1
10.0,2821.0,80.0,266.0,3.0,610.0,50.0,0
15.0,831.0,214.0,111.0,4.0,965.0,60.0,1
12.0,6649.0,79.0,235.0,6.0,715.0,77.0,0
15.0,596.0,277.0,45.0,3.0,835.0,130.0,1
7.0,510.0,79.0,159.0,1.0,645.0,221.0,1
16.0,2180.0,58.0,60.0,7.0,1140.0,93.0,0
5.0,2419.0,197.0,258.0,6.0,1045.0,252.0,1
16.0,5940.0,238.0,208.0,7.0,785.0,122.0,1
16.0,2219.0,285.0,135.0,5.0,1109.0,141.0,0
15.0,609.0,2.0,217.0,5.0,385.0,80.0,0
15.0,2874.0,153.0,228.0,6.0,830.0,300.0,0
12.0,6556.0,279.0,79.0,3.0,1195.0,110.0,0
1.0,1802.0,244.0,80.0,3.0,1005.0,70.0,1
0.0,3684.0,221.0,148.0,1.0,380.0,106.0,0
11.0,6434.0,22.0,71.0,3.0,630.0,135.0,0
5.0,1161.0,16.0,264.0,4.0,1130.0,306.0,1
1.0,743.0,80.0,154.0,4.0,995.0,205.0,1
3.0,728.0,37.0,148.0,3.0,335.0,231.0,0
1.0,1442.0,243.0,208.0,1.0,590.0,235.0,0
2.0,604.0,252.0,153.0,1.0,630.0,149.0,0
1.0,180.0,154.0,148.0,1.0,985.0,310.0,0
15.0,2102.0,264.0,217.0,1.0,595.0,70.0,1
16.0,2148.0,33.0,96.0,6.0,730.0,127.0,0
12.0,6655.0,86.0,208.0,3.0,1003.0,68.0,1
10.0,2874.0,146.0,80.0,4.0,1185.0,95.0,0
11.0,6746.0,177.0,216.0,4.0,1175.0,138.0,1
14.0,1700.0,183.0,60.0,3.0,690.0,124.0,1
4.0,629.0,79.0,96.0,4.0,745.0,226.0,0
0.0,4266.0,107.0,197.0,4.0,518.0,67.0,0
12.0,6269.0,252.0,253.0,1.0,1034.0,122.0,0
1.0,2368.0,80.0,208.0,7.0,1090.0,140.0,0
12.0,6971.0,280.0,79.0,6.0,982.0,110.0,0
16.0,2303.0,60.0,135.0,7.0,510.0,167.0,0
8.0,1482.0,173.0,85.0,6.0,1005.0,150.0,0
14.0,526.0,172.0,217.0,5.0,900.0,171.0,0
10.0,4346.0,238.0,208.0,6.0,1005.0,125.0,1
15.0,945.0,216.0,233.0,1.0,675.0,80.0,0
13.0,111.0,253.0,154.0,1.0,826.0,93.0,0
13.0,168.0,258.0,79.0,7.0,867.0,153.0,0
15.0,1884.0,153.0,217.0,4.0,755.0,70.0,1
8.0,421.0,223.0,16.0,4.0,1090.0,70.0,0
16.0,2784.0,135.0,162.0,3.0,990.0,78.0,0
15.0,16.0,13.0,153.0,5.0,775.0,135.0,1
14.0,1032.0,16.0,60.0,7.0,1076.0,86.0,1
12.0,6661.0,253.0,191.0,5.0,932.0,36.0,1
16.0,2367.0,76.0,135.0,7.0,398.0,169.0,0
10.0,4172.0,148.0,58.0,7.0,895.0,115.0,1
10.0,3045.0,79.0,154.0,7.0,950.0,150.0,0
1.0,513.0,277.0,260.0,7.0,435.0,165.0,0
15.0,1587.0,33.0,45.0,3.0,740.0,95.0,0
4.0,518.0,96.0,277.0,4.0,1045.0,182.0,0
6.0,4988.0,0.0,16.0,3.0,395.0,145.0,0
1.0,1280.0,258.0,80.0,7.0,380.0,215.0,0
16.0,5978.0,237.0,134.0,3.0,817.0,72.0,1
15.0,215.0,44.0,262.0,1.0,865.0,80.0,0
5.0,1715.0,16.0,245.0,6.0,1225.0,70.0,0
0.0,3856.0,177.0,58.0,5.0,1139.0,122.0,0
15.0,1766.0,217.0,261.0,5.0,405.0,100.0,0
15.0,680.0,258.0,214.0,5.0,815.0,105.0,0
7.0,783.0,79.0,153.0,6.0,595.0,113.0,0
5.0,2725.0,197.0,261.0,4.0,865.0,169.0,1
10.0,3699.0,183.0,71.0,6.0,1290.0,160.0,0
14.0,1741.0,78.0,277.0,1.0,905.0,143.0,0
13.0,451.0,153.0,253.0,6.0,1200.0,103.0,0
15.0,117.0,280.0,243.0,4.0,495.0,75.0,0
15.0,1172.0,217.0,264.0,3.0,1140.0,70.0,1
8.0,127.0,16.0,277.0,7.0,845.0,87.0,1
16.0,2887.0,96.0,45.0,4.0,482.0,76.0,1
12.0,6916.0,79.0,2.0,1.0,940.0,70.0,0
9.0,546.0,128.0,203.0,4.0,1008.0,37.0,0
15.0,441.0,243.0,253.0,5.0,635.0,105.0,1
5.0,1878.0,245.0,16.0,4.0,453.0,80.0,0
15.0,3061.0,159.0,175.0,3.0,360.0,150.0,0
13.0,896.0,208.0,134.0,4.0,787.0,119.0,0
15.0,50.0,75.0,155.0,5.0,1190.0,65.0,1
6.0,5189.0,16.0,275.0,4.0,600.0,74.0,0
7.0,566.0,243.0,79.0,5.0,547.0,136.0,0
15.0,1886.0,243.0,253.0,6.0,790.0,90.0,1
3.0,109.0,43.0,148.0,4.0,485.0,84.0,0
10.0,4069.0,32.0,208.0,4.0,390.0,50.0,0
5.0,2292.0,217.0,197.0,5.0,612.0,198.0,0
6.0,5550.0,11.0,16.0,7.0,895.0,67.0,0
9.0,535.0,203.0,128.0,4.0,621.0,34.0,0
15.0,335.0,264.0,262.0,5.0,1280.0,85.0,0
1.0,2466.0,253.0,80.0,4.0,20.0,195.0,0
3.0,743.0,173.0,260.0,3.0,715.0,159.0,1
6.0,5228.0,19.0,16.0,6.0,415.0,69.0,0
15.0,1624.0,252.0,79.0,4.0,885.0,160.0,1
8.0,255.0,16.0,106.0,5.0,933.0,116.0,0
15.0,1141.0,162.0,45.0,4.0,755.0,130.0,1
4.0,398.0,79.0,135.0,3.0,510.0,141.0,1
15.0,2897.0,111.0,153.0,6.0,590.0,140.0,0
1.0,817.0,80.0,44.0,5.0,565.0,205.0,0
3.0,1084.0,60.0,148.0,5.0,1160.0,112.0,1
5.0,651.0,175.0,16.0,5.0,675.0,114.0,1
14.0,612.0,217.0,16.0,3.0,795.0,215.0,0
5.0,1096.0,16.0,268.0,3.0,1312.0,111.0,1
6.0,5163.0,16.0,97.0,3.0,1135.0,116.0,0
1.0,1216.0,80.0,277.0,3.0,620.0,140.0,1
6.0,5129.0,35.0,78.0,4.0,455.0,108.0,1
1.0,1629.0,234.0,80.0,3.0,420.0,215.0,0
16.0,2419.0,60.0,58.0,5.0,385.0,92.0,0
8.0,290.0,129.0,16.0,4.0,365.0,112.0,0
5.0,1745.0,85.0,197.0,4.0,815.0,113.0,0
5.0,2894.0,148.0,173.0,4.0,750.0,170.0,0
15.0,1172.0,217.0,264.0,7.0,1140.0,70.0,0
14.0,86.0,205.0,217.0,3.0,360.0,175.0,1
1.0,491.0,204.0,80.0,5.0,635.0,60.0,0
6.0,5525.0,58.0,16.0,4.0,732.0,112.0,0
14.0,787.0,60.0,16.0,3.0,1070.0,83.0,0
5.0,1678.0,16.0,177.0,1.0,960.0,87.0,0
4.0,461.0,217.0,135.0,7.0,640.0,152.0,0
10.0,3269.0,118.0,80.0,1.0,940.0,45.0,0
14.0,1183.0,216.0,80.0,7.0,845.0,232.0,0
3.0,77.0,148.0,213.0,7.0,542.0,181.0,0
15.0,836.0,172.0,75.0,6.0,675.0,95.0,1
14.0,1155.0,216.0,183.0,7.0,460.0,180.0,0
1.0,1990.0,183.0,173.0,4.0,965.0,60.0,1
0.0,4010.0,16.0,121.0,6.0,977.0,58.0,0
15.0,1325.0,173.0,146.0,7.0,655.0,120.0,1
6.0,5125.0,16.0,58.0,5.0,715.0,103.0,0
5.0,1577.0,261.0,16.0,1.0,838.0,222.0,1
8.0,1073.0,277.0,48.0,7.0,668.0,139.0,0
14.0,1740.0,43.0,216.0,5.0,1098.0,92.0,0
6.0,5412.0,16.0,256.0,1.0,515.0,125.0,0
15.0,1087.0,33.0,104.0,4.0,465.0,130.0,1
1.0,323.0,33.0,80.0,4.0,430.0,135.0,0
15.0,2461.0,18.0,277.0,1.0,1000.0,135.0,1
15.0,391.0,172.0,217.0,4.0,515.0,190.0,1
13.0,315.0,80.0,79.0,6.0,559.0,136.0,0
12.0,6669.0,208.0,46.0,6.0,590.0,203.0,1
14.0,958.0,104.0,216.0,1.0,595.0,157.0,1
10.0,4430.0,233.0,78.0,4.0,815.0,55.0,0
15.0,1427.0,33.0,198.0,3.0,940.0,95.0,1
16.0,2275.0,213.0,135.0,6.0,890.0,170.0,0
7.0,505.0,159.0,79.0,7.0,520.0,272.0,0
11.0,6370.0,85.0,238.0,3.0,460.0,83.0,0
14.0,1427.0,85.0,60.0,5.0,800.0,108.0,0
12.0,7011.0,263.0,154.0,7.0,361.0,59.0,0
12.0,6386.0,253.0,34.0,4.0,959.0,92.0,1
15.0,1525.0,44.0,202.0,3.0,850.0,70.0,1
15.0,1715.0,34.0,252.0,3.0,590.0,85.0,1
1.0,1073.0,80.0,79.0,1.0,825.0,120.0,0
6.0,7138.0,134.0,182.0,1.0,1025.0,91.0,1
5.0,1437.0,45.0,85.0,3.0,995.0,101.0,1
12.0,6651.0,236.0,154.0,1.0,592.0,86.0,1
1.0,795.0,159.0,183.0,7.0,810.0,195.0,1
16.0,2660.0,290.0,135.0,4.0,385.0,104.0,0
15.0,736.0,129.0,175.0,3.0,1095.0,150.0,1
1.0,616.0,80.0,85.0,5.0,535.0,150.0,1
12.0,6953.0,208.0,34.0,7.0,735.0,229.0,0
14.0,755.0,216.0,183.0,6.0,1070.0,179.0,0
10.0,3059.0,100.0,154.0,1.0,925.0,65.0,0
10.0,4333.0,148.0,221.0,6.0,895.0,105.0,0
11.0,6454.0,71.0,78.0,4.0,477.0,88.0,1
9.0,307.0,150.0,128.0,5.0,1205.0,42.0,0
11.0,6520.0,159.0,27.0,7.0,1302.0,165.0,0
15.0,4.0,129.0,75.0,5.0,420.0,60.0,0
14.0,1790.0,153.0,60.0,6.0,850.0,248.0,0
6.0,5220.0,10.0,16.0,3.0,1007.0,107.0,1
1.0,1762.0,183.0,16.0,5.0,935.0,125.0,0
5.0,2847.0,159.0,16.0,4.0,1200.0,159.0,0
14.0,1670.0,60.0,228.0,4.0,975.0,110.0,0
10.0,4330.0,71.0,208.0,1.0,960.0,80.0,0
15.0,1684.0,79.0,214.0,7.0,705.0,175.0,1
15.0,518.0,79.0,172.0,5.0,870.0,90.0,0
5.0,2839.0,78.0,16.0,1.0,419.0,135.0,0
15.0,781.0,207.0,175.0,7.0,595.0,235.0,1
4.0,738.0,135.0,243.0,5.0,750.0,205.0,1
13.0,616.0,208.0,78.0,7.0,840.0,111.0,0
15.0,1425.0,58.0,33.0,4.0,1030.0,100.0,0
0.0,3814.0,197.0,58.0,5.0,800.0,117.0,0
11.0,6607.0,47.0,85.0,1.0,756.0,123.0,0
1.0,591.0,208.0,172.0,5.0,775.0,90.0,0
15.0,59.0,79.0,13.0,3.0,1010.0,70.0,1
15.0,174.0,44.0,262.0,7.0,675.0,80.0,1
5.0,1317.0,16.0,79.0,3.0,975.0,203.0,1
0.0,3860.0,171.0,85.0,3.0,730.0,54.0,0
4.0,1678.0,244.0,135.0,3.0,1005.0,65.0,0
1.0,732.0,80.0,159.0,1.0,815.0,205.0,1
7.0,100.0,79.0,197.0,5.0,947.0,113.0,1
17.0,2664.0,60.0,174.0,5.0,1070.0,91.0,0
10.0,2744.0,80.0,101.0,6.0,1140.0,150.0,1
1.0,1520.0,154.0,183.0,4.0,725.0,300.0,0
4.0,91.0,96.0,154.0,7.0,405.0,367.0,1
5.0,1477.0,208.0,16.0,1.0,420.0,125.0,0
5.0,1578.0,16.0,134.0,3.0,910.0,112.0,1
10.0,3323.0,80.0,118.0,7.0,645.0,50.0,0
12.0,4519.0,197.0,230.0,3.0,540.0,95.0,0
1.0,522.0,214.0,80.0,4.0,945.0,215.0,1
10.0,2780.0,80.0,68.0,7.0,945.0,80.0,0
5.0,1205.0,197.0,261.0,5.0,430.0,185.0,0
12.0,6271.0,109.0,208.0,4.0,535.0,63.0,0
16.0,2262.0,205.0,135.0,3.0,1085.0,139.0,1
11.0,6541.0,71.0,197.0,6.0,915.0,130.0,0
1.0,2428.0,154.0,80.0,6.0,540.0,190.0,0
15.0,682.0,18.0,79.0,5.0,370.0,140.0,1
12.0,6622.0,79.0,114.0,6.0,897.0,52.0,0
16.0,3005.0,135.0,68.0,3.0,1055.0,59.0,0
3.0,155.0,148.0,173.0,1.0,360.0,168.0,1
11.0,6599.0,268.0,71.0,7.0,960.0,72.0,0
5.0,1166.0,241.0,71.0,5.0,730.0,144.0,0
1.0,759.0,80.0,154.0,6.0,1185.0,205.0,0
14.0,1582.0,173.0,216.0,6.0,895.0,149.0,0
16.0,2176.0,135.0,2.0,3.0,565.0,134.0,0
1.0,1935.0,61.0,80.0,6.0,805.0,175.0,0
5.0,1882.0,261.0,85.0,4.0,1041.0,213.0,0
11.0,6625.0,233.0,139.0,1.0,430.0,119.0,1
15.0,2260.0,277.0,27.0,6.0,915.0,85.0,0
15.0,3138.0,79.0,243.0,1.0,785.0,145.0,0
3.0,633.0,35.0,253.0,7.0,555.0,400.0,1
10.0,2822.0,80.0,275.0,1.0,810.0,120.0,0
15.0,1334.0,233.0,175.0,5.0,430.0,125.0,0
16.0,2450.0,135.0,244.0,7.0,1385.0,53.0,0
1.0,1083.0,134.0,80.0,4.0,390.0,210.0,0
4.0,1685.0,58.0,104.0,5.0,550.0,175.0,0
14.0,524.0,35.0,217.0,4.0,590.0,354.0,0
1.0,2431.0,154.0,153.0,4.0,870.0,70.0,0
1.0,1339.0,208.0,243.0,6.0,1215.0,260.0,1
5.0,1523.0,35.0,85.0,7.0,988.0,140.0,1
3.0,233.0,261.0,160.0,3.0,690.0,109.0,0
10.0,3375.0,80.0,108.0,1.0,1020.0,60.0,0
16.0,5900.0,134.0,43.0,7.0,1331.0,68.0,1
5.0,2101.0,35.0,16.0,1.0,960.0,183.0,0
2.0,601.0,153.0,252.0,6.0,645.0,160.0,0
15.0,756.0,153.0,236.0,3.0,855.0,75.0,1
0.0,4117.0,238.0,16.0,5.0,390.0,145.0,0
11.0,6735.0,35.0,233.0,3.0,580.0,142.0,0
13.0,203.0,208.0,197.0,5.0,530.0,94.0,0
5.0,2961.0,216.0,16.0,4.0,1065.0,159.0,1
0.0,3669.0,254.0,177.0,3.0,390.0,75.0,1
15.0,2200.0,216.0,241.0,5.0,735.0,185.0,0
12.0,6502.0,208.0,80.0,6.0,750.0,154.0,1
12.0,6940.0,208.0,139.0,5.0,585.0,54.0,0
16.0,2722.0,58.0,209.0,4.0,950.0,88.0,0
0.0,4156.0,147.0,177.0,3.0,715.0,118.0,1
14.0,685.0,217.0,96.0,7.0,800.0,280.0,0
4.0,616.0,135.0,197.0,7.0,1140.0,173.0,0
0.0,4087.0,148.0,209.0,5.0,1200.0,125.0,0
10.0,3033.0,154.0,246.0,4.0,630.0,40.0,0
5.0,2402.0,183.0,85.0,6.0,1060.0,187.0,0
5.0,2525.0,35.0,197.0,1.0,360.0,210.0,0
5.0,1085.0,197.0,14.0,6.0,930.0,357.0,0
0.0,4167.0,16.0,177.0,1.0,645.0,91.0,1
15.0,1795.0,264.0,258.0,4.0,1275.0,75.0,0
12.0,6315.0,253.0,24.0,1.0,449.0,74.0,0
9.0,265.0,203.0,128.0,5.0,1110.0,34.0,0
3.0,904.0,148.0,35.0,4.0,774.0,64.0,1
14.0,1853.0,216.0,45.0,7.0,1235.0,49.0,0
15.0,905.0,79.0,204.0,4.0,1220.0,85.0,0
17.0,2942.0,60.0,234.0,3.0,865.0,63.0,0
16.0,2567.0,33.0,96.0,6.0,1019.0,132.0,0
12.0,6735.0,79.0,196.0,4.0,628.0,133.0,0
5.0,1722.0,85.0,35.0,1.0,945.0,122.0,1
15.0,442.0,253.0,175.0,3.0,795.0,255.0,1
6.0,5609.0,233.0,177.0,4.0,710.0,128.0,0
5.0,1508.0,195.0,85.0,5.0,982.0,82.0,0
3.0,1223.0,35.0,233.0,3.0,480.0,125.0,1
13.0,121.0,22.0,208.0,3.0,670.0,161.0,0
14.0,905.0,60.0,260.0,7.0,480.0,206.0,0
5.0,2542.0,16.0,96.0,5.0,895.0,143.0,1
13.0,742.0,252.0,79.0,3.0,1025.0,160.0,0
5.0,1675.0,177.0,217.0,1.0,562.0,212.0,1
6.0,5182.0,16.0,47.0,1.0,521.0,71.0,0
5.0,1790.0,244.0,16.0,7.0,803.0,135.0,1
12.0,6434.0,248.0,154.0,4.0,360.0,62.0,0
5.0,1285.0,16.0,213.0,4.0,1076.0,110.0,0
6.0,5526.0,16.0,106.0,5.0,725.0,110.0,1
5.0,1830.0,214.0,261.0,6.0,805.0,105.0,0
1.0,1705.0,80.0,197.0,5.0,785.0,135.0,0
12.0,6531.0,248.0,253.0,5.0,1259.0,61.0,0
6.0,5235.0,16.0,41.0,4.0,933.0,96.0,0
13.0,193.0,253.0,203.0,6.0,989.0,335.0,0
5.0,2240.0,197.0,205.0,5.0,550.0,74.0,0
15.0,474.0,18.0,45.0,1.0,420.0,180.0,1
11.0,6483.0,85.0,174.0,5.0,1040.0,81.0,1
5.0,1199.0,16.0,268.0,5.0,920.0,107.0,0
14.0,1181.0,60.0,135.0,1.0,890.0,170.0,1
11.0,6405.0,16.0,54.0,5.0,498.0,77.0,0
1.0,1228.0,280.0,208.0,3.0,790.0,200.0,0
15.0,340.0,264.0,217.0,7.0,890.0,70.0,1
16.0,2741.0,71.0,96.0,1.0,1079.0,125.0,1
17.0,7257.0,134.0,244.0,1.0,1040.0,234.0,0
8.0,218.0,184.0,241.0,6.0,628.0,174.0,0
16.0,5999.0,208.0,279.0,5.0,715.0,118.0,0
15.0,729.0,236.0,202.0,1.0,545.0,55.0,1
5.0,1393.0,35.0,159.0,1.0,990.0,73.0,0
15.0,709.0,175.0,2.0,1.0,705.0,190.0,1
15.0,852.0,44.0,258.0,4.0,1055.0,65.0,0
17.0,2608.0,60.0,33.0,4.0,595.0,96.0,0
11.0,6765.0,159.0,195.0,5.0,867.0,172.0,0
5.0,1763.0,78.0,197.0,6.0,826.0,174.0,0
15.0,1510.0,45.0,159.0,4.0,540.0,70.0,1
11.0,6541.0,197.0,111.0,3.0,1050.0,195.0,0
2.0,602.0,252.0,153.0,6.0,460.0,142.0,0
8.0,204.0,48.0,16.0,5.0,933.0,110.0,0
10.0,4178.0,208.0,62.0,6.0,1180.0,55.0,1
6.0,5450.0,180.0,16.0,1.0,865.0,64.0,0
5.0,2355.0,16.0,154.0,7.0,1215.0,309.0,0
8.0,508.0,159.0,184.0,7.0,823.0,145.0,0
15.0,30.0,216.0,129.0,1.0,600.0,240.0,1
15.0,2048.0,33.0,175.0,7.0,485.0,90.0,1
13.0,661.0,159.0,208.0,4.0,540.0,165.0,0
8.0,366.0,16.0,159.0,5.0,796.0,121.0,0
17.0,2731.0,280.0,217.0,4.0,866.0,54.0,0
5.0,1059.0,16.0,12.0,1.0,575.0,140.0,0
13.0,270.0,207.0,79.0,3.0,459.0,148.0,0
2.0,560.0,214.0,154.0,7.0,400.0,137.0,1
15.0,1615.0,253.0,153.0,7.0,665.0,90.0,0
7.0,487.0,173.0,184.0,5.0,727.0,169.0,1
8.0,1172.0,60.0,173.0,7.0,635.0,100.0,0
2.0,66.0,14.0,50.0,6.0,925.0,53.0,0
16.0,2613.0,96.0,61.0,5.0,1170.0,117.0,0
0.0,4003.0,177.0,204.0,4.0,815.0,101.0,0
11.0,6657.0,148.0,197.0,3.0,490.0,210.0,0
5.0,725.0,253.0,261.0,5.0,360.0,113.0,0
16.0,2876.0,68.0,135.0,3.0,860.0,57.0,0
12.0,6850.0,171.0,208.0,7.0,526.0,79.0,0
16.0,2105.0,135.0,119.0,6.0,771.0,143.0,1
15.0,1361.0,154.0,253.0,4.0,980.0,75.0,1
13.0,692.0,208.0,159.0,4.0,1050.0,136.0,0
6.0,5521.0,16.0,10.0,3.0,810.0,104.0,1
12.0,6258.0,79.0,88.0,6.0,686.0,45.0,1
5.0,2171.0,85.0,184.0,6.0,1190.0,76.0,1
0.0,4303.0,177.0,27.0,1.0,855.0,60.0,0
4.0,1041.0,243.0,135.0,5.0,505.0,185.0,0
15.0,1980.0,277.0,147.0,1.0,415.0,50.0,0
4.0,61.0,96.0,135.0,4.0,830.0,239.0,1
12.0,6349.0,72.0,208.0,5.0,801.0,68.0,0
15.0,2885.0,79.0,280.0,1.0,565.0,115.0,1
12.0,6615.0,122.0,79.0,1.0,824.0,112.0,0
7.0,859.0,79.0,217.0,3.0,1086.0,111.0,1
15.0,1112.0,252.0,261.0,5.0,1095.0,110.0,1
14.0,1723.0,60.0,104.0,3.0,1100.0,122.0,0
11.0,6335.0,35.0,177.0,4.0,960.0,210.0,1
3.0,424.0,213.0,35.0,3.0,1202.0,170.0,1
17.0,2838.0,217.0,24.0,6.0,1080.0,90.0,0
10.0,3003.0,79.0,154.0,6.0,795.0,150.0,0
14.0,758.0,208.0,216.0,3.0,710.0,115.0,1
11.0,6347.0,148.0,80.0,4.0,1145.0,251.0,0
13.0,968.0,153.0,208.0,6.0,1410.0,211.0,0
5.0,1090.0,16.0,139.0,7.0,730.0,98.0,1
12.0,6230.0,93.0,214.0,1.0,728.0,41.0,0
10.0,2919.0,80.0,41.0,7.0,620.0,80.0,0
15.0,853.0,153.0,18.0,4.0,565.0,150.0,0
5.0,1021.0,12.0,16.0,3.0,755.0,169.0,0
1.0,1353.0,148.0,80.0,5.0,1020.0,255.0,0
12.0,7006.0,214.0,154.0,3.0,453.0,138.0,0
14.0,1670.0,104.0,60.0,5.0,785.0,118.0,1
15.0,500.0,129.0,198.0,3.0,855.0,60.0,1
15.0,661.0,79.0,175.0,4.0,550.0,140.0,0
15.0,3311.0,33.0,198.0,5.0,1125.0,95.0,0
5.0,2373.0,16.0,183.0,4.0,595.0,120.0,1
10.0,3640.0,61.0,183.0,7.0,425.0,170.0,1
5.0,2035.0,184.0,16.0,1.0,990.0,130.0,0
15.0,370.0,258.0,154.0,1.0,520.0,70.0,1
15.0,1547.0,253.0,264.0,6.0,530.0,85.0,0
3.0,705.0,148.0,260.0,5.0,540.0,232.0,0
12.0,4591.0,261.0,244.0,7.0,595.0,165.0,1
5.0,1095.0,204.0,16.0,5.0,345.0,127.0,0
5.0,1477.0,208.0,16.0,3.0,420.0,125.0,1
15.0,1172.0,217.0,264.0,4.0,1140.0,70.0,0
3.0,1418.0,147.0,35.0,3.0,770.0,145.0,1
14.0,156.0,202.0,217.0,3.0,555.0,112.0,0
12.0,4589.0,261.0,160.0,3.0,669.0,116.0,1
8.0,509.0,184.0,159.0,4.0,904.0,134.0,0
8.0,297.0,16.0,129.0,1.0,997.0,139.0,0
12.0,6630.0,154.0,57.0,4.0,483.0,43.0,0
5.0,2410.0,80.0,16.0,4.0,570.0,127.0,1
13.0,373.0,208.0,277.0,7.0,608.0,161.0,0
16.0,2420.0,58.0,229.0,4.0,710.0,92.0,0
9.0,194.0,128.0,203.0,1.0,1075.0,37.0,0
9.0,217.0,150.0,128.0,6.0,423.0,42.0,0
12.0,6723.0,18.0,253.0,7.0,463.0,238.0,0
5.0,2806.0,197.0,183.0,6.0,750.0,214.0,0
13.0,362.0,79.0,107.0,5.0,618.0,98.0,1
0.0,3966.0,71.0,134.0,6.0,1135.0,95.0,0
8.0,6.0,173.0,260.0,7.0,1184.0,161.0,0
16.0,2131.0,135.0,68.0,3.0,1285.0,59.0,0
15.0,705.0,2.0,75.0,1.0,530.0,100.0,1
5.0,1055.0,85.0,197.0,5.0,1185.0,120.0,1
15.0,3834.0,182.0,277.0,7.0,1040.0,215.0,0
15.0,1361.0,154.0,253.0,1.0,980.0,75.0,1
12.0,6927.0,79.0,127.0,1.0,681.0,116.0,0
16.0,5926.0,230.0,208.0,4.0,836.0,124.0,0
13.0,256.0,79.0,208.0,4.0,1174.0,144.0,1
8.0,802.0,35.0,45.0,4.0,865.0,85.0,0
13.0,798.0,154.0,253.0,6.0,1132.0,83.0,1
15.0,960.0,243.0,45.0,3.0,400.0,295.0,1
15.0,2092.0,172.0,268.0,1.0,600.0,60.0,1
17.0,7262.0,96.0,134.0,7.0,882.0,83.0,0
14.0,1694.0,277.0,216.0,1.0,475.0,148.0,0
13.0,326.0,134.0,80.0,5.0,512.0,223.0,0
7.0,363.0,251.0,79.0,3.0,993.0,175.0,1
14.0,61.0,35.0,60.0,4.0,570.0,148.0,0
11.0,6390.0,285.0,71.0,7.0,1030.0,65.0,0
14.0,1165.0,216.0,60.0,3.0,1245.0,105.0,0
14.0,396.0,153.0,217.0,7.0,1180.0,68.0,0
12.0,7789.0,271.0,261.0,3.0,795.0,67.0,0
10.0,4287.0,208.0,61.0,7.0,1095.0,75.0,0
3.0,130.0,148.0,43.0,6.0,1110.0,93.0,0
5.0,2009.0,184.0,197.0,5.0,901.0,78.0,1
1.0,647.0,268.0,154.0,6.0,1260.0,255.0,0
15.0,891.0,182.0,173.0,3.0,410.0,200.0,1
16.0,2263.0,41.0,135.0,3.0,330.0,72.0,1
17.0,2694.0,217.0,18.0,4.0,965.0,132.0,0
15.0,395.0,175.0,153.0,6.0,1035.0,250.0,1
1.0,1372.0,183.0,233.0,1.0,1015.0,125.0,0
17.0,2686.0,251.0,60.0,7.0,1198.0,93.0,0
0.0,4249.0,234.0,71.0,4.0,810.0,110.0,0
16.0,5970.0,208.0,139.0,6.0,460.0,55.0,1
1.0,1875.0,80.0,217.0,7.0,1150.0,160.0,0
13.0,448.0,262.0,79.0,4.0,876.0,144.0,0
17.0,2881.0,217.0,2.0,7.0,975.0,70.0,0
5.0,2515.0,147.0,16.0,4.0,1006.0,84.0,1
2.0,637.0,217.0,252.0,3.0,1220.0,180.0,0
5.0,2397.0,71.0,183.0,1.0,560.0,167.0,0
15.0,586.0,217.0,175.0,4.0,730.0,205.0,1
12.0,4744.0,202.0,261.0,3.0,992.0,103.0,1
12.0,6876.0,79.0,214.0,4.0,507.0,172.0,0
10.0,3264.0,80.0,290.0,1.0,495.0,65.0,0
5.0,2628.0,208.0,177.0,5.0,1010.0,110.0,0
5.0,1415.0,244.0,85.0,4.0,420.0,185.0,0
12.0,6311.0,248.0,154.0,6.0,1215.0,70.0,0
5.0,1829.0,85.0,183.0,1.0,515.0,190.0,0
12.0,4760.0,227.0,261.0,3.0,780.0,104.0,1
10.0,2706.0,119.0,80.0,6.0,760.0,170.0,1
10.0,4315.0,58.0,208.0,1.0,790.0,95.0,0
8.0,1101.0,241.0,61.0,5.0,1129.0,143.0,0
10.0,4150.0,285.0,208.0,3.0,755.0,105.0,1
8.0,772.0,16.0,153.0,4.0,1198.0,285.0,0
0.0,4201.0,16.0,74.0,7.0,795.0,80.0,0
14.0,621.0,217.0,202.0,4.0,650.0,123.0,0
14.0,1101.0,35.0,60.0,5.0,480.0,150.0,0
0.0,4339.0,233.0,277.0,7.0,580.0,120.0,0
5.0,2724.0,29.0,197.0,3.0,390.0,79.0,1
14.0,1852.0,60.0,45.0,6.0,475.0,81.0,0
15.0,1026.0,228.0,173.0,3.0,465.0,190.0,0
8.0,241.0,16.0,234.0,3.0,1059.0,91.0,0
6.0,5507.0,53.0,16.0,6.0,360.0,102.0,0
6.0,5274.0,78.0,35.0,5.0,895.0,98.0,0
15.0,3762.0,197.0,268.0,5.0,370.0,105.0,0
1.0,1599.0,76.0,80.0,1.0,430.0,175.0,0
1.0,1670.0,18.0,208.0,5.0,360.0,165.0,0
12.0,6712.0,79.0,83.0,5.0,1308.0,62.0,0
3.0,1259.0,35.0,134.0,5.0,630.0,99.0,0
13.0,56.0,253.0,96.0,5.0,1350.0,325.0,0
13.0,240.0,134.0,243.0,1.0,1080.0,342.0,1
13.0,286.0,135.0,134.0,6.0,998.0,182.0,0
5.0,302.0,245.0,16.0,4.0,1158.0,72.0,0
16.0,2845.0,223.0,135.0,3.0,1110.0,101.0,1
2.0,346.0,252.0,202.0,5.0,1045.0,122.0,0
12.0,7038.0,253.0,6.0,4.0,659.0,79.0,1
15.0,1191.0,79.0,104.0,6.0,975.0,230.0,0
6.0,5505.0,121.0,16.0,7.0,840.0,77.0,0
13.0,991.0,134.0,208.0,5.0,475.0,127.0,0
1.0,543.0,213.0,208.0,3.0,410.0,195.0,0
6.0,7088.0,237.0,134.0,4.0,1211.0,59.0,0
0.0,4043.0,177.0,87.0,4.0,870.0,85.0,0
3.0,1329.0,35.0,45.0,7.0,1230.0,87.0,1
10.0,2742.0,290.0,80.0,7.0,595.0,75.0,0
10.0,2912.0,118.0,80.0,3.0,580.0,50.0,0
12.0,6501.0,162.0,79.0,5.0,1165.0,145.0,0
10.0,3392.0,108.0,80.0,5.0,605.0,65.0,0
2.0,81.0,252.0,14.0,6.0,360.0,219.0,0
10.0,4517.0,159.0,69.0,5.0,1110.0,110.0,1
13.0,425.0,134.0,244.0,4.0,495.0,239.0,1
14.0,2037.0,35.0,78.0,4.0,840.0,94.0,0
12.0,4752.0,261.0,93.0,6.0,1200.0,108.0,0
16.0,2002.0,158.0,135.0,7.0,670.0,74.0,0
4.0,223.0,252.0,135.0,6.0,375.0,240.0,1
17.0,2737.0,160.0,217.0,3.0,1140.0,81.0,0
12.0,6841.0,208.0,82.0,6.0,1274.0,87.0,1
16.0,2701.0,135.0,2.0,6.0,1080.0,130.0,1
11.0,6336.0,78.0,148.0,1.0,865.0,100.0,1
13.0,674.0,208.0,159.0,4.0,545.0,132.0,0
1.0,647.0,78.0,268.0,7.0,1140.0,135.0,0
5.0,1680.0,253.0,16.0,3.0,868.0,277.0,1
13.0,321.0,208.0,243.0,5.0,1030.0,270.0,0
10.0,2850.0,242.0,80.0,3.0,960.0,100.0,0
3.0,687.0,35.0,78.0,1.0,925.0,99.0,0
6.0,5362.0,256.0,16.0,7.0,345.0,123.0,0
1.0,1935.0,61.0,80.0,7.0,805.0,175.0,0
1.0,1499.0,277.0,80.0,4.0,715.0,175.0,0
16.0,2166.0,157.0,135.0,3.0,1075.0,150.0,1
5.0,1836.0,139.0,85.0,4.0,805.0,70.0,0
13.0,925.0,134.0,154.0,4.0,1315.0,351.0,0
10.0,3479.0,80.0,162.0,3.0,505.0,70.0,0
16.0,2137.0,158.0,135.0,6.0,405.0,57.0,0
6.0,5130.0,16.0,223.0,6.0,505.0,80.0,1
5.0,2114.0,197.0,159.0,5.0,1150.0,165.0,1
6.0,5348.0,146.0,16.0,5.0,445.0,89.0,0
14.0,1717.0,216.0,213.0,3.0,1075.0,168.0,0
14.0,270.0,217.0,153.0,4.0,520.0,71.0,0
5.0,1171.0,221.0,16.0,5.0,1046.0,127.0,1
15.0,1185.0,198.0,153.0,5.0,470.0,240.0,1
7.0,382.0,79.0,104.0,6.0,1035.0,224.0,1
15.0,2450.0,264.0,253.0,3.0,935.0,80.0,1
15.0,2254.0,75.0,244.0,3.0,640.0,65.0,1
15.0,3507.0,154.0,280.0,7.0,710.0,80.0,1
5.0,1147.0,16.0,213.0,1.0,820.0,105.0,0
16.0,3052.0,68.0,135.0,4.0,710.0,62.0,0
12.0,6341.0,154.0,243.0,7.0,1131.0,45.0,0
5.0,2695.0,78.0,183.0,4.0,940.0,159.0,1
5.0,2255.0,159.0,241.0,5.0,1085.0,204.0,0
15.0,852.0,44.0,258.0,7.0,1055.0,65.0,1
4.0,1174.0,208.0,96.0,1.0,1100.0,132.0,1
15.0,3101.0,268.0,154.0,1.0,690.0,250.0,0
11.0,6677.0,61.0,78.0,3.0,1045.0,77.0,0
10.0,3203.0,80.0,13.0,5.0,390.0,75.0,0
17.0,2651.0,217.0,24.0,3.0,660.0,93.0,0
12.0,7025.0,16.0,134.0,3.0,584.0,115.0,1
12.0,7778.0,261.0,255.0,5.0,1185.0,80.0,1
8.0,436.0,16.0,184.0,1.0,771.0,119.0,0
16.0,2872.0,13.0,135.0,5.0,470.0,96.0,0
15.0,1218.0,2.0,153.0,3.0,410.0,100.0,0
12.0,6416.0,24.0,253.0,6.0,728.0,72.0,0
6.0,5364.0,180.0,177.0,6.0,375.0,76.0,0
15.0,1002.0,75.0,18.0,3.0,440.0,55.0,0
12.0,7799.0,64.0,261.0,7.0,360.0,89.0,0
5.0,2153.0,197.0,252.0,6.0,860.0,220.0,1
6.0,5584.0,19.0,16.0,5.0,700.0,67.0,0
16.0,2535.0,251.0,96.0,1.0,375.0,114.0,0
6.0,5380.0,146.0,16.0,4.0,942.0,86.0,0
15.0,2941.0,153.0,79.0,6.0,465.0,115.0,0
17.0,1014.0,203.0,128.0,7.0,1020.0,32.0,0
0.0,4255.0,197.0,281.0,5.0,605.0,86.0,0
1.0,2013.0,208.0,153.0,5.0,1140.0,240.0,1
12.0,6634.0,100.0,153.0,7.0,621.0,79.0,0
3.0,1122.0,104.0,234.0,5.0,805.0,129.0,0
5.0,2051.0,197.0,153.0,4.0,870.0,208.0,0
14.0,49.0,217.0,153.0,6.0,660.0,71.0,1
10.0,4659.0,16.0,159.0,3.0,930.0,130.0,1
5.0,1406.0,154.0,85.0,6.0,1379.0,261.0,1
11.0,6449.0,120.0,16.0,4.0,743.0,106.0,0
16.0,2719.0,118.0,135.0,7.0,390.0,60.0,0
13.0,682.0,208.0,159.0,3.0,785.0,132.0,1
1.0,577.0,148.0,208.0,7.0,870.0,180.0,0
13.0,179.0,35.0,253.0,7.0,1055.0,413.0,1
1.0,2034.0,217.0,80.0,5.0,1050.0,130.0,0
5.0,1962.0,85.0,216.0,1.0,430.0,110.0,0
12.0,6477.0,262.0,154.0,6.0,882.0,83.0,0
16.0,2141.0,238.0,58.0,1.0,405.0,79.0,0
15.0,3949.0,175.0,173.0,1.0,900.0,160.0,1
5.0,2861.0,16.0,280.0,4.0,674.0,258.0,1
8.0,817.0,45.0,35.0,4.0,1285.0,80.0,0
12.0,4795.0,46.0,261.0,6.0,470.0,75.0,1
16.0,2472.0,135.0,147.0,7.0,815.0,123.0,0
15.0,1311.0,61.0,277.0,5.0,450.0,135.0,0
13.0,743.0,221.0,79.0,6.0,470.0,228.0,0
12.0,7759.0,89.0,261.0,6.0,490.0,78.0,1
15.0,2788.0,154.0,153.0,5.0,1235.0,60.0,1
16.0,2475.0,285.0,135.0,7.0,570.0,139.0,0
7.0,491.0,79.0,48.0,7.0,1145.0,166.0,1
6.0,5067.0,16.0,190.0,6.0,665.0,84.0,0
5.0,28.0,173.0,16.0,3.0,750.0,97.0,1
10.0,3202.0,54.0,80.0,3.0,1120.0,190.0,0
6.0,5359.0,69.0,16.0,3.0,830.0,95.0,1
16.0,2474.0,135.0,33.0,7.0,930.0,113.0,0
14.0,414.0,253.0,60.0,5.0,440.0,285.0,0
14.0,526.0,217.0,236.0,6.0,1085.0,108.0,0
14.0,1473.0,228.0,216.0,5.0,690.0,93.0,0
13.0,177.0,35.0,253.0,5.0,682.0,408.0,0
16.0,5952.0,208.0,27.0,1.0,873.0,104.0,0
16.0,2711.0,58.0,159.0,1.0,515.0,84.0,1
5.0,1262.0,173.0,22.0,6.0,675.0,154.0,0
14.0,1120.0,173.0,60.0,4.0,623.0,96.0,0
16.0,3059.0,135.0,190.0,5.0,465.0,76.0,0
13.0,312.0,277.0,134.0,6.0,845.0,135.0,1
1.0,1199.0,173.0,80.0,3.0,1175.0,175.0,0
1.0,323.0,33.0,80.0,3.0,430.0,135.0,0
15.0,1766.0,261.0,252.0,3.0,525.0,135.0,0
5.0,2081.0,175.0,16.0,4.0,1135.0,116.0,0
17.0,2605.0,200.0,60.0,5.0,330.0,62.0,0
5.0,2008.0,79.0,197.0,3.0,1070.0,117.0,0
13.0,699.0,134.0,260.0,5.0,498.0,222.0,0
5.0,2215.0,85.0,79.0,7.0,525.0,203.0,0
14.0,480.0,85.0,217.0,7.0,1060.0,267.0,0
11.0,6397.0,273.0,148.0,4.0,370.0,90.0,0
10.0,2824.0,80.0,288.0,6.0,1200.0,105.0,0
15.0,1173.0,217.0,175.0,7.0,970.0,200.0,1
1.0,1810.0,80.0,60.0,5.0,510.0,135.0,0
6.0,5106.0,138.0,16.0,5.0,988.0,96.0,0
17.0,2640.0,273.0,60.0,7.0,705.0,127.0,0
13.0,512.0,35.0,208.0,1.0,979.0,168.0,0
1.0,1896.0,261.0,80.0,7.0,895.0,155.0,1
10.0,2857.0,80.0,146.0,7.0,850.0,80.0,1
12.0,6287.0,227.0,153.0,7.0,591.0,60.0,0
14.0,280.0,217.0,258.0,6.0,650.0,117.0,1
2.0,55.0,98.0,249.0,5.0,460.0,71.0,0
0.0,4106.0,16.0,121.0,4.0,1070.0,64.0,0
5.0,1108.0,197.0,60.0,4.0,420.0,156.0,0
3.0,407.0,35.0,217.0,7.0,460.0,347.0,0
6.0,5176.0,288.0,177.0,1.0,370.0,88.0,0
6.0,4988.0,0.0,16.0,6.0,395.0,145.0,0
6.0,5484.0,16.0,285.0,7.0,605.0,67.0,0
1.0,712.0,80.0,159.0,1.0,605.0,195.0,0
12.0,6490.0,154.0,236.0,7.0,780.0,85.0,0
15.0,1923.0,153.0,280.0,4.0,750.0,75.0,1
15.0,1548.0,202.0,154.0,7.0,1080.0,75.0,1
14.0,2029.0,35.0,78.0,6.0,600.0,91.0,0
1.0,1062.0,172.0,80.0,7.0,855.0,100.0,1
1.0,539.0,80.0,153.0,5.0,1095.0,180.0,1
15.0,1829.0,153.0,44.0,6.0,930.0,65.0,0
15.0,3073.0,45.0,243.0,5.0,510.0,360.0,0
12.0,6434.0,248.0,154.0,3.0,360.0,62.0,0
3.0,778.0,153.0,35.0,6.0,1409.0,293.0,0
14.0,2189.0,159.0,78.0,5.0,1200.0,77.0,0
12.0,4477.0,102.0,261.0,4.0,440.0,99.0,0
5.0,2612.0,197.0,214.0,7.0,1040.0,225.0,1
5.0,2065.0,22.0,16.0,1.0,435.0,175.0,0
3.0,733.0,35.0,260.0,3.0,475.0,237.0,0
4.0,470.0,96.0,260.0,5.0,445.0,228.0,1
15.0,2927.0,213.0,277.0,7.0,505.0,50.0,0
15.0,1023.0,2.0,75.0,5.0,730.0,95.0,0
16.0,5947.0,204.0,208.0,7.0,739.0,119.0,0
15.0,327.0,153.0,252.0,1.0,635.0,165.0,1
5.0,2255.0,159.0,241.0,6.0,1065.0,204.0,0
6.0,7088.0,134.0,237.0,5.0,1121.0,60.0,1
11.0,6432.0,197.0,58.0,3.0,605.0,112.0,0
15.0,1615.0,197.0,79.0,5.0,400.0,140.0,0
12.0,6829.0,253.0,232.0,1.0,563.0,95.0,1
17.0,1016.0,128.0,203.0,6.0,780.0,35.0,0
5.0,1635.0,147.0,16.0,5.0,919.0,78.0,0
1.0,1637.0,173.0,208.0,1.0,390.0,185.0,0
12.0,4765.0,153.0,154.0,5.0,360.0,75.0,0
5.0,2167.0,85.0,208.0,5.0,920.0,81.0,1
1.0,1743.0,85.0,80.0,7.0,705.0,185.0,1
10.0,4278.0,62.0,208.0,4.0,380.0,55.0,0
1.0,461.0,22.0,183.0,1.0,880.0,195.0,0
12.0,4781.0,261.0,18.0,7.0,872.0,177.0,0
9.0,173.0,128.0,161.0,7.0,783.0,38.0,0
14.0,970.0,216.0,35.0,7.0,795.0,73.0,0
2.0,503.0,264.0,252.0,4.0,720.0,168.0,0
5.0,1143.0,16.0,268.0,1.0,450.0,100.0,0
10.0,2828.0,288.0,80.0,4.0,625.0,135.0,0
14.0,307.0,60.0,153.0,7.0,1095.0,300.0,0
1.0,1762.0,183.0,16.0,4.0,935.0,125.0,1
14.0,903.0,208.0,60.0,6.0,850.0,112.0,1
12.0,6273.0,252.0,111.0,3.0,623.0,58.0,1
12.0,4756.0,172.0,261.0,1.0,370.0,162.0,0
3.0,263.0,262.0,160.0,4.0,555.0,79.0,0
15.0,704.0,34.0,261.0,3.0,645.0,60.0,1
12.0,6590.0,79.0,177.0,5.0,610.0,136.0,0
6.0,5396.0,115.0,16.0,1.0,1076.0,93.0,1
8.0,684.0,136.0,16.0,4.0,380.0,126.0,0
13.0,980.0,208.0,153.0,1.0,501.0,246.0,0
1.0,785.0,80.0,198.0,3.0,1305.0,75.0,0
16.0,5986.0,208.0,120.0,3.0,690.0,104.0,1
15.0,2047.0,45.0,35.0,6.0,450.0,85.0,0
7.0,653.0,16.0,79.0,1.0,370.0,201.0,0
14.0,578.0,253.0,217.0,4.0,360.0,111.0,0
5.0,2680.0,252.0,85.0,6.0,1403.0,251.0,0
13.0,369.0,244.0,79.0,1.0,522.0,144.0,1
8.0,1430.0,35.0,215.0,3.0,1190.0,101.0,1
15.0,1021.0,198.0,129.0,7.0,640.0,75.0,1
3.0,406.0,243.0,35.0,1.0,845.0,309.0,0
5.0,1982.0,177.0,16.0,4.0,365.0,85.0,0
15.0,384.0,279.0,268.0,3.0,435.0,70.0,0
5.0,2029.0,197.0,277.0,6.0,795.0,189.0,1
12.0,4758.0,261.0,172.0,3.0,1027.0,142.0,0
0.0,4009.0,142.0,85.0,3.0,741.0,96.0,1
11.0,6354.0,71.0,94.0,4.0,810.0,59.0,0
12.0,6601.0,253.0,194.0,3.0,1355.0,43.0,1
12.0,7756.0,261.0,49.0,5.0,1005.0,67.0,0
8.0,50.0,154.0,16.0,7.0,861.0,249.0,1
1.0,1845.0,183.0,260.0,1.0,720.0,145.0,0
10.0,4651.0,16.0,159.0,6.0,545.0,135.0,0
1.0,1073.0,80.0,79.0,3.0,825.0,120.0,1
15.0,1185.0,153.0,253.0,1.0,620.0,105.0,1
13.0,578.0,80.0,208.0,3.0,600.0,140.0,0
3.0,1012.0,148.0,35.0,5.0,390.0,65.0,0
12.0,6311.0,154.0,227.0,7.0,1357.0,50.0,0
10.0,2728.0,1.0,80.0,3.0,825.0,50.0,0
17.0,7237.0,84.0,208.0,5.0,901.0,79.0,0
15.0,174.0,262.0,79.0,4.0,785.0,140.0,1
12.0,6854.0,6.0,253.0,5.0,663.0,78.0,0
15.0,1432.0,217.0,236.0,6.0,855.0,110.0,0
4.0,633.0,159.0,135.0,3.0,345.0,235.0,0
10.0,3363.0,80.0,165.0,7.0,1245.0,85.0,1
6.0,5207.0,52.0,16.0,5.0,400.0,52.0,0
10.0,3701.0,78.0,208.0,5.0,945.0,125.0,0
1.0,1.0,148.0,154.0,3.0,550.0,385.0,0
15.0,1285.0,175.0,141.0,1.0,840.0,135.0,1
1.0,1874.0,80.0,96.0,7.0,575.0,200.0,0
11.0,6493.0,120.0,85.0,5.0,435.0,125.0,0
8.0,815.0,45.0,35.0,5.0,990.0,87.0,0
4.0,218.0,96.0,277.0,7.0,530.0,187.0,0
15.0,1329.0,207.0,262.0,3.0,380.0,90.0,0
15.0,2353.0,79.0,173.0,4.0,800.0,210.0,0
15.0,3658.0,233.0,79.0,1.0,540.0,250.0,1
3.0,140.0,213.0,148.0,3.0,482.0,148.0,0
9.0,146.0,128.0,203.0,4.0,520.0,37.0,0
5.0,1701.0,35.0,16.0,7.0,585.0,179.0,0
15.0,673.0,244.0,131.0,3.0,450.0,55.0,0
13.0,147.0,243.0,253.0,4.0,431.0,101.0,0
15.0,2089.0,22.0,277.0,6.0,785.0,195.0,1
1.0,1593.0,173.0,183.0,4.0,720.0,65.0,1
14.0,78.0,252.0,216.0,1.0,525.0,305.0,0
13.0,49.0,134.0,154.0,7.0,743.0,346.0,0
5.0,245.0,148.0,154.0,3.0,1140.0,390.0,0
0.0,4283.0,61.0,71.0,5.0,1130.0,49.0,0
15.0,3403.0,129.0,2.0,4.0,405.0,135.0,0
15.0,2803.0,175.0,154.0,1.0,705.0,270.0,1
1.0,763.0,159.0,80.0,7.0,990.0,260.0,1
5.0,1826.0,104.0,16.0,1.0,880.0,120.0,0
6.0,4944.0,48.0,85.0,7.0,815.0,70.0,0
15.0,468.0,34.0,236.0,7.0,555.0,65.0,0
14.0,1211.0,78.0,213.0,4.0,1055.0,151.0,0
15.0,931.0,79.0,34.0,7.0,1230.0,125.0,0
1.0,400.0,80.0,148.0,5.0,655.0,205.0,1
14.0,1020.0,216.0,173.0,3.0,605.0,167.0,1
5.0,8.0,135.0,16.0,6.0,961.0,132.0,0
1.0,2465.0,80.0,154.0,1.0,1070.0,205.0,0
12.0,6906.0,79.0,44.0,6.0,1120.0,148.0,0
5.0,2490.0,197.0,16.0,5.0,785.0,153.0,0
14.0,230.0,217.0,85.0,1.0,810.0,228.0,1
1.0,1998.0,80.0,104.0,3.0,840.0,155.0,0
13.0,253.0,61.0,79.0,6.0,550.0,202.0,0
13.0,112.0,207.0,79.0,7.0,365.0,139.0,0
12.0,6653.0,253.0,191.0,5.0,874.0,40.0,1
15.0,1741.0,45.0,182.0,5.0,1235.0,75.0,1
10.0,3710.0,208.0,290.0,1.0,1055.0,105.0,1
17.0,2864.0,103.0,217.0,7.0,1150.0,71.0,0
4.0,480.0,153.0,58.0,4.0,677.0,233.0,0
10.0,3761.0,261.0,208.0,4.0,690.0,190.0,1
16.0,5924.0,136.0,208.0,5.0,360.0,110.0,0
11.0,6469.0,132.0,16.0,1.0,440.0,67.0,0
0.0,3865.0,85.0,218.0,4.0,1195.0,94.0,0
14.0,687.0,253.0,217.0,6.0,360.0,111.0,0
15.0,816.0,268.0,58.0,6.0,1005.0,90.0,0
15.0,245.0,45.0,217.0,3.0,440.0,320.0,1
1.0,1241.0,80.0,79.0,1.0,610.0,125.0,1
16.0,2718.0,45.0,96.0,1.0,370.0,54.0,0
16.0,5959.0,134.0,285.0,3.0,525.0,94.0,0
8.0,1154.0,139.0,241.0,3.0,965.0,146.0,0
5.0,1503.0,22.0,197.0,4.0,1100.0,186.0,1
14.0,1443.0,233.0,60.0,4.0,864.0,66.0,1
15.0,391.0,139.0,172.0,4.0,445.0,100.0,0
12.0,4845.0,205.0,261.0,7.0,819.0,155.0,0
14.0,654.0,148.0,217.0,1.0,390.0,349.0,1
9.0,239.0,128.0,161.0,4.0,995.0,37.0,0
14.0,740.0,260.0,216.0,6.0,820.0,244.0,0
14.0,373.0,148.0,60.0,4.0,1109.0,131.0,1
1.0,736.0,172.0,80.0,3.0,700.0,100.0,0
5.0,2381.0,16.0,241.0,6.0,657.0,102.0,1
12.0,6644.0,280.0,79.0,4.0,333.0,112.0,0
5.0,1640.0,16.0,85.0,3.0,595.0,127.0,0
1.0,741.0,80.0,178.0,3.0,975.0,95.0,0
5.0,2879.0,159.0,104.0,5.0,640.0,199.0,0
4.0,1185.0,96.0,208.0,4.0,1005.0,158.0,1
3.0,401.0,35.0,198.0,5.0,672.0,229.0,1
1.0,1204.0,2.0,80.0,5.0,640.0,100.0,0
6.0,5285.0,120.0,16.0,3.0,835.0,95.0,1
9.0,362.0,128.0,143.0,1.0,1100.0,51.0,0
6.0,5312.0,285.0,16.0,4.0,621.0,65.0,0
15.0,774.0,268.0,205.0,7.0,1235.0,75.0,1
8.0,1184.0,119.0,277.0,7.0,525.0,160.0,0
1.0,1602.0,80.0,136.0,3.0,570.0,75.0,1
17.0,2834.0,217.0,280.0,3.0,1365.0,41.0,0
11.0,6672.0,132.0,177.0,5.0,710.0,65.0,1
5.0,1649.0,16.0,253.0,3.0,1305.0,328.0,0
14.0,301.0,60.0,217.0,7.0,985.0,278.0,0
0.0,3754.0,85.0,250.0,5.0,648.0,81.0,1
11.0,6354.0,216.0,71.0,1.0,640.0,127.0,0
15.0,2254.0,202.0,79.0,7.0,1005.0,140.0,1
5.0,2575.0,16.0,177.0,7.0,555.0,99.0,1
12.0,6609.0,208.0,152.0,1.0,958.0,49.0,1
6.0,5157.0,16.0,290.0,4.0,513.0,127.0,0
16.0,2249.0,177.0,96.0,7.0,775.0,155.0,0
5.0,2236.0,80.0,197.0,6.0,480.0,144.0,0
6.0,5410.0,237.0,16.0,1.0,932.0,93.0,0
1.0,2094.0,80.0,173.0,6.0,1040.0,150.0,1
15.0,2667.0,216.0,35.0,7.0,515.0,90.0,0
5.0,2763.0,148.0,154.0,7.0,540.0,393.0,0
7.0,516.0,79.0,159.0,3.0,915.0,220.0,1
14.0,2120.0,159.0,35.0,1.0,540.0,75.0,1
16.0,2965.0,96.0,197.0,1.0,840.0,194.0,0
17.0,2791.0,153.0,100.0,3.0,1295.0,63.0,0
3.0,100.0,148.0,43.0,6.0,418.0,89.0,0
12.0,4657.0,157.0,197.0,3.0,390.0,130.0,1
5.0,2514.0,85.0,119.0,5.0,610.0,59.0,0
5.0,2879.0,159.0,104.0,4.0,640.0,199.0,1
1.0,484.0,80.0,183.0,4.0,935.0,165.0,0
1.0,411.0,80.0,264.0,7.0,815.0,200.0,1
3.0,491.0,35.0,79.0,4.0,1185.0,271.0,1
15.0,1509.0,253.0,264.0,4.0,535.0,85.0,0
16.0,5936.0,16.0,134.0,7.0,360.0,103.0,0
12.0,4635.0,261.0,258.0,5.0,1220.0,114.0,0
9.0,16.0,128.0,243.0,4.0,790.0,325.0,1
0.0,4183.0,54.0,85.0,1.0,982.0,133.0,0
17.0,2702.0,248.0,217.0,4.0,385.0,94.0,0
10.0,3726.0,96.0,208.0,4.0,600.0,160.0,0
5.0,2144.0,85.0,78.0,7.0,1055.0,100.0,0
15.0,1823.0,75.0,268.0,6.0,775.0,100.0,0
11.0,6487.0,120.0,71.0,6.0,840.0,97.0,1
8.0,716.0,48.0,173.0,7.0,736.0,144.0,1
14.0,2030.0,78.0,35.0,5.0,690.0,84.0,0
5.0,1010.0,16.0,60.0,5.0,670.0,78.0,0
12.0,6352.0,214.0,253.0,5.0,927.0,102.0,0
12.0,6723.0,253.0,252.0,3.0,771.0,122.0,0
5.0,2862.0,154.0,148.0,3.0,1410.0,315.0,1
1.0,743.0,159.0,80.0,4.0,755.0,240.0,1
11.0,6706.0,234.0,85.0,7.0,751.0,119.0,0
15.0,1642.0,91.0,129.0,7.0,495.0,105.0,0
11.0,6363.0,71.0,172.0,3.0,820.0,125.0,0
5.0,2514.0,268.0,85.0,1.0,400.0,100.0,1
2.0,153.0,206.0,14.0,4.0,1267.0,88.0,1
5.0,1815.0,159.0,71.0,3.0,370.0,129.0,0
13.0,419.0,79.0,214.0,3.0,1299.0,177.0,0
15.0,593.0,141.0,45.0,7.0,1180.0,70.0,0
7.0,264.0,79.0,264.0,6.0,990.0,142.0,0
5.0,2237.0,16.0,147.0,7.0,1232.0,72.0,1
14.0,28.0,154.0,217.0,6.0,755.0,81.0,0
1.0,1521.0,172.0,208.0,4.0,1010.0,95.0,0
4.0,1827.0,243.0,96.0,4.0,485.0,325.0,1
12.0,4461.0,264.0,261.0,3.0,674.0,106.0,1
12.0,4441.0,261.0,102.0,5.0,602.0,107.0,0
5.0,1003.0,16.0,184.0,6.0,885.0,125.0,1
16.0,2959.0,190.0,135.0,4.0,390.0,94.0,0
13.0,667.0,79.0,197.0,7.0,762.0,114.0,0
10.0,4464.0,159.0,35.0,4.0,385.0,65.0,1
3.0,1323.0,35.0,45.0,5.0,600.0,91.0,0
10.0,3457.0,58.0,80.0,3.0,705.0,180.0,1
14.0,511.0,264.0,217.0,6.0,406.0,88.0,1
10.0,2729.0,80.0,1.0,5.0,745.0,50.0,0
14.0,1040.0,60.0,269.0,4.0,705.0,211.0,0
0.0,4227.0,109.0,71.0,4.0,365.0,52.0,0
10.0,3256.0,118.0,80.0,6.0,360.0,50.0,0
1.0,1334.0,260.0,35.0,5.0,880.0,245.0,0
16.0,2249.0,135.0,177.0,1.0,600.0,86.0,1
16.0,2209.0,58.0,121.0,5.0,1010.0,80.0,1
12.0,6661.0,253.0,191.0,4.0,932.0,36.0,0
16.0,2414.0,198.0,58.0,4.0,670.0,133.0,0
5.0,1624.0,16.0,45.0,3.0,1065.0,114.0,0
15.0,968.0,262.0,44.0,5.0,1240.0,70.0,1
4.0,318.0,96.0,277.0,7.0,1225.0,186.0,1
15.0,845.0,216.0,173.0,4.0,420.0,165.0,0
4.0,137.0,135.0,154.0,4.0,865.0,220.0,1
15.0,607.0,173.0,209.0,4.0,490.0,110.0,0
13.0,732.0,252.0,208.0,7.0,374.0,241.0,0
3.0,1119.0,43.0,104.0,4.0,660.0,184.0,1
1.0,788.0,183.0,270.0,1.0,775.0,155.0,0
1.0,1065.0,205.0,80.0,5.0,1095.0,115.0,0
5.0,1092.0,277.0,85.0,7.0,385.0,165.0,0
10.0,4387.0,78.0,233.0,5.0,810.0,65.0,0
16.0,2254.0,135.0,41.0,1.0,498.0,61.0,0
15.0,2116.0,221.0,45.0,3.0,400.0,75.0,1
15.0,653.0,154.0,33.0,5.0,520.0,230.0,1
8.0,1180.0,43.0,173.0,5.0,969.0,171.0,1
3.0,934.0,160.0,208.0,4.0,654.0,231.0,0
3.0,1304.0,134.0,148.0,3.0,451.0,73.0,0
15.0,2043.0,202.0,79.0,7.0,610.0,145.0,1
14.0,1741.0,78.0,277.0,6.0,905.0,143.0,0
1.0,1810.0,18.0,80.0,7.0,395.0,65.0,0
12.0,6941.0,195.0,208.0,4.0,821.0,56.0,1
16.0,3018.0,85.0,96.0,7.0,570.0,97.0,0
12.0,6726.0,145.0,79.0,7.0,807.0,74.0,0
1.0,1430.0,80.0,277.0,1.0,475.0,135.0,1
1.0,1096.0,243.0,208.0,4.0,380.0,250.0,0
5.0,2229.0,85.0,183.0,3.0,1200.0,185.0,1
14.0,958.0,104.0,216.0,7.0,595.0,157.0,0
15.0,611.0,264.0,258.0,7.0,850.0,75.0,1
5.0,1772.0,85.0,148.0,7.0,1042.0,118.0,1
3.0,425.0,35.0,213.0,6.0,1120.0,194.0,1
1.0,2076.0,153.0,80.0,3.0,570.0,155.0,0
10.0,3958.0,208.0,238.0,4.0,810.0,100.0,0
15.0,2610.0,258.0,243.0,3.0,920.0,75.0,1
11.0,6315.0,233.0,173.0,7.0,420.0,120.0,0
15.0,900.0,243.0,217.0,4.0,390.0,75.0,0
15.0,1326.0,154.0,258.0,1.0,710.0,65.0,1
12.0,4847.0,240.0,197.0,4.0,450.0,52.0,0
9.0,169.0,150.0,203.0,1.0,760.0,31.0,0
15.0,1590.0,207.0,153.0,3.0,415.0,60.0,0
4.0,426.0,135.0,45.0,3.0,1140.0,175.0,1
6.0,7360.0,177.0,233.0,6.0,510.0,114.0,0
5.0,1100.0,261.0,216.0,7.0,595.0,261.0,0
15.0,3504.0,18.0,173.0,1.0,770.0,145.0,0
7.0,426.0,79.0,16.0,7.0,1145.0,164.0,0
4.0,1686.0,264.0,96.0,4.0,1275.0,290.0,1
12.0,4465.0,114.0,261.0,5.0,405.0,59.0,0
3.0,271.0,153.0,44.0,4.0,1177.0,63.0,0
15.0,852.0,252.0,217.0,5.0,750.0,170.0,0
10.0,2940.0,1.0,80.0,5.0,395.0,50.0,0
5.0,1282.0,261.0,214.0,3.0,516.0,131.0,1
6.0,5019.0,16.0,70.0,7.0,590.0,53.0,1
12.0,6239.0,117.0,208.0,7.0,1100.0,60.0,1
15.0,1944.0,202.0,252.0,4.0,545.0,125.0,0
14.0,734.0,60.0,216.0,1.0,1075.0,98.0,0
1.0,644.0,80.0,60.0,4.0,915.0,140.0,1
0.0,4306.0,85.0,250.0,4.0,880.0,76.0,1
4.0,133.0,159.0,135.0,1.0,885.0,244.0,1
16.0,2120.0,184.0,135.0,6.0,875.0,169.0,1
9.0,35.0,217.0,128.0,5.0,480.0,400.0,0
15.0,903.0,175.0,104.0,4.0,1135.0,180.0,1
9.0,263.0,143.0,128.0,4.0,972.0,49.0,1
12.0,4624.0,100.0,261.0,3.0,385.0,104.0,1
12.0,6346.0,253.0,248.0,3.0,712.0,72.0,0
10.0,3201.0,80.0,52.0,4.0,790.0,110.0,1
15.0,500.0,202.0,243.0,4.0,420.0,85.0,0
17.0,2708.0,153.0,154.0,5.0,1090.0,70.0,0
10.0,3126.0,258.0,154.0,3.0,1025.0,75.0,0
13.0,726.0,79.0,197.0,7.0,1228.0,121.0,1
12.0,6923.0,6.0,253.0,5.0,1240.0,78.0,0
15.0,1209.0,214.0,202.0,6.0,715.0,100.0,0
13.0,797.0,153.0,154.0,7.0,524.0,76.0,0
12.0,7009.0,130.0,208.0,4.0,872.0,156.0,0
13.0,570.0,208.0,58.0,6.0,810.0,86.0,1
0.0,4218.0,197.0,107.0,5.0,1320.0,62.0,1
5.0,1551.0,197.0,153.0,1.0,1025.0,206.0,0
12.0,6518.0,136.0,208.0,3.0,636.0,109.0,1
14.0,595.0,172.0,217.0,3.0,360.0,174.0,0
7.0,403.0,79.0,154.0,5.0,525.0,146.0,0
15.0,1055.0,173.0,216.0,1.0,730.0,145.0,0
13.0,164.0,208.0,173.0,6.0,460.0,163.0,0
15.0,3329.0,175.0,214.0,6.0,605.0,275.0,1
8.0,190.0,16.0,78.0,3.0,1270.0,101.0,0
11.0,6446.0,216.0,148.0,5.0,805.0,60.0,0
10.0,3979.0,71.0,208.0,5.0,1200.0,90.0,0
15.0,23.0,75.0,129.0,7.0,720.0,60.0,1
11.0,6501.0,233.0,173.0,5.0,700.0,120.0,1
16.0,2222.0,135.0,256.0,6.0,940.0,61.0,0
5.0,2003.0,197.0,262.0,1.0,555.0,243.0,1
14.0,181.0,104.0,217.0,5.0,1030.0,305.0,1
5.0,734.0,172.0,16.0,1.0,350.0,127.0,0
15.0,1677.0,153.0,154.0,3.0,1140.0,65.0,1
15.0,2198.0,58.0,45.0,1.0,720.0,75.0,1
1.0,1152.0,80.0,35.0,3.0,705.0,200.0,0
8.0,1096.0,173.0,139.0,7.0,480.0,140.0,1
3.0,74.0,148.0,42.0,1.0,1005.0,82.0,1
10.0,2945.0,80.0,119.0,4.0,530.0,140.0,0
13.0,939.0,79.0,243.0,4.0,1150.0,147.0,0
0.0,3718.0,92.0,85.0,3.0,350.0,65.0,1
6.0,4954.0,41.0,16.0,7.0,882.0,88.0,0
0.0,3748.0,177.0,108.0,6.0,565.0,79.0,0
1.0,347.0,159.0,208.0,1.0,1090.0,165.0,1
5.0,1742.0,261.0,111.0,4.0,1200.0,112.0,0
12.0,6967.0,51.0,6.0,5.0,1092.0,28.0,0
6.0,7104.0,61.0,134.0,1.0,620.0,73.0,0
5.0,150.0,16.0,134.0,7.0,590.0,116.0,1
15.0,1120.0,154.0,262.0,3.0,940.0,80.0,1
1.0,12.0,253.0,148.0,1.0,565.0,334.0,0
1.0,832.0,80.0,172.0,4.0,670.0,90.0,0
11.0,6578.0,58.0,85.0,1.0,420.0,59.0,0
15.0,1498.0,44.0,258.0,4.0,1090.0,65.0,0
15.0,2552.0,236.0,153.0,4.0,380.0,80.0,0
15.0,1668.0,154.0,258.0,5.0,1115.0,65.0,0
3.0,1060.0,18.0,148.0,6.0,420.0,205.0,0
15.0,3926.0,2.0,172.0,1.0,690.0,110.0,1
1.0,1464.0,80.0,279.0,3.0,1245.0,55.0,1
5.0,2622.0,217.0,85.0,5.0,910.0,230.0,1
6.0,5123.0,190.0,16.0,5.0,714.0,76.0,0
10.0,4029.0,208.0,147.0,5.0,1175.0,145.0,0
0.0,4075.0,209.0,85.0,7.0,559.0,121.0,1
5.0,2017.0,16.0,79.0,3.0,1300.0,218.0,0
12.0,4470.0,99.0,197.0,5.0,912.0,66.0,1
8.0,564.0,16.0,32.0,3.0,1325.0,109.0,0
15.0,1565.0,154.0,202.0,6.0,370.0,80.0,0
15.0,950.0,217.0,244.0,1.0,635.0,125.0,1
4.0,1724.0,205.0,135.0,5.0,420.0,145.0,1
15.0,1715.0,154.0,18.0,1.0,885.0,170.0,1
15.0,3230.0,147.0,33.0,5.0,935.0,95.0,1
17.0,2966.0,153.0,253.0,1.0,570.0,95.0,0
15.0,1382.0,153.0,27.0,7.0,570.0,210.0,0
15.0,573.0,277.0,33.0,6.0,575.0,115.0,0
2.0,136.0,14.0,214.0,3.0,680.0,218.0,1
15.0,507.0,277.0,153.0,4.0,435.0,310.0,0
1.0,1363.0,233.0,183.0,4.0,420.0,130.0,1
11.0,6317.0,85.0,58.0,3.0,1315.0,56.0,0
6.0,5163.0,16.0,97.0,4.0,1135.0,116.0,1
10.0,3816.0,79.0,208.0,6.0,620.0,145.0,1
5.0,1149.0,154.0,128.0,1.0,1080.0,369.0,1
14.0,2158.0,78.0,159.0,1.0,360.0,60.0,0
1.0,858.0,183.0,216.0,3.0,460.0,160.0,0
2.0,859.0,252.0,128.0,1.0,1030.0,373.0,0
15.0,602.0,129.0,131.0,3.0,665.0,60.0,1
16.0,2609.0,96.0,184.0,4.0,1175.0,159.0,0
5.0,749.0,145.0,261.0,7.0,420.0,57.0,0
13.0,279.0,208.0,79.0,4.0,666.0,165.0,0
14.0,191.0,216.0,217.0,3.0,935.0,320.0,1
11.0,6456.0,157.0,16.0,4.0,935.0,90.0,0
8.0,1945.0,173.0,16.0,4.0,550.0,94.0,0
16.0,2999.0,233.0,135.0,6.0,895.0,177.0,0
15.0,1440.0,202.0,243.0,4.0,1120.0,85.0,1
16.0,2789.0,42.0,96.0,4.0,573.0,77.0,0
11.0,6283.0,85.0,71.0,3.0,935.0,79.0,0
15.0,36.0,75.0,170.0,3.0,990.0,70.0,1
5.0,2934.0,197.0,85.0,3.0,930.0,104.0,1
12.0,4677.0,261.0,44.0,6.0,690.0,120.0,1
1.0,1131.0,173.0,208.0,5.0,860.0,170.0,0
5.0,1774.0,16.0,184.0,5.0,1307.0,131.0,0
10.0,4142.0,208.0,221.0,1.0,730.0,85.0,0
4.0,469.0,253.0,135.0,7.0,360.0,223.0,0
13.0,681.0,159.0,208.0,6.0,780.0,153.0,1
0.0,3825.0,254.0,177.0,4.0,1020.0,66.0,0
5.0,1606.0,154.0,85.0,7.0,545.0,270.0,1
10.0,4651.0,16.0,159.0,7.0,545.0,135.0,0
10.0,4070.0,208.0,43.0,1.0,935.0,95.0,1
15.0,23.0,75.0,129.0,5.0,720.0,60.0,0
1.0,2423.0,208.0,172.0,4.0,870.0,90.0,0
4.0,244.0,135.0,58.0,6.0,975.0,155.0,0
15.0,2992.0,268.0,33.0,3.0,845.0,60.0,1
16.0,2536.0,16.0,96.0,6.0,615.0,139.0,0
15.0,723.0,182.0,45.0,7.0,870.0,100.0,1
15.0,1022.0,79.0,153.0,5.0,1035.0,115.0,1
14.0,1019.0,60.0,183.0,4.0,600.0,131.0,0
16.0,5946.0,208.0,251.0,4.0,645.0,72.0,0
5.0,2231.0,85.0,18.0,5.0,1200.0,203.0,1
15.0,606.0,233.0,216.0,4.0,490.0,80.0,0
10.0,4289.0,52.0,208.0,7.0,1035.0,110.0,1
15.0,1777.0,79.0,85.0,6.0,1025.0,170.0,0
14.0,1852.0,60.0,45.0,1.0,475.0,81.0,1
5.0,2414.0,104.0,148.0,7.0,380.0,169.0,0
15.0,2181.0,252.0,236.0,7.0,780.0,95.0,0
15.0,1557.0,217.0,258.0,5.0,785.0,115.0,1
5.0,1261.0,16.0,129.0,5.0,650.0,140.0,0
14.0,275.0,217.0,135.0,7.0,960.0,154.0,0
3.0,491.0,35.0,79.0,5.0,1185.0,271.0,0
6.0,5039.0,16.0,146.0,4.0,570.0,85.0,0
14.0,990.0,104.0,60.0,6.0,690.0,119.0,0
4.0,1777.0,216.0,135.0,4.0,470.0,225.0,0
14.0,1539.0,60.0,252.0,6.0,575.0,351.0,1
5.0,1587.0,16.0,172.0,7.0,1139.0,145.0,0
15.0,1862.0,228.0,173.0,4.0,1065.0,185.0,0
12.0,6575.0,253.0,179.0,4.0,516.0,79.0,1
13.0,926.0,154.0,253.0,1.0,990.0,89.0,0
3.0,375.0,159.0,104.0,5.0,577.0,186.0,0
11.0,6479.0,238.0,148.0,4.0,925.0,103.0,0
16.0,2044.0,135.0,60.0,7.0,1055.0,136.0,1
4.0,1058.0,135.0,78.0,3.0,515.0,172.0,0
16.0,2499.0,135.0,2.0,7.0,785.0,130.0,0
12.0,6582.0,253.0,51.0,1.0,960.0,93.0,1
1.0,20.0,253.0,148.0,6.0,885.0,325.0,0
7.0,359.0,277.0,79.0,5.0,1069.0,232.0,0
15.0,1978.0,262.0,214.0,6.0,940.0,90.0,0
10.0,3902.0,208.0,290.0,3.0,540.0,110.0,0
17.0,2821.0,160.0,217.0,1.0,405.0,87.0,0
16.0,2745.0,33.0,96.0,5.0,360.0,127.0,0
16.0,2882.0,135.0,33.0,3.0,1045.0,108.0,1
17.0,2653.0,209.0,60.0,5.0,825.0,85.0,0
15.0,3101.0,216.0,268.0,3.0,560.0,160.0,1
8.0,917.0,45.0,184.0,3.0,1139.0,124.0,1
10.0,2983.0,70.0,80.0,4.0,970.0,155.0,0
1.0,1083.0,134.0,80.0,7.0,390.0,210.0,0
4.0,1821.0,135.0,264.0,1.0,880.0,218.0,0
0.0,4234.0,175.0,85.0,4.0,530.0,79.0,1
1.0,1900.0,264.0,80.0,4.0,950.0,170.0,0
6.0,4988.0,16.0,33.0,3.0,600.0,74.0,1
5.0,2738.0,16.0,78.0,6.0,500.0,104.0,0
5.0,2080.0,252.0,85.0,7.0,565.0,260.0,0
15.0,776.0,184.0,173.0,4.0,1135.0,165.0,0
5.0,1273.0,61.0,16.0,5.0,420.0,115.0,0
14.0,156.0,202.0,217.0,1.0,555.0,112.0,0
16.0,2126.0,96.0,60.0,7.0,806.0,118.0,0
15.0,691.0,75.0,279.0,3.0,1095.0,55.0,1
2.0,318.0,252.0,253.0,7.0,600.0,134.0,1
6.0,5578.0,61.0,78.0,7.0,660.0,82.0,0
11.0,6709.0,71.0,268.0,4.0,1230.0,95.0,0
5.0,2811.0,177.0,104.0,7.0,560.0,139.0,1
14.0,1027.0,173.0,216.0,7.0,835.0,145.0,0
1.0,1894.0,253.0,154.0,4.0,585.0,90.0,0
0.0,4218.0,251.0,197.0,4.0,1145.0,131.0,1
8.0,305.0,79.0,16.0,5.0,745.0,170.0,0
13.0,727.0,134.0,277.0,7.0,1324.0,145.0,0
6.0,7110.0,229.0,134.0,4.0,1144.0,107.0,1
16.0,2350.0,184.0,135.0,7.0,1050.0,172.0,1
15.0,3414.0,264.0,217.0,3.0,1165.0,70.0,1
10.0,2757.0,80.0,290.0,1.0,1045.0,70.0,0
5.0,1809.0,197.0,79.0,5.0,695.0,127.0,0
10.0,4524.0,33.0,78.0,6.0,825.0,95.0,0
13.0,374.0,197.0,208.0,7.0,477.0,84.0,0
5.0,1303.0,85.0,104.0,5.0,450.0,192.0,0
15.0,48.0,75.0,162.0,3.0,1160.0,60.0,1
12.0,6871.0,79.0,192.0,5.0,755.0,102.0,0
15.0,2810.0,262.0,252.0,4.0,605.0,120.0,0
15.0,1943.0,79.0,280.0,3.0,1230.0,115.0,1
1.0,1970.0,79.0,80.0,1.0,865.0,115.0,0
5.0,1809.0,241.0,197.0,6.0,455.0,224.0,0
5.0,1813.0,16.0,268.0,1.0,520.0,114.0,0
5.0,1584.0,264.0,148.0,5.0,820.0,315.0,0
16.0,2750.0,135.0,132.0,1.0,620.0,103.0,1
6.0,5099.0,116.0,16.0,7.0,823.0,80.0,0
0.0,3703.0,197.0,107.0,3.0,925.0,62.0,1
15.0,327.0,258.0,44.0,5.0,460.0,60.0,0
14.0,548.0,217.0,80.0,5.0,1185.0,137.0,0
10.0,4417.0,78.0,233.0,7.0,1075.0,65.0,0
15.0,769.0,58.0,45.0,4.0,595.0,75.0,1
10.0,3485.0,80.0,162.0,1.0,600.0,65.0,0
15.0,3949.0,33.0,61.0,1.0,700.0,70.0,1
15.0,1076.0,153.0,205.0,5.0,650.0,160.0,1
3.0,621.0,148.0,129.0,4.0,710.0,244.0,0
15.0,1966.0,262.0,214.0,6.0,1045.0,90.0,0
1.0,502.0,80.0,241.0,6.0,555.0,145.0,0
10.0,4260.0,45.0,208.0,6.0,360.0,140.0,1
15.0,3504.0,75.0,18.0,4.0,685.0,55.0,1
10.0,3785.0,208.0,135.0,3.0,1240.0,165.0,1
6.0,7076.0,245.0,134.0,7.0,617.0,95.0,0
0.0,3919.0,85.0,92.0,4.0,830.0,61.0,1
10.0,3334.0,80.0,114.0,6.0,605.0,135.0,0
5.0,2458.0,213.0,159.0,6.0,445.0,169.0,0
0.0,3817.0,177.0,119.0,6.0,510.0,108.0,0
12.0,7023.0,6.0,253.0,3.0,958.0,74.0,1
8.0,327.0,16.0,253.0,5.0,1240.0,334.0,0
10.0,2947.0,108.0,80.0,4.0,1105.0,65.0,0
14.0,1296.0,60.0,174.0,3.0,585.0,93.0,0
15.0,104.0,268.0,252.0,6.0,605.0,265.0,0
15.0,2201.0,258.0,243.0,4.0,620.0,80.0,0
12.0,6241.0,65.0,253.0,6.0,416.0,184.0,0
15.0,742.0,262.0,243.0,5.0,715.0,85.0,1
11.0,6301.0,71.0,80.0,4.0,855.0,160.0,1
0.0,3653.0,16.0,135.0,4.0,645.0,151.0,1
1.0,1637.0,173.0,208.0,6.0,390.0,185.0,0
10.0,3651.0,183.0,285.0,3.0,1255.0,130.0,1
4.0,312.0,96.0,37.0,5.0,1220.0,232.0,0
2.0,52.0,39.0,98.0,3.0,1220.0,80.0,1
15.0,1239.0,258.0,243.0,7.0,1185.0,75.0,1
10.0,3975.0,208.0,290.0,3.0,660.0,105.0,1
15.0,1425.0,262.0,153.0,4.0,455.0,80.0,0
13.0,162.0,208.0,35.0,4.0,1034.0,139.0,0
12.0,6561.0,107.0,79.0,4.0,1151.0,103.0,0
9.0,146.0,128.0,203.0,3.0,520.0,37.0,0
16.0,2871.0,96.0,120.0,6.0,480.0,105.0,0
15.0,1016.0,197.0,175.0,1.0,715.0,100.0,1
14.0,1781.0,35.0,60.0,3.0,880.0,145.0,1
5.0,1747.0,159.0,16.0,1.0,540.0,160.0,1
15.0,1022.0,45.0,79.0,7.0,870.0,255.0,0
15.0,1004.0,175.0,172.0,5.0,460.0,90.0,1
4.0,1746.0,135.0,208.0,5.0,445.0,150.0,0
13.0,661.0,159.0,208.0,3.0,540.0,165.0,0
2.0,860.0,128.0,252.0,1.0,550.0,340.0,0
5.0,1416.0,79.0,16.0,6.0,70.0,166.0,0
15.0,2801.0,277.0,213.0,3.0,735.0,55.0,1
11.0,6443.0,22.0,71.0,3.0,804.0,146.0,0
3.0,422.0,213.0,35.0,1.0,640.0,173.0,0
4.0,133.0,159.0,135.0,3.0,885.0,244.0,0
5.0,2316.0,153.0,85.0,7.0,685.0,244.0,0
5.0,2243.0,96.0,16.0,7.0,690.0,144.0,1
3.0,91.0,148.0,202.0,4.0,1170.0,401.0,0
15.0,2697.0,27.0,198.0,7.0,715.0,70.0,1
1.0,858.0,183.0,216.0,7.0,460.0,160.0,0
15.0,1593.0,129.0,45.0,6.0,910.0,170.0,0
4.0,1437.0,277.0,135.0,4.0,385.0,142.0,0
5.0,1280.0,16.0,148.0,1.0,575.0,144.0,1
17.0,7235.0,134.0,12.0,7.0,498.0,70.0,0
2.0,318.0,252.0,253.0,5.0,600.0,134.0,1
5.0,1042.0,264.0,16.0,4.0,525.0,247.0,0
13.0,956.0,208.0,45.0,6.0,980.0,113.0,1
12.0,6557.0,214.0,179.0,1.0,927.0,61.0,0
5.0,2139.0,78.0,16.0,4.0,1020.0,125.0,1
12.0,6650.0,34.0,253.0,1.0,1058.0,105.0,0
6.0,5505.0,121.0,16.0,1.0,840.0,77.0,0
15.0,840.0,153.0,22.0,3.0,565.0,295.0,0
12.0,6604.0,261.0,79.0,4.0,447.0,98.0,0
1.0,1705.0,80.0,197.0,1.0,785.0,135.0,0
5.0,152.0,154.0,16.0,3.0,780.0,261.0,1
10.0,4548.0,159.0,61.0,5.0,779.0,121.0,0
13.0,363.0,134.0,208.0,6.0,1317.0,133.0,0
12.0,4450.0,137.0,261.0,7.0,810.0,51.0,1
5.0,2764.0,16.0,221.0,1.0,900.0,106.0,1
6.0,7067.0,182.0,134.0,4.0,486.0,110.0,0
5.0,1644.0,16.0,60.0,7.0,1040.0,79.0,1
13.0,363.0,134.0,208.0,7.0,1333.0,132.0,0
15.0,24.0,173.0,129.0,1.0,595.0,160.0,1
16.0,5925.0,208.0,107.0,7.0,634.0,96.0,0
14.0,951.0,78.0,173.0,1.0,719.0,139.0,0
11.0,6377.0,71.0,251.0,5.0,810.0,53.0,0
16.0,2270.0,135.0,197.0,4.0,685.0,158.0,0
5.0,2614.0,252.0,197.0,6.0,900.0,195.0,0
5.0,2335.0,16.0,147.0,4.0,887.0,69.0,0
15.0,1147.0,258.0,214.0,1.0,480.0,110.0,1
14.0,1007.0,80.0,60.0,7.0,945.0,141.0,1
1.0,1574.0,153.0,80.0,4.0,685.0,155.0,0
17.0,1036.0,128.0,143.0,3.0,680.0,49.0,0
17.0,1008.0,128.0,203.0,7.0,1080.0,35.0,0
5.0,2277.0,177.0,80.0,5.0,1165.0,103.0,1
2.0,64.0,226.0,289.0,1.0,928.0,32.0,0
1.0,1218.0,80.0,27.0,1.0,905.0,95.0,1
5.0,1988.0,153.0,177.0,1.0,750.0,196.0,0
17.0,1028.0,161.0,128.0,6.0,970.0,29.0,0
5.0,187.0,148.0,153.0,5.0,1235.0,364.0,1
1.0,1545.0,80.0,280.0,1.0,935.0,145.0,1
1.0,1306.0,243.0,80.0,6.0,960.0,170.0,0
5.0,1188.0,198.0,16.0,7.0,1050.0,90.0,0
15.0,1016.0,129.0,131.0,5.0,1055.0,60.0,1
10.0,4485.0,159.0,85.0,6.0,890.0,125.0,0
6.0,5510.0,16.0,190.0,3.0,760.0,78.0,1
15.0,777.0,129.0,243.0,3.0,1095.0,210.0,1
4.0,306.0,96.0,60.0,5.0,735.0,122.0,0
5.0,1431.0,78.0,177.0,3.0,695.0,150.0,1
6.0,5224.0,16.0,47.0,5.0,981.0,61.0,0
5.0,2183.0,198.0,159.0,7.0,690.0,167.0,1
15.0,1590.0,153.0,172.0,5.0,505.0,165.0,0
15.0,477.0,175.0,252.0,1.0,530.0,285.0,1
2.0,371.0,262.0,252.0,1.0,420.0,112.0,0
15.0,1097.0,217.0,44.0,5.0,1125.0,85.0,1
15.0,1030.0,258.0,153.0,4.0,450.0,85.0,0
14.0,1254.0,147.0,78.0,6.0,715.0,103.0,0
3.0,446.0,277.0,35.0,5.0,1180.0,165.0,0
10.0,4395.0,33.0,159.0,4.0,620.0,130.0,1
1.0,1433.0,22.0,183.0,6.0,380.0,205.0,0
13.0,731.0,96.0,79.0,7.0,599.0,268.0,0
12.0,4655.0,197.0,240.0,7.0,1140.0,42.0,1
4.0,768.0,96.0,153.0,3.0,450.0,342.0,1
6.0,5375.0,58.0,16.0,7.0,465.0,124.0,0
15.0,923.0,277.0,45.0,4.0,630.0,130.0,1
12.0,4549.0,261.0,253.0,5.0,910.0,125.0,1
10.0,3362.0,155.0,80.0,3.0,970.0,65.0,0
14.0,1565.0,216.0,104.0,5.0,1105.0,179.0,1
12.0,6237.0,100.0,153.0,5.0,877.0,80.0,0
8.0,356.0,16.0,159.0,6.0,1013.0,128.0,1
6.0,5175.0,16.0,33.0,7.0,1130.0,70.0,1
17.0,2677.0,60.0,251.0,7.0,790.0,88.0,0
14.0,2031.0,35.0,78.0,3.0,660.0,92.0,1
3.0,593.0,130.0,173.0,3.0,670.0,163.0,0
8.0,1153.0,241.0,139.0,4.0,1151.0,150.0,0
8.0,368.0,16.0,159.0,3.0,620.0,134.0,0
13.0,788.0,253.0,35.0,5.0,680.0,344.0,0
14.0,77.0,217.0,252.0,5.0,1270.0,187.0,0
12.0,6286.0,227.0,153.0,5.0,775.0,60.0,1
7.0,484.0,217.0,184.0,3.0,1085.0,198.0,0
5.0,1593.0,85.0,139.0,3.0,830.0,72.0,1
11.0,6630.0,85.0,157.0,5.0,1190.0,83.0,0
12.0,6899.0,208.0,184.0,3.0,439.0,42.0,1
15.0,3482.0,241.0,173.0,6.0,675.0,50.0,0
16.0,2104.0,68.0,135.0,5.0,495.0,65.0,0
14.0,1768.0,80.0,60.0,4.0,730.0,144.0,0
15.0,178.0,45.0,35.0,5.0,395.0,80.0,0
13.0,732.0,208.0,147.0,5.0,792.0,147.0,0
13.0,184.0,253.0,216.0,7.0,545.0,335.0,0
10.0,3202.0,54.0,80.0,4.0,1120.0,190.0,0
1.0,804.0,80.0,139.0,5.0,810.0,125.0,0
13.0,55.0,253.0,150.0,5.0,987.0,336.0,1
15.0,2102.0,217.0,228.0,4.0,760.0,290.0,1
1.0,2058.0,80.0,260.0,7.0,795.0,265.0,1
6.0,5152.0,16.0,11.0,5.0,1155.0,61.0,1
4.0,217.0,198.0,96.0,1.0,855.0,181.0,1
12.0,6289.0,227.0,153.0,7.0,953.0,60.0,0
6.0,5187.0,157.0,16.0,4.0,616.0,88.0,0
14.0,472.0,217.0,44.0,4.0,665.0,90.0,0
5.0,2519.0,175.0,16.0,7.0,820.0,117.0,1
7.0,225.0,79.0,262.0,4.0,505.0,154.0,0
2.0,305.0,253.0,252.0,1.0,785.0,128.0,0
13.0,106.0,154.0,208.0,1.0,515.0,243.0,1
5.0,154.0,104.0,148.0,4.0,905.0,185.0,1
0.0,4305.0,54.0,16.0,1.0,1010.0,85.0,1
15.0,3058.0,243.0,258.0,5.0,1080.0,80.0,1
1.0,2243.0,221.0,80.0,7.0,745.0,190.0,1
10.0,4140.0,208.0,172.0,6.0,665.0,90.0,0
6.0,5230.0,16.0,120.0,4.0,735.0,75.0,1
17.0,7280.0,42.0,208.0,7.0,1001.0,154.0,1
14.0,1924.0,60.0,45.0,1.0,700.0,85.0,1
15.0,945.0,217.0,264.0,3.0,1005.0,75.0,1
10.0,4075.0,208.0,281.0,7.0,720.0,60.0,1
12.0,4751.0,34.0,261.0,7.0,1175.0,73.0,0
15.0,3224.0,58.0,175.0,7.0,515.0,85.0,1
5.0,2259.0,197.0,261.0,4.0,675.0,174.0,1
4.0,649.0,253.0,96.0,5.0,915.0,316.0,1
13.0,377.0,217.0,79.0,7.0,994.0,108.0,0
1.0,1436.0,80.0,60.0,4.0,700.0,135.0,0
10.0,4204.0,208.0,205.0,5.0,910.0,95.0,0
2.0,482.0,252.0,243.0,7.0,940.0,160.0,1
12.0,6748.0,154.0,57.0,5.0,965.0,41.0,1
12.0,6339.0,154.0,243.0,3.0,1045.0,47.0,0
15.0,3238.0,58.0,175.0,3.0,415.0,85.0,1
12.0,6499.0,154.0,258.0,5.0,551.0,71.0,0
6.0,7370.0,177.0,190.0,3.0,875.0,77.0,0
1.0,1639.0,148.0,260.0,4.0,1230.0,230.0,1
15.0,1327.0,45.0,243.0,6.0,605.0,360.0,1
4.0,1881.0,96.0,252.0,4.0,1080.0,370.0,1
15.0,141.0,45.0,233.0,6.0,695.0,65.0,1
15.0,422.0,182.0,45.0,5.0,485.0,100.0,0
0.0,3788.0,197.0,82.0,7.0,1325.0,55.0,1
6.0,5117.0,16.0,101.0,3.0,525.0,85.0,0
3.0,270.0,44.0,153.0,3.0,975.0,65.0,1
5.0,1901.0,35.0,16.0,6.0,510.0,185.0,0
15.0,1021.0,33.0,198.0,3.0,520.0,95.0,1
4.0,221.0,16.0,135.0,5.0,1019.0,140.0,0
5.0,1701.0,35.0,16.0,4.0,585.0,179.0,0
15.0,748.0,79.0,204.0,5.0,590.0,90.0,1
2.0,5.0,78.0,154.0,4.0,550.0,354.0,1
15.0,380.0,175.0,146.0,5.0,950.0,125.0,0
3.0,233.0,261.0,160.0,4.0,690.0,109.0,0
15.0,1268.0,45.0,184.0,5.0,545.0,125.0,1
14.0,894.0,60.0,16.0,5.0,1215.0,80.0,0
1.0,1851.0,78.0,183.0,3.0,365.0,160.0,1
15.0,382.0,261.0,153.0,1.0,805.0,80.0,1
0.0,4235.0,148.0,60.0,4.0,885.0,147.0,0
1.0,1696.0,198.0,208.0,6.0,1055.0,150.0,1
15.0,926.0,202.0,153.0,7.0,1060.0,85.0,1
15.0,2031.0,153.0,2.0,7.0,875.0,80.0,1
15.0,1081.0,279.0,217.0,6.0,930.0,165.0,1
5.0,2909.0,197.0,268.0,5.0,925.0,96.0,1
17.0,7282.0,273.0,134.0,4.0,1194.0,77.0,1
5.0,1522.0,119.0,85.0,1.0,1055.0,65.0,0
15.0,1587.0,155.0,75.0,5.0,415.0,65.0,0
15.0,153.0,79.0,139.0,1.0,610.0,145.0,1
15.0,1136.0,153.0,154.0,5.0,365.0,65.0,0
15.0,2983.0,202.0,207.0,4.0,1215.0,70.0,1
6.0,5209.0,47.0,16.0,4.0,827.0,74.0,0
5.0,2544.0,197.0,172.0,4.0,1150.0,92.0,0
15.0,899.0,173.0,153.0,3.0,480.0,325.0,0
14.0,1120.0,173.0,60.0,7.0,623.0,96.0,1
1.0,1156.0,208.0,183.0,3.0,600.0,185.0,0
1.0,456.0,18.0,80.0,5.0,875.0,65.0,0
15.0,796.0,153.0,175.0,1.0,1095.0,205.0,1
2.0,328.0,252.0,258.0,4.0,965.0,126.0,0
5.0,2596.0,253.0,71.0,4.0,738.0,262.0,0
6.0,7360.0,177.0,233.0,1.0,510.0,114.0,0
15.0,1656.0,258.0,154.0,5.0,780.0,70.0,1
15.0,2287.0,241.0,216.0,1.0,950.0,165.0,0
5.0,2121.0,85.0,217.0,7.0,1170.0,270.0,1
15.0,2514.0,277.0,198.0,6.0,755.0,100.0,1
11.0,6557.0,148.0,208.0,7.0,1075.0,183.0,0
15.0,1021.0,175.0,33.0,1.0,410.0,85.0,1
10.0,4140.0,208.0,172.0,1.0,665.0,90.0,0
16.0,2719.0,118.0,135.0,1.0,390.0,60.0,0
16.0,2550.0,135.0,60.0,1.0,855.0,136.0,1
6.0,5019.0,70.0,16.0,5.0,668.0,49.0,0
15.0,29.0,75.0,129.0,3.0,810.0,65.0,0
5.0,1319.0,16.0,22.0,3.0,904.0,143.0,0
5.0,123.0,148.0,16.0,7.0,945.0,171.0,1
14.0,1096.0,216.0,233.0,7.0,940.0,82.0,0
14.0,881.0,208.0,60.0,4.0,455.0,114.0,1
14.0,2161.0,159.0,78.0,3.0,360.0,59.0,0
5.0,1275.0,148.0,261.0,3.0,565.0,325.0,1
16.0,2330.0,170.0,135.0,4.0,810.0,86.0,0
13.0,838.0,253.0,80.0,4.0,650.0,212.0,1
2.0,41.0,14.0,23.0,5.0,420.0,77.0,0
2.0,560.0,214.0,154.0,4.0,400.0,137.0,0
3.0,45.0,238.0,148.0,6.0,360.0,83.0,0
14.0,1269.0,60.0,233.0,4.0,575.0,50.0,0
4.0,172.0,128.0,154.0,3.0,890.0,335.0,0
4.0,1175.0,96.0,208.0,6.0,480.0,160.0,1
10.0,2731.0,71.0,80.0,6.0,360.0,165.0,0
10.0,3983.0,94.0,208.0,6.0,625.0,80.0,0
13.0,886.0,253.0,153.0,6.0,765.0,104.0,0
2.0,312.0,253.0,227.0,4.0,910.0,84.0,0
8.0,1039.0,277.0,221.0,6.0,945.0,137.0,0
5.0,1259.0,221.0,16.0,4.0,875.0,123.0,1
8.0,111.0,16.0,134.0,4.0,1255.0,103.0,0
1.0,1928.0,154.0,253.0,6.0,595.0,100.0,0
11.0,6575.0,177.0,172.0,4.0,565.0,95.0,0
12.0,6893.0,6.0,253.0,1.0,360.0,82.0,0
8.0,135.0,16.0,277.0,7.0,610.0,90.0,0
7.0,652.0,79.0,175.0,4.0,1140.0,137.0,0
5.0,2911.0,16.0,80.0,4.0,1235.0,147.0,0
5.0,1855.0,16.0,154.0,3.0,814.0,298.0,1
1.0,1351.0,208.0,154.0,4.0,810.0,270.0,1
15.0,3230.0,33.0,129.0,7.0,995.0,130.0,1
14.0,1869.0,273.0,60.0,3.0,1145.0,133.0,0
10.0,3193.0,154.0,258.0,3.0,400.0,75.0,0
1.0,2086.0,183.0,148.0,3.0,1150.0,170.0,1
12.0,6571.0,214.0,179.0,3.0,1135.0,61.0,0
12.0,6649.0,235.0,79.0,4.0,935.0,70.0,0
10.0,4464.0,159.0,35.0,5.0,385.0,65.0,0
13.0,760.0,253.0,208.0,7.0,792.0,253.0,1
15.0,729.0,153.0,236.0,5.0,445.0,75.0,0
15.0,3851.0,268.0,104.0,1.0,795.0,160.0,1
6.0,7327.0,16.0,87.0,6.0,790.0,62.0,0
5.0,1802.0,264.0,16.0,5.0,405.0,264.0,0
15.0,861.0,216.0,175.0,5.0,930.0,135.0,1
12.0,4713.0,230.0,261.0,6.0,370.0,104.0,0
4.0,1686.0,264.0,96.0,7.0,1275.0,290.0,0
10.0,3923.0,107.0,208.0,3.0,390.0,105.0,0
1.0,1736.0,260.0,183.0,6.0,1285.0,160.0,0
14.0,2042.0,78.0,35.0,4.0,1050.0,92.0,0
4.0,1662.0,135.0,241.0,3.0,1160.0,131.0,1
12.0,6662.0,253.0,194.0,1.0,991.0,43.0,0
1.0,1157.0,80.0,252.0,3.0,460.0,265.0,0
13.0,779.0,35.0,79.0,3.0,874.0,287.0,1
15.0,1420.0,207.0,258.0,4.0,1215.0,65.0,1
0.0,4089.0,85.0,109.0,6.0,730.0,54.0,0
15.0,3773.0,277.0,147.0,5.0,1010.0,50.0,1
15.0,218.0,153.0,252.0,3.0,1215.0,165.0,1
11.0,6651.0,159.0,33.0,1.0,930.0,167.0,0
13.0,489.0,71.0,208.0,7.0,487.0,80.0,0
14.0,1465.0,228.0,216.0,4.0,440.0,82.0,0
15.0,1246.0,268.0,45.0,5.0,670.0,115.0,1
4.0,222.0,198.0,135.0,3.0,325.0,70.0,0
8.0,762.0,16.0,213.0,4.0,757.0,108.0,0
10.0,2814.0,230.0,80.0,7.0,850.0,140.0,1
15.0,7.0,129.0,104.0,4.0,595.0,135.0,1
4.0,1558.0,264.0,135.0,1.0,710.0,186.0,1
12.0,4621.0,261.0,236.0,6.0,921.0,88.0,1
13.0,72.0,253.0,35.0,7.0,959.0,343.0,0
12.0,4575.0,204.0,261.0,5.0,390.0,142.0,0
15.0,44.0,172.0,175.0,4.0,1215.0,80.0,1
1.0,254.0,203.0,154.0,6.0,840.0,305.0,0
5.0,2473.0,16.0,183.0,1.0,503.0,125.0,0
15.0,3687.0,173.0,43.0,3.0,1185.0,155.0,1
1.0,1267.0,183.0,260.0,1.0,1000.0,150.0,0
15.0,1199.0,175.0,205.0,3.0,800.0,90.0,0
10.0,4657.0,16.0,159.0,1.0,780.0,125.0,0
5.0,1145.0,16.0,198.0,4.0,445.0,100.0,1
15.0,3512.0,79.0,268.0,4.0,555.0,120.0,1
6.0,7398.0,27.0,16.0,5.0,660.0,71.0,0
14.0,2174.0,78.0,159.0,7.0,840.0,80.0,0
5.0,1484.0,85.0,96.0,5.0,1055.0,115.0,0
14.0,1040.0,60.0,269.0,3.0,705.0,212.0,0
5.0,1167.0,16.0,264.0,1.0,980.0,296.0,1
17.0,2614.0,18.0,60.0,4.0,1019.0,154.0,0
2.0,22.0,252.0,208.0,3.0,765.0,242.0,0
12.0,6832.0,246.0,253.0,4.0,380.0,88.0,1
15.0,3506.0,217.0,202.0,3.0,430.0,125.0,0
17.0,7278.0,134.0,209.0,7.0,747.0,56.0,0
1.0,1406.0,205.0,80.0,7.0,360.0,125.0,0
4.0,1810.0,262.0,135.0,5.0,360.0,220.0,0
15.0,126.0,18.0,104.0,7.0,840.0,155.0,1
15.0,2003.0,236.0,258.0,6.0,605.0,60.0,0
14.0,1223.0,78.0,213.0,4.0,520.0,157.0,0
10.0,3104.0,154.0,258.0,4.0,675.0,75.0,0
5.0,1871.0,34.0,261.0,1.0,390.0,70.0,0
1.0,826.0,80.0,244.0,4.0,780.0,65.0,0
15.0,944.0,207.0,217.0,4.0,460.0,70.0,1
12.0,6268.0,280.0,253.0,7.0,702.0,138.0,1
8.0,67.0,134.0,16.0,1.0,884.0,110.0,1
5.0,2382.0,183.0,148.0,3.0,1140.0,180.0,0
2.0,878.0,203.0,252.0,6.0,545.0,335.0,0
10.0,2885.0,188.0,80.0,6.0,645.0,80.0,0
5.0,2853.0,132.0,16.0,7.0,390.0,80.0,0
1.0,1038.0,80.0,197.0,4.0,445.0,140.0,0
12.0,6440.0,154.0,65.0,6.0,838.0,131.0,0
5.0,589.0,159.0,16.0,3.0,780.0,158.0,0
1.0,1743.0,80.0,172.0,7.0,885.0,90.0,1
15.0,618.0,154.0,202.0,5.0,835.0,75.0,1
2.0,114.0,14.0,252.0,4.0,150.0,200.0,0
1.0,1981.0,16.0,80.0,5.0,705.0,150.0,0
2.0,14.0,252.0,96.0,3.0,905.0,307.0,1
2.0,66.0,50.0,291.0,1.0,1018.0,52.0,0
15.0,740.0,153.0,268.0,7.0,795.0,190.0,1
8.0,1578.0,16.0,286.0,7.0,620.0,80.0,0
15.0,1065.0,45.0,33.0,5.0,660.0,120.0,1
15.0,1789.0,213.0,216.0,6.0,1030.0,160.0,1
16.0,2458.0,33.0,135.0,5.0,695.0,129.0,0
15.0,919.0,173.0,45.0,1.0,445.0,125.0,1
17.0,2660.0,268.0,60.0,5.0,975.0,109.0,0
0.0,4380.0,229.0,85.0,4.0,983.0,135.0,1
14.0,1729.0,60.0,173.0,1.0,688.0,91.0,1
14.0,1168.0,60.0,221.0,4.0,795.0,83.0,0
15.0,910.0,75.0,204.0,5.0,1250.0,50.0,1
5.0,1050.0,177.0,16.0,6.0,855.0,85.0,1
14.0,1400.0,60.0,33.0,7.0,1200.0,88.0,0
12.0,6388.0,79.0,56.0,1.0,968.0,109.0,1
5.0,2177.0,85.0,241.0,7.0,745.0,173.0,1
3.0,1218.0,43.0,35.0,3.0,1102.0,83.0,1
0.0,3775.0,12.0,85.0,6.0,330.0,120.0,0
14.0,2046.0,78.0,35.0,3.0,1170.0,86.0,1
11.0,6566.0,234.0,148.0,1.0,375.0,85.0,0
12.0,6810.0,214.0,252.0,4.0,1305.0,49.0,1
16.0,2014.0,221.0,96.0,1.0,642.0,77.0,1
8.0,1038.0,221.0,277.0,1.0,769.0,150.0,0
8.0,530.0,16.0,177.0,6.0,1260.0,82.0,0
17.0,7284.0,208.0,238.0,4.0,1284.0,92.0,0
15.0,2397.0,175.0,172.0,1.0,570.0,90.0,1
12.0,7004.0,253.0,248.0,3.0,463.0,65.0,0
4.0,606.0,135.0,277.0,4.0,960.0,128.0,1
12.0,6319.0,221.0,134.0,6.0,978.0,62.0,0
15.0,1587.0,155.0,75.0,3.0,415.0,65.0,0
2.0,236.0,214.0,243.0,5.0,415.0,145.0,0
4.0,1033.0,159.0,135.0,1.0,630.0,245.0,1
12.0,6380.0,34.0,253.0,3.0,884.0,105.0,1
0.0,3868.0,85.0,281.0,5.0,930.0,68.0,1
4.0,14.0,128.0,96.0,6.0,1180.0,570.0,1
1.0,1991.0,78.0,80.0,5.0,710.0,210.0,0
5.0,1957.0,261.0,252.0,4.0,1211.0,134.0,1
5.0,2653.0,159.0,277.0,7.0,695.0,181.0,0
14.0,720.0,183.0,60.0,6.0,890.0,124.0,0
5.0,2456.0,261.0,197.0,3.0,525.0,165.0,0
5.0,1024.0,22.0,16.0,5.0,365.0,175.0,1
1.0,1885.0,244.0,80.0,1.0,540.0,70.0,1
12.0,7029.0,261.0,253.0,1.0,671.0,143.0,0
1.0,759.0,159.0,80.0,1.0,935.0,250.0,1
7.0,790.0,214.0,79.0,1.0,385.0,144.0,0
16.0,5926.0,208.0,230.0,4.0,718.0,137.0,0
12.0,4843.0,261.0,127.0,7.0,905.0,84.0,0
5.0,1992.0,277.0,85.0,5.0,835.0,159.0,1
13.0,783.0,134.0,2.0,5.0,1060.0,263.0,0
15.0,767.0,85.0,268.0,4.0,555.0,105.0,0
17.0,7290.0,177.0,208.0,4.0,636.0,107.0,0
15.0,919.0,45.0,43.0,4.0,595.0,65.0,0
14.0,1007.0,60.0,221.0,4.0,1199.0,81.0,0
5.0,1783.0,261.0,153.0,1.0,821.0,85.0,0
10.0,4664.0,58.0,159.0,3.0,535.0,95.0,1
6.0,5195.0,16.0,167.0,1.0,650.0,86.0,0
9.0,144.0,161.0,128.0,6.0,715.0,32.0,0
15.0,2888.0,213.0,141.0,5.0,820.0,160.0,0
12.0,7009.0,130.0,208.0,3.0,872.0,156.0,1
13.0,448.0,262.0,79.0,3.0,876.0,144.0,1
14.0,951.0,78.0,173.0,6.0,719.0,138.0,0
6.0,5580.0,268.0,78.0,6.0,420.0,123.0,0
10.0,4062.0,290.0,208.0,4.0,540.0,105.0,0
11.0,6391.0,45.0,177.0,7.0,1040.0,160.0,1
2.0,128.0,98.0,252.0,6.0,80.0,206.0,1
14.0,1733.0,78.0,60.0,6.0,825.0,86.0,0
12.0,4858.0,261.0,46.0,3.0,920.0,77.0,0
5.0,2675.0,78.0,173.0,4.0,1200.0,148.0,0
15.0,1086.0,236.0,153.0,6.0,735.0,75.0,0
0.0,3951.0,177.0,223.0,6.0,1175.0,84.0,1
5.0,2350.0,214.0,16.0,1.0,722.0,278.0,1
15.0,288.0,45.0,43.0,1.0,530.0,65.0,1
14.0,1470.0,216.0,273.0,5.0,1240.0,64.0,0
15.0,218.0,153.0,252.0,7.0,1215.0,165.0,1
15.0,143.0,175.0,243.0,1.0,935.0,275.0,1
15.0,2635.0,216.0,104.0,4.0,510.0,185.0,1
4.0,1548.0,135.0,104.0,4.0,805.0,144.0,0
4.0,1685.0,58.0,104.0,1.0,550.0,175.0,0
16.0,3075.0,96.0,228.0,3.0,760.0,59.0,1
10.0,2971.0,120.0,80.0,5.0,745.0,195.0,0
1.0,123.0,80.0,128.0,6.0,670.0,525.0,0
15.0,723.0,45.0,233.0,3.0,1000.0,65.0,1
16.0,5895.0,33.0,134.0,4.0,536.0,104.0,0
15.0,1487.0,12.0,153.0,3.0,805.0,350.0,1
15.0,3766.0,216.0,228.0,3.0,440.0,70.0,0
15.0,2031.0,252.0,153.0,5.0,700.0,150.0,1
8.0,112.0,80.0,16.0,3.0,725.0,116.0,0
5.0,1786.0,16.0,159.0,6.0,580.0,148.0,1
8.0,763.0,213.0,16.0,6.0,1184.0,107.0,0
5.0,1054.0,197.0,16.0,3.0,1030.0,158.0,0
15.0,3074.0,182.0,173.0,4.0,820.0,205.0,1
8.0,912.0,184.0,45.0,6.0,360.0,120.0,0
1.0,348.0,208.0,159.0,7.0,1135.0,125.0,1
1.0,1218.0,80.0,27.0,6.0,905.0,95.0,1
12.0,7771.0,255.0,261.0,7.0,696.0,84.0,1
6.0,7332.0,33.0,16.0,1.0,1095.0,76.0,1
12.0,3062.0,184.0,268.0,1.0,785.0,74.0,0
12.0,4837.0,29.0,197.0,5.0,895.0,86.0,0
0.0,3660.0,177.0,221.0,3.0,855.0,112.0,0
3.0,1421.0,214.0,160.0,1.0,450.0,135.0,0
4.0,596.0,153.0,135.0,1.0,765.0,178.0,0
4.0,754.0,96.0,213.0,1.0,780.0,172.0,0
16.0,2195.0,190.0,135.0,1.0,720.0,90.0,0
5.0,1920.0,177.0,173.0,6.0,870.0,120.0,0
1.0,1477.0,80.0,18.0,5.0,625.0,55.0,0
10.0,3225.0,56.0,80.0,7.0,620.0,130.0,0
15.0,3322.0,277.0,228.0,4.0,1235.0,165.0,0
5.0,2405.0,216.0,85.0,1.0,350.0,115.0,0
14.0,1543.0,159.0,60.0,4.0,885.0,126.0,0
15.0,2175.0,173.0,198.0,1.0,695.0,110.0,0
15.0,957.0,104.0,43.0,1.0,610.0,185.0,0
5.0,2418.0,85.0,241.0,6.0,480.0,180.0,0
3.0,63.0,148.0,277.0,5.0,360.0,176.0,0
13.0,100.0,253.0,134.0,6.0,690.0,313.0,0
12.0,4449.0,261.0,2.0,6.0,1005.0,100.0,1
15.0,1642.0,243.0,258.0,5.0,1020.0,80.0,1
1.0,1312.0,260.0,22.0,4.0,1140.0,240.0,0
0.0,4329.0,234.0,85.0,7.0,979.0,121.0,1
13.0,20.0,262.0,79.0,5.0,466.0,153.0,0
13.0,954.0,154.0,253.0,5.0,400.0,85.0,0
12.0,6846.0,253.0,246.0,7.0,655.0,76.0,1
10.0,4694.0,148.0,233.0,5.0,730.0,105.0,1
15.0,1103.0,217.0,153.0,1.0,495.0,65.0,0
14.0,1890.0,213.0,60.0,5.0,900.0,112.0,0
12.0,4611.0,244.0,261.0,4.0,360.0,175.0,0
10.0,3528.0,184.0,80.0,1.0,1090.0,160.0,0
12.0,6234.0,80.0,154.0,1.0,792.0,205.0,0
3.0,194.0,153.0,148.0,4.0,840.0,293.0,0
16.0,2391.0,96.0,76.0,3.0,960.0,119.0,1
17.0,1016.0,128.0,203.0,5.0,780.0,35.0,0
1.0,1609.0,96.0,183.0,1.0,835.0,195.0,1
10.0,4145.0,61.0,148.0,3.0,725.0,110.0,0
5.0,1723.0,35.0,85.0,4.0,864.0,136.0,0
3.0,689.0,35.0,78.0,7.0,1050.0,102.0,1
13.0,660.0,79.0,96.0,4.0,754.0,225.0,0
9.0,373.0,128.0,161.0,6.0,847.0,38.0,1
14.0,1781.0,35.0,60.0,4.0,880.0,145.0,0
13.0,727.0,134.0,277.0,5.0,1324.0,145.0,0
13.0,740.0,79.0,198.0,1.0,607.0,160.0,0
1.0,1126.0,79.0,183.0,4.0,530.0,225.0,0
9.0,398.0,128.0,150.0,6.0,1175.0,43.0,0
5.0,2086.0,16.0,159.0,4.0,760.0,139.0,1
1.0,466.0,244.0,80.0,4.0,1105.0,70.0,0
1.0,1697.0,268.0,80.0,5.0,965.0,115.0,1
6.0,4994.0,16.0,130.0,1.0,851.0,142.0,0
2.0,66.0,149.0,252.0,5.0,1200.0,138.0,1
3.0,1014.0,148.0,35.0,3.0,899.0,81.0,1
12.0,6665.0,65.0,79.0,1.0,1019.0,40.0,0
10.0,3343.0,68.0,80.0,4.0,845.0,80.0,0
14.0,73.0,79.0,217.0,7.0,900.0,112.0,0
10.0,3339.0,80.0,10.0,5.0,920.0,65.0,0
3.0,463.0,35.0,241.0,7.0,990.0,216.0,1
15.0,1066.0,277.0,182.0,6.0,510.0,175.0,0
0.0,3981.0,71.0,197.0,4.0,800.0,130.0,0
5.0,1829.0,85.0,183.0,5.0,515.0,190.0,1
12.0,6471.0,2.0,154.0,3.0,360.0,121.0,0
4.0,727.0,45.0,135.0,1.0,728.0,207.0,0
8.0,164.0,260.0,16.0,4.0,995.0,248.0,0
5.0,2949.0,85.0,252.0,3.0,920.0,300.0,1
1.0,1987.0,268.0,80.0,6.0,1080.0,120.0,0
16.0,5905.0,208.0,195.0,5.0,484.0,48.0,0
1.0,541.0,16.0,80.0,4.0,930.0,155.0,0
1.0,428.0,135.0,80.0,3.0,840.0,70.0,0
0.0,3712.0,85.0,228.0,4.0,1315.0,112.0,1
16.0,2356.0,27.0,135.0,3.0,900.0,112.0,0
5.0,2753.0,159.0,277.0,1.0,470.0,188.0,1
13.0,59.0,253.0,150.0,1.0,536.0,337.0,0
12.0,6690.0,232.0,214.0,5.0,724.0,45.0,0
14.0,1475.0,216.0,16.0,4.0,1230.0,138.0,0
15.0,1338.0,159.0,175.0,3.0,1085.0,160.0,1
5.0,1227.0,16.0,33.0,3.0,505.0,77.0,1
17.0,7256.0,139.0,134.0,6.0,876.0,102.0,1
12.0,4646.0,261.0,268.0,5.0,585.0,165.0,0
14.0,1494.0,183.0,60.0,4.0,510.0,127.0,0
17.0,2653.0,60.0,18.0,1.0,965.0,189.0,0
15.0,3311.0,79.0,33.0,7.0,890.0,145.0,0
2.0,363.0,262.0,252.0,7.0,1055.0,115.0,1
15.0,1795.0,129.0,217.0,4.0,1100.0,175.0,1
8.0,601.0,45.0,241.0,4.0,500.0,161.0,1
0.0,4349.0,177.0,136.0,1.0,825.0,98.0,0
10.0,2880.0,121.0,80.0,3.0,885.0,170.0,0
15.0,2005.0,153.0,61.0,5.0,615.0,230.0,0
15.0,1518.0,111.0,34.0,6.0,690.0,60.0,0
15.0,1608.0,268.0,79.0,6.0,880.0,150.0,0
1.0,454.0,208.0,233.0,1.0,880.0,110.0,0
10.0,4394.0,148.0,35.0,4.0,839.0,71.0,0
0.0,3839.0,33.0,85.0,5.0,1103.0,115.0,0
13.0,844.0,252.0,253.0,7.0,716.0,131.0,1
5.0,2346.0,214.0,16.0,4.0,380.0,279.0,1
15.0,2697.0,12.0,45.0,5.0,510.0,75.0,0
14.0,1455.0,60.0,253.0,7.0,580.0,349.0,1
15.0,3766.0,216.0,228.0,1.0,440.0,70.0,1
12.0,4670.0,279.0,261.0,1.0,1058.0,154.0,1
4.0,619.0,277.0,96.0,1.0,650.0,162.0,1
4.0,539.0,183.0,96.0,4.0,1015.0,185.0,0
0.0,3875.0,121.0,85.0,6.0,360.0,115.0,0
8.0,927.0,172.0,16.0,4.0,649.0,116.0,0
0.0,3667.0,85.0,106.0,3.0,910.0,47.0,1
15.0,1753.0,147.0,104.0,5.0,665.0,70.0,0
16.0,5939.0,208.0,218.0,1.0,1024.0,50.0,1
9.0,247.0,150.0,128.0,7.0,1139.0,42.0,0
10.0,3386.0,56.0,80.0,3.0,975.0,130.0,1
16.0,2855.0,132.0,135.0,4.0,749.0,114.0,0
15.0,2968.0,261.0,217.0,4.0,1000.0,95.0,1
8.0,420.0,16.0,223.0,4.0,1335.0,75.0,0
15.0,9.0,129.0,198.0,1.0,620.0,60.0,1
13.0,60.0,150.0,154.0,1.0,806.0,324.0,0
15.0,3936.0,207.0,153.0,3.0,1200.0,55.0,0
5.0,1254.0,16.0,209.0,6.0,580.0,108.0,0
10.0,3029.0,154.0,79.0,3.0,1125.0,140.0,0
5.0,114.0,197.0,16.0,3.0,690.0,158.0,1
15.0,525.0,18.0,75.0,3.0,900.0,55.0,1
14.0,1781.0,60.0,198.0,4.0,1105.0,133.0,0
15.0,1440.0,277.0,175.0,3.0,775.0,165.0,1
13.0,730.0,208.0,45.0,4.0,1126.0,113.0,1
6.0,5194.0,16.0,130.0,4.0,1060.0,140.0,1
10.0,4206.0,62.0,208.0,3.0,485.0,65.0,0
2.0,40.0,9.0,14.0,1.0,1020.0,50.0,0
13.0,866.0,80.0,208.0,7.0,781.0,136.0,0
4.0,1883.0,269.0,96.0,6.0,930.0,259.0,0
5.0,2941.0,16.0,244.0,5.0,825.0,160.0,1
5.0,2936.0,217.0,177.0,1.0,830.0,180.0,0
10.0,2912.0,118.0,80.0,7.0,580.0,50.0,0
13.0,745.0,159.0,79.0,6.0,905.0,273.0,0
1.0,1578.0,178.0,80.0,7.0,715.0,100.0,1
12.0,6497.0,24.0,79.0,4.0,362.0,144.0,0
7.0,557.0,79.0,243.0,7.0,510.0,142.0,0
5.0,1914.0,34.0,261.0,7.0,920.0,65.0,1
15.0,2291.0,153.0,236.0,4.0,480.0,75.0,0
2.0,858.0,203.0,252.0,6.0,820.0,333.0,1
1.0,689.0,209.0,80.0,7.0,380.0,220.0,0
12.0,4871.0,29.0,261.0,4.0,400.0,121.0,1
12.0,4481.0,261.0,34.0,3.0,615.0,68.0,1
16.0,2940.0,96.0,85.0,7.0,520.0,129.0,1
14.0,1042.0,277.0,216.0,5.0,855.0,149.0,0
10.0,4469.0,148.0,78.0,5.0,625.0,80.0,0
10.0,4201.0,61.0,208.0,1.0,610.0,90.0,1
5.0,2310.0,16.0,139.0,1.0,888.0,99.0,0
5.0,2045.0,78.0,85.0,7.0,1035.0,103.0,0
1.0,645.0,260.0,183.0,6.0,555.0,165.0,0
16.0,2231.0,146.0,135.0,7.0,360.0,75.0,0
2.0,592.0,214.0,227.0,1.0,940.0,137.0,0
16.0,2660.0,290.0,135.0,3.0,385.0,104.0,1
9.0,256.0,128.0,203.0,3.0,610.0,37.0,0
6.0,7081.0,76.0,134.0,3.0,873.0,86.0,0
4.0,351.0,18.0,96.0,3.0,880.0,218.0,1
1.0,127.0,148.0,243.0,4.0,1125.0,370.0,0
5.0,2533.0,35.0,173.0,6.0,420.0,205.0,0
0.0,3885.0,106.0,85.0,3.0,807.0,47.0,0
15.0,1185.0,253.0,79.0,1.0,755.0,150.0,1
5.0,1247.0,16.0,60.0,7.0,820.0,68.0,0
8.0,843.0,16.0,173.0,5.0,909.0,91.0,0
0.0,4218.0,197.0,107.0,4.0,1320.0,62.0,1
13.0,368.0,205.0,208.0,7.0,449.0,91.0,0
5.0,1637.0,45.0,85.0,4.0,1110.0,104.0,0
1.0,1936.0,154.0,253.0,6.0,725.0,90.0,0
13.0,365.0,208.0,264.0,1.0,595.0,269.0,1
15.0,1176.0,216.0,173.0,6.0,840.0,160.0,0
4.0,1476.0,135.0,216.0,5.0,602.0,192.0,0
3.0,1211.0,35.0,43.0,1.0,520.0,93.0,0
0.0,3993.0,197.0,112.0,3.0,1180.0,74.0,0
15.0,2803.0,175.0,154.0,7.0,705.0,270.0,1
15.0,151.0,243.0,217.0,7.0,925.0,70.0,1
2.0,51.0,14.0,98.0,3.0,990.0,56.0,1
1.0,562.0,268.0,183.0,3.0,1050.0,160.0,1
12.0,7794.0,261.0,271.0,3.0,1005.0,71.0,0
11.0,6658.0,61.0,78.0,3.0,390.0,81.0,0
14.0,656.0,80.0,217.0,4.0,1110.0,161.0,0
3.0,1084.0,60.0,148.0,6.0,1160.0,112.0,1
5.0,1963.0,78.0,197.0,7.0,720.0,164.0,1
2.0,553.0,227.0,252.0,3.0,1125.0,164.0,1
8.0,481.0,45.0,173.0,3.0,420.0,140.0,0
15.0,754.0,243.0,153.0,3.0,1000.0,70.0,1
12.0,4494.0,28.0,261.0,7.0,1020.0,79.0,0
3.0,1012.0,148.0,35.0,3.0,390.0,65.0,0
14.0,2025.0,35.0,78.0,3.0,480.0,94.0,0
1.0,1929.0,253.0,154.0,6.0,455.0,90.0,0
5.0,1505.0,85.0,173.0,6.0,735.0,160.0,1
5.0,1154.0,16.0,148.0,6.0,1300.0,135.0,0
15.0,169.0,205.0,175.0,4.0,1110.0,85.0,1
14.0,86.0,217.0,214.0,6.0,525.0,172.0,0
2.0,62.0,149.0,257.0,7.0,632.0,45.0,1
4.0,360.0,96.0,244.0,3.0,565.0,280.0,1
15.0,872.0,153.0,264.0,4.0,610.0,65.0,0
12.0,6234.0,80.0,154.0,4.0,792.0,205.0,0
13.0,375.0,135.0,79.0,5.0,910.0,156.0,1
0.0,4255.0,197.0,281.0,4.0,605.0,86.0,0
16.0,2335.0,58.0,172.0,1.0,735.0,119.0,0
6.0,5334.0,4.0,16.0,3.0,665.0,60.0,0
6.0,5563.0,190.0,16.0,6.0,1025.0,81.0,0
12.0,4841.0,261.0,2.0,3.0,1190.0,102.0,1
11.0,6633.0,78.0,268.0,7.0,1079.0,146.0,0
15.0,2903.0,258.0,243.0,5.0,395.0,80.0,0
15.0,1715.0,34.0,252.0,5.0,590.0,85.0,1
2.0,686.0,214.0,208.0,4.0,610.0,244.0,1
5.0,371.0,16.0,135.0,7.0,445.0,140.0,0
5.0,319.0,16.0,233.0,4.0,900.0,85.0,1
11.0,6456.0,157.0,16.0,1.0,935.0,90.0,0
8.0,821.0,45.0,35.0,4.0,1050.0,85.0,0
14.0,270.0,217.0,153.0,5.0,520.0,71.0,0
15.0,1279.0,22.0,173.0,4.0,910.0,185.0,1
12.0,6766.0,111.0,253.0,4.0,360.0,136.0,0
12.0,7760.0,261.0,89.0,4.0,680.0,75.0,0
7.0,452.0,184.0,159.0,7.0,1199.0,135.0,0
7.0,799.0,79.0,214.0,7.0,1090.0,165.0,1
17.0,7242.0,54.0,208.0,7.0,1063.0,142.0,0
16.0,2245.0,96.0,204.0,4.0,1140.0,239.0,0
7.0,191.0,79.0,76.0,5.0,645.0,155.0,0
1.0,717.0,159.0,80.0,6.0,485.0,250.0,0
17.0,2863.0,217.0,103.0,5.0,1255.0,62.0,0
1.0,1083.0,134.0,80.0,5.0,390.0,210.0,0
13.0,624.0,208.0,78.0,1.0,1085.0,111.0,0
16.0,2695.0,135.0,27.0,5.0,930.0,94.0,0
15.0,500.0,202.0,243.0,3.0,420.0,85.0,0
12.0,6668.0,79.0,99.0,5.0,608.0,113.0,0
12.0,6481.0,2.0,79.0,6.0,802.0,76.0,0
5.0,1559.0,197.0,154.0,4.0,690.0,240.0,1
17.0,7212.0,238.0,134.0,4.0,1197.0,72.0,1
1.0,495.0,183.0,80.0,3.0,400.0,195.0,1
4.0,1880.0,252.0,96.0,5.0,970.0,298.0,0
10.0,3313.0,195.0,80.0,6.0,860.0,155.0,1
0.0,4055.0,84.0,197.0,1.0,716.0,76.0,1
10.0,2774.0,80.0,68.0,4.0,1355.0,75.0,1
15.0,1153.0,153.0,61.0,5.0,1025.0,230.0,1
10.0,4107.0,208.0,61.0,7.0,505.0,75.0,0
10.0,4068.0,208.0,195.0,5.0,1270.0,50.0,0
14.0,224.0,217.0,35.0,7.0,975.0,284.0,0
8.0,716.0,159.0,48.0,6.0,655.0,96.0,0
15.0,237.0,214.0,236.0,5.0,465.0,80.0,0
10.0,4506.0,35.0,159.0,7.0,1055.0,84.0,0
14.0,641.0,80.0,217.0,1.0,370.0,157.0,0
1.0,1279.0,268.0,80.0,4.0,625.0,115.0,0
14.0,1853.0,216.0,45.0,5.0,1235.0,49.0,0
15.0,3511.0,261.0,252.0,7.0,1080.0,135.0,1
12.0,6893.0,253.0,227.0,5.0,559.0,83.0,0
5.0,1402.0,277.0,177.0,3.0,420.0,122.0,0
8.0,30.0,16.0,175.0,1.0,535.0,112.0,1
12.0,7009.0,208.0,130.0,4.0,660.0,121.0,0
12.0,3074.0,205.0,184.0,7.0,957.0,81.0,1
12.0,6431.0,154.0,244.0,7.0,850.0,163.0,0
0.0,4281.0,197.0,82.0,6.0,1045.0,59.0,0
12.0,6650.0,253.0,191.0,5.0,1297.0,36.0,0
8.0,14.0,260.0,173.0,3.0,964.0,195.0,0
15.0,3244.0,243.0,18.0,1.0,890.0,160.0,1
4.0,1847.0,173.0,58.0,6.0,942.0,141.0,0
1.0,160.0,243.0,148.0,7.0,460.0,315.0,0
3.0,173.0,148.0,258.0,1.0,1075.0,397.0,0
1.0,1174.0,258.0,208.0,6.0,830.0,255.0,1
12.0,6510.0,154.0,262.0,7.0,1065.0,81.0,0
15.0,3773.0,277.0,147.0,4.0,1010.0,50.0,1
5.0,1121.0,261.0,85.0,7.0,670.0,210.0,1
6.0,4963.0,69.0,16.0,7.0,405.0,100.0,0
10.0,2898.0,80.0,1.0,5.0,580.0,50.0,0
15.0,2171.0,2.0,280.0,6.0,960.0,70.0,0
17.0,2674.0,154.0,153.0,4.0,990.0,64.0,0
1.0,876.0,208.0,35.0,4.0,395.0,135.0,0
13.0,27.0,148.0,154.0,6.0,945.0,383.0,1
10.0,3269.0,118.0,80.0,6.0,940.0,45.0,0
15.0,181.0,153.0,264.0,5.0,730.0,70.0,1
12.0,6422.0,208.0,69.0,3.0,844.0,82.0,1
12.0,6934.0,253.0,236.0,4.0,1365.0,64.0,0
13.0,948.0,154.0,79.0,4.0,966.0,144.0,0
10.0,3337.0,10.0,80.0,1.0,685.0,75.0,0
11.0,6470.0,71.0,60.0,6.0,560.0,91.0,0
2.0,490.0,252.0,243.0,1.0,647.0,157.0,0
1.0,578.0,80.0,244.0,4.0,895.0,65.0,0
15.0,1524.0,175.0,129.0,6.0,1160.0,165.0,1
1.0,472.0,261.0,80.0,4.0,1050.0,150.0,0
13.0,946.0,173.0,134.0,5.0,823.0,136.0,0
12.0,6272.0,163.0,253.0,3.0,1065.0,95.0,1
15.0,1405.0,173.0,216.0,6.0,555.0,145.0,0
0.0,3749.0,130.0,16.0,1.0,915.0,162.0,1
10.0,4687.0,233.0,148.0,4.0,700.0,90.0,0
5.0,2202.0,153.0,16.0,5.0,896.0,232.0,0
11.0,6343.0,251.0,85.0,6.0,760.0,94.0,1
1.0,74.0,154.0,134.0,6.0,1365.0,280.0,0
4.0,1011.0,96.0,135.0,7.0,530.0,255.0,1
5.0,1542.0,252.0,148.0,4.0,395.0,322.0,0
7.0,128.0,79.0,80.0,4.0,420.0,110.0,0
5.0,2230.0,267.0,16.0,6.0,500.0,101.0,0
8.0,1601.0,80.0,173.0,7.0,420.0,149.0,0
5.0,1766.0,16.0,106.0,4.0,1248.0,116.0,1
10.0,4108.0,208.0,147.0,4.0,480.0,145.0,0
15.0,738.0,175.0,205.0,4.0,1030.0,95.0,1
5.0,2568.0,252.0,16.0,1.0,370.0,284.0,0
4.0,599.0,135.0,79.0,7.0,855.0,149.0,0
12.0,7016.0,208.0,130.0,5.0,435.0,121.0,1
5.0,1233.0,16.0,198.0,3.0,890.0,98.0,1
15.0,1047.0,175.0,153.0,4.0,1095.0,250.0,1
8.0,782.0,215.0,173.0,3.0,596.0,125.0,1
13.0,514.0,208.0,134.0,3.0,1288.0,107.0,1
4.0,92.0,135.0,253.0,4.0,460.0,262.0,1
1.0,1051.0,217.0,183.0,3.0,510.0,245.0,0
1.0,1623.0,173.0,80.0,6.0,996.0,180.0,1
5.0,2840.0,153.0,261.0,5.0,833.0,82.0,0
16.0,2132.0,135.0,162.0,6.0,460.0,73.0,0
15.0,3568.0,277.0,22.0,4.0,670.0,165.0,0
13.0,808.0,154.0,253.0,7.0,750.0,91.0,0
0.0,3861.0,177.0,244.0,3.0,1165.0,127.0,0
6.0,5478.0,16.0,47.0,7.0,1150.0,66.0,0
16.0,2248.0,177.0,96.0,4.0,1120.0,153.0,0
14.0,2127.0,35.0,159.0,4.0,720.0,72.0,0
15.0,586.0,217.0,175.0,5.0,730.0,205.0,1
12.0,6997.0,184.0,208.0,3.0,360.0,44.0,1
17.0,7268.0,54.0,208.0,1.0,429.0,143.0,0
5.0,1937.0,45.0,85.0,1.0,370.0,100.0,0
16.0,2480.0,58.0,42.0,7.0,975.0,79.0,0
17.0,1043.0,143.0,128.0,4.0,1270.0,47.0,0
1.0,1031.0,104.0,80.0,6.0,1105.0,195.0,0
15.0,1441.0,154.0,202.0,6.0,435.0,75.0,0
5.0,2692.0,217.0,197.0,5.0,1140.0,189.0,0
15.0,1833.0,45.0,147.0,6.0,605.0,130.0,1
10.0,3239.0,61.0,80.0,1.0,560.0,185.0,0
1.0,1886.0,183.0,173.0,5.0,900.0,60.0,0
7.0,857.0,79.0,217.0,3.0,790.0,108.0,1
8.0,262.0,78.0,184.0,6.0,700.0,125.0,0
17.0,2612.0,60.0,101.0,3.0,1215.0,55.0,1
17.0,2903.0,217.0,114.0,6.0,589.0,94.0,0
12.0,6631.0,208.0,184.0,5.0,634.0,42.0,1
4.0,1507.0,277.0,135.0,7.0,550.0,136.0,0
8.0,1250.0,173.0,157.0,5.0,954.0,115.0,0
10.0,4631.0,159.0,233.0,4.0,625.0,110.0,0
15.0,62.0,175.0,153.0,7.0,980.0,250.0,1
15.0,2706.0,45.0,277.0,7.0,940.0,150.0,1
0.0,3987.0,285.0,177.0,7.0,480.0,89.0,0
5.0,1034.0,213.0,16.0,4.0,1061.0,119.0,0
15.0,132.0,253.0,154.0,7.0,1080.0,75.0,1
15.0,1299.0,262.0,175.0,6.0,615.0,245.0,1
15.0,770.0,217.0,243.0,7.0,910.0,70.0,0
1.0,461.0,22.0,183.0,6.0,880.0,195.0,1
14.0,1029.0,45.0,60.0,1.0,725.0,85.0,0
15.0,6.0,68.0,129.0,5.0,375.0,50.0,0
10.0,3028.0,154.0,100.0,4.0,1065.0,60.0,0
3.0,521.0,96.0,173.0,4.0,420.0,170.0,0
1.0,600.0,253.0,80.0,7.0,440.0,210.0,0
11.0,6469.0,16.0,120.0,1.0,645.0,86.0,1
15.0,1163.0,75.0,204.0,4.0,1005.0,50.0,1
1.0,2298.0,183.0,268.0,4.0,1255.0,165.0,0
7.0,797.0,79.0,214.0,6.0,1270.0,162.0,1
14.0,339.0,243.0,217.0,6.0,385.0,84.0,0
12.0,4831.0,154.0,243.0,3.0,650.0,46.0,0
15.0,30.0,75.0,91.0,5.0,890.0,105.0,1
5.0,1595.0,261.0,243.0,3.0,996.0,113.0,0
11.0,6464.0,71.0,60.0,6.0,1140.0,91.0,1
5.0,2429.0,16.0,252.0,3.0,900.0,330.0,1
6.0,5475.0,16.0,70.0,3.0,975.0,44.0,0
9.0,173.0,128.0,161.0,1.0,783.0,38.0,0
0.0,3996.0,85.0,32.0,7.0,1190.0,86.0,0
3.0,119.0,148.0,198.0,5.0,889.0,213.0,0
12.0,6411.0,248.0,154.0,5.0,869.0,61.0,0
14.0,679.0,268.0,217.0,6.0,430.0,227.0,0
15.0,2356.0,75.0,2.0,3.0,405.0,110.0,1
10.0,3307.0,80.0,68.0,5.0,390.0,80.0,1
6.0,5097.0,16.0,200.0,4.0,1140.0,78.0,0
5.0,2197.0,85.0,197.0,7.0,1310.0,123.0,0
0.0,3651.0,106.0,85.0,5.0,982.0,47.0,1
4.0,549.0,253.0,96.0,1.0,810.0,325.0,0
13.0,491.0,79.0,217.0,1.0,492.0,129.0,0
0.0,3922.0,85.0,228.0,1.0,945.0,118.0,1
5.0,1745.0,78.0,85.0,3.0,665.0,95.0,1
5.0,2181.0,16.0,198.0,1.0,1045.0,100.0,0
16.0,2319.0,96.0,182.0,1.0,860.0,69.0,1
6.0,5592.0,16.0,47.0,3.0,595.0,73.0,1
6.0,5496.0,16.0,53.0,4.0,898.0,95.0,0
14.0,1267.0,159.0,216.0,6.0,360.0,57.0,0
15.0,1427.0,198.0,153.0,1.0,1065.0,240.0,1
7.0,659.0,79.0,253.0,3.0,735.0,157.0,0
5.0,1295.0,16.0,186.0,5.0,890.0,93.0,0
15.0,817.0,44.0,258.0,1.0,485.0,65.0,1
1.0,1048.0,208.0,183.0,3.0,480.0,185.0,1
12.0,6499.0,258.0,154.0,7.0,651.0,79.0,0
5.0,2453.0,159.0,277.0,1.0,839.0,182.0,1
16.0,2122.0,135.0,197.0,3.0,960.0,168.0,0
15.0,3507.0,154.0,280.0,1.0,710.0,80.0,1
1.0,1720.0,80.0,134.0,3.0,910.0,160.0,1
13.0,943.0,208.0,154.0,3.0,1052.0,268.0,1
12.0,6360.0,253.0,207.0,6.0,1029.0,76.0,0
17.0,2881.0,217.0,2.0,5.0,975.0,70.0,0
3.0,381.0,159.0,104.0,3.0,1109.0,185.0,1
14.0,2166.0,78.0,159.0,7.0,600.0,80.0,1
8.0,20.0,16.0,175.0,3.0,945.0,115.0,0
1.0,1577.0,183.0,208.0,1.0,540.0,200.0,1
15.0,2406.0,175.0,33.0,6.0,635.0,80.0,1
17.0,2642.0,177.0,60.0,5.0,865.0,101.0,0
8.0,116.0,277.0,16.0,4.0,850.0,94.0,0
10.0,3622.0,209.0,183.0,5.0,985.0,155.0,1
12.0,6553.0,253.0,179.0,3.0,1050.0,98.0,1
6.0,7329.0,285.0,16.0,4.0,782.0,68.0,0
8.0,930.0,16.0,147.0,5.0,535.0,68.0,0
4.0,106.0,135.0,96.0,6.0,645.0,202.0,0
14.0,1093.0,233.0,216.0,5.0,695.0,83.0,1
0.0,4241.0,76.0,85.0,4.0,715.0,70.0,0
5.0,2184.0,261.0,71.0,5.0,600.0,203.0,1
3.0,219.0,148.0,60.0,7.0,490.0,121.0,0
12.0,6462.0,154.0,262.0,3.0,1353.0,79.0,0
6.0,7309.0,16.0,52.0,3.0,735.0,47.0,0
0.0,3739.0,197.0,240.0,3.0,1295.0,45.0,0
15.0,1252.0,45.0,228.0,7.0,605.0,70.0,0
15.0,607.0,209.0,45.0,1.0,625.0,55.0,1
5.0,2938.0,16.0,78.0,5.0,385.0,94.0,0
10.0,2868.0,187.0,80.0,7.0,1015.0,135.0,1
4.0,1807.0,277.0,135.0,6.0,1125.0,142.0,0
15.0,1587.0,45.0,175.0,3.0,930.0,125.0,1
12.0,7771.0,261.0,255.0,4.0,590.0,86.0,0
7.0,674.0,79.0,173.0,5.0,640.0,212.0,0
12.0,6542.0,79.0,83.0,5.0,606.0,64.0,0
15.0,808.0,153.0,217.0,6.0,795.0,70.0,0
5.0,335.0,60.0,16.0,5.0,1022.0,88.0,0
5.0,2786.0,16.0,159.0,7.0,1180.0,142.0,1
13.0,47.0,154.0,203.0,3.0,910.0,341.0,0
15.0,1894.0,175.0,252.0,6.0,965.0,280.0,1
14.0,1656.0,60.0,213.0,6.0,564.0,106.0,0
3.0,421.0,35.0,213.0,4.0,580.0,195.0,1
15.0,944.0,170.0,153.0,3.0,995.0,145.0,1
14.0,27.0,173.0,217.0,6.0,435.0,298.0,0
14.0,122.0,217.0,184.0,4.0,610.0,211.0,0
5.0,87.0,148.0,277.0,6.0,1100.0,197.0,0
8.0,70.0,104.0,16.0,3.0,1181.0,114.0,0
1.0,1766.0,260.0,134.0,4.0,780.0,245.0,0
12.0,4634.0,160.0,261.0,5.0,602.0,120.0,0
6.0,5482.0,69.0,16.0,1.0,955.0,90.0,1
15.0,1004.0,204.0,153.0,7.0,670.0,170.0,0
16.0,2204.0,135.0,41.0,1.0,860.0,59.0,0
4.0,241.0,135.0,18.0,7.0,780.0,51.0,1
10.0,2929.0,80.0,41.0,4.0,945.0,80.0,0
12.0,6410.0,253.0,44.0,6.0,937.0,68.0,0
16.0,2858.0,165.0,135.0,1.0,490.0,74.0,0
15.0,3682.0,175.0,182.0,4.0,1080.0,125.0,0
14.0,486.0,236.0,217.0,5.0,365.0,107.0,1
5.0,1635.0,147.0,16.0,4.0,919.0,78.0,1
4.0,1853.0,58.0,241.0,1.0,540.0,162.0,0
1.0,1575.0,173.0,80.0,4.0,1110.0,180.0,1
1.0,1461.0,80.0,253.0,6.0,605.0,240.0,0
16.0,2721.0,217.0,135.0,4.0,1115.0,144.0,0
5.0,2800.0,197.0,45.0,4.0,615.0,144.0,0
15.0,45.0,75.0,129.0,7.0,1050.0,65.0,0
13.0,406.0,79.0,159.0,3.0,984.0,215.0,1
5.0,2489.0,16.0,198.0,3.0,587.0,108.0,1
15.0,2116.0,33.0,172.0,1.0,860.0,105.0,1
16.0,2819.0,146.0,135.0,4.0,1111.0,79.0,0
6.0,4964.0,16.0,157.0,4.0,900.0,74.0,1
0.0,3763.0,108.0,177.0,4.0,697.0,67.0,0
14.0,195.0,217.0,243.0,4.0,680.0,81.0,0
12.0,4676.0,33.0,197.0,5.0,360.0,144.0,0
5.0,1136.0,261.0,16.0,7.0,510.0,220.0,0
12.0,7779.0,255.0,261.0,7.0,1170.0,75.0,0
16.0,3000.0,135.0,41.0,4.0,640.0,61.0,0
15.0,793.0,129.0,91.0,3.0,915.0,120.0,1
5.0,1649.0,16.0,253.0,5.0,1305.0,328.0,0
13.0,237.0,221.0,253.0,4.0,415.0,353.0,0
8.0,1172.0,60.0,173.0,6.0,635.0,100.0,0
1.0,1810.0,18.0,80.0,1.0,395.0,65.0,0
15.0,2883.0,221.0,173.0,5.0,1150.0,140.0,0
11.0,6642.0,209.0,148.0,1.0,627.0,93.0,0
17.0,2734.0,217.0,160.0,1.0,1068.0,80.0,0
10.0,4066.0,208.0,84.0,1.0,425.0,80.0,0
5.0,2890.0,16.0,76.0,7.0,515.0,102.0,0
5.0,2205.0,175.0,16.0,7.0,360.0,120.0,0
15.0,1855.0,221.0,216.0,1.0,455.0,80.0,0
12.0,6288.0,154.0,194.0,4.0,715.0,65.0,0
5.0,1073.0,197.0,214.0,4.0,705.0,231.0,1
0.0,3865.0,43.0,85.0,7.0,1040.0,75.0,1
10.0,3392.0,108.0,80.0,3.0,605.0,65.0,1
0.0,3748.0,177.0,108.0,5.0,565.0,79.0,0
5.0,1871.0,34.0,261.0,6.0,390.0,70.0,1
11.0,6374.0,16.0,208.0,5.0,580.0,132.0,0
15.0,1302.0,258.0,79.0,7.0,780.0,145.0,1
15.0,3508.0,253.0,217.0,4.0,965.0,115.0,1
11.0,6459.0,96.0,71.0,5.0,779.0,129.0,0
11.0,6477.0,290.0,71.0,4.0,1005.0,111.0,0
7.0,847.0,139.0,79.0,5.0,405.0,169.0,1
15.0,25.0,153.0,175.0,6.0,480.0,215.0,0
14.0,270.0,217.0,153.0,1.0,520.0,71.0,0
17.0,2790.0,217.0,160.0,3.0,920.0,78.0,0
5.0,79.0,148.0,173.0,3.0,985.0,187.0,0
0.0,3737.0,177.0,66.0,3.0,565.0,80.0,0
5.0,2906.0,177.0,85.0,5.0,828.0,116.0,1
3.0,173.0,148.0,258.0,3.0,1075.0,397.0,1
0.0,3655.0,197.0,279.0,4.0,545.0,127.0,0
5.0,412.0,16.0,35.0,7.0,1290.0,147.0,1
10.0,3364.0,275.0,80.0,1.0,1020.0,150.0,0
1.0,2004.0,208.0,183.0,1.0,940.0,185.0,1
15.0,598.0,172.0,79.0,4.0,420.0,120.0,0
3.0,1224.0,233.0,35.0,7.0,360.0,101.0,0
11.0,6709.0,71.0,268.0,5.0,1230.0,95.0,0
5.0,2512.0,16.0,208.0,3.0,970.0,123.0,0
0.0,4389.0,82.0,197.0,3.0,410.0,60.0,0
7.0,192.0,76.0,79.0,5.0,375.0,189.0,0
10.0,3693.0,234.0,183.0,6.0,895.0,160.0,1
16.0,5947.0,76.0,208.0,3.0,771.0,74.0,1
3.0,362.0,213.0,159.0,5.0,678.0,162.0,0
1.0,734.0,183.0,78.0,3.0,895.0,145.0,0
13.0,962.0,79.0,264.0,3.0,1150.0,151.0,0
12.0,6370.0,207.0,253.0,3.0,1130.0,85.0,0
0.0,4194.0,240.0,197.0,4.0,935.0,50.0,0
5.0,2326.0,104.0,16.0,3.0,530.0,115.0,1
13.0,572.0,214.0,79.0,5.0,877.0,150.0,0
6.0,5391.0,16.0,19.0,1.0,682.0,61.0,0
15.0,3167.0,79.0,153.0,6.0,985.0,120.0,1
14.0,27.0,217.0,154.0,3.0,670.0,92.0,0
16.0,2105.0,119.0,58.0,3.0,1003.0,57.0,1
15.0,893.0,258.0,243.0,6.0,805.0,75.0,0
15.0,994.0,79.0,153.0,6.0,525.0,125.0,0
6.0,5007.0,16.0,256.0,4.0,655.0,112.0,0
15.0,3079.0,268.0,175.0,3.0,1025.0,60.0,1
13.0,435.0,134.0,153.0,3.0,765.0,322.0,0
8.0,840.0,173.0,16.0,5.0,591.0,90.0,0
15.0,777.0,243.0,262.0,5.0,1210.0,95.0,0
12.0,6309.0,79.0,246.0,6.0,1123.0,151.0,0
4.0,582.0,135.0,35.0,7.0,1125.0,225.0,0
5.0,11.0,16.0,173.0,4.0,960.0,89.0,0
1.0,1074.0,80.0,16.0,7.0,855.0,125.0,1
0.0,4288.0,197.0,164.0,6.0,910.0,81.0,1
15.0,1161.0,129.0,153.0,5.0,1110.0,205.0,1
10.0,3643.0,147.0,183.0,6.0,715.0,80.0,0
12.0,6353.0,79.0,235.0,5.0,1285.0,75.0,0
13.0,409.0,159.0,79.0,1.0,1065.0,272.0,1
15.0,3492.0,258.0,243.0,4.0,1035.0,80.0,1
1.0,552.0,253.0,183.0,7.0,360.0,315.0,0
2.0,659.0,217.0,214.0,3.0,665.0,180.0,1
16.0,2992.0,135.0,177.0,7.0,855.0,85.0,0
11.0,6419.0,71.0,268.0,1.0,575.0,94.0,0
13.0,463.0,253.0,217.0,6.0,1195.0,120.0,0
5.0,2239.0,78.0,16.0,3.0,1260.0,121.0,1
10.0,4563.0,61.0,159.0,3.0,340.0,100.0,0
5.0,2224.0,213.0,16.0,4.0,405.0,124.0,0
14.0,1930.0,241.0,216.0,1.0,855.0,158.0,0
12.0,6342.0,154.0,243.0,7.0,1203.0,47.0,0
2.0,8.0,252.0,96.0,4.0,550.0,313.0,0
14.0,1842.0,216.0,228.0,7.0,825.0,64.0,0
2.0,98.0,14.0,252.0,4.0,1025.0,205.0,0
15.0,389.0,244.0,129.0,5.0,610.0,50.0,0
15.0,2900.0,258.0,207.0,4.0,1235.0,70.0,0
15.0,2543.0,175.0,85.0,4.0,470.0,70.0,1
4.0,1831.0,213.0,135.0,1.0,365.0,163.0,0
1.0,1572.0,80.0,134.0,4.0,495.0,165.0,1
15.0,314.0,175.0,217.0,6.0,1035.0,240.0,1
4.0,1426.0,96.0,243.0,4.0,1045.0,374.0,1
15.0,2401.0,172.0,45.0,6.0,1030.0,140.0,0
8.0,1412.0,241.0,106.0,1.0,640.0,176.0,0
6.0,5343.0,16.0,204.0,5.0,535.0,143.0,0
16.0,5984.0,285.0,134.0,4.0,360.0,95.0,0
15.0,1345.0,162.0,75.0,4.0,575.0,65.0,1
15.0,1623.0,134.0,175.0,6.0,750.0,125.0,1
12.0,6661.0,191.0,253.0,5.0,1003.0,33.0,0
11.0,6645.0,17.0,85.0,7.0,630.0,79.0,0
10.0,4139.0,208.0,234.0,1.0,650.0,115.0,1
10.0,4322.0,195.0,208.0,7.0,1145.0,65.0,1
5.0,2303.0,85.0,104.0,6.0,520.0,180.0,1
5.0,1218.0,85.0,213.0,1.0,605.0,182.0,0
0.0,4004.0,197.0,84.0,4.0,620.0,71.0,0
15.0,1156.0,175.0,33.0,7.0,985.0,85.0,1
5.0,1979.0,16.0,119.0,6.0,574.0,120.0,1
15.0,608.0,175.0,241.0,6.0,540.0,175.0,0
15.0,484.0,217.0,79.0,1.0,775.0,105.0,0
12.0,6268.0,253.0,280.0,4.0,495.0,117.0,1
1.0,1650.0,280.0,80.0,3.0,625.0,130.0,1
15.0,1538.0,153.0,204.0,6.0,645.0,140.0,1
15.0,2254.0,244.0,153.0,1.0,730.0,180.0,1
5.0,1679.0,71.0,253.0,4.0,560.0,317.0,1
12.0,6930.0,208.0,285.0,6.0,360.0,86.0,1
14.0,2176.0,78.0,159.0,4.0,900.0,81.0,0
5.0,1193.0,60.0,85.0,7.0,1154.0,113.0,1
5.0,2228.0,173.0,85.0,6.0,740.0,160.0,0
5.0,1239.0,85.0,195.0,1.0,925.0,80.0,0
15.0,179.0,18.0,45.0,7.0,960.0,180.0,0
12.0,6891.0,79.0,196.0,4.0,1114.0,126.0,0
5.0,1118.0,76.0,16.0,1.0,975.0,101.0,1
4.0,448.0,96.0,253.0,7.0,420.0,385.0,0
0.0,3919.0,85.0,92.0,1.0,830.0,61.0,1
10.0,3967.0,208.0,205.0,5.0,470.0,95.0,0
5.0,2420.0,198.0,16.0,4.0,450.0,98.0,1
4.0,817.0,198.0,96.0,7.0,429.0,168.0,0
8.0,464.0,16.0,45.0,1.0,810.0,104.0,1
8.0,802.0,35.0,45.0,6.0,865.0,85.0,1
14.0,1712.0,183.0,60.0,6.0,595.0,126.0,1
12.0,6281.0,58.0,79.0,3.0,1142.0,206.0,1
12.0,6860.0,79.0,2.0,4.0,500.0,74.0,0
1.0,1634.0,244.0,208.0,3.0,885.0,160.0,1
3.0,708.0,260.0,148.0,5.0,893.0,246.0,0
15.0,425.0,129.0,244.0,3.0,695.0,55.0,0
6.0,5271.0,16.0,290.0,3.0,970.0,116.0,0
8.0,844.0,173.0,16.0,6.0,928.0,93.0,0
5.0,2184.0,261.0,71.0,4.0,600.0,203.0,1
15.0,763.0,217.0,207.0,5.0,970.0,70.0,0
6.0,5425.0,16.0,69.0,1.0,728.0,77.0,0
16.0,2201.0,58.0,234.0,7.0,1145.0,75.0,0
15.0,2812.0,277.0,233.0,5.0,605.0,100.0,0
6.0,4970.0,16.0,121.0,3.0,499.0,57.0,1
13.0,162.0,208.0,35.0,5.0,1034.0,139.0,0
12.0,6493.0,214.0,163.0,4.0,980.0,65.0,1
10.0,3118.0,236.0,154.0,5.0,480.0,105.0,1
1.0,1770.0,80.0,96.0,3.0,835.0,215.0,1
14.0,1462.0,60.0,234.0,5.0,971.0,62.0,1
11.0,6504.0,58.0,85.0,5.0,1067.0,58.0,0
10.0,3765.0,79.0,208.0,3.0,870.0,150.0,1
1.0,1599.0,76.0,80.0,4.0,430.0,175.0,0
10.0,2806.0,80.0,120.0,5.0,795.0,145.0,0
6.0,4988.0,0.0,16.0,7.0,395.0,145.0,0
15.0,2912.0,33.0,104.0,6.0,920.0,130.0,0
14.0,413.0,60.0,253.0,7.0,995.0,347.0,1
14.0,930.0,60.0,209.0,6.0,1185.0,64.0,0
11.0,6367.0,16.0,71.0,1.0,725.0,87.0,0
1.0,564.0,253.0,80.0,5.0,905.0,205.0,0
1.0,2026.0,264.0,80.0,1.0,760.0,170.0,0
11.0,6572.0,61.0,85.0,7.0,1060.0,65.0,1
5.0,2399.0,16.0,234.0,4.0,758.0,92.0,0
6.0,4945.0,16.0,180.0,3.0,530.0,65.0,1
15.0,380.0,197.0,175.0,1.0,830.0,90.0,1
8.0,1138.0,174.0,104.0,3.0,708.0,167.0,0
13.0,235.0,79.0,154.0,3.0,1060.0,155.0,1
14.0,1277.0,139.0,216.0,3.0,785.0,104.0,1
12.0,4810.0,280.0,261.0,6.0,750.0,110.0,0
17.0,2609.0,60.0,33.0,1.0,800.0,90.0,0
5.0,1686.0,16.0,159.0,4.0,520.0,150.0,1
15.0,636.0,175.0,264.0,1.0,705.0,265.0,1
10.0,4036.0,208.0,157.0,5.0,1140.0,80.0,0
12.0,6461.0,154.0,292.0,6.0,1140.0,70.0,0
15.0,62.0,207.0,79.0,7.0,390.0,135.0,1
15.0,1657.0,79.0,261.0,5.0,815.0,90.0,1
12.0,4883.0,18.0,261.0,5.0,1139.0,169.0,1
1.0,2026.0,264.0,80.0,5.0,760.0,170.0,1
15.0,978.0,175.0,253.0,7.0,790.0,300.0,1
1.0,941.0,159.0,183.0,3.0,425.0,195.0,0
13.0,534.0,79.0,45.0,1.0,754.0,201.0,0
17.0,7235.0,134.0,12.0,4.0,495.0,70.0,0
13.0,540.0,253.0,134.0,6.0,560.0,306.0,0
4.0,807.0,80.0,135.0,4.0,920.0,70.0,0
3.0,498.0,252.0,35.0,5.0,1409.0,303.0,0
17.0,2661.0,60.0,18.0,3.0,1220.0,188.0,1
16.0,2920.0,135.0,290.0,3.0,955.0,86.0,0
17.0,2733.0,217.0,227.0,5.0,950.0,90.0,0
14.0,1225.0,45.0,60.0,7.0,1040.0,87.0,0
12.0,6663.0,79.0,93.0,3.0,713.0,173.0,0
16.0,2443.0,234.0,58.0,4.0,887.0,82.0,1
15.0,2150.0,217.0,243.0,6.0,1105.0,65.0,1
14.0,1216.0,80.0,60.0,4.0,615.0,142.0,1
16.0,5979.0,107.0,208.0,3.0,886.0,96.0,1
5.0,349.0,16.0,275.0,6.0,1149.0,64.0,0
16.0,2357.0,135.0,165.0,3.0,1280.0,68.0,0
8.0,922.0,16.0,172.0,1.0,933.0,132.0,0
1.0,1824.0,135.0,80.0,6.0,550.0,75.0,1
1.0,1241.0,221.0,80.0,4.0,415.0,205.0,0
14.0,1944.0,60.0,96.0,3.0,1335.0,103.0,0
15.0,3484.0,44.0,153.0,1.0,850.0,60.0,1
15.0,1516.0,34.0,153.0,6.0,1145.0,100.0,1
15.0,2461.0,216.0,79.0,7.0,480.0,285.0,1
14.0,989.0,60.0,104.0,1.0,480.0,119.0,0
10.0,2815.0,80.0,245.0,4.0,1075.0,130.0,1
10.0,3637.0,183.0,251.0,4.0,1275.0,155.0,0
10.0,3711.0,208.0,162.0,7.0,910.0,115.0,1
5.0,1614.0,104.0,148.0,6.0,750.0,179.0,1
12.0,4719.0,168.0,261.0,5.0,328.0,87.0,0
1.0,1887.0,80.0,153.0,7.0,395.0,175.0,0
15.0,479.0,75.0,13.0,3.0,1200.0,70.0,1
8.0,1217.0,175.0,267.0,6.0,912.0,153.0,1
12.0,6299.0,251.0,208.0,1.0,430.0,91.0,0
1.0,367.0,104.0,80.0,3.0,505.0,195.0,0
12.0,6687.0,253.0,194.0,4.0,632.0,46.0,0
5.0,1760.0,16.0,175.0,4.0,580.0,120.0,0
13.0,2.0,128.0,208.0,1.0,1035.0,484.0,1
2.0,574.0,214.0,243.0,4.0,1210.0,139.0,1
4.0,1166.0,208.0,96.0,4.0,630.0,133.0,0
10.0,3479.0,80.0,162.0,5.0,505.0,70.0,1
6.0,5436.0,188.0,177.0,3.0,1022.0,68.0,0
2.0,184.0,98.0,14.0,3.0,720.0,67.0,0
6.0,5240.0,245.0,16.0,3.0,602.0,73.0,0
10.0,3635.0,183.0,60.0,5.0,680.0,125.0,1
1.0,1284.0,80.0,60.0,4.0,1035.0,140.0,0
15.0,636.0,175.0,264.0,3.0,705.0,265.0,1
6.0,7371.0,177.0,256.0,1.0,565.0,74.0,0
8.0,754.0,132.0,45.0,7.0,410.0,115.0,0
1.0,6.0,203.0,80.0,4.0,1080.0,420.0,0
5.0,1224.0,261.0,216.0,4.0,1025.0,258.0,0
8.0,471.0,45.0,16.0,4.0,1095.0,120.0,0
1.0,1711.0,35.0,183.0,3.0,330.0,210.0,0
15.0,1065.0,45.0,33.0,7.0,660.0,120.0,1
8.0,148.0,16.0,85.0,5.0,1013.0,116.0,0
14.0,977.0,216.0,213.0,7.0,735.0,159.0,0
10.0,2898.0,80.0,1.0,6.0,580.0,50.0,1
4.0,7.0,244.0,135.0,4.0,504.0,60.0,0
8.0,1251.0,157.0,173.0,3.0,1104.0,115.0,1
17.0,2608.0,54.0,60.0,3.0,434.0,66.0,0
14.0,250.0,217.0,216.0,5.0,595.0,278.0,0
5.0,2713.0,85.0,195.0,5.0,925.0,82.0,0
17.0,2932.0,217.0,18.0,5.0,600.0,145.0,0
14.0,2140.0,159.0,35.0,7.0,1140.0,73.0,0
16.0,2176.0,135.0,2.0,7.0,565.0,129.0,0
15.0,378.0,277.0,244.0,1.0,880.0,180.0,0
1.0,452.0,183.0,35.0,6.0,405.0,180.0,0
5.0,1753.0,45.0,197.0,6.0,530.0,162.0,0
15.0,200.0,79.0,258.0,3.0,560.0,170.0,0
5.0,1180.0,261.0,173.0,7.0,1019.0,254.0,1
1.0,1841.0,80.0,280.0,5.0,565.0,145.0,0
14.0,1276.0,216.0,139.0,4.0,1075.0,127.0,1
2.0,188.0,98.0,14.0,1.0,945.0,63.0,0
13.0,407.0,79.0,252.0,3.0,1145.0,183.0,0
11.0,6578.0,85.0,290.0,3.0,520.0,147.0,0
9.0,161.0,143.0,128.0,1.0,634.0,49.0,0
0.0,3710.0,247.0,85.0,1.0,480.0,70.0,1
6.0,5280.0,290.0,177.0,6.0,1010.0,68.0,0
5.0,301.0,60.0,16.0,5.0,430.0,91.0,0
9.0,172.0,161.0,128.0,7.0,849.0,32.0,0
12.0,7759.0,261.0,89.0,1.0,470.0,65.0,0
14.0,457.0,217.0,261.0,1.0,670.0,101.0,0
9.0,516.0,128.0,203.0,5.0,1300.0,37.0,0
8.0,521.0,45.0,277.0,5.0,560.0,156.0,0
14.0,544.0,217.0,80.0,6.0,810.0,138.0,0
12.0,6823.0,34.0,79.0,3.0,719.0,108.0,1
8.0,939.0,147.0,16.0,4.0,775.0,75.0,0
9.0,166.0,128.0,203.0,4.0,740.0,38.0,0
12.0,6269.0,252.0,253.0,4.0,1034.0,122.0,0
12.0,4719.0,168.0,261.0,6.0,328.0,87.0,0
15.0,767.0,268.0,162.0,1.0,635.0,65.0,1
15.0,30.0,216.0,129.0,4.0,600.0,240.0,1
6.0,5328.0,16.0,27.0,5.0,690.0,58.0,0
11.0,6550.0,78.0,148.0,4.0,535.0,84.0,0
2.0,731.0,252.0,14.0,3.0,1320.0,215.0,0
2.0,470.0,252.0,154.0,1.0,910.0,157.0,0
2.0,127.0,252.0,98.0,5.0,1290.0,225.0,1
1.0,25.0,35.0,154.0,4.0,435.0,390.0,0
4.0,461.0,217.0,135.0,6.0,657.0,152.0,0
5.0,1787.0,197.0,243.0,4.0,1290.0,238.0,1
1.0,1486.0,153.0,80.0,1.0,495.0,160.0,0
14.0,490.0,217.0,79.0,4.0,955.0,105.0,0
12.0,6886.0,114.0,79.0,4.0,497.0,59.0,0
0.0,4227.0,109.0,71.0,6.0,450.0,58.0,0
1.0,1184.0,217.0,208.0,3.0,410.0,200.0,0
15.0,2445.0,44.0,217.0,5.0,1210.0,80.0,1
13.0,302.0,80.0,208.0,6.0,784.0,136.0,1
1.0,301.0,159.0,208.0,5.0,370.0,160.0,0
0.0,3711.0,85.0,247.0,1.0,945.0,60.0,1
1.0,1364.0,154.0,208.0,4.0,420.0,250.0,0
15.0,3074.0,182.0,173.0,3.0,820.0,205.0,1
12.0,4579.0,197.0,184.0,4.0,435.0,71.0,0
10.0,3356.0,80.0,71.0,4.0,575.0,130.0,0
5.0,1522.0,85.0,35.0,6.0,1180.0,118.0,0
17.0,2980.0,264.0,217.0,4.0,625.0,75.0,0
5.0,1492.0,217.0,197.0,3.0,475.0,184.0,1
5.0,14.0,153.0,16.0,6.0,487.0,223.0,1
15.0,918.0,173.0,216.0,3.0,620.0,145.0,1
15.0,154.0,139.0,45.0,6.0,420.0,100.0,0
5.0,1444.0,85.0,78.0,3.0,445.0,103.0,0
3.0,1203.0,43.0,241.0,1.0,420.0,186.0,0
1.0,1820.0,80.0,221.0,3.0,840.0,150.0,0
16.0,5930.0,208.0,84.0,5.0,925.0,77.0,1
13.0,405.0,79.0,264.0,1.0,924.0,147.0,0
12.0,6563.0,79.0,15.0,1.0,732.0,44.0,0
15.0,3252.0,261.0,252.0,3.0,790.0,130.0,0
5.0,1132.0,16.0,120.0,7.0,1215.0,78.0,1
12.0,6236.0,100.0,153.0,4.0,631.0,79.0,0
15.0,3421.0,45.0,61.0,5.0,550.0,80.0,0
15.0,1400.0,175.0,12.0,3.0,605.0,110.0,1
15.0,1669.0,2.0,217.0,7.0,490.0,75.0,0
2.0,493.0,243.0,252.0,1.0,390.0,183.0,0
16.0,3101.0,135.0,170.0,7.0,1115.0,93.0,0
1.0,312.0,80.0,241.0,6.0,890.0,145.0,0
1.0,1700.0,135.0,183.0,3.0,620.0,140.0,0
0.0,4072.0,177.0,288.0,5.0,875.0,84.0,0
15.0,2317.0,173.0,43.0,6.0,1170.0,155.0,0
12.0,6667.0,253.0,172.0,1.0,660.0,199.0,1
15.0,2810.0,44.0,262.0,5.0,500.0,80.0,0
15.0,1107.0,268.0,173.0,1.0,485.0,140.0,1
1.0,457.0,173.0,183.0,3.0,420.0,65.0,0
15.0,400.0,173.0,175.0,1.0,1090.0,175.0,0
5.0,2440.0,277.0,78.0,7.0,770.0,124.0,0
13.0,357.0,45.0,208.0,7.0,895.0,130.0,0
16.0,5917.0,204.0,208.0,7.0,360.0,125.0,0
10.0,3665.0,221.0,183.0,1.0,390.0,180.0,0
11.0,6417.0,76.0,197.0,5.0,390.0,144.0,0
1.0,510.0,217.0,208.0,6.0,860.0,210.0,1
5.0,2275.0,177.0,197.0,1.0,855.0,131.0,0
15.0,732.0,277.0,43.0,7.0,865.0,160.0,1
16.0,2191.0,96.0,182.0,5.0,1300.0,69.0,0
12.0,6843.0,65.0,79.0,7.0,465.0,50.0,1
15.0,958.0,79.0,279.0,1.0,840.0,90.0,1
14.0,2122.0,159.0,35.0,6.0,600.0,71.0,0
8.0,990.0,16.0,221.0,3.0,1040.0,97.0,0
8.0,74.0,104.0,16.0,3.0,777.0,117.0,1
11.0,6725.0,85.0,209.0,6.0,1175.0,114.0,0
14.0,668.0,217.0,264.0,5.0,1190.0,77.0,0
14.0,1558.0,217.0,60.0,7.0,15.0,222.0,0
15.0,222.0,243.0,217.0,5.0,1225.0,70.0,1
6.0,7107.0,159.0,134.0,4.0,1167.0,84.0,1
12.0,6567.0,208.0,65.0,5.0,1210.0,153.0,0
12.0,7776.0,261.0,235.0,7.0,820.0,59.0,0
16.0,2695.0,135.0,27.0,3.0,930.0,94.0,1
5.0,1912.0,16.0,234.0,3.0,1290.0,101.0,0
12.0,6319.0,221.0,134.0,7.0,1017.0,62.0,1
1.0,1598.0,252.0,80.0,7.0,830.0,230.0,0
11.0,6491.0,159.0,147.0,4.0,830.0,169.0,1
16.0,2733.0,27.0,135.0,7.0,495.0,114.0,0
10.0,3616.0,139.0,183.0,7.0,420.0,170.0,1
14.0,343.0,135.0,217.0,6.0,480.0,186.0,0
8.0,1147.0,69.0,173.0,4.0,1103.0,121.0,1
16.0,2228.0,177.0,96.0,4.0,865.0,162.0,0
5.0,2861.0,216.0,16.0,1.0,465.0,159.0,0
1.0,1272.0,227.0,80.0,6.0,720.0,165.0,0
5.0,2800.0,197.0,45.0,7.0,615.0,148.0,0
10.0,4172.0,148.0,58.0,6.0,895.0,115.0,0
3.0,7.0,43.0,148.0,3.0,1018.0,92.0,1
14.0,912.0,60.0,45.0,3.0,1205.0,83.0,1
15.0,1071.0,79.0,264.0,5.0,810.0,150.0,0
2.0,220.0,252.0,253.0,4.0,445.0,126.0,0
12.0,6299.0,185.0,208.0,6.0,360.0,53.0,0
15.0,1359.0,243.0,202.0,6.0,1220.0,90.0,0
13.0,127.0,43.0,208.0,5.0,1046.0,116.0,0
10.0,3336.0,80.0,114.0,7.0,1100.0,135.0,1
15.0,32.0,131.0,129.0,1.0,750.0,60.0,0
14.0,220.0,217.0,35.0,4.0,595.0,294.0,0
1.0,2548.0,173.0,148.0,3.0,955.0,160.0,1
5.0,46.0,35.0,16.0,4.0,735.0,176.0,0
15.0,1016.0,197.0,175.0,7.0,715.0,100.0,0
1.0,889.0,208.0,154.0,5.0,1115.0,270.0,1
15.0,755.0,75.0,244.0,4.0,990.0,65.0,0
1.0,254.0,203.0,154.0,7.0,840.0,305.0,0
1.0,1069.0,233.0,80.0,7.0,1120.0,190.0,0
12.0,7793.0,271.0,261.0,7.0,1091.0,67.0,0
6.0,5112.0,78.0,35.0,1.0,775.0,92.0,0
12.0,4562.0,262.0,261.0,5.0,990.0,99.0,1
10.0,4506.0,35.0,159.0,1.0,1055.0,84.0,1
1.0,323.0,33.0,80.0,6.0,430.0,135.0,0
15.0,1752.0,243.0,91.0,4.0,640.0,105.0,1
13.0,573.0,243.0,253.0,4.0,774.0,101.0,0
5.0,2608.0,264.0,197.0,6.0,747.0,212.0,1
5.0,1634.0,148.0,16.0,6.0,690.0,158.0,0
1.0,1929.0,253.0,154.0,3.0,455.0,90.0,0
0.0,4098.0,233.0,148.0,4.0,420.0,135.0,0
15.0,249.0,258.0,154.0,1.0,390.0,75.0,1
12.0,4847.0,197.0,192.0,1.0,545.0,91.0,1
10.0,2859.0,101.0,80.0,1.0,950.0,190.0,0
15.0,973.0,33.0,45.0,5.0,870.0,100.0,0
15.0,2199.0,45.0,43.0,6.0,500.0,70.0,0
16.0,2252.0,234.0,58.0,1.0,406.0,84.0,0
1.0,982.0,183.0,78.0,4.0,1100.0,145.0,0
12.0,6605.0,79.0,29.0,6.0,954.0,94.0,0
12.0,7009.0,130.0,208.0,5.0,872.0,156.0,1
12.0,4808.0,154.0,253.0,1.0,1094.0,71.0,0
8.0,332.0,16.0,216.0,3.0,540.0,121.0,1
13.0,69.0,79.0,154.0,7.0,664.0,155.0,0
15.0,1678.0,35.0,79.0,3.0,495.0,295.0,1
15.0,1255.0,2.0,217.0,5.0,815.0,75.0,1
13.0,725.0,208.0,217.0,1.0,540.0,237.0,0
16.0,2289.0,135.0,91.0,5.0,1100.0,130.0,0
11.0,6668.0,54.0,159.0,6.0,540.0,120.0,0
14.0,605.0,153.0,217.0,4.0,1080.0,70.0,0
5.0,2362.0,154.0,148.0,4.0,960.0,318.0,0
3.0,619.0,148.0,147.0,4.0,1250.0,157.0,0
8.0,497.0,45.0,60.0,7.0,1285.0,84.0,0
15.0,728.0,228.0,153.0,5.0,610.0,375.0,1
10.0,4381.0,148.0,35.0,3.0,520.0,70.0,0
1.0,1711.0,35.0,183.0,6.0,330.0,210.0,0
1.0,10.0,154.0,148.0,5.0,1290.0,305.0,0
15.0,1772.0,253.0,243.0,4.0,365.0,85.0,0
6.0,5051.0,27.0,16.0,7.0,780.0,75.0,1
14.0,685.0,253.0,217.0,5.0,550.0,115.0,0
15.0,31.0,155.0,75.0,5.0,750.0,65.0,1
3.0,1243.0,35.0,60.0,1.0,900.0,137.0,0
8.0,649.0,45.0,213.0,5.0,500.0,150.0,1
5.0,301.0,60.0,16.0,4.0,430.0,91.0,0
17.0,2946.0,246.0,217.0,6.0,760.0,89.0,0
14.0,400.0,217.0,253.0,5.0,680.0,133.0,0
15.0,1134.0,159.0,45.0,3.0,440.0,70.0,0
6.0,5357.0,16.0,190.0,7.0,890.0,79.0,1
13.0,155.0,197.0,208.0,7.0,1029.0,85.0,0
5.0,1425.0,16.0,277.0,6.0,1145.0,94.0,0
0.0,3750.0,43.0,85.0,1.0,710.0,83.0,1
5.0,1911.0,16.0,80.0,1.0,1042.0,148.0,0
15.0,1116.0,236.0,202.0,3.0,1125.0,55.0,1
12.0,6901.0,54.0,208.0,1.0,773.0,142.0,0
11.0,6544.0,43.0,148.0,7.0,1160.0,108.0,0
15.0,1142.0,198.0,45.0,3.0,480.0,140.0,0
15.0,2206.0,217.0,244.0,5.0,1195.0,125.0,0
17.0,2966.0,153.0,253.0,5.0,570.0,95.0,1
12.0,6539.0,253.0,111.0,3.0,1361.0,121.0,0
6.0,5573.0,16.0,290.0,4.0,905.0,122.0,1
11.0,6415.0,71.0,22.0,5.0,660.0,119.0,1
15.0,41.0,75.0,129.0,4.0,990.0,65.0,1
12.0,6664.0,196.0,79.0,1.0,523.0,123.0,0
12.0,6898.0,184.0,208.0,1.0,981.0,50.0,1
5.0,1259.0,221.0,16.0,5.0,875.0,123.0,0
15.0,1477.0,217.0,243.0,6.0,1170.0,65.0,1
11.0,6360.0,85.0,56.0,4.0,530.0,106.0,0
13.0,172.0,253.0,35.0,7.0,511.0,344.0,0
10.0,3685.0,177.0,183.0,6.0,370.0,145.0,0
15.0,951.0,175.0,197.0,7.0,520.0,85.0,0
14.0,948.0,60.0,58.0,4.0,1189.0,97.0,0
13.0,212.0,111.0,79.0,5.0,816.0,129.0,1
15.0,1172.0,264.0,202.0,4.0,1180.0,80.0,1
5.0,1711.0,16.0,80.0,7.0,1311.0,152.0,1
5.0,459.0,85.0,260.0,6.0,535.0,289.0,0
15.0,1220.0,228.0,175.0,6.0,465.0,165.0,0
14.0,622.0,217.0,153.0,5.0,965.0,70.0,0
1.0,1509.0,80.0,18.0,1.0,1086.0,60.0,0
6.0,4948.0,186.0,16.0,4.0,890.0,101.0,0
14.0,351.0,217.0,197.0,3.0,790.0,186.0,0
1.0,1300.0,80.0,177.0,5.0,1210.0,80.0,0
1.0,127.0,148.0,243.0,3.0,1125.0,370.0,1
5.0,2617.0,177.0,154.0,7.0,1170.0,258.0,1
1.0,2465.0,80.0,154.0,5.0,1070.0,205.0,1
0.0,3887.0,85.0,43.0,4.0,720.0,74.0,1
1.0,1116.0,252.0,80.0,3.0,930.0,225.0,1
8.0,695.0,267.0,16.0,6.0,1061.0,98.0,0
15.0,1075.0,2.0,79.0,4.0,530.0,75.0,0
6.0,5586.0,288.0,16.0,7.0,765.0,80.0,1
12.0,6557.0,214.0,179.0,5.0,927.0,61.0,0
15.0,143.0,175.0,243.0,4.0,935.0,275.0,1
1.0,1167.0,233.0,80.0,4.0,465.0,195.0,0
1.0,1982.0,268.0,208.0,7.0,1115.0,80.0,0
0.0,3821.0,121.0,16.0,7.0,582.0,65.0,0
8.0,1277.0,173.0,285.0,3.0,606.0,96.0,0
15.0,697.0,18.0,153.0,5.0,470.0,185.0,0
5.0,1296.0,16.0,184.0,3.0,1168.0,130.0,1
13.0,5.0,148.0,253.0,6.0,431.0,404.0,0
5.0,1493.0,96.0,85.0,5.0,562.0,121.0,0
10.0,4393.0,35.0,148.0,3.0,670.0,70.0,1
5.0,2169.0,16.0,173.0,5.0,660.0,94.0,1
15.0,2927.0,213.0,277.0,3.0,505.0,50.0,0
5.0,1451.0,277.0,197.0,5.0,1086.0,206.0,1
1.0,1071.0,177.0,80.0,5.0,895.0,100.0,0
3.0,300.0,160.0,134.0,6.0,1285.0,273.0,0
13.0,946.0,173.0,134.0,4.0,823.0,136.0,0
0.0,4050.0,85.0,247.0,4.0,830.0,60.0,0
12.0,7804.0,261.0,282.0,3.0,1310.0,64.0,1
12.0,4609.0,261.0,18.0,6.0,590.0,170.0,0
15.0,324.0,111.0,79.0,7.0,390.0,135.0,0
1.0,1587.0,177.0,80.0,3.0,665.0,100.0,0
15.0,2254.0,279.0,75.0,7.0,555.0,60.0,0
5.0,1424.0,16.0,45.0,5.0,820.0,105.0,0
16.0,2850.0,68.0,135.0,6.0,951.0,67.0,0
5.0,1566.0,16.0,228.0,3.0,1227.0,141.0,1
13.0,79.0,253.0,128.0,7.0,1151.0,333.0,1
15.0,1609.0,243.0,153.0,7.0,1070.0,70.0,0
11.0,6541.0,197.0,111.0,1.0,1050.0,195.0,1
6.0,5095.0,33.0,16.0,4.0,860.0,70.0,0
12.0,6596.0,179.0,253.0,4.0,925.0,100.0,1
17.0,7271.0,134.0,221.0,3.0,510.0,58.0,0
5.0,2239.0,78.0,16.0,4.0,1260.0,121.0,0
1.0,813.0,18.0,154.0,4.0,735.0,195.0,0
0.0,3873.0,85.0,42.0,3.0,845.0,106.0,1
13.0,673.0,159.0,208.0,1.0,600.0,160.0,0
15.0,1741.0,45.0,182.0,7.0,1235.0,75.0,0
12.0,6472.0,154.0,2.0,5.0,455.0,109.0,0
5.0,2370.0,159.0,213.0,1.0,1079.0,190.0,1
11.0,6582.0,208.0,148.0,3.0,870.0,160.0,0
15.0,1096.0,153.0,172.0,1.0,880.0,170.0,1
13.0,863.0,148.0,253.0,3.0,1049.0,407.0,0
5.0,2952.0,277.0,159.0,6.0,420.0,159.0,0
15.0,3588.0,139.0,153.0,1.0,745.0,255.0,0
1.0,663.0,148.0,104.0,7.0,455.0,195.0,0
8.0,255.0,16.0,106.0,6.0,935.0,116.0,0
5.0,1903.0,16.0,153.0,6.0,810.0,270.0,0
14.0,707.0,216.0,208.0,1.0,1075.0,150.0,1
14.0,879.0,60.0,138.0,3.0,985.0,57.0,0
12.0,6909.0,253.0,210.0,1.0,675.0,115.0,0
16.0,3073.0,58.0,119.0,3.0,1040.0,60.0,1
1.0,1183.0,134.0,80.0,7.0,1175.0,205.0,1
15.0,623.0,268.0,35.0,6.0,585.0,155.0,0
3.0,742.0,260.0,173.0,5.0,361.0,184.0,0
12.0,6815.0,51.0,253.0,1.0,862.0,85.0,0
15.0,3596.0,173.0,182.0,4.0,540.0,170.0,0
15.0,1680.0,153.0,202.0,3.0,1080.0,90.0,1
15.0,2989.0,173.0,221.0,5.0,1145.0,135.0,0
7.0,858.0,217.0,79.0,3.0,938.0,107.0,1
11.0,6371.0,16.0,157.0,7.0,815.0,72.0,0
12.0,6501.0,162.0,79.0,3.0,1165.0,145.0,0
15.0,630.0,217.0,258.0,7.0,1195.0,120.0,1
12.0,6550.0,280.0,79.0,5.0,445.0,116.0,0
5.0,182.0,252.0,148.0,6.0,800.0,325.0,0
14.0,1210.0,80.0,216.0,6.0,390.0,184.0,0
15.0,2537.0,253.0,175.0,7.0,1040.0,245.0,1
5.0,2168.0,197.0,22.0,7.0,1150.0,157.0,1
10.0,3617.0,183.0,139.0,3.0,525.0,165.0,0
15.0,382.0,153.0,258.0,7.0,855.0,85.0,1
15.0,3658.0,79.0,258.0,5.0,705.0,165.0,1
8.0,1748.0,221.0,173.0,5.0,1061.0,145.0,0
6.0,5572.0,120.0,16.0,1.0,585.0,88.0,0
6.0,5420.0,85.0,182.0,3.0,610.0,107.0,0
12.0,7000.0,209.0,208.0,7.0,577.0,141.0,0
12.0,6696.0,79.0,199.0,5.0,877.0,55.0,1
1.0,1981.0,80.0,280.0,3.0,850.0,145.0,1
12.0,4624.0,100.0,261.0,5.0,385.0,104.0,1
10.0,3626.0,223.0,183.0,7.0,740.0,110.0,1
17.0,7260.0,134.0,16.0,5.0,1327.0,109.0,1
10.0,4607.0,159.0,233.0,3.0,1080.0,105.0,0
12.0,6877.0,254.0,79.0,7.0,1171.0,131.0,1
15.0,1540.0,236.0,153.0,3.0,965.0,70.0,1
14.0,658.0,253.0,216.0,5.0,665.0,315.0,1
8.0,144.0,16.0,85.0,7.0,1325.0,114.0,1
15.0,1381.0,45.0,85.0,7.0,655.0,100.0,0
6.0,5230.0,162.0,16.0,4.0,531.0,96.0,0
17.0,1012.0,161.0,128.0,6.0,600.0,29.0,0
17.0,7242.0,208.0,247.0,3.0,1310.0,42.0,1
10.0,4364.0,208.0,71.0,7.0,1265.0,75.0,1
12.0,6275.0,111.0,252.0,5.0,890.0,72.0,0
11.0,6546.0,85.0,171.0,1.0,940.0,59.0,1
6.0,5149.0,16.0,275.0,5.0,660.0,67.0,0
16.0,3102.0,170.0,135.0,4.0,475.0,84.0,0
14.0,711.0,216.0,154.0,7.0,960.0,363.0,0
14.0,1606.0,216.0,85.0,5.0,1240.0,108.0,0
15.0,2466.0,207.0,217.0,7.0,1135.0,70.0,0
15.0,3012.0,175.0,197.0,6.0,725.0,90.0,1
14.0,1562.0,216.0,35.0,3.0,735.0,75.0,0
14.0,1453.0,209.0,60.0,4.0,665.0,84.0,0
15.0,3331.0,18.0,153.0,5.0,1195.0,185.0,1
1.0,696.0,80.0,183.0,7.0,1015.0,165.0,1
14.0,868.0,147.0,216.0,4.0,1030.0,129.0,0
12.0,4470.0,99.0,197.0,7.0,912.0,66.0,1
6.0,5518.0,16.0,285.0,1.0,835.0,57.0,0
12.0,6839.0,208.0,205.0,5.0,740.0,99.0,1
0.0,4001.0,177.0,75.0,6.0,565.0,96.0,0
1.0,595.0,16.0,183.0,1.0,465.0,115.0,0
15.0,663.0,175.0,43.0,3.0,1100.0,85.0,1
5.0,2712.0,16.0,208.0,5.0,1155.0,137.0,0
7.0,473.0,241.0,184.0,6.0,708.0,181.0,1
14.0,1229.0,78.0,60.0,7.0,1140.0,87.0,0
10.0,3163.0,154.0,258.0,7.0,920.0,80.0,1
5.0,1764.0,197.0,78.0,7.0,600.0,143.0,0
13.0,559.0,159.0,208.0,7.0,750.0,158.0,1
1.0,1576.0,18.0,80.0,5.0,1005.0,65.0,0
12.0,7775.0,261.0,255.0,7.0,1290.0,79.0,0
7.0,484.0,217.0,184.0,7.0,1085.0,198.0,0
16.0,2395.0,146.0,135.0,5.0,575.0,77.0,0
13.0,763.0,79.0,243.0,3.0,695.0,149.0,1
4.0,1548.0,135.0,104.0,3.0,805.0,144.0,1
15.0,380.0,79.0,197.0,5.0,620.0,125.0,0
15.0,824.0,221.0,217.0,3.0,835.0,300.0,1
13.0,568.0,208.0,260.0,5.0,497.0,275.0,0
1.0,410.0,183.0,33.0,3.0,1305.0,135.0,1
15.0,429.0,154.0,79.0,1.0,765.0,135.0,0
5.0,2297.0,16.0,198.0,7.0,823.0,97.0,0
1.0,2410.0,154.0,80.0,6.0,370.0,185.0,0
6.0,5482.0,69.0,16.0,4.0,955.0,90.0,0
16.0,2837.0,172.0,58.0,4.0,1189.0,103.0,0
5.0,1741.0,261.0,111.0,5.0,694.0,109.0,0
15.0,2264.0,33.0,45.0,4.0,390.0,100.0,0
15.0,702.0,175.0,153.0,1.0,360.0,245.0,0
16.0,2143.0,121.0,135.0,1.0,360.0,160.0,0
12.0,4441.0,102.0,261.0,6.0,735.0,95.0,1
15.0,1065.0,45.0,33.0,3.0,660.0,120.0,1
15.0,443.0,241.0,45.0,6.0,1000.0,140.0,1
16.0,2552.0,117.0,58.0,3.0,965.0,78.0,1
12.0,6441.0,79.0,76.0,4.0,665.0,159.0,0
10.0,4230.0,136.0,208.0,6.0,625.0,110.0,1
15.0,3814.0,173.0,241.0,5.0,790.0,50.0,0
12.0,6538.0,79.0,137.0,3.0,1286.0,98.0,0
10.0,3983.0,94.0,208.0,3.0,625.0,80.0,1
6.0,5196.0,205.0,85.0,4.0,615.0,119.0,1
16.0,2513.0,182.0,96.0,3.0,567.0,79.0,0
15.0,1945.0,79.0,198.0,3.0,620.0,155.0,1
5.0,2349.0,16.0,253.0,1.0,905.0,320.0,1
12.0,4608.0,261.0,252.0,7.0,905.0,130.0,0
4.0,1094.0,154.0,135.0,6.0,30.0,179.0,1
12.0,4541.0,261.0,280.0,7.0,597.0,110.0,0
4.0,1703.0,154.0,96.0,5.0,515.0,318.0,1
16.0,2782.0,135.0,285.0,6.0,1140.0,113.0,0
10.0,3840.0,208.0,16.0,3.0,855.0,120.0,0
16.0,2747.0,96.0,33.0,3.0,1200.0,155.0,0
15.0,923.0,277.0,45.0,1.0,630.0,130.0,0
0.0,4012.0,85.0,218.0,6.0,920.0,89.0,0
5.0,1896.0,16.0,147.0,1.0,959.0,71.0,1
1.0,335.0,159.0,208.0,3.0,900.0,170.0,0
1.0,1254.0,80.0,35.0,1.0,935.0,210.0,1
0.0,3927.0,177.0,84.0,5.0,1165.0,104.0,0
13.0,917.0,134.0,252.0,1.0,1030.0,358.0,1
15.0,732.0,277.0,43.0,4.0,865.0,160.0,1
10.0,4597.0,233.0,159.0,7.0,870.0,90.0,0
15.0,2892.0,175.0,172.0,3.0,1025.0,90.0,1
15.0,2102.0,153.0,258.0,5.0,385.0,85.0,0
1.0,1905.0,78.0,80.0,3.0,600.0,225.0,0
8.0,586.0,119.0,45.0,6.0,1060.0,105.0,0
15.0,1482.0,43.0,173.0,3.0,400.0,170.0,1
14.0,456.0,217.0,261.0,1.0,1065.0,97.0,0
15.0,115.0,79.0,261.0,3.0,915.0,90.0,1
10.0,4178.0,208.0,62.0,5.0,1180.0,55.0,0
15.0,3814.0,184.0,173.0,3.0,530.0,170.0,0
15.0,397.0,139.0,153.0,5.0,1055.0,255.0,0
5.0,2206.0,87.0,16.0,5.0,1042.0,78.0,0
16.0,3016.0,135.0,288.0,4.0,1195.0,101.0,0
3.0,766.0,37.0,173.0,3.0,240.0,169.0,0
15.0,1048.0,75.0,244.0,1.0,880.0,60.0,1
3.0,661.0,273.0,173.0,6.0,420.0,178.0,1
14.0,2122.0,159.0,35.0,1.0,600.0,71.0,0
15.0,493.0,277.0,213.0,6.0,915.0,55.0,1
4.0,496.0,153.0,135.0,6.0,706.0,175.0,0
12.0,4840.0,28.0,261.0,6.0,385.0,80.0,1
15.0,3239.0,172.0,277.0,7.0,1105.0,155.0,0
12.0,6740.0,154.0,57.0,1.0,604.0,43.0,0
5.0,1493.0,96.0,85.0,6.0,562.0,121.0,0
13.0,850.0,208.0,221.0,4.0,1091.0,91.0,1
15.0,1165.0,202.0,217.0,3.0,750.0,115.0,1
10.0,3743.0,208.0,197.0,5.0,1050.0,95.0,1
8.0,230.0,234.0,16.0,7.0,653.0,105.0,0
10.0,2940.0,1.0,80.0,4.0,395.0,50.0,0
10.0,4585.0,159.0,60.0,4.0,810.0,120.0,0
6.0,5299.0,16.0,91.0,6.0,683.0,209.0,0
1.0,1747.0,80.0,258.0,7.0,1045.0,230.0,0
15.0,1175.0,236.0,217.0,3.0,620.0,100.0,0
12.0,4771.0,208.0,261.0,4.0,450.0,205.0,0
15.0,830.0,264.0,202.0,7.0,1285.0,80.0,1
16.0,2322.0,38.0,135.0,1.0,671.0,71.0,0
5.0,1711.0,16.0,80.0,5.0,1311.0,152.0,0
1.0,1951.0,80.0,262.0,3.0,1265.0,225.0,1
0.0,3724.0,85.0,117.0,3.0,525.0,88.0,1
5.0,1691.0,16.0,277.0,4.0,1370.0,82.0,1
15.0,2786.0,202.0,207.0,4.0,635.0,70.0,1
17.0,2628.0,138.0,60.0,6.0,770.0,66.0,0
5.0,2347.0,159.0,16.0,4.0,900.0,163.0,0
13.0,40.0,153.0,134.0,4.0,1386.0,272.0,0
3.0,231.0,261.0,160.0,4.0,420.0,117.0,0
15.0,272.0,243.0,280.0,1.0,850.0,70.0,1
12.0,4690.0,154.0,261.0,3.0,463.0,107.0,1
5.0,1448.0,18.0,85.0,7.0,990.0,171.0,0
15.0,1013.0,217.0,18.0,4.0,640.0,125.0,0
15.0,588.0,221.0,45.0,4.0,625.0,60.0,0
17.0,2751.0,2.0,217.0,6.0,930.0,76.0,0
10.0,3325.0,84.0,80.0,1.0,360.0,130.0,0
12.0,4580.0,154.0,261.0,3.0,678.0,107.0,0
12.0,4829.0,205.0,197.0,3.0,305.0,75.0,0
15.0,1162.0,216.0,175.0,7.0,1065.0,140.0,1
15.0,1370.0,44.0,217.0,4.0,1055.0,80.0,0
14.0,720.0,183.0,60.0,5.0,890.0,124.0,0
15.0,3394.0,172.0,104.0,3.0,1055.0,180.0,1
0.0,4219.0,237.0,85.0,7.0,1030.0,100.0,0
15.0,1489.0,198.0,75.0,5.0,1100.0,90.0,0
4.0,309.0,135.0,214.0,3.0,540.0,270.0,0
2.0,363.0,262.0,252.0,5.0,1055.0,115.0,0
15.0,1286.0,172.0,153.0,1.0,425.0,195.0,0
13.0,856.0,154.0,134.0,5.0,705.0,285.0,0
4.0,1884.0,96.0,269.0,1.0,470.0,237.0,0
5.0,2309.0,234.0,16.0,4.0,1140.0,115.0,0
13.0,819.0,96.0,208.0,3.0,420.0,162.0,0
10.0,2717.0,239.0,80.0,1.0,445.0,85.0,0
7.0,226.0,262.0,79.0,5.0,660.0,134.0,0
16.0,2704.0,177.0,135.0,5.0,562.0,106.0,1
14.0,1125.0,22.0,60.0,3.0,375.0,140.0,0
12.0,6621.0,79.0,187.0,4.0,969.0,113.0,1
13.0,221.0,16.0,208.0,6.0,400.0,120.0,0
0.0,4049.0,134.0,71.0,6.0,825.0,107.0,0
5.0,2579.0,148.0,183.0,6.0,765.0,183.0,0
3.0,26.0,104.0,148.0,7.0,425.0,160.0,0
6.0,5176.0,288.0,177.0,3.0,370.0,88.0,0
15.0,260.0,253.0,153.0,4.0,1215.0,85.0,0
10.0,3035.0,154.0,246.0,5.0,1290.0,40.0,1
13.0,89.0,208.0,154.0,4.0,563.0,276.0,0
15.0,1976.0,45.0,139.0,1.0,835.0,110.0,1
11.0,6742.0,273.0,85.0,1.0,572.0,103.0,1
14.0,881.0,208.0,60.0,1.0,455.0,114.0,0
1.0,880.0,258.0,80.0,3.0,900.0,210.0,1
13.0,753.0,253.0,79.0,4.0,778.0,156.0,0
15.0,1948.0,22.0,277.0,6.0,500.0,195.0,1
5.0,1891.0,16.0,277.0,3.0,529.0,97.0,0
5.0,2323.0,85.0,217.0,4.0,725.0,265.0,1
10.0,3844.0,208.0,16.0,5.0,495.0,120.0,1
16.0,2794.0,172.0,135.0,4.0,981.0,122.0,1
0.0,3868.0,12.0,85.0,1.0,765.0,119.0,1
5.0,2070.0,54.0,16.0,7.0,836.0,80.0,1
8.0,852.0,173.0,16.0,5.0,1121.0,98.0,1
5.0,2477.0,154.0,203.0,5.0,1062.0,352.0,1
5.0,2499.0,197.0,217.0,1.0,545.0,207.0,0
16.0,2773.0,135.0,146.0,6.0,835.0,69.0,0
6.0,7360.0,177.0,233.0,7.0,510.0,114.0,0
14.0,941.0,197.0,217.0,6.0,680.0,207.0,0
15.0,747.0,61.0,277.0,3.0,740.0,135.0,1
12.0,6389.0,253.0,236.0,7.0,791.0,54.0,1
5.0,2383.0,16.0,147.0,3.0,725.0,71.0,1
2.0,75.0,252.0,149.0,4.0,650.0,155.0,1
8.0,221.0,153.0,184.0,7.0,635.0,203.0,0
5.0,1597.0,197.0,258.0,7.0,545.0,255.0,0
16.0,3028.0,209.0,96.0,5.0,1005.0,89.0,0
14.0,1735.0,60.0,173.0,5.0,995.0,103.0,0
17.0,7267.0,208.0,16.0,1.0,585.0,118.0,0
10.0,3947.0,208.0,285.0,3.0,750.0,90.0,1
2.0,509.0,264.0,252.0,3.0,840.0,168.0,0
8.0,790.0,268.0,16.0,4.0,608.0,94.0,0
15.0,3949.0,61.0,175.0,7.0,860.0,70.0,1
14.0,963.0,139.0,60.0,7.0,420.0,102.0,0
15.0,684.0,217.0,154.0,3.0,1055.0,80.0,1
1.0,2466.0,253.0,80.0,5.0,20.0,195.0,0
8.0,134.0,277.0,16.0,1.0,480.0,100.0,0
15.0,914.0,154.0,258.0,4.0,960.0,65.0,0
0.0,4395.0,58.0,177.0,7.0,705.0,128.0,0
15.0,2278.0,45.0,198.0,4.0,930.0,180.0,1
14.0,647.0,85.0,217.0,1.0,460.0,277.0,0
5.0,1054.0,197.0,16.0,6.0,1030.0,154.0,1
2.0,633.0,217.0,252.0,3.0,895.0,187.0,0
5.0,2173.0,16.0,183.0,6.0,650.0,115.0,1
2.0,1.0,78.0,252.0,3.0,480.0,360.0,0
15.0,1969.0,12.0,173.0,6.0,885.0,190.0,1
17.0,2901.0,54.0,60.0,5.0,660.0,69.0,0
16.0,2302.0,135.0,33.0,5.0,510.0,105.0,0
16.0,2981.0,41.0,135.0,5.0,730.0,64.0,0
17.0,2779.0,217.0,194.0,5.0,1258.0,174.0,0
12.0,6315.0,253.0,24.0,4.0,449.0,74.0,1
8.0,1079.0,130.0,173.0,5.0,837.0,170.0,0
15.0,797.0,175.0,277.0,3.0,875.0,160.0,1
14.0,399.0,60.0,153.0,4.0,800.0,298.0,0
0.0,4177.0,148.0,58.0,5.0,547.0,142.0,1
8.0,659.0,16.0,244.0,7.0,890.0,155.0,0
6.0,5478.0,16.0,47.0,5.0,1150.0,66.0,1
1.0,2033.0,33.0,80.0,5.0,990.0,125.0,0
4.0,41.0,96.0,154.0,1.0,915.0,370.0,1
4.0,497.0,135.0,153.0,3.0,555.0,202.0,1
6.0,4959.0,285.0,16.0,5.0,1103.0,76.0,1
14.0,489.0,60.0,79.0,7.0,1095.0,235.0,0
1.0,272.0,253.0,183.0,5.0,1255.0,315.0,0
7.0,799.0,76.0,79.0,3.0,970.0,184.0,1
15.0,300.0,153.0,79.0,7.0,745.0,115.0,0
8.0,796.0,268.0,16.0,1.0,405.0,114.0,0
0.0,3826.0,21.0,85.0,3.0,495.0,67.0,0
13.0,210.0,154.0,134.0,3.0,989.0,286.0,0
12.0,4554.0,122.0,261.0,6.0,380.0,88.0,0
5.0,1629.0,148.0,153.0,6.0,970.0,367.0,0
8.0,569.0,32.0,16.0,5.0,1060.0,100.0,0
15.0,3668.0,202.0,214.0,1.0,945.0,100.0,0
3.0,1404.0,253.0,18.0,5.0,960.0,201.0,0
2.0,471.0,154.0,252.0,4.0,1110.0,166.0,1
14.0,1550.0,60.0,233.0,4.0,1360.0,54.0,1
11.0,6276.0,69.0,85.0,3.0,390.0,79.0,1
5.0,2809.0,71.0,104.0,4.0,675.0,147.0,0
5.0,2986.0,16.0,159.0,6.0,1300.0,133.0,1
10.0,3323.0,80.0,118.0,3.0,645.0,50.0,0
14.0,1299.0,174.0,60.0,3.0,725.0,102.0,0
0.0,3884.0,273.0,85.0,3.0,724.0,91.0,1
1.0,1602.0,80.0,136.0,6.0,570.0,75.0,0
4.0,417.0,135.0,243.0,7.0,645.0,210.0,1
3.0,1256.0,134.0,35.0,6.0,660.0,85.0,0
15.0,121.0,262.0,154.0,7.0,970.0,80.0,1
10.0,2838.0,245.0,80.0,6.0,440.0,180.0,0
17.0,2658.0,33.0,60.0,5.0,675.0,75.0,0
12.0,3116.0,184.0,48.0,7.0,945.0,77.0,0
1.0,263.0,134.0,154.0,6.0,865.0,350.0,0
12.0,6637.0,187.0,79.0,4.0,1169.0,140.0,0
14.0,81.0,217.0,45.0,7.0,590.0,257.0,0
12.0,6246.0,100.0,154.0,3.0,607.0,70.0,0
12.0,4675.0,261.0,44.0,4.0,915.0,115.0,0
5.0,1789.0,16.0,172.0,5.0,1315.0,147.0,0
15.0,2883.0,221.0,173.0,4.0,1150.0,140.0,1
5.0,1260.0,261.0,96.0,4.0,605.0,273.0,0
15.0,2805.0,33.0,172.0,6.0,620.0,105.0,1
16.0,3152.0,135.0,13.0,4.0,690.0,98.0,1
8.0,38.0,16.0,175.0,6.0,817.0,115.0,1
1.0,695.0,148.0,18.0,3.0,945.0,270.0,0
12.0,6344.0,24.0,154.0,5.0,1198.0,47.0,0
16.0,2347.0,197.0,135.0,1.0,555.0,179.0,1
2.0,160.0,14.0,8.0,4.0,845.0,187.0,0
6.0,5346.0,16.0,272.0,7.0,1076.0,136.0,1
15.0,1968.0,175.0,129.0,7.0,1155.0,170.0,1
13.0,446.0,172.0,208.0,1.0,816.0,90.0,0
16.0,2567.0,33.0,96.0,3.0,1019.0,134.0,0
15.0,685.0,268.0,175.0,1.0,475.0,60.0,1
5.0,1206.0,135.0,16.0,1.0,1079.0,131.0,0
15.0,958.0,279.0,75.0,1.0,1015.0,60.0,1
11.0,6335.0,35.0,177.0,5.0,960.0,210.0,1
5.0,1847.0,159.0,16.0,1.0,600.0,160.0,1
15.0,880.0,261.0,79.0,6.0,855.0,85.0,0
0.0,3916.0,121.0,85.0,1.0,1000.0,115.0,0
10.0,4369.0,71.0,208.0,7.0,1040.0,80.0,0
15.0,370.0,214.0,258.0,5.0,385.0,105.0,0
12.0,6640.0,24.0,253.0,4.0,431.0,79.0,0
12.0,6291.0,91.0,154.0,6.0,963.0,137.0,1
12.0,6886.0,114.0,79.0,3.0,497.0,59.0,0
12.0,6408.0,93.0,253.0,1.0,901.0,87.0,1
4.0,671.0,58.0,173.0,4.0,555.0,143.0,0
6.0,7126.0,208.0,43.0,5.0,444.0,86.0,1
10.0,4448.0,78.0,148.0,4.0,360.0,70.0,0
1.0,1857.0,45.0,260.0,5.0,485.0,225.0,1
3.0,5.0,43.0,148.0,3.0,1245.0,80.0,0
6.0,4953.0,16.0,41.0,4.0,1031.0,95.0,1
5.0,2029.0,262.0,197.0,5.0,400.0,217.0,0
13.0,73.0,253.0,128.0,3.0,529.0,316.0,0
1.0,1839.0,80.0,244.0,4.0,470.0,60.0,0
0.0,3725.0,281.0,85.0,4.0,335.0,75.0,0
14.0,2135.0,35.0,159.0,1.0,960.0,75.0,0
0.0,3727.0,177.0,27.0,4.0,575.0,62.0,0
13.0,192.0,264.0,208.0,4.0,838.0,237.0,0
14.0,975.0,197.0,60.0,5.0,610.0,149.0,0
15.0,667.0,277.0,147.0,3.0,710.0,50.0,1
16.0,2824.0,135.0,27.0,5.0,775.0,93.0,0
15.0,2753.0,264.0,262.0,6.0,1205.0,85.0,1
15.0,2549.0,154.0,79.0,7.0,910.0,135.0,1
13.0,785.0,35.0,79.0,6.0,600.0,293.0,0
15.0,528.0,153.0,139.0,4.0,610.0,215.0,0
2.0,187.0,14.0,98.0,3.0,835.0,58.0,0
14.0,714.0,80.0,216.0,7.0,785.0,189.0,0
10.0,2995.0,84.0,80.0,3.0,1005.0,125.0,0
1.0,863.0,183.0,260.0,4.0,760.0,145.0,0
15.0,1618.0,75.0,268.0,5.0,845.0,100.0,1
15.0,1065.0,33.0,79.0,1.0,750.0,180.0,1
6.0,5560.0,27.0,16.0,6.0,1020.0,74.0,0
15.0,3498.0,154.0,268.0,7.0,840.0,205.0,1
5.0,1085.0,197.0,14.0,7.0,930.0,357.0,1
1.0,1584.0,153.0,80.0,1.0,360.0,160.0,0
4.0,289.0,85.0,135.0,5.0,885.0,187.0,1
1.0,1228.0,280.0,208.0,7.0,790.0,200.0,0
14.0,456.0,217.0,261.0,5.0,1065.0,97.0,0
15.0,759.0,175.0,241.0,7.0,1105.0,170.0,1
14.0,1491.0,96.0,60.0,7.0,1109.0,126.0,0
3.0,447.0,35.0,277.0,4.0,1075.0,205.0,0
1.0,2583.0,80.0,79.0,6.0,930.0,125.0,0
15.0,221.0,79.0,217.0,7.0,585.0,120.0,0
15.0,1830.0,33.0,198.0,6.0,545.0,95.0,1
1.0,1396.0,80.0,209.0,4.0,1070.0,160.0,1
0.0,3738.0,92.0,85.0,6.0,404.0,66.0,0
14.0,1942.0,138.0,60.0,7.0,425.0,64.0,0
10.0,3190.0,154.0,258.0,6.0,510.0,75.0,0
15.0,218.0,258.0,44.0,5.0,1050.0,60.0,1
3.0,703.0,148.0,260.0,7.0,420.0,227.0,0
12.0,6226.0,253.0,262.0,1.0,762.0,43.0,1
17.0,1040.0,128.0,143.0,3.0,1195.0,49.0,0
12.0,4492.0,114.0,261.0,3.0,785.0,56.0,0
13.0,440.0,264.0,79.0,5.0,420.0,155.0,0
11.0,6270.0,71.0,209.0,4.0,935.0,94.0,0
13.0,653.0,208.0,228.0,3.0,1145.0,138.0,0
12.0,4694.0,154.0,153.0,4.0,1170.0,70.0,0
6.0,5011.0,85.0,52.0,4.0,520.0,110.0,0
8.0,183.0,78.0,16.0,7.0,390.0,110.0,0
8.0,1098.0,173.0,139.0,4.0,1139.0,139.0,1
13.0,8.0,264.0,253.0,3.0,405.0,101.0,1
1.0,2362.0,80.0,208.0,3.0,965.0,145.0,1
6.0,5144.0,16.0,48.0,1.0,975.0,100.0,0
2.0,224.0,214.0,253.0,4.0,480.0,117.0,0
10.0,4657.0,16.0,159.0,6.0,780.0,125.0,0
0.0,4271.0,119.0,85.0,6.0,805.0,62.0,0
15.0,3915.0,18.0,129.0,5.0,375.0,50.0,1
0.0,4115.0,43.0,85.0,7.0,1155.0,80.0,0
5.0,2775.0,268.0,85.0,1.0,1075.0,96.0,1
5.0,2999.0,197.0,217.0,3.0,1310.0,208.0,0
12.0,4681.0,93.0,261.0,1.0,370.0,113.0,0
7.0,612.0,79.0,139.0,5.0,1150.0,140.0,1
4.0,347.0,208.0,135.0,3.0,475.0,155.0,0
10.0,2824.0,80.0,288.0,7.0,1200.0,105.0,0
13.0,107.0,208.0,154.0,4.0,790.0,276.0,1
12.0,6870.0,127.0,79.0,5.0,453.0,113.0,0
5.0,1669.0,16.0,173.0,4.0,1140.0,95.0,0
14.0,1608.0,173.0,216.0,3.0,1175.0,133.0,0
3.0,596.0,173.0,130.0,6.0,989.0,151.0,0
14.0,29.0,16.0,217.0,7.0,690.0,261.0,0
12.0,6867.0,46.0,79.0,6.0,447.0,107.0,0
4.0,1685.0,58.0,104.0,4.0,550.0,175.0,0
3.0,1107.0,148.0,233.0,6.0,1065.0,110.0,0
5.0,2829.0,16.0,252.0,4.0,1145.0,336.0,1
10.0,2797.0,80.0,108.0,4.0,515.0,60.0,0
5.0,2690.0,197.0,60.0,5.0,1145.0,143.0,1
14.0,2129.0,35.0,159.0,4.0,780.0,85.0,0
1.0,599.0,159.0,183.0,4.0,630.0,195.0,0
16.0,3031.0,60.0,135.0,5.0,700.0,176.0,1
4.0,477.0,241.0,96.0,1.0,666.0,169.0,1
5.0,99.0,148.0,104.0,3.0,1140.0,204.0,0
16.0,2657.0,96.0,290.0,3.0,945.0,205.0,0
12.0,6655.0,208.0,86.0,5.0,900.0,71.0,0
12.0,4848.0,192.0,197.0,7.0,661.0,82.0,1
5.0,1273.0,61.0,16.0,1.0,420.0,115.0,0
15.0,1217.0,154.0,129.0,1.0,555.0,185.0,1
5.0,2608.0,264.0,197.0,5.0,747.0,212.0,1
14.0,1017.0,135.0,60.0,6.0,730.0,145.0,0
16.0,2707.0,162.0,135.0,4.0,1095.0,82.0,0
10.0,3295.0,80.0,47.0,4.0,845.0,135.0,0
5.0,1.0,153.0,148.0,7.0,650.0,310.0,1
13.0,748.0,154.0,79.0,1.0,861.0,141.0,0
14.0,256.0,217.0,216.0,7.0,955.0,258.0,0
14.0,85.0,217.0,45.0,3.0,975.0,251.0,0
5.0,1290.0,16.0,85.0,6.0,1305.0,123.0,0
6.0,4948.0,16.0,58.0,4.0,1055.0,111.0,0
1.0,378.0,208.0,159.0,4.0,665.0,125.0,0
6.0,5154.0,16.0,278.0,4.0,1308.0,64.0,0
5.0,211.0,148.0,153.0,1.0,1095.0,351.0,0
10.0,2835.0,80.0,146.0,7.0,995.0,75.0,0
14.0,1814.0,277.0,60.0,4.0,620.0,101.0,0
5.0,2947.0,159.0,16.0,7.0,1260.0,153.0,0
15.0,2882.0,129.0,27.0,7.0,580.0,90.0,0
10.0,3649.0,183.0,71.0,4.0,680.0,160.0,0
5.0,1929.0,16.0,252.0,7.0,600.0,340.0,1
10.0,3992.0,290.0,208.0,5.0,800.0,105.0,0
4.0,500.0,135.0,139.0,5.0,1150.0,141.0,0
15.0,1188.0,129.0,79.0,6.0,1050.0,155.0,0
12.0,6593.0,28.0,79.0,7.0,622.0,88.0,0
15.0,351.0,43.0,153.0,5.0,495.0,310.0,1
3.0,685.0,35.0,78.0,7.0,799.0,101.0,0
15.0,701.0,202.0,217.0,5.0,1145.0,110.0,0
10.0,3656.0,221.0,183.0,3.0,1040.0,170.0,0
6.0,5337.0,81.0,16.0,1.0,837.0,61.0,0
2.0,120.0,14.0,252.0,5.0,450.0,211.0,1
13.0,925.0,134.0,154.0,5.0,1315.0,351.0,0
6.0,5211.0,78.0,268.0,7.0,752.0,143.0,0
1.0,1521.0,208.0,280.0,3.0,1155.0,225.0,1
5.0,2009.0,197.0,79.0,7.0,1025.0,123.0,0
4.0,1135.0,96.0,80.0,3.0,690.0,239.0,0
4.0,685.0,214.0,96.0,6.0,1282.0,286.0,1
17.0,7260.0,12.0,134.0,4.0,1174.0,88.0,1
12.0,6549.0,253.0,248.0,7.0,1365.0,67.0,0
5.0,1066.0,177.0,208.0,4.0,860.0,110.0,0
15.0,2200.0,216.0,241.0,7.0,735.0,185.0,0
5.0,1225.0,85.0,195.0,4.0,1315.0,87.0,0
15.0,1472.0,217.0,61.0,4.0,675.0,215.0,0
1.0,1659.0,208.0,172.0,5.0,1225.0,85.0,1
10.0,3893.0,208.0,216.0,4.0,425.0,120.0,1
16.0,3142.0,204.0,135.0,4.0,560.0,80.0,0
5.0,1236.0,221.0,85.0,4.0,1165.0,80.0,0
12.0,6868.0,2.0,79.0,3.0,1160.0,76.0,0
15.0,2879.0,153.0,111.0,4.0,770.0,150.0,1
14.0,152.0,217.0,268.0,7.0,1185.0,171.0,0
15.0,389.0,198.0,33.0,7.0,785.0,85.0,0
16.0,2876.0,68.0,135.0,4.0,860.0,57.0,0
14.0,1982.0,60.0,35.0,4.0,475.0,123.0,0
12.0,6986.0,208.0,281.0,6.0,510.0,60.0,0
9.0,596.0,128.0,203.0,3.0,1210.0,37.0,0
12.0,6986.0,281.0,208.0,1.0,656.0,79.0,1
6.0,5601.0,81.0,16.0,5.0,1040.0,74.0,1
8.0,99.0,16.0,233.0,3.0,821.0,77.0,0
4.0,393.0,173.0,96.0,1.0,480.0,151.0,0
10.0,3609.0,183.0,16.0,4.0,835.0,120.0,0
5.0,2097.0,197.0,16.0,5.0,465.0,155.0,1
15.0,609.0,217.0,154.0,3.0,490.0,85.0,0
16.0,2929.0,279.0,135.0,4.0,730.0,91.0,0
15.0,1486.0,75.0,204.0,4.0,925.0,50.0,1
4.0,754.0,96.0,213.0,7.0,780.0,172.0,1
15.0,3833.0,217.0,154.0,4.0,1175.0,85.0,1
13.0,192.0,264.0,208.0,7.0,840.0,237.0,0
10.0,3453.0,80.0,184.0,3.0,560.0,135.0,0
15.0,467.0,217.0,153.0,3.0,1110.0,70.0,0
10.0,2774.0,80.0,68.0,6.0,1355.0,75.0,0
10.0,4182.0,208.0,0.0,3.0,540.0,115.0,1
12.0,6383.0,246.0,253.0,3.0,1176.0,80.0,0
5.0,2155.0,16.0,154.0,3.0,1038.0,300.0,1
8.0,908.0,16.0,215.0,7.0,817.0,86.0,1
12.0,6843.0,86.0,72.0,3.0,346.0,32.0,0
14.0,1663.0,78.0,60.0,6.0,1035.0,92.0,0
0.0,4125.0,96.0,85.0,4.0,985.0,129.0,0
15.0,1884.0,153.0,217.0,5.0,755.0,70.0,0
11.0,6321.0,238.0,148.0,5.0,660.0,87.0,0
15.0,1465.0,33.0,233.0,6.0,515.0,85.0,0
12.0,6865.0,79.0,102.0,4.0,1114.0,138.0,0
15.0,2549.0,79.0,139.0,3.0,1140.0,145.0,1
4.0,358.0,135.0,78.0,6.0,660.0,162.0,0
15.0,1727.0,141.0,104.0,5.0,650.0,185.0,1
12.0,6725.0,244.0,79.0,7.0,1166.0,136.0,0
0.0,3933.0,61.0,177.0,6.0,731.0,112.0,0
0.0,4095.0,107.0,197.0,7.0,1015.0,68.0,0
1.0,893.0,60.0,80.0,5.0,460.0,165.0,0
6.0,5552.0,16.0,285.0,7.0,950.0,55.0,0
5.0,2537.0,35.0,173.0,4.0,880.0,204.0,0
15.0,1705.0,258.0,214.0,6.0,1135.0,105.0,0
9.0,202.0,128.0,143.0,5.0,355.0,49.0,0
15.0,2706.0,45.0,277.0,4.0,940.0,150.0,0
15.0,209.0,154.0,18.0,6.0,515.0,170.0,0
15.0,300.0,79.0,197.0,7.0,945.0,120.0,0
16.0,2378.0,117.0,58.0,7.0,540.0,85.0,0
0.0,3876.0,204.0,16.0,3.0,796.0,121.0,1
5.0,1381.0,35.0,159.0,3.0,630.0,71.0,0
13.0,428.0,134.0,22.0,6.0,1319.0,86.0,0
8.0,933.0,147.0,16.0,6.0,638.0,72.0,0
12.0,4699.0,197.0,230.0,5.0,690.0,96.0,0
9.0,16.0,128.0,243.0,1.0,790.0,325.0,1
10.0,4321.0,208.0,204.0,1.0,865.0,135.0,0
3.0,1328.0,45.0,35.0,1.0,1055.0,84.0,1
15.0,754.0,153.0,198.0,4.0,1095.0,195.0,1
2.0,592.0,214.0,227.0,3.0,940.0,137.0,0
15.0,3842.0,153.0,217.0,1.0,365.0,70.0,1
11.0,6628.0,80.0,71.0,1.0,420.0,131.0,0
14.0,1176.0,60.0,35.0,4.0,1083.0,129.0,1
1.0,1237.0,217.0,80.0,4.0,485.0,135.0,0
12.0,7776.0,235.0,261.0,7.0,913.0,67.0,0
6.0,5092.0,16.0,101.0,4.0,1230.0,74.0,1
16.0,2659.0,58.0,80.0,3.0,1010.0,180.0,0
12.0,6815.0,253.0,51.0,4.0,712.0,93.0,0
9.0,105.0,203.0,128.0,6.0,381.0,33.0,0
15.0,1265.0,175.0,35.0,7.0,515.0,135.0,0
10.0,3923.0,107.0,208.0,6.0,390.0,105.0,0
4.0,1611.0,96.0,135.0,6.0,1245.0,232.0,0
13.0,541.0,35.0,208.0,6.0,922.0,168.0,1
17.0,2888.0,227.0,217.0,6.0,600.0,67.0,0
15.0,477.0,43.0,175.0,5.0,440.0,115.0,1
12.0,4447.0,153.0,154.0,3.0,1060.0,75.0,1
15.0,526.0,175.0,217.0,4.0,695.0,240.0,1
15.0,541.0,258.0,252.0,4.0,1120.0,130.0,1
4.0,799.0,135.0,79.0,5.0,525.0,158.0,1
16.0,2149.0,75.0,135.0,1.0,390.0,58.0,0
5.0,2650.0,261.0,45.0,5.0,1034.0,252.0,1
5.0,1933.0,71.0,154.0,1.0,555.0,303.0,1
1.0,2408.0,154.0,80.0,1.0,55.0,170.0,0
15.0,9.0,129.0,198.0,7.0,620.0,60.0,1
12.0,6972.0,154.0,252.0,3.0,797.0,164.0,0
10.0,2817.0,94.0,80.0,7.0,1030.0,130.0,1
15.0,2912.0,104.0,216.0,6.0,1135.0,165.0,1
5.0,2647.0,159.0,16.0,3.0,1080.0,167.0,1
15.0,3601.0,277.0,217.0,3.0,890.0,290.0,1
4.0,322.0,198.0,135.0,6.0,490.0,68.0,0
15.0,2297.0,277.0,33.0,7.0,420.0,115.0,0
1.0,1934.0,80.0,172.0,6.0,1130.0,90.0,0
0.0,3933.0,61.0,177.0,7.0,731.0,112.0,0
15.0,1675.0,252.0,153.0,7.0,565.0,150.0,0
2.0,55.0,98.0,249.0,7.0,460.0,71.0,0
16.0,5890.0,121.0,208.0,3.0,721.0,117.0,1
10.0,2963.0,56.0,80.0,1.0,360.0,140.0,0
14.0,1266.0,16.0,216.0,5.0,770.0,124.0,0
12.0,4476.0,261.0,111.0,3.0,915.0,106.0,1
8.0,1049.0,78.0,241.0,6.0,480.0,166.0,0
5.0,2582.0,173.0,22.0,6.0,1100.0,154.0,1
15.0,1822.0,228.0,173.0,6.0,405.0,185.0,0
2.0,232.0,252.0,243.0,6.0,390.0,154.0,1
15.0,1254.0,280.0,79.0,4.0,390.0,115.0,0
6.0,7096.0,134.0,35.0,3.0,877.0,91.0,0
5.0,1593.0,85.0,139.0,5.0,830.0,72.0,1
14.0,89.0,214.0,217.0,5.0,1080.0,148.0,0
12.0,6256.0,208.0,139.0,6.0,655.0,54.0,1
15.0,645.0,280.0,2.0,5.0,440.0,60.0,1
1.0,1978.0,80.0,277.0,6.0,1096.0,135.0,0
5.0,1484.0,172.0,85.0,7.0,828.0,120.0,0
1.0,2060.0,252.0,208.0,4.0,360.0,245.0,0
5.0,2531.0,159.0,85.0,5.0,870.0,118.0,1
16.0,2958.0,58.0,182.0,3.0,1155.0,90.0,0
8.0,221.0,184.0,16.0,5.0,1000.0,124.0,0
0.0,4208.0,85.0,229.0,3.0,1065.0,117.0,1
12.0,6845.0,253.0,246.0,1.0,819.0,82.0,0
15.0,3763.0,261.0,79.0,1.0,600.0,90.0,1
5.0,1064.0,16.0,186.0,4.0,1250.0,92.0,1
1.0,1507.0,213.0,80.0,5.0,1095.0,190.0,0
1.0,719.0,183.0,277.0,3.0,1080.0,60.0,1
15.0,1117.0,175.0,216.0,1.0,765.0,120.0,1
16.0,2559.0,135.0,158.0,3.0,585.0,58.0,1
5.0,1787.0,197.0,243.0,7.0,1290.0,238.0,1
12.0,6268.0,253.0,280.0,6.0,489.0,119.0,0
15.0,1553.0,75.0,268.0,6.0,560.0,100.0,0
16.0,2401.0,182.0,58.0,6.0,870.0,112.0,0
12.0,7019.0,179.0,214.0,5.0,1012.0,62.0,0
15.0,59.0,217.0,79.0,4.0,870.0,110.0,0
17.0,2904.0,60.0,138.0,1.0,679.0,54.0,0
15.0,484.0,217.0,79.0,3.0,775.0,105.0,1
2.0,326.0,252.0,258.0,6.0,775.0,127.0,0
15.0,2278.0,45.0,198.0,1.0,930.0,180.0,0
0.0,3673.0,117.0,85.0,7.0,615.0,80.0,0
14.0,1716.0,216.0,35.0,1.0,555.0,75.0,0
5.0,1151.0,253.0,128.0,4.0,1060.0,330.0,0
10.0,3755.0,208.0,85.0,4.0,1220.0,80.0,1
17.0,2853.0,292.0,217.0,1.0,475.0,68.0,0
2.0,139.0,208.0,14.0,7.0,570.0,413.0,1
14.0,1135.0,216.0,198.0,3.0,1085.0,207.0,1
10.0,4555.0,159.0,61.0,7.0,1150.0,120.0,1
0.0,3705.0,26.0,85.0,5.0,504.0,156.0,0
5.0,192.0,16.0,148.0,1.0,905.0,145.0,0
10.0,3347.0,254.0,80.0,1.0,780.0,85.0,0
4.0,511.0,135.0,178.0,6.0,1255.0,68.0,0
16.0,3061.0,204.0,135.0,3.0,730.0,84.0,0
11.0,6594.0,27.0,159.0,3.0,375.0,150.0,1
1.0,335.0,208.0,213.0,4.0,1060.0,185.0,1
16.0,2154.0,155.0,135.0,7.0,810.0,92.0,0
15.0,1593.0,45.0,22.0,6.0,1175.0,65.0,1
6.0,5177.0,16.0,52.0,1.0,810.0,48.0,0
0.0,4153.0,85.0,43.0,5.0,605.0,77.0,0
6.0,5514.0,176.0,16.0,4.0,860.0,78.0,0
5.0,2373.0,16.0,183.0,6.0,595.0,120.0,0
13.0,690.0,208.0,159.0,3.0,1020.0,136.0,1
1.0,370.0,208.0,159.0,4.0,795.0,125.0,0
16.0,3041.0,135.0,68.0,7.0,615.0,63.0,0
13.0,239.0,198.0,154.0,5.0,440.0,265.0,0
16.0,2047.0,80.0,135.0,7.0,990.0,65.0,0
6.0,5063.0,16.0,205.0,1.0,951.0,150.0,1
6.0,4951.0,16.0,71.0,4.0,1007.0,88.0,0
3.0,1249.0,35.0,134.0,1.0,375.0,100.0,1
5.0,1031.0,139.0,16.0,7.0,742.0,102.0,1
1.0,890.0,244.0,80.0,7.0,575.0,65.0,1
10.0,4267.0,208.0,94.0,7.0,1255.0,70.0,0
14.0,1539.0,60.0,252.0,5.0,575.0,351.0,1
12.0,4764.0,58.0,71.0,7.0,1115.0,65.0,1
15.0,1509.0,253.0,264.0,3.0,535.0,85.0,0
15.0,5.0,198.0,173.0,1.0,655.0,95.0,0
16.0,2221.0,96.0,177.0,3.0,720.0,177.0,0
1.0,826.0,80.0,244.0,5.0,780.0,65.0,1
15.0,1980.0,45.0,79.0,1.0,635.0,260.0,0
4.0,700.0,104.0,96.0,1.0,653.0,171.0,0
12.0,6856.0,61.0,79.0,3.0,1167.0,203.0,1
16.0,2580.0,184.0,96.0,3.0,580.0,127.0,1
5.0,1791.0,16.0,277.0,4.0,850.0,89.0,1
2.0,619.0,153.0,252.0,5.0,550.0,163.0,0
5.0,2262.0,85.0,216.0,7.0,1055.0,118.0,0
1.0,371.0,159.0,208.0,5.0,1235.0,150.0,0
15.0,970.0,213.0,216.0,7.0,650.0,165.0,1
4.0,516.0,96.0,198.0,5.0,645.0,206.0,0
5.0,2216.0,153.0,85.0,5.0,1420.0,229.0,0
5.0,1403.0,197.0,104.0,7.0,620.0,213.0,0
16.0,2942.0,135.0,80.0,4.0,575.0,68.0,0
6.0,5046.0,16.0,11.0,6.0,615.0,69.0,0
7.0,38.0,252.0,79.0,3.0,375.0,154.0,0
4.0,1576.0,258.0,135.0,6.0,375.0,225.0,0
6.0,5124.0,16.0,186.0,4.0,985.0,93.0,0
0.0,3679.0,85.0,139.0,5.0,1160.0,82.0,1
5.0,2891.0,214.0,261.0,1.0,450.0,113.0,0
4.0,1030.0,58.0,35.0,5.0,925.0,97.0,0
5.0,1981.0,197.0,177.0,5.0,390.0,125.0,0
17.0,2714.0,100.0,217.0,1.0,723.0,96.0,0
12.0,6833.0,214.0,252.0,6.0,587.0,54.0,0
6.0,7074.0,208.0,12.0,3.0,660.0,111.0,1
1.0,621.0,80.0,252.0,5.0,640.0,260.0,1
12.0,6685.0,56.0,79.0,4.0,560.0,145.0,0
15.0,653.0,33.0,216.0,5.0,900.0,120.0,1
4.0,302.0,96.0,154.0,3.0,600.0,366.0,1
15.0,987.0,217.0,207.0,4.0,875.0,75.0,1
14.0,4.0,208.0,217.0,6.0,430.0,244.0,0
5.0,340.0,16.0,197.0,1.0,450.0,171.0,1
15.0,1772.0,243.0,280.0,4.0,480.0,70.0,0
16.0,2257.0,96.0,221.0,6.0,625.0,80.0,0
14.0,2020.0,78.0,35.0,3.0,390.0,79.0,0
6.0,5202.0,16.0,58.0,3.0,445.0,104.0,1
9.0,144.0,161.0,128.0,4.0,715.0,32.0,0
5.0,1022.0,16.0,85.0,6.0,1143.0,123.0,0
4.0,550.0,96.0,18.0,5.0,1125.0,256.0,1
16.0,2586.0,135.0,139.0,3.0,480.0,133.0,1
8.0,959.0,45.0,104.0,6.0,1006.0,158.0,1
13.0,253.0,208.0,79.0,7.0,1138.0,164.0,1
7.0,285.0,268.0,79.0,1.0,375.0,144.0,0
12.0,6683.0,79.0,261.0,7.0,1120.0,96.0,1
16.0,3027.0,135.0,131.0,6.0,1100.0,61.0,0
1.0,1049.0,45.0,183.0,3.0,930.0,175.0,1
15.0,587.0,153.0,79.0,1.0,910.0,110.0,0
10.0,2941.0,80.0,223.0,6.0,935.0,100.0,0
15.0,2232.0,209.0,173.0,6.0,420.0,125.0,0
14.0,578.0,217.0,277.0,4.0,595.0,238.0,0
16.0,5906.0,208.0,237.0,6.0,425.0,95.0,1
11.0,6301.0,71.0,80.0,5.0,855.0,160.0,1
15.0,411.0,216.0,153.0,5.0,635.0,350.0,0
10.0,3163.0,154.0,258.0,3.0,920.0,80.0,0
15.0,895.0,33.0,79.0,1.0,1070.0,185.0,1
3.0,1012.0,148.0,35.0,1.0,390.0,65.0,0
12.0,6302.0,154.0,227.0,6.0,872.0,49.0,0
15.0,1943.0,173.0,268.0,4.0,885.0,155.0,0
9.0,32.0,203.0,153.0,1.0,490.0,335.0,1
16.0,5984.0,285.0,134.0,3.0,360.0,95.0,0
11.0,6342.0,290.0,16.0,1.0,966.0,113.0,0
12.0,6390.0,253.0,264.0,5.0,611.0,85.0,0
0.0,4155.0,16.0,215.0,3.0,1175.0,104.0,1
14.0,902.0,60.0,209.0,5.0,565.0,60.0,0
13.0,758.0,253.0,79.0,3.0,515.0,149.0,0
5.0,2925.0,197.0,264.0,3.0,1045.0,237.0,1
17.0,1027.0,203.0,128.0,6.0,890.0,32.0,0
6.0,7309.0,16.0,52.0,1.0,735.0,47.0,0
15.0,1113.0,159.0,175.0,3.0,795.0,155.0,1
4.0,1777.0,216.0,135.0,7.0,470.0,225.0,1
2.0,315.0,253.0,252.0,1.0,420.0,124.0,0
14.0,587.0,217.0,111.0,7.0,1260.0,167.0,1
10.0,3524.0,58.0,80.0,3.0,960.0,185.0,0
6.0,5358.0,16.0,273.0,5.0,785.0,125.0,1
5.0,2677.0,208.0,16.0,4.0,840.0,122.0,1
9.0,188.0,128.0,150.0,5.0,884.0,44.0,1
1.0,1477.0,216.0,80.0,7.0,400.0,235.0,0
12.0,4728.0,261.0,179.0,6.0,674.0,105.0,0
1.0,1905.0,78.0,80.0,1.0,600.0,225.0,0
10.0,3206.0,113.0,80.0,7.0,675.0,55.0,0
9.0,277.0,150.0,128.0,4.0,1050.0,42.0,1
12.0,6444.0,154.0,263.0,7.0,785.0,56.0,0
12.0,4873.0,65.0,261.0,7.0,1140.0,96.0,0
8.0,1035.0,241.0,221.0,4.0,515.0,149.0,0
8.0,726.0,80.0,184.0,4.0,360.0,135.0,0
1.0,2454.0,80.0,244.0,3.0,1355.0,60.0,0
14.0,1898.0,216.0,221.0,6.0,1235.0,70.0,0
5.0,2618.0,173.0,16.0,5.0,1050.0,101.0,1
15.0,2946.0,216.0,33.0,6.0,960.0,145.0,1
13.0,338.0,34.0,79.0,5.0,1003.0,111.0,0
15.0,1364.0,111.0,79.0,6.0,735.0,130.0,1
17.0,2686.0,251.0,60.0,4.0,1198.0,93.0,0
5.0,2359.0,60.0,16.0,5.0,930.0,88.0,1
13.0,748.0,79.0,136.0,4.0,1166.0,82.0,0
13.0,1.0,208.0,128.0,7.0,595.0,549.0,1
15.0,3411.0,172.0,154.0,5.0,705.0,225.0,1
1.0,1294.0,135.0,183.0,7.0,1075.0,140.0,0
13.0,410.0,79.0,61.0,5.0,605.0,163.0,0
5.0,2108.0,79.0,197.0,1.0,802.0,115.0,0
3.0,748.0,260.0,173.0,5.0,1121.0,182.0,0
6.0,5387.0,116.0,16.0,7.0,360.0,80.0,0
8.0,1050.0,0.0,173.0,5.0,1123.0,156.0,0
17.0,2932.0,280.0,217.0,1.0,480.0,54.0,0
14.0,256.0,154.0,217.0,7.0,755.0,81.0,0
5.0,1737.0,45.0,85.0,5.0,585.0,95.0,0
15.0,1162.0,129.0,147.0,5.0,695.0,115.0,0
10.0,3778.0,208.0,78.0,6.0,550.0,105.0,0
5.0,2689.0,261.0,197.0,4.0,645.0,158.0,0
8.0,1079.0,130.0,173.0,1.0,837.0,170.0,0
16.0,2454.0,177.0,135.0,7.0,735.0,99.0,0
15.0,704.0,175.0,134.0,3.0,1030.0,105.0,1
15.0,1302.0,280.0,153.0,7.0,610.0,80.0,0
9.0,190.0,161.0,128.0,5.0,1001.0,30.0,1
16.0,2251.0,139.0,96.0,6.0,370.0,112.0,0
12.0,6408.0,93.0,253.0,6.0,940.0,87.0,0
12.0,6383.0,253.0,246.0,6.0,1075.0,76.0,1
11.0,6753.0,85.0,228.0,3.0,1045.0,116.0,1
12.0,4512.0,261.0,253.0,1.0,1005.0,122.0,0
5.0,2560.0,183.0,16.0,3.0,1200.0,119.0,1
6.0,5414.0,71.0,216.0,6.0,550.0,103.0,0
4.0,1649.0,104.0,135.0,5.0,375.0,164.0,0
13.0,504.0,253.0,208.0,6.0,1419.0,257.0,0
5.0,1482.0,261.0,264.0,5.0,905.0,109.0,1
1.0,1876.0,183.0,159.0,6.0,1120.0,175.0,0
5.0,2726.0,252.0,177.0,1.0,730.0,250.0,1
14.0,835.0,216.0,173.0,7.0,955.0,153.0,0
3.0,559.0,130.0,277.0,3.0,480.0,174.0,0
16.0,2059.0,96.0,139.0,4.0,820.0,134.0,0
5.0,1461.0,241.0,85.0,4.0,710.0,170.0,0
14.0,180.0,217.0,243.0,3.0,520.0,72.0,0
17.0,2878.0,280.0,217.0,3.0,685.0,51.0,0
17.0,7285.0,209.0,208.0,1.0,835.0,141.0,1
15.0,3067.0,175.0,172.0,7.0,1135.0,90.0,1
8.0,116.0,277.0,16.0,5.0,850.0,94.0,0
10.0,3361.0,80.0,84.0,7.0,1200.0,110.0,0
7.0,487.0,173.0,184.0,1.0,727.0,169.0,0
11.0,6274.0,139.0,197.0,1.0,575.0,123.0,0
12.0,6722.0,79.0,285.0,3.0,608.0,158.0,0
13.0,842.0,208.0,154.0,4.0,488.0,277.0,0
4.0,1827.0,243.0,96.0,1.0,485.0,325.0,1
4.0,1883.0,269.0,96.0,1.0,820.0,268.0,1
6.0,5494.0,16.0,279.0,1.0,815.0,129.0,0
16.0,2373.0,135.0,18.0,3.0,485.0,53.0,1
5.0,2298.0,267.0,16.0,4.0,420.0,105.0,0
15.0,518.0,172.0,45.0,7.0,1045.0,140.0,0
14.0,706.0,208.0,216.0,1.0,840.0,122.0,0
15.0,2947.0,214.0,261.0,6.0,955.0,105.0,1
11.0,6672.0,177.0,268.0,1.0,860.0,73.0,1
1.0,518.0,183.0,148.0,1.0,425.0,165.0,0
16.0,2661.0,182.0,96.0,7.0,777.0,79.0,0
14.0,1103.0,60.0,80.0,7.0,785.0,169.0,0
15.0,3311.0,18.0,79.0,5.0,775.0,140.0,0
15.0,908.0,175.0,173.0,7.0,635.0,155.0,1
3.0,1007.0,35.0,148.0,7.0,552.0,70.0,1
12.0,4660.0,261.0,196.0,3.0,1297.0,90.0,0
14.0,2182.0,78.0,159.0,7.0,1080.0,84.0,0
1.0,1696.0,198.0,208.0,3.0,1055.0,150.0,0
5.0,2320.0,213.0,16.0,5.0,345.0,115.0,0
12.0,6711.0,79.0,218.0,5.0,1168.0,121.0,0
13.0,172.0,253.0,35.0,3.0,511.0,338.0,1
1.0,2442.0,80.0,197.0,3.0,1065.0,145.0,1
13.0,68.0,161.0,154.0,7.0,1299.0,327.0,0
15.0,1091.0,75.0,91.0,5.0,400.0,110.0,0
11.0,6743.0,120.0,16.0,6.0,585.0,105.0,0
3.0,586.0,104.0,130.0,7.0,1245.0,167.0,1
3.0,174.0,258.0,148.0,3.0,1345.0,316.0,1
16.0,2867.0,204.0,135.0,7.0,1125.0,82.0,1
10.0,3764.0,208.0,216.0,3.0,730.0,120.0,1
13.0,890.0,154.0,148.0,1.0,830.0,333.0,0
14.0,1884.0,277.0,216.0,1.0,720.0,149.0,0
14.0,1299.0,174.0,60.0,1.0,825.0,102.0,1
11.0,6538.0,78.0,35.0,3.0,775.0,91.0,0
10.0,3386.0,56.0,80.0,1.0,975.0,130.0,1
17.0,2693.0,120.0,60.0,7.0,686.0,55.0,0
10.0,4689.0,159.0,58.0,7.0,875.0,110.0,0
7.0,498.0,48.0,79.0,4.0,1135.0,199.0,1
8.0,586.0,119.0,45.0,4.0,1060.0,95.0,0
15.0,979.0,129.0,18.0,3.0,530.0,45.0,1
11.0,6611.0,177.0,205.0,3.0,555.0,119.0,0
4.0,2.0,128.0,135.0,4.0,1150.0,455.0,1
12.0,6750.0,208.0,16.0,5.0,365.0,124.0,0
15.0,1062.0,251.0,45.0,1.0,1060.0,90.0,1
4.0,1502.0,96.0,154.0,5.0,1115.0,384.0,1
15.0,1751.0,268.0,61.0,1.0,540.0,75.0,0
10.0,2765.0,80.0,84.0,4.0,470.0,110.0,0
10.0,3772.0,208.0,261.0,7.0,505.0,215.0,0
12.0,7050.0,79.0,110.0,6.0,675.0,91.0,0
14.0,1271.0,35.0,216.0,5.0,750.0,94.0,0
4.0,786.0,135.0,173.0,4.0,815.0,130.0,0
2.0,43.0,14.0,23.0,6.0,742.0,77.0,0
3.0,19.0,42.0,148.0,1.0,360.0,84.0,0
4.0,1107.0,208.0,96.0,4.0,854.0,135.0,0
1.0,1140.0,80.0,16.0,3.0,475.0,125.0,0
15.0,951.0,45.0,175.0,3.0,415.0,130.0,0
13.0,234.0,205.0,208.0,1.0,360.0,96.0,0
10.0,4128.0,174.0,208.0,7.0,770.0,135.0,1
6.0,5302.0,256.0,16.0,7.0,425.0,113.0,0
6.0,5115.0,16.0,54.0,1.0,655.0,76.0,1
12.0,6410.0,253.0,44.0,1.0,966.0,67.0,0
0.0,4167.0,16.0,177.0,7.0,645.0,91.0,0
7.0,413.0,79.0,154.0,6.0,790.0,142.0,0
10.0,4134.0,22.0,208.0,1.0,710.0,165.0,1
15.0,163.0,217.0,153.0,6.0,635.0,70.0,0
14.0,1990.0,200.0,60.0,4.0,770.0,64.0,0
2.0,37.0,197.0,252.0,1.0,795.0,220.0,1
15.0,1609.0,153.0,244.0,7.0,1170.0,145.0,1
12.0,7812.0,235.0,110.0,5.0,1259.0,70.0,1
15.0,1402.0,104.0,277.0,4.0,460.0,60.0,0
14.0,1815.0,216.0,60.0,1.0,705.0,109.0,0
14.0,18.0,252.0,217.0,3.0,1050.0,166.0,0
14.0,2039.0,35.0,78.0,4.0,900.0,96.0,0
1.0,1762.0,183.0,16.0,3.0,935.0,125.0,0
13.0,140.0,264.0,208.0,6.0,405.0,232.0,0
1.0,1456.0,270.0,183.0,1.0,605.0,185.0,1
3.0,1404.0,253.0,18.0,7.0,960.0,201.0,0
17.0,2668.0,60.0,33.0,5.0,961.0,88.0,0
13.0,799.0,58.0,208.0,5.0,1004.0,88.0,0
14.0,1983.0,60.0,16.0,4.0,480.0,90.0,0
5.0,1439.0,16.0,135.0,5.0,960.0,139.0,1
0.0,4012.0,85.0,218.0,1.0,920.0,89.0,0
15.0,204.0,45.0,268.0,4.0,1155.0,145.0,1
12.0,6856.0,79.0,61.0,5.0,859.0,156.0,1
1.0,1283.0,183.0,208.0,7.0,1160.0,195.0,1
12.0,4787.0,154.0,243.0,6.0,965.0,45.0,0
17.0,2835.0,217.0,18.0,4.0,1199.0,134.0,0
4.0,244.0,135.0,58.0,1.0,975.0,162.0,1
14.0,578.0,261.0,217.0,6.0,440.0,102.0,0
14.0,431.0,153.0,216.0,6.0,1355.0,267.0,0
5.0,2421.0,197.0,154.0,4.0,1035.0,243.0,1
14.0,1105.0,60.0,80.0,5.0,1090.0,182.0,0
5.0,2406.0,197.0,139.0,6.0,1160.0,98.0,0
7.0,269.0,264.0,79.0,5.0,1208.0,127.0,0
0.0,3921.0,177.0,58.0,5.0,855.0,116.0,0
8.0,259.0,16.0,106.0,3.0,610.0,122.0,1
10.0,3676.0,183.0,61.0,4.0,685.0,160.0,0
4.0,1522.0,198.0,135.0,6.0,815.0,73.0,0
14.0,1586.0,60.0,216.0,5.0,1334.0,94.0,0
13.0,416.0,261.0,79.0,4.0,1006.0,86.0,0
13.0,96.0,214.0,253.0,1.0,600.0,117.0,0
5.0,2390.0,197.0,139.0,3.0,610.0,100.0,0
14.0,1496.0,60.0,45.0,7.0,1340.0,81.0,0
15.0,921.0,45.0,241.0,7.0,1145.0,165.0,1
15.0,1198.0,33.0,217.0,5.0,550.0,240.0,0
5.0,2699.0,197.0,217.0,7.0,685.0,204.0,1
2.0,17.0,183.0,252.0,4.0,495.0,400.0,1
8.0,202.0,48.0,16.0,4.0,664.0,109.0,0
0.0,4390.0,85.0,20.0,3.0,625.0,84.0,1
6.0,5027.0,187.0,16.0,3.0,360.0,130.0,0
15.0,1138.0,153.0,258.0,5.0,1145.0,85.0,1
5.0,1307.0,16.0,244.0,6.0,920.0,163.0,0
15.0,1252.0,79.0,262.0,5.0,1185.0,165.0,1
15.0,2824.0,18.0,33.0,6.0,805.0,115.0,1
15.0,252.0,175.0,264.0,7.0,705.0,265.0,1
4.0,374.0,243.0,135.0,6.0,695.0,184.0,0
10.0,3310.0,80.0,56.0,1.0,830.0,120.0,0
15.0,1600.0,45.0,27.0,5.0,1220.0,130.0,0
12.0,4718.0,112.0,197.0,3.0,1018.0,71.0,0
0.0,4148.0,71.0,33.0,4.0,460.0,66.0,0
11.0,6330.0,16.0,278.0,1.0,596.0,76.0,1
1.0,1917.0,148.0,173.0,6.0,935.0,185.0,0
15.0,151.0,262.0,243.0,5.0,810.0,85.0,1
17.0,7258.0,273.0,208.0,3.0,410.0,140.0,0
6.0,5438.0,162.0,177.0,6.0,700.0,62.0,0
10.0,3606.0,16.0,183.0,7.0,590.0,130.0,1
15.0,3485.0,33.0,173.0,3.0,465.0,110.0,1
5.0,2098.0,244.0,16.0,7.0,1052.0,137.0,1
10.0,4244.0,84.0,208.0,1.0,540.0,80.0,0
12.0,3072.0,139.0,184.0,4.0,610.0,63.0,0
1.0,1512.0,253.0,208.0,6.0,670.0,255.0,1
15.0,633.0,91.0,217.0,6.0,480.0,80.0,0
5.0,2235.0,197.0,107.0,5.0,1170.0,60.0,1
16.0,2539.0,234.0,135.0,1.0,1082.0,200.0,0
12.0,7026.0,154.0,100.0,3.0,816.0,69.0,1
6.0,5074.0,16.0,69.0,5.0,964.0,84.0,0
6.0,5195.0,16.0,167.0,5.0,650.0,86.0,1
14.0,1124.0,60.0,159.0,5.0,1205.0,110.0,1
0.0,3967.0,148.0,12.0,4.0,1310.0,95.0,1
10.0,2741.0,80.0,158.0,7.0,910.0,75.0,0
13.0,551.0,208.0,153.0,4.0,715.0,249.0,0
15.0,2978.0,134.0,175.0,1.0,545.0,125.0,0
1.0,1104.0,268.0,159.0,5.0,890.0,140.0,0
1.0,1649.0,80.0,207.0,1.0,795.0,190.0,1
10.0,3634.0,60.0,183.0,5.0,580.0,135.0,0
16.0,5934.0,48.0,208.0,6.0,747.0,90.0,1
15.0,3836.0,261.0,154.0,5.0,715.0,120.0,1
8.0,677.0,184.0,173.0,3.0,977.0,164.0,1
13.0,226.0,253.0,35.0,5.0,360.0,342.0,0
1.0,1858.0,91.0,80.0,5.0,1070.0,100.0,0
1.0,1196.0,154.0,208.0,7.0,585.0,245.0,0
5.0,2437.0,60.0,16.0,6.0,360.0,82.0,0
15.0,1187.0,207.0,258.0,6.0,895.0,70.0,1
14.0,945.0,234.0,60.0,6.0,560.0,87.0,0
13.0,745.0,79.0,214.0,5.0,1125.0,177.0,0
14.0,1507.0,45.0,60.0,5.0,420.0,97.0,1
4.0,39.0,96.0,135.0,4.0,990.0,233.0,1
15.0,1636.0,204.0,45.0,5.0,525.0,165.0,1
17.0,2967.0,253.0,153.0,3.0,720.0,92.0,0
9.0,260.0,128.0,143.0,5.0,891.0,52.0,0
3.0,1411.0,173.0,18.0,6.0,775.0,169.0,0
13.0,906.0,253.0,208.0,3.0,655.0,256.0,0
12.0,4793.0,224.0,261.0,6.0,325.0,90.0,0
15.0,40.0,75.0,172.0,4.0,1045.0,90.0,1
16.0,2307.0,96.0,268.0,5.0,1255.0,179.0,1
15.0,437.0,173.0,251.0,3.0,500.0,130.0,0
5.0,2238.0,16.0,78.0,5.0,800.0,97.0,0
15.0,3851.0,268.0,104.0,3.0,795.0,160.0,1
1.0,1175.0,80.0,197.0,5.0,945.0,145.0,1
5.0,1468.0,16.0,85.0,6.0,445.0,118.0,1
10.0,3344.0,80.0,223.0,4.0,815.0,100.0,1
1.0,1787.0,148.0,277.0,3.0,1020.0,185.0,1
10.0,3344.0,80.0,223.0,6.0,815.0,100.0,0
15.0,910.0,153.0,33.0,4.0,680.0,210.0,1
0.0,4245.0,175.0,85.0,7.0,840.0,87.0,1
15.0,2006.0,277.0,221.0,1.0,620.0,140.0,0
5.0,2120.0,208.0,85.0,1.0,420.0,90.0,1
5.0,2706.0,253.0,197.0,6.0,915.0,215.0,0
15.0,1752.0,253.0,243.0,7.0,530.0,85.0,0
5.0,1929.0,16.0,252.0,5.0,600.0,340.0,0
14.0,460.0,217.0,139.0,1.0,595.0,207.0,0
13.0,178.0,154.0,208.0,3.0,584.0,240.0,0
10.0,4269.0,208.0,61.0,3.0,745.0,75.0,0
15.0,121.0,154.0,175.0,5.0,1080.0,230.0,1
13.0,498.0,79.0,80.0,5.0,1082.0,119.0,0
15.0,3762.0,243.0,153.0,4.0,800.0,70.0,1
5.0,1211.0,85.0,197.0,7.0,445.0,125.0,0
8.0,968.0,16.0,7.0,7.0,1260.0,116.0,0
4.0,209.0,135.0,214.0,7.0,1270.0,274.0,1
16.0,2483.0,158.0,135.0,4.0,1030.0,70.0,0
15.0,983.0,216.0,277.0,4.0,455.0,180.0,0
11.0,6692.0,135.0,148.0,1.0,485.0,214.0,0
11.0,6363.0,134.0,71.0,3.0,675.0,104.0,0
12.0,6768.0,79.0,145.0,4.0,1162.0,88.0,0
14.0,1678.0,277.0,78.0,1.0,435.0,125.0,0
5.0,1504.0,172.0,85.0,7.0,360.0,118.0,0
3.0,917.0,148.0,208.0,7.0,990.0,170.0,1
13.0,935.0,154.0,128.0,5.0,995.0,359.0,0
5.0,1117.0,85.0,153.0,4.0,1295.0,267.0,0
14.0,231.0,217.0,85.0,3.0,595.0,238.0,0
8.0,359.0,159.0,16.0,5.0,360.0,161.0,0
2.0,588.0,214.0,264.0,3.0,1170.0,141.0,0
16.0,5927.0,136.0,208.0,3.0,435.0,110.0,1
6.0,4992.0,36.0,16.0,5.0,770.0,79.0,1
5.0,2822.0,217.0,85.0,7.0,733.0,232.0,0
5.0,1518.0,173.0,16.0,7.0,330.0,84.0,0
4.0,1687.0,173.0,135.0,3.0,1075.0,152.0,0
10.0,2942.0,80.0,62.0,4.0,1130.0,115.0,0
10.0,4537.0,233.0,148.0,5.0,1030.0,105.0,0
14.0,701.0,216.0,154.0,3.0,1080.0,369.0,1
10.0,2784.0,80.0,284.0,1.0,585.0,45.0,0
15.0,733.0,153.0,173.0,3.0,985.0,265.0,1
1.0,1723.0,45.0,183.0,7.0,370.0,160.0,0
4.0,482.0,135.0,35.0,1.0,795.0,218.0,0
12.0,6696.0,199.0,79.0,4.0,961.0,54.0,0
10.0,4651.0,16.0,159.0,3.0,545.0,135.0,0
14.0,707.0,216.0,208.0,5.0,1075.0,150.0,0
0.0,3795.0,247.0,71.0,3.0,360.0,60.0,1
16.0,2854.0,80.0,58.0,7.0,890.0,150.0,0
16.0,2877.0,96.0,197.0,5.0,1200.0,194.0,1
15.0,2260.0,45.0,43.0,6.0,1175.0,70.0,1
15.0,3512.0,79.0,268.0,3.0,555.0,120.0,0
5.0,319.0,16.0,233.0,7.0,900.0,87.0,0
3.0,1065.0,148.0,18.0,1.0,756.0,252.0,1
14.0,2133.0,35.0,159.0,5.0,900.0,76.0,0
15.0,1796.0,198.0,217.0,6.0,845.0,220.0,1
0.0,3929.0,21.0,197.0,3.0,445.0,106.0,0
0.0,4015.0,221.0,85.0,6.0,1036.0,84.0,1
13.0,552.0,134.0,35.0,5.0,1135.0,102.0,0
0.0,3735.0,85.0,0.0,7.0,1305.0,93.0,0
3.0,1119.0,43.0,104.0,7.0,660.0,184.0,0
8.0,989.0,221.0,16.0,6.0,370.0,120.0,0
12.0,4680.0,261.0,93.0,6.0,692.0,115.0,1
14.0,39.0,216.0,154.0,7.0,830.0,359.0,0
5.0,2190.0,16.0,184.0,5.0,634.0,126.0,0
5.0,2154.0,154.0,16.0,1.0,375.0,253.0,1
8.0,556.0,16.0,43.0,6.0,1255.0,119.0,0
0.0,3951.0,184.0,177.0,4.0,1000.0,127.0,0
15.0,45.0,175.0,268.0,7.0,830.0,65.0,1
2.0,18.0,252.0,173.0,5.0,525.0,322.0,0
1.0,1488.0,79.0,183.0,3.0,1435.0,220.0,1
5.0,1920.0,154.0,177.0,1.0,465.0,221.0,0
16.0,2487.0,158.0,135.0,7.0,810.0,57.0,1
14.0,1704.0,60.0,22.0,7.0,1329.0,108.0,0
12.0,6608.0,79.0,195.0,7.0,1163.0,125.0,0
0.0,4007.0,208.0,177.0,3.0,670.0,110.0,1
10.0,3081.0,243.0,154.0,6.0,380.0,45.0,0
11.0,6541.0,71.0,197.0,4.0,915.0,130.0,0
5.0,511.0,16.0,147.0,7.0,510.0,79.0,0
0.0,4399.0,197.0,119.0,4.0,805.0,90.0,0
1.0,591.0,208.0,172.0,4.0,775.0,90.0,0
0.0,3854.0,82.0,197.0,4.0,320.0,58.0,0
13.0,126.0,154.0,208.0,6.0,1402.0,238.0,0
12.0,6950.0,217.0,79.0,5.0,770.0,103.0,1
1.0,731.0,159.0,80.0,7.0,615.0,255.0,1
3.0,1207.0,130.0,241.0,1.0,900.0,189.0,0
4.0,1077.0,216.0,135.0,5.0,1059.0,221.0,1
0.0,4192.0,197.0,117.0,7.0,820.0,71.0,1
3.0,636.0,253.0,35.0,7.0,1273.0,320.0,1
12.0,6321.0,243.0,154.0,1.0,526.0,45.0,0
5.0,1097.0,139.0,16.0,6.0,1027.0,102.0,0
15.0,826.0,214.0,34.0,4.0,960.0,65.0,0
13.0,283.0,79.0,111.0,6.0,1132.0,152.0,0
3.0,332.0,173.0,22.0,5.0,765.0,155.0,0
5.0,1516.0,79.0,16.0,5.0,375.0,170.0,0
16.0,2549.0,96.0,71.0,5.0,389.0,131.0,0
15.0,458.0,202.0,207.0,4.0,420.0,70.0,0
6.0,7095.0,120.0,134.0,3.0,380.0,67.0,0
14.0,1060.0,60.0,78.0,6.0,1189.0,77.0,0
10.0,2958.0,129.0,80.0,5.0,615.0,65.0,0
6.0,5132.0,11.0,16.0,6.0,570.0,72.0,0
3.0,16.0,104.0,148.0,6.0,850.0,170.0,0
16.0,2250.0,228.0,96.0,7.0,858.0,88.0,1
12.0,6322.0,243.0,154.0,4.0,589.0,45.0,0
15.0,895.0,79.0,207.0,7.0,1230.0,140.0,1
4.0,1618.0,96.0,277.0,1.0,890.0,177.0,0
15.0,398.0,154.0,261.0,6.0,1100.0,105.0,0
15.0,1857.0,91.0,75.0,6.0,1010.0,95.0,1
2.0,867.0,252.0,203.0,1.0,985.0,369.0,1
5.0,166.0,277.0,148.0,1.0,741.0,165.0,0
15.0,809.0,216.0,233.0,4.0,450.0,90.0,0
5.0,1299.0,261.0,154.0,6.0,695.0,120.0,1
5.0,2978.0,243.0,261.0,1.0,993.0,108.0,0
14.0,277.0,111.0,217.0,3.0,905.0,156.0,0
15.0,1296.0,129.0,243.0,1.0,620.0,210.0,0
13.0,929.0,208.0,252.0,6.0,920.0,275.0,1
1.0,1841.0,80.0,280.0,3.0,565.0,145.0,1
12.0,7052.0,83.0,79.0,5.0,362.0,76.0,1
10.0,2908.0,94.0,80.0,5.0,675.0,130.0,0
14.0,1190.0,198.0,60.0,3.0,775.0,106.0,1
13.0,407.0,136.0,79.0,4.0,992.0,95.0,0
10.0,3208.0,80.0,118.0,6.0,510.0,45.0,0
15.0,406.0,153.0,217.0,1.0,525.0,70.0,0
12.0,6686.0,65.0,79.0,5.0,1080.0,46.0,1
5.0,1988.0,153.0,177.0,3.0,750.0,196.0,0
12.0,6512.0,57.0,154.0,3.0,360.0,40.0,1
15.0,1592.0,33.0,175.0,5.0,1200.0,85.0,0
12.0,6975.0,208.0,99.0,1.0,587.0,111.0,1
6.0,5073.0,157.0,16.0,4.0,435.0,91.0,0
5.0,2448.0,71.0,241.0,6.0,1140.0,143.0,0
15.0,2116.0,213.0,277.0,7.0,700.0,50.0,0
1.0,456.0,80.0,277.0,4.0,1015.0,135.0,0
10.0,4481.0,78.0,233.0,7.0,899.0,66.0,0
11.0,6769.0,120.0,16.0,7.0,495.0,108.0,0
9.0,161.0,143.0,128.0,4.0,634.0,49.0,1
14.0,702.0,217.0,216.0,5.0,705.0,265.0,0
6.0,5110.0,190.0,16.0,5.0,1100.0,79.0,0
15.0,1006.0,33.0,175.0,4.0,1055.0,90.0,1
1.0,733.0,154.0,153.0,6.0,520.0,70.0,0
14.0,807.0,78.0,217.0,6.0,420.0,320.0,1
3.0,200.0,153.0,148.0,5.0,1435.0,281.0,0
14.0,623.0,217.0,202.0,6.0,1080.0,119.0,0
17.0,7294.0,247.0,208.0,6.0,333.0,46.0,0
11.0,6554.0,268.0,78.0,5.0,864.0,121.0,1
5.0,2899.0,197.0,217.0,4.0,1040.0,210.0,1
15.0,828.0,154.0,262.0,6.0,1200.0,80.0,1
15.0,1134.0,159.0,45.0,4.0,440.0,70.0,1
5.0,329.0,147.0,16.0,1.0,846.0,78.0,0
4.0,647.0,208.0,135.0,5.0,1005.0,169.0,1
4.0,186.0,264.0,96.0,6.0,464.0,310.0,0
16.0,2974.0,135.0,172.0,6.0,630.0,108.0,1
13.0,224.0,134.0,22.0,4.0,531.0,83.0,0
1.0,721.0,80.0,91.0,5.0,815.0,105.0,0
15.0,2264.0,33.0,45.0,1.0,390.0,100.0,1
16.0,2250.0,58.0,228.0,4.0,675.0,92.0,1
12.0,6231.0,93.0,214.0,1.0,853.0,37.0,0
14.0,596.0,236.0,217.0,3.0,975.0,101.0,0
12.0,4675.0,168.0,261.0,1.0,723.0,87.0,0
17.0,7250.0,54.0,208.0,5.0,1061.0,142.0,0
16.0,3007.0,134.0,135.0,1.0,740.0,206.0,0
6.0,5393.0,16.0,157.0,3.0,513.0,76.0,0
0.0,3837.0,85.0,157.0,5.0,925.0,79.0,1
8.0,1271.0,173.0,76.0,5.0,1246.0,133.0,0
15.0,3415.0,243.0,244.0,4.0,570.0,155.0,0
5.0,19.0,159.0,85.0,7.0,635.0,127.0,0
6.0,5019.0,70.0,16.0,1.0,668.0,49.0,0
15.0,160.0,79.0,262.0,1.0,705.0,160.0,1
15.0,652.0,213.0,216.0,6.0,645.0,165.0,0
8.0,887.0,184.0,154.0,3.0,565.0,275.0,0
6.0,5198.0,130.0,16.0,4.0,1140.0,156.0,1
6.0,5226.0,19.0,16.0,6.0,597.0,63.0,0
15.0,1083.0,153.0,34.0,3.0,780.0,105.0,1
13.0,840.0,154.0,208.0,6.0,719.0,241.0,0
17.0,2924.0,18.0,217.0,5.0,375.0,148.0,0
16.0,5893.0,58.0,208.0,7.0,513.0,87.0,0
12.0,6870.0,127.0,79.0,7.0,445.0,113.0,0
13.0,626.0,208.0,216.0,6.0,1099.0,129.0,1
17.0,2661.0,33.0,60.0,5.0,1025.0,76.0,0
12.0,6321.0,243.0,154.0,3.0,526.0,45.0,0
16.0,2059.0,96.0,139.0,5.0,820.0,134.0,0
9.0,508.0,161.0,203.0,5.0,550.0,43.0,0
6.0,5135.0,16.0,87.0,4.0,898.0,75.0,0
5.0,2584.0,261.0,236.0,7.0,695.0,91.0,1
1.0,1196.0,154.0,208.0,5.0,585.0,245.0,0
11.0,6770.0,78.0,139.0,4.0,505.0,122.0,0
16.0,2793.0,135.0,172.0,6.0,835.0,108.0,1
12.0,4826.0,261.0,258.0,7.0,515.0,124.0,0
15.0,1549.0,277.0,139.0,6.0,835.0,140.0,0
15.0,527.0,277.0,139.0,4.0,730.0,140.0,1
15.0,3339.0,252.0,261.0,3.0,885.0,115.0,1
1.0,808.0,80.0,135.0,1.0,725.0,65.0,1
15.0,903.0,202.0,129.0,5.0,445.0,225.0,0
15.0,145.0,44.0,153.0,5.0,605.0,65.0,0
15.0,2180.0,154.0,236.0,6.0,500.0,80.0,0
5.0,1475.0,197.0,2.0,1.0,700.0,170.0,1
15.0,437.0,251.0,175.0,5.0,660.0,70.0,1
14.0,1463.0,60.0,253.0,5.0,1090.0,349.0,0
12.0,6563.0,79.0,15.0,7.0,732.0,44.0,1
16.0,5904.0,233.0,208.0,6.0,1079.0,141.0,1
15.0,1392.0,2.0,75.0,7.0,1110.0,95.0,1
15.0,2524.0,202.0,175.0,4.0,845.0,245.0,1
13.0,109.0,208.0,197.0,6.0,861.0,93.0,0
13.0,845.0,243.0,208.0,3.0,686.0,234.0,0
8.0,729.0,184.0,80.0,4.0,1260.0,150.0,0
14.0,1299.0,174.0,60.0,4.0,725.0,102.0,0
1.0,1860.0,183.0,173.0,6.0,600.0,65.0,0
5.0,2565.0,16.0,214.0,7.0,520.0,337.0,0
14.0,1707.0,268.0,60.0,3.0,450.0,109.0,1
6.0,5490.0,158.0,16.0,7.0,969.0,102.0,0
15.0,3071.0,44.0,153.0,4.0,650.0,60.0,0
15.0,910.0,27.0,75.0,7.0,1115.0,115.0,1
6.0,5061.0,254.0,16.0,3.0,907.0,109.0,1
16.0,2282.0,91.0,135.0,5.0,520.0,115.0,0
15.0,2616.0,172.0,75.0,3.0,1180.0,90.0,0
12.0,6365.0,195.0,208.0,6.0,1034.0,61.0,0
15.0,384.0,175.0,134.0,1.0,630.0,105.0,1
1.0,1631.0,198.0,183.0,6.0,360.0,105.0,0
16.0,3026.0,135.0,172.0,3.0,945.0,114.0,0
6.0,5007.0,16.0,256.0,1.0,655.0,112.0,0
1.0,2036.0,65.0,80.0,3.0,790.0,110.0,0
3.0,346.0,267.0,148.0,1.0,705.0,159.0,0
1.0,2408.0,154.0,80.0,4.0,55.0,170.0,1
1.0,531.0,78.0,268.0,4.0,960.0,135.0,0
15.0,540.0,243.0,217.0,4.0,595.0,70.0,1
14.0,567.0,154.0,217.0,3.0,390.0,80.0,0
1.0,385.0,80.0,91.0,5.0,630.0,105.0,0
15.0,205.0,244.0,175.0,3.0,385.0,155.0,0
10.0,4142.0,208.0,221.0,5.0,730.0,85.0,0
1.0,297.0,154.0,128.0,4.0,995.0,365.0,1
7.0,489.0,173.0,184.0,7.0,1135.0,167.0,0
5.0,1131.0,18.0,16.0,4.0,1113.0,136.0,0
15.0,756.0,75.0,18.0,1.0,615.0,50.0,1
1.0,589.0,80.0,204.0,1.0,1000.0,55.0,0
10.0,4179.0,193.0,208.0,5.0,585.0,85.0,0
1.0,1700.0,183.0,260.0,1.0,875.0,145.0,0
6.0,5046.0,16.0,11.0,4.0,615.0,69.0,0
11.0,6750.0,198.0,197.0,5.0,1080.0,171.0,0
13.0,977.0,134.0,79.0,1.0,499.0,255.0,0
15.0,2007.0,197.0,175.0,4.0,1180.0,90.0,0
14.0,1631.0,78.0,60.0,6.0,419.0,95.0,1
16.0,2572.0,135.0,54.0,1.0,820.0,131.0,1
5.0,1806.0,154.0,85.0,7.0,805.0,270.0,1
12.0,6373.0,246.0,154.0,1.0,688.0,48.0,1
11.0,6280.0,71.0,221.0,1.0,680.0,71.0,1
12.0,7043.0,79.0,65.0,4.0,906.0,33.0,1
5.0,2115.0,16.0,116.0,4.0,965.0,84.0,0
2.0,527.0,44.0,252.0,7.0,420.0,160.0,1
14.0,1455.0,60.0,253.0,5.0,580.0,349.0,0
15.0,583.0,261.0,79.0,6.0,1000.0,85.0,0
1.0,364.0,80.0,213.0,5.0,1180.0,150.0,1
17.0,2617.0,177.0,60.0,5.0,455.0,102.0,0
14.0,942.0,253.0,60.0,7.0,1340.0,284.0,1
12.0,7023.0,253.0,6.0,4.0,852.0,79.0,1
1.0,677.0,80.0,214.0,3.0,1020.0,255.0,0
17.0,1025.0,128.0,161.0,5.0,910.0,37.0,0
5.0,1787.0,45.0,197.0,4.0,1110.0,168.0,0
5.0,1145.0,16.0,198.0,1.0,445.0,100.0,0
15.0,680.0,75.0,18.0,4.0,525.0,55.0,1
6.0,5205.0,251.0,16.0,4.0,830.0,94.0,0
14.0,1543.0,159.0,60.0,1.0,885.0,126.0,0
12.0,6979.0,208.0,107.0,5.0,1023.0,101.0,0
10.0,2921.0,157.0,80.0,4.0,1025.0,155.0,0
17.0,2861.0,217.0,103.0,5.0,1065.0,60.0,0
12.0,6944.0,208.0,85.0,7.0,664.0,73.0,1
2.0,70.0,14.0,149.0,4.0,1185.0,105.0,0
14.0,1780.0,60.0,78.0,3.0,1331.0,71.0,1
13.0,275.0,208.0,172.0,3.0,1052.0,98.0,1
5.0,1543.0,135.0,16.0,3.0,830.0,119.0,1
12.0,6604.0,261.0,79.0,3.0,447.0,98.0,0
15.0,1783.0,45.0,104.0,4.0,835.0,160.0,1
15.0,2893.0,27.0,173.0,6.0,845.0,90.0,1
15.0,3938.0,173.0,221.0,6.0,605.0,135.0,0
13.0,290.0,262.0,134.0,7.0,460.0,295.0,0
5.0,2316.0,153.0,85.0,4.0,685.0,244.0,0
16.0,5986.0,99.0,208.0,4.0,360.0,112.0,0
5.0,2147.0,182.0,16.0,5.0,420.0,184.0,0
7.0,110.0,79.0,197.0,1.0,400.0,117.0,0
1.0,1124.0,183.0,159.0,3.0,585.0,165.0,0
10.0,3251.0,80.0,256.0,4.0,1345.0,50.0,1
8.0,256.0,106.0,16.0,5.0,1089.0,125.0,0
0.0,4138.0,85.0,84.0,6.0,535.0,116.0,1
10.0,4041.0,32.0,208.0,6.0,995.0,55.0,0
15.0,3138.0,243.0,244.0,7.0,900.0,155.0,1
4.0,520.0,135.0,217.0,4.0,1070.0,175.0,1
2.0,458.0,252.0,154.0,1.0,540.0,154.0,0
0.0,4347.0,197.0,164.0,7.0,1315.0,81.0,0
8.0,292.0,129.0,16.0,7.0,1019.0,112.0,0
15.0,1934.0,79.0,197.0,6.0,1090.0,120.0,1
4.0,250.0,135.0,233.0,7.0,1145.0,149.0,1
5.0,2524.0,128.0,16.0,3.0,1060.0,515.0,1
14.0,1085.0,153.0,60.0,6.0,390.0,245.0,0
13.0,649.0,79.0,172.0,7.0,942.0,89.0,0
5.0,1922.0,85.0,35.0,3.0,590.0,112.0,1
1.0,1514.0,207.0,80.0,5.0,920.0,170.0,0
4.0,1787.0,135.0,80.0,7.0,955.0,70.0,0
5.0,246.0,154.0,148.0,6.0,390.0,320.0,0
1.0,690.0,183.0,233.0,5.0,1235.0,120.0,1
1.0,1873.0,173.0,183.0,6.0,1220.0,65.0,1
15.0,1599.0,129.0,79.0,5.0,1155.0,155.0,1
10.0,3394.0,41.0,80.0,4.0,1195.0,90.0,0
15.0,1903.0,129.0,79.0,6.0,685.0,150.0,0
15.0,702.0,198.0,129.0,3.0,1045.0,75.0,1
4.0,467.0,135.0,252.0,3.0,1260.0,284.0,1
10.0,4007.0,208.0,61.0,7.0,940.0,75.0,0
3.0,709.0,148.0,260.0,6.0,960.0,239.0,1
15.0,1814.0,173.0,182.0,4.0,1160.0,165.0,0
16.0,2690.0,172.0,58.0,5.0,445.0,112.0,0
5.0,2427.0,16.0,104.0,6.0,1215.0,112.0,1
17.0,2601.0,60.0,18.0,3.0,555.0,179.0,1
14.0,373.0,60.0,80.0,4.0,1331.0,163.0,0
11.0,6327.0,71.0,119.0,7.0,565.0,74.0,0
1.0,735.0,78.0,183.0,5.0,1090.0,160.0,0
1.0,1061.0,148.0,183.0,7.0,430.0,208.0,1
9.0,525.0,203.0,128.0,5.0,645.0,34.0,0
14.0,977.0,216.0,213.0,4.0,735.0,159.0,1
11.0,6643.0,35.0,78.0,1.0,395.0,110.0,1
15.0,1543.0,129.0,173.0,6.0,665.0,130.0,1
13.0,68.0,154.0,208.0,5.0,365.0,243.0,0
4.0,45.0,96.0,183.0,3.0,990.0,190.0,1
8.0,1098.0,173.0,139.0,7.0,1120.0,139.0,0
6.0,5496.0,53.0,16.0,5.0,1020.0,104.0,0
1.0,2282.0,80.0,35.0,4.0,1185.0,205.0,1
4.0,547.0,208.0,135.0,6.0,835.0,152.0,1
5.0,166.0,277.0,148.0,6.0,741.0,165.0,0
6.0,7135.0,134.0,54.0,1.0,481.0,101.0,0
1.0,1636.0,91.0,80.0,7.0,570.0,105.0,0
1.0,511.0,80.0,65.0,1.0,690.0,115.0,0
12.0,6343.0,264.0,253.0,5.0,633.0,85.0,0
12.0,6525.0,18.0,208.0,1.0,1010.0,155.0,1
8.0,289.0,16.0,129.0,7.0,900.0,139.0,0
10.0,2841.0,80.0,84.0,5.0,555.0,110.0,0
3.0,777.0,35.0,153.0,6.0,1176.0,361.0,0
8.0,875.0,16.0,197.0,3.0,813.0,154.0,1
13.0,732.0,252.0,208.0,1.0,370.0,242.0,0
8.0,1261.0,157.0,104.0,4.0,955.0,145.0,0
15.0,497.0,228.0,45.0,3.0,650.0,80.0,0
1.0,395.0,183.0,80.0,3.0,645.0,200.0,0
16.0,2157.0,96.0,147.0,1.0,750.0,154.0,1
1.0,556.0,243.0,208.0,6.0,725.0,250.0,1
8.0,225.0,153.0,184.0,6.0,1439.0,205.0,0
5.0,108.0,173.0,16.0,6.0,930.0,93.0,0
3.0,55.0,42.0,148.0,5.0,1141.0,89.0,0
2.0,23.0,208.0,252.0,4.0,930.0,275.0,0
8.0,265.0,184.0,78.0,7.0,611.0,109.0,0
17.0,2937.0,60.0,268.0,4.0,679.0,120.0,0
16.0,2693.0,58.0,76.0,3.0,1255.0,49.0,1
12.0,4785.0,251.0,197.0,3.0,800.0,125.0,0
10.0,3041.0,154.0,243.0,7.0,600.0,40.0,0
10.0,2722.0,84.0,80.0,4.0,1085.0,125.0,0
6.0,5506.0,180.0,16.0,4.0,950.0,64.0,0
14.0,949.0,60.0,233.0,3.0,682.0,48.0,1
6.0,5415.0,52.0,16.0,4.0,657.0,53.0,1
8.0,58.0,154.0,16.0,7.0,1385.0,250.0,1
0.0,4124.0,71.0,96.0,1.0,815.0,126.0,1
15.0,2092.0,45.0,172.0,1.0,455.0,180.0,0
15.0,160.0,262.0,207.0,3.0,835.0,75.0,1
8.0,428.0,16.0,223.0,7.0,620.0,74.0,0
6.0,7066.0,208.0,47.0,7.0,807.0,109.0,1
16.0,2008.0,135.0,147.0,6.0,990.0,113.0,0
16.0,2527.0,96.0,120.0,3.0,727.0,101.0,0
5.0,2112.0,27.0,16.0,6.0,330.0,58.0,0
10.0,2796.0,119.0,80.0,6.0,350.0,175.0,0
12.0,7040.0,79.0,110.0,5.0,1160.0,89.0,0
0.0,4229.0,148.0,78.0,3.0,515.0,115.0,1
2.0,73.0,149.0,14.0,5.0,455.0,107.0,1
5.0,2256.0,197.0,85.0,1.0,828.0,102.0,1
5.0,2612.0,277.0,197.0,3.0,845.0,205.0,0
15.0,327.0,153.0,252.0,3.0,635.0,165.0,1
10.0,2795.0,80.0,54.0,4.0,1100.0,140.0,0
16.0,2443.0,96.0,234.0,6.0,765.0,74.0,0
15.0,2903.0,258.0,243.0,4.0,395.0,80.0,1
15.0,945.0,228.0,216.0,7.0,565.0,80.0,0
10.0,2950.0,80.0,156.0,4.0,1140.0,70.0,0
0.0,4342.0,277.0,233.0,3.0,1005.0,110.0,1
15.0,3042.0,198.0,33.0,6.0,570.0,85.0,0
1.0,144.0,154.0,134.0,7.0,865.0,290.0,1
12.0,6441.0,76.0,79.0,5.0,978.0,186.0,0
17.0,2691.0,96.0,60.0,6.0,1109.0,118.0,0
5.0,1897.0,197.0,244.0,4.0,1050.0,183.0,0
12.0,6378.0,246.0,253.0,6.0,503.0,81.0,0
6.0,5403.0,119.0,177.0,6.0,400.0,122.0,0
14.0,1022.0,60.0,234.0,6.0,1220.0,68.0,0
11.0,6367.0,16.0,71.0,7.0,725.0,87.0,0
6.0,5153.0,200.0,16.0,7.0,832.0,87.0,0
5.0,1558.0,128.0,154.0,4.0,1300.0,322.0,0
10.0,4523.0,35.0,159.0,4.0,990.0,80.0,0
15.0,2837.0,154.0,153.0,6.0,1005.0,65.0,1
6.0,5276.0,52.0,16.0,1.0,520.0,60.0,0
0.0,3823.0,197.0,221.0,1.0,825.0,126.0,1
17.0,2762.0,280.0,217.0,6.0,480.0,54.0,0
16.0,3064.0,54.0,96.0,4.0,740.0,118.0,1
11.0,6546.0,85.0,171.0,5.0,940.0,59.0,0
13.0,755.0,173.0,134.0,4.0,545.0,132.0,0
16.0,5898.0,208.0,237.0,5.0,874.0,95.0,0
16.0,2287.0,96.0,177.0,7.0,970.0,179.0,1
14.0,1909.0,159.0,60.0,1.0,785.0,122.0,0
4.0,1401.0,96.0,104.0,7.0,550.0,195.0,0
12.0,7780.0,271.0,261.0,4.0,410.0,64.0,0
14.0,1109.0,148.0,60.0,1.0,720.0,124.0,0
12.0,6616.0,79.0,83.0,6.0,864.0,62.0,1
12.0,6448.0,280.0,154.0,3.0,653.0,92.0,0
17.0,7252.0,233.0,208.0,6.0,684.0,135.0,1
4.0,33.0,135.0,198.0,3.0,925.0,66.0,1
1.0,1056.0,279.0,80.0,1.0,360.0,70.0,0
4.0,223.0,14.0,252.0,4.0,49.0,201.0,1
15.0,1499.0,175.0,268.0,3.0,530.0,70.0,1
12.0,3046.0,184.0,84.0,6.0,740.0,68.0,1
1.0,117.0,148.0,154.0,7.0,825.0,370.0,0
6.0,5153.0,200.0,16.0,6.0,832.0,87.0,0
15.0,956.0,43.0,175.0,1.0,1055.0,115.0,1
4.0,1832.0,135.0,159.0,7.0,715.0,200.0,0
6.0,5260.0,16.0,53.0,6.0,597.0,100.0,1
5.0,2655.0,177.0,252.0,4.0,524.0,291.0,1
1.0,2059.0,80.0,261.0,7.0,1255.0,170.0,1
0.0,3983.0,85.0,61.0,3.0,725.0,58.0,1
15.0,708.0,18.0,258.0,3.0,955.0,235.0,0
16.0,5991.0,290.0,208.0,1.0,360.0,105.0,0
15.0,1061.0,2.0,154.0,1.0,490.0,125.0,0
15.0,1264.0,129.0,175.0,3.0,1005.0,145.0,1
12.0,4742.0,197.0,58.0,6.0,1155.0,115.0,0
1.0,1678.0,80.0,45.0,7.0,500.0,170.0,1
15.0,1434.0,35.0,175.0,7.0,750.0,170.0,0
15.0,864.0,79.0,243.0,4.0,1300.0,145.0,0
1.0,2042.0,80.0,104.0,5.0,385.0,150.0,0
5.0,1862.0,85.0,216.0,1.0,835.0,99.0,0
15.0,1618.0,268.0,216.0,1.0,970.0,130.0,1
10.0,4059.0,208.0,32.0,7.0,1195.0,50.0,1
5.0,2393.0,85.0,197.0,1.0,730.0,122.0,1
15.0,530.0,175.0,61.0,4.0,985.0,65.0,1
10.0,3343.0,68.0,80.0,7.0,845.0,80.0,1
15.0,2961.0,79.0,214.0,4.0,1195.0,180.0,0
5.0,1673.0,16.0,183.0,3.0,886.0,114.0,0
5.0,2072.0,16.0,197.0,6.0,960.0,165.0,0
1.0,1360.0,80.0,78.0,5.0,440.0,160.0,0
13.0,380.0,198.0,134.0,3.0,1058.0,153.0,0
5.0,1413.0,61.0,197.0,5.0,1150.0,116.0,1
16.0,2985.0,96.0,85.0,6.0,1205.0,122.0,0
15.0,2705.0,45.0,61.0,4.0,1210.0,80.0,1
3.0,67.0,43.0,148.0,5.0,841.0,87.0,0
5.0,748.0,147.0,16.0,3.0,695.0,75.0,0
15.0,8.0,75.0,172.0,5.0,555.0,85.0,0
17.0,2831.0,244.0,217.0,7.0,1125.0,154.0,1
11.0,6269.0,159.0,205.0,7.0,1200.0,212.0,0
15.0,619.0,153.0,221.0,5.0,985.0,250.0,1
8.0,1203.0,175.0,241.0,5.0,810.0,164.0,0
11.0,6469.0,16.0,120.0,3.0,645.0,86.0,0
9.0,138.0,128.0,150.0,5.0,687.0,43.0,0
1.0,2222.0,253.0,80.0,6.0,565.0,210.0,1
16.0,2476.0,96.0,71.0,7.0,809.0,128.0,1
5.0,1484.0,172.0,85.0,4.0,828.0,120.0,1
9.0,323.0,128.0,161.0,5.0,1306.0,36.0,0
5.0,1202.0,213.0,16.0,7.0,738.0,112.0,0
0.0,3714.0,84.0,85.0,7.0,820.0,115.0,1
1.0,1208.0,277.0,208.0,5.0,505.0,170.0,0
8.0,495.0,45.0,60.0,7.0,515.0,85.0,0
2.0,51.0,98.0,39.0,3.0,1088.0,87.0,1
15.0,945.0,233.0,217.0,7.0,785.0,305.0,1
15.0,1579.0,217.0,207.0,6.0,695.0,75.0,1
10.0,3604.0,71.0,183.0,3.0,430.0,170.0,0
12.0,6984.0,208.0,244.0,1.0,1079.0,176.0,1
6.0,5033.0,273.0,16.0,5.0,940.0,148.0,1
7.0,766.0,153.0,79.0,1.0,420.0,110.0,0
4.0,427.0,243.0,96.0,4.0,790.0,307.0,0
12.0,3099.0,184.0,139.0,4.0,460.0,64.0,1
17.0,7251.0,208.0,228.0,5.0,527.0,127.0,0
1.0,707.0,159.0,80.0,5.0,420.0,250.0,0
13.0,84.0,128.0,154.0,5.0,1299.0,332.0,0
1.0,827.0,208.0,258.0,3.0,1140.0,280.0,1
1.0,16.0,253.0,148.0,7.0,750.0,335.0,0
14.0,583.0,217.0,111.0,6.0,686.0,176.0,0
17.0,2630.0,60.0,134.0,4.0,970.0,83.0,1
15.0,1312.0,153.0,154.0,7.0,825.0,65.0,1
15.0,52.0,129.0,75.0,4.0,1140.0,60.0,1
12.0,6575.0,179.0,253.0,6.0,642.0,75.0,0
0.0,4263.0,71.0,172.0,3.0,565.0,120.0,0
15.0,1199.0,204.0,129.0,1.0,375.0,85.0,1
8.0,241.0,16.0,234.0,4.0,1059.0,91.0,0
6.0,5421.0,16.0,115.0,6.0,655.0,77.0,0
1.0,1981.0,16.0,80.0,3.0,705.0,150.0,0
15.0,1057.0,79.0,129.0,1.0,1015.0,140.0,0
1.0,2069.0,183.0,197.0,3.0,1150.0,230.0,1
10.0,4604.0,159.0,233.0,4.0,1265.0,100.0,0
1.0,1554.0,244.0,80.0,4.0,965.0,70.0,0
15.0,571.0,154.0,79.0,6.0,690.0,135.0,1
16.0,2862.0,135.0,184.0,5.0,1195.0,153.0,0
15.0,1568.0,243.0,268.0,5.0,635.0,210.0,1
10.0,4590.0,197.0,159.0,1.0,375.0,164.0,0
6.0,5013.0,177.0,41.0,3.0,860.0,75.0,0
1.0,1954.0,154.0,253.0,6.0,890.0,80.0,0
4.0,1688.0,135.0,85.0,5.0,965.0,165.0,0
12.0,6338.0,154.0,243.0,1.0,966.0,47.0,0
12.0,6432.0,208.0,177.0,3.0,965.0,101.0,0
4.0,1632.0,135.0,159.0,5.0,1060.0,200.0,1
12.0,4691.0,197.0,61.0,7.0,935.0,108.0,1
12.0,4474.0,192.0,197.0,5.0,410.0,82.0,0
1.0,1216.0,244.0,80.0,1.0,500.0,70.0,1
15.0,43.0,75.0,129.0,4.0,1020.0,60.0,0
10.0,4111.0,208.0,60.0,7.0,1200.0,115.0,0
6.0,4947.0,16.0,47.0,7.0,905.0,64.0,1
12.0,6452.0,100.0,154.0,7.0,511.0,70.0,1
0.0,4369.0,209.0,85.0,4.0,975.0,123.0,0
14.0,881.0,60.0,104.0,1.0,705.0,127.0,0
10.0,2963.0,56.0,80.0,4.0,360.0,140.0,0
5.0,2868.0,197.0,117.0,3.0,625.0,66.0,0
15.0,3501.0,197.0,175.0,1.0,480.0,95.0,0
4.0,216.0,96.0,198.0,4.0,1200.0,214.0,0
5.0,1900.0,16.0,35.0,3.0,675.0,154.0,0
13.0,436.0,264.0,208.0,3.0,500.0,235.0,1
5.0,1496.0,79.0,197.0,7.0,550.0,121.0,0
8.0,820.0,35.0,45.0,5.0,630.0,90.0,0
5.0,2206.0,87.0,16.0,7.0,1042.0,78.0,0
15.0,1559.0,173.0,241.0,6.0,765.0,50.0,1
15.0,2986.0,131.0,129.0,4.0,1155.0,60.0,0
15.0,1351.0,27.0,173.0,6.0,565.0,90.0,0
12.0,6891.0,79.0,196.0,6.0,1123.0,122.0,0
4.0,1137.0,96.0,80.0,3.0,960.0,244.0,1
2.0,128.0,98.0,252.0,7.0,80.0,206.0,0
11.0,6641.0,120.0,85.0,5.0,757.0,112.0,0
15.0,843.0,268.0,2.0,5.0,760.0,165.0,0
3.0,1012.0,148.0,35.0,6.0,390.0,65.0,1
11.0,6582.0,208.0,148.0,4.0,870.0,160.0,1
4.0,627.0,45.0,135.0,5.0,480.0,200.0,1
5.0,2181.0,16.0,198.0,5.0,1045.0,100.0,0
15.0,1979.0,243.0,258.0,3.0,530.0,80.0,1
9.0,332.0,128.0,143.0,5.0,425.0,50.0,0
3.0,109.0,43.0,148.0,5.0,485.0,84.0,0
5.0,487.0,159.0,213.0,6.0,845.0,179.0,1
10.0,4236.0,177.0,208.0,6.0,455.0,120.0,0
4.0,1590.0,135.0,183.0,5.0,450.0,143.0,0
8.0,460.0,16.0,45.0,7.0,545.0,105.0,0
15.0,704.0,34.0,261.0,4.0,645.0,60.0,1
10.0,2959.0,256.0,80.0,1.0,945.0,60.0,0
5.0,1977.0,208.0,16.0,5.0,1083.0,126.0,1
15.0,606.0,233.0,216.0,7.0,490.0,80.0,0
13.0,875.0,136.0,79.0,7.0,398.0,96.0,0
5.0,1275.0,148.0,261.0,4.0,565.0,325.0,0
15.0,669.0,154.0,202.0,3.0,540.0,75.0,0
15.0,1992.0,75.0,244.0,3.0,425.0,65.0,1
10.0,2714.0,245.0,80.0,3.0,975.0,180.0,1
10.0,2835.0,80.0,146.0,1.0,995.0,75.0,0
12.0,4784.0,236.0,261.0,7.0,983.0,80.0,0
15.0,218.0,258.0,44.0,3.0,1050.0,60.0,1
5.0,72.0,16.0,148.0,5.0,745.0,145.0,0
1.0,1004.0,183.0,78.0,1.0,815.0,145.0,0
12.0,6609.0,152.0,208.0,1.0,1093.0,71.0,0
5.0,2650.0,252.0,261.0,6.0,807.0,114.0,0
1.0,1028.0,79.0,80.0,1.0,1040.0,120.0,0
15.0,827.0,216.0,33.0,7.0,540.0,145.0,1
3.0,279.0,153.0,160.0,7.0,500.0,65.0,0
16.0,2644.0,116.0,135.0,7.0,360.0,79.0,0
2.0,645.0,217.0,252.0,3.0,725.0,195.0,1
15.0,760.0,228.0,175.0,1.0,390.0,165.0,1
12.0,6415.0,154.0,248.0,7.0,1355.0,61.0,0
3.0,347.0,148.0,267.0,7.0,809.0,182.0,0
4.0,1659.0,135.0,80.0,4.0,1045.0,65.0,0
1.0,2079.0,208.0,243.0,3.0,510.0,260.0,1
1.0,319.0,159.0,208.0,6.0,600.0,170.0,0
15.0,1107.0,268.0,173.0,5.0,485.0,140.0,1
10.0,3004.0,79.0,154.0,4.0,445.0,160.0,0
12.0,4849.0,197.0,177.0,5.0,1165.0,119.0,1
12.0,6298.0,236.0,253.0,3.0,805.0,67.0,0
16.0,2048.0,135.0,80.0,1.0,895.0,68.0,0
10.0,3081.0,243.0,154.0,3.0,380.0,45.0,0
10.0,4077.0,0.0,208.0,1.0,365.0,140.0,0
16.0,2639.0,279.0,135.0,5.0,885.0,90.0,0
11.0,6595.0,148.0,208.0,4.0,936.0,174.0,1
15.0,2153.0,172.0,153.0,6.0,480.0,195.0,0
12.0,6510.0,154.0,262.0,3.0,1065.0,81.0,0
6.0,5177.0,16.0,52.0,7.0,810.0,48.0,0
15.0,3338.0,258.0,252.0,5.0,420.0,130.0,0
1.0,1413.0,80.0,153.0,6.0,465.0,175.0,1
15.0,554.0,241.0,175.0,1.0,495.0,180.0,0
1.0,808.0,80.0,135.0,5.0,725.0,65.0,1
12.0,4801.0,261.0,236.0,3.0,1020.0,88.0,1
8.0,802.0,35.0,45.0,1.0,865.0,85.0,0
15.0,1839.0,134.0,175.0,1.0,395.0,120.0,0
5.0,1291.0,177.0,16.0,6.0,1032.0,88.0,0
12.0,6528.0,217.0,154.0,6.0,1191.0,83.0,0
15.0,694.0,243.0,2.0,5.0,525.0,105.0,0
8.0,767.0,213.0,16.0,6.0,465.0,115.0,0
6.0,7137.0,47.0,134.0,7.0,1166.0,84.0,0
8.0,752.0,132.0,45.0,6.0,1035.0,111.0,0
10.0,3602.0,54.0,183.0,1.0,925.0,100.0,0
6.0,5023.0,16.0,146.0,4.0,975.0,84.0,0
7.0,144.0,79.0,129.0,6.0,910.0,139.0,0
6.0,4944.0,85.0,48.0,5.0,730.0,58.0,0
12.0,4687.0,137.0,261.0,1.0,410.0,56.0,0
10.0,4067.0,234.0,208.0,1.0,360.0,140.0,0
5.0,208.0,183.0,148.0,1.0,730.0,180.0,0
8.0,1451.0,213.0,130.0,6.0,908.0,166.0,0
12.0,6836.0,208.0,195.0,7.0,558.0,47.0,1
16.0,2908.0,135.0,13.0,1.0,564.0,99.0,0
10.0,3999.0,99.0,208.0,4.0,1000.0,130.0,0
6.0,5334.0,4.0,16.0,7.0,665.0,60.0,0
5.0,2583.0,16.0,261.0,4.0,500.0,265.0,1
12.0,6520.0,208.0,171.0,3.0,785.0,60.0,0
13.0,307.0,45.0,154.0,3.0,1009.0,354.0,1
5.0,326.0,61.0,16.0,5.0,1169.0,105.0,1
12.0,6758.0,79.0,18.0,1.0,954.0,126.0,1
12.0,6940.0,157.0,208.0,7.0,1124.0,89.0,1
10.0,3220.0,223.0,80.0,5.0,840.0,125.0,0
8.0,102.0,16.0,80.0,3.0,986.0,147.0,0
4.0,1495.0,135.0,154.0,7.0,565.0,216.0,1
13.0,3.0,208.0,203.0,6.0,600.0,549.0,1
15.0,360.0,91.0,18.0,4.0,1175.0,85.0,1
12.0,6963.0,79.0,192.0,5.0,1175.0,102.0,0
12.0,6680.0,34.0,79.0,6.0,717.0,108.0,1
15.0,1636.0,75.0,204.0,1.0,455.0,50.0,1
13.0,300.0,79.0,84.0,1.0,754.0,99.0,0
6.0,5036.0,16.0,70.0,4.0,1220.0,45.0,0
17.0,2888.0,217.0,18.0,5.0,790.0,133.0,0
5.0,1105.0,16.0,261.0,5.0,445.0,253.0,0
15.0,1367.0,241.0,173.0,6.0,925.0,50.0,1
10.0,3665.0,221.0,183.0,7.0,390.0,180.0,0
17.0,2730.0,217.0,160.0,6.0,670.0,85.0,0
13.0,356.0,252.0,79.0,3.0,863.0,157.0,0
15.0,2116.0,33.0,172.0,4.0,860.0,105.0,1
13.0,405.0,159.0,79.0,7.0,615.0,270.0,0
5.0,2894.0,148.0,173.0,1.0,750.0,170.0,0
14.0,1182.0,60.0,159.0,1.0,866.0,107.0,0
14.0,1515.0,273.0,60.0,4.0,490.0,137.0,0
10.0,3052.0,154.0,236.0,4.0,1030.0,90.0,0
4.0,1588.0,243.0,135.0,1.0,770.0,187.0,1
0.0,3955.0,155.0,177.0,6.0,355.0,119.0,0
1.0,2303.0,208.0,80.0,7.0,420.0,155.0,1
13.0,107.0,208.0,154.0,5.0,785.0,276.0,0
12.0,6621.0,111.0,79.0,3.0,691.0,134.0,0
12.0,6297.0,227.0,79.0,3.0,684.0,131.0,0
6.0,5501.0,287.0,16.0,4.0,345.0,62.0,0
1.0,1663.0,277.0,183.0,3.0,825.0,65.0,0
8.0,1745.0,173.0,221.0,5.0,1005.0,132.0,1
5.0,2437.0,16.0,244.0,3.0,502.0,166.0,0
15.0,1079.0,233.0,277.0,5.0,715.0,115.0,1
4.0,282.0,135.0,35.0,1.0,470.0,218.0,0
14.0,1583.0,216.0,60.0,4.0,405.0,115.0,1
1.0,392.0,208.0,159.0,3.0,495.0,120.0,1
13.0,106.0,154.0,208.0,4.0,515.0,243.0,1
15.0,903.0,204.0,172.0,1.0,920.0,65.0,1
16.0,5988.0,208.0,58.0,6.0,472.0,71.0,1
8.0,806.0,35.0,45.0,4.0,380.0,93.0,0
8.0,371.0,159.0,16.0,1.0,1060.0,156.0,1
16.0,2943.0,96.0,177.0,4.0,610.0,199.0,0
1.0,1623.0,173.0,80.0,5.0,995.0,180.0,1
12.0,6662.0,194.0,253.0,4.0,1058.0,37.0,1
12.0,4660.0,261.0,196.0,5.0,1297.0,90.0,0
15.0,1657.0,244.0,75.0,3.0,540.0,60.0,0
15.0,588.0,175.0,221.0,5.0,455.0,75.0,0
15.0,525.0,172.0,175.0,7.0,1100.0,80.0,1
15.0,1434.0,268.0,129.0,4.0,980.0,135.0,1
14.0,2143.0,35.0,159.0,5.0,1200.0,74.0,0
15.0,1943.0,173.0,268.0,3.0,885.0,155.0,1
1.0,1288.0,198.0,80.0,7.0,1015.0,100.0,0
5.0,1457.0,261.0,252.0,4.0,845.0,130.0,1
1.0,1347.0,244.0,80.0,6.0,470.0,70.0,0
15.0,1955.0,251.0,175.0,1.0,895.0,70.0,1
10.0,3163.0,154.0,258.0,6.0,920.0,80.0,0
4.0,216.0,96.0,198.0,6.0,1080.0,196.0,0
14.0,679.0,217.0,34.0,4.0,645.0,127.0,0
1.0,1719.0,268.0,154.0,3.0,830.0,250.0,1
12.0,4793.0,224.0,261.0,4.0,325.0,90.0,0
12.0,4785.0,251.0,197.0,6.0,800.0,125.0,0
1.0,1331.0,172.0,80.0,3.0,365.0,105.0,0
15.0,292.0,153.0,228.0,5.0,845.0,300.0,0
2.0,514.0,252.0,264.0,7.0,990.0,157.0,0
12.0,6972.0,24.0,154.0,7.0,549.0,52.0,0
5.0,1624.0,16.0,45.0,6.0,1065.0,114.0,1
16.0,3130.0,78.0,96.0,5.0,410.0,63.0,0
5.0,2071.0,252.0,261.0,6.0,430.0,131.0,0
5.0,2048.0,85.0,159.0,4.0,600.0,108.0,0
10.0,2717.0,239.0,80.0,7.0,445.0,85.0,0
12.0,6457.0,253.0,264.0,7.0,755.0,89.0,1
10.0,3384.0,54.0,80.0,6.0,460.0,190.0,0
1.0,1972.0,253.0,208.0,4.0,610.0,255.0,0
2.0,20.0,252.0,208.0,6.0,520.0,235.0,1
16.0,2202.0,60.0,96.0,4.0,650.0,105.0,1
16.0,2658.0,58.0,228.0,7.0,960.0,93.0,0
6.0,5199.0,16.0,52.0,7.0,1372.0,40.0,1
15.0,582.0,252.0,258.0,3.0,1185.0,125.0,1
8.0,930.0,16.0,147.0,7.0,545.0,67.0,0
10.0,4373.0,62.0,208.0,7.0,555.0,55.0,0
1.0,761.0,208.0,268.0,6.0,725.0,65.0,1
14.0,1680.0,277.0,78.0,3.0,520.0,124.0,0
15.0,5.0,173.0,228.0,4.0,840.0,155.0,0
14.0,1452.0,60.0,148.0,4.0,565.0,115.0,0
17.0,2818.0,217.0,84.0,3.0,1190.0,179.0,0
5.0,1753.0,45.0,197.0,7.0,505.0,166.0,0
15.0,817.0,44.0,258.0,5.0,485.0,65.0,0
15.0,1998.0,75.0,129.0,6.0,570.0,60.0,0
6.0,7343.0,16.0,136.0,5.0,660.0,145.0,1
15.0,851.0,147.0,153.0,5.0,775.0,310.0,0
16.0,2618.0,58.0,251.0,1.0,740.0,72.0,0
0.0,3881.0,16.0,275.0,4.0,1305.0,69.0,1
16.0,2636.0,244.0,135.0,1.0,720.0,58.0,0
6.0,5195.0,16.0,167.0,4.0,650.0,86.0,0
14.0,1772.0,182.0,60.0,5.0,360.0,152.0,0
13.0,317.0,79.0,134.0,3.0,1073.0,201.0,0
10.0,2907.0,80.0,71.0,3.0,885.0,130.0,0
4.0,1144.0,96.0,16.0,3.0,705.0,160.0,0
15.0,237.0,45.0,104.0,5.0,1140.0,160.0,1
17.0,7238.0,208.0,147.0,1.0,360.0,135.0,1
7.0,290.0,79.0,268.0,6.0,905.0,115.0,0
8.0,76.0,104.0,16.0,5.0,1015.0,116.0,0
12.0,4670.0,279.0,261.0,7.0,1058.0,154.0,0
7.0,287.0,268.0,79.0,6.0,1120.0,144.0,0
1.0,1246.0,80.0,183.0,5.0,850.0,160.0,1
15.0,1585.0,175.0,61.0,4.0,390.0,70.0,0
14.0,408.0,253.0,217.0,3.0,1035.0,118.0,0
0.0,3887.0,85.0,43.0,3.0,720.0,74.0,0
14.0,1937.0,35.0,216.0,4.0,435.0,101.0,1
15.0,2989.0,173.0,221.0,7.0,1145.0,135.0,0
16.0,5924.0,136.0,208.0,3.0,360.0,110.0,1
1.0,817.0,33.0,80.0,5.0,370.0,130.0,0
16.0,2437.0,233.0,135.0,5.0,520.0,185.0,0
14.0,526.0,172.0,217.0,7.0,900.0,171.0,0
10.0,3641.0,183.0,61.0,5.0,1045.0,160.0,0
17.0,2635.0,74.0,60.0,1.0,1004.0,94.0,0
16.0,2448.0,162.0,135.0,4.0,420.0,85.0,0
13.0,695.0,159.0,208.0,3.0,1204.0,165.0,1
5.0,2806.0,253.0,197.0,7.0,360.0,222.0,0
8.0,132.0,277.0,16.0,6.0,380.0,95.0,0
10.0,2855.0,80.0,129.0,1.0,795.0,70.0,1
12.0,3045.0,84.0,184.0,1.0,365.0,66.0,0
12.0,6486.0,154.0,243.0,6.0,677.0,46.0,0
1.0,1820.0,135.0,80.0,3.0,725.0,65.0,0
14.0,1615.0,60.0,172.0,7.0,695.0,158.0,0
8.0,189.0,78.0,16.0,7.0,760.0,118.0,0
5.0,2474.0,173.0,197.0,4.0,1085.0,206.0,0
12.0,4520.0,261.0,102.0,1.0,1031.0,104.0,0
5.0,2203.0,16.0,153.0,7.0,505.0,282.0,1
5.0,1614.0,104.0,148.0,5.0,746.0,179.0,0
1.0,1630.0,80.0,153.0,4.0,735.0,180.0,1
15.0,851.0,147.0,153.0,3.0,775.0,310.0,1
12.0,6673.0,253.0,194.0,4.0,495.0,43.0,1
11.0,6346.0,76.0,85.0,6.0,614.0,74.0,0
16.0,2650.0,96.0,184.0,5.0,580.0,147.0,0
5.0,1761.0,16.0,198.0,3.0,1105.0,105.0,0
1.0,1558.0,80.0,279.0,4.0,655.0,60.0,0
3.0,623.0,148.0,129.0,7.0,1230.0,253.0,1
0.0,4343.0,228.0,85.0,6.0,985.0,129.0,1
10.0,3213.0,162.0,80.0,1.0,785.0,80.0,0
12.0,6926.0,79.0,16.0,3.0,1064.0,164.0,0
0.0,4161.0,139.0,177.0,1.0,480.0,88.0,0
5.0,2837.0,16.0,244.0,5.0,577.0,162.0,0
12.0,6946.0,154.0,57.0,4.0,1353.0,41.0,0
15.0,3021.0,153.0,221.0,6.0,1015.0,250.0,1
16.0,2405.0,135.0,157.0,3.0,860.0,125.0,1
14.0,158.0,217.0,268.0,7.0,590.0,180.0,0
15.0,1097.0,141.0,173.0,5.0,640.0,170.0,0
0.0,4003.0,27.0,177.0,3.0,685.0,74.0,0
1.0,2435.0,208.0,217.0,3.0,815.0,235.0,1
1.0,1509.0,80.0,18.0,4.0,1086.0,60.0,0
1.0,2094.0,197.0,80.0,7.0,835.0,155.0,1
10.0,2952.0,80.0,245.0,6.0,755.0,135.0,0
15.0,1923.0,261.0,214.0,4.0,1115.0,125.0,1
10.0,4195.0,208.0,177.0,7.0,1275.0,110.0,0
14.0,1168.0,233.0,60.0,1.0,675.0,66.0,1
10.0,2707.0,80.0,165.0,4.0,825.0,85.0,0
10.0,4504.0,159.0,35.0,5.0,750.0,65.0,0
7.0,371.0,35.0,184.0,3.0,703.0,165.0,0
12.0,4793.0,224.0,261.0,5.0,325.0,90.0,1
5.0,2903.0,71.0,173.0,7.0,670.0,130.0,0
6.0,5178.0,275.0,16.0,4.0,530.0,80.0,0
5.0,1074.0,261.0,197.0,7.0,839.0,159.0,1
2.0,128.0,98.0,252.0,5.0,80.0,206.0,1
14.0,230.0,258.0,217.0,4.0,592.0,107.0,0
15.0,1576.0,202.0,264.0,6.0,455.0,80.0,0
6.0,7114.0,148.0,134.0,7.0,1167.0,83.0,0
11.0,6582.0,208.0,148.0,5.0,870.0,160.0,0
5.0,1371.0,35.0,159.0,3.0,360.0,68.0,0
14.0,1524.0,79.0,60.0,4.0,625.0,188.0,0
15.0,1211.0,154.0,202.0,6.0,1255.0,70.0,0
6.0,5467.0,16.0,285.0,6.0,701.0,51.0,0
1.0,775.0,183.0,269.0,4.0,745.0,150.0,0
15.0,350.0,173.0,141.0,1.0,735.0,145.0,1
5.0,2864.0,173.0,177.0,7.0,446.0,129.0,1
15.0,28.0,129.0,75.0,3.0,780.0,55.0,0
14.0,473.0,153.0,253.0,7.0,990.0,95.0,1
14.0,1511.0,60.0,217.0,3.0,865.0,278.0,1
6.0,5385.0,60.0,177.0,4.0,395.0,119.0,0
4.0,507.0,207.0,135.0,1.0,75.0,167.0,0
15.0,514.0,175.0,153.0,4.0,620.0,245.0,1
16.0,3073.0,58.0,119.0,1.0,1040.0,60.0,0
10.0,3011.0,154.0,100.0,3.0,470.0,60.0,1
15.0,11.0,243.0,202.0,3.0,940.0,90.0,1
13.0,578.0,80.0,208.0,4.0,600.0,140.0,0
5.0,2225.0,45.0,16.0,3.0,825.0,123.0,0
1.0,2585.0,35.0,183.0,6.0,495.0,220.0,0
4.0,759.0,78.0,135.0,7.0,360.0,204.0,0
5.0,1079.0,16.0,61.0,5.0,455.0,95.0,0
12.0,7812.0,261.0,235.0,7.0,1185.0,59.0,0
0.0,4228.0,139.0,78.0,1.0,1100.0,100.0,0
15.0,2952.0,45.0,175.0,6.0,525.0,130.0,0
6.0,5391.0,16.0,19.0,7.0,682.0,61.0,0
12.0,6557.0,214.0,179.0,4.0,927.0,61.0,0
14.0,1843.0,60.0,173.0,3.0,568.0,96.0,1
6.0,5457.0,16.0,275.0,3.0,1047.0,63.0,1
6.0,5582.0,69.0,16.0,6.0,685.0,90.0,0
3.0,1227.0,35.0,233.0,7.0,1210.0,123.0,0
13.0,251.0,134.0,214.0,7.0,1061.0,348.0,1
5.0,1131.0,18.0,16.0,3.0,1113.0,136.0,0
12.0,4567.0,261.0,244.0,5.0,1195.0,160.0,1
10.0,3677.0,61.0,183.0,1.0,890.0,170.0,1
5.0,1111.0,16.0,233.0,3.0,1045.0,81.0,1
6.0,5548.0,16.0,52.0,1.0,655.0,53.0,0
14.0,304.0,217.0,60.0,5.0,675.0,234.0,0
7.0,858.0,217.0,79.0,1.0,938.0,107.0,1
16.0,5926.0,208.0,230.0,6.0,720.0,137.0,0
4.0,107.0,96.0,135.0,7.0,905.0,245.0,0
5.0,2060.0,183.0,16.0,6.0,964.0,121.0,0
8.0,1181.0,173.0,43.0,6.0,801.0,155.0,0
15.0,509.0,202.0,217.0,4.0,555.0,110.0,1
15.0,1746.0,45.0,58.0,4.0,500.0,75.0,0
5.0,28.0,173.0,16.0,1.0,750.0,97.0,1
1.0,2256.0,264.0,80.0,5.0,800.0,170.0,1
3.0,336.0,173.0,134.0,6.0,465.0,120.0,0
5.0,1452.0,2.0,16.0,7.0,510.0,179.0,0
15.0,1022.0,45.0,79.0,4.0,870.0,255.0,0
0.0,3863.0,177.0,279.0,7.0,575.0,88.0,0
12.0,6395.0,16.0,208.0,3.0,936.0,129.0,1
16.0,2226.0,91.0,135.0,5.0,640.0,110.0,0
6.0,7344.0,186.0,16.0,7.0,1108.0,101.0,0
16.0,2189.0,135.0,75.0,3.0,480.0,63.0,1
13.0,582.0,208.0,277.0,7.0,1173.0,161.0,0
17.0,7295.0,208.0,247.0,1.0,902.0,39.0,1
10.0,4329.0,148.0,71.0,6.0,1020.0,145.0,1
1.0,1396.0,80.0,209.0,6.0,1070.0,160.0,0
8.0,324.0,253.0,16.0,5.0,770.0,270.0,0
15.0,1719.0,207.0,175.0,6.0,755.0,230.0,0
13.0,353.0,154.0,153.0,7.0,394.0,80.0,0
9.0,376.0,161.0,128.0,3.0,1195.0,30.0,0
12.0,6579.0,15.0,79.0,6.0,952.0,48.0,0
12.0,6847.0,253.0,246.0,3.0,1140.0,76.0,1
2.0,555.0,227.0,252.0,3.0,985.0,170.0,1
7.0,377.0,35.0,184.0,3.0,360.0,165.0,1
1.0,1605.0,208.0,243.0,7.0,1000.0,270.0,0
12.0,4677.0,261.0,44.0,3.0,690.0,120.0,1
15.0,3333.0,131.0,18.0,5.0,920.0,60.0,0
5.0,2998.0,214.0,148.0,5.0,400.0,319.0,1
15.0,1042.0,202.0,154.0,3.0,900.0,75.0,0
5.0,1552.0,85.0,119.0,5.0,830.0,53.0,0
13.0,669.0,159.0,208.0,6.0,360.0,150.0,0
13.0,186.0,253.0,216.0,4.0,933.0,326.0,0
16.0,2062.0,135.0,165.0,4.0,1175.0,74.0,0
15.0,490.0,129.0,18.0,5.0,1215.0,45.0,0
14.0,602.0,217.0,153.0,6.0,595.0,80.0,0
12.0,7781.0,89.0,261.0,5.0,330.0,70.0,0
3.0,1242.0,60.0,35.0,7.0,730.0,121.0,0
15.0,647.0,75.0,2.0,3.0,745.0,110.0,1
16.0,5989.0,247.0,208.0,3.0,761.0,44.0,1
17.0,1041.0,128.0,143.0,7.0,950.0,49.0,0
5.0,1052.0,87.0,16.0,5.0,715.0,73.0,0
1.0,494.0,80.0,45.0,5.0,1155.0,165.0,0
10.0,4692.0,148.0,61.0,3.0,1200.0,125.0,1
1.0,1974.0,154.0,33.0,6.0,615.0,235.0,0
0.0,3847.0,238.0,85.0,4.0,764.0,91.0,1
12.0,6685.0,79.0,34.0,1.0,730.0,128.0,1
0.0,4194.0,240.0,197.0,1.0,935.0,50.0,1
12.0,6975.0,80.0,208.0,5.0,360.0,139.0,0
10.0,4534.0,159.0,290.0,1.0,420.0,220.0,0
14.0,1402.0,60.0,135.0,3.0,1331.0,163.0,1
14.0,454.0,217.0,261.0,5.0,1270.0,99.0,0
12.0,4887.0,197.0,208.0,6.0,940.0,77.0,1
15.0,655.0,261.0,153.0,4.0,570.0,85.0,1
12.0,4702.0,160.0,261.0,3.0,756.0,105.0,1
13.0,753.0,253.0,79.0,3.0,778.0,156.0,1
15.0,3339.0,252.0,261.0,7.0,885.0,115.0,1
5.0,1264.0,217.0,261.0,7.0,870.0,99.0,1
8.0,461.0,45.0,16.0,3.0,365.0,126.0,0
4.0,525.0,96.0,58.0,3.0,585.0,110.0,1
14.0,652.0,217.0,264.0,5.0,525.0,81.0,0
15.0,1259.0,244.0,75.0,4.0,695.0,60.0,0
15.0,1285.0,141.0,173.0,7.0,1065.0,170.0,0
14.0,122.0,14.0,217.0,1.0,113.0,327.0,0
15.0,1917.0,233.0,217.0,6.0,855.0,305.0,0
14.0,641.0,80.0,217.0,4.0,370.0,157.0,0
14.0,968.0,260.0,60.0,4.0,940.0,226.0,0
15.0,2015.0,182.0,173.0,1.0,1055.0,200.0,1
5.0,1952.0,61.0,16.0,5.0,585.0,101.0,0
1.0,528.0,154.0,183.0,3.0,360.0,280.0,1
3.0,150.0,173.0,148.0,7.0,535.0,139.0,0
10.0,3764.0,208.0,216.0,7.0,730.0,120.0,1
11.0,6371.0,16.0,157.0,4.0,815.0,72.0,0
16.0,2709.0,75.0,135.0,7.0,630.0,62.0,0
12.0,7035.0,214.0,154.0,6.0,937.0,139.0,0
10.0,3619.0,183.0,275.0,3.0,990.0,85.0,1
17.0,2612.0,54.0,60.0,5.0,1087.0,69.0,0
12.0,3048.0,221.0,184.0,1.0,865.0,91.0,0
14.0,1292.0,277.0,60.0,3.0,1150.0,98.0,0
15.0,912.0,202.0,264.0,3.0,375.0,85.0,1
15.0,692.0,207.0,202.0,4.0,1110.0,75.0,1
12.0,4705.0,261.0,80.0,5.0,855.0,160.0,1
8.0,905.0,215.0,16.0,5.0,653.0,111.0,0
5.0,2479.0,184.0,16.0,4.0,573.0,122.0,1
13.0,434.0,208.0,61.0,5.0,415.0,75.0,0
0.0,3728.0,177.0,66.0,4.0,875.0,80.0,0
0.0,3930.0,197.0,21.0,5.0,1160.0,87.0,1
16.0,2806.0,96.0,172.0,7.0,886.0,194.0,1
13.0,118.0,154.0,253.0,1.0,920.0,83.0,1
15.0,46.0,2.0,153.0,5.0,1200.0,95.0,1
15.0,1557.0,217.0,258.0,1.0,785.0,115.0,0
15.0,1043.0,58.0,45.0,1.0,955.0,75.0,0
17.0,2601.0,58.0,60.0,6.0,390.0,102.0,0
1.0,523.0,80.0,91.0,7.0,1220.0,105.0,1
15.0,3007.0,79.0,129.0,6.0,810.0,140.0,1
17.0,2702.0,248.0,217.0,1.0,385.0,94.0,1
4.0,1191.0,35.0,96.0,5.0,665.0,85.0,0
1.0,2328.0,80.0,208.0,4.0,475.0,140.0,0
5.0,1626.0,104.0,16.0,7.0,1049.0,125.0,1
4.0,558.0,135.0,78.0,6.0,1014.0,164.0,1
12.0,6405.0,214.0,253.0,4.0,360.0,105.0,0
15.0,355.0,262.0,153.0,7.0,370.0,80.0,1
5.0,158.0,85.0,159.0,4.0,1185.0,115.0,1
4.0,17.0,96.0,154.0,6.0,790.0,353.0,1
5.0,1503.0,22.0,197.0,1.0,1100.0,186.0,1
4.0,2.0,128.0,135.0,6.0,1150.0,455.0,1
15.0,1456.0,91.0,75.0,6.0,815.0,95.0,1
13.0,318.0,253.0,79.0,5.0,962.0,153.0,0
12.0,7034.0,253.0,214.0,1.0,780.0,107.0,0
1.0,398.0,208.0,159.0,3.0,370.0,120.0,0
2.0,23.0,208.0,252.0,7.0,930.0,275.0,1
13.0,684.0,208.0,159.0,5.0,840.0,135.0,0
15.0,252.0,209.0,175.0,7.0,590.0,140.0,1
12.0,7764.0,261.0,220.0,4.0,485.0,67.0,0
5.0,2135.0,16.0,213.0,5.0,655.0,107.0,1
4.0,287.0,96.0,264.0,4.0,520.0,385.0,1
13.0,100.0,253.0,134.0,7.0,690.0,310.0,1
15.0,2038.0,61.0,45.0,4.0,960.0,70.0,1
12.0,4850.0,261.0,135.0,6.0,1030.0,180.0,1
13.0,973.0,208.0,253.0,1.0,900.0,276.0,1
13.0,847.0,253.0,134.0,5.0,771.0,309.0,0
12.0,4693.0,99.0,197.0,4.0,1135.0,62.0,0
12.0,4549.0,261.0,253.0,4.0,910.0,125.0,0
15.0,1453.0,243.0,280.0,6.0,1110.0,70.0,1
5.0,1118.0,76.0,16.0,7.0,975.0,103.0,1
13.0,393.0,22.0,208.0,1.0,521.0,165.0,0
15.0,2319.0,213.0,141.0,6.0,470.0,160.0,0
0.0,4370.0,16.0,177.0,5.0,1215.0,89.0,0
5.0,1539.0,78.0,16.0,4.0,960.0,121.0,1
0.0,3714.0,85.0,61.0,3.0,1035.0,68.0,1
11.0,6476.0,148.0,197.0,3.0,680.0,200.0,0
16.0,2983.0,78.0,58.0,7.0,1110.0,75.0,0
5.0,2026.0,104.0,16.0,3.0,770.0,118.0,1
13.0,661.0,159.0,208.0,5.0,540.0,165.0,0
10.0,4354.0,208.0,21.0,1.0,480.0,50.0,0
12.0,6901.0,54.0,208.0,4.0,773.0,142.0,0
14.0,2186.0,78.0,159.0,5.0,1200.0,83.0,0
1.0,1433.0,183.0,198.0,7.0,640.0,130.0,1
8.0,83.0,16.0,104.0,3.0,620.0,117.0,1
14.0,1766.0,60.0,78.0,4.0,890.0,80.0,0
15.0,1515.0,175.0,35.0,6.0,1140.0,135.0,1
6.0,5241.0,16.0,52.0,4.0,1150.0,53.0,1
14.0,614.0,153.0,217.0,1.0,760.0,70.0,0
5.0,2119.0,159.0,197.0,5.0,485.0,192.0,0
12.0,6534.0,137.0,79.0,6.0,819.0,89.0,0
1.0,526.0,253.0,80.0,3.0,360.0,215.0,0
14.0,742.0,104.0,216.0,4.0,840.0,164.0,0
6.0,7356.0,16.0,187.0,1.0,512.0,118.0,1
8.0,652.0,244.0,16.0,1.0,1025.0,135.0,1
5.0,1630.0,184.0,85.0,5.0,1100.0,80.0,0
5.0,1165.0,233.0,16.0,1.0,435.0,97.0,0
1.0,335.0,159.0,208.0,5.0,900.0,170.0,0
1.0,2045.0,78.0,208.0,5.0,1220.0,125.0,0
12.0,6586.0,227.0,79.0,6.0,360.0,128.0,0
15.0,490.0,205.0,175.0,5.0,915.0,80.0,0
15.0,971.0,207.0,258.0,5.0,465.0,70.0,0
1.0,1154.0,227.0,80.0,3.0,410.0,170.0,1
15.0,2060.0,79.0,22.0,6.0,975.0,225.0,0
6.0,7093.0,134.0,61.0,4.0,754.0,80.0,0
13.0,743.0,221.0,79.0,4.0,467.0,228.0,1
14.0,2116.0,159.0,35.0,3.0,420.0,65.0,0
10.0,3064.0,243.0,154.0,7.0,1195.0,45.0,0
12.0,6841.0,208.0,82.0,7.0,1315.0,87.0,1
13.0,322.0,253.0,252.0,4.0,636.0,134.0,0
14.0,90.0,217.0,214.0,1.0,885.0,165.0,0
1.0,1286.0,80.0,234.0,4.0,1095.0,160.0,0
10.0,3002.0,243.0,154.0,7.0,1095.0,45.0,0
7.0,366.0,79.0,184.0,5.0,400.0,133.0,0
16.0,3031.0,60.0,135.0,7.0,700.0,174.0,0
15.0,1577.0,217.0,44.0,5.0,590.0,90.0,0
12.0,6510.0,154.0,262.0,5.0,1065.0,81.0,1
16.0,2811.0,135.0,190.0,4.0,785.0,75.0,1
4.0,1789.0,85.0,135.0,3.0,1067.0,193.0,0
1.0,726.0,80.0,159.0,3.0,690.0,195.0,1
16.0,5986.0,99.0,208.0,1.0,360.0,112.0,0
6.0,5066.0,16.0,121.0,3.0,755.0,53.0,1
3.0,1403.0,18.0,253.0,4.0,501.0,240.0,0
5.0,2684.0,183.0,78.0,4.0,633.0,146.0,1
1.0,1048.0,208.0,183.0,5.0,480.0,185.0,1
13.0,38.0,253.0,243.0,7.0,535.0,97.0,0
12.0,6245.0,179.0,253.0,5.0,360.0,81.0,0
17.0,2649.0,154.0,153.0,6.0,570.0,63.0,0
2.0,610.0,252.0,153.0,4.0,755.0,151.0,0
15.0,38.0,129.0,75.0,3.0,930.0,60.0,0
15.0,1115.0,197.0,79.0,5.0,680.0,135.0,1
10.0,3314.0,109.0,80.0,7.0,375.0,165.0,0
5.0,2169.0,16.0,173.0,6.0,660.0,94.0,0
17.0,2721.0,217.0,246.0,7.0,946.0,132.0,0
12.0,6387.0,253.0,227.0,5.0,1283.0,77.0,1
15.0,63.0,129.0,75.0,6.0,1050.0,60.0,0
5.0,2379.0,251.0,16.0,3.0,431.0,89.0,0
1.0,1517.0,80.0,2.0,4.0,945.0,110.0,0
10.0,3382.0,80.0,56.0,6.0,1150.0,120.0,0
10.0,4008.0,208.0,60.0,4.0,870.0,115.0,0
15.0,108.0,173.0,175.0,5.0,890.0,170.0,1
15.0,609.0,154.0,253.0,5.0,545.0,80.0,1
15.0,1618.0,217.0,18.0,5.0,545.0,130.0,0
14.0,1176.0,60.0,35.0,6.0,1083.0,129.0,0
5.0,1102.0,85.0,119.0,6.0,1175.0,58.0,0
10.0,3279.0,80.0,118.0,4.0,835.0,50.0,1
15.0,843.0,217.0,153.0,4.0,995.0,65.0,1
2.0,69.0,151.0,149.0,6.0,1237.0,64.0,0
10.0,3371.0,80.0,71.0,5.0,1230.0,130.0,0
12.0,6840.0,253.0,246.0,6.0,540.0,76.0,0
15.0,1172.0,197.0,217.0,1.0,960.0,210.0,1
12.0,4618.0,261.0,34.0,5.0,1079.0,66.0,1
1.0,1663.0,183.0,153.0,1.0,965.0,335.0,0
15.0,580.0,251.0,268.0,1.0,590.0,70.0,0
14.0,1229.0,78.0,60.0,4.0,1140.0,87.0,1
10.0,4200.0,139.0,208.0,6.0,755.0,70.0,0
5.0,2264.0,80.0,177.0,1.0,360.0,92.0,0
5.0,2146.0,198.0,16.0,1.0,525.0,85.0,0
1.0,1833.0,96.0,80.0,4.0,725.0,245.0,1
5.0,1548.0,85.0,159.0,5.0,1055.0,118.0,0
12.0,7034.0,172.0,253.0,4.0,497.0,238.0,0
17.0,2766.0,44.0,217.0,3.0,585.0,88.0,0
12.0,6453.0,154.0,217.0,4.0,1290.0,72.0,0
4.0,270.0,135.0,253.0,1.0,695.0,256.0,1
3.0,25.0,148.0,104.0,6.0,575.0,189.0,0
7.0,360.0,79.0,277.0,4.0,990.0,196.0,0
1.0,446.0,80.0,216.0,1.0,695.0,190.0,0
5.0,2804.0,198.0,154.0,3.0,1130.0,265.0,1
5.0,630.0,85.0,78.0,7.0,835.0,95.0,1
12.0,6255.0,44.0,253.0,4.0,535.0,82.0,1
10.0,3565.0,80.0,184.0,7.0,1285.0,125.0,0
12.0,6954.0,261.0,79.0,4.0,1174.0,88.0,1
2.0,368.0,252.0,262.0,7.0,630.0,106.0,0
5.0,2809.0,71.0,104.0,6.0,675.0,147.0,0
5.0,1433.0,16.0,18.0,1.0,645.0,160.0,1
1.0,1273.0,80.0,236.0,7.0,565.0,220.0,1
8.0,667.0,16.0,130.0,5.0,610.0,146.0,0
15.0,36.0,129.0,75.0,1.0,900.0,60.0,1
1.0,1030.0,80.0,290.0,4.0,990.0,65.0,0
15.0,1920.0,175.0,197.0,4.0,1070.0,90.0,1
16.0,2817.0,135.0,131.0,4.0,685.0,66.0,0
12.0,6625.0,46.0,79.0,5.0,611.0,96.0,0
15.0,1246.0,217.0,268.0,4.0,410.0,175.0,1
15.0,154.0,153.0,264.0,6.0,850.0,65.0,1
12.0,6953.0,34.0,208.0,4.0,944.0,198.0,1
16.0,2218.0,96.0,234.0,4.0,1125.0,85.0,0
17.0,7293.0,76.0,134.0,5.0,624.0,76.0,0
15.0,1577.0,217.0,44.0,4.0,590.0,90.0,0
5.0,1746.0,217.0,16.0,1.0,840.0,220.0,1
12.0,4469.0,196.0,261.0,4.0,535.0,82.0,1
15.0,28.0,129.0,75.0,1.0,780.0,55.0,0
11.0,6405.0,16.0,54.0,1.0,498.0,77.0,1
15.0,437.0,251.0,175.0,4.0,660.0,70.0,1
0.0,4159.0,85.0,69.0,5.0,610.0,80.0,0
8.0,648.0,213.0,45.0,7.0,695.0,135.0,0
6.0,5601.0,81.0,16.0,1.0,1040.0,74.0,0
16.0,2645.0,204.0,135.0,3.0,630.0,84.0,0
15.0,3658.0,44.0,217.0,7.0,930.0,85.0,0
14.0,204.0,217.0,2.0,3.0,795.0,71.0,0
6.0,4989.0,71.0,79.0,4.0,1235.0,186.0,0
12.0,6719.0,79.0,196.0,5.0,855.0,126.0,0
1.0,1440.0,280.0,80.0,7.0,1065.0,130.0,0
5.0,2388.0,177.0,16.0,7.0,1110.0,85.0,1
3.0,671.0,148.0,154.0,1.0,460.0,366.0,1
13.0,949.0,208.0,214.0,1.0,1020.0,277.0,1
6.0,5110.0,16.0,94.0,6.0,1318.0,86.0,1
5.0,1301.0,16.0,18.0,7.0,510.0,166.0,0
8.0,739.0,184.0,197.0,6.0,629.0,73.0,0
4.0,581.0,58.0,153.0,7.0,765.0,270.0,0
5.0,2652.0,277.0,159.0,4.0,933.0,157.0,1
5.0,1920.0,177.0,173.0,5.0,870.0,120.0,0
8.0,823.0,45.0,35.0,7.0,750.0,75.0,0
15.0,366.0,129.0,175.0,6.0,755.0,145.0,1
12.0,6823.0,79.0,56.0,3.0,968.0,109.0,0
5.0,2111.0,16.0,80.0,4.0,885.0,145.0,1
15.0,1050.0,233.0,45.0,4.0,840.0,60.0,1
10.0,4059.0,208.0,32.0,6.0,1195.0,50.0,1
8.0,482.0,173.0,45.0,1.0,1060.0,120.0,1
5.0,1185.0,96.0,261.0,7.0,1044.0,314.0,1
10.0,3045.0,79.0,154.0,5.0,950.0,150.0,0
15.0,860.0,213.0,45.0,3.0,575.0,140.0,0
14.0,2131.0,35.0,159.0,5.0,840.0,77.0,0
5.0,2456.0,261.0,197.0,6.0,525.0,165.0,0
5.0,2035.0,184.0,16.0,7.0,990.0,130.0,0
10.0,2888.0,68.0,80.0,1.0,735.0,80.0,0
16.0,2563.0,96.0,268.0,3.0,385.0,172.0,1
1.0,1427.0,277.0,80.0,7.0,1110.0,175.0,1
16.0,3003.0,33.0,135.0,1.0,760.0,125.0,0
17.0,2638.0,71.0,60.0,3.0,1084.0,86.0,1
15.0,647.0,2.0,154.0,5.0,820.0,125.0,1
0.0,4116.0,121.0,85.0,1.0,752.0,116.0,1
15.0,1174.0,33.0,45.0,5.0,1005.0,100.0,1
15.0,1568.0,268.0,45.0,3.0,995.0,115.0,0
16.0,5932.0,290.0,208.0,6.0,754.0,106.0,1
15.0,3504.0,213.0,277.0,3.0,425.0,50.0,0
14.0,1406.0,216.0,35.0,4.0,1230.0,73.0,0
1.0,560.0,208.0,78.0,7.0,1250.0,105.0,0
6.0,5230.0,162.0,16.0,3.0,531.0,96.0,1
11.0,6726.0,60.0,71.0,7.0,800.0,105.0,0
5.0,2376.0,264.0,197.0,3.0,475.0,220.0,0
12.0,7023.0,207.0,253.0,5.0,597.0,85.0,0
15.0,388.0,91.0,217.0,4.0,425.0,80.0,1
17.0,2899.0,114.0,217.0,1.0,480.0,137.0,0
5.0,1375.0,35.0,159.0,5.0,450.0,76.0,0
8.0,358.0,16.0,159.0,6.0,1255.0,133.0,0
13.0,742.0,252.0,79.0,7.0,1021.0,160.0,0
8.0,805.0,45.0,35.0,3.0,390.0,82.0,0
16.0,5989.0,247.0,208.0,1.0,761.0,44.0,1
14.0,660.0,217.0,264.0,7.0,1070.0,77.0,1
16.0,2581.0,135.0,68.0,5.0,860.0,61.0,0
17.0,2779.0,217.0,194.0,4.0,1258.0,174.0,0
16.0,2977.0,96.0,78.0,5.0,1310.0,70.0,1
4.0,1810.0,262.0,135.0,3.0,360.0,220.0,0
4.0,194.0,203.0,154.0,7.0,1330.0,335.0,1
16.0,5920.0,58.0,134.0,7.0,1201.0,74.0,1
12.0,6951.0,79.0,107.0,1.0,843.0,82.0,0
16.0,5907.0,134.0,233.0,6.0,927.0,65.0,0
5.0,2612.0,277.0,197.0,7.0,845.0,205.0,1
1.0,1361.0,80.0,65.0,7.0,570.0,115.0,0
5.0,1044.0,16.0,233.0,5.0,1160.0,93.0,0
10.0,3695.0,148.0,209.0,5.0,1045.0,90.0,0
1.0,298.0,128.0,154.0,7.0,1335.0,305.0,0
3.0,56.0,148.0,42.0,7.0,559.0,76.0,0
12.0,6542.0,79.0,83.0,4.0,606.0,64.0,0
15.0,23.0,75.0,129.0,3.0,720.0,60.0,0
15.0,317.0,175.0,79.0,5.0,365.0,170.0,1
6.0,5334.0,4.0,16.0,1.0,665.0,60.0,0
12.0,6380.0,253.0,34.0,7.0,638.0,91.0,0
11.0,6272.0,71.0,61.0,3.0,985.0,50.0,1
5.0,2108.0,79.0,197.0,7.0,802.0,115.0,1
10.0,3241.0,162.0,80.0,1.0,1025.0,80.0,0
15.0,1599.0,268.0,27.0,7.0,910.0,75.0,1
5.0,2699.0,35.0,197.0,3.0,490.0,202.0,1
1.0,1495.0,80.0,262.0,7.0,590.0,225.0,0
3.0,1222.0,233.0,35.0,6.0,535.0,100.0,0
15.0,2941.0,175.0,197.0,6.0,905.0,85.0,0
3.0,1206.0,241.0,130.0,1.0,650.0,160.0,1
10.0,3726.0,96.0,208.0,3.0,600.0,160.0,0
1.0,334.0,80.0,33.0,1.0,440.0,100.0,0
15.0,1905.0,43.0,45.0,6.0,870.0,70.0,0
6.0,5026.0,97.0,16.0,4.0,1045.0,125.0,0
3.0,633.0,35.0,253.0,3.0,555.0,400.0,0
10.0,3346.0,251.0,80.0,5.0,725.0,150.0,1
16.0,3114.0,159.0,58.0,1.0,1079.0,98.0,0
11.0,6547.0,119.0,78.0,7.0,1040.0,105.0,1
17.0,2620.0,33.0,60.0,7.0,1149.0,80.0,1
8.0,806.0,45.0,139.0,1.0,523.0,109.0,0
0.0,3690.0,152.0,197.0,7.0,405.0,112.0,1
10.0,4598.0,233.0,159.0,5.0,1215.0,90.0,0
15.0,2882.0,147.0,277.0,7.0,850.0,55.0,0
10.0,4580.0,60.0,159.0,5.0,1100.0,125.0,1
6.0,5145.0,279.0,16.0,4.0,653.0,117.0,1
15.0,778.0,258.0,79.0,5.0,780.0,145.0,0
3.0,662.0,173.0,43.0,7.0,1104.0,149.0,0
6.0,5558.0,85.0,216.0,1.0,915.0,120.0,1
17.0,2899.0,114.0,217.0,5.0,480.0,137.0,1
14.0,1463.0,104.0,60.0,7.0,895.0,119.0,1
6.0,4965.0,180.0,16.0,3.0,560.0,55.0,1
5.0,1040.0,65.0,16.0,3.0,400.0,169.0,1
14.0,1848.0,197.0,216.0,6.0,405.0,160.0,1
12.0,6942.0,65.0,79.0,1.0,744.0,40.0,0
10.0,2775.0,80.0,239.0,5.0,1200.0,90.0,1
9.0,155.0,203.0,128.0,6.0,519.0,34.0,0
6.0,5051.0,16.0,120.0,7.0,965.0,79.0,0
15.0,2786.0,202.0,207.0,1.0,635.0,70.0,1
6.0,7341.0,204.0,16.0,7.0,405.0,130.0,0
6.0,7091.0,134.0,245.0,7.0,1021.0,105.0,0
14.0,253.0,216.0,217.0,3.0,700.0,322.0,0
15.0,1760.0,268.0,61.0,3.0,1080.0,75.0,1
1.0,1541.0,233.0,183.0,5.0,1190.0,130.0,0
15.0,2714.0,173.0,27.0,5.0,505.0,95.0,0
15.0,501.0,153.0,175.0,3.0,650.0,220.0,1
4.0,485.0,214.0,96.0,6.0,460.0,310.0,0
16.0,2428.0,155.0,135.0,1.0,975.0,95.0,1
12.0,6888.0,208.0,91.0,4.0,605.0,208.0,1
5.0,1493.0,85.0,172.0,3.0,723.0,130.0,1
12.0,6598.0,253.0,262.0,3.0,442.0,43.0,0
14.0,1935.0,43.0,216.0,1.0,420.0,81.0,0
5.0,1055.0,85.0,197.0,7.0,1185.0,120.0,1
15.0,715.0,175.0,35.0,5.0,395.0,135.0,0
0.0,3884.0,273.0,85.0,5.0,724.0,91.0,0
1.0,1293.0,76.0,80.0,7.0,1115.0,165.0,0
5.0,1696.0,16.0,22.0,7.0,577.0,150.0,0
15.0,1155.0,217.0,172.0,3.0,530.0,155.0,1
10.0,4197.0,33.0,208.0,3.0,740.0,95.0,1
10.0,4174.0,43.0,208.0,5.0,390.0,120.0,0
1.0,736.0,172.0,80.0,7.0,700.0,100.0,0
15.0,2887.0,202.0,264.0,4.0,940.0,80.0,0
1.0,2527.0,80.0,261.0,6.0,895.0,170.0,0
5.0,1663.0,261.0,243.0,1.0,677.0,114.0,1
15.0,327.0,258.0,44.0,4.0,460.0,60.0,0
5.0,1750.0,153.0,197.0,4.0,683.0,197.0,0
0.0,3650.0,148.0,43.0,6.0,1020.0,115.0,0
5.0,1144.0,16.0,182.0,6.0,1233.0,150.0,0
8.0,25.0,175.0,16.0,6.0,886.0,112.0,1
10.0,3041.0,154.0,243.0,6.0,600.0,40.0,0
12.0,6470.0,154.0,261.0,4.0,1211.0,110.0,0
15.0,723.0,233.0,33.0,1.0,1095.0,95.0,0
12.0,6845.0,246.0,253.0,1.0,940.0,80.0,0
8.0,476.0,16.0,45.0,1.0,899.0,105.0,0
8.0,1452.0,130.0,213.0,6.0,965.0,179.0,0
3.0,451.0,35.0,104.0,1.0,365.0,204.0,0
15.0,1217.0,129.0,277.0,7.0,890.0,120.0,1
14.0,1797.0,216.0,153.0,3.0,680.0,332.0,1
10.0,3926.0,208.0,265.0,6.0,775.0,50.0,0
15.0,866.0,258.0,154.0,5.0,880.0,70.0,1
14.0,278.0,135.0,217.0,6.0,900.0,176.0,0
0.0,4034.0,85.0,175.0,5.0,1045.0,77.0,1
1.0,1335.0,78.0,80.0,7.0,440.0,215.0,0
12.0,6897.0,184.0,208.0,6.0,361.0,44.0,1
12.0,6436.0,252.0,154.0,3.0,927.0,149.0,0
16.0,2903.0,158.0,135.0,1.0,480.0,64.0,0
11.0,6544.0,43.0,148.0,4.0,1160.0,108.0,0
15.0,1778.0,43.0,277.0,6.0,1030.0,175.0,1
15.0,2150.0,35.0,217.0,6.0,835.0,365.0,0
14.0,1029.0,45.0,60.0,7.0,725.0,85.0,1
15.0,563.0,129.0,68.0,1.0,1050.0,50.0,0
5.0,2048.0,85.0,159.0,3.0,600.0,108.0,1
5.0,1276.0,197.0,16.0,5.0,320.0,158.0,0
1.0,39.0,253.0,128.0,5.0,495.0,345.0,0
0.0,3921.0,135.0,177.0,4.0,710.0,105.0,1
5.0,1197.0,154.0,203.0,5.0,525.0,351.0,0
4.0,665.0,221.0,135.0,1.0,865.0,200.0,1
8.0,842.0,173.0,16.0,3.0,761.0,92.0,0
15.0,755.0,268.0,75.0,3.0,860.0,105.0,1
14.0,347.0,214.0,217.0,7.0,330.0,148.0,0
3.0,91.0,148.0,202.0,7.0,1170.0,401.0,0
12.0,7756.0,261.0,49.0,1.0,1005.0,67.0,0
14.0,128.0,258.0,217.0,5.0,965.0,107.0,0
3.0,377.0,159.0,104.0,6.0,809.0,182.0,1
12.0,6855.0,79.0,162.0,7.0,1221.0,116.0,1
8.0,857.0,16.0,173.0,4.0,1069.0,92.0,0
3.0,455.0,35.0,104.0,4.0,682.0,203.0,1
15.0,668.0,134.0,175.0,7.0,825.0,125.0,0
10.0,4216.0,208.0,204.0,6.0,520.0,135.0,0
15.0,3322.0,104.0,277.0,4.0,1140.0,65.0,0
5.0,1900.0,16.0,35.0,1.0,675.0,154.0,0
10.0,3271.0,218.0,80.0,5.0,1030.0,130.0,0
16.0,3046.0,177.0,96.0,3.0,775.0,155.0,0
5.0,1795.0,16.0,264.0,6.0,655.0,305.0,0
1.0,1216.0,80.0,277.0,1.0,620.0,140.0,0
12.0,6338.0,243.0,154.0,3.0,1041.0,42.0,0
5.0,2596.0,253.0,71.0,7.0,738.0,262.0,1
15.0,1812.0,172.0,175.0,4.0,425.0,90.0,1
1.0,1940.0,208.0,183.0,4.0,1180.0,180.0,0
8.0,653.0,16.0,244.0,4.0,1260.0,161.0,0
7.0,626.0,85.0,79.0,3.0,974.0,191.0,0
17.0,7296.0,22.0,134.0,6.0,862.0,88.0,0
3.0,194.0,153.0,148.0,7.0,840.0,293.0,0
10.0,4204.0,208.0,205.0,1.0,910.0,95.0,0
6.0,5021.0,162.0,16.0,3.0,1003.0,98.0,1
14.0,755.0,216.0,183.0,1.0,1070.0,179.0,1
5.0,2761.0,216.0,16.0,6.0,690.0,149.0,0
15.0,607.0,153.0,253.0,1.0,1050.0,100.0,1
15.0,957.0,43.0,217.0,3.0,825.0,310.0,1
3.0,418.0,213.0,35.0,3.0,420.0,172.0,0
15.0,1050.0,45.0,221.0,4.0,935.0,60.0,1
15.0,632.0,175.0,79.0,4.0,1290.0,165.0,0
2.0,698.0,252.0,111.0,3.0,1380.0,57.0,1
10.0,4455.0,148.0,78.0,7.0,960.0,90.0,1
15.0,523.0,279.0,153.0,3.0,855.0,185.0,0
4.0,373.0,60.0,96.0,3.0,570.0,103.0,1
8.0,991.0,221.0,16.0,4.0,1177.0,118.0,0
1.0,1845.0,183.0,260.0,3.0,720.0,145.0,1
14.0,1129.0,60.0,200.0,7.0,1345.0,54.0,0
4.0,1445.0,58.0,135.0,7.0,1255.0,180.0,0
3.0,527.0,96.0,173.0,3.0,550.0,176.0,1
0.0,4224.0,85.0,152.0,7.0,935.0,49.0,0
15.0,298.0,236.0,154.0,1.0,525.0,85.0,1
3.0,1114.0,173.0,234.0,7.0,895.0,106.0,0
5.0,2648.0,275.0,16.0,7.0,415.0,72.0,1
14.0,304.0,217.0,60.0,4.0,675.0,234.0,1
17.0,2874.0,217.0,24.0,1.0,885.0,91.0,0
10.0,2945.0,80.0,119.0,5.0,530.0,140.0,0
15.0,3484.0,44.0,153.0,7.0,850.0,60.0,1
10.0,3879.0,208.0,78.0,1.0,905.0,105.0,1
12.0,6964.0,232.0,214.0,3.0,345.0,58.0,0
10.0,4084.0,208.0,99.0,6.0,860.0,110.0,0
3.0,290.0,160.0,252.0,6.0,430.0,163.0,1
4.0,51.0,96.0,58.0,5.0,965.0,105.0,1
5.0,1816.0,79.0,16.0,3.0,633.0,172.0,1
5.0,1884.0,277.0,71.0,1.0,490.0,133.0,0
5.0,1886.0,16.0,159.0,7.0,640.0,136.0,1
11.0,6458.0,233.0,35.0,7.0,765.0,124.0,0
6.0,5295.0,287.0,16.0,7.0,1078.0,74.0,0
9.0,508.0,161.0,203.0,6.0,550.0,43.0,0
5.0,2323.0,85.0,217.0,1.0,725.0,265.0,0
15.0,848.0,154.0,280.0,1.0,940.0,75.0,1
10.0,4052.0,62.0,208.0,1.0,795.0,65.0,0
17.0,2946.0,217.0,177.0,3.0,1189.0,176.0,0
15.0,411.0,253.0,79.0,1.0,960.0,150.0,0
15.0,1719.0,175.0,139.0,6.0,1140.0,50.0,0
1.0,145.0,35.0,154.0,7.0,1010.0,395.0,1
14.0,92.0,217.0,214.0,3.0,1080.0,163.0,1
13.0,36.0,203.0,253.0,7.0,1330.0,300.0,0
5.0,2194.0,16.0,216.0,5.0,655.0,133.0,0
0.0,4086.0,281.0,197.0,7.0,776.0,100.0,1
15.0,1415.0,217.0,139.0,6.0,840.0,205.0,1
15.0,3408.0,153.0,280.0,5.0,1180.0,70.0,1
17.0,2870.0,292.0,217.0,6.0,770.0,54.0,0
16.0,3075.0,96.0,228.0,1.0,760.0,59.0,1
4.0,627.0,45.0,135.0,1.0,480.0,200.0,0
12.0,6237.0,153.0,100.0,6.0,999.0,88.0,0
6.0,5546.0,16.0,121.0,4.0,825.0,58.0,0
10.0,3254.0,80.0,129.0,1.0,1010.0,70.0,1
16.0,2810.0,136.0,135.0,7.0,460.0,104.0,1
13.0,414.0,208.0,22.0,4.0,370.0,129.0,0
0.0,3702.0,240.0,197.0,6.0,330.0,50.0,1
2.0,690.0,252.0,111.0,5.0,720.0,63.0,0
13.0,200.0,252.0,208.0,1.0,826.0,238.0,0
0.0,4153.0,85.0,43.0,3.0,605.0,77.0,0
5.0,2717.0,35.0,177.0,3.0,625.0,210.0,0
8.0,619.0,198.0,184.0,4.0,1080.0,135.0,0
14.0,1507.0,60.0,217.0,6.0,577.0,279.0,0
11.0,6709.0,209.0,71.0,1.0,1055.0,122.0,0
15.0,1512.0,2.0,75.0,6.0,1155.0,90.0,0
13.0,49.0,134.0,154.0,5.0,762.0,346.0,0
5.0,1489.0,184.0,16.0,4.0,740.0,125.0,0
7.0,323.0,78.0,184.0,1.0,1080.0,130.0,0
16.0,2480.0,58.0,42.0,1.0,975.0,79.0,1
3.0,1133.0,273.0,148.0,3.0,360.0,85.0,0
5.0,2122.0,85.0,35.0,7.0,455.0,127.0,0
1.0,2372.0,80.0,208.0,7.0,1150.0,135.0,0
14.0,641.0,217.0,207.0,4.0,525.0,74.0,1
14.0,280.0,217.0,258.0,1.0,650.0,117.0,1
11.0,6418.0,56.0,85.0,5.0,605.0,94.0,0
10.0,4589.0,197.0,159.0,7.0,1020.0,165.0,0
1.0,2583.0,80.0,79.0,3.0,930.0,125.0,1
10.0,4168.0,234.0,208.0,1.0,850.0,135.0,1
5.0,2940.0,202.0,261.0,4.0,365.0,108.0,0
14.0,253.0,216.0,217.0,7.0,700.0,322.0,0
1.0,1264.0,79.0,80.0,5.0,440.0,125.0,0
1.0,394.0,208.0,159.0,7.0,435.0,120.0,1
1.0,1477.0,216.0,80.0,3.0,400.0,235.0,0
15.0,1408.0,214.0,217.0,4.0,1205.0,150.0,0
17.0,1024.0,150.0,128.0,3.0,609.0,40.0,0
6.0,5228.0,16.0,69.0,7.0,575.0,80.0,1
0.0,3844.0,197.0,61.0,6.0,790.0,110.0,1
1.0,32.0,154.0,148.0,4.0,825.0,320.0,0
12.0,6829.0,262.0,253.0,6.0,360.0,48.0,0
6.0,7097.0,61.0,208.0,1.0,360.0,82.0,0
15.0,1097.0,217.0,44.0,4.0,1125.0,85.0,1
15.0,1224.0,277.0,221.0,4.0,1200.0,140.0,1
0.0,4001.0,177.0,75.0,5.0,565.0,96.0,0
1.0,1678.0,80.0,45.0,6.0,500.0,170.0,0
15.0,1029.0,236.0,153.0,7.0,1185.0,70.0,1
8.0,1206.0,234.0,173.0,7.0,420.0,126.0,0
1.0,813.0,18.0,154.0,6.0,735.0,195.0,0
12.0,4460.0,46.0,261.0,3.0,690.0,71.0,1
6.0,5531.0,200.0,16.0,6.0,505.0,92.0,0
1.0,2166.0,80.0,35.0,1.0,855.0,210.0,1
1.0,8.0,128.0,80.0,6.0,1100.0,425.0,1
5.0,73.0,148.0,16.0,5.0,1155.0,175.0,0
5.0,1504.0,172.0,85.0,6.0,360.0,118.0,0
10.0,3035.0,154.0,246.0,3.0,1290.0,40.0,0
5.0,1594.0,16.0,216.0,1.0,890.0,135.0,0
8.0,263.0,184.0,78.0,4.0,870.0,109.0,1
16.0,2841.0,76.0,58.0,3.0,1040.0,53.0,0
14.0,1723.0,60.0,104.0,4.0,1100.0,122.0,1
1.0,734.0,183.0,78.0,5.0,895.0,145.0,1
0.0,4234.0,175.0,85.0,1.0,530.0,79.0,0
8.0,182.0,16.0,78.0,3.0,1333.0,102.0,0
11.0,6706.0,85.0,234.0,3.0,625.0,101.0,0
5.0,2526.0,104.0,16.0,5.0,395.0,123.0,0
6.0,5264.0,16.0,101.0,5.0,775.0,72.0,0
4.0,62.0,135.0,96.0,1.0,865.0,210.0,1
12.0,6517.0,280.0,154.0,1.0,388.0,95.0,0
15.0,2291.0,153.0,236.0,1.0,480.0,75.0,0
7.0,179.0,79.0,280.0,5.0,489.0,114.0,0
12.0,6236.0,153.0,100.0,4.0,765.0,88.0,0
17.0,2696.0,154.0,153.0,1.0,800.0,65.0,0
10.0,2796.0,119.0,80.0,4.0,350.0,175.0,0
13.0,174.0,208.0,234.0,5.0,1173.0,119.0,1
6.0,5268.0,85.0,90.0,6.0,1065.0,78.0,1
1.0,1632.0,80.0,205.0,5.0,945.0,105.0,0
12.0,4465.0,114.0,261.0,6.0,405.0,59.0,0
10.0,4109.0,84.0,208.0,3.0,845.0,85.0,1
3.0,46.0,173.0,148.0,3.0,638.0,142.0,1
1.0,1577.0,183.0,208.0,7.0,540.0,200.0,0
8.0,487.0,45.0,173.0,7.0,760.0,144.0,0
14.0,685.0,217.0,96.0,5.0,800.0,280.0,0
1.0,1277.0,45.0,80.0,6.0,775.0,220.0,0
13.0,44.0,203.0,154.0,6.0,815.0,325.0,0
16.0,5937.0,208.0,218.0,3.0,494.0,49.0,1
12.0,6347.0,17.0,208.0,1.0,979.0,60.0,1
10.0,2864.0,254.0,80.0,1.0,355.0,90.0,0
5.0,2536.0,173.0,35.0,4.0,1125.0,171.0,0
5.0,1100.0,153.0,261.0,4.0,400.0,82.0,0
10.0,3012.0,154.0,79.0,1.0,955.0,145.0,0
5.0,1726.0,104.0,16.0,7.0,970.0,122.0,1
15.0,102.0,243.0,2.0,1.0,985.0,100.0,1
5.0,1738.0,16.0,78.0,7.0,1100.0,104.0,0
16.0,2325.0,96.0,120.0,4.0,990.0,104.0,1
5.0,400.0,16.0,197.0,5.0,725.0,160.0,0
14.0,2135.0,35.0,159.0,7.0,960.0,75.0,0
11.0,6447.0,71.0,133.0,5.0,1250.0,47.0,1
15.0,8.0,153.0,258.0,1.0,775.0,80.0,1
16.0,2023.0,221.0,135.0,7.0,700.0,192.0,0
12.0,6245.0,179.0,253.0,1.0,360.0,81.0,0
15.0,844.0,233.0,33.0,3.0,670.0,95.0,1
13.0,651.0,208.0,243.0,5.0,1210.0,259.0,0
5.0,2714.0,252.0,197.0,1.0,500.0,199.0,0
2.0,875.0,252.0,161.0,7.0,1005.0,373.0,0
5.0,1983.0,16.0,223.0,5.0,740.0,70.0,0
11.0,6629.0,85.0,134.0,3.0,450.0,98.0,0
8.0,19.0,260.0,45.0,7.0,1045.0,261.0,1
15.0,170.0,153.0,217.0,5.0,875.0,70.0,1
15.0,848.0,154.0,280.0,5.0,940.0,75.0,1
2.0,869.0,262.0,203.0,3.0,505.0,335.0,0
12.0,7794.0,261.0,271.0,6.0,1005.0,71.0,1
5.0,1734.0,154.0,61.0,7.0,1350.0,255.0,0
12.0,4702.0,160.0,261.0,5.0,756.0,105.0,0
14.0,741.0,216.0,260.0,1.0,1065.0,224.0,0
14.0,186.0,217.0,243.0,6.0,1075.0,70.0,0
13.0,788.0,253.0,35.0,1.0,680.0,344.0,1
15.0,27.0,129.0,87.0,7.0,885.0,90.0,0
5.0,1016.0,16.0,175.0,6.0,465.0,109.0,0
1.0,443.0,183.0,198.0,4.0,1360.0,125.0,0
8.0,440.0,16.0,184.0,4.0,1335.0,127.0,1
6.0,7112.0,134.0,148.0,1.0,745.0,80.0,0
1.0,1395.0,277.0,80.0,3.0,865.0,170.0,0
12.0,6618.0,248.0,253.0,4.0,1034.0,61.0,0
1.0,342.0,80.0,22.0,7.0,750.0,195.0,0
1.0,618.0,253.0,208.0,4.0,1025.0,245.0,0
14.0,1512.0,60.0,216.0,7.0,570.0,100.0,1
15.0,315.0,139.0,217.0,4.0,910.0,245.0,0
3.0,575.0,272.0,173.0,4.0,482.0,176.0,0
13.0,372.0,80.0,208.0,5.0,873.0,140.0,0
12.0,6455.0,154.0,292.0,4.0,576.0,70.0,0
1.0,1541.0,233.0,183.0,6.0,1190.0,130.0,1
5.0,2115.0,16.0,116.0,5.0,965.0,84.0,0
4.0,606.0,135.0,277.0,3.0,960.0,128.0,0
3.0,395.0,159.0,173.0,4.0,885.0,174.0,1
10.0,3910.0,208.0,69.0,7.0,900.0,85.0,0
5.0,1817.0,16.0,79.0,5.0,840.0,200.0,0
15.0,5.0,129.0,198.0,5.0,565.0,60.0,1
3.0,290.0,160.0,252.0,1.0,430.0,163.0,0
4.0,720.0,79.0,58.0,3.0,585.0,163.0,1
15.0,802.0,175.0,153.0,5.0,805.0,245.0,1
6.0,5569.0,101.0,16.0,1.0,875.0,89.0,0
0.0,3699.0,216.0,71.0,7.0,405.0,120.0,0
5.0,681.0,16.0,245.0,5.0,893.0,66.0,0
10.0,4675.0,78.0,233.0,7.0,525.0,65.0,1
15.0,760.0,253.0,154.0,1.0,740.0,80.0,1
10.0,4001.0,107.0,208.0,4.0,690.0,95.0,0
14.0,1069.0,216.0,241.0,3.0,1080.0,181.0,0
15.0,130.0,280.0,154.0,5.0,730.0,95.0,0
16.0,2841.0,135.0,76.0,1.0,810.0,139.0,0
1.0,2463.0,208.0,172.0,4.0,490.0,90.0,0
4.0,581.0,58.0,153.0,4.0,765.0,270.0,1
8.0,1492.0,173.0,61.0,4.0,748.0,130.0,0
14.0,1993.0,228.0,60.0,7.0,1135.0,136.0,1
10.0,3660.0,139.0,183.0,5.0,1105.0,170.0,1
12.0,7002.0,154.0,252.0,7.0,1255.0,164.0,1
15.0,1921.0,27.0,33.0,1.0,570.0,50.0,1
5.0,1134.0,197.0,119.0,5.0,430.0,85.0,0
0.0,3755.0,85.0,240.0,7.0,515.0,109.0,1
15.0,2181.0,236.0,217.0,5.0,900.0,100.0,1
11.0,6423.0,76.0,85.0,3.0,335.0,75.0,0
4.0,1748.0,135.0,104.0,3.0,1145.0,144.0,1
5.0,2680.0,252.0,85.0,4.0,1405.0,249.0,1
10.0,3642.0,183.0,147.0,4.0,650.0,75.0,0
15.0,1876.0,258.0,175.0,6.0,605.0,255.0,0
5.0,2224.0,16.0,45.0,5.0,580.0,119.0,1
1.0,1069.0,80.0,79.0,5.0,1300.0,120.0,0
13.0,882.0,208.0,35.0,5.0,961.0,138.0,0
1.0,2268.0,227.0,208.0,7.0,475.0,235.0,0
13.0,482.0,253.0,79.0,4.0,1146.0,146.0,0
15.0,41.0,2.0,75.0,3.0,810.0,95.0,1
12.0,7812.0,235.0,110.0,7.0,1259.0,70.0,0
9.0,376.0,161.0,128.0,4.0,1195.0,30.0,0
16.0,3098.0,120.0,96.0,6.0,610.0,87.0,0
17.0,2946.0,280.0,217.0,1.0,1070.0,51.0,0
17.0,2667.0,60.0,244.0,5.0,595.0,201.0,0
5.0,1072.0,198.0,16.0,3.0,1125.0,95.0,0
4.0,362.0,58.0,217.0,1.0,1053.0,265.0,0
3.0,768.0,225.0,173.0,3.0,262.0,180.0,0
4.0,616.0,135.0,197.0,6.0,1140.0,168.0,1
15.0,2885.0,262.0,214.0,4.0,870.0,90.0,0
11.0,6603.0,82.0,197.0,6.0,757.0,63.0,1
8.0,727.0,184.0,80.0,5.0,535.0,150.0,0
4.0,720.0,79.0,58.0,4.0,585.0,163.0,1
4.0,608.0,214.0,135.0,5.0,740.0,235.0,1
12.0,6431.0,244.0,154.0,7.0,1218.0,197.0,1
5.0,2877.0,208.0,16.0,5.0,742.0,123.0,1
12.0,6477.0,154.0,262.0,5.0,766.0,83.0,0
15.0,1229.0,217.0,202.0,7.0,1245.0,125.0,1
12.0,6967.0,51.0,6.0,7.0,1105.0,28.0,1
12.0,6699.0,91.0,79.0,7.0,1149.0,108.0,0
4.0,1019.0,277.0,96.0,5.0,410.0,155.0,0
5.0,1286.0,16.0,245.0,3.0,1053.0,65.0,1
1.0,1698.0,261.0,80.0,5.0,365.0,170.0,0
12.0,4581.0,261.0,262.0,5.0,910.0,100.0,1
3.0,19.0,42.0,148.0,6.0,360.0,84.0,0
15.0,3138.0,139.0,79.0,3.0,690.0,185.0,1
15.0,1773.0,175.0,268.0,7.0,1030.0,70.0,1
4.0,198.0,79.0,135.0,6.0,360.0,141.0,1
9.0,182.0,128.0,143.0,1.0,691.0,51.0,0
12.0,6426.0,262.0,253.0,5.0,737.0,49.0,0
4.0,1779.0,135.0,244.0,5.0,1050.0,59.0,1
15.0,1943.0,79.0,280.0,5.0,1230.0,115.0,1
15.0,2915.0,79.0,279.0,6.0,635.0,90.0,0
1.0,576.0,80.0,136.0,4.0,960.0,75.0,0
10.0,4377.0,35.0,148.0,6.0,545.0,80.0,1
4.0,358.0,135.0,78.0,7.0,660.0,162.0,0
5.0,2632.0,264.0,261.0,6.0,405.0,103.0,0
14.0,1170.0,233.0,60.0,6.0,770.0,61.0,1
0.0,3903.0,12.0,85.0,6.0,965.0,113.0,0
5.0,2340.0,253.0,148.0,4.0,1350.0,330.0,0
8.0,828.0,184.0,267.0,1.0,842.0,160.0,0
5.0,2909.0,197.0,268.0,6.0,925.0,96.0,0
16.0,2500.0,91.0,135.0,3.0,720.0,115.0,0
15.0,1321.0,243.0,258.0,3.0,860.0,80.0,1
17.0,1012.0,128.0,203.0,6.0,655.0,35.0,0
11.0,6601.0,233.0,173.0,3.0,1030.0,119.0,1
17.0,1962.0,143.0,128.0,3.0,1165.0,47.0,1
15.0,1568.0,243.0,268.0,1.0,635.0,210.0,1
15.0,1015.0,228.0,173.0,4.0,820.0,190.0,1
9.0,121.0,143.0,128.0,4.0,541.0,49.0,0
3.0,348.0,267.0,148.0,7.0,1036.0,164.0,0
12.0,4563.0,261.0,196.0,3.0,1188.0,90.0,0
15.0,3832.0,45.0,22.0,1.0,490.0,70.0,0
10.0,4512.0,290.0,159.0,4.0,430.0,175.0,1
5.0,1440.0,241.0,16.0,3.0,480.0,114.0,1
15.0,767.0,85.0,268.0,1.0,555.0,105.0,0
15.0,2841.0,79.0,154.0,6.0,945.0,155.0,0
5.0,2991.0,261.0,264.0,7.0,1305.0,117.0,1
12.0,7044.0,79.0,205.0,3.0,509.0,84.0,0
1.0,849.0,183.0,253.0,5.0,485.0,380.0,0
6.0,5197.0,16.0,132.0,5.0,1065.0,60.0,0
5.0,1373.0,35.0,159.0,5.0,390.0,82.0,0
1.0,2274.0,80.0,279.0,6.0,1045.0,60.0,0
1.0,1185.0,80.0,214.0,1.0,570.0,245.0,0
5.0,1524.0,244.0,16.0,6.0,480.0,139.0,0
11.0,6635.0,35.0,148.0,3.0,615.0,86.0,0
1.0,577.0,148.0,208.0,6.0,870.0,180.0,0
15.0,1092.0,175.0,268.0,1.0,390.0,65.0,1
13.0,361.0,159.0,79.0,5.0,480.0,276.0,1
2.0,568.0,214.0,154.0,4.0,1070.0,135.0,1
12.0,6519.0,258.0,154.0,7.0,1079.0,77.0,0
10.0,2939.0,80.0,218.0,5.0,1160.0,110.0,1
8.0,675.0,184.0,173.0,6.0,850.0,164.0,0
1.0,1063.0,208.0,154.0,3.0,515.0,270.0,1
4.0,747.0,208.0,135.0,4.0,730.0,168.0,1
5.0,1785.0,159.0,173.0,3.0,625.0,178.0,0
12.0,6720.0,107.0,79.0,7.0,1017.0,103.0,1
14.0,207.0,44.0,217.0,6.0,745.0,85.0,0
9.0,119.0,150.0,128.0,3.0,598.0,42.0,0
2.0,473.0,154.0,214.0,7.0,1265.0,144.0,0
5.0,1084.0,197.0,78.0,7.0,911.0,140.0,1
0.0,4188.0,16.0,238.0,1.0,1065.0,124.0,0
16.0,2201.0,58.0,234.0,3.0,1145.0,75.0,1
3.0,728.0,37.0,148.0,5.0,335.0,231.0,0
13.0,490.0,79.0,208.0,6.0,1120.0,141.0,0
16.0,5909.0,208.0,279.0,7.0,597.0,116.0,0
15.0,448.0,153.0,175.0,7.0,1045.0,210.0,1
14.0,341.0,205.0,217.0,6.0,885.0,171.0,0
15.0,680.0,243.0,258.0,1.0,710.0,80.0,1
15.0,257.0,175.0,104.0,4.0,545.0,185.0,0
0.0,3729.0,85.0,121.0,4.0,1170.0,104.0,1
5.0,2975.0,16.0,244.0,1.0,905.0,166.0,0
6.0,5424.0,19.0,16.0,1.0,520.0,71.0,1
5.0,1416.0,16.0,209.0,1.0,445.0,98.0,0
1.0,632.0,80.0,35.0,4.0,1100.0,200.0,0
12.0,6380.0,244.0,253.0,6.0,470.0,235.0,0
1.0,1495.0,147.0,80.0,7.0,425.0,175.0,0
12.0,7760.0,89.0,261.0,3.0,840.0,63.0,1
5.0,1827.0,16.0,104.0,1.0,668.0,120.0,1
17.0,2841.0,217.0,292.0,7.0,585.0,79.0,0
10.0,3630.0,33.0,183.0,3.0,860.0,140.0,0
10.0,2743.0,101.0,80.0,1.0,370.0,195.0,0
5.0,1282.0,261.0,214.0,6.0,516.0,131.0,0
15.0,1374.0,175.0,172.0,6.0,850.0,90.0,1
5.0,1035.0,134.0,16.0,7.0,575.0,115.0,0
0.0,3789.0,136.0,16.0,3.0,652.0,132.0,0
15.0,2539.0,216.0,173.0,7.0,845.0,160.0,1
13.0,285.0,134.0,253.0,4.0,740.0,367.0,0
10.0,2894.0,184.0,80.0,4.0,555.0,165.0,0
10.0,4306.0,234.0,208.0,4.0,995.0,135.0,0
13.0,667.0,159.0,208.0,6.0,480.0,157.0,1
14.0,1011.0,96.0,60.0,1.0,300.0,111.0,0
12.0,6271.0,109.0,208.0,7.0,542.0,63.0,0
6.0,5213.0,16.0,190.0,3.0,1155.0,85.0,1
7.0,516.0,79.0,159.0,5.0,915.0,220.0,0
15.0,692.0,202.0,252.0,3.0,1210.0,120.0,1
16.0,3159.0,209.0,135.0,1.0,506.0,201.0,0
8.0,433.0,184.0,16.0,4.0,796.0,121.0,0
12.0,6638.0,235.0,79.0,4.0,480.0,85.0,1
0.0,3997.0,187.0,177.0,4.0,375.0,96.0,0
8.0,271.0,35.0,16.0,7.0,726.0,175.0,0
16.0,2192.0,135.0,170.0,3.0,1275.0,85.0,0
8.0,906.0,16.0,215.0,7.0,1265.0,89.0,0
12.0,4478.0,99.0,197.0,5.0,425.0,75.0,0
4.0,1576.0,258.0,135.0,3.0,375.0,228.0,0
5.0,2586.0,261.0,16.0,6.0,665.0,215.0,1
15.0,2825.0,79.0,154.0,6.0,440.0,155.0,0
1.0,730.0,208.0,104.0,7.0,935.0,180.0,0
16.0,3055.0,245.0,135.0,7.0,1064.0,156.0,1
14.0,524.0,35.0,217.0,7.0,590.0,354.0,1
12.0,7762.0,261.0,89.0,3.0,1304.0,72.0,0
15.0,1647.0,79.0,217.0,6.0,795.0,115.0,1
5.0,2003.0,205.0,197.0,4.0,436.0,74.0,0
12.0,4721.0,261.0,160.0,5.0,1200.0,113.0,0
1.0,411.0,80.0,264.0,5.0,815.0,200.0,0
8.0,1586.0,16.0,30.0,4.0,1255.0,112.0,0
3.0,747.0,173.0,260.0,7.0,1220.0,157.0,1
5.0,2574.0,104.0,159.0,5.0,657.0,182.0,0
1.0,575.0,183.0,260.0,3.0,465.0,145.0,1
5.0,1402.0,277.0,177.0,7.0,420.0,119.0,0
17.0,2898.0,246.0,217.0,5.0,585.0,89.0,0
10.0,3657.0,183.0,221.0,3.0,525.0,160.0,1
8.0,439.0,184.0,16.0,4.0,1114.0,121.0,0
15.0,1686.0,277.0,27.0,5.0,1160.0,85.0,1
10.0,4284.0,94.0,208.0,5.0,810.0,85.0,0
16.0,5890.0,121.0,208.0,4.0,721.0,117.0,0
5.0,2206.0,87.0,16.0,6.0,1042.0,78.0,0
15.0,250.0,173.0,268.0,1.0,470.0,155.0,0
11.0,6625.0,233.0,139.0,3.0,430.0,119.0,0
14.0,1550.0,217.0,60.0,7.0,950.0,225.0,0
14.0,1839.0,216.0,197.0,3.0,595.0,183.0,1
14.0,1630.0,60.0,159.0,1.0,1095.0,115.0,1
5.0,2497.0,16.0,213.0,4.0,730.0,106.0,0
12.0,6433.0,80.0,154.0,6.0,1164.0,205.0,1
15.0,1594.0,236.0,79.0,1.0,795.0,130.0,0
15.0,1540.0,236.0,153.0,5.0,965.0,70.0,0
7.0,362.0,79.0,251.0,7.0,690.0,143.0,1
5.0,2392.0,217.0,197.0,4.0,742.0,187.0,0
4.0,1861.0,217.0,135.0,4.0,982.0,153.0,0
12.0,4631.0,153.0,154.0,4.0,570.0,75.0,0
13.0,784.0,227.0,79.0,6.0,789.0,124.0,1
15.0,2312.0,45.0,104.0,6.0,405.0,160.0,1
10.0,3373.0,68.0,80.0,5.0,495.0,80.0,1
10.0,3263.0,80.0,118.0,7.0,1295.0,50.0,0
13.0,756.0,253.0,79.0,5.0,348.0,158.0,1
6.0,5339.0,278.0,16.0,4.0,435.0,77.0,0
16.0,2144.0,238.0,58.0,4.0,1135.0,67.0,0
14.0,1567.0,134.0,60.0,3.0,420.0,87.0,0
6.0,5488.0,115.0,16.0,4.0,505.0,86.0,0
14.0,1991.0,216.0,208.0,4.0,575.0,141.0,0
8.0,29.0,175.0,16.0,5.0,400.0,116.0,1
5.0,2191.0,16.0,277.0,1.0,746.0,85.0,0
12.0,6625.0,46.0,79.0,3.0,611.0,96.0,0
8.0,707.0,16.0,76.0,6.0,1335.0,95.0,0
1.0,1034.0,80.0,135.0,3.0,880.0,65.0,0
12.0,6271.0,208.0,109.0,1.0,394.0,51.0,0
11.0,6578.0,85.0,290.0,1.0,520.0,147.0,0
15.0,1440.0,277.0,175.0,4.0,775.0,165.0,0
14.0,592.0,261.0,217.0,1.0,645.0,99.0,1
10.0,3266.0,41.0,80.0,5.0,640.0,85.0,0
13.0,55.0,214.0,253.0,3.0,794.0,108.0,0
10.0,4341.0,208.0,234.0,5.0,460.0,115.0,0
8.0,764.0,16.0,213.0,4.0,615.0,112.0,0
10.0,4532.0,33.0,78.0,6.0,660.0,95.0,0
8.0,233.0,16.0,234.0,7.0,802.0,85.0,0
17.0,2644.0,60.0,200.0,3.0,1220.0,63.0,0
6.0,5178.0,16.0,290.0,4.0,665.0,122.0,0
13.0,541.0,35.0,208.0,3.0,922.0,168.0,0
1.0,563.0,290.0,80.0,1.0,930.0,75.0,1
1.0,2065.0,178.0,80.0,5.0,380.0,95.0,0
7.0,386.0,79.0,104.0,5.0,510.0,227.0,0
1.0,2057.0,208.0,260.0,3.0,495.0,270.0,1
16.0,3103.0,273.0,58.0,7.0,1105.0,72.0,1
11.0,6762.0,204.0,197.0,7.0,435.0,129.0,0
6.0,7366.0,177.0,190.0,4.0,570.0,82.0,0
14.0,1183.0,216.0,80.0,3.0,845.0,232.0,1
13.0,952.0,217.0,134.0,5.0,589.0,255.0,0
8.0,511.0,80.0,184.0,5.0,941.0,135.0,0
12.0,6332.0,214.0,93.0,7.0,916.0,36.0,1
8.0,51.0,16.0,154.0,4.0,1195.0,320.0,0
4.0,1758.0,135.0,78.0,3.0,1060.0,165.0,1
15.0,2622.0,35.0,216.0,3.0,1220.0,100.0,1
13.0,367.0,79.0,34.0,4.0,834.0,121.0,0
5.0,1727.0,16.0,104.0,3.0,575.0,129.0,0
4.0,62.0,135.0,96.0,3.0,865.0,210.0,1
17.0,2621.0,134.0,60.0,7.0,825.0,91.0,0
1.0,1154.0,80.0,136.0,3.0,765.0,75.0,0
12.0,7032.0,154.0,292.0,4.0,771.0,70.0,0
13.0,753.0,253.0,79.0,6.0,770.0,156.0,0
4.0,1192.0,96.0,35.0,3.0,1170.0,74.0,1
12.0,6338.0,154.0,243.0,4.0,966.0,47.0,0
12.0,6878.0,79.0,258.0,4.0,551.0,162.0,0
5.0,420.0,260.0,16.0,6.0,580.0,238.0,0
8.0,310.0,16.0,60.0,7.0,610.0,71.0,0
13.0,486.0,18.0,134.0,4.0,713.0,194.0,0
8.0,1039.0,277.0,221.0,5.0,889.0,137.0,0
1.0,442.0,253.0,183.0,7.0,765.0,320.0,0
5.0,2805.0,154.0,198.0,1.0,718.0,222.0,0
12.0,6304.0,79.0,28.0,4.0,919.0,86.0,1
12.0,4607.0,261.0,172.0,1.0,630.0,142.0,1
13.0,449.0,12.0,208.0,5.0,460.0,145.0,0
11.0,6285.0,56.0,85.0,1.0,820.0,97.0,0
15.0,3329.0,221.0,175.0,6.0,530.0,100.0,0
5.0,1151.0,197.0,253.0,5.0,855.0,250.0,1
12.0,6493.0,252.0,214.0,4.0,705.0,47.0,1
10.0,3256.0,118.0,80.0,7.0,360.0,50.0,0
5.0,2474.0,173.0,197.0,7.0,1085.0,206.0,1
10.0,4028.0,147.0,208.0,1.0,1035.0,170.0,0
14.0,578.0,217.0,277.0,7.0,595.0,238.0,0
15.0,644.0,153.0,44.0,4.0,895.0,70.0,1
12.0,4830.0,196.0,261.0,5.0,785.0,82.0,0
16.0,3022.0,135.0,116.0,7.0,1179.0,74.0,1
5.0,2712.0,16.0,208.0,6.0,1155.0,137.0,1
15.0,647.0,2.0,154.0,4.0,820.0,125.0,1
5.0,1803.0,85.0,177.0,7.0,445.0,138.0,0
3.0,136.0,241.0,148.0,3.0,789.0,162.0,0
0.0,4371.0,245.0,85.0,4.0,735.0,142.0,0
12.0,6616.0,79.0,83.0,7.0,854.0,62.0,1
12.0,4517.0,28.0,261.0,5.0,465.0,83.0,0
17.0,2929.0,172.0,217.0,7.0,1075.0,177.0,0
15.0,961.0,202.0,129.0,1.0,735.0,220.0,1
11.0,6692.0,135.0,148.0,5.0,485.0,214.0,1
15.0,2718.0,262.0,207.0,4.0,1265.0,75.0,0
0.0,4288.0,197.0,164.0,1.0,910.0,81.0,1
16.0,2145.0,205.0,135.0,6.0,837.0,132.0,0
3.0,44.0,148.0,273.0,1.0,455.0,69.0,0
10.0,3361.0,80.0,84.0,4.0,1200.0,110.0,0
12.0,7017.0,79.0,65.0,1.0,1076.0,33.0,1
6.0,5115.0,16.0,54.0,5.0,655.0,76.0,1
4.0,510.0,135.0,96.0,3.0,530.0,206.0,1
17.0,2857.0,217.0,103.0,7.0,980.0,60.0,0
15.0,1809.0,243.0,33.0,6.0,735.0,225.0,1
15.0,487.0,172.0,139.0,6.0,765.0,80.0,1
16.0,2673.0,85.0,135.0,1.0,712.0,172.0,1
10.0,3212.0,80.0,162.0,7.0,690.0,70.0,0
4.0,511.0,135.0,178.0,4.0,1255.0,73.0,0
17.0,2912.0,227.0,217.0,4.0,709.0,66.0,0
2.0,137.0,214.0,14.0,6.0,1065.0,235.0,1
2.0,503.0,264.0,252.0,7.0,720.0,168.0,0
1.0,17.0,148.0,253.0,5.0,1165.0,400.0,1
14.0,1769.0,159.0,60.0,3.0,1137.0,128.0,1
10.0,4674.0,159.0,58.0,3.0,1100.0,105.0,0
16.0,2725.0,58.0,80.0,6.0,560.0,180.0,0
11.0,6599.0,268.0,71.0,1.0,960.0,72.0,1
13.0,719.0,252.0,208.0,7.0,1412.0,223.0,0
14.0,1197.0,216.0,217.0,7.0,820.0,316.0,1
15.0,1907.0,75.0,198.0,7.0,1005.0,80.0,1
8.0,1051.0,173.0,0.0,4.0,945.0,143.0,0
2.0,578.0,214.0,243.0,7.0,625.0,143.0,0
1.0,1185.0,233.0,80.0,6.0,380.0,200.0,1
14.0,1411.0,22.0,60.0,6.0,500.0,143.0,1
15.0,1451.0,129.0,154.0,1.0,645.0,230.0,0
6.0,7101.0,47.0,208.0,6.0,607.0,128.0,1
10.0,3880.0,208.0,135.0,6.0,930.0,165.0,1
15.0,1473.0,216.0,268.0,6.0,935.0,155.0,1
8.0,1038.0,221.0,277.0,5.0,699.0,150.0,0
5.0,589.0,159.0,16.0,1.0,780.0,158.0,1
10.0,3190.0,154.0,258.0,3.0,510.0,75.0,0
14.0,46.0,44.0,217.0,1.0,745.0,85.0,0
12.0,3048.0,221.0,184.0,6.0,865.0,91.0,1
1.0,257.0,148.0,153.0,4.0,990.0,360.0,0
1.0,827.0,35.0,208.0,6.0,965.0,180.0,1
15.0,1392.0,202.0,2.0,3.0,885.0,130.0,1
13.0,239.0,198.0,154.0,6.0,439.0,261.0,0
15.0,430.0,173.0,27.0,5.0,970.0,95.0,1
1.0,1366.0,80.0,177.0,4.0,965.0,85.0,0
15.0,1714.0,268.0,172.0,5.0,1175.0,65.0,1
15.0,1154.0,243.0,253.0,1.0,495.0,100.0,1
15.0,610.0,34.0,236.0,5.0,1150.0,65.0,0
14.0,366.0,262.0,217.0,5.0,971.0,106.0,1
15.0,1503.0,139.0,79.0,4.0,1135.0,180.0,0
16.0,2894.0,68.0,135.0,3.0,795.0,65.0,0
14.0,1982.0,60.0,35.0,1.0,475.0,123.0,1
5.0,423.0,16.0,260.0,6.0,655.0,211.0,0
14.0,1239.0,216.0,198.0,3.0,590.0,202.0,1
5.0,2666.0,173.0,78.0,4.0,480.0,119.0,0
1.0,1741.0,159.0,33.0,5.0,915.0,160.0,0
15.0,1392.0,153.0,44.0,3.0,695.0,70.0,0
10.0,2991.0,80.0,73.0,1.0,640.0,140.0,0
4.0,40.0,154.0,96.0,1.0,415.0,317.0,0
15.0,1155.0,33.0,173.0,5.0,890.0,105.0,1
9.0,12.0,128.0,253.0,7.0,830.0,305.0,0
0.0,4332.0,177.0,16.0,7.0,716.0,88.0,0
1.0,1428.0,260.0,148.0,3.0,790.0,250.0,0
10.0,2838.0,245.0,80.0,1.0,440.0,180.0,0
15.0,154.0,45.0,12.0,6.0,545.0,70.0,0
14.0,960.0,33.0,60.0,1.0,780.0,74.0,0
13.0,976.0,79.0,134.0,4.0,944.0,201.0,0
8.0,1032.0,221.0,241.0,1.0,510.0,189.0,0
6.0,5027.0,187.0,16.0,7.0,360.0,130.0,0
10.0,3381.0,80.0,146.0,1.0,475.0,80.0,0
12.0,3076.0,184.0,205.0,7.0,1255.0,84.0,1
13.0,137.0,134.0,154.0,5.0,1130.0,350.0,0
4.0,767.0,135.0,252.0,3.0,900.0,281.0,1
10.0,3955.0,208.0,56.0,3.0,430.0,60.0,0
5.0,1430.0,85.0,221.0,1.0,1050.0,68.0,0
17.0,2618.0,60.0,273.0,6.0,564.0,106.0,0
1.0,2229.0,183.0,80.0,4.0,500.0,200.0,0
17.0,2831.0,217.0,280.0,7.0,1260.0,46.0,1
15.0,155.0,253.0,243.0,4.0,1150.0,85.0,0
6.0,5532.0,47.0,16.0,3.0,330.0,64.0,1
15.0,2903.0,75.0,198.0,4.0,885.0,80.0,0
1.0,1290.0,270.0,183.0,5.0,1050.0,185.0,0
13.0,956.0,79.0,208.0,4.0,712.0,144.0,0
1.0,480.0,243.0,80.0,6.0,1070.0,165.0,0
16.0,2417.0,204.0,135.0,5.0,470.0,85.0,0
16.0,2962.0,135.0,65.0,6.0,735.0,135.0,0
16.0,2465.0,135.0,170.0,5.0,1000.0,84.0,0
10.0,2847.0,54.0,80.0,5.0,740.0,190.0,0
1.0,1557.0,35.0,208.0,4.0,755.0,170.0,0
12.0,6300.0,154.0,227.0,1.0,510.0,53.0,1
1.0,1297.0,183.0,260.0,1.0,625.0,155.0,1
12.0,6844.0,208.0,85.0,6.0,961.0,77.0,1
8.0,1154.0,139.0,241.0,1.0,965.0,146.0,0
1.0,841.0,260.0,183.0,7.0,805.0,165.0,0
16.0,3073.0,58.0,119.0,7.0,1040.0,60.0,1
6.0,5540.0,256.0,16.0,3.0,732.0,103.0,1
1.0,511.0,80.0,65.0,3.0,690.0,115.0,1
12.0,6610.0,114.0,79.0,7.0,933.0,52.0,0
12.0,6871.0,192.0,79.0,7.0,948.0,97.0,0
14.0,647.0,217.0,207.0,1.0,675.0,78.0,0
7.0,466.0,184.0,219.0,7.0,458.0,165.0,0
5.0,1430.0,85.0,221.0,4.0,1050.0,68.0,0
17.0,2904.0,162.0,60.0,3.0,442.0,117.0,0
15.0,867.0,170.0,75.0,5.0,1120.0,65.0,0
5.0,1417.0,16.0,79.0,3.0,1045.0,204.0,1
5.0,84.0,16.0,148.0,5.0,1045.0,150.0,1
5.0,2215.0,85.0,79.0,5.0,525.0,203.0,0
12.0,6246.0,154.0,100.0,4.0,515.0,68.0,0
0.0,3803.0,16.0,58.0,5.0,1265.0,108.0,0
15.0,2697.0,45.0,27.0,1.0,620.0,135.0,1
1.0,606.0,80.0,260.0,1.0,965.0,265.0,1
10.0,4027.0,208.0,290.0,3.0,1280.0,105.0,1
15.0,684.0,228.0,217.0,1.0,770.0,365.0,0
8.0,912.0,184.0,45.0,5.0,360.0,120.0,0
10.0,3842.0,197.0,208.0,4.0,350.0,95.0,0
15.0,400.0,173.0,175.0,4.0,1090.0,175.0,0
5.0,378.0,16.0,209.0,4.0,1155.0,105.0,0
15.0,378.0,244.0,75.0,1.0,1025.0,55.0,0
13.0,573.0,243.0,253.0,6.0,780.0,101.0,0
6.0,7100.0,47.0,208.0,7.0,360.0,128.0,1
1.0,2.0,154.0,148.0,1.0,560.0,332.0,0
17.0,2730.0,177.0,217.0,7.0,450.0,223.0,0
10.0,3641.0,183.0,61.0,4.0,1045.0,160.0,0
14.0,954.0,104.0,216.0,7.0,465.0,156.0,0
13.0,215.0,173.0,79.0,5.0,926.0,249.0,0
14.0,1239.0,216.0,198.0,7.0,590.0,202.0,0
4.0,291.0,183.0,135.0,7.0,703.0,165.0,1
12.0,6594.0,221.0,79.0,3.0,1138.0,229.0,0
6.0,7117.0,208.0,71.0,3.0,975.0,69.0,1
15.0,1441.0,154.0,202.0,5.0,435.0,75.0,0
1.0,349.0,104.0,80.0,3.0,950.0,195.0,0
7.0,667.0,79.0,253.0,3.0,1275.0,156.0,1
15.0,831.0,244.0,217.0,3.0,700.0,150.0,0
10.0,2930.0,80.0,256.0,3.0,1090.0,55.0,1
12.0,6733.0,285.0,79.0,5.0,543.0,214.0,0
0.0,3762.0,16.0,215.0,3.0,915.0,102.0,1
5.0,1984.0,16.0,221.0,4.0,445.0,97.0,0
5.0,2513.0,197.0,16.0,3.0,380.0,167.0,1
15.0,507.0,277.0,153.0,7.0,435.0,310.0,1
15.0,340.0,217.0,172.0,7.0,1050.0,150.0,1
10.0,3228.0,10.0,80.0,4.0,1015.0,75.0,0
15.0,130.0,154.0,202.0,4.0,790.0,75.0,0
1.0,2438.0,80.0,79.0,5.0,1050.0,125.0,0
15.0,300.0,197.0,268.0,7.0,1150.0,90.0,0
10.0,4582.0,159.0,60.0,6.0,510.0,125.0,0
13.0,758.0,79.0,136.0,5.0,815.0,82.0,0
5.0,2819.0,159.0,71.0,6.0,485.0,134.0,0
5.0,2435.0,78.0,277.0,7.0,595.0,140.0,0
16.0,2795.0,279.0,135.0,4.0,567.0,89.0,0
0.0,3811.0,71.0,285.0,7.0,1240.0,58.0,1
15.0,938.0,154.0,262.0,3.0,1040.0,80.0,1
10.0,4383.0,148.0,268.0,5.0,1110.0,190.0,0
10.0,3649.0,183.0,71.0,7.0,680.0,160.0,1
6.0,5451.0,16.0,288.0,4.0,988.0,77.0,0
7.0,173.0,80.0,79.0,5.0,1163.0,119.0,0
5.0,2573.0,16.0,183.0,4.0,450.0,115.0,0
17.0,7306.0,134.0,273.0,7.0,508.0,72.0,0
11.0,6681.0,216.0,85.0,1.0,878.0,117.0,0
9.0,218.0,128.0,150.0,5.0,352.0,41.0,0
1.0,621.0,80.0,252.0,4.0,640.0,260.0,1
0.0,3918.0,244.0,177.0,5.0,709.0,116.0,0
15.0,151.0,214.0,262.0,7.0,695.0,85.0,0
13.0,867.0,253.0,154.0,5.0,724.0,93.0,0
6.0,7316.0,177.0,135.0,7.0,825.0,103.0,0
0.0,4156.0,177.0,184.0,1.0,865.0,108.0,1
13.0,760.0,253.0,208.0,3.0,792.0,253.0,0
6.0,7369.0,256.0,177.0,5.0,695.0,68.0,0
1.0,2556.0,153.0,148.0,7.0,655.0,310.0,0
1.0,1782.0,173.0,148.0,6.0,1180.0,155.0,0
5.0,2347.0,159.0,16.0,1.0,900.0,163.0,0
15.0,147.0,173.0,45.0,5.0,1170.0,125.0,1
7.0,551.0,79.0,243.0,4.0,1088.0,141.0,0
7.0,371.0,79.0,154.0,3.0,1000.0,142.0,1
5.0,1165.0,233.0,16.0,7.0,435.0,100.0,0
1.0,739.0,159.0,80.0,3.0,670.0,245.0,0
12.0,3117.0,48.0,184.0,4.0,1120.0,84.0,0
15.0,1869.0,79.0,111.0,6.0,1175.0,155.0,1
1.0,1743.0,80.0,172.0,3.0,885.0,90.0,1
15.0,2384.0,33.0,233.0,4.0,500.0,85.0,1
10.0,3649.0,183.0,71.0,5.0,680.0,160.0,0
15.0,1752.0,91.0,75.0,1.0,830.0,90.0,1
4.0,1678.0,244.0,135.0,7.0,1010.0,65.0,1
16.0,2246.0,135.0,16.0,5.0,445.0,118.0,0
11.0,6485.0,148.0,35.0,3.0,750.0,78.0,0
2.0,62.0,149.0,257.0,1.0,632.0,45.0,0
10.0,3698.0,71.0,183.0,6.0,1160.0,160.0,1
16.0,5938.0,208.0,279.0,7.0,1200.0,119.0,0
4.0,377.0,241.0,96.0,6.0,903.0,173.0,1
6.0,5447.0,16.0,41.0,1.0,815.0,97.0,1
15.0,1646.0,75.0,18.0,6.0,1095.0,55.0,1
5.0,2991.0,261.0,264.0,5.0,1305.0,118.0,0
1.0,6.0,203.0,80.0,3.0,1080.0,420.0,0
10.0,4532.0,33.0,78.0,4.0,660.0,95.0,0
12.0,6507.0,79.0,258.0,5.0,914.0,156.0,0
6.0,5280.0,177.0,33.0,5.0,1140.0,62.0,0
14.0,1463.0,104.0,60.0,3.0,895.0,119.0,0
15.0,619.0,236.0,153.0,7.0,880.0,70.0,1
1.0,826.0,80.0,244.0,1.0,780.0,65.0,1
15.0,643.0,262.0,217.0,5.0,1160.0,110.0,1
12.0,4461.0,264.0,261.0,5.0,674.0,106.0,0
12.0,4659.0,28.0,261.0,5.0,778.0,80.0,0
5.0,1035.0,134.0,16.0,5.0,575.0,115.0,0
17.0,2664.0,244.0,60.0,4.0,785.0,157.0,0
1.0,1654.0,80.0,264.0,5.0,980.0,200.0,1
14.0,1744.0,60.0,216.0,5.0,390.0,97.0,0
0.0,3792.0,290.0,85.0,4.0,585.0,136.0,0
12.0,6981.0,280.0,79.0,5.0,824.0,110.0,0
5.0,1832.0,208.0,197.0,7.0,900.0,90.0,1
6.0,7310.0,205.0,85.0,5.0,1072.0,118.0,1
12.0,4602.0,261.0,102.0,5.0,870.0,102.0,0
13.0,145.0,253.0,154.0,5.0,541.0,94.0,0
12.0,7004.0,253.0,248.0,7.0,462.0,67.0,1
11.0,6600.0,268.0,148.0,7.0,640.0,145.0,1
11.0,6765.0,159.0,195.0,3.0,867.0,172.0,0
15.0,3311.0,18.0,79.0,1.0,775.0,140.0,0
15.0,1296.0,217.0,175.0,5.0,905.0,205.0,0
7.0,225.0,175.0,79.0,5.0,360.0,157.0,0
0.0,3667.0,85.0,106.0,6.0,910.0,47.0,1
5.0,1903.0,16.0,153.0,4.0,810.0,270.0,0
15.0,1434.0,35.0,175.0,5.0,750.0,170.0,0
14.0,484.0,79.0,216.0,5.0,425.0,210.0,1
5.0,1321.0,85.0,277.0,1.0,530.0,171.0,0
17.0,2904.0,162.0,60.0,7.0,442.0,117.0,0
12.0,6544.0,15.0,79.0,4.0,682.0,45.0,0
1.0,1823.0,208.0,213.0,6.0,405.0,175.0,1
5.0,1871.0,261.0,217.0,7.0,520.0,102.0,0
15.0,944.0,170.0,153.0,7.0,995.0,145.0,0
15.0,1546.0,45.0,85.0,5.0,1185.0,100.0,1
0.0,4274.0,13.0,177.0,7.0,355.0,120.0,0
15.0,461.0,216.0,147.0,7.0,790.0,150.0,0
12.0,6847.0,253.0,246.0,4.0,1140.0,76.0,1
16.0,2391.0,96.0,76.0,5.0,960.0,119.0,1
5.0,1326.0,233.0,16.0,5.0,1035.0,93.0,0
6.0,5136.0,101.0,16.0,6.0,420.0,97.0,0
10.0,2808.0,80.0,187.0,1.0,875.0,115.0,0
4.0,1620.0,135.0,217.0,7.0,695.0,169.0,1
10.0,3673.0,183.0,60.0,6.0,1005.0,125.0,1
10.0,2924.0,41.0,80.0,4.0,725.0,90.0,0
12.0,6284.0,214.0,154.0,3.0,1152.0,138.0,0
13.0,262.0,134.0,233.0,4.0,510.0,72.0,0
17.0,2704.0,234.0,60.0,4.0,960.0,81.0,0
2.0,454.0,252.0,154.0,3.0,360.0,150.0,0
15.0,990.0,216.0,175.0,5.0,1185.0,160.0,0
3.0,591.0,130.0,173.0,4.0,390.0,164.0,0
1.0,1060.0,268.0,159.0,7.0,1145.0,135.0,1
8.0,70.0,104.0,16.0,6.0,1180.0,110.0,0
14.0,1878.0,216.0,35.0,4.0,975.0,85.0,0
16.0,2112.0,268.0,96.0,4.0,745.0,149.0,0
15.0,2378.0,91.0,153.0,6.0,1020.0,110.0,1
8.0,539.0,217.0,16.0,6.0,845.0,203.0,0
6.0,5212.0,177.0,87.0,7.0,570.0,87.0,0
3.0,48.0,148.0,42.0,7.0,660.0,67.0,1
3.0,1323.0,35.0,45.0,7.0,600.0,91.0,0
10.0,3337.0,10.0,80.0,3.0,685.0,75.0,1
2.0,668.0,252.0,18.0,4.0,695.0,228.0,1
15.0,1618.0,75.0,268.0,3.0,845.0,100.0,1
16.0,2586.0,139.0,96.0,5.0,705.0,118.0,1
15.0,2838.0,202.0,153.0,6.0,720.0,85.0,0
0.0,3767.0,58.0,197.0,7.0,1130.0,135.0,1
7.0,351.0,215.0,79.0,3.0,1038.0,233.0,0
10.0,2977.0,80.0,70.0,6.0,765.0,115.0,0
5.0,2023.0,35.0,85.0,6.0,537.0,148.0,0
2.0,66.0,291.0,149.0,7.0,1110.0,48.0,0
5.0,258.0,253.0,197.0,5.0,500.0,217.0,0
4.0,544.0,135.0,58.0,4.0,405.0,157.0,0
1.0,2166.0,80.0,35.0,6.0,855.0,210.0,0
1.0,526.0,80.0,277.0,1.0,745.0,135.0,1
1.0,1682.0,80.0,177.0,4.0,765.0,85.0,0
17.0,2865.0,103.0,217.0,5.0,770.0,65.0,0
5.0,2854.0,253.0,85.0,3.0,780.0,276.0,0
14.0,1746.0,173.0,216.0,7.0,475.0,142.0,0
17.0,2737.0,217.0,261.0,6.0,880.0,101.0,0
15.0,1165.0,202.0,217.0,1.0,750.0,115.0,1
12.0,6715.0,79.0,196.0,3.0,1304.0,135.0,0
15.0,1227.0,233.0,216.0,4.0,645.0,75.0,1
10.0,4136.0,148.0,139.0,1.0,1020.0,145.0,1
10.0,4382.0,35.0,148.0,1.0,360.0,79.0,0
1.0,1147.0,80.0,217.0,5.0,1015.0,155.0,1
10.0,2714.0,245.0,80.0,6.0,975.0,180.0,0
10.0,3731.0,208.0,197.0,4.0,1350.0,85.0,0
8.0,1745.0,173.0,221.0,4.0,1005.0,132.0,0
1.0,1543.0,80.0,244.0,3.0,705.0,65.0,0
15.0,343.0,253.0,154.0,3.0,510.0,80.0,0
6.0,5255.0,90.0,85.0,1.0,375.0,98.0,0
3.0,116.0,104.0,148.0,3.0,1040.0,175.0,0
15.0,1967.0,34.0,252.0,6.0,1100.0,85.0,0
15.0,3137.0,262.0,153.0,1.0,945.0,80.0,1
12.0,6733.0,79.0,236.0,1.0,690.0,139.0,0
0.0,4043.0,119.0,177.0,7.0,705.0,128.0,0
17.0,7263.0,134.0,172.0,7.0,1045.0,167.0,0
3.0,310.0,104.0,134.0,4.0,685.0,144.0,0
5.0,1452.0,2.0,16.0,6.0,510.0,179.0,0
15.0,1599.0,27.0,129.0,4.0,1010.0,115.0,0
10.0,3531.0,80.0,58.0,7.0,1125.0,145.0,0
2.0,190.0,98.0,14.0,7.0,1050.0,64.0,0
0.0,4117.0,238.0,16.0,7.0,390.0,145.0,0
3.0,525.0,96.0,173.0,7.0,841.0,165.0,1
15.0,1016.0,197.0,175.0,4.0,715.0,100.0,0
11.0,6617.0,85.0,19.0,5.0,620.0,103.0,0
10.0,4612.0,159.0,233.0,1.0,900.0,110.0,1
14.0,366.0,262.0,217.0,1.0,971.0,106.0,0
15.0,1265.0,251.0,175.0,5.0,470.0,75.0,0
5.0,1773.0,16.0,183.0,3.0,965.0,115.0,0
3.0,547.0,96.0,213.0,1.0,1049.0,173.0,1
12.0,6509.0,280.0,154.0,7.0,490.0,95.0,0
1.0,1538.0,44.0,80.0,5.0,810.0,180.0,0
4.0,76.0,173.0,96.0,1.0,1042.0,158.0,0
15.0,2984.0,217.0,154.0,5.0,430.0,85.0,0
15.0,1434.0,175.0,268.0,1.0,890.0,65.0,1
12.0,6689.0,19.0,208.0,6.0,410.0,109.0,1
1.0,613.0,148.0,183.0,3.0,1075.0,200.0,1
5.0,1062.0,173.0,154.0,6.0,1090.0,346.0,1
9.0,342.0,128.0,143.0,7.0,498.0,50.0,0
10.0,3028.0,154.0,100.0,3.0,1065.0,60.0,0
10.0,3669.0,183.0,221.0,5.0,1290.0,165.0,0
2.0,51.0,98.0,39.0,7.0,1088.0,87.0,0
1.0,1495.0,80.0,262.0,6.0,590.0,225.0,0
7.0,777.0,79.0,153.0,5.0,800.0,112.0,0
5.0,2704.0,16.0,233.0,4.0,1370.0,81.0,0
4.0,1590.0,135.0,183.0,6.0,459.0,141.0,1
15.0,738.0,217.0,33.0,5.0,620.0,195.0,0
14.0,634.0,258.0,217.0,3.0,750.0,105.0,0
1.0,2036.0,65.0,80.0,5.0,790.0,110.0,0
1.0,598.0,80.0,233.0,5.0,1175.0,150.0,0
13.0,181.0,35.0,253.0,4.0,889.0,408.0,0
16.0,2131.0,135.0,68.0,4.0,1285.0,59.0,0
15.0,755.0,75.0,244.0,7.0,990.0,65.0,1
5.0,1168.0,154.0,104.0,5.0,1360.0,285.0,0
1.0,1309.0,80.0,253.0,3.0,830.0,235.0,0
5.0,2592.0,217.0,197.0,6.0,980.0,185.0,0
17.0,2741.0,153.0,154.0,3.0,690.0,68.0,0
13.0,778.0,134.0,173.0,3.0,739.0,147.0,0
14.0,458.0,261.0,217.0,5.0,1200.0,97.0,0
0.0,4095.0,197.0,247.0,6.0,1170.0,87.0,1
12.0,7011.0,154.0,214.0,7.0,504.0,141.0,0
1.0,118.0,154.0,148.0,1.0,435.0,325.0,0
10.0,2942.0,80.0,62.0,3.0,1130.0,115.0,0
1.0,1119.0,78.0,183.0,3.0,800.0,160.0,1
3.0,480.0,154.0,35.0,5.0,1439.0,321.0,0
5.0,1411.0,85.0,79.0,4.0,715.0,190.0,0
6.0,4951.0,16.0,71.0,5.0,1007.0,88.0,1
13.0,271.0,216.0,79.0,1.0,1032.0,263.0,0
13.0,651.0,96.0,208.0,5.0,1051.0,160.0,0
15.0,2282.0,243.0,262.0,6.0,565.0,95.0,1
15.0,1309.0,153.0,261.0,6.0,950.0,80.0,0
2.0,854.0,161.0,252.0,7.0,540.0,329.0,1
13.0,537.0,35.0,253.0,1.0,479.0,410.0,0
5.0,1026.0,85.0,16.0,3.0,725.0,129.0,1
15.0,2484.0,27.0,153.0,6.0,885.0,255.0,1
1.0,595.0,16.0,183.0,3.0,465.0,115.0,1
10.0,3035.0,154.0,246.0,4.0,1290.0,40.0,0
8.0,526.0,277.0,45.0,1.0,450.0,130.0,0
10.0,4649.0,159.0,197.0,3.0,1125.0,180.0,1
10.0,4194.0,21.0,208.0,6.0,1060.0,60.0,0
0.0,3958.0,251.0,16.0,3.0,1080.0,87.0,1
17.0,2840.0,292.0,217.0,1.0,525.0,74.0,0
12.0,6610.0,114.0,79.0,4.0,934.0,52.0,0
14.0,2124.0,159.0,35.0,3.0,660.0,68.0,0
13.0,254.0,79.0,208.0,7.0,1044.0,143.0,1
5.0,1084.0,14.0,197.0,6.0,360.0,326.0,0
5.0,2953.0,85.0,261.0,4.0,1034.0,239.0,1
1.0,719.0,183.0,277.0,5.0,1080.0,60.0,0
13.0,388.0,277.0,79.0,1.0,449.0,247.0,0
12.0,4680.0,261.0,93.0,5.0,692.0,115.0,0
16.0,2536.0,58.0,16.0,3.0,450.0,117.0,1
6.0,7397.0,52.0,16.0,5.0,885.0,56.0,0
4.0,798.0,96.0,253.0,3.0,525.0,401.0,1
15.0,683.0,173.0,104.0,5.0,680.0,60.0,0
10.0,4338.0,85.0,208.0,6.0,1110.0,90.0,1
12.0,4887.0,208.0,197.0,7.0,995.0,97.0,1
12.0,4749.0,261.0,207.0,7.0,913.0,98.0,0
15.0,756.0,75.0,18.0,3.0,615.0,50.0,0
14.0,702.0,217.0,216.0,1.0,705.0,265.0,0
17.0,2766.0,44.0,217.0,5.0,585.0,88.0,0
4.0,1533.0,135.0,18.0,4.0,1265.0,54.0,0
8.0,1412.0,241.0,106.0,5.0,640.0,176.0,1
5.0,2868.0,197.0,117.0,7.0,625.0,66.0,0
6.0,7093.0,134.0,61.0,5.0,754.0,80.0,0
2.0,347.0,202.0,252.0,5.0,420.0,120.0,0
6.0,5564.0,138.0,16.0,6.0,360.0,88.0,0
13.0,999.0,269.0,260.0,6.0,860.0,46.0,0
5.0,2235.0,197.0,107.0,6.0,1170.0,60.0,1
15.0,2986.0,131.0,129.0,5.0,1155.0,60.0,1
16.0,3097.0,96.0,139.0,1.0,720.0,135.0,1
10.0,4522.0,148.0,78.0,7.0,510.0,90.0,0
14.0,1125.0,60.0,135.0,1.0,570.0,168.0,1
14.0,1463.0,104.0,60.0,4.0,895.0,119.0,0
12.0,6492.0,79.0,64.0,4.0,1169.0,81.0,0
1.0,1197.0,80.0,244.0,5.0,1125.0,65.0,1
15.0,1589.0,35.0,45.0,1.0,625.0,90.0,0
13.0,49.0,134.0,154.0,3.0,762.0,346.0,1
15.0,411.0,153.0,253.0,5.0,840.0,95.0,0
11.0,6379.0,35.0,148.0,7.0,360.0,88.0,0
3.0,685.0,35.0,78.0,5.0,799.0,101.0,1
15.0,429.0,175.0,22.0,7.0,1230.0,120.0,1
15.0,896.0,244.0,277.0,3.0,835.0,140.0,1
5.0,2038.0,16.0,78.0,7.0,920.0,103.0,1
3.0,1150.0,173.0,229.0,5.0,770.0,168.0,0
14.0,1790.0,153.0,60.0,7.0,850.0,248.0,1
12.0,6473.0,140.0,154.0,4.0,865.0,65.0,0
15.0,994.0,75.0,198.0,6.0,1190.0,75.0,0
5.0,1167.0,16.0,264.0,4.0,980.0,296.0,1
14.0,2023.0,35.0,78.0,4.0,420.0,100.0,0
5.0,1665.0,197.0,172.0,1.0,900.0,92.0,1
4.0,1045.0,58.0,135.0,4.0,360.0,190.0,0
17.0,2695.0,217.0,100.0,7.0,889.0,105.0,0
15.0,1338.0,159.0,175.0,1.0,1085.0,160.0,1
14.0,1446.0,154.0,216.0,5.0,1330.0,292.0,0
8.0,1451.0,213.0,130.0,7.0,908.0,166.0,0
6.0,7081.0,134.0,76.0,1.0,755.0,88.0,1
12.0,7016.0,130.0,208.0,7.0,720.0,156.0,0
5.0,2638.0,16.0,78.0,3.0,560.0,108.0,1
5.0,1695.0,43.0,16.0,3.0,711.0,139.0,1
15.0,2285.0,141.0,175.0,6.0,980.0,160.0,0
1.0,434.0,80.0,279.0,3.0,925.0,60.0,1
1.0,1205.0,216.0,80.0,1.0,500.0,240.0,0
2.0,232.0,252.0,243.0,5.0,390.0,154.0,0
1.0,971.0,16.0,183.0,1.0,380.0,110.0,0
16.0,2957.0,135.0,280.0,6.0,1102.0,154.0,1
1.0,1406.0,205.0,80.0,5.0,360.0,125.0,0
14.0,1040.0,45.0,60.0,1.0,535.0,96.0,1
16.0,2695.0,135.0,27.0,6.0,920.0,89.0,1
15.0,3669.0,153.0,44.0,3.0,1185.0,65.0,1
12.0,6632.0,79.0,254.0,1.0,610.0,107.0,0
11.0,6332.0,58.0,71.0,5.0,440.0,76.0,0
2.0,325.0,258.0,252.0,7.0,745.0,127.0,0
8.0,619.0,198.0,184.0,6.0,1080.0,135.0,0
15.0,1946.0,243.0,217.0,6.0,480.0,70.0,0
5.0,1589.0,216.0,85.0,7.0,560.0,119.0,0
17.0,7269.0,16.0,134.0,4.0,1158.0,110.0,0
17.0,2735.0,217.0,160.0,5.0,520.0,82.0,0
1.0,1104.0,268.0,159.0,4.0,890.0,140.0,0
1.0,1211.0,85.0,80.0,7.0,805.0,175.0,0
10.0,3932.0,254.0,208.0,6.0,485.0,95.0,0
14.0,2172.0,78.0,159.0,1.0,780.0,85.0,0
5.0,2495.0,16.0,268.0,7.0,735.0,104.0,0
15.0,2983.0,111.0,202.0,7.0,1050.0,130.0,0
2.0,502.0,252.0,264.0,4.0,390.0,161.0,0
4.0,169.0,153.0,96.0,1.0,702.0,287.0,1
3.0,68.0,104.0,148.0,7.0,360.0,160.0,1
0.0,4341.0,233.0,277.0,6.0,860.0,120.0,0
15.0,821.0,154.0,153.0,7.0,475.0,60.0,0
8.0,436.0,16.0,184.0,6.0,791.0,118.0,0
0.0,4198.0,209.0,148.0,7.0,627.0,93.0,0
0.0,4043.0,119.0,177.0,6.0,705.0,128.0,0
16.0,2618.0,251.0,135.0,6.0,880.0,149.0,0
16.0,2102.0,156.0,135.0,1.0,420.0,44.0,0
12.0,4649.0,46.0,261.0,1.0,1057.0,73.0,0
8.0,853.0,16.0,173.0,4.0,615.0,95.0,1
15.0,3147.0,154.0,258.0,1.0,575.0,65.0,1
4.0,224.0,58.0,96.0,3.0,675.0,92.0,1
12.0,6291.0,91.0,154.0,3.0,958.0,137.0,0
15.0,760.0,228.0,175.0,5.0,390.0,165.0,0
4.0,1468.0,96.0,153.0,3.0,895.0,348.0,1
1.0,1548.0,65.0,80.0,7.0,670.0,105.0,0
0.0,4073.0,109.0,16.0,4.0,1020.0,109.0,1
12.0,6305.0,227.0,154.0,7.0,1122.0,43.0,0
6.0,4942.0,147.0,78.0,6.0,360.0,112.0,1
8.0,122.0,277.0,16.0,3.0,931.0,95.0,0
10.0,2703.0,80.0,190.0,3.0,565.0,90.0,1
14.0,195.0,216.0,217.0,1.0,415.0,317.0,1
15.0,1763.0,216.0,233.0,7.0,845.0,80.0,0
1.0,1738.0,260.0,216.0,6.0,1200.0,250.0,0
9.0,258.0,128.0,150.0,1.0,737.0,43.0,0
14.0,1028.0,216.0,173.0,1.0,820.0,152.0,1
15.0,170.0,214.0,153.0,4.0,720.0,125.0,1
13.0,176.0,208.0,134.0,6.0,972.0,117.0,0
16.0,5905.0,208.0,195.0,1.0,484.0,48.0,1
16.0,3070.0,96.0,60.0,3.0,1260.0,119.0,0
12.0,6371.0,110.0,79.0,1.0,463.0,92.0,1
1.0,1292.0,264.0,80.0,4.0,530.0,170.0,0
0.0,4185.0,177.0,80.0,1.0,560.0,107.0,1
16.0,2948.0,135.0,184.0,5.0,955.0,150.0,0
8.0,1078.0,173.0,130.0,7.0,650.0,152.0,0
6.0,5532.0,47.0,16.0,5.0,330.0,64.0,1
8.0,36.0,16.0,175.0,6.0,1113.0,106.0,0
10.0,2768.0,121.0,80.0,3.0,1025.0,170.0,0
3.0,596.0,173.0,130.0,1.0,989.0,151.0,1
16.0,2488.0,135.0,60.0,6.0,942.0,138.0,0
10.0,4056.0,208.0,71.0,6.0,550.0,75.0,0
5.0,1286.0,209.0,16.0,4.0,883.0,117.0,0
12.0,7797.0,261.0,271.0,7.0,474.0,72.0,1
11.0,6519.0,96.0,71.0,7.0,1170.0,140.0,0
10.0,4063.0,117.0,208.0,6.0,640.0,60.0,0
14.0,819.0,200.0,60.0,6.0,440.0,56.0,0
15.0,795.0,204.0,129.0,4.0,1075.0,80.0,1
15.0,821.0,154.0,153.0,5.0,475.0,60.0,1
12.0,7806.0,261.0,64.0,6.0,669.0,89.0,0
17.0,2658.0,60.0,58.0,6.0,885.0,98.0,0
10.0,3796.0,135.0,208.0,3.0,665.0,155.0,1
14.0,1937.0,35.0,216.0,6.0,435.0,101.0,0
0.0,4147.0,85.0,43.0,5.0,825.0,75.0,1
7.0,413.0,79.0,154.0,5.0,790.0,142.0,0
10.0,4605.0,233.0,159.0,1.0,980.0,95.0,1
15.0,1770.0,33.0,268.0,7.0,600.0,70.0,1
0.0,3755.0,272.0,85.0,7.0,360.0,120.0,1
15.0,225.0,277.0,268.0,5.0,705.0,145.0,0
17.0,2830.0,244.0,60.0,7.0,1035.0,162.0,0
14.0,1032.0,60.0,0.0,4.0,1215.0,100.0,0
14.0,728.0,80.0,216.0,7.0,915.0,185.0,0
11.0,6278.0,71.0,96.0,1.0,905.0,126.0,1
16.0,3143.0,58.0,213.0,4.0,520.0,169.0,0
5.0,1105.0,16.0,261.0,7.0,445.0,253.0,0
6.0,7115.0,134.0,148.0,5.0,1323.0,74.0,0
5.0,1655.0,16.0,154.0,4.0,575.0,305.0,1
15.0,1191.0,262.0,79.0,6.0,740.0,140.0,0
3.0,334.0,173.0,134.0,5.0,885.0,120.0,0
0.0,3839.0,33.0,85.0,7.0,1103.0,115.0,1
2.0,661.0,80.0,252.0,1.0,830.0,262.0,1
14.0,662.0,217.0,264.0,7.0,895.0,78.0,0
17.0,2829.0,261.0,217.0,6.0,1020.0,94.0,0
14.0,2121.0,35.0,159.0,4.0,540.0,81.0,0
5.0,1007.0,172.0,16.0,7.0,1068.0,127.0,0
1.0,2307.0,208.0,80.0,6.0,545.0,155.0,1
15.0,1022.0,45.0,79.0,1.0,870.0,255.0,1
6.0,5039.0,16.0,146.0,1.0,570.0,85.0,1
17.0,2976.0,91.0,217.0,6.0,735.0,81.0,0
14.0,220.0,153.0,217.0,6.0,400.0,74.0,0
16.0,5910.0,33.0,208.0,1.0,477.0,107.0,0
17.0,2710.0,217.0,264.0,5.0,1019.0,78.0,0
9.0,29.0,252.0,203.0,6.0,630.0,370.0,1
0.0,3704.0,75.0,177.0,4.0,705.0,90.0,0
16.0,3006.0,135.0,134.0,6.0,451.0,168.0,0
6.0,5338.0,158.0,177.0,5.0,1007.0,77.0,0
10.0,2916.0,80.0,288.0,4.0,485.0,110.0,1
12.0,6315.0,253.0,24.0,7.0,445.0,74.0,0
15.0,1165.0,202.0,217.0,5.0,750.0,115.0,1
17.0,2855.0,217.0,103.0,3.0,880.0,66.0,0
1.0,161.0,154.0,203.0,7.0,1035.0,360.0,0
16.0,2372.0,116.0,135.0,4.0,870.0,80.0,0
12.0,4870.0,261.0,79.0,4.0,1210.0,83.0,1
15.0,2218.0,12.0,173.0,6.0,525.0,195.0,1
8.0,910.0,16.0,215.0,7.0,1067.0,84.0,0
17.0,2646.0,200.0,60.0,6.0,560.0,63.0,0
0.0,4195.0,85.0,166.0,3.0,523.0,97.0,0
15.0,1257.0,146.0,173.0,6.0,795.0,100.0,0
6.0,4951.0,91.0,16.0,1.0,669.0,178.0,1
15.0,1153.0,207.0,153.0,1.0,935.0,55.0,0
15.0,815.0,268.0,251.0,5.0,540.0,60.0,0
15.0,1109.0,153.0,214.0,4.0,995.0,140.0,0
0.0,3891.0,175.0,85.0,1.0,420.0,84.0,0
4.0,5.0,135.0,198.0,5.0,1105.0,71.0,0
15.0,134.0,243.0,79.0,1.0,395.0,140.0,0
15.0,3101.0,154.0,258.0,5.0,845.0,65.0,1
14.0,1453.0,60.0,198.0,5.0,795.0,123.0,0
16.0,2319.0,96.0,182.0,6.0,880.0,62.0,0
13.0,274.0,16.0,208.0,6.0,580.0,133.0,1
14.0,1118.0,60.0,229.0,5.0,1090.0,129.0,0
15.0,1751.0,268.0,61.0,4.0,540.0,75.0,0
13.0,471.0,79.0,243.0,3.0,495.0,148.0,1
5.0,1829.0,85.0,183.0,7.0,515.0,190.0,1
14.0,758.0,208.0,216.0,1.0,710.0,115.0,0
2.0,82.0,14.0,252.0,3.0,570.0,200.0,0
13.0,300.0,79.0,84.0,7.0,752.0,99.0,0
15.0,960.0,45.0,228.0,4.0,910.0,70.0,1
16.0,3025.0,33.0,135.0,4.0,898.0,129.0,1
2.0,457.0,154.0,252.0,3.0,1050.0,165.0,0
12.0,7791.0,271.0,261.0,5.0,909.0,66.0,0
10.0,3612.0,27.0,183.0,5.0,370.0,115.0,0
16.0,5932.0,208.0,42.0,7.0,1021.0,120.0,0
12.0,6683.0,79.0,261.0,4.0,1116.0,96.0,0
12.0,6444.0,263.0,154.0,1.0,865.0,57.0,0
15.0,115.0,79.0,261.0,7.0,915.0,90.0,1
6.0,5416.0,158.0,16.0,6.0,575.0,101.0,1
15.0,1673.0,173.0,182.0,6.0,1100.0,165.0,0
15.0,1723.0,253.0,243.0,3.0,1015.0,85.0,1
5.0,2380.0,147.0,16.0,4.0,637.0,76.0,1
9.0,106.0,128.0,203.0,6.0,317.0,36.0,0
12.0,6830.0,154.0,34.0,5.0,1005.0,117.0,0
5.0,2035.0,184.0,16.0,3.0,990.0,130.0,0
6.0,5580.0,268.0,78.0,5.0,420.0,123.0,0
9.0,239.0,128.0,161.0,1.0,995.0,37.0,0
14.0,66.0,153.0,35.0,7.0,1335.0,292.0,0
1.0,1847.0,18.0,80.0,6.0,570.0,65.0,0
15.0,1820.0,154.0,253.0,6.0,1045.0,75.0,0
5.0,2373.0,16.0,183.0,7.0,595.0,120.0,1
13.0,711.0,216.0,208.0,7.0,741.0,144.0,0
1.0,575.0,183.0,260.0,5.0,465.0,145.0,0
8.0,461.0,45.0,16.0,5.0,365.0,126.0,0
12.0,7048.0,79.0,136.0,5.0,616.0,80.0,0
3.0,1100.0,233.0,148.0,1.0,420.0,87.0,0
15.0,3059.0,214.0,261.0,3.0,985.0,105.0,0
14.0,288.0,258.0,217.0,4.0,1155.0,105.0,1
11.0,6680.0,85.0,120.0,3.0,605.0,113.0,0
15.0,370.0,214.0,258.0,4.0,385.0,105.0,1
11.0,6445.0,85.0,17.0,1.0,920.0,87.0,0
12.0,4873.0,65.0,261.0,5.0,1140.0,96.0,0
10.0,4203.0,208.0,61.0,1.0,405.0,75.0,0
14.0,1634.0,277.0,60.0,3.0,720.0,100.0,1
1.0,179.0,148.0,253.0,7.0,595.0,390.0,0
13.0,724.0,79.0,172.0,5.0,1228.0,102.0,0
15.0,796.0,202.0,153.0,5.0,980.0,85.0,1
5.0,1149.0,154.0,128.0,7.0,1080.0,369.0,0
15.0,348.0,153.0,182.0,1.0,845.0,290.0,1
15.0,322.0,33.0,129.0,7.0,565.0,130.0,0
5.0,2223.0,14.0,261.0,5.0,85.0,270.0,0
1.0,549.0,104.0,208.0,5.0,450.0,195.0,0
15.0,1079.0,277.0,198.0,5.0,855.0,100.0,1
6.0,7079.0,85.0,134.0,5.0,877.0,90.0,0
13.0,333.0,208.0,172.0,1.0,595.0,97.0,0
17.0,2629.0,60.0,58.0,1.0,1065.0,96.0,0
15.0,474.0,209.0,33.0,4.0,770.0,125.0,1
15.0,1253.0,147.0,277.0,3.0,410.0,55.0,0
15.0,3067.0,172.0,75.0,5.0,1245.0,90.0,1
15.0,2025.0,207.0,258.0,1.0,575.0,70.0,0
12.0,6647.0,46.0,79.0,3.0,345.0,107.0,0
10.0,3920.0,109.0,208.0,1.0,705.0,60.0,1
15.0,3575.0,33.0,172.0,1.0,1030.0,105.0,0
14.0,1517.0,22.0,78.0,3.0,375.0,81.0,1
13.0,483.0,22.0,208.0,7.0,1060.0,157.0,0
10.0,3383.0,80.0,116.0,1.0,900.0,90.0,0
10.0,4469.0,148.0,78.0,4.0,625.0,80.0,0
16.0,3138.0,135.0,244.0,1.0,615.0,59.0,0
15.0,538.0,129.0,75.0,6.0,720.0,55.0,1
16.0,2656.0,135.0,16.0,6.0,775.0,121.0,0
1.0,1978.0,80.0,277.0,4.0,1096.0,135.0,1
16.0,2406.0,75.0,135.0,1.0,960.0,69.0,0
16.0,2794.0,172.0,135.0,5.0,981.0,122.0,0
1.0,203.0,183.0,154.0,5.0,885.0,350.0,0
17.0,7270.0,208.0,233.0,4.0,1014.0,115.0,0
10.0,4146.0,148.0,61.0,6.0,895.0,125.0,1
14.0,1869.0,60.0,33.0,7.0,1340.0,78.0,1
0.0,4386.0,119.0,197.0,3.0,1030.0,99.0,0
3.0,1432.0,160.0,253.0,7.0,1215.0,82.0,1
5.0,2349.0,16.0,253.0,6.0,905.0,320.0,0
15.0,786.0,43.0,277.0,4.0,455.0,175.0,0
5.0,2588.0,16.0,262.0,5.0,510.0,327.0,0
14.0,1624.0,60.0,208.0,6.0,1215.0,124.0,0
5.0,2092.0,277.0,85.0,4.0,1082.0,157.0,0
6.0,4949.0,146.0,16.0,7.0,677.0,85.0,0
1.0,1860.0,183.0,173.0,3.0,600.0,65.0,0
15.0,774.0,216.0,221.0,7.0,980.0,70.0,0
5.0,1854.0,16.0,61.0,7.0,1146.0,102.0,0
11.0,6617.0,85.0,19.0,6.0,620.0,103.0,0
8.0,100.0,80.0,16.0,5.0,390.0,125.0,0
17.0,2767.0,60.0,244.0,5.0,965.0,190.0,0
16.0,2505.0,234.0,96.0,4.0,1030.0,85.0,1
8.0,939.0,147.0,16.0,3.0,795.0,75.0,0
2.0,347.0,202.0,252.0,3.0,420.0,120.0,0
3.0,443.0,35.0,277.0,5.0,507.0,204.0,1
15.0,3395.0,153.0,277.0,5.0,990.0,250.0,1
3.0,458.0,104.0,35.0,3.0,1165.0,177.0,1
13.0,998.0,173.0,208.0,3.0,419.0,178.0,0
1.0,1459.0,159.0,183.0,5.0,995.0,205.0,0
15.0,1181.0,217.0,262.0,1.0,940.0,120.0,1
10.0,2711.0,80.0,47.0,5.0,450.0,130.0,0
2.0,511.0,264.0,252.0,5.0,1080.0,170.0,0
15.0,1706.0,154.0,79.0,6.0,565.0,135.0,1
16.0,3118.0,96.0,54.0,4.0,835.0,124.0,1
15.0,1229.0,217.0,202.0,3.0,1245.0,125.0,1
12.0,6315.0,253.0,24.0,5.0,449.0,74.0,1
3.0,407.0,35.0,217.0,6.0,460.0,347.0,0
3.0,765.0,173.0,37.0,3.0,1395.0,150.0,0
15.0,40.0,172.0,184.0,3.0,1160.0,80.0,1
5.0,1947.0,159.0,16.0,5.0,720.0,160.0,1
12.0,6522.0,217.0,154.0,3.0,929.0,81.0,1
15.0,1687.0,261.0,217.0,3.0,595.0,100.0,1
15.0,1652.0,205.0,79.0,6.0,490.0,105.0,0
10.0,3680.0,183.0,120.0,1.0,660.0,125.0,0
15.0,341.0,252.0,153.0,6.0,705.0,145.0,1
12.0,6625.0,79.0,46.0,7.0,478.0,110.0,0
8.0,224.0,184.0,153.0,6.0,465.0,245.0,0
3.0,462.0,241.0,35.0,5.0,657.0,179.0,0
5.0,2285.0,16.0,135.0,7.0,1150.0,145.0,0
2.0,470.0,252.0,154.0,7.0,910.0,157.0,0
6.0,5007.0,47.0,16.0,5.0,525.0,85.0,0
16.0,2236.0,197.0,96.0,3.0,854.0,165.0,0
10.0,2763.0,80.0,180.0,7.0,895.0,105.0,0
10.0,3065.0,154.0,243.0,7.0,455.0,45.0,0
1.0,1486.0,153.0,80.0,7.0,495.0,160.0,0
17.0,7309.0,273.0,208.0,1.0,410.0,140.0,0
10.0,4454.0,78.0,148.0,7.0,1080.0,80.0,1
15.0,2812.0,2.0,217.0,7.0,1150.0,75.0,1
12.0,6928.0,99.0,79.0,4.0,1187.0,122.0,0
5.0,2898.0,119.0,85.0,3.0,729.0,58.0,0
5.0,2226.0,104.0,16.0,4.0,610.0,110.0,0
13.0,842.0,208.0,154.0,1.0,488.0,277.0,0
10.0,4229.0,221.0,208.0,5.0,915.0,100.0,0
5.0,2788.0,197.0,184.0,1.0,435.0,73.0,1
12.0,6621.0,79.0,187.0,6.0,988.0,113.0,0
8.0,480.0,173.0,45.0,7.0,1270.0,127.0,0
14.0,1095.0,233.0,216.0,3.0,940.0,98.0,1
2.0,583.0,264.0,214.0,7.0,885.0,148.0,0
5.0,2264.0,80.0,177.0,5.0,360.0,92.0,1
6.0,7126.0,208.0,43.0,3.0,444.0,86.0,1
15.0,1660.0,202.0,154.0,5.0,1015.0,75.0,1
14.0,1810.0,241.0,60.0,4.0,900.0,112.0,0
0.0,4186.0,92.0,85.0,6.0,921.0,66.0,1
12.0,6349.0,72.0,208.0,3.0,801.0,68.0,1
1.0,595.0,16.0,183.0,5.0,465.0,115.0,0
12.0,6297.0,227.0,79.0,4.0,684.0,131.0,0
15.0,1971.0,198.0,129.0,7.0,1195.0,70.0,1
4.0,723.0,135.0,198.0,5.0,693.0,65.0,1
0.0,3887.0,85.0,43.0,5.0,720.0,74.0,1
14.0,1401.0,60.0,104.0,7.0,975.0,120.0,0
14.0,436.0,2.0,217.0,5.0,510.0,100.0,0
4.0,245.0,58.0,135.0,3.0,770.0,186.0,1
0.0,4185.0,221.0,177.0,5.0,430.0,143.0,0
11.0,6514.0,221.0,197.0,3.0,776.0,149.0,0
15.0,1289.0,252.0,262.0,4.0,465.0,105.0,0
5.0,2642.0,16.0,96.0,7.0,645.0,132.0,0
3.0,82.0,252.0,148.0,5.0,1307.0,301.0,0
9.0,101.0,143.0,128.0,5.0,383.0,49.0,0
12.0,6728.0,79.0,184.0,5.0,1175.0,143.0,0
15.0,348.0,153.0,182.0,3.0,845.0,290.0,1
15.0,2882.0,27.0,147.0,1.0,695.0,70.0,1
5.0,1248.0,16.0,221.0,5.0,585.0,107.0,1
3.0,1292.0,221.0,35.0,5.0,565.0,93.0,0
12.0,7781.0,89.0,261.0,7.0,330.0,70.0,0
12.0,3075.0,184.0,139.0,3.0,1195.0,62.0,1
4.0,807.0,80.0,135.0,3.0,920.0,70.0,0
12.0,6489.0,55.0,253.0,1.0,617.0,65.0,0
5.0,1498.0,104.0,159.0,7.0,420.0,174.0,1
13.0,519.0,197.0,253.0,4.0,1006.0,264.0,0
5.0,2710.0,80.0,16.0,6.0,345.0,132.0,0
15.0,3222.0,268.0,129.0,7.0,1175.0,135.0,1
15.0,166.0,154.0,253.0,4.0,770.0,75.0,1
10.0,4344.0,208.0,85.0,1.0,835.0,80.0,1
1.0,1432.0,260.0,183.0,7.0,990.0,180.0,0
15.0,3405.0,207.0,258.0,4.0,940.0,70.0,0
15.0,199.0,217.0,262.0,3.0,1190.0,125.0,1
3.0,620.0,129.0,148.0,3.0,420.0,199.0,1
10.0,2706.0,119.0,80.0,7.0,760.0,170.0,0
15.0,1530.0,154.0,258.0,6.0,1205.0,65.0,1
8.0,260.0,78.0,184.0,3.0,390.0,125.0,0
12.0,6236.0,153.0,100.0,3.0,765.0,88.0,1
12.0,6915.0,208.0,162.0,4.0,825.0,107.0,1
15.0,1047.0,209.0,175.0,1.0,990.0,135.0,0
16.0,2116.0,135.0,65.0,3.0,1112.0,141.0,0
17.0,1962.0,143.0,128.0,6.0,1165.0,47.0,0
16.0,2458.0,33.0,135.0,3.0,695.0,129.0,0
10.0,3350.0,190.0,80.0,4.0,690.0,115.0,0
6.0,5512.0,16.0,186.0,6.0,770.0,88.0,0
10.0,4015.0,147.0,208.0,1.0,365.0,160.0,0
4.0,795.0,135.0,154.0,6.0,940.0,221.0,1
15.0,1906.0,79.0,217.0,6.0,470.0,125.0,0
8.0,1585.0,30.0,16.0,1.0,1056.0,94.0,1
5.0,1554.0,154.0,16.0,4.0,860.0,261.0,0
15.0,450.0,262.0,207.0,5.0,1045.0,75.0,1
15.0,1381.0,45.0,85.0,3.0,655.0,100.0,1
5.0,2685.0,159.0,173.0,6.0,415.0,170.0,1
6.0,5055.0,16.0,53.0,5.0,1233.0,91.0,0
4.0,762.0,198.0,135.0,7.0,400.0,68.0,1
15.0,1392.0,202.0,2.0,5.0,885.0,130.0,0
12.0,6474.0,154.0,2.0,3.0,961.0,109.0,0
8.0,1944.0,16.0,173.0,4.0,620.0,95.0,0
10.0,4346.0,238.0,208.0,1.0,1005.0,125.0,1
5.0,165.0,148.0,154.0,1.0,900.0,394.0,0
1.0,581.0,78.0,268.0,4.0,430.0,140.0,0
1.0,1763.0,183.0,208.0,7.0,800.0,200.0,0
10.0,4004.0,71.0,208.0,1.0,380.0,80.0,0
14.0,149.0,217.0,61.0,3.0,599.0,226.0,0
12.0,4548.0,205.0,197.0,3.0,550.0,75.0,1
16.0,2982.0,58.0,78.0,7.0,1005.0,72.0,0
12.0,7801.0,261.0,282.0,1.0,495.0,60.0,0
8.0,1244.0,106.0,173.0,5.0,430.0,172.0,0
15.0,249.0,162.0,268.0,5.0,975.0,70.0,1
15.0,354.0,202.0,79.0,1.0,610.0,145.0,1
5.0,2787.0,99.0,197.0,3.0,420.0,81.0,1
14.0,2114.0,159.0,35.0,5.0,360.0,62.0,0
5.0,2287.0,85.0,16.0,5.0,1060.0,132.0,1
4.0,1431.0,35.0,58.0,7.0,1070.0,125.0,0
17.0,2967.0,253.0,153.0,6.0,720.0,92.0,0
5.0,1162.0,33.0,16.0,1.0,390.0,90.0,0
2.0,605.0,153.0,252.0,1.0,790.0,164.0,0
10.0,2884.0,290.0,80.0,3.0,775.0,75.0,0
13.0,108.0,208.0,153.0,6.0,1092.0,250.0,0
13.0,703.0,153.0,79.0,4.0,1065.0,118.0,0
8.0,433.0,184.0,16.0,1.0,756.0,121.0,1
0.0,4085.0,148.0,43.0,4.0,475.0,104.0,0
5.0,2862.0,154.0,148.0,4.0,1410.0,315.0,0
8.0,989.0,221.0,16.0,5.0,370.0,120.0,0
5.0,2418.0,85.0,241.0,3.0,480.0,180.0,0
16.0,2486.0,139.0,58.0,4.0,565.0,63.0,1
5.0,2312.0,261.0,14.0,3.0,1319.0,308.0,1
5.0,1774.0,267.0,16.0,6.0,1149.0,103.0,0
13.0,41.0,253.0,161.0,6.0,570.0,339.0,0
14.0,1675.0,60.0,183.0,3.0,795.0,123.0,1
5.0,2670.0,16.0,106.0,7.0,538.0,123.0,0
17.0,7292.0,208.0,54.0,5.0,1135.0,121.0,0
2.0,880.0,203.0,202.0,6.0,745.0,282.0,0
15.0,1094.0,217.0,91.0,1.0,660.0,70.0,0
12.0,6511.0,280.0,154.0,1.0,1059.0,93.0,1
5.0,2021.0,85.0,217.0,6.0,940.0,270.0,0
10.0,3244.0,80.0,41.0,4.0,420.0,80.0,0
12.0,7049.0,252.0,214.0,5.0,360.0,48.0,0
14.0,1769.0,60.0,241.0,7.0,1331.0,108.0,0
15.0,810.0,175.0,173.0,6.0,1095.0,160.0,1
6.0,5230.0,16.0,120.0,7.0,735.0,75.0,0
9.0,43.0,258.0,128.0,6.0,540.0,340.0,0
13.0,105.0,208.0,153.0,3.0,917.0,245.0,1
14.0,729.0,216.0,80.0,4.0,1085.0,234.0,0
5.0,2959.0,197.0,268.0,5.0,1170.0,96.0,1
5.0,2391.0,16.0,277.0,4.0,910.0,92.0,0
15.0,410.0,175.0,217.0,5.0,405.0,245.0,0
4.0,217.0,198.0,96.0,7.0,845.0,181.0,1
10.0,4296.0,45.0,148.0,6.0,855.0,80.0,1
14.0,2173.0,159.0,78.0,4.0,720.0,71.0,0
10.0,2927.0,80.0,94.0,1.0,540.0,110.0,0
5.0,2324.0,16.0,45.0,7.0,515.0,117.0,0
15.0,1472.0,79.0,154.0,1.0,380.0,155.0,0
15.0,1618.0,268.0,216.0,4.0,970.0,130.0,1
15.0,370.0,258.0,154.0,3.0,520.0,70.0,0
11.0,6322.0,177.0,61.0,4.0,860.0,93.0,0
0.0,3838.0,43.0,85.0,1.0,609.0,85.0,1
15.0,431.0,217.0,207.0,3.0,1050.0,70.0,1
12.0,6275.0,252.0,111.0,4.0,800.0,58.0,0
5.0,1710.0,80.0,16.0,3.0,720.0,125.0,1
15.0,540.0,217.0,221.0,3.0,760.0,240.0,1
12.0,6631.0,184.0,208.0,4.0,702.0,50.0,0
15.0,709.0,2.0,202.0,4.0,860.0,155.0,1
16.0,5974.0,208.0,20.0,4.0,1160.0,105.0,0
0.0,4034.0,43.0,85.0,5.0,925.0,75.0,1
8.0,844.0,173.0,16.0,1.0,928.0,93.0,0
10.0,3630.0,33.0,183.0,6.0,860.0,140.0,1
3.0,701.0,148.0,260.0,5.0,360.0,218.0,0
8.0,912.0,184.0,45.0,4.0,360.0,120.0,0
7.0,824.0,172.0,79.0,5.0,608.0,107.0,0
15.0,1271.0,27.0,175.0,6.0,435.0,115.0,0
12.0,4457.0,28.0,197.0,6.0,800.0,119.0,0
10.0,4373.0,62.0,208.0,5.0,555.0,55.0,0
1.0,574.0,80.0,147.0,5.0,1100.0,130.0,0
10.0,3271.0,218.0,80.0,7.0,1030.0,130.0,0
13.0,361.0,159.0,79.0,1.0,480.0,276.0,1
15.0,1176.0,182.0,216.0,6.0,715.0,100.0,0
3.0,381.0,159.0,104.0,6.0,1109.0,185.0,1
5.0,2172.0,277.0,16.0,4.0,1055.0,101.0,0
16.0,2451.0,268.0,96.0,7.0,875.0,149.0,1
10.0,4260.0,45.0,208.0,5.0,360.0,140.0,0
15.0,47.0,129.0,33.0,5.0,1170.0,105.0,0
7.0,486.0,184.0,173.0,7.0,870.0,164.0,1
0.0,3709.0,85.0,117.0,4.0,1300.0,90.0,0
14.0,489.0,60.0,79.0,1.0,1095.0,235.0,1
12.0,4725.0,261.0,160.0,4.0,1010.0,112.0,0
5.0,2430.0,33.0,85.0,1.0,530.0,100.0,0
5.0,2987.0,173.0,261.0,7.0,1075.0,300.0,0
12.0,6632.0,79.0,254.0,5.0,610.0,107.0,0
6.0,5104.0,32.0,16.0,5.0,719.0,104.0,0
1.0,1978.0,178.0,80.0,3.0,951.0,95.0,0
1.0,451.0,208.0,253.0,3.0,630.0,290.0,1
15.0,640.0,244.0,75.0,5.0,450.0,60.0,0
13.0,12.0,253.0,148.0,4.0,840.0,343.0,0
10.0,3277.0,80.0,5.0,4.0,1215.0,40.0,1
8.0,1120.0,139.0,104.0,1.0,655.0,162.0,1
13.0,388.0,277.0,79.0,7.0,422.0,246.0,0
16.0,2529.0,96.0,42.0,1.0,515.0,87.0,0
16.0,2259.0,197.0,135.0,4.0,875.0,174.0,1
5.0,1317.0,16.0,79.0,5.0,975.0,205.0,0
10.0,3307.0,80.0,68.0,7.0,390.0,80.0,0
10.0,2710.0,290.0,80.0,4.0,420.0,75.0,0
10.0,3547.0,80.0,58.0,6.0,720.0,150.0,0
0.0,3754.0,85.0,250.0,1.0,648.0,81.0,1
1.0,469.0,268.0,183.0,6.0,710.0,160.0,0
15.0,667.0,129.0,277.0,7.0,500.0,120.0,0
16.0,2562.0,135.0,75.0,3.0,1050.0,61.0,0
7.0,478.0,153.0,184.0,7.0,1040.0,205.0,1
5.0,80.0,173.0,148.0,5.0,723.0,155.0,0
15.0,257.0,18.0,155.0,4.0,1125.0,70.0,1
16.0,3037.0,54.0,135.0,1.0,360.0,167.0,1
6.0,7119.0,238.0,134.0,5.0,370.0,80.0,0
3.0,690.0,78.0,35.0,5.0,1200.0,82.0,1
12.0,6850.0,208.0,171.0,7.0,370.0,60.0,0
15.0,1117.0,129.0,175.0,3.0,590.0,145.0,1
10.0,4580.0,60.0,159.0,3.0,1100.0,125.0,0
12.0,6910.0,79.0,2.0,4.0,1305.0,72.0,0
15.0,1321.0,258.0,214.0,1.0,960.0,110.0,1
11.0,6507.0,177.0,178.0,5.0,1195.0,136.0,0
1.0,782.0,208.0,277.0,7.0,1045.0,160.0,1
10.0,2877.0,80.0,120.0,4.0,1205.0,145.0,0
17.0,7249.0,60.0,134.0,6.0,880.0,90.0,1
10.0,3290.0,223.0,80.0,4.0,630.0,125.0,0
5.0,2418.0,85.0,241.0,5.0,480.0,180.0,0
1.0,763.0,159.0,80.0,1.0,990.0,260.0,0
10.0,3253.0,80.0,59.0,1.0,640.0,55.0,0
5.0,1556.0,85.0,177.0,1.0,1035.0,135.0,1
1.0,1158.0,80.0,244.0,5.0,990.0,70.0,0
1.0,732.0,236.0,80.0,5.0,420.0,200.0,0
9.0,29.0,252.0,203.0,4.0,630.0,370.0,0
4.0,795.0,135.0,154.0,3.0,940.0,225.0,1
2.0,511.0,264.0,252.0,4.0,1080.0,170.0,0
3.0,73.0,148.0,213.0,4.0,830.0,180.0,1
0.0,4369.0,209.0,85.0,3.0,975.0,123.0,1
0.0,3652.0,16.0,96.0,6.0,755.0,142.0,0
16.0,2394.0,96.0,172.0,6.0,990.0,190.0,0
17.0,2985.0,100.0,153.0,3.0,1170.0,66.0,0
12.0,6717.0,79.0,227.0,6.0,1128.0,135.0,0
5.0,1103.0,261.0,214.0,4.0,692.0,121.0,1
9.0,506.0,128.0,203.0,7.0,860.0,39.0,0
5.0,2910.0,80.0,16.0,5.0,1170.0,127.0,0
15.0,216.0,154.0,217.0,5.0,645.0,75.0,1
10.0,2700.0,239.0,80.0,5.0,855.0,85.0,0
5.0,2644.0,243.0,197.0,7.0,870.0,222.0,0
0.0,4272.0,87.0,177.0,3.0,360.0,90.0,0
1.0,1861.0,78.0,80.0,1.0,910.0,210.0,1
15.0,684.0,228.0,217.0,3.0,770.0,365.0,1
15.0,1162.0,216.0,175.0,5.0,1065.0,140.0,1
12.0,6661.0,191.0,253.0,6.0,1005.0,33.0,0
14.0,859.0,173.0,78.0,6.0,945.0,120.0,0
1.0,2028.0,268.0,159.0,3.0,480.0,140.0,1
13.0,291.0,134.0,262.0,7.0,1015.0,351.0,0
13.0,478.0,253.0,214.0,3.0,515.0,116.0,0
16.0,3053.0,96.0,85.0,3.0,780.0,116.0,0
10.0,3131.0,154.0,258.0,1.0,1095.0,75.0,0
1.0,563.0,80.0,244.0,5.0,1060.0,65.0,0
16.0,2370.0,96.0,197.0,1.0,540.0,206.0,0
2.0,41.0,14.0,23.0,4.0,420.0,77.0,0
12.0,6750.0,208.0,16.0,3.0,365.0,124.0,1
1.0,505.0,148.0,260.0,1.0,415.0,245.0,0
4.0,1778.0,244.0,135.0,6.0,670.0,54.0,0
5.0,1046.0,261.0,16.0,5.0,720.0,213.0,1
2.0,623.0,153.0,214.0,4.0,985.0,143.0,0
15.0,869.0,75.0,13.0,7.0,450.0,70.0,0
15.0,1061.0,2.0,154.0,3.0,490.0,125.0,0
1.0,1530.0,183.0,159.0,3.0,870.0,179.0,0
0.0,4120.0,16.0,215.0,4.0,660.0,109.0,0
5.0,1159.0,16.0,244.0,4.0,1170.0,163.0,1
5.0,2055.0,261.0,16.0,4.0,50.0,210.0,0
12.0,6501.0,79.0,162.0,5.0,963.0,116.0,0
5.0,2738.0,16.0,78.0,4.0,500.0,102.0,0
13.0,375.0,79.0,262.0,6.0,1138.0,158.0,0
15.0,1998.0,104.0,33.0,6.0,885.0,145.0,1
13.0,299.0,79.0,172.0,1.0,606.0,104.0,0
14.0,191.0,216.0,217.0,6.0,935.0,320.0,0
5.0,1822.0,80.0,85.0,3.0,1050.0,150.0,0
15.0,2855.0,153.0,155.0,7.0,785.0,120.0,1
15.0,34.0,104.0,129.0,3.0,725.0,175.0,1
6.0,5564.0,138.0,16.0,5.0,360.0,88.0,0
14.0,1437.0,60.0,154.0,6.0,1000.0,324.0,1
5.0,1291.0,177.0,16.0,1.0,1032.0,88.0,1
10.0,4026.0,208.0,117.0,5.0,1110.0,60.0,0
3.0,562.0,104.0,272.0,4.0,1165.0,171.0,1
13.0,843.0,154.0,208.0,5.0,847.0,243.0,0
15.0,595.0,236.0,175.0,7.0,600.0,230.0,1
1.0,2248.0,80.0,78.0,1.0,746.0,165.0,0
15.0,1045.0,243.0,262.0,7.0,1260.0,95.0,1
5.0,1559.0,154.0,128.0,1.0,885.0,366.0,0
5.0,315.0,16.0,172.0,7.0,790.0,130.0,0
1.0,1121.0,80.0,243.0,5.0,1120.0,195.0,1
14.0,371.0,217.0,262.0,4.0,1265.0,122.0,0
10.0,2903.0,288.0,80.0,3.0,420.0,140.0,0
12.0,6375.0,63.0,208.0,4.0,888.0,82.0,0
14.0,1633.0,216.0,173.0,4.0,420.0,149.0,0
1.0,1008.0,80.0,132.0,1.0,885.0,95.0,1
15.0,963.0,175.0,27.0,5.0,600.0,105.0,1
14.0,274.0,217.0,135.0,6.0,599.0,164.0,0
14.0,1776.0,60.0,35.0,6.0,1192.0,123.0,0
6.0,5467.0,27.0,16.0,7.0,540.0,61.0,0
16.0,2964.0,135.0,80.0,1.0,690.0,69.0,1
1.0,1118.0,80.0,221.0,3.0,1100.0,150.0,0
5.0,2005.0,71.0,261.0,5.0,1140.0,237.0,0
5.0,1701.0,35.0,16.0,1.0,585.0,179.0,0
5.0,1279.0,177.0,153.0,3.0,840.0,226.0,0
4.0,1659.0,135.0,80.0,3.0,1045.0,65.0,0
15.0,942.0,228.0,45.0,6.0,805.0,80.0,1
16.0,2886.0,13.0,135.0,4.0,989.0,99.0,0
0.0,3697.0,152.0,85.0,3.0,420.0,60.0,0
11.0,6618.0,171.0,85.0,5.0,1030.0,74.0,0
4.0,380.0,153.0,58.0,7.0,915.0,235.0,1
15.0,1190.0,262.0,153.0,6.0,935.0,80.0,0
12.0,7006.0,93.0,214.0,7.0,360.0,40.0,1
17.0,2692.0,177.0,60.0,3.0,360.0,105.0,0
11.0,6310.0,71.0,216.0,4.0,1135.0,107.0,0
3.0,1058.0,221.0,148.0,5.0,625.0,79.0,0
2.0,365.0,262.0,252.0,7.0,560.0,115.0,0
17.0,2766.0,217.0,244.0,5.0,795.0,127.0,0
8.0,607.0,184.0,78.0,6.0,1155.0,105.0,0
5.0,1431.0,78.0,177.0,7.0,695.0,150.0,1
14.0,1794.0,153.0,60.0,5.0,1385.0,238.0,0
16.0,2143.0,121.0,135.0,6.0,365.0,159.0,1
17.0,1055.0,203.0,128.0,3.0,845.0,32.0,0
10.0,3393.0,80.0,184.0,1.0,390.0,140.0,0
1.0,2559.0,96.0,80.0,6.0,900.0,245.0,1
15.0,353.0,236.0,34.0,5.0,1095.0,65.0,1
15.0,39.0,75.0,129.0,4.0,960.0,60.0,0
14.0,5.0,217.0,208.0,5.0,800.0,201.0,0
16.0,2254.0,135.0,41.0,4.0,498.0,61.0,1
15.0,474.0,18.0,45.0,3.0,420.0,180.0,0
14.0,909.0,273.0,60.0,7.0,490.0,137.0,0
6.0,5260.0,53.0,16.0,5.0,727.0,107.0,0
12.0,6993.0,79.0,230.0,3.0,970.0,62.0,0
0.0,4052.0,75.0,177.0,4.0,380.0,88.0,0
16.0,2209.0,58.0,121.0,7.0,1010.0,80.0,0
4.0,1533.0,135.0,18.0,3.0,1265.0,54.0,0
8.0,607.0,253.0,184.0,1.0,732.0,253.0,1
17.0,2629.0,60.0,58.0,4.0,1065.0,96.0,1
5.0,2275.0,177.0,197.0,4.0,855.0,131.0,0
12.0,4601.0,137.0,261.0,1.0,490.0,56.0,0
4.0,1726.0,96.0,243.0,7.0,869.0,357.0,1
10.0,3747.0,216.0,208.0,3.0,785.0,145.0,1
14.0,1423.0,78.0,60.0,6.0,345.0,85.0,0
3.0,8.0,148.0,43.0,5.0,865.0,91.0,0
14.0,1617.0,60.0,172.0,7.0,970.0,152.0,0
12.0,6753.0,154.0,57.0,6.0,1119.0,41.0,0
9.0,377.0,128.0,161.0,3.0,1196.0,36.0,0
16.0,5952.0,208.0,27.0,3.0,873.0,104.0,1
14.0,2129.0,35.0,159.0,7.0,780.0,85.0,0
14.0,1787.0,60.0,198.0,6.0,875.0,124.0,0
1.0,1826.0,227.0,80.0,3.0,885.0,170.0,0
15.0,993.0,217.0,79.0,7.0,940.0,105.0,1
13.0,356.0,79.0,173.0,6.0,820.0,205.0,1
10.0,2984.0,80.0,70.0,3.0,1120.0,115.0,0
4.0,1408.0,60.0,96.0,7.0,1068.0,127.0,0
8.0,357.0,159.0,16.0,5.0,1138.0,157.0,0
15.0,3763.0,202.0,261.0,3.0,410.0,105.0,0
13.0,608.0,172.0,208.0,5.0,457.0,91.0,0
10.0,2718.0,84.0,80.0,5.0,605.0,125.0,0
13.0,318.0,253.0,79.0,3.0,962.0,153.0,0
12.0,7790.0,261.0,271.0,3.0,823.0,71.0,0
4.0,1406.0,104.0,135.0,7.0,540.0,162.0,0
13.0,442.0,197.0,208.0,1.0,838.0,83.0,0
5.0,1761.0,216.0,16.0,4.0,915.0,143.0,0
8.0,687.0,16.0,136.0,3.0,1255.0,143.0,0
8.0,996.0,35.0,184.0,4.0,408.0,162.0,0
12.0,6593.0,79.0,28.0,3.0,490.0,95.0,0
6.0,7106.0,134.0,61.0,5.0,1336.0,75.0,0
13.0,60.0,150.0,154.0,6.0,806.0,324.0,0
15.0,196.0,79.0,268.0,4.0,925.0,120.0,0
15.0,1155.0,172.0,33.0,3.0,775.0,85.0,1
12.0,6661.0,253.0,191.0,6.0,929.0,36.0,0
6.0,5115.0,16.0,54.0,7.0,655.0,76.0,0
15.0,719.0,173.0,198.0,3.0,1175.0,110.0,1
8.0,177.0,16.0,241.0,5.0,789.0,93.0,0
10.0,4362.0,85.0,208.0,4.0,760.0,80.0,0
11.0,6770.0,78.0,139.0,5.0,505.0,122.0,0
15.0,167.0,202.0,153.0,1.0,600.0,85.0,1
15.0,2026.0,258.0,264.0,1.0,660.0,75.0,1
12.0,7032.0,292.0,154.0,4.0,926.0,80.0,0
15.0,18.0,2.0,172.0,6.0,500.0,110.0,1
1.0,264.0,154.0,35.0,6.0,780.0,325.0,0
13.0,869.0,79.0,253.0,3.0,494.0,176.0,0
15.0,2934.0,175.0,33.0,6.0,750.0,85.0,1
15.0,446.0,18.0,153.0,7.0,480.0,185.0,1
10.0,4299.0,43.0,208.0,3.0,690.0,115.0,1
5.0,2302.0,277.0,177.0,4.0,1034.0,126.0,0
10.0,4432.0,78.0,33.0,6.0,1015.0,120.0,0
8.0,790.0,268.0,16.0,6.0,608.0,89.0,0
15.0,536.0,153.0,268.0,3.0,1155.0,185.0,1
15.0,1246.0,217.0,268.0,5.0,410.0,175.0,0
1.0,1410.0,80.0,279.0,6.0,1340.0,55.0,0
15.0,324.0,111.0,79.0,1.0,390.0,135.0,0
0.0,4116.0,85.0,43.0,3.0,935.0,78.0,1
15.0,1482.0,43.0,173.0,5.0,400.0,170.0,1
15.0,3848.0,33.0,79.0,6.0,1020.0,185.0,1
0.0,4055.0,84.0,197.0,5.0,716.0,76.0,0
15.0,47.0,79.0,204.0,4.0,825.0,85.0,0
4.0,223.0,252.0,135.0,3.0,375.0,245.0,0
14.0,1141.0,33.0,60.0,6.0,360.0,74.0,0
6.0,7107.0,134.0,159.0,7.0,1055.0,85.0,0
16.0,5971.0,58.0,208.0,5.0,630.0,87.0,0
3.0,372.0,104.0,159.0,5.0,585.0,165.0,0
5.0,1409.0,197.0,79.0,5.0,810.0,129.0,0
14.0,1454.0,198.0,216.0,1.0,900.0,166.0,0
12.0,7773.0,255.0,261.0,5.0,893.0,77.0,0
6.0,5307.0,16.0,129.0,4.0,831.0,136.0,1
13.0,322.0,264.0,253.0,1.0,456.0,103.0,1
1.0,12.0,253.0,148.0,5.0,565.0,334.0,0
15.0,1326.0,182.0,175.0,3.0,390.0,165.0,1
16.0,2567.0,33.0,96.0,7.0,1010.0,134.0,1
16.0,2500.0,91.0,135.0,4.0,780.0,109.0,0
15.0,3239.0,172.0,277.0,5.0,1105.0,155.0,0
5.0,2861.0,216.0,16.0,4.0,465.0,159.0,0
17.0,1012.0,161.0,128.0,5.0,600.0,29.0,0
15.0,386.0,216.0,277.0,5.0,625.0,175.0,0
15.0,1489.0,198.0,75.0,3.0,1100.0,90.0,1
13.0,796.0,134.0,153.0,4.0,497.0,319.0,0
16.0,3133.0,60.0,135.0,3.0,892.0,176.0,0
0.0,3733.0,16.0,135.0,4.0,725.0,140.0,1
12.0,6661.0,191.0,253.0,7.0,1008.0,33.0,0
15.0,2799.0,253.0,175.0,6.0,870.0,255.0,1
15.0,1656.0,34.0,214.0,3.0,610.0,75.0,1
16.0,2064.0,135.0,139.0,6.0,655.0,121.0,1
15.0,1752.0,18.0,217.0,1.0,1090.0,155.0,0
13.0,107.0,208.0,154.0,3.0,790.0,276.0,0
6.0,5213.0,52.0,16.0,7.0,1043.0,52.0,1
10.0,4559.0,159.0,61.0,5.0,650.0,120.0,0
5.0,1513.0,16.0,85.0,6.0,1080.0,125.0,1
1.0,476.0,183.0,173.0,1.0,810.0,60.0,0
17.0,7287.0,209.0,208.0,4.0,360.0,143.0,0
16.0,2059.0,96.0,139.0,1.0,820.0,134.0,0
6.0,7111.0,134.0,148.0,6.0,495.0,76.0,0
15.0,1901.0,79.0,175.0,6.0,985.0,145.0,0
11.0,6637.0,177.0,290.0,1.0,865.0,76.0,0
10.0,3960.0,208.0,238.0,4.0,1285.0,100.0,1
12.0,6277.0,252.0,111.0,7.0,1299.0,58.0,0
5.0,2449.0,33.0,261.0,1.0,450.0,240.0,1
5.0,1319.0,16.0,22.0,1.0,904.0,140.0,1
6.0,5044.0,16.0,48.0,5.0,515.0,98.0,0
10.0,3057.0,100.0,154.0,3.0,635.0,65.0,0
15.0,134.0,243.0,79.0,5.0,395.0,140.0,0
10.0,3453.0,80.0,184.0,1.0,560.0,135.0,1
5.0,2408.0,172.0,197.0,3.0,1021.0,89.0,1
10.0,2843.0,283.0,80.0,3.0,655.0,60.0,0
5.0,2615.0,16.0,217.0,6.0,990.0,257.0,1
12.0,6672.0,265.0,208.0,7.0,1101.0,58.0,1
15.0,2557.0,268.0,175.0,1.0,365.0,65.0,1
15.0,863.0,175.0,241.0,3.0,795.0,175.0,1
1.0,1998.0,80.0,104.0,6.0,840.0,155.0,0
16.0,2730.0,135.0,217.0,5.0,455.0,175.0,0
14.0,551.0,217.0,80.0,5.0,965.0,140.0,0
17.0,7288.0,16.0,208.0,3.0,888.0,129.0,1
15.0,1923.0,258.0,153.0,3.0,640.0,80.0,1
8.0,357.0,159.0,16.0,4.0,1138.0,157.0,1
14.0,754.0,16.0,216.0,7.0,890.0,129.0,0
15.0,667.0,45.0,141.0,1.0,935.0,60.0,1
6.0,5584.0,19.0,16.0,1.0,700.0,67.0,0
8.0,526.0,277.0,45.0,4.0,450.0,130.0,0
15.0,647.0,217.0,79.0,4.0,360.0,105.0,0
16.0,5903.0,208.0,99.0,5.0,1205.0,113.0,0
5.0,2310.0,80.0,16.0,7.0,645.0,123.0,1
1.0,1654.0,80.0,264.0,7.0,980.0,200.0,0
6.0,5226.0,19.0,16.0,4.0,597.0,63.0,0
1.0,544.0,80.0,173.0,1.0,860.0,145.0,1
12.0,7009.0,130.0,208.0,1.0,872.0,156.0,1
10.0,3220.0,223.0,80.0,6.0,840.0,125.0,0
15.0,2710.0,268.0,162.0,3.0,1175.0,65.0,1
15.0,324.0,111.0,79.0,5.0,390.0,135.0,0
11.0,6616.0,85.0,273.0,3.0,855.0,84.0,1
12.0,6812.0,265.0,208.0,4.0,568.0,58.0,0
16.0,2866.0,58.0,184.0,1.0,745.0,78.0,0
15.0,1381.0,45.0,85.0,5.0,655.0,100.0,1
15.0,1525.0,22.0,33.0,5.0,455.0,160.0,0
15.0,358.0,75.0,2.0,7.0,930.0,110.0,1
4.0,1832.0,135.0,159.0,1.0,715.0,199.0,1
12.0,6855.0,79.0,162.0,3.0,1221.0,116.0,1
10.0,4018.0,208.0,238.0,7.0,550.0,100.0,1
15.0,1134.0,45.0,139.0,7.0,540.0,105.0,0
5.0,2161.0,216.0,16.0,7.0,1140.0,152.0,0
12.0,7804.0,261.0,282.0,6.0,1200.0,64.0,0
7.0,843.0,175.0,79.0,5.0,940.0,157.0,0
17.0,2679.0,71.0,60.0,7.0,540.0,86.0,0
2.0,463.0,154.0,252.0,3.0,1170.0,162.0,0
5.0,2706.0,253.0,197.0,3.0,915.0,215.0,0
15.0,829.0,79.0,253.0,5.0,1305.0,175.0,1
16.0,2924.0,135.0,205.0,5.0,685.0,128.0,0
0.0,4362.0,85.0,221.0,4.0,600.0,70.0,0
15.0,968.0,262.0,44.0,3.0,1240.0,70.0,0
15.0,414.0,45.0,268.0,4.0,805.0,145.0,0
15.0,1901.0,243.0,79.0,6.0,760.0,135.0,1
16.0,2699.0,96.0,45.0,7.0,910.0,62.0,0
12.0,6888.0,91.0,208.0,5.0,789.0,177.0,0
13.0,279.0,208.0,79.0,5.0,666.0,165.0,0
4.0,687.0,173.0,135.0,5.0,885.0,149.0,1
13.0,592.0,79.0,197.0,6.0,612.0,122.0,0
0.0,3850.0,85.0,221.0,6.0,445.0,68.0,0
4.0,632.0,135.0,159.0,4.0,960.0,208.0,1
14.0,1981.0,78.0,277.0,6.0,605.0,146.0,0
4.0,744.0,135.0,58.0,5.0,780.0,158.0,0
8.0,263.0,184.0,78.0,1.0,870.0,109.0,1
4.0,769.0,153.0,96.0,6.0,480.0,284.0,0
14.0,1462.0,60.0,234.0,7.0,971.0,62.0,0
15.0,176.0,45.0,244.0,4.0,630.0,240.0,0
14.0,1440.0,33.0,60.0,4.0,360.0,74.0,1
8.0,251.0,16.0,106.0,7.0,1325.0,112.0,1
1.0,1879.0,277.0,183.0,7.0,585.0,65.0,0
7.0,847.0,79.0,252.0,3.0,495.0,176.0,1
5.0,1625.0,45.0,16.0,4.0,360.0,120.0,0
12.0,4630.0,197.0,195.0,4.0,1140.0,63.0,0
3.0,1253.0,35.0,134.0,7.0,840.0,101.0,0
1.0,881.0,183.0,270.0,7.0,1095.0,160.0,0
9.0,117.0,150.0,128.0,7.0,523.0,42.0,0
13.0,786.0,197.0,208.0,5.0,664.0,81.0,1
6.0,7074.0,12.0,208.0,3.0,858.0,149.0,1
5.0,1328.0,16.0,233.0,7.0,1231.0,86.0,0
16.0,2556.0,197.0,96.0,7.0,1110.0,153.0,0
6.0,5235.0,16.0,41.0,7.0,933.0,96.0,1
14.0,1800.0,60.0,35.0,6.0,585.0,134.0,0
15.0,4.0,75.0,91.0,3.0,505.0,110.0,1
15.0,3309.0,44.0,262.0,4.0,425.0,75.0,0
1.0,1273.0,177.0,80.0,5.0,415.0,100.0,0
8.0,765.0,213.0,16.0,7.0,1007.0,107.0,0
14.0,789.0,216.0,233.0,4.0,1105.0,95.0,0
0.0,4049.0,16.0,121.0,3.0,1235.0,65.0,1
12.0,3044.0,184.0,84.0,4.0,1250.0,68.0,0
5.0,1567.0,16.0,243.0,7.0,1140.0,293.0,0
17.0,2945.0,134.0,60.0,5.0,505.0,98.0,0
12.0,6566.0,261.0,253.0,5.0,416.0,143.0,1
15.0,2349.0,175.0,202.0,3.0,530.0,300.0,1
0.0,3810.0,84.0,85.0,1.0,1070.0,114.0,1
1.0,1510.0,183.0,148.0,1.0,695.0,170.0,1
5.0,1716.0,79.0,16.0,7.0,525.0,178.0,0
8.0,228.0,45.0,183.0,5.0,565.0,163.0,0
12.0,6704.0,79.0,164.0,5.0,1185.0,78.0,1
0.0,4155.0,16.0,215.0,7.0,1175.0,104.0,0
3.0,1203.0,43.0,241.0,6.0,420.0,186.0,0
12.0,4489.0,65.0,261.0,6.0,385.0,95.0,0
5.0,1096.0,16.0,268.0,5.0,1312.0,111.0,1
15.0,163.0,244.0,217.0,6.0,515.0,150.0,0
5.0,302.0,16.0,215.0,5.0,1290.0,96.0,1
12.0,6908.0,253.0,236.0,3.0,618.0,55.0,0
16.0,2164.0,221.0,96.0,4.0,380.0,83.0,0
15.0,151.0,243.0,217.0,3.0,925.0,70.0,0
14.0,1498.0,154.0,60.0,7.0,1365.0,262.0,0
6.0,5503.0,129.0,16.0,5.0,465.0,118.0,0
1.0,40.0,154.0,148.0,3.0,665.0,330.0,1
10.0,4571.0,159.0,61.0,7.0,970.0,120.0,0
12.0,4854.0,261.0,137.0,4.0,1010.0,55.0,1
5.0,2117.0,61.0,16.0,6.0,1020.0,101.0,0
3.0,1242.0,60.0,35.0,4.0,730.0,121.0,0
14.0,807.0,78.0,217.0,1.0,420.0,320.0,0
14.0,1981.0,78.0,277.0,5.0,605.0,146.0,0
1.0,421.0,80.0,18.0,1.0,525.0,60.0,0
5.0,2033.0,16.0,198.0,7.0,970.0,100.0,0
12.0,6942.0,65.0,79.0,5.0,744.0,40.0,0
3.0,594.0,173.0,130.0,1.0,734.0,155.0,0
12.0,6956.0,236.0,79.0,3.0,890.0,134.0,0
12.0,4860.0,261.0,208.0,5.0,1025.0,189.0,0
15.0,3421.0,175.0,79.0,4.0,705.0,160.0,1
1.0,647.0,268.0,154.0,3.0,1260.0,255.0,0
12.0,6322.0,154.0,243.0,4.0,512.0,47.0,1
1.0,1262.0,264.0,208.0,7.0,1035.0,225.0,1
15.0,2006.0,277.0,221.0,3.0,620.0,140.0,1
15.0,931.0,45.0,172.0,7.0,990.0,180.0,0
8.0,984.0,16.0,221.0,1.0,630.0,98.0,0
10.0,3529.0,80.0,184.0,7.0,925.0,135.0,0
1.0,2422.0,154.0,80.0,4.0,495.0,180.0,0
11.0,6367.0,16.0,71.0,6.0,725.0,87.0,0
15.0,1289.0,217.0,244.0,1.0,800.0,125.0,1
15.0,1427.0,153.0,243.0,3.0,1215.0,65.0,0
5.0,1639.0,78.0,16.0,1.0,840.0,123.0,0
5.0,2560.0,183.0,16.0,5.0,1200.0,119.0,0
6.0,5167.0,177.0,158.0,7.0,1160.0,84.0,1
3.0,479.0,35.0,154.0,6.0,1165.0,390.0,0
15.0,2044.0,258.0,264.0,6.0,415.0,75.0,0
12.0,6231.0,93.0,214.0,3.0,853.0,37.0,0
0.0,3839.0,17.0,85.0,6.0,972.0,95.0,0
15.0,1812.0,216.0,35.0,1.0,745.0,80.0,0
8.0,842.0,173.0,16.0,7.0,841.0,92.0,1
14.0,1105.0,12.0,60.0,1.0,885.0,134.0,0
13.0,317.0,79.0,134.0,4.0,1073.0,201.0,0
14.0,150.0,216.0,243.0,5.0,455.0,355.0,0
12.0,6549.0,232.0,253.0,5.0,1218.0,101.0,0
3.0,576.0,173.0,272.0,1.0,705.0,155.0,1
15.0,1879.0,243.0,45.0,6.0,420.0,295.0,0
16.0,3027.0,135.0,131.0,4.0,1100.0,65.0,1
6.0,5024.0,16.0,11.0,7.0,1055.0,54.0,0
7.0,631.0,195.0,79.0,4.0,1156.0,144.0,0
0.0,4229.0,148.0,78.0,1.0,515.0,115.0,1
2.0,507.0,264.0,252.0,5.0,960.0,165.0,0
9.0,239.0,128.0,161.0,7.0,995.0,37.0,0
8.0,1605.0,173.0,80.0,7.0,1080.0,175.0,0
1.0,2223.0,159.0,268.0,3.0,990.0,170.0,1
13.0,486.0,18.0,134.0,6.0,716.0,194.0,0
10.0,2751.0,254.0,80.0,4.0,405.0,95.0,0
15.0,3682.0,104.0,18.0,5.0,730.0,195.0,0
11.0,6740.0,78.0,147.0,1.0,779.0,126.0,0
15.0,1680.0,202.0,261.0,4.0,1195.0,100.0,1
4.0,1829.0,253.0,96.0,6.0,1310.0,311.0,0
10.0,3002.0,243.0,154.0,5.0,1095.0,45.0,0
10.0,3348.0,80.0,254.0,5.0,1205.0,75.0,0
15.0,4.0,129.0,75.0,4.0,420.0,60.0,0
3.0,1436.0,160.0,253.0,1.0,1060.0,81.0,0
15.0,944.0,153.0,261.0,7.0,1055.0,80.0,1
12.0,6546.0,179.0,214.0,3.0,549.0,74.0,0
15.0,51.0,129.0,68.0,5.0,1225.0,50.0,0
9.0,19.0,262.0,128.0,1.0,565.0,340.0,0
5.0,1944.0,244.0,85.0,7.0,990.0,177.0,0
1.0,1844.0,153.0,183.0,3.0,830.0,265.0,0
5.0,1603.0,16.0,153.0,6.0,1320.0,286.0,0
6.0,5053.0,16.0,287.0,4.0,1245.0,65.0,0
15.0,1932.0,261.0,45.0,6.0,725.0,250.0,0
15.0,44.0,75.0,172.0,7.0,1105.0,85.0,1
11.0,6302.0,268.0,159.0,7.0,665.0,145.0,0
5.0,1460.0,16.0,60.0,1.0,745.0,69.0,0
12.0,6942.0,65.0,79.0,6.0,745.0,40.0,0
15.0,888.0,202.0,111.0,1.0,545.0,125.0,1
11.0,6670.0,228.0,85.0,3.0,520.0,142.0,0
2.0,3.0,78.0,252.0,5.0,1065.0,355.0,0
4.0,798.0,96.0,253.0,6.0,525.0,391.0,1
14.0,1780.0,16.0,60.0,4.0,1199.0,78.0,0
16.0,2340.0,58.0,12.0,4.0,915.0,74.0,0
1.0,815.0,18.0,80.0,6.0,785.0,65.0,0
14.0,309.0,60.0,217.0,5.0,1195.0,280.0,0
8.0,140.0,16.0,85.0,6.0,540.0,113.0,0
6.0,5132.0,11.0,16.0,7.0,570.0,72.0,0
15.0,3041.0,45.0,147.0,6.0,465.0,130.0,0
15.0,2785.0,104.0,216.0,7.0,710.0,175.0,0
12.0,7776.0,235.0,261.0,4.0,913.0,67.0,1
15.0,488.0,162.0,268.0,7.0,975.0,70.0,0
7.0,212.0,79.0,18.0,3.0,655.0,123.0,0
13.0,102.0,208.0,147.0,6.0,1126.0,143.0,1
15.0,703.0,279.0,79.0,4.0,465.0,110.0,1
12.0,4563.0,261.0,196.0,7.0,1188.0,90.0,1
15.0,840.0,22.0,45.0,7.0,1070.0,75.0,1
14.0,94.0,217.0,214.0,5.0,1280.0,166.0,0
15.0,249.0,268.0,233.0,3.0,1080.0,110.0,1
12.0,4624.0,100.0,261.0,7.0,385.0,104.0,0
12.0,7029.0,253.0,261.0,7.0,450.0,107.0,0
8.0,128.0,277.0,16.0,3.0,756.0,95.0,0
15.0,403.0,172.0,139.0,3.0,1220.0,80.0,1
16.0,2777.0,41.0,135.0,4.0,870.0,65.0,0
16.0,2780.0,135.0,209.0,4.0,770.0,159.0,1
5.0,1928.0,173.0,85.0,7.0,616.0,163.0,0
5.0,424.0,260.0,16.0,4.0,922.0,243.0,1
16.0,2352.0,205.0,135.0,3.0,656.0,140.0,0
1.0,664.0,104.0,148.0,7.0,705.0,170.0,0
7.0,362.0,79.0,251.0,3.0,690.0,143.0,0
13.0,369.0,244.0,79.0,3.0,522.0,144.0,1
16.0,5990.0,164.0,208.0,7.0,881.0,99.0,1
1.0,1723.0,45.0,183.0,5.0,370.0,160.0,0
2.0,305.0,253.0,252.0,5.0,785.0,128.0,1
15.0,3307.0,22.0,175.0,5.0,395.0,160.0,0
5.0,1207.0,16.0,43.0,6.0,935.0,123.0,1
11.0,6403.0,148.0,268.0,7.0,1175.0,175.0,1
10.0,4229.0,221.0,208.0,1.0,915.0,100.0,0
10.0,2700.0,239.0,80.0,3.0,855.0,85.0,0
5.0,1261.0,16.0,129.0,3.0,650.0,140.0,1
15.0,1134.0,207.0,262.0,1.0,880.0,80.0,1
10.0,4138.0,221.0,208.0,6.0,1175.0,105.0,1
14.0,1797.0,216.0,153.0,6.0,680.0,332.0,0
15.0,1117.0,279.0,129.0,4.0,465.0,95.0,1
3.0,1278.0,234.0,35.0,1.0,402.0,93.0,0
15.0,236.0,173.0,172.0,5.0,950.0,185.0,1
8.0,1135.0,277.0,238.0,5.0,1196.0,158.0,0
16.0,3073.0,119.0,96.0,7.0,1130.0,115.0,1
12.0,7026.0,100.0,154.0,5.0,909.0,71.0,0
8.0,755.0,45.0,132.0,7.0,625.0,115.0,0
16.0,5917.0,139.0,208.0,4.0,1023.0,76.0,0
3.0,152.0,241.0,148.0,1.0,953.0,167.0,1
14.0,86.0,205.0,217.0,1.0,360.0,175.0,0
7.0,321.0,78.0,184.0,3.0,710.0,130.0,1
1.0,1700.0,135.0,183.0,1.0,620.0,140.0,0
16.0,2679.0,96.0,147.0,6.0,480.0,145.0,0
14.0,29.0,217.0,154.0,7.0,890.0,86.0,0
12.0,7772.0,261.0,255.0,4.0,660.0,83.0,0
15.0,1160.0,153.0,175.0,6.0,735.0,220.0,0
1.0,1076.0,268.0,78.0,6.0,900.0,115.0,1
15.0,1181.0,45.0,61.0,5.0,460.0,80.0,0
14.0,632.0,217.0,221.0,6.0,605.0,243.0,0
1.0,1274.0,264.0,80.0,4.0,890.0,175.0,0
8.0,607.0,184.0,78.0,3.0,1155.0,111.0,1
0.0,4268.0,177.0,223.0,7.0,870.0,85.0,0
4.0,1695.0,135.0,154.0,3.0,780.0,222.0,1
12.0,6727.0,199.0,79.0,1.0,384.0,63.0,0
1.0,526.0,253.0,80.0,7.0,360.0,215.0,0
10.0,4015.0,147.0,208.0,6.0,365.0,160.0,0
12.0,4848.0,192.0,197.0,3.0,661.0,82.0,1
12.0,6309.0,244.0,154.0,7.0,853.0,197.0,0
17.0,7308.0,147.0,134.0,5.0,1164.0,107.0,0
12.0,6743.0,6.0,253.0,7.0,911.0,74.0,1
12.0,6716.0,15.0,79.0,1.0,420.0,55.0,0
3.0,62.0,148.0,273.0,6.0,888.0,78.0,1
15.0,423.0,262.0,243.0,6.0,530.0,85.0,1
10.0,4697.0,85.0,159.0,7.0,360.0,100.0,0
6.0,5204.0,254.0,16.0,1.0,603.0,107.0,0
1.0,2536.0,183.0,35.0,5.0,1045.0,190.0,0
5.0,2561.0,216.0,16.0,3.0,615.0,150.0,1
8.0,1039.0,277.0,221.0,1.0,976.0,137.0,0
15.0,660.0,217.0,261.0,3.0,770.0,100.0,1
15.0,973.0,45.0,159.0,1.0,1060.0,75.0,1
15.0,763.0,207.0,202.0,4.0,1005.0,75.0,1
0.0,4197.0,229.0,85.0,7.0,520.0,147.0,0
11.0,6555.0,177.0,45.0,3.0,815.0,124.0,1
1.0,445.0,78.0,208.0,4.0,360.0,125.0,0
15.0,696.0,154.0,45.0,4.0,720.0,290.0,1
10.0,2705.0,80.0,239.0,4.0,795.0,95.0,0
16.0,2018.0,58.0,159.0,6.0,1060.0,94.0,0
7.0,401.0,79.0,154.0,5.0,420.0,145.0,0
12.0,6274.0,208.0,177.0,7.0,505.0,103.0,1
6.0,5514.0,16.0,176.0,7.0,821.0,73.0,0
0.0,3687.0,139.0,177.0,7.0,735.0,92.0,0
15.0,1125.0,233.0,277.0,5.0,1130.0,110.0,0
6.0,7078.0,134.0,238.0,4.0,755.0,73.0,0
8.0,486.0,173.0,45.0,7.0,455.0,128.0,0
6.0,7098.0,208.0,120.0,4.0,526.0,102.0,0
0.0,4241.0,76.0,85.0,1.0,715.0,70.0,0
10.0,4247.0,43.0,208.0,7.0,1115.0,125.0,0
11.0,6766.0,195.0,159.0,1.0,1015.0,143.0,1
12.0,6625.0,79.0,46.0,3.0,475.0,110.0,0
12.0,6992.0,57.0,154.0,1.0,557.0,40.0,0
15.0,1103.0,153.0,214.0,3.0,530.0,140.0,1
14.0,1170.0,60.0,221.0,5.0,895.0,87.0,1
15.0,689.0,216.0,173.0,5.0,1110.0,165.0,1
10.0,3394.0,41.0,80.0,7.0,1195.0,90.0,0
4.0,1041.0,243.0,135.0,6.0,505.0,183.0,0
2.0,604.0,252.0,153.0,6.0,630.0,149.0,0
0.0,3899.0,85.0,94.0,5.0,1190.0,93.0,0
15.0,705.0,2.0,75.0,4.0,530.0,100.0,0
1.0,327.0,159.0,208.0,5.0,725.0,165.0,1
15.0,777.0,243.0,262.0,7.0,1210.0,95.0,1
10.0,4062.0,290.0,208.0,5.0,540.0,105.0,0
8.0,785.0,215.0,159.0,3.0,1077.0,82.0,1
3.0,723.0,148.0,37.0,7.0,1425.0,216.0,0
15.0,1719.0,262.0,207.0,6.0,655.0,75.0,0
14.0,1585.0,216.0,173.0,5.0,690.0,154.0,1
17.0,2879.0,280.0,217.0,7.0,1150.0,59.0,0
12.0,4695.0,208.0,261.0,4.0,805.0,205.0,1
1.0,73.0,208.0,128.0,5.0,670.0,560.0,1
10.0,4426.0,85.0,159.0,4.0,1040.0,110.0,0
5.0,2431.0,159.0,85.0,7.0,755.0,118.0,0
1.0,1718.0,208.0,35.0,7.0,510.0,130.0,1
8.0,143.0,85.0,16.0,3.0,360.0,125.0,0
15.0,3498.0,268.0,45.0,7.0,1190.0,115.0,1
3.0,73.0,148.0,213.0,7.0,830.0,180.0,1
10.0,3304.0,118.0,80.0,4.0,1175.0,50.0,0
1.0,1896.0,80.0,251.0,5.0,1160.0,115.0,1
14.0,1678.0,277.0,78.0,5.0,435.0,125.0,0
1.0,621.0,80.0,252.0,1.0,640.0,260.0,1
1.0,1247.0,35.0,208.0,4.0,510.0,180.0,0
4.0,1027.0,135.0,60.0,1.0,750.0,141.0,0
15.0,2990.0,258.0,264.0,5.0,390.0,75.0,0
5.0,1078.0,159.0,198.0,3.0,495.0,220.0,0
1.0,1121.0,135.0,80.0,4.0,990.0,75.0,0
1.0,1657.0,148.0,183.0,6.0,965.0,210.0,0
15.0,777.0,243.0,262.0,4.0,1210.0,95.0,1
13.0,25.0,148.0,154.0,1.0,1091.0,383.0,1
6.0,5145.0,279.0,16.0,5.0,653.0,117.0,0
3.0,1004.0,148.0,35.0,6.0,567.0,70.0,1
0.0,4016.0,175.0,85.0,3.0,971.0,84.0,1
1.0,1106.0,80.0,35.0,4.0,480.0,210.0,0
10.0,3935.0,172.0,208.0,3.0,540.0,90.0,1
6.0,5423.0,288.0,16.0,3.0,701.0,82.0,0
12.0,6624.0,232.0,214.0,6.0,729.0,45.0,1
10.0,3485.0,80.0,162.0,3.0,600.0,65.0,0
1.0,1662.0,153.0,208.0,4.0,970.0,210.0,0
9.0,245.0,203.0,128.0,6.0,872.0,34.0,0
15.0,852.0,217.0,44.0,3.0,1005.0,85.0,1
17.0,7244.0,229.0,208.0,1.0,1048.0,172.0,1
0.0,3735.0,85.0,0.0,4.0,1305.0,93.0,1
15.0,2116.0,213.0,277.0,1.0,700.0,50.0,0
7.0,192.0,76.0,79.0,1.0,375.0,189.0,0
16.0,2716.0,47.0,135.0,4.0,1050.0,156.0,0
15.0,16.0,154.0,253.0,5.0,920.0,80.0,1
16.0,2773.0,135.0,146.0,3.0,840.0,74.0,0
14.0,183.0,217.0,104.0,4.0,590.0,258.0,0
12.0,4512.0,261.0,253.0,4.0,1005.0,122.0,1
12.0,6903.0,285.0,208.0,1.0,918.0,107.0,0
5.0,432.0,96.0,85.0,7.0,753.0,117.0,0
6.0,7360.0,146.0,177.0,5.0,390.0,64.0,0
1.0,1260.0,183.0,159.0,5.0,1335.0,160.0,0
15.0,593.0,141.0,45.0,5.0,1180.0,70.0,0
4.0,137.0,154.0,203.0,6.0,1025.0,345.0,1
2.0,621.0,153.0,214.0,5.0,1230.0,136.0,0
1.0,1147.0,173.0,80.0,5.0,845.0,175.0,0
15.0,2304.0,268.0,175.0,6.0,1050.0,65.0,0
13.0,575.0,45.0,208.0,6.0,696.0,128.0,1
12.0,6541.0,29.0,79.0,3.0,798.0,102.0,0
10.0,2804.0,279.0,80.0,5.0,545.0,70.0,0
15.0,1074.0,153.0,111.0,6.0,700.0,155.0,1
3.0,332.0,173.0,22.0,4.0,765.0,155.0,1
5.0,1386.0,159.0,35.0,4.0,870.0,66.0,0
13.0,838.0,253.0,80.0,6.0,641.0,212.0,0
7.0,103.0,197.0,79.0,6.0,375.0,131.0,0
0.0,3838.0,85.0,247.0,5.0,730.0,57.0,0
13.0,62.0,253.0,252.0,3.0,1351.0,134.0,0
6.0,5265.0,273.0,85.0,3.0,360.0,115.0,0
12.0,4671.0,196.0,261.0,1.0,390.0,82.0,0
12.0,6520.0,208.0,171.0,4.0,785.0,60.0,0
6.0,5500.0,285.0,16.0,1.0,1030.0,65.0,0
12.0,6733.0,285.0,79.0,6.0,541.0,214.0,1
12.0,6740.0,154.0,57.0,3.0,604.0,43.0,0
7.0,377.0,184.0,79.0,6.0,510.0,155.0,0
1.0,114.0,154.0,96.0,5.0,495.0,325.0,0
15.0,795.0,172.0,204.0,7.0,980.0,70.0,0
5.0,427.0,16.0,260.0,3.0,1049.0,214.0,1
16.0,2343.0,60.0,135.0,5.0,440.0,172.0,0
17.0,2630.0,58.0,60.0,5.0,830.0,97.0,0
6.0,5067.0,33.0,16.0,4.0,484.0,81.0,1
5.0,1284.0,16.0,207.0,7.0,1204.0,290.0,0
10.0,4028.0,147.0,208.0,7.0,1035.0,170.0,0
1.0,2442.0,80.0,197.0,4.0,1065.0,145.0,0
17.0,2654.0,60.0,134.0,4.0,455.0,79.0,1
1.0,1636.0,80.0,205.0,7.0,785.0,105.0,0
1.0,301.0,159.0,208.0,6.0,370.0,160.0,1
15.0,1016.0,129.0,131.0,1.0,1055.0,60.0,1
5.0,1024.0,16.0,60.0,1.0,585.0,85.0,0
15.0,711.0,244.0,153.0,3.0,470.0,175.0,0
4.0,1166.0,208.0,96.0,6.0,630.0,130.0,1
13.0,136.0,154.0,134.0,3.0,1410.0,290.0,0
10.0,2919.0,80.0,41.0,4.0,620.0,80.0,0
5.0,1164.0,172.0,16.0,5.0,995.0,125.0,0
5.0,1764.0,197.0,78.0,4.0,600.0,143.0,0
13.0,73.0,253.0,128.0,4.0,529.0,316.0,0
5.0,1233.0,16.0,198.0,1.0,890.0,98.0,1
1.0,462.0,198.0,183.0,5.0,760.0,105.0,0
15.0,1669.0,2.0,217.0,4.0,490.0,75.0,1
15.0,2005.0,61.0,33.0,4.0,1055.0,75.0,0
1.0,2162.0,80.0,213.0,1.0,835.0,150.0,0
15.0,3773.0,45.0,35.0,5.0,1235.0,80.0,1
13.0,981.0,134.0,135.0,6.0,508.0,207.0,1
12.0,6974.0,79.0,184.0,4.0,612.0,143.0,1
3.0,293.0,252.0,160.0,3.0,871.0,149.0,0
3.0,434.0,173.0,35.0,4.0,965.0,164.0,0
5.0,1581.0,280.0,16.0,4.0,495.0,205.0,1
15.0,971.0,153.0,207.0,5.0,390.0,55.0,0
16.0,5938.0,208.0,279.0,4.0,1200.0,119.0,0
16.0,5931.0,208.0,136.0,1.0,1072.0,114.0,1
12.0,6320.0,154.0,243.0,3.0,372.0,48.0,0
16.0,2303.0,60.0,135.0,6.0,510.0,167.0,0
15.0,1642.0,91.0,129.0,1.0,495.0,105.0,0
1.0,1257.0,78.0,183.0,6.0,1200.0,165.0,0
3.0,526.0,173.0,96.0,3.0,1052.0,153.0,1
10.0,4265.0,254.0,208.0,4.0,890.0,100.0,0
12.0,4534.0,261.0,244.0,1.0,880.0,160.0,0
10.0,3282.0,80.0,146.0,3.0,760.0,80.0,0
13.0,568.0,208.0,260.0,4.0,497.0,275.0,1
15.0,1289.0,244.0,175.0,4.0,1010.0,155.0,1
2.0,591.0,227.0,214.0,5.0,745.0,149.0,1
5.0,2653.0,159.0,277.0,4.0,695.0,181.0,1
15.0,1018.0,154.0,202.0,5.0,1005.0,75.0,1
10.0,3641.0,183.0,61.0,3.0,1045.0,160.0,1
15.0,759.0,258.0,207.0,3.0,425.0,70.0,0
5.0,1920.0,177.0,173.0,3.0,870.0,120.0,0
3.0,110.0,198.0,148.0,6.0,385.0,163.0,0
4.0,1884.0,96.0,269.0,7.0,470.0,237.0,0
12.0,6527.0,79.0,199.0,3.0,689.0,56.0,0
5.0,1183.0,209.0,16.0,4.0,405.0,135.0,0
5.0,425.0,16.0,260.0,6.0,740.0,213.0,1
10.0,2975.0,80.0,1.0,7.0,975.0,50.0,0
12.0,6293.0,107.0,79.0,5.0,398.0,102.0,0
4.0,629.0,79.0,96.0,1.0,745.0,226.0,0
12.0,6234.0,80.0,154.0,7.0,795.0,205.0,0
3.0,181.0,148.0,243.0,6.0,510.0,374.0,0
15.0,1026.0,228.0,173.0,7.0,465.0,190.0,0
12.0,3046.0,221.0,184.0,5.0,645.0,91.0,0
7.0,115.0,197.0,79.0,5.0,1160.0,126.0,1
14.0,1097.0,35.0,216.0,5.0,1245.0,86.0,1
13.0,353.0,154.0,153.0,5.0,380.0,80.0,0
1.0,520.0,262.0,80.0,3.0,900.0,200.0,0
5.0,1215.0,35.0,261.0,5.0,1050.0,329.0,1
15.0,526.0,217.0,44.0,3.0,905.0,85.0,0
13.0,561.0,79.0,202.0,1.0,733.0,168.0,0
5.0,2838.0,16.0,78.0,6.0,445.0,94.0,0
15.0,411.0,153.0,253.0,7.0,840.0,95.0,1
3.0,336.0,173.0,134.0,3.0,465.0,120.0,0
17.0,2861.0,217.0,103.0,6.0,1082.0,63.0,0
15.0,742.0,262.0,243.0,3.0,715.0,85.0,1
6.0,7106.0,238.0,134.0,1.0,370.0,80.0,1
17.0,2694.0,160.0,217.0,7.0,760.0,83.0,0
17.0,1012.0,128.0,203.0,3.0,655.0,35.0,0
1.0,841.0,260.0,183.0,3.0,805.0,165.0,0
15.0,2461.0,277.0,141.0,5.0,1225.0,150.0,0
8.0,60.0,154.0,16.0,4.0,420.0,250.0,0
5.0,2527.0,16.0,104.0,4.0,1298.0,114.0,1
12.0,4750.0,207.0,261.0,7.0,980.0,104.0,0
14.0,1915.0,60.0,233.0,7.0,1080.0,49.0,1
12.0,6321.0,154.0,243.0,1.0,452.0,46.0,0
8.0,28.0,16.0,175.0,5.0,1335.0,118.0,0
13.0,231.0,134.0,243.0,6.0,760.0,337.0,0
13.0,668.0,208.0,159.0,1.0,360.0,127.0,0
16.0,2850.0,68.0,135.0,4.0,951.0,69.0,0
17.0,7255.0,208.0,22.0,6.0,647.0,122.0,1
3.0,28.0,277.0,148.0,5.0,1115.0,155.0,0
12.0,6431.0,154.0,244.0,6.0,975.0,163.0,0
0.0,3683.0,250.0,85.0,7.0,370.0,90.0,0
14.0,738.0,221.0,216.0,7.0,1065.0,76.0,0
12.0,4736.0,197.0,221.0,1.0,955.0,120.0,1
6.0,5505.0,16.0,162.0,6.0,962.0,103.0,1
5.0,2974.0,85.0,60.0,3.0,1160.0,116.0,1
10.0,2991.0,80.0,73.0,7.0,640.0,140.0,1
15.0,378.0,45.0,277.0,4.0,695.0,150.0,1
10.0,3741.0,208.0,96.0,5.0,1200.0,120.0,0
5.0,2441.0,78.0,277.0,6.0,989.0,142.0,1
12.0,6226.0,253.0,262.0,3.0,762.0,43.0,1
1.0,1789.0,80.0,243.0,1.0,535.0,190.0,0
15.0,281.0,221.0,216.0,1.0,685.0,80.0,0
15.0,2254.0,75.0,244.0,4.0,640.0,65.0,1
10.0,4157.0,33.0,208.0,5.0,1120.0,105.0,0
13.0,938.0,79.0,208.0,7.0,955.0,144.0,0
16.0,2088.0,170.0,135.0,3.0,651.0,84.0,1
14.0,1178.0,60.0,45.0,5.0,795.0,83.0,0
10.0,2862.0,80.0,84.0,5.0,860.0,110.0,0
0.0,4062.0,147.0,177.0,3.0,1065.0,118.0,0
14.0,1735.0,60.0,173.0,6.0,995.0,103.0,0
12.0,6751.0,198.0,208.0,4.0,878.0,149.0,0
5.0,1566.0,16.0,228.0,7.0,1227.0,141.0,0
16.0,2198.0,135.0,69.0,1.0,850.0,136.0,0
17.0,2660.0,60.0,134.0,7.0,1195.0,82.0,0
15.0,1239.0,258.0,243.0,5.0,1185.0,75.0,1
13.0,401.0,154.0,208.0,7.0,1399.0,240.0,0
6.0,7316.0,177.0,135.0,1.0,825.0,103.0,1
6.0,5464.0,205.0,85.0,6.0,810.0,119.0,0
15.0,1072.0,252.0,2.0,3.0,795.0,165.0,0
15.0,267.0,217.0,205.0,7.0,625.0,155.0,0
17.0,1037.0,143.0,128.0,4.0,755.0,47.0,0
17.0,7217.0,134.0,76.0,4.0,503.0,86.0,0
6.0,5132.0,11.0,16.0,3.0,570.0,72.0,0
8.0,894.0,139.0,159.0,4.0,506.0,124.0,0
1.0,745.0,159.0,80.0,4.0,795.0,250.0,0
8.0,198.0,16.0,78.0,4.0,827.0,101.0,0
15.0,1030.0,173.0,104.0,4.0,1145.0,55.0,0
15.0,3419.0,277.0,216.0,5.0,1105.0,150.0,0
13.0,835.0,35.0,208.0,1.0,415.0,173.0,0
14.0,1701.0,60.0,78.0,7.0,695.0,76.0,1
15.0,591.0,153.0,202.0,5.0,1200.0,90.0,1
4.0,308.0,214.0,135.0,5.0,360.0,238.0,1
12.0,6434.0,248.0,154.0,1.0,360.0,62.0,0
15.0,3230.0,33.0,129.0,1.0,995.0,130.0,1
15.0,20.0,129.0,75.0,5.0,660.0,55.0,0
15.0,2105.0,104.0,198.0,7.0,910.0,135.0,1
12.0,6692.0,243.0,154.0,3.0,684.0,45.0,0
17.0,7283.0,208.0,60.0,1.0,669.0,106.0,0
1.0,538.0,44.0,80.0,5.0,410.0,185.0,0
12.0,6941.0,195.0,208.0,1.0,821.0,56.0,0
15.0,1594.0,79.0,35.0,1.0,1020.0,225.0,0
15.0,2309.0,18.0,217.0,6.0,480.0,160.0,0
15.0,130.0,2.0,280.0,3.0,635.0,70.0,1
13.0,915.0,134.0,253.0,5.0,978.0,362.0,1
15.0,1135.0,79.0,202.0,5.0,705.0,170.0,0
8.0,1203.0,175.0,241.0,1.0,810.0,164.0,0
15.0,1438.0,79.0,205.0,6.0,675.0,85.0,1
16.0,5940.0,208.0,238.0,4.0,606.0,95.0,0
16.0,3059.0,135.0,190.0,3.0,465.0,76.0,0
1.0,2041.0,78.0,183.0,5.0,500.0,165.0,0
1.0,1455.0,183.0,253.0,6.0,930.0,375.0,1
15.0,1083.0,153.0,34.0,1.0,780.0,105.0,0
12.0,4800.0,154.0,243.0,3.0,495.0,46.0,1
15.0,1379.0,182.0,45.0,6.0,670.0,100.0,0
15.0,176.0,45.0,244.0,5.0,630.0,240.0,0
1.0,1466.0,80.0,35.0,4.0,380.0,200.0,0
12.0,6424.0,184.0,208.0,4.0,783.0,50.0,0
5.0,1062.0,173.0,154.0,5.0,1090.0,346.0,0
14.0,683.0,217.0,96.0,5.0,980.0,275.0,0
15.0,1525.0,153.0,44.0,4.0,760.0,65.0,1
14.0,2164.0,78.0,159.0,4.0,540.0,83.0,0
0.0,3658.0,197.0,107.0,5.0,570.0,70.0,0
6.0,5421.0,285.0,16.0,4.0,532.0,78.0,0
10.0,3949.0,21.0,208.0,3.0,630.0,55.0,1
12.0,4668.0,261.0,79.0,5.0,405.0,85.0,0
1.0,1061.0,148.0,183.0,1.0,430.0,208.0,0
7.0,371.0,35.0,184.0,4.0,703.0,165.0,1
10.0,3623.0,183.0,209.0,7.0,825.0,135.0,1
5.0,1326.0,233.0,16.0,1.0,1035.0,93.0,0
5.0,2415.0,148.0,104.0,7.0,595.0,183.0,1
7.0,404.0,154.0,79.0,7.0,660.0,134.0,1
15.0,1138.0,153.0,258.0,4.0,1145.0,85.0,1
15.0,1793.0,75.0,279.0,6.0,500.0,60.0,0
12.0,6433.0,80.0,154.0,3.0,1160.0,205.0,0
13.0,352.0,252.0,208.0,1.0,687.0,234.0,0
13.0,168.0,258.0,79.0,3.0,884.0,153.0,1
12.0,7006.0,93.0,214.0,5.0,360.0,41.0,0
4.0,1677.0,216.0,135.0,3.0,345.0,219.0,0
15.0,368.0,79.0,202.0,1.0,980.0,165.0,0
15.0,1264.0,129.0,175.0,5.0,1005.0,145.0,1
12.0,4864.0,197.0,33.0,6.0,1040.0,138.0,0
15.0,115.0,111.0,214.0,4.0,1120.0,65.0,0
0.0,4072.0,177.0,288.0,3.0,875.0,84.0,0
12.0,7036.0,224.0,253.0,7.0,1047.0,125.0,1
2.0,508.0,252.0,264.0,4.0,750.0,162.0,0
5.0,1888.0,153.0,177.0,1.0,480.0,190.0,1
0.0,3740.0,85.0,272.0,1.0,625.0,102.0,1
2.0,689.0,18.0,258.0,6.0,480.0,236.0,0
15.0,2136.0,153.0,261.0,6.0,1140.0,75.0,1
3.0,590.0,213.0,130.0,4.0,900.0,162.0,0
4.0,485.0,214.0,96.0,1.0,460.0,307.0,0
5.0,1801.0,16.0,18.0,7.0,1315.0,163.0,0
1.0,2079.0,208.0,243.0,4.0,510.0,260.0,1
0.0,3994.0,197.0,240.0,4.0,860.0,50.0,0
15.0,3682.0,175.0,182.0,7.0,1080.0,125.0,1
15.0,2254.0,279.0,75.0,1.0,555.0,60.0,1
6.0,7112.0,134.0,148.0,5.0,745.0,80.0,0
5.0,1296.0,16.0,184.0,7.0,1168.0,130.0,0
17.0,7306.0,134.0,273.0,5.0,509.0,72.0,0
16.0,3115.0,139.0,135.0,7.0,1060.0,159.0,0
11.0,6595.0,148.0,208.0,3.0,936.0,174.0,0
5.0,1987.0,216.0,197.0,5.0,495.0,198.0,0
15.0,2330.0,104.0,277.0,6.0,1100.0,60.0,0
1.0,733.0,154.0,153.0,7.0,520.0,70.0,0
12.0,6296.0,79.0,207.0,1.0,573.0,142.0,0
8.0,60.0,154.0,16.0,6.0,420.0,250.0,0
15.0,340.0,217.0,172.0,1.0,1050.0,150.0,0
14.0,1882.0,60.0,234.0,3.0,1345.0,63.0,0
14.0,873.0,60.0,138.0,4.0,779.0,51.0,0
13.0,226.0,208.0,85.0,7.0,785.0,76.0,0
15.0,1866.0,197.0,175.0,1.0,1010.0,90.0,1
14.0,1507.0,60.0,217.0,3.0,577.0,279.0,1
15.0,3425.0,217.0,91.0,5.0,900.0,65.0,1
15.0,657.0,214.0,236.0,5.0,1075.0,75.0,1
5.0,566.0,16.0,209.0,7.0,748.0,95.0,0
15.0,3506.0,217.0,202.0,1.0,430.0,125.0,1
12.0,6276.0,208.0,247.0,7.0,1039.0,39.0,1
15.0,3762.0,268.0,75.0,4.0,510.0,110.0,1
0.0,4371.0,85.0,109.0,1.0,940.0,51.0,0
6.0,5448.0,180.0,16.0,1.0,789.0,76.0,0
1.0,1165.0,216.0,80.0,4.0,905.0,235.0,1
14.0,1632.0,60.0,159.0,3.0,1326.0,97.0,1
15.0,1939.0,153.0,33.0,6.0,920.0,210.0,1
5.0,1720.0,183.0,71.0,5.0,760.0,158.0,0
15.0,8.0,75.0,172.0,4.0,555.0,85.0,0
13.0,520.0,197.0,208.0,5.0,360.0,84.0,0
8.0,409.0,139.0,16.0,4.0,390.0,104.0,0
6.0,5467.0,16.0,285.0,1.0,701.0,51.0,0
13.0,12.0,253.0,148.0,5.0,840.0,343.0,0
0.0,3673.0,117.0,85.0,3.0,615.0,80.0,1
3.0,456.0,104.0,35.0,3.0,880.0,186.0,1
15.0,703.0,262.0,264.0,5.0,670.0,85.0,1
7.0,145.0,129.0,79.0,5.0,949.0,141.0,0
12.0,4746.0,29.0,197.0,5.0,300.0,85.0,0
10.0,3254.0,80.0,129.0,4.0,1010.0,70.0,0
7.0,797.0,79.0,214.0,7.0,1270.0,162.0,0
0.0,4088.0,197.0,71.0,7.0,465.0,114.0,0
13.0,389.0,277.0,208.0,1.0,1005.0,179.0,0
14.0,1789.0,60.0,153.0,7.0,680.0,292.0,1
12.0,6287.0,153.0,227.0,7.0,674.0,64.0,0
15.0,1951.0,268.0,75.0,6.0,705.0,105.0,1
6.0,5354.0,201.0,16.0,6.0,704.0,95.0,1
3.0,1433.0,253.0,160.0,6.0,750.0,80.0,0
15.0,1044.0,153.0,236.0,3.0,660.0,80.0,1
6.0,7371.0,177.0,256.0,6.0,565.0,74.0,0
17.0,2601.0,58.0,60.0,5.0,390.0,102.0,0
5.0,2953.0,261.0,202.0,5.0,1203.0,120.0,1
16.0,2573.0,135.0,33.0,4.0,450.0,111.0,1
12.0,6865.0,187.0,79.0,7.0,904.0,140.0,0
8.0,236.0,234.0,16.0,3.0,953.0,102.0,0
15.0,2238.0,258.0,207.0,6.0,880.0,70.0,1
2.0,54.0,249.0,14.0,5.0,1033.0,103.0,0
1.0,1839.0,80.0,244.0,7.0,470.0,60.0,1
13.0,225.0,22.0,134.0,6.0,1157.0,93.0,0
12.0,6455.0,292.0,154.0,1.0,730.0,80.0,0
5.0,1181.0,241.0,16.0,3.0,360.0,110.0,0
16.0,2445.0,35.0,58.0,5.0,370.0,125.0,0
1.0,1205.0,216.0,80.0,6.0,500.0,240.0,1
17.0,2824.0,217.0,280.0,1.0,974.0,45.0,0
10.0,4476.0,78.0,148.0,1.0,715.0,65.0,0
0.0,3906.0,247.0,71.0,1.0,714.0,61.0,1
17.0,2888.0,217.0,18.0,6.0,790.0,133.0,0
15.0,1529.0,264.0,262.0,6.0,1025.0,85.0,1
11.0,6415.0,71.0,22.0,7.0,660.0,119.0,0
11.0,6482.0,205.0,71.0,5.0,915.0,111.0,0
12.0,6672.0,208.0,265.0,6.0,1026.0,52.0,1
15.0,1423.0,141.0,45.0,7.0,1040.0,70.0,0
6.0,5072.0,16.0,32.0,7.0,891.0,105.0,1
1.0,1684.0,33.0,159.0,5.0,1060.0,125.0,0
8.0,598.0,16.0,238.0,4.0,731.0,124.0,0
14.0,46.0,44.0,217.0,3.0,745.0,85.0,0
15.0,1106.0,202.0,214.0,4.0,740.0,100.0,1
1.0,1358.0,208.0,35.0,3.0,1340.0,130.0,1
0.0,4268.0,177.0,223.0,6.0,870.0,85.0,1
5.0,1523.0,35.0,85.0,6.0,988.0,140.0,0
1.0,1593.0,173.0,183.0,5.0,720.0,65.0,1
13.0,139.0,154.0,198.0,4.0,1113.0,222.0,1
15.0,955.0,45.0,22.0,1.0,865.0,65.0,1
8.0,912.0,184.0,45.0,3.0,360.0,120.0,1
4.0,1859.0,78.0,135.0,7.0,935.0,212.0,0
10.0,4145.0,61.0,148.0,5.0,725.0,110.0,1
13.0,449.0,12.0,208.0,3.0,460.0,145.0,0
8.0,1097.0,139.0,173.0,6.0,920.0,135.0,0
5.0,1568.0,154.0,197.0,3.0,1130.0,209.0,1
12.0,3074.0,205.0,184.0,1.0,957.0,81.0,0
11.0,6336.0,78.0,148.0,7.0,865.0,100.0,0
6.0,7347.0,136.0,16.0,7.0,783.0,124.0,0
14.0,1434.0,183.0,60.0,5.0,380.0,126.0,1
12.0,7016.0,130.0,208.0,5.0,720.0,156.0,0
17.0,2942.0,71.0,60.0,6.0,729.0,86.0,1
15.0,2990.0,258.0,264.0,3.0,390.0,75.0,0
16.0,2084.0,58.0,216.0,1.0,680.0,79.0,0
15.0,1050.0,221.0,277.0,5.0,1020.0,155.0,0
6.0,5241.0,16.0,52.0,6.0,1150.0,53.0,0
6.0,7072.0,134.0,182.0,5.0,745.0,89.0,0
12.0,4689.0,261.0,2.0,5.0,1298.0,100.0,0
17.0,2887.0,217.0,91.0,5.0,1190.0,76.0,0
13.0,778.0,22.0,134.0,5.0,599.0,92.0,0
5.0,2001.0,35.0,16.0,3.0,810.0,173.0,1
10.0,4016.0,208.0,109.0,5.0,560.0,55.0,0
0.0,3692.0,107.0,85.0,4.0,375.0,130.0,1
5.0,1806.0,154.0,85.0,5.0,805.0,270.0,0
10.0,4142.0,208.0,221.0,7.0,730.0,85.0,1
0.0,3684.0,148.0,42.0,7.0,540.0,109.0,0
13.0,442.0,197.0,208.0,6.0,840.0,84.0,1
11.0,6274.0,197.0,82.0,5.0,675.0,57.0,0
12.0,4585.0,261.0,114.0,6.0,1206.0,64.0,0
6.0,4984.0,78.0,35.0,4.0,475.0,95.0,0
12.0,6510.0,154.0,262.0,4.0,1065.0,81.0,0
17.0,7280.0,42.0,208.0,5.0,1005.0,154.0,0
12.0,6939.0,214.0,252.0,7.0,530.0,54.0,0
15.0,378.0,277.0,244.0,3.0,880.0,180.0,1
15.0,641.0,221.0,216.0,3.0,1035.0,90.0,1
12.0,4637.0,153.0,154.0,4.0,976.0,73.0,0
5.0,674.0,269.0,16.0,4.0,952.0,253.0,0
14.0,1576.0,213.0,60.0,5.0,505.0,113.0,0
1.0,1938.0,183.0,277.0,3.0,715.0,60.0,0
5.0,1542.0,252.0,148.0,5.0,395.0,322.0,0
2.0,64.0,151.0,252.0,7.0,1082.0,113.0,0
10.0,4271.0,208.0,233.0,6.0,600.0,120.0,0
12.0,4529.0,205.0,261.0,6.0,380.0,156.0,0
16.0,5955.0,208.0,121.0,6.0,1111.0,101.0,1
1.0,285.0,154.0,161.0,1.0,985.0,355.0,1
12.0,3045.0,84.0,184.0,5.0,365.0,66.0,0
11.0,6423.0,76.0,85.0,1.0,335.0,75.0,1
15.0,1910.0,244.0,75.0,6.0,980.0,60.0,1
1.0,1349.0,204.0,80.0,4.0,1100.0,60.0,0
5.0,2786.0,16.0,159.0,3.0,1180.0,142.0,1
12.0,6535.0,79.0,71.0,6.0,611.0,159.0,0
14.0,1909.0,159.0,60.0,5.0,785.0,122.0,1
12.0,6570.0,79.0,132.0,7.0,620.0,148.0,0
10.0,3992.0,290.0,208.0,3.0,800.0,105.0,1
1.0,2454.0,80.0,244.0,5.0,1355.0,60.0,0
14.0,150.0,216.0,243.0,1.0,455.0,355.0,0
7.0,765.0,18.0,79.0,7.0,380.0,133.0,0
5.0,2838.0,16.0,78.0,1.0,445.0,94.0,1
16.0,2945.0,135.0,27.0,1.0,855.0,93.0,1
15.0,793.0,175.0,146.0,4.0,660.0,120.0,1
17.0,7281.0,147.0,134.0,7.0,593.0,107.0,0
8.0,467.0,45.0,16.0,3.0,884.0,121.0,1
5.0,2943.0,96.0,16.0,5.0,765.0,146.0,0
15.0,2452.0,258.0,243.0,6.0,480.0,75.0,1
13.0,242.0,208.0,228.0,7.0,814.0,136.0,0
15.0,1279.0,22.0,173.0,3.0,910.0,185.0,1
4.0,363.0,217.0,58.0,4.0,485.0,225.0,0
1.0,2362.0,80.0,208.0,4.0,965.0,145.0,0
12.0,4767.0,197.0,251.0,5.0,605.0,110.0,0
12.0,6711.0,79.0,218.0,7.0,1160.0,121.0,0
15.0,54.0,252.0,261.0,6.0,665.0,115.0,0
13.0,501.0,264.0,208.0,1.0,838.0,237.0,0
5.0,2991.0,177.0,261.0,4.0,1120.0,205.0,1
14.0,1181.0,60.0,135.0,4.0,890.0,170.0,0
15.0,2324.0,277.0,175.0,6.0,425.0,165.0,0
5.0,2265.0,16.0,177.0,7.0,755.0,88.0,0
15.0,1424.0,253.0,243.0,4.0,425.0,85.0,0
17.0,7283.0,134.0,229.0,7.0,737.0,92.0,0
6.0,5577.0,94.0,16.0,1.0,658.0,86.0,1
15.0,11.0,170.0,75.0,7.0,480.0,70.0,0
13.0,943.0,208.0,154.0,5.0,1052.0,268.0,1
1.0,838.0,277.0,183.0,4.0,1055.0,70.0,0
15.0,704.0,236.0,34.0,5.0,500.0,65.0,1
6.0,4968.0,132.0,16.0,4.0,1090.0,64.0,0
14.0,1232.0,104.0,78.0,7.0,1085.0,144.0,1
8.0,708.0,76.0,16.0,4.0,456.0,108.0,0
16.0,5976.0,208.0,157.0,5.0,963.0,72.0,0
16.0,5897.0,208.0,99.0,7.0,924.0,113.0,0
8.0,508.0,159.0,184.0,4.0,823.0,145.0,0
15.0,406.0,217.0,216.0,3.0,685.0,270.0,0
14.0,140.0,172.0,217.0,1.0,1075.0,173.0,0
15.0,1294.0,217.0,261.0,4.0,1130.0,95.0,1
12.0,7801.0,282.0,261.0,4.0,570.0,60.0,1
16.0,5936.0,208.0,17.0,4.0,485.0,50.0,0
9.0,303.0,128.0,161.0,3.0,535.0,37.0,0
1.0,1268.0,183.0,78.0,4.0,720.0,140.0,0
1.0,2412.0,154.0,80.0,5.0,410.0,185.0,0
9.0,25.0,214.0,128.0,1.0,605.0,365.0,0
2.0,536.0,252.0,207.0,4.0,1250.0,148.0,0
0.0,3753.0,177.0,147.0,3.0,870.0,104.0,0
4.0,366.0,252.0,135.0,5.0,810.0,249.0,1
2.0,65.0,226.0,149.0,7.0,698.0,42.0,0
15.0,167.0,154.0,262.0,5.0,1270.0,80.0,0
10.0,4227.0,84.0,208.0,4.0,675.0,80.0,0
12.0,3099.0,184.0,139.0,7.0,460.0,64.0,1
15.0,1683.0,243.0,258.0,1.0,390.0,90.0,1
13.0,617.0,208.0,264.0,6.0,1033.0,277.0,0
13.0,947.0,134.0,173.0,1.0,1055.0,145.0,0
1.0,1915.0,80.0,261.0,5.0,735.0,175.0,0
1.0,1914.0,197.0,80.0,5.0,630.0,160.0,0
4.0,401.0,139.0,135.0,5.0,1070.0,152.0,0
2.0,503.0,264.0,252.0,3.0,720.0,168.0,0
16.0,2973.0,135.0,198.0,7.0,630.0,54.0,1
8.0,300.0,79.0,16.0,6.0,375.0,170.0,1
14.0,1910.0,60.0,159.0,3.0,595.0,115.0,0
13.0,641.0,45.0,208.0,7.0,540.0,133.0,0
6.0,7108.0,229.0,134.0,6.0,330.0,114.0,0
15.0,2908.0,154.0,253.0,6.0,655.0,80.0,0
5.0,2841.0,16.0,116.0,4.0,585.0,89.0,0
8.0,133.0,16.0,277.0,4.0,525.0,89.0,0
12.0,6986.0,208.0,281.0,1.0,510.0,60.0,1
12.0,7044.0,205.0,79.0,1.0,679.0,97.0,1
15.0,1281.0,129.0,202.0,6.0,665.0,255.0,0
12.0,6690.0,232.0,214.0,4.0,724.0,45.0,1
13.0,468.0,253.0,243.0,4.0,540.0,96.0,0
1.0,149.0,134.0,154.0,5.0,550.0,350.0,0
11.0,6460.0,148.0,35.0,5.0,600.0,89.0,0
5.0,2500.0,74.0,16.0,1.0,707.0,88.0,1
6.0,7106.0,134.0,61.0,4.0,1336.0,75.0,0
15.0,3052.0,45.0,61.0,7.0,975.0,80.0,1
1.0,1847.0,18.0,80.0,5.0,570.0,65.0,0
2.0,325.0,258.0,252.0,4.0,745.0,127.0,0
2.0,852.0,128.0,252.0,1.0,865.0,337.0,1
11.0,6506.0,71.0,216.0,5.0,460.0,106.0,1
13.0,310.0,79.0,159.0,5.0,665.0,223.0,1
12.0,6287.0,153.0,227.0,4.0,667.0,64.0,0
13.0,267.0,208.0,79.0,7.0,720.0,164.0,1
13.0,806.0,154.0,253.0,1.0,835.0,85.0,0
10.0,3670.0,275.0,183.0,1.0,775.0,85.0,0
11.0,6490.0,159.0,233.0,1.0,620.0,123.0,0
1.0,2431.0,154.0,153.0,6.0,870.0,70.0,0
15.0,2453.0,207.0,217.0,5.0,800.0,65.0,1
16.0,3104.0,69.0,135.0,6.0,895.0,174.0,1
11.0,6361.0,85.0,71.0,3.0,450.0,75.0,1
15.0,2027.0,129.0,45.0,7.0,725.0,170.0,1
6.0,5115.0,58.0,16.0,6.0,465.0,127.0,0
12.0,6722.0,79.0,285.0,4.0,608.0,158.0,0
4.0,1489.0,85.0,135.0,6.0,513.0,185.0,0
1.0,1264.0,79.0,80.0,3.0,440.0,125.0,0
15.0,1952.0,202.0,154.0,1.0,590.0,75.0,1
8.0,190.0,16.0,78.0,7.0,1270.0,99.0,0
8.0,990.0,16.0,221.0,1.0,1046.0,97.0,1
13.0,458.0,154.0,221.0,7.0,505.0,277.0,1
14.0,668.0,217.0,264.0,7.0,1190.0,77.0,0
15.0,1100.0,175.0,198.0,3.0,1100.0,140.0,1
0.0,3867.0,90.0,85.0,5.0,995.0,88.0,0
14.0,1527.0,273.0,60.0,4.0,705.0,129.0,0
15.0,1783.0,104.0,147.0,3.0,1025.0,75.0,1
14.0,524.0,217.0,236.0,3.0,880.0,110.0,0
1.0,1541.0,233.0,183.0,3.0,1190.0,130.0,0
12.0,6373.0,246.0,154.0,5.0,688.0,48.0,0
10.0,2802.0,284.0,80.0,3.0,655.0,50.0,0
15.0,825.0,45.0,182.0,5.0,420.0,75.0,0
14.0,1747.0,216.0,153.0,5.0,470.0,342.0,1
12.0,6902.0,253.0,224.0,3.0,1255.0,109.0,1
15.0,3147.0,217.0,154.0,1.0,530.0,85.0,0
16.0,2278.0,135.0,205.0,7.0,932.0,128.0,1
3.0,196.0,153.0,148.0,5.0,1337.0,281.0,0
1.0,177.0,148.0,253.0,6.0,1079.0,401.0,0
17.0,7295.0,208.0,247.0,5.0,902.0,39.0,0
3.0,405.0,35.0,243.0,6.0,590.0,378.0,0
15.0,27.0,129.0,87.0,1.0,885.0,90.0,0
12.0,4600.0,253.0,261.0,6.0,613.0,117.0,0
6.0,5396.0,115.0,16.0,7.0,1076.0,93.0,0
12.0,6283.0,144.0,154.0,5.0,1251.0,53.0,0
11.0,6709.0,209.0,71.0,5.0,1055.0,122.0,0
12.0,6834.0,253.0,236.0,3.0,959.0,57.0,1
10.0,2858.0,80.0,84.0,1.0,945.0,110.0,0
6.0,5025.0,16.0,278.0,3.0,515.0,71.0,1
5.0,1841.0,85.0,277.0,4.0,425.0,167.0,0
15.0,944.0,75.0,170.0,5.0,895.0,70.0,1
10.0,4114.0,221.0,208.0,5.0,360.0,105.0,0
0.0,4155.0,16.0,215.0,6.0,1175.0,104.0,0
5.0,1153.0,16.0,213.0,7.0,500.0,107.0,0
16.0,3034.0,65.0,135.0,3.0,660.0,129.0,0
15.0,2630.0,85.0,175.0,3.0,630.0,70.0,1
1.0,2098.0,208.0,35.0,1.0,935.0,130.0,0
7.0,654.0,253.0,79.0,4.0,654.0,146.0,1
14.0,373.0,60.0,80.0,7.0,1331.0,163.0,1
6.0,7109.0,134.0,132.0,5.0,517.0,120.0,0
8.0,1188.0,173.0,187.0,1.0,450.0,167.0,0
17.0,7211.0,228.0,134.0,5.0,1156.0,93.0,0
10.0,2700.0,239.0,80.0,1.0,855.0,85.0,1
5.0,2415.0,148.0,104.0,1.0,595.0,183.0,0
5.0,2334.0,253.0,261.0,3.0,777.0,113.0,0
5.0,2414.0,104.0,148.0,6.0,380.0,169.0,0
8.0,597.0,238.0,16.0,3.0,1080.0,140.0,0
12.0,4491.0,243.0,154.0,7.0,1195.0,49.0,1
12.0,4631.0,153.0,154.0,5.0,570.0,75.0,0
8.0,446.0,16.0,198.0,6.0,791.0,93.0,0
13.0,667.0,159.0,208.0,3.0,486.0,157.0,0
17.0,2623.0,60.0,71.0,4.0,965.0,89.0,0
15.0,1079.0,198.0,75.0,3.0,920.0,85.0,1
15.0,1680.0,202.0,261.0,5.0,1195.0,100.0,1
12.0,6853.0,72.0,208.0,4.0,607.0,68.0,0
15.0,3052.0,45.0,61.0,4.0,975.0,80.0,1
6.0,5403.0,119.0,177.0,1.0,430.0,122.0,0
15.0,1862.0,228.0,173.0,3.0,1065.0,185.0,1
15.0,2162.0,111.0,202.0,6.0,960.0,130.0,0
15.0,122.0,244.0,153.0,4.0,1170.0,180.0,1
10.0,3394.0,41.0,80.0,3.0,1195.0,90.0,0
17.0,2621.0,134.0,60.0,4.0,825.0,91.0,0
6.0,7079.0,134.0,85.0,5.0,746.0,94.0,0
5.0,2880.0,253.0,16.0,1.0,720.0,279.0,1
15.0,603.0,228.0,153.0,6.0,600.0,375.0,1
14.0,751.0,216.0,183.0,3.0,935.0,171.0,0
6.0,7305.0,177.0,268.0,7.0,575.0,71.0,0
9.0,124.0,161.0,128.0,5.0,520.0,30.0,0
15.0,2038.0,268.0,175.0,7.0,710.0,60.0,0
15.0,747.0,61.0,277.0,4.0,740.0,135.0,1
4.0,56.0,173.0,96.0,5.0,775.0,157.0,0
12.0,6317.0,154.0,246.0,7.0,439.0,40.0,1
14.0,940.0,217.0,197.0,4.0,1190.0,184.0,0
5.0,78.0,173.0,148.0,6.0,840.0,165.0,1
14.0,1277.0,139.0,216.0,1.0,785.0,104.0,0
12.0,6228.0,91.0,79.0,7.0,451.0,116.0,1
3.0,347.0,148.0,267.0,4.0,809.0,182.0,1
17.0,2620.0,60.0,174.0,5.0,1335.0,89.0,0
12.0,4808.0,154.0,253.0,6.0,1094.0,71.0,1
12.0,4500.0,243.0,154.0,5.0,885.0,49.0,0
14.0,816.0,60.0,174.0,7.0,1189.0,84.0,0
10.0,2976.0,1.0,80.0,6.0,1065.0,50.0,0
5.0,1020.0,16.0,175.0,4.0,1147.0,121.0,0
12.0,4530.0,197.0,117.0,6.0,820.0,71.0,1
14.0,1410.0,16.0,216.0,7.0,1175.0,129.0,0
14.0,1540.0,217.0,60.0,3.0,465.0,216.0,0
13.0,906.0,253.0,208.0,5.0,655.0,256.0,1
14.0,1592.0,16.0,216.0,6.0,390.0,115.0,0
13.0,516.0,217.0,253.0,5.0,1241.0,125.0,0
1.0,1607.0,80.0,217.0,7.0,900.0,155.0,0
12.0,6710.0,208.0,71.0,3.0,805.0,76.0,1
1.0,528.0,154.0,183.0,6.0,360.0,280.0,0
15.0,126.0,79.0,18.0,4.0,630.0,125.0,1
1.0,1607.0,279.0,80.0,5.0,770.0,70.0,0
10.0,3903.0,69.0,208.0,5.0,1075.0,120.0,0
8.0,865.0,173.0,97.0,5.0,666.0,68.0,0
6.0,5104.0,16.0,32.0,5.0,645.0,104.0,0
10.0,3214.0,259.0,80.0,6.0,545.0,60.0,0
1.0,1481.0,204.0,80.0,3.0,835.0,60.0,1
5.0,1953.0,197.0,252.0,7.0,1295.0,223.0,0
6.0,7339.0,16.0,205.0,1.0,690.0,146.0,1
1.0,744.0,80.0,159.0,7.0,1035.0,210.0,0
1.0,526.0,253.0,80.0,6.0,360.0,215.0,0
6.0,5454.0,87.0,16.0,5.0,817.0,72.0,0
10.0,2820.0,266.0,80.0,5.0,690.0,45.0,0
13.0,646.0,208.0,96.0,4.0,792.0,141.0,0
15.0,3150.0,43.0,45.0,5.0,690.0,70.0,1
5.0,2427.0,16.0,104.0,7.0,1215.0,112.0,1
1.0,1066.0,80.0,33.0,4.0,615.0,100.0,0
3.0,1005.0,35.0,148.0,1.0,441.0,75.0,0
15.0,637.0,268.0,175.0,3.0,940.0,60.0,1
16.0,2297.0,184.0,58.0,4.0,505.0,72.0,1
5.0,1924.0,16.0,45.0,6.0,1290.0,113.0,0
6.0,5032.0,70.0,16.0,6.0,858.0,50.0,0
14.0,590.0,202.0,217.0,4.0,370.0,112.0,1
5.0,1824.0,16.0,45.0,5.0,895.0,107.0,0
14.0,1086.0,173.0,60.0,7.0,1035.0,98.0,0
10.0,2779.0,80.0,121.0,3.0,800.0,130.0,0
12.0,3077.0,139.0,184.0,5.0,437.0,63.0,0
6.0,5547.0,16.0,288.0,6.0,726.0,73.0,1
3.0,746.0,260.0,173.0,7.0,980.0,187.0,1
14.0,1608.0,173.0,216.0,6.0,1175.0,133.0,1
12.0,6951.0,79.0,107.0,3.0,843.0,82.0,0
14.0,1812.0,216.0,35.0,3.0,375.0,74.0,0
5.0,1122.0,241.0,16.0,1.0,670.0,105.0,0
5.0,2843.0,96.0,16.0,5.0,1080.0,157.0,1
15.0,2996.0,175.0,198.0,6.0,1095.0,140.0,1
15.0,922.0,262.0,264.0,4.0,425.0,90.0,0
15.0,1076.0,154.0,153.0,1.0,560.0,60.0,0
15.0,636.0,45.0,141.0,1.0,480.0,65.0,0
2.0,483.0,243.0,252.0,6.0,750.0,175.0,1
6.0,5257.0,22.0,78.0,6.0,360.0,84.0,0
5.0,1770.0,261.0,197.0,6.0,1020.0,157.0,0
0.0,3764.0,187.0,85.0,5.0,625.0,97.0,1
15.0,2006.0,221.0,216.0,4.0,785.0,75.0,1
1.0,309.0,159.0,208.0,5.0,479.0,165.0,0
15.0,167.0,153.0,13.0,3.0,715.0,125.0,1
15.0,3586.0,243.0,258.0,7.0,1185.0,80.0,1
13.0,409.0,159.0,79.0,4.0,1065.0,272.0,1
15.0,27.0,75.0,129.0,1.0,780.0,60.0,0
0.0,3715.0,175.0,85.0,7.0,1100.0,86.0,0
15.0,3655.0,268.0,204.0,7.0,1195.0,95.0,1
5.0,1618.0,173.0,16.0,5.0,450.0,110.0,0
1.0,1344.0,244.0,80.0,5.0,705.0,70.0,1
16.0,2921.0,119.0,135.0,4.0,388.0,182.0,0
1.0,2462.0,154.0,80.0,7.0,1090.0,170.0,0
6.0,4978.0,16.0,101.0,7.0,1035.0,74.0,0
0.0,4236.0,60.0,71.0,4.0,1065.0,99.0,0
12.0,6601.0,252.0,253.0,4.0,1185.0,122.0,0
4.0,540.0,233.0,96.0,4.0,1065.0,105.0,1
9.0,126.0,128.0,203.0,1.0,670.0,37.0,0
11.0,6430.0,16.0,120.0,4.0,890.0,92.0,0
16.0,5912.0,43.0,208.0,1.0,787.0,117.0,0
1.0,1938.0,183.0,277.0,1.0,715.0,60.0,0
0.0,3664.0,171.0,85.0,7.0,915.0,62.0,0
5.0,1471.0,16.0,204.0,7.0,1151.0,152.0,1
10.0,3764.0,208.0,216.0,5.0,730.0,120.0,0
12.0,7771.0,255.0,261.0,5.0,696.0,84.0,0
12.0,6457.0,264.0,253.0,6.0,894.0,80.0,0
16.0,2796.0,135.0,16.0,7.0,970.0,119.0,1
13.0,18.0,154.0,79.0,3.0,360.0,146.0,0
3.0,15.0,148.0,104.0,6.0,995.0,195.0,1
14.0,5.0,208.0,216.0,3.0,1135.0,119.0,0
4.0,778.0,244.0,135.0,1.0,1100.0,65.0,0
15.0,623.0,75.0,268.0,6.0,465.0,100.0,0
1.0,1656.0,80.0,251.0,1.0,950.0,115.0,0
1.0,2099.0,208.0,154.0,4.0,440.0,265.0,0
2.0,731.0,252.0,14.0,5.0,1320.0,215.0,0
10.0,3370.0,80.0,41.0,4.0,515.0,80.0,1
8.0,332.0,16.0,216.0,6.0,525.0,121.0,0
5.0,1019.0,177.0,172.0,5.0,1175.0,91.0,0
5.0,1923.0,35.0,85.0,7.0,742.0,142.0,0
10.0,3708.0,208.0,91.0,4.0,1200.0,195.0,1
1.0,2097.0,80.0,244.0,1.0,635.0,65.0,0
15.0,389.0,129.0,198.0,5.0,695.0,60.0,1
9.0,308.0,128.0,150.0,6.0,1132.0,43.0,0
1.0,1194.0,183.0,22.0,3.0,1235.0,175.0,1
13.0,431.0,61.0,208.0,4.0,592.0,78.0,0
1.0,359.0,80.0,264.0,5.0,455.0,195.0,0
5.0,2638.0,16.0,78.0,7.0,560.0,108.0,0
14.0,604.0,35.0,217.0,6.0,590.0,354.0,0
15.0,1812.0,175.0,216.0,7.0,545.0,115.0,0
10.0,3626.0,223.0,183.0,4.0,740.0,110.0,0
12.0,4800.0,261.0,154.0,1.0,410.0,115.0,0
1.0,270.0,128.0,154.0,6.0,500.0,330.0,0
14.0,1766.0,200.0,60.0,6.0,770.0,64.0,0
2.0,244.0,252.0,154.0,5.0,420.0,155.0,0
5.0,1914.0,261.0,34.0,7.0,810.0,70.0,1
6.0,5549.0,19.0,16.0,1.0,1095.0,72.0,0
14.0,89.0,214.0,217.0,7.0,1080.0,148.0,0
12.0,6638.0,235.0,79.0,5.0,480.0,85.0,0
17.0,7253.0,208.0,177.0,4.0,737.0,101.0,0
15.0,2713.0,173.0,209.0,4.0,1035.0,110.0,0
11.0,6546.0,221.0,85.0,4.0,815.0,70.0,0
0.0,4275.0,188.0,16.0,4.0,955.0,100.0,0
13.0,678.0,208.0,159.0,7.0,664.0,132.0,0
17.0,2850.0,292.0,217.0,7.0,1155.0,70.0,0
15.0,1006.0,91.0,18.0,7.0,735.0,85.0,0
15.0,1537.0,243.0,175.0,5.0,840.0,235.0,1
9.0,207.0,150.0,128.0,1.0,729.0,42.0,0
10.0,3972.0,193.0,281.0,3.0,460.0,45.0,0
12.0,4513.0,197.0,135.0,6.0,605.0,171.0,1
4.0,518.0,96.0,277.0,7.0,1045.0,182.0,1
15.0,2903.0,75.0,198.0,7.0,885.0,80.0,1
12.0,4473.0,2.0,261.0,3.0,1040.0,99.0,1
12.0,6386.0,44.0,253.0,3.0,800.0,76.0,1
15.0,1376.0,258.0,153.0,6.0,810.0,85.0,1
15.0,807.0,207.0,202.0,7.0,435.0,75.0,0
16.0,3033.0,135.0,13.0,7.0,875.0,96.0,0
5.0,1509.0,197.0,79.0,3.0,555.0,125.0,0
14.0,1527.0,273.0,60.0,1.0,705.0,129.0,0
5.0,1604.0,264.0,261.0,1.0,785.0,108.0,0
15.0,719.0,45.0,173.0,7.0,1005.0,140.0,0
0.0,4251.0,71.0,121.0,6.0,1150.0,73.0,0
14.0,1632.0,60.0,159.0,4.0,1326.0,97.0,0
8.0,983.0,221.0,16.0,7.0,660.0,114.0,0
15.0,2290.0,154.0,153.0,3.0,1130.0,60.0,1
12.0,3073.0,268.0,184.0,3.0,877.0,73.0,1
8.0,494.0,60.0,45.0,6.0,439.0,86.0,0
5.0,1749.0,16.0,253.0,7.0,1145.0,332.0,0
4.0,605.0,204.0,135.0,6.0,380.0,79.0,0
12.0,6443.0,208.0,204.0,5.0,496.0,130.0,0
8.0,131.0,16.0,277.0,4.0,1335.0,87.0,0
10.0,3382.0,80.0,56.0,3.0,1150.0,120.0,0
6.0,4986.0,177.0,60.0,3.0,1195.0,101.0,1
0.0,4194.0,197.0,32.0,7.0,1025.0,95.0,0
13.0,752.0,79.0,45.0,5.0,506.0,204.0,0
16.0,2395.0,146.0,135.0,4.0,575.0,77.0,0
15.0,1624.0,252.0,79.0,1.0,885.0,160.0,0
10.0,3396.0,170.0,80.0,6.0,430.0,75.0,1
10.0,3995.0,76.0,208.0,7.0,1020.0,80.0,0
5.0,1301.0,139.0,16.0,7.0,360.0,105.0,0
16.0,2613.0,96.0,61.0,4.0,1170.0,117.0,1
15.0,126.0,18.0,104.0,4.0,840.0,155.0,1
8.0,439.0,184.0,16.0,3.0,1114.0,121.0,1
5.0,1556.0,85.0,177.0,5.0,1035.0,135.0,1
13.0,83.0,134.0,154.0,1.0,556.0,351.0,1
3.0,1068.0,18.0,148.0,3.0,1105.0,205.0,1
5.0,1604.0,264.0,261.0,6.0,785.0,108.0,0
5.0,1208.0,261.0,71.0,4.0,838.0,203.0,1
12.0,6297.0,17.0,208.0,6.0,793.0,60.0,1
15.0,411.0,35.0,216.0,7.0,505.0,100.0,0
8.0,64.0,16.0,134.0,7.0,771.0,99.0,0
15.0,1006.0,175.0,85.0,3.0,1180.0,70.0,1
12.0,6615.0,122.0,79.0,6.0,812.0,112.0,1
5.0,2689.0,197.0,139.0,5.0,915.0,94.0,0
12.0,4537.0,217.0,261.0,4.0,740.0,97.0,0
5.0,2496.0,197.0,241.0,4.0,625.0,202.0,0
15.0,917.0,154.0,236.0,1.0,420.0,80.0,1
6.0,7398.0,27.0,16.0,7.0,660.0,71.0,1
15.0,1221.0,221.0,175.0,7.0,1140.0,110.0,0
15.0,2980.0,217.0,233.0,3.0,660.0,235.0,1
3.0,1320.0,45.0,35.0,6.0,363.0,77.0,0
15.0,723.0,45.0,233.0,4.0,1000.0,65.0,1
1.0,606.0,80.0,260.0,7.0,965.0,265.0,1
12.0,6316.0,252.0,214.0,1.0,905.0,48.0,0
17.0,7252.0,17.0,208.0,4.0,686.0,59.0,0
1.0,31.0,154.0,128.0,3.0,510.0,345.0,0
1.0,1144.0,217.0,208.0,5.0,680.0,205.0,0
5.0,2223.0,261.0,154.0,5.0,522.0,116.0,0
5.0,2738.0,16.0,78.0,3.0,500.0,102.0,0
12.0,6729.0,79.0,290.0,4.0,1171.0,100.0,1
15.0,2731.0,262.0,243.0,4.0,1205.0,85.0,1
5.0,127.0,148.0,253.0,3.0,915.0,408.0,1
6.0,5612.0,16.0,201.0,6.0,590.0,89.0,1
11.0,6329.0,69.0,16.0,1.0,405.0,110.0,0
6.0,7112.0,148.0,134.0,6.0,862.0,92.0,0
12.0,4444.0,261.0,230.0,3.0,590.0,98.0,0
15.0,425.0,216.0,182.0,4.0,1190.0,80.0,1
16.0,2279.0,96.0,285.0,4.0,1165.0,135.0,1
10.0,3703.0,208.0,16.0,4.0,1060.0,125.0,1
13.0,976.0,79.0,134.0,5.0,945.0,201.0,0
5.0,2381.0,244.0,16.0,5.0,400.0,138.0,0
12.0,6899.0,208.0,184.0,6.0,439.0,42.0,1
16.0,2392.0,132.0,135.0,7.0,390.0,117.0,0
2.0,61.0,291.0,50.0,3.0,721.0,52.0,0
0.0,3838.0,43.0,85.0,5.0,609.0,85.0,1
16.0,5939.0,208.0,218.0,6.0,1028.0,50.0,1
15.0,1764.0,43.0,45.0,4.0,1140.0,70.0,1
16.0,5894.0,208.0,285.0,5.0,1116.0,89.0,0
13.0,897.0,35.0,134.0,7.0,570.0,107.0,0
15.0,3408.0,44.0,262.0,1.0,965.0,80.0,1
12.0,6461.0,154.0,292.0,7.0,1269.0,67.0,1
6.0,5532.0,16.0,162.0,3.0,465.0,101.0,0
10.0,3232.0,80.0,254.0,3.0,860.0,75.0,0
15.0,618.0,154.0,202.0,7.0,835.0,75.0,1
5.0,1118.0,76.0,16.0,4.0,975.0,103.0,0
5.0,2890.0,16.0,76.0,3.0,515.0,102.0,0
15.0,821.0,202.0,154.0,1.0,370.0,75.0,1
8.0,763.0,213.0,16.0,4.0,1184.0,107.0,0
13.0,43.0,135.0,79.0,7.0,535.0,159.0,0
15.0,1022.0,45.0,79.0,3.0,870.0,255.0,1
5.0,1458.0,241.0,16.0,7.0,809.0,110.0,0
2.0,584.0,214.0,264.0,1.0,945.0,145.0,0
17.0,7278.0,172.0,134.0,6.0,491.0,141.0,0
10.0,4132.0,208.0,172.0,4.0,420.0,90.0,0
12.0,6450.0,253.0,44.0,7.0,1135.0,69.0,0
10.0,3531.0,80.0,58.0,3.0,1125.0,145.0,0
12.0,6557.0,214.0,179.0,3.0,927.0,61.0,0
0.0,3737.0,177.0,66.0,4.0,565.0,80.0,0
0.0,4045.0,130.0,16.0,6.0,435.0,158.0,0
8.0,308.0,79.0,16.0,4.0,1005.0,170.0,0
11.0,6697.0,71.0,109.0,3.0,810.0,51.0,1
8.0,342.0,16.0,216.0,1.0,961.0,123.0,1
10.0,4662.0,159.0,16.0,4.0,1185.0,165.0,0
0.0,3737.0,177.0,66.0,1.0,565.0,80.0,1
5.0,1814.0,154.0,71.0,7.0,665.0,250.0,1
1.0,451.0,208.0,253.0,6.0,630.0,290.0,0
15.0,29.0,129.0,68.0,5.0,895.0,50.0,1
5.0,2502.0,173.0,71.0,1.0,494.0,131.0,0
7.0,552.0,243.0,79.0,4.0,1210.0,130.0,0
12.0,4782.0,253.0,154.0,4.0,1220.0,90.0,0
15.0,1715.0,18.0,75.0,4.0,1195.0,55.0,0
15.0,2850.0,264.0,217.0,6.0,1110.0,75.0,1
10.0,4216.0,208.0,204.0,4.0,520.0,135.0,0
10.0,2837.0,80.0,239.0,4.0,580.0,85.0,0
8.0,407.0,139.0,16.0,1.0,776.0,93.0,0
15.0,1918.0,61.0,45.0,6.0,1050.0,70.0,0
12.0,6275.0,252.0,111.0,7.0,790.0,58.0,0
14.0,683.0,261.0,217.0,3.0,815.0,95.0,1
15.0,829.0,258.0,44.0,3.0,935.0,60.0,0
5.0,117.0,16.0,277.0,4.0,1066.0,90.0,0
0.0,3949.0,85.0,187.0,3.0,540.0,94.0,0
5.0,1015.0,27.0,16.0,4.0,900.0,63.0,1
13.0,104.0,208.0,96.0,7.0,690.0,141.0,0
13.0,27.0,148.0,154.0,3.0,930.0,383.0,1
6.0,5006.0,16.0,273.0,4.0,1247.0,130.0,0
16.0,2258.0,19.0,135.0,1.0,990.0,152.0,0
8.0,1742.0,221.0,173.0,5.0,769.0,145.0,1
11.0,6363.0,134.0,71.0,5.0,675.0,104.0,0
3.0,567.0,272.0,104.0,6.0,929.0,191.0,0
6.0,7120.0,159.0,134.0,1.0,1001.0,84.0,1
15.0,1321.0,243.0,258.0,5.0,860.0,80.0,1
13.0,346.0,208.0,221.0,5.0,1284.0,88.0,1
4.0,1492.0,135.0,61.0,7.0,1165.0,153.0,0
14.0,1048.0,60.0,85.0,1.0,1100.0,118.0,0
6.0,7311.0,188.0,177.0,3.0,390.0,70.0,1
5.0,1554.0,154.0,16.0,1.0,860.0,261.0,0
8.0,220.0,184.0,153.0,3.0,1245.0,250.0,1
11.0,6765.0,159.0,195.0,7.0,915.0,176.0,0
6.0,5386.0,41.0,16.0,1.0,620.0,89.0,0
1.0,2305.0,208.0,80.0,6.0,485.0,150.0,1
1.0,1344.0,244.0,80.0,3.0,705.0,70.0,0
13.0,593.0,79.0,264.0,7.0,1276.0,142.0,0
10.0,4075.0,208.0,281.0,6.0,720.0,60.0,0
15.0,1383.0,261.0,79.0,1.0,740.0,85.0,0
0.0,4325.0,16.0,223.0,4.0,655.0,79.0,0
1.0,620.0,80.0,244.0,3.0,855.0,65.0,0
13.0,82.0,154.0,148.0,4.0,1363.0,320.0,0
0.0,4071.0,117.0,197.0,6.0,780.0,76.0,0
3.0,684.0,78.0,35.0,3.0,855.0,83.0,1
6.0,7324.0,16.0,278.0,1.0,900.0,64.0,1
6.0,7365.0,190.0,177.0,1.0,995.0,80.0,1
13.0,100.0,253.0,134.0,5.0,702.0,313.0,0
15.0,406.0,252.0,153.0,1.0,360.0,140.0,0
16.0,2494.0,208.0,96.0,5.0,1065.0,137.0,0
8.0,1012.0,277.0,76.0,5.0,1140.0,134.0,0
16.0,2642.0,135.0,204.0,7.0,545.0,76.0,0
8.0,985.0,221.0,16.0,6.0,842.0,114.0,0
11.0,6493.0,120.0,85.0,4.0,435.0,125.0,0
5.0,1851.0,197.0,153.0,1.0,425.0,213.0,0
10.0,3807.0,208.0,16.0,4.0,360.0,120.0,0
10.0,4423.0,148.0,233.0,7.0,1190.0,115.0,1
10.0,4130.0,174.0,208.0,7.0,1035.0,135.0,1
13.0,902.0,79.0,134.0,7.0,645.0,197.0,1
6.0,5236.0,288.0,177.0,6.0,685.0,93.0,0
15.0,347.0,155.0,75.0,7.0,790.0,65.0,1
8.0,421.0,223.0,16.0,7.0,1090.0,70.0,0
6.0,5220.0,10.0,16.0,7.0,1007.0,107.0,0
3.0,1016.0,148.0,35.0,7.0,1075.0,76.0,0
5.0,2812.0,16.0,208.0,3.0,630.0,132.0,0
16.0,2466.0,170.0,135.0,4.0,1110.0,84.0,0
12.0,6457.0,253.0,264.0,4.0,765.0,88.0,1
12.0,6710.0,208.0,71.0,6.0,820.0,76.0,1
5.0,2486.0,16.0,159.0,6.0,940.0,134.0,0
12.0,4596.0,261.0,232.0,3.0,680.0,97.0,0
15.0,754.0,153.0,198.0,5.0,1095.0,195.0,0
5.0,1523.0,85.0,244.0,3.0,1200.0,214.0,1
1.0,826.0,261.0,80.0,7.0,500.0,170.0,0
15.0,411.0,79.0,18.0,7.0,1195.0,125.0,1
4.0,762.0,198.0,135.0,5.0,400.0,70.0,0
1.0,1518.0,252.0,80.0,6.0,655.0,235.0,0
5.0,1324.0,16.0,234.0,3.0,585.0,103.0,1
1.0,1433.0,183.0,198.0,5.0,640.0,130.0,0
6.0,5062.0,16.0,120.0,5.0,487.0,73.0,0
12.0,6623.0,253.0,179.0,6.0,1154.0,99.0,0
16.0,2981.0,41.0,135.0,7.0,730.0,64.0,0
15.0,29.0,268.0,75.0,3.0,685.0,105.0,1
5.0,1909.0,106.0,16.0,5.0,375.0,146.0,0
6.0,4969.0,180.0,16.0,4.0,450.0,65.0,0
16.0,2937.0,177.0,135.0,5.0,1080.0,100.0,0
15.0,3742.0,33.0,153.0,5.0,1160.0,260.0,1
1.0,1698.0,261.0,80.0,3.0,365.0,170.0,0
8.0,104.0,80.0,16.0,4.0,652.0,118.0,0
1.0,1540.0,280.0,80.0,7.0,980.0,130.0,0
15.0,1473.0,268.0,197.0,6.0,1050.0,95.0,1
15.0,499.0,258.0,243.0,7.0,485.0,75.0,0
2.0,869.0,262.0,203.0,5.0,505.0,335.0,0
1.0,2546.0,173.0,148.0,3.0,505.0,150.0,0
12.0,6279.0,264.0,253.0,5.0,1027.0,80.0,0
16.0,2162.0,135.0,279.0,7.0,985.0,84.0,1
13.0,686.0,208.0,159.0,3.0,903.0,135.0,1
15.0,1687.0,79.0,261.0,1.0,480.0,90.0,1
1.0,1552.0,173.0,183.0,3.0,510.0,60.0,0
2.0,30.0,214.0,35.0,3.0,420.0,320.0,1
14.0,970.0,216.0,35.0,1.0,795.0,73.0,0
12.0,6828.0,236.0,253.0,6.0,386.0,69.0,0
4.0,1620.0,135.0,217.0,4.0,695.0,174.0,0
10.0,3997.0,99.0,208.0,5.0,720.0,115.0,0
5.0,2506.0,197.0,177.0,3.0,980.0,120.0,1
15.0,3070.0,216.0,182.0,4.0,465.0,75.0,1
15.0,2553.0,243.0,236.0,4.0,430.0,90.0,0
17.0,7286.0,208.0,273.0,4.0,1086.0,101.0,1
16.0,5915.0,99.0,208.0,4.0,633.0,112.0,0
1.0,1576.0,80.0,204.0,6.0,1120.0,55.0,1
12.0,6226.0,262.0,253.0,4.0,855.0,47.0,1
14.0,949.0,58.0,60.0,3.0,530.0,103.0,0
13.0,15.0,148.0,253.0,4.0,870.0,403.0,0
15.0,1957.0,35.0,45.0,6.0,1090.0,95.0,0
1.0,2345.0,208.0,80.0,5.0,1030.0,155.0,1
10.0,3391.0,283.0,80.0,7.0,365.0,60.0,0
4.0,118.0,96.0,277.0,3.0,725.0,180.0,1
16.0,3010.0,58.0,216.0,5.0,990.0,77.0,1
15.0,1852.0,216.0,35.0,3.0,425.0,85.0,0
14.0,369.0,217.0,262.0,4.0,1060.0,118.0,0
15.0,3144.0,175.0,2.0,4.0,1020.0,195.0,1
10.0,3335.0,56.0,80.0,1.0,765.0,135.0,1
0.0,3771.0,16.0,251.0,7.0,965.0,84.0,0
5.0,1010.0,16.0,60.0,1.0,670.0,78.0,0
4.0,761.0,244.0,96.0,3.0,858.0,222.0,1
15.0,739.0,43.0,277.0,4.0,855.0,175.0,1
5.0,2094.0,186.0,16.0,7.0,420.0,113.0,0
6.0,4991.0,200.0,16.0,7.0,380.0,81.0,0
5.0,2525.0,35.0,197.0,4.0,360.0,210.0,0
15.0,844.0,129.0,18.0,3.0,895.0,50.0,1
15.0,1128.0,18.0,91.0,7.0,1235.0,100.0,1
5.0,1509.0,197.0,79.0,4.0,555.0,125.0,0
0.0,3679.0,85.0,139.0,4.0,1160.0,82.0,1
1.0,2574.0,183.0,16.0,5.0,1180.0,125.0,0
6.0,5028.0,162.0,16.0,7.0,896.0,92.0,0
4.0,319.0,277.0,96.0,3.0,515.0,155.0,1
14.0,578.0,217.0,277.0,3.0,595.0,238.0,1
10.0,2749.0,80.0,76.0,4.0,545.0,135.0,1
1.0,705.0,80.0,227.0,5.0,605.0,190.0,1
10.0,4299.0,43.0,208.0,7.0,690.0,115.0,1
10.0,3255.0,80.0,223.0,6.0,1170.0,100.0,0
5.0,1773.0,16.0,183.0,7.0,965.0,115.0,0
2.0,67.0,257.0,149.0,4.0,1125.0,39.0,0
0.0,3810.0,84.0,85.0,7.0,1070.0,114.0,0
8.0,29.0,175.0,16.0,1.0,395.0,125.0,0
1.0,1507.0,213.0,80.0,6.0,1095.0,190.0,0
6.0,5123.0,190.0,16.0,3.0,714.0,76.0,1
15.0,2883.0,221.0,173.0,7.0,1150.0,140.0,0
16.0,2706.0,2.0,135.0,4.0,525.0,114.0,0
0.0,3669.0,254.0,177.0,4.0,390.0,75.0,0
12.0,4470.0,99.0,197.0,1.0,912.0,66.0,0
5.0,650.0,175.0,16.0,6.0,570.0,111.0,0
12.0,6524.0,214.0,232.0,7.0,1286.0,38.0,0
1.0,689.0,209.0,80.0,6.0,380.0,220.0,0
16.0,2277.0,135.0,38.0,1.0,715.0,68.0,0
1.0,1805.0,290.0,80.0,5.0,1100.0,85.0,0
16.0,5985.0,33.0,208.0,7.0,382.0,107.0,0
0.0,4089.0,281.0,85.0,4.0,618.0,67.0,1
16.0,3079.0,58.0,268.0,7.0,1005.0,98.0,0
7.0,784.0,153.0,79.0,3.0,688.0,112.0,0
12.0,4447.0,153.0,154.0,6.0,1060.0,75.0,0
5.0,2147.0,182.0,16.0,4.0,420.0,184.0,0
15.0,680.0,258.0,214.0,7.0,815.0,105.0,1
6.0,5263.0,130.0,16.0,4.0,690.0,154.0,0
5.0,2458.0,213.0,159.0,3.0,445.0,169.0,1
12.0,7052.0,79.0,34.0,6.0,501.0,128.0,0
15.0,3507.0,258.0,154.0,4.0,610.0,70.0,0
1.0,1938.0,197.0,183.0,5.0,365.0,225.0,0
12.0,6670.0,248.0,253.0,6.0,397.0,71.0,0
12.0,6533.0,137.0,79.0,1.0,1030.0,89.0,0
0.0,3692.0,107.0,85.0,5.0,375.0,130.0,0
15.0,532.0,217.0,175.0,5.0,375.0,200.0,0
8.0,145.0,85.0,16.0,3.0,1015.0,123.0,0
0.0,3935.0,96.0,85.0,4.0,355.0,130.0,1
12.0,4510.0,136.0,197.0,7.0,950.0,113.0,1
0.0,4067.0,85.0,285.0,7.0,1160.0,98.0,0
13.0,9.0,45.0,79.0,5.0,1118.0,247.0,0
8.0,965.0,7.0,16.0,7.0,1097.0,120.0,0
10.0,4572.0,58.0,159.0,5.0,660.0,95.0,0
13.0,579.0,79.0,28.0,3.0,689.0,93.0,0
14.0,484.0,79.0,216.0,4.0,425.0,210.0,0
15.0,132.0,154.0,217.0,3.0,1185.0,75.0,1
10.0,3339.0,80.0,10.0,1.0,920.0,65.0,0
12.0,4859.0,290.0,197.0,5.0,1100.0,104.0,0
1.0,1344.0,244.0,80.0,4.0,705.0,70.0,0
6.0,5192.0,16.0,187.0,1.0,988.0,117.0,1
10.0,3346.0,251.0,80.0,4.0,725.0,150.0,0
12.0,4491.0,243.0,154.0,4.0,1195.0,49.0,0
1.0,484.0,80.0,183.0,5.0,935.0,165.0,1
17.0,2831.0,217.0,280.0,4.0,1260.0,46.0,0
17.0,2629.0,33.0,60.0,5.0,870.0,75.0,0
7.0,402.0,154.0,79.0,5.0,1220.0,131.0,0
11.0,6621.0,157.0,85.0,1.0,379.0,86.0,0
15.0,3070.0,216.0,182.0,1.0,465.0,75.0,0
15.0,1654.0,2.0,154.0,4.0,1255.0,125.0,0
1.0,2041.0,78.0,183.0,6.0,500.0,165.0,0
0.0,3936.0,117.0,85.0,7.0,430.0,80.0,0
0.0,3970.0,177.0,61.0,6.0,540.0,106.0,0
14.0,192.0,173.0,217.0,4.0,1040.0,288.0,0
13.0,576.0,252.0,79.0,5.0,331.0,159.0,0
10.0,3331.0,80.0,120.0,7.0,505.0,145.0,1
8.0,242.0,16.0,213.0,6.0,1265.0,107.0,0
5.0,1806.0,154.0,85.0,6.0,805.0,270.0,0
13.0,299.0,79.0,172.0,6.0,607.0,104.0,0
15.0,237.0,236.0,261.0,3.0,565.0,80.0,1
13.0,229.0,134.0,243.0,3.0,501.0,337.0,0
8.0,1439.0,197.0,173.0,4.0,895.0,189.0,0
3.0,72.0,173.0,148.0,6.0,581.0,139.0,0
6.0,5489.0,16.0,115.0,3.0,776.0,69.0,1
15.0,526.0,35.0,175.0,7.0,550.0,170.0,0
5.0,1845.0,16.0,147.0,4.0,959.0,71.0,1
15.0,1824.0,182.0,45.0,4.0,365.0,110.0,0
1.0,2495.0,80.0,154.0,3.0,1350.0,200.0,0
15.0,36.0,68.0,129.0,3.0,830.0,50.0,0
5.0,2880.0,253.0,16.0,6.0,720.0,280.0,1
15.0,722.0,173.0,175.0,7.0,1235.0,170.0,0
13.0,909.0,208.0,79.0,3.0,910.0,170.0,1
0.0,3686.0,177.0,136.0,1.0,560.0,99.0,0
17.0,2733.0,217.0,227.0,3.0,950.0,90.0,0
4.0,1170.0,208.0,96.0,7.0,953.0,127.0,1
15.0,40.0,172.0,184.0,4.0,1160.0,80.0,0
16.0,2592.0,96.0,139.0,4.0,633.0,134.0,0
13.0,279.0,208.0,79.0,6.0,653.0,165.0,1
15.0,2113.0,216.0,35.0,3.0,490.0,90.0,0
16.0,2526.0,119.0,58.0,6.0,415.0,57.0,0
1.0,763.0,159.0,80.0,5.0,990.0,260.0,0
15.0,1235.0,2.0,154.0,7.0,960.0,125.0,1
2.0,600.0,252.0,153.0,6.0,360.0,143.0,0
12.0,6966.0,252.0,253.0,4.0,604.0,131.0,1
1.0,1208.0,277.0,208.0,4.0,505.0,170.0,0
6.0,5110.0,190.0,16.0,1.0,1100.0,79.0,0
10.0,2722.0,84.0,80.0,3.0,1085.0,125.0,0
12.0,6551.0,172.0,208.0,4.0,1013.0,92.0,0
5.0,1090.0,16.0,139.0,4.0,730.0,98.0,0
1.0,1428.0,260.0,148.0,6.0,790.0,250.0,0
14.0,1697.0,60.0,241.0,6.0,985.0,115.0,0
5.0,2387.0,184.0,16.0,1.0,350.0,129.0,0
13.0,374.0,197.0,208.0,1.0,475.0,85.0,0
6.0,5486.0,16.0,97.0,7.0,897.0,118.0,1
13.0,18.0,79.0,45.0,6.0,607.0,202.0,0
15.0,3761.0,34.0,252.0,3.0,1180.0,85.0,0
3.0,423.0,35.0,213.0,6.0,400.0,195.0,0
5.0,1810.0,80.0,16.0,3.0,1095.0,128.0,0
15.0,2987.0,45.0,182.0,5.0,715.0,75.0,1
15.0,1259.0,45.0,33.0,1.0,430.0,120.0,0
1.0,1734.0,80.0,173.0,5.0,505.0,145.0,0
12.0,6952.0,246.0,79.0,6.0,690.0,147.0,0
16.0,3053.0,96.0,85.0,4.0,780.0,116.0,0
14.0,29.0,217.0,154.0,4.0,890.0,86.0,1
14.0,1188.0,269.0,60.0,1.0,940.0,230.0,0
12.0,6519.0,154.0,258.0,4.0,980.0,74.0,0
14.0,1866.0,60.0,234.0,4.0,1075.0,62.0,0
1.0,1259.0,80.0,79.0,3.0,755.0,125.0,0
10.0,3648.0,71.0,183.0,6.0,890.0,160.0,1
5.0,1157.0,61.0,16.0,5.0,360.0,110.0,1
15.0,1333.0,45.0,162.0,4.0,875.0,165.0,0
10.0,3240.0,162.0,80.0,5.0,1145.0,75.0,0
8.0,734.0,197.0,184.0,1.0,752.0,72.0,0
13.0,929.0,208.0,252.0,5.0,920.0,275.0,0
15.0,2579.0,264.0,258.0,6.0,1075.0,75.0,1
15.0,3930.0,154.0,2.0,7.0,450.0,105.0,0
1.0,1853.0,80.0,65.0,5.0,870.0,115.0,0
4.0,1678.0,244.0,135.0,5.0,1005.0,65.0,0
15.0,1363.0,45.0,141.0,7.0,715.0,60.0,1
1.0,1512.0,208.0,78.0,3.0,1100.0,105.0,0
4.0,17.0,96.0,154.0,3.0,790.0,355.0,1
12.0,4744.0,202.0,261.0,4.0,992.0,103.0,1
1.0,545.0,80.0,135.0,4.0,1085.0,65.0,0
3.0,750.0,260.0,173.0,5.0,259.0,182.0,0
1.0,1700.0,183.0,260.0,4.0,875.0,145.0,1
2.0,621.0,153.0,214.0,4.0,1230.0,136.0,0
12.0,6598.0,262.0,253.0,3.0,506.0,48.0,0
0.0,3987.0,285.0,177.0,3.0,480.0,89.0,0
15.0,685.0,205.0,268.0,4.0,375.0,70.0,1
5.0,1656.0,16.0,228.0,7.0,895.0,145.0,0
15.0,1064.0,252.0,153.0,7.0,1175.0,145.0,0
5.0,1553.0,148.0,264.0,1.0,548.0,392.0,1
16.0,3084.0,58.0,159.0,4.0,1020.0,97.0,0
5.0,2164.0,2.0,197.0,5.0,850.0,158.0,0
16.0,2382.0,76.0,96.0,3.0,648.0,102.0,1
12.0,6668.0,79.0,99.0,7.0,606.0,113.0,1
12.0,4612.0,2.0,261.0,4.0,783.0,92.0,0
15.0,1118.0,182.0,45.0,3.0,675.0,95.0,1
0.0,3679.0,85.0,139.0,7.0,1160.0,82.0,0
15.0,1084.0,233.0,173.0,7.0,1050.0,105.0,1
3.0,331.0,22.0,173.0,7.0,522.0,178.0,0
13.0,675.0,43.0,208.0,5.0,362.0,113.0,0
10.0,3795.0,91.0,208.0,3.0,845.0,175.0,1
14.0,1687.0,60.0,104.0,7.0,1215.0,121.0,1
12.0,6474.0,227.0,154.0,5.0,753.0,47.0,1
14.0,881.0,60.0,104.0,5.0,705.0,127.0,0
8.0,467.0,45.0,16.0,6.0,863.0,122.0,0
13.0,663.0,79.0,153.0,7.0,1300.0,122.0,0
5.0,2402.0,183.0,85.0,1.0,1060.0,187.0,0
15.0,522.0,33.0,173.0,4.0,1155.0,105.0,1
1.0,1800.0,217.0,80.0,4.0,740.0,135.0,0
6.0,5378.0,16.0,10.0,7.0,941.0,101.0,0
15.0,1155.0,207.0,217.0,3.0,375.0,70.0,0
10.0,2886.0,165.0,80.0,5.0,1105.0,80.0,0
1.0,1074.0,80.0,16.0,6.0,855.0,125.0,0
15.0,3484.0,252.0,262.0,4.0,1145.0,105.0,1
5.0,1585.0,159.0,173.0,6.0,900.0,175.0,0
6.0,4978.0,16.0,101.0,4.0,1035.0,74.0,1
12.0,6412.0,253.0,93.0,7.0,1360.0,92.0,1
14.0,35.0,16.0,217.0,5.0,1065.0,264.0,0
6.0,7306.0,85.0,147.0,6.0,535.0,148.0,1
11.0,6553.0,157.0,78.0,4.0,405.0,96.0,1
12.0,4543.0,34.0,261.0,7.0,1050.0,73.0,0
11.0,6399.0,120.0,16.0,5.0,1007.0,88.0,0
1.0,1203.0,80.0,252.0,4.0,1135.0,260.0,1
1.0,1402.0,80.0,60.0,5.0,1190.0,140.0,0
1.0,1788.0,80.0,233.0,3.0,665.0,145.0,0
15.0,685.0,205.0,268.0,5.0,375.0,70.0,1
15.0,2280.0,233.0,104.0,7.0,650.0,125.0,1
16.0,2403.0,96.0,279.0,5.0,1170.0,224.0,0
5.0,2348.0,27.0,16.0,3.0,480.0,67.0,1
10.0,3348.0,80.0,254.0,4.0,1205.0,75.0,0
12.0,4780.0,261.0,122.0,5.0,1207.0,85.0,0
11.0,6543.0,159.0,27.0,3.0,720.0,181.0,0
11.0,6686.0,268.0,71.0,1.0,370.0,73.0,0
12.0,4757.0,261.0,205.0,3.0,585.0,144.0,1
1.0,392.0,208.0,159.0,5.0,495.0,120.0,1
1.0,1842.0,153.0,183.0,4.0,1375.0,260.0,0
15.0,937.0,33.0,173.0,6.0,1085.0,105.0,1
1.0,73.0,208.0,128.0,7.0,670.0,560.0,1
13.0,595.0,205.0,79.0,4.0,1012.0,104.0,1
5.0,1961.0,216.0,16.0,3.0,990.0,147.0,1
7.0,225.0,175.0,79.0,1.0,360.0,157.0,0
14.0,365.0,217.0,262.0,4.0,650.0,123.0,0
14.0,3.0,217.0,208.0,1.0,595.0,205.0,1
11.0,6414.0,21.0,85.0,3.0,355.0,58.0,0
4.0,193.0,173.0,96.0,1.0,395.0,150.0,1
5.0,2112.0,16.0,208.0,3.0,505.0,134.0,0
4.0,1120.0,96.0,35.0,4.0,510.0,90.0,0
6.0,5263.0,130.0,16.0,7.0,690.0,154.0,0
6.0,5383.0,272.0,16.0,4.0,430.0,160.0,1
8.0,337.0,216.0,16.0,3.0,1010.0,136.0,1
8.0,363.0,159.0,16.0,7.0,420.0,160.0,0
12.0,4747.0,154.0,153.0,1.0,877.0,69.0,1
13.0,148.0,134.0,173.0,6.0,914.0,145.0,0
16.0,2620.0,136.0,135.0,5.0,666.0,104.0,0
17.0,2676.0,251.0,60.0,4.0,920.0,87.0,0
15.0,1184.0,154.0,129.0,6.0,705.0,190.0,1
1.0,1353.0,148.0,80.0,1.0,1020.0,255.0,0
4.0,1103.0,208.0,96.0,3.0,720.0,128.0,1
1.0,238.0,154.0,260.0,5.0,1435.0,390.0,0
15.0,1440.0,175.0,202.0,5.0,910.0,300.0,1
15.0,1079.0,198.0,75.0,7.0,920.0,85.0,1
0.0,4363.0,221.0,71.0,4.0,700.0,80.0,0
13.0,803.0,233.0,134.0,1.0,622.0,68.0,0
4.0,1615.0,178.0,135.0,6.0,623.0,67.0,0
10.0,3381.0,80.0,146.0,4.0,475.0,80.0,1
15.0,1084.0,233.0,173.0,1.0,1050.0,105.0,0
15.0,1684.0,277.0,79.0,7.0,540.0,250.0,0
13.0,344.0,214.0,253.0,6.0,454.0,118.0,0
5.0,1875.0,22.0,197.0,1.0,857.0,183.0,0
12.0,4569.0,56.0,197.0,3.0,717.0,63.0,0
16.0,2825.0,96.0,33.0,3.0,1095.0,157.0,1
1.0,697.0,104.0,80.0,5.0,365.0,190.0,0
12.0,6890.0,154.0,80.0,1.0,830.0,177.0,0
3.0,547.0,96.0,213.0,3.0,1049.0,173.0,1
5.0,1517.0,16.0,79.0,7.0,500.0,213.0,1
15.0,738.0,205.0,79.0,3.0,1155.0,100.0,1
3.0,116.0,104.0,148.0,4.0,1040.0,175.0,1
10.0,2729.0,80.0,1.0,4.0,745.0,50.0,0
15.0,1999.0,45.0,228.0,4.0,1155.0,70.0,1
15.0,520.0,241.0,173.0,7.0,670.0,50.0,0
3.0,693.0,78.0,173.0,6.0,800.0,134.0,1
0.0,3890.0,82.0,85.0,6.0,390.0,112.0,0
10.0,2818.0,180.0,80.0,5.0,420.0,125.0,0
16.0,2542.0,58.0,182.0,5.0,705.0,88.0,1
13.0,239.0,154.0,253.0,7.0,631.0,96.0,0
3.0,334.0,173.0,134.0,4.0,885.0,120.0,0
15.0,2513.0,172.0,33.0,6.0,905.0,85.0,0
15.0,3507.0,258.0,154.0,1.0,610.0,70.0,1
15.0,122.0,153.0,258.0,7.0,1255.0,80.0,1
11.0,6652.0,85.0,17.0,1.0,735.0,88.0,0
1.0,1072.0,80.0,216.0,3.0,1205.0,180.0,1
5.0,1048.0,85.0,233.0,5.0,1050.0,105.0,0
1.0,658.0,80.0,76.0,7.0,1145.0,130.0,0
5.0,2584.0,261.0,236.0,3.0,695.0,91.0,1
12.0,6599.0,79.0,252.0,3.0,930.0,176.0,0
6.0,5198.0,16.0,130.0,4.0,970.0,135.0,1
12.0,6339.0,154.0,243.0,4.0,1045.0,47.0,0
15.0,371.0,61.0,173.0,4.0,1010.0,135.0,1
12.0,6925.0,247.0,208.0,7.0,1020.0,51.0,1
15.0,1046.0,258.0,18.0,4.0,600.0,200.0,0
7.0,580.0,261.0,79.0,4.0,1025.0,85.0,0
5.0,651.0,175.0,16.0,7.0,675.0,114.0,1
15.0,519.0,154.0,2.0,3.0,1130.0,105.0,1
10.0,3900.0,208.0,22.0,5.0,725.0,125.0,0
2.0,61.0,50.0,14.0,6.0,813.0,47.0,0
1.0,1841.0,80.0,280.0,7.0,565.0,145.0,0
15.0,833.0,154.0,175.0,3.0,1140.0,230.0,1
14.0,1033.0,159.0,60.0,6.0,1027.0,129.0,1
10.0,4473.0,159.0,35.0,4.0,1050.0,65.0,0
12.0,4736.0,197.0,221.0,4.0,955.0,120.0,0
15.0,174.0,153.0,44.0,1.0,590.0,65.0,0
6.0,5153.0,16.0,115.0,4.0,976.0,75.0,1
13.0,264.0,79.0,216.0,7.0,605.0,213.0,0
16.0,2050.0,135.0,234.0,3.0,1135.0,158.0,0
14.0,1458.0,60.0,148.0,5.0,1329.0,114.0,1
5.0,2836.0,128.0,197.0,5.0,1090.0,470.0,1
15.0,380.0,146.0,129.0,7.0,1100.0,85.0,0
1.0,835.0,139.0,80.0,7.0,900.0,145.0,0
15.0,11.0,243.0,202.0,7.0,940.0,90.0,1
11.0,6617.0,119.0,85.0,1.0,505.0,63.0,0
0.0,3774.0,85.0,272.0,4.0,1310.0,100.0,0
0.0,3757.0,25.0,85.0,7.0,360.0,103.0,0
6.0,4968.0,132.0,16.0,1.0,1090.0,64.0,1
10.0,3947.0,208.0,285.0,6.0,750.0,90.0,0
13.0,325.0,233.0,208.0,5.0,1077.0,140.0,0
2.0,325.0,258.0,252.0,6.0,745.0,127.0,0
15.0,1117.0,175.0,216.0,3.0,765.0,120.0,1
14.0,224.0,217.0,35.0,1.0,975.0,284.0,1
15.0,1135.0,22.0,79.0,1.0,515.0,275.0,1
5.0,1688.0,182.0,85.0,6.0,540.0,140.0,0
12.0,6535.0,253.0,24.0,5.0,904.0,74.0,0
15.0,955.0,172.0,45.0,3.0,640.0,140.0,1
5.0,2273.0,16.0,183.0,3.0,1315.0,117.0,0
13.0,851.0,221.0,208.0,7.0,582.0,98.0,0
11.0,6373.0,146.0,78.0,5.0,421.0,134.0,0
4.0,170.0,135.0,253.0,1.0,545.0,255.0,1
5.0,2555.0,159.0,213.0,5.0,419.0,186.0,1
14.0,202.0,153.0,217.0,3.0,400.0,74.0,1
15.0,2957.0,45.0,233.0,6.0,845.0,65.0,1
1.0,682.0,183.0,148.0,3.0,895.0,185.0,1
5.0,314.0,183.0,16.0,4.0,678.0,117.0,0
10.0,3298.0,80.0,129.0,1.0,430.0,65.0,0
16.0,3077.0,96.0,16.0,3.0,1200.0,160.0,0
1.0,1798.0,154.0,253.0,5.0,1145.0,85.0,0
1.0,1634.0,244.0,208.0,1.0,885.0,160.0,0
16.0,2174.0,135.0,223.0,7.0,785.0,86.0,0
0.0,4322.0,33.0,197.0,5.0,480.0,144.0,0
12.0,6705.0,65.0,208.0,5.0,833.0,146.0,1
13.0,686.0,208.0,159.0,1.0,903.0,135.0,1
11.0,6513.0,85.0,69.0,7.0,825.0,76.0,0
5.0,2348.0,27.0,16.0,6.0,480.0,67.0,0
14.0,1057.0,60.0,213.0,3.0,1075.0,109.0,0
15.0,1052.0,258.0,153.0,5.0,865.0,85.0,1
1.0,848.0,2.0,80.0,1.0,860.0,100.0,0
5.0,2820.0,85.0,182.0,3.0,1300.0,111.0,1
14.0,1670.0,60.0,228.0,7.0,975.0,110.0,0
0.0,3914.0,139.0,85.0,7.0,900.0,83.0,0
10.0,3039.0,154.0,100.0,5.0,550.0,60.0,0
12.0,6439.0,208.0,72.0,5.0,1314.0,58.0,1
12.0,6929.0,79.0,83.0,5.0,1173.0,64.0,0
10.0,3796.0,135.0,208.0,1.0,665.0,155.0,0
12.0,7014.0,232.0,253.0,7.0,362.0,101.0,0
4.0,190.0,135.0,183.0,6.0,1155.0,141.0,1
15.0,1249.0,173.0,221.0,6.0,1100.0,135.0,1
16.0,2156.0,280.0,135.0,1.0,706.0,134.0,1
16.0,2221.0,96.0,177.0,7.0,720.0,177.0,1
2.0,21.0,208.0,252.0,6.0,480.0,280.0,1
5.0,2313.0,16.0,129.0,3.0,1296.0,141.0,0
15.0,8.0,131.0,129.0,3.0,385.0,60.0,0
12.0,6560.0,79.0,111.0,5.0,914.0,146.0,1
10.0,4432.0,78.0,33.0,4.0,1015.0,120.0,0
5.0,1020.0,16.0,175.0,3.0,1147.0,121.0,0
3.0,1212.0,43.0,35.0,3.0,425.0,86.0,0
14.0,1218.0,104.0,78.0,3.0,715.0,145.0,1
15.0,1654.0,75.0,2.0,5.0,1175.0,115.0,1
3.0,733.0,35.0,260.0,1.0,475.0,237.0,1
5.0,2291.0,16.0,277.0,5.0,450.0,87.0,0
11.0,6268.0,69.0,85.0,3.0,926.0,79.0,0
15.0,807.0,207.0,202.0,5.0,435.0,75.0,0
10.0,3880.0,208.0,135.0,1.0,930.0,165.0,1
5.0,1888.0,153.0,177.0,4.0,480.0,190.0,0
15.0,587.0,153.0,79.0,7.0,910.0,110.0,1
5.0,431.0,16.0,60.0,3.0,970.0,80.0,0
1.0,581.0,268.0,154.0,3.0,560.0,255.0,0
15.0,1814.0,154.0,198.0,1.0,605.0,215.0,1
16.0,2797.0,228.0,96.0,5.0,1019.0,91.0,0
0.0,4059.0,85.0,152.0,7.0,1290.0,41.0,0
15.0,417.0,45.0,268.0,3.0,425.0,145.0,0
10.0,3565.0,80.0,184.0,6.0,1285.0,125.0,0
12.0,7003.0,252.0,154.0,3.0,414.0,156.0,0
10.0,3615.0,183.0,58.0,5.0,520.0,170.0,0
12.0,4881.0,184.0,177.0,1.0,390.0,115.0,1
12.0,6698.0,179.0,214.0,1.0,335.0,74.0,0
16.0,2308.0,135.0,38.0,3.0,920.0,68.0,0
4.0,623.0,135.0,198.0,3.0,870.0,67.0,1
6.0,5049.0,200.0,16.0,6.0,1072.0,97.0,0
13.0,83.0,154.0,128.0,5.0,851.0,359.0,0
17.0,7271.0,134.0,221.0,5.0,510.0,58.0,0
8.0,707.0,16.0,76.0,3.0,1335.0,95.0,0
17.0,2694.0,217.0,18.0,1.0,965.0,132.0,0
5.0,1899.0,33.0,16.0,4.0,952.0,72.0,1
15.0,394.0,204.0,268.0,7.0,960.0,85.0,0
7.0,671.0,173.0,79.0,1.0,1017.0,239.0,0
5.0,2666.0,173.0,78.0,1.0,480.0,119.0,0
17.0,2763.0,91.0,217.0,7.0,735.0,81.0,0
15.0,3425.0,261.0,217.0,7.0,775.0,95.0,1
13.0,609.0,78.0,208.0,1.0,579.0,132.0,0
10.0,2963.0,56.0,80.0,5.0,360.0,140.0,0
13.0,895.0,134.0,208.0,6.0,593.0,139.0,0
4.0,800.0,104.0,96.0,5.0,870.0,183.0,0
15.0,607.0,43.0,175.0,5.0,805.0,110.0,1
10.0,3901.0,221.0,208.0,1.0,630.0,95.0,0
15.0,2807.0,79.0,207.0,1.0,515.0,140.0,0
11.0,6552.0,52.0,85.0,7.0,590.0,99.0,0
10.0,4436.0,33.0,78.0,3.0,390.0,105.0,0
15.0,1142.0,198.0,45.0,4.0,480.0,140.0,0
12.0,6655.0,208.0,86.0,4.0,900.0,71.0,1
15.0,467.0,217.0,153.0,7.0,1110.0,70.0,1
16.0,2070.0,165.0,135.0,1.0,1031.0,72.0,0
15.0,2254.0,244.0,153.0,3.0,730.0,180.0,1
7.0,234.0,79.0,33.0,3.0,855.0,145.0,0
16.0,2256.0,19.0,96.0,6.0,705.0,105.0,0
15.0,50.0,75.0,155.0,7.0,1190.0,65.0,1
16.0,2347.0,197.0,135.0,3.0,885.0,174.0,0
15.0,2958.0,13.0,75.0,1.0,440.0,65.0,0
15.0,3853.0,228.0,277.0,3.0,540.0,200.0,0
5.0,2407.0,197.0,208.0,5.0,780.0,81.0,1
2.0,569.0,154.0,214.0,7.0,805.0,143.0,0
4.0,1592.0,96.0,173.0,1.0,479.0,173.0,0
15.0,1837.0,252.0,261.0,6.0,1170.0,110.0,1
9.0,104.0,161.0,128.0,4.0,394.0,30.0,0
16.0,2423.0,27.0,135.0,3.0,990.0,114.0,0
5.0,2838.0,16.0,78.0,4.0,445.0,94.0,1
15.0,2206.0,217.0,244.0,7.0,1195.0,125.0,1
1.0,453.0,80.0,214.0,3.0,765.0,255.0,1
14.0,1101.0,35.0,60.0,1.0,480.0,150.0,1
5.0,2211.0,16.0,80.0,1.0,810.0,145.0,1
1.0,1860.0,183.0,173.0,5.0,600.0,65.0,0
0.0,3827.0,228.0,85.0,7.0,1095.0,143.0,0
6.0,5330.0,132.0,16.0,1.0,860.0,73.0,1
12.0,6935.0,6.0,51.0,4.0,496.0,27.0,1
10.0,2742.0,290.0,80.0,5.0,595.0,75.0,0
17.0,2766.0,44.0,217.0,4.0,585.0,88.0,0
16.0,2807.0,213.0,135.0,3.0,1060.0,165.0,0
11.0,6485.0,148.0,35.0,5.0,750.0,78.0,0
15.0,1158.0,258.0,264.0,4.0,1025.0,75.0,0
14.0,38.0,154.0,217.0,3.0,1075.0,82.0,0
1.0,652.0,80.0,234.0,4.0,535.0,155.0,0
13.0,664.0,253.0,208.0,3.0,361.0,249.0,0
14.0,1248.0,16.0,60.0,6.0,645.0,76.0,0
13.0,935.0,154.0,128.0,7.0,995.0,359.0,0
15.0,3588.0,79.0,175.0,7.0,1175.0,135.0,0
7.0,327.0,35.0,184.0,3.0,1055.0,164.0,1
17.0,2973.0,253.0,153.0,7.0,1045.0,87.0,1
9.0,278.0,128.0,150.0,1.0,977.0,43.0,0
8.0,442.0,184.0,104.0,5.0,455.0,203.0,0
15.0,3157.0,175.0,243.0,3.0,705.0,275.0,1
15.0,598.0,214.0,202.0,5.0,735.0,100.0,1
7.0,860.0,217.0,79.0,7.0,1237.0,103.0,0
3.0,371.0,159.0,104.0,4.0,360.0,174.0,1
6.0,5463.0,16.0,288.0,4.0,506.0,80.0,0
0.0,3935.0,96.0,85.0,5.0,355.0,130.0,1
12.0,6230.0,93.0,214.0,5.0,728.0,41.0,0
10.0,3080.0,154.0,246.0,1.0,810.0,40.0,0
15.0,2855.0,79.0,153.0,1.0,695.0,120.0,0
10.0,2952.0,80.0,245.0,4.0,755.0,135.0,0
8.0,58.0,154.0,16.0,6.0,1385.0,250.0,0
17.0,2823.0,217.0,280.0,7.0,790.0,56.0,1
16.0,2491.0,147.0,135.0,1.0,538.0,150.0,0
4.0,1647.0,208.0,135.0,3.0,1161.0,165.0,0
10.0,3352.0,80.0,290.0,3.0,680.0,70.0,0
1.0,754.0,172.0,208.0,5.0,630.0,95.0,0
10.0,4145.0,61.0,148.0,4.0,725.0,110.0,0
10.0,3312.0,266.0,80.0,1.0,575.0,45.0,0
15.0,1913.0,207.0,258.0,6.0,405.0,70.0,0
14.0,1810.0,241.0,60.0,3.0,900.0,112.0,1
15.0,1022.0,153.0,264.0,7.0,1115.0,70.0,1
10.0,4605.0,233.0,159.0,6.0,980.0,95.0,1
6.0,5010.0,16.0,201.0,6.0,1002.0,82.0,0
15.0,143.0,221.0,175.0,7.0,870.0,90.0,1
15.0,973.0,258.0,79.0,3.0,400.0,145.0,1
13.0,471.0,79.0,243.0,4.0,495.0,148.0,0
2.0,36.0,252.0,197.0,5.0,425.0,199.0,0
15.0,11.0,170.0,75.0,5.0,480.0,70.0,0
5.0,2997.0,148.0,214.0,3.0,1110.0,382.0,0
13.0,635.0,233.0,208.0,4.0,362.0,139.0,0
5.0,1451.0,197.0,153.0,6.0,1305.0,213.0,0
12.0,6968.0,79.0,280.0,3.0,915.0,118.0,0
5.0,2419.0,159.0,197.0,5.0,866.0,189.0,1
1.0,846.0,269.0,183.0,6.0,535.0,180.0,0
8.0,1219.0,267.0,175.0,5.0,740.0,166.0,0
0.0,3655.0,197.0,279.0,1.0,545.0,127.0,0
9.0,123.0,128.0,161.0,7.0,456.0,36.0,0
6.0,5083.0,177.0,146.0,5.0,580.0,61.0,0
17.0,2653.0,60.0,18.0,4.0,965.0,189.0,0
6.0,7341.0,204.0,16.0,3.0,405.0,130.0,1
11.0,6451.0,71.0,197.0,3.0,430.0,133.0,1
12.0,6517.0,280.0,154.0,6.0,386.0,95.0,0
1.0,366.0,208.0,159.0,3.0,855.0,125.0,0
14.0,1433.0,60.0,154.0,5.0,600.0,331.0,0
17.0,2703.0,251.0,60.0,6.0,405.0,86.0,0
0.0,4026.0,209.0,85.0,1.0,360.0,125.0,0
17.0,1044.0,143.0,128.0,6.0,580.0,47.0,0
4.0,682.0,135.0,35.0,3.0,965.0,221.0,1
14.0,1465.0,216.0,16.0,4.0,580.0,143.0,0
6.0,5047.0,16.0,204.0,1.0,834.0,138.0,0
11.0,6482.0,205.0,71.0,4.0,915.0,111.0,0
1.0,1184.0,217.0,208.0,4.0,410.0,200.0,0
3.0,670.0,154.0,148.0,5.0,450.0,309.0,0
12.0,6951.0,79.0,107.0,6.0,849.0,84.0,0
2.0,686.0,214.0,208.0,1.0,610.0,244.0,0
1.0,1673.0,16.0,80.0,5.0,565.0,155.0,0
17.0,2816.0,217.0,84.0,3.0,598.0,178.0,0
15.0,636.0,175.0,264.0,5.0,705.0,265.0,1
8.0,429.0,223.0,16.0,6.0,360.0,75.0,0
4.0,319.0,277.0,96.0,4.0,515.0,155.0,1
15.0,675.0,217.0,91.0,7.0,1025.0,65.0,1
8.0,934.0,16.0,147.0,5.0,1106.0,66.0,0
4.0,649.0,253.0,96.0,4.0,915.0,316.0,1
13.0,47.0,154.0,203.0,1.0,910.0,341.0,0
16.0,2064.0,139.0,96.0,5.0,826.0,120.0,1
11.0,6686.0,268.0,71.0,4.0,370.0,73.0,0
15.0,480.0,173.0,198.0,5.0,460.0,110.0,0
15.0,1626.0,45.0,35.0,6.0,1175.0,85.0,0
8.0,1491.0,61.0,173.0,6.0,741.0,139.0,1
15.0,1959.0,202.0,175.0,6.0,615.0,245.0,1
6.0,5531.0,16.0,146.0,7.0,660.0,88.0,1
5.0,1496.0,197.0,159.0,4.0,780.0,168.0,0
12.0,6996.0,79.0,124.0,6.0,1150.0,44.0,0
0.0,3664.0,85.0,58.0,3.0,1035.0,64.0,0
12.0,6290.0,194.0,154.0,6.0,570.0,68.0,0
15.0,1023.0,2.0,75.0,4.0,730.0,95.0,0
13.0,544.0,153.0,253.0,3.0,987.0,103.0,0
11.0,6567.0,58.0,85.0,7.0,802.0,58.0,1
5.0,2862.0,154.0,148.0,6.0,1410.0,315.0,1
13.0,78.0,128.0,253.0,7.0,1439.0,313.0,0
15.0,370.0,216.0,35.0,3.0,1205.0,85.0,1
6.0,5586.0,288.0,16.0,1.0,765.0,80.0,0
1.0,351.0,80.0,153.0,3.0,1260.0,170.0,1
12.0,6726.0,145.0,79.0,5.0,806.0,74.0,1
6.0,7139.0,134.0,76.0,4.0,1327.0,88.0,1
16.0,2923.0,58.0,16.0,4.0,920.0,112.0,1
3.0,768.0,225.0,173.0,4.0,262.0,180.0,1
16.0,2748.0,135.0,190.0,5.0,965.0,79.0,1
3.0,660.0,173.0,273.0,4.0,1180.0,152.0,1
15.0,821.0,202.0,154.0,4.0,370.0,75.0,1
1.0,736.0,80.0,159.0,7.0,850.0,195.0,1
15.0,3052.0,22.0,45.0,5.0,875.0,70.0,1
1.0,405.0,134.0,80.0,4.0,765.0,205.0,0
15.0,903.0,129.0,204.0,1.0,815.0,80.0,1
15.0,661.0,79.0,175.0,3.0,550.0,140.0,1
2.0,111.0,252.0,14.0,4.0,1245.0,220.0,1
16.0,2644.0,116.0,135.0,3.0,360.0,81.0,1
15.0,1860.0,162.0,129.0,4.0,935.0,85.0,0
6.0,5213.0,16.0,190.0,5.0,1155.0,85.0,0
12.0,6400.0,93.0,253.0,5.0,442.0,97.0,0
15.0,840.0,22.0,45.0,1.0,1070.0,75.0,1
7.0,321.0,78.0,184.0,7.0,710.0,130.0,0
17.0,7277.0,16.0,134.0,1.0,835.0,110.0,0
16.0,2725.0,80.0,135.0,5.0,715.0,64.0,0
13.0,964.0,252.0,208.0,1.0,559.0,241.0,1
5.0,1940.0,253.0,148.0,4.0,690.0,340.0,0
0.0,4340.0,277.0,233.0,7.0,725.0,110.0,1
10.0,3936.0,45.0,208.0,5.0,1045.0,150.0,0
16.0,2761.0,234.0,96.0,4.0,437.0,69.0,1
13.0,579.0,84.0,79.0,3.0,492.0,123.0,0
13.0,163.0,35.0,154.0,4.0,404.0,396.0,0
15.0,8.0,153.0,258.0,4.0,775.0,80.0,0
0.0,4087.0,148.0,209.0,3.0,1200.0,125.0,0
15.0,3771.0,175.0,221.0,4.0,710.0,75.0,1
5.0,1855.0,16.0,154.0,7.0,814.0,298.0,1
3.0,767.0,173.0,225.0,6.0,1413.0,160.0,1
5.0,2745.0,85.0,253.0,5.0,540.0,332.0,1
2.0,245.0,154.0,252.0,4.0,1260.0,160.0,0
8.0,751.0,45.0,132.0,4.0,1210.0,110.0,0
10.0,3268.0,5.0,80.0,7.0,410.0,45.0,0
15.0,264.0,277.0,104.0,4.0,815.0,60.0,0
13.0,988.0,84.0,79.0,3.0,379.0,127.0,0
0.0,3927.0,177.0,84.0,3.0,1165.0,104.0,0
5.0,2094.0,186.0,16.0,3.0,420.0,113.0,0
15.0,2217.0,216.0,228.0,6.0,900.0,65.0,1
14.0,569.0,217.0,173.0,3.0,955.0,234.0,0
10.0,3252.0,190.0,80.0,1.0,910.0,110.0,0
12.0,6350.0,207.0,253.0,1.0,838.0,85.0,1
13.0,98.0,153.0,79.0,1.0,719.0,117.0,0
11.0,6321.0,148.0,78.0,1.0,820.0,100.0,0
16.0,2276.0,135.0,71.0,3.0,1010.0,135.0,0
8.0,401.0,139.0,16.0,1.0,480.0,100.0,1
15.0,1252.0,244.0,79.0,1.0,1075.0,145.0,1
1.0,1030.0,198.0,80.0,3.0,835.0,100.0,1
13.0,230.0,79.0,84.0,3.0,1223.0,106.0,1
15.0,15.0,129.0,173.0,1.0,685.0,125.0,1
5.0,1758.0,54.0,16.0,7.0,390.0,75.0,0
8.0,174.0,241.0,16.0,4.0,922.0,104.0,0
16.0,2536.0,58.0,16.0,5.0,450.0,117.0,0
6.0,7331.0,120.0,16.0,7.0,686.0,89.0,0
6.0,5420.0,85.0,182.0,7.0,610.0,107.0,0
12.0,6493.0,214.0,163.0,5.0,980.0,65.0,0
10.0,3622.0,209.0,183.0,6.0,985.0,155.0,1
16.0,2535.0,268.0,135.0,6.0,1080.0,127.0,1
13.0,745.0,79.0,214.0,4.0,1125.0,177.0,0
7.0,367.0,184.0,79.0,5.0,640.0,155.0,0
13.0,183.0,173.0,208.0,4.0,540.0,179.0,0
8.0,337.0,216.0,16.0,5.0,1010.0,136.0,0
5.0,749.0,261.0,243.0,1.0,520.0,120.0,1
1.0,1068.0,183.0,78.0,6.0,610.0,140.0,0
4.0,544.0,135.0,58.0,5.0,405.0,157.0,0
14.0,864.0,147.0,216.0,6.0,400.0,126.0,0
1.0,1076.0,268.0,78.0,4.0,900.0,115.0,0
15.0,2798.0,228.0,277.0,1.0,1055.0,200.0,1
0.0,3713.0,85.0,109.0,7.0,1170.0,61.0,1
15.0,2978.0,175.0,33.0,7.0,640.0,80.0,1
15.0,2053.0,153.0,18.0,4.0,1155.0,155.0,0
8.0,937.0,147.0,16.0,5.0,1212.0,76.0,0
9.0,546.0,128.0,203.0,1.0,1008.0,37.0,0
1.0,1660.0,80.0,139.0,3.0,455.0,120.0,0
10.0,2736.0,155.0,80.0,6.0,800.0,65.0,0
1.0,2043.0,172.0,80.0,4.0,475.0,110.0,0
6.0,4965.0,16.0,251.0,1.0,725.0,80.0,1
16.0,2462.0,135.0,60.0,7.0,525.0,128.0,1
13.0,188.0,208.0,277.0,6.0,683.0,161.0,1
5.0,1092.0,277.0,85.0,5.0,385.0,165.0,0
10.0,4256.0,208.0,52.0,1.0,475.0,95.0,0
5.0,2025.0,16.0,135.0,7.0,837.0,138.0,0
8.0,368.0,16.0,159.0,7.0,620.0,134.0,0
4.0,1421.0,58.0,79.0,4.0,540.0,205.0,1
2.0,104.0,14.0,252.0,3.0,1140.0,202.0,1
15.0,1938.0,202.0,207.0,7.0,470.0,75.0,0
0.0,4345.0,233.0,183.0,6.0,480.0,135.0,1
12.0,4480.0,112.0,197.0,4.0,405.0,80.0,0
10.0,3235.0,80.0,5.0,7.0,745.0,40.0,0
10.0,4091.0,208.0,33.0,3.0,545.0,90.0,0
15.0,359.0,280.0,153.0,4.0,1005.0,80.0,1
5.0,1895.0,16.0,135.0,4.0,1290.0,133.0,1
12.0,7016.0,208.0,130.0,7.0,448.0,121.0,0
2.0,871.0,128.0,14.0,6.0,1325.0,356.0,1
9.0,111.0,143.0,203.0,6.0,504.0,37.0,0
0.0,3717.0,204.0,16.0,6.0,945.0,127.0,0
13.0,134.0,253.0,208.0,7.0,511.0,263.0,0
10.0,4675.0,78.0,233.0,1.0,525.0,65.0,1
1.0,1399.0,79.0,208.0,7.0,395.0,155.0,0
1.0,1223.0,104.0,80.0,6.0,645.0,195.0,0
13.0,549.0,216.0,208.0,5.0,585.0,144.0,0
1.0,2065.0,80.0,79.0,5.0,525.0,125.0,0
14.0,280.0,244.0,217.0,1.0,505.0,160.0,0
16.0,2246.0,135.0,16.0,3.0,445.0,118.0,0
0.0,3899.0,85.0,94.0,6.0,1190.0,93.0,0
5.0,2171.0,85.0,184.0,4.0,1190.0,76.0,0
6.0,5148.0,16.0,275.0,3.0,900.0,70.0,0
15.0,1259.0,33.0,244.0,7.0,515.0,155.0,1
10.0,3779.0,208.0,198.0,7.0,1165.0,140.0,0
5.0,1182.0,261.0,268.0,3.0,1198.0,166.0,0
0.0,3854.0,82.0,197.0,1.0,320.0,58.0,0
13.0,321.0,134.0,208.0,7.0,894.0,132.0,0
11.0,6637.0,205.0,177.0,5.0,700.0,112.0,0
5.0,2283.0,47.0,16.0,4.0,385.0,78.0,0
14.0,379.0,60.0,80.0,6.0,1210.0,171.0,0
15.0,3499.0,173.0,228.0,3.0,670.0,155.0,1
2.0,538.0,252.0,207.0,6.0,835.0,154.0,1
15.0,317.0,153.0,217.0,3.0,725.0,70.0,1
5.0,1256.0,71.0,35.0,3.0,915.0,127.0,1
5.0,1099.0,22.0,173.0,1.0,450.0,182.0,0
1.0,1109.0,80.0,18.0,1.0,430.0,60.0,0
10.0,3227.0,80.0,284.0,7.0,1025.0,45.0,0
15.0,705.0,79.0,205.0,3.0,865.0,80.0,1
15.0,2449.0,129.0,244.0,1.0,530.0,55.0,0
10.0,3984.0,208.0,76.0,6.0,515.0,70.0,0
6.0,5373.0,273.0,16.0,6.0,763.0,148.0,0
16.0,2919.0,158.0,135.0,3.0,345.0,58.0,0
14.0,1564.0,104.0,216.0,3.0,985.0,162.0,1
17.0,2635.0,74.0,60.0,4.0,1014.0,94.0,0
3.0,8.0,148.0,43.0,6.0,865.0,91.0,0
11.0,6453.0,251.0,71.0,1.0,1035.0,48.0,1
3.0,377.0,159.0,104.0,7.0,809.0,182.0,0
16.0,2143.0,121.0,135.0,4.0,360.0,160.0,1
15.0,495.0,153.0,253.0,5.0,395.0,95.0,0
1.0,385.0,45.0,80.0,1.0,420.0,215.0,0
5.0,1733.0,148.0,261.0,5.0,1145.0,332.0,1
17.0,1026.0,161.0,128.0,5.0,726.0,29.0,0
14.0,1183.0,35.0,216.0,3.0,690.0,94.0,0
12.0,6838.0,246.0,253.0,3.0,1080.0,80.0,0
4.0,408.0,135.0,96.0,5.0,470.0,206.0,1
6.0,5284.0,132.0,16.0,3.0,680.0,60.0,0
5.0,167.0,148.0,79.0,3.0,1110.0,286.0,1
10.0,4586.0,197.0,159.0,3.0,525.0,160.0,1
1.0,1381.0,16.0,80.0,7.0,500.0,155.0,0
15.0,34.0,129.0,75.0,5.0,870.0,60.0,0
14.0,2122.0,159.0,35.0,5.0,600.0,71.0,0
16.0,2755.0,135.0,91.0,5.0,895.0,118.0,0
5.0,2985.0,184.0,197.0,1.0,727.0,85.0,1
0.0,3782.0,85.0,20.0,5.0,880.0,89.0,0
16.0,2750.0,135.0,132.0,5.0,620.0,103.0,1
15.0,2706.0,91.0,18.0,4.0,375.0,85.0,0
2.0,605.0,153.0,252.0,7.0,790.0,164.0,0
15.0,2794.0,202.0,261.0,1.0,805.0,100.0,1
15.0,31.0,129.0,131.0,3.0,930.0,60.0,1
13.0,455.0,253.0,153.0,6.0,1362.0,93.0,0
16.0,5946.0,251.0,208.0,4.0,806.0,82.0,0
14.0,1042.0,277.0,216.0,1.0,855.0,149.0,0
13.0,719.0,35.0,208.0,4.0,978.0,168.0,0
12.0,4810.0,280.0,261.0,7.0,750.0,110.0,0
15.0,795.0,204.0,129.0,1.0,1075.0,80.0,1
5.0,2891.0,214.0,261.0,5.0,450.0,113.0,0
5.0,1265.0,16.0,177.0,4.0,1040.0,89.0,0
14.0,275.0,217.0,135.0,4.0,960.0,154.0,0
15.0,1358.0,154.0,172.0,6.0,480.0,190.0,0
1.0,2362.0,80.0,208.0,5.0,965.0,145.0,0
5.0,487.0,159.0,213.0,1.0,915.0,189.0,0
15.0,1338.0,159.0,175.0,4.0,1085.0,160.0,1
0.0,4076.0,25.0,85.0,4.0,745.0,99.0,1
14.0,968.0,260.0,60.0,3.0,940.0,226.0,0
8.0,138.0,147.0,45.0,7.0,948.0,116.0,0
15.0,705.0,279.0,79.0,1.0,790.0,110.0,1
16.0,3079.0,58.0,268.0,4.0,1005.0,98.0,0
11.0,6470.0,71.0,60.0,7.0,560.0,91.0,0
3.0,1014.0,148.0,35.0,6.0,899.0,81.0,1
12.0,6727.0,199.0,79.0,4.0,384.0,63.0,0
10.0,4346.0,238.0,208.0,5.0,1005.0,125.0,0
5.0,1233.0,16.0,198.0,5.0,890.0,98.0,0
16.0,2960.0,60.0,135.0,1.0,882.0,176.0,0
4.0,59.0,135.0,79.0,4.0,1050.0,153.0,1
14.0,1516.0,45.0,216.0,4.0,450.0,52.0,0
15.0,836.0,18.0,154.0,6.0,875.0,205.0,1
4.0,1191.0,35.0,96.0,3.0,665.0,85.0,0
15.0,3133.0,277.0,104.0,7.0,985.0,60.0,0
5.0,1487.0,197.0,261.0,7.0,1315.0,172.0,0
5.0,2379.0,251.0,16.0,4.0,431.0,89.0,1
10.0,3193.0,154.0,258.0,1.0,400.0,75.0,0
1.0,1187.0,209.0,80.0,4.0,1090.0,215.0,0
10.0,3605.0,183.0,71.0,4.0,450.0,160.0,0
15.0,406.0,217.0,216.0,7.0,685.0,270.0,1
5.0,577.0,148.0,260.0,5.0,495.0,244.0,1
1.0,1259.0,18.0,80.0,5.0,630.0,70.0,0
14.0,1195.0,216.0,217.0,5.0,615.0,330.0,0
7.0,146.0,79.0,129.0,6.0,707.0,137.0,0
14.0,2188.0,78.0,159.0,5.0,1260.0,69.0,0
15.0,680.0,75.0,18.0,3.0,525.0,55.0,0
12.0,6315.0,34.0,253.0,4.0,360.0,112.0,0
15.0,2788.0,202.0,154.0,7.0,1140.0,75.0,1
12.0,6834.0,253.0,236.0,4.0,959.0,57.0,1
5.0,2434.0,277.0,78.0,6.0,425.0,124.0,0
14.0,951.0,78.0,173.0,7.0,719.0,139.0,0
12.0,6527.0,199.0,79.0,3.0,773.0,54.0,0
1.0,1116.0,252.0,80.0,6.0,930.0,225.0,0
15.0,1677.0,154.0,253.0,4.0,1240.0,75.0,0
15.0,3425.0,91.0,75.0,5.0,985.0,95.0,1
13.0,649.0,208.0,205.0,5.0,1030.0,98.0,0
5.0,1922.0,184.0,85.0,5.0,410.0,75.0,1
5.0,2361.0,216.0,16.0,1.0,540.0,145.0,0
15.0,1921.0,75.0,27.0,5.0,460.0,90.0,1
0.0,4085.0,148.0,43.0,6.0,475.0,104.0,0
8.0,301.0,16.0,79.0,4.0,871.0,214.0,0
12.0,6335.0,243.0,154.0,5.0,987.0,41.0,0
2.0,151.0,211.0,206.0,3.0,516.0,45.0,1
6.0,5036.0,16.0,70.0,7.0,1220.0,45.0,0
13.0,745.0,79.0,214.0,3.0,1125.0,177.0,0
15.0,1903.0,202.0,243.0,6.0,1125.0,85.0,1
12.0,6416.0,253.0,2.0,7.0,911.0,136.0,1
11.0,6759.0,71.0,208.0,5.0,820.0,80.0,0
15.0,1199.0,198.0,27.0,5.0,570.0,60.0,0
3.0,744.0,260.0,173.0,4.0,684.0,184.0,0
13.0,72.0,128.0,253.0,5.0,471.0,322.0,0
15.0,574.0,44.0,202.0,7.0,850.0,70.0,1
16.0,2407.0,135.0,158.0,6.0,730.0,50.0,0
14.0,156.0,217.0,268.0,3.0,790.0,173.0,0
1.0,802.0,264.0,80.0,3.0,580.0,170.0,0
15.0,3658.0,45.0,233.0,1.0,440.0,65.0,1
15.0,1225.0,170.0,129.0,5.0,1090.0,80.0,1
14.0,1512.0,60.0,216.0,1.0,570.0,100.0,0
5.0,2245.0,78.0,85.0,7.0,1155.0,102.0,0
6.0,5427.0,16.0,115.0,3.0,1152.0,77.0,1
4.0,35.0,135.0,18.0,1.0,925.0,52.0,1
15.0,1540.0,153.0,217.0,5.0,1070.0,65.0,0
4.0,724.0,58.0,96.0,1.0,385.0,83.0,0
4.0,1590.0,135.0,183.0,7.0,450.0,138.0,0
0.0,4022.0,87.0,177.0,3.0,980.0,90.0,0
5.0,1771.0,148.0,183.0,1.0,645.0,194.0,0
12.0,6375.0,63.0,208.0,3.0,888.0,82.0,1
15.0,774.0,221.0,175.0,7.0,1080.0,95.0,1
16.0,3121.0,162.0,135.0,3.0,893.0,82.0,0
12.0,6569.0,86.0,208.0,7.0,677.0,68.0,0
15.0,881.0,45.0,261.0,6.0,835.0,305.0,1
13.0,906.0,253.0,208.0,4.0,655.0,256.0,0
12.0,6718.0,79.0,290.0,4.0,618.0,102.0,0
15.0,822.0,175.0,202.0,4.0,1145.0,295.0,1
10.0,4180.0,208.0,60.0,4.0,685.0,115.0,0
5.0,175.0,16.0,173.0,7.0,1365.0,84.0,1
15.0,3773.0,217.0,277.0,5.0,630.0,235.0,1
8.0,649.0,119.0,45.0,6.0,365.0,90.0,0
15.0,2619.0,258.0,153.0,3.0,685.0,80.0,1
15.0,2613.0,202.0,243.0,5.0,565.0,85.0,0
10.0,3940.0,208.0,157.0,3.0,740.0,85.0,1
6.0,5522.0,136.0,16.0,6.0,400.0,129.0,0
12.0,6434.0,154.0,244.0,4.0,632.0,163.0,1
5.0,2489.0,16.0,198.0,4.0,587.0,108.0,0
16.0,2482.0,135.0,116.0,5.0,634.0,74.0,0
15.0,2004.0,173.0,45.0,7.0,485.0,130.0,0
15.0,1396.0,202.0,153.0,3.0,1210.0,85.0,1
16.0,5898.0,237.0,208.0,1.0,1059.0,116.0,0
15.0,1070.0,33.0,268.0,4.0,495.0,70.0,0
5.0,2047.0,159.0,16.0,1.0,480.0,161.0,0
13.0,796.0,134.0,153.0,5.0,497.0,319.0,0
1.0,568.0,208.0,104.0,5.0,440.0,170.0,0
16.0,3118.0,96.0,54.0,7.0,835.0,124.0,0
6.0,7118.0,273.0,134.0,3.0,857.0,79.0,1
15.0,2504.0,182.0,45.0,6.0,565.0,95.0,1
15.0,2053.0,253.0,153.0,1.0,1030.0,95.0,1
12.0,4784.0,236.0,261.0,5.0,983.0,80.0,1
1.0,1994.0,135.0,183.0,1.0,360.0,135.0,0
15.0,2697.0,129.0,244.0,7.0,905.0,55.0,1
10.0,2838.0,245.0,80.0,4.0,440.0,180.0,0
14.0,2114.0,159.0,35.0,1.0,360.0,62.0,0
16.0,2523.0,71.0,135.0,1.0,880.0,159.0,0
15.0,774.0,216.0,221.0,1.0,980.0,70.0,1
15.0,1464.0,244.0,45.0,6.0,425.0,190.0,1
2.0,190.0,98.0,14.0,6.0,1050.0,64.0,0
15.0,479.0,75.0,13.0,5.0,1200.0,70.0,1
14.0,1484.0,173.0,78.0,6.0,710.0,123.0,0
16.0,2948.0,135.0,184.0,4.0,955.0,150.0,0
1.0,403.0,80.0,280.0,5.0,1305.0,140.0,0
13.0,339.0,35.0,79.0,5.0,456.0,283.0,0
13.0,988.0,84.0,79.0,5.0,379.0,127.0,1
8.0,1439.0,197.0,173.0,5.0,895.0,189.0,1
5.0,2026.0,104.0,16.0,5.0,770.0,118.0,1
1.0,1967.0,208.0,173.0,3.0,1160.0,160.0,1
5.0,1515.0,106.0,16.0,5.0,700.0,134.0,0
5.0,2376.0,264.0,197.0,5.0,470.0,220.0,1
15.0,3949.0,61.0,175.0,3.0,860.0,70.0,1
12.0,6657.0,208.0,265.0,3.0,1314.0,53.0,1
3.0,509.0,96.0,104.0,5.0,929.0,183.0,1
5.0,2214.0,252.0,197.0,1.0,677.0,193.0,1
15.0,570.0,153.0,253.0,4.0,1140.0,95.0,1
15.0,1542.0,79.0,202.0,6.0,570.0,165.0,0
16.0,5904.0,42.0,208.0,1.0,748.0,159.0,1
10.0,2975.0,80.0,1.0,3.0,975.0,50.0,1
0.0,4307.0,85.0,71.0,1.0,635.0,76.0,0
14.0,1596.0,80.0,216.0,5.0,668.0,187.0,0
11.0,6762.0,204.0,197.0,1.0,435.0,129.0,0
1.0,385.0,80.0,91.0,4.0,630.0,105.0,0
17.0,2894.0,217.0,83.0,5.0,596.0,113.0,1
1.0,1347.0,244.0,80.0,7.0,470.0,70.0,0
5.0,2649.0,96.0,197.0,3.0,1095.0,197.0,1
5.0,1928.0,173.0,85.0,1.0,616.0,163.0,0
8.0,773.0,153.0,16.0,4.0,495.0,230.0,0
16.0,5934.0,107.0,208.0,5.0,360.0,96.0,0
15.0,2704.0,243.0,217.0,7.0,740.0,70.0,0
11.0,6552.0,85.0,216.0,1.0,740.0,105.0,0
15.0,1498.0,236.0,153.0,4.0,1250.0,70.0,1
15.0,2620.0,214.0,258.0,7.0,870.0,105.0,1
5.0,735.0,261.0,214.0,4.0,905.0,115.0,1
2.0,52.0,39.0,98.0,5.0,1220.0,80.0,1
3.0,1085.0,148.0,60.0,5.0,990.0,131.0,0
1.0,1758.0,154.0,208.0,1.0,645.0,250.0,0
15.0,2915.0,75.0,155.0,6.0,895.0,65.0,0
10.0,4220.0,208.0,33.0,5.0,620.0,90.0,0
12.0,6554.0,99.0,79.0,4.0,1003.0,122.0,0
5.0,1830.0,261.0,148.0,1.0,1020.0,271.0,0
2.0,633.0,217.0,252.0,6.0,895.0,187.0,0
13.0,755.0,173.0,134.0,5.0,545.0,132.0,0
3.0,1710.0,173.0,78.0,5.0,1130.0,116.0,1
13.0,844.0,253.0,154.0,1.0,915.0,90.0,1
5.0,1872.0,277.0,16.0,7.0,380.0,90.0,0
1.0,1355.0,80.0,217.0,7.0,705.0,155.0,1
6.0,7079.0,85.0,134.0,4.0,877.0,90.0,1
15.0,1899.0,253.0,153.0,6.0,600.0,95.0,1
5.0,1991.0,16.0,277.0,7.0,590.0,100.0,1
2.0,504.0,252.0,264.0,7.0,505.0,162.0,0
16.0,2254.0,135.0,41.0,5.0,498.0,61.0,0
1.0,369.0,80.0,2.0,6.0,765.0,110.0,0
5.0,1966.0,16.0,61.0,6.0,765.0,90.0,0
1.0,1976.0,80.0,139.0,7.0,1175.0,120.0,0
14.0,2182.0,78.0,159.0,4.0,1080.0,84.0,0
12.0,6756.0,253.0,262.0,7.0,1395.0,42.0,1
4.0,1778.0,244.0,135.0,1.0,660.0,56.0,0
11.0,6273.0,78.0,61.0,3.0,1250.0,89.0,0
0.0,3709.0,85.0,117.0,3.0,1300.0,90.0,0
16.0,5930.0,84.0,208.0,1.0,1053.0,81.0,0
5.0,2605.0,197.0,253.0,5.0,1045.0,245.0,1
13.0,5.0,148.0,253.0,1.0,430.0,404.0,0
1.0,2453.0,80.0,154.0,1.0,915.0,200.0,1
13.0,32.0,79.0,35.0,4.0,646.0,233.0,0
15.0,353.0,34.0,111.0,5.0,1240.0,65.0,1
10.0,3816.0,79.0,208.0,5.0,620.0,145.0,1
17.0,7211.0,238.0,134.0,6.0,615.0,80.0,0
12.0,7029.0,261.0,253.0,5.0,671.0,143.0,0
16.0,2467.0,116.0,135.0,1.0,1085.0,81.0,0
1.0,1734.0,80.0,173.0,1.0,505.0,145.0,0
12.0,6456.0,136.0,79.0,4.0,1216.0,94.0,0
15.0,2461.0,75.0,18.0,4.0,920.0,50.0,1
1.0,1521.0,172.0,208.0,6.0,1010.0,95.0,1
7.0,511.0,159.0,79.0,5.0,1050.0,270.0,0
2.0,30.0,214.0,35.0,4.0,420.0,320.0,0
1.0,1226.0,183.0,159.0,7.0,1220.0,165.0,0
10.0,3948.0,205.0,208.0,4.0,1030.0,105.0,0
1.0,1076.0,268.0,78.0,3.0,900.0,115.0,0
5.0,2098.0,244.0,16.0,5.0,1052.0,137.0,0
12.0,4613.0,197.0,99.0,4.0,930.0,62.0,0
2.0,95.0,252.0,14.0,7.0,700.0,229.0,0
15.0,2855.0,153.0,155.0,1.0,785.0,120.0,1
5.0,2031.0,197.0,173.0,5.0,910.0,188.0,1
5.0,2750.0,252.0,261.0,7.0,1080.0,112.0,1
12.0,7812.0,261.0,235.0,5.0,1185.0,59.0,1
15.0,420.0,18.0,79.0,4.0,1060.0,145.0,0
4.0,1702.0,96.0,253.0,1.0,660.0,379.0,1
15.0,1003.0,2.0,280.0,7.0,1135.0,70.0,1
4.0,194.0,203.0,154.0,5.0,1330.0,335.0,0
13.0,489.0,71.0,208.0,6.0,488.0,80.0,0
14.0,755.0,216.0,183.0,7.0,1070.0,179.0,1
1.0,733.0,154.0,153.0,1.0,520.0,70.0,0
12.0,6541.0,29.0,79.0,4.0,798.0,102.0,0
4.0,1461.0,58.0,173.0,4.0,875.0,144.0,0
16.0,2523.0,71.0,135.0,4.0,880.0,159.0,1
15.0,3062.0,217.0,2.0,6.0,505.0,65.0,0
12.0,6977.0,208.0,261.0,3.0,1205.0,207.0,1
9.0,8.0,128.0,153.0,7.0,1375.0,345.0,0
1.0,1938.0,183.0,277.0,7.0,715.0,60.0,0
5.0,2251.0,60.0,16.0,1.0,631.0,82.0,0
0.0,4088.0,71.0,234.0,1.0,680.0,87.0,1
5.0,2586.0,16.0,159.0,4.0,1060.0,144.0,1
12.0,6375.0,208.0,63.0,4.0,717.0,81.0,0
16.0,2958.0,58.0,182.0,5.0,1200.0,90.0,0
15.0,827.0,182.0,216.0,1.0,420.0,95.0,0
6.0,5110.0,16.0,94.0,5.0,1318.0,86.0,0
13.0,337.0,216.0,208.0,5.0,360.0,137.0,0
6.0,7327.0,16.0,87.0,7.0,790.0,62.0,1
15.0,3133.0,139.0,277.0,1.0,820.0,140.0,0
12.0,6871.0,79.0,192.0,7.0,755.0,102.0,0
13.0,699.0,134.0,260.0,7.0,497.0,222.0,0
15.0,2068.0,277.0,221.0,6.0,1075.0,140.0,0
5.0,1884.0,277.0,71.0,4.0,490.0,133.0,0
16.0,2303.0,60.0,135.0,1.0,510.0,169.0,0
15.0,1466.0,58.0,175.0,7.0,875.0,75.0,1
6.0,5386.0,41.0,16.0,7.0,620.0,89.0,1
6.0,5073.0,157.0,16.0,1.0,435.0,91.0,0
13.0,169.0,159.0,208.0,3.0,657.0,157.0,1
15.0,313.0,45.0,58.0,7.0,990.0,75.0,0
16.0,2092.0,78.0,96.0,3.0,660.0,67.0,1
16.0,5989.0,208.0,247.0,4.0,628.0,43.0,0
6.0,4950.0,16.0,157.0,6.0,730.0,74.0,1
1.0,578.0,258.0,80.0,1.0,515.0,210.0,1
15.0,167.0,202.0,153.0,3.0,600.0,85.0,1
1.0,694.0,80.0,18.0,6.0,1225.0,55.0,0
17.0,2727.0,227.0,217.0,3.0,405.0,66.0,0
13.0,37.0,253.0,203.0,7.0,851.0,335.0,0
10.0,4347.0,85.0,208.0,6.0,615.0,85.0,1
13.0,956.0,79.0,208.0,1.0,712.0,144.0,1
12.0,4575.0,204.0,261.0,6.0,390.0,142.0,0
9.0,123.0,128.0,161.0,6.0,456.0,36.0,0
16.0,2442.0,135.0,158.0,3.0,945.0,54.0,0
1.0,2333.0,208.0,80.0,1.0,880.0,155.0,1
15.0,1006.0,33.0,175.0,1.0,1055.0,90.0,1
15.0,974.0,214.0,175.0,6.0,620.0,240.0,0
14.0,1670.0,104.0,60.0,4.0,785.0,118.0,0
15.0,3405.0,153.0,207.0,1.0,860.0,55.0,1
12.0,7782.0,271.0,261.0,4.0,561.0,67.0,0
13.0,270.0,207.0,79.0,1.0,459.0,148.0,0
15.0,1761.0,241.0,268.0,1.0,815.0,160.0,0
13.0,736.0,253.0,153.0,1.0,360.0,98.0,0
16.0,2281.0,223.0,135.0,4.0,390.0,100.0,0
10.0,3289.0,80.0,223.0,3.0,490.0,105.0,1
15.0,827.0,18.0,91.0,5.0,825.0,100.0,1
14.0,75.0,148.0,217.0,5.0,599.0,338.0,0
14.0,1807.0,221.0,216.0,1.0,425.0,81.0,0
8.0,206.0,48.0,16.0,5.0,1176.0,118.0,0
1.0,551.0,132.0,80.0,4.0,680.0,130.0,0
5.0,1876.0,173.0,159.0,6.0,920.0,155.0,0
16.0,5978.0,134.0,43.0,4.0,1102.0,69.0,0
1.0,2583.0,80.0,79.0,5.0,930.0,125.0,1
15.0,983.0,216.0,277.0,1.0,455.0,180.0,0
1.0,1492.0,253.0,80.0,5.0,730.0,210.0,1
3.0,112.0,148.0,43.0,3.0,1370.0,83.0,1
8.0,360.0,16.0,159.0,4.0,455.0,127.0,0
15.0,3834.0,182.0,277.0,4.0,1040.0,215.0,1
14.0,3.0,217.0,208.0,3.0,595.0,205.0,0
11.0,6483.0,85.0,174.0,6.0,1040.0,81.0,0
15.0,1689.0,2.0,243.0,6.0,630.0,120.0,0
15.0,434.0,277.0,216.0,6.0,1090.0,155.0,0
15.0,521.0,75.0,268.0,5.0,655.0,95.0,1
6.0,7104.0,61.0,134.0,7.0,620.0,73.0,0
13.0,951.0,134.0,154.0,5.0,1055.0,335.0,0
15.0,2097.0,154.0,172.0,7.0,745.0,190.0,0
13.0,78.0,128.0,253.0,5.0,1439.0,313.0,0
0.0,4089.0,85.0,109.0,7.0,730.0,54.0,0
16.0,2210.0,233.0,135.0,6.0,1030.0,177.0,1
3.0,107.0,43.0,148.0,6.0,350.0,83.0,0
10.0,2937.0,80.0,10.0,7.0,1195.0,65.0,0
6.0,5083.0,177.0,146.0,3.0,580.0,61.0,0
1.0,1599.0,80.0,135.0,7.0,610.0,70.0,0
5.0,1602.0,153.0,16.0,5.0,360.0,223.0,0
6.0,5178.0,16.0,290.0,7.0,665.0,122.0,0
0.0,4247.0,250.0,85.0,1.0,760.0,80.0,0
5.0,1815.0,159.0,71.0,7.0,370.0,129.0,0
5.0,1830.0,214.0,261.0,5.0,805.0,105.0,1
0.0,4073.0,109.0,16.0,7.0,1020.0,109.0,1
5.0,2702.0,173.0,71.0,1.0,735.0,135.0,0
5.0,2220.0,85.0,60.0,7.0,830.0,112.0,0
3.0,116.0,104.0,148.0,6.0,1040.0,175.0,1
5.0,1433.0,60.0,16.0,6.0,500.0,83.0,0
4.0,308.0,214.0,135.0,7.0,360.0,236.0,0
3.0,23.0,273.0,148.0,5.0,575.0,69.0,0
1.0,1373.0,183.0,80.0,3.0,740.0,195.0,0
15.0,596.0,277.0,45.0,5.0,835.0,130.0,1
14.0,309.0,60.0,217.0,7.0,1195.0,280.0,0
5.0,2264.0,80.0,177.0,6.0,360.0,92.0,1
14.0,1567.0,134.0,60.0,1.0,420.0,87.0,0
5.0,1915.0,16.0,217.0,4.0,1300.0,259.0,0
12.0,6501.0,162.0,79.0,4.0,1165.0,145.0,1
5.0,1821.0,183.0,148.0,5.0,420.0,176.0,0
17.0,7279.0,16.0,208.0,1.0,1025.0,132.0,1
2.0,60.0,149.0,151.0,1.0,440.0,65.0,1
10.0,2910.0,180.0,80.0,5.0,780.0,130.0,0
10.0,3531.0,80.0,58.0,4.0,1125.0,145.0,1
15.0,1352.0,261.0,202.0,1.0,455.0,130.0,0
4.0,784.0,96.0,214.0,7.0,1035.0,376.0,0
1.0,821.0,148.0,104.0,4.0,935.0,205.0,1
6.0,7398.0,27.0,16.0,4.0,660.0,71.0,0
14.0,1021.0,60.0,277.0,1.0,691.0,103.0,0
13.0,472.0,262.0,208.0,3.0,376.0,245.0,0
5.0,2997.0,148.0,214.0,5.0,1110.0,382.0,0
6.0,5171.0,71.0,16.0,7.0,1135.0,98.0,0
4.0,270.0,135.0,253.0,5.0,695.0,256.0,1
5.0,1027.0,252.0,128.0,5.0,1035.0,371.0,1
6.0,5277.0,85.0,147.0,7.0,925.0,144.0,1
2.0,578.0,214.0,243.0,5.0,625.0,143.0,0
13.0,329.0,84.0,79.0,3.0,954.0,125.0,0
0.0,3864.0,177.0,254.0,5.0,880.0,72.0,1
15.0,583.0,262.0,243.0,6.0,590.0,85.0,1
17.0,2694.0,160.0,217.0,4.0,760.0,83.0,0
10.0,4074.0,290.0,208.0,3.0,940.0,105.0,1
14.0,1776.0,104.0,60.0,5.0,1005.0,117.0,0
6.0,4943.0,16.0,275.0,4.0,515.0,76.0,1
7.0,179.0,79.0,280.0,6.0,491.0,114.0,1
10.0,3641.0,183.0,61.0,6.0,1045.0,160.0,0
5.0,210.0,153.0,148.0,7.0,420.0,295.0,1
13.0,548.0,79.0,207.0,7.0,1150.0,145.0,0
10.0,4496.0,159.0,61.0,3.0,1260.0,115.0,0
5.0,1214.0,198.0,16.0,7.0,1200.0,92.0,0
12.0,6687.0,253.0,194.0,6.0,627.0,46.0,1
5.0,697.0,16.0,223.0,4.0,1045.0,78.0,0
11.0,6438.0,71.0,45.0,4.0,555.0,91.0,1
12.0,6465.0,261.0,154.0,4.0,370.0,120.0,0
5.0,2587.0,241.0,85.0,7.0,959.0,171.0,1
5.0,1555.0,16.0,154.0,1.0,500.0,308.0,0
16.0,2345.0,96.0,268.0,7.0,535.0,182.0,0
13.0,844.0,253.0,154.0,3.0,915.0,90.0,0
8.0,297.0,16.0,129.0,5.0,997.0,139.0,0
16.0,2454.0,177.0,135.0,3.0,705.0,99.0,1
15.0,1312.0,154.0,253.0,7.0,920.0,80.0,1
1.0,1540.0,280.0,80.0,6.0,980.0,130.0,1
5.0,1473.0,184.0,197.0,4.0,788.0,82.0,0
1.0,2093.0,159.0,183.0,4.0,690.0,190.0,0
12.0,7046.0,83.0,79.0,7.0,479.0,76.0,0
15.0,1615.0,253.0,153.0,3.0,665.0,90.0,0
5.0,2021.0,85.0,217.0,3.0,940.0,270.0,1
3.0,398.0,173.0,159.0,7.0,910.0,148.0,0
15.0,1264.0,175.0,35.0,3.0,1180.0,135.0,1
10.0,3042.0,246.0,154.0,7.0,875.0,45.0,0
0.0,3689.0,85.0,175.0,7.0,600.0,85.0,1
3.0,52.0,173.0,148.0,5.0,360.0,141.0,0
14.0,1177.0,159.0,60.0,5.0,605.0,132.0,0
14.0,1852.0,60.0,45.0,4.0,475.0,81.0,0
3.0,44.0,148.0,273.0,6.0,455.0,69.0,0
16.0,3143.0,58.0,213.0,6.0,565.0,167.0,0
14.0,281.0,85.0,217.0,4.0,680.0,263.0,1
8.0,1033.0,241.0,221.0,4.0,1074.0,150.0,1
16.0,2250.0,58.0,228.0,5.0,675.0,92.0,0
12.0,6258.0,88.0,79.0,3.0,755.0,53.0,1
6.0,5318.0,16.0,157.0,7.0,1305.0,80.0,0
0.0,3772.0,85.0,12.0,3.0,625.0,96.0,1
2.0,42.0,23.0,14.0,1.0,543.0,68.0,0
15.0,1165.0,217.0,162.0,5.0,965.0,160.0,1
12.0,4526.0,79.0,261.0,5.0,1040.0,90.0,0
4.0,1821.0,135.0,264.0,7.0,880.0,218.0,1
7.0,262.0,79.0,264.0,6.0,495.0,143.0,0
15.0,20.0,129.0,75.0,7.0,660.0,55.0,0
15.0,1461.0,153.0,253.0,5.0,450.0,95.0,1
16.0,2566.0,261.0,135.0,1.0,855.0,176.0,1
15.0,1278.0,154.0,153.0,6.0,475.0,60.0,1
6.0,5529.0,16.0,36.0,6.0,1243.0,67.0,0
15.0,1020.0,205.0,217.0,3.0,865.0,175.0,1
13.0,970.0,243.0,134.0,7.0,447.0,292.0,0
1.0,1145.0,45.0,80.0,4.0,555.0,220.0,0
10.0,4426.0,85.0,159.0,7.0,1040.0,110.0,0
10.0,3633.0,183.0,60.0,6.0,435.0,120.0,0
0.0,4103.0,238.0,16.0,3.0,1053.0,145.0,1
15.0,279.0,253.0,154.0,3.0,1175.0,75.0,1
1.0,1919.0,16.0,80.0,5.0,1000.0,150.0,0
12.0,7806.0,64.0,261.0,7.0,776.0,89.0,0
0.0,4043.0,177.0,87.0,3.0,870.0,85.0,0
4.0,1685.0,58.0,104.0,7.0,550.0,172.0,0
10.0,2766.0,1.0,80.0,3.0,575.0,50.0,0
3.0,711.0,148.0,153.0,5.0,615.0,344.0,1
5.0,1688.0,85.0,177.0,6.0,720.0,125.0,1
13.0,730.0,208.0,45.0,5.0,1129.0,113.0,0
14.0,1465.0,228.0,216.0,5.0,440.0,82.0,0
14.0,1505.0,60.0,217.0,1.0,451.0,288.0,1
5.0,1977.0,208.0,16.0,4.0,1083.0,126.0,1
17.0,2642.0,60.0,233.0,6.0,1080.0,58.0,1
5.0,2608.0,197.0,96.0,6.0,1135.0,164.0,1
14.0,369.0,217.0,262.0,3.0,1060.0,118.0,0
12.0,6529.0,91.0,208.0,3.0,415.0,177.0,0
9.0,31.0,153.0,203.0,3.0,1045.0,375.0,0
13.0,178.0,154.0,208.0,5.0,584.0,240.0,0
0.0,3914.0,85.0,171.0,5.0,1045.0,54.0,1
8.0,84.0,104.0,16.0,6.0,360.0,120.0,0
7.0,287.0,268.0,79.0,4.0,1120.0,144.0,0
5.0,1086.0,177.0,16.0,3.0,555.0,84.0,0
15.0,225.0,184.0,45.0,7.0,1015.0,115.0,0
15.0,598.0,111.0,214.0,4.0,635.0,70.0,0
14.0,399.0,60.0,153.0,6.0,800.0,298.0,0
8.0,1743.0,173.0,221.0,5.0,669.0,133.0,1
15.0,2205.0,243.0,202.0,1.0,470.0,85.0,1
12.0,6849.0,214.0,232.0,4.0,671.0,38.0,0
15.0,1577.0,217.0,44.0,7.0,590.0,90.0,0
10.0,2854.0,80.0,118.0,4.0,1100.0,50.0,0
15.0,1199.0,198.0,27.0,1.0,570.0,60.0,1
14.0,1461.0,234.0,60.0,7.0,1074.0,81.0,0
17.0,2934.0,217.0,177.0,3.0,585.0,184.0,0
12.0,6347.0,17.0,208.0,4.0,979.0,60.0,0
5.0,1121.0,261.0,85.0,3.0,670.0,210.0,1
10.0,4142.0,208.0,221.0,4.0,730.0,85.0,0
12.0,4675.0,168.0,261.0,4.0,723.0,87.0,1
10.0,4013.0,157.0,208.0,7.0,350.0,95.0,0
15.0,2053.0,253.0,153.0,5.0,1030.0,95.0,0
12.0,6987.0,208.0,135.0,7.0,1079.0,171.0,0
13.0,375.0,135.0,79.0,6.0,952.0,148.0,0
8.0,467.0,45.0,16.0,5.0,852.0,121.0,0
5.0,2522.0,183.0,197.0,5.0,1070.0,240.0,0
16.0,2325.0,96.0,120.0,1.0,990.0,104.0,1
10.0,3794.0,208.0,91.0,3.0,675.0,200.0,0
12.0,4801.0,261.0,236.0,7.0,1020.0,88.0,1
0.0,4282.0,116.0,177.0,1.0,680.0,83.0,0
13.0,838.0,253.0,80.0,5.0,650.0,212.0,1
15.0,2837.0,153.0,2.0,6.0,1100.0,85.0,1
15.0,1400.0,79.0,175.0,5.0,375.0,145.0,0
6.0,5512.0,27.0,16.0,3.0,600.0,57.0,0
15.0,2720.0,253.0,153.0,7.0,890.0,95.0,1
6.0,5314.0,85.0,80.0,7.0,725.0,191.0,1
5.0,1693.0,264.0,16.0,4.0,810.0,259.0,0
1.0,2530.0,183.0,153.0,3.0,1170.0,335.0,0
12.0,6282.0,154.0,144.0,4.0,665.0,54.0,0
15.0,580.0,251.0,268.0,5.0,590.0,70.0,1
6.0,5095.0,16.0,33.0,4.0,815.0,66.0,0
14.0,1057.0,22.0,60.0,6.0,885.0,136.0,0
15.0,706.0,45.0,233.0,7.0,555.0,65.0,0
3.0,740.0,225.0,148.0,5.0,363.0,237.0,0
5.0,2444.0,153.0,71.0,5.0,684.0,226.0,0
15.0,2445.0,258.0,44.0,7.0,1130.0,60.0,1
10.0,3957.0,177.0,208.0,1.0,730.0,110.0,0
12.0,4525.0,172.0,197.0,3.0,735.0,85.0,0
5.0,1860.0,183.0,16.0,4.0,1050.0,130.0,1
15.0,2181.0,252.0,236.0,5.0,780.0,95.0,1
1.0,848.0,2.0,80.0,7.0,860.0,100.0,0
6.0,5032.0,16.0,70.0,4.0,790.0,43.0,0
10.0,3758.0,18.0,208.0,3.0,705.0,155.0,1
3.0,778.0,153.0,35.0,5.0,1409.0,293.0,0
16.0,2336.0,135.0,136.0,7.0,865.0,98.0,1
12.0,7760.0,261.0,89.0,5.0,680.0,75.0,0
3.0,521.0,96.0,173.0,3.0,420.0,170.0,1
2.0,611.0,153.0,252.0,4.0,950.0,162.0,0
4.0,239.0,183.0,96.0,7.0,430.0,167.0,0
15.0,2116.0,172.0,154.0,1.0,995.0,225.0,0
8.0,943.0,45.0,238.0,6.0,640.0,72.0,0
1.0,526.0,80.0,277.0,5.0,745.0,135.0,0
15.0,606.0,233.0,216.0,3.0,490.0,80.0,1
5.0,2657.0,148.0,243.0,4.0,550.0,380.0,0
10.0,3735.0,58.0,208.0,7.0,635.0,90.0,0
10.0,4099.0,208.0,20.0,4.0,630.0,110.0,0
15.0,455.0,202.0,2.0,7.0,1110.0,135.0,1
6.0,7127.0,132.0,134.0,7.0,1106.0,105.0,0
7.0,498.0,48.0,79.0,3.0,1135.0,199.0,1
3.0,1051.0,148.0,221.0,6.0,490.0,97.0,0
17.0,2710.0,91.0,217.0,5.0,897.0,82.0,0
1.0,267.0,154.0,128.0,7.0,1145.0,365.0,1
12.0,6759.0,162.0,208.0,4.0,371.0,115.0,1
11.0,6306.0,134.0,85.0,3.0,745.0,119.0,1
15.0,224.0,104.0,141.0,4.0,1045.0,165.0,1
15.0,2461.0,18.0,277.0,7.0,1000.0,135.0,0
15.0,2068.0,204.0,75.0,6.0,700.0,55.0,1
17.0,7274.0,135.0,208.0,6.0,880.0,151.0,1
13.0,791.0,79.0,84.0,1.0,621.0,105.0,0
0.0,4253.0,233.0,268.0,3.0,930.0,140.0,0
1.0,1588.0,80.0,198.0,5.0,1015.0,80.0,0
17.0,2749.0,244.0,217.0,5.0,930.0,147.0,0
17.0,2857.0,217.0,103.0,5.0,980.0,60.0,0
10.0,4013.0,157.0,208.0,5.0,350.0,95.0,0
10.0,3242.0,256.0,80.0,7.0,575.0,60.0,0
16.0,5972.0,208.0,237.0,6.0,1120.0,95.0,0
15.0,2207.0,75.0,91.0,6.0,1040.0,110.0,1
8.0,1959.0,173.0,16.0,4.0,755.0,92.0,0
15.0,55.0,129.0,131.0,4.0,1280.0,60.0,1
6.0,5283.0,16.0,138.0,4.0,885.0,78.0,1
10.0,3974.0,33.0,208.0,5.0,555.0,100.0,0
5.0,1741.0,71.0,261.0,7.0,495.0,251.0,0
15.0,837.0,243.0,217.0,3.0,1190.0,70.0,1
13.0,672.0,208.0,159.0,5.0,480.0,132.0,0
15.0,327.0,252.0,175.0,7.0,825.0,250.0,1
2.0,875.0,252.0,161.0,6.0,1005.0,373.0,0
15.0,897.0,264.0,258.0,3.0,490.0,80.0,1
15.0,1237.0,175.0,58.0,3.0,420.0,75.0,0
12.0,6955.0,208.0,184.0,1.0,1090.0,48.0,1
1.0,672.0,183.0,173.0,6.0,1105.0,60.0,1
5.0,2160.0,183.0,16.0,5.0,1130.0,124.0,0
5.0,2949.0,85.0,252.0,6.0,920.0,301.0,0
6.0,4973.0,16.0,288.0,7.0,660.0,76.0,1
0.0,3996.0,85.0,32.0,3.0,1190.0,86.0,0
1.0,1218.0,214.0,80.0,6.0,510.0,225.0,1
1.0,1502.0,208.0,277.0,1.0,685.0,155.0,0
15.0,1135.0,79.0,202.0,4.0,705.0,170.0,0
5.0,2975.0,16.0,244.0,5.0,905.0,166.0,1
4.0,677.0,216.0,135.0,1.0,742.0,218.0,1
14.0,1157.0,85.0,216.0,4.0,425.0,99.0,0
1.0,708.0,80.0,159.0,4.0,495.0,195.0,0
12.0,6668.0,79.0,99.0,1.0,608.0,113.0,0
15.0,824.0,217.0,243.0,7.0,1050.0,65.0,1
14.0,1221.0,104.0,78.0,3.0,840.0,146.0,0
0.0,3915.0,42.0,148.0,5.0,680.0,95.0,0
5.0,1987.0,216.0,197.0,7.0,495.0,198.0,0
7.0,861.0,79.0,217.0,3.0,1271.0,108.0,0
15.0,2198.0,58.0,45.0,3.0,720.0,75.0,0
12.0,4869.0,177.0,261.0,4.0,395.0,206.0,0
0.0,3980.0,177.0,195.0,3.0,1145.0,104.0,0
5.0,1387.0,35.0,159.0,4.0,810.0,72.0,0
0.0,4026.0,85.0,247.0,4.0,530.0,58.0,0
1.0,1286.0,80.0,234.0,5.0,1095.0,160.0,0
2.0,347.0,202.0,252.0,1.0,420.0,120.0,0
4.0,628.0,96.0,79.0,1.0,530.0,282.0,1
16.0,2516.0,238.0,96.0,1.0,1055.0,87.0,1
12.0,6909.0,253.0,210.0,3.0,675.0,115.0,0
5.0,2413.0,71.0,241.0,6.0,555.0,155.0,0
13.0,121.0,208.0,135.0,5.0,925.0,170.0,0
15.0,484.0,217.0,79.0,4.0,775.0,105.0,0
1.0,874.0,208.0,35.0,4.0,1150.0,135.0,0
10.0,2816.0,181.0,80.0,4.0,460.0,100.0,0
12.0,6537.0,185.0,208.0,4.0,1222.0,53.0,0
1.0,1898.0,91.0,80.0,4.0,720.0,100.0,0
6.0,5007.0,16.0,256.0,7.0,655.0,112.0,0
4.0,1834.0,96.0,252.0,5.0,725.0,369.0,1
13.0,116.0,154.0,208.0,6.0,774.0,250.0,0
14.0,49.0,217.0,153.0,7.0,660.0,71.0,1
5.0,2403.0,85.0,104.0,5.0,620.0,191.0,1
5.0,66.0,277.0,16.0,1.0,807.0,99.0,1
3.0,1115.0,234.0,173.0,7.0,1042.0,123.0,0
10.0,3252.0,190.0,80.0,6.0,910.0,110.0,0
14.0,1199.0,221.0,60.0,3.0,1035.0,91.0,0
12.0,6688.0,208.0,58.0,7.0,794.0,86.0,0
10.0,3328.0,129.0,80.0,7.0,1180.0,70.0,0
10.0,4588.0,159.0,197.0,4.0,865.0,180.0,1
4.0,386.0,264.0,96.0,1.0,960.0,299.0,0
6.0,5464.0,205.0,85.0,1.0,810.0,119.0,1
7.0,727.0,78.0,79.0,5.0,825.0,237.0,1
15.0,809.0,216.0,233.0,7.0,450.0,90.0,0
13.0,318.0,253.0,79.0,1.0,962.0,153.0,0
15.0,2879.0,253.0,154.0,5.0,570.0,80.0,1
14.0,307.0,277.0,60.0,7.0,930.0,100.0,0
13.0,10.0,253.0,148.0,1.0,641.0,348.0,1
15.0,315.0,217.0,153.0,3.0,1060.0,70.0,1
12.0,4525.0,197.0,172.0,3.0,610.0,91.0,0
12.0,6972.0,154.0,252.0,5.0,797.0,164.0,0
9.0,555.0,203.0,128.0,5.0,1235.0,33.0,0
0.0,3876.0,204.0,16.0,4.0,796.0,121.0,0
17.0,1048.0,128.0,143.0,1.0,510.0,49.0,0
1.0,2547.0,148.0,173.0,6.0,720.0,180.0,0
15.0,2320.0,184.0,173.0,6.0,855.0,160.0,1
14.0,2115.0,35.0,159.0,1.0,360.0,70.0,0
10.0,4342.0,234.0,208.0,3.0,665.0,135.0,1
0.0,3724.0,0.0,85.0,3.0,360.0,115.0,0
14.0,1815.0,216.0,60.0,3.0,705.0,109.0,1
15.0,2675.0,261.0,154.0,7.0,715.0,120.0,1
9.0,256.0,128.0,203.0,6.0,610.0,37.0,0
5.0,1668.0,16.0,54.0,3.0,1145.0,79.0,0
0.0,3815.0,223.0,177.0,4.0,375.0,91.0,0
6.0,5430.0,16.0,19.0,5.0,1312.0,60.0,0
14.0,57.0,217.0,197.0,5.0,585.0,189.0,0
12.0,6878.0,258.0,79.0,3.0,689.0,145.0,0
1.0,20.0,253.0,148.0,1.0,885.0,325.0,0
13.0,204.0,252.0,253.0,6.0,940.0,127.0,0
5.0,1250.0,16.0,241.0,4.0,1145.0,110.0,1
17.0,1043.0,143.0,128.0,3.0,1270.0,47.0,0
11.0,6290.0,251.0,71.0,1.0,834.0,51.0,0
10.0,4063.0,117.0,208.0,4.0,640.0,60.0,0
3.0,334.0,173.0,134.0,1.0,885.0,120.0,0
7.0,147.0,129.0,79.0,4.0,1150.0,145.0,0
15.0,161.0,221.0,175.0,4.0,585.0,90.0,1
17.0,2651.0,217.0,24.0,4.0,660.0,93.0,0
3.0,234.0,160.0,261.0,1.0,879.0,104.0,0
5.0,1262.0,173.0,22.0,3.0,675.0,154.0,0
6.0,7311.0,188.0,177.0,5.0,390.0,70.0,1
14.0,1586.0,60.0,216.0,3.0,1334.0,94.0,1
3.0,282.0,160.0,153.0,4.0,794.0,67.0,0
1.0,1600.0,80.0,78.0,5.0,555.0,164.0,0
3.0,14.0,104.0,148.0,5.0,1001.0,175.0,1
15.0,1559.0,61.0,33.0,6.0,515.0,80.0,0
14.0,493.0,214.0,217.0,3.0,915.0,147.0,0
0.0,3654.0,136.0,197.0,4.0,950.0,110.0,0
10.0,2715.0,80.0,158.0,6.0,630.0,75.0,0
5.0,1946.0,104.0,197.0,7.0,800.0,240.0,1
12.0,6377.0,79.0,67.0,1.0,684.0,60.0,0
1.0,1623.0,173.0,80.0,1.0,995.0,180.0,0
15.0,2599.0,251.0,173.0,6.0,765.0,125.0,0
15.0,532.0,175.0,141.0,7.0,660.0,130.0,0
15.0,1736.0,154.0,2.0,6.0,560.0,105.0,1
11.0,6746.0,177.0,216.0,3.0,1175.0,138.0,0
5.0,2334.0,253.0,261.0,7.0,777.0,113.0,1
13.0,62.0,161.0,253.0,1.0,865.0,319.0,0
0.0,4356.0,123.0,177.0,1.0,420.0,55.0,0
5.0,1578.0,97.0,16.0,4.0,740.0,120.0,0
12.0,6529.0,91.0,208.0,7.0,414.0,177.0,0
14.0,85.0,217.0,45.0,7.0,1035.0,249.0,0
5.0,1606.0,154.0,85.0,1.0,545.0,270.0,0
15.0,1093.0,43.0,45.0,3.0,385.0,90.0,0
10.0,3634.0,60.0,183.0,3.0,580.0,135.0,0
5.0,2024.0,16.0,45.0,3.0,1155.0,116.0,0
15.0,1021.0,129.0,18.0,5.0,735.0,45.0,1
15.0,2053.0,153.0,18.0,3.0,1155.0,155.0,0
12.0,7779.0,261.0,255.0,6.0,1020.0,81.0,0
5.0,326.0,61.0,16.0,7.0,1169.0,105.0,0
15.0,1268.0,153.0,243.0,5.0,790.0,65.0,1
8.0,805.0,45.0,35.0,1.0,390.0,80.0,0
12.0,6580.0,253.0,179.0,3.0,699.0,101.0,0
16.0,5942.0,208.0,48.0,3.0,961.0,70.0,1
1.0,754.0,172.0,208.0,1.0,630.0,95.0,1
10.0,2947.0,108.0,80.0,5.0,1105.0,65.0,0
15.0,698.0,154.0,129.0,7.0,1050.0,180.0,0
15.0,1980.0,277.0,147.0,3.0,415.0,50.0,1
16.0,2540.0,33.0,135.0,4.0,515.0,132.0,0
13.0,210.0,154.0,134.0,5.0,989.0,282.0,1
15.0,1348.0,153.0,277.0,6.0,930.0,250.0,1
15.0,454.0,33.0,175.0,4.0,700.0,90.0,0
7.0,558.0,243.0,79.0,1.0,660.0,133.0,1
10.0,4240.0,265.0,208.0,3.0,410.0,65.0,0
12.0,4522.0,261.0,29.0,7.0,1035.0,124.0,1
15.0,1252.0,173.0,244.0,5.0,920.0,185.0,1
5.0,2393.0,85.0,197.0,4.0,730.0,122.0,0
1.0,1829.0,60.0,80.0,6.0,560.0,180.0,0
14.0,1522.0,60.0,216.0,7.0,980.0,107.0,1
1.0,2493.0,80.0,154.0,5.0,1305.0,205.0,0
14.0,1433.0,35.0,60.0,5.0,375.0,152.0,0
13.0,937.0,134.0,79.0,1.0,1050.0,240.0,0
15.0,1155.0,33.0,173.0,1.0,890.0,105.0,0
5.0,2647.0,159.0,16.0,6.0,1080.0,167.0,0
17.0,1035.0,128.0,161.0,1.0,540.0,37.0,0
10.0,4042.0,254.0,208.0,5.0,425.0,105.0,0
13.0,472.0,208.0,61.0,1.0,785.0,76.0,0
1.0,592.0,80.0,147.0,3.0,685.0,130.0,1
16.0,2654.0,135.0,38.0,5.0,1285.0,69.0,0
5.0,2430.0,85.0,117.0,3.0,730.0,81.0,0
5.0,2025.0,16.0,135.0,3.0,837.0,138.0,0
8.0,823.0,45.0,35.0,5.0,750.0,75.0,0
3.0,735.0,148.0,37.0,3.0,355.0,215.0,0
10.0,3930.0,208.0,205.0,5.0,1250.0,95.0,0
14.0,1716.0,216.0,35.0,5.0,555.0,75.0,0
14.0,547.0,80.0,217.0,5.0,900.0,156.0,1
5.0,1206.0,135.0,16.0,3.0,1079.0,131.0,0
5.0,1393.0,35.0,159.0,3.0,990.0,73.0,0
6.0,5267.0,16.0,10.0,1.0,600.0,119.0,1
13.0,728.0,208.0,35.0,7.0,790.0,136.0,1
5.0,1558.0,128.0,154.0,7.0,1300.0,322.0,0
5.0,1212.0,154.0,197.0,1.0,380.0,220.0,0
5.0,1823.0,16.0,147.0,7.0,1166.0,79.0,1
8.0,722.0,198.0,45.0,7.0,1032.0,139.0,1
12.0,4517.0,28.0,261.0,6.0,465.0,83.0,1
13.0,468.0,253.0,243.0,5.0,540.0,96.0,0
1.0,1868.0,80.0,16.0,5.0,615.0,125.0,1
16.0,2209.0,58.0,121.0,3.0,1010.0,80.0,1
13.0,830.0,253.0,208.0,7.0,690.0,253.0,0
6.0,5153.0,16.0,115.0,5.0,976.0,75.0,0
5.0,1482.0,145.0,261.0,4.0,795.0,63.0,1
1.0,593.0,268.0,208.0,1.0,840.0,75.0,0
15.0,987.0,79.0,217.0,3.0,735.0,115.0,1
12.0,4476.0,261.0,111.0,4.0,915.0,106.0,1
1.0,1853.0,80.0,65.0,7.0,870.0,115.0,1
10.0,3921.0,177.0,208.0,4.0,990.0,115.0,0
6.0,5491.0,201.0,16.0,6.0,360.0,98.0,0
15.0,484.0,153.0,217.0,1.0,615.0,70.0,1
16.0,2188.0,234.0,96.0,5.0,775.0,90.0,0
14.0,78.0,252.0,216.0,5.0,525.0,305.0,0
15.0,2278.0,198.0,79.0,3.0,1075.0,180.0,1
15.0,1235.0,45.0,2.0,7.0,770.0,280.0,1
17.0,2710.0,217.0,264.0,3.0,1019.0,78.0,0
13.0,626.0,208.0,216.0,1.0,1086.0,129.0,1
16.0,2794.0,172.0,135.0,7.0,981.0,122.0,1
12.0,4847.0,197.0,192.0,4.0,545.0,91.0,0
12.0,6722.0,224.0,79.0,3.0,365.0,139.0,1
15.0,638.0,173.0,184.0,3.0,990.0,175.0,0
1.0,457.0,183.0,268.0,1.0,545.0,165.0,0
16.0,2476.0,96.0,71.0,3.0,809.0,128.0,0
13.0,244.0,79.0,208.0,7.0,622.0,143.0,1
15.0,744.0,129.0,277.0,5.0,1205.0,110.0,1
8.0,896.0,139.0,159.0,1.0,962.0,117.0,1
10.0,3934.0,208.0,107.0,4.0,1240.0,100.0,1
1.0,1372.0,183.0,233.0,5.0,1015.0,125.0,0
6.0,7344.0,186.0,16.0,4.0,1108.0,101.0,0
12.0,6723.0,253.0,252.0,7.0,772.0,122.0,0
1.0,477.0,80.0,2.0,3.0,845.0,110.0,0
4.0,625.0,96.0,58.0,5.0,385.0,100.0,1
10.0,2773.0,80.0,1.0,3.0,1130.0,50.0,0
15.0,3425.0,252.0,261.0,7.0,575.0,110.0,0
3.0,1148.0,173.0,42.0,1.0,1085.0,166.0,0
11.0,6571.0,85.0,209.0,4.0,1065.0,111.0,0
12.0,4570.0,262.0,261.0,7.0,1092.0,99.0,0
15.0,11.0,268.0,243.0,3.0,790.0,240.0,1
13.0,744.0,79.0,35.0,4.0,487.0,227.0,0
2.0,573.0,243.0,214.0,4.0,400.0,159.0,0
1.0,1646.0,279.0,80.0,5.0,500.0,80.0,0
12.0,4823.0,261.0,100.0,1.0,751.0,95.0,0
3.0,129.0,43.0,148.0,7.0,705.0,75.0,0
15.0,2043.0,216.0,35.0,7.0,1205.0,85.0,0
15.0,2401.0,202.0,172.0,6.0,685.0,200.0,0
14.0,2164.0,78.0,159.0,7.0,540.0,83.0,0
5.0,1922.0,184.0,85.0,6.0,410.0,75.0,1
12.0,6408.0,253.0,93.0,3.0,782.0,92.0,0
5.0,1586.0,16.0,159.0,1.0,460.0,134.0,0
1.0,1757.0,159.0,268.0,3.0,725.0,170.0,0
5.0,2857.0,16.0,153.0,5.0,965.0,276.0,0
13.0,356.0,79.0,244.0,5.0,1173.0,131.0,0
15.0,632.0,35.0,175.0,5.0,1145.0,175.0,0
15.0,1919.0,45.0,277.0,3.0,440.0,150.0,0
5.0,2841.0,16.0,116.0,1.0,585.0,89.0,1
7.0,516.0,214.0,79.0,3.0,660.0,142.0,1
10.0,4288.0,85.0,208.0,4.0,1225.0,80.0,1
4.0,377.0,241.0,96.0,7.0,885.0,164.0,0
5.0,2456.0,261.0,197.0,1.0,525.0,165.0,1
8.0,819.0,45.0,35.0,5.0,630.0,79.0,0
15.0,1008.0,268.0,252.0,4.0,570.0,265.0,1
8.0,43.0,175.0,16.0,5.0,1042.0,118.0,0
6.0,7380.0,116.0,177.0,7.0,680.0,82.0,0
12.0,4489.0,65.0,261.0,5.0,385.0,95.0,0
14.0,1468.0,277.0,78.0,3.0,805.0,124.0,0
14.0,1610.0,60.0,233.0,3.0,978.0,52.0,1
5.0,2018.0,173.0,16.0,6.0,690.0,93.0,0
8.0,174.0,241.0,16.0,7.0,913.0,108.0,0
7.0,173.0,80.0,79.0,6.0,1163.0,119.0,0
12.0,6289.0,227.0,153.0,3.0,944.0,60.0,0
15.0,637.0,221.0,216.0,7.0,1195.0,85.0,1
14.0,601.0,153.0,217.0,6.0,690.0,70.0,0
12.0,7000.0,208.0,254.0,1.0,895.0,93.0,0
12.0,6263.0,100.0,253.0,6.0,709.0,60.0,0
12.0,7800.0,282.0,261.0,6.0,390.0,55.0,1
15.0,179.0,45.0,12.0,7.0,1235.0,70.0,0
15.0,1549.0,139.0,79.0,6.0,1010.0,180.0,0
6.0,5601.0,81.0,16.0,3.0,1040.0,74.0,0
16.0,2044.0,135.0,233.0,6.0,800.0,144.0,0
5.0,1809.0,197.0,79.0,1.0,695.0,127.0,0
5.0,2762.0,223.0,16.0,4.0,955.0,79.0,0
6.0,7354.0,16.0,101.0,3.0,650.0,76.0,1
0.0,3783.0,61.0,177.0,3.0,1080.0,107.0,0
2.0,463.0,154.0,252.0,6.0,1170.0,162.0,0
15.0,2631.0,153.0,262.0,4.0,1145.0,95.0,1
13.0,130.0,154.0,216.0,4.0,546.0,319.0,0
5.0,2782.0,198.0,177.0,4.0,370.0,83.0,0
6.0,7312.0,177.0,256.0,5.0,1160.0,73.0,0
15.0,2826.0,198.0,277.0,6.0,705.0,85.0,1
15.0,1236.0,131.0,129.0,6.0,870.0,60.0,0
16.0,2622.0,135.0,47.0,6.0,635.0,124.0,0
4.0,485.0,214.0,96.0,7.0,460.0,304.0,0
16.0,2826.0,135.0,75.0,7.0,690.0,61.0,0
15.0,524.0,172.0,139.0,7.0,520.0,80.0,0
8.0,139.0,45.0,147.0,7.0,1211.0,115.0,0
16.0,3118.0,96.0,54.0,5.0,835.0,124.0,1
5.0,1896.0,16.0,147.0,7.0,959.0,71.0,1
12.0,6647.0,79.0,135.0,7.0,499.0,143.0,0
1.0,543.0,208.0,227.0,4.0,600.0,265.0,0
8.0,618.0,184.0,198.0,5.0,805.0,135.0,0
15.0,24.0,233.0,173.0,5.0,460.0,105.0,0
12.0,4694.0,154.0,153.0,7.0,1170.0,70.0,0
10.0,3627.0,183.0,223.0,3.0,660.0,110.0,0
8.0,356.0,16.0,159.0,1.0,1013.0,128.0,1
15.0,1590.0,45.0,43.0,4.0,1050.0,70.0,1
6.0,5189.0,285.0,16.0,7.0,450.0,77.0,0
11.0,6340.0,177.0,178.0,4.0,545.0,132.0,0
8.0,233.0,16.0,234.0,6.0,833.0,88.0,1
5.0,1137.0,16.0,2.0,4.0,654.0,215.0,0
4.0,638.0,96.0,183.0,5.0,1227.0,194.0,0
1.0,2029.0,159.0,183.0,6.0,479.0,195.0,1
16.0,5936.0,17.0,208.0,5.0,565.0,55.0,0
5.0,2037.0,45.0,85.0,1.0,765.0,95.0,0
15.0,1181.0,129.0,217.0,4.0,795.0,175.0,1
12.0,4723.0,261.0,160.0,3.0,913.0,107.0,1
8.0,324.0,253.0,16.0,3.0,770.0,270.0,1
17.0,2874.0,217.0,24.0,6.0,885.0,91.0,0
6.0,5022.0,177.0,157.0,3.0,575.0,80.0,1
5.0,2388.0,177.0,16.0,5.0,1110.0,85.0,1
1.0,85.0,148.0,253.0,4.0,930.0,400.0,1
15.0,485.0,202.0,44.0,6.0,515.0,65.0,0
8.0,199.0,78.0,16.0,4.0,880.0,120.0,1
3.0,73.0,148.0,213.0,3.0,830.0,180.0,1
15.0,1240.0,175.0,221.0,4.0,1175.0,80.0,1
9.0,388.0,128.0,150.0,5.0,1015.0,43.0,0
0.0,3713.0,272.0,85.0,5.0,980.0,118.0,1
8.0,1624.0,173.0,216.0,6.0,600.0,133.0,0
16.0,2780.0,135.0,209.0,7.0,770.0,159.0,1
15.0,629.0,252.0,2.0,6.0,825.0,165.0,1
6.0,5467.0,16.0,285.0,3.0,701.0,51.0,0
12.0,4488.0,166.0,197.0,5.0,410.0,60.0,0
15.0,2640.0,214.0,34.0,3.0,705.0,65.0,1
15.0,690.0,79.0,45.0,4.0,395.0,205.0,1
15.0,1589.0,172.0,252.0,4.0,890.0,255.0,1
13.0,740.0,202.0,79.0,3.0,360.0,146.0,0
10.0,4248.0,84.0,208.0,7.0,1120.0,90.0,1
0.0,4186.0,85.0,195.0,5.0,1045.0,87.0,0
10.0,3851.0,208.0,16.0,3.0,635.0,120.0,1
14.0,1978.0,60.0,96.0,3.0,1205.0,110.0,1
15.0,29.0,75.0,129.0,4.0,810.0,65.0,1
15.0,2012.0,217.0,129.0,1.0,960.0,145.0,1
15.0,1096.0,262.0,153.0,5.0,770.0,80.0,1
14.0,2160.0,78.0,159.0,1.0,420.0,81.0,0
14.0,208.0,202.0,217.0,1.0,971.0,111.0,0
12.0,6440.0,154.0,65.0,3.0,905.0,131.0,0
11.0,6419.0,71.0,268.0,3.0,575.0,94.0,1
15.0,1393.0,34.0,261.0,6.0,630.0,60.0,0
3.0,309.0,134.0,104.0,7.0,886.0,157.0,1
0.0,3726.0,85.0,0.0,5.0,860.0,96.0,0
5.0,2133.0,197.0,16.0,7.0,930.0,154.0,1
10.0,4130.0,174.0,208.0,4.0,1035.0,135.0,1
4.0,442.0,135.0,279.0,4.0,1270.0,83.0,0
10.0,4514.0,78.0,33.0,4.0,895.0,120.0,0
2.0,20.0,252.0,208.0,3.0,520.0,235.0,1
8.0,134.0,277.0,16.0,5.0,480.0,100.0,0
0.0,3974.0,281.0,85.0,4.0,390.0,82.0,0
10.0,3524.0,58.0,80.0,6.0,960.0,185.0,1
15.0,704.0,261.0,175.0,5.0,740.0,195.0,1
1.0,567.0,80.0,253.0,6.0,1065.0,230.0,0
0.0,3871.0,85.0,273.0,6.0,615.0,82.0,1
15.0,1082.0,243.0,129.0,1.0,805.0,180.0,1
0.0,3986.0,99.0,197.0,4.0,660.0,66.0,0
13.0,876.0,252.0,79.0,5.0,683.0,152.0,1
15.0,3668.0,261.0,217.0,5.0,675.0,100.0,1
15.0,1753.0,141.0,45.0,5.0,400.0,75.0,0
13.0,200.0,208.0,35.0,7.0,1265.0,138.0,0
5.0,1727.0,16.0,104.0,5.0,575.0,129.0,0
8.0,198.0,16.0,78.0,7.0,831.0,101.0,0
16.0,5979.0,208.0,107.0,1.0,762.0,96.0,1
10.0,3823.0,197.0,208.0,7.0,780.0,95.0,1
16.0,2398.0,279.0,96.0,4.0,430.0,170.0,1
15.0,637.0,217.0,268.0,7.0,675.0,175.0,0
1.0,1766.0,260.0,134.0,3.0,780.0,245.0,0
12.0,4500.0,243.0,154.0,4.0,885.0,49.0,0
15.0,3323.0,252.0,202.0,5.0,1275.0,120.0,0
1.0,1576.0,80.0,204.0,4.0,1120.0,55.0,0
15.0,2958.0,13.0,75.0,3.0,440.0,65.0,0
4.0,1400.0,104.0,96.0,6.0,525.0,174.0,0
15.0,1135.0,22.0,79.0,7.0,515.0,275.0,0
5.0,503.0,16.0,172.0,7.0,948.0,139.0,0
1.0,1918.0,277.0,208.0,7.0,950.0,170.0,0
13.0,16.0,208.0,45.0,1.0,796.0,114.0,0
15.0,580.0,172.0,217.0,5.0,730.0,185.0,0
14.0,1176.0,60.0,35.0,3.0,1083.0,129.0,1
16.0,3060.0,135.0,204.0,4.0,605.0,80.0,1
12.0,6233.0,154.0,214.0,1.0,1070.0,141.0,0
12.0,6338.0,243.0,154.0,6.0,1046.0,42.0,0
5.0,2695.0,78.0,183.0,5.0,940.0,159.0,0
3.0,18.0,104.0,148.0,3.0,616.0,158.0,1
6.0,5482.0,16.0,69.0,4.0,845.0,82.0,0
0.0,3659.0,12.0,16.0,4.0,345.0,183.0,0
10.0,3019.0,154.0,100.0,4.0,1260.0,60.0,0
12.0,4440.0,261.0,135.0,7.0,580.0,180.0,1
12.0,6430.0,153.0,154.0,3.0,800.0,80.0,0
4.0,581.0,58.0,153.0,1.0,765.0,270.0,0
0.0,3713.0,272.0,85.0,1.0,980.0,118.0,1
1.0,1914.0,197.0,80.0,7.0,630.0,160.0,0
1.0,2099.0,208.0,154.0,5.0,440.0,265.0,0
3.0,615.0,148.0,147.0,1.0,830.0,160.0,1
0.0,3805.0,177.0,244.0,7.0,555.0,129.0,0
5.0,2689.0,197.0,139.0,7.0,915.0,94.0,1
5.0,2432.0,85.0,241.0,4.0,1180.0,178.0,1
5.0,1244.0,129.0,16.0,4.0,375.0,130.0,0
7.0,855.0,79.0,217.0,3.0,395.0,110.0,0
5.0,1645.0,78.0,85.0,6.0,575.0,101.0,1
4.0,1687.0,173.0,135.0,1.0,1075.0,152.0,1
8.0,1096.0,173.0,139.0,5.0,480.0,140.0,0
4.0,1583.0,135.0,18.0,3.0,570.0,52.0,0
3.0,423.0,35.0,213.0,4.0,400.0,195.0,0
13.0,414.0,208.0,22.0,7.0,430.0,129.0,0
2.0,698.0,252.0,111.0,5.0,1380.0,57.0,0
1.0,890.0,80.0,268.0,7.0,690.0,95.0,1
5.0,2921.0,139.0,197.0,6.0,410.0,115.0,0
15.0,1851.0,207.0,202.0,5.0,360.0,80.0,0
12.0,6379.0,154.0,248.0,6.0,467.0,61.0,0
5.0,559.0,16.0,260.0,5.0,587.0,225.0,1
12.0,7046.0,79.0,279.0,5.0,612.0,90.0,0
5.0,1050.0,16.0,54.0,4.0,1055.0,76.0,0
6.0,5007.0,47.0,16.0,4.0,525.0,85.0,0
10.0,4432.0,78.0,33.0,7.0,1015.0,120.0,0
15.0,1641.0,155.0,2.0,6.0,520.0,65.0,1
15.0,2726.0,268.0,251.0,7.0,445.0,60.0,0
14.0,797.0,216.0,154.0,7.0,455.0,365.0,0
1.0,721.0,159.0,80.0,5.0,555.0,260.0,0
5.0,2728.0,261.0,197.0,7.0,587.0,168.0,0
5.0,2037.0,85.0,172.0,7.0,915.0,131.0,0
15.0,2306.0,233.0,277.0,6.0,480.0,115.0,1
12.0,4592.0,122.0,261.0,4.0,1025.0,85.0,0
15.0,3071.0,258.0,44.0,7.0,565.0,60.0,0
4.0,1707.0,277.0,135.0,5.0,910.0,141.0,0
10.0,2766.0,1.0,80.0,6.0,575.0,50.0,0
4.0,1166.0,208.0,96.0,1.0,630.0,133.0,1
6.0,5463.0,16.0,288.0,7.0,506.0,80.0,0
10.0,4525.0,159.0,290.0,1.0,890.0,220.0,1
5.0,2831.0,159.0,85.0,7.0,435.0,123.0,0
5.0,2131.0,159.0,85.0,5.0,1130.0,130.0,1
13.0,591.0,45.0,208.0,4.0,1176.0,135.0,0
5.0,1160.0,261.0,139.0,5.0,1020.0,193.0,1
15.0,684.0,228.0,217.0,5.0,770.0,365.0,0
12.0,4509.0,154.0,243.0,7.0,810.0,45.0,0
5.0,1514.0,16.0,106.0,3.0,965.0,115.0,1
8.0,954.0,45.0,104.0,7.0,505.0,160.0,0
1.0,2400.0,154.0,80.0,1.0,20.0,165.0,0
5.0,2826.0,147.0,16.0,4.0,390.0,89.0,0
15.0,377.0,217.0,214.0,7.0,1145.0,175.0,1
15.0,530.0,129.0,79.0,3.0,635.0,150.0,1
8.0,563.0,32.0,16.0,3.0,692.0,98.0,0
6.0,5178.0,275.0,16.0,5.0,530.0,80.0,0
5.0,1411.0,85.0,79.0,7.0,715.0,190.0,1
6.0,5330.0,132.0,16.0,4.0,860.0,73.0,0
15.0,780.0,268.0,173.0,5.0,785.0,140.0,1
15.0,1795.0,264.0,258.0,6.0,1275.0,75.0,1
15.0,1075.0,244.0,91.0,4.0,400.0,90.0,0
13.0,110.0,173.0,208.0,6.0,1035.0,180.0,0
14.0,1852.0,60.0,45.0,5.0,475.0,81.0,0
10.0,3621.0,183.0,209.0,4.0,665.0,135.0,1
5.0,2028.0,173.0,85.0,4.0,960.0,160.0,0
15.0,1950.0,175.0,228.0,4.0,1230.0,130.0,0
7.0,402.0,154.0,79.0,4.0,1220.0,131.0,0
15.0,2210.0,252.0,34.0,6.0,1030.0,75.0,1
4.0,500.0,135.0,139.0,6.0,1150.0,136.0,1
3.0,53.0,238.0,148.0,6.0,707.0,73.0,0
15.0,607.0,45.0,43.0,3.0,715.0,65.0,1
9.0,121.0,143.0,128.0,7.0,541.0,49.0,0
15.0,1633.0,175.0,228.0,5.0,840.0,125.0,0
17.0,1047.0,128.0,203.0,6.0,945.0,35.0,0
15.0,580.0,268.0,172.0,4.0,635.0,65.0,1
16.0,2549.0,71.0,135.0,4.0,545.0,162.0,0
12.0,7780.0,271.0,261.0,6.0,410.0,64.0,0
15.0,2756.0,262.0,154.0,6.0,1045.0,80.0,0
3.0,1242.0,60.0,35.0,6.0,730.0,121.0,0
5.0,2244.0,243.0,197.0,5.0,395.0,229.0,0
12.0,4527.0,197.0,33.0,5.0,625.0,133.0,0
6.0,5515.0,157.0,177.0,5.0,740.0,87.0,0
10.0,3217.0,256.0,80.0,4.0,1170.0,60.0,0
16.0,2625.0,135.0,131.0,6.0,912.0,68.0,0
1.0,40.0,154.0,148.0,4.0,665.0,330.0,0
12.0,6571.0,252.0,214.0,1.0,1060.0,46.0,0
15.0,1289.0,262.0,217.0,1.0,605.0,105.0,0
3.0,291.0,252.0,160.0,3.0,638.0,154.0,0
15.0,3136.0,45.0,233.0,6.0,505.0,70.0,0
15.0,3492.0,258.0,243.0,3.0,1035.0,80.0,1
15.0,1568.0,243.0,268.0,3.0,635.0,210.0,1
13.0,802.0,79.0,173.0,5.0,610.0,218.0,0
12.0,6958.0,208.0,185.0,1.0,483.0,51.0,0
1.0,764.0,80.0,159.0,5.0,1115.0,195.0,1
5.0,2039.0,78.0,16.0,6.0,900.0,115.0,0
12.0,4736.0,197.0,221.0,3.0,955.0,120.0,0
12.0,6378.0,253.0,65.0,7.0,770.0,145.0,1
10.0,3656.0,221.0,183.0,4.0,1040.0,170.0,0
15.0,713.0,75.0,129.0,7.0,390.0,60.0,0
12.0,6305.0,227.0,154.0,5.0,1109.0,47.0,0
12.0,3047.0,184.0,221.0,7.0,940.0,85.0,0
9.0,375.0,128.0,161.0,3.0,1130.0,37.0,0
6.0,5501.0,287.0,16.0,6.0,345.0,62.0,0
3.0,1322.0,45.0,35.0,3.0,515.0,77.0,0
7.0,667.0,79.0,253.0,5.0,1275.0,156.0,1
13.0,621.0,78.0,208.0,3.0,877.0,128.0,0
10.0,3974.0,33.0,208.0,1.0,555.0,100.0,0
1.0,1347.0,80.0,258.0,4.0,590.0,225.0,1
5.0,2803.0,71.0,173.0,6.0,560.0,129.0,1
11.0,6264.0,71.0,290.0,6.0,565.0,125.0,0
15.0,2536.0,221.0,175.0,6.0,990.0,100.0,1
1.0,1009.0,136.0,80.0,4.0,1080.0,80.0,0
15.0,130.0,280.0,154.0,4.0,730.0,95.0,0
10.0,3492.0,162.0,80.0,3.0,935.0,75.0,0
5.0,1538.0,16.0,78.0,7.0,1220.0,99.0,1
17.0,2680.0,60.0,54.0,3.0,1195.0,63.0,0
8.0,848.0,173.0,16.0,1.0,395.0,96.0,0
10.0,3827.0,16.0,208.0,1.0,705.0,120.0,1
17.0,1025.0,150.0,128.0,5.0,845.0,40.0,0
5.0,2189.0,216.0,85.0,1.0,980.0,120.0,0
1.0,1067.0,80.0,244.0,3.0,1270.0,65.0,1
3.0,1126.0,104.0,233.0,3.0,745.0,119.0,1
15.0,786.0,277.0,104.0,4.0,660.0,60.0,0
10.0,4250.0,20.0,208.0,5.0,410.0,135.0,0
15.0,1486.0,75.0,204.0,5.0,925.0,50.0,1
12.0,6611.0,79.0,217.0,4.0,695.0,111.0,0
5.0,1748.0,85.0,159.0,6.0,535.0,119.0,1
6.0,5510.0,237.0,16.0,1.0,625.0,94.0,0
14.0,1538.0,60.0,35.0,3.0,1335.0,120.0,1
1.0,2545.0,205.0,80.0,1.0,490.0,130.0,0
1.0,434.0,80.0,279.0,4.0,925.0,60.0,0
15.0,913.0,13.0,79.0,7.0,1030.0,80.0,1
9.0,185.0,203.0,128.0,5.0,675.0,34.0,0
14.0,2137.0,35.0,159.0,5.0,1020.0,79.0,0
10.0,2934.0,157.0,80.0,3.0,745.0,150.0,0
15.0,2713.0,209.0,45.0,5.0,1165.0,55.0,0
3.0,1122.0,104.0,234.0,1.0,805.0,129.0,0
5.0,2283.0,47.0,16.0,1.0,385.0,78.0,0
5.0,1308.0,18.0,16.0,7.0,400.0,142.0,0
16.0,2891.0,135.0,146.0,5.0,475.0,74.0,0
8.0,9.0,173.0,260.0,1.0,700.0,159.0,0
13.0,488.0,208.0,60.0,7.0,1110.0,111.0,0
1.0,1218.0,80.0,27.0,3.0,905.0,95.0,0
1.0,581.0,268.0,154.0,5.0,560.0,255.0,0
1.0,1609.0,96.0,183.0,7.0,835.0,195.0,0
6.0,5399.0,16.0,84.0,6.0,498.0,136.0,0
10.0,3390.0,129.0,80.0,4.0,895.0,70.0,0
3.0,242.0,160.0,202.0,6.0,1257.0,75.0,1
10.0,4254.0,208.0,20.0,3.0,1125.0,110.0,1
1.0,1223.0,104.0,80.0,1.0,645.0,195.0,1
12.0,4519.0,197.0,230.0,6.0,540.0,95.0,1
1.0,1374.0,208.0,183.0,5.0,850.0,185.0,0
15.0,3150.0,43.0,45.0,1.0,690.0,70.0,1
4.0,374.0,243.0,135.0,5.0,708.0,186.0,0
15.0,1181.0,268.0,129.0,5.0,635.0,130.0,0
6.0,5418.0,11.0,16.0,5.0,1077.0,68.0,1
16.0,2496.0,135.0,251.0,1.0,990.0,125.0,0
1.0,2328.0,80.0,208.0,7.0,475.0,140.0,0
15.0,3082.0,172.0,173.0,6.0,815.0,160.0,0
11.0,6630.0,85.0,157.0,3.0,1190.0,83.0,0
5.0,1551.0,197.0,153.0,7.0,1025.0,206.0,1
0.0,3994.0,166.0,197.0,7.0,757.0,55.0,1
5.0,1451.0,277.0,197.0,4.0,1086.0,206.0,0
1.0,677.0,80.0,214.0,6.0,1020.0,255.0,1
11.0,6498.0,208.0,16.0,5.0,350.0,128.0,0
15.0,817.0,175.0,85.0,7.0,985.0,80.0,1
3.0,1126.0,104.0,233.0,7.0,745.0,119.0,0
10.0,4297.0,187.0,208.0,6.0,655.0,55.0,0
6.0,7389.0,216.0,71.0,4.0,1066.0,126.0,0
10.0,3374.0,71.0,80.0,4.0,795.0,165.0,1
12.0,6897.0,208.0,130.0,5.0,1257.0,122.0,0
15.0,3147.0,154.0,258.0,5.0,575.0,65.0,1
7.0,822.0,172.0,79.0,5.0,405.0,110.0,0
17.0,7290.0,209.0,134.0,7.0,1180.0,58.0,0
13.0,381.0,208.0,262.0,7.0,596.0,280.0,0
5.0,2652.0,277.0,159.0,1.0,933.0,157.0,1
13.0,396.0,153.0,208.0,1.0,519.0,216.0,0
13.0,731.0,96.0,79.0,4.0,597.0,268.0,0
12.0,6858.0,243.0,79.0,3.0,1046.0,134.0,1
15.0,688.0,22.0,45.0,6.0,450.0,75.0,1
1.0,1900.0,80.0,78.0,5.0,1295.0,155.0,0
12.0,6938.0,44.0,79.0,6.0,688.0,141.0,0
4.0,1450.0,58.0,159.0,7.0,940.0,91.0,0
12.0,6848.0,253.0,246.0,7.0,1361.0,78.0,1
11.0,6585.0,85.0,134.0,7.0,1290.0,101.0,0
14.0,1125.0,60.0,135.0,6.0,570.0,168.0,0
10.0,4527.0,78.0,233.0,7.0,990.0,65.0,1
12.0,6651.0,154.0,236.0,4.0,481.0,85.0,0
12.0,6491.0,130.0,208.0,3.0,510.0,156.0,0
3.0,470.0,241.0,35.0,5.0,1170.0,171.0,0
2.0,694.0,252.0,111.0,1.0,1080.0,60.0,0
1.0,741.0,159.0,80.0,1.0,740.0,245.0,0
10.0,4199.0,94.0,208.0,1.0,375.0,85.0,0
15.0,1687.0,79.0,261.0,3.0,480.0,90.0,0
10.0,2713.0,80.0,146.0,5.0,645.0,75.0,0
14.0,457.0,221.0,217.0,1.0,440.0,294.0,0
14.0,1786.0,60.0,182.0,1.0,1095.0,130.0,0
13.0,928.0,214.0,208.0,5.0,675.0,241.0,0
8.0,263.0,184.0,78.0,6.0,870.0,109.0,1
15.0,1163.0,253.0,264.0,5.0,410.0,85.0,0
8.0,481.0,45.0,173.0,6.0,420.0,140.0,0
5.0,1495.0,16.0,97.0,4.0,580.0,124.0,0
13.0,806.0,154.0,253.0,6.0,799.0,91.0,0
4.0,1703.0,154.0,96.0,1.0,515.0,318.0,1
1.0,39.0,253.0,128.0,3.0,495.0,345.0,1
15.0,1669.0,217.0,258.0,4.0,600.0,120.0,0
5.0,2622.0,217.0,85.0,6.0,910.0,230.0,0
1.0,1332.0,80.0,16.0,6.0,1230.0,115.0,0
5.0,1400.0,16.0,35.0,6.0,905.0,155.0,0
5.0,1539.0,78.0,16.0,5.0,960.0,119.0,0
7.0,413.0,79.0,154.0,7.0,790.0,142.0,0
15.0,813.0,277.0,216.0,6.0,760.0,150.0,1
10.0,3042.0,246.0,154.0,5.0,875.0,45.0,0
15.0,1980.0,154.0,258.0,5.0,930.0,65.0,1
3.0,673.0,148.0,154.0,3.0,665.0,367.0,1
13.0,642.0,148.0,253.0,4.0,664.0,401.0,0
6.0,5567.0,47.0,16.0,6.0,444.0,76.0,0
1.0,2015.0,85.0,183.0,1.0,895.0,190.0,0
17.0,2859.0,103.0,217.0,6.0,680.0,65.0,0
5.0,123.0,148.0,16.0,4.0,945.0,171.0,1
12.0,6322.0,154.0,243.0,7.0,500.0,47.0,0
15.0,209.0,202.0,154.0,6.0,405.0,80.0,1
0.0,4195.0,85.0,166.0,1.0,523.0,97.0,0
3.0,1416.0,160.0,18.0,6.0,720.0,165.0,0
2.0,236.0,214.0,243.0,6.0,415.0,145.0,0
11.0,6387.0,238.0,85.0,4.0,570.0,97.0,1
12.0,6952.0,208.0,152.0,5.0,958.0,49.0,0
14.0,787.0,60.0,16.0,5.0,1070.0,83.0,1
4.0,638.0,96.0,183.0,3.0,1227.0,194.0,1
6.0,4979.0,278.0,16.0,3.0,360.0,67.0,0
8.0,599.0,238.0,16.0,4.0,421.0,150.0,0
11.0,6430.0,16.0,120.0,5.0,890.0,92.0,0
0.0,3971.0,16.0,136.0,1.0,915.0,148.0,1
11.0,6419.0,71.0,268.0,5.0,575.0,94.0,0
14.0,2187.0,159.0,78.0,5.0,1140.0,77.0,0
3.0,62.0,148.0,273.0,3.0,888.0,78.0,1
12.0,4746.0,29.0,197.0,3.0,300.0,85.0,0
17.0,2702.0,248.0,217.0,6.0,385.0,94.0,1
17.0,2906.0,114.0,217.0,7.0,932.0,128.0,0
1.0,851.0,279.0,208.0,5.0,390.0,120.0,0
1.0,1755.0,80.0,178.0,1.0,575.0,95.0,0
15.0,731.0,154.0,79.0,3.0,440.0,140.0,0
10.0,3718.0,16.0,208.0,3.0,1065.0,130.0,1
13.0,297.0,45.0,253.0,6.0,433.0,372.0,0
12.0,6497.0,79.0,162.0,7.0,654.0,125.0,0
5.0,1786.0,16.0,159.0,1.0,580.0,148.0,1
14.0,1511.0,60.0,217.0,1.0,865.0,278.0,1
14.0,1245.0,216.0,277.0,3.0,1080.0,168.0,1
12.0,4497.0,18.0,261.0,6.0,850.0,169.0,0
1.0,1554.0,244.0,80.0,3.0,965.0,70.0,1
5.0,1915.0,16.0,217.0,7.0,1300.0,259.0,0
1.0,1436.0,80.0,60.0,1.0,700.0,135.0,0
5.0,2260.0,183.0,16.0,7.0,465.0,129.0,0
5.0,2963.0,197.0,16.0,3.0,860.0,151.0,1
10.0,3773.0,79.0,208.0,3.0,1085.0,135.0,1
4.0,1011.0,96.0,135.0,1.0,530.0,255.0,0
10.0,4225.0,117.0,208.0,1.0,800.0,65.0,0
3.0,294.0,160.0,252.0,6.0,665.0,161.0,1
5.0,2139.0,78.0,16.0,6.0,1020.0,125.0,0
12.0,6506.0,154.0,34.0,7.0,504.0,119.0,1
0.0,3751.0,85.0,94.0,3.0,545.0,98.0,1
5.0,2936.0,217.0,177.0,7.0,830.0,180.0,0
5.0,1283.0,16.0,175.0,5.0,1040.0,116.0,0
5.0,2119.0,159.0,197.0,3.0,485.0,192.0,0
15.0,2793.0,277.0,175.0,3.0,1125.0,165.0,1
15.0,1324.0,175.0,277.0,5.0,1115.0,155.0,1
0.0,4143.0,109.0,85.0,1.0,345.0,59.0,0
8.0,1283.0,277.0,106.0,5.0,723.0,161.0,0
11.0,6491.0,159.0,147.0,1.0,830.0,169.0,1
15.0,956.0,43.0,175.0,5.0,1055.0,115.0,1
2.0,864.0,203.0,214.0,6.0,780.0,310.0,1
17.0,2721.0,217.0,246.0,5.0,885.0,93.0,0
14.0,729.0,216.0,80.0,6.0,1085.0,239.0,0
10.0,3751.0,208.0,261.0,6.0,1125.0,215.0,1
5.0,1910.0,80.0,16.0,4.0,945.0,121.0,0
1.0,2374.0,80.0,208.0,7.0,1240.0,125.0,1
5.0,1874.0,16.0,134.0,5.0,1150.0,115.0,0
1.0,1719.0,268.0,154.0,1.0,830.0,250.0,1
1.0,1919.0,16.0,80.0,4.0,1000.0,150.0,0
5.0,2642.0,16.0,96.0,4.0,645.0,132.0,1
10.0,4069.0,32.0,208.0,5.0,390.0,50.0,0
3.0,1068.0,18.0,148.0,5.0,1105.0,205.0,0
1.0,1518.0,252.0,80.0,5.0,655.0,235.0,1
12.0,6660.0,154.0,100.0,5.0,980.0,74.0,1
1.0,1091.0,80.0,243.0,3.0,960.0,185.0,1
13.0,563.0,216.0,208.0,5.0,999.0,147.0,0
17.0,2708.0,153.0,154.0,7.0,1090.0,70.0,0
15.0,27.0,87.0,45.0,5.0,1015.0,125.0,1
16.0,2159.0,177.0,135.0,7.0,900.0,104.0,1
12.0,4839.0,261.0,2.0,5.0,510.0,104.0,0
5.0,2173.0,16.0,183.0,7.0,650.0,115.0,0
1.0,1141.0,148.0,183.0,6.0,345.0,190.0,0
14.0,1218.0,104.0,78.0,1.0,715.0,145.0,1
16.0,2619.0,290.0,135.0,7.0,1067.0,95.0,1
5.0,2949.0,85.0,252.0,7.0,920.0,300.0,0
14.0,77.0,35.0,217.0,4.0,980.0,353.0,0
15.0,669.0,261.0,154.0,7.0,450.0,125.0,0
15.0,807.0,34.0,111.0,1.0,715.0,65.0,1
16.0,2472.0,135.0,147.0,4.0,815.0,123.0,0
2.0,225.0,253.0,214.0,3.0,1220.0,103.0,0
10.0,3238.0,59.0,80.0,7.0,725.0,55.0,0
5.0,1017.0,16.0,184.0,7.0,1005.0,120.0,1
1.0,2332.0,80.0,208.0,7.0,565.0,135.0,0
15.0,3079.0,33.0,268.0,7.0,930.0,65.0,1
15.0,2833.0,79.0,243.0,6.0,860.0,145.0,1
16.0,2600.0,135.0,279.0,6.0,770.0,78.0,0
17.0,2719.0,18.0,217.0,7.0,505.0,167.0,0
10.0,2920.0,62.0,80.0,7.0,440.0,145.0,1
15.0,2871.0,75.0,2.0,1.0,1070.0,115.0,1
1.0,1555.0,183.0,260.0,3.0,1180.0,145.0,1
7.0,772.0,153.0,79.0,4.0,497.0,108.0,0
12.0,6820.0,231.0,253.0,3.0,360.0,78.0,0
5.0,2538.0,16.0,78.0,3.0,620.0,114.0,1
5.0,1983.0,16.0,223.0,3.0,740.0,70.0,0
15.0,647.0,2.0,154.0,3.0,820.0,125.0,1
5.0,2710.0,80.0,16.0,7.0,345.0,132.0,0
5.0,2922.0,217.0,85.0,5.0,425.0,230.0,0
14.0,1897.0,197.0,60.0,4.0,1035.0,148.0,0
11.0,6586.0,85.0,17.0,5.0,1045.0,88.0,0
14.0,163.0,243.0,60.0,1.0,675.0,267.0,1
5.0,1866.0,16.0,132.0,6.0,1295.0,57.0,0
15.0,1739.0,45.0,35.0,1.0,1065.0,85.0,1
4.0,51.0,96.0,58.0,4.0,965.0,105.0,0
0.0,3797.0,85.0,61.0,3.0,920.0,59.0,0
12.0,6582.0,227.0,253.0,5.0,653.0,91.0,0
15.0,2720.0,253.0,153.0,4.0,890.0,95.0,1
1.0,755.0,208.0,244.0,4.0,650.0,175.0,0
15.0,1130.0,175.0,197.0,4.0,1160.0,90.0,1
17.0,2834.0,44.0,217.0,4.0,1135.0,92.0,0
5.0,1452.0,16.0,71.0,5.0,855.0,85.0,0
13.0,525.0,96.0,79.0,3.0,1027.0,268.0,1
10.0,3767.0,261.0,208.0,6.0,955.0,200.0,1
15.0,3669.0,153.0,44.0,5.0,1185.0,65.0,1
3.0,741.0,173.0,260.0,1.0,420.0,157.0,0
12.0,4795.0,46.0,261.0,3.0,470.0,75.0,0
5.0,1561.0,216.0,16.0,7.0,840.0,147.0,0
10.0,2705.0,80.0,239.0,1.0,795.0,95.0,1
4.0,685.0,214.0,96.0,7.0,1285.0,289.0,0
12.0,6314.0,227.0,154.0,3.0,377.0,47.0,0
13.0,483.0,208.0,214.0,6.0,1245.0,279.0,0
12.0,3047.0,84.0,184.0,1.0,835.0,66.0,0
1.0,1433.0,22.0,183.0,1.0,380.0,205.0,0
16.0,3081.0,42.0,96.0,3.0,373.0,77.0,0
1.0,2578.0,253.0,154.0,1.0,1015.0,80.0,0
15.0,1434.0,129.0,202.0,5.0,1145.0,260.0,0
12.0,7038.0,253.0,6.0,1.0,659.0,79.0,1
16.0,3044.0,205.0,135.0,5.0,955.0,139.0,0
6.0,5323.0,78.0,35.0,7.0,1135.0,92.0,0
15.0,1390.0,202.0,207.0,6.0,945.0,70.0,1
15.0,944.0,202.0,207.0,5.0,360.0,75.0,1
7.0,414.0,154.0,79.0,1.0,912.0,135.0,1
14.0,396.0,80.0,153.0,5.0,1040.0,176.0,0
12.0,4673.0,261.0,44.0,5.0,1191.0,115.0,1
14.0,1492.0,60.0,43.0,3.0,990.0,103.0,0
6.0,5299.0,16.0,91.0,7.0,683.0,209.0,0
6.0,5066.0,16.0,121.0,6.0,755.0,53.0,0
7.0,290.0,79.0,268.0,4.0,905.0,115.0,0
15.0,1895.0,75.0,2.0,6.0,890.0,110.0,0
17.0,7282.0,134.0,42.0,7.0,1022.0,92.0,0
16.0,5938.0,208.0,279.0,5.0,1200.0,119.0,0
17.0,2878.0,217.0,91.0,7.0,790.0,76.0,0
1.0,2282.0,253.0,80.0,6.0,795.0,210.0,0
14.0,1898.0,216.0,221.0,4.0,1235.0,70.0,0
5.0,2496.0,197.0,241.0,6.0,625.0,202.0,1
1.0,656.0,44.0,80.0,5.0,925.0,180.0,0
10.0,3682.0,183.0,177.0,4.0,1240.0,155.0,1
15.0,316.0,45.0,146.0,1.0,730.0,165.0,1
13.0,275.0,208.0,172.0,5.0,1052.0,98.0,0
5.0,2630.0,197.0,35.0,3.0,420.0,166.0,0
16.0,2734.0,205.0,135.0,6.0,360.0,142.0,0
3.0,433.0,35.0,173.0,1.0,670.0,191.0,0
15.0,581.0,153.0,147.0,3.0,555.0,240.0,1
12.0,4626.0,253.0,154.0,3.0,420.0,75.0,0
5.0,2251.0,60.0,16.0,4.0,631.0,82.0,0
1.0,681.0,148.0,183.0,6.0,640.0,193.0,1
16.0,2370.0,197.0,58.0,5.0,715.0,105.0,0
5.0,1561.0,216.0,16.0,5.0,840.0,147.0,0
1.0,1872.0,208.0,173.0,7.0,590.0,160.0,1
5.0,1135.0,233.0,16.0,5.0,1185.0,95.0,0
12.0,7050.0,110.0,79.0,3.0,788.0,92.0,1
16.0,2998.0,135.0,177.0,5.0,780.0,89.0,0
17.0,7269.0,134.0,16.0,5.0,1006.0,118.0,0
7.0,857.0,79.0,217.0,6.0,790.0,108.0,0
16.0,2521.0,268.0,96.0,5.0,1165.0,137.0,0
4.0,1097.0,135.0,153.0,4.0,440.0,204.0,1
17.0,7286.0,208.0,273.0,7.0,1090.0,106.0,0
16.0,2378.0,117.0,58.0,6.0,540.0,85.0,0
14.0,704.0,217.0,60.0,6.0,800.0,234.0,0
15.0,1302.0,79.0,233.0,7.0,1020.0,195.0,1
14.0,2173.0,159.0,78.0,3.0,720.0,71.0,0
11.0,6657.0,148.0,197.0,7.0,490.0,210.0,0
6.0,5275.0,16.0,146.0,5.0,494.0,84.0,1
16.0,2591.0,135.0,75.0,3.0,870.0,61.0,1
5.0,1661.0,85.0,16.0,5.0,370.0,136.0,0
11.0,6610.0,159.0,172.0,5.0,445.0,210.0,0
13.0,449.0,208.0,243.0,4.0,595.0,260.0,0
5.0,1817.0,16.0,79.0,1.0,840.0,200.0,1
7.0,265.0,264.0,79.0,1.0,405.0,145.0,0
13.0,202.0,154.0,198.0,4.0,677.0,220.0,0
12.0,3074.0,184.0,139.0,1.0,1070.0,62.0,0
12.0,6642.0,191.0,253.0,5.0,352.0,38.0,0
1.0,1887.0,80.0,153.0,1.0,395.0,175.0,0
14.0,287.0,2.0,217.0,4.0,930.0,79.0,0
16.0,3156.0,58.0,78.0,6.0,1060.0,69.0,1
14.0,1177.0,159.0,60.0,1.0,605.0,132.0,1
16.0,2288.0,135.0,76.0,4.0,1199.0,133.0,0
1.0,1249.0,78.0,268.0,1.0,775.0,135.0,0
15.0,3238.0,175.0,159.0,3.0,475.0,150.0,0
14.0,1850.0,60.0,22.0,7.0,1194.0,108.0,1
15.0,1086.0,153.0,12.0,6.0,850.0,285.0,0
16.0,2646.0,135.0,41.0,1.0,584.0,61.0,0
15.0,160.0,104.0,79.0,4.0,510.0,280.0,0
5.0,1997.0,16.0,233.0,7.0,766.0,79.0,0
6.0,7378.0,79.0,71.0,1.0,360.0,158.0,1
4.0,192.0,96.0,173.0,3.0,550.0,170.0,1
1.0,1410.0,80.0,279.0,5.0,1340.0,55.0,0
0.0,3873.0,85.0,42.0,6.0,1040.0,103.0,0
2.0,62.0,151.0,252.0,7.0,818.0,112.0,0
15.0,4.0,129.0,75.0,3.0,420.0,60.0,0
7.0,416.0,154.0,79.0,1.0,390.0,140.0,0
5.0,1710.0,80.0,16.0,7.0,720.0,125.0,1
5.0,424.0,260.0,16.0,5.0,922.0,243.0,0
1.0,1528.0,253.0,80.0,7.0,990.0,205.0,1
17.0,2928.0,217.0,2.0,4.0,1360.0,66.0,0
16.0,2173.0,96.0,120.0,5.0,1200.0,110.0,0
17.0,2834.0,217.0,280.0,5.0,1365.0,41.0,0
1.0,1040.0,80.0,44.0,3.0,680.0,205.0,1
10.0,4004.0,71.0,208.0,6.0,380.0,80.0,0
16.0,2150.0,119.0,96.0,5.0,640.0,110.0,0
16.0,2845.0,223.0,135.0,7.0,1110.0,101.0,0
8.0,895.0,159.0,139.0,5.0,604.0,137.0,0
5.0,1865.0,76.0,16.0,7.0,410.0,110.0,0
15.0,1185.0,153.0,253.0,5.0,620.0,105.0,1
15.0,490.0,129.0,18.0,7.0,1215.0,45.0,1
12.0,6580.0,179.0,253.0,1.0,824.0,98.0,1
12.0,6417.0,263.0,154.0,4.0,693.0,57.0,0
2.0,520.0,252.0,44.0,1.0,940.0,144.0,0
4.0,326.0,135.0,45.0,4.0,770.0,167.0,1
0.0,3678.0,112.0,197.0,4.0,785.0,65.0,0
15.0,1723.0,243.0,217.0,4.0,1125.0,70.0,1
15.0,50.0,75.0,155.0,4.0,1190.0,65.0,1
15.0,888.0,202.0,111.0,4.0,545.0,125.0,0
15.0,641.0,221.0,216.0,7.0,1035.0,90.0,1
0.0,4277.0,177.0,13.0,5.0,820.0,120.0,0
16.0,2480.0,58.0,42.0,3.0,975.0,79.0,0
1.0,283.0,154.0,128.0,4.0,625.0,365.0,0
10.0,3842.0,197.0,208.0,7.0,350.0,95.0,1
6.0,5517.0,47.0,16.0,3.0,995.0,74.0,0
10.0,2951.0,68.0,80.0,1.0,1050.0,80.0,0
1.0,2527.0,80.0,261.0,3.0,895.0,170.0,1
1.0,492.0,80.0,268.0,1.0,1045.0,95.0,0
12.0,6436.0,154.0,2.0,5.0,1241.0,109.0,0
0.0,3920.0,16.0,247.0,4.0,570.0,119.0,0
10.0,3347.0,254.0,80.0,5.0,780.0,85.0,0
13.0,83.0,134.0,154.0,3.0,556.0,351.0,0
5.0,748.0,147.0,16.0,6.0,695.0,75.0,0
12.0,3075.0,184.0,139.0,7.0,1195.0,62.0,1
15.0,118.0,207.0,217.0,4.0,600.0,65.0,1
12.0,4821.0,232.0,261.0,4.0,810.0,95.0,0
16.0,2728.0,96.0,71.0,1.0,540.0,146.0,1
8.0,359.0,159.0,16.0,7.0,360.0,160.0,0
3.0,750.0,260.0,173.0,6.0,259.0,182.0,0
8.0,273.0,35.0,16.0,5.0,520.0,180.0,1
14.0,140.0,172.0,217.0,3.0,1075.0,173.0,0
12.0,6380.0,253.0,34.0,3.0,651.0,92.0,0
10.0,4004.0,71.0,208.0,5.0,380.0,80.0,0
16.0,2773.0,135.0,146.0,5.0,840.0,74.0,0
6.0,5314.0,85.0,80.0,1.0,725.0,191.0,1
16.0,2387.0,120.0,135.0,1.0,835.0,178.0,0
15.0,862.0,33.0,173.0,5.0,750.0,105.0,1
12.0,4719.0,168.0,261.0,7.0,328.0,87.0,0
15.0,274.0,173.0,139.0,5.0,635.0,150.0,0
15.0,1910.0,258.0,154.0,6.0,565.0,70.0,1
5.0,2522.0,183.0,197.0,3.0,1070.0,240.0,1
13.0,473.0,208.0,264.0,5.0,1208.0,269.0,0
7.0,377.0,35.0,184.0,5.0,360.0,165.0,0
8.0,767.0,213.0,16.0,3.0,465.0,108.0,0
15.0,954.0,104.0,147.0,7.0,1155.0,75.0,1
17.0,7216.0,177.0,208.0,3.0,636.0,107.0,0
1.0,705.0,80.0,227.0,4.0,605.0,190.0,0
6.0,5510.0,237.0,16.0,3.0,625.0,94.0,1
5.0,1683.0,261.0,153.0,7.0,660.0,87.0,1
5.0,345.0,22.0,173.0,1.0,869.0,171.0,1
2.0,627.0,153.0,31.0,3.0,825.0,164.0,0
12.0,6424.0,208.0,184.0,5.0,715.0,42.0,0
0.0,3873.0,85.0,42.0,1.0,845.0,106.0,1
14.0,1663.0,228.0,60.0,4.0,1020.0,134.0,0
6.0,7339.0,16.0,205.0,3.0,690.0,146.0,1
1.0,1084.0,258.0,80.0,3.0,1040.0,190.0,0
14.0,622.0,202.0,217.0,6.0,750.0,108.0,0
8.0,902.0,16.0,215.0,3.0,525.0,93.0,0
10.0,3121.0,154.0,258.0,1.0,760.0,75.0,1
1.0,1694.0,80.0,33.0,6.0,840.0,100.0,0
4.0,647.0,208.0,135.0,1.0,1005.0,169.0,1
12.0,6662.0,253.0,194.0,3.0,991.0,43.0,0
2.0,743.0,16.0,252.0,3.0,1090.0,325.0,0
16.0,3120.0,135.0,162.0,7.0,795.0,76.0,0
6.0,5221.0,104.0,275.0,3.0,415.0,84.0,0
14.0,310.0,153.0,60.0,7.0,575.0,248.0,0
12.0,6428.0,153.0,154.0,5.0,402.0,70.0,0
1.0,346.0,268.0,208.0,5.0,1035.0,80.0,0
5.0,2430.0,85.0,117.0,7.0,730.0,81.0,1
16.0,3104.0,69.0,135.0,1.0,1075.0,171.0,0
5.0,1286.0,209.0,16.0,1.0,883.0,117.0,0
13.0,224.0,134.0,22.0,7.0,485.0,83.0,0
15.0,1174.0,129.0,33.0,3.0,870.0,105.0,1
1.0,1061.0,148.0,183.0,3.0,430.0,210.0,0
15.0,288.0,45.0,43.0,5.0,530.0,65.0,0
5.0,1186.0,147.0,16.0,7.0,772.0,78.0,0
5.0,1829.0,119.0,85.0,5.0,400.0,70.0,1
0.0,3972.0,247.0,85.0,1.0,690.0,68.0,0
5.0,2322.0,177.0,172.0,3.0,840.0,90.0,1
13.0,16.0,208.0,45.0,4.0,796.0,114.0,0
16.0,5917.0,139.0,208.0,1.0,1023.0,76.0,0
4.0,110.0,58.0,96.0,6.0,1050.0,97.0,0
5.0,2555.0,159.0,213.0,1.0,419.0,186.0,0
1.0,406.0,268.0,208.0,3.0,954.0,80.0,0
10.0,3904.0,208.0,58.0,5.0,1025.0,80.0,0
16.0,2165.0,38.0,135.0,5.0,808.0,74.0,0
5.0,1770.0,261.0,197.0,4.0,1020.0,157.0,1
1.0,553.0,241.0,80.0,6.0,1145.0,175.0,0
15.0,1003.0,277.0,129.0,7.0,920.0,145.0,1
15.0,1285.0,253.0,175.0,5.0,435.0,250.0,1
12.0,7773.0,255.0,261.0,3.0,893.0,77.0,0
15.0,1534.0,22.0,45.0,6.0,590.0,70.0,0
11.0,6335.0,35.0,177.0,1.0,960.0,210.0,0
15.0,3485.0,58.0,33.0,4.0,390.0,100.0,1
1.0,1701.0,18.0,80.0,7.0,730.0,65.0,0
16.0,2894.0,68.0,135.0,7.0,795.0,65.0,0
1.0,2202.0,260.0,183.0,4.0,1055.0,175.0,0
15.0,1439.0,129.0,175.0,7.0,560.0,145.0,1
12.0,6580.0,253.0,179.0,6.0,700.0,101.0,1
15.0,1525.0,44.0,202.0,1.0,850.0,70.0,1
15.0,2357.0,35.0,216.0,1.0,1040.0,105.0,0
0.0,3679.0,281.0,85.0,4.0,1023.0,77.0,0
12.0,6490.0,236.0,154.0,7.0,894.0,86.0,0
3.0,1114.0,173.0,234.0,5.0,895.0,106.0,0
15.0,702.0,198.0,129.0,4.0,1045.0,75.0,1
8.0,486.0,173.0,45.0,3.0,455.0,128.0,0
5.0,2014.0,154.0,71.0,1.0,440.0,247.0,0
10.0,2882.0,155.0,80.0,7.0,1205.0,65.0,0
15.0,944.0,204.0,75.0,5.0,820.0,50.0,1
10.0,3190.0,154.0,258.0,5.0,510.0,75.0,0
16.0,3032.0,135.0,60.0,7.0,470.0,139.0,0
5.0,1561.0,216.0,16.0,6.0,840.0,147.0,0
6.0,5581.0,118.0,16.0,6.0,405.0,134.0,0
15.0,1256.0,104.0,175.0,4.0,680.0,195.0,0
0.0,4256.0,85.0,90.0,5.0,835.0,78.0,1
4.0,323.0,135.0,198.0,1.0,805.0,67.0,0
10.0,4524.0,33.0,78.0,4.0,825.0,95.0,0
15.0,1801.0,175.0,162.0,6.0,1030.0,105.0,1
0.0,4151.0,61.0,233.0,4.0,857.0,93.0,0
14.0,4.0,217.0,153.0,5.0,680.0,75.0,1
15.0,667.0,147.0,45.0,5.0,790.0,110.0,1
5.0,1760.0,16.0,175.0,6.0,580.0,120.0,0
8.0,601.0,45.0,241.0,1.0,505.0,161.0,0
1.0,1599.0,76.0,80.0,7.0,430.0,175.0,1
16.0,2417.0,204.0,135.0,4.0,470.0,85.0,1
12.0,6465.0,261.0,154.0,6.0,370.0,120.0,0
17.0,2897.0,83.0,217.0,7.0,1095.0,113.0,0
5.0,26.0,85.0,16.0,6.0,990.0,134.0,0
14.0,2173.0,159.0,78.0,5.0,720.0,71.0,0
15.0,815.0,251.0,277.0,1.0,685.0,125.0,1
1.0,555.0,80.0,244.0,4.0,590.0,70.0,0
4.0,132.0,243.0,135.0,6.0,400.0,188.0,0
3.0,717.0,148.0,260.0,7.0,1439.0,220.0,0
16.0,2310.0,183.0,58.0,1.0,715.0,168.0,1
2.0,581.0,264.0,214.0,5.0,405.0,157.0,0
0.0,3871.0,27.0,85.0,6.0,360.0,125.0,0
8.0,722.0,198.0,45.0,3.0,1032.0,139.0,0
6.0,5209.0,47.0,16.0,5.0,827.0,74.0,1
5.0,69.0,16.0,183.0,3.0,1045.0,115.0,1
2.0,69.0,151.0,149.0,7.0,1237.0,64.0,0
0.0,4251.0,233.0,71.0,1.0,390.0,100.0,1
0.0,4219.0,237.0,85.0,5.0,1030.0,100.0,0
11.0,6332.0,58.0,71.0,6.0,440.0,76.0,0
5.0,2964.0,85.0,60.0,4.0,615.0,115.0,0
13.0,600.0,208.0,78.0,4.0,365.0,111.0,0
15.0,1456.0,75.0,198.0,6.0,1000.0,80.0,0
3.0,691.0,35.0,78.0,4.0,1230.0,99.0,0
1.0,1964.0,253.0,80.0,5.0,625.0,215.0,0
12.0,4536.0,236.0,261.0,3.0,615.0,86.0,0
12.0,4817.0,261.0,208.0,7.0,526.0,189.0,0
4.0,245.0,58.0,135.0,7.0,770.0,186.0,0
16.0,2190.0,182.0,96.0,6.0,390.0,77.0,0
12.0,6655.0,86.0,208.0,4.0,1003.0,68.0,1
3.0,687.0,35.0,78.0,7.0,925.0,99.0,0
1.0,2022.0,260.0,208.0,4.0,510.0,305.0,0
17.0,2771.0,217.0,246.0,7.0,1258.0,91.0,0
16.0,2935.0,10.0,135.0,1.0,1025.0,58.0,1
14.0,1512.0,60.0,216.0,6.0,570.0,99.0,1
14.0,62.0,79.0,60.0,6.0,410.0,189.0,0
5.0,1901.0,35.0,16.0,4.0,510.0,186.0,0
1.0,31.0,154.0,128.0,5.0,510.0,345.0,0
5.0,2009.0,197.0,79.0,6.0,1025.0,123.0,0
14.0,1747.0,216.0,153.0,3.0,470.0,342.0,0
14.0,75.0,217.0,252.0,3.0,875.0,186.0,0
16.0,2309.0,16.0,135.0,6.0,390.0,127.0,0
12.0,6825.0,261.0,253.0,6.0,1014.0,132.0,0
5.0,2865.0,43.0,16.0,7.0,370.0,154.0,0
12.0,4515.0,261.0,208.0,7.0,675.0,189.0,1
0.0,4247.0,250.0,85.0,4.0,760.0,80.0,0
4.0,458.0,135.0,78.0,1.0,775.0,165.0,0
10.0,3773.0,79.0,208.0,4.0,1085.0,135.0,0
10.0,3833.0,208.0,16.0,5.0,760.0,120.0,0
1.0,1154.0,227.0,80.0,6.0,410.0,170.0,0
6.0,5530.0,123.0,16.0,5.0,667.0,75.0,0
16.0,2718.0,45.0,96.0,7.0,367.0,52.0,0
15.0,884.0,277.0,22.0,3.0,1125.0,165.0,1
9.0,21.0,252.0,128.0,4.0,560.0,375.0,0
5.0,2173.0,16.0,183.0,4.0,650.0,115.0,1
15.0,646.0,202.0,175.0,1.0,435.0,250.0,0
15.0,1481.0,33.0,79.0,5.0,365.0,185.0,1
5.0,2530.0,197.0,35.0,3.0,600.0,162.0,0
14.0,1511.0,60.0,217.0,6.0,865.0,278.0,1
15.0,1863.0,173.0,216.0,6.0,1065.0,150.0,1
16.0,5938.0,208.0,279.0,3.0,1200.0,119.0,1
2.0,459.0,154.0,252.0,4.0,750.0,157.0,1
8.0,295.0,16.0,129.0,1.0,535.0,139.0,0
15.0,3846.0,85.0,268.0,7.0,1095.0,105.0,0
14.0,1186.0,60.0,45.0,1.0,985.0,86.0,0
8.0,1742.0,221.0,173.0,4.0,699.0,145.0,0
12.0,6696.0,79.0,199.0,3.0,877.0,55.0,0
4.0,90.0,154.0,96.0,4.0,765.0,321.0,0
12.0,6230.0,214.0,93.0,4.0,675.0,36.0,1
14.0,73.0,79.0,217.0,6.0,900.0,112.0,0
1.0,2272.0,80.0,78.0,7.0,825.0,160.0,1
11.0,6368.0,71.0,273.0,5.0,920.0,98.0,0
16.0,2640.0,119.0,135.0,7.0,1101.0,179.0,1
1.0,865.0,18.0,80.0,1.0,655.0,65.0,0
6.0,4987.0,71.0,208.0,7.0,980.0,77.0,0
1.0,1415.0,277.0,80.0,5.0,990.0,170.0,0
15.0,863.0,204.0,172.0,4.0,585.0,70.0,0
2.0,314.0,252.0,253.0,7.0,1070.0,127.0,1
15.0,1364.0,236.0,214.0,6.0,525.0,100.0,0
15.0,1155.0,217.0,172.0,5.0,530.0,155.0,1
15.0,2357.0,216.0,221.0,3.0,1170.0,80.0,1
15.0,679.0,129.0,75.0,6.0,780.0,60.0,0
14.0,371.0,96.0,217.0,4.0,995.0,332.0,0
13.0,597.0,208.0,197.0,6.0,1215.0,93.0,1
14.0,1118.0,172.0,60.0,4.0,835.0,130.0,0
5.0,2803.0,71.0,173.0,1.0,560.0,132.0,0
15.0,1737.0,268.0,45.0,6.0,490.0,120.0,0
13.0,544.0,153.0,253.0,5.0,987.0,103.0,0
15.0,3415.0,244.0,75.0,3.0,870.0,60.0,0
15.0,3575.0,153.0,207.0,7.0,1270.0,55.0,1
12.0,6415.0,154.0,248.0,4.0,1365.0,61.0,0
15.0,1798.0,243.0,202.0,6.0,590.0,90.0,0
12.0,7765.0,261.0,220.0,7.0,660.0,60.0,0
16.0,2492.0,135.0,233.0,4.0,955.0,148.0,0
1.0,1991.0,78.0,80.0,7.0,710.0,210.0,0
15.0,840.0,217.0,153.0,1.0,525.0,65.0,0
1.0,2352.0,80.0,208.0,6.0,845.0,135.0,0
6.0,7323.0,16.0,245.0,1.0,590.0,68.0,0
12.0,6693.0,208.0,195.0,4.0,1249.0,47.0,1
13.0,263.0,198.0,154.0,4.0,1159.0,264.0,0
4.0,1507.0,277.0,135.0,4.0,550.0,138.0,0
16.0,2575.0,197.0,135.0,3.0,1000.0,177.0,1
14.0,1761.0,35.0,60.0,1.0,675.0,143.0,0
1.0,1626.0,80.0,33.0,4.0,1225.0,100.0,0
10.0,4152.0,21.0,208.0,6.0,370.0,60.0,0
0.0,3667.0,272.0,85.0,1.0,754.0,111.0,1
13.0,796.0,233.0,134.0,6.0,370.0,69.0,1
14.0,627.0,221.0,217.0,1.0,1050.0,281.0,1
13.0,685.0,159.0,208.0,5.0,900.0,154.0,0
5.0,1730.0,16.0,54.0,3.0,725.0,69.0,0
5.0,2552.0,277.0,159.0,4.0,1169.0,162.0,0
9.0,18.0,128.0,153.0,1.0,925.0,345.0,0
15.0,1236.0,129.0,75.0,6.0,960.0,60.0,0
12.0,4614.0,79.0,261.0,4.0,625.0,97.0,1
4.0,1517.0,197.0,135.0,7.0,380.0,180.0,0
14.0,2022.0,78.0,35.0,5.0,450.0,84.0,0
14.0,583.0,80.0,217.0,5.0,500.0,172.0,0
10.0,3391.0,283.0,80.0,1.0,365.0,60.0,0
5.0,2650.0,252.0,261.0,5.0,807.0,114.0,1
13.0,982.0,135.0,134.0,1.0,705.0,183.0,1
15.0,779.0,45.0,173.0,3.0,390.0,140.0,1
4.0,529.0,79.0,96.0,5.0,1110.0,215.0,0
12.0,6981.0,280.0,79.0,4.0,824.0,110.0,1
5.0,1117.0,85.0,153.0,5.0,1295.0,267.0,0
1.0,1297.0,80.0,183.0,7.0,345.0,160.0,0
2.0,657.0,217.0,214.0,7.0,1090.0,170.0,1
1.0,161.0,154.0,203.0,4.0,1035.0,360.0,1
5.0,1286.0,209.0,16.0,5.0,883.0,117.0,1
13.0,121.0,208.0,135.0,4.0,925.0,170.0,0
6.0,5287.0,10.0,16.0,3.0,880.0,97.0,1
16.0,2285.0,182.0,58.0,3.0,1037.0,107.0,1
13.0,887.0,253.0,153.0,4.0,1152.0,99.0,0
1.0,1218.0,214.0,80.0,4.0,510.0,225.0,0
3.0,447.0,35.0,277.0,5.0,1075.0,205.0,1
15.0,10.0,129.0,75.0,1.0,510.0,55.0,1
1.0,1925.0,80.0,261.0,4.0,1065.0,170.0,0
12.0,4445.0,33.0,197.0,4.0,783.0,137.0,0
17.0,2901.0,60.0,177.0,6.0,780.0,114.0,0
5.0,1936.0,184.0,85.0,5.0,601.0,70.0,0
15.0,899.0,202.0,79.0,4.0,785.0,140.0,1
16.0,3112.0,58.0,228.0,7.0,1175.0,93.0,1
5.0,1575.0,139.0,16.0,7.0,425.0,115.0,0
1.0,1701.0,80.0,243.0,5.0,845.0,190.0,0
4.0,1408.0,60.0,96.0,5.0,1042.0,127.0,0
17.0,2999.0,134.0,60.0,4.0,565.0,115.0,1
4.0,234.0,252.0,96.0,3.0,1340.0,292.0,1
10.0,4056.0,208.0,71.0,3.0,535.0,75.0,0
15.0,1788.0,279.0,79.0,6.0,450.0,110.0,0
1.0,1004.0,183.0,78.0,4.0,815.0,145.0,1
9.0,119.0,150.0,128.0,6.0,598.0,42.0,0
10.0,3327.0,146.0,80.0,5.0,955.0,95.0,1
13.0,752.0,79.0,45.0,3.0,506.0,204.0,0
1.0,467.0,78.0,208.0,3.0,600.0,130.0,0
12.0,4612.0,2.0,261.0,5.0,783.0,92.0,1
12.0,6641.0,244.0,79.0,6.0,963.0,137.0,0
0.0,3994.0,197.0,240.0,6.0,860.0,50.0,0
10.0,4215.0,33.0,208.0,3.0,930.0,105.0,1
14.0,1792.0,60.0,177.0,3.0,680.0,108.0,1
1.0,1805.0,80.0,217.0,5.0,1235.0,155.0,0
1.0,1173.0,268.0,80.0,5.0,495.0,115.0,0
1.0,1394.0,80.0,104.0,1.0,540.0,155.0,1
15.0,971.0,207.0,258.0,3.0,465.0,70.0,0
15.0,1154.0,243.0,253.0,7.0,495.0,100.0,0
14.0,1797.0,216.0,153.0,7.0,680.0,332.0,0
0.0,3936.0,117.0,85.0,4.0,430.0,80.0,0
5.0,2155.0,16.0,154.0,1.0,1038.0,300.0,0
15.0,509.0,217.0,85.0,4.0,765.0,235.0,1
11.0,6693.0,85.0,251.0,4.0,920.0,87.0,0
11.0,6669.0,18.0,177.0,3.0,970.0,106.0,0
12.0,6225.0,208.0,84.0,7.0,1021.0,74.0,1
15.0,1414.0,131.0,244.0,1.0,420.0,55.0,0
9.0,375.0,128.0,161.0,7.0,1130.0,37.0,0
1.0,1613.0,208.0,253.0,4.0,810.0,280.0,0
1.0,1711.0,35.0,183.0,7.0,330.0,210.0,1
10.0,4694.0,148.0,233.0,3.0,730.0,105.0,0
10.0,4612.0,159.0,233.0,5.0,900.0,110.0,0
16.0,2420.0,58.0,229.0,1.0,710.0,92.0,0
4.0,728.0,96.0,79.0,1.0,885.0,266.0,1
2.0,574.0,214.0,243.0,3.0,1210.0,139.0,0
11.0,6404.0,35.0,78.0,3.0,635.0,108.0,0
6.0,5108.0,101.0,16.0,7.0,751.0,97.0,0
5.0,1411.0,85.0,79.0,3.0,715.0,190.0,0
1.0,2029.0,159.0,183.0,3.0,479.0,195.0,0
15.0,1762.0,202.0,79.0,3.0,370.0,155.0,0
16.0,2347.0,58.0,197.0,3.0,460.0,122.0,0
1.0,879.0,80.0,2.0,1.0,545.0,110.0,0
15.0,40.0,75.0,172.0,3.0,1045.0,90.0,1
13.0,479.0,253.0,252.0,4.0,1215.0,134.0,0
12.0,4726.0,261.0,179.0,4.0,1297.0,102.0,1
6.0,5068.0,146.0,16.0,5.0,543.0,78.0,0
8.0,1155.0,241.0,139.0,6.0,955.0,150.0,0
5.0,1659.0,268.0,16.0,4.0,1007.0,102.0,1
4.0,788.0,135.0,85.0,4.0,610.0,165.0,0
14.0,641.0,217.0,207.0,5.0,525.0,74.0,0
5.0,2522.0,197.0,79.0,3.0,1320.0,124.0,1
4.0,770.0,135.0,253.0,4.0,1250.0,246.0,1
13.0,277.0,173.0,154.0,3.0,1144.0,331.0,0
10.0,2807.0,80.0,109.0,6.0,1095.0,130.0,0
10.0,3330.0,254.0,80.0,7.0,960.0,85.0,1
13.0,634.0,208.0,96.0,4.0,365.0,125.0,0
13.0,234.0,208.0,159.0,3.0,513.0,132.0,0
12.0,4569.0,197.0,99.0,4.0,825.0,62.0,0
17.0,2748.0,217.0,248.0,1.0,667.0,105.0,1
8.0,508.0,159.0,184.0,5.0,823.0,145.0,0
7.0,795.0,79.0,214.0,4.0,760.0,164.0,1
5.0,2343.0,96.0,16.0,1.0,630.0,145.0,0
5.0,303.0,173.0,261.0,3.0,430.0,304.0,0
8.0,641.0,184.0,45.0,7.0,1135.0,114.0,0
6.0,7136.0,134.0,159.0,7.0,498.0,75.0,1
15.0,1296.0,129.0,243.0,5.0,620.0,210.0,0
10.0,4085.0,0.0,208.0,7.0,755.0,140.0,0
16.0,3120.0,135.0,162.0,3.0,790.0,76.0,0
5.0,1287.0,16.0,214.0,7.0,1000.0,324.0,0
14.0,889.0,60.0,138.0,3.0,1210.0,60.0,0
14.0,1774.0,60.0,85.0,5.0,1335.0,98.0,0
10.0,3902.0,208.0,290.0,1.0,540.0,110.0,1
9.0,334.0,128.0,203.0,5.0,915.0,37.0,0
15.0,1170.0,175.0,197.0,4.0,900.0,85.0,1
13.0,630.0,79.0,153.0,3.0,1074.0,122.0,1
8.0,1270.0,76.0,173.0,7.0,400.0,144.0,0
16.0,3026.0,135.0,172.0,1.0,945.0,114.0,0
5.0,45.0,71.0,16.0,4.0,740.0,99.0,0
5.0,2582.0,173.0,22.0,7.0,1100.0,154.0,0
15.0,834.0,104.0,277.0,6.0,520.0,60.0,0
12.0,4681.0,93.0,261.0,6.0,370.0,113.0,0
14.0,1183.0,45.0,60.0,6.0,935.0,88.0,0
15.0,1261.0,79.0,214.0,6.0,785.0,175.0,1
15.0,1169.0,198.0,129.0,3.0,1090.0,75.0,0
3.0,68.0,104.0,148.0,6.0,360.0,160.0,0
1.0,1609.0,96.0,183.0,5.0,835.0,195.0,1
5.0,681.0,16.0,245.0,7.0,893.0,67.0,0
1.0,1210.0,208.0,35.0,7.0,725.0,125.0,0
6.0,5052.0,16.0,201.0,7.0,1241.0,85.0,1
9.0,146.0,128.0,203.0,7.0,520.0,37.0,0
4.0,12.0,128.0,154.0,6.0,1295.0,335.0,0
16.0,3073.0,58.0,119.0,6.0,1080.0,60.0,0
4.0,4.0,198.0,135.0,5.0,925.0,76.0,0
5.0,2960.0,183.0,16.0,1.0,390.0,127.0,1
3.0,433.0,35.0,173.0,3.0,670.0,191.0,1
15.0,2116.0,45.0,213.0,4.0,510.0,155.0,1
8.0,373.0,159.0,16.0,3.0,528.0,162.0,1
12.0,6232.0,100.0,153.0,4.0,365.0,77.0,0
6.0,5178.0,275.0,16.0,7.0,530.0,80.0,0
6.0,5018.0,33.0,177.0,6.0,690.0,72.0,0
5.0,2333.0,197.0,261.0,3.0,1030.0,184.0,0
8.0,894.0,139.0,159.0,6.0,490.0,124.0,0
8.0,1155.0,241.0,139.0,7.0,955.0,150.0,0
10.0,4291.0,208.0,139.0,3.0,970.0,60.0,1
5.0,1183.0,209.0,16.0,5.0,405.0,135.0,0
14.0,621.0,217.0,202.0,5.0,650.0,123.0,0
5.0,1927.0,16.0,104.0,7.0,810.0,112.0,1
10.0,4110.0,174.0,208.0,5.0,450.0,145.0,0
10.0,4099.0,208.0,20.0,5.0,630.0,110.0,0
12.0,4764.0,58.0,71.0,3.0,1115.0,65.0,1
12.0,6436.0,46.0,79.0,6.0,360.0,107.0,0
8.0,1943.0,104.0,16.0,4.0,800.0,119.0,0
7.0,773.0,79.0,153.0,5.0,1095.0,118.0,0
6.0,5067.0,16.0,190.0,3.0,665.0,84.0,1
0.0,3697.0,152.0,85.0,6.0,420.0,63.0,0
8.0,117.0,16.0,277.0,1.0,996.0,79.0,0
5.0,2091.0,16.0,277.0,1.0,665.0,92.0,1
16.0,2668.0,47.0,135.0,5.0,850.0,157.0,0
5.0,1702.0,153.0,16.0,1.0,415.0,225.0,0
15.0,1173.0,217.0,175.0,4.0,970.0,200.0,1
1.0,335.0,159.0,208.0,6.0,900.0,170.0,1
12.0,6290.0,194.0,154.0,3.0,579.0,68.0,0
3.0,662.0,173.0,43.0,4.0,1104.0,149.0,1
4.0,1831.0,213.0,135.0,6.0,390.0,161.0,0
10.0,3728.0,96.0,208.0,1.0,960.0,165.0,1
13.0,442.0,208.0,22.0,1.0,990.0,128.0,0
12.0,6846.0,246.0,253.0,6.0,749.0,80.0,1
14.0,1807.0,221.0,216.0,3.0,425.0,81.0,0
5.0,2472.0,277.0,16.0,6.0,740.0,94.0,1
1.0,1670.0,18.0,208.0,7.0,360.0,165.0,0
1.0,1201.0,208.0,268.0,4.0,910.0,65.0,0
12.0,7803.0,282.0,261.0,4.0,1095.0,56.0,1
12.0,4703.0,261.0,154.0,1.0,1010.0,114.0,0
15.0,242.0,173.0,221.0,4.0,785.0,135.0,0
16.0,2734.0,205.0,135.0,7.0,360.0,142.0,0
12.0,6512.0,227.0,154.0,4.0,377.0,47.0,0
9.0,28.0,128.0,252.0,6.0,1355.0,340.0,0
1.0,1273.0,80.0,236.0,5.0,565.0,220.0,1
12.0,7770.0,255.0,261.0,1.0,531.0,84.0,1
1.0,1362.0,208.0,148.0,5.0,760.0,130.0,0
4.0,146.0,135.0,208.0,5.0,785.0,153.0,1
5.0,1040.0,16.0,198.0,4.0,745.0,95.0,1
1.0,1361.0,132.0,80.0,6.0,385.0,135.0,0
3.0,506.0,104.0,96.0,4.0,810.0,183.0,1
14.0,18.0,252.0,217.0,1.0,1050.0,166.0,1
8.0,892.0,154.0,184.0,3.0,720.0,240.0,0
15.0,1324.0,175.0,277.0,3.0,1115.0,155.0,1
8.0,314.0,16.0,60.0,7.0,966.0,72.0,0
13.0,69.0,79.0,154.0,4.0,635.0,155.0,0
10.0,3277.0,80.0,5.0,3.0,1215.0,40.0,1
6.0,5075.0,16.0,135.0,5.0,548.0,142.0,0
15.0,827.0,91.0,2.0,7.0,895.0,55.0,0
15.0,683.0,87.0,173.0,4.0,530.0,65.0,0
10.0,3925.0,157.0,208.0,7.0,910.0,90.0,1
12.0,6509.0,280.0,154.0,1.0,486.0,95.0,1
7.0,794.0,214.0,79.0,3.0,515.0,143.0,0
15.0,307.0,253.0,154.0,3.0,975.0,75.0,0
17.0,2818.0,100.0,217.0,1.0,975.0,99.0,0
12.0,7811.0,110.0,261.0,1.0,840.0,122.0,0
14.0,910.0,60.0,45.0,4.0,1070.0,79.0,0
13.0,526.0,35.0,253.0,3.0,1218.0,415.0,1
10.0,3395.0,80.0,41.0,5.0,1080.0,75.0,0
5.0,1705.0,134.0,16.0,4.0,460.0,124.0,0
12.0,6370.0,253.0,232.0,6.0,1265.0,91.0,0
14.0,583.0,80.0,217.0,4.0,500.0,172.0,0
10.0,4235.0,208.0,84.0,7.0,570.0,75.0,1
15.0,1098.0,173.0,43.0,5.0,715.0,155.0,1
3.0,1224.0,233.0,35.0,3.0,360.0,101.0,1
17.0,7268.0,54.0,208.0,4.0,429.0,143.0,0
15.0,2010.0,104.0,172.0,1.0,755.0,210.0,1
5.0,2430.0,33.0,85.0,4.0,530.0,100.0,0
0.0,3997.0,187.0,177.0,5.0,375.0,96.0,0
12.0,6902.0,253.0,224.0,7.0,1250.0,108.0,0
16.0,2385.0,38.0,135.0,3.0,1013.0,82.0,0
4.0,1632.0,135.0,159.0,3.0,1060.0,200.0,0
15.0,1741.0,241.0,45.0,5.0,1060.0,140.0,0
16.0,2875.0,58.0,76.0,5.0,1015.0,49.0,0
15.0,840.0,217.0,153.0,5.0,525.0,65.0,0
5.0,2597.0,234.0,16.0,6.0,340.0,109.0,0
10.0,3396.0,170.0,80.0,4.0,430.0,75.0,0
2.0,152.0,211.0,14.0,1.0,895.0,86.0,1
1.0,2473.0,80.0,154.0,3.0,1120.0,200.0,1
12.0,4888.0,65.0,197.0,3.0,360.0,135.0,1
16.0,2201.0,58.0,234.0,5.0,1145.0,75.0,1
16.0,5897.0,273.0,208.0,5.0,722.0,138.0,0
12.0,6508.0,253.0,18.0,1.0,656.0,203.0,1
16.0,5999.0,279.0,208.0,6.0,863.0,113.0,1
11.0,6632.0,78.0,157.0,1.0,959.0,103.0,0
16.0,2691.0,96.0,45.0,3.0,1318.0,62.0,0
5.0,1810.0,80.0,16.0,7.0,1095.0,128.0,1
13.0,675.0,43.0,208.0,4.0,362.0,113.0,0
0.0,3959.0,85.0,175.0,5.0,455.0,87.0,1
6.0,5217.0,16.0,146.0,7.0,805.0,79.0,1
11.0,6586.0,85.0,17.0,1.0,1045.0,88.0,0
13.0,619.0,78.0,208.0,4.0,807.0,127.0,0
15.0,2004.0,79.0,154.0,4.0,880.0,155.0,1
1.0,1827.0,80.0,262.0,7.0,1030.0,225.0,1
14.0,1869.0,60.0,33.0,4.0,1340.0,78.0,0
2.0,67.0,151.0,257.0,1.0,1022.0,55.0,0
14.0,250.0,243.0,217.0,7.0,390.0,84.0,0
12.0,4745.0,261.0,207.0,7.0,672.0,107.0,1
3.0,904.0,148.0,35.0,3.0,774.0,64.0,1
5.0,2020.0,154.0,177.0,1.0,743.0,221.0,1
15.0,1107.0,268.0,173.0,3.0,485.0,140.0,1
10.0,2975.0,80.0,1.0,5.0,975.0,50.0,0
6.0,7107.0,134.0,159.0,3.0,1055.0,85.0,0
12.0,6473.0,140.0,154.0,5.0,865.0,65.0,0
3.0,20.0,277.0,148.0,5.0,365.0,149.0,0
7.0,374.0,79.0,184.0,6.0,905.0,132.0,0
15.0,44.0,172.0,175.0,7.0,1215.0,80.0,0
10.0,3013.0,79.0,154.0,7.0,1185.0,155.0,0
9.0,9.0,154.0,128.0,7.0,1030.0,355.0,0
0.0,4063.0,148.0,221.0,3.0,1230.0,127.0,0
5.0,2726.0,252.0,177.0,4.0,730.0,250.0,0
16.0,2544.0,75.0,135.0,1.0,570.0,65.0,1
0.0,4015.0,221.0,85.0,7.0,1036.0,84.0,1
15.0,1221.0,216.0,221.0,3.0,1040.0,75.0,1
13.0,176.0,208.0,134.0,3.0,964.0,117.0,1
15.0,2785.0,104.0,216.0,5.0,710.0,175.0,0
3.0,231.0,261.0,160.0,6.0,420.0,117.0,0
5.0,2190.0,223.0,16.0,3.0,450.0,79.0,1
16.0,2971.0,96.0,60.0,4.0,487.0,137.0,1
5.0,1453.0,197.0,252.0,6.0,585.0,227.0,0
17.0,1011.0,128.0,203.0,1.0,570.0,35.0,0
1.0,1394.0,80.0,104.0,4.0,540.0,155.0,1
6.0,5517.0,47.0,16.0,4.0,995.0,74.0,1
5.0,1864.0,197.0,78.0,6.0,785.0,141.0,0
4.0,377.0,241.0,96.0,4.0,885.0,164.0,1
12.0,3097.0,205.0,184.0,3.0,667.0,81.0,1
11.0,6463.0,35.0,71.0,5.0,620.0,160.0,0
0.0,4051.0,139.0,177.0,3.0,1060.0,90.0,0
12.0,6524.0,214.0,232.0,4.0,1280.0,38.0,0
13.0,267.0,208.0,79.0,1.0,717.0,158.0,1
12.0,4826.0,99.0,261.0,3.0,390.0,145.0,1
13.0,406.0,28.0,79.0,4.0,822.0,92.0,0
14.0,1011.0,60.0,213.0,5.0,465.0,110.0,1
12.0,4469.0,196.0,261.0,3.0,535.0,82.0,0
15.0,954.0,104.0,147.0,3.0,1155.0,75.0,1
5.0,2799.0,197.0,217.0,5.0,875.0,201.0,1
17.0,2606.0,233.0,60.0,6.0,1185.0,62.0,1
5.0,1922.0,85.0,35.0,1.0,590.0,112.0,1
2.0,885.0,214.0,150.0,6.0,1060.0,370.0,0
14.0,819.0,134.0,60.0,7.0,420.0,87.0,0
15.0,3034.0,79.0,261.0,6.0,440.0,95.0,0
15.0,754.0,153.0,198.0,1.0,1095.0,195.0,1
15.0,3341.0,129.0,175.0,3.0,815.0,145.0,0
14.0,1052.0,60.0,159.0,7.0,545.0,98.0,1
5.0,1803.0,85.0,177.0,3.0,445.0,138.0,0
12.0,4745.0,261.0,207.0,3.0,672.0,107.0,0
16.0,5981.0,208.0,204.0,4.0,715.0,133.0,0
12.0,6411.0,248.0,154.0,3.0,869.0,61.0,0
16.0,5912.0,208.0,43.0,4.0,606.0,86.0,0
15.0,625.0,217.0,79.0,4.0,1255.0,110.0,0
1.0,419.0,35.0,80.0,6.0,385.0,270.0,0
15.0,1528.0,35.0,268.0,6.0,430.0,200.0,1
10.0,3698.0,71.0,183.0,3.0,1160.0,160.0,1
3.0,216.0,160.0,148.0,3.0,1271.0,303.0,0
3.0,32.0,148.0,238.0,5.0,805.0,77.0,0
7.0,226.0,262.0,79.0,4.0,660.0,134.0,0
5.0,2538.0,16.0,78.0,4.0,620.0,114.0,0
5.0,1057.0,172.0,85.0,5.0,1040.0,117.0,0
0.0,3755.0,85.0,240.0,6.0,515.0,109.0,0
8.0,303.0,16.0,79.0,3.0,610.0,215.0,1
1.0,12.0,253.0,148.0,3.0,565.0,334.0,1
9.0,25.0,214.0,128.0,5.0,605.0,365.0,0
15.0,400.0,173.0,175.0,5.0,1090.0,175.0,1
5.0,2258.0,233.0,197.0,4.0,385.0,184.0,0
0.0,3979.0,43.0,148.0,4.0,575.0,100.0,1
5.0,2189.0,216.0,85.0,7.0,980.0,120.0,0
12.0,4692.0,261.0,204.0,5.0,590.0,135.0,0
0.0,4360.0,164.0,197.0,6.0,400.0,82.0,0
15.0,2466.0,202.0,207.0,4.0,1045.0,70.0,1
4.0,463.0,208.0,135.0,4.0,335.0,164.0,0
13.0,27.0,148.0,154.0,4.0,930.0,383.0,1
14.0,2036.0,78.0,35.0,6.0,870.0,85.0,0
13.0,249.0,134.0,208.0,7.0,1023.0,135.0,0
10.0,4230.0,136.0,208.0,4.0,620.0,110.0,1
4.0,234.0,252.0,96.0,5.0,1340.0,292.0,0
0.0,4193.0,71.0,285.0,1.0,980.0,60.0,0
5.0,1213.0,238.0,16.0,7.0,940.0,144.0,1
12.0,3045.0,84.0,184.0,6.0,365.0,66.0,0
9.0,226.0,128.0,203.0,6.0,889.0,39.0,1
16.0,2858.0,165.0,135.0,6.0,460.0,69.0,0
2.0,62.0,151.0,252.0,4.0,818.0,112.0,0
15.0,59.0,258.0,217.0,3.0,670.0,110.0,0
12.0,7030.0,208.0,187.0,1.0,718.0,43.0,1
7.0,100.0,79.0,197.0,6.0,947.0,113.0,0
8.0,779.0,16.0,153.0,7.0,1330.0,284.0,1
15.0,453.0,197.0,175.0,5.0,1105.0,90.0,1
6.0,5373.0,16.0,273.0,7.0,925.0,130.0,0
15.0,1070.0,268.0,175.0,1.0,590.0,60.0,1
5.0,2504.0,245.0,16.0,3.0,390.0,74.0,0
14.0,836.0,216.0,147.0,4.0,1095.0,142.0,0
15.0,882.0,209.0,147.0,7.0,930.0,105.0,1
17.0,2636.0,60.0,74.0,3.0,881.0,93.0,1
8.0,234.0,234.0,16.0,4.0,388.0,107.0,0
8.0,840.0,173.0,16.0,1.0,589.0,92.0,0
2.0,611.0,153.0,252.0,7.0,950.0,162.0,0
4.0,387.0,96.0,264.0,7.0,720.0,369.0,1
12.0,6464.0,253.0,232.0,7.0,765.0,95.0,0
16.0,3005.0,135.0,68.0,1.0,1055.0,59.0,1
8.0,93.0,16.0,233.0,7.0,1092.0,72.0,1
14.0,2136.0,159.0,35.0,3.0,1020.0,72.0,1
15.0,1155.0,172.0,33.0,7.0,775.0,85.0,1
1.0,1192.0,80.0,209.0,3.0,815.0,160.0,1
5.0,345.0,22.0,173.0,7.0,869.0,171.0,1
15.0,3307.0,175.0,243.0,1.0,530.0,275.0,1
12.0,6249.0,154.0,100.0,4.0,1123.0,74.0,0
1.0,1976.0,80.0,139.0,6.0,1175.0,120.0,0
14.0,2172.0,78.0,159.0,5.0,780.0,85.0,1
14.0,1678.0,277.0,78.0,6.0,435.0,125.0,0
10.0,2739.0,80.0,170.0,5.0,1005.0,75.0,0
6.0,5516.0,177.0,288.0,3.0,565.0,95.0,0
15.0,2397.0,75.0,18.0,1.0,805.0,50.0,1
9.0,383.0,143.0,128.0,7.0,673.0,49.0,0
12.0,6731.0,184.0,79.0,4.0,511.0,185.0,0
1.0,616.0,80.0,85.0,1.0,535.0,150.0,0
5.0,2167.0,85.0,208.0,7.0,920.0,81.0,0
15.0,2439.0,79.0,85.0,5.0,1140.0,175.0,1
12.0,6703.0,208.0,177.0,6.0,1240.0,103.0,1
17.0,2935.0,264.0,217.0,3.0,1070.0,81.0,0
12.0,6487.0,280.0,154.0,4.0,888.0,91.0,0
17.0,2859.0,103.0,217.0,1.0,680.0,65.0,0
12.0,4871.0,29.0,261.0,1.0,400.0,121.0,1
5.0,325.0,139.0,85.0,5.0,475.0,81.0,0
1.0,1072.0,91.0,80.0,1.0,990.0,105.0,0
16.0,2772.0,91.0,135.0,1.0,920.0,122.0,0
1.0,1687.0,148.0,183.0,3.0,1199.0,200.0,1
14.0,1153.0,216.0,80.0,6.0,575.0,230.0,0
12.0,6262.0,79.0,164.0,1.0,960.0,78.0,0
15.0,59.0,258.0,217.0,5.0,670.0,110.0,0
17.0,2858.0,103.0,217.0,3.0,540.0,72.0,0
15.0,3133.0,277.0,104.0,3.0,985.0,60.0,1
10.0,4518.0,61.0,159.0,3.0,1115.0,105.0,0
14.0,798.0,173.0,216.0,7.0,1020.0,148.0,1
6.0,5605.0,237.0,16.0,4.0,360.0,86.0,0
2.0,675.0,79.0,252.0,3.0,725.0,172.0,0
15.0,1121.0,61.0,153.0,5.0,905.0,285.0,1
5.0,1199.0,16.0,268.0,4.0,920.0,107.0,0
6.0,5167.0,177.0,158.0,4.0,1160.0,84.0,0
15.0,757.0,91.0,154.0,3.0,755.0,135.0,1
14.0,846.0,60.0,216.0,5.0,785.0,101.0,1
12.0,7770.0,261.0,255.0,4.0,433.0,81.0,1
4.0,1586.0,135.0,173.0,7.0,1130.0,135.0,1
15.0,2934.0,129.0,75.0,6.0,1110.0,60.0,1
15.0,276.0,217.0,79.0,6.0,575.0,110.0,0
1.0,2041.0,78.0,183.0,1.0,500.0,165.0,1
12.0,6537.0,208.0,80.0,6.0,900.0,151.0,1
13.0,415.0,79.0,253.0,1.0,616.0,174.0,1
17.0,2752.0,246.0,217.0,7.0,1135.0,86.0,1
15.0,661.0,175.0,209.0,7.0,780.0,120.0,0
16.0,2472.0,135.0,147.0,5.0,815.0,123.0,0
10.0,4493.0,268.0,148.0,6.0,620.0,155.0,0
5.0,2230.0,267.0,16.0,1.0,500.0,101.0,0
5.0,2244.0,197.0,184.0,5.0,790.0,71.0,1
1.0,1970.0,80.0,33.0,4.0,1090.0,100.0,0
4.0,1692.0,96.0,173.0,3.0,1200.0,176.0,1
6.0,5478.0,16.0,47.0,4.0,1150.0,66.0,0
10.0,4275.0,195.0,208.0,5.0,360.0,55.0,0
15.0,736.0,244.0,129.0,7.0,1015.0,50.0,1
12.0,6940.0,139.0,208.0,1.0,729.0,76.0,1
2.0,658.0,258.0,18.0,5.0,535.0,199.0,0
14.0,1759.0,35.0,216.0,1.0,1050.0,103.0,0
15.0,1870.0,22.0,173.0,6.0,565.0,185.0,0
4.0,1507.0,277.0,135.0,6.0,535.0,136.0,0
8.0,716.0,48.0,173.0,3.0,801.0,145.0,1
3.0,680.0,78.0,35.0,7.0,600.0,80.0,0
5.0,1305.0,85.0,173.0,6.0,600.0,159.0,0
3.0,370.0,104.0,159.0,1.0,360.0,159.0,1
7.0,226.0,262.0,79.0,6.0,660.0,134.0,0
3.0,64.0,277.0,148.0,1.0,585.0,145.0,0
10.0,4288.0,85.0,208.0,7.0,1225.0,80.0,0
16.0,3088.0,135.0,172.0,1.0,580.0,112.0,0
15.0,1699.0,198.0,153.0,6.0,1020.0,240.0,0
15.0,2108.0,33.0,277.0,3.0,965.0,105.0,1
8.0,703.0,16.0,76.0,3.0,992.0,91.0,1
0.0,4211.0,268.0,177.0,3.0,390.0,75.0,0
15.0,805.0,198.0,75.0,3.0,415.0,85.0,0
1.0,1668.0,80.0,279.0,3.0,840.0,60.0,0
15.0,2185.0,172.0,139.0,6.0,1050.0,80.0,0
3.0,583.0,130.0,104.0,1.0,525.0,179.0,0
2.0,603.0,153.0,252.0,7.0,420.0,160.0,0
8.0,485.0,45.0,173.0,6.0,882.0,145.0,0
13.0,365.0,85.0,208.0,7.0,521.0,84.0,0
5.0,159.0,159.0,85.0,5.0,540.0,124.0,0
1.0,2442.0,154.0,80.0,1.0,705.0,190.0,0
15.0,949.0,261.0,202.0,5.0,825.0,125.0,1
5.0,1286.0,209.0,16.0,3.0,883.0,117.0,0
2.0,573.0,243.0,214.0,1.0,400.0,159.0,0
6.0,5182.0,115.0,16.0,7.0,375.0,75.0,0
1.0,253.0,154.0,203.0,6.0,525.0,345.0,0
13.0,756.0,253.0,79.0,7.0,348.0,157.0,0
1.0,392.0,208.0,159.0,1.0,495.0,120.0,1
9.0,382.0,128.0,143.0,4.0,593.0,51.0,0
15.0,281.0,221.0,216.0,4.0,685.0,80.0,0
8.0,761.0,173.0,132.0,7.0,920.0,100.0,0
10.0,4237.0,208.0,195.0,5.0,1065.0,55.0,0
14.0,457.0,217.0,261.0,7.0,670.0,101.0,1
6.0,4992.0,16.0,36.0,5.0,671.0,72.0,0
13.0,914.0,253.0,134.0,4.0,471.0,303.0,0
6.0,5299.0,16.0,91.0,4.0,683.0,209.0,1
14.0,658.0,253.0,216.0,4.0,665.0,315.0,1
12.0,6660.0,154.0,100.0,3.0,980.0,74.0,1
16.0,2475.0,96.0,285.0,1.0,410.0,135.0,0
6.0,5277.0,85.0,147.0,5.0,925.0,144.0,0
15.0,829.0,44.0,153.0,3.0,1015.0,65.0,1
14.0,1427.0,85.0,60.0,4.0,800.0,108.0,0
6.0,5066.0,16.0,121.0,7.0,755.0,53.0,1
1.0,540.0,183.0,85.0,4.0,1150.0,180.0,1
16.0,2443.0,96.0,234.0,5.0,780.0,82.0,0
10.0,4243.0,233.0,208.0,3.0,400.0,140.0,0
15.0,1097.0,173.0,2.0,5.0,845.0,255.0,1
17.0,2887.0,217.0,91.0,7.0,1190.0,76.0,0
5.0,2959.0,197.0,268.0,6.0,1170.0,96.0,1
15.0,2968.0,243.0,202.0,3.0,1165.0,85.0,1
5.0,2454.0,154.0,16.0,5.0,1365.0,252.0,1
8.0,60.0,154.0,16.0,7.0,420.0,250.0,0
6.0,4949.0,146.0,16.0,5.0,677.0,85.0,0
9.0,111.0,143.0,203.0,7.0,504.0,37.0,0
1.0,33.0,148.0,154.0,5.0,475.0,380.0,0
15.0,2793.0,277.0,175.0,4.0,1125.0,165.0,1
15.0,3421.0,61.0,175.0,4.0,660.0,70.0,1
12.0,7774.0,255.0,261.0,7.0,1078.0,77.0,0
10.0,2975.0,80.0,1.0,1.0,975.0,50.0,0
16.0,2066.0,234.0,135.0,4.0,845.0,200.0,0
5.0,1033.0,16.0,198.0,4.0,1220.0,96.0,0
5.0,2573.0,16.0,183.0,7.0,450.0,115.0,0
5.0,2364.0,128.0,154.0,4.0,845.0,325.0,0
13.0,590.0,208.0,22.0,4.0,821.0,129.0,0
4.0,651.0,18.0,96.0,4.0,380.0,205.0,0
7.0,232.0,79.0,33.0,1.0,630.0,150.0,0
14.0,1703.0,228.0,78.0,6.0,370.0,87.0,0
12.0,6981.0,79.0,280.0,4.0,678.0,120.0,0
7.0,619.0,139.0,79.0,3.0,988.0,167.0,1
17.0,2926.0,217.0,246.0,5.0,510.0,94.0,0
1.0,1355.0,35.0,80.0,7.0,440.0,270.0,0
16.0,3046.0,177.0,96.0,4.0,775.0,155.0,0
2.0,181.0,14.0,98.0,5.0,420.0,60.0,0
15.0,431.0,182.0,217.0,1.0,775.0,360.0,0
0.0,4290.0,247.0,16.0,4.0,635.0,118.0,1
15.0,2.0,129.0,75.0,4.0,390.0,55.0,1
14.0,1463.0,104.0,60.0,1.0,895.0,119.0,0
4.0,1030.0,58.0,35.0,4.0,925.0,97.0,1
5.0,2709.0,71.0,104.0,6.0,555.0,153.0,0
12.0,4888.0,197.0,268.0,7.0,425.0,94.0,0
12.0,6888.0,91.0,208.0,7.0,788.0,177.0,0
12.0,4594.0,197.0,65.0,4.0,565.0,126.0,0
15.0,1847.0,175.0,33.0,4.0,480.0,85.0,1
0.0,3803.0,16.0,58.0,7.0,1265.0,108.0,0
10.0,2905.0,80.0,162.0,6.0,930.0,70.0,1
15.0,11.0,243.0,202.0,4.0,940.0,90.0,1
6.0,5072.0,16.0,32.0,4.0,891.0,105.0,1
16.0,2999.0,58.0,184.0,4.0,1260.0,77.0,0
12.0,6451.0,154.0,263.0,3.0,1313.0,55.0,0
3.0,1403.0,18.0,253.0,1.0,501.0,240.0,1
12.0,6290.0,194.0,154.0,1.0,579.0,68.0,0
9.0,344.0,161.0,128.0,1.0,775.0,32.0,1
15.0,2502.0,202.0,153.0,6.0,995.0,85.0,1
9.0,516.0,128.0,203.0,3.0,1300.0,37.0,0
15.0,1964.0,153.0,243.0,4.0,1140.0,65.0,1
17.0,1015.0,150.0,128.0,4.0,765.0,40.0,0
10.0,4414.0,233.0,148.0,4.0,370.0,95.0,0
12.0,6495.0,65.0,154.0,4.0,364.0,161.0,0
16.0,2604.0,135.0,279.0,1.0,885.0,85.0,1
6.0,5343.0,16.0,204.0,1.0,535.0,143.0,0
16.0,2330.0,170.0,135.0,6.0,800.0,84.0,0
15.0,771.0,45.0,153.0,5.0,790.0,330.0,1
6.0,5218.0,273.0,16.0,3.0,345.0,158.0,0
16.0,2110.0,65.0,135.0,7.0,1031.0,129.0,1
12.0,6284.0,154.0,144.0,4.0,1352.0,59.0,0
15.0,738.0,217.0,33.0,4.0,620.0,195.0,0
4.0,1678.0,244.0,135.0,6.0,1037.0,63.0,0
12.0,4487.0,261.0,252.0,4.0,585.0,135.0,0
15.0,2806.0,205.0,153.0,6.0,560.0,190.0,1
6.0,4992.0,36.0,16.0,7.0,770.0,79.0,0
5.0,79.0,148.0,173.0,6.0,985.0,191.0,1
13.0,683.0,159.0,208.0,4.0,838.0,158.0,0
15.0,1686.0,277.0,27.0,7.0,1160.0,85.0,1
12.0,6859.0,214.0,79.0,4.0,1052.0,149.0,1
6.0,5073.0,157.0,16.0,5.0,435.0,91.0,0
13.0,132.0,208.0,233.0,3.0,855.0,116.0,0
5.0,2605.0,197.0,253.0,4.0,1045.0,251.0,1
8.0,668.0,130.0,16.0,5.0,1109.0,150.0,0
14.0,1433.0,60.0,154.0,3.0,600.0,331.0,0
1.0,501.0,27.0,80.0,5.0,415.0,130.0,0
6.0,5275.0,101.0,16.0,5.0,360.0,86.0,0
6.0,7332.0,16.0,33.0,1.0,1050.0,68.0,1
16.0,2576.0,135.0,27.0,1.0,660.0,98.0,0
5.0,1924.0,16.0,45.0,3.0,1290.0,113.0,0
6.0,5016.0,256.0,16.0,6.0,606.0,104.0,0
15.0,2620.0,258.0,217.0,1.0,1000.0,110.0,1
1.0,1878.0,80.0,204.0,5.0,735.0,55.0,0
13.0,510.0,153.0,253.0,7.0,360.0,94.0,1
8.0,465.0,45.0,16.0,1.0,565.0,122.0,0
13.0,288.0,208.0,173.0,1.0,840.0,163.0,1
15.0,1587.0,175.0,217.0,4.0,1030.0,240.0,1
5.0,2757.0,253.0,154.0,3.0,838.0,84.0,0
0.0,3673.0,117.0,85.0,5.0,615.0,80.0,0
15.0,3334.0,258.0,264.0,5.0,1250.0,75.0,1
8.0,806.0,35.0,45.0,1.0,390.0,90.0,0
4.0,1869.0,253.0,135.0,3.0,1050.0,209.0,0
0.0,3991.0,85.0,175.0,3.0,750.0,73.0,0
12.0,6228.0,91.0,79.0,3.0,453.0,116.0,0
13.0,876.0,252.0,79.0,1.0,683.0,152.0,0
8.0,1072.0,48.0,277.0,7.0,520.0,151.0,0
16.0,2238.0,58.0,121.0,1.0,545.0,90.0,1
16.0,2340.0,58.0,12.0,5.0,915.0,74.0,1
13.0,465.0,277.0,79.0,4.0,1115.0,246.0,0
10.0,3276.0,84.0,80.0,6.0,905.0,120.0,0
12.0,6242.0,205.0,79.0,1.0,801.0,96.0,0
10.0,2992.0,73.0,80.0,5.0,745.0,115.0,1
17.0,1054.0,161.0,203.0,6.0,740.0,45.0,0
5.0,2100.0,16.0,35.0,3.0,830.0,150.0,0
12.0,6437.0,163.0,214.0,5.0,548.0,82.0,1
5.0,2380.0,147.0,16.0,5.0,637.0,75.0,0
15.0,2842.0,104.0,277.0,6.0,1055.0,60.0,1
17.0,1011.0,150.0,128.0,7.0,505.0,40.0,1
15.0,2610.0,243.0,175.0,3.0,1020.0,235.0,1
0.0,3972.0,247.0,85.0,4.0,690.0,68.0,0
1.0,1293.0,76.0,80.0,3.0,1115.0,165.0,0
15.0,660.0,261.0,79.0,5.0,900.0,85.0,1
13.0,292.0,253.0,173.0,1.0,808.0,315.0,1
6.0,5281.0,16.0,48.0,4.0,1220.0,98.0,0
6.0,5185.0,245.0,16.0,4.0,690.0,70.0,1
10.0,3236.0,118.0,80.0,1.0,730.0,50.0,0
15.0,3056.0,182.0,45.0,3.0,1140.0,95.0,0
15.0,3408.0,153.0,280.0,3.0,1180.0,70.0,1
13.0,25.0,148.0,154.0,3.0,1091.0,383.0,1
15.0,3669.0,44.0,262.0,3.0,1265.0,75.0,1
5.0,2604.0,154.0,261.0,3.0,984.0,111.0,1
13.0,272.0,253.0,154.0,4.0,442.0,92.0,0
5.0,1678.0,16.0,177.0,5.0,960.0,87.0,0
14.0,1538.0,252.0,60.0,3.0,810.0,281.0,0
15.0,526.0,44.0,202.0,3.0,955.0,70.0,1
12.0,6610.0,79.0,114.0,7.0,854.0,52.0,0
6.0,5354.0,201.0,16.0,4.0,704.0,95.0,0
10.0,4451.0,233.0,78.0,4.0,670.0,60.0,0
6.0,7127.0,134.0,132.0,3.0,1014.0,120.0,0
10.0,3346.0,251.0,80.0,3.0,725.0,150.0,0
15.0,1081.0,173.0,129.0,6.0,690.0,160.0,0
1.0,17.0,148.0,253.0,6.0,1165.0,400.0,0
13.0,228.0,79.0,80.0,1.0,493.0,119.0,0
17.0,2840.0,292.0,217.0,6.0,525.0,74.0,0
13.0,42.0,128.0,79.0,6.0,1380.0,423.0,0
10.0,2935.0,195.0,80.0,6.0,390.0,160.0,1
12.0,6841.0,204.0,208.0,4.0,1098.0,122.0,0
1.0,1281.0,35.0,80.0,1.0,925.0,265.0,1
15.0,552.0,45.0,209.0,6.0,990.0,50.0,1
1.0,1167.0,233.0,80.0,7.0,465.0,195.0,0
11.0,6768.0,157.0,85.0,4.0,675.0,89.0,0
15.0,1121.0,61.0,153.0,1.0,905.0,285.0,1
8.0,92.0,233.0,16.0,3.0,648.0,83.0,1
15.0,1122.0,79.0,202.0,3.0,515.0,175.0,1
3.0,1401.0,104.0,18.0,7.0,941.0,189.0,1
16.0,3074.0,96.0,228.0,7.0,515.0,65.0,1
16.0,2105.0,135.0,119.0,3.0,770.0,148.0,0
5.0,1986.0,16.0,159.0,3.0,700.0,135.0,0
12.0,6380.0,34.0,253.0,5.0,884.0,105.0,0
15.0,970.0,213.0,216.0,3.0,650.0,165.0,1
5.0,2395.0,213.0,159.0,1.0,684.0,176.0,1
15.0,760.0,154.0,91.0,4.0,845.0,110.0,1
17.0,7279.0,16.0,208.0,5.0,1025.0,132.0,0
5.0,2703.0,71.0,173.0,5.0,985.0,128.0,1
16.0,2438.0,58.0,12.0,4.0,505.0,70.0,0
11.0,6724.0,71.0,85.0,6.0,460.0,86.0,1
13.0,135.0,208.0,214.0,1.0,480.0,279.0,0
17.0,2980.0,217.0,205.0,7.0,805.0,159.0,0
17.0,2714.0,100.0,217.0,3.0,723.0,96.0,0
10.0,2902.0,80.0,242.0,5.0,655.0,110.0,0
13.0,201.0,134.0,252.0,7.0,502.0,354.0,0
9.0,21.0,252.0,128.0,7.0,560.0,375.0,0
0.0,3784.0,177.0,66.0,5.0,1185.0,78.0,1
13.0,605.0,78.0,208.0,5.0,465.0,132.0,0
5.0,2146.0,198.0,16.0,3.0,525.0,85.0,0
11.0,6622.0,177.0,208.0,4.0,1175.0,109.0,0
15.0,827.0,2.0,79.0,7.0,980.0,80.0,0
5.0,379.0,43.0,16.0,6.0,817.0,136.0,0
6.0,5278.0,27.0,16.0,6.0,900.0,64.0,0
5.0,1604.0,261.0,33.0,3.0,1030.0,193.0,0
10.0,3704.0,91.0,208.0,6.0,400.0,175.0,0
16.0,2939.0,96.0,147.0,7.0,1205.0,164.0,1
15.0,1128.0,33.0,18.0,4.0,1070.0,140.0,0
13.0,622.0,208.0,78.0,1.0,1025.0,111.0,0
8.0,345.0,216.0,16.0,1.0,832.0,138.0,0
6.0,7081.0,76.0,134.0,5.0,873.0,86.0,1
10.0,3311.0,80.0,266.0,3.0,495.0,50.0,1
15.0,1525.0,202.0,252.0,3.0,950.0,125.0,1
1.0,419.0,35.0,80.0,5.0,385.0,270.0,1
12.0,6574.0,232.0,79.0,3.0,688.0,136.0,1
5.0,2409.0,261.0,153.0,4.0,580.0,90.0,1
15.0,1975.0,258.0,264.0,6.0,1200.0,75.0,1
12.0,4468.0,177.0,184.0,7.0,1150.0,106.0,1
2.0,854.0,161.0,252.0,3.0,540.0,329.0,0
1.0,860.0,183.0,148.0,5.0,1045.0,185.0,1
15.0,197.0,154.0,45.0,6.0,660.0,290.0,1
1.0,2493.0,22.0,80.0,5.0,1055.0,255.0,0
3.0,1104.0,233.0,148.0,4.0,700.0,83.0,0
15.0,48.0,233.0,173.0,3.0,820.0,105.0,1
14.0,2123.0,35.0,159.0,3.0,600.0,79.0,0
1.0,1920.0,154.0,253.0,4.0,460.0,80.0,0
2.0,601.0,153.0,252.0,3.0,645.0,160.0,0
15.0,4.0,217.0,253.0,5.0,680.0,140.0,1
15.0,249.0,258.0,154.0,3.0,390.0,75.0,1
15.0,2866.0,172.0,173.0,6.0,1040.0,160.0,0
15.0,519.0,154.0,2.0,7.0,1130.0,105.0,1
6.0,5515.0,157.0,177.0,6.0,740.0,87.0,1
13.0,641.0,45.0,208.0,4.0,540.0,135.0,0
15.0,709.0,2.0,202.0,7.0,860.0,155.0,1
13.0,972.0,253.0,208.0,5.0,604.0,256.0,0
1.0,485.0,208.0,279.0,7.0,1235.0,115.0,0
6.0,5402.0,147.0,85.0,7.0,720.0,150.0,1
5.0,1709.0,197.0,79.0,3.0,435.0,135.0,0
16.0,2181.0,16.0,135.0,1.0,655.0,140.0,0
11.0,6468.0,148.0,35.0,5.0,1135.0,95.0,0
15.0,962.0,79.0,261.0,5.0,1085.0,90.0,1
12.0,4788.0,268.0,197.0,1.0,755.0,97.0,1
6.0,5317.0,16.0,27.0,4.0,810.0,54.0,0
12.0,7052.0,83.0,79.0,4.0,362.0,76.0,0
0.0,4049.0,16.0,121.0,4.0,1235.0,65.0,0
12.0,6281.0,251.0,208.0,7.0,917.0,89.0,0
1.0,1103.0,208.0,268.0,4.0,590.0,65.0,0
10.0,3933.0,136.0,208.0,5.0,1025.0,120.0,1
16.0,2611.0,251.0,135.0,5.0,1125.0,144.0,1
15.0,2196.0,104.0,129.0,6.0,755.0,175.0,0
12.0,6466.0,144.0,154.0,7.0,300.0,53.0,0
5.0,2126.0,104.0,16.0,7.0,685.0,115.0,0
5.0,1725.0,45.0,16.0,7.0,435.0,131.0,0
15.0,3047.0,264.0,153.0,4.0,915.0,65.0,1
11.0,6313.0,119.0,71.0,3.0,690.0,71.0,0
6.0,5010.0,16.0,201.0,3.0,1002.0,82.0,0
2.0,730.0,252.0,135.0,7.0,680.0,250.0,0
11.0,6603.0,82.0,197.0,4.0,757.0,63.0,0
15.0,1847.0,33.0,277.0,3.0,585.0,105.0,1
16.0,2496.0,135.0,251.0,3.0,990.0,125.0,0
1.0,1558.0,80.0,279.0,6.0,655.0,60.0,0
11.0,6482.0,205.0,71.0,1.0,915.0,111.0,0
0.0,3688.0,16.0,12.0,3.0,1235.0,140.0,0
15.0,3164.0,22.0,173.0,6.0,855.0,185.0,1
6.0,7387.0,71.0,268.0,3.0,970.0,89.0,0
0.0,4044.0,85.0,174.0,1.0,840.0,92.0,0
5.0,2918.0,173.0,16.0,5.0,1230.0,96.0,1
10.0,4368.0,208.0,71.0,7.0,875.0,70.0,0
15.0,3312.0,75.0,172.0,5.0,460.0,90.0,0
10.0,3933.0,136.0,208.0,3.0,1025.0,120.0,1
15.0,1923.0,280.0,2.0,4.0,910.0,60.0,0
10.0,2829.0,80.0,223.0,6.0,715.0,100.0,0
17.0,7282.0,54.0,208.0,6.0,771.0,142.0,1
6.0,5405.0,22.0,78.0,7.0,1080.0,83.0,0
15.0,657.0,214.0,236.0,1.0,1075.0,75.0,0
15.0,1198.0,217.0,243.0,7.0,755.0,70.0,1
12.0,6617.0,204.0,79.0,3.0,585.0,106.0,0
2.0,881.0,202.0,203.0,5.0,465.0,334.0,0
2.0,347.0,202.0,252.0,4.0,420.0,120.0,0
13.0,6.0,253.0,148.0,3.0,425.0,335.0,0
15.0,2716.0,175.0,134.0,5.0,420.0,105.0,1
14.0,683.0,261.0,217.0,6.0,815.0,95.0,0
4.0,1433.0,159.0,135.0,5.0,1020.0,243.0,1
10.0,4668.0,16.0,159.0,3.0,690.0,135.0,1
12.0,4591.0,261.0,244.0,6.0,595.0,165.0,0
13.0,550.0,253.0,243.0,3.0,630.0,96.0,1
5.0,2632.0,261.0,145.0,5.0,684.0,65.0,0
6.0,7072.0,134.0,221.0,6.0,960.0,63.0,0
5.0,1666.0,16.0,223.0,4.0,900.0,75.0,0
15.0,2202.0,104.0,141.0,6.0,1130.0,165.0,1
1.0,1798.0,154.0,253.0,6.0,1145.0,85.0,1
15.0,516.0,45.0,85.0,6.0,1015.0,95.0,1
13.0,882.0,208.0,35.0,3.0,965.0,138.0,1
15.0,1333.0,45.0,162.0,3.0,875.0,165.0,1
5.0,2011.0,16.0,80.0,3.0,957.0,148.0,0
12.0,6985.0,79.0,230.0,6.0,1153.0,62.0,0
13.0,890.0,154.0,148.0,5.0,830.0,333.0,0
8.0,794.0,268.0,16.0,1.0,1035.0,96.0,1
15.0,753.0,175.0,241.0,6.0,740.0,175.0,1
5.0,1444.0,85.0,78.0,5.0,445.0,103.0,0
2.0,568.0,214.0,154.0,7.0,1070.0,135.0,1
1.0,2368.0,80.0,208.0,4.0,1090.0,140.0,0
12.0,6615.0,122.0,79.0,4.0,824.0,112.0,1
1.0,1629.0,234.0,80.0,7.0,420.0,215.0,0
0.0,4261.0,197.0,112.0,7.0,690.0,70.0,1
15.0,1106.0,202.0,214.0,3.0,740.0,100.0,1
14.0,1095.0,233.0,216.0,4.0,940.0,98.0,1
1.0,2206.0,80.0,134.0,1.0,1040.0,160.0,0
5.0,2004.0,104.0,85.0,6.0,740.0,187.0,1
15.0,1685.0,214.0,258.0,7.0,1100.0,105.0,1
7.0,367.0,184.0,79.0,6.0,640.0,155.0,0
15.0,1103.0,217.0,153.0,7.0,495.0,65.0,0
3.0,101.0,43.0,148.0,7.0,1180.0,87.0,0
2.0,224.0,214.0,253.0,1.0,480.0,117.0,1
15.0,3596.0,173.0,182.0,1.0,540.0,170.0,0
12.0,6989.0,79.0,65.0,6.0,1084.0,35.0,1
15.0,244.0,154.0,253.0,5.0,1070.0,75.0,0
2.0,106.0,14.0,252.0,7.0,1350.0,202.0,0
15.0,2472.0,277.0,213.0,6.0,1150.0,55.0,0
0.0,4171.0,90.0,85.0,6.0,735.0,86.0,0
15.0,1992.0,75.0,244.0,4.0,425.0,65.0,1
15.0,1180.0,207.0,217.0,4.0,960.0,75.0,1
16.0,2993.0,96.0,197.0,3.0,700.0,186.0,0
12.0,4648.0,111.0,261.0,3.0,1095.0,92.0,1
16.0,2766.0,158.0,135.0,7.0,964.0,64.0,1
16.0,2269.0,116.0,135.0,7.0,535.0,79.0,0
1.0,620.0,91.0,80.0,4.0,640.0,105.0,0
15.0,1451.0,204.0,129.0,7.0,530.0,85.0,0
16.0,5907.0,208.0,136.0,7.0,1260.0,116.0,0
13.0,742.0,252.0,79.0,4.0,1025.0,160.0,0
16.0,3064.0,54.0,96.0,7.0,740.0,118.0,1
5.0,1765.0,148.0,253.0,4.0,615.0,387.0,0
15.0,940.0,33.0,175.0,3.0,510.0,90.0,0
1.0,2404.0,153.0,154.0,4.0,540.0,65.0,0
12.0,6824.0,253.0,231.0,6.0,950.0,63.0,1
16.0,2614.0,61.0,96.0,1.0,360.0,97.0,1
6.0,5608.0,115.0,16.0,7.0,757.0,86.0,0
1.0,32.0,154.0,148.0,1.0,825.0,320.0,0
5.0,1768.0,154.0,197.0,7.0,30.0,214.0,1
15.0,533.0,129.0,153.0,4.0,405.0,205.0,0
16.0,2340.0,58.0,12.0,3.0,915.0,74.0,1
15.0,3131.0,18.0,175.0,6.0,880.0,155.0,0
12.0,7759.0,261.0,89.0,3.0,470.0,65.0,1
15.0,3339.0,261.0,154.0,5.0,1085.0,115.0,1
10.0,3329.0,80.0,38.0,7.0,625.0,95.0,0
15.0,1959.0,175.0,12.0,6.0,1015.0,115.0,1
16.0,2584.0,16.0,96.0,7.0,1020.0,137.0,1
16.0,2584.0,16.0,96.0,3.0,1020.0,137.0,0
10.0,4174.0,43.0,208.0,7.0,390.0,120.0,1
11.0,6550.0,78.0,148.0,1.0,535.0,84.0,0
14.0,517.0,207.0,217.0,3.0,990.0,77.0,0
15.0,429.0,175.0,22.0,4.0,1230.0,120.0,0
14.0,1634.0,277.0,60.0,1.0,720.0,100.0,0
1.0,1625.0,260.0,80.0,3.0,510.0,325.0,0
6.0,5536.0,256.0,177.0,5.0,1020.0,65.0,0
14.0,308.0,16.0,60.0,4.0,430.0,75.0,0
8.0,807.0,45.0,35.0,5.0,510.0,79.0,0
15.0,2759.0,217.0,85.0,6.0,815.0,235.0,1
10.0,3945.0,208.0,221.0,7.0,1240.0,90.0,0
16.0,2271.0,172.0,135.0,4.0,1022.0,119.0,0
10.0,4377.0,35.0,148.0,5.0,545.0,80.0,0
16.0,2396.0,96.0,85.0,3.0,1035.0,125.0,0
13.0,806.0,154.0,253.0,7.0,847.0,82.0,0
8.0,550.0,16.0,43.0,5.0,915.0,123.0,0
1.0,1885.0,80.0,100.0,6.0,660.0,215.0,1
4.0,784.0,96.0,214.0,5.0,1020.0,376.0,0
11.0,6565.0,71.0,147.0,3.0,1235.0,115.0,0
6.0,5307.0,16.0,129.0,6.0,831.0,136.0,0
12.0,6586.0,227.0,79.0,7.0,360.0,128.0,0
14.0,2132.0,159.0,35.0,1.0,900.0,72.0,0
1.0,1293.0,76.0,80.0,5.0,1115.0,165.0,0
10.0,4447.0,148.0,78.0,3.0,1240.0,80.0,0
0.0,3850.0,85.0,221.0,7.0,445.0,68.0,1
1.0,1183.0,80.0,204.0,7.0,1370.0,50.0,0
10.0,3943.0,208.0,279.0,3.0,520.0,120.0,1
12.0,6438.0,114.0,79.0,1.0,378.0,60.0,0
5.0,2720.0,208.0,85.0,6.0,981.0,84.0,1
13.0,209.0,134.0,154.0,4.0,890.0,351.0,0
10.0,3625.0,183.0,223.0,7.0,1235.0,105.0,0
11.0,6446.0,216.0,148.0,7.0,805.0,60.0,0
16.0,5990.0,208.0,164.0,5.0,754.0,99.0,0
14.0,650.0,253.0,216.0,3.0,510.0,315.0,0
9.0,39.0,214.0,203.0,7.0,525.0,355.0,0
5.0,2364.0,128.0,154.0,7.0,845.0,325.0,0
4.0,201.0,96.0,104.0,1.0,1050.0,184.0,0
15.0,2379.0,207.0,262.0,5.0,680.0,80.0,1
16.0,2671.0,22.0,96.0,3.0,633.0,57.0,1
14.0,1252.0,147.0,78.0,5.0,450.0,103.0,0
3.0,610.0,147.0,148.0,7.0,385.0,129.0,0
16.0,2010.0,135.0,251.0,6.0,815.0,121.0,0
4.0,193.0,173.0,96.0,4.0,395.0,150.0,0
0.0,3758.0,85.0,187.0,4.0,915.0,88.0,1
1.0,2274.0,80.0,279.0,1.0,1045.0,60.0,0
6.0,5576.0,16.0,146.0,4.0,1041.0,85.0,1
5.0,2317.0,85.0,153.0,7.0,715.0,272.0,1
16.0,5978.0,237.0,134.0,6.0,816.0,72.0,1
14.0,1565.0,216.0,104.0,7.0,1105.0,179.0,0
15.0,3494.0,154.0,261.0,4.0,485.0,105.0,1
12.0,4644.0,197.0,112.0,4.0,550.0,75.0,0
2.0,474.0,252.0,154.0,3.0,1055.0,157.0,0
15.0,3508.0,253.0,217.0,5.0,965.0,115.0,1
15.0,2452.0,243.0,280.0,6.0,585.0,70.0,0
16.0,2824.0,135.0,27.0,1.0,775.0,93.0,1
5.0,2194.0,213.0,16.0,3.0,475.0,121.0,0
15.0,1382.0,236.0,153.0,3.0,455.0,80.0,1
15.0,1888.0,12.0,175.0,6.0,930.0,140.0,1
1.0,2352.0,80.0,208.0,1.0,845.0,135.0,1
12.0,6298.0,253.0,80.0,3.0,1082.0,202.0,1
15.0,710.0,258.0,18.0,3.0,1100.0,200.0,0
8.0,251.0,16.0,106.0,5.0,1325.0,122.0,0
12.0,4611.0,261.0,253.0,5.0,510.0,133.0,1
6.0,5236.0,288.0,177.0,4.0,685.0,93.0,0
15.0,856.0,129.0,79.0,4.0,850.0,150.0,1
16.0,2916.0,135.0,205.0,3.0,545.0,129.0,0
3.0,94.0,202.0,148.0,1.0,460.0,322.0,0
4.0,1139.0,96.0,80.0,6.0,1080.0,234.0,0
15.0,3425.0,91.0,75.0,4.0,985.0,95.0,1
15.0,1921.0,33.0,233.0,4.0,645.0,80.0,0
8.0,850.0,97.0,173.0,4.0,785.0,65.0,0
11.0,6341.0,85.0,17.0,1.0,545.0,97.0,0
16.0,2262.0,205.0,135.0,1.0,1085.0,139.0,0
14.0,245.0,104.0,217.0,5.0,420.0,315.0,0
15.0,47.0,204.0,75.0,5.0,1000.0,55.0,0
12.0,4493.0,261.0,46.0,7.0,685.0,80.0,0
17.0,7307.0,54.0,134.0,3.0,876.0,91.0,1
4.0,1105.0,35.0,96.0,4.0,998.0,92.0,0
5.0,1637.0,45.0,85.0,3.0,1110.0,104.0,0
10.0,4077.0,0.0,208.0,3.0,365.0,140.0,0
7.0,426.0,79.0,16.0,3.0,1145.0,164.0,0
6.0,5279.0,85.0,146.0,3.0,834.0,136.0,0
8.0,911.0,215.0,16.0,3.0,1181.0,114.0,1
5.0,1151.0,197.0,253.0,7.0,855.0,250.0,1
6.0,7075.0,85.0,134.0,4.0,360.0,90.0,0
5.0,2394.0,16.0,216.0,5.0,1065.0,127.0,0
0.0,4253.0,233.0,268.0,4.0,930.0,140.0,0
15.0,607.0,173.0,209.0,5.0,490.0,110.0,1
6.0,5573.0,16.0,290.0,3.0,905.0,122.0,0
17.0,7238.0,208.0,147.0,6.0,360.0,135.0,0
1.0,2445.0,80.0,154.0,5.0,855.0,210.0,0
1.0,1871.0,213.0,80.0,5.0,475.0,190.0,1
5.0,1597.0,197.0,258.0,5.0,545.0,255.0,0
3.0,1324.0,45.0,35.0,1.0,730.0,76.0,0
11.0,6481.0,33.0,177.0,7.0,1025.0,66.0,0
5.0,1126.0,16.0,76.0,1.0,841.0,92.0,1
13.0,386.0,252.0,79.0,5.0,427.0,168.0,0
1.0,593.0,208.0,217.0,5.0,965.0,235.0,0
9.0,148.0,128.0,150.0,5.0,776.0,43.0,0
15.0,738.0,33.0,175.0,7.0,905.0,90.0,0
5.0,2801.0,45.0,197.0,4.0,865.0,166.0,0
7.0,328.0,184.0,35.0,5.0,822.0,133.0,0
15.0,1311.0,61.0,277.0,7.0,450.0,135.0,0
1.0,1.0,148.0,154.0,5.0,550.0,385.0,0
12.0,7026.0,100.0,154.0,3.0,909.0,71.0,1
15.0,453.0,175.0,43.0,3.0,1230.0,85.0,1
3.0,746.0,260.0,173.0,6.0,980.0,187.0,0
12.0,6529.0,208.0,195.0,5.0,825.0,47.0,1
15.0,1599.0,129.0,79.0,4.0,1155.0,155.0,0
15.0,856.0,79.0,253.0,3.0,965.0,165.0,1
10.0,2856.0,288.0,80.0,3.0,770.0,135.0,0
16.0,5916.0,208.0,48.0,3.0,1280.0,70.0,0
1.0,554.0,253.0,208.0,4.0,855.0,260.0,0
3.0,496.0,79.0,35.0,5.0,655.0,223.0,0
13.0,123.0,208.0,154.0,3.0,920.0,281.0,0
3.0,704.0,260.0,148.0,6.0,685.0,243.0,0
8.0,483.0,45.0,173.0,7.0,1305.0,141.0,0
14.0,1198.0,213.0,78.0,4.0,720.0,132.0,0
2.0,622.0,214.0,153.0,6.0,810.0,129.0,0
15.0,817.0,217.0,44.0,3.0,440.0,85.0,1
14.0,704.0,217.0,60.0,5.0,800.0,234.0,1
4.0,1176.0,208.0,96.0,3.0,539.0,120.0,1
15.0,1967.0,13.0,153.0,6.0,855.0,135.0,1
1.0,1215.0,78.0,80.0,6.0,360.0,210.0,0
0.0,3810.0,84.0,85.0,5.0,1070.0,114.0,1
10.0,4182.0,208.0,0.0,6.0,540.0,115.0,0
2.0,493.0,243.0,252.0,6.0,390.0,183.0,0
5.0,2103.0,16.0,153.0,6.0,580.0,282.0,0
15.0,3307.0,175.0,243.0,4.0,530.0,275.0,1
0.0,3946.0,195.0,177.0,6.0,375.0,118.0,0
10.0,2934.0,157.0,80.0,7.0,745.0,150.0,0
15.0,16.0,75.0,13.0,4.0,680.0,70.0,1
5.0,1813.0,16.0,268.0,6.0,520.0,114.0,0
11.0,6751.0,78.0,148.0,5.0,975.0,88.0,0
15.0,511.0,175.0,35.0,5.0,985.0,140.0,0
4.0,1701.0,96.0,104.0,4.0,410.0,178.0,0
12.0,6442.0,227.0,154.0,4.0,555.0,47.0,0
10.0,4221.0,117.0,208.0,3.0,1115.0,75.0,0
12.0,6696.0,79.0,199.0,4.0,877.0,55.0,0
5.0,1419.0,85.0,154.0,5.0,515.0,305.0,1
16.0,5907.0,208.0,136.0,5.0,1250.0,116.0,0
10.0,4536.0,233.0,78.0,4.0,1080.0,60.0,0
15.0,960.0,228.0,175.0,3.0,1005.0,165.0,1
1.0,417.0,33.0,80.0,5.0,1170.0,125.0,0
11.0,6443.0,22.0,71.0,4.0,804.0,146.0,0
1.0,1831.0,183.0,277.0,3.0,1335.0,60.0,0
12.0,6824.0,253.0,231.0,5.0,953.0,69.0,1
13.0,201.0,134.0,252.0,1.0,497.0,358.0,0
5.0,1573.0,159.0,177.0,6.0,655.0,181.0,0
3.0,115.0,148.0,198.0,5.0,1248.0,211.0,0
13.0,543.0,35.0,208.0,4.0,1045.0,172.0,0
13.0,467.0,79.0,258.0,4.0,1292.0,164.0,0
15.0,1240.0,175.0,221.0,7.0,1175.0,80.0,0
14.0,621.0,277.0,217.0,3.0,435.0,288.0,1
0.0,4088.0,71.0,234.0,7.0,680.0,87.0,1
0.0,4019.0,177.0,139.0,7.0,1135.0,82.0,1
12.0,6580.0,253.0,179.0,1.0,699.0,101.0,1
1.0,630.0,173.0,148.0,5.0,720.0,150.0,0
16.0,2691.0,96.0,45.0,6.0,1310.0,62.0,0
12.0,6825.0,253.0,231.0,7.0,1296.0,69.0,1
10.0,2707.0,80.0,165.0,7.0,825.0,85.0,0
15.0,28.0,172.0,175.0,1.0,975.0,85.0,1
5.0,2223.0,14.0,261.0,1.0,85.0,270.0,1
15.0,2752.0,129.0,131.0,7.0,650.0,60.0,0
16.0,2475.0,285.0,135.0,5.0,570.0,140.0,1
16.0,2046.0,10.0,135.0,1.0,375.0,62.0,0
12.0,6579.0,15.0,79.0,5.0,947.0,48.0,0
15.0,2026.0,258.0,264.0,5.0,660.0,75.0,1
12.0,6537.0,185.0,208.0,7.0,1227.0,53.0,1
5.0,1245.0,85.0,139.0,5.0,1050.0,70.0,1
12.0,6464.0,253.0,232.0,1.0,769.0,95.0,0
2.0,574.0,214.0,243.0,6.0,1210.0,139.0,0
15.0,1466.0,58.0,175.0,1.0,875.0,75.0,1
13.0,292.0,253.0,173.0,3.0,808.0,315.0,0
2.0,324.0,252.0,258.0,7.0,570.0,131.0,0
5.0,2798.0,16.0,229.0,5.0,875.0,149.0,0
1.0,1512.0,208.0,78.0,1.0,1100.0,105.0,0
10.0,2882.0,155.0,80.0,5.0,1205.0,65.0,0
0.0,4308.0,85.0,234.0,1.0,845.0,106.0,0
15.0,947.0,253.0,217.0,3.0,1200.0,110.0,1
10.0,4616.0,233.0,159.0,1.0,490.0,90.0,0
15.0,748.0,129.0,173.0,3.0,880.0,130.0,1
1.0,501.0,80.0,217.0,6.0,595.0,160.0,0
16.0,2565.0,60.0,135.0,7.0,1105.0,175.0,0
7.0,367.0,184.0,79.0,7.0,640.0,155.0,0
16.0,2991.0,162.0,135.0,7.0,742.0,82.0,0
8.0,191.0,78.0,16.0,4.0,600.0,120.0,0
13.0,719.0,35.0,208.0,5.0,977.0,168.0,0
15.0,1121.0,173.0,45.0,1.0,640.0,125.0,1
15.0,863.0,198.0,129.0,3.0,385.0,75.0,0
15.0,437.0,251.0,175.0,7.0,660.0,70.0,1
6.0,5182.0,115.0,16.0,5.0,375.0,75.0,0
10.0,4096.0,208.0,107.0,1.0,525.0,105.0,1
1.0,1360.0,80.0,78.0,6.0,440.0,160.0,0
1.0,2275.0,33.0,80.0,1.0,875.0,125.0,0
11.0,6753.0,251.0,85.0,6.0,890.0,95.0,0
15.0,824.0,216.0,221.0,4.0,730.0,75.0,1
13.0,178.0,154.0,208.0,6.0,581.0,244.0,0
5.0,2529.0,197.0,277.0,6.0,545.0,187.0,0
6.0,5421.0,285.0,16.0,3.0,532.0,78.0,1
1.0,2001.0,147.0,80.0,5.0,1085.0,175.0,0
5.0,1916.0,79.0,16.0,7.0,790.0,174.0,1
16.0,2197.0,58.0,195.0,1.0,1035.0,92.0,1
15.0,888.0,44.0,202.0,1.0,435.0,75.0,0
4.0,422.0,198.0,135.0,5.0,568.0,72.0,1
1.0,647.0,78.0,268.0,4.0,1140.0,135.0,0
11.0,6612.0,273.0,148.0,3.0,1045.0,102.0,1
12.0,6298.0,154.0,91.0,6.0,980.0,111.0,0
17.0,7240.0,233.0,134.0,6.0,1180.0,68.0,0
15.0,1920.0,104.0,175.0,3.0,900.0,195.0,1
13.0,268.0,205.0,79.0,4.0,393.0,107.0,0
16.0,2284.0,135.0,285.0,1.0,1030.0,114.0,0
15.0,2601.0,153.0,262.0,6.0,1210.0,85.0,1
3.0,572.0,213.0,130.0,1.0,435.0,158.0,0
8.0,377.0,184.0,277.0,4.0,854.0,162.0,0
6.0,5062.0,132.0,16.0,4.0,330.0,53.0,0
16.0,2098.0,68.0,135.0,3.0,670.0,62.0,0
3.0,778.0,153.0,35.0,7.0,1409.0,293.0,0
6.0,5051.0,27.0,16.0,3.0,780.0,75.0,0
10.0,4426.0,85.0,159.0,5.0,1040.0,110.0,1
1.0,1132.0,262.0,80.0,4.0,500.0,200.0,0
3.0,1290.0,221.0,35.0,5.0,431.0,94.0,0
0.0,3839.0,85.0,33.0,1.0,1033.0,105.0,1
8.0,794.0,268.0,16.0,5.0,1065.0,90.0,0
12.0,6671.0,253.0,55.0,4.0,974.0,52.0,0
12.0,4477.0,102.0,261.0,3.0,440.0,99.0,1
0.0,4206.0,136.0,16.0,7.0,1035.0,135.0,0
12.0,6376.0,79.0,230.0,5.0,868.0,62.0,1
4.0,1849.0,104.0,135.0,3.0,720.0,171.0,1
5.0,1605.0,85.0,173.0,6.0,500.0,175.0,1
15.0,949.0,261.0,202.0,4.0,825.0,125.0,0
1.0,379.0,80.0,264.0,1.0,1100.0,195.0,0
15.0,1099.0,268.0,251.0,4.0,1080.0,55.0,1
8.0,285.0,16.0,129.0,3.0,1260.0,134.0,0
17.0,7247.0,134.0,16.0,1.0,737.0,116.0,1
15.0,1893.0,243.0,262.0,6.0,690.0,95.0,0
1.0,1646.0,80.0,183.0,3.0,650.0,155.0,1
6.0,5066.0,288.0,16.0,7.0,551.0,74.0,0
0.0,4241.0,76.0,85.0,6.0,715.0,70.0,1
10.0,4009.0,221.0,208.0,3.0,780.0,100.0,1
10.0,4177.0,208.0,21.0,6.0,925.0,50.0,0
12.0,6251.0,79.0,195.0,6.0,606.0,129.0,0
15.0,2903.0,45.0,43.0,3.0,1235.0,65.0,1
12.0,4885.0,261.0,279.0,3.0,1205.0,143.0,0
13.0,301.0,79.0,153.0,3.0,690.0,122.0,0
1.0,162.0,128.0,154.0,4.0,810.0,330.0,0
15.0,1392.0,2.0,75.0,3.0,1110.0,95.0,0
12.0,4881.0,184.0,177.0,3.0,390.0,115.0,0
15.0,1636.0,129.0,75.0,5.0,375.0,60.0,0
12.0,7780.0,271.0,261.0,1.0,410.0,64.0,1
16.0,2824.0,135.0,27.0,6.0,775.0,88.0,1
14.0,907.0,60.0,277.0,3.0,880.0,103.0,0
16.0,2869.0,96.0,71.0,7.0,1200.0,132.0,0
10.0,2814.0,230.0,80.0,3.0,850.0,140.0,1
15.0,186.0,129.0,146.0,5.0,960.0,65.0,1
2.0,592.0,214.0,227.0,4.0,940.0,137.0,1
12.0,6528.0,154.0,217.0,1.0,1025.0,79.0,0
15.0,15.0,75.0,129.0,7.0,600.0,60.0,0
5.0,2334.0,253.0,261.0,1.0,777.0,113.0,1
15.0,518.0,262.0,264.0,7.0,525.0,90.0,1
14.0,976.0,60.0,134.0,4.0,1350.0,85.0,0
15.0,3222.0,251.0,268.0,5.0,1130.0,70.0,0
15.0,1533.0,79.0,2.0,5.0,985.0,70.0,1
12.0,7788.0,261.0,271.0,4.0,685.0,78.0,0
15.0,2524.0,175.0,129.0,7.0,1240.0,170.0,1
12.0,6262.0,164.0,79.0,3.0,1169.0,89.0,0
10.0,3633.0,183.0,60.0,4.0,435.0,120.0,0
2.0,67.0,252.0,151.0,6.0,915.0,127.0,0
12.0,6234.0,154.0,80.0,1.0,464.0,177.0,0
17.0,7267.0,208.0,16.0,5.0,585.0,118.0,0
12.0,6492.0,162.0,79.0,7.0,974.0,145.0,1
16.0,3092.0,135.0,172.0,5.0,715.0,113.0,0
5.0,1893.0,85.0,16.0,4.0,535.0,134.0,0
12.0,4447.0,153.0,154.0,4.0,1060.0,75.0,1
5.0,2758.0,154.0,253.0,6.0,965.0,75.0,1
15.0,3134.0,258.0,154.0,6.0,395.0,75.0,0
15.0,4.0,75.0,91.0,7.0,505.0,110.0,0
5.0,2081.0,175.0,16.0,3.0,1135.0,116.0,1
5.0,2700.0,258.0,197.0,1.0,390.0,228.0,0
10.0,4126.0,208.0,278.0,3.0,1225.0,115.0,0
15.0,1657.0,244.0,75.0,1.0,540.0,60.0,0
15.0,1046.0,258.0,18.0,3.0,600.0,200.0,0
8.0,201.0,16.0,48.0,1.0,798.0,90.0,0
15.0,871.0,217.0,243.0,1.0,995.0,65.0,1
5.0,1904.0,104.0,85.0,4.0,470.0,185.0,0
6.0,5046.0,11.0,16.0,7.0,710.0,62.0,0
15.0,1795.0,217.0,264.0,4.0,1240.0,75.0,0
10.0,2743.0,101.0,80.0,4.0,370.0,195.0,1
0.0,3884.0,273.0,85.0,7.0,724.0,91.0,0
5.0,2844.0,85.0,78.0,4.0,915.0,90.0,0
6.0,4984.0,78.0,35.0,6.0,475.0,95.0,0
14.0,1172.0,277.0,78.0,4.0,715.0,125.0,0
12.0,6553.0,179.0,253.0,3.0,1172.0,98.0,0
13.0,36.0,253.0,243.0,5.0,360.0,94.0,0
15.0,826.0,34.0,261.0,3.0,1110.0,60.0,0
8.0,1461.0,175.0,173.0,4.0,435.0,159.0,0
15.0,767.0,75.0,244.0,1.0,810.0,65.0,1
11.0,6706.0,234.0,85.0,3.0,751.0,119.0,1
1.0,2344.0,80.0,208.0,1.0,690.0,135.0,1
3.0,1228.0,233.0,35.0,3.0,1215.0,100.0,0
1.0,470.0,100.0,80.0,6.0,810.0,195.0,1
6.0,5571.0,16.0,256.0,3.0,1000.0,114.0,1
4.0,778.0,244.0,135.0,3.0,1100.0,65.0,0
4.0,1028.0,60.0,135.0,4.0,991.0,182.0,0
13.0,803.0,233.0,134.0,3.0,622.0,68.0,1
5.0,2665.0,78.0,173.0,5.0,425.0,151.0,1
9.0,520.0,128.0,203.0,7.0,580.0,37.0,0
15.0,2004.0,153.0,33.0,5.0,1105.0,210.0,1
6.0,5208.0,78.0,35.0,3.0,535.0,93.0,0
0.0,4228.0,139.0,78.0,4.0,1100.0,100.0,0
11.0,6646.0,148.0,233.0,6.0,910.0,139.0,1
15.0,41.0,2.0,75.0,5.0,810.0,95.0,0
1.0,394.0,208.0,159.0,5.0,435.0,120.0,0
15.0,3307.0,22.0,175.0,7.0,395.0,160.0,0
1.0,1308.0,154.0,18.0,1.0,765.0,175.0,0
15.0,267.0,217.0,205.0,5.0,625.0,155.0,0
15.0,495.0,153.0,253.0,4.0,395.0,95.0,0
16.0,3015.0,68.0,135.0,1.0,340.0,59.0,0
8.0,630.0,76.0,45.0,5.0,360.0,93.0,0
11.0,6335.0,148.0,78.0,6.0,820.0,100.0,0
6.0,4946.0,4.0,16.0,3.0,360.0,50.0,0
6.0,5483.0,35.0,78.0,5.0,935.0,110.0,1
15.0,1013.0,75.0,13.0,5.0,940.0,70.0,1
10.0,2874.0,146.0,80.0,3.0,1185.0,95.0,1
10.0,3061.0,154.0,243.0,1.0,945.0,45.0,0
15.0,2982.0,217.0,153.0,5.0,1300.0,65.0,1
3.0,455.0,35.0,104.0,1.0,682.0,203.0,0
5.0,2258.0,233.0,197.0,1.0,385.0,184.0,0
3.0,1062.0,18.0,148.0,1.0,790.0,220.0,0
15.0,1976.0,85.0,45.0,4.0,715.0,90.0,0
12.0,7811.0,261.0,110.0,3.0,660.0,112.0,1
12.0,6240.0,253.0,207.0,6.0,1174.0,76.0,1
17.0,1054.0,161.0,203.0,5.0,740.0,45.0,0
14.0,301.0,60.0,217.0,1.0,985.0,278.0,0
14.0,738.0,221.0,216.0,4.0,1065.0,76.0,0
15.0,1062.0,277.0,251.0,1.0,905.0,130.0,1
15.0,1952.0,202.0,154.0,7.0,590.0,75.0,1
10.0,3931.0,205.0,208.0,3.0,410.0,100.0,0
10.0,3625.0,183.0,223.0,5.0,1235.0,105.0,1
13.0,863.0,148.0,253.0,5.0,1049.0,407.0,0
10.0,4469.0,78.0,33.0,4.0,735.0,120.0,0
8.0,251.0,16.0,106.0,4.0,1325.0,122.0,0
10.0,3045.0,79.0,154.0,3.0,950.0,150.0,1
16.0,2141.0,238.0,58.0,5.0,405.0,79.0,0
15.0,909.0,87.0,45.0,1.0,380.0,130.0,0
15.0,1382.0,236.0,153.0,5.0,455.0,80.0,0
11.0,6482.0,71.0,233.0,7.0,1140.0,92.0,0
11.0,6483.0,85.0,174.0,1.0,1040.0,81.0,1
6.0,5289.0,16.0,146.0,5.0,885.0,85.0,1
16.0,5908.0,223.0,208.0,4.0,1001.0,139.0,0
11.0,6278.0,71.0,96.0,4.0,905.0,126.0,0
4.0,796.0,153.0,135.0,1.0,1022.0,172.0,1
15.0,3098.0,197.0,175.0,6.0,425.0,95.0,0
10.0,3798.0,208.0,2.0,7.0,1170.0,190.0,0
8.0,950.0,45.0,119.0,6.0,620.0,105.0,1
8.0,694.0,16.0,267.0,6.0,929.0,90.0,0
4.0,1661.0,217.0,135.0,6.0,888.0,152.0,0
10.0,4359.0,208.0,61.0,4.0,675.0,70.0,0
3.0,1016.0,148.0,35.0,4.0,1075.0,76.0,1
6.0,5571.0,16.0,256.0,1.0,1000.0,114.0,1
6.0,5274.0,78.0,35.0,3.0,895.0,98.0,1
3.0,73.0,148.0,213.0,6.0,830.0,180.0,0
10.0,3925.0,157.0,208.0,5.0,910.0,90.0,0
17.0,2937.0,60.0,268.0,3.0,679.0,120.0,0
13.0,579.0,79.0,28.0,4.0,689.0,93.0,1
6.0,5359.0,69.0,16.0,7.0,830.0,95.0,1
13.0,526.0,35.0,253.0,5.0,1218.0,415.0,0
0.0,4143.0,109.0,85.0,3.0,345.0,59.0,0
16.0,2804.0,135.0,177.0,4.0,1180.0,88.0,0
13.0,822.0,134.0,233.0,3.0,1060.0,71.0,0
15.0,3673.0,258.0,153.0,7.0,1285.0,75.0,1
5.0,1175.0,85.0,16.0,4.0,595.0,126.0,0
4.0,1810.0,262.0,135.0,6.0,360.0,218.0,0
1.0,145.0,35.0,154.0,4.0,1010.0,395.0,0
2.0,66.0,149.0,252.0,7.0,1200.0,138.0,0
5.0,2420.0,198.0,16.0,1.0,450.0,98.0,0
6.0,5440.0,115.0,16.0,5.0,999.0,85.0,0
5.0,2832.0,261.0,145.0,7.0,1195.0,62.0,1
12.0,4598.0,192.0,197.0,4.0,800.0,90.0,0
0.0,4079.0,254.0,177.0,6.0,695.0,68.0,0
10.0,2732.0,181.0,80.0,5.0,725.0,90.0,0
10.0,2799.0,80.0,283.0,5.0,930.0,50.0,0
16.0,2573.0,135.0,33.0,6.0,450.0,106.0,0
5.0,2275.0,177.0,197.0,6.0,855.0,131.0,0
15.0,2009.0,35.0,216.0,6.0,860.0,100.0,1
12.0,6597.0,79.0,18.0,5.0,754.0,128.0,1
10.0,4104.0,208.0,107.0,3.0,925.0,100.0,0
11.0,6776.0,173.0,233.0,4.0,845.0,105.0,1
1.0,1530.0,183.0,159.0,7.0,870.0,179.0,0
15.0,3762.0,258.0,207.0,7.0,1100.0,70.0,0
1.0,347.0,159.0,208.0,3.0,1090.0,165.0,0
8.0,985.0,221.0,16.0,7.0,842.0,114.0,0
10.0,4241.0,208.0,233.0,6.0,1185.0,120.0,1
5.0,1051.0,16.0,85.0,3.0,825.0,120.0,0
10.0,4011.0,147.0,208.0,6.0,775.0,165.0,0
12.0,6465.0,261.0,154.0,3.0,370.0,120.0,0
16.0,2360.0,96.0,85.0,4.0,420.0,119.0,0
4.0,580.0,153.0,58.0,5.0,410.0,230.0,0
12.0,4638.0,243.0,154.0,7.0,380.0,49.0,0
1.0,2333.0,208.0,80.0,5.0,880.0,155.0,1
6.0,5450.0,180.0,16.0,3.0,865.0,64.0,1
14.0,156.0,217.0,268.0,4.0,790.0,173.0,0
14.0,49.0,153.0,78.0,5.0,720.0,267.0,0
0.0,3978.0,177.0,285.0,4.0,855.0,78.0,0
2.0,662.0,252.0,80.0,6.0,730.0,227.0,1
12.0,4672.0,44.0,261.0,6.0,430.0,114.0,0
12.0,6402.0,93.0,253.0,3.0,1137.0,87.0,0
15.0,1860.0,162.0,129.0,7.0,935.0,85.0,0
17.0,2904.0,60.0,138.0,7.0,679.0,54.0,0
3.0,72.0,173.0,148.0,4.0,581.0,139.0,0
4.0,1569.0,253.0,135.0,4.0,655.0,224.0,1
16.0,2539.0,234.0,135.0,7.0,1082.0,200.0,1
14.0,960.0,33.0,60.0,4.0,780.0,74.0,0
11.0,6378.0,71.0,159.0,7.0,450.0,124.0,1
12.0,4620.0,261.0,264.0,6.0,1305.0,118.0,0
6.0,5219.0,78.0,147.0,4.0,1210.0,126.0,0
10.0,3485.0,80.0,162.0,4.0,600.0,65.0,0
15.0,688.0,33.0,27.0,6.0,645.0,50.0,0
10.0,3830.0,208.0,135.0,5.0,720.0,165.0,1
5.0,1035.0,134.0,16.0,1.0,575.0,115.0,1
5.0,423.0,16.0,260.0,5.0,655.0,211.0,0
6.0,5540.0,256.0,16.0,5.0,732.0,103.0,0
5.0,630.0,85.0,78.0,1.0,835.0,95.0,1
1.0,537.0,277.0,183.0,6.0,1055.0,70.0,0
13.0,134.0,253.0,208.0,6.0,518.0,263.0,1
5.0,2810.0,104.0,177.0,4.0,998.0,162.0,0
12.0,6530.0,64.0,79.0,3.0,434.0,82.0,1
5.0,1043.0,54.0,16.0,1.0,700.0,77.0,0
15.0,1607.0,236.0,153.0,6.0,455.0,80.0,0
5.0,2467.0,85.0,208.0,6.0,1165.0,92.0,1
3.0,378.0,104.0,159.0,5.0,1091.0,169.0,1
1.0,1071.0,177.0,80.0,4.0,895.0,100.0,0
5.0,2694.0,16.0,216.0,4.0,743.0,129.0,0
6.0,5387.0,116.0,16.0,6.0,360.0,80.0,0
6.0,5596.0,16.0,47.0,4.0,682.0,59.0,0
15.0,856.0,129.0,79.0,1.0,850.0,150.0,0
5.0,1866.0,16.0,132.0,7.0,1210.0,50.0,0
0.0,4030.0,148.0,42.0,4.0,840.0,100.0,1
13.0,2.0,128.0,208.0,3.0,1035.0,484.0,0
6.0,5317.0,47.0,16.0,3.0,693.0,76.0,1
10.0,3334.0,80.0,114.0,4.0,605.0,135.0,0
12.0,3071.0,184.0,205.0,7.0,540.0,84.0,1
12.0,6760.0,65.0,79.0,7.0,659.0,40.0,0
1.0,72.0,128.0,208.0,6.0,1045.0,495.0,1
7.0,612.0,79.0,139.0,4.0,1150.0,140.0,0
5.0,151.0,134.0,16.0,1.0,748.0,124.0,1
14.0,1670.0,104.0,60.0,7.0,785.0,118.0,0
1.0,425.0,208.0,252.0,3.0,940.0,270.0,0
15.0,588.0,45.0,173.0,5.0,720.0,140.0,1
15.0,146.0,202.0,153.0,5.0,795.0,85.0,0
12.0,4549.0,230.0,261.0,5.0,755.0,98.0,1
5.0,1970.0,16.0,43.0,4.0,815.0,122.0,0
17.0,7245.0,228.0,134.0,5.0,865.0,104.0,0
5.0,2084.0,197.0,85.0,6.0,1055.0,105.0,0
16.0,2990.0,132.0,135.0,5.0,1102.0,117.0,0
15.0,2004.0,175.0,79.0,5.0,745.0,160.0,0
16.0,2592.0,139.0,58.0,3.0,810.0,62.0,1
5.0,1568.0,154.0,197.0,4.0,1130.0,209.0,1
13.0,712.0,154.0,253.0,4.0,1220.0,85.0,1
16.0,3102.0,170.0,135.0,5.0,475.0,84.0,0
11.0,6581.0,233.0,35.0,5.0,420.0,130.0,0
0.0,4070.0,205.0,197.0,7.0,1135.0,76.0,1
12.0,6485.0,227.0,253.0,5.0,1224.0,91.0,1
15.0,631.0,43.0,175.0,6.0,655.0,110.0,1
11.0,6368.0,268.0,71.0,3.0,732.0,83.0,1
0.0,3760.0,16.0,130.0,3.0,1060.0,143.0,0
9.0,196.0,128.0,203.0,4.0,1135.0,37.0,0
1.0,625.0,173.0,183.0,6.0,920.0,65.0,1
12.0,4882.0,197.0,56.0,6.0,620.0,72.0,0
1.0,697.0,104.0,80.0,4.0,365.0,190.0,0
12.0,6876.0,79.0,214.0,1.0,507.0,172.0,0
4.0,1714.0,135.0,262.0,3.0,560.0,254.0,0
15.0,748.0,262.0,79.0,3.0,360.0,145.0,1
17.0,2945.0,60.0,54.0,3.0,679.0,59.0,1
12.0,6982.0,79.0,67.0,3.0,492.0,57.0,0
2.0,73.0,149.0,14.0,7.0,455.0,107.0,0
5.0,2166.0,184.0,16.0,4.0,410.0,134.0,0
12.0,7790.0,261.0,271.0,6.0,823.0,71.0,0
14.0,797.0,216.0,183.0,6.0,460.0,180.0,0
1.0,1946.0,183.0,277.0,1.0,790.0,60.0,0
3.0,1297.0,35.0,221.0,5.0,420.0,109.0,1
6.0,5300.0,16.0,245.0,1.0,505.0,67.0,0
14.0,1101.0,35.0,60.0,7.0,480.0,150.0,0
15.0,1678.0,236.0,252.0,4.0,815.0,115.0,1
15.0,505.0,217.0,251.0,1.0,960.0,205.0,1
10.0,2750.0,146.0,80.0,3.0,360.0,100.0,1
8.0,318.0,16.0,60.0,7.0,1340.0,70.0,0
6.0,5529.0,16.0,36.0,3.0,1243.0,67.0,0
15.0,3137.0,153.0,268.0,5.0,1060.0,185.0,0
1.0,1375.0,22.0,260.0,1.0,460.0,225.0,0
12.0,7803.0,261.0,282.0,7.0,1015.0,64.0,0
5.0,1273.0,61.0,16.0,4.0,420.0,115.0,0
6.0,5279.0,172.0,85.0,1.0,616.0,118.0,0
16.0,3012.0,135.0,134.0,5.0,1133.0,171.0,0
0.0,3732.0,187.0,85.0,4.0,968.0,97.0,1
6.0,5345.0,16.0,256.0,3.0,1305.0,113.0,1
5.0,1872.0,277.0,16.0,4.0,380.0,90.0,0
5.0,2454.0,154.0,16.0,7.0,1365.0,252.0,1
6.0,5305.0,180.0,177.0,1.0,985.0,72.0,0
10.0,2889.0,80.0,68.0,7.0,630.0,80.0,0
13.0,206.0,208.0,173.0,5.0,547.0,166.0,0
4.0,1821.0,135.0,264.0,4.0,880.0,218.0,1
17.0,2944.0,18.0,60.0,1.0,425.0,157.0,0
0.0,4390.0,85.0,20.0,4.0,625.0,84.0,1
12.0,6937.0,83.0,79.0,5.0,811.0,60.0,0
8.0,871.0,16.0,197.0,7.0,949.0,155.0,0
15.0,1357.0,153.0,162.0,7.0,575.0,180.0,0
15.0,464.0,175.0,85.0,7.0,695.0,65.0,0
12.0,6741.0,79.0,227.0,3.0,1290.0,134.0,0
2.0,463.0,154.0,252.0,4.0,1170.0,162.0,0
14.0,567.0,217.0,173.0,1.0,599.0,246.0,0
2.0,628.0,31.0,153.0,6.0,1040.0,154.0,0
13.0,894.0,79.0,154.0,3.0,371.0,159.0,0
15.0,16.0,154.0,253.0,1.0,920.0,80.0,1
1.0,1074.0,205.0,80.0,3.0,675.0,115.0,0
0.0,3682.0,82.0,85.0,3.0,814.0,111.0,1
12.0,6437.0,253.0,232.0,7.0,1349.0,90.0,0
15.0,3834.0,182.0,277.0,5.0,1040.0,215.0,1
5.0,2849.0,85.0,252.0,3.0,1175.0,305.0,1
16.0,2895.0,135.0,68.0,7.0,700.0,63.0,0
15.0,2779.0,153.0,207.0,6.0,1220.0,55.0,1
12.0,4521.0,261.0,262.0,4.0,1030.0,97.0,0
15.0,377.0,91.0,217.0,4.0,1040.0,75.0,1
13.0,354.0,208.0,85.0,6.0,1271.0,65.0,0
6.0,5502.0,16.0,288.0,7.0,893.0,77.0,0
12.0,6307.0,79.0,85.0,6.0,983.0,162.0,0
6.0,4974.0,16.0,237.0,4.0,825.0,82.0,0
2.0,473.0,154.0,214.0,3.0,1265.0,144.0,1
16.0,5931.0,208.0,136.0,7.0,1076.0,114.0,0
15.0,912.0,264.0,79.0,5.0,485.0,140.0,1
17.0,7271.0,134.0,221.0,1.0,510.0,58.0,0
5.0,2383.0,16.0,147.0,6.0,725.0,72.0,0
5.0,2397.0,71.0,183.0,5.0,560.0,167.0,0
16.0,2297.0,184.0,58.0,6.0,560.0,65.0,1
14.0,2043.0,35.0,78.0,4.0,1020.0,95.0,1
5.0,1735.0,154.0,161.0,7.0,835.0,373.0,1
5.0,1333.0,16.0,261.0,4.0,1130.0,255.0,1
3.0,921.0,35.0,208.0,5.0,390.0,169.0,0
12.0,6646.0,248.0,154.0,7.0,553.0,62.0,0
4.0,686.0,135.0,173.0,6.0,625.0,128.0,1
15.0,644.0,44.0,258.0,7.0,990.0,65.0,0
12.0,6647.0,79.0,135.0,1.0,506.0,143.0,0
15.0,1036.0,205.0,175.0,7.0,495.0,85.0,0
1.0,1897.0,96.0,80.0,7.0,1040.0,255.0,0
8.0,803.0,45.0,35.0,3.0,1115.0,84.0,0
1.0,1366.0,80.0,177.0,3.0,965.0,85.0,0
13.0,20.0,262.0,79.0,6.0,452.0,153.0,0
1.0,1126.0,79.0,183.0,5.0,530.0,225.0,0
13.0,157.0,243.0,253.0,5.0,484.0,104.0,0
16.0,2876.0,68.0,135.0,7.0,854.0,57.0,0
14.0,1189.0,78.0,173.0,7.0,1155.0,137.0,0
12.0,6420.0,34.0,79.0,6.0,789.0,107.0,1
4.0,1100.0,96.0,35.0,1.0,1044.0,73.0,0
1.0,2066.0,80.0,244.0,6.0,1190.0,65.0,0
2.0,457.0,154.0,252.0,6.0,1050.0,165.0,0
4.0,1853.0,58.0,241.0,3.0,540.0,162.0,0
15.0,637.0,268.0,175.0,7.0,940.0,60.0,0
15.0,1181.0,129.0,217.0,1.0,795.0,175.0,0
6.0,5306.0,16.0,247.0,1.0,905.0,111.0,1
13.0,379.0,134.0,173.0,6.0,497.0,143.0,1
6.0,5215.0,167.0,16.0,5.0,761.0,89.0,1
15.0,141.0,12.0,45.0,6.0,585.0,75.0,1
5.0,1863.0,78.0,197.0,4.0,972.0,166.0,1
6.0,5298.0,85.0,121.0,1.0,630.0,109.0,0
15.0,3503.0,22.0,175.0,1.0,775.0,155.0,1
15.0,1083.0,217.0,153.0,5.0,735.0,65.0,0
15.0,1434.0,268.0,129.0,3.0,980.0,135.0,1
2.0,866.0,150.0,252.0,6.0,840.0,337.0,0
3.0,110.0,198.0,148.0,1.0,385.0,163.0,0
15.0,908.0,172.0,175.0,1.0,525.0,80.0,1
11.0,6457.0,209.0,71.0,5.0,392.0,121.0,0
12.0,6480.0,292.0,154.0,3.0,455.0,80.0,0
15.0,1361.0,91.0,153.0,5.0,805.0,115.0,0
12.0,6652.0,191.0,253.0,7.0,643.0,38.0,0
17.0,2773.0,217.0,227.0,6.0,520.0,67.0,0
14.0,97.0,216.0,221.0,5.0,470.0,81.0,1
1.0,1491.0,216.0,80.0,7.0,995.0,240.0,1
15.0,682.0,79.0,217.0,4.0,475.0,125.0,0
6.0,5051.0,27.0,16.0,5.0,780.0,75.0,0
15.0,1955.0,251.0,175.0,3.0,895.0,70.0,1
13.0,563.0,216.0,208.0,1.0,999.0,147.0,0
5.0,2923.0,197.0,173.0,5.0,420.0,198.0,0
1.0,1216.0,80.0,277.0,4.0,620.0,140.0,1
5.0,1699.0,221.0,16.0,7.0,800.0,125.0,0
5.0,1764.0,197.0,78.0,1.0,600.0,143.0,1
6.0,7307.0,35.0,85.0,5.0,420.0,150.0,0
15.0,2450.0,153.0,264.0,3.0,840.0,70.0,1
1.0,1456.0,270.0,183.0,3.0,605.0,185.0,0
15.0,3110.0,217.0,243.0,4.0,845.0,70.0,0
5.0,1525.0,16.0,267.0,4.0,1220.0,89.0,0
9.0,194.0,128.0,203.0,4.0,1075.0,37.0,0
15.0,2697.0,198.0,129.0,7.0,810.0,70.0,1
5.0,2530.0,46.0,197.0,3.0,360.0,138.0,0
4.0,1793.0,61.0,135.0,1.0,1055.0,171.0,0
5.0,487.0,159.0,213.0,4.0,915.0,189.0,1
11.0,6747.0,234.0,148.0,6.0,795.0,85.0,0
16.0,2821.0,209.0,58.0,4.0,388.0,107.0,0
13.0,316.0,79.0,134.0,7.0,768.0,195.0,1
14.0,506.0,35.0,217.0,7.0,370.0,364.0,0
16.0,2051.0,216.0,58.0,5.0,575.0,90.0,0
2.0,675.0,79.0,252.0,1.0,725.0,172.0,0
0.0,4006.0,177.0,71.0,5.0,895.0,86.0,0
14.0,583.0,217.0,111.0,5.0,686.0,176.0,1
16.0,2031.0,96.0,16.0,1.0,1080.0,157.0,1
16.0,3055.0,245.0,135.0,1.0,1064.0,156.0,0
15.0,2030.0,233.0,277.0,1.0,485.0,115.0,0
9.0,1.0,154.0,128.0,7.0,540.0,350.0,0
8.0,610.0,184.0,253.0,1.0,555.0,290.0,1
10.0,3266.0,41.0,80.0,1.0,640.0,85.0,0
14.0,1059.0,244.0,60.0,4.0,420.0,160.0,0
2.0,61.0,50.0,14.0,5.0,813.0,47.0,0
5.0,2837.0,16.0,244.0,4.0,577.0,162.0,1
13.0,58.0,208.0,253.0,1.0,604.0,291.0,1
15.0,360.0,91.0,18.0,3.0,1175.0,85.0,0
15.0,740.0,264.0,153.0,4.0,700.0,65.0,0
6.0,7065.0,134.0,76.0,6.0,1020.0,87.0,0
15.0,1083.0,175.0,197.0,5.0,420.0,90.0,0
15.0,1423.0,45.0,209.0,7.0,1145.0,50.0,1
17.0,2605.0,200.0,60.0,1.0,330.0,62.0,0
2.0,582.0,214.0,264.0,7.0,425.0,144.0,0
3.0,117.0,148.0,198.0,3.0,415.0,204.0,1
15.0,1217.0,129.0,277.0,1.0,890.0,120.0,1
12.0,4559.0,261.0,137.0,6.0,680.0,58.0,0
15.0,852.0,44.0,258.0,1.0,1055.0,65.0,0
14.0,956.0,104.0,216.0,4.0,705.0,159.0,1
3.0,683.0,35.0,78.0,7.0,660.0,101.0,1
16.0,2197.0,195.0,96.0,7.0,1098.0,132.0,1
17.0,2615.0,234.0,60.0,3.0,560.0,85.0,0
15.0,2197.0,35.0,216.0,4.0,1180.0,100.0,0
10.0,2830.0,223.0,80.0,4.0,385.0,125.0,0
15.0,3058.0,243.0,258.0,1.0,1080.0,80.0,0
15.0,1577.0,44.0,258.0,4.0,640.0,65.0,0
5.0,2622.0,217.0,85.0,4.0,910.0,230.0,1
15.0,862.0,33.0,173.0,1.0,750.0,105.0,1
12.0,4445.0,33.0,197.0,7.0,783.0,137.0,1
4.0,1496.0,153.0,135.0,7.0,60.0,160.0,0
15.0,1346.0,154.0,202.0,6.0,680.0,75.0,0
10.0,3884.0,58.0,208.0,3.0,360.0,85.0,0
15.0,802.0,175.0,153.0,1.0,805.0,245.0,1
15.0,1657.0,153.0,243.0,5.0,980.0,65.0,0
15.0,1069.0,175.0,61.0,7.0,635.0,65.0,1
3.0,31.0,148.0,173.0,3.0,750.0,168.0,1
10.0,4037.0,208.0,221.0,7.0,460.0,85.0,0
17.0,2741.0,153.0,154.0,5.0,690.0,68.0,0
10.0,3823.0,197.0,208.0,5.0,780.0,95.0,1
13.0,881.0,35.0,208.0,4.0,545.0,173.0,0
12.0,7027.0,65.0,79.0,5.0,672.0,40.0,0
8.0,182.0,16.0,78.0,7.0,1330.0,94.0,1
6.0,5198.0,16.0,130.0,7.0,970.0,135.0,1
15.0,2885.0,79.0,280.0,4.0,565.0,115.0,1
15.0,3331.0,153.0,253.0,4.0,1285.0,95.0,1
5.0,1961.0,216.0,16.0,7.0,990.0,147.0,1
15.0,206.0,202.0,243.0,3.0,885.0,85.0,1
14.0,16.0,253.0,217.0,7.0,725.0,116.0,0
15.0,864.0,45.0,79.0,5.0,1130.0,255.0,1
14.0,1509.0,60.0,217.0,1.0,681.0,278.0,1
4.0,1583.0,135.0,18.0,1.0,570.0,52.0,0
11.0,6435.0,78.0,71.0,5.0,650.0,101.0,0
14.0,5.0,208.0,216.0,4.0,1135.0,119.0,1
3.0,285.0,153.0,160.0,7.0,1088.0,65.0,0
5.0,1146.0,16.0,54.0,7.0,1366.0,64.0,0
0.0,4194.0,197.0,32.0,5.0,1025.0,95.0,0
13.0,576.0,252.0,79.0,6.0,335.0,157.0,0
10.0,4215.0,33.0,208.0,6.0,930.0,105.0,1
6.0,5354.0,201.0,16.0,3.0,704.0,95.0,1
1.0,644.0,80.0,60.0,5.0,915.0,140.0,0
15.0,1047.0,209.0,175.0,4.0,990.0,135.0,0
15.0,3862.0,277.0,104.0,3.0,500.0,55.0,0
15.0,1717.0,75.0,91.0,1.0,1040.0,110.0,1
7.0,846.0,252.0,79.0,4.0,651.0,150.0,0
5.0,2714.0,252.0,197.0,3.0,500.0,199.0,0
11.0,6488.0,159.0,147.0,3.0,566.0,178.0,1
16.0,2019.0,121.0,135.0,5.0,845.0,154.0,0
5.0,1175.0,85.0,16.0,3.0,595.0,126.0,0
1.0,1120.0,197.0,208.0,1.0,700.0,90.0,0
10.0,3963.0,208.0,33.0,5.0,815.0,90.0,0
3.0,446.0,277.0,35.0,3.0,1180.0,165.0,1
12.0,6333.0,154.0,243.0,5.0,821.0,46.0,0
0.0,3946.0,195.0,177.0,4.0,375.0,118.0,0
5.0,2661.0,16.0,177.0,4.0,460.0,91.0,0
14.0,1697.0,60.0,241.0,3.0,985.0,117.0,1
4.0,1407.0,135.0,258.0,5.0,550.0,258.0,0
5.0,2861.0,216.0,16.0,7.0,465.0,159.0,0
16.0,5902.0,218.0,208.0,1.0,362.0,63.0,0
8.0,450.0,16.0,198.0,1.0,1013.0,92.0,0
10.0,3025.0,154.0,243.0,5.0,400.0,45.0,0
11.0,6633.0,268.0,78.0,7.0,1195.0,122.0,0
4.0,1094.0,154.0,135.0,7.0,30.0,179.0,1
5.0,1842.0,244.0,16.0,6.0,330.0,142.0,0
0.0,4017.0,33.0,177.0,7.0,450.0,70.0,0
10.0,3678.0,183.0,275.0,3.0,420.0,85.0,0
9.0,247.0,150.0,128.0,5.0,1139.0,42.0,0
5.0,27.0,16.0,85.0,4.0,655.0,125.0,0
10.0,4469.0,78.0,33.0,7.0,735.0,120.0,0
1.0,655.0,148.0,269.0,5.0,540.0,250.0,1
12.0,6919.0,82.0,208.0,4.0,910.0,90.0,1
16.0,2796.0,135.0,16.0,6.0,970.0,114.0,0
12.0,6679.0,208.0,16.0,6.0,801.0,119.0,1
15.0,646.0,175.0,58.0,3.0,840.0,70.0,1
13.0,46.0,203.0,154.0,5.0,1310.0,313.0,0
17.0,2672.0,251.0,60.0,4.0,735.0,90.0,0
14.0,592.0,217.0,172.0,5.0,795.0,152.0,0
1.0,1826.0,80.0,136.0,7.0,1225.0,70.0,0
15.0,2991.0,253.0,154.0,4.0,1280.0,75.0,1
1.0,1965.0,268.0,80.0,6.0,360.0,115.0,0
15.0,1753.0,141.0,45.0,4.0,400.0,75.0,0
10.0,4338.0,208.0,85.0,7.0,940.0,80.0,0
1.0,741.0,159.0,80.0,4.0,740.0,245.0,0
15.0,760.0,154.0,91.0,1.0,845.0,110.0,1
8.0,551.0,43.0,16.0,4.0,1079.0,139.0,0
15.0,1677.0,153.0,154.0,5.0,1140.0,65.0,1
10.0,3680.0,183.0,120.0,3.0,660.0,125.0,1
17.0,2629.0,33.0,60.0,6.0,870.0,75.0,1
6.0,7373.0,177.0,116.0,5.0,1180.0,76.0,0
14.0,1296.0,60.0,174.0,4.0,585.0,93.0,0
12.0,4549.0,261.0,253.0,7.0,910.0,125.0,0
6.0,5103.0,177.0,41.0,5.0,1165.0,73.0,0
9.0,224.0,161.0,128.0,6.0,1227.0,30.0,0
5.0,2276.0,173.0,159.0,1.0,420.0,150.0,0
12.0,4523.0,261.0,34.0,4.0,950.0,68.0,0
1.0,730.0,208.0,104.0,6.0,935.0,180.0,1
16.0,2091.0,71.0,135.0,5.0,395.0,164.0,0
15.0,3504.0,277.0,198.0,5.0,500.0,105.0,1
15.0,909.0,45.0,251.0,1.0,595.0,115.0,1
9.0,48.0,128.0,202.0,6.0,875.0,310.0,0
12.0,7763.0,220.0,261.0,3.0,360.0,48.0,0
1.0,417.0,33.0,80.0,7.0,1170.0,125.0,0
2.0,677.0,79.0,252.0,1.0,480.0,175.0,0
1.0,526.0,80.0,277.0,4.0,745.0,135.0,0
1.0,2374.0,80.0,208.0,5.0,1240.0,125.0,1
15.0,143.0,221.0,175.0,4.0,870.0,90.0,1
10.0,4527.0,78.0,233.0,5.0,990.0,65.0,0
1.0,2433.0,80.0,154.0,7.0,800.0,205.0,0
0.0,3832.0,177.0,60.0,1.0,870.0,101.0,1
16.0,2442.0,135.0,158.0,7.0,945.0,54.0,0
12.0,6837.0,83.0,79.0,1.0,588.0,62.0,0
10.0,3766.0,208.0,79.0,7.0,955.0,155.0,1
1.0,2382.0,79.0,80.0,7.0,1160.0,110.0,0
9.0,22.0,128.0,252.0,6.0,885.0,335.0,0
3.0,350.0,44.0,148.0,3.0,430.0,314.0,1
13.0,422.0,79.0,96.0,1.0,621.0,225.0,1
0.0,4043.0,119.0,177.0,5.0,705.0,128.0,0
1.0,662.0,172.0,80.0,7.0,1020.0,105.0,0
3.0,592.0,173.0,130.0,5.0,470.0,152.0,1
12.0,4835.0,137.0,261.0,3.0,1090.0,53.0,1
13.0,45.0,154.0,203.0,1.0,515.0,344.0,0
12.0,6343.0,264.0,253.0,7.0,637.0,85.0,1
14.0,680.0,60.0,96.0,7.0,800.0,114.0,0
17.0,2836.0,44.0,217.0,3.0,985.0,92.0,0
5.0,1922.0,184.0,85.0,1.0,410.0,75.0,1
15.0,2568.0,154.0,268.0,6.0,745.0,210.0,1
15.0,1762.0,79.0,85.0,4.0,620.0,170.0,0
5.0,2190.0,223.0,16.0,7.0,450.0,79.0,0
6.0,5275.0,16.0,146.0,1.0,494.0,84.0,0
5.0,1187.0,85.0,16.0,4.0,450.0,142.0,1
10.0,4186.0,166.0,208.0,5.0,425.0,70.0,0
0.0,3858.0,85.0,171.0,7.0,620.0,52.0,0
12.0,6334.0,17.0,208.0,1.0,360.0,55.0,0
14.0,1512.0,60.0,216.0,5.0,570.0,100.0,1
12.0,6656.0,145.0,79.0,4.0,429.0,87.0,0
14.0,2121.0,35.0,159.0,1.0,540.0,81.0,1
0.0,3664.0,171.0,85.0,6.0,915.0,62.0,0
13.0,47.0,154.0,203.0,4.0,910.0,341.0,0
16.0,2352.0,205.0,135.0,5.0,656.0,140.0,0
15.0,1306.0,2.0,153.0,5.0,785.0,95.0,0
8.0,681.0,16.0,136.0,5.0,920.0,141.0,0
15.0,3144.0,175.0,2.0,5.0,1020.0,195.0,1
12.0,6527.0,199.0,79.0,1.0,773.0,54.0,0
15.0,948.0,217.0,243.0,5.0,1200.0,65.0,1
12.0,6465.0,261.0,154.0,7.0,370.0,123.0,0
14.0,741.0,216.0,260.0,7.0,1065.0,224.0,1
16.0,2830.0,135.0,146.0,5.0,1192.0,75.0,0
5.0,1801.0,16.0,18.0,3.0,1315.0,163.0,0
14.0,909.0,85.0,60.0,3.0,515.0,106.0,0
10.0,2991.0,80.0,73.0,5.0,640.0,140.0,0
1.0,1762.0,183.0,16.0,6.0,935.0,125.0,0
10.0,4217.0,204.0,208.0,3.0,690.0,125.0,1
16.0,2444.0,197.0,58.0,5.0,1089.0,100.0,1
15.0,1671.0,175.0,173.0,4.0,1100.0,160.0,0
1.0,2320.0,80.0,208.0,1.0,345.0,140.0,0
6.0,5383.0,272.0,16.0,5.0,430.0,160.0,0
5.0,2765.0,233.0,85.0,4.0,762.0,118.0,1
4.0,36.0,173.0,96.0,3.0,900.0,160.0,1
3.0,917.0,148.0,208.0,5.0,990.0,170.0,1
0.0,3992.0,157.0,177.0,5.0,480.0,85.0,0
7.0,846.0,252.0,79.0,1.0,651.0,150.0,1
5.0,2117.0,61.0,16.0,4.0,1020.0,101.0,1
15.0,548.0,147.0,209.0,3.0,970.0,90.0,1
3.0,746.0,260.0,173.0,4.0,980.0,187.0,1
15.0,530.0,129.0,79.0,1.0,635.0,150.0,1
12.0,7765.0,220.0,261.0,5.0,735.0,53.0,1
10.0,3892.0,216.0,208.0,5.0,350.0,140.0,0
10.0,3217.0,256.0,80.0,7.0,1170.0,60.0,0
5.0,1123.0,261.0,85.0,3.0,520.0,216.0,0
6.0,5484.0,87.0,16.0,5.0,420.0,80.0,0
5.0,1061.0,154.0,173.0,1.0,625.0,276.0,1
15.0,2529.0,79.0,154.0,4.0,455.0,160.0,0
15.0,2426.0,147.0,33.0,6.0,595.0,95.0,0
5.0,2320.0,213.0,16.0,7.0,345.0,113.0,0
17.0,2617.0,177.0,60.0,1.0,455.0,102.0,0
1.0,2385.0,80.0,135.0,7.0,430.0,75.0,0
5.0,2060.0,183.0,16.0,4.0,964.0,121.0,0
10.0,2841.0,80.0,84.0,1.0,555.0,110.0,0
15.0,1409.0,262.0,44.0,4.0,1145.0,70.0,0
14.0,1021.0,60.0,277.0,4.0,691.0,103.0,0
5.0,1267.0,85.0,18.0,1.0,740.0,202.0,0
16.0,5929.0,208.0,136.0,7.0,737.0,114.0,0
15.0,622.0,175.0,58.0,3.0,500.0,70.0,0
5.0,2278.0,243.0,261.0,4.0,1089.0,111.0,0
12.0,6550.0,280.0,79.0,7.0,450.0,112.0,0
15.0,621.0,129.0,173.0,6.0,1120.0,125.0,1
2.0,480.0,252.0,243.0,1.0,545.0,161.0,0
15.0,479.0,217.0,18.0,4.0,905.0,135.0,0
7.0,386.0,79.0,104.0,3.0,510.0,227.0,0
7.0,720.0,79.0,78.0,4.0,990.0,193.0,0
6.0,5579.0,121.0,16.0,3.0,1064.0,66.0,1
16.0,2089.0,96.0,78.0,1.0,530.0,79.0,0
1.0,1897.0,96.0,80.0,5.0,1040.0,255.0,0
4.0,1155.0,213.0,96.0,4.0,825.0,172.0,0
10.0,2945.0,80.0,119.0,3.0,530.0,140.0,1
10.0,4177.0,208.0,21.0,5.0,925.0,50.0,1
12.0,6422.0,208.0,69.0,5.0,844.0,82.0,1
7.0,294.0,79.0,268.0,6.0,640.0,121.0,0
16.0,2960.0,60.0,135.0,7.0,844.0,176.0,1
15.0,1764.0,43.0,45.0,5.0,1140.0,70.0,1
4.0,746.0,135.0,208.0,4.0,895.0,156.0,0
16.0,2592.0,96.0,139.0,7.0,630.0,125.0,0
15.0,249.0,244.0,75.0,5.0,800.0,60.0,1
1.0,2408.0,154.0,80.0,5.0,55.0,170.0,0
15.0,1162.0,147.0,216.0,5.0,900.0,135.0,1
9.0,26.0,128.0,214.0,4.0,940.0,325.0,0
10.0,4136.0,139.0,208.0,3.0,1210.0,80.0,0
16.0,3119.0,135.0,190.0,1.0,599.0,76.0,0
13.0,557.0,61.0,208.0,3.0,961.0,80.0,0
15.0,1815.0,173.0,18.0,1.0,710.0,175.0,1
12.0,3099.0,205.0,184.0,4.0,349.0,81.0,0
5.0,1150.0,128.0,154.0,6.0,480.0,328.0,0
13.0,605.0,78.0,208.0,7.0,445.0,132.0,0
5.0,1036.0,261.0,16.0,3.0,912.0,223.0,1
6.0,5338.0,158.0,177.0,1.0,1007.0,77.0,0
5.0,322.0,153.0,148.0,5.0,1319.0,291.0,0
5.0,1247.0,186.0,16.0,1.0,674.0,101.0,0
13.0,36.0,253.0,243.0,4.0,360.0,94.0,0
15.0,1155.0,217.0,172.0,1.0,530.0,155.0,1
5.0,1820.0,154.0,177.0,5.0,100.0,216.0,0
13.0,83.0,134.0,154.0,6.0,547.0,351.0,0
10.0,4343.0,208.0,85.0,5.0,405.0,85.0,0
5.0,2518.0,173.0,16.0,7.0,990.0,100.0,0
15.0,910.0,27.0,75.0,5.0,1115.0,115.0,0
4.0,1770.0,173.0,58.0,5.0,755.0,141.0,0
3.0,1250.0,134.0,35.0,6.0,391.0,89.0,0
6.0,4983.0,130.0,16.0,5.0,1023.0,156.0,0
10.0,3291.0,284.0,80.0,5.0,1095.0,50.0,0
15.0,3404.0,153.0,236.0,6.0,935.0,80.0,0
12.0,6495.0,208.0,187.0,6.0,905.0,48.0,1
8.0,573.0,159.0,184.0,6.0,400.0,140.0,0
15.0,1773.0,268.0,154.0,7.0,1125.0,250.0,1
14.0,586.0,111.0,217.0,1.0,510.0,158.0,0
13.0,406.0,79.0,159.0,5.0,984.0,216.0,0
15.0,897.0,264.0,258.0,4.0,490.0,80.0,0
6.0,5153.0,200.0,16.0,4.0,832.0,87.0,0
10.0,2750.0,146.0,80.0,4.0,360.0,100.0,1
15.0,868.0,153.0,44.0,5.0,1065.0,65.0,1
1.0,2099.0,208.0,154.0,1.0,440.0,265.0,1
16.0,5947.0,76.0,208.0,4.0,771.0,74.0,0
0.0,4014.0,139.0,85.0,3.0,390.0,80.0,0
6.0,5549.0,19.0,16.0,3.0,1095.0,72.0,1
14.0,941.0,197.0,217.0,1.0,680.0,207.0,0
15.0,626.0,233.0,277.0,6.0,1010.0,115.0,0
13.0,51.0,208.0,238.0,7.0,872.0,97.0,0
10.0,2763.0,80.0,180.0,1.0,895.0,105.0,0
15.0,1055.0,216.0,182.0,3.0,900.0,75.0,1
7.0,623.0,79.0,85.0,7.0,650.0,164.0,0
12.0,6352.0,214.0,253.0,7.0,934.0,102.0,0
5.0,2071.0,261.0,217.0,7.0,666.0,97.0,0
4.0,1726.0,96.0,243.0,1.0,869.0,357.0,1
5.0,1921.0,85.0,217.0,7.0,525.0,278.0,0
12.0,4655.0,197.0,240.0,4.0,1140.0,42.0,0
14.0,1807.0,221.0,216.0,4.0,425.0,81.0,0
12.0,6695.0,91.0,79.0,3.0,741.0,108.0,0
15.0,1980.0,154.0,258.0,1.0,930.0,65.0,0
12.0,6529.0,208.0,195.0,1.0,825.0,47.0,1
15.0,8.0,172.0,153.0,3.0,665.0,195.0,1
8.0,785.0,173.0,215.0,7.0,948.0,102.0,1
1.0,1901.0,268.0,80.0,3.0,575.0,115.0,0
15.0,1589.0,202.0,243.0,7.0,1215.0,80.0,1
12.0,4460.0,261.0,46.0,4.0,585.0,80.0,0
14.0,511.0,264.0,217.0,1.0,406.0,88.0,0
3.0,1250.0,134.0,35.0,3.0,391.0,89.0,0
16.0,2097.0,135.0,65.0,6.0,917.0,134.0,0
9.0,546.0,128.0,203.0,3.0,1008.0,37.0,0
6.0,5484.0,87.0,16.0,4.0,420.0,80.0,0
5.0,2253.0,197.0,252.0,6.0,1055.0,223.0,1
0.0,4011.0,152.0,85.0,3.0,625.0,49.0,1
15.0,2537.0,253.0,175.0,5.0,1040.0,245.0,0
11.0,6774.0,22.0,78.0,7.0,735.0,88.0,0
15.0,181.0,129.0,153.0,5.0,615.0,205.0,1
4.0,1495.0,135.0,154.0,3.0,580.0,221.0,1
17.0,2861.0,217.0,103.0,3.0,1065.0,60.0,1
5.0,1334.0,16.0,234.0,7.0,500.0,104.0,0
12.0,6446.0,263.0,154.0,6.0,1057.0,57.0,0
5.0,1600.0,16.0,35.0,3.0,455.0,153.0,0
1.0,1693.0,173.0,80.0,7.0,1040.0,175.0,0
1.0,1905.0,78.0,80.0,4.0,600.0,225.0,0
14.0,486.0,217.0,79.0,4.0,585.0,109.0,0
16.0,2076.0,96.0,139.0,3.0,1200.0,142.0,0
17.0,7295.0,247.0,208.0,1.0,1036.0,49.0,1
5.0,1201.0,85.0,261.0,7.0,505.0,251.0,1
5.0,1656.0,18.0,16.0,7.0,656.0,134.0,0
14.0,1029.0,60.0,183.0,4.0,865.0,120.0,0
2.0,497.0,243.0,252.0,6.0,845.0,174.0,1
3.0,691.0,35.0,78.0,5.0,1230.0,99.0,1
10.0,3052.0,154.0,236.0,3.0,1030.0,90.0,0
5.0,1832.0,208.0,197.0,4.0,900.0,90.0,1
14.0,1915.0,60.0,233.0,1.0,1080.0,49.0,1
5.0,2080.0,252.0,85.0,3.0,565.0,260.0,0
13.0,94.0,217.0,253.0,1.0,859.0,128.0,0
12.0,4616.0,197.0,58.0,5.0,915.0,115.0,1
3.0,765.0,173.0,37.0,7.0,1395.0,150.0,0
15.0,1091.0,75.0,91.0,1.0,400.0,110.0,1
15.0,740.0,264.0,153.0,5.0,700.0,65.0,0
6.0,5496.0,16.0,53.0,5.0,898.0,95.0,1
1.0,1978.0,80.0,277.0,3.0,1096.0,135.0,1
10.0,3912.0,208.0,69.0,5.0,1130.0,90.0,1
3.0,1219.0,35.0,43.0,7.0,1230.0,89.0,1
12.0,4562.0,261.0,65.0,3.0,1190.0,97.0,0
15.0,848.0,154.0,280.0,7.0,940.0,75.0,1
5.0,1106.0,252.0,261.0,6.0,360.0,120.0,1
4.0,302.0,96.0,154.0,4.0,600.0,366.0,1
12.0,4774.0,2.0,261.0,1.0,520.0,101.0,1
6.0,5022.0,177.0,157.0,5.0,575.0,80.0,0
12.0,4487.0,261.0,252.0,5.0,585.0,135.0,1
3.0,318.0,202.0,134.0,4.0,1365.0,294.0,1
16.0,2617.0,279.0,135.0,4.0,995.0,96.0,0
15.0,704.0,175.0,134.0,7.0,1030.0,105.0,1
4.0,1647.0,208.0,135.0,4.0,1167.0,165.0,1
5.0,2208.0,16.0,134.0,5.0,730.0,105.0,0
5.0,1745.0,85.0,197.0,5.0,815.0,113.0,0
12.0,6311.0,154.0,227.0,5.0,1350.0,50.0,0
1.0,367.0,104.0,80.0,6.0,505.0,195.0,0
4.0,214.0,80.0,135.0,3.0,340.0,59.0,1
13.0,55.0,253.0,150.0,7.0,987.0,336.0,1
15.0,631.0,45.0,43.0,6.0,560.0,65.0,0
5.0,2717.0,177.0,154.0,3.0,825.0,259.0,0
5.0,1885.0,16.0,198.0,5.0,665.0,103.0,0
1.0,1625.0,260.0,80.0,7.0,510.0,325.0,0
14.0,374.0,60.0,148.0,4.0,785.0,119.0,0
15.0,181.0,131.0,129.0,5.0,525.0,60.0,1
14.0,2177.0,159.0,78.0,1.0,840.0,72.0,1
5.0,2103.0,16.0,153.0,5.0,580.0,281.0,0
15.0,3830.0,268.0,216.0,7.0,615.0,130.0,0
14.0,413.0,60.0,253.0,1.0,995.0,347.0,1
16.0,5906.0,237.0,208.0,3.0,619.0,116.0,0
10.0,3766.0,208.0,79.0,4.0,955.0,155.0,0
5.0,2089.0,197.0,264.0,6.0,585.0,242.0,1
0.0,4162.0,85.0,238.0,1.0,1045.0,79.0,1
4.0,1588.0,243.0,135.0,6.0,765.0,186.0,1
5.0,2050.0,177.0,159.0,7.0,1135.0,162.0,0
1.0,1061.0,148.0,183.0,4.0,430.0,208.0,0
5.0,2961.0,16.0,74.0,4.0,1295.0,77.0,0
5.0,1749.0,16.0,253.0,4.0,1145.0,332.0,1
11.0,6753.0,85.0,228.0,1.0,1045.0,116.0,0
15.0,1149.0,217.0,197.0,1.0,680.0,190.0,1
15.0,1868.0,251.0,27.0,3.0,650.0,70.0,1
13.0,842.0,208.0,154.0,6.0,496.0,277.0,1
13.0,706.0,217.0,79.0,4.0,1077.0,111.0,0
13.0,60.0,150.0,154.0,3.0,806.0,324.0,1
5.0,1387.0,35.0,159.0,5.0,810.0,72.0,0
14.0,1762.0,216.0,159.0,6.0,1075.0,60.0,0
5.0,2177.0,85.0,241.0,4.0,745.0,173.0,0
15.0,1520.0,87.0,173.0,6.0,1130.0,65.0,0
5.0,2279.0,159.0,104.0,7.0,895.0,198.0,0
8.0,435.0,252.0,184.0,4.0,495.0,235.0,1
15.0,1308.0,244.0,129.0,5.0,850.0,50.0,1
15.0,1134.0,45.0,139.0,5.0,540.0,105.0,0
5.0,1570.0,268.0,16.0,4.0,615.0,90.0,1
5.0,748.0,147.0,16.0,7.0,695.0,75.0,0
12.0,4508.0,252.0,261.0,6.0,955.0,113.0,0
15.0,29.0,129.0,68.0,1.0,895.0,50.0,0
15.0,3414.0,202.0,264.0,3.0,1060.0,80.0,1
10.0,4056.0,208.0,71.0,7.0,535.0,75.0,0
15.0,2898.0,217.0,2.0,3.0,480.0,65.0,0
15.0,3503.0,22.0,175.0,3.0,775.0,155.0,1
2.0,854.0,161.0,252.0,6.0,540.0,329.0,0
13.0,59.0,253.0,150.0,4.0,536.0,337.0,0
12.0,4762.0,227.0,261.0,7.0,390.0,102.0,0
15.0,166.0,217.0,154.0,3.0,715.0,85.0,1
11.0,6456.0,157.0,16.0,3.0,935.0,90.0,0
0.0,4263.0,71.0,172.0,6.0,565.0,120.0,1
11.0,6604.0,71.0,22.0,3.0,915.0,119.0,0
1.0,1209.0,80.0,258.0,7.0,745.0,230.0,0
5.0,2099.0,245.0,16.0,7.0,617.0,68.0,0
5.0,1507.0,16.0,261.0,6.0,730.0,252.0,0
16.0,2356.0,27.0,135.0,7.0,900.0,112.0,0
13.0,953.0,134.0,217.0,3.0,1062.0,311.0,1
2.0,4.0,252.0,78.0,5.0,520.0,298.0,0
7.0,843.0,79.0,252.0,7.0,1090.0,177.0,0
5.0,1413.0,60.0,177.0,3.0,395.0,119.0,0
10.0,2903.0,288.0,80.0,6.0,420.0,140.0,0
0.0,4322.0,33.0,197.0,1.0,480.0,144.0,1
1.0,283.0,154.0,128.0,7.0,625.0,365.0,0
15.0,208.0,264.0,217.0,3.0,405.0,95.0,1
11.0,6553.0,157.0,78.0,7.0,405.0,96.0,1
2.0,65.0,252.0,151.0,4.0,420.0,131.0,0
15.0,1426.0,75.0,155.0,3.0,495.0,65.0,1
14.0,933.0,60.0,147.0,4.0,1075.0,73.0,1
12.0,6908.0,2.0,253.0,5.0,408.0,167.0,0
14.0,1924.0,60.0,45.0,4.0,700.0,85.0,0
5.0,1327.0,85.0,22.0,6.0,1180.0,105.0,0
5.0,2702.0,173.0,71.0,3.0,735.0,135.0,0
1.0,1914.0,80.0,147.0,7.0,850.0,130.0,0
12.0,6742.0,79.0,58.0,7.0,607.0,172.0,0
12.0,6354.0,246.0,154.0,1.0,588.0,48.0,0
12.0,6974.0,79.0,184.0,5.0,612.0,143.0,0
1.0,2024.0,80.0,33.0,3.0,730.0,100.0,0
15.0,461.0,216.0,147.0,5.0,790.0,150.0,1
1.0,2537.0,208.0,153.0,7.0,1290.0,235.0,0
11.0,6429.0,119.0,71.0,5.0,1072.0,68.0,0
5.0,130.0,241.0,16.0,4.0,750.0,109.0,0
13.0,242.0,208.0,228.0,3.0,790.0,136.0,0
17.0,2932.0,217.0,18.0,3.0,600.0,145.0,0
12.0,4849.0,197.0,177.0,7.0,1165.0,119.0,1
16.0,2067.0,96.0,147.0,7.0,905.0,154.0,0
15.0,39.0,170.0,75.0,5.0,870.0,65.0,0
14.0,1047.0,78.0,60.0,7.0,1035.0,92.0,1
1.0,372.0,260.0,277.0,6.0,1245.0,180.0,0
8.0,484.0,173.0,45.0,5.0,750.0,126.0,0
5.0,2156.0,85.0,139.0,5.0,930.0,70.0,0
15.0,1481.0,33.0,79.0,4.0,365.0,185.0,0
15.0,2265.0,111.0,34.0,5.0,710.0,60.0,0
5.0,2069.0,234.0,16.0,1.0,415.0,125.0,1
8.0,917.0,45.0,184.0,6.0,1139.0,124.0,0
6.0,5006.0,16.0,273.0,3.0,1247.0,130.0,1
13.0,528.0,197.0,208.0,3.0,416.0,84.0,0
12.0,6499.0,258.0,154.0,1.0,652.0,79.0,1
5.0,1808.0,79.0,197.0,7.0,1135.0,117.0,0
16.0,2877.0,96.0,197.0,4.0,1200.0,194.0,1
14.0,491.0,79.0,217.0,7.0,1100.0,117.0,0
3.0,672.0,154.0,148.0,4.0,709.0,311.0,1
4.0,199.0,135.0,79.0,5.0,440.0,157.0,0
15.0,211.0,2.0,243.0,4.0,565.0,120.0,0
12.0,6635.0,253.0,55.0,1.0,739.0,55.0,0
6.0,5489.0,16.0,115.0,5.0,776.0,69.0,0
1.0,732.0,80.0,159.0,7.0,815.0,205.0,0
15.0,159.0,153.0,198.0,6.0,620.0,200.0,0
15.0,324.0,175.0,104.0,4.0,910.0,185.0,0
8.0,435.0,184.0,16.0,1.0,936.0,121.0,0
14.0,830.0,60.0,174.0,6.0,1070.0,86.0,0
12.0,4511.0,261.0,111.0,3.0,1010.0,115.0,1
6.0,5418.0,11.0,16.0,3.0,1077.0,68.0,1
12.0,4799.0,195.0,197.0,5.0,390.0,70.0,0
15.0,2439.0,79.0,85.0,4.0,1140.0,175.0,0
12.0,6916.0,2.0,79.0,3.0,1045.0,74.0,0
7.0,400.0,154.0,79.0,1.0,545.0,140.0,1
16.0,2598.0,135.0,172.0,7.0,1050.0,115.0,0
15.0,284.0,205.0,153.0,7.0,560.0,185.0,1
5.0,2203.0,16.0,153.0,4.0,505.0,282.0,0
1.0,1630.0,80.0,153.0,6.0,735.0,180.0,1
12.0,4666.0,100.0,261.0,4.0,985.0,101.0,1
5.0,2097.0,16.0,183.0,7.0,730.0,112.0,0
14.0,1703.0,78.0,104.0,1.0,510.0,162.0,0
0.0,3939.0,177.0,84.0,7.0,555.0,101.0,0
3.0,42.0,148.0,273.0,1.0,740.0,68.0,0
6.0,5022.0,177.0,157.0,7.0,575.0,80.0,0
6.0,5004.0,201.0,16.0,3.0,992.0,97.0,1
6.0,7314.0,16.0,278.0,5.0,1155.0,67.0,0
1.0,1890.0,154.0,208.0,4.0,1020.0,230.0,0
1.0,1186.0,268.0,208.0,4.0,1210.0,65.0,0
4.0,1175.0,96.0,208.0,7.0,480.0,160.0,0
15.0,1237.0,175.0,58.0,5.0,420.0,75.0,0
6.0,7082.0,35.0,134.0,3.0,744.0,103.0,1
11.0,6369.0,71.0,16.0,7.0,817.0,108.0,0
17.0,2999.0,134.0,60.0,7.0,565.0,115.0,0
6.0,5035.0,16.0,190.0,7.0,1052.0,80.0,0
8.0,943.0,45.0,238.0,5.0,681.0,71.0,0
14.0,1083.0,78.0,147.0,5.0,850.0,122.0,0
15.0,2227.0,153.0,61.0,6.0,980.0,230.0,1
1.0,1147.0,173.0,80.0,3.0,845.0,175.0,1
7.0,453.0,159.0,184.0,1.0,370.0,135.0,0
12.0,6872.0,192.0,79.0,7.0,515.0,97.0,0
6.0,4942.0,147.0,78.0,4.0,360.0,112.0,0
6.0,5514.0,176.0,16.0,7.0,860.0,78.0,0
5.0,1306.0,280.0,16.0,1.0,862.0,203.0,0
14.0,500.0,217.0,139.0,5.0,1175.0,193.0,0
1.0,386.0,208.0,159.0,5.0,535.0,120.0,0
12.0,4536.0,261.0,208.0,1.0,826.0,189.0,0
11.0,6341.0,234.0,85.0,5.0,360.0,125.0,0
17.0,2640.0,120.0,60.0,6.0,770.0,54.0,0
10.0,4625.0,159.0,233.0,3.0,360.0,100.0,0
5.0,1978.0,213.0,16.0,4.0,1130.0,116.0,0
10.0,2820.0,266.0,80.0,6.0,690.0,45.0,0
2.0,81.0,252.0,14.0,7.0,360.0,219.0,0
15.0,1022.0,153.0,264.0,5.0,1115.0,70.0,1
15.0,1982.0,204.0,75.0,7.0,695.0,55.0,0
15.0,1657.0,91.0,244.0,1.0,375.0,80.0,0
16.0,2677.0,135.0,2.0,7.0,1280.0,130.0,0
5.0,2417.0,85.0,153.0,3.0,950.0,278.0,1
15.0,2442.0,18.0,154.0,7.0,480.0,205.0,0
4.0,1883.0,269.0,96.0,4.0,820.0,268.0,0
1.0,1091.0,268.0,80.0,6.0,795.0,115.0,0
16.0,2540.0,96.0,33.0,5.0,395.0,154.0,0
13.0,368.0,198.0,134.0,3.0,470.0,145.0,0
10.0,3657.0,183.0,221.0,1.0,525.0,160.0,0
14.0,522.0,217.0,236.0,6.0,665.0,113.0,0
11.0,6753.0,85.0,228.0,7.0,1045.0,116.0,0
15.0,1147.0,154.0,258.0,1.0,395.0,65.0,1
1.0,2442.0,154.0,80.0,6.0,705.0,190.0,0
14.0,1103.0,45.0,60.0,4.0,630.0,88.0,0
1.0,75.0,134.0,154.0,7.0,1105.0,340.0,0
10.0,3054.0,154.0,246.0,6.0,460.0,40.0,0
4.0,107.0,96.0,135.0,4.0,905.0,245.0,0
1.0,594.0,260.0,45.0,7.0,1120.0,235.0,0
14.0,306.0,79.0,60.0,4.0,970.0,182.0,0
14.0,1928.0,216.0,228.0,6.0,1240.0,64.0,0
15.0,59.0,75.0,129.0,3.0,1260.0,60.0,0
13.0,517.0,134.0,79.0,1.0,742.0,233.0,0
4.0,378.0,244.0,135.0,4.0,410.0,61.0,0
14.0,1489.0,60.0,147.0,7.0,1345.0,77.0,0
15.0,618.0,228.0,45.0,5.0,430.0,90.0,0
9.0,313.0,128.0,161.0,7.0,1051.0,37.0,1
16.0,2987.0,42.0,58.0,1.0,1080.0,95.0,1
7.0,488.0,184.0,173.0,6.0,458.0,169.0,1
16.0,2364.0,96.0,268.0,3.0,885.0,167.0,0
5.0,1071.0,184.0,197.0,7.0,400.0,81.0,0
15.0,684.0,228.0,217.0,7.0,770.0,365.0,0
6.0,5275.0,16.0,146.0,3.0,494.0,84.0,1
13.0,43.0,79.0,128.0,5.0,714.0,458.0,1
5.0,1873.0,85.0,177.0,7.0,925.0,126.0,0
1.0,1185.0,233.0,80.0,4.0,380.0,200.0,0
7.0,783.0,79.0,153.0,4.0,595.0,113.0,0
11.0,6450.0,71.0,174.0,4.0,665.0,80.0,0
16.0,5956.0,58.0,208.0,3.0,1129.0,89.0,0
2.0,20.0,252.0,208.0,5.0,520.0,235.0,0
5.0,2263.0,148.0,154.0,7.0,1260.0,388.0,1
13.0,802.0,79.0,173.0,1.0,610.0,218.0,1
15.0,1047.0,175.0,153.0,5.0,1095.0,250.0,0
1.0,661.0,80.0,207.0,5.0,1255.0,195.0,0
15.0,1079.0,277.0,198.0,7.0,855.0,100.0,0
16.0,2569.0,135.0,170.0,1.0,895.0,86.0,1
12.0,6524.0,253.0,214.0,4.0,1011.0,100.0,0
13.0,109.0,208.0,197.0,4.0,873.0,93.0,0
0.0,3956.0,197.0,71.0,6.0,545.0,116.0,0
10.0,2890.0,114.0,80.0,6.0,705.0,120.0,0
12.0,6274.0,208.0,130.0,5.0,961.0,125.0,1
15.0,614.0,45.0,213.0,7.0,1030.0,150.0,1
12.0,4668.0,261.0,79.0,3.0,405.0,85.0,1
15.0,1425.0,262.0,153.0,7.0,455.0,80.0,0
12.0,6906.0,79.0,44.0,3.0,1106.0,148.0,1
2.0,354.0,252.0,202.0,5.0,1225.0,124.0,1
10.0,4212.0,208.0,43.0,5.0,720.0,95.0,0
5.0,2727.0,16.0,104.0,3.0,735.0,115.0,0
4.0,507.0,207.0,135.0,4.0,75.0,167.0,0
14.0,1289.0,35.0,216.0,3.0,330.0,84.0,0
15.0,1037.0,268.0,173.0,6.0,775.0,140.0,1
4.0,633.0,159.0,135.0,5.0,345.0,235.0,1
11.0,6330.0,16.0,278.0,6.0,596.0,76.0,0
17.0,2680.0,162.0,60.0,1.0,981.0,113.0,0
4.0,1142.0,96.0,16.0,7.0,510.0,164.0,0
12.0,4625.0,261.0,280.0,4.0,1010.0,106.0,0
10.0,2861.0,80.0,180.0,4.0,640.0,100.0,0
16.0,2917.0,197.0,135.0,4.0,1155.0,171.0,0
6.0,5015.0,16.0,132.0,7.0,1373.0,55.0,0
11.0,6333.0,238.0,85.0,3.0,931.0,86.0,0
13.0,642.0,148.0,253.0,7.0,660.0,394.0,0
16.0,5948.0,208.0,58.0,5.0,645.0,72.0,0
4.0,1054.0,96.0,213.0,7.0,695.0,168.0,0
3.0,1795.0,78.0,104.0,7.0,470.0,151.0,0
4.0,1596.0,153.0,135.0,7.0,485.0,173.0,0
6.0,5505.0,16.0,162.0,3.0,962.0,103.0,0
10.0,4661.0,159.0,16.0,3.0,1020.0,160.0,0
15.0,743.0,79.0,205.0,6.0,1120.0,80.0,0
8.0,869.0,16.0,197.0,4.0,1265.0,157.0,0
1.0,776.0,153.0,154.0,7.0,1130.0,70.0,1
17.0,1033.0,128.0,150.0,7.0,705.0,40.0,0
12.0,6748.0,57.0,154.0,4.0,1041.0,39.0,1
6.0,5004.0,201.0,16.0,7.0,992.0,97.0,0
9.0,279.0,150.0,203.0,5.0,849.0,31.0,0
15.0,411.0,216.0,153.0,4.0,635.0,350.0,1
8.0,1255.0,277.0,139.0,7.0,740.0,136.0,0
12.0,6379.0,154.0,248.0,3.0,470.0,61.0,0
6.0,5086.0,16.0,27.0,1.0,930.0,55.0,1
15.0,2176.0,202.0,217.0,4.0,985.0,115.0,1
1.0,1877.0,60.0,80.0,4.0,1160.0,180.0,0
10.0,2756.0,285.0,80.0,6.0,685.0,155.0,0
5.0,1864.0,197.0,78.0,1.0,785.0,141.0,0
6.0,5097.0,48.0,16.0,3.0,960.0,112.0,0
15.0,1097.0,44.0,202.0,3.0,1170.0,70.0,1
5.0,1909.0,106.0,16.0,1.0,375.0,146.0,0
14.0,1177.0,159.0,60.0,3.0,605.0,132.0,1
15.0,1318.0,91.0,153.0,6.0,760.0,115.0,0
10.0,3692.0,183.0,234.0,3.0,730.0,140.0,0
10.0,3941.0,172.0,208.0,4.0,790.0,95.0,1
12.0,6397.0,154.0,248.0,4.0,960.0,54.0,0
0.0,3922.0,247.0,85.0,4.0,812.0,63.0,1
16.0,5901.0,195.0,208.0,5.0,560.0,56.0,0
15.0,1671.0,175.0,173.0,3.0,1100.0,160.0,1
12.0,4529.0,205.0,261.0,1.0,380.0,156.0,0
5.0,1826.0,104.0,16.0,3.0,880.0,120.0,0
10.0,3712.0,208.0,290.0,5.0,1110.0,105.0,1
10.0,4235.0,208.0,84.0,6.0,570.0,75.0,0
13.0,738.0,79.0,173.0,5.0,488.0,213.0,0
13.0,243.0,79.0,153.0,7.0,490.0,122.0,0
12.0,6820.0,231.0,253.0,5.0,360.0,78.0,0
12.0,4767.0,197.0,251.0,6.0,605.0,110.0,0
15.0,465.0,172.0,277.0,3.0,755.0,155.0,1
15.0,2201.0,45.0,228.0,4.0,1235.0,70.0,1
12.0,6261.0,208.0,195.0,5.0,1081.0,48.0,0
3.0,116.0,104.0,148.0,5.0,1040.0,175.0,1
9.0,135.0,203.0,128.0,3.0,908.0,34.0,0
5.0,1374.0,159.0,35.0,3.0,510.0,71.0,0
13.0,321.0,134.0,208.0,4.0,890.0,134.0,0
10.0,3205.0,80.0,251.0,7.0,520.0,120.0,0
14.0,880.0,216.0,35.0,7.0,1365.0,72.0,0
3.0,424.0,213.0,35.0,6.0,1202.0,170.0,0
7.0,618.0,217.0,79.0,5.0,545.0,105.0,0
0.0,3697.0,152.0,85.0,7.0,420.0,63.0,0
15.0,3915.0,129.0,33.0,3.0,450.0,105.0,1
12.0,6294.0,79.0,83.0,5.0,964.0,62.0,0
5.0,1685.0,159.0,173.0,1.0,755.0,175.0,0
8.0,224.0,184.0,153.0,5.0,455.0,250.0,0
10.0,4395.0,33.0,159.0,1.0,620.0,130.0,0
2.0,586.0,214.0,264.0,7.0,700.0,142.0,0
2.0,471.0,154.0,252.0,7.0,1110.0,166.0,1
2.0,865.0,252.0,150.0,3.0,520.0,376.0,0
5.0,1473.0,184.0,197.0,3.0,788.0,80.0,0
0.0,4293.0,148.0,43.0,1.0,655.0,125.0,1
15.0,3936.0,207.0,153.0,7.0,1200.0,55.0,0
13.0,785.0,35.0,79.0,1.0,607.0,287.0,1
12.0,4628.0,135.0,261.0,7.0,1115.0,194.0,0
5.0,1717.0,16.0,79.0,1.0,660.0,207.0,0
15.0,256.0,217.0,173.0,4.0,630.0,245.0,0
1.0,1082.0,153.0,208.0,6.0,740.0,220.0,1
10.0,3584.0,184.0,80.0,6.0,725.0,165.0,0
1.0,1948.0,80.0,216.0,7.0,615.0,185.0,1
15.0,1262.0,182.0,175.0,6.0,680.0,160.0,0
12.0,6492.0,162.0,79.0,3.0,963.0,145.0,1
3.0,1310.0,134.0,148.0,3.0,1180.0,83.0,0
4.0,498.0,79.0,135.0,5.0,860.0,138.0,1
17.0,2747.0,248.0,217.0,4.0,960.0,95.0,0
3.0,491.0,35.0,79.0,7.0,1185.0,271.0,1
2.0,495.0,243.0,252.0,4.0,510.0,183.0,0
10.0,4200.0,139.0,208.0,5.0,755.0,70.0,0
8.0,63.0,134.0,16.0,5.0,662.0,115.0,0
12.0,4689.0,261.0,2.0,3.0,1298.0,100.0,1
15.0,860.0,45.0,184.0,7.0,745.0,125.0,1
15.0,1286.0,153.0,154.0,1.0,525.0,65.0,1
8.0,1255.0,277.0,139.0,1.0,740.0,136.0,0
17.0,1014.0,203.0,128.0,6.0,1020.0,32.0,0
12.0,4641.0,261.0,100.0,6.0,1190.0,93.0,0
15.0,1955.0,175.0,85.0,5.0,935.0,70.0,0
15.0,2097.0,154.0,172.0,1.0,745.0,190.0,1
12.0,7017.0,65.0,79.0,4.0,1137.0,41.0,1
12.0,4761.0,261.0,227.0,6.0,675.0,99.0,0
10.0,4500.0,290.0,159.0,3.0,1075.0,180.0,1
13.0,434.0,208.0,61.0,4.0,415.0,75.0,0
10.0,4535.0,61.0,159.0,4.0,475.0,105.0,0
5.0,1822.0,80.0,85.0,4.0,1050.0,150.0,0
5.0,2684.0,183.0,78.0,5.0,633.0,146.0,0
12.0,4667.0,279.0,261.0,5.0,380.0,154.0,1
0.0,4310.0,177.0,16.0,4.0,460.0,90.0,1
3.0,474.0,154.0,35.0,5.0,781.0,316.0,0
7.0,727.0,78.0,79.0,3.0,825.0,237.0,0
0.0,4279.0,177.0,13.0,4.0,1185.0,120.0,0
1.0,1499.0,80.0,258.0,4.0,885.0,230.0,0
15.0,370.0,79.0,216.0,5.0,840.0,220.0,0
8.0,335.0,216.0,16.0,5.0,706.0,138.0,0
5.0,1292.0,243.0,16.0,1.0,663.0,247.0,1
5.0,2071.0,252.0,261.0,3.0,430.0,131.0,0
13.0,178.0,154.0,208.0,4.0,584.0,240.0,0
12.0,6268.0,253.0,280.0,3.0,495.0,117.0,0
15.0,778.0,79.0,233.0,5.0,1020.0,195.0,0
8.0,131.0,16.0,277.0,7.0,1345.0,82.0,0
1.0,1020.0,80.0,198.0,3.0,710.0,80.0,0
10.0,4330.0,71.0,208.0,4.0,960.0,80.0,0
16.0,2979.0,172.0,135.0,5.0,768.0,124.0,0
3.0,372.0,104.0,159.0,4.0,585.0,165.0,1
1.0,2401.0,80.0,154.0,6.0,390.0,205.0,0
14.0,1897.0,60.0,16.0,4.0,1340.0,67.0,0
12.0,4479.0,34.0,197.0,6.0,623.0,166.0,0
12.0,7035.0,154.0,214.0,5.0,760.0,141.0,0
15.0,47.0,129.0,33.0,3.0,1170.0,105.0,0
16.0,2102.0,156.0,135.0,4.0,420.0,44.0,0
15.0,2296.0,45.0,228.0,6.0,515.0,70.0,0
6.0,7107.0,134.0,159.0,4.0,1055.0,85.0,0
15.0,2753.0,217.0,264.0,6.0,1170.0,70.0,1
15.0,3421.0,175.0,79.0,5.0,705.0,160.0,1
1.0,346.0,268.0,208.0,4.0,1035.0,80.0,0
16.0,2006.0,135.0,16.0,7.0,535.0,113.0,0
1.0,284.0,128.0,154.0,6.0,960.0,310.0,0
15.0,2871.0,244.0,75.0,1.0,990.0,55.0,1
12.0,4749.0,261.0,207.0,1.0,913.0,98.0,0
15.0,1451.0,129.0,154.0,4.0,645.0,230.0,1
8.0,171.0,16.0,241.0,3.0,1335.0,98.0,1
16.0,2570.0,135.0,41.0,3.0,1175.0,61.0,0
13.0,711.0,216.0,208.0,4.0,765.0,144.0,0
17.0,2735.0,217.0,160.0,3.0,520.0,82.0,0
12.0,4551.0,232.0,261.0,5.0,385.0,101.0,0
1.0,1952.0,80.0,173.0,3.0,925.0,145.0,0
13.0,693.0,159.0,208.0,7.0,1144.0,169.0,1
5.0,2503.0,85.0,104.0,7.0,840.0,178.0,0
15.0,1961.0,216.0,182.0,6.0,790.0,75.0,0
14.0,1610.0,60.0,233.0,7.0,978.0,52.0,0
1.0,2029.0,159.0,183.0,4.0,479.0,195.0,0
8.0,1417.0,106.0,241.0,4.0,856.0,178.0,1
15.0,1428.0,217.0,253.0,6.0,530.0,130.0,0
16.0,3103.0,96.0,273.0,4.0,1000.0,71.0,0
6.0,5277.0,85.0,147.0,3.0,925.0,144.0,0
4.0,347.0,208.0,135.0,1.0,485.0,165.0,1
7.0,328.0,184.0,35.0,1.0,822.0,133.0,1
7.0,653.0,79.0,253.0,7.0,505.0,161.0,1
15.0,1101.0,44.0,202.0,5.0,1115.0,70.0,1
12.0,4439.0,197.0,192.0,1.0,1035.0,91.0,1
5.0,2792.0,243.0,16.0,7.0,825.0,250.0,1
12.0,6950.0,79.0,107.0,6.0,955.0,86.0,0
12.0,6567.0,251.0,208.0,7.0,1134.0,90.0,1
8.0,35.0,175.0,16.0,4.0,834.0,117.0,0
15.0,389.0,198.0,33.0,1.0,785.0,85.0,0
0.0,3721.0,85.0,76.0,4.0,520.0,60.0,0
12.0,4747.0,154.0,153.0,6.0,877.0,69.0,1
15.0,105.0,147.0,45.0,6.0,1065.0,110.0,0
5.0,1470.0,16.0,60.0,7.0,1365.0,65.0,1
5.0,2688.0,173.0,78.0,5.0,835.0,119.0,1
15.0,2819.0,277.0,104.0,5.0,450.0,60.0,0
14.0,358.0,60.0,197.0,3.0,1335.0,158.0,0
6.0,5422.0,79.0,177.0,3.0,940.0,130.0,1
5.0,1617.0,54.0,16.0,3.0,445.0,80.0,1
15.0,360.0,153.0,91.0,4.0,995.0,100.0,0
1.0,1483.0,233.0,80.0,1.0,915.0,195.0,0
10.0,4661.0,159.0,16.0,1.0,1020.0,160.0,1
13.0,288.0,208.0,173.0,3.0,840.0,163.0,1
10.0,3650.0,285.0,183.0,1.0,360.0,135.0,0
17.0,7292.0,139.0,134.0,7.0,1157.0,93.0,0
15.0,821.0,154.0,153.0,3.0,475.0,60.0,1
12.0,6423.0,214.0,252.0,3.0,1050.0,52.0,1
14.0,409.0,217.0,253.0,4.0,1070.0,122.0,0
15.0,2572.0,277.0,147.0,6.0,1005.0,50.0,1
12.0,7020.0,227.0,79.0,3.0,997.0,123.0,1
16.0,2403.0,96.0,279.0,3.0,1170.0,224.0,1
11.0,6608.0,61.0,85.0,7.0,620.0,70.0,0
15.0,2633.0,243.0,253.0,7.0,770.0,90.0,1
6.0,5212.0,87.0,177.0,1.0,685.0,93.0,0
12.0,6496.0,162.0,208.0,6.0,751.0,109.0,1
10.0,3297.0,80.0,285.0,3.0,605.0,115.0,0
10.0,3690.0,183.0,58.0,7.0,1200.0,175.0,1
5.0,1721.0,85.0,277.0,7.0,1190.0,161.0,1
14.0,14.0,252.0,217.0,1.0,510.0,166.0,0
6.0,5033.0,273.0,16.0,7.0,940.0,148.0,1
15.0,1214.0,217.0,153.0,6.0,970.0,70.0,1
12.0,6238.0,153.0,100.0,3.0,1247.0,78.0,1
12.0,6341.0,154.0,243.0,5.0,1125.0,47.0,0
5.0,1197.0,154.0,203.0,4.0,525.0,351.0,0
15.0,2900.0,258.0,207.0,5.0,1235.0,70.0,0
5.0,1206.0,135.0,16.0,4.0,1079.0,131.0,1
11.0,6577.0,148.0,208.0,3.0,585.0,177.0,1
16.0,2769.0,135.0,91.0,5.0,826.0,118.0,0
15.0,1289.0,252.0,262.0,1.0,465.0,105.0,0
8.0,1228.0,139.0,267.0,1.0,757.0,138.0,0
14.0,1495.0,12.0,60.0,5.0,495.0,144.0,0
5.0,1503.0,22.0,197.0,7.0,1100.0,186.0,1
10.0,2853.0,80.0,254.0,4.0,1120.0,75.0,0
14.0,680.0,217.0,60.0,3.0,390.0,225.0,1
15.0,186.0,146.0,175.0,4.0,1045.0,120.0,1
16.0,3065.0,96.0,54.0,4.0,563.0,146.0,1
5.0,2628.0,208.0,177.0,7.0,1010.0,110.0,1
14.0,473.0,153.0,253.0,4.0,990.0,95.0,0
1.0,7.0,80.0,203.0,7.0,690.0,510.0,0
0.0,3894.0,279.0,197.0,3.0,435.0,125.0,1
1.0,2346.0,80.0,208.0,6.0,755.0,135.0,1
5.0,1803.0,85.0,177.0,6.0,445.0,138.0,0
6.0,7079.0,134.0,85.0,1.0,746.0,94.0,0
1.0,634.0,241.0,208.0,5.0,410.0,190.0,0
15.0,3932.0,44.0,202.0,3.0,1010.0,70.0,0
5.0,1863.0,78.0,197.0,7.0,972.0,166.0,0
12.0,6480.0,140.0,292.0,4.0,346.0,34.0,0
15.0,747.0,61.0,277.0,7.0,740.0,135.0,1
15.0,1065.0,79.0,153.0,4.0,905.0,115.0,1
3.0,439.0,35.0,173.0,7.0,960.0,192.0,1
13.0,324.0,154.0,134.0,6.0,559.0,287.0,1
5.0,2228.0,173.0,85.0,5.0,740.0,160.0,0
12.0,6735.0,79.0,196.0,5.0,628.0,133.0,0
1.0,399.0,216.0,80.0,3.0,695.0,235.0,1
14.0,407.0,216.0,208.0,5.0,475.0,152.0,0
9.0,122.0,128.0,143.0,3.0,462.0,50.0,0
4.0,450.0,96.0,18.0,6.0,1015.0,248.0,0
12.0,4761.0,261.0,227.0,3.0,675.0,99.0,0
1.0,1256.0,183.0,159.0,5.0,465.0,170.0,1
3.0,62.0,148.0,273.0,5.0,888.0,78.0,0
14.0,1184.0,45.0,216.0,3.0,1110.0,68.0,1
12.0,7771.0,261.0,255.0,1.0,590.0,86.0,1
4.0,56.0,173.0,96.0,3.0,778.0,157.0,1
15.0,475.0,277.0,104.0,7.0,815.0,60.0,1
14.0,1172.0,277.0,78.0,1.0,715.0,125.0,0
6.0,5004.0,16.0,201.0,4.0,885.0,82.0,0
16.0,3057.0,288.0,135.0,3.0,908.0,109.0,0
4.0,542.0,135.0,261.0,7.0,580.0,191.0,0
10.0,2865.0,80.0,181.0,3.0,880.0,85.0,1
6.0,4986.0,177.0,60.0,6.0,1195.0,101.0,0
15.0,1003.0,2.0,280.0,3.0,1135.0,70.0,1
3.0,741.0,173.0,260.0,7.0,420.0,157.0,1
5.0,1045.0,139.0,16.0,3.0,865.0,100.0,1
15.0,237.0,261.0,45.0,3.0,740.0,245.0,1
1.0,720.0,80.0,159.0,1.0,665.0,195.0,1
17.0,7292.0,208.0,54.0,3.0,1135.0,121.0,1
2.0,553.0,227.0,252.0,6.0,1125.0,164.0,0
1.0,354.0,208.0,159.0,4.0,1055.0,125.0,0
2.0,665.0,80.0,252.0,5.0,420.0,267.0,1
13.0,86.0,128.0,154.0,6.0,1406.0,337.0,0
4.0,89.0,135.0,96.0,3.0,360.0,200.0,0
2.0,606.0,252.0,153.0,3.0,595.0,149.0,0
16.0,2481.0,135.0,68.0,5.0,1130.0,59.0,1
15.0,3029.0,91.0,244.0,6.0,510.0,80.0,0
15.0,756.0,153.0,236.0,5.0,855.0,75.0,1
8.0,226.0,184.0,153.0,7.0,1135.0,250.0,0
8.0,1464.0,173.0,175.0,7.0,810.0,163.0,0
10.0,4088.0,208.0,99.0,5.0,1240.0,115.0,0
12.0,4470.0,99.0,197.0,3.0,912.0,66.0,0
10.0,3631.0,183.0,33.0,4.0,745.0,150.0,0
6.0,5185.0,245.0,16.0,5.0,690.0,70.0,0
0.0,4052.0,177.0,208.0,4.0,525.0,116.0,0
1.0,1063.0,208.0,154.0,7.0,515.0,270.0,1
15.0,996.0,153.0,129.0,3.0,680.0,180.0,1
6.0,5200.0,177.0,16.0,4.0,1185.0,83.0,1
1.0,1630.0,80.0,153.0,3.0,735.0,180.0,1
6.0,5207.0,52.0,16.0,3.0,400.0,52.0,1
16.0,2980.0,285.0,58.0,5.0,1016.0,79.0,0
17.0,7245.0,134.0,228.0,1.0,748.0,82.0,0
10.0,4571.0,159.0,61.0,6.0,970.0,120.0,0
5.0,2139.0,78.0,16.0,5.0,1020.0,125.0,0
13.0,547.0,208.0,153.0,5.0,611.0,241.0,0
4.0,1461.0,58.0,173.0,7.0,875.0,144.0,1
5.0,2527.0,16.0,104.0,5.0,1298.0,114.0,1
1.0,735.0,78.0,183.0,6.0,1090.0,160.0,0
12.0,7019.0,214.0,252.0,3.0,1155.0,52.0,0
0.0,4075.0,85.0,106.0,6.0,725.0,42.0,0
1.0,1247.0,208.0,154.0,1.0,680.0,265.0,0
15.0,529.0,243.0,202.0,3.0,675.0,85.0,0
15.0,1550.0,79.0,216.0,6.0,680.0,220.0,0
4.0,458.0,135.0,78.0,4.0,775.0,165.0,0
8.0,995.0,184.0,35.0,7.0,465.0,133.0,1
15.0,1161.0,129.0,153.0,4.0,1110.0,205.0,1
14.0,1166.0,60.0,221.0,3.0,690.0,84.0,1
0.0,3715.0,175.0,85.0,5.0,1100.0,86.0,1
15.0,37.0,91.0,75.0,1.0,745.0,95.0,0
6.0,5528.0,16.0,200.0,5.0,1231.0,73.0,1
12.0,4639.0,208.0,261.0,1.0,970.0,205.0,1
6.0,5345.0,16.0,256.0,5.0,1305.0,113.0,0
14.0,978.0,213.0,216.0,1.0,980.0,153.0,0
15.0,15.0,75.0,129.0,1.0,600.0,60.0,1
13.0,166.0,154.0,35.0,3.0,1349.0,336.0,1
6.0,5326.0,278.0,16.0,3.0,990.0,72.0,1
1.0,784.0,80.0,159.0,5.0,1260.0,190.0,0
15.0,671.0,175.0,79.0,1.0,965.0,165.0,1
16.0,2972.0,135.0,279.0,6.0,1180.0,88.0,0
5.0,379.0,43.0,16.0,5.0,817.0,136.0,0
4.0,196.0,153.0,135.0,6.0,400.0,175.0,0
6.0,5590.0,290.0,177.0,3.0,390.0,66.0,0
14.0,128.0,217.0,184.0,5.0,1180.0,196.0,0
12.0,6236.0,153.0,100.0,6.0,765.0,88.0,0
1.0,1195.0,80.0,18.0,3.0,1280.0,55.0,1
16.0,2959.0,190.0,135.0,1.0,390.0,94.0,0
16.0,2589.0,58.0,172.0,3.0,1245.0,127.0,1
15.0,1400.0,175.0,12.0,5.0,605.0,110.0,1
12.0,6399.0,208.0,172.0,7.0,360.0,88.0,1
10.0,4190.0,61.0,208.0,7.0,670.0,85.0,0
15.0,2108.0,277.0,129.0,7.0,1155.0,150.0,1
15.0,2763.0,175.0,264.0,6.0,720.0,265.0,1
10.0,3515.0,80.0,162.0,3.0,840.0,65.0,0
14.0,1886.0,216.0,35.0,1.0,1035.0,79.0,0
3.0,1016.0,148.0,35.0,6.0,1075.0,76.0,0
15.0,1181.0,45.0,61.0,3.0,460.0,80.0,1
6.0,5551.0,16.0,251.0,5.0,645.0,86.0,0
14.0,209.0,261.0,217.0,1.0,1020.0,98.0,0
0.0,3660.0,177.0,221.0,6.0,855.0,112.0,0
6.0,5066.0,288.0,16.0,1.0,551.0,74.0,1
17.0,1047.0,161.0,128.0,4.0,890.0,29.0,0
14.0,1785.0,60.0,198.0,3.0,675.0,123.0,1
3.0,1255.0,35.0,134.0,7.0,973.0,99.0,0
6.0,5335.0,4.0,16.0,4.0,1015.0,61.0,1
16.0,5955.0,47.0,208.0,3.0,605.0,128.0,0
16.0,2779.0,162.0,135.0,7.0,995.0,82.0,1
10.0,3243.0,80.0,146.0,5.0,1355.0,75.0,0
12.0,4773.0,224.0,261.0,4.0,990.0,93.0,1
5.0,1560.0,252.0,71.0,3.0,740.0,257.0,1
15.0,993.0,217.0,79.0,5.0,940.0,105.0,1
17.0,1005.0,203.0,128.0,5.0,853.0,32.0,0
14.0,1582.0,173.0,216.0,3.0,895.0,149.0,1
1.0,1356.0,198.0,80.0,3.0,490.0,105.0,0
14.0,395.0,153.0,80.0,6.0,705.0,158.0,0
12.0,6578.0,79.0,29.0,6.0,839.0,94.0,0
13.0,186.0,253.0,216.0,6.0,952.0,323.0,0
17.0,7244.0,208.0,229.0,6.0,827.0,127.0,1
16.0,2346.0,135.0,132.0,6.0,975.0,96.0,0
13.0,570.0,208.0,58.0,3.0,815.0,86.0,1
15.0,535.0,141.0,175.0,1.0,390.0,155.0,0
0.0,4302.0,85.0,54.0,3.0,830.0,127.0,1
5.0,2064.0,197.0,78.0,3.0,1055.0,148.0,0
10.0,3921.0,177.0,208.0,1.0,990.0,115.0,0
15.0,3106.0,258.0,79.0,6.0,400.0,150.0,0
12.0,6374.0,227.0,253.0,5.0,367.0,88.0,1
9.0,119.0,150.0,128.0,7.0,598.0,42.0,0
15.0,1999.0,33.0,147.0,1.0,695.0,85.0,0
10.0,4109.0,84.0,208.0,1.0,845.0,85.0,0
16.0,5997.0,205.0,208.0,6.0,867.0,95.0,1
13.0,519.0,197.0,253.0,5.0,1006.0,264.0,0
15.0,857.0,141.0,173.0,4.0,805.0,170.0,1
5.0,730.0,54.0,16.0,3.0,1085.0,85.0,1
17.0,2933.0,2.0,217.0,3.0,370.0,76.0,0
0.0,4296.0,85.0,25.0,5.0,1310.0,85.0,1
6.0,5301.0,47.0,16.0,5.0,766.0,78.0,0
4.0,267.0,135.0,252.0,1.0,725.0,280.0,1
0.0,4250.0,139.0,148.0,3.0,750.0,145.0,0
10.0,4165.0,208.0,61.0,5.0,1305.0,70.0,0
5.0,1430.0,184.0,85.0,1.0,840.0,82.0,0
15.0,1589.0,45.0,172.0,1.0,750.0,175.0,1
5.0,1426.0,104.0,16.0,6.0,1130.0,120.0,0
3.0,1252.0,134.0,35.0,6.0,530.0,85.0,0
15.0,793.0,175.0,146.0,1.0,660.0,120.0,1
15.0,1256.0,261.0,34.0,5.0,1040.0,70.0,1
10.0,3748.0,208.0,197.0,5.0,360.0,85.0,1
10.0,4374.0,208.0,62.0,5.0,1085.0,50.0,0
4.0,1500.0,104.0,96.0,4.0,810.0,185.0,0
2.0,50.0,39.0,14.0,4.0,1126.0,111.0,1
9.0,110.0,161.0,128.0,1.0,439.0,30.0,0
0.0,3667.0,85.0,106.0,1.0,910.0,47.0,1
6.0,5327.0,177.0,132.0,5.0,570.0,62.0,0
1.0,1012.0,183.0,78.0,3.0,1330.0,140.0,0
6.0,7315.0,121.0,16.0,4.0,682.0,58.0,0
15.0,3167.0,153.0,91.0,6.0,1075.0,95.0,1
13.0,250.0,214.0,134.0,7.0,429.0,301.0,0
0.0,3845.0,20.0,85.0,6.0,360.0,105.0,0
15.0,1392.0,202.0,2.0,1.0,885.0,130.0,1
1.0,1477.0,216.0,80.0,5.0,400.0,235.0,0
1.0,2229.0,183.0,80.0,1.0,500.0,200.0,1
1.0,346.0,268.0,208.0,7.0,1035.0,80.0,0
13.0,955.0,253.0,243.0,7.0,968.0,96.0,1
15.0,1166.0,45.0,18.0,4.0,1060.0,235.0,1
11.0,6456.0,157.0,16.0,7.0,935.0,90.0,0
6.0,7323.0,16.0,245.0,4.0,590.0,68.0,0
5.0,2462.0,154.0,148.0,3.0,810.0,330.0,1
1.0,457.0,173.0,183.0,1.0,420.0,65.0,1
8.0,560.0,16.0,32.0,7.0,984.0,101.0,0
12.0,6330.0,207.0,253.0,1.0,360.0,85.0,0
10.0,4138.0,221.0,208.0,5.0,1175.0,105.0,0
2.0,221.0,253.0,252.0,7.0,1245.0,122.0,1
14.0,997.0,60.0,54.0,3.0,868.0,54.0,1
16.0,2190.0,182.0,96.0,7.0,401.0,77.0,0
15.0,1491.0,154.0,236.0,1.0,985.0,75.0,1
15.0,878.0,175.0,244.0,1.0,1090.0,185.0,1
13.0,260.0,252.0,134.0,5.0,784.0,296.0,0
13.0,206.0,208.0,173.0,3.0,547.0,166.0,1
17.0,1052.0,128.0,203.0,6.0,610.0,35.0,0
15.0,1104.0,243.0,253.0,5.0,895.0,90.0,0
6.0,5450.0,180.0,16.0,5.0,865.0,64.0,0
1.0,636.0,2.0,80.0,7.0,1040.0,105.0,0
0.0,4381.0,27.0,85.0,5.0,940.0,135.0,0
3.0,601.0,229.0,148.0,7.0,360.0,75.0,0
4.0,470.0,96.0,260.0,4.0,445.0,228.0,0
12.0,6405.0,214.0,253.0,5.0,360.0,105.0,0
15.0,1414.0,198.0,217.0,5.0,685.0,215.0,0
6.0,5110.0,16.0,94.0,3.0,1318.0,86.0,0
0.0,3997.0,177.0,147.0,4.0,520.0,104.0,0
16.0,3099.0,290.0,135.0,1.0,916.0,101.0,1
17.0,2966.0,153.0,253.0,6.0,570.0,95.0,0
15.0,964.0,43.0,173.0,5.0,1015.0,170.0,0
14.0,1633.0,216.0,173.0,6.0,420.0,149.0,0
14.0,569.0,243.0,217.0,4.0,755.0,76.0,0
15.0,257.0,104.0,147.0,3.0,825.0,75.0,1
1.0,1831.0,183.0,277.0,5.0,1335.0,60.0,0
13.0,477.0,134.0,198.0,1.0,1007.0,171.0,1
4.0,1123.0,35.0,96.0,1.0,515.0,80.0,0
10.0,4328.0,208.0,162.0,7.0,690.0,110.0,0
6.0,5480.0,16.0,169.0,7.0,1237.0,81.0,1
1.0,1526.0,80.0,173.0,7.0,1235.0,135.0,1
12.0,6569.0,208.0,86.0,4.0,580.0,71.0,0
15.0,121.0,154.0,175.0,1.0,1080.0,230.0,0
15.0,1134.0,45.0,139.0,1.0,540.0,105.0,0
10.0,2925.0,41.0,80.0,7.0,525.0,90.0,0
16.0,2580.0,58.0,184.0,5.0,530.0,79.0,0
15.0,1717.0,91.0,153.0,5.0,1110.0,115.0,1
4.0,1645.0,58.0,135.0,5.0,1075.0,190.0,1
3.0,1051.0,148.0,221.0,4.0,490.0,97.0,1
16.0,2084.0,58.0,216.0,5.0,680.0,79.0,0
15.0,24.0,233.0,173.0,1.0,460.0,105.0,1
15.0,595.0,236.0,175.0,3.0,600.0,230.0,1
8.0,840.0,173.0,16.0,3.0,591.0,90.0,1
6.0,5019.0,70.0,16.0,3.0,668.0,49.0,0
8.0,1467.0,175.0,173.0,6.0,984.0,158.0,0
15.0,2050.0,75.0,170.0,6.0,775.0,70.0,1
16.0,3081.0,42.0,96.0,1.0,373.0,77.0,0
5.0,2987.0,173.0,261.0,6.0,1000.0,301.0,0
15.0,971.0,153.0,207.0,1.0,390.0,55.0,0
11.0,6622.0,177.0,208.0,5.0,1175.0,109.0,0
12.0,6718.0,290.0,79.0,5.0,806.0,123.0,0
1.0,2547.0,148.0,173.0,1.0,720.0,180.0,0
1.0,1028.0,79.0,80.0,6.0,1040.0,120.0,0
4.0,733.0,159.0,135.0,5.0,449.0,240.0,1
8.0,417.0,229.0,45.0,1.0,1078.0,97.0,1
15.0,2356.0,75.0,2.0,1.0,405.0,110.0,1
14.0,1451.0,60.0,253.0,1.0,455.0,342.0,1
6.0,7136.0,159.0,134.0,7.0,606.0,85.0,1
5.0,1957.0,261.0,252.0,6.0,1211.0,133.0,0
14.0,220.0,243.0,217.0,3.0,385.0,84.0,0
16.0,2202.0,60.0,96.0,3.0,650.0,105.0,1
8.0,182.0,16.0,78.0,5.0,1333.0,102.0,0
16.0,2437.0,96.0,233.0,5.0,389.0,104.0,0
15.0,2961.0,79.0,214.0,3.0,1195.0,180.0,0
15.0,1079.0,233.0,277.0,1.0,715.0,115.0,1
15.0,51.0,129.0,68.0,7.0,1225.0,50.0,0
14.0,799.0,216.0,173.0,1.0,1095.0,164.0,0
14.0,1926.0,173.0,78.0,7.0,445.0,122.0,0
1.0,1213.0,197.0,80.0,7.0,1135.0,155.0,0
0.0,4282.0,116.0,177.0,5.0,680.0,83.0,0
16.0,3142.0,204.0,135.0,1.0,560.0,80.0,0
6.0,5450.0,180.0,16.0,4.0,865.0,64.0,0
15.0,2379.0,207.0,262.0,3.0,680.0,80.0,0
15.0,1120.0,280.0,154.0,4.0,880.0,90.0,1
12.0,6250.0,232.0,214.0,1.0,850.0,45.0,0
15.0,167.0,13.0,75.0,3.0,985.0,65.0,1
1.0,754.0,172.0,208.0,3.0,630.0,95.0,0
14.0,1792.0,60.0,177.0,7.0,680.0,108.0,0
10.0,2921.0,157.0,80.0,7.0,1025.0,155.0,0
16.0,2922.0,135.0,119.0,5.0,1195.0,153.0,0
2.0,17.0,183.0,252.0,6.0,495.0,400.0,0
12.0,4815.0,252.0,261.0,6.0,690.0,117.0,1
5.0,1205.0,197.0,261.0,1.0,430.0,185.0,1
11.0,6697.0,71.0,109.0,4.0,810.0,51.0,0
12.0,3047.0,84.0,184.0,4.0,835.0,66.0,0
10.0,4607.0,159.0,233.0,6.0,1080.0,105.0,1
15.0,36.0,68.0,129.0,5.0,830.0,50.0,0
1.0,1541.0,233.0,183.0,4.0,1190.0,130.0,1
1.0,491.0,204.0,80.0,4.0,635.0,60.0,0
16.0,2360.0,96.0,85.0,3.0,420.0,119.0,0
5.0,2027.0,16.0,104.0,1.0,885.0,114.0,1
8.0,820.0,35.0,45.0,1.0,630.0,90.0,0
8.0,661.0,16.0,130.0,4.0,1060.0,139.0,0
0.0,3720.0,285.0,85.0,4.0,435.0,108.0,0
4.0,1688.0,135.0,85.0,4.0,965.0,165.0,1
2.0,317.0,227.0,253.0,5.0,1050.0,91.0,0
13.0,337.0,216.0,208.0,6.0,361.0,136.0,0
13.0,26.0,154.0,148.0,3.0,708.0,333.0,1
10.0,3629.0,183.0,33.0,5.0,420.0,145.0,1
16.0,2931.0,135.0,178.0,3.0,1009.0,74.0,1
16.0,2649.0,135.0,165.0,4.0,565.0,75.0,0
12.0,4574.0,153.0,261.0,3.0,480.0,88.0,0
4.0,450.0,96.0,18.0,4.0,905.0,258.0,0
0.0,4109.0,148.0,233.0,4.0,1142.0,140.0,0
8.0,929.0,172.0,16.0,4.0,1033.0,117.0,0
3.0,1323.0,35.0,45.0,4.0,600.0,91.0,0
10.0,2958.0,129.0,80.0,3.0,615.0,65.0,0
15.0,738.0,205.0,79.0,5.0,1155.0,100.0,0
4.0,1527.0,45.0,135.0,6.0,907.0,210.0,0
5.0,1884.0,277.0,71.0,5.0,490.0,133.0,0
8.0,180.0,241.0,16.0,3.0,1187.0,108.0,0
5.0,1788.0,177.0,173.0,4.0,510.0,120.0,0
2.0,660.0,252.0,80.0,6.0,420.0,230.0,0
1.0,1273.0,80.0,236.0,1.0,565.0,220.0,0
12.0,4715.0,197.0,112.0,5.0,1305.0,75.0,1
10.0,3601.0,183.0,54.0,4.0,780.0,100.0,0
4.0,251.0,18.0,96.0,5.0,630.0,222.0,0
15.0,1969.0,172.0,268.0,6.0,505.0,60.0,1
1.0,1143.0,277.0,80.0,4.0,360.0,170.0,0
12.0,6877.0,224.0,79.0,6.0,713.0,131.0,0
10.0,3005.0,154.0,243.0,5.0,1350.0,45.0,0
11.0,6440.0,71.0,195.0,7.0,1240.0,89.0,1
1.0,24.0,253.0,148.0,5.0,425.0,325.0,0
10.0,4041.0,208.0,32.0,4.0,920.0,50.0,1
5.0,2496.0,197.0,241.0,7.0,625.0,202.0,0
2.0,51.0,98.0,39.0,6.0,1088.0,87.0,0
14.0,1937.0,216.0,213.0,4.0,605.0,175.0,0
1.0,253.0,154.0,203.0,7.0,525.0,345.0,0
12.0,6916.0,2.0,79.0,5.0,1045.0,74.0,1
14.0,1605.0,35.0,216.0,5.0,810.0,104.0,1
12.0,4536.0,236.0,261.0,5.0,615.0,86.0,0
12.0,6343.0,253.0,264.0,1.0,476.0,91.0,0
12.0,6532.0,58.0,79.0,1.0,535.0,206.0,0
1.0,2013.0,208.0,153.0,7.0,1140.0,240.0,0
10.0,3298.0,80.0,129.0,3.0,430.0,65.0,0
15.0,454.0,87.0,33.0,7.0,575.0,90.0,0
16.0,5891.0,61.0,208.0,6.0,955.0,80.0,1
6.0,5056.0,16.0,251.0,3.0,515.0,93.0,0
0.0,4087.0,61.0,148.0,6.0,995.0,130.0,1
15.0,3403.0,35.0,268.0,3.0,990.0,195.0,1
11.0,6259.0,61.0,197.0,7.0,749.0,131.0,1
17.0,2749.0,244.0,217.0,4.0,930.0,147.0,0
1.0,1286.0,80.0,234.0,1.0,1095.0,160.0,1
10.0,3990.0,208.0,76.0,4.0,860.0,70.0,0
8.0,1050.0,0.0,173.0,7.0,1138.0,156.0,0
17.0,2935.0,264.0,217.0,5.0,1070.0,81.0,0
6.0,7123.0,42.0,134.0,7.0,330.0,110.0,1
15.0,2529.0,154.0,217.0,5.0,590.0,75.0,1
10.0,3643.0,147.0,183.0,4.0,715.0,80.0,0
11.0,6351.0,71.0,177.0,4.0,1050.0,99.0,0
15.0,1022.0,35.0,45.0,5.0,745.0,90.0,0
15.0,219.0,153.0,175.0,3.0,495.0,215.0,1
16.0,2811.0,135.0,190.0,3.0,785.0,75.0,0
15.0,1228.0,244.0,75.0,7.0,1090.0,60.0,1
6.0,5555.0,157.0,16.0,3.0,1079.0,90.0,1
1.0,1948.0,80.0,216.0,5.0,615.0,185.0,0
7.0,269.0,264.0,79.0,3.0,1208.0,127.0,0
15.0,1383.0,111.0,261.0,5.0,550.0,95.0,0
8.0,1001.0,173.0,174.0,6.0,480.0,138.0,0
12.0,6317.0,154.0,246.0,6.0,439.0,40.0,0
4.0,1083.0,35.0,135.0,5.0,800.0,262.0,1
17.0,2903.0,217.0,114.0,7.0,589.0,94.0,0
13.0,34.0,203.0,253.0,6.0,840.0,290.0,0
10.0,2709.0,80.0,218.0,4.0,895.0,110.0,1
15.0,2092.0,268.0,79.0,1.0,685.0,150.0,1
0.0,3775.0,12.0,85.0,3.0,330.0,120.0,1
1.0,1935.0,61.0,80.0,3.0,805.0,175.0,1
15.0,1752.0,243.0,91.0,1.0,640.0,105.0,1
16.0,2870.0,58.0,35.0,4.0,690.0,94.0,0
5.0,1316.0,79.0,16.0,4.0,707.0,173.0,0
1.0,743.0,159.0,80.0,7.0,755.0,240.0,0
5.0,1212.0,203.0,154.0,4.0,1355.0,310.0,0
15.0,685.0,175.0,22.0,4.0,560.0,125.0,1
14.0,1454.0,198.0,216.0,4.0,900.0,166.0,0
5.0,1105.0,261.0,128.0,1.0,700.0,428.0,1
3.0,49.0,148.0,213.0,7.0,489.0,176.0,0
1.0,1525.0,154.0,253.0,1.0,1025.0,80.0,1
17.0,7245.0,134.0,273.0,6.0,1015.0,72.0,0
0.0,3980.0,177.0,195.0,7.0,1145.0,104.0,0
6.0,5043.0,130.0,16.0,5.0,769.0,156.0,1
1.0,2236.0,217.0,80.0,5.0,1160.0,130.0,0
15.0,912.0,202.0,264.0,5.0,375.0,85.0,1
15.0,185.0,45.0,22.0,7.0,520.0,65.0,0
10.0,3360.0,68.0,80.0,6.0,995.0,80.0,0
10.0,3306.0,47.0,80.0,1.0,670.0,180.0,0
16.0,2631.0,135.0,158.0,6.0,870.0,49.0,0
13.0,204.0,252.0,253.0,3.0,925.0,127.0,0
1.0,1487.0,208.0,236.0,6.0,640.0,255.0,1
17.0,2741.0,153.0,154.0,4.0,690.0,68.0,0
0.0,3857.0,16.0,204.0,3.0,954.0,141.0,1
10.0,2904.0,56.0,80.0,5.0,1155.0,125.0,0
12.0,6615.0,79.0,122.0,6.0,666.0,120.0,0
11.0,6565.0,71.0,147.0,7.0,1235.0,115.0,1
16.0,2551.0,147.0,135.0,7.0,1060.0,149.0,0
15.0,1685.0,214.0,258.0,3.0,1100.0,105.0,1
5.0,1499.0,22.0,104.0,6.0,485.0,196.0,0
14.0,1085.0,60.0,173.0,3.0,885.0,102.0,1
16.0,2074.0,54.0,96.0,6.0,850.0,115.0,0
10.0,4197.0,33.0,208.0,7.0,740.0,95.0,1
0.0,3881.0,129.0,16.0,4.0,1070.0,125.0,1
17.0,7280.0,208.0,42.0,3.0,794.0,116.0,1
6.0,5224.0,16.0,47.0,3.0,981.0,61.0,1
5.0,2958.0,85.0,184.0,1.0,735.0,75.0,0
11.0,6553.0,157.0,78.0,1.0,405.0,96.0,0
10.0,4310.0,60.0,208.0,3.0,670.0,125.0,0
1.0,875.0,159.0,183.0,7.0,900.0,205.0,1
6.0,5486.0,54.0,16.0,4.0,761.0,82.0,0
12.0,3116.0,184.0,48.0,3.0,945.0,77.0,1
14.0,1011.0,96.0,60.0,5.0,300.0,111.0,0
15.0,931.0,45.0,172.0,1.0,990.0,180.0,1
4.0,206.0,135.0,277.0,4.0,795.0,125.0,0
14.0,645.0,207.0,217.0,3.0,1150.0,72.0,0
15.0,425.0,129.0,244.0,4.0,695.0,55.0,1
15.0,528.0,153.0,139.0,7.0,610.0,215.0,1
6.0,5440.0,115.0,16.0,3.0,999.0,85.0,0
11.0,6670.0,228.0,85.0,1.0,520.0,142.0,0
13.0,286.0,135.0,134.0,7.0,998.0,182.0,0
15.0,102.0,2.0,129.0,5.0,1165.0,115.0,1
5.0,2612.0,277.0,197.0,1.0,845.0,205.0,0
13.0,19.0,148.0,253.0,7.0,1152.0,403.0,1
10.0,4113.0,61.0,208.0,7.0,835.0,85.0,1
12.0,4888.0,197.0,268.0,4.0,425.0,94.0,0
12.0,4690.0,137.0,261.0,7.0,709.0,42.0,1
1.0,1166.0,80.0,216.0,1.0,780.0,195.0,0
14.0,881.0,208.0,60.0,7.0,455.0,114.0,0
13.0,652.0,153.0,79.0,3.0,1065.0,118.0,0
1.0,160.0,243.0,148.0,3.0,460.0,315.0,1
15.0,425.0,173.0,216.0,7.0,1015.0,150.0,1
4.0,665.0,221.0,135.0,7.0,870.0,200.0,1
8.0,451.0,198.0,16.0,5.0,803.0,81.0,0
5.0,1037.0,129.0,16.0,1.0,765.0,126.0,1
12.0,6570.0,79.0,132.0,6.0,635.0,148.0,0
4.0,206.0,135.0,277.0,6.0,839.0,120.0,0
5.0,1857.0,261.0,252.0,6.0,506.0,137.0,0
17.0,2641.0,217.0,207.0,7.0,525.0,76.0,0
5.0,2764.0,16.0,221.0,3.0,900.0,106.0,1
10.0,4249.0,22.0,208.0,3.0,960.0,165.0,1
11.0,6321.0,238.0,148.0,7.0,660.0,87.0,0
7.0,363.0,251.0,79.0,1.0,993.0,175.0,0
0.0,4033.0,159.0,285.0,3.0,1300.0,129.0,0
5.0,2648.0,275.0,16.0,1.0,415.0,72.0,1
16.0,2128.0,58.0,35.0,3.0,460.0,95.0,0
14.0,1715.0,78.0,104.0,7.0,885.0,154.0,1
10.0,2932.0,41.0,80.0,1.0,1060.0,90.0,0
4.0,438.0,96.0,183.0,6.0,760.0,172.0,1
12.0,6282.0,144.0,154.0,7.0,741.0,56.0,0
11.0,6432.0,197.0,58.0,1.0,605.0,112.0,0
10.0,2758.0,41.0,80.0,1.0,950.0,90.0,0
12.0,6295.0,134.0,65.0,5.0,1130.0,230.0,0
14.0,1469.0,216.0,16.0,3.0,970.0,149.0,1
5.0,2118.0,173.0,16.0,4.0,630.0,89.0,0
15.0,136.0,243.0,153.0,1.0,650.0,70.0,1
1.0,309.0,208.0,217.0,7.0,640.0,230.0,0
2.0,610.0,252.0,153.0,5.0,755.0,151.0,0
8.0,1079.0,130.0,173.0,4.0,837.0,170.0,0
4.0,556.0,154.0,58.0,4.0,645.0,262.0,1
8.0,163.0,16.0,260.0,4.0,730.0,207.0,0
6.0,7103.0,208.0,76.0,6.0,1268.0,59.0,1
1.0,1436.0,80.0,60.0,5.0,700.0,135.0,0
3.0,94.0,202.0,148.0,3.0,460.0,322.0,1
0.0,3688.0,16.0,12.0,4.0,1235.0,140.0,1
15.0,2643.0,262.0,154.0,1.0,360.0,80.0,1
15.0,2461.0,79.0,13.0,7.0,675.0,70.0,0
15.0,413.0,33.0,22.0,7.0,1150.0,135.0,1
15.0,1466.0,58.0,175.0,4.0,875.0,75.0,1
13.0,160.0,79.0,205.0,5.0,824.0,88.0,1
10.0,2820.0,266.0,80.0,3.0,690.0,45.0,1
2.0,507.0,264.0,252.0,3.0,960.0,165.0,0
2.0,181.0,14.0,98.0,3.0,420.0,60.0,0
6.0,5325.0,16.0,169.0,4.0,725.0,76.0,0
11.0,6611.0,177.0,205.0,4.0,555.0,119.0,0
6.0,5150.0,290.0,16.0,5.0,605.0,109.0,1
10.0,2758.0,41.0,80.0,4.0,950.0,90.0,0
9.0,18.0,128.0,153.0,7.0,925.0,345.0,0
15.0,2982.0,85.0,45.0,7.0,885.0,85.0,1
12.0,6269.0,253.0,100.0,4.0,1261.0,59.0,1
13.0,607.0,78.0,208.0,7.0,501.0,129.0,0
5.0,1012.0,135.0,16.0,4.0,420.0,130.0,0
8.0,159.0,139.0,45.0,7.0,1145.0,100.0,1
16.0,3038.0,135.0,33.0,7.0,1201.0,113.0,1
6.0,5502.0,16.0,288.0,6.0,893.0,77.0,0
5.0,689.0,16.0,234.0,4.0,1160.0,96.0,0
10.0,3828.0,208.0,78.0,5.0,740.0,110.0,0
15.0,3411.0,173.0,172.0,5.0,550.0,185.0,1
15.0,756.0,217.0,153.0,3.0,820.0,65.0,1
4.0,1197.0,35.0,96.0,7.0,1074.0,97.0,0
15.0,40.0,87.0,129.0,5.0,810.0,120.0,0
1.0,734.0,183.0,78.0,1.0,895.0,145.0,0
5.0,2994.0,213.0,16.0,5.0,975.0,114.0,0
15.0,1514.0,154.0,79.0,4.0,1100.0,135.0,0
1.0,485.0,208.0,279.0,4.0,1235.0,115.0,0
1.0,936.0,183.0,173.0,4.0,1340.0,55.0,0
12.0,6945.0,79.0,204.0,1.0,840.0,89.0,0
12.0,6335.0,243.0,154.0,4.0,987.0,41.0,0
3.0,554.0,241.0,96.0,3.0,729.0,170.0,1
12.0,7008.0,214.0,154.0,1.0,653.0,138.0,0
12.0,6919.0,82.0,208.0,5.0,910.0,90.0,1
16.0,2675.0,96.0,209.0,7.0,690.0,67.0,1
5.0,1577.0,261.0,16.0,4.0,838.0,222.0,1
5.0,2935.0,85.0,197.0,3.0,925.0,115.0,1
5.0,1755.0,16.0,154.0,7.0,665.0,305.0,0
0.0,4183.0,54.0,85.0,3.0,982.0,133.0,1
10.0,3617.0,183.0,139.0,5.0,525.0,165.0,0
15.0,39.0,170.0,75.0,4.0,870.0,65.0,0
1.0,1374.0,208.0,183.0,1.0,850.0,185.0,0
16.0,2772.0,91.0,135.0,4.0,920.0,122.0,0
17.0,1008.0,128.0,203.0,3.0,1080.0,35.0,0
15.0,3331.0,18.0,153.0,3.0,1195.0,185.0,1
10.0,4267.0,208.0,94.0,4.0,1255.0,70.0,0
12.0,4457.0,197.0,99.0,4.0,1030.0,65.0,0
13.0,386.0,252.0,79.0,1.0,427.0,168.0,0
3.0,907.0,148.0,208.0,1.0,535.0,164.0,0
15.0,1083.0,197.0,217.0,5.0,540.0,220.0,0
14.0,630.0,217.0,221.0,3.0,815.0,229.0,0
14.0,1978.0,135.0,60.0,7.0,940.0,148.0,0
5.0,1407.0,198.0,177.0,3.0,996.0,86.0,0
15.0,675.0,91.0,75.0,7.0,1115.0,90.0,0
5.0,99.0,148.0,104.0,6.0,1140.0,204.0,1
12.0,6892.0,214.0,252.0,7.0,932.0,50.0,0
14.0,12.0,217.0,148.0,6.0,595.0,292.0,0
1.0,1033.0,183.0,208.0,1.0,965.0,210.0,1
5.0,1250.0,16.0,241.0,3.0,1145.0,110.0,1
15.0,1623.0,197.0,217.0,6.0,960.0,210.0,1
3.0,346.0,267.0,148.0,4.0,705.0,159.0,1
3.0,119.0,148.0,198.0,3.0,889.0,213.0,1
7.0,261.0,264.0,79.0,1.0,900.0,136.0,1
8.0,72.0,104.0,16.0,7.0,460.0,120.0,0
6.0,5067.0,33.0,16.0,7.0,484.0,81.0,0
1.0,1152.0,198.0,80.0,4.0,550.0,100.0,0
0.0,3945.0,166.0,197.0,3.0,585.0,55.0,0
6.0,5270.0,16.0,215.0,6.0,1007.0,93.0,0
5.0,2665.0,78.0,173.0,1.0,425.0,151.0,1
12.0,4840.0,28.0,261.0,1.0,385.0,80.0,0
15.0,1589.0,45.0,172.0,3.0,750.0,175.0,1
3.0,1216.0,43.0,35.0,6.0,835.0,78.0,0
14.0,1247.0,213.0,216.0,3.0,830.0,157.0,1
15.0,1023.0,75.0,244.0,7.0,920.0,65.0,0
8.0,959.0,238.0,45.0,7.0,865.0,76.0,1
4.0,1047.0,208.0,135.0,3.0,915.0,172.0,1
10.0,3867.0,85.0,208.0,6.0,475.0,95.0,0
15.0,115.0,261.0,111.0,1.0,1040.0,115.0,0
5.0,1021.0,16.0,18.0,1.0,975.0,158.0,0
17.0,2942.0,71.0,60.0,5.0,729.0,86.0,0
3.0,338.0,173.0,134.0,5.0,1220.0,120.0,1
15.0,2891.0,175.0,134.0,4.0,360.0,105.0,0
16.0,5911.0,208.0,218.0,6.0,788.0,49.0,1
8.0,59.0,16.0,154.0,4.0,676.0,320.0,0
3.0,1115.0,234.0,173.0,3.0,1042.0,123.0,1
6.0,5549.0,16.0,19.0,1.0,1005.0,57.0,0
12.0,4782.0,253.0,154.0,3.0,1220.0,90.0,0
3.0,1416.0,160.0,18.0,3.0,720.0,165.0,0
10.0,3731.0,208.0,197.0,5.0,1350.0,85.0,0
16.0,2684.0,177.0,135.0,1.0,390.0,104.0,0
5.0,1633.0,85.0,16.0,4.0,1120.0,125.0,1
1.0,815.0,80.0,91.0,1.0,900.0,105.0,0
15.0,579.0,154.0,202.0,3.0,385.0,80.0,0
5.0,1923.0,35.0,85.0,3.0,742.0,142.0,1
10.0,4588.0,159.0,197.0,6.0,865.0,180.0,0
14.0,989.0,60.0,104.0,7.0,480.0,119.0,1
10.0,3947.0,208.0,285.0,4.0,750.0,90.0,0
15.0,1425.0,153.0,58.0,4.0,575.0,245.0,1
0.0,4220.0,85.0,90.0,3.0,1290.0,85.0,1
15.0,3110.0,175.0,217.0,3.0,635.0,240.0,1
4.0,1504.0,277.0,58.0,7.0,735.0,140.0,0
0.0,4313.0,177.0,188.0,4.0,860.0,70.0,0
15.0,46.0,68.0,129.0,5.0,975.0,50.0,0
5.0,1947.0,159.0,16.0,6.0,720.0,160.0,0
12.0,6948.0,65.0,208.0,5.0,360.0,146.0,0
15.0,841.0,170.0,75.0,6.0,710.0,70.0,1
4.0,84.0,16.0,96.0,6.0,729.0,137.0,0
9.0,104.0,161.0,128.0,5.0,394.0,30.0,0
3.0,46.0,173.0,148.0,1.0,638.0,142.0,1
10.0,3898.0,78.0,208.0,7.0,750.0,125.0,1
15.0,705.0,79.0,205.0,1.0,865.0,80.0,1
3.0,433.0,35.0,173.0,7.0,670.0,191.0,0
6.0,5349.0,247.0,85.0,3.0,1043.0,67.0,1
10.0,3028.0,154.0,100.0,6.0,1065.0,60.0,0
5.0,2128.0,173.0,85.0,5.0,825.0,160.0,1
5.0,258.0,253.0,197.0,7.0,500.0,217.0,0
5.0,1372.0,159.0,35.0,3.0,450.0,66.0,1
6.0,5405.0,22.0,78.0,3.0,1080.0,83.0,0
1.0,849.0,183.0,253.0,6.0,485.0,380.0,0
10.0,3654.0,234.0,183.0,3.0,445.0,160.0,1
10.0,4137.0,208.0,22.0,7.0,895.0,125.0,1
3.0,748.0,260.0,173.0,4.0,1121.0,182.0,1
5.0,1856.0,183.0,148.0,7.0,990.0,183.0,1
12.0,6240.0,34.0,79.0,7.0,570.0,108.0,0
5.0,2723.0,197.0,173.0,5.0,1160.0,189.0,1
15.0,1819.0,18.0,75.0,6.0,870.0,55.0,1
10.0,4242.0,58.0,148.0,4.0,775.0,105.0,1
3.0,25.0,148.0,104.0,7.0,575.0,189.0,0
15.0,1383.0,261.0,79.0,5.0,740.0,85.0,1
15.0,3763.0,79.0,45.0,1.0,725.0,200.0,1
12.0,6642.0,191.0,253.0,6.0,360.0,38.0,0
10.0,4350.0,208.0,21.0,4.0,1245.0,50.0,0
6.0,5349.0,247.0,85.0,4.0,1043.0,67.0,1
13.0,285.0,134.0,253.0,7.0,741.0,368.0,0
1.0,1767.0,244.0,80.0,1.0,645.0,70.0,0
11.0,6273.0,78.0,61.0,7.0,1250.0,89.0,0
1.0,710.0,80.0,159.0,5.0,555.0,200.0,0
14.0,39.0,216.0,154.0,5.0,830.0,359.0,1
0.0,4317.0,177.0,155.0,5.0,820.0,120.0,0
0.0,4244.0,85.0,21.0,3.0,735.0,53.0,1
15.0,2704.0,129.0,243.0,7.0,615.0,210.0,0
5.0,2056.0,202.0,261.0,6.0,785.0,100.0,1
0.0,4160.0,69.0,85.0,1.0,715.0,80.0,0
1.0,1616.0,261.0,80.0,5.0,755.0,155.0,0
12.0,6345.0,224.0,253.0,7.0,363.0,125.0,1
16.0,2114.0,96.0,42.0,4.0,704.0,71.0,0
1.0,1295.0,173.0,154.0,5.0,775.0,335.0,1
5.0,1774.0,16.0,184.0,6.0,1307.0,131.0,0
10.0,2803.0,80.0,254.0,7.0,670.0,75.0,0
15.0,843.0,45.0,268.0,3.0,650.0,145.0,1
6.0,7351.0,16.0,204.0,4.0,1301.0,139.0,0
10.0,4476.0,78.0,148.0,5.0,715.0,65.0,0
12.0,6285.0,179.0,79.0,5.0,360.0,155.0,0
1.0,1407.0,216.0,80.0,4.0,1080.0,240.0,0
1.0,2096.0,80.0,45.0,3.0,725.0,170.0,1
14.0,1789.0,147.0,60.0,3.0,539.0,76.0,0
1.0,1844.0,153.0,183.0,7.0,830.0,265.0,0
17.0,2615.0,60.0,58.0,5.0,690.0,100.0,0
1.0,2042.0,80.0,104.0,6.0,385.0,150.0,0
12.0,6975.0,80.0,208.0,4.0,360.0,139.0,1
13.0,326.0,134.0,80.0,7.0,514.0,223.0,0
14.0,912.0,60.0,45.0,5.0,1205.0,83.0,0
14.0,574.0,262.0,217.0,3.0,750.0,104.0,0
15.0,1485.0,264.0,79.0,6.0,830.0,135.0,1
0.0,4315.0,76.0,197.0,1.0,807.0,118.0,0
11.0,6709.0,159.0,139.0,6.0,930.0,155.0,0
12.0,6824.0,231.0,253.0,3.0,1146.0,69.0,0
5.0,2110.0,16.0,61.0,4.0,1035.0,94.0,0
5.0,1260.0,111.0,261.0,6.0,384.0,110.0,0
3.0,59.0,148.0,173.0,1.0,899.0,179.0,1
15.0,211.0,2.0,243.0,5.0,565.0,120.0,1
14.0,1183.0,216.0,80.0,4.0,845.0,232.0,0
15.0,743.0,217.0,79.0,6.0,985.0,110.0,0
5.0,1614.0,104.0,148.0,3.0,746.0,179.0,1
14.0,1298.0,60.0,174.0,1.0,690.0,89.0,1
13.0,988.0,79.0,154.0,6.0,492.0,149.0,0
1.0,1195.0,80.0,18.0,5.0,1280.0,55.0,0
5.0,2157.0,261.0,252.0,3.0,686.0,131.0,1
13.0,847.0,253.0,134.0,4.0,771.0,309.0,0
4.0,267.0,135.0,252.0,5.0,720.0,280.0,0
11.0,6570.0,208.0,148.0,6.0,687.0,149.0,1
8.0,1293.0,173.0,119.0,5.0,850.0,150.0,0
17.0,1026.0,161.0,128.0,3.0,726.0,29.0,0
14.0,1678.0,277.0,78.0,3.0,435.0,125.0,0
13.0,716.0,207.0,79.0,1.0,882.0,132.0,0
12.0,6651.0,154.0,236.0,1.0,481.0,85.0,0
14.0,751.0,216.0,183.0,4.0,935.0,171.0,0
13.0,82.0,128.0,154.0,3.0,802.0,322.0,0
1.0,614.0,183.0,159.0,4.0,965.0,180.0,1
2.0,621.0,153.0,214.0,7.0,1230.0,136.0,1
0.0,4253.0,233.0,268.0,1.0,930.0,140.0,0
15.0,3245.0,217.0,153.0,6.0,760.0,65.0,1
15.0,30.0,91.0,217.0,7.0,960.0,75.0,0
15.0,611.0,264.0,258.0,3.0,850.0,75.0,1
15.0,166.0,2.0,217.0,4.0,615.0,75.0,0
13.0,846.0,134.0,253.0,7.0,495.0,362.0,0
15.0,1021.0,175.0,33.0,5.0,410.0,85.0,0
8.0,203.0,16.0,48.0,3.0,1040.0,96.0,1
0.0,4218.0,251.0,197.0,3.0,1145.0,131.0,0
5.0,82.0,261.0,148.0,4.0,665.0,276.0,0
1.0,2527.0,80.0,261.0,4.0,895.0,170.0,0
1.0,2287.0,279.0,80.0,3.0,595.0,75.0,0
7.0,531.0,79.0,175.0,6.0,700.0,135.0,0
10.0,4178.0,208.0,62.0,3.0,1180.0,55.0,1
12.0,4442.0,261.0,102.0,4.0,1299.0,102.0,1
6.0,5272.0,190.0,177.0,7.0,390.0,76.0,0
10.0,2959.0,256.0,80.0,3.0,945.0,60.0,0
5.0,2290.0,16.0,139.0,4.0,520.0,107.0,0
15.0,177.0,153.0,18.0,6.0,870.0,165.0,0
8.0,277.0,35.0,16.0,4.0,1117.0,178.0,0
11.0,6562.0,208.0,148.0,3.0,1080.0,142.0,0
15.0,2760.0,204.0,79.0,6.0,405.0,100.0,0
15.0,244.0,175.0,154.0,4.0,880.0,280.0,1
5.0,1873.0,85.0,177.0,5.0,925.0,126.0,0
15.0,1021.0,129.0,18.0,3.0,735.0,45.0,1
15.0,2980.0,202.0,217.0,4.0,455.0,110.0,0
15.0,1279.0,217.0,45.0,5.0,410.0,255.0,1
0.0,4162.0,85.0,238.0,3.0,1045.0,79.0,1
12.0,6441.0,79.0,76.0,7.0,642.0,159.0,0
1.0,2493.0,22.0,80.0,7.0,1055.0,255.0,0
16.0,2824.0,135.0,27.0,3.0,775.0,93.0,0
12.0,6233.0,154.0,214.0,4.0,1070.0,141.0,0
5.0,2363.0,148.0,154.0,3.0,1020.0,394.0,1
5.0,2995.0,33.0,16.0,4.0,330.0,67.0,1
1.0,1253.0,183.0,154.0,3.0,1255.0,355.0,1
5.0,18.0,85.0,159.0,7.0,825.0,112.0,0
13.0,797.0,153.0,154.0,1.0,539.0,77.0,0
10.0,4057.0,273.0,208.0,1.0,720.0,135.0,1
10.0,2816.0,181.0,80.0,6.0,460.0,100.0,0
10.0,2863.0,80.0,71.0,4.0,740.0,130.0,0
13.0,258.0,79.0,208.0,5.0,1302.0,144.0,0
0.0,4070.0,205.0,197.0,4.0,1135.0,76.0,0
16.0,5928.0,208.0,157.0,3.0,785.0,71.0,0
2.0,64.0,289.0,151.0,7.0,1000.0,40.0,0
4.0,714.0,80.0,135.0,5.0,1150.0,65.0,0
16.0,5911.0,218.0,208.0,5.0,863.0,58.0,0
5.0,1650.0,153.0,197.0,5.0,558.0,192.0,1
0.0,3751.0,238.0,85.0,3.0,375.0,103.0,0
3.0,1434.0,160.0,253.0,7.0,614.0,86.0,1
15.0,1599.0,268.0,27.0,4.0,910.0,75.0,0
1.0,902.0,183.0,80.0,5.0,810.0,195.0,0
10.0,3299.0,80.0,170.0,4.0,1220.0,75.0,0
15.0,115.0,111.0,214.0,7.0,1120.0,65.0,0
1.0,578.0,258.0,80.0,6.0,515.0,210.0,1
5.0,2050.0,177.0,159.0,3.0,1135.0,162.0,1
12.0,3072.0,184.0,268.0,4.0,645.0,74.0,1
12.0,6928.0,79.0,99.0,4.0,986.0,107.0,0
11.0,6557.0,148.0,208.0,3.0,1075.0,183.0,0
16.0,2535.0,251.0,96.0,3.0,375.0,114.0,0
12.0,6815.0,51.0,253.0,3.0,862.0,85.0,0
15.0,1254.0,280.0,79.0,5.0,390.0,115.0,0
16.0,3094.0,135.0,121.0,4.0,635.0,121.0,0
15.0,864.0,79.0,243.0,5.0,1300.0,145.0,1
2.0,64.0,149.0,226.0,5.0,842.0,44.0,0
10.0,3917.0,208.0,238.0,3.0,970.0,100.0,1
1.0,2075.0,96.0,80.0,5.0,1185.0,245.0,0
4.0,1144.0,96.0,16.0,5.0,705.0,160.0,1
8.0,988.0,16.0,221.0,5.0,1335.0,106.0,0
8.0,73.0,16.0,104.0,3.0,769.0,110.0,0
12.0,6337.0,79.0,114.0,1.0,683.0,58.0,0
15.0,3079.0,33.0,268.0,3.0,930.0,65.0,1
10.0,3767.0,261.0,208.0,7.0,955.0,200.0,0
5.0,1261.0,16.0,129.0,1.0,650.0,140.0,1
4.0,728.0,96.0,79.0,7.0,885.0,266.0,1
16.0,2514.0,131.0,135.0,4.0,485.0,70.0,0
14.0,1055.0,221.0,60.0,7.0,1155.0,92.0,0
2.0,537.0,207.0,252.0,3.0,380.0,166.0,0
15.0,315.0,217.0,153.0,7.0,1060.0,70.0,1
15.0,2376.0,217.0,258.0,4.0,985.0,120.0,1
5.0,2050.0,172.0,177.0,4.0,985.0,84.0,0
17.0,7261.0,134.0,60.0,3.0,1320.0,77.0,1
14.0,27.0,173.0,217.0,3.0,435.0,298.0,0
5.0,1517.0,16.0,79.0,3.0,500.0,213.0,1
5.0,2292.0,217.0,197.0,6.0,612.0,198.0,1
15.0,41.0,2.0,75.0,7.0,810.0,95.0,1
12.0,6321.0,154.0,243.0,3.0,452.0,46.0,0
5.0,629.0,78.0,85.0,1.0,760.0,95.0,0
12.0,6541.0,79.0,29.0,3.0,617.0,95.0,0
6.0,5249.0,138.0,16.0,3.0,677.0,92.0,0
13.0,730.0,264.0,208.0,1.0,668.0,237.0,1
13.0,271.0,79.0,207.0,3.0,1294.0,145.0,0
1.0,599.0,159.0,183.0,6.0,630.0,195.0,0
1.0,270.0,128.0,154.0,7.0,500.0,330.0,0
12.0,6408.0,253.0,93.0,6.0,802.0,92.0,0
5.0,2825.0,35.0,197.0,4.0,1090.0,203.0,1
1.0,1877.0,80.0,153.0,5.0,1360.0,190.0,0
12.0,6257.0,79.0,34.0,7.0,906.0,122.0,1
12.0,6996.0,79.0,124.0,4.0,1172.0,46.0,0
0.0,4095.0,197.0,247.0,3.0,1170.0,87.0,0
2.0,152.0,14.0,206.0,1.0,660.0,94.0,0
13.0,523.0,79.0,217.0,4.0,920.0,117.0,0
5.0,2930.0,214.0,197.0,3.0,745.0,199.0,0
15.0,2801.0,27.0,277.0,3.0,565.0,85.0,1
12.0,6875.0,195.0,79.0,4.0,1150.0,157.0,0
12.0,6736.0,79.0,230.0,3.0,480.0,67.0,0
8.0,29.0,175.0,16.0,3.0,400.0,116.0,0
11.0,6543.0,27.0,159.0,4.0,885.0,148.0,0
14.0,945.0,60.0,147.0,7.0,700.0,85.0,1
7.0,473.0,241.0,184.0,3.0,708.0,181.0,1
2.0,92.0,14.0,252.0,1.0,870.0,202.0,0
16.0,2465.0,135.0,170.0,7.0,1030.0,84.0,0
1.0,2010.0,79.0,80.0,7.0,930.0,115.0,0
15.0,1024.0,129.0,18.0,6.0,930.0,50.0,1
14.0,1718.0,78.0,273.0,7.0,1280.0,67.0,0
10.0,4372.0,22.0,208.0,1.0,430.0,170.0,0
5.0,2968.0,252.0,16.0,5.0,445.0,285.0,0
10.0,2948.0,80.0,156.0,3.0,660.0,70.0,0
16.0,2128.0,58.0,35.0,1.0,460.0,95.0,1
10.0,4275.0,195.0,208.0,1.0,360.0,55.0,1
9.0,248.0,128.0,150.0,5.0,1066.0,43.0,1
4.0,60.0,135.0,96.0,3.0,725.0,210.0,1
12.0,6677.0,80.0,79.0,6.0,939.0,128.0,1
12.0,6946.0,79.0,111.0,6.0,687.0,154.0,1
1.0,1140.0,244.0,80.0,5.0,360.0,65.0,0
14.0,1952.0,104.0,60.0,4.0,1145.0,120.0,1
1.0,848.0,80.0,16.0,6.0,1070.0,130.0,0
2.0,46.0,23.0,14.0,3.0,1240.0,69.0,1
15.0,1217.0,154.0,129.0,7.0,555.0,185.0,1
16.0,2995.0,134.0,135.0,4.0,365.0,211.0,0
12.0,4487.0,261.0,252.0,6.0,585.0,135.0,1
16.0,2581.0,135.0,68.0,1.0,860.0,61.0,0
5.0,2065.0,22.0,16.0,7.0,435.0,175.0,0
5.0,1617.0,16.0,79.0,1.0,575.0,212.0,1
5.0,1925.0,45.0,16.0,5.0,600.0,120.0,1
12.0,4623.0,262.0,261.0,1.0,615.0,98.0,0
12.0,6626.0,227.0,79.0,3.0,805.0,122.0,1
14.0,38.0,154.0,217.0,7.0,1075.0,82.0,0
16.0,2425.0,135.0,38.0,7.0,1115.0,70.0,1
15.0,49.0,253.0,217.0,7.0,625.0,115.0,0
17.0,7215.0,208.0,22.0,3.0,655.0,120.0,1
5.0,1742.0,261.0,111.0,7.0,1200.0,112.0,1
3.0,937.0,208.0,160.0,5.0,1055.0,267.0,0
16.0,2166.0,157.0,135.0,1.0,1075.0,150.0,1
2.0,605.0,153.0,252.0,3.0,790.0,164.0,0
6.0,5415.0,52.0,16.0,6.0,657.0,53.0,1
14.0,113.0,216.0,153.0,5.0,950.0,338.0,0
17.0,2775.0,217.0,194.0,6.0,659.0,114.0,0
13.0,481.0,208.0,80.0,6.0,1235.0,157.0,1
15.0,2066.0,45.0,244.0,6.0,695.0,240.0,1
6.0,5575.0,138.0,16.0,7.0,475.0,97.0,0
16.0,5895.0,33.0,134.0,1.0,536.0,104.0,0
11.0,6459.0,96.0,71.0,4.0,779.0,129.0,0
7.0,304.0,111.0,79.0,7.0,395.0,130.0,0
8.0,875.0,16.0,197.0,6.0,824.0,160.0,0
15.0,258.0,154.0,261.0,4.0,1140.0,105.0,0
3.0,418.0,213.0,35.0,5.0,420.0,172.0,0
5.0,2127.0,16.0,104.0,4.0,450.0,110.0,0
11.0,6469.0,132.0,16.0,3.0,440.0,67.0,0
13.0,916.0,252.0,134.0,4.0,470.0,296.0,0
12.0,4542.0,261.0,137.0,7.0,1185.0,57.0,1
0.0,4245.0,85.0,134.0,5.0,1040.0,95.0,0
8.0,895.0,159.0,139.0,1.0,604.0,137.0,0
4.0,1500.0,104.0,96.0,6.0,760.0,178.0,1
15.0,3137.0,262.0,153.0,7.0,945.0,80.0,1
9.0,228.0,128.0,150.0,6.0,595.0,42.0,0
15.0,1508.0,18.0,153.0,6.0,455.0,185.0,0
12.0,4838.0,261.0,99.0,7.0,829.0,134.0,0
12.0,6490.0,236.0,154.0,4.0,909.0,86.0,0
16.0,2833.0,135.0,146.0,5.0,629.0,69.0,0
1.0,2227.0,148.0,153.0,7.0,1165.0,360.0,0
8.0,30.0,16.0,175.0,7.0,535.0,112.0,0
16.0,5896.0,208.0,152.0,5.0,785.0,53.0,0
6.0,5164.0,16.0,47.0,5.0,1077.0,63.0,0
15.0,1361.0,91.0,153.0,1.0,805.0,115.0,1
12.0,7011.0,263.0,154.0,4.0,390.0,57.0,0
8.0,1621.0,216.0,173.0,3.0,400.0,158.0,1
11.0,6265.0,85.0,238.0,7.0,825.0,81.0,0
1.0,628.0,183.0,35.0,3.0,1150.0,185.0,1
14.0,544.0,111.0,217.0,6.0,510.0,158.0,0
13.0,420.0,208.0,238.0,3.0,1080.0,98.0,0
17.0,7251.0,208.0,177.0,7.0,724.0,98.0,0
0.0,4030.0,148.0,42.0,5.0,840.0,100.0,0
15.0,1255.0,153.0,244.0,1.0,960.0,155.0,1
11.0,6442.0,85.0,234.0,7.0,1305.0,101.0,0
3.0,49.0,148.0,213.0,1.0,489.0,176.0,1
3.0,612.0,147.0,148.0,3.0,685.0,125.0,1
12.0,7027.0,79.0,261.0,3.0,921.0,85.0,1
14.0,1559.0,216.0,104.0,1.0,710.0,169.0,0
5.0,1453.0,159.0,197.0,4.0,370.0,184.0,0
12.0,4659.0,28.0,261.0,1.0,778.0,80.0,0
15.0,292.0,153.0,228.0,1.0,845.0,300.0,1
5.0,1109.0,54.0,16.0,5.0,1166.0,89.0,0
9.0,111.0,143.0,203.0,5.0,504.0,37.0,0
10.0,4495.0,35.0,159.0,7.0,475.0,80.0,0
9.0,161.0,143.0,128.0,5.0,634.0,49.0,0
1.0,1970.0,80.0,33.0,7.0,1090.0,100.0,0
8.0,137.0,45.0,147.0,3.0,645.0,115.0,0
5.0,1913.0,16.0,213.0,4.0,970.0,110.0,0
6.0,5030.0,16.0,11.0,7.0,895.0,57.0,0
1.0,2098.0,208.0,35.0,3.0,935.0,130.0,1
10.0,3620.0,209.0,183.0,4.0,445.0,155.0,0
12.0,6695.0,79.0,91.0,1.0,606.0,109.0,1
12.0,6556.0,79.0,279.0,4.0,1016.0,89.0,0
2.0,664.0,252.0,80.0,4.0,1085.0,222.0,0
16.0,2505.0,58.0,234.0,5.0,925.0,74.0,1
5.0,2152.0,147.0,16.0,4.0,1080.0,89.0,0
0.0,4219.0,85.0,175.0,3.0,1170.0,79.0,1
15.0,744.0,91.0,129.0,5.0,1005.0,105.0,0
15.0,370.0,79.0,216.0,3.0,840.0,220.0,1
17.0,2618.0,60.0,251.0,1.0,600.0,92.0,0
0.0,4259.0,222.0,85.0,1.0,375.0,95.0,1
15.0,1206.0,268.0,75.0,6.0,460.0,110.0,0
12.0,6333.0,154.0,243.0,7.0,832.0,48.0,0
4.0,1405.0,58.0,277.0,7.0,535.0,150.0,0
15.0,3742.0,277.0,33.0,3.0,1080.0,110.0,1
5.0,1263.0,16.0,184.0,4.0,793.0,121.0,0
14.0,938.0,60.0,159.0,7.0,695.0,111.0,0
5.0,1206.0,16.0,76.0,3.0,1315.0,100.0,0
15.0,134.0,79.0,277.0,1.0,630.0,210.0,0
16.0,2716.0,47.0,135.0,1.0,1050.0,156.0,0
14.0,1096.0,216.0,233.0,3.0,940.0,82.0,1
5.0,1595.0,111.0,261.0,6.0,785.0,94.0,0
11.0,6365.0,85.0,71.0,4.0,1165.0,81.0,0
6.0,5216.0,78.0,268.0,4.0,1079.0,146.0,1
12.0,6318.0,207.0,253.0,1.0,597.0,85.0,1
10.0,3218.0,146.0,80.0,4.0,580.0,95.0,1
8.0,424.0,16.0,223.0,5.0,1045.0,70.0,0
15.0,3246.0,261.0,153.0,6.0,870.0,80.0,0
15.0,1073.0,153.0,243.0,4.0,1105.0,65.0,0
6.0,5446.0,288.0,16.0,1.0,615.0,74.0,0
15.0,432.0,154.0,153.0,7.0,740.0,60.0,1
12.0,6290.0,154.0,194.0,6.0,467.0,64.0,0
15.0,1234.0,214.0,202.0,7.0,615.0,100.0,0
10.0,3295.0,80.0,47.0,1.0,845.0,135.0,0
6.0,7139.0,134.0,76.0,5.0,1327.0,88.0,0
15.0,256.0,217.0,173.0,1.0,630.0,245.0,1
16.0,2709.0,75.0,135.0,4.0,630.0,62.0,1
0.0,3792.0,85.0,171.0,4.0,830.0,46.0,0
17.0,1964.0,128.0,143.0,6.0,1095.0,49.0,0
14.0,148.0,217.0,153.0,7.0,1270.0,70.0,1
1.0,726.0,80.0,159.0,5.0,690.0,195.0,0
12.0,6365.0,195.0,208.0,4.0,1038.0,61.0,0
9.0,336.0,128.0,203.0,7.0,805.0,39.0,0
12.0,7032.0,292.0,154.0,5.0,926.0,80.0,0
13.0,99.0,134.0,277.0,3.0,500.0,148.0,0
13.0,651.0,208.0,243.0,6.0,1212.0,269.0,1
14.0,1161.0,216.0,60.0,3.0,605.0,121.0,0
3.0,22.0,148.0,273.0,3.0,1365.0,69.0,0
13.0,494.0,208.0,35.0,1.0,550.0,139.0,0
12.0,4739.0,261.0,202.0,6.0,905.0,122.0,0
14.0,943.0,209.0,60.0,1.0,420.0,85.0,0
10.0,3768.0,96.0,208.0,1.0,360.0,165.0,0
8.0,461.0,45.0,16.0,7.0,365.0,126.0,0
10.0,3631.0,183.0,33.0,1.0,745.0,150.0,1
15.0,2786.0,202.0,207.0,5.0,635.0,70.0,1
2.0,467.0,154.0,252.0,6.0,810.0,155.0,0
16.0,5940.0,208.0,238.0,1.0,606.0,95.0,0
15.0,2442.0,75.0,18.0,4.0,390.0,55.0,0
12.0,6901.0,208.0,54.0,4.0,552.0,122.0,0
15.0,3425.0,91.0,75.0,3.0,985.0,95.0,1
12.0,4634.0,160.0,261.0,6.0,602.0,120.0,1
9.0,11.0,253.0,128.0,5.0,520.0,335.0,1
15.0,2927.0,213.0,277.0,5.0,505.0,50.0,0
5.0,1889.0,71.0,16.0,5.0,360.0,103.0,0
12.0,6247.0,100.0,154.0,4.0,719.0,72.0,1
10.0,4006.0,208.0,52.0,3.0,855.0,95.0,0
16.0,2089.0,96.0,78.0,5.0,530.0,79.0,0
5.0,1024.0,16.0,60.0,5.0,585.0,85.0,0
15.0,1057.0,202.0,44.0,7.0,635.0,65.0,0
10.0,3705.0,78.0,208.0,1.0,1100.0,135.0,1
16.0,2010.0,135.0,251.0,7.0,826.0,125.0,0
4.0,411.0,96.0,135.0,7.0,700.0,228.0,1
10.0,2951.0,68.0,80.0,5.0,1050.0,80.0,0
15.0,1043.0,58.0,45.0,4.0,955.0,75.0,1
4.0,501.0,139.0,135.0,7.0,390.0,145.0,0
5.0,2798.0,16.0,229.0,1.0,875.0,149.0,1
12.0,4743.0,58.0,197.0,3.0,400.0,135.0,0
15.0,2547.0,173.0,241.0,5.0,590.0,50.0,0
5.0,1182.0,252.0,261.0,1.0,955.0,116.0,0
15.0,598.0,172.0,79.0,3.0,420.0,120.0,1
10.0,2942.0,80.0,62.0,5.0,1130.0,115.0,0
15.0,297.0,182.0,153.0,5.0,610.0,375.0,0
1.0,635.0,183.0,80.0,7.0,560.0,195.0,1
5.0,1530.0,16.0,85.0,6.0,885.0,120.0,0
4.0,768.0,96.0,153.0,7.0,450.0,332.0,0
15.0,1286.0,172.0,153.0,5.0,425.0,195.0,0
16.0,2830.0,135.0,146.0,3.0,1192.0,75.0,1
12.0,6551.0,172.0,208.0,6.0,1003.0,92.0,0
14.0,791.0,260.0,60.0,6.0,1060.0,234.0,0
6.0,7105.0,134.0,229.0,4.0,737.0,92.0,0
6.0,5149.0,16.0,275.0,3.0,660.0,67.0,1
5.0,2220.0,208.0,85.0,6.0,615.0,87.0,1
12.0,4488.0,261.0,111.0,7.0,515.0,113.0,0
1.0,654.0,80.0,35.0,7.0,605.0,205.0,0
17.0,1008.0,128.0,203.0,6.0,1080.0,35.0,0
15.0,3664.0,129.0,45.0,1.0,450.0,170.0,0
0.0,3928.0,218.0,85.0,5.0,385.0,93.0,0
16.0,2464.0,234.0,96.0,6.0,610.0,69.0,0
15.0,411.0,79.0,18.0,3.0,1195.0,125.0,1
12.0,6624.0,58.0,79.0,5.0,1142.0,206.0,0
10.0,2779.0,80.0,121.0,7.0,800.0,130.0,1
2.0,699.0,111.0,252.0,5.0,420.0,67.0,0
15.0,771.0,202.0,44.0,5.0,1100.0,65.0,0
15.0,260.0,253.0,153.0,5.0,1215.0,85.0,1
15.0,975.0,79.0,175.0,6.0,520.0,140.0,0
15.0,1052.0,258.0,153.0,4.0,865.0,85.0,1
11.0,6601.0,233.0,173.0,5.0,1030.0,119.0,0
4.0,449.0,253.0,96.0,3.0,690.0,320.0,1
16.0,2482.0,135.0,116.0,7.0,634.0,69.0,0
0.0,3861.0,177.0,244.0,4.0,1165.0,127.0,0
12.0,6344.0,154.0,243.0,3.0,1353.0,54.0,0
15.0,2207.0,91.0,217.0,6.0,1105.0,80.0,1
14.0,660.0,217.0,264.0,3.0,1070.0,77.0,0
10.0,3794.0,208.0,91.0,4.0,675.0,200.0,1
13.0,125.0,79.0,261.0,6.0,690.0,87.0,1
15.0,3484.0,44.0,153.0,4.0,850.0,60.0,1
7.0,662.0,253.0,79.0,4.0,1135.0,139.0,0
15.0,1124.0,236.0,153.0,3.0,545.0,75.0,0
16.0,2977.0,96.0,78.0,7.0,1310.0,70.0,1
8.0,227.0,184.0,159.0,7.0,798.0,121.0,0
12.0,6821.0,231.0,253.0,5.0,603.0,69.0,1
1.0,600.0,253.0,80.0,1.0,440.0,210.0,0
15.0,871.0,243.0,253.0,4.0,1030.0,90.0,0
15.0,1919.0,45.0,277.0,1.0,440.0,150.0,1
13.0,117.0,208.0,252.0,5.0,1227.0,276.0,0
5.0,1209.0,35.0,261.0,1.0,390.0,342.0,0
5.0,109.0,16.0,173.0,4.0,1085.0,94.0,1
17.0,1024.0,128.0,161.0,1.0,669.0,37.0,0
15.0,1581.0,154.0,202.0,4.0,680.0,75.0,1
10.0,2705.0,80.0,239.0,7.0,795.0,95.0,0
17.0,2719.0,217.0,246.0,4.0,673.0,97.0,0
17.0,2618.0,60.0,273.0,7.0,564.0,106.0,0
15.0,3242.0,141.0,213.0,7.0,1125.0,180.0,0
5.0,2326.0,104.0,16.0,6.0,530.0,115.0,0
5.0,2961.0,16.0,74.0,5.0,1295.0,77.0,0
15.0,497.0,45.0,233.0,7.0,760.0,65.0,0
0.0,4173.0,85.0,281.0,3.0,1165.0,76.0,0
15.0,178.0,45.0,35.0,1.0,395.0,80.0,0
1.0,500.0,243.0,80.0,3.0,875.0,175.0,1
12.0,6274.0,208.0,177.0,6.0,502.0,103.0,1
12.0,4580.0,154.0,261.0,4.0,678.0,107.0,0
15.0,1654.0,2.0,154.0,5.0,1255.0,125.0,0
0.0,4007.0,177.0,75.0,5.0,830.0,93.0,0
5.0,2009.0,184.0,197.0,4.0,901.0,78.0,1
15.0,1773.0,268.0,154.0,5.0,1125.0,250.0,1
6.0,5217.0,132.0,16.0,4.0,632.0,58.0,1
13.0,464.0,214.0,208.0,4.0,802.0,238.0,0
5.0,2343.0,96.0,16.0,5.0,630.0,145.0,0
5.0,124.0,154.0,16.0,7.0,540.0,253.0,0
14.0,928.0,60.0,208.0,7.0,868.0,120.0,1
15.0,2960.0,258.0,264.0,5.0,820.0,75.0,1
10.0,3262.0,165.0,80.0,1.0,700.0,80.0,1
5.0,2814.0,252.0,197.0,5.0,50.0,189.0,0
13.0,597.0,208.0,197.0,7.0,1205.0,93.0,0
15.0,1026.0,228.0,173.0,5.0,465.0,190.0,1
15.0,938.0,217.0,154.0,1.0,990.0,80.0,0
13.0,345.0,208.0,198.0,5.0,582.0,146.0,0
3.0,204.0,160.0,148.0,6.0,556.0,314.0,1
5.0,1281.0,16.0,177.0,6.0,875.0,83.0,0
7.0,403.0,79.0,154.0,6.0,525.0,146.0,0
15.0,3137.0,262.0,153.0,4.0,945.0,80.0,1
3.0,1065.0,148.0,18.0,4.0,756.0,252.0,1
16.0,2656.0,135.0,16.0,3.0,900.0,121.0,1
11.0,6279.0,71.0,216.0,5.0,675.0,99.0,0
14.0,834.0,60.0,228.0,3.0,1190.0,112.0,1
16.0,3109.0,41.0,135.0,1.0,810.0,70.0,0
15.0,1091.0,91.0,153.0,1.0,470.0,115.0,0
5.0,1883.0,261.0,153.0,1.0,920.0,85.0,1
6.0,5168.0,16.0,19.0,1.0,757.0,56.0,0
15.0,702.0,175.0,153.0,3.0,360.0,245.0,1
17.0,2661.0,60.0,18.0,4.0,1220.0,188.0,0
14.0,239.0,217.0,85.0,7.0,1180.0,220.0,0
15.0,2012.0,44.0,217.0,3.0,785.0,80.0,1
5.0,2216.0,153.0,85.0,7.0,1420.0,229.0,0
15.0,36.0,129.0,75.0,3.0,900.0,60.0,1
12.0,6703.0,99.0,208.0,6.0,929.0,112.0,1
10.0,4676.0,148.0,35.0,4.0,685.0,65.0,1
12.0,6671.0,253.0,55.0,5.0,974.0,52.0,0
4.0,338.0,96.0,183.0,4.0,390.0,187.0,0
10.0,3266.0,41.0,80.0,6.0,640.0,85.0,0
10.0,4036.0,208.0,157.0,7.0,1140.0,80.0,0
12.0,3046.0,184.0,84.0,5.0,740.0,68.0,1
8.0,897.0,159.0,139.0,5.0,1019.0,135.0,0
1.0,1588.0,244.0,80.0,6.0,890.0,70.0,0
10.0,4511.0,159.0,35.0,1.0,835.0,65.0,0
5.0,2703.0,71.0,173.0,6.0,985.0,128.0,0
11.0,6369.0,71.0,16.0,3.0,817.0,108.0,0
1.0,2069.0,183.0,197.0,6.0,1150.0,230.0,0
15.0,3599.0,268.0,153.0,4.0,765.0,230.0,1
12.0,6925.0,154.0,252.0,6.0,404.0,164.0,0
10.0,2904.0,56.0,80.0,3.0,1155.0,125.0,0
15.0,1730.0,104.0,175.0,6.0,500.0,190.0,0
12.0,6301.0,154.0,227.0,3.0,701.0,50.0,0
9.0,248.0,128.0,150.0,4.0,1066.0,43.0,1
15.0,3508.0,217.0,18.0,7.0,1165.0,125.0,1
5.0,1307.0,214.0,148.0,5.0,1370.0,315.0,0
4.0,534.0,135.0,221.0,4.0,800.0,155.0,1
15.0,671.0,79.0,154.0,3.0,1095.0,160.0,1
16.0,2153.0,96.0,33.0,6.0,612.0,149.0,0
15.0,1256.0,202.0,44.0,7.0,1215.0,65.0,1
14.0,710.0,154.0,216.0,5.0,510.0,303.0,0
15.0,3138.0,79.0,243.0,4.0,785.0,145.0,0
3.0,295.0,252.0,160.0,7.0,1055.0,152.0,0
15.0,957.0,217.0,44.0,7.0,1050.0,85.0,0
1.0,1154.0,80.0,136.0,5.0,765.0,75.0,1
5.0,2826.0,147.0,16.0,6.0,390.0,89.0,0
0.0,3977.0,58.0,85.0,5.0,625.0,60.0,0
5.0,1413.0,16.0,204.0,4.0,825.0,138.0,0
5.0,1065.0,214.0,261.0,3.0,995.0,105.0,1
1.0,20.0,253.0,148.0,3.0,885.0,325.0,0
13.0,17.0,208.0,214.0,1.0,595.0,277.0,0
5.0,2029.0,262.0,197.0,4.0,400.0,217.0,0
11.0,6547.0,16.0,74.0,6.0,580.0,92.0,0
15.0,1668.0,154.0,258.0,7.0,1115.0,65.0,1
10.0,4373.0,62.0,208.0,3.0,555.0,55.0,0
17.0,2748.0,280.0,217.0,4.0,540.0,60.0,0
1.0,285.0,154.0,161.0,6.0,985.0,355.0,0
12.0,4569.0,56.0,197.0,5.0,717.0,63.0,1
6.0,5462.0,132.0,16.0,5.0,1008.0,60.0,0
5.0,1821.0,183.0,148.0,1.0,420.0,176.0,0
16.0,2026.0,135.0,268.0,3.0,445.0,121.0,1
6.0,5334.0,4.0,16.0,5.0,665.0,60.0,0
14.0,1839.0,216.0,197.0,1.0,595.0,183.0,1
10.0,3392.0,108.0,80.0,6.0,605.0,65.0,0
12.0,6531.0,253.0,248.0,6.0,1123.0,67.0,0
5.0,2770.0,177.0,197.0,3.0,965.0,129.0,0
8.0,204.0,48.0,16.0,4.0,933.0,110.0,0
15.0,522.0,33.0,173.0,3.0,1155.0,105.0,1
15.0,430.0,27.0,198.0,7.0,1030.0,70.0,1
10.0,2758.0,41.0,80.0,5.0,950.0,90.0,0
8.0,1589.0,30.0,173.0,6.0,996.0,128.0,0
7.0,483.0,184.0,217.0,1.0,875.0,225.0,0
15.0,1592.0,87.0,33.0,1.0,1070.0,95.0,0
5.0,1212.0,154.0,197.0,4.0,380.0,220.0,0
1.0,1381.0,16.0,80.0,4.0,500.0,155.0,0
0.0,4283.0,71.0,109.0,3.0,1240.0,45.0,1
0.0,4055.0,84.0,197.0,4.0,716.0,76.0,0
6.0,5014.0,136.0,16.0,7.0,330.0,132.0,0
8.0,112.0,80.0,16.0,4.0,725.0,116.0,0
15.0,1340.0,233.0,79.0,6.0,620.0,250.0,0
10.0,3080.0,154.0,246.0,3.0,810.0,40.0,0
15.0,129.0,217.0,261.0,5.0,550.0,100.0,0
14.0,703.0,216.0,221.0,3.0,1100.0,89.0,1
12.0,7005.0,119.0,208.0,4.0,782.0,59.0,1
0.0,4265.0,177.0,108.0,7.0,865.0,72.0,0
2.0,650.0,214.0,217.0,4.0,830.0,154.0,0
14.0,1967.0,229.0,60.0,1.0,480.0,161.0,0
8.0,533.0,177.0,16.0,3.0,430.0,76.0,1
12.0,4832.0,261.0,196.0,5.0,919.0,88.0,0
12.0,4441.0,102.0,261.0,1.0,735.0,95.0,1
1.0,358.0,208.0,159.0,5.0,940.0,130.0,1
17.0,2722.0,114.0,217.0,3.0,735.0,92.0,1
0.0,3686.0,192.0,197.0,7.0,800.0,90.0,0
12.0,6970.0,253.0,262.0,1.0,957.0,44.0,0
15.0,1992.0,264.0,253.0,1.0,680.0,85.0,1
11.0,6671.0,85.0,71.0,3.0,824.0,76.0,1
12.0,6910.0,79.0,2.0,5.0,1305.0,72.0,0
15.0,9.0,268.0,45.0,7.0,835.0,115.0,1
8.0,367.0,159.0,16.0,6.0,958.0,159.0,1
10.0,4357.0,208.0,117.0,4.0,1030.0,60.0,0
5.0,1952.0,16.0,33.0,1.0,735.0,67.0,1
4.0,1048.0,135.0,104.0,5.0,465.0,143.0,0
0.0,3740.0,85.0,272.0,4.0,625.0,102.0,1
5.0,2951.0,197.0,29.0,3.0,1050.0,87.0,0
3.0,768.0,225.0,173.0,5.0,262.0,180.0,1
10.0,3264.0,80.0,290.0,6.0,495.0,65.0,1
12.0,6681.0,34.0,79.0,7.0,1003.0,111.0,0
4.0,1828.0,135.0,280.0,1.0,690.0,161.0,1
13.0,81.0,154.0,128.0,4.0,530.0,334.0,0
15.0,945.0,228.0,216.0,3.0,565.0,80.0,1
3.0,1434.0,160.0,253.0,6.0,614.0,86.0,0
10.0,3776.0,198.0,208.0,7.0,450.0,145.0,1
15.0,1082.0,202.0,243.0,3.0,690.0,85.0,0
14.0,612.0,217.0,16.0,7.0,795.0,215.0,0
12.0,4887.0,197.0,208.0,1.0,875.0,90.0,1
16.0,2241.0,190.0,135.0,4.0,567.0,89.0,0
15.0,569.0,153.0,277.0,7.0,595.0,250.0,1
5.0,1120.0,16.0,47.0,3.0,1219.0,67.0,0
5.0,2763.0,148.0,154.0,5.0,540.0,393.0,0
4.0,468.0,96.0,153.0,7.0,1125.0,346.0,0
12.0,6246.0,154.0,100.0,3.0,515.0,68.0,0
15.0,3682.0,18.0,175.0,5.0,890.0,155.0,0
14.0,1717.0,216.0,213.0,4.0,1075.0,168.0,1
8.0,28.0,16.0,175.0,7.0,1340.0,118.0,0
2.0,107.0,252.0,14.0,6.0,1170.0,230.0,0
6.0,5359.0,16.0,190.0,1.0,975.0,83.0,1
15.0,958.0,258.0,243.0,1.0,510.0,75.0,1
17.0,2606.0,177.0,60.0,5.0,1134.0,102.0,0
12.0,6230.0,93.0,214.0,6.0,731.0,41.0,0
15.0,3332.0,155.0,75.0,6.0,1130.0,60.0,1
13.0,405.0,79.0,264.0,3.0,924.0,147.0,0
1.0,721.0,80.0,91.0,3.0,815.0,105.0,1
15.0,2720.0,153.0,18.0,4.0,1020.0,155.0,0
1.0,1391.0,221.0,80.0,5.0,1095.0,195.0,0
0.0,4082.0,85.0,209.0,7.0,840.0,110.0,1
1.0,1678.0,80.0,45.0,4.0,500.0,170.0,0
1.0,1871.0,213.0,80.0,3.0,475.0,190.0,0
15.0,2032.0,253.0,264.0,3.0,770.0,85.0,0
14.0,1675.0,60.0,183.0,6.0,795.0,123.0,0
15.0,1743.0,153.0,2.0,6.0,460.0,85.0,1
13.0,945.0,208.0,154.0,7.0,715.0,273.0,1
15.0,16.0,33.0,129.0,4.0,440.0,130.0,1
10.0,2880.0,121.0,80.0,5.0,885.0,170.0,0
13.0,338.0,79.0,80.0,7.0,1239.0,115.0,0
12.0,6273.0,111.0,252.0,7.0,707.0,71.0,0
15.0,3223.0,233.0,45.0,6.0,595.0,60.0,0
15.0,539.0,104.0,175.0,5.0,1035.0,195.0,1
3.0,681.0,35.0,78.0,4.0,580.0,101.0,0
7.0,532.0,175.0,79.0,3.0,1130.0,157.0,0
3.0,1225.0,35.0,233.0,3.0,855.0,123.0,1
12.0,6630.0,57.0,154.0,5.0,557.0,40.0,1
15.0,19.0,129.0,68.0,5.0,745.0,50.0,1
7.0,108.0,79.0,197.0,3.0,1195.0,110.0,1
5.0,1904.0,104.0,85.0,6.0,470.0,185.0,0
15.0,29.0,129.0,68.0,4.0,895.0,50.0,1
11.0,6604.0,71.0,22.0,5.0,915.0,119.0,0
17.0,2601.0,60.0,18.0,4.0,555.0,179.0,0
15.0,259.0,264.0,153.0,7.0,645.0,70.0,1
12.0,6986.0,281.0,208.0,7.0,655.0,79.0,1
1.0,1152.0,198.0,80.0,3.0,550.0,100.0,0
8.0,137.0,45.0,147.0,4.0,625.0,115.0,0
11.0,6544.0,148.0,43.0,4.0,1020.0,115.0,0
13.0,570.0,208.0,58.0,4.0,815.0,86.0,0
6.0,5132.0,11.0,16.0,1.0,570.0,72.0,0
10.0,3201.0,80.0,52.0,5.0,790.0,110.0,1
3.0,437.0,35.0,173.0,4.0,1180.0,190.0,0
15.0,59.0,75.0,129.0,4.0,1260.0,60.0,1
5.0,465.0,85.0,261.0,1.0,725.0,244.0,1
14.0,1453.0,209.0,60.0,3.0,665.0,84.0,0
10.0,3909.0,285.0,208.0,7.0,925.0,110.0,1
16.0,2183.0,96.0,139.0,4.0,389.0,139.0,0
14.0,1020.0,216.0,173.0,1.0,606.0,167.0,0
13.0,958.0,252.0,208.0,3.0,500.0,241.0,0
17.0,2790.0,217.0,160.0,7.0,920.0,78.0,1
15.0,1600.0,35.0,45.0,1.0,1095.0,100.0,0
6.0,5419.0,204.0,85.0,5.0,360.0,150.0,0
15.0,642.0,261.0,214.0,5.0,510.0,130.0,1
8.0,507.0,184.0,159.0,4.0,599.0,124.0,0
5.0,2935.0,85.0,197.0,5.0,925.0,118.0,0
15.0,1594.0,79.0,35.0,4.0,1020.0,225.0,0
2.0,152.0,211.0,14.0,5.0,895.0,86.0,0
1.0,1434.0,80.0,173.0,3.0,380.0,145.0,0
14.0,288.0,258.0,217.0,3.0,1155.0,105.0,0
8.0,1002.0,174.0,173.0,7.0,653.0,148.0,1
5.0,2335.0,16.0,147.0,7.0,887.0,69.0,0
15.0,23.0,75.0,129.0,1.0,720.0,60.0,1
15.0,2883.0,221.0,173.0,3.0,1150.0,140.0,1
13.0,367.0,79.0,34.0,3.0,834.0,121.0,0
13.0,260.0,134.0,173.0,5.0,1316.0,139.0,0
4.0,644.0,135.0,58.0,6.0,1135.0,154.0,0
14.0,1269.0,148.0,60.0,1.0,380.0,120.0,1
15.0,775.0,85.0,175.0,5.0,940.0,65.0,1
16.0,2361.0,96.0,208.0,6.0,875.0,145.0,1
5.0,1254.0,223.0,16.0,3.0,390.0,83.0,1
3.0,594.0,173.0,130.0,4.0,734.0,155.0,0
5.0,1259.0,221.0,16.0,1.0,875.0,123.0,1
15.0,568.0,217.0,154.0,7.0,590.0,90.0,1
15.0,2280.0,233.0,104.0,1.0,650.0,125.0,1
5.0,1422.0,85.0,35.0,5.0,835.0,113.0,0
15.0,512.0,153.0,184.0,1.0,570.0,210.0,1
16.0,2844.0,58.0,78.0,4.0,705.0,70.0,0
0.0,3820.0,21.0,85.0,1.0,814.0,56.0,1
5.0,2296.0,197.0,159.0,1.0,1035.0,168.0,1
4.0,855.0,213.0,96.0,3.0,935.0,168.0,1
13.0,707.0,79.0,221.0,7.0,812.0,175.0,0
6.0,5197.0,16.0,132.0,7.0,1065.0,60.0,0
6.0,5530.0,123.0,16.0,7.0,667.0,75.0,0
12.0,3061.0,268.0,184.0,5.0,1083.0,72.0,0
15.0,441.0,217.0,243.0,7.0,595.0,75.0,0
1.0,277.0,183.0,154.0,4.0,945.0,350.0,1
6.0,5387.0,16.0,121.0,1.0,590.0,64.0,0
15.0,3421.0,209.0,45.0,4.0,465.0,55.0,0
5.0,1397.0,35.0,159.0,4.0,1110.0,78.0,0
15.0,2397.0,75.0,18.0,7.0,805.0,50.0,0
15.0,1002.0,18.0,131.0,7.0,520.0,60.0,0
7.0,420.0,79.0,16.0,7.0,629.0,174.0,0
15.0,489.0,221.0,173.0,7.0,785.0,140.0,1
5.0,183.0,148.0,252.0,4.0,450.0,380.0,0
5.0,2937.0,195.0,85.0,4.0,420.0,84.0,0
10.0,3373.0,68.0,80.0,3.0,495.0,80.0,0
12.0,6430.0,153.0,154.0,5.0,800.0,80.0,0
12.0,6236.0,153.0,100.0,7.0,765.0,88.0,0
8.0,573.0,184.0,154.0,1.0,530.0,262.0,0
8.0,810.0,35.0,45.0,5.0,990.0,85.0,1
6.0,7127.0,208.0,76.0,6.0,785.0,67.0,1
5.0,2414.0,104.0,148.0,4.0,380.0,169.0,0
1.0,1917.0,148.0,173.0,4.0,935.0,185.0,0
15.0,861.0,35.0,216.0,1.0,800.0,100.0,1
13.0,962.0,79.0,264.0,7.0,1154.0,151.0,0
5.0,1086.0,177.0,16.0,5.0,555.0,84.0,0
3.0,554.0,241.0,96.0,1.0,729.0,170.0,0
15.0,1760.0,129.0,279.0,3.0,865.0,80.0,1
15.0,118.0,207.0,217.0,3.0,600.0,65.0,1
0.0,3820.0,21.0,85.0,7.0,814.0,56.0,1
12.0,6867.0,46.0,79.0,1.0,445.0,107.0,0
5.0,2101.0,35.0,16.0,3.0,960.0,183.0,1
5.0,1086.0,177.0,16.0,7.0,555.0,84.0,1
12.0,4611.0,261.0,253.0,6.0,510.0,133.0,0
5.0,2025.0,16.0,135.0,5.0,837.0,138.0,0
2.0,107.0,252.0,14.0,7.0,1170.0,230.0,1
5.0,2610.0,80.0,16.0,6.0,420.0,130.0,1
1.0,1249.0,78.0,268.0,6.0,775.0,135.0,1
17.0,2662.0,268.0,60.0,4.0,770.0,111.0,0
3.0,495.0,35.0,79.0,6.0,435.0,280.0,0
11.0,6555.0,177.0,45.0,4.0,815.0,124.0,1
10.0,4220.0,208.0,33.0,1.0,620.0,90.0,1
5.0,1308.0,18.0,16.0,1.0,400.0,142.0,0
2.0,67.0,149.0,14.0,4.0,1210.0,106.0,0
5.0,1077.0,96.0,197.0,3.0,480.0,196.0,0
15.0,1133.0,170.0,75.0,4.0,640.0,70.0,0
13.0,629.0,78.0,208.0,7.0,1110.0,129.0,0
10.0,2747.0,80.0,121.0,6.0,1185.0,130.0,0
6.0,5232.0,16.0,52.0,3.0,1221.0,48.0,1
14.0,1754.0,78.0,216.0,5.0,930.0,85.0,1
6.0,5019.0,70.0,16.0,6.0,668.0,49.0,0
6.0,5135.0,16.0,87.0,1.0,898.0,75.0,1
6.0,5423.0,16.0,19.0,4.0,898.0,59.0,1
15.0,2841.0,154.0,202.0,6.0,1065.0,75.0,0
10.0,3741.0,208.0,96.0,4.0,1200.0,120.0,1
10.0,3227.0,80.0,284.0,1.0,1025.0,45.0,0
12.0,4758.0,261.0,172.0,7.0,1027.0,142.0,0
0.0,3660.0,177.0,221.0,1.0,855.0,112.0,0
10.0,3280.0,68.0,80.0,5.0,360.0,80.0,0
17.0,7257.0,134.0,244.0,4.0,1040.0,234.0,0
4.0,580.0,153.0,58.0,3.0,410.0,230.0,0
4.0,732.0,135.0,159.0,3.0,1135.0,193.0,1
15.0,1751.0,61.0,45.0,3.0,705.0,70.0,1
2.0,138.0,14.0,208.0,4.0,1405.0,345.0,0
13.0,599.0,58.0,208.0,6.0,1133.0,87.0,0
10.0,3929.0,22.0,208.0,6.0,1130.0,170.0,1
3.0,37.0,148.0,277.0,1.0,470.0,176.0,0
15.0,1600.0,35.0,45.0,7.0,1095.0,100.0,1
2.0,884.0,150.0,214.0,1.0,565.0,335.0,0
16.0,2696.0,76.0,58.0,5.0,365.0,54.0,0
9.0,525.0,203.0,128.0,3.0,645.0,34.0,0
10.0,4505.0,35.0,159.0,7.0,630.0,75.0,0
5.0,1476.0,213.0,85.0,3.0,942.0,178.0,1
3.0,115.0,148.0,198.0,3.0,1248.0,211.0,1
10.0,2746.0,38.0,80.0,7.0,745.0,95.0,0
17.0,2719.0,217.0,246.0,5.0,673.0,97.0,1
10.0,4355.0,204.0,208.0,3.0,400.0,135.0,0
8.0,931.0,147.0,16.0,6.0,400.0,77.0,0
15.0,740.0,264.0,153.0,1.0,700.0,65.0,1
15.0,3501.0,175.0,139.0,3.0,605.0,50.0,1
17.0,2911.0,217.0,227.0,6.0,660.0,71.0,0
10.0,4373.0,62.0,208.0,1.0,555.0,55.0,0
4.0,1428.0,60.0,135.0,1.0,360.0,180.0,1
12.0,6406.0,93.0,253.0,7.0,767.0,90.0,1
5.0,1184.0,16.0,261.0,5.0,646.0,262.0,0
15.0,20.0,155.0,153.0,5.0,835.0,140.0,1
5.0,1981.0,197.0,177.0,1.0,390.0,125.0,1
5.0,2608.0,197.0,96.0,7.0,1135.0,164.0,1
14.0,1761.0,35.0,60.0,6.0,675.0,143.0,0
15.0,903.0,172.0,175.0,1.0,1015.0,85.0,1
5.0,629.0,78.0,85.0,5.0,760.0,95.0,0
8.0,400.0,16.0,139.0,7.0,1330.0,102.0,1
7.0,772.0,153.0,79.0,1.0,497.0,108.0,0
12.0,6832.0,246.0,253.0,3.0,380.0,88.0,0
14.0,847.0,228.0,216.0,7.0,440.0,89.0,0
10.0,2793.0,107.0,80.0,1.0,465.0,150.0,0
2.0,244.0,252.0,154.0,6.0,420.0,155.0,0
15.0,862.0,205.0,175.0,1.0,520.0,85.0,0
9.0,195.0,203.0,128.0,6.0,1140.0,33.0,0
12.0,6627.0,195.0,79.0,7.0,639.0,168.0,1
5.0,2202.0,16.0,104.0,4.0,1370.0,109.0,1
4.0,757.0,58.0,153.0,3.0,1005.0,268.0,1
10.0,2978.0,146.0,80.0,4.0,750.0,90.0,0
5.0,2369.0,16.0,173.0,1.0,780.0,87.0,0
15.0,244.0,175.0,154.0,3.0,880.0,280.0,1
6.0,5463.0,16.0,288.0,3.0,506.0,80.0,1
9.0,354.0,161.0,128.0,7.0,941.0,32.0,0
7.0,214.0,79.0,18.0,4.0,1185.0,124.0,0
2.0,648.0,252.0,280.0,5.0,715.0,173.0,1
8.0,227.0,153.0,184.0,1.0,430.0,208.0,0
0.0,3916.0,121.0,85.0,5.0,1000.0,115.0,0
10.0,4497.0,33.0,78.0,7.0,1100.0,90.0,0
4.0,1889.0,135.0,262.0,7.0,900.0,254.0,0
5.0,2756.0,16.0,148.0,3.0,450.0,135.0,0
5.0,1653.0,197.0,252.0,4.0,420.0,225.0,0
5.0,2426.0,104.0,16.0,4.0,455.0,124.0,0
5.0,2743.0,96.0,16.0,5.0,1018.0,161.0,0
5.0,2317.0,85.0,153.0,6.0,715.0,272.0,1
12.0,7803.0,261.0,282.0,4.0,1015.0,64.0,1
12.0,6240.0,224.0,253.0,3.0,1045.0,125.0,1
10.0,2922.0,38.0,80.0,1.0,1050.0,95.0,0
15.0,840.0,22.0,45.0,5.0,1070.0,75.0,1
1.0,399.0,80.0,253.0,5.0,945.0,240.0,0
12.0,6815.0,253.0,51.0,3.0,712.0,93.0,0
5.0,2112.0,16.0,208.0,6.0,500.0,135.0,1
17.0,1038.0,128.0,150.0,7.0,915.0,40.0,0
12.0,7035.0,214.0,154.0,1.0,932.0,138.0,0
5.0,1440.0,16.0,221.0,7.0,649.0,103.0,0
14.0,907.0,60.0,277.0,1.0,880.0,101.0,0
1.0,2287.0,279.0,80.0,5.0,595.0,75.0,0
5.0,1097.0,16.0,91.0,7.0,1175.0,215.0,0
1.0,1904.0,208.0,183.0,4.0,1005.0,185.0,1
11.0,6402.0,148.0,35.0,4.0,495.0,88.0,0
15.0,1321.0,258.0,214.0,3.0,960.0,110.0,1
15.0,848.0,202.0,154.0,4.0,840.0,70.0,0
2.0,151.0,14.0,211.0,6.0,370.0,95.0,1
10.0,3262.0,165.0,80.0,6.0,700.0,80.0,0
13.0,547.0,208.0,153.0,6.0,616.0,237.0,1
15.0,106.0,75.0,198.0,7.0,1175.0,80.0,1
17.0,7293.0,134.0,96.0,7.0,752.0,85.0,0
4.0,1087.0,173.0,135.0,3.0,385.0,150.0,0
13.0,234.0,208.0,159.0,4.0,513.0,132.0,0
12.0,6409.0,154.0,248.0,7.0,1183.0,54.0,1
15.0,2776.0,205.0,79.0,6.0,980.0,100.0,1
15.0,3415.0,268.0,35.0,4.0,1080.0,155.0,1
17.0,7253.0,233.0,208.0,1.0,570.0,140.0,0
12.0,7003.0,252.0,154.0,5.0,414.0,156.0,0
1.0,1943.0,253.0,154.0,3.0,1150.0,80.0,0
15.0,1056.0,268.0,153.0,4.0,375.0,235.0,0
15.0,683.0,87.0,173.0,7.0,530.0,65.0,0
5.0,2931.0,159.0,85.0,4.0,365.0,118.0,1
16.0,2597.0,135.0,245.0,6.0,1185.0,121.0,0
15.0,534.0,217.0,279.0,5.0,1005.0,135.0,1
15.0,1487.0,12.0,153.0,7.0,805.0,350.0,1
12.0,6718.0,290.0,79.0,4.0,806.0,123.0,0
15.0,570.0,153.0,253.0,3.0,1140.0,95.0,1
5.0,1704.0,104.0,85.0,5.0,1069.0,184.0,0
8.0,264.0,78.0,184.0,3.0,820.0,125.0,0
15.0,700.0,44.0,258.0,4.0,1185.0,65.0,1
15.0,1134.0,139.0,175.0,7.0,670.0,60.0,0
6.0,5052.0,16.0,201.0,3.0,1241.0,85.0,1
10.0,3836.0,208.0,216.0,5.0,575.0,120.0,0
14.0,590.0,202.0,217.0,5.0,370.0,112.0,0
1.0,1677.0,208.0,264.0,5.0,1125.0,260.0,0
17.0,1033.0,128.0,150.0,1.0,705.0,40.0,0
1.0,17.0,148.0,253.0,3.0,1165.0,400.0,1
15.0,1587.0,244.0,33.0,1.0,590.0,125.0,0
5.0,1077.0,96.0,197.0,1.0,480.0,196.0,0
10.0,2871.0,146.0,80.0,6.0,505.0,95.0,0
15.0,1279.0,129.0,204.0,3.0,1245.0,80.0,1
6.0,4984.0,35.0,78.0,4.0,635.0,109.0,1
13.0,663.0,78.0,79.0,3.0,1044.0,246.0,0
15.0,1103.0,153.0,214.0,1.0,530.0,140.0,1
5.0,2488.0,277.0,71.0,3.0,808.0,132.0,1
4.0,278.0,244.0,135.0,4.0,345.0,54.0,1
1.0,1134.0,80.0,104.0,7.0,1200.0,155.0,1
13.0,329.0,84.0,79.0,1.0,954.0,125.0,0
15.0,1279.0,45.0,22.0,7.0,815.0,65.0,1
14.0,493.0,214.0,217.0,7.0,915.0,147.0,0
15.0,1458.0,262.0,207.0,5.0,620.0,75.0,1
0.0,3960.0,85.0,121.0,1.0,855.0,109.0,0
0.0,4026.0,85.0,247.0,6.0,530.0,58.0,0
8.0,1042.0,104.0,61.0,4.0,810.0,160.0,0
5.0,2498.0,214.0,197.0,7.0,885.0,199.0,1
8.0,596.0,16.0,238.0,7.0,1325.0,128.0,1
12.0,6652.0,191.0,253.0,4.0,644.0,38.0,0
1.0,2493.0,80.0,154.0,3.0,1305.0,205.0,1
1.0,648.0,260.0,148.0,4.0,560.0,245.0,0
16.0,2821.0,209.0,58.0,5.0,388.0,107.0,1
13.0,544.0,253.0,214.0,7.0,1212.0,111.0,1
13.0,34.0,203.0,253.0,3.0,840.0,288.0,1
1.0,2097.0,80.0,244.0,4.0,635.0,65.0,0
11.0,6449.0,120.0,16.0,7.0,743.0,106.0,0
15.0,2640.0,34.0,153.0,7.0,855.0,100.0,1
15.0,1264.0,129.0,175.0,7.0,1005.0,145.0,1
7.0,38.0,252.0,79.0,1.0,375.0,154.0,0
15.0,3939.0,236.0,153.0,6.0,420.0,75.0,0
3.0,582.0,104.0,130.0,7.0,505.0,165.0,0
8.0,734.0,197.0,184.0,3.0,742.0,72.0,1
10.0,3623.0,183.0,209.0,4.0,825.0,135.0,0
10.0,4609.0,159.0,85.0,7.0,550.0,130.0,0
1.0,1757.0,159.0,268.0,4.0,725.0,170.0,0
3.0,81.0,148.0,104.0,4.0,899.0,192.0,1
17.0,7237.0,208.0,84.0,1.0,790.0,72.0,1
8.0,361.0,159.0,16.0,1.0,630.0,157.0,0
6.0,5067.0,33.0,16.0,3.0,484.0,81.0,0
10.0,3667.0,183.0,285.0,5.0,695.0,130.0,0
10.0,4002.0,208.0,290.0,5.0,935.0,110.0,0
13.0,740.0,79.0,198.0,3.0,607.0,160.0,1
1.0,1719.0,268.0,154.0,7.0,830.0,250.0,1
10.0,3326.0,285.0,80.0,4.0,810.0,155.0,0
15.0,3060.0,154.0,217.0,1.0,370.0,75.0,0
5.0,1082.0,16.0,85.0,7.0,772.0,123.0,0
5.0,1661.0,85.0,16.0,6.0,370.0,136.0,0
1.0,2246.0,154.0,18.0,4.0,1050.0,170.0,0
5.0,1889.0,71.0,16.0,4.0,360.0,103.0,0
4.0,1441.0,135.0,18.0,5.0,1165.0,60.0,1
10.0,3044.0,154.0,79.0,3.0,725.0,140.0,0
8.0,557.0,43.0,16.0,3.0,360.0,135.0,0
1.0,180.0,154.0,148.0,6.0,985.0,310.0,0
6.0,5512.0,16.0,186.0,4.0,770.0,88.0,0
6.0,7125.0,43.0,134.0,4.0,870.0,74.0,0
6.0,7078.0,238.0,134.0,5.0,858.0,80.0,0
5.0,2747.0,159.0,16.0,7.0,1140.0,174.0,1
14.0,879.0,60.0,138.0,7.0,985.0,57.0,0
8.0,533.0,177.0,16.0,4.0,430.0,76.0,0
10.0,2769.0,80.0,254.0,1.0,950.0,75.0,0
13.0,59.0,79.0,253.0,5.0,362.0,167.0,0
6.0,5064.0,33.0,16.0,5.0,645.0,68.0,0
15.0,1258.0,253.0,217.0,6.0,460.0,115.0,1
6.0,7126.0,208.0,43.0,4.0,444.0,86.0,1
15.0,1069.0,175.0,61.0,5.0,635.0,65.0,0
5.0,2773.0,85.0,184.0,1.0,930.0,70.0,1
13.0,685.0,159.0,208.0,7.0,900.0,153.0,1
12.0,6693.0,208.0,187.0,7.0,1023.0,50.0,0
16.0,3150.0,213.0,58.0,1.0,725.0,157.0,0
5.0,1959.0,148.0,173.0,7.0,495.0,188.0,0
0.0,4212.0,85.0,285.0,4.0,620.0,100.0,0
15.0,713.0,172.0,175.0,7.0,680.0,80.0,0
5.0,1949.0,233.0,16.0,6.0,360.0,87.0,1
0.0,4290.0,247.0,16.0,5.0,635.0,118.0,0
13.0,669.0,159.0,208.0,4.0,360.0,150.0,0
7.0,455.0,159.0,184.0,4.0,1080.0,139.0,0
10.0,2739.0,80.0,170.0,7.0,1005.0,75.0,0
4.0,210.0,135.0,96.0,1.0,945.0,207.0,0
15.0,15.0,129.0,173.0,4.0,685.0,125.0,1
4.0,1135.0,96.0,80.0,4.0,690.0,239.0,0
5.0,1627.0,16.0,104.0,1.0,515.0,119.0,1
15.0,171.0,252.0,268.0,1.0,745.0,225.0,1
1.0,2192.0,183.0,35.0,3.0,1255.0,180.0,1
3.0,682.0,78.0,35.0,4.0,720.0,83.0,0
12.0,6426.0,262.0,253.0,3.0,737.0,49.0,0
15.0,2866.0,264.0,153.0,6.0,555.0,65.0,0
4.0,1497.0,135.0,153.0,5.0,970.0,205.0,1
14.0,1179.0,60.0,135.0,1.0,785.0,167.0,1
0.0,4097.0,233.0,177.0,7.0,1062.0,128.0,1
13.0,610.0,208.0,78.0,1.0,660.0,111.0,0
4.0,15.0,96.0,128.0,4.0,710.0,655.0,1
15.0,910.0,33.0,27.0,5.0,1040.0,50.0,1
10.0,2757.0,80.0,290.0,7.0,1045.0,70.0,0
12.0,4471.0,135.0,197.0,1.0,630.0,168.0,0
4.0,241.0,135.0,18.0,6.0,790.0,46.0,0
14.0,77.0,217.0,252.0,7.0,1270.0,187.0,1
17.0,2906.0,114.0,217.0,4.0,932.0,128.0,0
4.0,1669.0,253.0,135.0,7.0,881.0,219.0,1
1.0,2037.0,33.0,183.0,5.0,360.0,135.0,0
15.0,1217.0,202.0,154.0,1.0,450.0,75.0,0
16.0,2710.0,78.0,96.0,3.0,1260.0,70.0,1
15.0,550.0,217.0,258.0,3.0,385.0,125.0,0
5.0,2606.0,253.0,197.0,3.0,35.0,216.0,1
16.0,2276.0,135.0,71.0,4.0,1010.0,135.0,0
10.0,3017.0,236.0,154.0,7.0,865.0,90.0,0
10.0,4359.0,208.0,61.0,1.0,675.0,70.0,0
15.0,2855.0,153.0,155.0,5.0,785.0,120.0,1
6.0,5549.0,19.0,16.0,5.0,1095.0,72.0,0
1.0,759.0,159.0,80.0,7.0,935.0,250.0,0
5.0,1294.0,16.0,233.0,5.0,515.0,95.0,1
5.0,1900.0,172.0,16.0,5.0,415.0,134.0,0
5.0,105.0,85.0,16.0,3.0,930.0,132.0,1
5.0,1753.0,197.0,252.0,1.0,680.0,223.0,1
14.0,1750.0,153.0,216.0,1.0,890.0,276.0,1
16.0,2146.0,58.0,209.0,7.0,1145.0,90.0,0
14.0,204.0,153.0,217.0,4.0,595.0,72.0,1
3.0,1053.0,148.0,221.0,3.0,915.0,107.0,0
5.0,2832.0,264.0,261.0,7.0,989.0,106.0,0
12.0,6475.0,154.0,292.0,7.0,976.0,70.0,0
5.0,680.0,16.0,96.0,5.0,455.0,132.0,0
1.0,812.0,252.0,80.0,3.0,435.0,235.0,0
2.0,582.0,214.0,264.0,3.0,425.0,144.0,0
10.0,3038.0,246.0,154.0,1.0,525.0,50.0,0
17.0,2911.0,217.0,227.0,5.0,660.0,70.0,0
1.0,1157.0,80.0,252.0,7.0,460.0,265.0,0
4.0,91.0,96.0,154.0,3.0,405.0,367.0,1
15.0,1138.0,251.0,153.0,3.0,1015.0,270.0,1
15.0,48.0,233.0,173.0,4.0,820.0,105.0,1
6.0,5201.0,135.0,16.0,6.0,660.0,121.0,0
16.0,2131.0,135.0,68.0,7.0,1285.0,59.0,0
15.0,957.0,217.0,44.0,4.0,1050.0,85.0,1
3.0,922.0,208.0,35.0,7.0,1150.0,132.0,1
13.0,417.0,153.0,208.0,5.0,894.0,214.0,0
6.0,5160.0,41.0,16.0,6.0,435.0,102.0,0
5.0,2626.0,104.0,16.0,1.0,340.0,118.0,0
10.0,4504.0,159.0,35.0,7.0,750.0,65.0,0
12.0,3097.0,205.0,184.0,6.0,667.0,81.0,1
2.0,606.0,252.0,153.0,6.0,595.0,149.0,0
15.0,11.0,268.0,243.0,5.0,790.0,240.0,1
11.0,6630.0,85.0,157.0,4.0,1190.0,83.0,0
4.0,434.0,217.0,96.0,3.0,1415.0,264.0,0
14.0,1032.0,80.0,60.0,6.0,945.0,141.0,0
14.0,14.0,252.0,217.0,7.0,510.0,166.0,0
15.0,174.0,153.0,44.0,7.0,590.0,65.0,0
3.0,934.0,160.0,208.0,3.0,654.0,231.0,0
0.0,3966.0,71.0,134.0,7.0,1135.0,95.0,0
10.0,3004.0,79.0,154.0,3.0,445.0,160.0,0
0.0,3958.0,251.0,16.0,4.0,1080.0,87.0,1
10.0,4368.0,208.0,71.0,1.0,870.0,70.0,1
7.0,815.0,79.0,172.0,1.0,420.0,93.0,0
4.0,1607.0,277.0,135.0,1.0,710.0,141.0,1
15.0,2181.0,236.0,217.0,3.0,900.0,100.0,1
15.0,2426.0,33.0,85.0,6.0,665.0,95.0,0
5.0,1126.0,16.0,76.0,7.0,841.0,94.0,0
15.0,146.0,153.0,216.0,5.0,915.0,280.0,0
15.0,944.0,202.0,207.0,1.0,360.0,75.0,0
16.0,2625.0,135.0,131.0,7.0,912.0,73.0,0
15.0,1075.0,244.0,91.0,1.0,400.0,90.0,0
12.0,6700.0,164.0,79.0,1.0,780.0,92.0,0
4.0,119.0,277.0,96.0,5.0,959.0,164.0,1
13.0,842.0,208.0,154.0,7.0,486.0,273.0,0
1.0,2317.0,208.0,80.0,7.0,635.0,155.0,0
12.0,4782.0,253.0,154.0,7.0,1220.0,90.0,0
13.0,679.0,208.0,243.0,5.0,922.0,269.0,1
1.0,2024.0,80.0,33.0,4.0,730.0,100.0,0
5.0,1483.0,261.0,153.0,7.0,508.0,92.0,1
1.0,382.0,208.0,159.0,3.0,610.0,120.0,1
2.0,340.0,252.0,202.0,4.0,370.0,122.0,0
8.0,292.0,129.0,16.0,1.0,1019.0,112.0,1
5.0,1165.0,233.0,16.0,4.0,435.0,97.0,0
15.0,1814.0,202.0,154.0,5.0,500.0,75.0,0
1.0,740.0,154.0,153.0,6.0,1010.0,75.0,0
12.0,4543.0,34.0,261.0,6.0,1050.0,73.0,0
3.0,1103.0,148.0,233.0,6.0,557.0,108.0,0
3.0,30.0,148.0,238.0,7.0,1350.0,81.0,1
1.0,1415.0,80.0,253.0,4.0,1155.0,235.0,1
6.0,5549.0,16.0,19.0,6.0,1005.0,57.0,0
8.0,876.0,197.0,16.0,5.0,947.0,146.0,1
10.0,2988.0,80.0,11.0,5.0,1130.0,130.0,0
10.0,3997.0,99.0,208.0,6.0,720.0,115.0,1
4.0,1800.0,104.0,96.0,5.0,1050.0,177.0,0
15.0,525.0,75.0,172.0,3.0,980.0,85.0,1
14.0,1924.0,60.0,45.0,5.0,700.0,85.0,0
5.0,2071.0,252.0,261.0,5.0,430.0,131.0,0
14.0,1793.0,60.0,153.0,5.0,1195.0,288.0,1
12.0,6532.0,58.0,79.0,3.0,535.0,206.0,1
3.0,23.0,273.0,148.0,4.0,575.0,69.0,0
10.0,4652.0,16.0,159.0,6.0,390.0,120.0,1
12.0,6307.0,236.0,79.0,1.0,708.0,134.0,0
16.0,2778.0,135.0,162.0,3.0,890.0,78.0,0
3.0,61.0,148.0,104.0,5.0,772.0,184.0,1
17.0,7295.0,134.0,54.0,7.0,477.0,101.0,0
17.0,2934.0,217.0,177.0,4.0,585.0,184.0,0
3.0,590.0,213.0,130.0,3.0,900.0,162.0,0
5.0,2904.0,154.0,277.0,3.0,630.0,272.0,1
12.0,4549.0,261.0,253.0,6.0,910.0,125.0,0
15.0,899.0,202.0,79.0,1.0,785.0,140.0,1
16.0,2028.0,244.0,135.0,7.0,571.0,57.0,0
13.0,325.0,134.0,244.0,6.0,1048.0,234.0,0
10.0,4185.0,58.0,208.0,4.0,1190.0,100.0,0
12.0,6525.0,18.0,208.0,5.0,1010.0,155.0,1
10.0,4464.0,159.0,35.0,3.0,385.0,65.0,0
15.0,1546.0,79.0,243.0,1.0,410.0,150.0,0
10.0,3370.0,80.0,41.0,3.0,515.0,80.0,0
1.0,1695.0,80.0,217.0,1.0,495.0,155.0,1
15.0,2339.0,216.0,35.0,6.0,1135.0,85.0,1
4.0,1597.0,135.0,207.0,6.0,1270.0,207.0,0
9.0,217.0,150.0,128.0,5.0,423.0,42.0,0
15.0,706.0,45.0,233.0,5.0,555.0,65.0,1
14.0,1785.0,60.0,198.0,1.0,675.0,123.0,1
9.0,344.0,161.0,128.0,4.0,775.0,32.0,1
16.0,2558.0,96.0,205.0,4.0,1270.0,202.0,0
4.0,111.0,96.0,58.0,3.0,1050.0,100.0,1
16.0,2361.0,96.0,208.0,4.0,899.0,154.0,0
14.0,1135.0,216.0,198.0,1.0,1085.0,207.0,0
15.0,1042.0,202.0,154.0,4.0,900.0,75.0,0
16.0,2332.0,96.0,121.0,5.0,1165.0,118.0,1
15.0,910.0,75.0,204.0,3.0,1250.0,50.0,1
11.0,6577.0,148.0,208.0,5.0,585.0,177.0,1
5.0,3.0,261.0,148.0,1.0,515.0,285.0,0
16.0,2722.0,58.0,209.0,1.0,950.0,88.0,0
5.0,2603.0,85.0,104.0,3.0,1195.0,184.0,1
14.0,625.0,2.0,217.0,3.0,745.0,77.0,0
12.0,6258.0,88.0,79.0,5.0,755.0,53.0,0
15.0,912.0,104.0,173.0,4.0,1100.0,60.0,0
6.0,5228.0,16.0,69.0,5.0,575.0,80.0,0
0.0,3803.0,16.0,177.0,6.0,745.0,85.0,1
12.0,6893.0,6.0,253.0,7.0,360.0,82.0,1
8.0,601.0,45.0,241.0,7.0,505.0,161.0,0
14.0,1567.0,60.0,198.0,4.0,565.0,123.0,0
16.0,2028.0,244.0,135.0,4.0,571.0,59.0,0
15.0,518.0,262.0,264.0,3.0,525.0,90.0,0
6.0,5433.0,177.0,45.0,6.0,505.0,123.0,0
13.0,339.0,79.0,252.0,3.0,690.0,183.0,1
15.0,956.0,175.0,154.0,5.0,1145.0,285.0,1
15.0,3846.0,268.0,279.0,3.0,1175.0,75.0,1
13.0,270.0,207.0,79.0,6.0,465.0,148.0,0
15.0,39.0,75.0,129.0,7.0,960.0,60.0,0
1.0,743.0,159.0,80.0,1.0,755.0,240.0,1
5.0,2542.0,16.0,96.0,7.0,895.0,145.0,1
4.0,363.0,217.0,58.0,1.0,485.0,225.0,0
6.0,7109.0,134.0,132.0,3.0,517.0,120.0,1
10.0,4358.0,139.0,208.0,6.0,965.0,70.0,1
16.0,2985.0,96.0,85.0,3.0,1260.0,124.0,1
5.0,1720.0,183.0,71.0,7.0,760.0,158.0,0
0.0,4272.0,87.0,177.0,7.0,360.0,90.0,0
7.0,103.0,197.0,79.0,4.0,375.0,131.0,0
3.0,480.0,154.0,35.0,6.0,1439.0,321.0,0
16.0,2382.0,76.0,96.0,1.0,648.0,102.0,1
10.0,3682.0,183.0,177.0,5.0,1240.0,155.0,0
1.0,358.0,208.0,159.0,6.0,940.0,130.0,1
1.0,654.0,217.0,80.0,6.0,360.0,130.0,0
15.0,3010.0,154.0,202.0,6.0,960.0,75.0,0
13.0,598.0,79.0,172.0,3.0,764.0,97.0,0
15.0,2038.0,175.0,61.0,5.0,805.0,65.0,1
6.0,5506.0,180.0,16.0,1.0,950.0,64.0,0
15.0,3950.0,228.0,45.0,3.0,1025.0,85.0,1
11.0,6753.0,85.0,228.0,4.0,1045.0,116.0,0
7.0,290.0,79.0,268.0,5.0,905.0,115.0,0
15.0,507.0,277.0,153.0,3.0,435.0,310.0,1
12.0,6477.0,262.0,154.0,4.0,879.0,83.0,0
15.0,949.0,202.0,44.0,5.0,920.0,65.0,1
6.0,5267.0,16.0,10.0,4.0,600.0,119.0,0
13.0,581.0,79.0,134.0,4.0,517.0,198.0,0
12.0,6593.0,79.0,28.0,6.0,500.0,95.0,1
5.0,1509.0,197.0,79.0,1.0,555.0,125.0,0
1.0,2274.0,80.0,279.0,7.0,1045.0,60.0,0
14.0,604.0,217.0,153.0,1.0,885.0,72.0,0
6.0,5383.0,272.0,16.0,3.0,430.0,160.0,1
9.0,376.0,161.0,128.0,6.0,1195.0,30.0,0
15.0,2879.0,154.0,153.0,4.0,675.0,60.0,1
5.0,1880.0,253.0,16.0,5.0,1360.0,271.0,1
12.0,3065.0,268.0,184.0,1.0,461.0,74.0,0
1.0,1017.0,80.0,252.0,4.0,1295.0,260.0,0
8.0,181.0,16.0,241.0,7.0,1051.0,96.0,0
10.0,2795.0,80.0,54.0,1.0,1100.0,140.0,0
5.0,2077.0,22.0,85.0,1.0,987.0,128.0,0
4.0,1586.0,135.0,173.0,4.0,1130.0,135.0,1
16.0,2138.0,290.0,96.0,3.0,630.0,170.0,0
5.0,1965.0,177.0,277.0,1.0,540.0,112.0,0
5.0,152.0,154.0,16.0,5.0,780.0,261.0,0
5.0,2223.0,261.0,154.0,4.0,522.0,116.0,1
16.0,2408.0,96.0,61.0,7.0,515.0,111.0,1
6.0,5397.0,101.0,16.0,5.0,1070.0,97.0,1
15.0,678.0,243.0,153.0,7.0,705.0,70.0,1
17.0,7239.0,22.0,208.0,6.0,874.0,162.0,1
15.0,1020.0,205.0,217.0,1.0,865.0,175.0,0
5.0,2497.0,16.0,213.0,5.0,730.0,106.0,0
12.0,7761.0,89.0,261.0,5.0,1029.0,66.0,1
15.0,804.0,34.0,79.0,3.0,995.0,110.0,1
4.0,1533.0,135.0,18.0,5.0,1265.0,54.0,0
2.0,153.0,14.0,211.0,4.0,1035.0,94.0,1
6.0,5460.0,190.0,16.0,7.0,360.0,77.0,0
12.0,6668.0,79.0,99.0,3.0,608.0,113.0,0
1.0,1528.0,253.0,80.0,5.0,990.0,205.0,1
7.0,486.0,184.0,173.0,1.0,870.0,164.0,0
12.0,7014.0,232.0,253.0,1.0,355.0,101.0,0
6.0,4945.0,129.0,16.0,6.0,576.0,115.0,0
5.0,2159.0,148.0,173.0,7.0,1130.0,191.0,0
4.0,1580.0,252.0,96.0,3.0,450.0,305.0,1
15.0,1013.0,217.0,18.0,1.0,640.0,125.0,0
3.0,420.0,213.0,35.0,4.0,825.0,177.0,1
14.0,1416.0,154.0,216.0,7.0,835.0,298.0,1
10.0,3391.0,283.0,80.0,4.0,365.0,60.0,0
0.0,4007.0,177.0,75.0,6.0,830.0,93.0,1
5.0,1474.0,197.0,153.0,3.0,680.0,212.0,0
0.0,3682.0,82.0,85.0,5.0,814.0,111.0,1
10.0,3031.0,154.0,243.0,6.0,870.0,45.0,1
13.0,377.0,79.0,204.0,4.0,1239.0,98.0,0
4.0,1611.0,96.0,135.0,7.0,1240.0,244.0,0
13.0,951.0,134.0,154.0,7.0,1055.0,335.0,1
16.0,2335.0,58.0,172.0,5.0,735.0,119.0,0
6.0,5242.0,290.0,177.0,3.0,700.0,66.0,0
1.0,446.0,80.0,216.0,3.0,695.0,190.0,1
12.0,6532.0,79.0,44.0,1.0,681.0,153.0,1
16.0,2443.0,234.0,58.0,5.0,887.0,82.0,0
12.0,7787.0,261.0,220.0,3.0,1310.0,55.0,1
15.0,489.0,173.0,104.0,4.0,950.0,55.0,1
15.0,2621.0,155.0,18.0,1.0,1015.0,70.0,0
8.0,983.0,221.0,16.0,5.0,660.0,114.0,0
10.0,3219.0,80.0,129.0,6.0,520.0,65.0,0
10.0,3014.0,100.0,154.0,7.0,350.0,65.0,0
6.0,7134.0,134.0,85.0,6.0,1026.0,97.0,0
12.0,7028.0,65.0,79.0,6.0,500.0,50.0,0
10.0,3363.0,80.0,165.0,3.0,1245.0,85.0,1
4.0,215.0,135.0,80.0,1.0,810.0,69.0,0
10.0,4121.0,208.0,278.0,3.0,785.0,115.0,1
5.0,1694.0,16.0,216.0,1.0,445.0,120.0,1
15.0,42.0,75.0,155.0,7.0,1070.0,65.0,0
16.0,2719.0,118.0,135.0,6.0,385.0,60.0,0
15.0,1451.0,217.0,27.0,1.0,960.0,195.0,1
7.0,103.0,197.0,79.0,5.0,375.0,131.0,0
14.0,2186.0,78.0,159.0,3.0,1200.0,83.0,0
8.0,146.0,16.0,85.0,5.0,860.0,115.0,0
15.0,1590.0,45.0,43.0,1.0,1050.0,70.0,1
7.0,225.0,79.0,262.0,5.0,505.0,154.0,0
15.0,667.0,147.0,45.0,1.0,790.0,110.0,0
10.0,3317.0,80.0,259.0,6.0,460.0,60.0,1
12.0,4834.0,154.0,153.0,1.0,1079.0,70.0,1
16.0,5918.0,208.0,152.0,3.0,1200.0,56.0,1
15.0,1170.0,175.0,197.0,1.0,900.0,85.0,1
13.0,889.0,154.0,253.0,5.0,506.0,96.0,1
5.0,1327.0,85.0,22.0,3.0,1300.0,101.0,0
10.0,3743.0,208.0,197.0,3.0,1050.0,95.0,1
16.0,2057.0,273.0,96.0,7.0,1030.0,82.0,1
0.0,3857.0,16.0,204.0,7.0,954.0,141.0,1
3.0,110.0,198.0,148.0,3.0,385.0,163.0,0
1.0,353.0,159.0,208.0,7.0,1180.0,155.0,0
12.0,6877.0,79.0,254.0,6.0,1000.0,99.0,0
12.0,4507.0,79.0,261.0,5.0,530.0,95.0,0
14.0,1565.0,216.0,104.0,3.0,1105.0,179.0,1
3.0,1062.0,18.0,148.0,4.0,790.0,220.0,0
15.0,765.0,262.0,175.0,5.0,830.0,245.0,1
9.0,157.0,203.0,128.0,5.0,735.0,34.0,0
8.0,1090.0,173.0,139.0,6.0,1243.0,139.0,0
0.0,3662.0,197.0,33.0,7.0,1145.0,138.0,1
3.0,701.0,148.0,260.0,6.0,360.0,218.0,0
5.0,2107.0,111.0,197.0,3.0,800.0,169.0,1
15.0,8.0,129.0,75.0,5.0,480.0,55.0,0
10.0,3755.0,208.0,85.0,3.0,1220.0,80.0,1
5.0,734.0,16.0,233.0,3.0,596.0,98.0,1
4.0,481.0,58.0,153.0,3.0,525.0,269.0,0
5.0,1992.0,277.0,85.0,4.0,835.0,159.0,0
16.0,2693.0,58.0,76.0,4.0,1255.0,49.0,0
12.0,4645.0,40.0,261.0,1.0,385.0,73.0,0
15.0,933.0,22.0,45.0,4.0,510.0,75.0,1
6.0,7080.0,134.0,85.0,6.0,1325.0,95.0,0
1.0,1069.0,80.0,79.0,4.0,1300.0,120.0,0
15.0,1930.0,153.0,129.0,4.0,1070.0,175.0,0
15.0,506.0,264.0,258.0,4.0,1110.0,75.0,1
13.0,814.0,154.0,79.0,3.0,689.0,145.0,0
12.0,6343.0,264.0,253.0,3.0,633.0,85.0,1
15.0,907.0,204.0,75.0,4.0,485.0,55.0,0
6.0,7099.0,71.0,134.0,1.0,587.0,98.0,1
15.0,513.0,13.0,75.0,7.0,490.0,65.0,0
12.0,6944.0,154.0,57.0,5.0,825.0,41.0,0
7.0,834.0,252.0,79.0,4.0,893.0,152.0,0
14.0,57.0,153.0,217.0,5.0,390.0,74.0,0
12.0,4707.0,236.0,261.0,5.0,1080.0,80.0,1
8.0,1463.0,175.0,173.0,4.0,882.0,155.0,0
16.0,2331.0,33.0,135.0,4.0,1075.0,126.0,0
17.0,7290.0,17.0,208.0,3.0,686.0,59.0,0
15.0,581.0,147.0,277.0,5.0,1000.0,55.0,0
10.0,3703.0,208.0,16.0,7.0,1060.0,125.0,1
13.0,54.0,150.0,253.0,5.0,1315.0,311.0,0
15.0,834.0,85.0,45.0,6.0,895.0,90.0,1
12.0,6712.0,208.0,56.0,6.0,901.0,58.0,1
8.0,301.0,16.0,79.0,1.0,870.0,215.0,0
17.0,2724.0,60.0,16.0,1.0,965.0,79.0,1
3.0,20.0,277.0,148.0,1.0,365.0,149.0,0
14.0,506.0,35.0,217.0,3.0,370.0,364.0,0
15.0,966.0,45.0,277.0,7.0,775.0,150.0,1
12.0,6614.0,79.0,224.0,6.0,740.0,153.0,1
15.0,1854.0,217.0,172.0,1.0,700.0,155.0,0
12.0,6928.0,99.0,79.0,3.0,1187.0,122.0,1
1.0,1600.0,80.0,78.0,6.0,555.0,164.0,0
13.0,53.0,148.0,154.0,7.0,690.0,375.0,0
17.0,2667.0,101.0,60.0,4.0,450.0,63.0,0
15.0,2720.0,153.0,18.0,1.0,1020.0,155.0,1
10.0,3013.0,79.0,154.0,5.0,1185.0,155.0,0
6.0,4956.0,177.0,35.0,1.0,515.0,168.0,0
5.0,2565.0,16.0,214.0,4.0,520.0,337.0,1
15.0,56.0,68.0,129.0,4.0,1125.0,50.0,0
16.0,5901.0,195.0,208.0,7.0,557.0,56.0,0
4.0,1893.0,262.0,135.0,7.0,750.0,217.0,0
5.0,2045.0,78.0,85.0,4.0,1035.0,103.0,1
12.0,6634.0,205.0,79.0,1.0,581.0,108.0,0
7.0,401.0,79.0,154.0,3.0,420.0,145.0,0
5.0,1247.0,186.0,16.0,4.0,674.0,101.0,0
12.0,6568.0,154.0,24.0,5.0,646.0,49.0,0
6.0,5283.0,16.0,138.0,1.0,885.0,78.0,1
15.0,40.0,45.0,173.0,4.0,595.0,140.0,1
2.0,371.0,262.0,252.0,3.0,420.0,112.0,0
10.0,3955.0,208.0,56.0,4.0,430.0,60.0,0
5.0,1240.0,16.0,251.0,7.0,1221.0,78.0,1
4.0,1402.0,96.0,154.0,3.0,510.0,377.0,1
13.0,494.0,84.0,208.0,4.0,360.0,80.0,0
2.0,224.0,214.0,253.0,3.0,480.0,117.0,0
12.0,6292.0,154.0,194.0,5.0,1126.0,65.0,0
3.0,1422.0,160.0,214.0,6.0,680.0,143.0,0
5.0,1105.0,261.0,128.0,4.0,700.0,428.0,1
6.0,7341.0,204.0,16.0,4.0,405.0,130.0,1
15.0,526.0,35.0,175.0,3.0,550.0,170.0,0
15.0,1642.0,243.0,258.0,7.0,1020.0,80.0,1
13.0,507.0,208.0,80.0,3.0,396.0,158.0,0
12.0,6901.0,208.0,54.0,5.0,552.0,122.0,0
5.0,1285.0,16.0,213.0,1.0,1076.0,110.0,0
10.0,4382.0,35.0,148.0,3.0,360.0,79.0,0
5.0,2610.0,80.0,16.0,4.0,420.0,130.0,0
1.0,2435.0,208.0,217.0,7.0,815.0,235.0,0
16.0,2919.0,158.0,135.0,4.0,345.0,58.0,0
8.0,1229.0,267.0,139.0,6.0,941.0,139.0,0
9.0,123.0,128.0,161.0,5.0,456.0,36.0,0
16.0,2840.0,135.0,223.0,7.0,989.0,86.0,0
5.0,2090.0,79.0,148.0,4.0,673.0,237.0,0
10.0,4216.0,208.0,204.0,1.0,520.0,135.0,1
15.0,746.0,141.0,175.0,7.0,1010.0,160.0,1
16.0,5906.0,208.0,237.0,4.0,426.0,95.0,0
5.0,2151.0,16.0,147.0,6.0,570.0,74.0,0
12.0,7014.0,232.0,253.0,6.0,360.0,101.0,0
15.0,731.0,154.0,79.0,1.0,440.0,140.0,0
1.0,1981.0,16.0,80.0,1.0,705.0,150.0,0
4.0,1548.0,135.0,104.0,7.0,805.0,144.0,1
15.0,826.0,153.0,214.0,4.0,795.0,140.0,0
17.0,2845.0,217.0,292.0,5.0,670.0,59.0,0
10.0,3228.0,10.0,80.0,1.0,1015.0,75.0,0
15.0,655.0,153.0,280.0,5.0,630.0,75.0,1
16.0,2993.0,96.0,197.0,4.0,700.0,186.0,0
12.0,4521.0,114.0,261.0,1.0,915.0,60.0,0
2.0,529.0,44.0,252.0,3.0,660.0,159.0,0
13.0,331.0,208.0,252.0,1.0,583.0,279.0,1
15.0,1944.0,202.0,252.0,7.0,545.0,125.0,0
15.0,1059.0,79.0,153.0,6.0,680.0,125.0,1
8.0,110.0,80.0,16.0,6.0,1027.0,125.0,0
15.0,1714.0,268.0,172.0,7.0,1175.0,65.0,1
10.0,3669.0,183.0,221.0,4.0,1290.0,165.0,1
8.0,1050.0,0.0,173.0,4.0,1123.0,156.0,0
14.0,1715.0,78.0,104.0,6.0,885.0,154.0,0
12.0,6330.0,207.0,253.0,6.0,362.0,85.0,0
0.0,3935.0,96.0,85.0,6.0,355.0,130.0,1
3.0,382.0,104.0,159.0,5.0,1220.0,161.0,0
12.0,6598.0,253.0,262.0,7.0,425.0,45.0,0
12.0,4751.0,34.0,261.0,3.0,1175.0,73.0,0
5.0,1547.0,159.0,16.0,6.0,420.0,164.0,0
0.0,4098.0,233.0,148.0,1.0,420.0,135.0,0
6.0,5275.0,101.0,16.0,1.0,360.0,86.0,0
14.0,374.0,80.0,60.0,6.0,515.0,144.0,0
3.0,1790.0,78.0,35.0,1.0,390.0,85.0,0
12.0,4684.0,197.0,166.0,3.0,1325.0,45.0,0
13.0,895.0,134.0,208.0,1.0,600.0,139.0,0
14.0,621.0,277.0,217.0,5.0,435.0,288.0,1
14.0,1198.0,213.0,78.0,5.0,720.0,132.0,0
17.0,2848.0,217.0,292.0,7.0,875.0,71.0,0
14.0,638.0,217.0,207.0,1.0,890.0,74.0,0
1.0,1172.0,217.0,208.0,3.0,565.0,205.0,0
7.0,454.0,184.0,159.0,3.0,485.0,134.0,1
6.0,4954.0,41.0,16.0,3.0,882.0,88.0,0
16.0,2873.0,135.0,13.0,3.0,1119.0,110.0,0
15.0,1041.0,262.0,79.0,7.0,1110.0,140.0,0
15.0,2751.0,111.0,153.0,6.0,890.0,140.0,0
5.0,2908.0,154.0,139.0,7.0,1335.0,241.0,1
1.0,14.0,203.0,154.0,7.0,1365.0,300.0,0
15.0,843.0,182.0,45.0,4.0,525.0,95.0,0
12.0,6291.0,154.0,91.0,7.0,760.0,111.0,0
12.0,6695.0,91.0,79.0,6.0,753.0,107.0,0
15.0,627.0,173.0,141.0,3.0,465.0,145.0,1
16.0,2270.0,135.0,197.0,6.0,690.0,153.0,0
6.0,5110.0,190.0,16.0,7.0,1100.0,79.0,0
12.0,7023.0,61.0,208.0,7.0,831.0,79.0,1
11.0,6319.0,233.0,35.0,4.0,975.0,120.0,0
8.0,557.0,43.0,16.0,4.0,360.0,135.0,0
16.0,2889.0,280.0,135.0,6.0,375.0,137.0,0
12.0,6388.0,79.0,56.0,7.0,966.0,106.0,0
10.0,4258.0,119.0,208.0,4.0,1205.0,80.0,0
14.0,1189.0,78.0,173.0,5.0,1155.0,137.0,0
15.0,763.0,217.0,207.0,3.0,970.0,70.0,1
3.0,1149.0,229.0,173.0,7.0,1000.0,196.0,0
10.0,4390.0,159.0,85.0,5.0,1070.0,130.0,1
16.0,5909.0,208.0,121.0,5.0,873.0,101.0,1
12.0,4666.0,100.0,261.0,1.0,985.0,101.0,1
16.0,2915.0,238.0,58.0,6.0,855.0,62.0,0
10.0,3753.0,197.0,208.0,6.0,480.0,95.0,1
5.0,2601.0,16.0,74.0,7.0,960.0,80.0,1
10.0,3262.0,165.0,80.0,5.0,700.0,80.0,0
15.0,1430.0,202.0,175.0,6.0,425.0,250.0,1
12.0,4730.0,243.0,154.0,6.0,1040.0,49.0,0
15.0,2885.0,262.0,214.0,1.0,870.0,90.0,1
10.0,4258.0,119.0,208.0,7.0,1205.0,80.0,0
5.0,511.0,16.0,147.0,3.0,510.0,77.0,0
1.0,764.0,80.0,159.0,4.0,1115.0,195.0,1
15.0,1868.0,251.0,27.0,5.0,650.0,70.0,1
5.0,1242.0,16.0,267.0,7.0,665.0,99.0,0
15.0,752.0,264.0,258.0,5.0,640.0,75.0,0
15.0,441.0,251.0,217.0,5.0,420.0,255.0,0
15.0,1423.0,141.0,45.0,4.0,1040.0,70.0,1
13.0,244.0,79.0,208.0,1.0,626.0,143.0,0
15.0,1652.0,207.0,262.0,6.0,680.0,80.0,1
5.0,1484.0,85.0,96.0,6.0,1055.0,115.0,1
12.0,4492.0,114.0,261.0,7.0,785.0,56.0,0
5.0,2477.0,197.0,154.0,1.0,875.0,232.0,0
4.0,339.0,183.0,96.0,6.0,645.0,176.0,1
15.0,1316.0,129.0,198.0,3.0,410.0,65.0,0
12.0,6407.0,100.0,253.0,6.0,345.0,45.0,0
15.0,140.0,258.0,207.0,7.0,695.0,65.0,1
15.0,799.0,154.0,253.0,3.0,360.0,80.0,0
5.0,1978.0,213.0,16.0,5.0,1130.0,116.0,0
5.0,2328.0,173.0,85.0,6.0,500.0,160.0,0
13.0,379.0,134.0,173.0,1.0,499.0,147.0,0
15.0,3141.0,45.0,147.0,4.0,665.0,130.0,0
13.0,496.0,253.0,217.0,3.0,1259.0,120.0,0
12.0,7772.0,261.0,255.0,3.0,660.0,83.0,1
15.0,660.0,261.0,79.0,7.0,900.0,85.0,1
15.0,868.0,153.0,44.0,4.0,1065.0,65.0,0
12.0,6264.0,100.0,253.0,6.0,859.0,54.0,0
11.0,6257.0,197.0,71.0,5.0,535.0,120.0,0
15.0,719.0,45.0,173.0,4.0,1005.0,140.0,1
14.0,2040.0,78.0,35.0,3.0,990.0,91.0,1
12.0,6890.0,34.0,154.0,1.0,660.0,131.0,0
11.0,6603.0,197.0,204.0,5.0,855.0,134.0,0
12.0,6452.0,236.0,154.0,6.0,394.0,86.0,0
15.0,2635.0,216.0,104.0,1.0,510.0,185.0,0
14.0,71.0,217.0,252.0,4.0,675.0,190.0,0
15.0,1046.0,258.0,18.0,5.0,600.0,200.0,0
14.0,1656.0,43.0,60.0,6.0,385.0,116.0,0
10.0,4649.0,159.0,197.0,6.0,1125.0,180.0,1
17.0,2725.0,91.0,217.0,4.0,1110.0,91.0,0
0.0,3914.0,85.0,171.0,4.0,1045.0,54.0,0
15.0,950.0,262.0,217.0,1.0,445.0,105.0,1
13.0,454.0,208.0,154.0,7.0,1315.0,272.0,0
14.0,333.0,280.0,217.0,5.0,770.0,51.0,1
2.0,878.0,203.0,252.0,7.0,545.0,335.0,0
10.0,3345.0,80.0,157.0,7.0,1185.0,125.0,0
10.0,2779.0,80.0,121.0,6.0,800.0,130.0,0
15.0,598.0,153.0,43.0,3.0,985.0,260.0,1
14.0,220.0,243.0,217.0,4.0,385.0,84.0,0
4.0,1412.0,58.0,159.0,3.0,500.0,84.0,1
15.0,1014.0,217.0,104.0,6.0,510.0,250.0,1
1.0,545.0,80.0,135.0,5.0,1085.0,65.0,1
16.0,2470.0,197.0,96.0,3.0,677.0,162.0,1
12.0,4557.0,261.0,114.0,1.0,826.0,64.0,1
5.0,1383.0,35.0,159.0,3.0,690.0,73.0,0
8.0,177.0,16.0,241.0,6.0,797.0,106.0,0
8.0,815.0,45.0,35.0,7.0,990.0,87.0,0
15.0,382.0,261.0,153.0,5.0,805.0,80.0,1
15.0,49.0,217.0,2.0,1.0,830.0,65.0,1
13.0,322.0,253.0,252.0,6.0,635.0,130.0,0
13.0,877.0,154.0,253.0,5.0,1106.0,89.0,0
0.0,3738.0,85.0,121.0,1.0,440.0,106.0,0
6.0,5098.0,16.0,138.0,7.0,971.0,81.0,0
1.0,1032.0,80.0,172.0,6.0,720.0,90.0,0
13.0,88.0,253.0,96.0,5.0,850.0,337.0,0
15.0,1546.0,243.0,153.0,1.0,520.0,70.0,1
6.0,5126.0,16.0,19.0,4.0,1152.0,61.0,0
6.0,5016.0,256.0,16.0,5.0,606.0,104.0,0
13.0,778.0,22.0,134.0,4.0,599.0,92.0,0
15.0,741.0,253.0,79.0,5.0,575.0,150.0,0
1.0,2096.0,80.0,45.0,4.0,725.0,170.0,0
12.0,6523.0,217.0,154.0,5.0,345.0,85.0,0
10.0,4044.0,290.0,208.0,4.0,1070.0,115.0,0
12.0,6768.0,79.0,145.0,6.0,1138.0,88.0,0
12.0,6840.0,253.0,246.0,1.0,529.0,81.0,0
10.0,2869.0,80.0,68.0,3.0,1085.0,80.0,0
10.0,2787.0,165.0,80.0,1.0,935.0,80.0,0
5.0,1534.0,16.0,234.0,5.0,905.0,95.0,1
16.0,2834.0,135.0,146.0,1.0,1010.0,73.0,1
14.0,183.0,207.0,217.0,7.0,390.0,75.0,0
8.0,751.0,45.0,132.0,6.0,1210.0,116.0,0
15.0,646.0,175.0,58.0,4.0,840.0,70.0,0
2.0,573.0,243.0,214.0,7.0,400.0,159.0,0
2.0,568.0,214.0,154.0,3.0,1070.0,135.0,0
5.0,1104.0,128.0,261.0,4.0,1335.0,372.0,0
1.0,1827.0,80.0,262.0,1.0,1030.0,225.0,0
7.0,226.0,262.0,79.0,7.0,660.0,134.0,1
4.0,228.0,96.0,79.0,1.0,1020.0,270.0,0
10.0,2724.0,80.0,181.0,5.0,610.0,85.0,0
15.0,1256.0,261.0,34.0,1.0,1040.0,70.0,0
14.0,1012.0,269.0,216.0,6.0,940.0,256.0,0
12.0,6956.0,79.0,132.0,7.0,1171.0,148.0,1
11.0,6472.0,174.0,71.0,6.0,830.0,108.0,0
6.0,5013.0,177.0,41.0,1.0,860.0,75.0,0
1.0,2305.0,208.0,80.0,5.0,485.0,150.0,1
4.0,1787.0,135.0,80.0,4.0,955.0,70.0,0
15.0,3485.0,58.0,33.0,1.0,390.0,100.0,1
15.0,767.0,153.0,262.0,4.0,995.0,90.0,1
5.0,2225.0,45.0,16.0,5.0,825.0,123.0,1
1.0,1514.0,207.0,80.0,3.0,920.0,170.0,1
2.0,346.0,252.0,202.0,4.0,1045.0,122.0,0
10.0,3602.0,54.0,183.0,6.0,925.0,100.0,0
0.0,3787.0,247.0,16.0,3.0,1030.0,123.0,1
6.0,5396.0,115.0,16.0,5.0,1076.0,93.0,0
12.0,4526.0,79.0,261.0,1.0,1040.0,90.0,1
14.0,1753.0,60.0,277.0,7.0,1070.0,99.0,0
15.0,1867.0,182.0,45.0,6.0,985.0,100.0,1
0.0,4272.0,87.0,177.0,1.0,360.0,90.0,1
13.0,871.0,172.0,79.0,3.0,372.0,118.0,0
15.0,926.0,202.0,153.0,5.0,1060.0,85.0,1
0.0,4051.0,139.0,177.0,5.0,1060.0,90.0,0
12.0,6975.0,208.0,99.0,5.0,587.0,111.0,0
17.0,7271.0,221.0,134.0,6.0,615.0,62.0,0
17.0,1964.0,128.0,143.0,7.0,1095.0,49.0,0
13.0,988.0,79.0,154.0,3.0,492.0,154.0,0
6.0,5527.0,16.0,36.0,1.0,915.0,70.0,1
1.0,707.0,159.0,80.0,3.0,420.0,250.0,0
12.0,6641.0,79.0,114.0,5.0,1112.0,53.0,0
9.0,114.0,128.0,203.0,7.0,394.0,36.0,0
4.0,795.0,135.0,154.0,4.0,940.0,225.0,0
5.0,1296.0,16.0,184.0,5.0,1168.0,130.0,1
15.0,925.0,79.0,197.0,4.0,1140.0,120.0,0
15.0,985.0,204.0,129.0,7.0,765.0,85.0,1
17.0,2675.0,153.0,154.0,6.0,885.0,68.0,0
15.0,2749.0,45.0,172.0,6.0,635.0,180.0,1
12.0,6752.0,109.0,208.0,7.0,1203.0,63.0,1
10.0,3332.0,155.0,80.0,3.0,350.0,70.0,0
10.0,3658.0,120.0,183.0,6.0,430.0,135.0,0
10.0,3606.0,16.0,183.0,6.0,590.0,130.0,1
12.0,6753.0,154.0,57.0,4.0,1110.0,41.0,1
5.0,1435.0,209.0,16.0,1.0,583.0,115.0,0
15.0,353.0,236.0,34.0,1.0,1095.0,65.0,1
5.0,2065.0,16.0,87.0,1.0,660.0,75.0,0
13.0,219.0,134.0,253.0,6.0,898.0,368.0,1
1.0,342.0,80.0,22.0,6.0,750.0,195.0,0
12.0,6916.0,79.0,2.0,5.0,940.0,70.0,1
17.0,1007.0,128.0,150.0,3.0,1170.0,40.0,0
11.0,6360.0,174.0,85.0,6.0,370.0,107.0,0
15.0,2550.0,79.0,153.0,7.0,1305.0,120.0,1
13.0,150.0,253.0,208.0,1.0,998.0,257.0,0
14.0,939.0,197.0,217.0,6.0,455.0,223.0,1
1.0,530.0,268.0,80.0,3.0,1080.0,120.0,0
14.0,1813.0,60.0,277.0,5.0,465.0,100.0,0
5.0,1955.0,16.0,33.0,5.0,1372.0,65.0,0
15.0,786.0,277.0,104.0,3.0,660.0,60.0,1
2.0,65.0,226.0,149.0,5.0,698.0,42.0,0
12.0,6302.0,227.0,154.0,6.0,969.0,45.0,0
12.0,4718.0,112.0,197.0,4.0,1018.0,71.0,1
5.0,2656.0,198.0,159.0,7.0,1030.0,169.0,0
13.0,167.0,35.0,154.0,5.0,1056.0,392.0,0
8.0,660.0,130.0,16.0,1.0,431.0,149.0,0
12.0,7764.0,220.0,261.0,7.0,567.0,61.0,0
17.0,7269.0,134.0,16.0,6.0,1009.0,117.0,0
2.0,138.0,14.0,208.0,6.0,1405.0,345.0,0
5.0,2278.0,243.0,261.0,7.0,1089.0,111.0,1
12.0,6320.0,154.0,243.0,7.0,372.0,48.0,1
11.0,6443.0,71.0,33.0,7.0,990.0,69.0,0
8.0,850.0,97.0,173.0,5.0,785.0,65.0,0
15.0,2366.0,153.0,207.0,1.0,715.0,55.0,1
12.0,6380.0,34.0,253.0,7.0,883.0,105.0,1
12.0,6329.0,6.0,253.0,1.0,523.0,82.0,1
5.0,1219.0,85.0,197.0,6.0,575.0,130.0,0
15.0,40.0,129.0,75.0,4.0,960.0,60.0,0
4.0,166.0,252.0,135.0,1.0,495.0,247.0,1
0.0,3653.0,16.0,135.0,7.0,645.0,151.0,0
13.0,708.0,253.0,217.0,3.0,635.0,120.0,1
12.0,4460.0,46.0,261.0,4.0,690.0,71.0,0
13.0,965.0,134.0,135.0,5.0,1034.0,206.0,0
4.0,146.0,135.0,208.0,1.0,795.0,153.0,1
11.0,6457.0,209.0,71.0,4.0,392.0,121.0,0
11.0,6742.0,273.0,85.0,5.0,572.0,103.0,1
4.0,410.0,135.0,96.0,3.0,1245.0,194.0,1
16.0,2149.0,75.0,135.0,6.0,390.0,59.0,0
17.0,2827.0,177.0,217.0,3.0,870.0,214.0,0
1.0,1085.0,80.0,268.0,6.0,1140.0,95.0,0
17.0,2652.0,60.0,96.0,6.0,914.0,106.0,0
8.0,303.0,16.0,79.0,4.0,610.0,215.0,1
2.0,81.0,252.0,14.0,5.0,360.0,219.0,0
11.0,6670.0,228.0,85.0,5.0,520.0,142.0,0
12.0,6615.0,79.0,122.0,4.0,677.0,120.0,1
5.0,27.0,16.0,85.0,3.0,655.0,125.0,1
5.0,466.0,198.0,16.0,4.0,825.0,90.0,1
5.0,2127.0,16.0,104.0,7.0,450.0,110.0,0
1.0,494.0,2.0,80.0,3.0,945.0,100.0,0
1.0,642.0,244.0,80.0,7.0,1040.0,70.0,0
4.0,485.0,214.0,96.0,4.0,460.0,307.0,0
10.0,2985.0,11.0,80.0,7.0,380.0,175.0,0
15.0,1680.0,153.0,202.0,1.0,1080.0,90.0,1
5.0,322.0,153.0,148.0,6.0,1319.0,291.0,0
11.0,6313.0,119.0,71.0,4.0,690.0,71.0,0
2.0,314.0,253.0,227.0,3.0,1240.0,85.0,0
17.0,2944.0,18.0,60.0,3.0,425.0,157.0,1
5.0,1659.0,16.0,54.0,3.0,1226.0,73.0,0
1.0,592.0,80.0,147.0,1.0,685.0,130.0,0
6.0,5230.0,16.0,120.0,3.0,735.0,75.0,1
14.0,2174.0,78.0,159.0,4.0,840.0,80.0,0
15.0,742.0,217.0,261.0,3.0,995.0,95.0,1
15.0,3762.0,258.0,207.0,1.0,1100.0,70.0,1
14.0,472.0,217.0,44.0,1.0,665.0,90.0,0
3.0,154.0,173.0,148.0,1.0,745.0,152.0,1
15.0,29.0,129.0,68.0,3.0,895.0,50.0,1
13.0,702.0,208.0,217.0,5.0,1021.0,226.0,1
15.0,225.0,184.0,45.0,5.0,1015.0,115.0,0
13.0,980.0,208.0,153.0,4.0,501.0,246.0,0
10.0,3265.0,129.0,80.0,3.0,360.0,70.0,0
5.0,1247.0,16.0,60.0,5.0,820.0,69.0,1
16.0,2693.0,58.0,76.0,7.0,1255.0,49.0,0
15.0,934.0,153.0,91.0,4.0,1195.0,95.0,1
5.0,2453.0,159.0,277.0,6.0,820.0,176.0,0
15.0,2251.0,233.0,45.0,6.0,735.0,60.0,0
3.0,20.0,277.0,148.0,6.0,365.0,149.0,0
14.0,254.0,217.0,216.0,3.0,480.0,263.0,1
8.0,1461.0,175.0,173.0,5.0,435.0,159.0,0
0.0,4156.0,147.0,177.0,6.0,715.0,118.0,0
0.0,4089.0,281.0,85.0,3.0,618.0,67.0,1
2.0,132.0,14.0,214.0,3.0,55.0,215.0,0
4.0,1559.0,78.0,135.0,1.0,420.0,209.0,0
16.0,2680.0,2.0,135.0,1.0,375.0,124.0,0
5.0,1630.0,184.0,85.0,4.0,1100.0,80.0,1
1.0,1539.0,183.0,208.0,6.0,1050.0,205.0,1
5.0,26.0,85.0,16.0,5.0,990.0,134.0,0
5.0,1031.0,139.0,16.0,6.0,742.0,102.0,0
4.0,510.0,135.0,96.0,4.0,530.0,206.0,1
15.0,824.0,221.0,217.0,1.0,835.0,300.0,1
16.0,3006.0,135.0,134.0,3.0,445.0,173.0,0
5.0,1577.0,261.0,16.0,7.0,838.0,222.0,1
3.0,525.0,96.0,173.0,6.0,841.0,165.0,1
17.0,2605.0,60.0,233.0,4.0,464.0,57.0,0
15.0,628.0,45.0,27.0,7.0,865.0,135.0,1
13.0,386.0,79.0,35.0,7.0,755.0,229.0,1
5.0,142.0,253.0,85.0,6.0,547.0,273.0,0
1.0,1592.0,80.0,173.0,5.0,745.0,145.0,1
1.0,850.0,183.0,134.0,5.0,1255.0,150.0,1
2.0,233.0,243.0,252.0,6.0,1025.0,170.0,0
12.0,6728.0,34.0,79.0,3.0,832.0,108.0,0
10.0,3375.0,80.0,108.0,5.0,1020.0,60.0,0
8.0,842.0,173.0,16.0,1.0,767.0,92.0,0
6.0,5531.0,200.0,16.0,4.0,505.0,92.0,0
17.0,2620.0,60.0,174.0,7.0,1335.0,89.0,1
15.0,1459.0,175.0,159.0,6.0,665.0,115.0,1
13.0,397.0,153.0,208.0,5.0,686.0,225.0,1
15.0,1180.0,207.0,217.0,5.0,960.0,75.0,1
10.0,4648.0,233.0,159.0,7.0,1040.0,100.0,0
8.0,164.0,260.0,16.0,6.0,995.0,248.0,0
17.0,2888.0,227.0,217.0,4.0,600.0,67.0,0
15.0,2697.0,12.0,45.0,4.0,510.0,75.0,0
10.0,3833.0,208.0,16.0,3.0,760.0,120.0,0
16.0,5976.0,157.0,208.0,3.0,1127.0,89.0,1
11.0,6740.0,78.0,147.0,7.0,779.0,126.0,0
12.0,6442.0,154.0,204.0,7.0,775.0,162.0,0
1.0,1185.0,233.0,80.0,7.0,380.0,200.0,0
10.0,3396.0,170.0,80.0,3.0,430.0,75.0,0
12.0,4511.0,79.0,261.0,4.0,880.0,89.0,0
16.0,2370.0,197.0,58.0,3.0,715.0,105.0,1
10.0,4593.0,159.0,233.0,3.0,820.0,105.0,0
3.0,346.0,267.0,148.0,3.0,705.0,159.0,1
15.0,1855.0,221.0,216.0,5.0,455.0,80.0,0
10.0,3943.0,208.0,279.0,1.0,520.0,120.0,0
11.0,6742.0,273.0,85.0,4.0,572.0,103.0,0
13.0,17.0,119.0,208.0,1.0,480.0,62.0,0
5.0,1090.0,16.0,139.0,1.0,730.0,98.0,1
5.0,1096.0,241.0,16.0,6.0,1141.0,110.0,0
15.0,928.0,61.0,153.0,1.0,480.0,280.0,1
12.0,7011.0,154.0,214.0,5.0,506.0,141.0,0
12.0,4641.0,261.0,100.0,4.0,1293.0,93.0,1
13.0,607.0,78.0,208.0,5.0,515.0,129.0,0
12.0,6330.0,207.0,253.0,5.0,360.0,85.0,0
8.0,1626.0,173.0,216.0,6.0,1063.0,141.0,0
16.0,5985.0,33.0,208.0,5.0,392.0,107.0,0
17.0,2857.0,217.0,103.0,3.0,980.0,60.0,0
5.0,1746.0,217.0,16.0,5.0,840.0,220.0,0
10.0,4455.0,148.0,78.0,1.0,960.0,90.0,1
1.0,149.0,134.0,154.0,3.0,550.0,350.0,0
14.0,1238.0,80.0,60.0,3.0,1060.0,141.0,1
15.0,307.0,253.0,154.0,7.0,975.0,75.0,1
15.0,1525.0,22.0,33.0,3.0,455.0,160.0,1
13.0,472.0,262.0,208.0,5.0,376.0,245.0,0
9.0,208.0,128.0,150.0,4.0,656.0,43.0,0
12.0,6381.0,64.0,79.0,6.0,437.0,82.0,1
12.0,6251.0,195.0,79.0,7.0,924.0,156.0,0
13.0,453.0,45.0,79.0,3.0,884.0,249.0,0
13.0,56.0,150.0,253.0,5.0,828.0,312.0,0
6.0,7366.0,177.0,190.0,7.0,570.0,82.0,0
1.0,1120.0,208.0,268.0,1.0,840.0,65.0,0
5.0,1638.0,16.0,78.0,3.0,1160.0,116.0,1
16.0,2417.0,204.0,135.0,1.0,470.0,85.0,0
17.0,7276.0,208.0,238.0,5.0,1010.0,92.0,0
1.0,346.0,268.0,208.0,3.0,1035.0,80.0,0
15.0,2175.0,198.0,154.0,3.0,775.0,260.0,1
15.0,1126.0,217.0,79.0,4.0,550.0,110.0,1
16.0,2905.0,58.0,197.0,1.0,740.0,123.0,0
6.0,5177.0,16.0,52.0,4.0,810.0,48.0,0
13.0,231.0,134.0,243.0,3.0,766.0,343.0,0
4.0,1058.0,135.0,78.0,1.0,515.0,172.0,0
1.0,312.0,217.0,80.0,5.0,640.0,135.0,0
8.0,472.0,16.0,45.0,7.0,615.0,110.0,0
14.0,46.0,217.0,78.0,7.0,950.0,243.0,0
13.0,760.0,253.0,208.0,5.0,792.0,253.0,1
6.0,5525.0,58.0,16.0,5.0,732.0,112.0,1
1.0,708.0,18.0,80.0,4.0,360.0,60.0,0
5.0,1784.0,16.0,134.0,1.0,980.0,110.0,1
2.0,139.0,208.0,14.0,3.0,570.0,413.0,1
1.0,1820.0,80.0,221.0,1.0,840.0,150.0,0
14.0,796.0,154.0,216.0,5.0,670.0,305.0,0
13.0,23.0,154.0,150.0,6.0,502.0,349.0,0
5.0,2143.0,96.0,16.0,1.0,500.0,160.0,0
1.0,1682.0,80.0,177.0,3.0,765.0,85.0,0
15.0,2669.0,2.0,172.0,7.0,775.0,110.0,1
14.0,1717.0,216.0,213.0,5.0,1075.0,168.0,1
9.0,392.0,128.0,143.0,7.0,1141.0,51.0,0
15.0,220.0,27.0,129.0,3.0,380.0,115.0,0
1.0,1823.0,208.0,213.0,5.0,405.0,175.0,0
0.0,4295.0,148.0,167.0,6.0,750.0,110.0,0
15.0,1584.0,45.0,184.0,4.0,1145.0,130.0,1
15.0,3052.0,45.0,61.0,3.0,975.0,80.0,1
15.0,778.0,79.0,233.0,3.0,1020.0,195.0,1
14.0,719.0,216.0,35.0,6.0,1095.0,90.0,0
15.0,891.0,182.0,173.0,7.0,410.0,200.0,0
15.0,912.0,202.0,264.0,4.0,375.0,85.0,0
15.0,219.0,262.0,153.0,1.0,385.0,80.0,1
2.0,67.0,257.0,149.0,3.0,1125.0,39.0,0
10.0,2778.0,285.0,80.0,6.0,500.0,160.0,0
12.0,6687.0,253.0,194.0,3.0,632.0,46.0,0
10.0,4524.0,33.0,78.0,7.0,825.0,95.0,0
11.0,6365.0,17.0,85.0,5.0,972.0,78.0,0
16.0,2536.0,16.0,96.0,5.0,600.0,142.0,0
11.0,6325.0,71.0,208.0,3.0,980.0,82.0,1
12.0,6995.0,208.0,109.0,5.0,785.0,51.0,0
10.0,4051.0,208.0,33.0,7.0,1085.0,90.0,1
5.0,2342.0,16.0,96.0,6.0,1295.0,133.0,0
13.0,286.0,135.0,134.0,4.0,998.0,179.0,0
5.0,1942.0,16.0,96.0,4.0,755.0,142.0,0
15.0,780.0,153.0,268.0,1.0,450.0,190.0,0
17.0,7289.0,208.0,247.0,7.0,627.0,38.0,1
15.0,2887.0,202.0,264.0,3.0,940.0,80.0,0
15.0,899.0,153.0,202.0,3.0,660.0,90.0,0
15.0,40.0,75.0,172.0,5.0,1045.0,90.0,0
13.0,333.0,208.0,172.0,5.0,587.0,97.0,0
4.0,1606.0,243.0,135.0,5.0,585.0,187.0,0
16.0,2998.0,135.0,177.0,3.0,780.0,89.0,0
6.0,5097.0,48.0,16.0,6.0,960.0,112.0,1
7.0,793.0,79.0,214.0,3.0,1000.0,166.0,1
12.0,6930.0,208.0,285.0,1.0,360.0,87.0,1
8.0,178.0,241.0,16.0,7.0,450.0,108.0,0
13.0,480.0,253.0,221.0,1.0,855.0,297.0,0
5.0,1241.0,121.0,16.0,4.0,383.0,63.0,1
1.0,367.0,104.0,80.0,4.0,505.0,195.0,0
14.0,431.0,153.0,216.0,7.0,1355.0,267.0,1
13.0,220.0,253.0,134.0,5.0,980.0,303.0,0
7.0,128.0,79.0,80.0,5.0,420.0,110.0,0
15.0,429.0,154.0,79.0,4.0,765.0,135.0,0
17.0,1017.0,150.0,128.0,6.0,975.0,40.0,0
13.0,473.0,45.0,208.0,5.0,994.0,136.0,1
15.0,1487.0,12.0,153.0,5.0,805.0,350.0,1
2.0,189.0,14.0,98.0,6.0,945.0,60.0,0
1.0,885.0,18.0,80.0,5.0,1110.0,70.0,0
3.0,615.0,148.0,147.0,6.0,830.0,160.0,0
1.0,851.0,208.0,197.0,4.0,560.0,90.0,0
14.0,287.0,2.0,217.0,5.0,930.0,79.0,0
8.0,1184.0,119.0,277.0,1.0,525.0,160.0,0
2.0,6.0,154.0,78.0,5.0,785.0,294.0,0
15.0,1642.0,33.0,243.0,4.0,830.0,280.0,1
14.0,16.0,217.0,148.0,5.0,976.0,282.0,0
5.0,2512.0,16.0,208.0,5.0,970.0,123.0,0
15.0,1097.0,141.0,173.0,4.0,640.0,170.0,0
5.0,1941.0,71.0,217.0,3.0,575.0,258.0,1
15.0,1715.0,154.0,18.0,7.0,885.0,170.0,1
14.0,1849.0,216.0,197.0,7.0,1090.0,187.0,0
10.0,4266.0,147.0,208.0,7.0,750.0,165.0,0
10.0,2771.0,80.0,288.0,7.0,930.0,110.0,0
15.0,60.0,129.0,75.0,4.0,1260.0,55.0,1
16.0,2293.0,135.0,68.0,7.0,1380.0,54.0,0
6.0,5264.0,16.0,101.0,1.0,775.0,72.0,0
6.0,5442.0,177.0,178.0,6.0,826.0,131.0,1
6.0,5462.0,132.0,16.0,6.0,1008.0,60.0,0
1.0,558.0,80.0,96.0,3.0,690.0,215.0,0
1.0,2454.0,154.0,80.0,3.0,1005.0,180.0,0
12.0,6479.0,221.0,79.0,1.0,950.0,229.0,0
15.0,1498.0,44.0,258.0,3.0,1090.0,65.0,0
9.0,115.0,203.0,128.0,6.0,458.0,34.0,0
5.0,511.0,16.0,147.0,4.0,510.0,79.0,1
14.0,2158.0,78.0,159.0,5.0,360.0,60.0,0
15.0,580.0,268.0,172.0,1.0,635.0,65.0,1
13.0,338.0,79.0,80.0,3.0,1228.0,119.0,0
5.0,2964.0,85.0,60.0,3.0,615.0,115.0,1
3.0,417.0,35.0,213.0,4.0,1245.0,191.0,0
10.0,3013.0,79.0,154.0,3.0,1185.0,155.0,0
14.0,1631.0,78.0,60.0,3.0,419.0,95.0,0
3.0,334.0,173.0,134.0,6.0,885.0,120.0,0
0.0,3990.0,177.0,254.0,1.0,560.0,75.0,0
15.0,908.0,172.0,175.0,5.0,525.0,80.0,1
13.0,618.0,217.0,208.0,7.0,596.0,202.0,0
10.0,3757.0,244.0,208.0,7.0,1090.0,160.0,0
3.0,1795.0,78.0,104.0,5.0,470.0,151.0,0
13.0,456.0,197.0,79.0,3.0,525.0,141.0,0
15.0,910.0,258.0,153.0,1.0,560.0,85.0,1
16.0,5997.0,56.0,208.0,3.0,812.0,65.0,1
5.0,1926.0,104.0,16.0,7.0,838.0,120.0,0
13.0,366.0,153.0,134.0,4.0,816.0,269.0,1
5.0,1024.0,22.0,16.0,1.0,365.0,175.0,0
0.0,3746.0,27.0,85.0,1.0,670.0,130.0,0
6.0,5346.0,205.0,16.0,6.0,835.0,135.0,0
16.0,2653.0,135.0,91.0,6.0,585.0,113.0,0
6.0,5286.0,78.0,195.0,1.0,635.0,140.0,0
13.0,442.0,208.0,22.0,4.0,990.0,128.0,0
10.0,2817.0,94.0,80.0,6.0,1030.0,130.0,0
0.0,4070.0,205.0,197.0,5.0,1135.0,76.0,1
4.0,9.0,35.0,96.0,3.0,450.0,77.0,0
12.0,6459.0,80.0,79.0,7.0,1174.0,122.0,0
16.0,2036.0,139.0,96.0,4.0,985.0,120.0,0
14.0,1997.0,208.0,60.0,3.0,360.0,118.0,0
16.0,3156.0,58.0,216.0,3.0,915.0,95.0,1
3.0,634.0,253.0,35.0,3.0,835.0,320.0,1
10.0,4007.0,208.0,61.0,5.0,940.0,75.0,0
8.0,1155.0,241.0,139.0,4.0,955.0,150.0,0
12.0,4487.0,261.0,252.0,7.0,585.0,135.0,1
4.0,221.0,16.0,135.0,7.0,1019.0,141.0,0
1.0,2541.0,139.0,80.0,3.0,680.0,150.0,0
15.0,1756.0,173.0,233.0,6.0,1030.0,100.0,1
12.0,4831.0,154.0,243.0,5.0,650.0,46.0,0
1.0,382.0,208.0,159.0,1.0,610.0,120.0,0
14.0,1866.0,16.0,60.0,3.0,940.0,76.0,0
13.0,684.0,208.0,159.0,1.0,840.0,135.0,1
5.0,2059.0,16.0,244.0,5.0,1313.0,170.0,0
1.0,1002.0,80.0,268.0,7.0,600.0,95.0,0
3.0,607.0,229.0,148.0,3.0,695.0,74.0,1
5.0,2340.0,253.0,148.0,7.0,1350.0,330.0,0
16.0,2925.0,96.0,251.0,3.0,920.0,139.0,0
10.0,2754.0,158.0,80.0,5.0,440.0,90.0,1
11.0,6662.0,85.0,109.0,3.0,730.0,54.0,0
16.0,2878.0,58.0,208.0,1.0,450.0,85.0,0
15.0,2892.0,241.0,175.0,5.0,870.0,180.0,0
15.0,1064.0,252.0,153.0,3.0,1175.0,145.0,1
10.0,3977.0,208.0,56.0,5.0,580.0,65.0,0
1.0,1576.0,18.0,80.0,7.0,1005.0,65.0,1
15.0,660.0,261.0,79.0,1.0,900.0,85.0,0
13.0,340.0,79.0,216.0,4.0,1062.0,213.0,0
14.0,239.0,253.0,217.0,7.0,935.0,115.0,0
17.0,2680.0,60.0,54.0,6.0,1195.0,63.0,1
15.0,705.0,217.0,2.0,5.0,445.0,65.0,0
15.0,1824.0,175.0,197.0,3.0,705.0,90.0,1
3.0,464.0,241.0,35.0,7.0,779.0,178.0,0
16.0,3005.0,135.0,68.0,6.0,1040.0,54.0,0
0.0,3880.0,177.0,157.0,6.0,1165.0,76.0,1
15.0,2403.0,139.0,277.0,6.0,575.0,140.0,1
12.0,6766.0,172.0,253.0,6.0,479.0,238.0,1
0.0,3911.0,177.0,275.0,6.0,865.0,88.0,0
14.0,1497.0,60.0,200.0,5.0,680.0,51.0,0
1.0,1062.0,80.0,216.0,7.0,1005.0,185.0,1
5.0,1691.0,16.0,277.0,3.0,1370.0,82.0,0
11.0,6335.0,35.0,177.0,3.0,960.0,210.0,0
10.0,2738.0,121.0,80.0,6.0,390.0,175.0,0
5.0,1813.0,16.0,268.0,5.0,520.0,114.0,0
1.0,313.0,159.0,208.0,1.0,545.0,165.0,0
5.0,1439.0,16.0,135.0,7.0,960.0,139.0,1
12.0,6726.0,145.0,79.0,1.0,806.0,74.0,0
5.0,1230.0,16.0,197.0,3.0,615.0,176.0,1
8.0,1219.0,267.0,175.0,3.0,740.0,166.0,0
9.0,197.0,203.0,128.0,6.0,1200.0,33.0,0
5.0,339.0,162.0,16.0,5.0,420.0,95.0,0
16.0,5993.0,43.0,208.0,3.0,1192.0,116.0,1
15.0,3398.0,217.0,33.0,6.0,870.0,195.0,1
12.0,6695.0,79.0,91.0,5.0,606.0,109.0,1
0.0,4249.0,234.0,71.0,7.0,810.0,110.0,0
5.0,2557.0,148.0,243.0,7.0,1150.0,390.0,0
15.0,1382.0,236.0,153.0,7.0,455.0,80.0,0
16.0,3055.0,245.0,135.0,5.0,1064.0,156.0,0
0.0,4205.0,234.0,85.0,1.0,580.0,115.0,0
12.0,6330.0,207.0,253.0,3.0,360.0,85.0,0
9.0,391.0,143.0,128.0,7.0,1221.0,49.0,0
1.0,1947.0,277.0,183.0,1.0,915.0,60.0,0
3.0,78.0,173.0,148.0,7.0,1130.0,154.0,1
15.0,521.0,75.0,268.0,1.0,655.0,95.0,0
12.0,6661.0,191.0,253.0,3.0,1003.0,33.0,0
1.0,2347.0,208.0,80.0,4.0,1085.0,150.0,1
16.0,2336.0,135.0,136.0,4.0,865.0,98.0,0
15.0,6.0,2.0,252.0,7.0,610.0,200.0,0
15.0,2020.0,214.0,262.0,4.0,1125.0,85.0,1
14.0,942.0,253.0,60.0,5.0,1340.0,284.0,0
14.0,1656.0,60.0,213.0,1.0,564.0,106.0,0
13.0,570.0,208.0,58.0,1.0,815.0,86.0,0
14.0,1755.0,216.0,78.0,3.0,1264.0,56.0,0
13.0,900.0,243.0,253.0,4.0,624.0,101.0,0
10.0,4119.0,208.0,162.0,1.0,490.0,115.0,1
0.0,3764.0,85.0,272.0,1.0,845.0,104.0,1
14.0,396.0,80.0,153.0,4.0,1040.0,176.0,0
1.0,1952.0,2.0,80.0,1.0,715.0,100.0,0
15.0,28.0,172.0,175.0,5.0,975.0,85.0,1
5.0,1408.0,79.0,197.0,6.0,375.0,129.0,1
16.0,2638.0,96.0,182.0,5.0,680.0,67.0,1
13.0,735.0,204.0,79.0,4.0,818.0,106.0,0
15.0,161.0,221.0,175.0,5.0,585.0,90.0,1
8.0,1412.0,241.0,106.0,6.0,640.0,176.0,0
0.0,4194.0,197.0,32.0,3.0,1025.0,95.0,0
12.0,4755.0,58.0,197.0,5.0,760.0,125.0,0
14.0,517.0,217.0,205.0,7.0,1185.0,152.0,0
2.0,187.0,14.0,98.0,6.0,835.0,58.0,1
6.0,5060.0,132.0,16.0,4.0,927.0,56.0,1
1.0,346.0,208.0,159.0,5.0,1175.0,120.0,1
15.0,200.0,258.0,207.0,1.0,695.0,65.0,0
8.0,820.0,35.0,45.0,4.0,630.0,90.0,0
12.0,6692.0,154.0,243.0,3.0,611.0,46.0,0
0.0,3863.0,177.0,279.0,5.0,575.0,88.0,1
15.0,167.0,13.0,75.0,1.0,985.0,65.0,0
0.0,4246.0,85.0,139.0,7.0,735.0,73.0,0
17.0,2934.0,24.0,217.0,4.0,380.0,92.0,0
6.0,7129.0,42.0,134.0,3.0,1152.0,101.0,0
16.0,2288.0,135.0,76.0,7.0,1199.0,133.0,1
16.0,2062.0,135.0,165.0,7.0,1175.0,74.0,0
13.0,778.0,134.0,173.0,7.0,737.0,142.0,1
3.0,1303.0,148.0,134.0,4.0,615.0,73.0,0
1.0,506.0,279.0,183.0,6.0,530.0,175.0,1
6.0,5117.0,81.0,16.0,1.0,330.0,70.0,1
1.0,823.0,136.0,80.0,1.0,885.0,80.0,0
2.0,318.0,252.0,253.0,1.0,600.0,134.0,0
12.0,3074.0,184.0,139.0,6.0,1070.0,62.0,1
5.0,1688.0,182.0,85.0,4.0,540.0,140.0,0
15.0,1269.0,207.0,202.0,6.0,630.0,75.0,0
8.0,1221.0,104.0,221.0,4.0,1204.0,156.0,0
5.0,1701.0,35.0,16.0,5.0,585.0,179.0,0
12.0,6843.0,72.0,208.0,1.0,408.0,68.0,1
4.0,227.0,45.0,135.0,1.0,1048.0,212.0,1
12.0,6947.0,214.0,252.0,4.0,690.0,54.0,1
14.0,614.0,153.0,217.0,6.0,760.0,70.0,0
11.0,6598.0,159.0,172.0,5.0,919.0,219.0,0
10.0,3004.0,79.0,154.0,1.0,445.0,160.0,0
16.0,5897.0,208.0,99.0,5.0,920.0,113.0,0
14.0,2163.0,159.0,78.0,1.0,420.0,71.0,0
0.0,4265.0,177.0,108.0,5.0,865.0,72.0,0
6.0,5556.0,41.0,16.0,5.0,960.0,95.0,0
14.0,221.0,217.0,35.0,5.0,805.0,287.0,0
12.0,6699.0,79.0,91.0,1.0,1017.0,102.0,1
10.0,3395.0,80.0,41.0,7.0,1080.0,75.0,0
1.0,1321.0,134.0,183.0,1.0,1015.0,170.0,0
5.0,1201.0,85.0,261.0,1.0,505.0,251.0,1
2.0,16.0,252.0,183.0,3.0,1345.0,330.0,1
8.0,683.0,16.0,136.0,4.0,625.0,148.0,0
15.0,1759.0,268.0,204.0,6.0,650.0,100.0,0
5.0,1858.0,16.0,233.0,1.0,455.0,85.0,0
14.0,1748.0,153.0,216.0,6.0,695.0,286.0,1
13.0,479.0,253.0,252.0,7.0,1243.0,129.0,1
0.0,3997.0,187.0,177.0,6.0,375.0,96.0,0
14.0,191.0,217.0,243.0,7.0,1195.0,74.0,0
12.0,6904.0,252.0,214.0,4.0,991.0,48.0,1
1.0,2040.0,183.0,159.0,3.0,770.0,170.0,1
9.0,36.0,128.0,217.0,6.0,905.0,354.0,0
11.0,6318.0,71.0,120.0,4.0,915.0,77.0,0
17.0,7269.0,134.0,16.0,4.0,1006.0,118.0,0
13.0,3.0,150.0,208.0,6.0,1109.0,481.0,0
15.0,170.0,153.0,217.0,1.0,875.0,70.0,1
0.0,4373.0,85.0,42.0,5.0,605.0,104.0,0
14.0,433.0,153.0,216.0,4.0,420.0,280.0,0
6.0,4995.0,16.0,188.0,5.0,960.0,97.0,1
6.0,5190.0,16.0,275.0,7.0,970.0,66.0,0
4.0,59.0,135.0,79.0,5.0,1050.0,153.0,1
15.0,517.0,217.0,202.0,1.0,1050.0,125.0,1
15.0,1814.0,202.0,154.0,4.0,500.0,75.0,0
7.0,144.0,79.0,129.0,7.0,910.0,139.0,0
15.0,425.0,244.0,173.0,7.0,780.0,145.0,0
11.0,6367.0,54.0,16.0,5.0,605.0,85.0,1
15.0,1028.0,153.0,236.0,7.0,445.0,75.0,0
3.0,1218.0,43.0,35.0,4.0,1102.0,83.0,1
1.0,795.0,183.0,269.0,4.0,1065.0,150.0,1
5.0,1401.0,35.0,16.0,7.0,360.0,190.0,0
12.0,7037.0,79.0,280.0,1.0,505.0,117.0,0
16.0,2524.0,58.0,182.0,7.0,920.0,88.0,1
5.0,1728.0,153.0,148.0,1.0,1010.0,293.0,0
0.0,4102.0,16.0,121.0,1.0,665.0,62.0,1
15.0,430.0,27.0,198.0,1.0,1030.0,70.0,1
15.0,35.0,129.0,198.0,7.0,995.0,65.0,0
1.0,1548.0,80.0,78.0,3.0,885.0,170.0,1
12.0,6240.0,253.0,207.0,3.0,1205.0,76.0,1
15.0,1945.0,198.0,27.0,5.0,865.0,60.0,0
14.0,1920.0,241.0,216.0,6.0,480.0,155.0,0
4.0,701.0,96.0,104.0,1.0,630.0,185.0,0
16.0,2349.0,184.0,135.0,1.0,435.0,186.0,0
6.0,5080.0,188.0,16.0,1.0,686.0,93.0,0
1.0,532.0,80.0,233.0,7.0,370.0,145.0,0
11.0,6352.0,177.0,96.0,3.0,1150.0,164.0,1
5.0,125.0,16.0,154.0,5.0,960.0,306.0,0
0.0,3844.0,197.0,61.0,5.0,790.0,110.0,0
15.0,958.0,243.0,79.0,1.0,615.0,135.0,1
1.0,1823.0,208.0,213.0,4.0,405.0,175.0,0
3.0,524.0,173.0,96.0,6.0,1172.0,148.0,0
5.0,2657.0,148.0,243.0,7.0,550.0,380.0,1
16.0,2191.0,96.0,182.0,3.0,1300.0,69.0,1
4.0,86.0,96.0,58.0,4.0,1215.0,98.0,0
10.0,4122.0,278.0,208.0,3.0,985.0,120.0,1
15.0,1607.0,153.0,27.0,6.0,570.0,210.0,1
10.0,3260.0,76.0,80.0,3.0,765.0,170.0,0
6.0,5368.0,180.0,16.0,4.0,1040.0,78.0,0
16.0,2268.0,135.0,158.0,3.0,470.0,72.0,0
15.0,1349.0,153.0,261.0,6.0,590.0,80.0,0
5.0,1732.0,213.0,16.0,4.0,812.0,113.0,1
2.0,55.0,249.0,39.0,4.0,578.0,43.0,0
5.0,2139.0,78.0,16.0,7.0,1020.0,125.0,1
16.0,3026.0,135.0,172.0,6.0,990.0,109.0,0
0.0,4298.0,177.0,116.0,1.0,575.0,80.0,0
4.0,187.0,173.0,135.0,1.0,540.0,150.0,1
15.0,1103.0,153.0,214.0,5.0,530.0,140.0,0
2.0,329.0,258.0,252.0,3.0,1135.0,124.0,0
4.0,1079.0,135.0,244.0,7.0,905.0,60.0,0
15.0,702.0,175.0,153.0,4.0,360.0,245.0,1
15.0,1005.0,104.0,268.0,6.0,785.0,180.0,1
14.0,972.0,147.0,60.0,5.0,420.0,83.0,0
15.0,1741.0,241.0,45.0,4.0,1060.0,140.0,0
9.0,397.0,150.0,128.0,3.0,1248.0,42.0,0
6.0,5473.0,16.0,158.0,5.0,1227.0,107.0,0
11.0,6726.0,60.0,71.0,4.0,800.0,105.0,0
1.0,867.0,78.0,208.0,6.0,1035.0,135.0,1
8.0,964.0,16.0,7.0,1.0,950.0,112.0,0
16.0,2809.0,135.0,68.0,3.0,940.0,59.0,0
14.0,1869.0,233.0,60.0,1.0,970.0,63.0,1
14.0,958.0,104.0,216.0,6.0,595.0,157.0,0
15.0,1680.0,153.0,202.0,7.0,1080.0,90.0,1
5.0,1790.0,244.0,16.0,3.0,803.0,135.0,0
12.0,4745.0,261.0,207.0,5.0,672.0,107.0,0
3.0,441.0,35.0,277.0,3.0,870.0,198.0,1
13.0,41.0,253.0,161.0,4.0,567.0,342.0,1
16.0,5898.0,208.0,237.0,4.0,874.0,95.0,1
14.0,359.0,197.0,60.0,6.0,420.0,158.0,0
7.0,214.0,79.0,18.0,5.0,1185.0,124.0,0
10.0,2764.0,180.0,80.0,4.0,1030.0,130.0,0
12.0,6251.0,79.0,195.0,1.0,606.0,129.0,1
5.0,2663.0,148.0,154.0,1.0,420.0,394.0,0
1.0,1442.0,208.0,78.0,3.0,1000.0,105.0,1
6.0,5329.0,288.0,16.0,3.0,1030.0,79.0,1
4.0,440.0,261.0,135.0,4.0,470.0,178.0,0
16.0,5932.0,208.0,42.0,3.0,1020.0,120.0,1
8.0,310.0,16.0,60.0,3.0,615.0,71.0,0
12.0,6836.0,212.0,208.0,3.0,360.0,78.0,1
13.0,929.0,208.0,252.0,7.0,915.0,275.0,0
10.0,2825.0,80.0,279.0,7.0,455.0,60.0,0
13.0,347.0,154.0,35.0,7.0,515.0,326.0,0
16.0,2986.0,135.0,60.0,6.0,648.0,134.0,1
13.0,619.0,208.0,197.0,1.0,984.0,93.0,1
16.0,2471.0,213.0,135.0,5.0,720.0,169.0,1
0.0,3783.0,61.0,177.0,7.0,1080.0,107.0,0
5.0,1255.0,209.0,16.0,4.0,1134.0,121.0,0
10.0,3639.0,183.0,60.0,4.0,1290.0,125.0,0
1.0,1030.0,80.0,290.0,1.0,990.0,65.0,0
2.0,533.0,207.0,252.0,1.0,620.0,161.0,1
14.0,1724.0,147.0,78.0,5.0,1120.0,104.0,0
0.0,4373.0,85.0,42.0,7.0,605.0,104.0,0
0.0,3716.0,247.0,197.0,7.0,420.0,99.0,0
0.0,3958.0,251.0,16.0,7.0,1080.0,87.0,0
10.0,4143.0,43.0,208.0,1.0,900.0,115.0,0
11.0,6382.0,85.0,132.0,4.0,520.0,122.0,0
1.0,5.0,80.0,128.0,1.0,820.0,520.0,1
9.0,266.0,128.0,203.0,3.0,1045.0,37.0,0
4.0,197.0,135.0,153.0,6.0,720.0,197.0,1
16.0,2806.0,96.0,172.0,4.0,886.0,194.0,0
5.0,1536.0,85.0,45.0,5.0,625.0,96.0,0
15.0,1268.0,45.0,184.0,3.0,545.0,125.0,1
15.0,755.0,268.0,75.0,1.0,860.0,105.0,1
1.0,453.0,80.0,214.0,6.0,765.0,255.0,0
1.0,1598.0,80.0,197.0,5.0,1235.0,135.0,1
12.0,4730.0,243.0,154.0,4.0,1040.0,49.0,1
3.0,369.0,159.0,213.0,4.0,980.0,178.0,1
13.0,99.0,134.0,277.0,6.0,497.0,146.0,0
5.0,2316.0,153.0,85.0,3.0,685.0,244.0,0
16.0,5926.0,208.0,230.0,3.0,718.0,137.0,1
14.0,1559.0,216.0,104.0,5.0,710.0,169.0,0
6.0,5197.0,16.0,132.0,1.0,1065.0,60.0,1
2.0,588.0,214.0,264.0,6.0,1170.0,141.0,0
14.0,1811.0,35.0,216.0,4.0,510.0,98.0,0
15.0,931.0,172.0,79.0,7.0,1140.0,115.0,1
13.0,625.0,78.0,208.0,3.0,1003.0,136.0,0
10.0,3121.0,154.0,258.0,3.0,760.0,75.0,0
1.0,382.0,208.0,159.0,4.0,610.0,120.0,0
8.0,84.0,104.0,16.0,3.0,360.0,113.0,0
5.0,2154.0,154.0,16.0,7.0,375.0,252.0,0
4.0,702.0,96.0,253.0,6.0,955.0,374.0,0
10.0,3769.0,16.0,208.0,6.0,570.0,125.0,1
14.0,1631.0,60.0,277.0,3.0,569.0,102.0,1
2.0,575.0,243.0,214.0,4.0,815.0,154.0,1
1.0,354.0,208.0,159.0,1.0,1055.0,125.0,1
1.0,1886.0,260.0,183.0,3.0,735.0,165.0,1
5.0,2892.0,243.0,16.0,4.0,460.0,243.0,1
12.0,4658.0,40.0,261.0,3.0,785.0,77.0,1
5.0,2412.0,177.0,183.0,1.0,565.0,142.0,0
13.0,362.0,79.0,107.0,1.0,618.0,98.0,0
16.0,2169.0,96.0,61.0,5.0,385.0,114.0,0
12.0,6898.0,208.0,184.0,4.0,911.0,42.0,0
5.0,2009.0,197.0,79.0,1.0,1025.0,126.0,1
6.0,5004.0,16.0,201.0,5.0,885.0,82.0,0
0.0,4125.0,61.0,197.0,6.0,1034.0,126.0,0
10.0,3295.0,80.0,47.0,7.0,845.0,135.0,1
14.0,1452.0,200.0,60.0,5.0,440.0,56.0,0
5.0,2413.0,71.0,241.0,4.0,555.0,155.0,0
14.0,1697.0,60.0,241.0,5.0,985.0,117.0,0
5.0,131.0,16.0,241.0,4.0,985.0,100.0,1
5.0,302.0,245.0,16.0,5.0,1158.0,72.0,0
15.0,418.0,236.0,214.0,5.0,585.0,95.0,1
5.0,240.0,183.0,16.0,6.0,767.0,117.0,1
12.0,6995.0,109.0,208.0,5.0,922.0,63.0,0
8.0,656.0,244.0,16.0,3.0,375.0,131.0,0
5.0,1805.0,85.0,173.0,3.0,1055.0,160.0,1
15.0,949.0,202.0,44.0,3.0,920.0,65.0,0
15.0,885.0,154.0,2.0,5.0,625.0,105.0,1
14.0,1843.0,60.0,173.0,1.0,568.0,96.0,1
14.0,1991.0,159.0,216.0,6.0,460.0,60.0,0
10.0,2970.0,10.0,80.0,7.0,430.0,80.0,0
14.0,1267.0,216.0,80.0,4.0,457.0,235.0,0
14.0,1680.0,277.0,78.0,4.0,520.0,124.0,0
5.0,2193.0,85.0,33.0,6.0,1175.0,107.0,0
5.0,1625.0,45.0,16.0,1.0,360.0,120.0,0
5.0,2115.0,16.0,116.0,3.0,965.0,84.0,1
8.0,22.0,16.0,175.0,1.0,615.0,116.0,0
1.0,1208.0,277.0,208.0,6.0,505.0,170.0,0
5.0,1444.0,85.0,78.0,4.0,445.0,103.0,0
5.0,1098.0,16.0,221.0,3.0,735.0,100.0,1
13.0,528.0,208.0,216.0,1.0,536.0,121.0,0
8.0,1007.0,241.0,35.0,5.0,840.0,175.0,0
15.0,2153.0,153.0,258.0,6.0,590.0,85.0,0
10.0,3372.0,41.0,80.0,7.0,360.0,90.0,0
16.0,2805.0,233.0,58.0,7.0,610.0,92.0,0
10.0,3253.0,80.0,59.0,7.0,640.0,55.0,0
16.0,5987.0,208.0,20.0,7.0,854.0,105.0,0
15.0,2539.0,18.0,33.0,5.0,490.0,115.0,0
10.0,2980.0,70.0,80.0,3.0,425.0,150.0,1
10.0,2754.0,158.0,80.0,4.0,440.0,90.0,0
11.0,6447.0,71.0,133.0,3.0,1250.0,47.0,1
11.0,6341.0,234.0,85.0,3.0,360.0,125.0,0
12.0,7768.0,255.0,261.0,4.0,360.0,73.0,0
11.0,6540.0,204.0,177.0,5.0,1014.0,88.0,1
15.0,533.0,129.0,153.0,7.0,405.0,205.0,0
12.0,6996.0,71.0,79.0,1.0,986.0,194.0,0
17.0,2692.0,60.0,198.0,6.0,565.0,123.0,1
16.0,2008.0,135.0,147.0,1.0,985.0,118.0,0
16.0,2240.0,135.0,233.0,6.0,445.0,143.0,0
10.0,3038.0,246.0,154.0,6.0,525.0,50.0,0
6.0,7116.0,148.0,134.0,7.0,360.0,81.0,0
4.0,1428.0,60.0,135.0,5.0,360.0,180.0,0
15.0,1555.0,277.0,175.0,6.0,960.0,165.0,0
5.0,245.0,148.0,154.0,6.0,1140.0,390.0,0
5.0,1932.0,147.0,16.0,4.0,510.0,89.0,0
15.0,2968.0,261.0,217.0,3.0,1000.0,95.0,0
5.0,2986.0,16.0,159.0,7.0,1300.0,133.0,0
3.0,293.0,252.0,160.0,6.0,871.0,149.0,1
1.0,2446.0,154.0,80.0,6.0,775.0,190.0,1
8.0,492.0,173.0,45.0,7.0,960.0,130.0,1
13.0,357.0,45.0,208.0,5.0,905.0,130.0,0
13.0,815.0,205.0,79.0,3.0,1168.0,107.0,0
11.0,6322.0,85.0,61.0,6.0,525.0,62.0,0
1.0,1802.0,244.0,80.0,4.0,1005.0,70.0,1
8.0,327.0,16.0,253.0,6.0,1240.0,334.0,1
12.0,4624.0,100.0,261.0,6.0,385.0,104.0,1
12.0,7782.0,271.0,261.0,6.0,561.0,67.0,1
5.0,2669.0,78.0,173.0,3.0,660.0,136.0,0
13.0,968.0,153.0,208.0,3.0,1416.0,213.0,0
5.0,2584.0,268.0,261.0,3.0,480.0,202.0,0
0.0,4226.0,71.0,209.0,4.0,690.0,99.0,0
15.0,1289.0,262.0,217.0,5.0,605.0,105.0,1
1.0,2324.0,80.0,208.0,7.0,445.0,140.0,0
14.0,1831.0,60.0,183.0,7.0,700.0,132.0,0
6.0,5120.0,16.0,285.0,5.0,448.0,59.0,0
11.0,6260.0,197.0,71.0,4.0,685.0,116.0,0
10.0,3115.0,258.0,154.0,6.0,610.0,75.0,1
15.0,282.0,154.0,91.0,4.0,1000.0,110.0,0
5.0,1453.0,159.0,197.0,5.0,370.0,184.0,0
14.0,682.0,60.0,96.0,6.0,468.0,103.0,0
15.0,1072.0,2.0,75.0,7.0,1045.0,95.0,1
8.0,954.0,45.0,104.0,3.0,525.0,160.0,1
3.0,1251.0,35.0,134.0,4.0,509.0,102.0,0
11.0,6598.0,159.0,172.0,1.0,919.0,219.0,0
15.0,46.0,2.0,153.0,3.0,1200.0,95.0,1
8.0,770.0,153.0,16.0,6.0,1359.0,230.0,0
5.0,2060.0,16.0,65.0,4.0,1130.0,195.0,1
8.0,1950.0,80.0,16.0,6.0,420.0,125.0,0
3.0,1018.0,148.0,35.0,7.0,1370.0,63.0,1
16.0,2990.0,132.0,135.0,3.0,1102.0,117.0,0
3.0,734.0,260.0,35.0,6.0,825.0,249.0,0
5.0,80.0,173.0,148.0,1.0,723.0,155.0,0
14.0,472.0,217.0,44.0,7.0,665.0,90.0,0
6.0,5370.0,78.0,22.0,4.0,1320.0,78.0,0
15.0,759.0,2.0,79.0,5.0,770.0,75.0,1
9.0,257.0,150.0,128.0,1.0,810.0,42.0,0
12.0,6388.0,79.0,56.0,4.0,968.0,109.0,1
5.0,1258.0,16.0,147.0,7.0,645.0,78.0,0
5.0,1289.0,16.0,264.0,4.0,1221.0,301.0,0
6.0,5598.0,16.0,48.0,7.0,1070.0,99.0,0
15.0,2903.0,45.0,43.0,5.0,1235.0,65.0,1
12.0,6850.0,208.0,171.0,1.0,370.0,60.0,1
11.0,6473.0,35.0,148.0,7.0,1050.0,100.0,1
5.0,2416.0,153.0,85.0,3.0,857.0,236.0,0
15.0,1228.0,202.0,154.0,1.0,680.0,70.0,1
3.0,1410.0,18.0,173.0,1.0,925.0,142.0,1
1.0,1716.0,217.0,80.0,3.0,585.0,140.0,0
5.0,1911.0,134.0,16.0,7.0,875.0,119.0,1
1.0,501.0,27.0,80.0,6.0,415.0,130.0,0
4.0,1087.0,173.0,135.0,7.0,385.0,150.0,1
15.0,359.0,153.0,264.0,3.0,1055.0,65.0,1
17.0,2614.0,18.0,60.0,3.0,1019.0,154.0,0
15.0,955.0,172.0,45.0,1.0,640.0,140.0,0
7.0,652.0,79.0,175.0,5.0,1140.0,137.0,0
15.0,1498.0,44.0,258.0,1.0,1090.0,65.0,0
10.0,3249.0,254.0,80.0,3.0,540.0,95.0,1
10.0,2759.0,80.0,68.0,3.0,890.0,80.0,0
0.0,4045.0,130.0,16.0,4.0,435.0,158.0,1
15.0,2749.0,172.0,75.0,6.0,785.0,90.0,1
12.0,4647.0,261.0,122.0,1.0,671.0,89.0,0
5.0,1072.0,198.0,16.0,5.0,1125.0,95.0,0
13.0,463.0,208.0,197.0,7.0,1315.0,93.0,1
15.0,950.0,244.0,75.0,4.0,840.0,55.0,1
6.0,7331.0,120.0,16.0,6.0,684.0,91.0,0
15.0,228.0,175.0,243.0,7.0,705.0,275.0,1
14.0,1270.0,216.0,35.0,6.0,615.0,88.0,0
4.0,539.0,183.0,96.0,1.0,1015.0,185.0,1
12.0,6991.0,130.0,208.0,1.0,510.0,156.0,1
13.0,532.0,208.0,35.0,3.0,605.0,136.0,0
16.0,2119.0,172.0,135.0,7.0,625.0,119.0,0
3.0,179.0,148.0,217.0,5.0,1115.0,345.0,0
10.0,2736.0,155.0,80.0,1.0,800.0,65.0,0
12.0,6359.0,34.0,253.0,3.0,360.0,112.0,1
1.0,1619.0,147.0,80.0,4.0,645.0,175.0,0
13.0,955.0,253.0,243.0,6.0,985.0,96.0,0
1.0,319.0,159.0,208.0,1.0,600.0,170.0,0
1.0,457.0,173.0,183.0,6.0,420.0,65.0,1
5.0,49.0,71.0,16.0,6.0,985.0,95.0,1
11.0,6637.0,205.0,177.0,3.0,700.0,112.0,0
12.0,6441.0,76.0,79.0,3.0,978.0,186.0,0
6.0,7085.0,134.0,121.0,4.0,503.0,88.0,0
8.0,961.0,173.0,48.0,7.0,928.0,132.0,0
15.0,3754.0,209.0,277.0,5.0,545.0,135.0,0
13.0,506.0,253.0,217.0,1.0,371.0,120.0,0
13.0,132.0,208.0,233.0,5.0,855.0,116.0,0
14.0,1232.0,104.0,78.0,1.0,1085.0,144.0,1
3.0,262.0,160.0,262.0,7.0,420.0,83.0,0
15.0,641.0,253.0,153.0,3.0,450.0,85.0,1
15.0,822.0,175.0,202.0,7.0,1145.0,295.0,1
15.0,829.0,153.0,79.0,4.0,1105.0,115.0,1
15.0,1772.0,243.0,280.0,5.0,480.0,70.0,1
8.0,507.0,184.0,159.0,3.0,599.0,124.0,0
8.0,912.0,184.0,45.0,7.0,360.0,120.0,0
15.0,404.0,277.0,104.0,4.0,1180.0,55.0,0
15.0,236.0,173.0,172.0,1.0,950.0,185.0,1
14.0,1293.0,35.0,216.0,6.0,390.0,93.0,0
7.0,218.0,79.0,18.0,7.0,915.0,121.0,0
5.0,1775.0,177.0,217.0,6.0,1170.0,214.0,0
10.0,4529.0,35.0,148.0,3.0,1110.0,90.0,1
0.0,4050.0,85.0,247.0,3.0,830.0,60.0,0
17.0,7212.0,16.0,134.0,7.0,835.0,112.0,0
13.0,417.0,153.0,208.0,6.0,899.0,213.0,1
3.0,69.0,273.0,148.0,5.0,860.0,78.0,1
12.0,6381.0,79.0,119.0,6.0,612.0,151.0,0
12.0,4682.0,258.0,261.0,6.0,370.0,112.0,0
8.0,587.0,45.0,119.0,6.0,1295.0,105.0,0
1.0,1462.0,172.0,208.0,6.0,385.0,95.0,0
15.0,1296.0,217.0,175.0,3.0,905.0,205.0,1
16.0,2614.0,61.0,96.0,3.0,360.0,97.0,0
13.0,484.0,243.0,79.0,1.0,378.0,149.0,0
6.0,5264.0,16.0,101.0,3.0,775.0,72.0,1
12.0,6634.0,205.0,79.0,4.0,581.0,108.0,0
15.0,2539.0,216.0,173.0,1.0,845.0,160.0,1
12.0,4466.0,261.0,80.0,3.0,510.0,160.0,1
14.0,371.0,96.0,217.0,5.0,995.0,332.0,0
5.0,400.0,16.0,197.0,6.0,725.0,160.0,0
5.0,1721.0,85.0,277.0,5.0,1190.0,161.0,1
5.0,2318.0,173.0,16.0,6.0,810.0,96.0,0
16.0,5983.0,33.0,208.0,1.0,596.0,99.0,0
13.0,73.0,243.0,253.0,6.0,378.0,103.0,0
12.0,6293.0,107.0,79.0,4.0,398.0,102.0,0
0.0,4184.0,244.0,177.0,1.0,975.0,115.0,0
1.0,1517.0,244.0,80.0,3.0,820.0,70.0,0
15.0,474.0,18.0,45.0,5.0,420.0,180.0,0
5.0,1174.0,245.0,16.0,6.0,512.0,83.0,0
5.0,2098.0,16.0,61.0,3.0,1310.0,98.0,0
12.0,6404.0,253.0,93.0,7.0,478.0,92.0,0
9.0,39.0,214.0,203.0,1.0,525.0,355.0,0
16.0,2212.0,135.0,41.0,3.0,1100.0,61.0,0
12.0,7802.0,282.0,261.0,4.0,890.0,63.0,0
1.0,14.0,203.0,154.0,4.0,1365.0,300.0,0
15.0,1328.0,217.0,207.0,7.0,1200.0,70.0,1
4.0,338.0,96.0,183.0,1.0,390.0,187.0,0
9.0,360.0,128.0,143.0,5.0,1036.0,51.0,1
6.0,5480.0,16.0,169.0,3.0,1237.0,81.0,1
12.0,4668.0,261.0,79.0,1.0,405.0,85.0,0
15.0,1061.0,2.0,154.0,5.0,490.0,125.0,0
6.0,7327.0,16.0,87.0,1.0,790.0,62.0,1
16.0,2409.0,58.0,172.0,6.0,1070.0,122.0,0
11.0,6347.0,148.0,80.0,3.0,1145.0,251.0,0
14.0,1732.0,16.0,60.0,3.0,330.0,68.0,1
2.0,98.0,14.0,252.0,1.0,1025.0,205.0,0
4.0,282.0,135.0,35.0,5.0,470.0,218.0,0
13.0,615.0,208.0,58.0,7.0,618.0,77.0,0
4.0,1426.0,96.0,243.0,5.0,1045.0,374.0,0
11.0,6482.0,71.0,233.0,5.0,1140.0,92.0,0
12.0,4471.0,135.0,197.0,3.0,630.0,168.0,1
15.0,1062.0,251.0,45.0,7.0,1060.0,90.0,1
15.0,1048.0,45.0,198.0,5.0,620.0,180.0,0
16.0,2107.0,85.0,96.0,5.0,1031.0,109.0,0
5.0,2091.0,16.0,277.0,3.0,665.0,92.0,0
5.0,1165.0,233.0,16.0,6.0,435.0,97.0,0
0.0,3988.0,171.0,85.0,5.0,812.0,53.0,0
6.0,5394.0,16.0,187.0,3.0,1310.0,119.0,1
13.0,756.0,79.0,135.0,6.0,680.0,150.0,0
3.0,1433.0,253.0,160.0,7.0,750.0,80.0,1
12.0,4648.0,111.0,261.0,4.0,1095.0,92.0,0
14.0,436.0,2.0,217.0,7.0,510.0,100.0,0
16.0,3062.0,147.0,96.0,4.0,818.0,138.0,0
3.0,465.0,35.0,241.0,7.0,505.0,220.0,1
15.0,260.0,253.0,153.0,7.0,1215.0,85.0,1
2.0,69.0,252.0,151.0,3.0,1130.0,132.0,0
14.0,1675.0,78.0,60.0,6.0,640.0,90.0,0
10.0,4292.0,238.0,208.0,5.0,1155.0,130.0,0
12.0,7011.0,263.0,154.0,3.0,390.0,57.0,0
4.0,1176.0,208.0,96.0,1.0,539.0,120.0,0
14.0,933.0,60.0,147.0,5.0,1075.0,73.0,1
15.0,742.0,261.0,79.0,3.0,1120.0,80.0,1
13.0,271.0,79.0,205.0,6.0,987.0,80.0,0
15.0,63.0,75.0,162.0,6.0,1135.0,60.0,0
10.0,2735.0,80.0,162.0,5.0,405.0,70.0,0
12.0,7798.0,261.0,64.0,7.0,1304.0,89.0,0
5.0,2021.0,85.0,217.0,4.0,940.0,270.0,0
5.0,1589.0,216.0,85.0,1.0,575.0,121.0,0
8.0,1049.0,78.0,241.0,5.0,480.0,166.0,1
14.0,966.0,78.0,60.0,1.0,559.0,101.0,1
16.0,2807.0,213.0,135.0,4.0,1060.0,165.0,0
15.0,578.0,262.0,154.0,7.0,1050.0,80.0,1
11.0,6329.0,69.0,16.0,5.0,405.0,110.0,0
13.0,510.0,153.0,253.0,3.0,360.0,95.0,0
15.0,2372.0,236.0,153.0,1.0,1090.0,70.0,1
1.0,1947.0,277.0,183.0,3.0,915.0,60.0,1
14.0,202.0,153.0,217.0,7.0,400.0,74.0,0
10.0,2913.0,80.0,288.0,3.0,810.0,110.0,0
1.0,738.0,80.0,159.0,5.0,915.0,205.0,1
14.0,1465.0,216.0,16.0,6.0,580.0,143.0,0
12.0,4493.0,261.0,46.0,1.0,685.0,80.0,0
15.0,3658.0,79.0,258.0,4.0,705.0,165.0,0
12.0,4642.0,204.0,261.0,5.0,815.0,144.0,0
5.0,1547.0,159.0,16.0,7.0,420.0,164.0,0
12.0,4549.0,230.0,261.0,4.0,755.0,98.0,0
15.0,3484.0,44.0,153.0,3.0,850.0,60.0,1
15.0,998.0,154.0,202.0,4.0,480.0,80.0,0
12.0,7016.0,130.0,208.0,1.0,720.0,156.0,1
1.0,589.0,234.0,80.0,7.0,800.0,210.0,0
15.0,356.0,79.0,129.0,3.0,405.0,145.0,0
13.0,449.0,12.0,208.0,6.0,460.0,145.0,0
12.0,4820.0,154.0,153.0,3.0,465.0,70.0,0
10.0,2971.0,120.0,80.0,7.0,745.0,195.0,1
8.0,887.0,184.0,217.0,1.0,545.0,240.0,1
12.0,6822.0,231.0,253.0,4.0,845.0,69.0,0
4.0,1637.0,178.0,135.0,3.0,825.0,69.0,0
1.0,1692.0,260.0,148.0,5.0,1275.0,235.0,0
5.0,1790.0,244.0,16.0,4.0,803.0,135.0,0
3.0,1082.0,60.0,148.0,1.0,659.0,107.0,0
15.0,765.0,153.0,262.0,4.0,705.0,95.0,0
10.0,4692.0,148.0,61.0,7.0,1200.0,125.0,1
6.0,5048.0,16.0,278.0,7.0,596.0,72.0,0
5.0,2471.0,261.0,217.0,7.0,1200.0,100.0,1
10.0,4075.0,208.0,281.0,1.0,720.0,60.0,1
1.0,2355.0,208.0,80.0,7.0,1265.0,150.0,0
12.0,6361.0,99.0,79.0,3.0,726.0,118.0,1
5.0,1195.0,85.0,22.0,4.0,845.0,104.0,0
13.0,241.0,208.0,252.0,1.0,717.0,275.0,1
13.0,407.0,79.0,252.0,5.0,1145.0,183.0,0
15.0,986.0,264.0,153.0,5.0,1240.0,60.0,1
14.0,2164.0,78.0,159.0,1.0,540.0,83.0,0
12.0,6480.0,292.0,154.0,4.0,455.0,80.0,0
4.0,1701.0,96.0,104.0,7.0,410.0,168.0,0
1.0,682.0,183.0,148.0,4.0,895.0,185.0,1
0.0,3715.0,85.0,209.0,5.0,1300.0,111.0,0
5.0,1907.0,16.0,198.0,3.0,1312.0,101.0,1
1.0,1332.0,80.0,16.0,3.0,1230.0,115.0,1
14.0,335.0,154.0,217.0,1.0,470.0,88.0,0
10.0,2980.0,70.0,80.0,6.0,425.0,150.0,0
7.0,762.0,153.0,79.0,6.0,587.0,110.0,0
15.0,1745.0,129.0,243.0,6.0,1025.0,210.0,1
10.0,3042.0,246.0,154.0,1.0,875.0,45.0,0
1.0,334.0,80.0,33.0,5.0,440.0,100.0,0
5.0,1408.0,79.0,197.0,1.0,375.0,129.0,0
15.0,2.0,75.0,170.0,4.0,475.0,75.0,1
12.0,4620.0,127.0,261.0,4.0,1040.0,77.0,1
16.0,2992.0,135.0,177.0,4.0,855.0,85.0,0
3.0,52.0,173.0,148.0,1.0,360.0,141.0,0
4.0,1880.0,252.0,96.0,3.0,970.0,298.0,1
15.0,388.0,217.0,243.0,1.0,530.0,70.0,1
5.0,1909.0,106.0,16.0,3.0,375.0,146.0,0
15.0,704.0,261.0,175.0,1.0,740.0,195.0,0
13.0,14.0,253.0,148.0,1.0,970.0,331.0,1
5.0,2353.0,159.0,277.0,7.0,1055.0,183.0,0
12.0,6571.0,252.0,214.0,3.0,991.0,48.0,0
10.0,4012.0,208.0,177.0,6.0,580.0,110.0,0
15.0,271.0,236.0,243.0,4.0,585.0,85.0,0
14.0,1950.0,80.0,60.0,1.0,945.0,143.0,1
1.0,1523.0,208.0,253.0,6.0,1215.0,280.0,1
16.0,2031.0,96.0,16.0,3.0,1080.0,157.0,1
17.0,2615.0,60.0,58.0,1.0,690.0,100.0,0
11.0,6638.0,85.0,69.0,3.0,1300.0,80.0,0
5.0,1405.0,85.0,173.0,5.0,1205.0,158.0,1
6.0,5328.0,16.0,27.0,7.0,690.0,58.0,1
5.0,2024.0,16.0,45.0,7.0,1155.0,116.0,0
15.0,938.0,45.0,217.0,7.0,755.0,320.0,1
12.0,4521.0,261.0,262.0,1.0,1030.0,97.0,0
15.0,1398.0,33.0,58.0,4.0,700.0,85.0,0
2.0,661.0,80.0,252.0,5.0,830.0,262.0,0
16.0,5997.0,56.0,208.0,4.0,812.0,65.0,1
12.0,6700.0,79.0,164.0,4.0,614.0,80.0,1
13.0,177.0,35.0,253.0,7.0,675.0,408.0,0
4.0,1676.0,135.0,216.0,3.0,970.0,184.0,0
1.0,1330.0,80.0,178.0,4.0,795.0,95.0,0
3.0,345.0,148.0,267.0,3.0,477.0,183.0,0
1.0,1465.0,208.0,241.0,1.0,665.0,170.0,1
5.0,718.0,217.0,261.0,7.0,662.0,103.0,0
13.0,534.0,217.0,79.0,6.0,527.0,117.0,0
4.0,1104.0,96.0,208.0,5.0,720.0,154.0,0
8.0,560.0,16.0,32.0,6.0,984.0,101.0,0
14.0,1075.0,216.0,60.0,1.0,505.0,114.0,0
16.0,2674.0,135.0,279.0,1.0,450.0,88.0,0
17.0,2681.0,71.0,60.0,1.0,419.0,86.0,0
13.0,615.0,78.0,208.0,3.0,688.0,127.0,0
1.0,1234.0,183.0,277.0,7.0,480.0,55.0,0
14.0,976.0,60.0,134.0,6.0,1350.0,85.0,0
15.0,1076.0,153.0,205.0,4.0,650.0,160.0,0
6.0,5550.0,16.0,11.0,7.0,815.0,54.0,0
3.0,12.0,104.0,148.0,6.0,720.0,169.0,1
5.0,2220.0,85.0,60.0,4.0,830.0,112.0,0
16.0,2856.0,38.0,135.0,6.0,450.0,82.0,0
17.0,2611.0,60.0,54.0,5.0,985.0,65.0,0
15.0,899.0,153.0,202.0,4.0,660.0,90.0,0
5.0,1883.0,261.0,153.0,5.0,920.0,85.0,1
6.0,4970.0,205.0,16.0,7.0,408.0,142.0,0
1.0,815.0,80.0,91.0,7.0,900.0,105.0,0
14.0,645.0,207.0,217.0,4.0,1150.0,72.0,0
4.0,1792.0,96.0,173.0,4.0,1090.0,182.0,1
4.0,1668.0,135.0,204.0,6.0,1060.0,78.0,0
15.0,791.0,216.0,217.0,7.0,840.0,340.0,1
1.0,627.0,35.0,183.0,5.0,550.0,210.0,0
10.0,3752.0,208.0,58.0,7.0,1285.0,75.0,0
6.0,5151.0,278.0,16.0,7.0,870.0,76.0,1
13.0,322.0,264.0,253.0,3.0,456.0,103.0,0
13.0,62.0,161.0,253.0,5.0,865.0,319.0,0
15.0,1013.0,18.0,75.0,5.0,855.0,55.0,0
5.0,2984.0,197.0,184.0,5.0,680.0,68.0,0
16.0,2628.0,245.0,135.0,6.0,510.0,160.0,0
15.0,2254.0,153.0,44.0,4.0,820.0,65.0,1
15.0,339.0,153.0,279.0,1.0,845.0,155.0,1
13.0,33.0,79.0,264.0,1.0,541.0,157.0,1
15.0,30.0,217.0,175.0,4.0,1060.0,200.0,1
14.0,38.0,154.0,217.0,4.0,1075.0,82.0,0
15.0,746.0,141.0,175.0,4.0,1010.0,160.0,1
12.0,3060.0,184.0,268.0,1.0,989.0,74.0,0
15.0,2955.0,104.0,79.0,6.0,590.0,280.0,0
1.0,1637.0,173.0,208.0,7.0,390.0,185.0,0
1.0,1044.0,183.0,233.0,1.0,635.0,120.0,0
14.0,652.0,139.0,217.0,6.0,360.0,235.0,0
11.0,6275.0,35.0,78.0,7.0,515.0,112.0,0
8.0,1625.0,216.0,173.0,4.0,540.0,168.0,0
14.0,156.0,217.0,268.0,5.0,790.0,173.0,0
10.0,3503.0,80.0,58.0,7.0,860.0,150.0,0
15.0,644.0,153.0,44.0,3.0,895.0,70.0,0
5.0,2886.0,16.0,159.0,3.0,1240.0,143.0,1
15.0,1646.0,2.0,75.0,6.0,920.0,95.0,0
5.0,1325.0,261.0,253.0,5.0,1302.0,120.0,1
6.0,7139.0,134.0,76.0,3.0,1327.0,88.0,0
9.0,314.0,161.0,128.0,7.0,1116.0,30.0,0
15.0,1235.0,154.0,202.0,7.0,1050.0,75.0,1
16.0,3036.0,135.0,54.0,7.0,1195.0,131.0,0
15.0,963.0,175.0,27.0,1.0,600.0,105.0,1
12.0,4614.0,79.0,261.0,7.0,625.0,97.0,0
0.0,4208.0,85.0,229.0,6.0,1065.0,117.0,0
14.0,287.0,217.0,258.0,3.0,1060.0,117.0,0
15.0,340.0,202.0,264.0,5.0,780.0,80.0,1
9.0,387.0,150.0,128.0,6.0,1088.0,42.0,0
12.0,6372.0,154.0,246.0,3.0,821.0,39.0,1
12.0,6699.0,91.0,79.0,5.0,1149.0,108.0,0
0.0,4069.0,29.0,197.0,7.0,895.0,86.0,1
8.0,73.0,16.0,104.0,6.0,770.0,96.0,0
5.0,1982.0,177.0,16.0,6.0,365.0,85.0,0
12.0,6991.0,177.0,208.0,7.0,366.0,110.0,1
13.0,239.0,154.0,253.0,4.0,632.0,97.0,1
10.0,4193.0,234.0,208.0,3.0,1175.0,135.0,0
5.0,2307.0,54.0,16.0,3.0,1010.0,85.0,1
10.0,2937.0,80.0,10.0,6.0,1195.0,65.0,1
10.0,4060.0,208.0,61.0,7.0,1230.0,70.0,0
5.0,1501.0,35.0,16.0,6.0,435.0,190.0,0
15.0,1089.0,217.0,153.0,7.0,600.0,70.0,0
0.0,3769.0,234.0,148.0,4.0,1120.0,120.0,1
12.0,4534.0,261.0,244.0,7.0,880.0,160.0,0
12.0,7796.0,261.0,271.0,5.0,1290.0,71.0,0
2.0,101.0,252.0,14.0,1.0,930.0,220.0,0
8.0,91.0,16.0,233.0,5.0,1330.0,77.0,0
1.0,1636.0,91.0,80.0,4.0,570.0,105.0,0
15.0,2658.0,233.0,45.0,7.0,1105.0,60.0,0
13.0,221.0,208.0,135.0,5.0,491.0,164.0,0
5.0,1581.0,280.0,16.0,1.0,495.0,205.0,0
1.0,1494.0,80.0,104.0,3.0,660.0,155.0,1
5.0,2535.0,159.0,198.0,5.0,775.0,211.0,1
3.0,1784.0,173.0,148.0,5.0,954.0,155.0,1
1.0,1705.0,80.0,197.0,7.0,785.0,135.0,1
15.0,2116.0,213.0,277.0,3.0,700.0,50.0,1
12.0,4532.0,197.0,195.0,7.0,1030.0,59.0,1
0.0,4052.0,75.0,177.0,6.0,380.0,88.0,0
15.0,2911.0,173.0,198.0,6.0,835.0,110.0,1
1.0,1186.0,268.0,208.0,7.0,1210.0,65.0,0
12.0,4670.0,279.0,261.0,4.0,1058.0,154.0,0
5.0,1482.0,261.0,264.0,7.0,905.0,109.0,0
6.0,4991.0,16.0,174.0,7.0,505.0,115.0,0
12.0,7037.0,79.0,280.0,4.0,505.0,117.0,1
2.0,626.0,214.0,153.0,6.0,530.0,128.0,0
15.0,49.0,2.0,75.0,1.0,925.0,100.0,1
5.0,2964.0,85.0,60.0,1.0,615.0,115.0,0
5.0,2292.0,217.0,197.0,1.0,612.0,198.0,0
4.0,287.0,96.0,264.0,3.0,520.0,385.0,1
17.0,7271.0,134.0,221.0,6.0,510.0,57.0,0
15.0,609.0,154.0,253.0,4.0,545.0,80.0,0
6.0,5093.0,16.0,81.0,4.0,1319.0,60.0,0
17.0,7290.0,134.0,209.0,7.0,1040.0,61.0,1
10.0,3324.0,254.0,80.0,4.0,660.0,90.0,0
5.0,1103.0,261.0,214.0,5.0,692.0,121.0,1
2.0,65.0,289.0,226.0,3.0,633.0,24.0,0
12.0,6635.0,55.0,253.0,6.0,893.0,59.0,0
2.0,650.0,214.0,217.0,6.0,830.0,154.0,0
14.0,662.0,79.0,217.0,4.0,733.0,112.0,1
17.0,2648.0,217.0,153.0,4.0,405.0,68.0,0
12.0,4728.0,261.0,179.0,3.0,674.0,105.0,1
16.0,3104.0,69.0,135.0,5.0,1075.0,171.0,1
6.0,5156.0,146.0,16.0,7.0,850.0,85.0,1
10.0,3600.0,54.0,183.0,3.0,375.0,105.0,0
15.0,3072.0,258.0,243.0,6.0,905.0,75.0,0
5.0,1892.0,277.0,85.0,6.0,698.0,166.0,0
16.0,2796.0,135.0,16.0,4.0,970.0,121.0,1
15.0,957.0,217.0,44.0,5.0,1050.0,85.0,0
10.0,3265.0,129.0,80.0,6.0,360.0,70.0,1
15.0,43.0,129.0,198.0,5.0,1110.0,60.0,1
4.0,1585.0,178.0,135.0,7.0,325.0,62.0,0
15.0,41.0,252.0,2.0,4.0,560.0,165.0,1
14.0,511.0,264.0,217.0,3.0,406.0,88.0,0
6.0,5612.0,176.0,16.0,3.0,370.0,68.0,1
10.0,4365.0,132.0,208.0,3.0,925.0,130.0,0
10.0,3926.0,208.0,265.0,7.0,775.0,50.0,1
15.0,2542.0,258.0,153.0,6.0,605.0,85.0,1
6.0,7319.0,245.0,16.0,6.0,1092.0,82.0,1
1.0,1208.0,277.0,208.0,3.0,505.0,170.0,1
1.0,2059.0,80.0,261.0,5.0,1255.0,170.0,1
15.0,697.0,18.0,153.0,1.0,470.0,185.0,0
14.0,706.0,208.0,216.0,3.0,840.0,122.0,0
15.0,55.0,75.0,129.0,3.0,1200.0,60.0,1
14.0,908.0,277.0,60.0,1.0,315.0,96.0,0
5.0,2657.0,148.0,243.0,5.0,550.0,380.0,0
12.0,6905.0,82.0,208.0,5.0,390.0,90.0,0
4.0,1077.0,216.0,135.0,4.0,1059.0,221.0,1
1.0,1475.0,80.0,153.0,1.0,800.0,190.0,1
1.0,329.0,159.0,208.0,7.0,765.0,155.0,0
15.0,620.0,79.0,236.0,6.0,710.0,140.0,0
16.0,5911.0,208.0,218.0,7.0,785.0,49.0,1
17.0,2901.0,60.0,177.0,7.0,780.0,114.0,0
5.0,1423.0,268.0,16.0,1.0,750.0,100.0,1
15.0,371.0,61.0,173.0,7.0,1010.0,135.0,1
9.0,35.0,217.0,128.0,3.0,480.0,400.0,1
5.0,1268.0,16.0,87.0,7.0,986.0,76.0,0
15.0,498.0,153.0,111.0,3.0,1180.0,150.0,1
15.0,189.0,79.0,217.0,5.0,910.0,115.0,1
8.0,335.0,216.0,16.0,6.0,706.0,138.0,0
13.0,762.0,208.0,205.0,6.0,472.0,90.0,0
3.0,673.0,148.0,154.0,4.0,665.0,367.0,0
16.0,2505.0,58.0,234.0,7.0,925.0,74.0,0
5.0,2001.0,35.0,16.0,4.0,810.0,173.0,0
1.0,867.0,208.0,79.0,4.0,1165.0,160.0,0
0.0,3789.0,136.0,16.0,1.0,652.0,132.0,0
5.0,1510.0,85.0,35.0,4.0,1060.0,119.0,0
12.0,6742.0,79.0,58.0,1.0,606.0,172.0,0
15.0,1741.0,45.0,182.0,3.0,1235.0,75.0,1
17.0,2931.0,244.0,217.0,6.0,360.0,146.0,0
15.0,2268.0,184.0,217.0,6.0,970.0,225.0,1
5.0,2003.0,197.0,262.0,4.0,555.0,243.0,0
1.0,890.0,244.0,80.0,3.0,575.0,65.0,0
6.0,5496.0,16.0,53.0,7.0,898.0,95.0,1
15.0,1334.0,233.0,175.0,1.0,430.0,125.0,1
15.0,15.0,75.0,129.0,3.0,600.0,60.0,1
16.0,2067.0,96.0,147.0,4.0,905.0,154.0,0
1.0,1592.0,80.0,173.0,1.0,745.0,145.0,0
1.0,1807.0,96.0,80.0,4.0,575.0,260.0,0
10.0,4406.0,148.0,233.0,3.0,479.0,111.0,0
0.0,4230.0,85.0,25.0,1.0,630.0,85.0,0
14.0,1979.0,228.0,216.0,4.0,1070.0,97.0,0
8.0,1400.0,238.0,173.0,5.0,792.0,173.0,0
13.0,537.0,35.0,253.0,5.0,479.0,410.0,0
6.0,5044.0,16.0,48.0,1.0,515.0,98.0,1
13.0,568.0,208.0,260.0,1.0,497.0,275.0,0
11.0,6306.0,134.0,85.0,4.0,745.0,119.0,1
7.0,511.0,79.0,252.0,4.0,1270.0,174.0,1
15.0,2640.0,214.0,34.0,7.0,705.0,65.0,0
5.0,589.0,159.0,16.0,4.0,780.0,158.0,1
4.0,1048.0,135.0,104.0,1.0,465.0,143.0,1
1.0,31.0,154.0,128.0,6.0,510.0,345.0,0
6.0,5417.0,84.0,16.0,3.0,1060.0,132.0,1
4.0,820.0,135.0,217.0,4.0,1255.0,175.0,0
5.0,336.0,129.0,16.0,1.0,650.0,124.0,0
5.0,2468.0,252.0,16.0,4.0,1375.0,279.0,1
13.0,374.0,197.0,208.0,4.0,475.0,85.0,0
15.0,237.0,214.0,236.0,7.0,465.0,80.0,0
1.0,1371.0,134.0,80.0,4.0,615.0,215.0,0
1.0,1918.0,208.0,96.0,4.0,1110.0,145.0,1
15.0,1856.0,172.0,173.0,4.0,630.0,165.0,0
16.0,2866.0,184.0,96.0,1.0,795.0,137.0,1
6.0,5393.0,16.0,157.0,1.0,513.0,76.0,1
11.0,6568.0,85.0,69.0,3.0,610.0,80.0,0
16.0,5912.0,43.0,208.0,6.0,783.0,112.0,1
1.0,496.0,208.0,78.0,6.0,380.0,99.0,1
10.0,4268.0,58.0,208.0,7.0,460.0,95.0,0
4.0,169.0,153.0,96.0,7.0,735.0,285.0,1
15.0,1155.0,33.0,173.0,4.0,890.0,105.0,0
8.0,472.0,16.0,45.0,3.0,610.0,110.0,0
11.0,6629.0,119.0,85.0,1.0,350.0,61.0,0
5.0,1760.0,16.0,175.0,7.0,580.0,120.0,0
15.0,1585.0,175.0,61.0,1.0,390.0,70.0,0
15.0,1177.0,153.0,58.0,6.0,570.0,245.0,1
14.0,913.0,234.0,60.0,1.0,330.0,72.0,0
6.0,5142.0,16.0,138.0,6.0,572.0,80.0,0
17.0,2874.0,217.0,24.0,7.0,885.0,91.0,0
12.0,7803.0,282.0,261.0,5.0,1095.0,56.0,1
15.0,3047.0,264.0,153.0,7.0,915.0,65.0,1
10.0,4455.0,148.0,78.0,6.0,960.0,90.0,0
5.0,101.0,154.0,16.0,5.0,622.0,252.0,1
15.0,748.0,129.0,173.0,5.0,880.0,130.0,1
1.0,118.0,154.0,148.0,3.0,435.0,325.0,1
12.0,4585.0,261.0,114.0,4.0,1206.0,64.0,0
17.0,7275.0,233.0,208.0,4.0,570.0,140.0,0
5.0,1448.0,18.0,85.0,3.0,990.0,171.0,0
0.0,4051.0,139.0,177.0,1.0,1060.0,90.0,1
3.0,506.0,104.0,96.0,1.0,810.0,183.0,1
15.0,1427.0,175.0,33.0,5.0,830.0,80.0,1
16.0,2960.0,60.0,135.0,6.0,875.0,174.0,1
1.0,661.0,80.0,207.0,6.0,1255.0,195.0,0
14.0,622.0,217.0,153.0,4.0,965.0,70.0,0
15.0,1272.0,173.0,198.0,6.0,660.0,110.0,0
10.0,3327.0,146.0,80.0,6.0,955.0,95.0,0
14.0,2117.0,35.0,159.0,4.0,420.0,82.0,0
5.0,1100.0,261.0,216.0,4.0,595.0,261.0,0
1.0,1206.0,217.0,208.0,3.0,1040.0,200.0,0
12.0,4453.0,261.0,214.0,7.0,1010.0,112.0,0
15.0,3425.0,252.0,261.0,3.0,575.0,110.0,1
5.0,2420.0,198.0,16.0,6.0,450.0,98.0,0
8.0,1051.0,173.0,0.0,5.0,945.0,143.0,0
14.0,251.0,216.0,217.0,5.0,1070.0,324.0,0
12.0,7027.0,65.0,79.0,4.0,672.0,40.0,0
9.0,295.0,203.0,128.0,4.0,825.0,34.0,1
15.0,2631.0,277.0,153.0,7.0,975.0,310.0,1
7.0,454.0,184.0,159.0,1.0,485.0,134.0,1
15.0,1156.0,264.0,175.0,3.0,595.0,235.0,1
0.0,4137.0,85.0,171.0,7.0,1295.0,45.0,0
3.0,676.0,154.0,148.0,7.0,1260.0,311.0,1
14.0,1238.0,80.0,60.0,7.0,1059.0,141.0,1
5.0,1567.0,16.0,243.0,4.0,1140.0,293.0,0
13.0,708.0,253.0,217.0,7.0,625.0,120.0,0
15.0,1723.0,243.0,217.0,5.0,1125.0,70.0,1
9.0,296.0,128.0,203.0,3.0,759.0,38.0,0
14.0,1032.0,60.0,0.0,6.0,1215.0,100.0,0
6.0,4941.0,16.0,138.0,7.0,1245.0,80.0,0
15.0,1976.0,139.0,172.0,3.0,975.0,100.0,1
16.0,2077.0,96.0,245.0,4.0,990.0,141.0,1
15.0,811.0,252.0,172.0,3.0,630.0,205.0,1
10.0,4591.0,159.0,197.0,4.0,660.0,180.0,0
5.0,2533.0,35.0,173.0,7.0,420.0,205.0,0
1.0,333.0,159.0,208.0,3.0,840.0,165.0,0
14.0,981.0,216.0,79.0,5.0,470.0,264.0,0
5.0,2534.0,213.0,159.0,7.0,947.0,171.0,1
10.0,3562.0,58.0,80.0,3.0,1100.0,185.0,1
12.0,3072.0,139.0,184.0,3.0,610.0,63.0,1
10.0,3451.0,80.0,290.0,3.0,1110.0,65.0,0
8.0,1210.0,173.0,229.0,6.0,747.0,168.0,0
6.0,7126.0,208.0,43.0,6.0,440.0,84.0,1
0.0,3809.0,71.0,85.0,6.0,805.0,80.0,1
10.0,3745.0,208.0,216.0,7.0,980.0,115.0,1
6.0,7338.0,275.0,177.0,7.0,1040.0,96.0,0
15.0,561.0,175.0,12.0,3.0,1230.0,115.0,1
1.0,810.0,253.0,208.0,1.0,385.0,255.0,0
17.0,2727.0,227.0,217.0,4.0,405.0,66.0,0
15.0,1296.0,198.0,129.0,5.0,505.0,80.0,0
15.0,42.0,217.0,129.0,5.0,750.0,150.0,1
12.0,6848.0,80.0,253.0,3.0,1197.0,235.0,0
16.0,2400.0,135.0,217.0,3.0,970.0,176.0,1
15.0,403.0,172.0,139.0,5.0,1220.0,80.0,1
16.0,5957.0,208.0,117.0,4.0,789.0,53.0,0
8.0,117.0,16.0,277.0,7.0,996.0,79.0,0
5.0,423.0,16.0,260.0,3.0,655.0,211.0,1
10.0,4503.0,61.0,148.0,4.0,375.0,105.0,0
14.0,1989.0,60.0,241.0,7.0,565.0,118.0,1
12.0,4511.0,261.0,111.0,5.0,1010.0,115.0,0
14.0,1749.0,208.0,216.0,7.0,580.0,115.0,0
3.0,1240.0,60.0,35.0,6.0,420.0,123.0,0
14.0,1092.0,216.0,233.0,3.0,570.0,83.0,0
15.0,1566.0,262.0,207.0,4.0,1165.0,75.0,1
12.0,4731.0,179.0,261.0,1.0,790.0,104.0,0
11.0,6425.0,197.0,71.0,5.0,910.0,119.0,1
5.0,2618.0,173.0,16.0,4.0,1050.0,101.0,0
2.0,477.0,154.0,252.0,7.0,380.0,165.0,0
5.0,2460.0,16.0,238.0,1.0,772.0,128.0,0
2.0,603.0,153.0,252.0,5.0,420.0,160.0,0
12.0,4606.0,244.0,261.0,3.0,850.0,177.0,1
6.0,5600.0,288.0,16.0,5.0,390.0,90.0,0
1.0,1990.0,183.0,173.0,1.0,965.0,60.0,1
17.0,1036.0,128.0,143.0,4.0,680.0,49.0,0
16.0,2325.0,96.0,120.0,3.0,990.0,104.0,0
3.0,325.0,22.0,104.0,7.0,440.0,197.0,1
1.0,2026.0,80.0,241.0,6.0,1105.0,140.0,0
5.0,1865.0,76.0,16.0,1.0,410.0,110.0,0
0.0,3732.0,187.0,85.0,5.0,968.0,97.0,0
5.0,1723.0,35.0,85.0,1.0,864.0,136.0,0
6.0,5020.0,16.0,17.0,3.0,1079.0,131.0,1
15.0,2188.0,233.0,33.0,6.0,760.0,95.0,1
14.0,457.0,217.0,261.0,4.0,670.0,101.0,0
15.0,1252.0,79.0,262.0,4.0,1185.0,165.0,1
17.0,7235.0,134.0,12.0,5.0,495.0,70.0,0
6.0,5057.0,58.0,16.0,7.0,850.0,115.0,0
16.0,2318.0,135.0,16.0,3.0,1060.0,124.0,1
2.0,743.0,16.0,252.0,4.0,1090.0,325.0,0
5.0,2977.0,208.0,16.0,5.0,615.0,120.0,1
15.0,3512.0,261.0,79.0,4.0,440.0,90.0,1
0.0,3932.0,71.0,247.0,5.0,560.0,56.0,0
12.0,4867.0,197.0,29.0,3.0,1310.0,80.0,0
8.0,1017.0,173.0,35.0,6.0,480.0,152.0,0
4.0,1678.0,244.0,135.0,4.0,1005.0,65.0,0
8.0,106.0,80.0,16.0,5.0,766.0,116.0,0
15.0,1089.0,153.0,261.0,1.0,640.0,80.0,1
10.0,3350.0,190.0,80.0,7.0,690.0,115.0,0
2.0,328.0,252.0,258.0,1.0,965.0,126.0,0
16.0,3045.0,96.0,139.0,6.0,1020.0,131.0,1
8.0,155.0,139.0,45.0,1.0,360.0,100.0,0
15.0,185.0,22.0,173.0,5.0,615.0,185.0,0
1.0,819.0,205.0,80.0,7.0,935.0,115.0,0
13.0,350.0,208.0,234.0,7.0,796.0,117.0,0
10.0,4163.0,85.0,208.0,6.0,940.0,85.0,0
6.0,5516.0,177.0,288.0,6.0,565.0,95.0,0
15.0,824.0,216.0,221.0,1.0,730.0,75.0,1
15.0,611.0,217.0,264.0,1.0,810.0,75.0,1
5.0,2722.0,217.0,85.0,3.0,30.0,228.0,0
16.0,5930.0,208.0,84.0,4.0,925.0,77.0,0
15.0,1662.0,45.0,159.0,1.0,860.0,70.0,1
5.0,1242.0,16.0,267.0,6.0,665.0,99.0,0
15.0,108.0,173.0,175.0,3.0,890.0,170.0,1
4.0,1055.0,96.0,154.0,6.0,985.0,358.0,0
17.0,7253.0,177.0,208.0,3.0,872.0,108.0,0
10.0,4163.0,85.0,208.0,4.0,940.0,85.0,0
10.0,3381.0,80.0,146.0,5.0,475.0,80.0,0
14.0,1212.0,213.0,78.0,5.0,430.0,136.0,0
1.0,1082.0,153.0,208.0,5.0,740.0,220.0,0
12.0,6262.0,208.0,157.0,6.0,965.0,72.0,1
15.0,1609.0,153.0,244.0,5.0,1170.0,145.0,1
9.0,1.0,154.0,128.0,5.0,540.0,350.0,0
12.0,6401.0,93.0,253.0,3.0,385.0,96.0,0
10.0,3242.0,256.0,80.0,3.0,575.0,60.0,0
5.0,2760.0,183.0,16.0,6.0,820.0,120.0,1
12.0,6637.0,79.0,46.0,4.0,1302.0,109.0,0
3.0,439.0,35.0,173.0,1.0,960.0,192.0,0
12.0,4767.0,197.0,251.0,4.0,605.0,110.0,0
6.0,5040.0,41.0,177.0,1.0,995.0,76.0,0
15.0,500.0,129.0,198.0,4.0,855.0,60.0,0
15.0,1525.0,44.0,202.0,4.0,850.0,70.0,0
10.0,4133.0,208.0,221.0,3.0,1000.0,90.0,1
12.0,4584.0,214.0,261.0,6.0,450.0,108.0,0
5.0,2848.0,104.0,22.0,3.0,725.0,178.0,1
1.0,1002.0,79.0,80.0,4.0,365.0,125.0,0
15.0,760.0,253.0,154.0,4.0,740.0,80.0,1
15.0,1678.0,79.0,236.0,5.0,705.0,145.0,1
8.0,483.0,45.0,173.0,4.0,1218.0,141.0,0
5.0,2860.0,268.0,197.0,4.0,755.0,97.0,0
6.0,5359.0,16.0,190.0,3.0,975.0,83.0,1
6.0,5449.0,16.0,27.0,4.0,990.0,60.0,1
5.0,2162.0,85.0,216.0,7.0,1290.0,99.0,0
15.0,2198.0,45.0,261.0,5.0,820.0,305.0,1
14.0,506.0,35.0,217.0,5.0,370.0,364.0,0
8.0,633.0,45.0,76.0,1.0,630.0,90.0,0
13.0,16.0,208.0,45.0,7.0,786.0,114.0,0
15.0,2121.0,262.0,252.0,3.0,420.0,115.0,0
1.0,2034.0,217.0,80.0,7.0,1050.0,130.0,0
2.0,537.0,207.0,252.0,6.0,380.0,166.0,0
15.0,3063.0,75.0,91.0,6.0,945.0,105.0,1
12.0,6859.0,79.0,214.0,4.0,906.0,178.0,1
5.0,1047.0,16.0,268.0,7.0,665.0,105.0,1
1.0,625.0,173.0,183.0,4.0,920.0,65.0,1
5.0,1143.0,54.0,16.0,6.0,605.0,77.0,0
0.0,3936.0,117.0,85.0,3.0,430.0,80.0,1
6.0,5387.0,16.0,121.0,5.0,590.0,64.0,0
1.0,1173.0,268.0,80.0,4.0,495.0,115.0,0
5.0,684.0,16.0,71.0,7.0,595.0,97.0,0
14.0,876.0,45.0,60.0,6.0,535.0,96.0,0
10.0,3066.0,243.0,154.0,5.0,615.0,50.0,0
8.0,1438.0,173.0,197.0,4.0,706.0,209.0,0
8.0,147.0,85.0,16.0,5.0,693.0,123.0,0
10.0,2811.0,80.0,13.0,5.0,800.0,70.0,1
6.0,5340.0,237.0,16.0,1.0,1078.0,96.0,1
12.0,7806.0,64.0,261.0,3.0,776.0,89.0,0
4.0,1602.0,18.0,135.0,4.0,1022.0,59.0,0
4.0,545.0,96.0,233.0,5.0,920.0,100.0,0
2.0,625.0,153.0,214.0,6.0,705.0,140.0,0
12.0,6592.0,208.0,19.0,3.0,1200.0,105.0,1
12.0,6571.0,214.0,179.0,7.0,1135.0,61.0,0
1.0,1578.0,178.0,80.0,4.0,715.0,100.0,0
15.0,1427.0,153.0,243.0,4.0,1215.0,65.0,1
5.0,2561.0,216.0,16.0,4.0,615.0,150.0,0
10.0,4396.0,233.0,78.0,6.0,435.0,65.0,0
6.0,5037.0,16.0,157.0,4.0,1150.0,78.0,0
13.0,77.0,253.0,128.0,6.0,982.0,344.0,0
15.0,759.0,258.0,207.0,4.0,425.0,70.0,0
13.0,242.0,208.0,228.0,1.0,790.0,136.0,0
16.0,2816.0,96.0,228.0,1.0,925.0,59.0,0
10.0,4343.0,208.0,85.0,1.0,405.0,85.0,1
8.0,684.0,136.0,16.0,3.0,380.0,126.0,0
15.0,3165.0,214.0,261.0,3.0,600.0,105.0,0
15.0,3586.0,45.0,243.0,5.0,975.0,360.0,0
13.0,329.0,79.0,217.0,6.0,1133.0,119.0,0
14.0,1928.0,216.0,228.0,7.0,1240.0,62.0,0
15.0,1847.0,175.0,33.0,5.0,480.0,85.0,1
12.0,4628.0,261.0,224.0,7.0,1310.0,101.0,1
1.0,1878.0,262.0,80.0,6.0,360.0,205.0,1
10.0,3978.0,56.0,208.0,7.0,675.0,70.0,1
11.0,6645.0,85.0,157.0,7.0,825.0,79.0,0
13.0,396.0,153.0,208.0,3.0,519.0,215.0,0
15.0,2793.0,277.0,175.0,5.0,1125.0,165.0,0
4.0,539.0,183.0,96.0,5.0,1015.0,185.0,1
12.0,6311.0,248.0,154.0,3.0,1220.0,70.0,0
16.0,5937.0,218.0,208.0,5.0,571.0,49.0,0
1.0,694.0,80.0,18.0,3.0,1225.0,55.0,1
10.0,3050.0,100.0,154.0,4.0,1150.0,65.0,0
12.0,6979.0,208.0,107.0,4.0,1023.0,101.0,1
8.0,273.0,35.0,16.0,4.0,520.0,180.0,0
15.0,2795.0,154.0,217.0,4.0,1220.0,75.0,0
15.0,3222.0,251.0,268.0,3.0,1130.0,70.0,1
16.0,2209.0,121.0,135.0,7.0,1125.0,154.0,0
10.0,3657.0,183.0,221.0,5.0,525.0,160.0,0
17.0,2612.0,60.0,101.0,4.0,1215.0,55.0,0
15.0,757.0,262.0,214.0,3.0,960.0,90.0,1
3.0,1424.0,160.0,214.0,3.0,1085.0,141.0,0
14.0,1890.0,213.0,60.0,6.0,900.0,112.0,0
3.0,503.0,96.0,104.0,1.0,586.0,197.0,1
10.0,3269.0,118.0,80.0,7.0,940.0,45.0,0
10.0,2918.0,80.0,129.0,6.0,1140.0,70.0,0
8.0,1100.0,61.0,241.0,4.0,425.0,162.0,0
14.0,48.0,78.0,153.0,7.0,510.0,324.0,0
1.0,1416.0,280.0,80.0,5.0,870.0,130.0,0
15.0,3586.0,45.0,243.0,3.0,975.0,360.0,1
14.0,2175.0,159.0,78.0,7.0,780.0,67.0,0
15.0,2181.0,217.0,129.0,7.0,1090.0,145.0,1
5.0,2287.0,85.0,16.0,3.0,1060.0,130.0,0
14.0,2029.0,35.0,78.0,7.0,600.0,91.0,0
5.0,2826.0,147.0,16.0,1.0,390.0,89.0,0
10.0,4055.0,208.0,33.0,3.0,1005.0,90.0,1
4.0,1555.0,213.0,96.0,7.0,690.0,170.0,0
2.0,662.0,252.0,80.0,7.0,730.0,227.0,0
5.0,1738.0,16.0,78.0,3.0,1100.0,104.0,0
12.0,6317.0,246.0,154.0,4.0,531.0,49.0,1
12.0,4632.0,261.0,196.0,6.0,669.0,91.0,0
2.0,327.0,258.0,252.0,1.0,945.0,123.0,0
5.0,2329.0,16.0,252.0,5.0,1310.0,336.0,1
6.0,7123.0,42.0,134.0,4.0,336.0,110.0,1
12.0,4547.0,208.0,261.0,4.0,1105.0,205.0,0
15.0,1030.0,258.0,153.0,7.0,450.0,85.0,0
13.0,595.0,79.0,253.0,6.0,1128.0,167.0,0
6.0,5332.0,146.0,16.0,7.0,1025.0,89.0,1
13.0,153.0,208.0,253.0,7.0,1124.0,294.0,1
6.0,7365.0,190.0,177.0,7.0,995.0,80.0,0
6.0,4945.0,16.0,180.0,5.0,530.0,65.0,0
5.0,1756.0,244.0,197.0,3.0,380.0,168.0,0
3.0,904.0,208.0,148.0,5.0,550.0,122.0,0
3.0,1017.0,35.0,148.0,4.0,1115.0,85.0,0
4.0,755.0,135.0,16.0,6.0,1150.0,117.0,0
3.0,558.0,277.0,130.0,6.0,702.0,158.0,0
5.0,2226.0,104.0,16.0,6.0,610.0,110.0,0
16.0,2251.0,139.0,96.0,5.0,370.0,114.0,0
10.0,4138.0,221.0,208.0,3.0,1175.0,105.0,1
6.0,5250.0,78.0,35.0,4.0,595.0,94.0,0
17.0,2697.0,18.0,217.0,3.0,1124.0,156.0,0
16.0,2002.0,158.0,135.0,1.0,670.0,75.0,0
4.0,511.0,135.0,178.0,7.0,1255.0,73.0,1
6.0,5526.0,106.0,16.0,7.0,870.0,135.0,1
5.0,1559.0,154.0,128.0,6.0,885.0,366.0,0
13.0,59.0,79.0,253.0,6.0,360.0,167.0,0
15.0,126.0,79.0,18.0,7.0,630.0,125.0,0
13.0,37.0,253.0,203.0,6.0,830.0,343.0,0
11.0,6401.0,133.0,71.0,1.0,360.0,53.0,0
4.0,36.0,173.0,96.0,7.0,900.0,160.0,0
5.0,1072.0,198.0,16.0,4.0,1125.0,95.0,0
5.0,2278.0,243.0,261.0,1.0,1089.0,111.0,0
10.0,4436.0,78.0,148.0,5.0,595.0,65.0,0
1.0,546.0,197.0,80.0,3.0,975.0,150.0,0
10.0,2849.0,80.0,242.0,1.0,885.0,110.0,0
4.0,234.0,252.0,96.0,4.0,1340.0,292.0,1
5.0,1007.0,172.0,16.0,6.0,1068.0,127.0,1
1.0,558.0,80.0,96.0,6.0,690.0,215.0,0
5.0,1050.0,177.0,16.0,5.0,855.0,85.0,1
16.0,2462.0,135.0,60.0,1.0,535.0,133.0,0
4.0,17.0,96.0,154.0,1.0,790.0,355.0,0
17.0,7256.0,139.0,134.0,1.0,872.0,102.0,0
6.0,5230.0,16.0,120.0,6.0,735.0,75.0,0
15.0,167.0,75.0,244.0,4.0,1075.0,65.0,1
15.0,2640.0,214.0,34.0,5.0,705.0,65.0,1
15.0,357.0,27.0,45.0,1.0,730.0,110.0,1
0.0,4262.0,250.0,85.0,7.0,1020.0,84.0,1
11.0,6558.0,159.0,54.0,7.0,1289.0,146.0,0
4.0,1644.0,135.0,262.0,4.0,1255.0,249.0,1
10.0,3242.0,256.0,80.0,1.0,575.0,60.0,0
12.0,4673.0,261.0,44.0,3.0,1191.0,115.0,1
10.0,3003.0,79.0,154.0,3.0,795.0,150.0,0
14.0,1092.0,216.0,233.0,4.0,570.0,83.0,0
10.0,4037.0,208.0,221.0,4.0,460.0,85.0,0
9.0,182.0,128.0,143.0,5.0,691.0,51.0,0
10.0,4225.0,117.0,208.0,6.0,800.0,65.0,1
15.0,3107.0,172.0,75.0,6.0,1155.0,95.0,1
14.0,1909.0,159.0,60.0,6.0,785.0,122.0,0
13.0,312.0,134.0,22.0,5.0,1035.0,82.0,0
15.0,2748.0,44.0,217.0,4.0,1155.0,80.0,0
15.0,181.0,129.0,153.0,3.0,615.0,205.0,1
1.0,1841.0,251.0,80.0,5.0,420.0,150.0,1
5.0,1751.0,197.0,153.0,1.0,540.0,213.0,0
12.0,6480.0,140.0,292.0,6.0,345.0,30.0,0
16.0,2649.0,135.0,165.0,5.0,565.0,75.0,0
1.0,1007.0,183.0,217.0,4.0,1015.0,320.0,1
15.0,156.0,175.0,45.0,3.0,555.0,110.0,1
16.0,2804.0,135.0,177.0,7.0,1180.0,88.0,0
12.0,3061.0,268.0,184.0,1.0,1088.0,72.0,0
12.0,6408.0,253.0,93.0,1.0,782.0,92.0,1
9.0,261.0,143.0,128.0,1.0,1040.0,49.0,0
14.0,1042.0,277.0,216.0,3.0,855.0,149.0,1
13.0,869.0,79.0,253.0,4.0,494.0,176.0,0
17.0,2934.0,24.0,217.0,7.0,380.0,92.0,0
14.0,1451.0,60.0,253.0,5.0,455.0,342.0,1
13.0,200.0,252.0,208.0,7.0,832.0,238.0,0
5.0,1727.0,16.0,104.0,6.0,575.0,129.0,0
14.0,302.0,217.0,60.0,6.0,570.0,230.0,1
5.0,26.0,85.0,16.0,7.0,990.0,134.0,0
7.0,318.0,184.0,78.0,3.0,1199.0,110.0,0
14.0,403.0,217.0,253.0,3.0,525.0,130.0,0
6.0,7089.0,134.0,237.0,4.0,1325.0,57.0,0
11.0,6506.0,71.0,216.0,1.0,460.0,106.0,1
14.0,2040.0,78.0,35.0,6.0,990.0,91.0,0
16.0,2158.0,61.0,96.0,1.0,530.0,90.0,1
2.0,330.0,252.0,258.0,3.0,1195.0,124.0,1
10.0,3219.0,80.0,129.0,7.0,520.0,65.0,0
11.0,6482.0,205.0,71.0,3.0,915.0,111.0,1
8.0,732.0,197.0,184.0,3.0,1013.0,76.0,1
1.0,492.0,80.0,268.0,5.0,1045.0,95.0,0
15.0,1914.0,12.0,104.0,5.0,440.0,200.0,0
11.0,6489.0,71.0,80.0,1.0,560.0,158.0,0
14.0,1937.0,216.0,213.0,6.0,605.0,175.0,0
13.0,701.0,172.0,79.0,4.0,972.0,118.0,0
16.0,2201.0,58.0,234.0,4.0,1145.0,75.0,0
10.0,4236.0,177.0,208.0,4.0,455.0,120.0,0
2.0,105.0,252.0,14.0,3.0,1045.0,220.0,0
15.0,313.0,58.0,175.0,3.0,1095.0,75.0,0
15.0,413.0,154.0,33.0,3.0,775.0,230.0,1
5.0,2474.0,173.0,197.0,5.0,1085.0,206.0,1
5.0,2079.0,159.0,104.0,6.0,765.0,192.0,1
8.0,779.0,16.0,153.0,4.0,1340.0,285.0,0
1.0,1512.0,253.0,208.0,5.0,670.0,255.0,1
0.0,4006.0,177.0,71.0,7.0,895.0,86.0,0
1.0,1048.0,208.0,183.0,7.0,480.0,185.0,1
12.0,6991.0,208.0,65.0,1.0,715.0,154.0,0
12.0,6427.0,208.0,27.0,4.0,415.0,103.0,1
5.0,2395.0,213.0,159.0,6.0,695.0,176.0,0
16.0,5983.0,134.0,33.0,5.0,507.0,118.0,0
2.0,29.0,208.0,252.0,7.0,1185.0,275.0,0
10.0,3643.0,147.0,183.0,3.0,715.0,80.0,0
12.0,4872.0,261.0,34.0,4.0,1306.0,69.0,1
15.0,2413.0,129.0,202.0,6.0,1015.0,260.0,0
12.0,4632.0,261.0,196.0,4.0,669.0,91.0,0
9.0,5.0,153.0,128.0,1.0,1045.0,405.0,1
0.0,3905.0,121.0,16.0,6.0,762.0,75.0,0
11.0,6523.0,148.0,234.0,6.0,1210.0,101.0,0
1.0,581.0,78.0,268.0,5.0,430.0,140.0,0
5.0,1807.0,71.0,252.0,4.0,560.0,309.0,0
13.0,371.0,96.0,208.0,5.0,1139.0,162.0,0
15.0,317.0,153.0,217.0,5.0,725.0,70.0,1
8.0,1621.0,216.0,173.0,7.0,420.0,150.0,0
14.0,1566.0,198.0,60.0,4.0,665.0,106.0,0
15.0,2445.0,44.0,217.0,7.0,1210.0,80.0,1
15.0,3504.0,277.0,198.0,3.0,500.0,105.0,0
10.0,3815.0,208.0,79.0,7.0,485.0,160.0,0
15.0,1180.0,207.0,217.0,1.0,960.0,75.0,1
3.0,48.0,148.0,42.0,4.0,660.0,67.0,1
5.0,2931.0,159.0,85.0,1.0,365.0,118.0,0
1.0,1711.0,35.0,183.0,5.0,330.0,210.0,0
8.0,1484.0,173.0,85.0,6.0,642.0,157.0,1
5.0,2318.0,173.0,16.0,5.0,810.0,96.0,0
15.0,1095.0,61.0,45.0,4.0,1085.0,70.0,1
4.0,433.0,159.0,135.0,7.0,800.0,243.0,1
12.0,6466.0,154.0,261.0,7.0,465.0,110.0,0
12.0,6249.0,244.0,154.0,3.0,853.0,197.0,0
3.0,378.0,104.0,159.0,3.0,1091.0,169.0,1
11.0,6495.0,148.0,135.0,4.0,1230.0,252.0,0
15.0,2911.0,172.0,175.0,6.0,1140.0,85.0,1
1.0,1362.0,208.0,148.0,1.0,760.0,130.0,0
17.0,2876.0,217.0,91.0,7.0,970.0,72.0,0
5.0,2213.0,197.0,209.0,5.0,1150.0,158.0,1
10.0,4235.0,208.0,84.0,3.0,570.0,75.0,1
6.0,4998.0,290.0,16.0,5.0,360.0,119.0,0
15.0,3408.0,44.0,262.0,7.0,965.0,80.0,1
11.0,6609.0,148.0,234.0,1.0,666.0,90.0,0
5.0,1772.0,85.0,148.0,3.0,1042.0,118.0,1
17.0,2762.0,217.0,244.0,5.0,595.0,141.0,0
15.0,301.0,264.0,262.0,7.0,600.0,85.0,1
7.0,589.0,79.0,261.0,4.0,1270.0,85.0,1
15.0,1279.0,22.0,173.0,5.0,910.0,185.0,1
5.0,1587.0,16.0,172.0,5.0,1139.0,148.0,0
7.0,511.0,159.0,79.0,4.0,1050.0,270.0,0
14.0,1546.0,217.0,60.0,3.0,890.0,230.0,1
5.0,349.0,16.0,275.0,4.0,1149.0,64.0,0
3.0,685.0,35.0,78.0,1.0,799.0,101.0,0
6.0,5057.0,58.0,16.0,5.0,850.0,115.0,1
10.0,4535.0,61.0,159.0,3.0,475.0,105.0,1
1.0,637.0,183.0,198.0,4.0,965.0,130.0,0
1.0,812.0,252.0,80.0,7.0,435.0,235.0,0
15.0,2012.0,258.0,44.0,7.0,700.0,60.0,1
5.0,1442.0,16.0,197.0,3.0,520.0,179.0,1
14.0,1831.0,80.0,60.0,7.0,425.0,147.0,0
5.0,1223.0,16.0,241.0,6.0,510.0,110.0,0
12.0,6947.0,214.0,252.0,1.0,690.0,54.0,1
5.0,2082.0,16.0,215.0,1.0,837.0,96.0,0
6.0,5255.0,90.0,85.0,5.0,375.0,98.0,0
8.0,1103.0,241.0,61.0,5.0,628.0,144.0,0
16.0,5950.0,237.0,134.0,1.0,370.0,65.0,0
8.0,734.0,197.0,184.0,4.0,742.0,72.0,0
3.0,1120.0,104.0,43.0,1.0,882.0,176.0,1
10.0,4253.0,208.0,136.0,4.0,480.0,115.0,1
14.0,915.0,45.0,60.0,3.0,1195.0,97.0,1
10.0,2733.0,80.0,116.0,6.0,1220.0,90.0,0
16.0,2431.0,139.0,135.0,3.0,665.0,154.0,1
15.0,523.0,279.0,153.0,5.0,855.0,185.0,0
12.0,6305.0,154.0,227.0,1.0,1004.0,54.0,1
15.0,1590.0,153.0,172.0,4.0,505.0,165.0,1
10.0,2975.0,80.0,1.0,4.0,975.0,50.0,0
6.0,7075.0,85.0,134.0,1.0,360.0,90.0,0
13.0,123.0,208.0,154.0,6.0,925.0,273.0,1
3.0,21.0,148.0,277.0,4.0,1170.0,191.0,1
14.0,1942.0,138.0,60.0,5.0,425.0,64.0,0
15.0,3949.0,175.0,173.0,3.0,900.0,160.0,1
0.0,4269.0,162.0,85.0,3.0,1050.0,134.0,0
10.0,4575.0,60.0,159.0,1.0,970.0,115.0,1
6.0,5329.0,288.0,16.0,7.0,1030.0,79.0,1
10.0,3815.0,208.0,79.0,4.0,485.0,160.0,1
15.0,631.0,217.0,154.0,6.0,1080.0,80.0,1
12.0,6243.0,154.0,153.0,3.0,685.0,80.0,0
15.0,831.0,175.0,244.0,1.0,485.0,185.0,0
7.0,770.0,153.0,79.0,6.0,933.0,111.0,0
1.0,1636.0,91.0,80.0,5.0,570.0,105.0,0
5.0,1925.0,45.0,16.0,3.0,600.0,120.0,1
15.0,3762.0,236.0,258.0,3.0,1010.0,60.0,1
1.0,1543.0,33.0,80.0,6.0,515.0,130.0,0
8.0,508.0,159.0,184.0,1.0,823.0,145.0,0
15.0,1599.0,262.0,154.0,3.0,455.0,80.0,1
2.0,161.0,8.0,14.0,4.0,1035.0,168.0,1
3.0,526.0,173.0,96.0,7.0,1052.0,153.0,1
14.0,815.0,228.0,60.0,1.0,490.0,142.0,0
15.0,736.0,129.0,175.0,4.0,1095.0,150.0,1
15.0,135.0,68.0,129.0,6.0,410.0,50.0,0
4.0,303.0,96.0,135.0,4.0,645.0,240.0,1
15.0,255.0,45.0,175.0,6.0,460.0,130.0,1
13.0,437.0,79.0,198.0,5.0,1166.0,156.0,0
13.0,70.0,208.0,262.0,6.0,473.0,282.0,0
15.0,1931.0,268.0,75.0,5.0,1015.0,105.0,1
10.0,4246.0,139.0,208.0,7.0,1055.0,75.0,0
14.0,1157.0,216.0,241.0,1.0,600.0,188.0,0
15.0,59.0,217.0,79.0,1.0,870.0,110.0,0
1.0,1734.0,80.0,173.0,3.0,505.0,145.0,0
4.0,351.0,18.0,96.0,1.0,880.0,218.0,1
15.0,3668.0,217.0,207.0,1.0,805.0,70.0,0
1.0,1915.0,172.0,80.0,1.0,570.0,105.0,0
0.0,3890.0,85.0,142.0,5.0,625.0,86.0,0
5.0,192.0,16.0,148.0,3.0,905.0,145.0,1
10.0,3842.0,197.0,208.0,6.0,350.0,95.0,0
12.0,4771.0,208.0,261.0,1.0,450.0,205.0,1
1.0,1412.0,183.0,148.0,6.0,1260.0,175.0,1
5.0,2433.0,60.0,16.0,5.0,710.0,82.0,0
4.0,189.0,58.0,217.0,4.0,540.0,270.0,0
13.0,205.0,35.0,134.0,1.0,500.0,107.0,0
0.0,3827.0,228.0,85.0,3.0,1095.0,143.0,1
5.0,1963.0,78.0,197.0,3.0,720.0,164.0,1
15.0,680.0,18.0,243.0,5.0,610.0,190.0,1
15.0,1684.0,214.0,262.0,3.0,855.0,85.0,1
5.0,1490.0,197.0,85.0,1.0,395.0,114.0,1
6.0,5005.0,60.0,177.0,1.0,706.0,123.0,0
16.0,2944.0,135.0,177.0,5.0,960.0,93.0,0
15.0,628.0,45.0,27.0,5.0,865.0,135.0,0
5.0,1121.0,261.0,85.0,6.0,670.0,210.0,0
10.0,4042.0,254.0,208.0,3.0,425.0,105.0,0
15.0,2357.0,79.0,35.0,5.0,660.0,225.0,0
1.0,1066.0,80.0,33.0,5.0,615.0,100.0,0
4.0,1402.0,96.0,154.0,6.0,510.0,367.0,1
16.0,2586.0,139.0,96.0,6.0,693.0,115.0,0
5.0,2104.0,154.0,261.0,3.0,1083.0,108.0,0
14.0,1507.0,60.0,217.0,7.0,577.0,279.0,1
14.0,1085.0,60.0,173.0,4.0,885.0,102.0,0
14.0,974.0,60.0,197.0,7.0,460.0,167.0,0
14.0,678.0,184.0,217.0,7.0,1035.0,230.0,0
15.0,869.0,13.0,79.0,5.0,540.0,80.0,1
6.0,5362.0,256.0,16.0,4.0,345.0,123.0,0
11.0,6672.0,177.0,268.0,6.0,860.0,73.0,0
12.0,6530.0,64.0,79.0,1.0,434.0,82.0,0
1.0,223.0,35.0,154.0,3.0,1130.0,395.0,0
17.0,7305.0,60.0,134.0,6.0,371.0,79.0,0
15.0,3658.0,44.0,217.0,3.0,930.0,85.0,0
7.0,486.0,184.0,173.0,6.0,870.0,164.0,1
15.0,3110.0,58.0,175.0,4.0,580.0,80.0,0
15.0,466.0,244.0,243.0,1.0,500.0,185.0,0
3.0,369.0,159.0,213.0,7.0,980.0,178.0,1
12.0,6685.0,56.0,79.0,1.0,560.0,145.0,1
15.0,682.0,217.0,279.0,4.0,625.0,140.0,0
12.0,6328.0,280.0,79.0,5.0,529.0,120.0,0
16.0,2513.0,182.0,96.0,7.0,567.0,77.0,0
12.0,6982.0,79.0,67.0,4.0,492.0,57.0,1
5.0,1167.0,16.0,264.0,3.0,980.0,296.0,0
5.0,1371.0,35.0,159.0,1.0,360.0,68.0,0
15.0,3420.0,153.0,258.0,1.0,500.0,85.0,1
5.0,2264.0,80.0,177.0,4.0,360.0,92.0,0
1.0,2413.0,80.0,154.0,5.0,565.0,200.0,0
5.0,1534.0,244.0,16.0,3.0,648.0,142.0,0
13.0,110.0,208.0,153.0,4.0,1210.0,249.0,0
15.0,2842.0,18.0,129.0,6.0,670.0,50.0,0
8.0,229.0,183.0,45.0,7.0,752.0,145.0,0
5.0,718.0,217.0,261.0,1.0,662.0,103.0,0
3.0,327.0,22.0,104.0,7.0,886.0,192.0,1
13.0,612.0,208.0,78.0,5.0,725.0,111.0,0
16.0,2468.0,68.0,135.0,7.0,560.0,57.0,1
0.0,3713.0,272.0,85.0,7.0,980.0,118.0,0
3.0,1005.0,35.0,148.0,3.0,441.0,75.0,0
5.0,2088.0,258.0,197.0,4.0,723.0,231.0,1
15.0,1068.0,202.0,175.0,6.0,825.0,245.0,0
11.0,6437.0,234.0,71.0,7.0,405.0,117.0,0
1.0,389.0,80.0,2.0,5.0,1055.0,110.0,1
12.0,4562.0,261.0,65.0,7.0,1190.0,97.0,1
5.0,252.0,104.0,85.0,4.0,692.0,188.0,0
11.0,6470.0,71.0,60.0,1.0,560.0,91.0,0
4.0,309.0,135.0,214.0,7.0,540.0,270.0,1
2.0,586.0,214.0,264.0,3.0,700.0,142.0,0
5.0,2071.0,261.0,217.0,3.0,666.0,97.0,0
10.0,3255.0,80.0,223.0,3.0,1170.0,100.0,0
13.0,292.0,253.0,173.0,7.0,816.0,311.0,1
15.0,2466.0,214.0,202.0,7.0,910.0,100.0,1
0.0,3710.0,85.0,90.0,1.0,630.0,78.0,1
5.0,2438.0,16.0,78.0,1.0,680.0,107.0,1
13.0,246.0,208.0,43.0,5.0,1183.0,98.0,0
15.0,1667.0,264.0,262.0,4.0,745.0,90.0,0
5.0,2909.0,197.0,268.0,4.0,925.0,96.0,1
2.0,641.0,217.0,252.0,1.0,420.0,188.0,0
1.0,2349.0,208.0,80.0,6.0,1130.0,155.0,1
12.0,7049.0,214.0,210.0,5.0,438.0,58.0,0
1.0,470.0,100.0,80.0,4.0,810.0,195.0,0
15.0,3339.0,154.0,202.0,3.0,1170.0,75.0,1
15.0,3320.0,198.0,33.0,5.0,1035.0,85.0,1
5.0,1423.0,268.0,16.0,5.0,750.0,100.0,0
11.0,6367.0,16.0,71.0,4.0,725.0,87.0,1
15.0,110.0,262.0,214.0,6.0,765.0,90.0,1
8.0,1417.0,106.0,241.0,1.0,856.0,178.0,0
12.0,4618.0,261.0,34.0,1.0,1079.0,66.0,1
14.0,16.0,253.0,217.0,4.0,725.0,116.0,1
10.0,4223.0,238.0,208.0,1.0,360.0,125.0,1
6.0,4982.0,118.0,16.0,3.0,724.0,134.0,1
5.0,1483.0,261.0,153.0,4.0,508.0,92.0,1
5.0,2940.0,202.0,261.0,6.0,365.0,108.0,0
5.0,2394.0,16.0,216.0,7.0,1065.0,127.0,0
6.0,5124.0,279.0,16.0,4.0,750.0,112.0,1
16.0,2804.0,135.0,177.0,3.0,1180.0,88.0,0
10.0,3209.0,80.0,285.0,7.0,910.0,120.0,1
15.0,3321.0,264.0,202.0,5.0,760.0,85.0,1
12.0,6615.0,79.0,122.0,5.0,677.0,120.0,0
15.0,2617.0,79.0,244.0,3.0,1170.0,130.0,1
12.0,4789.0,154.0,243.0,6.0,1120.0,45.0,0
14.0,1274.0,216.0,139.0,3.0,610.0,137.0,1
14.0,192.0,217.0,243.0,4.0,1270.0,73.0,0
15.0,872.0,153.0,264.0,5.0,610.0,65.0,0
10.0,2889.0,80.0,68.0,3.0,630.0,80.0,0
10.0,2860.0,288.0,80.0,4.0,945.0,135.0,0
5.0,1676.0,119.0,85.0,5.0,930.0,56.0,0
0.0,3714.0,85.0,61.0,1.0,1035.0,68.0,1
10.0,3853.0,16.0,208.0,5.0,360.0,115.0,0
12.0,6604.0,79.0,16.0,6.0,619.0,174.0,0
8.0,470.0,16.0,45.0,5.0,1255.0,109.0,0
12.0,4771.0,208.0,261.0,7.0,450.0,205.0,1
4.0,767.0,135.0,252.0,1.0,900.0,281.0,1
0.0,3714.0,84.0,85.0,1.0,820.0,115.0,0
1.0,768.0,154.0,268.0,5.0,995.0,210.0,0
13.0,952.0,217.0,134.0,1.0,591.0,255.0,0
15.0,300.0,79.0,197.0,1.0,945.0,120.0,1
10.0,4354.0,208.0,21.0,7.0,480.0,50.0,0
13.0,112.0,79.0,277.0,7.0,620.0,203.0,0
10.0,3365.0,155.0,80.0,6.0,630.0,65.0,0
17.0,2816.0,100.0,217.0,5.0,390.0,96.0,0
17.0,2841.0,217.0,292.0,5.0,585.0,79.0,0
0.0,4006.0,177.0,71.0,4.0,895.0,86.0,0
14.0,1296.0,268.0,60.0,5.0,360.0,113.0,0
0.0,3666.0,279.0,197.0,7.0,697.0,123.0,1
8.0,442.0,184.0,104.0,7.0,465.0,193.0,0
15.0,20.0,129.0,75.0,4.0,660.0,55.0,1
13.0,510.0,153.0,253.0,1.0,360.0,95.0,0
5.0,326.0,61.0,16.0,4.0,1169.0,105.0,0
15.0,1136.0,153.0,154.0,4.0,365.0,65.0,0
6.0,5045.0,85.0,208.0,6.0,750.0,86.0,0
15.0,757.0,91.0,154.0,7.0,755.0,135.0,0
12.0,6370.0,207.0,253.0,6.0,1144.0,85.0,0
0.0,3708.0,16.0,245.0,7.0,993.0,69.0,1
17.0,2664.0,60.0,174.0,4.0,1070.0,91.0,1
10.0,3960.0,208.0,238.0,7.0,1285.0,100.0,1
15.0,467.0,172.0,217.0,4.0,950.0,185.0,0
15.0,2492.0,79.0,198.0,6.0,1035.0,155.0,0
15.0,3507.0,258.0,154.0,3.0,610.0,70.0,1
13.0,908.0,79.0,208.0,7.0,755.0,143.0,1
6.0,5466.0,16.0,180.0,6.0,1245.0,62.0,0
10.0,3972.0,193.0,281.0,1.0,460.0,45.0,0
6.0,5141.0,94.0,16.0,6.0,360.0,80.0,0
1.0,1805.0,80.0,217.0,6.0,1235.0,155.0,0
5.0,1433.0,60.0,16.0,7.0,500.0,83.0,0
12.0,4659.0,28.0,261.0,6.0,778.0,80.0,0
10.0,4116.0,208.0,177.0,1.0,840.0,110.0,1
10.0,3606.0,16.0,183.0,4.0,590.0,130.0,1
14.0,1092.0,216.0,233.0,5.0,570.0,83.0,1
14.0,1856.0,173.0,60.0,6.0,525.0,96.0,0
16.0,2161.0,96.0,221.0,5.0,1235.0,99.0,0
6.0,4983.0,130.0,16.0,7.0,1023.0,156.0,0
16.0,2480.0,58.0,42.0,4.0,975.0,79.0,0
8.0,532.0,16.0,177.0,1.0,760.0,85.0,0
15.0,857.0,173.0,268.0,5.0,1005.0,155.0,1
5.0,2993.0,22.0,213.0,7.0,945.0,192.0,1
10.0,4009.0,221.0,208.0,4.0,780.0,100.0,0
6.0,7114.0,134.0,148.0,3.0,1020.0,96.0,1
2.0,507.0,264.0,252.0,1.0,960.0,165.0,1
12.0,6417.0,263.0,154.0,3.0,693.0,57.0,0
6.0,7393.0,78.0,71.0,4.0,375.0,98.0,0
11.0,6255.0,71.0,85.0,5.0,710.0,85.0,0
15.0,924.0,159.0,45.0,6.0,680.0,60.0,1
12.0,6826.0,253.0,207.0,7.0,473.0,74.0,0
5.0,1662.0,172.0,197.0,4.0,736.0,85.0,0
15.0,1843.0,207.0,262.0,5.0,780.0,80.0,1
12.0,6453.0,154.0,217.0,6.0,1135.0,79.0,0
16.0,3077.0,96.0,16.0,5.0,1200.0,160.0,1
13.0,708.0,253.0,217.0,1.0,635.0,120.0,0
3.0,598.0,173.0,130.0,7.0,1190.0,149.0,1
1.0,1347.0,80.0,258.0,7.0,590.0,225.0,0
13.0,187.0,134.0,253.0,1.0,391.0,368.0,0
12.0,6843.0,72.0,208.0,3.0,408.0,68.0,0
15.0,24.0,129.0,75.0,7.0,720.0,55.0,0
16.0,2366.0,71.0,96.0,3.0,795.0,123.0,1
16.0,2656.0,135.0,16.0,7.0,900.0,121.0,1
3.0,87.0,148.0,261.0,4.0,1230.0,326.0,1
2.0,474.0,252.0,154.0,4.0,1055.0,157.0,0
5.0,1726.0,104.0,16.0,4.0,970.0,120.0,0
15.0,2020.0,262.0,153.0,5.0,1230.0,80.0,1
5.0,2480.0,252.0,85.0,7.0,360.0,253.0,0
8.0,1298.0,84.0,173.0,6.0,930.0,168.0,1
5.0,2636.0,107.0,197.0,6.0,420.0,68.0,1
2.0,318.0,252.0,253.0,3.0,600.0,134.0,0
0.0,4205.0,234.0,85.0,5.0,580.0,115.0,0
12.0,6357.0,79.0,88.0,3.0,1300.0,46.0,1
5.0,2408.0,172.0,197.0,1.0,1021.0,89.0,0
16.0,2850.0,68.0,135.0,7.0,951.0,69.0,0
15.0,1599.0,262.0,154.0,5.0,455.0,80.0,1
5.0,2525.0,197.0,214.0,4.0,555.0,232.0,1
16.0,5890.0,208.0,121.0,4.0,525.0,101.0,1
11.0,6680.0,17.0,85.0,3.0,420.0,79.0,0
14.0,154.0,243.0,216.0,4.0,525.0,302.0,0
14.0,834.0,60.0,228.0,6.0,1189.0,111.0,1
4.0,1554.0,96.0,213.0,6.0,460.0,172.0,0
4.0,1185.0,96.0,208.0,5.0,1005.0,158.0,1
15.0,1497.0,198.0,104.0,5.0,545.0,105.0,1
1.0,2515.0,268.0,183.0,5.0,380.0,160.0,1
8.0,942.0,238.0,45.0,5.0,360.0,83.0,0
5.0,2543.0,16.0,267.0,1.0,1015.0,94.0,1
2.0,258.0,252.0,154.0,1.0,480.0,155.0,1
13.0,36.0,203.0,253.0,5.0,1335.0,300.0,0
15.0,1134.0,139.0,175.0,1.0,670.0,60.0,1
12.0,4679.0,46.0,261.0,6.0,790.0,71.0,0
12.0,6927.0,127.0,79.0,5.0,823.0,107.0,1
12.0,6528.0,217.0,154.0,4.0,1203.0,81.0,0
16.0,2819.0,146.0,135.0,5.0,1111.0,79.0,0
14.0,1800.0,213.0,60.0,4.0,390.0,112.0,0
6.0,5004.0,16.0,201.0,6.0,885.0,82.0,0
14.0,941.0,197.0,217.0,5.0,680.0,207.0,1
15.0,2801.0,277.0,213.0,7.0,735.0,55.0,0
1.0,1914.0,197.0,80.0,4.0,630.0,160.0,0
16.0,3046.0,177.0,96.0,1.0,775.0,155.0,1
12.0,4816.0,253.0,261.0,1.0,705.0,104.0,1
4.0,611.0,96.0,135.0,5.0,330.0,233.0,0
15.0,614.0,45.0,213.0,1.0,1030.0,150.0,1
15.0,2804.0,228.0,216.0,6.0,765.0,80.0,1
5.0,1965.0,162.0,177.0,1.0,415.0,60.0,0
1.0,716.0,208.0,173.0,6.0,420.0,155.0,1
15.0,1370.0,44.0,217.0,5.0,1055.0,80.0,1
6.0,7125.0,134.0,43.0,3.0,760.0,69.0,0
15.0,159.0,198.0,33.0,6.0,970.0,85.0,0
14.0,307.0,60.0,153.0,5.0,1095.0,300.0,0
0.0,4263.0,71.0,172.0,5.0,565.0,120.0,0
3.0,348.0,267.0,148.0,5.0,1036.0,164.0,0
13.0,896.0,208.0,134.0,6.0,787.0,120.0,0
5.0,1039.0,198.0,154.0,5.0,450.0,255.0,0
1.0,828.0,258.0,208.0,3.0,450.0,255.0,1
3.0,32.0,148.0,238.0,1.0,805.0,77.0,1
12.0,6578.0,79.0,29.0,1.0,842.0,94.0,0
17.0,1007.0,161.0,128.0,4.0,1110.0,29.0,0
12.0,6386.0,44.0,253.0,5.0,800.0,76.0,0
5.0,1644.0,16.0,60.0,3.0,1040.0,79.0,1
2.0,623.0,153.0,214.0,1.0,985.0,143.0,0
8.0,77.0,16.0,104.0,7.0,525.0,113.0,1
5.0,1059.0,16.0,12.0,3.0,575.0,140.0,0
6.0,5310.0,11.0,16.0,1.0,813.0,67.0,1
17.0,1964.0,128.0,143.0,3.0,1095.0,49.0,1
15.0,1931.0,216.0,268.0,4.0,885.0,160.0,1
6.0,5532.0,16.0,162.0,4.0,465.0,101.0,0
12.0,6473.0,154.0,140.0,7.0,785.0,59.0,0
5.0,2636.0,107.0,197.0,4.0,420.0,68.0,0
14.0,1243.0,216.0,277.0,4.0,945.0,162.0,0
15.0,657.0,236.0,154.0,4.0,1175.0,85.0,1
15.0,795.0,277.0,172.0,1.0,840.0,175.0,0
14.0,1011.0,60.0,213.0,7.0,465.0,110.0,0
15.0,2097.0,172.0,268.0,7.0,1080.0,55.0,0
17.0,7303.0,229.0,208.0,7.0,426.0,177.0,0
12.0,4602.0,261.0,102.0,4.0,870.0,102.0,0
1.0,2166.0,80.0,35.0,4.0,855.0,210.0,0
11.0,6506.0,71.0,216.0,4.0,460.0,106.0,0
13.0,642.0,148.0,253.0,5.0,664.0,401.0,0
4.0,1402.0,96.0,154.0,4.0,510.0,377.0,1
6.0,5318.0,16.0,157.0,5.0,1305.0,80.0,0
10.0,3914.0,136.0,208.0,4.0,360.0,105.0,0
14.0,46.0,217.0,78.0,1.0,950.0,243.0,0
0.0,3733.0,16.0,135.0,6.0,725.0,140.0,1
15.0,2871.0,244.0,75.0,7.0,990.0,55.0,1
15.0,401.0,175.0,45.0,6.0,780.0,110.0,1
14.0,903.0,208.0,60.0,1.0,850.0,112.0,0
3.0,237.0,261.0,160.0,1.0,1090.0,109.0,0
8.0,786.0,159.0,215.0,5.0,1181.0,82.0,0
15.0,2108.0,33.0,277.0,1.0,965.0,105.0,0
12.0,6835.0,154.0,262.0,7.0,510.0,83.0,1
13.0,448.0,262.0,79.0,7.0,863.0,144.0,0
15.0,831.0,216.0,175.0,1.0,380.0,135.0,1
2.0,860.0,128.0,252.0,6.0,550.0,340.0,0
12.0,6335.0,154.0,243.0,5.0,911.0,45.0,0
14.0,1978.0,135.0,60.0,4.0,940.0,148.0,0
1.0,1547.0,277.0,80.0,6.0,586.0,170.0,0
6.0,7335.0,115.0,16.0,7.0,871.0,81.0,0
13.0,180.0,264.0,253.0,5.0,1224.0,91.0,0
14.0,351.0,217.0,197.0,5.0,790.0,186.0,0
14.0,1809.0,60.0,241.0,5.0,710.0,123.0,1
12.0,6432.0,177.0,208.0,3.0,1108.0,107.0,0
12.0,6901.0,208.0,54.0,1.0,552.0,122.0,1
14.0,981.0,216.0,79.0,3.0,470.0,264.0,0
15.0,1656.0,214.0,258.0,7.0,650.0,105.0,1
12.0,6249.0,280.0,154.0,5.0,888.0,91.0,0
14.0,1769.0,60.0,241.0,3.0,1331.0,108.0,1
15.0,1071.0,79.0,264.0,3.0,810.0,150.0,1
1.0,1407.0,216.0,80.0,5.0,1080.0,240.0,1
10.0,3049.0,243.0,154.0,1.0,420.0,50.0,0
5.0,2642.0,16.0,96.0,6.0,645.0,132.0,0
12.0,4754.0,207.0,261.0,3.0,780.0,104.0,0
5.0,2195.0,139.0,154.0,4.0,1115.0,277.0,1
1.0,1823.0,208.0,213.0,7.0,405.0,175.0,1
13.0,837.0,80.0,253.0,6.0,382.0,240.0,0
6.0,5576.0,16.0,146.0,3.0,1041.0,85.0,0
9.0,382.0,128.0,143.0,3.0,593.0,51.0,0
4.0,1646.0,135.0,208.0,3.0,621.0,149.0,1
10.0,3270.0,80.0,190.0,5.0,780.0,95.0,0
1.0,2422.0,154.0,80.0,1.0,495.0,180.0,0
13.0,149.0,208.0,253.0,6.0,420.0,288.0,1
3.0,1282.0,234.0,35.0,4.0,974.0,89.0,1
0.0,4276.0,162.0,16.0,7.0,761.0,99.0,0
14.0,1952.0,60.0,43.0,4.0,1335.0,98.0,0
7.0,721.0,78.0,79.0,3.0,525.0,248.0,0
1.0,2418.0,80.0,279.0,7.0,1170.0,60.0,1
14.0,1177.0,159.0,60.0,4.0,605.0,132.0,0
17.0,1037.0,143.0,128.0,5.0,755.0,47.0,0
16.0,2064.0,139.0,96.0,3.0,810.0,120.0,1
4.0,1723.0,135.0,207.0,1.0,585.0,215.0,1
15.0,30.0,91.0,217.0,4.0,960.0,75.0,1
0.0,3933.0,61.0,177.0,5.0,731.0,112.0,0
13.0,105.0,208.0,153.0,1.0,917.0,247.0,0
11.0,6310.0,71.0,216.0,3.0,1135.0,107.0,1
14.0,1776.0,60.0,35.0,7.0,1192.0,123.0,1
8.0,1743.0,173.0,221.0,6.0,669.0,133.0,0
8.0,723.0,45.0,198.0,4.0,881.0,176.0,0
6.0,5445.0,85.0,205.0,4.0,940.0,138.0,1
5.0,1400.0,16.0,35.0,1.0,905.0,155.0,0
5.0,1442.0,16.0,197.0,5.0,520.0,179.0,0
13.0,735.0,79.0,253.0,1.0,930.0,165.0,1
14.0,1299.0,174.0,60.0,5.0,725.0,102.0,0
8.0,1038.0,221.0,277.0,7.0,700.0,149.0,0
5.0,1805.0,85.0,173.0,4.0,1055.0,160.0,1
13.0,848.0,79.0,135.0,3.0,756.0,144.0,0
16.0,2779.0,162.0,135.0,4.0,995.0,82.0,0
5.0,2581.0,251.0,16.0,6.0,360.0,84.0,1
3.0,1278.0,234.0,35.0,5.0,402.0,93.0,0
13.0,645.0,260.0,208.0,1.0,938.0,320.0,0
12.0,6392.0,44.0,253.0,6.0,512.0,81.0,0
11.0,6434.0,22.0,71.0,1.0,630.0,135.0,0
5.0,2366.0,147.0,159.0,4.0,430.0,143.0,0
5.0,1885.0,16.0,198.0,1.0,665.0,103.0,0
2.0,635.0,217.0,252.0,4.0,1020.0,185.0,1
15.0,1622.0,85.0,79.0,7.0,400.0,200.0,0
6.0,5003.0,16.0,52.0,7.0,967.0,51.0,0
5.0,2398.0,241.0,197.0,5.0,940.0,221.0,0
5.0,2051.0,197.0,153.0,5.0,870.0,208.0,0
4.0,726.0,207.0,135.0,6.0,737.0,179.0,0
1.0,838.0,277.0,183.0,5.0,1055.0,70.0,0
7.0,788.0,153.0,79.0,3.0,1099.0,110.0,0
1.0,2470.0,154.0,80.0,3.0,1140.0,165.0,0
3.0,443.0,35.0,277.0,6.0,507.0,204.0,1
10.0,2876.0,242.0,80.0,7.0,735.0,95.0,0
1.0,1525.0,154.0,253.0,3.0,1025.0,80.0,0
2.0,492.0,252.0,243.0,4.0,1205.0,158.0,0
14.0,638.0,80.0,217.0,7.0,735.0,162.0,1
4.0,319.0,277.0,96.0,1.0,515.0,155.0,0
15.0,3071.0,44.0,153.0,7.0,650.0,60.0,0
6.0,7132.0,47.0,134.0,3.0,370.0,83.0,0
8.0,865.0,16.0,173.0,5.0,530.0,90.0,1
6.0,4944.0,85.0,48.0,4.0,730.0,58.0,1
12.0,4658.0,40.0,261.0,7.0,785.0,77.0,1
2.0,497.0,243.0,252.0,3.0,845.0,174.0,1
5.0,2117.0,61.0,16.0,5.0,1020.0,101.0,0
5.0,2612.0,277.0,197.0,6.0,845.0,205.0,1
6.0,5019.0,16.0,70.0,1.0,590.0,53.0,0
0.0,4371.0,85.0,109.0,5.0,940.0,51.0,0
1.0,1038.0,80.0,197.0,7.0,445.0,140.0,0
5.0,1618.0,173.0,16.0,1.0,450.0,110.0,0
0.0,3872.0,33.0,85.0,5.0,943.0,115.0,0
2.0,458.0,252.0,154.0,6.0,540.0,154.0,0
6.0,5556.0,41.0,16.0,4.0,960.0,95.0,1
12.0,6876.0,214.0,79.0,5.0,683.0,145.0,0
10.0,4517.0,159.0,69.0,7.0,1110.0,110.0,0
10.0,4144.0,208.0,62.0,3.0,995.0,50.0,0
15.0,1392.0,2.0,75.0,5.0,1110.0,95.0,0
12.0,6853.0,208.0,72.0,1.0,522.0,57.0,0
15.0,1050.0,221.0,277.0,4.0,1020.0,155.0,1
1.0,2097.0,204.0,80.0,1.0,520.0,65.0,0
4.0,170.0,135.0,253.0,6.0,545.0,251.0,0
15.0,3109.0,45.0,2.0,6.0,920.0,280.0,0
5.0,1741.0,71.0,261.0,6.0,495.0,251.0,1
1.0,450.0,80.0,197.0,4.0,650.0,140.0,0
11.0,6584.0,216.0,71.0,6.0,505.0,128.0,0
17.0,2858.0,103.0,217.0,6.0,540.0,72.0,0
10.0,3609.0,183.0,16.0,1.0,835.0,120.0,1
14.0,1809.0,60.0,241.0,3.0,710.0,123.0,1
8.0,943.0,45.0,238.0,3.0,681.0,71.0,1
12.0,4695.0,261.0,153.0,5.0,1005.0,81.0,1
10.0,2782.0,157.0,80.0,5.0,385.0,160.0,1
14.0,1511.0,173.0,60.0,6.0,714.0,96.0,0
14.0,540.0,217.0,80.0,1.0,480.0,138.0,0
14.0,487.0,60.0,79.0,5.0,710.0,234.0,1
15.0,519.0,173.0,33.0,1.0,850.0,120.0,1
4.0,1847.0,173.0,58.0,7.0,1075.0,140.0,1
14.0,587.0,135.0,217.0,7.0,1080.0,183.0,0
5.0,2805.0,154.0,198.0,6.0,718.0,222.0,1
5.0,2504.0,245.0,16.0,4.0,390.0,74.0,1
15.0,3575.0,153.0,207.0,3.0,1270.0,55.0,1
16.0,2144.0,96.0,238.0,7.0,1020.0,84.0,0
12.0,6848.0,253.0,246.0,4.0,1360.0,79.0,0
15.0,2004.0,153.0,33.0,7.0,1105.0,210.0,0
5.0,1218.0,85.0,213.0,6.0,605.0,182.0,0
17.0,2671.0,60.0,177.0,6.0,1052.0,110.0,0
13.0,662.0,253.0,197.0,3.0,636.0,228.0,0
14.0,1203.0,60.0,135.0,6.0,1085.0,170.0,0
8.0,6.0,173.0,260.0,6.0,1184.0,161.0,0
15.0,1022.0,35.0,45.0,4.0,745.0,90.0,0
15.0,2010.0,172.0,175.0,1.0,930.0,80.0,1
5.0,2059.0,16.0,244.0,6.0,1313.0,167.0,0
12.0,4765.0,153.0,154.0,3.0,360.0,75.0,0
12.0,6662.0,194.0,253.0,6.0,1058.0,37.0,0
14.0,1178.0,213.0,60.0,3.0,620.0,113.0,0
10.0,3736.0,208.0,96.0,5.0,360.0,120.0,0
10.0,3915.0,279.0,208.0,7.0,675.0,115.0,0
12.0,6590.0,177.0,79.0,4.0,832.0,169.0,1
2.0,881.0,202.0,203.0,1.0,465.0,334.0,0
15.0,2105.0,104.0,198.0,3.0,910.0,135.0,1
10.0,4281.0,208.0,94.0,6.0,710.0,65.0,1
10.0,2756.0,285.0,80.0,7.0,685.0,155.0,1
1.0,695.0,148.0,18.0,6.0,945.0,260.0,0
15.0,2655.0,153.0,44.0,7.0,490.0,65.0,0
15.0,817.0,258.0,175.0,4.0,575.0,255.0,1
4.0,633.0,159.0,135.0,1.0,345.0,235.0,0
14.0,1781.0,35.0,60.0,5.0,880.0,145.0,1
15.0,1476.0,173.0,228.0,6.0,480.0,155.0,0
12.0,6258.0,88.0,79.0,1.0,755.0,53.0,1
17.0,2631.0,96.0,60.0,6.0,375.0,115.0,0
5.0,2111.0,16.0,80.0,5.0,885.0,145.0,0
10.0,3348.0,80.0,254.0,3.0,1205.0,75.0,0
8.0,328.0,253.0,16.0,7.0,1439.0,270.0,1
14.0,400.0,61.0,217.0,5.0,465.0,274.0,1
1.0,1481.0,204.0,80.0,4.0,835.0,60.0,0
15.0,2254.0,244.0,153.0,7.0,730.0,180.0,1
5.0,1206.0,16.0,76.0,4.0,1315.0,100.0,1
13.0,483.0,22.0,208.0,6.0,1054.0,161.0,1
11.0,6686.0,268.0,71.0,5.0,370.0,73.0,0
5.0,2179.0,78.0,261.0,1.0,1050.0,295.0,0
5.0,1818.0,173.0,16.0,1.0,570.0,93.0,0
7.0,232.0,79.0,33.0,3.0,630.0,150.0,1
8.0,75.0,16.0,104.0,7.0,973.0,110.0,1
5.0,305.0,34.0,261.0,1.0,794.0,67.0,1
12.0,4659.0,261.0,28.0,6.0,669.0,84.0,0
5.0,1052.0,87.0,16.0,4.0,715.0,73.0,0
16.0,2615.0,68.0,135.0,5.0,1025.0,72.0,0
5.0,2586.0,261.0,16.0,1.0,665.0,215.0,1
10.0,2795.0,80.0,54.0,6.0,1100.0,140.0,0
12.0,6234.0,154.0,80.0,6.0,464.0,177.0,0
5.0,2753.0,159.0,277.0,4.0,470.0,188.0,0
15.0,1599.0,154.0,268.0,3.0,560.0,205.0,1
7.0,677.0,173.0,79.0,6.0,522.0,243.0,0
10.0,2876.0,242.0,80.0,6.0,735.0,95.0,0
15.0,3333.0,131.0,18.0,4.0,920.0,60.0,0
14.0,1596.0,80.0,216.0,3.0,668.0,187.0,0
11.0,6594.0,27.0,159.0,4.0,375.0,150.0,0
10.0,4069.0,32.0,208.0,1.0,390.0,50.0,0
5.0,1159.0,16.0,244.0,3.0,1170.0,163.0,1
5.0,246.0,154.0,148.0,3.0,390.0,320.0,0
15.0,1982.0,75.0,170.0,1.0,770.0,70.0,0
12.0,4589.0,261.0,160.0,7.0,669.0,116.0,0
8.0,603.0,45.0,241.0,7.0,916.0,157.0,0
5.0,1025.0,245.0,16.0,3.0,1000.0,76.0,0
1.0,438.0,277.0,183.0,3.0,1190.0,65.0,0
10.0,2772.0,290.0,80.0,7.0,1140.0,75.0,1
15.0,1821.0,217.0,154.0,6.0,895.0,85.0,1
1.0,1328.0,262.0,80.0,5.0,740.0,200.0,0
10.0,3708.0,208.0,91.0,6.0,1200.0,195.0,1
15.0,3504.0,233.0,216.0,3.0,1130.0,80.0,0
13.0,181.0,35.0,253.0,6.0,886.0,408.0,0
15.0,359.0,280.0,153.0,5.0,1005.0,80.0,1
1.0,1441.0,80.0,253.0,7.0,715.0,240.0,1
5.0,246.0,154.0,148.0,7.0,390.0,320.0,0
10.0,3691.0,58.0,183.0,6.0,1040.0,180.0,0
10.0,3246.0,80.0,118.0,5.0,925.0,50.0,0
1.0,2097.0,80.0,244.0,5.0,635.0,65.0,0
11.0,6771.0,85.0,273.0,3.0,460.0,87.0,0
15.0,691.0,173.0,198.0,5.0,905.0,110.0,1
0.0,3854.0,82.0,197.0,5.0,320.0,58.0,0
4.0,549.0,253.0,96.0,6.0,790.0,319.0,1
15.0,1578.0,214.0,202.0,5.0,1200.0,100.0,0
13.0,44.0,154.0,134.0,3.0,1360.0,290.0,0
6.0,7134.0,85.0,134.0,6.0,1160.0,90.0,0
2.0,62.0,98.0,14.0,5.0,360.0,69.0,0
2.0,474.0,252.0,154.0,1.0,1055.0,157.0,1
17.0,1008.0,128.0,203.0,5.0,1080.0,35.0,0
5.0,1105.0,16.0,261.0,6.0,445.0,253.0,1
14.0,1754.0,78.0,216.0,7.0,930.0,85.0,1
13.0,202.0,253.0,154.0,3.0,500.0,95.0,0
1.0,1273.0,80.0,236.0,6.0,565.0,220.0,0
12.0,6578.0,29.0,79.0,5.0,1022.0,102.0,1
16.0,2871.0,96.0,120.0,5.0,479.0,114.0,0
4.0,345.0,58.0,135.0,4.0,525.0,189.0,0
10.0,4351.0,208.0,166.0,3.0,1170.0,70.0,1
15.0,3311.0,79.0,33.0,4.0,890.0,145.0,0
0.0,4026.0,85.0,247.0,1.0,530.0,58.0,0
5.0,1910.0,80.0,16.0,6.0,945.0,121.0,1
5.0,1175.0,85.0,16.0,1.0,595.0,126.0,1
15.0,160.0,104.0,79.0,5.0,510.0,280.0,1
11.0,6266.0,134.0,85.0,3.0,573.0,107.0,1
14.0,407.0,208.0,217.0,7.0,645.0,228.0,1
12.0,4522.0,261.0,29.0,1.0,1035.0,124.0,0
1.0,1935.0,61.0,80.0,4.0,805.0,175.0,1
15.0,3405.0,207.0,258.0,3.0,940.0,70.0,1
6.0,5028.0,162.0,16.0,5.0,896.0,92.0,0
17.0,7211.0,134.0,238.0,6.0,502.0,73.0,0
15.0,607.0,43.0,175.0,3.0,805.0,110.0,1
10.0,3638.0,183.0,61.0,3.0,425.0,160.0,0
16.0,5956.0,58.0,208.0,5.0,1129.0,89.0,0
5.0,1100.0,153.0,261.0,6.0,400.0,82.0,0
11.0,6501.0,233.0,173.0,6.0,700.0,120.0,0
8.0,311.0,60.0,16.0,3.0,400.0,78.0,0
10.0,3798.0,208.0,2.0,4.0,1170.0,190.0,0
12.0,4540.0,196.0,261.0,7.0,703.0,82.0,1
15.0,546.0,205.0,79.0,7.0,785.0,100.0,0
14.0,989.0,60.0,104.0,5.0,480.0,119.0,1
1.0,1028.0,79.0,80.0,4.0,1040.0,120.0,0
16.0,2465.0,135.0,170.0,3.0,1000.0,84.0,1
14.0,625.0,217.0,202.0,1.0,875.0,119.0,0
5.0,1211.0,85.0,197.0,4.0,445.0,125.0,0
15.0,829.0,258.0,44.0,4.0,935.0,60.0,1
15.0,771.0,153.0,202.0,7.0,970.0,95.0,1
12.0,6410.0,253.0,44.0,7.0,960.0,68.0,1
15.0,1887.0,202.0,44.0,6.0,1125.0,65.0,0
12.0,6685.0,79.0,34.0,3.0,730.0,128.0,1
15.0,1147.0,154.0,258.0,4.0,395.0,65.0,0
15.0,1847.0,175.0,33.0,7.0,480.0,85.0,0
15.0,267.0,217.0,205.0,1.0,625.0,155.0,1
10.0,3600.0,54.0,183.0,7.0,375.0,105.0,0
15.0,2040.0,2.0,202.0,6.0,1070.0,155.0,1
15.0,1769.0,33.0,172.0,5.0,500.0,105.0,0
15.0,12.0,129.0,75.0,5.0,540.0,60.0,1
1.0,1140.0,244.0,80.0,1.0,360.0,65.0,0
12.0,4836.0,177.0,80.0,1.0,815.0,102.0,0
15.0,2537.0,253.0,175.0,4.0,1040.0,245.0,0
12.0,6921.0,253.0,252.0,4.0,516.0,122.0,1
6.0,5263.0,16.0,130.0,4.0,513.0,147.0,0
15.0,353.0,34.0,111.0,7.0,1240.0,65.0,1
2.0,65.0,252.0,151.0,6.0,420.0,131.0,0
10.0,3909.0,285.0,208.0,5.0,925.0,110.0,0
8.0,677.0,184.0,173.0,1.0,977.0,164.0,1
14.0,1972.0,60.0,96.0,4.0,914.0,107.0,1
16.0,2505.0,58.0,234.0,4.0,925.0,74.0,0
15.0,582.0,111.0,252.0,7.0,1090.0,65.0,1
15.0,414.0,45.0,268.0,3.0,805.0,145.0,1
5.0,2599.0,197.0,217.0,3.0,420.0,212.0,1
11.0,6295.0,71.0,251.0,6.0,675.0,53.0,0
15.0,3659.0,33.0,27.0,7.0,745.0,50.0,1
14.0,1171.0,60.0,135.0,4.0,460.0,170.0,0
14.0,1675.0,60.0,183.0,1.0,795.0,123.0,1
12.0,6539.0,253.0,111.0,7.0,1364.0,121.0,1
1.0,755.0,208.0,244.0,1.0,650.0,175.0,0
5.0,2017.0,16.0,79.0,5.0,1300.0,218.0,1
15.0,6.0,129.0,75.0,1.0,450.0,55.0,0
3.0,1243.0,35.0,60.0,7.0,900.0,137.0,0
4.0,1601.0,96.0,104.0,7.0,890.0,182.0,1
15.0,1884.0,217.0,202.0,1.0,915.0,125.0,1
2.0,501.0,264.0,252.0,1.0,600.0,168.0,0
0.0,4399.0,197.0,119.0,6.0,805.0,90.0,0
12.0,7012.0,208.0,184.0,3.0,1034.0,42.0,1
5.0,1268.0,228.0,16.0,4.0,764.0,177.0,0
3.0,559.0,130.0,277.0,6.0,480.0,174.0,0
14.0,1165.0,216.0,60.0,4.0,1245.0,105.0,0
8.0,861.0,16.0,173.0,7.0,833.0,85.0,1
15.0,218.0,44.0,153.0,3.0,1130.0,60.0,1
17.0,7298.0,60.0,208.0,1.0,541.0,129.0,0
15.0,1316.0,129.0,198.0,5.0,410.0,65.0,0
4.0,1405.0,58.0,277.0,6.0,575.0,151.0,0
3.0,167.0,148.0,277.0,7.0,1020.0,187.0,0
1.0,754.0,172.0,208.0,7.0,630.0,95.0,0
17.0,2716.0,205.0,217.0,5.0,1095.0,174.0,0
15.0,283.0,79.0,264.0,3.0,1245.0,150.0,1
8.0,683.0,16.0,136.0,5.0,625.0,148.0,0
17.0,7287.0,209.0,208.0,6.0,360.0,143.0,0
15.0,2105.0,198.0,175.0,3.0,1010.0,135.0,1
5.0,2060.0,183.0,16.0,3.0,964.0,121.0,1
15.0,3105.0,217.0,264.0,6.0,730.0,75.0,1
10.0,4197.0,33.0,208.0,4.0,740.0,95.0,0
15.0,1783.0,12.0,45.0,3.0,725.0,75.0,1
15.0,2600.0,243.0,202.0,6.0,1015.0,90.0,1
16.0,2677.0,135.0,2.0,3.0,1280.0,130.0,0
10.0,3675.0,61.0,183.0,1.0,1100.0,170.0,1
5.0,1045.0,139.0,16.0,4.0,865.0,100.0,0
8.0,657.0,16.0,244.0,7.0,625.0,160.0,0
1.0,551.0,132.0,80.0,5.0,680.0,130.0,0
16.0,2948.0,184.0,58.0,7.0,1135.0,69.0,1
5.0,1620.0,16.0,234.0,1.0,811.0,89.0,1
16.0,2984.0,135.0,75.0,7.0,1170.0,68.0,0
12.0,6627.0,79.0,227.0,3.0,915.0,134.0,0
10.0,2788.0,80.0,180.0,7.0,1160.0,105.0,0
0.0,3985.0,84.0,177.0,1.0,360.0,100.0,0
15.0,2442.0,75.0,18.0,5.0,390.0,55.0,1
1.0,1071.0,177.0,80.0,3.0,895.0,100.0,0
15.0,705.0,205.0,268.0,1.0,1030.0,70.0,1
0.0,4033.0,159.0,285.0,5.0,1300.0,129.0,0
0.0,4117.0,238.0,16.0,3.0,390.0,145.0,1
16.0,2337.0,121.0,96.0,1.0,405.0,107.0,0
12.0,6292.0,194.0,154.0,4.0,1229.0,71.0,0
1.0,1466.0,80.0,35.0,6.0,380.0,200.0,0
13.0,896.0,208.0,134.0,7.0,787.0,120.0,1
12.0,6512.0,154.0,65.0,4.0,455.0,126.0,0
12.0,4795.0,261.0,264.0,3.0,593.0,116.0,1
15.0,2018.0,33.0,45.0,6.0,455.0,100.0,0
13.0,883.0,134.0,208.0,4.0,475.0,127.0,0
12.0,3071.0,184.0,205.0,6.0,540.0,84.0,1
1.0,1886.0,183.0,173.0,3.0,900.0,60.0,1
14.0,1634.0,277.0,60.0,5.0,720.0,100.0,0
9.0,335.0,203.0,128.0,1.0,980.0,34.0,0
10.0,3702.0,208.0,79.0,6.0,735.0,160.0,0
15.0,2982.0,33.0,85.0,4.0,700.0,95.0,1
10.0,4357.0,208.0,117.0,3.0,1030.0,60.0,0
12.0,6668.0,137.0,79.0,5.0,460.0,102.0,1
14.0,12.0,217.0,148.0,4.0,595.0,292.0,1
5.0,1761.0,16.0,198.0,5.0,1105.0,105.0,0
7.0,376.0,79.0,184.0,1.0,1070.0,133.0,1
3.0,285.0,153.0,160.0,1.0,1088.0,65.0,1
16.0,3097.0,96.0,139.0,6.0,751.0,126.0,1
3.0,477.0,35.0,154.0,3.0,520.0,391.0,0
16.0,2247.0,279.0,135.0,6.0,798.0,92.0,1
1.0,708.0,80.0,159.0,1.0,495.0,195.0,0
13.0,445.0,45.0,79.0,5.0,433.0,253.0,0
5.0,2781.0,139.0,197.0,1.0,730.0,116.0,0
12.0,6678.0,253.0,194.0,7.0,805.0,46.0,1
5.0,2237.0,16.0,147.0,6.0,1232.0,72.0,1
10.0,2807.0,80.0,109.0,5.0,1095.0,130.0,0
10.0,3603.0,183.0,54.0,5.0,1275.0,100.0,1
5.0,2792.0,243.0,16.0,5.0,825.0,250.0,0
1.0,1152.0,198.0,80.0,6.0,550.0,100.0,0
12.0,6390.0,34.0,253.0,1.0,477.0,112.0,1
1.0,1501.0,80.0,2.0,7.0,1155.0,110.0,0
15.0,2118.0,243.0,262.0,7.0,1120.0,95.0,1
16.0,5973.0,58.0,208.0,6.0,360.0,87.0,0
12.0,6966.0,51.0,253.0,6.0,555.0,98.0,0
11.0,6541.0,71.0,197.0,5.0,915.0,130.0,0
3.0,172.0,262.0,148.0,7.0,1424.0,308.0,0
6.0,4994.0,16.0,130.0,4.0,851.0,142.0,1
13.0,781.0,172.0,79.0,3.0,730.0,114.0,1
6.0,5110.0,190.0,16.0,3.0,1100.0,79.0,1
2.0,64.0,149.0,226.0,1.0,842.0,44.0,0
12.0,6905.0,82.0,208.0,4.0,370.0,90.0,0
6.0,7125.0,134.0,182.0,6.0,741.0,89.0,0
10.0,2716.0,80.0,94.0,1.0,895.0,110.0,0
17.0,2609.0,120.0,60.0,3.0,686.0,55.0,0
10.0,3628.0,33.0,183.0,4.0,540.0,140.0,0
12.0,6656.0,145.0,79.0,6.0,428.0,87.0,0
15.0,3070.0,216.0,182.0,5.0,465.0,75.0,0
12.0,6762.0,79.0,246.0,1.0,746.0,153.0,0
16.0,3125.0,41.0,135.0,6.0,945.0,72.0,1
8.0,103.0,16.0,80.0,4.0,525.0,147.0,0
15.0,3.0,162.0,75.0,4.0,360.0,70.0,0
3.0,74.0,148.0,42.0,6.0,1005.0,82.0,0
16.0,2605.0,135.0,75.0,6.0,530.0,61.0,0
17.0,1048.0,161.0,128.0,4.0,435.0,29.0,0
3.0,73.0,148.0,213.0,5.0,830.0,180.0,1
17.0,1002.0,203.0,128.0,1.0,480.0,32.0,0
15.0,1959.0,154.0,202.0,6.0,505.0,75.0,0
16.0,2279.0,96.0,285.0,5.0,1165.0,135.0,0
14.0,5.0,264.0,217.0,1.0,600.0,75.0,0
1.0,2450.0,154.0,80.0,6.0,915.0,175.0,0
2.0,477.0,154.0,252.0,6.0,380.0,165.0,0
0.0,4313.0,177.0,188.0,1.0,860.0,70.0,0
9.0,111.0,143.0,203.0,1.0,504.0,37.0,0
15.0,1765.0,252.0,153.0,3.0,965.0,145.0,0
6.0,5018.0,32.0,16.0,3.0,605.0,102.0,1
6.0,5020.0,16.0,17.0,6.0,1079.0,131.0,0
4.0,211.0,96.0,135.0,3.0,465.0,248.0,0
16.0,3096.0,135.0,178.0,7.0,700.0,68.0,0
14.0,1596.0,80.0,216.0,4.0,668.0,187.0,0
12.0,6590.0,79.0,177.0,7.0,612.0,136.0,1
15.0,2774.0,173.0,175.0,6.0,525.0,175.0,0
13.0,218.0,264.0,79.0,7.0,1054.0,135.0,0
15.0,660.0,261.0,79.0,4.0,900.0,85.0,1
16.0,5991.0,290.0,208.0,4.0,360.0,105.0,0
12.0,6656.0,79.0,33.0,7.0,629.0,155.0,1
17.0,2962.0,18.0,217.0,6.0,920.0,150.0,0
15.0,429.0,253.0,154.0,5.0,655.0,80.0,1
5.0,2175.0,197.0,80.0,7.0,865.0,150.0,1
15.0,1030.0,258.0,153.0,1.0,450.0,85.0,0
15.0,960.0,243.0,45.0,1.0,400.0,295.0,0
6.0,7104.0,134.0,61.0,4.0,505.0,80.0,1
15.0,525.0,172.0,175.0,1.0,1100.0,80.0,1
1.0,1060.0,268.0,159.0,4.0,1145.0,135.0,0
3.0,294.0,160.0,252.0,1.0,665.0,161.0,0
14.0,1484.0,173.0,78.0,5.0,710.0,123.0,0
4.0,470.0,96.0,260.0,1.0,445.0,228.0,1
5.0,1295.0,221.0,16.0,1.0,733.0,112.0,0
3.0,1082.0,60.0,148.0,3.0,659.0,107.0,1
8.0,274.0,16.0,35.0,7.0,889.0,146.0,1
15.0,691.0,173.0,198.0,3.0,905.0,110.0,1
17.0,7261.0,134.0,60.0,4.0,1320.0,77.0,0
14.0,3.0,217.0,208.0,6.0,595.0,205.0,0
15.0,696.0,154.0,45.0,1.0,720.0,290.0,1
1.0,439.0,241.0,80.0,3.0,815.0,175.0,0
15.0,1100.0,45.0,251.0,4.0,915.0,110.0,0
5.0,2840.0,153.0,261.0,1.0,833.0,82.0,0
7.0,861.0,79.0,217.0,5.0,1271.0,108.0,0
16.0,3004.0,135.0,184.0,3.0,775.0,153.0,0
15.0,553.0,243.0,175.0,5.0,595.0,235.0,1
13.0,264.0,217.0,79.0,1.0,424.0,111.0,0
0.0,3823.0,197.0,221.0,5.0,825.0,126.0,0
7.0,516.0,79.0,159.0,4.0,915.0,220.0,1
11.0,6469.0,16.0,120.0,4.0,645.0,86.0,0
4.0,746.0,135.0,208.0,1.0,895.0,156.0,1
14.0,2178.0,78.0,159.0,3.0,960.0,76.0,0
15.0,2397.0,173.0,175.0,1.0,425.0,175.0,0
1.0,1258.0,154.0,268.0,1.0,415.0,215.0,0
6.0,5204.0,16.0,275.0,3.0,820.0,65.0,0
12.0,6736.0,230.0,79.0,6.0,574.0,76.0,0
10.0,3157.0,242.0,154.0,7.0,805.0,130.0,0
10.0,4187.0,84.0,208.0,6.0,390.0,85.0,0
15.0,3023.0,198.0,153.0,6.0,570.0,240.0,0
6.0,5165.0,11.0,16.0,4.0,350.0,60.0,0
5.0,1231.0,261.0,198.0,7.0,835.0,194.0,1
1.0,1896.0,261.0,80.0,3.0,895.0,155.0,1
11.0,6545.0,22.0,85.0,3.0,1110.0,130.0,0
10.0,3648.0,71.0,183.0,4.0,890.0,160.0,0
5.0,1084.0,197.0,78.0,4.0,911.0,140.0,1
10.0,3181.0,258.0,154.0,6.0,775.0,75.0,1
5.0,2824.0,197.0,233.0,3.0,1145.0,146.0,0
11.0,6752.0,111.0,197.0,5.0,430.0,180.0,0
5.0,1293.0,223.0,16.0,6.0,790.0,75.0,0
5.0,1068.0,280.0,197.0,4.0,856.0,189.0,0
14.0,2163.0,159.0,78.0,5.0,420.0,71.0,0
3.0,685.0,35.0,78.0,3.0,799.0,101.0,0
4.0,1712.0,260.0,135.0,1.0,1032.0,288.0,0
16.0,5937.0,218.0,208.0,3.0,571.0,49.0,1
7.0,727.0,78.0,79.0,6.0,825.0,237.0,0
17.0,2615.0,60.0,58.0,4.0,690.0,100.0,0
12.0,4614.0,79.0,261.0,5.0,625.0,97.0,1
16.0,2817.0,251.0,135.0,3.0,883.0,150.0,0
16.0,2664.0,96.0,22.0,5.0,530.0,74.0,0
11.0,6639.0,85.0,120.0,1.0,950.0,103.0,0
6.0,5318.0,16.0,157.0,3.0,1305.0,80.0,1
4.0,408.0,135.0,96.0,4.0,470.0,206.0,1
10.0,4201.0,61.0,208.0,4.0,610.0,90.0,0
15.0,2797.0,244.0,153.0,6.0,450.0,175.0,0
10.0,2986.0,80.0,11.0,1.0,765.0,130.0,1
6.0,5262.0,78.0,35.0,1.0,835.0,93.0,0
12.0,4503.0,197.0,29.0,6.0,790.0,80.0,1
15.0,3224.0,175.0,18.0,3.0,575.0,170.0,1
5.0,680.0,16.0,96.0,3.0,455.0,132.0,0
1.0,1946.0,183.0,277.0,6.0,790.0,60.0,1
10.0,3547.0,80.0,58.0,3.0,720.0,150.0,0
3.0,270.0,44.0,153.0,5.0,975.0,65.0,1
14.0,2037.0,35.0,78.0,1.0,840.0,94.0,0
5.0,1487.0,197.0,261.0,3.0,1315.0,172.0,1
3.0,283.0,153.0,160.0,1.0,906.0,66.0,0
6.0,5060.0,132.0,16.0,3.0,927.0,56.0,0
13.0,781.0,172.0,79.0,1.0,730.0,114.0,0
5.0,2193.0,85.0,33.0,4.0,1310.0,99.0,0
6.0,5251.0,16.0,118.0,3.0,1170.0,150.0,1
3.0,621.0,148.0,129.0,3.0,710.0,244.0,0
1.0,1268.0,183.0,78.0,5.0,720.0,140.0,0
15.0,796.0,153.0,175.0,3.0,1095.0,205.0,1
14.0,1783.0,233.0,60.0,6.0,360.0,57.0,0
14.0,1509.0,277.0,60.0,5.0,515.0,100.0,0
5.0,2049.0,16.0,253.0,1.0,505.0,334.0,1
15.0,337.0,2.0,173.0,1.0,920.0,200.0,1
10.0,3010.0,246.0,154.0,7.0,1075.0,45.0,0
3.0,204.0,160.0,148.0,3.0,556.0,314.0,1
10.0,3209.0,80.0,285.0,3.0,910.0,120.0,0
1.0,731.0,159.0,80.0,6.0,615.0,255.0,0
15.0,899.0,79.0,22.0,4.0,1020.0,225.0,0
5.0,1989.0,216.0,85.0,3.0,450.0,125.0,0
6.0,5495.0,16.0,32.0,4.0,1305.0,105.0,0
15.0,501.0,153.0,175.0,7.0,650.0,220.0,1
12.0,6850.0,208.0,171.0,3.0,370.0,60.0,1
15.0,2397.0,243.0,280.0,3.0,1145.0,70.0,1
0.0,4390.0,85.0,20.0,1.0,625.0,84.0,1
13.0,256.0,79.0,208.0,3.0,1174.0,144.0,0
0.0,4209.0,177.0,116.0,7.0,875.0,79.0,0
6.0,4944.0,85.0,48.0,6.0,730.0,58.0,0
1.0,1543.0,80.0,244.0,4.0,705.0,65.0,0
6.0,5373.0,273.0,16.0,3.0,1085.0,155.0,1
5.0,2367.0,16.0,243.0,3.0,502.0,290.0,0
13.0,600.0,208.0,78.0,7.0,1145.0,102.0,0
4.0,693.0,173.0,96.0,4.0,645.0,149.0,0
11.0,6569.0,195.0,71.0,4.0,480.0,89.0,0
12.0,6378.0,246.0,253.0,4.0,510.0,80.0,1
1.0,474.0,2.0,80.0,1.0,560.0,105.0,0
6.0,5013.0,268.0,177.0,1.0,685.0,74.0,0
11.0,6527.0,148.0,238.0,6.0,525.0,102.0,1
14.0,1021.0,159.0,60.0,6.0,495.0,127.0,0
17.0,2827.0,217.0,280.0,7.0,1067.0,43.0,0
10.0,3640.0,61.0,183.0,6.0,425.0,170.0,0
11.0,6766.0,195.0,159.0,3.0,1015.0,143.0,0
12.0,4703.0,172.0,261.0,5.0,865.0,162.0,0
6.0,5059.0,120.0,16.0,7.0,1070.0,93.0,0
10.0,4194.0,21.0,208.0,3.0,1060.0,60.0,1
15.0,1381.0,75.0,18.0,4.0,1065.0,55.0,0
12.0,7005.0,119.0,208.0,5.0,782.0,59.0,1
4.0,63.0,96.0,135.0,7.0,1045.0,244.0,0
5.0,2037.0,85.0,172.0,5.0,915.0,131.0,0
5.0,1104.0,128.0,261.0,5.0,1335.0,372.0,0
5.0,1802.0,264.0,16.0,4.0,405.0,264.0,0
15.0,1774.0,217.0,252.0,3.0,720.0,195.0,1
2.0,190.0,98.0,14.0,3.0,1050.0,64.0,1
6.0,5042.0,177.0,216.0,3.0,540.0,140.0,1
7.0,323.0,78.0,184.0,7.0,1080.0,130.0,0
15.0,194.0,216.0,221.0,5.0,585.0,80.0,0
9.0,120.0,128.0,150.0,5.0,526.0,42.0,0
7.0,572.0,261.0,79.0,1.0,470.0,82.0,0
2.0,46.0,23.0,14.0,7.0,1240.0,69.0,0
8.0,537.0,177.0,16.0,7.0,594.0,76.0,1
15.0,3668.0,261.0,217.0,1.0,675.0,100.0,1
15.0,786.0,43.0,277.0,3.0,455.0,175.0,1
1.0,686.0,80.0,96.0,7.0,1135.0,195.0,1
12.0,6841.0,208.0,82.0,3.0,1318.0,87.0,0
14.0,2139.0,35.0,159.0,4.0,1080.0,81.0,0
5.0,2123.0,35.0,85.0,3.0,340.0,144.0,0
14.0,1466.0,253.0,216.0,4.0,1320.0,303.0,0
15.0,3936.0,207.0,153.0,5.0,1200.0,55.0,1
7.0,618.0,79.0,139.0,5.0,690.0,137.0,0
10.0,2862.0,80.0,84.0,7.0,860.0,110.0,0
10.0,2811.0,80.0,13.0,3.0,800.0,70.0,0
5.0,1868.0,154.0,197.0,5.0,470.0,221.0,0
10.0,2781.0,80.0,119.0,7.0,1170.0,145.0,1
13.0,643.0,96.0,208.0,7.0,750.0,153.0,0
14.0,1950.0,80.0,60.0,4.0,945.0,143.0,1
1.0,334.0,80.0,33.0,6.0,440.0,100.0,0
16.0,2024.0,135.0,41.0,6.0,1285.0,54.0,1
1.0,1462.0,172.0,208.0,7.0,385.0,95.0,0
5.0,1160.0,243.0,261.0,4.0,785.0,112.0,0
5.0,2495.0,16.0,268.0,5.0,735.0,104.0,0
1.0,1365.0,35.0,80.0,5.0,520.0,275.0,0
15.0,164.0,153.0,217.0,7.0,1280.0,60.0,0
11.0,6649.0,71.0,85.0,5.0,1175.0,85.0,1
15.0,2643.0,154.0,280.0,5.0,460.0,80.0,1
15.0,778.0,258.0,79.0,4.0,780.0,145.0,1
9.0,260.0,128.0,143.0,6.0,891.0,52.0,1
14.0,1268.0,216.0,260.0,1.0,465.0,226.0,0
12.0,4761.0,261.0,227.0,7.0,675.0,99.0,1
5.0,2543.0,96.0,16.0,7.0,820.0,150.0,0
13.0,722.0,214.0,208.0,5.0,536.0,240.0,0
12.0,4494.0,28.0,261.0,1.0,1020.0,79.0,1
3.0,744.0,260.0,173.0,6.0,684.0,184.0,0
8.0,676.0,173.0,184.0,6.0,610.0,166.0,1
16.0,3109.0,41.0,135.0,5.0,810.0,70.0,0
6.0,7126.0,43.0,134.0,3.0,622.0,74.0,1
11.0,6602.0,147.0,78.0,5.0,720.0,114.0,0
15.0,1024.0,209.0,147.0,6.0,675.0,105.0,1
5.0,2348.0,27.0,16.0,4.0,480.0,67.0,1
13.0,950.0,154.0,134.0,4.0,461.0,285.0,0
10.0,3372.0,41.0,80.0,6.0,360.0,90.0,0
13.0,698.0,208.0,119.0,5.0,1160.0,54.0,0
16.0,3044.0,205.0,135.0,3.0,955.0,139.0,1
5.0,2469.0,16.0,173.0,3.0,845.0,91.0,1
13.0,676.0,208.0,159.0,3.0,600.0,132.0,1
3.0,1211.0,35.0,43.0,4.0,520.0,93.0,0
5.0,2064.0,197.0,78.0,4.0,1055.0,148.0,0
12.0,6272.0,253.0,44.0,4.0,1254.0,66.0,1
15.0,1577.0,217.0,44.0,3.0,590.0,90.0,1
4.0,1544.0,135.0,58.0,7.0,625.0,151.0,0
15.0,2312.0,79.0,153.0,6.0,855.0,120.0,1
15.0,2873.0,207.0,258.0,1.0,725.0,70.0,1
17.0,2683.0,209.0,60.0,1.0,554.0,102.0,0
14.0,1670.0,60.0,228.0,6.0,975.0,108.0,0
5.0,2049.0,16.0,253.0,7.0,505.0,335.0,1
10.0,4394.0,148.0,35.0,7.0,839.0,71.0,0
5.0,2280.0,268.0,16.0,3.0,360.0,110.0,1
16.0,2854.0,80.0,58.0,5.0,890.0,150.0,0
2.0,877.0,214.0,128.0,1.0,455.0,360.0,1
15.0,1537.0,175.0,58.0,4.0,1230.0,70.0,1
10.0,4283.0,71.0,208.0,7.0,635.0,80.0,1
15.0,37.0,91.0,75.0,4.0,745.0,95.0,0
5.0,1417.0,16.0,79.0,1.0,1045.0,202.0,0
15.0,3762.0,91.0,243.0,4.0,715.0,115.0,1
5.0,1407.0,177.0,198.0,7.0,875.0,81.0,0
3.0,107.0,43.0,148.0,3.0,350.0,83.0,0
13.0,926.0,154.0,253.0,6.0,980.0,89.0,0
10.0,2856.0,288.0,80.0,4.0,770.0,135.0,0
3.0,686.0,78.0,35.0,6.0,940.0,84.0,0
5.0,2583.0,16.0,261.0,6.0,500.0,265.0,0
17.0,2711.0,217.0,100.0,7.0,650.0,103.0,0
5.0,748.0,147.0,16.0,5.0,695.0,75.0,0
4.0,1010.0,135.0,96.0,1.0,1055.0,207.0,1
0.0,3976.0,85.0,281.0,7.0,1295.0,69.0,1
15.0,1933.0,61.0,173.0,4.0,615.0,135.0,1
3.0,178.0,217.0,148.0,5.0,855.0,277.0,0
1.0,1915.0,80.0,261.0,1.0,735.0,175.0,1
5.0,1453.0,159.0,197.0,6.0,370.0,184.0,0
12.0,4487.0,135.0,261.0,3.0,405.0,199.0,0
15.0,3415.0,244.0,75.0,4.0,870.0,60.0,0
14.0,1694.0,277.0,216.0,4.0,475.0,148.0,0
10.0,4355.0,204.0,208.0,6.0,400.0,135.0,0
4.0,221.0,16.0,135.0,1.0,1019.0,141.0,0
2.0,65.0,252.0,151.0,1.0,420.0,131.0,0
10.0,2789.0,80.0,254.0,3.0,1065.0,75.0,0
10.0,4434.0,85.0,159.0,5.0,900.0,105.0,1
5.0,1129.0,16.0,209.0,7.0,1307.0,98.0,1
11.0,6544.0,148.0,43.0,1.0,1020.0,115.0,0
1.0,513.0,277.0,260.0,3.0,435.0,165.0,1
13.0,683.0,159.0,208.0,7.0,835.0,157.0,0
1.0,1442.0,243.0,208.0,6.0,590.0,235.0,1
16.0,5980.0,208.0,290.0,4.0,1079.0,108.0,0
0.0,4098.0,233.0,148.0,3.0,420.0,135.0,0
13.0,691.0,159.0,208.0,5.0,1083.0,165.0,0
3.0,270.0,44.0,153.0,4.0,975.0,65.0,0
5.0,2802.0,183.0,85.0,1.0,480.0,189.0,0
16.0,2816.0,96.0,228.0,3.0,925.0,59.0,1
10.0,3457.0,58.0,80.0,7.0,705.0,180.0,0
4.0,776.0,135.0,216.0,3.0,445.0,187.0,1
14.0,90.0,217.0,214.0,3.0,885.0,165.0,1
1.0,1786.0,277.0,148.0,6.0,800.0,160.0,0
6.0,7088.0,134.0,237.0,6.0,1121.0,60.0,0
0.0,4265.0,177.0,108.0,4.0,865.0,72.0,0
4.0,1881.0,96.0,252.0,1.0,1080.0,370.0,1
4.0,446.0,135.0,208.0,1.0,705.0,154.0,0
10.0,3973.0,208.0,279.0,1.0,1045.0,125.0,1
10.0,3994.0,240.0,208.0,5.0,795.0,75.0,0
6.0,7112.0,134.0,148.0,7.0,739.0,80.0,0
15.0,1461.0,153.0,253.0,7.0,450.0,95.0,1
15.0,1642.0,129.0,33.0,3.0,695.0,105.0,0
1.0,939.0,233.0,183.0,4.0,805.0,130.0,0
6.0,5403.0,119.0,177.0,4.0,430.0,122.0,0
5.0,1597.0,197.0,258.0,4.0,545.0,255.0,0
10.0,4099.0,208.0,20.0,7.0,630.0,110.0,1
12.0,6468.0,184.0,79.0,6.0,953.0,185.0,1
10.0,2705.0,80.0,239.0,6.0,1065.0,90.0,0
5.0,2651.0,261.0,262.0,1.0,684.0,108.0,1
14.0,436.0,2.0,217.0,6.0,510.0,100.0,0
10.0,3756.0,208.0,261.0,7.0,775.0,210.0,1
16.0,3001.0,96.0,121.0,7.0,905.0,118.0,0
15.0,110.0,153.0,262.0,6.0,645.0,95.0,1
12.0,6615.0,122.0,79.0,5.0,824.0,112.0,1
15.0,1116.0,22.0,153.0,5.0,810.0,355.0,1
5.0,2761.0,216.0,16.0,7.0,690.0,149.0,0
5.0,2509.0,85.0,80.0,1.0,920.0,191.0,0
15.0,608.0,241.0,173.0,6.0,800.0,50.0,1
15.0,2621.0,18.0,154.0,3.0,1110.0,205.0,1
6.0,5581.0,118.0,16.0,5.0,405.0,134.0,1
1.0,827.0,35.0,208.0,4.0,965.0,180.0,0
6.0,7084.0,208.0,76.0,3.0,460.0,66.0,1
1.0,1711.0,35.0,183.0,4.0,330.0,210.0,0
15.0,35.0,129.0,198.0,4.0,995.0,65.0,0
16.0,2074.0,54.0,96.0,5.0,992.0,118.0,0
0.0,4047.0,177.0,155.0,5.0,1185.0,123.0,0
15.0,691.0,173.0,198.0,7.0,905.0,110.0,1
6.0,5498.0,16.0,101.0,3.0,884.0,75.0,0
15.0,793.0,129.0,91.0,1.0,915.0,120.0,1
12.0,6627.0,195.0,79.0,4.0,619.0,168.0,0
15.0,1591.0,216.0,35.0,1.0,380.0,80.0,0
5.0,2642.0,16.0,96.0,1.0,645.0,132.0,0
3.0,42.0,148.0,273.0,6.0,740.0,68.0,1
12.0,6890.0,154.0,80.0,6.0,838.0,179.0,0
10.0,3193.0,154.0,258.0,7.0,400.0,75.0,0
12.0,6736.0,79.0,230.0,6.0,481.0,67.0,0
3.0,326.0,104.0,22.0,4.0,1123.0,172.0,1
12.0,4582.0,197.0,244.0,5.0,860.0,191.0,1
1.0,689.0,209.0,80.0,4.0,380.0,220.0,0
16.0,2373.0,135.0,18.0,5.0,485.0,53.0,0
15.0,32.0,75.0,155.0,5.0,920.0,70.0,1
6.0,7390.0,16.0,205.0,4.0,516.0,156.0,0
6.0,7301.0,16.0,116.0,6.0,777.0,81.0,0
1.0,802.0,264.0,80.0,5.0,580.0,170.0,1
15.0,1134.0,175.0,207.0,1.0,705.0,265.0,1
12.0,6750.0,79.0,15.0,6.0,544.0,45.0,0
15.0,827.0,91.0,2.0,1.0,895.0,55.0,1
15.0,1099.0,172.0,268.0,3.0,990.0,55.0,1
13.0,47.0,154.0,203.0,7.0,910.0,341.0,0
0.0,3764.0,187.0,85.0,1.0,625.0,97.0,0
15.0,300.0,262.0,153.0,4.0,635.0,80.0,1
14.0,610.0,217.0,16.0,7.0,610.0,226.0,0
5.0,2437.0,60.0,16.0,3.0,360.0,82.0,1
6.0,5479.0,158.0,16.0,3.0,360.0,120.0,0
5.0,2040.0,253.0,148.0,3.0,930.0,329.0,0
17.0,2839.0,217.0,103.0,3.0,587.0,65.0,0
10.0,3163.0,154.0,258.0,5.0,920.0,80.0,0
15.0,1903.0,252.0,202.0,6.0,965.0,125.0,0
5.0,2003.0,205.0,197.0,1.0,436.0,74.0,1
15.0,653.0,202.0,154.0,4.0,415.0,75.0,0
1.0,462.0,198.0,183.0,1.0,760.0,105.0,0
10.0,4153.0,20.0,208.0,6.0,830.0,135.0,1
5.0,1604.0,261.0,33.0,4.0,1030.0,193.0,0
1.0,1258.0,154.0,268.0,3.0,415.0,215.0,0
15.0,1509.0,264.0,153.0,5.0,650.0,70.0,1
3.0,173.0,148.0,258.0,5.0,1075.0,397.0,0
7.0,285.0,268.0,79.0,5.0,375.0,144.0,0
16.0,2056.0,172.0,96.0,5.0,635.0,165.0,1
14.0,1266.0,16.0,216.0,3.0,770.0,124.0,0
14.0,1515.0,273.0,60.0,5.0,490.0,137.0,1
1.0,319.0,159.0,208.0,4.0,600.0,170.0,0
4.0,190.0,135.0,183.0,3.0,1155.0,143.0,0
15.0,1664.0,258.0,154.0,5.0,730.0,70.0,0
11.0,6340.0,177.0,178.0,5.0,545.0,132.0,0
15.0,1306.0,2.0,153.0,1.0,785.0,95.0,0
6.0,5105.0,147.0,85.0,1.0,530.0,148.0,0
14.0,1165.0,216.0,60.0,7.0,1245.0,105.0,0
1.0,2004.0,154.0,208.0,3.0,510.0,250.0,0
12.0,6569.0,86.0,208.0,1.0,677.0,68.0,0
15.0,1620.0,175.0,217.0,6.0,430.0,245.0,0
2.0,689.0,18.0,258.0,3.0,480.0,236.0,0
12.0,6995.0,109.0,208.0,7.0,922.0,63.0,1
12.0,6605.0,79.0,29.0,7.0,1032.0,94.0,1
0.0,4328.0,197.0,139.0,6.0,440.0,103.0,1
10.0,3016.0,243.0,154.0,7.0,475.0,40.0,0
1.0,1464.0,80.0,279.0,4.0,1245.0,55.0,0
15.0,2171.0,44.0,262.0,6.0,1195.0,75.0,0
6.0,7086.0,208.0,76.0,7.0,461.0,66.0,1
5.0,348.0,172.0,16.0,3.0,668.0,122.0,0
12.0,7755.0,261.0,49.0,3.0,459.0,72.0,0
13.0,114.0,208.0,173.0,5.0,960.0,161.0,0
12.0,6850.0,208.0,171.0,4.0,370.0,60.0,0
5.0,1150.0,128.0,154.0,7.0,480.0,328.0,0
16.0,2156.0,280.0,135.0,5.0,706.0,134.0,0
15.0,1796.0,217.0,243.0,6.0,1040.0,65.0,0
0.0,4001.0,177.0,75.0,1.0,565.0,96.0,0
14.0,799.0,216.0,173.0,3.0,1095.0,164.0,0
4.0,1578.0,244.0,135.0,1.0,820.0,59.0,1
12.0,7759.0,89.0,261.0,7.0,490.0,78.0,0
14.0,1155.0,216.0,183.0,4.0,460.0,180.0,0
15.0,949.0,173.0,79.0,4.0,535.0,255.0,0
13.0,526.0,35.0,253.0,4.0,1218.0,415.0,0
15.0,307.0,253.0,154.0,6.0,975.0,75.0,1
5.0,2195.0,139.0,154.0,5.0,1115.0,277.0,1
2.0,698.0,252.0,111.0,4.0,1380.0,57.0,0
0.0,4245.0,175.0,85.0,6.0,840.0,87.0,0
6.0,4967.0,16.0,32.0,1.0,1045.0,106.0,1
16.0,2542.0,58.0,182.0,6.0,755.0,87.0,0
10.0,3654.0,234.0,183.0,1.0,445.0,160.0,0
15.0,1048.0,75.0,244.0,3.0,880.0,60.0,1
13.0,58.0,238.0,208.0,1.0,444.0,121.0,1
15.0,1782.0,202.0,207.0,6.0,800.0,70.0,1
5.0,1616.0,79.0,16.0,1.0,440.0,168.0,0
16.0,5930.0,84.0,208.0,3.0,1053.0,81.0,1
14.0,928.0,60.0,208.0,6.0,868.0,120.0,1
0.0,4116.0,85.0,43.0,1.0,935.0,78.0,0
8.0,6.0,173.0,260.0,3.0,1184.0,161.0,0
6.0,5037.0,116.0,16.0,6.0,945.0,86.0,0
16.0,2673.0,85.0,135.0,5.0,712.0,172.0,0
14.0,2135.0,35.0,159.0,6.0,960.0,75.0,0
1.0,276.0,154.0,183.0,5.0,1340.0,280.0,0
14.0,1759.0,216.0,233.0,3.0,1230.0,85.0,1
15.0,1684.0,262.0,243.0,4.0,965.0,85.0,1
15.0,337.0,214.0,2.0,4.0,680.0,155.0,1
5.0,2354.0,154.0,16.0,4.0,1435.0,250.0,0
15.0,7.0,172.0,75.0,5.0,395.0,95.0,1
8.0,1454.0,130.0,213.0,1.0,793.0,174.0,0
7.0,822.0,172.0,79.0,3.0,405.0,110.0,1
16.0,2828.0,75.0,135.0,7.0,1140.0,62.0,1
12.0,6877.0,254.0,79.0,5.0,1161.0,131.0,0
12.0,6340.0,208.0,19.0,4.0,786.0,105.0,0
6.0,5078.0,41.0,177.0,4.0,390.0,76.0,0
10.0,3374.0,71.0,80.0,7.0,795.0,165.0,1
15.0,1466.0,58.0,175.0,3.0,875.0,75.0,1
15.0,2920.0,79.0,139.0,6.0,1050.0,145.0,0
3.0,701.0,148.0,260.0,1.0,360.0,218.0,1
15.0,326.0,153.0,33.0,1.0,480.0,210.0,1
3.0,593.0,130.0,173.0,5.0,670.0,163.0,0
10.0,3816.0,79.0,208.0,7.0,620.0,145.0,0
14.0,1055.0,221.0,60.0,5.0,1155.0,92.0,1
8.0,1454.0,130.0,213.0,5.0,793.0,174.0,0
11.0,6531.0,85.0,205.0,6.0,940.0,148.0,0
8.0,601.0,45.0,241.0,5.0,500.0,161.0,0
8.0,430.0,16.0,184.0,5.0,1075.0,125.0,0
12.0,6708.0,253.0,210.0,7.0,1069.0,115.0,1
10.0,4111.0,208.0,60.0,4.0,1200.0,115.0,0
10.0,4436.0,78.0,148.0,7.0,595.0,65.0,0
15.0,3395.0,243.0,153.0,1.0,880.0,70.0,1
4.0,1471.0,279.0,135.0,6.0,370.0,93.0,0
15.0,375.0,217.0,243.0,1.0,450.0,70.0,0
16.0,2430.0,18.0,135.0,4.0,570.0,56.0,0
1.0,1066.0,80.0,33.0,1.0,615.0,100.0,1
9.0,103.0,128.0,161.0,3.0,331.0,35.0,0
10.0,2941.0,80.0,223.0,3.0,935.0,100.0,0
2.0,537.0,207.0,252.0,4.0,380.0,166.0,0
0.0,4136.0,85.0,142.0,7.0,880.0,83.0,1
0.0,3675.0,85.0,12.0,1.0,840.0,99.0,1
12.0,6610.0,79.0,114.0,5.0,855.0,53.0,0
12.0,6729.0,16.0,79.0,6.0,537.0,214.0,0
5.0,1562.0,177.0,85.0,3.0,600.0,117.0,1
16.0,2811.0,135.0,190.0,7.0,785.0,75.0,0
17.0,7306.0,273.0,134.0,6.0,618.0,77.0,0
10.0,4344.0,208.0,85.0,5.0,835.0,80.0,0
13.0,948.0,154.0,79.0,5.0,981.0,144.0,0
0.0,3888.0,204.0,177.0,6.0,725.0,94.0,0
8.0,135.0,16.0,277.0,1.0,610.0,90.0,0
5.0,1185.0,96.0,261.0,3.0,1044.0,314.0,1
5.0,2356.0,233.0,85.0,5.0,355.0,125.0,0
11.0,6360.0,85.0,56.0,1.0,530.0,106.0,0
12.0,6592.0,56.0,208.0,1.0,906.0,74.0,1
3.0,312.0,104.0,134.0,3.0,930.0,146.0,1
6.0,5605.0,237.0,16.0,3.0,360.0,86.0,0
12.0,6518.0,208.0,136.0,1.0,496.0,114.0,1
5.0,72.0,16.0,148.0,3.0,745.0,145.0,1
4.0,229.0,79.0,96.0,1.0,505.0,225.0,1
2.0,323.0,258.0,252.0,1.0,405.0,129.0,0
0.0,4072.0,177.0,288.0,4.0,875.0,84.0,0
12.0,6871.0,79.0,192.0,1.0,755.0,102.0,0
11.0,6326.0,85.0,58.0,6.0,1035.0,65.0,0
1.0,1528.0,253.0,80.0,1.0,990.0,205.0,0
5.0,1763.0,78.0,197.0,7.0,826.0,174.0,1
16.0,2472.0,135.0,147.0,3.0,815.0,123.0,0
15.0,2155.0,262.0,44.0,6.0,535.0,70.0,0
15.0,2705.0,228.0,45.0,4.0,1095.0,85.0,1
16.0,2424.0,71.0,96.0,5.0,962.0,125.0,1
2.0,368.0,252.0,262.0,6.0,630.0,106.0,0
16.0,2593.0,135.0,205.0,7.0,800.0,128.0,0
8.0,1624.0,173.0,216.0,5.0,600.0,138.0,0
2.0,129.0,252.0,98.0,6.0,1150.0,235.0,0
11.0,6635.0,35.0,148.0,4.0,615.0,86.0,0
12.0,6495.0,208.0,187.0,7.0,900.0,47.0,1
4.0,87.0,58.0,96.0,5.0,450.0,84.0,0
6.0,5238.0,16.0,121.0,4.0,906.0,59.0,0
10.0,3748.0,208.0,197.0,6.0,360.0,85.0,1
13.0,16.0,208.0,45.0,3.0,796.0,114.0,0
13.0,417.0,153.0,208.0,3.0,887.0,214.0,0
10.0,4493.0,268.0,148.0,7.0,620.0,155.0,0
6.0,4996.0,16.0,54.0,5.0,891.0,73.0,1
3.0,915.0,148.0,208.0,4.0,821.0,159.0,0
1.0,2004.0,154.0,208.0,6.0,510.0,250.0,0
6.0,5135.0,157.0,16.0,6.0,755.0,89.0,0
1.0,1295.0,173.0,154.0,3.0,775.0,335.0,1
16.0,2401.0,182.0,58.0,3.0,830.0,112.0,0
13.0,625.0,78.0,208.0,6.0,1005.0,136.0,0
1.0,1034.0,79.0,80.0,6.0,640.0,120.0,0
16.0,2657.0,96.0,290.0,5.0,945.0,205.0,0
15.0,677.0,79.0,18.0,7.0,845.0,125.0,1
16.0,2496.0,135.0,251.0,7.0,990.0,125.0,1
15.0,411.0,253.0,79.0,4.0,960.0,150.0,1
13.0,468.0,253.0,243.0,3.0,540.0,96.0,0
14.0,791.0,260.0,60.0,7.0,1060.0,234.0,1
6.0,7372.0,116.0,177.0,5.0,385.0,83.0,0
1.0,1639.0,148.0,260.0,7.0,1230.0,230.0,0
14.0,24.0,217.0,154.0,3.0,515.0,85.0,0
14.0,1170.0,60.0,221.0,6.0,895.0,87.0,0
5.0,2530.0,46.0,197.0,5.0,360.0,138.0,0
11.0,6567.0,58.0,85.0,1.0,802.0,58.0,0
0.0,3750.0,85.0,152.0,6.0,830.0,50.0,1
10.0,2766.0,1.0,80.0,5.0,575.0,50.0,0
5.0,1759.0,215.0,16.0,6.0,973.0,115.0,0
16.0,2760.0,135.0,197.0,5.0,810.0,159.0,0
1.0,2395.0,60.0,80.0,3.0,945.0,180.0,0
3.0,1251.0,35.0,134.0,5.0,509.0,102.0,0
14.0,61.0,60.0,277.0,6.0,780.0,99.0,0
0.0,3783.0,61.0,177.0,4.0,1080.0,107.0,0
12.0,6878.0,79.0,251.0,6.0,620.0,150.0,0
15.0,611.0,264.0,258.0,1.0,850.0,75.0,1
15.0,944.0,75.0,170.0,1.0,895.0,70.0,1
11.0,6669.0,177.0,139.0,4.0,1135.0,82.0,0
14.0,1471.0,208.0,60.0,4.0,970.0,111.0,1
15.0,896.0,277.0,12.0,1.0,1060.0,165.0,1
6.0,5291.0,16.0,87.0,6.0,570.0,73.0,0
6.0,5482.0,221.0,69.0,6.0,980.0,42.0,1
3.0,371.0,159.0,104.0,6.0,360.0,174.0,0
15.0,958.0,258.0,243.0,3.0,510.0,75.0,0
1.0,1426.0,80.0,244.0,6.0,925.0,70.0,0
15.0,1727.0,268.0,205.0,3.0,1005.0,75.0,1
11.0,6311.0,16.0,69.0,5.0,1231.0,84.0,0
15.0,1715.0,154.0,18.0,3.0,885.0,170.0,1
2.0,485.0,243.0,252.0,4.0,1150.0,170.0,0
15.0,1219.0,261.0,2.0,5.0,670.0,90.0,0
10.0,3704.0,91.0,208.0,5.0,400.0,175.0,0
6.0,5301.0,47.0,16.0,6.0,766.0,78.0,1
12.0,4652.0,112.0,197.0,4.0,655.0,80.0,0
14.0,2048.0,78.0,35.0,7.0,1260.0,81.0,0
5.0,2773.0,85.0,184.0,5.0,930.0,70.0,1
4.0,1497.0,135.0,153.0,1.0,970.0,205.0,0
15.0,337.0,214.0,2.0,7.0,680.0,155.0,1
1.0,1758.0,154.0,208.0,5.0,645.0,250.0,1
0.0,3873.0,85.0,42.0,4.0,845.0,106.0,1
12.0,7016.0,208.0,130.0,4.0,435.0,121.0,1
5.0,1282.0,261.0,214.0,5.0,516.0,131.0,0
0.0,4143.0,85.0,234.0,5.0,443.0,112.0,0
15.0,1073.0,236.0,153.0,4.0,1000.0,70.0,0
8.0,1218.0,175.0,267.0,4.0,420.0,154.0,0
15.0,2200.0,35.0,216.0,5.0,610.0,100.0,0
10.0,3301.0,80.0,254.0,3.0,1350.0,70.0,0
15.0,2621.0,18.0,154.0,7.0,1110.0,205.0,1
15.0,3949.0,33.0,61.0,5.0,700.0,70.0,0
5.0,1534.0,16.0,234.0,1.0,905.0,95.0,0
14.0,183.0,217.0,104.0,5.0,590.0,258.0,1
12.0,7037.0,79.0,280.0,5.0,505.0,117.0,0
11.0,6291.0,35.0,233.0,4.0,945.0,146.0,0
11.0,6644.0,177.0,205.0,4.0,1160.0,108.0,0
6.0,5153.0,200.0,16.0,3.0,832.0,87.0,0
14.0,1401.0,60.0,104.0,6.0,975.0,120.0,0
4.0,1155.0,213.0,96.0,5.0,825.0,172.0,0
15.0,1923.0,261.0,214.0,5.0,1115.0,125.0,1
16.0,5893.0,58.0,208.0,5.0,513.0,87.0,0
15.0,696.0,154.0,45.0,7.0,720.0,290.0,1
10.0,4489.0,159.0,35.0,3.0,1190.0,65.0,0
1.0,1925.0,279.0,80.0,3.0,945.0,70.0,0
12.0,6679.0,111.0,253.0,4.0,1029.0,131.0,0
12.0,6375.0,63.0,208.0,6.0,893.0,82.0,1
15.0,1037.0,205.0,268.0,6.0,675.0,70.0,1
5.0,2692.0,217.0,197.0,4.0,1140.0,189.0,1
15.0,1127.0,268.0,197.0,3.0,590.0,95.0,1
8.0,943.0,45.0,238.0,7.0,696.0,66.0,0
2.0,560.0,214.0,154.0,5.0,400.0,137.0,1
7.0,677.0,173.0,79.0,7.0,522.0,243.0,0
11.0,6330.0,278.0,16.0,5.0,697.0,77.0,0
1.0,1915.0,172.0,80.0,7.0,570.0,105.0,0
4.0,1795.0,135.0,154.0,1.0,1075.0,218.0,1
5.0,1046.0,261.0,16.0,4.0,720.0,213.0,1
14.0,1437.0,45.0,60.0,4.0,835.0,89.0,0
12.0,6897.0,164.0,208.0,3.0,1124.0,96.0,0
8.0,300.0,79.0,16.0,7.0,375.0,170.0,0
16.0,2960.0,60.0,135.0,4.0,882.0,176.0,0
5.0,2352.0,213.0,16.0,4.0,886.0,113.0,0
10.0,3655.0,183.0,234.0,6.0,1220.0,140.0,1
13.0,302.0,208.0,12.0,1.0,1080.0,115.0,0
15.0,817.0,44.0,258.0,3.0,485.0,65.0,1
5.0,1209.0,35.0,261.0,7.0,390.0,342.0,1
1.0,581.0,78.0,268.0,3.0,430.0,140.0,0
15.0,591.0,79.0,153.0,4.0,1115.0,120.0,0
15.0,3138.0,139.0,79.0,5.0,690.0,185.0,1
17.0,2762.0,217.0,244.0,1.0,595.0,141.0,1
5.0,2696.0,183.0,78.0,6.0,1180.0,147.0,0
17.0,7237.0,54.0,208.0,6.0,431.0,143.0,1
13.0,15.0,148.0,253.0,5.0,870.0,403.0,0
12.0,6927.0,127.0,79.0,3.0,823.0,107.0,1
0.0,4185.0,221.0,177.0,3.0,430.0,143.0,0
3.0,171.0,148.0,262.0,7.0,1155.0,395.0,0
14.0,407.0,208.0,217.0,3.0,645.0,228.0,1
4.0,391.0,183.0,135.0,3.0,875.0,171.0,1
14.0,656.0,217.0,264.0,4.0,1270.0,80.0,1
1.0,655.0,148.0,269.0,7.0,540.0,250.0,0
2.0,875.0,252.0,161.0,1.0,1005.0,373.0,1
1.0,1878.0,262.0,80.0,3.0,360.0,205.0,0
10.0,4017.0,208.0,174.0,3.0,570.0,105.0,0
13.0,705.0,261.0,79.0,7.0,803.0,84.0,1
5.0,420.0,260.0,16.0,1.0,580.0,238.0,0
12.0,6495.0,65.0,154.0,3.0,364.0,161.0,0
15.0,1486.0,75.0,204.0,3.0,925.0,50.0,1
12.0,4439.0,197.0,192.0,5.0,1035.0,91.0,0
10.0,4469.0,78.0,33.0,3.0,735.0,120.0,0
15.0,1106.0,202.0,214.0,1.0,740.0,100.0,1
15.0,595.0,44.0,258.0,5.0,430.0,65.0,1
5.0,1639.0,78.0,16.0,3.0,840.0,123.0,0
13.0,782.0,2.0,134.0,6.0,485.0,223.0,0
1.0,1716.0,217.0,80.0,4.0,585.0,140.0,0
6.0,5590.0,290.0,177.0,5.0,390.0,66.0,0
15.0,1163.0,204.0,79.0,7.0,1080.0,100.0,1
15.0,905.0,79.0,204.0,5.0,1220.0,85.0,0
6.0,5573.0,16.0,290.0,5.0,905.0,122.0,0
15.0,1345.0,162.0,75.0,5.0,575.0,65.0,0
8.0,762.0,16.0,213.0,7.0,760.0,106.0,0
4.0,1669.0,253.0,135.0,1.0,881.0,219.0,1
5.0,2584.0,268.0,261.0,1.0,480.0,202.0,1
12.0,4719.0,261.0,160.0,7.0,515.0,113.0,0
1.0,836.0,80.0,78.0,6.0,510.0,160.0,1
8.0,517.0,16.0,61.0,3.0,610.0,96.0,0
9.0,266.0,128.0,203.0,6.0,1045.0,37.0,0
4.0,333.0,159.0,135.0,1.0,405.0,235.0,1
8.0,738.0,197.0,184.0,5.0,360.0,70.0,0
5.0,2444.0,153.0,71.0,1.0,684.0,226.0,0
14.0,1126.0,60.0,80.0,4.0,885.0,175.0,0
15.0,1144.0,262.0,243.0,6.0,795.0,85.0,1
5.0,1004.0,279.0,16.0,6.0,420.0,122.0,0
1.0,1472.0,80.0,16.0,1.0,700.0,125.0,1
5.0,1316.0,79.0,16.0,7.0,707.0,173.0,1
11.0,6312.0,71.0,221.0,7.0,915.0,70.0,0
8.0,83.0,16.0,104.0,7.0,620.0,117.0,0
1.0,1365.0,35.0,80.0,4.0,520.0,275.0,0
1.0,1905.0,78.0,80.0,7.0,600.0,225.0,0
3.0,480.0,154.0,35.0,4.0,1439.0,321.0,0
15.0,3597.0,175.0,173.0,5.0,1185.0,160.0,1
12.0,6381.0,208.0,80.0,5.0,1060.0,151.0,1
13.0,469.0,253.0,153.0,5.0,640.0,104.0,1
13.0,324.0,154.0,134.0,3.0,511.0,289.0,1
12.0,4678.0,44.0,261.0,1.0,790.0,110.0,0
9.0,132.0,203.0,143.0,4.0,569.0,36.0,1
6.0,5062.0,16.0,120.0,1.0,487.0,73.0,0
1.0,246.0,150.0,154.0,7.0,1365.0,310.0,0
4.0,8.0,96.0,35.0,5.0,1080.0,77.0,0
3.0,553.0,96.0,241.0,3.0,489.0,195.0,0
5.0,2582.0,173.0,22.0,5.0,1100.0,154.0,0
5.0,2128.0,173.0,85.0,6.0,825.0,160.0,0
8.0,446.0,16.0,198.0,1.0,732.0,96.0,0
0.0,3944.0,197.0,171.0,3.0,1160.0,88.0,0
13.0,635.0,208.0,252.0,3.0,482.0,275.0,1
13.0,160.0,79.0,205.0,3.0,824.0,88.0,0
12.0,4458.0,46.0,261.0,6.0,395.0,75.0,0
15.0,2958.0,75.0,244.0,5.0,530.0,65.0,1
1.0,2538.0,153.0,208.0,1.0,40.0,200.0,0
1.0,1845.0,183.0,260.0,5.0,720.0,145.0,1
5.0,2268.0,159.0,241.0,5.0,615.0,197.0,1
1.0,2162.0,80.0,213.0,5.0,835.0,150.0,0
16.0,3130.0,78.0,96.0,4.0,410.0,63.0,1
15.0,1692.0,214.0,153.0,7.0,950.0,130.0,0
5.0,1616.0,79.0,16.0,7.0,440.0,168.0,0
5.0,1096.0,241.0,16.0,3.0,1141.0,110.0,1
15.0,2653.0,262.0,214.0,7.0,485.0,100.0,1
13.0,946.0,173.0,134.0,6.0,823.0,136.0,1
5.0,1801.0,16.0,18.0,6.0,1315.0,163.0,1
10.0,2827.0,80.0,54.0,4.0,510.0,145.0,0
8.0,1211.0,229.0,173.0,6.0,982.0,200.0,0
1.0,1477.0,80.0,18.0,1.0,625.0,55.0,1
17.0,2609.0,60.0,33.0,5.0,800.0,90.0,0
14.0,1854.0,60.0,228.0,3.0,870.0,110.0,1
8.0,201.0,16.0,48.0,3.0,803.0,95.0,0
5.0,2407.0,197.0,208.0,7.0,780.0,81.0,0
13.0,814.0,154.0,79.0,5.0,689.0,145.0,0
5.0,2916.0,18.0,197.0,3.0,1070.0,161.0,0
16.0,2555.0,116.0,135.0,6.0,740.0,82.0,0
17.0,7264.0,208.0,229.0,7.0,1182.0,135.0,1
17.0,2654.0,60.0,134.0,3.0,455.0,79.0,0
15.0,1795.0,264.0,258.0,5.0,1275.0,75.0,1
10.0,4559.0,159.0,61.0,4.0,650.0,120.0,0
11.0,6593.0,134.0,85.0,4.0,1021.0,114.0,0
10.0,4522.0,148.0,78.0,6.0,509.0,91.0,0
0.0,3758.0,20.0,85.0,4.0,745.0,100.0,1
15.0,1491.0,236.0,214.0,4.0,1085.0,90.0,1
16.0,2307.0,96.0,268.0,3.0,1255.0,179.0,0
12.0,6844.0,135.0,208.0,5.0,742.0,153.0,0
14.0,1266.0,16.0,216.0,6.0,770.0,126.0,0
17.0,7264.0,208.0,60.0,6.0,882.0,113.0,1
8.0,716.0,48.0,173.0,6.0,798.0,150.0,0
6.0,5186.0,35.0,78.0,1.0,995.0,110.0,0
6.0,5436.0,188.0,177.0,5.0,1022.0,68.0,1
15.0,3143.0,175.0,251.0,6.0,1140.0,65.0,1
15.0,117.0,243.0,262.0,1.0,535.0,95.0,1
0.0,3697.0,85.0,27.0,3.0,545.0,125.0,1
8.0,324.0,253.0,16.0,6.0,770.0,270.0,1
5.0,2633.0,175.0,16.0,1.0,992.0,120.0,1
15.0,2610.0,243.0,175.0,4.0,1020.0,235.0,1
4.0,84.0,16.0,96.0,3.0,730.0,140.0,0
0.0,4150.0,139.0,78.0,3.0,743.0,95.0,0
15.0,281.0,221.0,216.0,5.0,685.0,80.0,0
1.0,1088.0,33.0,159.0,1.0,420.0,125.0,0
16.0,2882.0,135.0,33.0,5.0,1045.0,108.0,0
3.0,382.0,104.0,159.0,3.0,1220.0,161.0,1
13.0,886.0,253.0,153.0,1.0,758.0,104.0,0
8.0,198.0,16.0,78.0,5.0,827.0,101.0,0
3.0,1254.0,134.0,35.0,5.0,980.0,90.0,0
12.0,6619.0,61.0,208.0,7.0,580.0,76.0,0
6.0,5214.0,16.0,58.0,5.0,590.0,112.0,1
8.0,865.0,16.0,173.0,3.0,530.0,90.0,1
12.0,6510.0,262.0,154.0,4.0,1176.0,83.0,0
8.0,363.0,159.0,16.0,5.0,420.0,153.0,0
7.0,450.0,184.0,159.0,4.0,844.0,135.0,1
17.0,7304.0,147.0,134.0,4.0,888.0,107.0,0
5.0,1536.0,85.0,45.0,7.0,625.0,96.0,0
16.0,2277.0,135.0,38.0,4.0,715.0,68.0,0
15.0,3168.0,175.0,134.0,6.0,710.0,105.0,1
15.0,1686.0,104.0,277.0,1.0,1075.0,60.0,1
1.0,1077.0,80.0,253.0,7.0,470.0,230.0,0
7.0,262.0,79.0,264.0,4.0,495.0,143.0,1
6.0,7088.0,134.0,237.0,3.0,1121.0,60.0,0
13.0,180.0,253.0,35.0,6.0,1367.0,343.0,0
6.0,7125.0,134.0,43.0,5.0,760.0,69.0,0
10.0,4454.0,78.0,148.0,1.0,1080.0,80.0,1
1.0,258.0,153.0,148.0,6.0,485.0,300.0,0
1.0,1197.0,80.0,244.0,3.0,1125.0,65.0,1
10.0,3970.0,208.0,45.0,7.0,465.0,115.0,0
8.0,1482.0,173.0,85.0,1.0,1005.0,150.0,0
16.0,2581.0,135.0,68.0,6.0,865.0,61.0,1
10.0,4228.0,208.0,254.0,1.0,760.0,95.0,0
15.0,3949.0,104.0,33.0,4.0,580.0,145.0,0
15.0,1981.0,209.0,173.0,6.0,885.0,125.0,1
12.0,6596.0,253.0,179.0,1.0,807.0,96.0,1
10.0,3963.0,208.0,33.0,1.0,815.0,90.0,0
10.0,3601.0,183.0,54.0,5.0,780.0,100.0,0
4.0,762.0,198.0,135.0,4.0,400.0,70.0,0
15.0,1852.0,216.0,35.0,1.0,425.0,85.0,0
12.0,7774.0,261.0,255.0,6.0,920.0,81.0,0
6.0,5306.0,121.0,16.0,7.0,764.0,80.0,0
13.0,447.0,216.0,253.0,6.0,1101.0,383.0,0
12.0,4721.0,204.0,261.0,7.0,1055.0,144.0,0
15.0,755.0,75.0,244.0,5.0,990.0,65.0,1
15.0,899.0,153.0,202.0,5.0,660.0,90.0,0
6.0,5463.0,16.0,288.0,1.0,506.0,80.0,1
4.0,208.0,214.0,135.0,4.0,1415.0,227.0,1
15.0,795.0,172.0,204.0,5.0,980.0,70.0,1
10.0,3296.0,68.0,80.0,5.0,600.0,80.0,0
1.0,539.0,80.0,153.0,7.0,1095.0,180.0,0
8.0,455.0,198.0,16.0,6.0,1155.0,80.0,0
2.0,497.0,243.0,252.0,5.0,845.0,174.0,0
15.0,3141.0,139.0,45.0,7.0,535.0,100.0,0
12.0,6977.0,33.0,208.0,5.0,880.0,105.0,0
16.0,2680.0,2.0,135.0,6.0,375.0,122.0,0
15.0,949.0,79.0,261.0,4.0,705.0,90.0,1
10.0,4209.0,58.0,208.0,5.0,990.0,90.0,0
1.0,604.0,80.0,251.0,6.0,720.0,125.0,1
15.0,827.0,216.0,33.0,3.0,540.0,145.0,1
5.0,1159.0,186.0,16.0,1.0,1023.0,101.0,0
15.0,2098.0,104.0,141.0,7.0,1185.0,165.0,0
15.0,240.0,44.0,262.0,3.0,1140.0,75.0,0
5.0,9.0,16.0,277.0,3.0,1230.0,91.0,0
17.0,2634.0,60.0,209.0,4.0,453.0,65.0,1
1.0,443.0,159.0,183.0,5.0,1100.0,205.0,0
12.0,4479.0,261.0,153.0,7.0,1310.0,81.0,1
11.0,6352.0,177.0,96.0,4.0,1150.0,164.0,1
6.0,5194.0,172.0,85.0,7.0,485.0,121.0,0
4.0,86.0,96.0,58.0,7.0,1215.0,98.0,1
15.0,1543.0,173.0,45.0,6.0,885.0,130.0,1
5.0,1382.0,159.0,35.0,3.0,750.0,67.0,0
1.0,1616.0,80.0,18.0,3.0,1020.0,55.0,0
5.0,2084.0,197.0,85.0,4.0,1055.0,105.0,0
15.0,7.0,172.0,75.0,4.0,395.0,95.0,0
12.0,7760.0,261.0,89.0,3.0,680.0,75.0,1
6.0,5343.0,16.0,204.0,3.0,535.0,143.0,0
14.0,604.0,217.0,153.0,4.0,885.0,72.0,0
12.0,4494.0,28.0,261.0,3.0,1020.0,79.0,0
12.0,6654.0,279.0,208.0,4.0,788.0,113.0,0
1.0,1904.0,208.0,183.0,6.0,1005.0,185.0,1
8.0,274.0,16.0,35.0,4.0,891.0,144.0,1
4.0,228.0,96.0,79.0,4.0,1020.0,270.0,1
5.0,2586.0,16.0,159.0,6.0,1060.0,144.0,0
3.0,109.0,43.0,148.0,1.0,485.0,84.0,0
10.0,4026.0,117.0,193.0,5.0,1195.0,40.0,0
1.0,342.0,80.0,22.0,5.0,750.0,195.0,0
16.0,2664.0,96.0,22.0,7.0,530.0,65.0,0
10.0,3710.0,208.0,290.0,5.0,1055.0,105.0,1
15.0,609.0,2.0,217.0,4.0,385.0,80.0,0
15.0,771.0,45.0,153.0,7.0,790.0,330.0,1
11.0,6274.0,197.0,82.0,3.0,675.0,57.0,0
15.0,8.0,153.0,258.0,5.0,775.0,80.0,0
16.0,2755.0,135.0,91.0,1.0,895.0,118.0,0
1.0,1890.0,154.0,208.0,6.0,1020.0,230.0,1
15.0,3133.0,139.0,277.0,7.0,820.0,140.0,1
15.0,1078.0,44.0,202.0,3.0,655.0,70.0,0
15.0,237.0,45.0,104.0,4.0,1140.0,160.0,1
5.0,1007.0,172.0,16.0,5.0,1068.0,124.0,0
15.0,675.0,91.0,75.0,5.0,1115.0,90.0,1
15.0,313.0,58.0,175.0,4.0,1095.0,75.0,1
8.0,207.0,16.0,48.0,4.0,525.0,99.0,0
6.0,5434.0,275.0,16.0,4.0,910.0,74.0,0
5.0,1006.0,154.0,198.0,5.0,48.0,220.0,0
3.0,923.0,35.0,208.0,4.0,1170.0,169.0,1
5.0,1437.0,45.0,85.0,1.0,995.0,99.0,0
15.0,2450.0,264.0,253.0,4.0,935.0,80.0,0
15.0,2463.0,258.0,79.0,1.0,1070.0,145.0,0
4.0,212.0,135.0,260.0,5.0,610.0,252.0,1
15.0,813.0,141.0,213.0,6.0,475.0,180.0,0
10.0,3822.0,208.0,197.0,6.0,655.0,95.0,1
5.0,1549.0,16.0,253.0,5.0,668.0,330.0,0
12.0,3072.0,139.0,184.0,6.0,610.0,63.0,1
4.0,1603.0,135.0,18.0,7.0,1075.0,58.0,0
13.0,635.0,208.0,252.0,5.0,486.0,277.0,0
14.0,1550.0,60.0,233.0,7.0,1360.0,54.0,0
1.0,1349.0,80.0,100.0,5.0,1210.0,215.0,0
5.0,2451.0,16.0,251.0,7.0,1305.0,89.0,0
9.0,194.0,128.0,203.0,5.0,1075.0,37.0,0
16.0,2779.0,162.0,135.0,1.0,995.0,82.0,0
10.0,3262.0,165.0,80.0,4.0,700.0,80.0,0
14.0,1717.0,216.0,213.0,1.0,1075.0,168.0,0
15.0,219.0,153.0,175.0,4.0,495.0,215.0,0
9.0,201.0,143.0,128.0,3.0,433.0,49.0,0
12.0,4628.0,261.0,224.0,5.0,1310.0,101.0,1
15.0,1294.0,217.0,261.0,7.0,1130.0,95.0,1
14.0,966.0,60.0,33.0,4.0,707.0,88.0,0
5.0,1889.0,71.0,16.0,6.0,360.0,103.0,0
13.0,189.0,45.0,208.0,7.0,360.0,134.0,0
14.0,1048.0,80.0,60.0,3.0,835.0,141.0,1
5.0,25.0,16.0,233.0,7.0,975.0,83.0,1
11.0,6556.0,198.0,71.0,1.0,1010.0,124.0,0
1.0,462.0,183.0,78.0,1.0,980.0,145.0,1
10.0,3331.0,80.0,120.0,5.0,505.0,145.0,0
13.0,219.0,173.0,134.0,5.0,719.0,131.0,0
16.0,5911.0,208.0,218.0,3.0,785.0,49.0,1
5.0,1490.0,197.0,85.0,3.0,395.0,112.0,0
13.0,901.0,253.0,243.0,7.0,1125.0,96.0,0
12.0,6625.0,46.0,79.0,1.0,611.0,96.0,1
2.0,324.0,252.0,258.0,5.0,570.0,131.0,0
14.0,62.0,60.0,35.0,6.0,795.0,125.0,0
9.0,44.0,128.0,258.0,4.0,840.0,305.0,0
6.0,5302.0,16.0,174.0,4.0,655.0,114.0,1
12.0,4609.0,261.0,18.0,7.0,590.0,170.0,0
6.0,5112.0,78.0,35.0,7.0,775.0,92.0,0
12.0,6236.0,100.0,153.0,3.0,631.0,79.0,1
15.0,2982.0,147.0,33.0,5.0,630.0,95.0,0
1.0,1981.0,80.0,280.0,1.0,850.0,145.0,0
15.0,1479.0,202.0,243.0,6.0,600.0,85.0,1
5.0,1940.0,253.0,148.0,7.0,690.0,340.0,0
15.0,691.0,279.0,79.0,5.0,1170.0,105.0,1
1.0,1841.0,251.0,80.0,4.0,420.0,150.0,0
5.0,1647.0,159.0,16.0,3.0,660.0,159.0,0
2.0,9.0,173.0,252.0,3.0,500.0,385.0,0
16.0,2432.0,135.0,213.0,5.0,490.0,144.0,0
5.0,1546.0,217.0,16.0,5.0,720.0,220.0,0
15.0,1650.0,198.0,45.0,6.0,430.0,140.0,0
1.0,1669.0,80.0,264.0,4.0,525.0,195.0,0
15.0,1591.0,216.0,35.0,5.0,380.0,80.0,1
10.0,3728.0,96.0,208.0,6.0,960.0,165.0,0
15.0,757.0,262.0,214.0,1.0,960.0,90.0,1
15.0,1094.0,217.0,91.0,5.0,660.0,70.0,0
15.0,3839.0,253.0,217.0,7.0,785.0,115.0,1
6.0,7134.0,85.0,134.0,3.0,1160.0,90.0,0
17.0,1025.0,128.0,161.0,6.0,910.0,37.0,0
10.0,2726.0,80.0,41.0,7.0,720.0,80.0,0
8.0,65.0,134.0,16.0,3.0,1178.0,117.0,0
15.0,2531.0,34.0,111.0,6.0,580.0,65.0,0
14.0,1769.0,159.0,60.0,7.0,1137.0,128.0,1
12.0,6401.0,93.0,253.0,6.0,384.0,94.0,0
12.0,6524.0,253.0,214.0,1.0,1011.0,100.0,0
10.0,4614.0,85.0,159.0,1.0,720.0,105.0,0
1.0,2206.0,80.0,134.0,7.0,1040.0,160.0,0
15.0,1488.0,104.0,12.0,6.0,1110.0,185.0,1
15.0,198.0,277.0,184.0,3.0,840.0,165.0,1
17.0,2932.0,280.0,217.0,3.0,480.0,54.0,0
2.0,508.0,252.0,264.0,6.0,750.0,162.0,0
12.0,4680.0,261.0,93.0,1.0,692.0,115.0,0
8.0,58.0,154.0,16.0,5.0,1385.0,250.0,0
15.0,1001.0,75.0,198.0,4.0,1005.0,80.0,1
17.0,7210.0,134.0,147.0,1.0,515.0,117.0,0
11.0,6310.0,33.0,71.0,1.0,965.0,66.0,0
8.0,76.0,104.0,16.0,1.0,1015.0,116.0,1
2.0,61.0,149.0,291.0,4.0,616.0,62.0,1
4.0,1083.0,35.0,135.0,3.0,800.0,262.0,1
12.0,4554.0,122.0,261.0,1.0,380.0,88.0,0
16.0,2358.0,27.0,135.0,5.0,675.0,114.0,0
15.0,860.0,217.0,264.0,3.0,1055.0,70.0,0
10.0,3260.0,76.0,80.0,7.0,765.0,170.0,0
1.0,1371.0,134.0,80.0,6.0,615.0,215.0,0
4.0,1475.0,135.0,80.0,6.0,1270.0,59.0,0
13.0,331.0,208.0,252.0,5.0,583.0,279.0,1
8.0,1245.0,173.0,106.0,5.0,1244.0,158.0,1
1.0,632.0,80.0,35.0,5.0,1100.0,200.0,1
10.0,3238.0,59.0,80.0,4.0,725.0,55.0,0
12.0,7000.0,209.0,208.0,6.0,576.0,147.0,1
16.0,2501.0,135.0,91.0,4.0,690.0,118.0,1
16.0,2323.0,12.0,58.0,6.0,370.0,100.0,0
8.0,890.0,154.0,184.0,7.0,450.0,240.0,0
10.0,3322.0,120.0,80.0,5.0,390.0,200.0,0
5.0,1696.0,16.0,22.0,4.0,577.0,150.0,0
13.0,143.0,277.0,208.0,3.0,380.0,170.0,0
13.0,640.0,208.0,216.0,4.0,1260.0,119.0,0
12.0,6650.0,253.0,191.0,7.0,1297.0,36.0,1
10.0,4488.0,69.0,159.0,4.0,395.0,100.0,0
15.0,2982.0,45.0,268.0,3.0,1000.0,145.0,1
11.0,6517.0,139.0,159.0,3.0,705.0,122.0,1
1.0,1772.0,183.0,148.0,6.0,845.0,170.0,0
1.0,1088.0,33.0,159.0,7.0,420.0,125.0,0
14.0,1183.0,35.0,216.0,1.0,690.0,94.0,0
15.0,589.0,153.0,261.0,4.0,1295.0,75.0,0
5.0,1046.0,261.0,16.0,6.0,720.0,213.0,0
13.0,408.0,264.0,79.0,7.0,797.0,139.0,1
1.0,283.0,154.0,128.0,5.0,625.0,365.0,1
6.0,7356.0,16.0,187.0,4.0,512.0,118.0,0
12.0,6346.0,253.0,248.0,1.0,712.0,72.0,0
1.0,1494.0,80.0,104.0,1.0,660.0,155.0,0
17.0,2778.0,217.0,227.0,7.0,1095.0,92.0,0
6.0,7306.0,85.0,147.0,4.0,535.0,148.0,1
14.0,2128.0,159.0,35.0,4.0,780.0,65.0,0
10.0,4277.0,71.0,148.0,1.0,775.0,120.0,0
15.0,1052.0,153.0,205.0,7.0,985.0,160.0,1
0.0,4264.0,223.0,16.0,1.0,709.0,70.0,0
0.0,3896.0,25.0,85.0,4.0,994.0,96.0,0
0.0,4350.0,16.0,121.0,5.0,1315.0,56.0,1
6.0,7354.0,16.0,101.0,4.0,650.0,76.0,0
5.0,1842.0,16.0,61.0,5.0,595.0,111.0,1
16.0,2406.0,75.0,135.0,5.0,960.0,69.0,0
10.0,3398.0,156.0,80.0,4.0,755.0,75.0,0
3.0,377.0,159.0,104.0,1.0,809.0,182.0,0
6.0,5496.0,53.0,16.0,3.0,1020.0,104.0,0
12.0,4847.0,240.0,197.0,7.0,450.0,52.0,1
15.0,791.0,217.0,154.0,4.0,1090.0,85.0,1
15.0,872.0,153.0,264.0,3.0,610.0,65.0,0
14.0,1453.0,60.0,198.0,1.0,795.0,123.0,0
14.0,682.0,60.0,96.0,7.0,468.0,103.0,0
10.0,4593.0,159.0,233.0,1.0,820.0,105.0,1
4.0,361.0,217.0,135.0,7.0,360.0,148.0,0
9.0,515.0,203.0,128.0,7.0,1365.0,33.0,1
12.0,4701.0,261.0,154.0,3.0,585.0,119.0,0
6.0,7302.0,132.0,177.0,5.0,1020.0,62.0,1
5.0,1496.0,79.0,197.0,3.0,550.0,121.0,0
12.0,4794.0,207.0,261.0,4.0,365.0,104.0,0
15.0,1245.0,129.0,244.0,6.0,785.0,55.0,1
1.0,657.0,80.0,2.0,6.0,1320.0,110.0,0
2.0,48.0,9.0,14.0,4.0,515.0,54.0,0
6.0,5257.0,22.0,78.0,1.0,360.0,84.0,0
16.0,3115.0,228.0,58.0,3.0,360.0,117.0,0
16.0,2374.0,75.0,135.0,5.0,780.0,65.0,0
15.0,1581.0,91.0,154.0,5.0,590.0,130.0,1
10.0,3923.0,107.0,208.0,4.0,390.0,105.0,0
14.0,768.0,35.0,216.0,3.0,870.0,98.0,1
5.0,2586.0,261.0,16.0,7.0,665.0,215.0,1
0.0,4031.0,177.0,155.0,3.0,555.0,122.0,0
5.0,1793.0,148.0,85.0,3.0,855.0,138.0,1
13.0,469.0,253.0,153.0,3.0,640.0,104.0,0
14.0,1429.0,60.0,16.0,6.0,706.0,84.0,0
0.0,4069.0,197.0,205.0,4.0,1030.0,75.0,0
10.0,4080.0,208.0,99.0,1.0,575.0,120.0,1
15.0,908.0,175.0,173.0,3.0,635.0,155.0,1
5.0,1738.0,16.0,78.0,4.0,1100.0,104.0,1
1.0,685.0,183.0,135.0,5.0,910.0,175.0,0
3.0,667.0,43.0,173.0,1.0,553.0,167.0,0
15.0,1195.0,153.0,18.0,6.0,580.0,155.0,1
4.0,16.0,154.0,96.0,5.0,625.0,315.0,1
14.0,309.0,60.0,217.0,3.0,1195.0,280.0,1
15.0,1503.0,79.0,154.0,5.0,1230.0,155.0,1
15.0,661.0,79.0,175.0,7.0,550.0,140.0,1
11.0,6490.0,159.0,233.0,4.0,620.0,123.0,1
10.0,4333.0,148.0,221.0,3.0,895.0,105.0,0
4.0,38.0,135.0,96.0,3.0,790.0,210.0,1
5.0,2354.0,154.0,16.0,6.0,1435.0,249.0,1
15.0,1243.0,268.0,175.0,7.0,1155.0,60.0,1
15.0,2189.0,228.0,216.0,7.0,1195.0,85.0,0
15.0,1369.0,61.0,175.0,6.0,1055.0,75.0,0
13.0,839.0,208.0,154.0,5.0,1122.0,270.0,1
6.0,5161.0,52.0,16.0,6.0,460.0,59.0,0
6.0,5043.0,130.0,16.0,1.0,769.0,156.0,0
14.0,401.0,216.0,253.0,1.0,1080.0,385.0,0
0.0,3850.0,106.0,85.0,4.0,360.0,48.0,0
13.0,54.0,150.0,253.0,7.0,1315.0,311.0,0
3.0,408.0,217.0,35.0,1.0,750.0,291.0,0
13.0,14.0,147.0,208.0,6.0,425.0,155.0,1
15.0,824.0,216.0,221.0,5.0,730.0,75.0,0
7.0,533.0,79.0,175.0,1.0,510.0,138.0,0
10.0,4485.0,159.0,85.0,5.0,890.0,125.0,0
5.0,1082.0,16.0,85.0,3.0,772.0,123.0,0
6.0,5439.0,177.0,178.0,6.0,1195.0,138.0,0
6.0,5106.0,138.0,16.0,3.0,988.0,96.0,1
8.0,420.0,16.0,223.0,3.0,1335.0,75.0,1
11.0,6749.0,290.0,197.0,3.0,632.0,113.0,0
16.0,2362.0,96.0,234.0,5.0,995.0,85.0,0
10.0,3971.0,265.0,208.0,5.0,860.0,60.0,0
10.0,4484.0,159.0,33.0,6.0,660.0,160.0,0
10.0,2764.0,180.0,80.0,7.0,1030.0,130.0,0
5.0,2597.0,234.0,16.0,1.0,340.0,109.0,0
15.0,12.0,129.0,75.0,3.0,540.0,60.0,1
6.0,5434.0,16.0,285.0,7.0,1025.0,53.0,1
9.0,508.0,161.0,203.0,1.0,550.0,43.0,0
14.0,1707.0,268.0,60.0,6.0,450.0,109.0,0
15.0,2081.0,202.0,2.0,6.0,655.0,135.0,0
10.0,3033.0,154.0,246.0,6.0,630.0,40.0,0
1.0,855.0,104.0,80.0,6.0,820.0,195.0,0
12.0,6850.0,171.0,208.0,3.0,519.0,79.0,1
7.0,412.0,154.0,79.0,6.0,1125.0,131.0,1
12.0,6710.0,261.0,208.0,5.0,490.0,188.0,1
15.0,1024.0,182.0,45.0,6.0,470.0,100.0,1
13.0,780.0,221.0,79.0,6.0,946.0,228.0,0
16.0,2079.0,135.0,170.0,5.0,540.0,86.0,1
2.0,885.0,214.0,150.0,1.0,1060.0,370.0,1
15.0,488.0,154.0,244.0,7.0,490.0,165.0,0
5.0,1996.0,197.0,159.0,1.0,420.0,175.0,1
8.0,1626.0,173.0,216.0,1.0,1047.0,140.0,1
15.0,169.0,205.0,175.0,5.0,1110.0,85.0,1
15.0,3773.0,147.0,45.0,1.0,1090.0,110.0,1
16.0,5919.0,134.0,47.0,5.0,491.0,85.0,0
8.0,1492.0,173.0,61.0,6.0,709.0,130.0,1
0.0,3815.0,223.0,177.0,7.0,375.0,91.0,0
1.0,739.0,159.0,80.0,1.0,670.0,245.0,1
2.0,529.0,44.0,252.0,1.0,660.0,159.0,0
7.0,652.0,253.0,79.0,6.0,890.0,147.0,0
16.0,3135.0,71.0,135.0,7.0,1040.0,159.0,0
15.0,1231.0,141.0,277.0,1.0,420.0,185.0,0
15.0,2176.0,153.0,44.0,5.0,1215.0,60.0,1
16.0,3043.0,61.0,96.0,4.0,660.0,99.0,0
3.0,1783.0,148.0,173.0,4.0,830.0,176.0,1
5.0,2447.0,159.0,16.0,6.0,960.0,162.0,0
12.0,4826.0,99.0,261.0,7.0,390.0,145.0,1
3.0,251.0,202.0,160.0,1.0,969.0,76.0,1
12.0,4705.0,261.0,80.0,7.0,855.0,160.0,0
5.0,1830.0,214.0,261.0,7.0,805.0,105.0,1
5.0,1059.0,16.0,12.0,6.0,575.0,140.0,0
8.0,531.0,177.0,16.0,4.0,819.0,76.0,0
9.0,172.0,161.0,128.0,1.0,849.0,32.0,0
1.0,1588.0,80.0,198.0,7.0,1015.0,80.0,0
17.0,2973.0,253.0,153.0,1.0,1045.0,87.0,0
16.0,2165.0,38.0,135.0,1.0,808.0,74.0,0
6.0,5339.0,16.0,41.0,6.0,555.0,100.0,0
15.0,3586.0,228.0,45.0,1.0,860.0,80.0,0
2.0,12.0,252.0,35.0,6.0,530.0,316.0,0
10.0,3357.0,190.0,80.0,4.0,360.0,115.0,0
4.0,1048.0,135.0,104.0,3.0,465.0,143.0,1
10.0,4359.0,208.0,61.0,7.0,675.0,70.0,1
6.0,5114.0,16.0,237.0,3.0,1296.0,82.0,0
0.0,4359.0,240.0,197.0,7.0,590.0,50.0,0
2.0,866.0,150.0,252.0,4.0,840.0,337.0,1
14.0,680.0,217.0,60.0,6.0,390.0,225.0,0
12.0,6384.0,55.0,253.0,7.0,360.0,65.0,0
10.0,3044.0,154.0,79.0,4.0,725.0,140.0,0
14.0,2035.0,35.0,78.0,7.0,780.0,91.0,0
6.0,7135.0,54.0,134.0,5.0,609.0,90.0,0
12.0,6733.0,79.0,236.0,6.0,690.0,139.0,1
10.0,3288.0,80.0,254.0,5.0,560.0,75.0,0
11.0,6474.0,197.0,148.0,5.0,915.0,183.0,1
5.0,571.0,16.0,269.0,3.0,600.0,226.0,0
10.0,4540.0,61.0,159.0,5.0,795.0,105.0,0
15.0,1484.0,209.0,45.0,6.0,1010.0,55.0,0
9.0,190.0,161.0,128.0,7.0,1001.0,30.0,0
15.0,2718.0,262.0,207.0,7.0,1265.0,75.0,0
5.0,2345.0,71.0,153.0,7.0,555.0,269.0,0
1.0,1970.0,80.0,33.0,3.0,1090.0,100.0,1
15.0,1163.0,244.0,75.0,1.0,915.0,60.0,0
16.0,2234.0,96.0,76.0,5.0,495.0,122.0,0
11.0,6425.0,197.0,71.0,3.0,910.0,119.0,0
1.0,1183.0,80.0,204.0,6.0,1370.0,50.0,0
1.0,623.0,45.0,80.0,5.0,1000.0,220.0,0
15.0,807.0,207.0,202.0,1.0,435.0,75.0,0
15.0,1334.0,262.0,217.0,1.0,725.0,105.0,1
14.0,1456.0,78.0,173.0,5.0,615.0,142.0,1
8.0,202.0,48.0,16.0,5.0,664.0,109.0,0
10.0,4175.0,208.0,84.0,5.0,1290.0,80.0,0
12.0,6432.0,18.0,79.0,1.0,969.0,144.0,0
15.0,940.0,33.0,175.0,5.0,510.0,90.0,1
1.0,2305.0,208.0,80.0,3.0,485.0,150.0,1
15.0,1088.0,258.0,44.0,4.0,1210.0,60.0,1
5.0,211.0,148.0,153.0,3.0,1095.0,351.0,1
8.0,782.0,215.0,173.0,6.0,596.0,120.0,0
8.0,193.0,78.0,16.0,6.0,968.0,120.0,0
5.0,1497.0,85.0,244.0,5.0,740.0,213.0,1
17.0,2676.0,251.0,60.0,3.0,920.0,87.0,0
15.0,2118.0,243.0,262.0,4.0,1120.0,95.0,0
13.0,949.0,208.0,214.0,7.0,1020.0,279.0,0
15.0,2627.0,216.0,233.0,6.0,625.0,85.0,0
1.0,1274.0,264.0,80.0,3.0,890.0,175.0,1
14.0,209.0,217.0,244.0,3.0,1185.0,125.0,0
6.0,5006.0,16.0,273.0,7.0,1247.0,130.0,1
15.0,315.0,217.0,153.0,5.0,1060.0,70.0,1
0.0,3862.0,244.0,177.0,1.0,345.0,119.0,0
10.0,4665.0,159.0,16.0,1.0,495.0,165.0,0
12.0,7026.0,154.0,100.0,4.0,816.0,69.0,0
15.0,1980.0,154.0,258.0,3.0,930.0,65.0,1
13.0,621.0,78.0,208.0,7.0,877.0,128.0,0
12.0,6502.0,208.0,85.0,3.0,806.0,76.0,1
8.0,572.0,217.0,184.0,1.0,775.0,195.0,0
13.0,434.0,208.0,61.0,3.0,415.0,75.0,1
15.0,596.0,277.0,45.0,1.0,835.0,130.0,1
1.0,1040.0,80.0,44.0,6.0,680.0,205.0,1
6.0,5577.0,94.0,16.0,7.0,658.0,86.0,0
10.0,3680.0,183.0,120.0,5.0,660.0,125.0,0
16.0,5971.0,58.0,208.0,7.0,630.0,87.0,0
15.0,1712.0,79.0,111.0,6.0,570.0,150.0,1
15.0,19.0,129.0,68.0,7.0,745.0,50.0,0
1.0,755.0,208.0,244.0,5.0,650.0,175.0,0
8.0,1292.0,119.0,173.0,5.0,760.0,155.0,0
1.0,1967.0,208.0,173.0,5.0,1160.0,160.0,0
12.0,6396.0,253.0,44.0,3.0,808.0,69.0,1
6.0,5314.0,80.0,85.0,7.0,886.0,159.0,0
4.0,270.0,135.0,253.0,6.0,690.0,240.0,0
1.0,1355.0,35.0,80.0,3.0,440.0,270.0,0
10.0,3652.0,251.0,183.0,1.0,890.0,155.0,0
15.0,734.0,79.0,172.0,4.0,385.0,105.0,0
15.0,1294.0,154.0,217.0,3.0,965.0,80.0,1
6.0,7097.0,61.0,208.0,5.0,360.0,82.0,1
10.0,4175.0,208.0,84.0,4.0,1290.0,80.0,0
12.0,6329.0,6.0,253.0,4.0,523.0,82.0,1
5.0,2711.0,245.0,16.0,5.0,330.0,65.0,0
1.0,939.0,233.0,183.0,7.0,805.0,130.0,1
11.0,6697.0,71.0,109.0,7.0,810.0,51.0,0
15.0,2442.0,18.0,154.0,4.0,480.0,205.0,0
12.0,6864.0,136.0,208.0,5.0,1075.0,109.0,1
15.0,143.0,202.0,214.0,7.0,1235.0,100.0,1
14.0,1781.0,60.0,198.0,3.0,1105.0,133.0,0
6.0,7336.0,147.0,85.0,4.0,1099.0,147.0,0
8.0,454.0,16.0,198.0,7.0,1075.0,98.0,0
5.0,1384.0,159.0,35.0,3.0,810.0,65.0,0
13.0,856.0,154.0,134.0,1.0,705.0,285.0,0
5.0,2583.0,16.0,261.0,7.0,500.0,265.0,0
10.0,3291.0,284.0,80.0,7.0,1095.0,50.0,0
1.0,1292.0,80.0,198.0,1.0,885.0,75.0,1
2.0,453.0,154.0,252.0,7.0,645.0,162.0,1
6.0,5068.0,146.0,16.0,7.0,543.0,78.0,0
14.0,1294.0,216.0,60.0,7.0,605.0,121.0,0
4.0,480.0,153.0,58.0,5.0,677.0,233.0,0
13.0,737.0,79.0,253.0,4.0,1071.0,164.0,1
1.0,982.0,183.0,78.0,5.0,1100.0,145.0,0
5.0,2230.0,16.0,172.0,1.0,647.0,138.0,1
12.0,6418.0,253.0,261.0,5.0,1119.0,102.0,0
5.0,1044.0,43.0,16.0,5.0,977.0,137.0,1
14.0,679.0,268.0,217.0,4.0,430.0,227.0,0
15.0,1694.0,18.0,91.0,6.0,470.0,100.0,1
14.0,867.0,273.0,216.0,6.0,445.0,84.0,1
1.0,1068.0,183.0,78.0,4.0,610.0,140.0,1
5.0,377.0,22.0,85.0,1.0,355.0,130.0,0
14.0,209.0,261.0,217.0,7.0,1020.0,98.0,0
15.0,343.0,253.0,154.0,7.0,510.0,80.0,0
15.0,3106.0,79.0,129.0,6.0,635.0,140.0,0
5.0,2224.0,16.0,45.0,1.0,580.0,118.0,0
13.0,930.0,243.0,253.0,5.0,985.0,100.0,0
1.0,1599.0,80.0,135.0,5.0,610.0,70.0,0
3.0,1257.0,35.0,134.0,4.0,1110.0,101.0,0
3.0,283.0,153.0,160.0,7.0,906.0,66.0,0
2.0,586.0,214.0,264.0,6.0,700.0,142.0,0
13.0,643.0,96.0,208.0,1.0,762.0,153.0,0
8.0,1484.0,173.0,85.0,1.0,642.0,157.0,0
1.0,1940.0,208.0,183.0,7.0,1180.0,180.0,1
17.0,1011.0,150.0,128.0,1.0,505.0,40.0,0
12.0,6687.0,194.0,253.0,5.0,702.0,37.0,1
15.0,907.0,75.0,244.0,5.0,560.0,65.0,1
4.0,1663.0,241.0,135.0,1.0,1070.0,150.0,0
17.0,1012.0,161.0,128.0,3.0,600.0,29.0,0
10.0,4658.0,159.0,16.0,3.0,745.0,155.0,1
15.0,625.0,217.0,79.0,5.0,1255.0,110.0,1
1.0,1636.0,80.0,205.0,5.0,785.0,105.0,0
5.0,2579.0,148.0,183.0,5.0,765.0,183.0,1
0.0,3898.0,94.0,85.0,5.0,615.0,89.0,0
1.0,1366.0,80.0,177.0,5.0,965.0,85.0,1
1.0,573.0,18.0,154.0,5.0,460.0,195.0,0
15.0,113.0,61.0,45.0,6.0,820.0,70.0,1
1.0,1540.0,280.0,80.0,4.0,980.0,130.0,0
2.0,153.0,211.0,206.0,7.0,1177.0,45.0,0
0.0,4025.0,218.0,85.0,4.0,974.0,86.0,0
10.0,3270.0,80.0,190.0,7.0,780.0,95.0,0
12.0,6373.0,246.0,154.0,3.0,688.0,48.0,1
17.0,7278.0,172.0,134.0,7.0,491.0,141.0,0
0.0,4047.0,288.0,177.0,5.0,990.0,91.0,1
4.0,547.0,208.0,135.0,1.0,830.0,154.0,1
14.0,786.0,183.0,60.0,3.0,1030.0,125.0,1
13.0,620.0,208.0,78.0,6.0,965.0,111.0,0
14.0,1166.0,60.0,221.0,1.0,690.0,85.0,0
3.0,704.0,260.0,148.0,3.0,685.0,243.0,1
14.0,71.0,217.0,252.0,3.0,675.0,190.0,0
13.0,321.0,134.0,208.0,5.0,890.0,134.0,0
12.0,6753.0,154.0,57.0,7.0,1110.0,41.0,1
13.0,491.0,204.0,79.0,4.0,387.0,113.0,0
15.0,3668.0,202.0,214.0,3.0,945.0,100.0,1
15.0,1067.0,202.0,243.0,5.0,360.0,85.0,0
5.0,1128.0,209.0,16.0,6.0,1041.0,122.0,0
5.0,2538.0,16.0,78.0,1.0,620.0,114.0,1
15.0,952.0,153.0,175.0,5.0,1155.0,205.0,0
6.0,5399.0,84.0,16.0,4.0,606.0,126.0,1
6.0,7131.0,47.0,134.0,7.0,855.0,83.0,1
10.0,3867.0,85.0,208.0,1.0,475.0,95.0,0
1.0,791.0,159.0,80.0,3.0,1229.0,245.0,1
12.0,6315.0,253.0,24.0,3.0,449.0,74.0,0
17.0,7306.0,273.0,134.0,4.0,618.0,77.0,0
14.0,2023.0,35.0,78.0,1.0,420.0,100.0,1
1.0,1287.0,80.0,207.0,3.0,580.0,190.0,0
17.0,2630.0,60.0,134.0,1.0,970.0,83.0,0
13.0,956.0,208.0,45.0,4.0,985.0,113.0,0
17.0,7265.0,208.0,221.0,4.0,639.0,82.0,0
4.0,433.0,159.0,135.0,3.0,800.0,243.0,0
15.0,162.0,139.0,153.0,4.0,405.0,250.0,0
2.0,668.0,252.0,18.0,1.0,695.0,228.0,0
5.0,684.0,16.0,71.0,1.0,595.0,97.0,0
10.0,2819.0,80.0,162.0,5.0,1110.0,65.0,0
8.0,239.0,16.0,234.0,3.0,525.0,88.0,0
15.0,1807.0,45.0,228.0,6.0,1190.0,70.0,1
6.0,5536.0,256.0,177.0,1.0,1020.0,65.0,0
17.0,2625.0,60.0,18.0,6.0,715.0,184.0,0
12.0,6372.0,154.0,246.0,1.0,821.0,39.0,0
12.0,6333.0,243.0,154.0,6.0,888.0,42.0,0
15.0,129.0,217.0,261.0,3.0,550.0,100.0,1
1.0,494.0,2.0,80.0,4.0,945.0,100.0,0
13.0,867.0,253.0,154.0,3.0,724.0,93.0,1
14.0,1899.0,60.0,244.0,5.0,1085.0,192.0,0
5.0,1835.0,16.0,261.0,6.0,1290.0,257.0,1
2.0,688.0,258.0,18.0,1.0,1090.0,198.0,0
16.0,2618.0,135.0,251.0,3.0,506.0,138.0,1
6.0,5162.0,16.0,101.0,6.0,1137.0,77.0,1
2.0,316.0,252.0,253.0,1.0,880.0,123.0,0
8.0,215.0,184.0,241.0,4.0,565.0,174.0,0
12.0,6396.0,253.0,44.0,7.0,808.0,69.0,1
6.0,5444.0,204.0,16.0,5.0,945.0,127.0,0
5.0,2065.0,22.0,16.0,6.0,435.0,175.0,1
12.0,6762.0,79.0,246.0,7.0,747.0,159.0,0
15.0,1286.0,153.0,154.0,4.0,525.0,65.0,1
16.0,2345.0,96.0,268.0,4.0,565.0,187.0,1
15.0,254.0,75.0,198.0,6.0,435.0,80.0,0
3.0,1011.0,35.0,148.0,3.0,650.0,66.0,1
5.0,208.0,183.0,148.0,5.0,730.0,180.0,0
5.0,2806.0,253.0,197.0,3.0,360.0,222.0,0
4.0,198.0,79.0,135.0,7.0,360.0,141.0,0
7.0,403.0,79.0,154.0,4.0,525.0,146.0,0
15.0,2819.0,277.0,104.0,1.0,450.0,60.0,0
10.0,3772.0,208.0,261.0,3.0,505.0,215.0,1
3.0,204.0,253.0,160.0,6.0,420.0,82.0,0
5.0,1156.0,175.0,16.0,7.0,480.0,114.0,0
8.0,1942.0,104.0,139.0,3.0,1205.0,164.0,0
5.0,582.0,16.0,159.0,6.0,880.0,133.0,0
12.0,6296.0,207.0,79.0,6.0,673.0,134.0,0
13.0,641.0,45.0,208.0,1.0,540.0,135.0,0
14.0,1857.0,60.0,173.0,3.0,1340.0,93.0,0
15.0,1030.0,173.0,104.0,3.0,1145.0,55.0,1
8.0,703.0,16.0,76.0,5.0,992.0,91.0,0
15.0,765.0,153.0,262.0,1.0,705.0,95.0,1
15.0,12.0,173.0,129.0,3.0,395.0,160.0,0
5.0,1574.0,173.0,197.0,6.0,580.0,207.0,1
5.0,2960.0,183.0,16.0,3.0,390.0,127.0,0
5.0,1694.0,16.0,216.0,3.0,445.0,120.0,1
5.0,2105.0,197.0,253.0,7.0,675.0,243.0,1
15.0,1382.0,153.0,27.0,4.0,570.0,210.0,1
13.0,189.0,208.0,243.0,3.0,507.0,259.0,0
7.0,420.0,79.0,16.0,1.0,629.0,174.0,1
13.0,431.0,61.0,208.0,5.0,592.0,78.0,0
3.0,1061.0,148.0,18.0,6.0,475.0,257.0,1
12.0,7030.0,187.0,208.0,4.0,796.0,55.0,1
1.0,1684.0,33.0,159.0,1.0,1060.0,125.0,1
12.0,6671.0,55.0,253.0,7.0,1045.0,59.0,1
15.0,944.0,217.0,204.0,7.0,615.0,120.0,0
12.0,6553.0,179.0,253.0,4.0,1172.0,98.0,0
14.0,1559.0,221.0,216.0,3.0,570.0,74.0,1
16.0,2725.0,80.0,135.0,7.0,715.0,62.0,0
12.0,6532.0,79.0,44.0,3.0,681.0,153.0,1
12.0,4863.0,197.0,34.0,3.0,1295.0,189.0,1
4.0,1583.0,135.0,18.0,7.0,570.0,47.0,0
0.0,4225.0,152.0,85.0,1.0,1030.0,56.0,1
1.0,2483.0,80.0,154.0,4.0,1245.0,200.0,1
12.0,6981.0,79.0,280.0,5.0,678.0,120.0,1
5.0,1484.0,85.0,96.0,1.0,1055.0,115.0,1
12.0,4575.0,261.0,262.0,7.0,521.0,105.0,1
15.0,524.0,75.0,172.0,5.0,410.0,85.0,1
1.0,520.0,262.0,80.0,5.0,900.0,200.0,0
13.0,376.0,208.0,216.0,3.0,360.0,125.0,0
5.0,2849.0,85.0,252.0,7.0,1175.0,305.0,0
15.0,1509.0,153.0,172.0,4.0,745.0,175.0,1
0.0,3682.0,85.0,152.0,3.0,1035.0,46.0,1
1.0,333.0,159.0,208.0,7.0,840.0,165.0,0
15.0,996.0,153.0,129.0,1.0,680.0,180.0,1
12.0,7028.0,65.0,79.0,4.0,460.0,50.0,0
10.0,3941.0,172.0,208.0,5.0,790.0,95.0,0
5.0,1933.0,71.0,154.0,7.0,555.0,303.0,0
15.0,500.0,129.0,198.0,1.0,855.0,60.0,0
10.0,4162.0,208.0,234.0,6.0,780.0,115.0,0
6.0,5444.0,204.0,16.0,3.0,945.0,127.0,0
10.0,3959.0,162.0,208.0,3.0,635.0,110.0,0
5.0,2191.0,16.0,277.0,4.0,746.0,85.0,0
13.0,482.0,253.0,79.0,7.0,1154.0,146.0,0
5.0,1212.0,203.0,154.0,5.0,1355.0,310.0,0
8.0,1153.0,241.0,139.0,6.0,1151.0,150.0,0
15.0,47.0,79.0,204.0,1.0,825.0,85.0,1
14.0,403.0,217.0,253.0,4.0,525.0,130.0,0
1.0,1668.0,80.0,279.0,1.0,840.0,60.0,0
14.0,1592.0,16.0,216.0,3.0,390.0,115.0,0
13.0,977.0,134.0,79.0,7.0,500.0,253.0,0
5.0,264.0,217.0,197.0,5.0,850.0,185.0,0
6.0,5556.0,41.0,16.0,7.0,960.0,95.0,0
8.0,143.0,85.0,16.0,7.0,360.0,135.0,0
14.0,1724.0,78.0,228.0,7.0,1275.0,71.0,1
10.0,2720.0,84.0,80.0,6.0,695.0,125.0,0
13.0,312.0,277.0,134.0,4.0,839.0,136.0,0
1.0,1297.0,80.0,183.0,6.0,345.0,160.0,0
15.0,1006.0,33.0,175.0,5.0,1055.0,90.0,1
10.0,3879.0,208.0,78.0,7.0,905.0,105.0,0
1.0,1105.0,78.0,80.0,4.0,1160.0,215.0,0
15.0,107.0,175.0,216.0,4.0,375.0,125.0,1
13.0,410.0,262.0,79.0,4.0,360.0,144.0,0
12.0,4742.0,230.0,197.0,5.0,940.0,92.0,1
17.0,2840.0,292.0,217.0,5.0,525.0,74.0,0
10.0,4085.0,0.0,208.0,4.0,755.0,140.0,0
15.0,2015.0,175.0,182.0,3.0,840.0,125.0,0
12.0,6634.0,100.0,153.0,6.0,624.0,79.0,0
14.0,1411.0,60.0,213.0,5.0,710.0,121.0,1
8.0,917.0,45.0,184.0,4.0,1139.0,124.0,0
15.0,1003.0,129.0,2.0,7.0,1035.0,135.0,1
5.0,2612.0,277.0,197.0,5.0,845.0,205.0,1
16.0,2459.0,60.0,135.0,7.0,744.0,170.0,1
5.0,1301.0,16.0,18.0,1.0,510.0,166.0,0
6.0,5207.0,52.0,16.0,4.0,400.0,52.0,0
1.0,642.0,80.0,61.0,3.0,1190.0,135.0,1
5.0,2515.0,147.0,16.0,3.0,1006.0,84.0,0
6.0,5332.0,146.0,16.0,3.0,1025.0,89.0,1
11.0,6317.0,85.0,58.0,7.0,1315.0,56.0,0
15.0,1158.0,264.0,217.0,7.0,1125.0,75.0,1
15.0,1987.0,262.0,153.0,6.0,650.0,80.0,1
5.0,2478.0,261.0,34.0,6.0,1202.0,72.0,1
1.0,1936.0,154.0,253.0,1.0,725.0,90.0,0
16.0,2863.0,190.0,135.0,3.0,885.0,90.0,0
15.0,925.0,280.0,79.0,4.0,990.0,115.0,0
5.0,2341.0,197.0,205.0,4.0,1175.0,71.0,0
5.0,2287.0,85.0,16.0,1.0,1060.0,132.0,1
15.0,1033.0,264.0,258.0,3.0,1215.0,75.0,0
8.0,453.0,198.0,16.0,3.0,610.0,81.0,0
5.0,1789.0,16.0,172.0,7.0,1315.0,147.0,0
11.0,6611.0,233.0,177.0,1.0,435.0,139.0,1
14.0,73.0,217.0,252.0,1.0,1075.0,184.0,0
11.0,6440.0,120.0,71.0,5.0,1085.0,92.0,0
0.0,4007.0,177.0,75.0,4.0,830.0,93.0,0
5.0,1443.0,85.0,221.0,5.0,1050.0,68.0,0
8.0,1072.0,48.0,277.0,6.0,520.0,151.0,0
1.0,1386.0,208.0,197.0,4.0,1170.0,95.0,1
14.0,705.0,60.0,217.0,3.0,1069.0,275.0,1
15.0,1216.0,153.0,173.0,3.0,630.0,265.0,1
1.0,3.0,148.0,154.0,4.0,715.0,375.0,1
15.0,2780.0,175.0,129.0,6.0,500.0,175.0,1
15.0,755.0,175.0,268.0,4.0,765.0,65.0,0
13.0,563.0,216.0,208.0,6.0,989.0,147.0,0
15.0,821.0,153.0,104.0,1.0,575.0,275.0,1
12.0,6937.0,79.0,83.0,5.0,719.0,64.0,0
12.0,6928.0,79.0,99.0,3.0,986.0,107.0,1
3.0,1760.0,260.0,104.0,5.0,1162.0,165.0,0
5.0,2274.0,61.0,197.0,4.0,395.0,146.0,0
16.0,2563.0,96.0,268.0,1.0,385.0,172.0,0
15.0,2897.0,153.0,91.0,6.0,765.0,100.0,0
15.0,594.0,129.0,87.0,6.0,1060.0,90.0,1
5.0,2807.0,173.0,177.0,3.0,732.0,135.0,1
10.0,4371.0,208.0,205.0,3.0,675.0,95.0,1
12.0,6753.0,154.0,57.0,3.0,1110.0,41.0,0
10.0,2844.0,181.0,80.0,6.0,995.0,90.0,1
15.0,589.0,243.0,153.0,4.0,1195.0,70.0,0
15.0,3110.0,243.0,202.0,7.0,880.0,85.0,1
1.0,2423.0,213.0,208.0,7.0,690.0,190.0,0
13.0,67.0,154.0,161.0,6.0,520.0,365.0,0
3.0,294.0,160.0,252.0,7.0,665.0,161.0,0
5.0,2259.0,22.0,197.0,1.0,495.0,190.0,1
1.0,738.0,80.0,159.0,4.0,915.0,205.0,0
1.0,1948.0,80.0,216.0,3.0,615.0,185.0,1
6.0,5124.0,279.0,16.0,1.0,750.0,112.0,1
12.0,6858.0,79.0,172.0,6.0,524.0,96.0,0
15.0,2911.0,75.0,172.0,6.0,1025.0,90.0,1
10.0,3692.0,183.0,234.0,6.0,730.0,140.0,1
0.0,4233.0,177.0,71.0,6.0,505.0,85.0,0
14.0,1112.0,216.0,35.0,3.0,495.0,85.0,1
13.0,268.0,205.0,79.0,6.0,391.0,107.0,0
15.0,984.0,154.0,217.0,6.0,505.0,80.0,0
7.0,370.0,79.0,184.0,7.0,630.0,133.0,1
15.0,973.0,258.0,79.0,7.0,400.0,145.0,0
2.0,877.0,214.0,128.0,6.0,455.0,360.0,1
6.0,5228.0,19.0,16.0,5.0,415.0,69.0,0
5.0,1688.0,182.0,85.0,7.0,540.0,140.0,0
13.0,336.0,154.0,79.0,3.0,781.0,145.0,0
15.0,1294.0,252.0,262.0,3.0,725.0,105.0,0
5.0,1077.0,197.0,280.0,1.0,675.0,200.0,0
2.0,372.0,252.0,262.0,4.0,1195.0,106.0,0
15.0,3222.0,251.0,268.0,4.0,1130.0,70.0,1
6.0,5615.0,177.0,190.0,7.0,1175.0,74.0,0
10.0,3378.0,116.0,80.0,6.0,655.0,110.0,0
1.0,731.0,159.0,80.0,5.0,615.0,255.0,0
16.0,2908.0,135.0,13.0,4.0,564.0,99.0,0
7.0,552.0,243.0,79.0,7.0,1210.0,130.0,1
16.0,2164.0,80.0,135.0,7.0,1150.0,70.0,1
15.0,692.0,207.0,202.0,7.0,1110.0,75.0,1
1.0,541.0,80.0,91.0,5.0,1075.0,105.0,0
11.0,6283.0,85.0,71.0,1.0,935.0,79.0,0
15.0,496.0,214.0,79.0,7.0,380.0,145.0,1
7.0,558.0,243.0,79.0,5.0,660.0,133.0,0
12.0,6479.0,79.0,221.0,5.0,620.0,175.0,0
12.0,6740.0,57.0,154.0,6.0,669.0,40.0,0
5.0,2706.0,253.0,197.0,5.0,915.0,215.0,1
5.0,2061.0,216.0,16.0,3.0,390.0,140.0,1
1.0,31.0,154.0,128.0,4.0,510.0,345.0,1
7.0,306.0,79.0,85.0,1.0,847.0,162.0,0
0.0,3716.0,247.0,197.0,5.0,420.0,99.0,0
13.0,369.0,244.0,79.0,6.0,553.0,144.0,0
15.0,2989.0,173.0,221.0,4.0,1145.0,135.0,1
2.0,517.0,264.0,252.0,6.0,480.0,173.0,0
13.0,930.0,243.0,253.0,6.0,988.0,97.0,0
16.0,2153.0,96.0,33.0,3.0,600.0,157.0,1
12.0,6305.0,154.0,227.0,7.0,1002.0,51.0,0
5.0,110.0,16.0,154.0,7.0,450.0,302.0,1
6.0,5546.0,16.0,121.0,7.0,825.0,58.0,0
6.0,7343.0,16.0,136.0,1.0,660.0,145.0,1
10.0,4332.0,208.0,273.0,1.0,925.0,110.0,0
12.0,6812.0,208.0,265.0,4.0,490.0,51.0,0
16.0,2450.0,135.0,244.0,3.0,1385.0,53.0,1
3.0,615.0,148.0,147.0,5.0,830.0,160.0,0
4.0,106.0,135.0,96.0,4.0,645.0,210.0,1
11.0,6770.0,139.0,78.0,5.0,370.0,100.0,0
2.0,453.0,154.0,252.0,5.0,645.0,162.0,1
1.0,1264.0,80.0,18.0,6.0,685.0,55.0,1
15.0,3567.0,279.0,217.0,1.0,635.0,165.0,1
12.0,6286.0,227.0,153.0,4.0,775.0,60.0,1
5.0,2510.0,80.0,16.0,6.0,495.0,125.0,0
5.0,1111.0,16.0,233.0,6.0,1045.0,81.0,0
6.0,4966.0,16.0,215.0,1.0,505.0,98.0,0
10.0,4070.0,208.0,43.0,4.0,935.0,95.0,0
5.0,80.0,173.0,148.0,4.0,723.0,155.0,0
1.0,1829.0,60.0,80.0,7.0,560.0,180.0,0
10.0,3290.0,223.0,80.0,5.0,630.0,125.0,0
13.0,82.0,154.0,148.0,7.0,1365.0,320.0,1
13.0,158.0,253.0,208.0,3.0,1375.0,255.0,1
14.0,1557.0,216.0,104.0,3.0,955.0,169.0,0
5.0,1040.0,16.0,198.0,1.0,745.0,95.0,1
7.0,608.0,79.0,139.0,1.0,895.0,139.0,1
12.0,4489.0,65.0,261.0,1.0,385.0,95.0,0
12.0,4850.0,261.0,135.0,5.0,1030.0,180.0,1
11.0,6451.0,71.0,197.0,1.0,430.0,133.0,1
13.0,550.0,253.0,243.0,5.0,630.0,96.0,0
1.0,254.0,203.0,154.0,5.0,840.0,305.0,1
15.0,3403.0,35.0,268.0,5.0,990.0,195.0,1
10.0,4167.0,208.0,61.0,3.0,1180.0,75.0,1
13.0,939.0,79.0,243.0,6.0,1140.0,149.0,0
15.0,167.0,75.0,244.0,3.0,1075.0,65.0,1
0.0,3707.0,285.0,177.0,5.0,1065.0,84.0,1
15.0,2282.0,262.0,252.0,6.0,685.0,115.0,1
4.0,51.0,96.0,58.0,7.0,965.0,105.0,0
14.0,1182.0,173.0,60.0,1.0,714.0,96.0,1
15.0,3320.0,33.0,45.0,3.0,1145.0,100.0,1
12.0,4723.0,261.0,160.0,5.0,913.0,107.0,0
15.0,1566.0,18.0,75.0,4.0,710.0,55.0,0
10.0,4406.0,148.0,233.0,5.0,479.0,111.0,0
1.0,2160.0,183.0,16.0,5.0,1295.0,120.0,0
4.0,1861.0,217.0,135.0,7.0,982.0,153.0,1
15.0,1383.0,79.0,139.0,5.0,850.0,140.0,1
15.0,122.0,244.0,153.0,7.0,1170.0,180.0,0
11.0,6396.0,268.0,233.0,5.0,420.0,121.0,1
15.0,529.0,243.0,202.0,1.0,675.0,85.0,1
8.0,675.0,184.0,173.0,3.0,925.0,164.0,0
14.0,1882.0,60.0,234.0,7.0,1345.0,63.0,1
12.0,6657.0,208.0,265.0,5.0,1314.0,53.0,1
4.0,1748.0,135.0,104.0,4.0,1145.0,144.0,0
11.0,6436.0,71.0,208.0,5.0,1135.0,90.0,0
1.0,2433.0,80.0,154.0,3.0,800.0,205.0,1
14.0,374.0,80.0,60.0,1.0,515.0,144.0,1
10.0,2724.0,80.0,181.0,6.0,610.0,85.0,1
13.0,149.0,208.0,253.0,4.0,422.0,286.0,1
4.0,1687.0,173.0,135.0,7.0,1075.0,152.0,1
3.0,1108.0,233.0,148.0,4.0,930.0,92.0,1
16.0,5908.0,208.0,223.0,4.0,831.0,140.0,0
12.0,6623.0,253.0,179.0,5.0,1213.0,96.0,1
10.0,3951.0,208.0,254.0,7.0,1235.0,100.0,1
11.0,6771.0,61.0,71.0,7.0,710.0,48.0,0
8.0,985.0,221.0,16.0,4.0,842.0,113.0,0
15.0,2201.0,45.0,228.0,5.0,1235.0,70.0,1
9.0,544.0,128.0,203.0,3.0,966.0,37.0,0
1.0,1660.0,80.0,139.0,4.0,455.0,120.0,0
12.0,6593.0,28.0,79.0,5.0,612.0,88.0,0
17.0,1014.0,203.0,128.0,1.0,1020.0,32.0,0
15.0,532.0,175.0,141.0,4.0,660.0,130.0,1
14.0,1033.0,60.0,183.0,3.0,1215.0,127.0,1
12.0,6554.0,99.0,79.0,3.0,1003.0,122.0,1
17.0,2652.0,60.0,162.0,7.0,880.0,131.0,0
15.0,837.0,243.0,217.0,4.0,1190.0,70.0,1
10.0,4614.0,85.0,159.0,5.0,720.0,105.0,0
2.0,62.0,149.0,257.0,4.0,632.0,45.0,0
8.0,707.0,16.0,76.0,5.0,1335.0,95.0,0
10.0,3315.0,80.0,146.0,1.0,400.0,80.0,0
17.0,2868.0,292.0,217.0,4.0,966.0,66.0,0
13.0,68.0,154.0,208.0,4.0,365.0,243.0,0
15.0,2118.0,2.0,243.0,1.0,1040.0,115.0,1
17.0,2602.0,245.0,60.0,6.0,420.0,72.0,0
5.0,1435.0,209.0,16.0,7.0,583.0,115.0,1
12.0,6887.0,154.0,24.0,7.0,1349.0,50.0,0
5.0,2749.0,16.0,253.0,5.0,1055.0,325.0,0
12.0,4863.0,197.0,34.0,5.0,1295.0,189.0,1
14.0,2162.0,78.0,159.0,1.0,480.0,74.0,0
5.0,2620.0,197.0,22.0,1.0,610.0,152.0,0
15.0,1079.0,75.0,244.0,7.0,1035.0,65.0,1
5.0,1074.0,261.0,197.0,4.0,839.0,159.0,1
10.0,3645.0,183.0,177.0,5.0,680.0,155.0,0
5.0,1040.0,65.0,16.0,1.0,400.0,169.0,1
10.0,3781.0,162.0,208.0,6.0,350.0,105.0,0
5.0,2187.0,159.0,147.0,4.0,1155.0,170.0,0
16.0,2204.0,135.0,41.0,7.0,860.0,59.0,1
10.0,3886.0,208.0,197.0,5.0,805.0,85.0,1
7.0,795.0,79.0,214.0,6.0,760.0,164.0,0
5.0,258.0,253.0,197.0,4.0,500.0,217.0,1
9.0,166.0,128.0,203.0,6.0,740.0,38.0,0
12.0,4659.0,261.0,28.0,5.0,669.0,84.0,0
15.0,1264.0,44.0,153.0,1.0,475.0,60.0,1
12.0,6257.0,79.0,34.0,5.0,906.0,122.0,0
12.0,6583.0,79.0,65.0,7.0,478.0,31.0,0
13.0,593.0,35.0,79.0,7.0,1071.0,295.0,1
15.0,1079.0,141.0,45.0,1.0,515.0,70.0,0
15.0,867.0,153.0,170.0,7.0,855.0,125.0,0
5.0,2244.0,243.0,197.0,4.0,395.0,229.0,0
1.0,1487.0,208.0,236.0,5.0,640.0,255.0,1
4.0,692.0,96.0,173.0,1.0,665.0,173.0,0
3.0,559.0,130.0,277.0,1.0,480.0,174.0,0
6.0,5424.0,16.0,48.0,5.0,660.0,107.0,1
8.0,1612.0,78.0,173.0,3.0,419.0,148.0,0
15.0,828.0,172.0,154.0,6.0,1065.0,230.0,1
6.0,5225.0,78.0,147.0,6.0,503.0,126.0,1
15.0,1025.0,217.0,91.0,1.0,500.0,70.0,0
1.0,2353.0,96.0,208.0,5.0,1020.0,170.0,0
9.0,245.0,203.0,128.0,7.0,872.0,34.0,0
0.0,4332.0,16.0,238.0,3.0,905.0,118.0,0
16.0,2464.0,234.0,96.0,1.0,625.0,72.0,0
13.0,257.0,147.0,208.0,3.0,360.0,156.0,0
5.0,12.0,173.0,16.0,7.0,870.0,95.0,0
17.0,7292.0,172.0,208.0,6.0,894.0,86.0,1
2.0,610.0,252.0,153.0,3.0,755.0,151.0,0
6.0,5146.0,16.0,180.0,3.0,1125.0,57.0,0
6.0,5062.0,132.0,16.0,5.0,330.0,53.0,0
10.0,3608.0,16.0,183.0,5.0,1000.0,120.0,0
12.0,6290.0,194.0,154.0,4.0,579.0,68.0,0
14.0,1831.0,80.0,60.0,3.0,425.0,145.0,1
10.0,3667.0,183.0,285.0,1.0,695.0,130.0,0
15.0,669.0,154.0,202.0,5.0,540.0,75.0,0
5.0,2769.0,16.0,173.0,5.0,1025.0,91.0,1
5.0,1795.0,16.0,264.0,4.0,655.0,305.0,0
2.0,869.0,262.0,203.0,7.0,505.0,335.0,0
13.0,569.0,277.0,208.0,1.0,694.0,169.0,0
5.0,1842.0,16.0,61.0,4.0,595.0,111.0,0
1.0,1800.0,217.0,80.0,1.0,740.0,135.0,0
5.0,1889.0,71.0,16.0,3.0,360.0,103.0,0
15.0,3042.0,216.0,175.0,6.0,880.0,135.0,1
6.0,5507.0,53.0,16.0,5.0,360.0,102.0,0
15.0,1096.0,153.0,172.0,7.0,880.0,170.0,1
5.0,1451.0,197.0,153.0,4.0,1305.0,218.0,0
1.0,1351.0,208.0,154.0,5.0,810.0,270.0,1
15.0,3668.0,217.0,207.0,7.0,805.0,70.0,1
14.0,1885.0,216.0,104.0,7.0,470.0,180.0,0
3.0,1297.0,35.0,221.0,3.0,420.0,109.0,0
17.0,2643.0,174.0,60.0,4.0,1191.0,93.0,1
4.0,1607.0,277.0,135.0,4.0,710.0,141.0,1
15.0,650.0,175.0,182.0,4.0,660.0,120.0,1
5.0,2336.0,148.0,197.0,5.0,955.0,210.0,0
0.0,4025.0,218.0,85.0,7.0,974.0,86.0,0
13.0,468.0,253.0,243.0,6.0,535.0,93.0,0
12.0,6826.0,194.0,253.0,4.0,370.0,35.0,0
15.0,685.0,175.0,22.0,3.0,560.0,125.0,1
5.0,151.0,134.0,16.0,6.0,748.0,124.0,1
15.0,843.0,182.0,45.0,5.0,525.0,95.0,0
6.0,7079.0,134.0,85.0,4.0,746.0,94.0,0
3.0,464.0,241.0,35.0,1.0,779.0,178.0,0
10.0,4027.0,208.0,290.0,6.0,1080.0,115.0,0
5.0,325.0,139.0,85.0,4.0,475.0,81.0,0
1.0,1593.0,173.0,183.0,3.0,720.0,65.0,1
14.0,873.0,60.0,138.0,1.0,779.0,51.0,1
13.0,465.0,79.0,28.0,5.0,1305.0,93.0,1
11.0,6770.0,139.0,78.0,1.0,370.0,100.0,1
5.0,1112.0,16.0,129.0,3.0,522.0,148.0,0
16.0,3068.0,135.0,131.0,3.0,565.0,73.0,0
13.0,943.0,208.0,154.0,6.0,1050.0,270.0,0
7.0,861.0,79.0,217.0,7.0,1271.0,108.0,1
12.0,6891.0,79.0,196.0,5.0,1114.0,126.0,0
12.0,6442.0,154.0,204.0,6.0,775.0,162.0,1
3.0,1416.0,253.0,160.0,7.0,570.0,82.0,0
13.0,558.0,154.0,79.0,7.0,509.0,145.0,1
15.0,3484.0,262.0,243.0,3.0,1270.0,80.0,1
15.0,2012.0,217.0,129.0,4.0,960.0,145.0,1
5.0,1139.0,16.0,27.0,3.0,1245.0,54.0,0
13.0,361.0,159.0,79.0,6.0,489.0,276.0,0
0.0,4013.0,71.0,184.0,5.0,980.0,86.0,1
5.0,2515.0,16.0,217.0,5.0,1140.0,262.0,1
4.0,348.0,96.0,253.0,5.0,1080.0,385.0,1
4.0,1098.0,79.0,135.0,3.0,1008.0,137.0,1
14.0,310.0,153.0,60.0,4.0,575.0,248.0,0
12.0,4709.0,154.0,253.0,4.0,600.0,72.0,0
16.0,5906.0,208.0,237.0,7.0,426.0,95.0,0
9.0,168.0,128.0,150.0,4.0,625.0,43.0,0
10.0,3213.0,162.0,80.0,5.0,785.0,80.0,0
3.0,612.0,147.0,148.0,5.0,685.0,125.0,0
17.0,7283.0,244.0,208.0,1.0,466.0,160.0,0
1.0,1638.0,80.0,22.0,5.0,1210.0,190.0,0
4.0,559.0,135.0,264.0,3.0,560.0,218.0,1
1.0,1144.0,208.0,268.0,3.0,995.0,70.0,0
10.0,2885.0,188.0,80.0,4.0,645.0,80.0,0
9.0,17.0,153.0,128.0,1.0,100.0,380.0,0
0.0,4007.0,208.0,177.0,7.0,670.0,110.0,0
4.0,299.0,135.0,79.0,5.0,1255.0,149.0,1
8.0,80.0,104.0,16.0,3.0,678.0,117.0,0
5.0,2544.0,262.0,197.0,4.0,725.0,218.0,0
10.0,3037.0,154.0,246.0,7.0,995.0,40.0,1
15.0,185.0,45.0,22.0,5.0,520.0,65.0,1
6.0,5185.0,16.0,251.0,4.0,801.0,78.0,1
5.0,2220.0,208.0,85.0,4.0,615.0,87.0,1
11.0,6742.0,273.0,85.0,3.0,572.0,103.0,1
6.0,7303.0,177.0,290.0,7.0,1175.0,70.0,1
6.0,7372.0,116.0,177.0,3.0,385.0,83.0,1
6.0,7356.0,16.0,187.0,3.0,512.0,118.0,0
12.0,6256.0,208.0,58.0,5.0,966.0,76.0,0
14.0,1452.0,60.0,148.0,5.0,565.0,115.0,0
6.0,5018.0,32.0,16.0,5.0,605.0,102.0,1
6.0,5522.0,16.0,27.0,1.0,630.0,56.0,0
1.0,848.0,2.0,80.0,5.0,860.0,100.0,0
5.0,2786.0,16.0,159.0,6.0,1180.0,142.0,0
2.0,10.0,252.0,173.0,5.0,1365.0,317.0,1
15.0,1051.0,45.0,87.0,3.0,1145.0,150.0,1
15.0,755.0,221.0,175.0,3.0,695.0,95.0,1
5.0,2273.0,16.0,183.0,5.0,1315.0,117.0,1
15.0,1737.0,12.0,277.0,6.0,795.0,205.0,0
15.0,3132.0,18.0,75.0,6.0,435.0,55.0,0
13.0,835.0,35.0,208.0,7.0,420.0,173.0,0
14.0,401.0,216.0,253.0,4.0,1080.0,385.0,0
12.0,6472.0,154.0,2.0,3.0,455.0,109.0,0
10.0,3384.0,54.0,80.0,7.0,460.0,190.0,0
15.0,1697.0,277.0,45.0,7.0,995.0,130.0,1
6.0,5526.0,106.0,16.0,6.0,700.0,132.0,0
5.0,1922.0,85.0,35.0,6.0,590.0,112.0,1
13.0,651.0,96.0,208.0,6.0,1050.0,160.0,1
16.0,5929.0,136.0,208.0,5.0,884.0,110.0,0
0.0,4292.0,167.0,148.0,7.0,890.0,110.0,0
1.0,428.0,80.0,233.0,5.0,960.0,150.0,0
16.0,5912.0,43.0,208.0,5.0,787.0,117.0,0
5.0,2433.0,60.0,16.0,7.0,710.0,82.0,0
13.0,395.0,252.0,253.0,1.0,450.0,136.0,1
12.0,4461.0,264.0,261.0,1.0,674.0,106.0,1
4.0,400.0,135.0,139.0,5.0,815.0,141.0,0
15.0,1112.0,252.0,261.0,1.0,1095.0,110.0,0
10.0,3634.0,60.0,183.0,4.0,580.0,135.0,0
12.0,4484.0,154.0,243.0,3.0,1290.0,46.0,0
16.0,5990.0,164.0,208.0,1.0,883.0,97.0,1
1.0,2556.0,153.0,148.0,4.0,655.0,310.0,0
15.0,581.0,147.0,277.0,1.0,1000.0,55.0,0
12.0,6287.0,153.0,227.0,5.0,667.0,64.0,0
9.0,20.0,128.0,262.0,3.0,855.0,310.0,0
5.0,1725.0,45.0,16.0,5.0,435.0,131.0,0
12.0,7773.0,255.0,261.0,7.0,893.0,77.0,0
6.0,5498.0,162.0,16.0,5.0,670.0,97.0,0
3.0,704.0,260.0,148.0,1.0,685.0,243.0,1
16.0,5909.0,208.0,121.0,4.0,873.0,101.0,0
5.0,2839.0,78.0,16.0,6.0,419.0,135.0,0
6.0,5127.0,101.0,16.0,4.0,635.0,89.0,0
4.0,234.0,14.0,252.0,7.0,1020.0,200.0,0
12.0,6251.0,79.0,195.0,3.0,606.0,129.0,0
15.0,829.0,258.0,44.0,7.0,935.0,60.0,1
6.0,5582.0,69.0,16.0,7.0,685.0,90.0,1
7.0,626.0,85.0,79.0,5.0,974.0,191.0,0
8.0,820.0,35.0,45.0,6.0,630.0,90.0,0
15.0,2821.0,241.0,175.0,6.0,510.0,180.0,0
17.0,7240.0,208.0,233.0,3.0,1014.0,115.0,1
15.0,3109.0,153.0,258.0,6.0,1245.0,80.0,1
16.0,2162.0,135.0,279.0,6.0,1000.0,79.0,0
1.0,1656.0,80.0,251.0,4.0,950.0,115.0,1
16.0,3022.0,135.0,116.0,6.0,1190.0,69.0,0
15.0,511.0,175.0,35.0,7.0,985.0,140.0,1
1.0,1895.0,159.0,183.0,7.0,360.0,190.0,1
9.0,295.0,203.0,128.0,5.0,825.0,34.0,0
6.0,5073.0,16.0,190.0,1.0,590.0,85.0,0
3.0,526.0,173.0,96.0,1.0,1052.0,153.0,1
1.0,1789.0,136.0,80.0,7.0,400.0,85.0,0
1.0,439.0,241.0,80.0,6.0,815.0,175.0,0
11.0,6516.0,197.0,148.0,3.0,425.0,165.0,0
15.0,1021.0,175.0,33.0,4.0,410.0,85.0,0
12.0,7023.0,253.0,6.0,6.0,853.0,78.0,1
13.0,579.0,84.0,79.0,6.0,490.0,123.0,0
15.0,1381.0,233.0,45.0,1.0,565.0,60.0,0
6.0,5201.0,135.0,16.0,4.0,660.0,121.0,1
11.0,6706.0,234.0,85.0,5.0,751.0,119.0,0
5.0,1108.0,197.0,60.0,5.0,420.0,156.0,0
12.0,4696.0,202.0,261.0,5.0,609.0,107.0,1
10.0,4243.0,233.0,208.0,4.0,400.0,140.0,0
14.0,349.0,258.0,217.0,7.0,592.0,107.0,0
13.0,441.0,45.0,79.0,3.0,576.0,247.0,0
12.0,6862.0,208.0,171.0,5.0,1067.0,60.0,0
15.0,1256.0,261.0,34.0,7.0,1040.0,70.0,1
15.0,611.0,217.0,264.0,4.0,810.0,75.0,0
5.0,166.0,277.0,148.0,5.0,741.0,165.0,0
5.0,1854.0,16.0,61.0,5.0,1146.0,102.0,0
15.0,2022.0,153.0,154.0,7.0,660.0,70.0,1
16.0,2730.0,135.0,217.0,3.0,455.0,175.0,0
6.0,5025.0,54.0,16.0,6.0,1085.0,81.0,0
0.0,4206.0,136.0,16.0,6.0,1035.0,135.0,1
12.0,6697.0,145.0,79.0,4.0,1032.0,73.0,1
4.0,1544.0,135.0,58.0,3.0,625.0,158.0,0
14.0,273.0,207.0,217.0,4.0,600.0,72.0,1
0.0,3734.0,135.0,16.0,1.0,835.0,125.0,1
1.0,1843.0,35.0,208.0,3.0,360.0,175.0,0
0.0,4007.0,208.0,177.0,6.0,670.0,110.0,1
12.0,4750.0,207.0,261.0,3.0,980.0,104.0,1
12.0,6826.0,253.0,207.0,5.0,484.0,74.0,1
15.0,465.0,243.0,172.0,5.0,420.0,190.0,0
12.0,6333.0,243.0,154.0,4.0,894.0,42.0,0
5.0,1591.0,106.0,16.0,5.0,1115.0,134.0,1
15.0,1773.0,175.0,268.0,5.0,1030.0,70.0,1
14.0,2140.0,159.0,35.0,4.0,1140.0,73.0,0
2.0,316.0,252.0,253.0,4.0,880.0,123.0,1
1.0,1373.0,183.0,80.0,7.0,740.0,195.0,1
1.0,2356.0,80.0,208.0,1.0,905.0,140.0,1
2.0,21.0,208.0,252.0,3.0,480.0,280.0,1
1.0,329.0,208.0,197.0,3.0,910.0,85.0,1
8.0,1102.0,61.0,241.0,5.0,812.0,153.0,0
17.0,2617.0,60.0,120.0,5.0,689.0,51.0,0
5.0,1500.0,172.0,85.0,1.0,485.0,115.0,0
5.0,1194.0,85.0,60.0,6.0,1035.0,115.0,0
5.0,2645.0,85.0,253.0,3.0,1160.0,321.0,0
14.0,1921.0,60.0,147.0,5.0,1230.0,81.0,0
16.0,5980.0,208.0,290.0,1.0,1079.0,108.0,0
16.0,2338.0,96.0,234.0,4.0,1290.0,79.0,0
12.0,6424.0,184.0,208.0,6.0,835.0,50.0,1
7.0,619.0,139.0,79.0,7.0,988.0,167.0,1
5.0,2392.0,217.0,197.0,1.0,742.0,187.0,0
6.0,5445.0,182.0,85.0,5.0,749.0,130.0,0
14.0,274.0,261.0,217.0,7.0,440.0,102.0,1
11.0,6546.0,221.0,85.0,3.0,815.0,70.0,0
1.0,1587.0,177.0,80.0,1.0,665.0,100.0,0
4.0,669.0,253.0,135.0,3.0,520.0,226.0,1
16.0,2347.0,58.0,197.0,4.0,460.0,122.0,0
6.0,5202.0,58.0,16.0,7.0,579.0,111.0,1
14.0,1700.0,183.0,60.0,5.0,690.0,124.0,1
0.0,3860.0,171.0,85.0,4.0,730.0,54.0,0
14.0,569.0,243.0,217.0,7.0,755.0,76.0,0
15.0,1180.0,217.0,2.0,4.0,1130.0,65.0,1
15.0,1773.0,268.0,154.0,4.0,1125.0,250.0,1
15.0,561.0,153.0,154.0,7.0,740.0,65.0,0
15.0,667.0,277.0,147.0,1.0,710.0,50.0,0
6.0,5460.0,190.0,16.0,1.0,360.0,77.0,1
12.0,6506.0,91.0,154.0,7.0,360.0,137.0,0
15.0,218.0,153.0,252.0,5.0,1215.0,165.0,1
4.0,1700.0,104.0,96.0,3.0,480.0,165.0,0
3.0,1600.0,35.0,78.0,3.0,450.0,102.0,0
6.0,5070.0,268.0,78.0,3.0,540.0,121.0,0
5.0,1094.0,16.0,197.0,5.0,1135.0,165.0,1
13.0,679.0,159.0,208.0,5.0,720.0,158.0,0
15.0,174.0,2.0,153.0,7.0,525.0,100.0,0
12.0,6319.0,134.0,221.0,7.0,900.0,60.0,0
12.0,6279.0,264.0,253.0,1.0,1027.0,80.0,0
0.0,3675.0,85.0,12.0,5.0,840.0,99.0,1
1.0,2004.0,208.0,183.0,3.0,940.0,185.0,1
10.0,3377.0,283.0,80.0,5.0,1015.0,60.0,0
15.0,1681.0,221.0,175.0,4.0,445.0,110.0,0
5.0,2230.0,267.0,16.0,3.0,500.0,101.0,1
5.0,2744.0,197.0,277.0,7.0,1135.0,185.0,1
15.0,3586.0,243.0,258.0,5.0,1185.0,80.0,1
12.0,7029.0,253.0,261.0,3.0,473.0,107.0,0
1.0,406.0,208.0,18.0,3.0,1085.0,170.0,1
4.0,723.0,135.0,198.0,1.0,693.0,65.0,0
3.0,579.0,130.0,213.0,4.0,650.0,170.0,0
15.0,2022.0,154.0,129.0,1.0,755.0,190.0,1
9.0,118.0,128.0,150.0,3.0,451.0,42.0,0
6.0,5228.0,19.0,16.0,7.0,415.0,69.0,0
1.0,177.0,148.0,253.0,5.0,1079.0,401.0,0
12.0,6948.0,65.0,208.0,3.0,360.0,146.0,0
5.0,1130.0,177.0,16.0,5.0,945.0,85.0,0
15.0,2451.0,154.0,202.0,6.0,730.0,75.0,0
15.0,16.0,129.0,75.0,5.0,600.0,55.0,1
6.0,7072.0,182.0,134.0,4.0,860.0,110.0,0
12.0,6626.0,227.0,79.0,4.0,805.0,122.0,0
3.0,285.0,153.0,160.0,5.0,1088.0,65.0,1
8.0,1297.0,173.0,84.0,7.0,775.0,180.0,1
10.0,3753.0,197.0,208.0,3.0,480.0,95.0,1
15.0,985.0,139.0,172.0,7.0,605.0,100.0,0
4.0,1098.0,79.0,135.0,4.0,1008.0,137.0,0
4.0,1437.0,277.0,135.0,1.0,385.0,142.0,1
10.0,2747.0,80.0,121.0,7.0,1185.0,130.0,0
10.0,2728.0,1.0,80.0,6.0,825.0,50.0,0
15.0,824.0,104.0,216.0,7.0,535.0,170.0,0
12.0,7019.0,179.0,214.0,7.0,1019.0,62.0,0
2.0,42.0,23.0,14.0,3.0,543.0,68.0,1
5.0,2365.0,154.0,128.0,3.0,525.0,350.0,1
6.0,5431.0,195.0,16.0,1.0,410.0,137.0,0
16.0,2394.0,96.0,172.0,1.0,965.0,199.0,1
5.0,264.0,217.0,197.0,3.0,850.0,185.0,0
6.0,5429.0,16.0,188.0,5.0,1238.0,97.0,0
15.0,3052.0,45.0,61.0,5.0,975.0,80.0,1
1.0,1091.0,80.0,243.0,5.0,960.0,185.0,0
6.0,5597.0,11.0,16.0,1.0,507.0,71.0,0
15.0,1566.0,214.0,262.0,5.0,1055.0,85.0,1
8.0,950.0,45.0,119.0,4.0,620.0,105.0,0
0.0,3970.0,177.0,61.0,4.0,540.0,106.0,0
8.0,96.0,233.0,16.0,1.0,375.0,85.0,0
4.0,1058.0,135.0,78.0,4.0,515.0,172.0,1
2.0,584.0,214.0,264.0,7.0,945.0,145.0,0
15.0,1006.0,79.0,2.0,3.0,560.0,70.0,1
0.0,3864.0,177.0,254.0,3.0,880.0,72.0,0
5.0,412.0,16.0,35.0,3.0,1290.0,148.0,1
15.0,312.0,173.0,12.0,1.0,535.0,160.0,0
9.0,181.0,143.0,128.0,6.0,771.0,49.0,0
15.0,339.0,153.0,279.0,4.0,845.0,155.0,1
15.0,1128.0,182.0,216.0,1.0,830.0,95.0,0
5.0,1171.0,221.0,16.0,4.0,1046.0,127.0,0
1.0,608.0,243.0,80.0,3.0,385.0,185.0,0
14.0,186.0,217.0,243.0,7.0,1075.0,70.0,1
17.0,1012.0,128.0,203.0,7.0,655.0,35.0,0
3.0,345.0,148.0,267.0,4.0,477.0,183.0,0
5.0,1270.0,268.0,16.0,5.0,530.0,95.0,1
1.0,2246.0,154.0,18.0,5.0,1050.0,170.0,0
14.0,187.0,243.0,217.0,5.0,1145.0,77.0,0
2.0,613.0,153.0,252.0,3.0,1240.0,154.0,0
15.0,1369.0,175.0,45.0,6.0,1095.0,110.0,0
15.0,678.0,243.0,153.0,4.0,705.0,70.0,1
12.0,6272.0,163.0,253.0,5.0,1065.0,95.0,1
16.0,2354.0,251.0,58.0,1.0,790.0,64.0,0
8.0,812.0,35.0,45.0,7.0,505.0,95.0,0
1.0,268.0,252.0,148.0,1.0,435.0,315.0,0
10.0,3949.0,21.0,208.0,6.0,630.0,55.0,0
12.0,6645.0,253.0,191.0,3.0,1145.0,36.0,0
16.0,2580.0,58.0,184.0,3.0,530.0,79.0,0
15.0,313.0,173.0,45.0,3.0,830.0,125.0,1
15.0,1629.0,217.0,129.0,6.0,945.0,145.0,1
15.0,817.0,175.0,85.0,1.0,985.0,80.0,1
14.0,1223.0,78.0,213.0,5.0,520.0,157.0,0
16.0,2856.0,38.0,135.0,7.0,450.0,82.0,0
15.0,3404.0,202.0,264.0,6.0,1125.0,80.0,0
10.0,4583.0,60.0,159.0,3.0,665.0,114.0,0
14.0,356.0,202.0,217.0,6.0,555.0,112.0,0
10.0,2711.0,80.0,47.0,4.0,450.0,130.0,0
13.0,541.0,35.0,208.0,4.0,922.0,168.0,0
1.0,592.0,65.0,80.0,1.0,460.0,115.0,0
0.0,4212.0,85.0,285.0,1.0,620.0,100.0,1
5.0,2445.0,71.0,153.0,3.0,1230.0,261.0,1
8.0,1601.0,80.0,173.0,3.0,420.0,149.0,0
0.0,3756.0,119.0,85.0,6.0,400.0,58.0,0
15.0,2958.0,244.0,154.0,3.0,625.0,200.0,0
2.0,492.0,252.0,243.0,3.0,1205.0,158.0,0
17.0,2716.0,217.0,100.0,5.0,1265.0,102.0,0
6.0,7378.0,79.0,71.0,3.0,360.0,158.0,0
16.0,2181.0,16.0,135.0,7.0,655.0,139.0,0
14.0,1269.0,148.0,60.0,4.0,380.0,120.0,1
10.0,4650.0,159.0,16.0,6.0,360.0,150.0,1
15.0,704.0,34.0,261.0,1.0,645.0,60.0,0
2.0,16.0,252.0,183.0,5.0,1345.0,330.0,0
12.0,6952.0,152.0,208.0,3.0,1093.0,71.0,1
5.0,2320.0,213.0,16.0,4.0,345.0,113.0,0
0.0,3879.0,16.0,109.0,1.0,788.0,95.0,1
4.0,53.0,154.0,135.0,4.0,880.0,190.0,0
11.0,6414.0,21.0,85.0,4.0,355.0,58.0,0
13.0,395.0,252.0,253.0,3.0,450.0,136.0,0
15.0,1522.0,45.0,228.0,6.0,785.0,70.0,1
10.0,3869.0,208.0,244.0,6.0,885.0,175.0,0
3.0,1257.0,35.0,134.0,3.0,1110.0,101.0,1
14.0,660.0,217.0,264.0,4.0,1070.0,77.0,0
10.0,2746.0,38.0,80.0,6.0,745.0,95.0,0
5.0,132.0,253.0,148.0,4.0,390.0,330.0,0
0.0,3912.0,136.0,177.0,1.0,720.0,93.0,0
10.0,2960.0,80.0,256.0,7.0,845.0,55.0,1
5.0,142.0,253.0,85.0,3.0,547.0,273.0,0
15.0,1860.0,129.0,170.0,3.0,1055.0,85.0,1
13.0,570.0,208.0,58.0,5.0,820.0,86.0,0
1.0,1502.0,208.0,277.0,7.0,685.0,155.0,0
13.0,453.0,45.0,79.0,6.0,880.0,247.0,0
1.0,456.0,18.0,80.0,6.0,875.0,65.0,0
12.0,6390.0,264.0,253.0,7.0,735.0,85.0,1
14.0,586.0,111.0,217.0,3.0,510.0,158.0,1
15.0,1167.0,79.0,277.0,7.0,1020.0,205.0,1
5.0,2712.0,16.0,208.0,4.0,1155.0,137.0,1
15.0,1546.0,233.0,45.0,4.0,1100.0,60.0,1
13.0,973.0,208.0,253.0,5.0,900.0,267.0,1
10.0,2742.0,290.0,80.0,4.0,595.0,75.0,0
15.0,2812.0,172.0,2.0,3.0,1050.0,135.0,1
0.0,3891.0,85.0,238.0,3.0,630.0,80.0,0
4.0,722.0,198.0,135.0,3.0,744.0,71.0,0
0.0,3695.0,193.0,197.0,5.0,770.0,80.0,0
15.0,5.0,198.0,173.0,4.0,655.0,95.0,0
12.0,6733.0,79.0,236.0,4.0,690.0,139.0,1
13.0,18.0,79.0,45.0,4.0,626.0,202.0,0
8.0,1485.0,85.0,173.0,3.0,839.0,156.0,1
12.0,6251.0,195.0,79.0,3.0,924.0,151.0,0
17.0,1007.0,161.0,128.0,3.0,1110.0,29.0,0
0.0,4333.0,16.0,254.0,4.0,1165.0,114.0,1
6.0,7104.0,134.0,61.0,1.0,505.0,80.0,0
0.0,3667.0,272.0,85.0,7.0,754.0,111.0,0
10.0,3524.0,58.0,80.0,4.0,960.0,185.0,1
0.0,4018.0,85.0,92.0,5.0,1170.0,60.0,1
15.0,795.0,172.0,204.0,4.0,980.0,70.0,1
10.0,4573.0,290.0,159.0,5.0,610.0,180.0,0
1.0,407.0,208.0,268.0,4.0,405.0,65.0,0
0.0,3695.0,193.0,197.0,1.0,770.0,80.0,0
12.0,7799.0,64.0,261.0,1.0,360.0,89.0,0
4.0,1057.0,159.0,58.0,5.0,970.0,99.0,0
12.0,6463.0,262.0,154.0,6.0,370.0,95.0,0
10.0,3212.0,80.0,162.0,6.0,690.0,70.0,0
10.0,2830.0,223.0,80.0,7.0,385.0,125.0,0
15.0,297.0,182.0,153.0,4.0,610.0,375.0,0
0.0,4004.0,197.0,84.0,3.0,620.0,71.0,0
15.0,1715.0,18.0,75.0,3.0,1195.0,55.0,1
5.0,1101.0,135.0,16.0,7.0,565.0,123.0,0
4.0,118.0,96.0,277.0,6.0,690.0,172.0,1
11.0,6565.0,273.0,71.0,1.0,1029.0,126.0,1
15.0,2898.0,217.0,2.0,4.0,480.0,65.0,0
15.0,1597.0,173.0,61.0,6.0,850.0,135.0,0
5.0,2611.0,16.0,80.0,3.0,505.0,160.0,0
5.0,1106.0,252.0,261.0,4.0,360.0,120.0,0
5.0,2840.0,153.0,261.0,4.0,833.0,82.0,0
5.0,1777.0,208.0,16.0,7.0,1155.0,133.0,1
15.0,690.0,12.0,173.0,5.0,850.0,190.0,1
13.0,44.0,154.0,134.0,5.0,1360.0,290.0,1
15.0,1827.0,207.0,202.0,5.0,1260.0,75.0,1
4.0,1581.0,252.0,14.0,6.0,790.0,219.0,0
5.0,1453.0,197.0,252.0,5.0,585.0,223.0,0
11.0,6465.0,120.0,85.0,4.0,1018.0,112.0,0
10.0,3833.0,208.0,16.0,4.0,760.0,120.0,1
3.0,1309.0,148.0,134.0,5.0,1050.0,82.0,1
1.0,661.0,177.0,80.0,4.0,1095.0,110.0,0
1.0,1206.0,217.0,208.0,1.0,1040.0,200.0,0
12.0,6484.0,79.0,17.0,1.0,611.0,140.0,1
16.0,5998.0,237.0,134.0,4.0,370.0,65.0,0
1.0,1099.0,80.0,2.0,5.0,615.0,115.0,0
13.0,416.0,261.0,79.0,5.0,1006.0,86.0,0
1.0,2337.0,96.0,208.0,6.0,770.0,155.0,0
0.0,4033.0,159.0,285.0,7.0,1300.0,129.0,0
5.0,1453.0,197.0,252.0,1.0,585.0,223.0,1
17.0,2601.0,60.0,18.0,7.0,555.0,179.0,1
15.0,759.0,79.0,175.0,3.0,875.0,135.0,1
15.0,641.0,253.0,153.0,4.0,450.0,85.0,0
15.0,1087.0,33.0,104.0,1.0,465.0,130.0,1
11.0,6680.0,85.0,120.0,1.0,605.0,113.0,0
12.0,6255.0,44.0,253.0,1.0,535.0,82.0,1
15.0,3011.0,279.0,75.0,6.0,590.0,60.0,0
14.0,1890.0,60.0,96.0,5.0,1090.0,118.0,1
5.0,2795.0,261.0,243.0,1.0,905.0,108.0,0
14.0,1472.0,216.0,228.0,4.0,580.0,69.0,1
0.0,3994.0,197.0,240.0,3.0,860.0,50.0,0
15.0,1228.0,244.0,75.0,4.0,1090.0,60.0,0
10.0,4524.0,33.0,78.0,5.0,825.0,95.0,0
11.0,6424.0,80.0,177.0,3.0,990.0,92.0,1
17.0,2903.0,217.0,114.0,1.0,589.0,94.0,0
10.0,4017.0,208.0,174.0,1.0,570.0,105.0,0
15.0,769.0,45.0,104.0,7.0,705.0,160.0,0
5.0,2673.0,159.0,177.0,6.0,395.0,185.0,0
15.0,3773.0,277.0,147.0,7.0,1010.0,50.0,1
8.0,289.0,16.0,129.0,3.0,900.0,139.0,1
15.0,1371.0,35.0,45.0,6.0,1040.0,95.0,0
10.0,3785.0,208.0,135.0,7.0,1240.0,165.0,1
16.0,3099.0,290.0,135.0,5.0,916.0,101.0,0
0.0,3935.0,96.0,85.0,7.0,355.0,130.0,0
6.0,5582.0,69.0,16.0,4.0,685.0,90.0,0
15.0,3101.0,154.0,258.0,3.0,845.0,65.0,0
15.0,931.0,45.0,172.0,4.0,990.0,180.0,1
0.0,3732.0,187.0,85.0,7.0,968.0,97.0,0
15.0,1824.0,209.0,175.0,5.0,590.0,140.0,0
13.0,648.0,2.0,79.0,6.0,455.0,88.0,0
10.0,4590.0,197.0,159.0,3.0,375.0,164.0,0
16.0,2604.0,135.0,279.0,3.0,885.0,85.0,0
1.0,7.0,80.0,203.0,6.0,690.0,510.0,1
1.0,2010.0,79.0,80.0,5.0,930.0,115.0,0
16.0,2109.0,96.0,85.0,6.0,875.0,110.0,0
8.0,488.0,173.0,45.0,6.0,584.0,126.0,0
2.0,516.0,252.0,264.0,4.0,1110.0,160.0,0
5.0,1439.0,78.0,16.0,6.0,780.0,122.0,0
0.0,3886.0,84.0,16.0,3.0,330.0,135.0,1
7.0,868.0,217.0,79.0,4.0,465.0,105.0,0
14.0,907.0,60.0,277.0,6.0,880.0,103.0,1
3.0,245.0,202.0,160.0,3.0,540.0,78.0,0
12.0,4468.0,177.0,184.0,5.0,1150.0,106.0,0
2.0,585.0,264.0,214.0,4.0,1135.0,145.0,0
10.0,2716.0,80.0,94.0,7.0,895.0,110.0,0
15.0,580.0,251.0,268.0,4.0,590.0,70.0,1
2.0,619.0,153.0,252.0,1.0,550.0,163.0,0
13.0,506.0,253.0,217.0,4.0,360.0,120.0,0
8.0,262.0,78.0,184.0,7.0,700.0,125.0,0
11.0,6735.0,35.0,233.0,4.0,580.0,142.0,0
14.0,488.0,154.0,217.0,7.0,590.0,81.0,0
5.0,2466.0,213.0,85.0,5.0,827.0,178.0,0
0.0,3875.0,121.0,85.0,5.0,360.0,115.0,0
1.0,593.0,268.0,208.0,5.0,840.0,75.0,1
15.0,899.0,173.0,153.0,4.0,480.0,325.0,1
5.0,1474.0,197.0,153.0,6.0,680.0,210.0,1
5.0,1626.0,104.0,16.0,3.0,1049.0,125.0,1
12.0,6629.0,79.0,246.0,4.0,1116.0,151.0,0
3.0,264.0,160.0,262.0,5.0,1025.0,81.0,0
15.0,2206.0,262.0,217.0,4.0,1000.0,110.0,0
1.0,406.0,208.0,18.0,6.0,1085.0,170.0,1
5.0,1472.0,277.0,16.0,3.0,676.0,93.0,0
10.0,3932.0,254.0,208.0,1.0,485.0,95.0,0
12.0,6497.0,79.0,162.0,5.0,651.0,125.0,1
13.0,415.0,79.0,253.0,4.0,616.0,174.0,0
5.0,447.0,184.0,85.0,3.0,980.0,70.0,0
15.0,3659.0,173.0,33.0,1.0,660.0,115.0,1
13.0,939.0,79.0,243.0,3.0,1150.0,147.0,0
3.0,525.0,96.0,173.0,3.0,841.0,165.0,1
15.0,987.0,175.0,79.0,4.0,595.0,165.0,0
12.0,6839.0,205.0,208.0,5.0,879.0,96.0,0
5.0,2229.0,85.0,183.0,7.0,1200.0,185.0,0
13.0,295.0,79.0,45.0,4.0,1068.0,198.0,0
12.0,7812.0,235.0,110.0,6.0,1259.0,70.0,1
5.0,2224.0,16.0,45.0,7.0,580.0,119.0,0
5.0,320.0,262.0,16.0,7.0,702.0,265.0,1
5.0,1965.0,177.0,277.0,7.0,540.0,112.0,0
14.0,612.0,214.0,217.0,4.0,525.0,148.0,0
15.0,288.0,175.0,172.0,3.0,700.0,90.0,1
6.0,5224.0,16.0,47.0,7.0,981.0,61.0,0
14.0,397.0,153.0,80.0,1.0,1005.0,157.0,1
9.0,529.0,203.0,128.0,1.0,781.0,34.0,0
3.0,1053.0,148.0,221.0,1.0,915.0,107.0,0
3.0,294.0,160.0,252.0,4.0,665.0,161.0,0
3.0,151.0,148.0,213.0,1.0,960.0,188.0,0
1.0,1441.0,80.0,253.0,1.0,715.0,240.0,1
15.0,1082.0,243.0,129.0,4.0,805.0,180.0,1
15.0,2970.0,175.0,153.0,5.0,480.0,255.0,1
15.0,317.0,79.0,34.0,5.0,505.0,125.0,1
0.0,4024.0,152.0,85.0,4.0,920.0,56.0,0
5.0,1148.0,16.0,245.0,7.0,1140.0,65.0,0
8.0,691.0,267.0,16.0,7.0,674.0,96.0,0
1.0,2559.0,96.0,80.0,5.0,900.0,245.0,0
13.0,982.0,135.0,134.0,5.0,705.0,183.0,0
11.0,6540.0,204.0,177.0,4.0,1014.0,88.0,0
15.0,2049.0,153.0,280.0,3.0,925.0,70.0,1
5.0,1937.0,45.0,85.0,3.0,365.0,103.0,0
10.0,3030.0,194.0,154.0,7.0,1025.0,65.0,1
13.0,123.0,208.0,154.0,5.0,920.0,281.0,1
15.0,1047.0,153.0,264.0,7.0,1250.0,65.0,1
1.0,742.0,80.0,159.0,5.0,985.0,205.0,0
5.0,132.0,253.0,148.0,6.0,390.0,330.0,0
14.0,1463.0,60.0,253.0,3.0,1090.0,349.0,0
1.0,1897.0,96.0,80.0,1.0,1040.0,255.0,0
15.0,307.0,154.0,217.0,7.0,1080.0,80.0,1
4.0,1123.0,35.0,96.0,5.0,515.0,80.0,0
13.0,68.0,154.0,208.0,6.0,360.0,237.0,1
5.0,132.0,253.0,148.0,3.0,390.0,330.0,0
14.0,972.0,147.0,60.0,3.0,420.0,83.0,0
1.0,566.0,217.0,80.0,6.0,850.0,135.0,0
16.0,2178.0,233.0,135.0,5.0,675.0,178.0,0
1.0,619.0,208.0,154.0,4.0,1290.0,265.0,0
0.0,3720.0,285.0,85.0,6.0,435.0,108.0,1
3.0,1224.0,233.0,35.0,5.0,360.0,101.0,0
15.0,1255.0,217.0,153.0,5.0,915.0,70.0,0
1.0,2223.0,159.0,268.0,7.0,990.0,170.0,1
12.0,4521.0,261.0,262.0,3.0,1030.0,97.0,0
1.0,491.0,80.0,262.0,7.0,745.0,230.0,0
1.0,1600.0,80.0,78.0,7.0,555.0,164.0,0
1.0,1425.0,268.0,208.0,7.0,365.0,75.0,0
5.0,2285.0,16.0,135.0,6.0,1150.0,145.0,0
5.0,2300.0,16.0,35.0,4.0,980.0,154.0,1
15.0,2737.0,153.0,207.0,7.0,515.0,55.0,1
1.0,5.0,80.0,128.0,6.0,820.0,520.0,1
12.0,6957.0,170.0,79.0,3.0,530.0,118.0,0
6.0,5085.0,16.0,95.0,5.0,855.0,82.0,0
17.0,2628.0,60.0,85.0,6.0,880.0,110.0,0
14.0,16.0,253.0,217.0,5.0,725.0,116.0,0
5.0,1274.0,197.0,96.0,7.0,920.0,164.0,1
10.0,4607.0,159.0,233.0,7.0,1080.0,105.0,1
5.0,1013.0,85.0,16.0,4.0,1170.0,130.0,0
12.0,6637.0,79.0,46.0,7.0,1310.0,109.0,0
4.0,1572.0,18.0,135.0,6.0,665.0,54.0,0
2.0,460.0,252.0,154.0,5.0,600.0,154.0,1
0.0,4200.0,285.0,71.0,7.0,435.0,65.0,0
16.0,2606.0,135.0,177.0,3.0,445.0,91.0,0
12.0,6255.0,253.0,44.0,1.0,440.0,69.0,1
15.0,1071.0,79.0,264.0,7.0,810.0,150.0,0
17.0,7259.0,208.0,172.0,4.0,917.0,88.0,0
0.0,4102.0,16.0,121.0,6.0,665.0,62.0,0
15.0,878.0,61.0,175.0,5.0,1045.0,70.0,1
6.0,5182.0,115.0,16.0,3.0,375.0,75.0,0
10.0,3192.0,258.0,154.0,6.0,500.0,80.0,0
5.0,2765.0,85.0,233.0,5.0,615.0,107.0,0
16.0,2434.0,135.0,223.0,6.0,600.0,78.0,0
15.0,998.0,202.0,175.0,3.0,585.0,245.0,1
12.0,6582.0,227.0,253.0,6.0,653.0,89.0,0
5.0,2168.0,154.0,197.0,5.0,725.0,225.0,1
12.0,6569.0,208.0,86.0,5.0,580.0,71.0,1
6.0,5032.0,70.0,16.0,7.0,858.0,50.0,0
5.0,1530.0,16.0,85.0,3.0,885.0,120.0,0
5.0,1379.0,35.0,159.0,4.0,570.0,74.0,0
8.0,738.0,197.0,184.0,6.0,360.0,74.0,1
1.0,1152.0,198.0,80.0,1.0,550.0,100.0,1
14.0,62.0,60.0,35.0,5.0,795.0,125.0,1
13.0,876.0,252.0,79.0,6.0,692.0,156.0,1
4.0,1869.0,253.0,135.0,4.0,1050.0,209.0,1
12.0,7770.0,255.0,261.0,6.0,465.0,84.0,0
3.0,116.0,104.0,148.0,7.0,1040.0,175.0,1
15.0,1589.0,172.0,252.0,7.0,890.0,255.0,0
10.0,3326.0,285.0,80.0,3.0,810.0,155.0,0
1.0,1287.0,80.0,207.0,4.0,580.0,190.0,1
15.0,817.0,175.0,85.0,3.0,985.0,80.0,1
17.0,2822.0,227.0,217.0,5.0,1150.0,83.0,0
8.0,991.0,221.0,16.0,3.0,1177.0,118.0,1
1.0,1578.0,178.0,80.0,6.0,715.0,100.0,0
17.0,2621.0,134.0,60.0,3.0,825.0,91.0,0
6.0,5486.0,16.0,97.0,6.0,897.0,118.0,0
11.0,6750.0,198.0,197.0,3.0,1080.0,171.0,1
15.0,3142.0,75.0,244.0,1.0,760.0,65.0,1
15.0,218.0,258.0,44.0,4.0,1050.0,60.0,1
13.0,264.0,79.0,216.0,5.0,609.0,214.0,1
1.0,572.0,153.0,208.0,5.0,590.0,215.0,0
12.0,4483.0,197.0,84.0,4.0,800.0,75.0,0
0.0,3746.0,27.0,85.0,5.0,670.0,130.0,0
10.0,3822.0,208.0,197.0,4.0,655.0,95.0,1
10.0,4335.0,208.0,119.0,5.0,510.0,55.0,0
13.0,836.0,208.0,35.0,4.0,1105.0,136.0,0
7.0,478.0,153.0,184.0,1.0,1040.0,205.0,1
15.0,2105.0,198.0,175.0,4.0,1010.0,135.0,1
12.0,4752.0,2.0,261.0,5.0,1135.0,93.0,0
8.0,1011.0,76.0,277.0,7.0,480.0,148.0,0
4.0,1175.0,96.0,208.0,4.0,480.0,170.0,0
6.0,5097.0,48.0,16.0,7.0,960.0,112.0,0
9.0,121.0,143.0,128.0,5.0,541.0,49.0,0
15.0,1489.0,277.0,198.0,5.0,1030.0,105.0,0
8.0,203.0,16.0,48.0,7.0,1040.0,96.0,1
13.0,934.0,128.0,154.0,3.0,420.0,343.0,0
5.0,2132.0,197.0,111.0,5.0,690.0,186.0,1
6.0,5477.0,205.0,177.0,4.0,990.0,100.0,0
12.0,6432.0,208.0,177.0,4.0,965.0,101.0,0
5.0,1253.0,16.0,221.0,1.0,980.0,104.0,1
15.0,2871.0,75.0,2.0,7.0,1070.0,115.0,1
9.0,241.0,143.0,128.0,3.0,1256.0,49.0,0
3.0,453.0,35.0,104.0,3.0,574.0,204.0,1
14.0,1972.0,241.0,60.0,5.0,725.0,113.0,0
1.0,1344.0,244.0,80.0,6.0,705.0,70.0,0
10.0,4586.0,197.0,159.0,1.0,525.0,160.0,0
9.0,225.0,203.0,128.0,7.0,956.0,34.0,0
12.0,6452.0,154.0,280.0,3.0,714.0,84.0,0
14.0,1024.0,260.0,216.0,3.0,940.0,244.0,1
5.0,1894.0,16.0,279.0,4.0,1243.0,128.0,0
1.0,1032.0,207.0,80.0,3.0,370.0,180.0,0
5.0,1918.0,197.0,22.0,7.0,840.0,157.0,1
13.0,90.0,253.0,96.0,5.0,540.0,330.0,0
17.0,1017.0,128.0,161.0,4.0,1040.0,37.0,0
10.0,4019.0,208.0,174.0,7.0,845.0,105.0,1
12.0,6449.0,208.0,261.0,7.0,1042.0,210.0,1
15.0,965.0,79.0,173.0,4.0,450.0,210.0,0
11.0,6585.0,85.0,134.0,6.0,1160.0,98.0,1
12.0,4657.0,157.0,197.0,7.0,390.0,130.0,0
14.0,1471.0,60.0,277.0,4.0,1200.0,104.0,0
16.0,2258.0,19.0,135.0,3.0,990.0,152.0,0
15.0,1060.0,214.0,202.0,1.0,1075.0,105.0,0
16.0,2672.0,84.0,135.0,3.0,1025.0,142.0,0
17.0,2652.0,60.0,162.0,5.0,880.0,131.0,0
15.0,2794.0,202.0,261.0,5.0,805.0,100.0,1
16.0,2560.0,170.0,135.0,3.0,1003.0,87.0,0
12.0,6627.0,195.0,79.0,6.0,620.0,168.0,1
3.0,1419.0,35.0,147.0,6.0,560.0,174.0,1
14.0,595.0,172.0,217.0,6.0,360.0,174.0,0
12.0,6887.0,153.0,154.0,1.0,1075.0,80.0,0
15.0,765.0,153.0,262.0,7.0,705.0,95.0,0
15.0,3915.0,175.0,35.0,3.0,695.0,135.0,1
15.0,145.0,202.0,44.0,1.0,520.0,65.0,1
3.0,505.0,96.0,104.0,1.0,795.0,176.0,1
8.0,599.0,238.0,16.0,5.0,421.0,150.0,0
12.0,6630.0,79.0,199.0,6.0,570.0,56.0,1
13.0,890.0,154.0,148.0,3.0,830.0,333.0,1
5.0,1965.0,177.0,277.0,3.0,540.0,112.0,1
4.0,480.0,153.0,58.0,6.0,650.0,230.0,1
15.0,869.0,79.0,154.0,1.0,590.0,155.0,1
16.0,2675.0,96.0,209.0,1.0,690.0,76.0,0
17.0,2928.0,217.0,2.0,7.0,1360.0,66.0,0
14.0,1296.0,268.0,60.0,1.0,360.0,113.0,1
3.0,673.0,148.0,154.0,5.0,665.0,367.0,0
5.0,2557.0,148.0,243.0,3.0,1150.0,390.0,1
12.0,7000.0,208.0,209.0,7.0,360.0,119.0,1
15.0,2536.0,175.0,244.0,6.0,1065.0,185.0,1
10.0,3624.0,223.0,183.0,4.0,420.0,100.0,0
5.0,1669.0,16.0,173.0,5.0,1140.0,95.0,1
15.0,233.0,175.0,197.0,7.0,700.0,90.0,0
5.0,1946.0,104.0,197.0,5.0,800.0,240.0,0
8.0,290.0,129.0,16.0,7.0,365.0,125.0,0
8.0,804.0,35.0,45.0,4.0,1170.0,90.0,0
15.0,702.0,2.0,268.0,3.0,680.0,135.0,1
5.0,2339.0,78.0,16.0,7.0,720.0,120.0,0
14.0,1410.0,16.0,216.0,4.0,1175.0,129.0,0
15.0,2706.0,18.0,175.0,5.0,545.0,155.0,1
12.0,6339.0,243.0,154.0,4.0,1118.0,44.0,0
5.0,1377.0,35.0,159.0,4.0,510.0,82.0,0
13.0,779.0,35.0,79.0,1.0,874.0,287.0,0
12.0,4832.0,261.0,196.0,3.0,919.0,88.0,0
5.0,309.0,33.0,16.0,7.0,562.0,68.0,0
13.0,853.0,243.0,253.0,7.0,705.0,98.0,0
0.0,4230.0,109.0,85.0,5.0,480.0,64.0,0
5.0,1817.0,16.0,79.0,4.0,840.0,200.0,1
0.0,4001.0,177.0,75.0,7.0,565.0,96.0,0
5.0,2361.0,216.0,16.0,7.0,540.0,145.0,0
5.0,1393.0,35.0,159.0,4.0,990.0,73.0,1
8.0,871.0,16.0,197.0,3.0,949.0,155.0,0
5.0,1975.0,197.0,16.0,5.0,610.0,150.0,0
10.0,3209.0,80.0,285.0,1.0,910.0,120.0,0
3.0,1434.0,160.0,253.0,4.0,614.0,86.0,0
5.0,2262.0,85.0,216.0,1.0,1055.0,118.0,1
12.0,4519.0,197.0,230.0,4.0,540.0,95.0,1
5.0,1611.0,16.0,223.0,7.0,1373.0,75.0,0
4.0,738.0,135.0,243.0,7.0,750.0,205.0,1
5.0,400.0,16.0,197.0,4.0,725.0,160.0,0
10.0,3388.0,285.0,80.0,7.0,975.0,155.0,1
5.0,1554.0,154.0,16.0,6.0,860.0,261.0,0
0.0,4381.0,27.0,85.0,7.0,940.0,135.0,0
2.0,585.0,264.0,214.0,5.0,1135.0,145.0,0
5.0,1425.0,45.0,16.0,6.0,975.0,120.0,1
5.0,1475.0,197.0,2.0,7.0,700.0,170.0,0
16.0,2674.0,135.0,279.0,4.0,450.0,88.0,0
5.0,1545.0,78.0,85.0,4.0,450.0,100.0,1
6.0,5139.0,16.0,180.0,1.0,1017.0,58.0,1
10.0,4490.0,35.0,159.0,5.0,1145.0,85.0,0
15.0,200.0,45.0,79.0,5.0,395.0,255.0,0
15.0,1537.0,243.0,175.0,4.0,840.0,235.0,0
10.0,4093.0,117.0,208.0,4.0,420.0,65.0,0
4.0,625.0,96.0,58.0,4.0,385.0,100.0,0
15.0,646.0,202.0,175.0,7.0,435.0,250.0,1
0.0,3781.0,16.0,136.0,4.0,522.0,160.0,0
16.0,2714.0,45.0,96.0,1.0,1005.0,85.0,1
12.0,7762.0,261.0,89.0,4.0,1304.0,72.0,1
12.0,4651.0,197.0,205.0,4.0,445.0,74.0,1
1.0,782.0,208.0,277.0,3.0,1045.0,160.0,0
14.0,867.0,273.0,216.0,5.0,445.0,84.0,0
14.0,1165.0,216.0,60.0,5.0,1245.0,105.0,0
6.0,5570.0,16.0,278.0,3.0,665.0,73.0,1
10.0,4148.0,205.0,208.0,6.0,595.0,95.0,0
15.0,2010.0,172.0,175.0,7.0,930.0,80.0,1
4.0,345.0,58.0,135.0,3.0,575.0,186.0,0
15.0,759.0,207.0,217.0,5.0,520.0,65.0,0
4.0,1807.0,277.0,135.0,5.0,1126.0,144.0,0
15.0,580.0,217.0,253.0,4.0,885.0,125.0,1
7.0,387.0,104.0,79.0,7.0,902.0,264.0,0
12.0,4618.0,79.0,261.0,3.0,955.0,89.0,0
15.0,1235.0,45.0,2.0,4.0,770.0,280.0,1
5.0,2035.0,184.0,16.0,5.0,990.0,130.0,0
17.0,1015.0,128.0,203.0,1.0,835.0,35.0,0
2.0,64.0,289.0,151.0,3.0,1000.0,40.0,0
15.0,945.0,217.0,264.0,5.0,1005.0,75.0,1
14.0,119.0,150.0,217.0,5.0,1425.0,349.0,0
0.0,4196.0,285.0,16.0,3.0,340.0,57.0,0
15.0,1609.0,243.0,153.0,3.0,1070.0,70.0,1
15.0,1796.0,243.0,202.0,6.0,1070.0,90.0,0
6.0,5492.0,16.0,119.0,6.0,1249.0,118.0,0
2.0,451.0,154.0,252.0,1.0,495.0,170.0,0
1.0,824.0,104.0,148.0,6.0,1195.0,170.0,0
15.0,174.0,44.0,262.0,4.0,675.0,80.0,1
14.0,510.0,217.0,205.0,6.0,805.0,157.0,0
5.0,2326.0,104.0,16.0,1.0,530.0,115.0,1
5.0,2317.0,85.0,153.0,3.0,715.0,272.0,1
8.0,496.0,60.0,45.0,5.0,1174.0,86.0,0
13.0,71.0,148.0,154.0,1.0,530.0,380.0,0
16.0,2766.0,158.0,135.0,5.0,964.0,64.0,1
15.0,1488.0,205.0,175.0,6.0,590.0,80.0,1
4.0,1059.0,78.0,135.0,4.0,835.0,206.0,0
11.0,6297.0,139.0,159.0,3.0,1107.0,139.0,0
5.0,2025.0,45.0,16.0,4.0,675.0,117.0,0
15.0,117.0,280.0,243.0,3.0,495.0,75.0,1
8.0,1103.0,241.0,61.0,7.0,639.0,139.0,1
1.0,1782.0,173.0,148.0,3.0,1180.0,155.0,1
17.0,2702.0,248.0,217.0,5.0,385.0,94.0,0
15.0,704.0,261.0,175.0,3.0,740.0,195.0,1
15.0,3421.0,79.0,253.0,5.0,835.0,165.0,1
4.0,544.0,135.0,58.0,1.0,405.0,157.0,1
16.0,2612.0,71.0,96.0,6.0,690.0,109.0,0
10.0,3619.0,183.0,275.0,5.0,990.0,85.0,0
15.0,1761.0,268.0,172.0,3.0,940.0,65.0,1
15.0,41.0,2.0,75.0,1.0,810.0,95.0,0
1.0,1989.0,198.0,80.0,6.0,1140.0,95.0,0
12.0,7002.0,154.0,252.0,5.0,1260.0,164.0,0
1.0,1673.0,16.0,80.0,3.0,565.0,155.0,0
5.0,2847.0,159.0,16.0,7.0,1200.0,159.0,1
1.0,2537.0,208.0,153.0,6.0,1290.0,235.0,1
15.0,2181.0,217.0,129.0,1.0,1090.0,145.0,0
10.0,3030.0,194.0,154.0,3.0,1025.0,65.0,0
8.0,871.0,16.0,197.0,4.0,949.0,155.0,0
6.0,5005.0,60.0,177.0,6.0,706.0,123.0,1
12.0,6519.0,258.0,154.0,6.0,1098.0,82.0,0
14.0,183.0,217.0,104.0,7.0,590.0,258.0,1
1.0,1534.0,80.0,85.0,5.0,745.0,155.0,0
15.0,857.0,45.0,141.0,1.0,715.0,60.0,1
5.0,1706.0,154.0,85.0,6.0,693.0,267.0,0
17.0,2718.0,194.0,217.0,1.0,360.0,145.0,0
2.0,583.0,264.0,214.0,1.0,885.0,148.0,0
15.0,1120.0,154.0,262.0,7.0,940.0,80.0,1
12.0,4812.0,261.0,127.0,5.0,670.0,85.0,1
13.0,499.0,173.0,134.0,5.0,1119.0,130.0,1
15.0,958.0,268.0,197.0,4.0,1230.0,90.0,0
10.0,3336.0,80.0,114.0,5.0,1100.0,135.0,0
8.0,1178.0,119.0,241.0,7.0,935.0,164.0,0
12.0,6467.0,79.0,179.0,3.0,1107.0,170.0,0
12.0,7782.0,271.0,261.0,3.0,561.0,67.0,0
1.0,1143.0,80.0,205.0,1.0,525.0,105.0,0
12.0,6317.0,154.0,246.0,5.0,451.0,40.0,0
16.0,2492.0,233.0,96.0,7.0,1191.0,97.0,0
15.0,2935.0,2.0,268.0,6.0,725.0,135.0,0
15.0,2116.0,221.0,45.0,1.0,400.0,75.0,0
17.0,2657.0,58.0,60.0,5.0,1199.0,97.0,0
10.0,4346.0,238.0,208.0,3.0,1005.0,125.0,1
15.0,1636.0,204.0,45.0,1.0,525.0,165.0,1
15.0,1408.0,214.0,217.0,7.0,1205.0,150.0,1
8.0,686.0,136.0,16.0,1.0,1038.0,122.0,1
15.0,1264.0,44.0,153.0,7.0,475.0,60.0,0
10.0,2808.0,80.0,187.0,5.0,875.0,115.0,0
5.0,1388.0,159.0,35.0,5.0,930.0,76.0,1
12.0,7012.0,261.0,208.0,7.0,670.0,188.0,1
14.0,894.0,277.0,60.0,1.0,1035.0,102.0,0
11.0,6567.0,85.0,290.0,7.0,945.0,147.0,1
7.0,499.0,79.0,48.0,4.0,805.0,162.0,1
1.0,2001.0,147.0,80.0,1.0,1085.0,175.0,0
10.0,4567.0,159.0,33.0,3.0,500.0,155.0,1
6.0,5449.0,16.0,27.0,5.0,990.0,60.0,0
14.0,959.0,43.0,60.0,4.0,1149.0,116.0,0
11.0,6384.0,71.0,159.0,4.0,670.0,119.0,1
6.0,5262.0,78.0,35.0,4.0,835.0,93.0,1
15.0,759.0,2.0,79.0,4.0,770.0,75.0,0
5.0,131.0,16.0,241.0,1.0,985.0,100.0,1
8.0,694.0,16.0,267.0,3.0,929.0,92.0,0
14.0,1856.0,173.0,60.0,5.0,525.0,96.0,0
12.0,4479.0,80.0,261.0,4.0,1125.0,168.0,0
15.0,3664.0,45.0,22.0,5.0,715.0,65.0,1
15.0,1296.0,217.0,175.0,4.0,905.0,205.0,1
5.0,1605.0,85.0,173.0,7.0,500.0,175.0,0
4.0,1116.0,96.0,35.0,3.0,390.0,72.0,0
12.0,6444.0,154.0,263.0,4.0,786.0,56.0,0
15.0,1364.0,79.0,204.0,6.0,950.0,85.0,1
10.0,3307.0,80.0,68.0,3.0,390.0,80.0,0
16.0,2993.0,96.0,197.0,7.0,700.0,182.0,0
14.0,817.0,208.0,216.0,7.0,450.0,120.0,0
17.0,2662.0,268.0,60.0,7.0,770.0,111.0,0
15.0,2008.0,216.0,153.0,6.0,760.0,345.0,1
10.0,2778.0,285.0,80.0,1.0,500.0,160.0,0
16.0,5907.0,208.0,136.0,4.0,1250.0,116.0,0
14.0,1507.0,60.0,217.0,1.0,577.0,279.0,1
13.0,860.0,134.0,35.0,4.0,514.0,96.0,0
17.0,1015.0,150.0,128.0,7.0,765.0,40.0,0
3.0,136.0,241.0,148.0,4.0,789.0,162.0,1
6.0,4995.0,16.0,188.0,7.0,960.0,97.0,1
1.0,2463.0,208.0,172.0,3.0,490.0,90.0,0
14.0,1222.0,60.0,45.0,4.0,895.0,81.0,1
6.0,5197.0,16.0,132.0,3.0,1065.0,60.0,1
16.0,2787.0,290.0,135.0,6.0,735.0,97.0,0
15.0,1943.0,197.0,79.0,4.0,1120.0,135.0,1
5.0,1656.0,18.0,16.0,3.0,656.0,134.0,1
5.0,2318.0,173.0,16.0,4.0,810.0,96.0,1
15.0,1124.0,204.0,268.0,3.0,960.0,85.0,1
15.0,198.0,2.0,129.0,3.0,430.0,120.0,0
15.0,1557.0,129.0,217.0,3.0,645.0,175.0,1
1.0,1577.0,183.0,208.0,5.0,540.0,200.0,0
16.0,2225.0,204.0,135.0,7.0,810.0,84.0,0
1.0,1794.0,100.0,80.0,3.0,405.0,195.0,0
8.0,435.0,252.0,184.0,7.0,551.0,225.0,0
5.0,1865.0,16.0,241.0,7.0,575.0,115.0,0
5.0,2037.0,85.0,172.0,1.0,915.0,131.0,0
14.0,975.0,197.0,60.0,4.0,610.0,149.0,0
4.0,1512.0,258.0,135.0,1.0,740.0,220.0,1
5.0,2346.0,214.0,16.0,3.0,380.0,279.0,0
13.0,187.0,134.0,253.0,7.0,379.0,368.0,0
13.0,312.0,134.0,22.0,7.0,1041.0,80.0,1
16.0,2437.0,233.0,135.0,4.0,520.0,185.0,0
5.0,1943.0,96.0,16.0,5.0,363.0,156.0,0
4.0,1847.0,173.0,58.0,3.0,1075.0,140.0,0
0.0,4254.0,268.0,233.0,7.0,1050.0,120.0,1
12.0,6375.0,208.0,63.0,1.0,717.0,81.0,0
10.0,2794.0,116.0,80.0,1.0,1020.0,110.0,0
3.0,209.0,148.0,160.0,3.0,785.0,368.0,1
12.0,6480.0,292.0,154.0,7.0,454.0,80.0,0
15.0,2022.0,104.0,153.0,1.0,465.0,340.0,1
8.0,1228.0,139.0,267.0,7.0,757.0,138.0,0
12.0,6486.0,79.0,67.0,3.0,936.0,56.0,0
5.0,1733.0,148.0,261.0,6.0,1145.0,332.0,0
5.0,749.0,261.0,243.0,4.0,520.0,120.0,1
5.0,1227.0,16.0,33.0,1.0,505.0,77.0,0
5.0,1019.0,177.0,172.0,4.0,1175.0,91.0,1
15.0,1677.0,153.0,154.0,4.0,1140.0,65.0,1
17.0,7259.0,134.0,172.0,1.0,506.0,167.0,0
5.0,1289.0,134.0,16.0,1.0,1058.0,120.0,0
0.0,4286.0,85.0,119.0,5.0,525.0,64.0,0
1.0,879.0,279.0,80.0,4.0,425.0,70.0,0
5.0,1182.0,261.0,268.0,5.0,1198.0,166.0,0
8.0,950.0,45.0,119.0,5.0,620.0,105.0,0
10.0,2916.0,80.0,288.0,5.0,485.0,110.0,0
4.0,187.0,173.0,135.0,7.0,540.0,148.0,0
2.0,153.0,14.0,211.0,1.0,1035.0,94.0,0
13.0,69.0,154.0,161.0,1.0,848.0,365.0,0
0.0,4120.0,215.0,16.0,7.0,800.0,124.0,1
5.0,2839.0,78.0,16.0,7.0,419.0,135.0,0
15.0,684.0,228.0,217.0,4.0,770.0,365.0,1
6.0,7086.0,76.0,134.0,6.0,360.0,90.0,0
1.0,440.0,80.0,205.0,5.0,1115.0,105.0,0
12.0,7800.0,282.0,261.0,1.0,390.0,55.0,1
16.0,3032.0,135.0,60.0,4.0,470.0,144.0,0
16.0,5984.0,285.0,134.0,6.0,360.0,95.0,0
1.0,1981.0,80.0,280.0,5.0,850.0,145.0,1
15.0,2341.0,172.0,277.0,6.0,835.0,155.0,1
5.0,1019.0,177.0,172.0,7.0,1175.0,91.0,0
8.0,517.0,16.0,61.0,1.0,610.0,96.0,0
3.0,295.0,252.0,160.0,5.0,1055.0,152.0,0
8.0,233.0,16.0,234.0,5.0,831.0,87.0,0
5.0,2117.0,61.0,16.0,1.0,1020.0,101.0,0
15.0,760.0,175.0,253.0,1.0,530.0,300.0,1
4.0,796.0,153.0,135.0,5.0,1022.0,172.0,1
10.0,3776.0,198.0,208.0,5.0,450.0,145.0,0
10.0,3652.0,251.0,183.0,3.0,890.0,155.0,0
14.0,181.0,104.0,217.0,7.0,1030.0,305.0,1
11.0,6364.0,71.0,174.0,5.0,1225.0,82.0,0
3.0,171.0,148.0,262.0,5.0,1155.0,395.0,0
10.0,4071.0,208.0,290.0,4.0,790.0,105.0,0
16.0,5924.0,107.0,208.0,7.0,360.0,96.0,1
12.0,6621.0,79.0,187.0,3.0,969.0,113.0,1
15.0,1233.0,45.0,221.0,3.0,1175.0,60.0,1
13.0,592.0,16.0,208.0,7.0,1021.0,130.0,0
13.0,18.0,154.0,79.0,7.0,360.0,145.0,0
15.0,3773.0,217.0,277.0,4.0,630.0,235.0,1
11.0,6497.0,177.0,18.0,4.0,820.0,122.0,0
12.0,6458.0,154.0,280.0,3.0,1142.0,78.0,1
12.0,7051.0,253.0,6.0,4.0,959.0,79.0,0
0.0,3871.0,85.0,273.0,4.0,615.0,82.0,0
15.0,2904.0,154.0,253.0,3.0,1185.0,75.0,1
6.0,5434.0,275.0,16.0,5.0,910.0,74.0,0
8.0,1099.0,139.0,173.0,7.0,1199.0,135.0,0
5.0,131.0,16.0,241.0,5.0,985.0,100.0,1
11.0,6589.0,197.0,198.0,3.0,865.0,169.0,1
15.0,3014.0,280.0,154.0,6.0,475.0,95.0,0
15.0,1202.0,22.0,175.0,3.0,1010.0,160.0,1
5.0,1202.0,213.0,16.0,4.0,738.0,112.0,0
5.0,1657.0,71.0,16.0,6.0,435.0,105.0,0
10.0,2784.0,80.0,284.0,5.0,585.0,45.0,0
14.0,1179.0,104.0,60.0,3.0,605.0,119.0,0
2.0,152.0,211.0,14.0,6.0,895.0,86.0,0
14.0,128.0,258.0,217.0,3.0,965.0,107.0,0
17.0,7238.0,208.0,147.0,4.0,360.0,135.0,0
14.0,1103.0,60.0,80.0,3.0,785.0,172.0,1
15.0,723.0,233.0,33.0,4.0,1095.0,95.0,1
15.0,1656.0,258.0,154.0,1.0,780.0,70.0,0
1.0,731.0,159.0,80.0,4.0,615.0,255.0,0
12.0,4598.0,192.0,197.0,3.0,800.0,90.0,1
4.0,1503.0,154.0,96.0,5.0,935.0,309.0,1
5.0,1661.0,16.0,213.0,4.0,567.0,121.0,0
15.0,2621.0,155.0,18.0,4.0,1015.0,70.0,1
14.0,162.0,60.0,243.0,4.0,475.0,317.0,0
8.0,102.0,16.0,80.0,4.0,986.0,147.0,0
10.0,4585.0,159.0,60.0,5.0,810.0,120.0,0
15.0,903.0,172.0,175.0,7.0,1015.0,85.0,1
1.0,1954.0,154.0,253.0,5.0,890.0,80.0,1
10.0,3929.0,22.0,208.0,7.0,1105.0,170.0,1
6.0,5530.0,16.0,123.0,6.0,620.0,82.0,0
15.0,2383.0,173.0,79.0,7.0,880.0,260.0,0
6.0,5006.0,16.0,273.0,5.0,1247.0,130.0,0
13.0,857.0,154.0,253.0,6.0,556.0,93.0,0
1.0,1918.0,277.0,208.0,1.0,950.0,170.0,0
14.0,7.0,252.0,217.0,4.0,685.0,167.0,0
15.0,380.0,146.0,129.0,3.0,1100.0,85.0,0
15.0,1497.0,198.0,104.0,4.0,545.0,105.0,0
14.0,1815.0,216.0,60.0,7.0,705.0,109.0,0
1.0,2299.0,85.0,183.0,5.0,360.0,190.0,0
1.0,24.0,253.0,148.0,4.0,425.0,325.0,1
1.0,1740.0,264.0,80.0,4.0,450.0,175.0,0
5.0,1642.0,16.0,221.0,6.0,1160.0,105.0,0
4.0,739.0,135.0,243.0,6.0,555.0,203.0,1
11.0,6278.0,71.0,96.0,5.0,905.0,126.0,0
3.0,1133.0,273.0,148.0,1.0,360.0,85.0,0
15.0,978.0,173.0,175.0,5.0,645.0,170.0,0
17.0,7265.0,221.0,208.0,1.0,821.0,93.0,0
14.0,1794.0,153.0,60.0,3.0,1385.0,238.0,0
3.0,140.0,213.0,148.0,5.0,482.0,148.0,0
14.0,1086.0,173.0,60.0,4.0,1035.0,98.0,0
15.0,1869.0,216.0,79.0,6.0,995.0,275.0,1
15.0,2928.0,261.0,153.0,6.0,1000.0,80.0,1
12.0,6853.0,72.0,208.0,5.0,607.0,68.0,0
5.0,2020.0,177.0,277.0,3.0,1132.0,110.0,0
14.0,303.0,60.0,217.0,7.0,1320.0,277.0,1
0.0,3754.0,85.0,250.0,6.0,648.0,81.0,0
10.0,4175.0,208.0,84.0,6.0,1195.0,80.0,1
16.0,2513.0,182.0,96.0,4.0,567.0,79.0,0
1.0,437.0,78.0,183.0,3.0,670.0,160.0,1
15.0,539.0,175.0,61.0,5.0,1205.0,70.0,1
4.0,1010.0,135.0,96.0,4.0,1055.0,207.0,0
1.0,1825.0,78.0,208.0,1.0,860.0,125.0,0
0.0,3881.0,16.0,275.0,7.0,1305.0,69.0,1
12.0,6720.0,252.0,154.0,3.0,1077.0,153.0,0
15.0,591.0,134.0,79.0,7.0,965.0,240.0,0
12.0,6947.0,252.0,214.0,6.0,847.0,48.0,0
16.0,5909.0,0.0,208.0,7.0,360.0,136.0,1
16.0,2516.0,58.0,238.0,5.0,965.0,60.0,0
5.0,1590.0,172.0,16.0,4.0,577.0,121.0,1
1.0,1523.0,260.0,208.0,4.0,955.0,320.0,0
14.0,641.0,80.0,217.0,5.0,370.0,157.0,1
0.0,4387.0,66.0,177.0,5.0,990.0,75.0,0
12.0,6632.0,254.0,79.0,1.0,803.0,131.0,1
12.0,4858.0,261.0,46.0,6.0,920.0,77.0,0
5.0,1204.0,177.0,16.0,7.0,634.0,81.0,1
14.0,874.0,139.0,60.0,6.0,420.0,102.0,0
1.0,1760.0,183.0,159.0,4.0,1055.0,180.0,0
15.0,671.0,154.0,262.0,3.0,1220.0,80.0,1
16.0,2197.0,195.0,96.0,1.0,1098.0,132.0,1
13.0,267.0,208.0,79.0,6.0,720.0,164.0,0
10.0,4214.0,172.0,208.0,4.0,1175.0,95.0,0
10.0,2927.0,80.0,94.0,6.0,540.0,110.0,0
13.0,709.0,208.0,79.0,6.0,587.0,167.0,1
1.0,1805.0,290.0,80.0,1.0,1100.0,85.0,0
15.0,1025.0,217.0,91.0,5.0,500.0,70.0,1
17.0,2717.0,217.0,172.0,7.0,795.0,156.0,0
5.0,1264.0,217.0,261.0,3.0,870.0,99.0,1
16.0,2188.0,234.0,96.0,4.0,775.0,90.0,1
13.0,607.0,78.0,208.0,3.0,515.0,129.0,0
10.0,3602.0,54.0,183.0,5.0,925.0,100.0,0
17.0,2924.0,18.0,217.0,3.0,375.0,148.0,0
8.0,82.0,104.0,16.0,7.0,857.0,116.0,0
5.0,1001.0,35.0,16.0,5.0,660.0,176.0,0
15.0,2029.0,155.0,75.0,4.0,1155.0,60.0,1
6.0,7313.0,177.0,256.0,4.0,870.0,78.0,0
14.0,977.0,216.0,213.0,5.0,735.0,159.0,0
8.0,96.0,233.0,16.0,3.0,375.0,85.0,0
6.0,5428.0,158.0,177.0,4.0,380.0,83.0,0
5.0,577.0,148.0,260.0,3.0,495.0,244.0,0
9.0,103.0,128.0,161.0,5.0,331.0,35.0,0
0.0,3829.0,0.0,85.0,7.0,747.0,113.0,0
15.0,1264.0,129.0,175.0,4.0,1005.0,145.0,1
0.0,4228.0,139.0,78.0,3.0,1100.0,100.0,0
16.0,2810.0,136.0,135.0,5.0,460.0,105.0,0
12.0,6735.0,79.0,196.0,1.0,628.0,133.0,1
17.0,2674.0,154.0,153.0,6.0,990.0,64.0,0
12.0,6652.0,191.0,253.0,3.0,644.0,38.0,0
12.0,3074.0,184.0,139.0,5.0,1070.0,62.0,1
17.0,2654.0,60.0,134.0,1.0,455.0,79.0,0
8.0,635.0,45.0,76.0,3.0,952.0,89.0,0
16.0,2896.0,146.0,135.0,1.0,944.0,76.0,1
15.0,3919.0,277.0,18.0,7.0,825.0,165.0,1
10.0,4023.0,208.0,174.0,5.0,1170.0,105.0,0
11.0,6747.0,234.0,148.0,4.0,795.0,85.0,0
10.0,4243.0,233.0,208.0,6.0,400.0,140.0,0
14.0,2034.0,78.0,35.0,1.0,810.0,83.0,0
16.0,2362.0,96.0,234.0,3.0,995.0,85.0,0
5.0,1486.0,16.0,159.0,5.0,400.0,127.0,0
8.0,99.0,16.0,233.0,5.0,804.0,73.0,0
8.0,482.0,173.0,45.0,3.0,1059.0,126.0,1
12.0,7010.0,208.0,18.0,3.0,929.0,165.0,1
15.0,1330.0,214.0,262.0,4.0,425.0,85.0,0
14.0,1464.0,60.0,208.0,7.0,1080.0,124.0,1
5.0,2142.0,16.0,96.0,1.0,980.0,139.0,0
5.0,2593.0,16.0,79.0,4.0,660.0,207.0,0
12.0,6662.0,194.0,253.0,5.0,1058.0,37.0,1
2.0,53.0,14.0,249.0,1.0,880.0,105.0,0
10.0,3315.0,80.0,146.0,3.0,400.0,80.0,0
1.0,575.0,183.0,260.0,7.0,465.0,145.0,1
14.0,596.0,236.0,217.0,5.0,975.0,101.0,0
15.0,3588.0,153.0,243.0,1.0,855.0,65.0,1
3.0,451.0,35.0,104.0,4.0,365.0,204.0,0
2.0,374.0,252.0,262.0,3.0,905.0,105.0,0
0.0,4383.0,233.0,241.0,6.0,725.0,130.0,1
0.0,4342.0,277.0,233.0,7.0,1005.0,110.0,1
15.0,861.0,175.0,154.0,1.0,1040.0,275.0,1
2.0,138.0,14.0,208.0,3.0,1405.0,345.0,0
15.0,733.0,153.0,173.0,7.0,985.0,265.0,1
13.0,316.0,79.0,134.0,6.0,775.0,195.0,0
13.0,333.0,221.0,208.0,6.0,447.0,102.0,0
5.0,2184.0,261.0,71.0,7.0,600.0,203.0,1
16.0,2176.0,135.0,2.0,1.0,565.0,134.0,1
12.0,6419.0,79.0,119.0,7.0,606.0,151.0,1
15.0,1140.0,277.0,129.0,1.0,410.0,145.0,0
12.0,4612.0,2.0,261.0,7.0,783.0,92.0,1
13.0,189.0,45.0,208.0,6.0,363.0,132.0,0
6.0,5142.0,16.0,138.0,5.0,572.0,80.0,0
13.0,969.0,260.0,134.0,6.0,1085.0,240.0,0
10.0,4523.0,35.0,159.0,6.0,1000.0,80.0,0
12.0,4778.0,252.0,261.0,7.0,1005.0,113.0,0
15.0,3833.0,75.0,279.0,3.0,965.0,55.0,1
10.0,3948.0,205.0,208.0,3.0,1030.0,105.0,1
1.0,2431.0,80.0,154.0,1.0,740.0,200.0,1
0.0,3662.0,197.0,33.0,3.0,1145.0,138.0,0
15.0,519.0,241.0,173.0,1.0,770.0,50.0,0
4.0,1559.0,78.0,135.0,5.0,420.0,209.0,0
5.0,2736.0,217.0,177.0,6.0,550.0,182.0,0
12.0,4800.0,261.0,154.0,6.0,410.0,115.0,1
0.0,4381.0,85.0,106.0,7.0,1175.0,47.0,1
5.0,1136.0,261.0,16.0,1.0,510.0,220.0,0
1.0,312.0,217.0,80.0,3.0,640.0,135.0,0
13.0,781.0,172.0,79.0,5.0,722.0,114.0,0
15.0,2134.0,153.0,175.0,6.0,950.0,215.0,1
1.0,1839.0,204.0,80.0,5.0,360.0,60.0,0
10.0,3884.0,58.0,208.0,1.0,360.0,85.0,0
12.0,4659.0,261.0,28.0,4.0,669.0,84.0,0
11.0,6264.0,71.0,290.0,1.0,565.0,125.0,0
4.0,1596.0,153.0,135.0,1.0,485.0,175.0,0
15.0,702.0,2.0,268.0,1.0,680.0,135.0,0
14.0,204.0,153.0,217.0,1.0,595.0,72.0,0
12.0,6272.0,253.0,44.0,3.0,1254.0,66.0,1
17.0,2763.0,217.0,280.0,6.0,876.0,45.0,0
15.0,880.0,154.0,261.0,6.0,650.0,110.0,0
10.0,3672.0,251.0,183.0,4.0,435.0,155.0,1
12.0,6263.0,100.0,253.0,7.0,712.0,63.0,1
14.0,1050.0,60.0,159.0,7.0,480.0,104.0,0
1.0,2192.0,183.0,35.0,7.0,1255.0,180.0,1
5.0,2794.0,16.0,216.0,4.0,580.0,135.0,0
14.0,1247.0,213.0,216.0,4.0,830.0,157.0,0
12.0,6591.0,65.0,134.0,3.0,537.0,183.0,0
15.0,3405.0,153.0,207.0,3.0,860.0,55.0,1
5.0,2220.0,85.0,60.0,5.0,830.0,112.0,0
6.0,5016.0,256.0,16.0,1.0,606.0,104.0,0
4.0,461.0,217.0,135.0,4.0,675.0,154.0,0
8.0,199.0,78.0,16.0,3.0,880.0,120.0,0
6.0,7354.0,10.0,16.0,7.0,430.0,114.0,0
12.0,4473.0,2.0,261.0,5.0,1040.0,99.0,0
15.0,867.0,153.0,170.0,1.0,855.0,125.0,1
15.0,757.0,154.0,262.0,7.0,855.0,80.0,1
16.0,2775.0,96.0,19.0,5.0,545.0,141.0,0
10.0,4084.0,208.0,99.0,4.0,860.0,110.0,0
14.0,1749.0,208.0,216.0,1.0,580.0,115.0,0
12.0,4777.0,224.0,261.0,7.0,795.0,90.0,1
13.0,461.0,134.0,153.0,7.0,1028.0,323.0,0
5.0,2575.0,16.0,177.0,6.0,530.0,109.0,0
6.0,5477.0,205.0,177.0,1.0,990.0,100.0,0
10.0,2834.0,80.0,181.0,7.0,1160.0,85.0,0
1.0,1644.0,153.0,80.0,1.0,915.0,160.0,0
15.0,1684.0,262.0,243.0,1.0,965.0,85.0,0
10.0,4019.0,208.0,174.0,5.0,840.0,105.0,0
16.0,2416.0,96.0,245.0,4.0,540.0,164.0,1
15.0,698.0,154.0,129.0,4.0,1050.0,180.0,0
15.0,239.0,45.0,154.0,1.0,505.0,360.0,1
12.0,4782.0,253.0,154.0,5.0,1220.0,90.0,0
10.0,4248.0,84.0,208.0,3.0,1120.0,90.0,1
14.0,941.0,197.0,217.0,4.0,680.0,207.0,0
12.0,6394.0,102.0,79.0,6.0,434.0,130.0,0
6.0,4954.0,41.0,16.0,5.0,882.0,88.0,0
17.0,7285.0,209.0,208.0,5.0,835.0,141.0,0
12.0,6882.0,79.0,262.0,4.0,922.0,151.0,1
15.0,1668.0,154.0,258.0,3.0,1115.0,65.0,0
15.0,641.0,153.0,221.0,4.0,570.0,260.0,1
16.0,2482.0,135.0,116.0,6.0,634.0,69.0,0
3.0,571.0,130.0,213.0,3.0,1250.0,169.0,0
14.0,1171.0,60.0,135.0,5.0,460.0,170.0,0
14.0,117.0,253.0,153.0,7.0,1135.0,88.0,1
4.0,239.0,183.0,96.0,5.0,430.0,170.0,0
11.0,6278.0,290.0,71.0,5.0,675.0,111.0,0
1.0,1827.0,18.0,80.0,3.0,915.0,65.0,0
17.0,2628.0,120.0,60.0,3.0,770.0,54.0,0
16.0,2796.0,135.0,16.0,3.0,970.0,121.0,1
10.0,3869.0,208.0,244.0,4.0,885.0,175.0,1
14.0,1059.0,174.0,60.0,6.0,520.0,102.0,0
15.0,824.0,173.0,104.0,3.0,450.0,55.0,0
16.0,3151.0,285.0,135.0,6.0,695.0,137.0,1
5.0,2849.0,85.0,252.0,4.0,1175.0,305.0,0
15.0,1450.0,153.0,217.0,7.0,495.0,70.0,1
15.0,681.0,45.0,33.0,3.0,1110.0,125.0,0
14.0,2041.0,35.0,78.0,3.0,960.0,92.0,1
16.0,2942.0,135.0,80.0,7.0,575.0,63.0,0
14.0,945.0,60.0,147.0,3.0,700.0,85.0,1
5.0,2256.0,197.0,85.0,3.0,830.0,102.0,1
12.0,4760.0,227.0,261.0,5.0,780.0,104.0,0
15.0,2292.0,202.0,207.0,3.0,580.0,70.0,1
12.0,6618.0,253.0,248.0,3.0,932.0,68.0,0
15.0,1065.0,79.0,153.0,5.0,905.0,115.0,1
10.0,3623.0,183.0,209.0,5.0,825.0,135.0,1
5.0,2911.0,16.0,80.0,5.0,1235.0,147.0,1
3.0,1249.0,35.0,134.0,3.0,375.0,100.0,1
12.0,4647.0,122.0,261.0,5.0,785.0,85.0,0
1.0,1705.0,16.0,80.0,4.0,635.0,155.0,0
2.0,471.0,154.0,252.0,5.0,1110.0,166.0,0
1.0,1921.0,96.0,183.0,5.0,360.0,185.0,0
10.0,4062.0,290.0,208.0,1.0,540.0,105.0,0
16.0,2956.0,135.0,18.0,5.0,1380.0,45.0,0
10.0,2882.0,155.0,80.0,4.0,1205.0,65.0,0
8.0,507.0,184.0,159.0,7.0,590.0,133.0,0
15.0,2459.0,204.0,79.0,4.0,390.0,100.0,0
16.0,2176.0,135.0,2.0,4.0,565.0,134.0,0
15.0,944.0,204.0,75.0,4.0,820.0,50.0,1
12.0,6389.0,253.0,236.0,6.0,765.0,54.0,0
5.0,2684.0,183.0,78.0,3.0,633.0,146.0,0
5.0,2492.0,268.0,16.0,5.0,819.0,98.0,1
6.0,5564.0,138.0,16.0,4.0,360.0,88.0,0
15.0,3662.0,277.0,45.0,6.0,1035.0,130.0,0
8.0,765.0,213.0,16.0,1.0,1007.0,107.0,0
1.0,1347.0,244.0,80.0,1.0,470.0,70.0,1
15.0,1868.0,205.0,175.0,1.0,390.0,85.0,1
13.0,783.0,134.0,2.0,1.0,1060.0,263.0,1
13.0,31.0,154.0,134.0,4.0,792.0,293.0,0
14.0,4.0,217.0,153.0,7.0,680.0,75.0,0
14.0,1774.0,60.0,85.0,7.0,1335.0,98.0,1
15.0,441.0,217.0,243.0,4.0,595.0,75.0,0
16.0,2321.0,71.0,135.0,4.0,705.0,159.0,1
12.0,6234.0,80.0,154.0,3.0,792.0,205.0,1
1.0,2473.0,183.0,80.0,1.0,920.0,200.0,0
12.0,6945.0,79.0,204.0,6.0,847.0,89.0,0
10.0,3395.0,80.0,41.0,3.0,1080.0,75.0,0
4.0,1758.0,135.0,78.0,1.0,1060.0,165.0,0
12.0,4634.0,160.0,261.0,4.0,602.0,120.0,1
12.0,6354.0,154.0,246.0,1.0,520.0,44.0,0
8.0,361.0,159.0,16.0,3.0,630.0,157.0,1
12.0,6715.0,79.0,196.0,4.0,1304.0,135.0,0
6.0,5279.0,85.0,146.0,5.0,834.0,136.0,0
13.0,496.0,253.0,217.0,7.0,1260.0,119.0,0
5.0,69.0,16.0,183.0,7.0,1045.0,118.0,0
15.0,384.0,268.0,175.0,3.0,540.0,60.0,0
6.0,5300.0,16.0,245.0,3.0,505.0,67.0,0
12.0,6928.0,99.0,79.0,7.0,1174.0,122.0,0
1.0,1306.0,243.0,80.0,7.0,960.0,170.0,1
12.0,4811.0,261.0,202.0,3.0,1006.0,122.0,0
0.0,4391.0,85.0,233.0,4.0,450.0,105.0,0
12.0,6580.0,253.0,179.0,7.0,687.0,101.0,0
15.0,1800.0,184.0,45.0,6.0,650.0,115.0,1
1.0,494.0,80.0,45.0,4.0,1155.0,165.0,0
3.0,1295.0,35.0,221.0,4.0,1195.0,105.0,0
6.0,5034.0,16.0,287.0,7.0,590.0,80.0,0
6.0,5397.0,16.0,10.0,7.0,1245.0,102.0,1
14.0,1588.0,60.0,228.0,7.0,590.0,122.0,0
5.0,1732.0,213.0,16.0,3.0,812.0,113.0,1
5.0,1496.0,197.0,159.0,1.0,780.0,168.0,0
14.0,1466.0,253.0,216.0,7.0,1320.0,303.0,0
15.0,2961.0,173.0,79.0,3.0,1030.0,255.0,0
15.0,348.0,153.0,182.0,4.0,845.0,290.0,1
11.0,6436.0,71.0,208.0,4.0,1135.0,90.0,0
15.0,3151.0,79.0,134.0,6.0,1045.0,190.0,1
8.0,84.0,104.0,16.0,5.0,360.0,113.0,0
10.0,2748.0,80.0,121.0,1.0,475.0,125.0,0
5.0,2500.0,74.0,16.0,3.0,707.0,88.0,1
0.0,3667.0,85.0,106.0,5.0,910.0,47.0,1
13.0,610.0,208.0,78.0,5.0,660.0,111.0,0
14.0,1764.0,147.0,60.0,5.0,935.0,78.0,0
11.0,6567.0,85.0,290.0,4.0,945.0,147.0,0
5.0,1392.0,159.0,35.0,7.0,1050.0,76.0,0
15.0,1324.0,175.0,277.0,7.0,1115.0,155.0,1
1.0,1021.0,208.0,153.0,5.0,570.0,235.0,0
12.0,4529.0,205.0,261.0,4.0,380.0,156.0,1
5.0,2063.0,78.0,197.0,1.0,500.0,173.0,0
2.0,454.0,252.0,154.0,1.0,360.0,150.0,1
12.0,6933.0,152.0,208.0,3.0,527.0,71.0,0
15.0,536.0,153.0,268.0,5.0,1155.0,185.0,1
10.0,4018.0,208.0,238.0,6.0,550.0,100.0,1
5.0,1422.0,18.0,85.0,7.0,525.0,170.0,0
0.0,4341.0,233.0,277.0,5.0,860.0,120.0,0
15.0,372.0,172.0,268.0,3.0,875.0,55.0,1
10.0,3781.0,162.0,208.0,7.0,350.0,105.0,0
1.0,889.0,183.0,208.0,4.0,910.0,205.0,1
15.0,240.0,44.0,262.0,7.0,1140.0,75.0,1
16.0,5990.0,208.0,164.0,7.0,750.0,99.0,1
12.0,6740.0,154.0,57.0,6.0,606.0,43.0,0
10.0,4658.0,159.0,16.0,7.0,745.0,155.0,0
15.0,1016.0,175.0,129.0,4.0,850.0,170.0,1
5.0,1959.0,148.0,173.0,6.0,495.0,188.0,0
3.0,102.0,148.0,43.0,3.0,1019.0,94.0,1
1.0,2442.0,80.0,197.0,6.0,1065.0,145.0,0
13.0,210.0,154.0,134.0,7.0,986.0,286.0,0
15.0,1481.0,79.0,243.0,7.0,520.0,145.0,0
15.0,1357.0,262.0,207.0,1.0,360.0,80.0,0
6.0,5362.0,16.0,94.0,3.0,600.0,93.0,1
4.0,507.0,207.0,135.0,6.0,570.0,185.0,0
15.0,1409.0,44.0,153.0,5.0,1230.0,60.0,1
12.0,6749.0,230.0,79.0,7.0,363.0,76.0,0
8.0,141.0,16.0,277.0,4.0,570.0,87.0,0
1.0,1375.0,22.0,260.0,6.0,460.0,225.0,0
15.0,876.0,87.0,45.0,6.0,380.0,130.0,0
9.0,143.0,128.0,161.0,3.0,650.0,37.0,1
10.0,3705.0,78.0,208.0,6.0,1100.0,135.0,0
5.0,10.0,277.0,16.0,7.0,1135.0,98.0,0
1.0,1104.0,268.0,159.0,6.0,890.0,140.0,0
12.0,4483.0,197.0,84.0,3.0,800.0,75.0,1
12.0,6272.0,163.0,253.0,1.0,1065.0,95.0,0
5.0,2074.0,173.0,197.0,7.0,728.0,207.0,0
5.0,1975.0,197.0,16.0,6.0,610.0,150.0,1
15.0,595.0,258.0,236.0,5.0,520.0,55.0,0
10.0,4185.0,58.0,208.0,5.0,1190.0,100.0,0
0.0,3933.0,61.0,177.0,1.0,731.0,112.0,0
5.0,170.0,153.0,261.0,4.0,728.0,86.0,0
14.0,20.0,217.0,128.0,6.0,715.0,403.0,1
17.0,2602.0,245.0,60.0,4.0,420.0,72.0,0
14.0,1497.0,198.0,60.0,6.0,460.0,106.0,0
15.0,1050.0,45.0,221.0,3.0,935.0,60.0,1
10.0,3482.0,162.0,80.0,1.0,695.0,70.0,1
11.0,6434.0,22.0,71.0,4.0,630.0,135.0,0
0.0,3719.0,195.0,85.0,3.0,830.0,88.0,0
13.0,602.0,208.0,78.0,6.0,422.0,111.0,0
15.0,1931.0,268.0,75.0,1.0,1015.0,105.0,1
15.0,1097.0,173.0,2.0,4.0,845.0,255.0,1
5.0,1545.0,78.0,85.0,1.0,450.0,100.0,1
1.0,1512.0,208.0,78.0,5.0,1100.0,105.0,1
10.0,3995.0,76.0,208.0,3.0,1020.0,80.0,1
5.0,2702.0,173.0,71.0,7.0,735.0,135.0,0
15.0,3239.0,172.0,277.0,4.0,1105.0,155.0,1
1.0,1188.0,80.0,78.0,5.0,1050.0,160.0,1
1.0,613.0,148.0,183.0,5.0,1075.0,200.0,1
1.0,1447.0,208.0,198.0,5.0,855.0,150.0,1
15.0,1217.0,202.0,154.0,5.0,450.0,75.0,0
10.0,4237.0,208.0,195.0,6.0,1065.0,55.0,1
15.0,1221.0,228.0,216.0,1.0,915.0,95.0,1
7.0,624.0,85.0,79.0,4.0,1169.0,192.0,1
6.0,5409.0,157.0,16.0,3.0,1001.0,88.0,0
15.0,987.0,217.0,207.0,3.0,875.0,75.0,1
10.0,4689.0,159.0,58.0,5.0,875.0,110.0,0
6.0,7373.0,177.0,290.0,6.0,865.0,69.0,0
15.0,2980.0,202.0,217.0,3.0,455.0,110.0,0
15.0,826.0,214.0,34.0,5.0,960.0,65.0,0
13.0,497.0,208.0,135.0,5.0,1075.0,164.0,0
5.0,1389.0,35.0,159.0,5.0,870.0,70.0,0
15.0,3142.0,13.0,75.0,1.0,675.0,65.0,1
4.0,335.0,243.0,135.0,5.0,890.0,182.0,0
10.0,2883.0,80.0,129.0,3.0,1080.0,70.0,0
5.0,2114.0,197.0,159.0,3.0,1150.0,165.0,1
12.0,6480.0,292.0,154.0,5.0,455.0,80.0,0
2.0,485.0,243.0,252.0,5.0,1150.0,170.0,1
12.0,4812.0,261.0,127.0,3.0,670.0,85.0,1
14.0,2179.0,159.0,78.0,1.0,900.0,78.0,0
13.0,902.0,79.0,134.0,6.0,645.0,197.0,1
3.0,747.0,22.0,173.0,4.0,996.0,179.0,1
15.0,3950.0,228.0,45.0,1.0,1025.0,85.0,0
15.0,1059.0,44.0,202.0,6.0,865.0,70.0,0
4.0,146.0,135.0,208.0,3.0,795.0,153.0,0
15.0,170.0,214.0,153.0,3.0,720.0,125.0,1
5.0,1880.0,253.0,16.0,6.0,1360.0,272.0,1
6.0,7068.0,134.0,121.0,7.0,1050.0,88.0,0
15.0,385.0,159.0,45.0,7.0,960.0,80.0,0
3.0,600.0,148.0,229.0,1.0,570.0,81.0,0
2.0,566.0,214.0,154.0,7.0,1250.0,130.0,0
3.0,682.0,78.0,35.0,7.0,720.0,83.0,1
12.0,6292.0,154.0,194.0,3.0,1126.0,65.0,0
15.0,1784.0,251.0,45.0,6.0,480.0,90.0,0
5.0,1023.0,76.0,16.0,4.0,657.0,105.0,0
15.0,845.0,216.0,173.0,7.0,420.0,165.0,0
4.0,667.0,252.0,14.0,7.0,1267.0,217.0,1
12.0,6602.0,253.0,262.0,4.0,1200.0,47.0,0
12.0,6466.0,144.0,154.0,1.0,300.0,53.0,0
11.0,6387.0,238.0,85.0,1.0,570.0,97.0,1
15.0,709.0,58.0,175.0,5.0,655.0,75.0,1
12.0,6406.0,253.0,93.0,6.0,649.0,92.0,1
0.0,4075.0,85.0,106.0,1.0,725.0,42.0,0
12.0,6612.0,261.0,79.0,1.0,360.0,93.0,1
1.0,2258.0,244.0,80.0,3.0,375.0,65.0,0
16.0,2817.0,135.0,131.0,1.0,685.0,66.0,1
5.0,1419.0,85.0,154.0,1.0,515.0,305.0,1
5.0,1799.0,16.0,228.0,3.0,574.0,150.0,0
12.0,4606.0,244.0,261.0,6.0,850.0,177.0,0
0.0,3769.0,234.0,148.0,6.0,1120.0,120.0,0
4.0,1792.0,96.0,173.0,5.0,1090.0,182.0,0
14.0,488.0,154.0,217.0,4.0,590.0,81.0,0
5.0,2735.0,197.0,128.0,1.0,705.0,535.0,0
5.0,2395.0,213.0,159.0,5.0,684.0,176.0,0
15.0,128.0,154.0,253.0,5.0,600.0,80.0,1
1.0,876.0,208.0,35.0,5.0,395.0,135.0,0
11.0,6681.0,85.0,21.0,6.0,1040.0,56.0,0
15.0,186.0,146.0,175.0,1.0,1045.0,120.0,0
15.0,979.0,129.0,18.0,5.0,530.0,45.0,1
6.0,5526.0,16.0,106.0,7.0,730.0,110.0,0
6.0,5123.0,190.0,16.0,4.0,714.0,76.0,0
5.0,1726.0,104.0,16.0,6.0,970.0,120.0,1
15.0,680.0,243.0,258.0,7.0,710.0,80.0,1
15.0,2983.0,202.0,207.0,3.0,1215.0,70.0,1
16.0,5935.0,208.0,117.0,3.0,481.0,48.0,1
1.0,539.0,173.0,80.0,7.0,925.0,180.0,1
14.0,1951.0,43.0,60.0,3.0,510.0,118.0,0
16.0,2234.0,96.0,76.0,1.0,495.0,122.0,1
12.0,4591.0,224.0,261.0,7.0,390.0,90.0,1
5.0,1266.0,16.0,177.0,7.0,1318.0,95.0,0
12.0,6876.0,214.0,79.0,1.0,683.0,145.0,0
15.0,406.0,217.0,216.0,1.0,685.0,270.0,1
11.0,6575.0,177.0,172.0,6.0,565.0,95.0,0
6.0,5465.0,85.0,48.0,7.0,1295.0,64.0,0
14.0,1402.0,60.0,135.0,7.0,1331.0,163.0,0
12.0,6814.0,252.0,214.0,4.0,623.0,48.0,1
5.0,2083.0,261.0,153.0,4.0,1200.0,87.0,1
12.0,6372.0,246.0,154.0,4.0,884.0,46.0,0
6.0,5049.0,200.0,16.0,1.0,1072.0,97.0,0
2.0,667.0,258.0,214.0,5.0,1080.0,108.0,0
5.0,2565.0,16.0,214.0,6.0,520.0,337.0,0
13.0,217.0,134.0,253.0,3.0,540.0,368.0,1
15.0,729.0,153.0,236.0,4.0,445.0,75.0,1
10.0,3328.0,129.0,80.0,5.0,1180.0,70.0,0
15.0,748.0,79.0,204.0,4.0,590.0,90.0,0
14.0,1060.0,60.0,78.0,5.0,1189.0,77.0,0
16.0,2429.0,135.0,170.0,5.0,698.0,84.0,0
16.0,2214.0,135.0,27.0,7.0,1095.0,93.0,0
0.0,3891.0,85.0,238.0,7.0,630.0,80.0,0
14.0,1989.0,60.0,241.0,6.0,565.0,118.0,0
5.0,2746.0,139.0,197.0,3.0,942.0,108.0,0
0.0,3779.0,108.0,177.0,7.0,380.0,67.0,0
12.0,6418.0,253.0,261.0,7.0,1130.0,101.0,1
5.0,1192.0,262.0,261.0,1.0,385.0,103.0,0
4.0,1488.0,135.0,85.0,3.0,1150.0,165.0,0
13.0,90.0,154.0,253.0,1.0,360.0,88.0,0
5.0,2302.0,277.0,177.0,5.0,1034.0,126.0,0
15.0,205.0,175.0,233.0,7.0,565.0,110.0,0
16.0,2407.0,135.0,158.0,5.0,730.0,55.0,0
0.0,4268.0,177.0,223.0,3.0,870.0,85.0,0
5.0,2702.0,173.0,71.0,6.0,790.0,127.0,0
6.0,7131.0,134.0,47.0,1.0,737.0,87.0,1
12.0,6649.0,79.0,235.0,1.0,820.0,76.0,0
17.0,2710.0,91.0,217.0,6.0,897.0,82.0,0
15.0,856.0,253.0,243.0,4.0,1100.0,85.0,1
15.0,1761.0,241.0,268.0,7.0,815.0,160.0,0
12.0,4816.0,253.0,261.0,3.0,705.0,104.0,0
15.0,3602.0,175.0,228.0,4.0,595.0,125.0,0
16.0,5899.0,58.0,208.0,4.0,405.0,87.0,0
1.0,1810.0,18.0,80.0,5.0,395.0,65.0,0
15.0,568.0,217.0,154.0,4.0,590.0,90.0,1
8.0,1150.0,139.0,241.0,1.0,454.0,156.0,0
1.0,1005.0,104.0,208.0,5.0,1230.0,190.0,0
15.0,668.0,18.0,129.0,4.0,1120.0,50.0,0
15.0,60.0,129.0,75.0,7.0,1260.0,55.0,1
5.0,2100.0,16.0,35.0,4.0,830.0,150.0,0
1.0,411.0,80.0,264.0,6.0,815.0,200.0,0
6.0,5563.0,190.0,16.0,1.0,1025.0,81.0,1
13.0,472.0,208.0,61.0,4.0,785.0,76.0,0
6.0,5274.0,78.0,35.0,7.0,895.0,98.0,0
15.0,3491.0,170.0,129.0,4.0,580.0,80.0,0
1.0,1482.0,183.0,35.0,1.0,610.0,185.0,0
15.0,2958.0,244.0,154.0,4.0,625.0,200.0,0
10.0,2749.0,80.0,76.0,1.0,545.0,135.0,0
15.0,825.0,45.0,182.0,4.0,420.0,75.0,0
12.0,6279.0,264.0,253.0,6.0,1079.0,88.0,0
5.0,1886.0,16.0,159.0,1.0,640.0,136.0,1
1.0,1499.0,80.0,258.0,6.0,885.0,230.0,0
12.0,6995.0,109.0,208.0,4.0,922.0,63.0,0
16.0,2323.0,12.0,58.0,4.0,370.0,102.0,0
10.0,3398.0,156.0,80.0,1.0,755.0,75.0,0
12.0,6492.0,79.0,64.0,7.0,1160.0,81.0,0
12.0,6372.0,154.0,246.0,6.0,823.0,39.0,0
15.0,200.0,258.0,207.0,4.0,695.0,65.0,0
4.0,332.0,135.0,159.0,1.0,478.0,206.0,1
15.0,1843.0,207.0,262.0,7.0,780.0,80.0,1
10.0,2759.0,80.0,68.0,7.0,890.0,80.0,1
5.0,2830.0,79.0,197.0,7.0,660.0,115.0,1
6.0,5567.0,16.0,162.0,5.0,600.0,112.0,0
5.0,1692.0,277.0,85.0,4.0,632.0,158.0,0
5.0,2714.0,252.0,197.0,5.0,500.0,199.0,0
15.0,171.0,252.0,268.0,3.0,745.0,225.0,1
12.0,6834.0,236.0,253.0,3.0,1046.0,69.0,1
15.0,316.0,45.0,146.0,3.0,730.0,165.0,1
2.0,189.0,14.0,98.0,4.0,945.0,60.0,0
12.0,6941.0,208.0,65.0,4.0,1079.0,153.0,0
5.0,697.0,16.0,223.0,7.0,1045.0,78.0,1
14.0,685.0,253.0,217.0,3.0,550.0,115.0,0
12.0,7037.0,67.0,79.0,5.0,378.0,69.0,0
0.0,4291.0,285.0,177.0,1.0,750.0,84.0,1
12.0,6732.0,194.0,79.0,3.0,360.0,146.0,0
6.0,5314.0,80.0,85.0,4.0,886.0,159.0,0
1.0,1747.0,78.0,80.0,7.0,835.0,220.0,0
6.0,5254.0,245.0,16.0,3.0,761.0,86.0,1
11.0,6447.0,45.0,71.0,1.0,1065.0,115.0,0
8.0,447.0,198.0,16.0,3.0,975.0,81.0,0
8.0,569.0,32.0,16.0,4.0,1060.0,100.0,0
4.0,1700.0,104.0,96.0,4.0,480.0,165.0,0
13.0,705.0,134.0,208.0,4.0,360.0,131.0,0
11.0,6389.0,71.0,22.0,5.0,1140.0,118.0,1
0.0,3673.0,117.0,85.0,1.0,615.0,80.0,0
10.0,4412.0,159.0,85.0,5.0,745.0,125.0,1
15.0,1664.0,217.0,45.0,3.0,1000.0,250.0,1
6.0,5593.0,16.0,136.0,6.0,1155.0,146.0,0
1.0,1508.0,264.0,80.0,7.0,1110.0,160.0,0
15.0,2392.0,154.0,202.0,6.0,625.0,75.0,0
12.0,4608.0,80.0,261.0,1.0,760.0,168.0,0
5.0,2728.0,236.0,261.0,5.0,385.0,92.0,0
0.0,3695.0,193.0,197.0,4.0,770.0,80.0,0
17.0,7256.0,139.0,134.0,7.0,873.0,102.0,1
8.0,1439.0,197.0,173.0,6.0,901.0,189.0,1
0.0,3840.0,21.0,85.0,6.0,920.0,60.0,1
15.0,1686.0,216.0,104.0,3.0,875.0,175.0,1
0.0,3883.0,136.0,197.0,7.0,450.0,115.0,0
10.0,4029.0,208.0,147.0,6.0,1175.0,145.0,1
5.0,2782.0,198.0,177.0,6.0,370.0,83.0,0
12.0,6694.0,253.0,6.0,6.0,1355.0,78.0,0
13.0,90.0,253.0,96.0,1.0,540.0,330.0,0
0.0,4374.0,85.0,12.0,6.0,1175.0,95.0,0
11.0,6359.0,71.0,134.0,1.0,555.0,92.0,0
13.0,657.0,79.0,252.0,6.0,857.0,177.0,0
8.0,271.0,35.0,16.0,6.0,719.0,176.0,0
12.0,6273.0,111.0,252.0,4.0,700.0,72.0,0
15.0,825.0,45.0,182.0,3.0,420.0,75.0,0
2.0,888.0,150.0,202.0,4.0,745.0,293.0,0
0.0,3887.0,85.0,43.0,7.0,720.0,74.0,0
5.0,1997.0,16.0,233.0,1.0,766.0,79.0,0
6.0,5255.0,90.0,85.0,7.0,375.0,98.0,1
15.0,1370.0,184.0,172.0,4.0,690.0,95.0,0
15.0,3415.0,75.0,268.0,4.0,955.0,100.0,1
10.0,4489.0,159.0,35.0,4.0,1190.0,65.0,1
12.0,6988.0,79.0,65.0,4.0,764.0,35.0,0
15.0,3762.0,268.0,75.0,1.0,510.0,110.0,1
13.0,356.0,252.0,79.0,4.0,863.0,157.0,0
14.0,1190.0,80.0,60.0,1.0,730.0,144.0,0
15.0,648.0,217.0,252.0,3.0,925.0,190.0,1
1.0,1682.0,80.0,177.0,6.0,765.0,85.0,0
16.0,2924.0,135.0,205.0,6.0,685.0,123.0,0
4.0,1854.0,96.0,213.0,4.0,955.0,182.0,0
8.0,90.0,233.0,16.0,6.0,1199.0,87.0,0
12.0,7053.0,208.0,69.0,3.0,1158.0,82.0,1
5.0,2772.0,197.0,230.0,6.0,1325.0,99.0,0
8.0,1153.0,241.0,139.0,5.0,1151.0,150.0,0
15.0,770.0,75.0,91.0,5.0,735.0,105.0,0
15.0,1398.0,33.0,58.0,1.0,700.0,85.0,1
5.0,2254.0,16.0,61.0,4.0,970.0,95.0,1
6.0,7395.0,216.0,71.0,4.0,795.0,116.0,0
6.0,5387.0,16.0,121.0,3.0,590.0,64.0,1
13.0,620.0,208.0,78.0,4.0,961.0,111.0,0
4.0,224.0,58.0,96.0,6.0,750.0,92.0,0
6.0,5174.0,35.0,78.0,4.0,695.0,105.0,0
16.0,2894.0,68.0,135.0,5.0,795.0,65.0,0
2.0,60.0,151.0,252.0,3.0,555.0,116.0,0
7.0,672.0,79.0,173.0,6.0,1075.0,205.0,0
8.0,494.0,60.0,45.0,1.0,439.0,86.0,0
5.0,2025.0,16.0,135.0,6.0,843.0,138.0,0
15.0,529.0,243.0,202.0,5.0,675.0,85.0,0
12.0,6649.0,79.0,235.0,7.0,820.0,75.0,0
13.0,846.0,134.0,253.0,4.0,490.0,362.0,0
5.0,2649.0,96.0,197.0,7.0,1095.0,197.0,1
3.0,1202.0,173.0,35.0,4.0,835.0,168.0,0
13.0,871.0,172.0,79.0,6.0,372.0,118.0,0
14.0,668.0,217.0,264.0,3.0,1190.0,77.0,0
13.0,381.0,208.0,262.0,4.0,587.0,280.0,0
5.0,2065.0,16.0,87.0,7.0,660.0,75.0,0
15.0,1657.0,153.0,243.0,7.0,980.0,65.0,1
5.0,1448.0,18.0,85.0,5.0,990.0,171.0,0
6.0,5113.0,16.0,81.0,3.0,590.0,65.0,0
5.0,2007.0,60.0,197.0,3.0,495.0,180.0,0
15.0,1004.0,202.0,252.0,5.0,875.0,120.0,1
13.0,609.0,208.0,253.0,7.0,723.0,293.0,1
6.0,5385.0,60.0,177.0,7.0,395.0,119.0,0
5.0,1768.0,154.0,197.0,5.0,30.0,220.0,1
13.0,148.0,134.0,173.0,5.0,885.0,142.0,1
1.0,246.0,150.0,154.0,5.0,1365.0,310.0,0
0.0,3671.0,85.0,82.0,7.0,730.0,119.0,1
5.0,2522.0,183.0,197.0,1.0,1070.0,240.0,0
15.0,582.0,252.0,258.0,4.0,1185.0,125.0,0
2.0,690.0,252.0,111.0,1.0,720.0,63.0,0
5.0,2440.0,277.0,78.0,4.0,770.0,124.0,0
6.0,5333.0,177.0,180.0,5.0,1190.0,68.0,0
9.0,241.0,143.0,128.0,5.0,1256.0,49.0,0
15.0,353.0,243.0,236.0,4.0,980.0,90.0,1
6.0,5186.0,35.0,78.0,6.0,995.0,110.0,0
16.0,2317.0,135.0,120.0,3.0,845.0,140.0,1
14.0,1195.0,216.0,217.0,7.0,615.0,330.0,0
17.0,2648.0,153.0,154.0,6.0,450.0,67.0,0
14.0,1717.0,216.0,213.0,7.0,1075.0,168.0,0
0.0,3750.0,43.0,85.0,3.0,710.0,83.0,1
2.0,69.0,252.0,151.0,7.0,1130.0,132.0,0
10.0,3339.0,80.0,10.0,4.0,920.0,65.0,0
12.0,6395.0,16.0,208.0,1.0,936.0,129.0,0
13.0,444.0,208.0,174.0,1.0,797.0,104.0,0
3.0,676.0,154.0,148.0,3.0,1260.0,311.0,1
14.0,909.0,85.0,60.0,6.0,515.0,106.0,0
5.0,1663.0,134.0,261.0,5.0,450.0,299.0,0
1.0,733.0,154.0,153.0,5.0,520.0,70.0,0
15.0,1831.0,45.0,153.0,1.0,430.0,330.0,0
14.0,154.0,243.0,216.0,5.0,525.0,302.0,0
1.0,1602.0,91.0,80.0,3.0,360.0,100.0,0
15.0,1560.0,131.0,244.0,6.0,580.0,55.0,0
1.0,415.0,197.0,208.0,3.0,560.0,85.0,1
16.0,2155.0,197.0,96.0,7.0,550.0,147.0,0
15.0,1100.0,45.0,251.0,3.0,915.0,110.0,1
5.0,2678.0,173.0,78.0,7.0,1195.0,128.0,0
0.0,4227.0,109.0,71.0,3.0,365.0,52.0,0
12.0,6575.0,253.0,179.0,5.0,516.0,79.0,0
15.0,1537.0,252.0,111.0,1.0,490.0,60.0,0
16.0,2701.0,135.0,2.0,5.0,1080.0,135.0,1
15.0,777.0,129.0,243.0,4.0,1095.0,210.0,1
1.0,530.0,268.0,80.0,7.0,1080.0,120.0,0
12.0,4884.0,261.0,137.0,1.0,823.0,57.0,1
1.0,572.0,153.0,208.0,1.0,590.0,215.0,1
15.0,1984.0,12.0,175.0,6.0,485.0,145.0,1
16.0,5940.0,208.0,238.0,3.0,606.0,95.0,1
6.0,5357.0,16.0,190.0,5.0,890.0,79.0,1
17.0,2861.0,217.0,103.0,1.0,1065.0,60.0,0
15.0,2903.0,258.0,243.0,3.0,395.0,80.0,1
5.0,1407.0,177.0,198.0,3.0,875.0,81.0,0
5.0,2062.0,85.0,213.0,7.0,720.0,182.0,0
5.0,1675.0,177.0,217.0,4.0,562.0,212.0,0
1.0,1480.0,35.0,208.0,7.0,645.0,170.0,1
5.0,2137.0,177.0,85.0,7.0,505.0,115.0,1
12.0,6603.0,79.0,2.0,5.0,816.0,74.0,0
4.0,244.0,135.0,58.0,5.0,975.0,162.0,0
14.0,1627.0,96.0,60.0,6.0,895.0,115.0,0
12.0,6457.0,264.0,253.0,3.0,888.0,80.0,0
3.0,1202.0,173.0,35.0,1.0,835.0,168.0,0
12.0,6612.0,261.0,79.0,4.0,360.0,93.0,0
14.0,1532.0,252.0,60.0,6.0,1340.0,280.0,1
17.0,2650.0,54.0,60.0,3.0,770.0,66.0,1
15.0,3401.0,244.0,33.0,5.0,880.0,125.0,0
10.0,2769.0,80.0,254.0,4.0,950.0,75.0,0
5.0,1748.0,85.0,159.0,7.0,535.0,119.0,0
16.0,2022.0,139.0,96.0,4.0,1100.0,120.0,0
14.0,1085.0,153.0,60.0,7.0,390.0,245.0,0
6.0,5504.0,180.0,16.0,5.0,653.0,62.0,0
12.0,6951.0,279.0,79.0,7.0,395.0,110.0,0
15.0,1680.0,153.0,202.0,5.0,1080.0,90.0,1
2.0,151.0,206.0,14.0,5.0,606.0,89.0,0
12.0,6243.0,244.0,154.0,5.0,389.0,201.0,0
3.0,1328.0,45.0,35.0,5.0,1055.0,84.0,0
15.0,719.0,198.0,75.0,3.0,1245.0,85.0,1
13.0,726.0,202.0,79.0,7.0,874.0,155.0,0
8.0,877.0,16.0,197.0,6.0,545.0,155.0,0
15.0,521.0,18.0,75.0,5.0,570.0,55.0,1
15.0,3741.0,153.0,217.0,6.0,1135.0,70.0,1
14.0,1427.0,60.0,16.0,5.0,965.0,76.0,0
16.0,3001.0,96.0,121.0,4.0,905.0,118.0,0
12.0,4628.0,135.0,261.0,5.0,1115.0,194.0,0
10.0,3203.0,80.0,13.0,3.0,390.0,75.0,0
15.0,987.0,175.0,79.0,3.0,595.0,165.0,1
10.0,3830.0,208.0,135.0,7.0,720.0,165.0,0
12.0,6372.0,246.0,154.0,6.0,882.0,48.0,0
1.0,369.0,80.0,2.0,4.0,765.0,110.0,0
10.0,4290.0,33.0,208.0,5.0,660.0,95.0,0
0.0,3927.0,60.0,177.0,4.0,1056.0,122.0,1
15.0,1525.0,22.0,33.0,4.0,455.0,160.0,0
13.0,110.0,173.0,208.0,1.0,1021.0,182.0,0
4.0,361.0,217.0,135.0,5.0,360.0,150.0,0
15.0,2725.0,221.0,277.0,4.0,420.0,155.0,0
16.0,5917.0,139.0,208.0,5.0,1023.0,76.0,0
5.0,2623.0,197.0,173.0,3.0,785.0,190.0,1
12.0,6346.0,248.0,253.0,1.0,811.0,61.0,0
15.0,1425.0,153.0,58.0,1.0,575.0,245.0,1
1.0,336.0,208.0,159.0,3.0,1255.0,120.0,1
0.0,3780.0,177.0,80.0,6.0,815.0,102.0,0
10.0,3015.0,154.0,243.0,7.0,715.0,45.0,0
15.0,237.0,261.0,45.0,5.0,740.0,245.0,1
4.0,1853.0,58.0,241.0,4.0,540.0,162.0,1
12.0,4536.0,261.0,208.0,3.0,826.0,189.0,0
12.0,6701.0,246.0,154.0,6.0,1240.0,44.0,0
13.0,99.0,134.0,277.0,7.0,497.0,148.0,0
12.0,4556.0,261.0,280.0,3.0,1189.0,106.0,0
6.0,7132.0,47.0,134.0,4.0,370.0,83.0,0
13.0,859.0,79.0,134.0,5.0,1439.0,198.0,1
16.0,5920.0,58.0,134.0,5.0,1197.0,74.0,0
16.0,2533.0,85.0,96.0,4.0,685.0,104.0,0
11.0,6588.0,85.0,47.0,3.0,615.0,116.0,0
8.0,35.0,175.0,16.0,5.0,834.0,117.0,0
0.0,4185.0,177.0,80.0,7.0,560.0,107.0,0
5.0,2299.0,16.0,85.0,4.0,1000.0,125.0,0
6.0,7092.0,134.0,182.0,5.0,1323.0,91.0,1
2.0,66.0,50.0,291.0,3.0,1018.0,52.0,0
11.0,6362.0,71.0,119.0,3.0,975.0,72.0,1
5.0,1237.0,16.0,268.0,3.0,1048.0,103.0,1
12.0,4722.0,160.0,261.0,4.0,985.0,109.0,1
5.0,1326.0,233.0,16.0,4.0,1035.0,93.0,1
12.0,4504.0,261.0,28.0,3.0,1027.0,82.0,0
15.0,1653.0,217.0,91.0,6.0,755.0,70.0,1
16.0,2154.0,155.0,135.0,1.0,810.0,92.0,0
1.0,2021.0,208.0,260.0,4.0,920.0,275.0,1
0.0,3718.0,85.0,139.0,4.0,450.0,84.0,0
15.0,146.0,153.0,216.0,1.0,915.0,280.0,1
13.0,593.0,79.0,264.0,3.0,1276.0,144.0,0
15.0,252.0,264.0,202.0,7.0,875.0,85.0,1
16.0,2479.0,135.0,84.0,3.0,865.0,128.0,0
5.0,1615.0,16.0,153.0,4.0,645.0,284.0,1
16.0,3075.0,228.0,58.0,7.0,850.0,113.0,0
1.0,329.0,208.0,197.0,4.0,910.0,85.0,0
15.0,249.0,268.0,233.0,4.0,1080.0,110.0,1
17.0,2865.0,103.0,217.0,1.0,770.0,65.0,0
1.0,890.0,244.0,80.0,4.0,575.0,65.0,0
5.0,1417.0,16.0,79.0,6.0,1045.0,207.0,0
4.0,526.0,135.0,45.0,4.0,975.0,171.0,0
12.0,6622.0,114.0,79.0,5.0,1015.0,57.0,0
10.0,3215.0,80.0,129.0,6.0,635.0,65.0,0
0.0,4388.0,134.0,85.0,1.0,375.0,108.0,0
10.0,4295.0,208.0,109.0,3.0,1260.0,55.0,1
14.0,1057.0,60.0,213.0,4.0,1075.0,109.0,0
12.0,6390.0,34.0,253.0,4.0,477.0,112.0,0
10.0,3710.0,208.0,290.0,4.0,1055.0,105.0,0
12.0,7026.0,100.0,154.0,4.0,909.0,71.0,0
15.0,1945.0,175.0,159.0,5.0,1100.0,130.0,1
16.0,2706.0,2.0,135.0,7.0,525.0,112.0,0
5.0,1881.0,16.0,18.0,4.0,1145.0,161.0,0
3.0,260.0,160.0,104.0,3.0,1285.0,276.0,0
10.0,4217.0,204.0,208.0,1.0,690.0,125.0,0
5.0,2455.0,16.0,154.0,7.0,1315.0,308.0,1
4.0,50.0,58.0,96.0,7.0,885.0,109.0,1
0.0,4051.0,177.0,135.0,5.0,1160.0,100.0,0
12.0,7003.0,252.0,154.0,7.0,414.0,156.0,0
14.0,1452.0,60.0,148.0,1.0,565.0,115.0,0
15.0,1055.0,198.0,173.0,1.0,535.0,100.0,1
0.0,3849.0,85.0,96.0,5.0,1180.0,115.0,0
11.0,6697.0,233.0,71.0,4.0,660.0,99.0,0
14.0,1267.0,159.0,216.0,4.0,360.0,57.0,0
14.0,231.0,217.0,85.0,7.0,595.0,238.0,1
8.0,917.0,45.0,184.0,5.0,1114.0,125.0,0
12.0,4700.0,261.0,79.0,3.0,663.0,87.0,1
13.0,515.0,208.0,262.0,3.0,1230.0,272.0,0
0.0,3863.0,147.0,177.0,6.0,465.0,120.0,0
10.0,4315.0,58.0,208.0,3.0,790.0,95.0,1
4.0,1123.0,35.0,96.0,6.0,510.0,77.0,0
15.0,514.0,175.0,153.0,7.0,620.0,245.0,1
12.0,6664.0,196.0,79.0,4.0,523.0,123.0,0
17.0,1003.0,203.0,128.0,4.0,632.0,32.0,0
15.0,1265.0,251.0,175.0,1.0,470.0,75.0,1
8.0,178.0,241.0,16.0,1.0,450.0,108.0,0
10.0,4296.0,208.0,45.0,5.0,655.0,115.0,0
15.0,636.0,141.0,175.0,5.0,575.0,155.0,0
15.0,1878.0,207.0,262.0,6.0,540.0,80.0,0
6.0,5514.0,16.0,176.0,5.0,821.0,73.0,0
15.0,460.0,221.0,45.0,4.0,1000.0,70.0,1
12.0,6396.0,253.0,44.0,5.0,808.0,69.0,0
12.0,6938.0,79.0,114.0,5.0,1296.0,52.0,0
1.0,470.0,100.0,80.0,5.0,810.0,195.0,1
13.0,856.0,154.0,134.0,3.0,705.0,285.0,0
5.0,2509.0,117.0,85.0,4.0,726.0,78.0,0
13.0,476.0,58.0,208.0,7.0,793.0,87.0,1
15.0,1833.0,141.0,45.0,6.0,500.0,70.0,1
5.0,2441.0,78.0,277.0,7.0,989.0,142.0,1
0.0,4229.0,148.0,78.0,4.0,515.0,115.0,1
16.0,2621.0,96.0,251.0,3.0,405.0,145.0,0
1.0,555.0,80.0,244.0,6.0,590.0,70.0,0
12.0,7050.0,79.0,110.0,3.0,677.0,91.0,0
13.0,132.0,214.0,208.0,7.0,380.0,235.0,0
1.0,438.0,277.0,183.0,5.0,1190.0,65.0,0
12.0,6933.0,152.0,208.0,5.0,527.0,71.0,0
2.0,667.0,258.0,214.0,3.0,1080.0,108.0,0
10.0,3607.0,183.0,16.0,7.0,445.0,120.0,0
15.0,1301.0,175.0,251.0,6.0,550.0,70.0,0
12.0,4561.0,261.0,258.0,5.0,905.0,114.0,1
5.0,1695.0,43.0,16.0,6.0,711.0,139.0,0
15.0,108.0,162.0,75.0,3.0,1160.0,65.0,1
0.0,3782.0,85.0,20.0,1.0,880.0,89.0,1
4.0,370.0,135.0,253.0,3.0,865.0,255.0,1
14.0,1686.0,277.0,216.0,7.0,595.0,147.0,0
15.0,1342.0,18.0,155.0,6.0,990.0,70.0,1
15.0,755.0,175.0,268.0,3.0,765.0,65.0,1
14.0,46.0,217.0,78.0,5.0,950.0,243.0,0
0.0,4060.0,75.0,177.0,4.0,990.0,89.0,0
1.0,1415.0,80.0,253.0,5.0,1155.0,235.0,1
10.0,3637.0,183.0,251.0,5.0,1275.0,155.0,0
1.0,1158.0,243.0,80.0,4.0,650.0,170.0,0
11.0,6330.0,278.0,16.0,6.0,697.0,77.0,0
2.0,305.0,253.0,252.0,6.0,785.0,128.0,0
0.0,4075.0,85.0,106.0,3.0,725.0,42.0,0
4.0,1792.0,96.0,173.0,6.0,1090.0,172.0,0
0.0,3930.0,197.0,21.0,6.0,1160.0,87.0,0
8.0,902.0,16.0,215.0,1.0,525.0,93.0,0
8.0,103.0,16.0,80.0,7.0,525.0,147.0,0
15.0,1542.0,85.0,79.0,6.0,445.0,210.0,0
12.0,6568.0,154.0,24.0,3.0,646.0,49.0,0
14.0,249.0,208.0,217.0,6.0,645.0,228.0,1
1.0,1397.0,208.0,241.0,6.0,410.0,165.0,1
0.0,4285.0,197.0,152.0,5.0,1170.0,103.0,1
12.0,4548.0,205.0,197.0,6.0,550.0,75.0,0
15.0,282.0,91.0,75.0,5.0,1190.0,85.0,1
12.0,4761.0,261.0,227.0,4.0,675.0,99.0,1
5.0,1757.0,16.0,264.0,6.0,500.0,305.0,0
12.0,4495.0,112.0,197.0,7.0,1140.0,80.0,1
1.0,2527.0,27.0,80.0,7.0,715.0,130.0,0
14.0,1704.0,60.0,22.0,5.0,1329.0,108.0,0
15.0,3138.0,244.0,75.0,4.0,1205.0,55.0,0
14.0,1605.0,35.0,216.0,4.0,810.0,104.0,0
15.0,339.0,279.0,129.0,7.0,1140.0,95.0,1
6.0,5064.0,33.0,16.0,3.0,645.0,68.0,1
15.0,756.0,18.0,217.0,1.0,690.0,155.0,1
4.0,1133.0,96.0,80.0,4.0,540.0,252.0,0
14.0,959.0,43.0,60.0,5.0,1149.0,116.0,0
17.0,2851.0,217.0,292.0,6.0,1085.0,71.0,0
10.0,3654.0,234.0,183.0,7.0,445.0,160.0,1
14.0,889.0,60.0,138.0,7.0,1210.0,60.0,0
5.0,2451.0,16.0,251.0,6.0,1305.0,87.0,0
10.0,4041.0,32.0,208.0,3.0,995.0,55.0,0
15.0,998.0,175.0,45.0,4.0,985.0,110.0,0
1.0,475.0,96.0,208.0,1.0,445.0,175.0,0
8.0,121.0,16.0,277.0,4.0,1080.0,86.0,0
0.0,3907.0,61.0,85.0,4.0,810.0,69.0,1
1.0,787.0,159.0,80.0,5.0,1125.0,250.0,0
0.0,4361.0,221.0,177.0,5.0,710.0,135.0,0
11.0,6514.0,221.0,197.0,5.0,776.0,149.0,1
10.0,4188.0,208.0,0.0,5.0,945.0,115.0,1
14.0,1540.0,217.0,60.0,1.0,465.0,216.0,0
6.0,5283.0,275.0,16.0,7.0,755.0,74.0,1
5.0,1594.0,16.0,216.0,3.0,890.0,135.0,1
10.0,4111.0,208.0,60.0,5.0,1200.0,115.0,1
16.0,2064.0,135.0,139.0,4.0,615.0,126.0,0
14.0,652.0,139.0,217.0,1.0,360.0,235.0,0
5.0,2316.0,153.0,85.0,5.0,685.0,244.0,0
1.0,2332.0,208.0,216.0,1.0,750.0,115.0,0
15.0,660.0,79.0,173.0,3.0,1020.0,210.0,1
14.0,997.0,221.0,60.0,5.0,730.0,93.0,1
4.0,190.0,135.0,183.0,5.0,1155.0,143.0,1
5.0,1833.0,71.0,154.0,6.0,970.0,293.0,0
15.0,997.0,217.0,35.0,4.0,645.0,300.0,1
5.0,2531.0,159.0,85.0,3.0,870.0,118.0,0
15.0,1664.0,217.0,45.0,1.0,1000.0,250.0,1
1.0,378.0,208.0,159.0,6.0,665.0,125.0,1
11.0,6492.0,148.0,273.0,3.0,1305.0,92.0,0
10.0,4316.0,208.0,279.0,4.0,735.0,120.0,1
16.0,5936.0,17.0,208.0,1.0,563.0,55.0,1
13.0,531.0,208.0,154.0,7.0,618.0,284.0,1
4.0,491.0,183.0,135.0,7.0,1100.0,170.0,0
5.0,1211.0,85.0,197.0,5.0,445.0,125.0,1
15.0,525.0,175.0,139.0,5.0,1215.0,50.0,1
5.0,2457.0,119.0,197.0,5.0,615.0,90.0,0
5.0,2098.0,16.0,61.0,4.0,1310.0,98.0,0
0.0,3724.0,85.0,117.0,5.0,525.0,88.0,0
9.0,15.0,243.0,128.0,4.0,550.0,365.0,0
15.0,3505.0,216.0,35.0,1.0,630.0,90.0,1
16.0,2330.0,170.0,135.0,5.0,810.0,86.0,1
8.0,582.0,119.0,45.0,3.0,375.0,95.0,0
8.0,1153.0,241.0,139.0,7.0,1199.0,150.0,0
15.0,1715.0,202.0,154.0,3.0,790.0,70.0,1
1.0,1440.0,280.0,80.0,5.0,1065.0,130.0,1
10.0,2801.0,254.0,80.0,1.0,1055.0,90.0,0
6.0,7091.0,134.0,245.0,4.0,1025.0,105.0,0
13.0,316.0,264.0,79.0,3.0,480.0,152.0,0
1.0,549.0,104.0,208.0,7.0,450.0,195.0,0
16.0,2036.0,139.0,96.0,7.0,990.0,120.0,0
14.0,2144.0,159.0,35.0,5.0,1260.0,69.0,1
11.0,6423.0,85.0,22.0,3.0,460.0,118.0,0
12.0,4714.0,67.0,261.0,6.0,385.0,73.0,1
15.0,941.0,104.0,141.0,3.0,550.0,165.0,1
0.0,4147.0,85.0,43.0,3.0,825.0,75.0,1
12.0,6539.0,253.0,111.0,6.0,1360.0,121.0,0
15.0,422.0,45.0,241.0,3.0,620.0,165.0,1
6.0,5153.0,16.0,115.0,7.0,976.0,75.0,0
17.0,2730.0,177.0,217.0,1.0,450.0,223.0,0
3.0,704.0,260.0,148.0,5.0,685.0,243.0,1
5.0,2087.0,16.0,241.0,4.0,810.0,99.0,0
0.0,4106.0,16.0,33.0,5.0,505.0,85.0,0
15.0,2459.0,204.0,79.0,3.0,390.0,100.0,1
4.0,697.0,135.0,153.0,6.0,885.0,202.0,1
10.0,3015.0,154.0,243.0,1.0,715.0,45.0,1
17.0,2925.0,246.0,217.0,1.0,977.0,92.0,0
15.0,1024.0,18.0,217.0,6.0,1005.0,155.0,1
14.0,612.0,217.0,16.0,5.0,795.0,215.0,0
1.0,1396.0,236.0,80.0,6.0,710.0,190.0,0
4.0,162.0,207.0,135.0,3.0,405.0,187.0,1
15.0,1138.0,147.0,27.0,4.0,820.0,75.0,0
5.0,2350.0,214.0,16.0,6.0,722.0,278.0,1
15.0,892.0,27.0,45.0,1.0,420.0,110.0,0
16.0,2444.0,197.0,58.0,1.0,1089.0,100.0,1
8.0,111.0,16.0,134.0,5.0,1255.0,103.0,1
0.0,3884.0,273.0,85.0,4.0,724.0,91.0,1
11.0,6528.0,71.0,35.0,3.0,675.0,130.0,0
14.0,2040.0,78.0,35.0,1.0,990.0,91.0,0
12.0,6234.0,154.0,80.0,4.0,464.0,177.0,0
1.0,1821.0,183.0,153.0,4.0,485.0,330.0,0
13.0,557.0,61.0,208.0,5.0,961.0,80.0,0
3.0,372.0,104.0,159.0,1.0,585.0,165.0,0
6.0,4982.0,118.0,16.0,6.0,724.0,134.0,0
15.0,933.0,45.0,129.0,7.0,620.0,220.0,0
1.0,431.0,183.0,277.0,1.0,945.0,60.0,0
17.0,2612.0,60.0,101.0,5.0,1215.0,55.0,0
0.0,3947.0,221.0,85.0,1.0,920.0,85.0,1
5.0,1822.0,85.0,35.0,5.0,1300.0,119.0,1
13.0,423.0,173.0,79.0,1.0,1079.0,249.0,0
5.0,1623.0,35.0,85.0,4.0,1108.0,147.0,0
15.0,641.0,253.0,153.0,5.0,450.0,85.0,0
14.0,542.0,258.0,217.0,7.0,380.0,113.0,0
1.0,1216.0,244.0,80.0,6.0,500.0,70.0,1
1.0,712.0,80.0,159.0,4.0,605.0,195.0,1
5.0,1585.0,159.0,173.0,3.0,980.0,177.0,0
15.0,2278.0,45.0,198.0,5.0,930.0,180.0,1
13.0,905.0,198.0,208.0,7.0,368.0,148.0,0
4.0,259.0,78.0,135.0,3.0,735.0,208.0,0
8.0,372.0,16.0,159.0,4.0,1098.0,130.0,0
12.0,4750.0,261.0,127.0,5.0,1201.0,79.0,0
11.0,6308.0,177.0,96.0,4.0,525.0,161.0,0
11.0,6610.0,172.0,159.0,6.0,652.0,178.0,0
14.0,936.0,217.0,197.0,4.0,990.0,181.0,0
4.0,1618.0,96.0,277.0,7.0,890.0,177.0,1
15.0,614.0,139.0,45.0,3.0,900.0,95.0,1
4.0,1517.0,197.0,135.0,1.0,380.0,182.0,0
8.0,558.0,16.0,43.0,5.0,615.0,122.0,1
10.0,3799.0,2.0,208.0,1.0,475.0,160.0,0
14.0,1557.0,216.0,104.0,5.0,955.0,169.0,1
14.0,2049.0,35.0,78.0,5.0,1200.0,91.0,0
15.0,1817.0,173.0,2.0,6.0,855.0,255.0,1
13.0,328.0,154.0,79.0,3.0,435.0,152.0,1
5.0,2805.0,154.0,198.0,4.0,718.0,222.0,0
16.0,2065.0,135.0,234.0,6.0,600.0,153.0,1
14.0,1843.0,60.0,173.0,7.0,568.0,96.0,1
8.0,715.0,48.0,159.0,5.0,390.0,98.0,0
14.0,997.0,221.0,60.0,1.0,730.0,93.0,1
10.0,3126.0,258.0,154.0,1.0,1025.0,75.0,0
15.0,1108.0,79.0,2.0,3.0,1260.0,75.0,1
8.0,27.0,175.0,16.0,5.0,711.0,109.0,0
3.0,164.0,277.0,148.0,5.0,1260.0,152.0,1
15.0,3814.0,184.0,173.0,4.0,530.0,170.0,0
13.0,68.0,161.0,154.0,3.0,1299.0,327.0,0
14.0,1057.0,60.0,213.0,7.0,1075.0,109.0,1
14.0,2119.0,35.0,159.0,6.0,480.0,75.0,1
9.0,261.0,143.0,128.0,5.0,1040.0,49.0,0
10.0,4378.0,33.0,159.0,3.0,785.0,130.0,1
15.0,3414.0,264.0,217.0,4.0,1165.0,70.0,1
5.0,1274.0,117.0,197.0,5.0,786.0,70.0,0
10.0,4109.0,84.0,208.0,4.0,845.0,85.0,0
14.0,634.0,217.0,221.0,5.0,965.0,229.0,1
1.0,32.0,154.0,148.0,3.0,825.0,320.0,1
14.0,957.0,221.0,60.0,6.0,430.0,96.0,0
12.0,4773.0,224.0,261.0,6.0,990.0,93.0,0
13.0,623.0,208.0,173.0,6.0,1096.0,166.0,1
8.0,181.0,16.0,241.0,4.0,1051.0,96.0,0
15.0,340.0,264.0,217.0,5.0,890.0,70.0,1
8.0,560.0,16.0,32.0,5.0,984.0,101.0,0
5.0,371.0,16.0,135.0,1.0,445.0,140.0,0
15.0,3830.0,268.0,216.0,3.0,615.0,130.0,1
10.0,4595.0,159.0,233.0,3.0,700.0,105.0,1
6.0,5483.0,35.0,78.0,7.0,935.0,110.0,1
6.0,5022.0,177.0,157.0,6.0,575.0,80.0,1
4.0,91.0,96.0,154.0,5.0,410.0,357.0,1
15.0,134.0,277.0,45.0,3.0,995.0,130.0,1
13.0,687.0,159.0,208.0,1.0,961.0,165.0,0
6.0,5491.0,201.0,16.0,4.0,360.0,98.0,1
14.0,23.0,128.0,217.0,6.0,1390.0,362.0,1
14.0,668.0,217.0,264.0,4.0,1190.0,77.0,0
13.0,26.0,154.0,148.0,1.0,708.0,333.0,0
5.0,1656.0,16.0,228.0,4.0,895.0,145.0,1
8.0,407.0,139.0,16.0,6.0,848.0,96.0,0
0.0,3667.0,272.0,85.0,3.0,754.0,111.0,0
15.0,3932.0,44.0,202.0,4.0,1010.0,70.0,0
6.0,5462.0,132.0,16.0,1.0,1008.0,60.0,0
12.0,4715.0,197.0,112.0,3.0,1305.0,75.0,0
16.0,3009.0,96.0,184.0,1.0,894.0,144.0,0
3.0,119.0,148.0,198.0,1.0,889.0,213.0,0
12.0,6350.0,207.0,253.0,3.0,838.0,85.0,1
13.0,688.0,84.0,208.0,5.0,830.0,83.0,0
15.0,198.0,277.0,184.0,5.0,840.0,165.0,1
15.0,2613.0,202.0,243.0,1.0,565.0,85.0,1
1.0,436.0,80.0,104.0,3.0,1015.0,155.0,1
8.0,112.0,80.0,16.0,6.0,725.0,125.0,1
14.0,1190.0,198.0,60.0,5.0,775.0,106.0,0
15.0,1118.0,182.0,45.0,1.0,675.0,95.0,1
6.0,4943.0,16.0,275.0,3.0,515.0,76.0,0
10.0,4243.0,233.0,208.0,7.0,400.0,140.0,0
1.0,488.0,252.0,80.0,7.0,370.0,230.0,1
13.0,823.0,35.0,134.0,5.0,851.0,114.0,0
1.0,472.0,261.0,80.0,6.0,1050.0,150.0,1
15.0,2097.0,172.0,268.0,1.0,1080.0,55.0,0
3.0,309.0,134.0,104.0,5.0,886.0,157.0,0
15.0,1760.0,268.0,61.0,1.0,1080.0,75.0,1
5.0,1410.0,79.0,85.0,3.0,966.0,169.0,0
16.0,2150.0,58.0,119.0,3.0,550.0,59.0,0
8.0,683.0,16.0,136.0,1.0,625.0,148.0,0
10.0,4403.0,148.0,233.0,7.0,895.0,110.0,0
5.0,2298.0,267.0,16.0,1.0,420.0,105.0,0
1.0,647.0,268.0,154.0,7.0,1260.0,255.0,0
12.0,6999.0,79.0,24.0,1.0,1096.0,152.0,1
4.0,3.0,154.0,128.0,4.0,590.0,345.0,1
5.0,1705.0,134.0,16.0,6.0,460.0,124.0,0
6.0,5522.0,136.0,16.0,4.0,400.0,129.0,0
16.0,2644.0,116.0,135.0,6.0,370.0,79.0,0
5.0,2135.0,16.0,213.0,6.0,655.0,107.0,0
12.0,4755.0,58.0,197.0,4.0,760.0,125.0,0
15.0,11.0,129.0,268.0,4.0,650.0,110.0,0
16.0,5994.0,290.0,208.0,7.0,455.0,105.0,1
16.0,2248.0,177.0,96.0,7.0,1120.0,153.0,1
12.0,4536.0,261.0,208.0,7.0,826.0,189.0,1
16.0,2564.0,96.0,197.0,3.0,925.0,187.0,1
11.0,6558.0,159.0,54.0,3.0,1275.0,146.0,1
0.0,4197.0,85.0,84.0,3.0,740.0,115.0,0
10.0,2783.0,80.0,108.0,4.0,845.0,60.0,0
1.0,180.0,154.0,148.0,5.0,985.0,310.0,0
16.0,2367.0,76.0,135.0,3.0,398.0,171.0,0
13.0,461.0,134.0,153.0,1.0,1020.0,325.0,0
15.0,3024.0,182.0,45.0,6.0,865.0,100.0,1
5.0,2776.0,177.0,198.0,6.0,1180.0,77.0,0
1.0,1847.0,80.0,79.0,5.0,685.0,125.0,1
5.0,1192.0,261.0,78.0,6.0,620.0,240.0,1
17.0,7254.0,208.0,245.0,3.0,466.0,120.0,0
10.0,4129.0,62.0,208.0,1.0,1075.0,65.0,1
1.0,1464.0,80.0,279.0,7.0,1245.0,55.0,0
4.0,1174.0,208.0,96.0,5.0,1100.0,132.0,0
5.0,2051.0,197.0,153.0,1.0,870.0,208.0,0
15.0,1325.0,175.0,45.0,1.0,895.0,110.0,1
12.0,4623.0,262.0,261.0,4.0,615.0,98.0,0
0.0,4384.0,241.0,233.0,6.0,880.0,120.0,1
15.0,1486.0,217.0,253.0,4.0,1125.0,125.0,0
17.0,7257.0,134.0,244.0,7.0,1056.0,234.0,0
15.0,3074.0,182.0,173.0,7.0,820.0,205.0,0
6.0,5127.0,101.0,16.0,3.0,635.0,89.0,1
6.0,7332.0,16.0,33.0,7.0,1050.0,68.0,0
12.0,4834.0,154.0,153.0,3.0,1079.0,70.0,1
10.0,3645.0,183.0,177.0,7.0,680.0,155.0,0
6.0,5169.0,16.0,91.0,5.0,551.0,208.0,1
5.0,2998.0,214.0,148.0,1.0,400.0,319.0,0
5.0,1770.0,261.0,197.0,1.0,1020.0,157.0,1
1.0,1211.0,85.0,80.0,6.0,805.0,175.0,0
6.0,5038.0,48.0,85.0,6.0,400.0,80.0,0
7.0,366.0,79.0,184.0,7.0,400.0,133.0,0
6.0,5204.0,254.0,16.0,7.0,603.0,107.0,1
1.0,1279.0,80.0,217.0,4.0,790.0,160.0,0
15.0,1308.0,244.0,129.0,1.0,850.0,50.0,0
5.0,2524.0,128.0,16.0,5.0,1060.0,515.0,0
12.0,6363.0,154.0,246.0,4.0,1361.0,44.0,0
10.0,3081.0,243.0,154.0,5.0,380.0,45.0,0
10.0,3626.0,223.0,183.0,3.0,740.0,110.0,0
15.0,1537.0,153.0,243.0,3.0,750.0,65.0,1
17.0,2662.0,268.0,60.0,3.0,770.0,111.0,1
13.0,552.0,134.0,35.0,7.0,1134.0,96.0,0
1.0,2238.0,208.0,183.0,3.0,740.0,185.0,1
5.0,8.0,135.0,16.0,3.0,955.0,132.0,0
1.0,1086.0,80.0,132.0,3.0,1175.0,95.0,1
12.0,6428.0,153.0,154.0,4.0,402.0,70.0,0
12.0,4470.0,99.0,197.0,4.0,912.0,66.0,0
5.0,1548.0,85.0,159.0,7.0,1055.0,118.0,1
0.0,3751.0,85.0,94.0,6.0,545.0,98.0,0
10.0,2732.0,181.0,80.0,7.0,725.0,90.0,0
14.0,1435.0,78.0,60.0,1.0,640.0,90.0,0
11.0,6333.0,238.0,85.0,5.0,931.0,86.0,0
17.0,1015.0,128.0,203.0,7.0,835.0,35.0,0
12.0,6473.0,140.0,154.0,1.0,865.0,65.0,1
5.0,1800.0,147.0,16.0,6.0,450.0,90.0,1
1.0,1973.0,183.0,80.0,3.0,1165.0,195.0,1
5.0,2433.0,60.0,16.0,6.0,710.0,82.0,0
15.0,1023.0,2.0,75.0,1.0,730.0,95.0,1
11.0,6274.0,139.0,197.0,3.0,575.0,123.0,0
15.0,594.0,75.0,129.0,6.0,960.0,65.0,0
14.0,1628.0,173.0,216.0,5.0,375.0,143.0,0
4.0,187.0,173.0,135.0,5.0,540.0,150.0,1
14.0,1592.0,16.0,216.0,4.0,390.0,115.0,0
5.0,1002.0,261.0,148.0,3.0,1425.0,260.0,1
12.0,4523.0,261.0,34.0,3.0,950.0,68.0,0
1.0,604.0,80.0,251.0,5.0,720.0,125.0,0
12.0,4780.0,261.0,122.0,7.0,1207.0,85.0,1
1.0,2402.0,18.0,208.0,5.0,1045.0,165.0,0
1.0,2038.0,183.0,85.0,6.0,650.0,185.0,1
15.0,1887.0,34.0,202.0,6.0,1050.0,100.0,1
11.0,6635.0,35.0,148.0,5.0,615.0,86.0,1
1.0,1878.0,80.0,204.0,6.0,735.0,55.0,1
5.0,1248.0,16.0,221.0,6.0,585.0,107.0,1
14.0,928.0,60.0,208.0,1.0,868.0,120.0,0
15.0,40.0,129.0,75.0,1.0,960.0,60.0,1
1.0,459.0,78.0,80.0,7.0,670.0,215.0,0
8.0,433.0,184.0,16.0,7.0,756.0,121.0,1
15.0,205.0,244.0,175.0,1.0,385.0,155.0,0
9.0,15.0,243.0,128.0,6.0,550.0,365.0,0
2.0,121.0,252.0,14.0,6.0,1425.0,223.0,0
14.0,879.0,60.0,138.0,5.0,985.0,57.0,1
1.0,1057.0,80.0,236.0,7.0,1135.0,220.0,0
1.0,1543.0,33.0,80.0,4.0,515.0,130.0,0
12.0,4644.0,197.0,112.0,3.0,550.0,75.0,0
10.0,4697.0,85.0,159.0,3.0,360.0,100.0,0
2.0,366.0,252.0,262.0,6.0,405.0,106.0,1
3.0,1147.0,42.0,173.0,6.0,566.0,196.0,0
12.0,6942.0,79.0,65.0,7.0,673.0,38.0,1
16.0,5915.0,208.0,245.0,6.0,465.0,124.0,1
15.0,951.0,175.0,197.0,3.0,520.0,85.0,0
8.0,1942.0,139.0,104.0,1.0,420.0,170.0,0
14.0,1809.0,60.0,241.0,4.0,710.0,123.0,1
11.0,6272.0,71.0,61.0,4.0,985.0,50.0,0
15.0,3762.0,153.0,236.0,7.0,905.0,80.0,0
5.0,1040.0,16.0,198.0,6.0,745.0,97.0,0
15.0,820.0,87.0,33.0,6.0,540.0,90.0,0
10.0,4275.0,195.0,208.0,3.0,360.0,55.0,0
14.0,87.0,252.0,216.0,5.0,695.0,303.0,0
5.0,1084.0,197.0,78.0,1.0,911.0,140.0,1
1.0,1083.0,134.0,80.0,3.0,390.0,210.0,0
8.0,430.0,184.0,252.0,7.0,1181.0,270.0,1
12.0,4702.0,160.0,261.0,4.0,756.0,105.0,0
15.0,3009.0,175.0,61.0,6.0,520.0,70.0,1
5.0,1840.0,161.0,154.0,7.0,1291.0,325.0,0
16.0,2789.0,42.0,96.0,5.0,573.0,77.0,0
15.0,298.0,236.0,154.0,5.0,525.0,85.0,1
12.0,4615.0,197.0,28.0,7.0,700.0,130.0,0
5.0,2079.0,159.0,104.0,1.0,765.0,192.0,0
6.0,7112.0,148.0,134.0,1.0,862.0,92.0,1
4.0,40.0,154.0,96.0,4.0,415.0,317.0,0
1.0,1330.0,80.0,178.0,7.0,795.0,95.0,0
5.0,2528.0,267.0,16.0,3.0,804.0,101.0,1
13.0,803.0,233.0,134.0,6.0,624.0,68.0,0
0.0,4176.0,117.0,197.0,3.0,1024.0,76.0,0
1.0,539.0,173.0,80.0,1.0,925.0,180.0,0
15.0,1116.0,202.0,264.0,7.0,1215.0,80.0,1
5.0,1268.0,16.0,87.0,3.0,986.0,76.0,0
16.0,2640.0,96.0,119.0,5.0,929.0,125.0,1
10.0,4062.0,290.0,208.0,6.0,540.0,105.0,0
16.0,2954.0,135.0,190.0,4.0,1125.0,80.0,0
10.0,4008.0,208.0,60.0,6.0,875.0,115.0,0
14.0,2175.0,159.0,78.0,5.0,780.0,67.0,0
3.0,23.0,273.0,148.0,1.0,575.0,69.0,0
10.0,2806.0,80.0,120.0,7.0,795.0,145.0,1
5.0,1550.0,153.0,197.0,5.0,420.0,193.0,0
12.0,4709.0,154.0,253.0,6.0,600.0,72.0,0
13.0,423.0,253.0,252.0,6.0,515.0,123.0,0
15.0,49.0,253.0,217.0,4.0,625.0,115.0,0
12.0,6751.0,172.0,208.0,7.0,1002.0,92.0,0
5.0,2454.0,154.0,16.0,3.0,1365.0,252.0,0
5.0,84.0,16.0,148.0,1.0,1050.0,158.0,0
15.0,1503.0,79.0,154.0,3.0,1230.0,155.0,1
15.0,3110.0,58.0,175.0,5.0,580.0,80.0,0
1.0,1765.0,134.0,260.0,6.0,475.0,230.0,0
14.0,623.0,268.0,217.0,5.0,880.0,203.0,0
12.0,6671.0,253.0,55.0,7.0,965.0,52.0,1
12.0,6888.0,208.0,91.0,7.0,603.0,209.0,1
8.0,273.0,35.0,16.0,1.0,520.0,180.0,0
11.0,6484.0,16.0,120.0,7.0,1319.0,90.0,0
6.0,5317.0,16.0,27.0,1.0,810.0,54.0,1
16.0,2307.0,96.0,268.0,7.0,1255.0,179.0,1
16.0,2308.0,135.0,38.0,4.0,920.0,68.0,0
15.0,1325.0,175.0,45.0,7.0,895.0,110.0,1
5.0,1748.0,85.0,159.0,4.0,535.0,119.0,0
1.0,1237.0,217.0,80.0,3.0,485.0,135.0,0
5.0,1130.0,177.0,16.0,4.0,945.0,85.0,0
1.0,1215.0,78.0,80.0,7.0,360.0,210.0,0
4.0,1145.0,16.0,96.0,3.0,1169.0,150.0,1
15.0,1715.0,34.0,252.0,4.0,590.0,85.0,0
15.0,709.0,58.0,175.0,7.0,655.0,75.0,1
15.0,3246.0,243.0,258.0,6.0,1025.0,80.0,1
10.0,3809.0,2.0,208.0,7.0,795.0,160.0,1
0.0,3728.0,177.0,66.0,1.0,875.0,80.0,0
15.0,731.0,154.0,79.0,7.0,440.0,140.0,0
0.0,3694.0,85.0,175.0,4.0,935.0,71.0,1
14.0,1528.0,60.0,216.0,3.0,1200.0,98.0,1
15.0,2661.0,236.0,217.0,7.0,625.0,100.0,0
6.0,5094.0,138.0,16.0,5.0,1079.0,100.0,0
5.0,2385.0,35.0,71.0,1.0,365.0,145.0,0
13.0,227.0,79.0,154.0,1.0,707.0,156.0,1
4.0,1836.0,135.0,216.0,4.0,755.0,194.0,1
5.0,1224.0,261.0,216.0,1.0,1025.0,258.0,0
1.0,2333.0,208.0,80.0,7.0,880.0,155.0,1
14.0,2027.0,35.0,78.0,5.0,540.0,93.0,0
0.0,4377.0,85.0,245.0,1.0,605.0,134.0,1
12.0,6764.0,164.0,79.0,5.0,408.0,97.0,0
2.0,95.0,252.0,14.0,5.0,700.0,229.0,1
10.0,4148.0,205.0,208.0,5.0,595.0,95.0,0
13.0,82.0,128.0,154.0,4.0,802.0,322.0,0
5.0,68.0,183.0,16.0,4.0,892.0,122.0,0
13.0,537.0,35.0,253.0,6.0,480.0,408.0,0
5.0,2287.0,85.0,16.0,7.0,1060.0,130.0,1
15.0,2935.0,262.0,243.0,6.0,425.0,85.0,0
5.0,2230.0,267.0,16.0,5.0,500.0,101.0,0
4.0,1130.0,80.0,96.0,4.0,420.0,198.0,0
15.0,2770.0,198.0,173.0,6.0,960.0,100.0,0
1.0,635.0,183.0,80.0,6.0,560.0,195.0,0
16.0,2064.0,135.0,139.0,7.0,623.0,121.0,0
2.0,373.0,262.0,252.0,5.0,780.0,110.0,0
5.0,1830.0,261.0,148.0,5.0,1020.0,271.0,0
14.0,27.0,173.0,217.0,4.0,435.0,298.0,0
15.0,1692.0,214.0,153.0,5.0,950.0,130.0,0
1.0,1907.0,78.0,183.0,7.0,430.0,165.0,0
15.0,1382.0,153.0,27.0,3.0,570.0,210.0,1
5.0,2554.0,253.0,85.0,4.0,1365.0,272.0,1
15.0,519.0,33.0,154.0,4.0,940.0,285.0,1
1.0,1480.0,35.0,208.0,5.0,645.0,170.0,0
15.0,1472.0,154.0,217.0,1.0,505.0,75.0,1
6.0,5120.0,16.0,285.0,4.0,448.0,59.0,0
15.0,1178.0,268.0,35.0,3.0,555.0,155.0,1
3.0,589.0,130.0,104.0,5.0,1120.0,179.0,0
12.0,4485.0,197.0,56.0,5.0,1180.0,72.0,1
15.0,120.0,175.0,217.0,4.0,1200.0,240.0,1
15.0,2640.0,34.0,153.0,4.0,855.0,100.0,0
5.0,2026.0,104.0,16.0,1.0,770.0,118.0,1
17.0,2689.0,138.0,60.0,3.0,965.0,68.0,0
16.0,2668.0,47.0,135.0,7.0,850.0,157.0,0
14.0,433.0,153.0,216.0,1.0,420.0,280.0,0
16.0,2425.0,135.0,38.0,3.0,1105.0,70.0,1
10.0,3829.0,16.0,208.0,7.0,1275.0,120.0,1
16.0,3068.0,135.0,131.0,5.0,565.0,73.0,0
12.0,6497.0,79.0,162.0,1.0,651.0,125.0,1
12.0,6506.0,91.0,154.0,5.0,360.0,137.0,0
16.0,3059.0,135.0,190.0,4.0,465.0,76.0,0
1.0,1216.0,244.0,80.0,3.0,500.0,70.0,0
5.0,1183.0,209.0,16.0,6.0,405.0,135.0,0
16.0,2670.0,209.0,96.0,5.0,800.0,87.0,0
15.0,2879.0,153.0,111.0,7.0,770.0,150.0,1
6.0,5042.0,177.0,216.0,7.0,540.0,140.0,0
3.0,1259.0,35.0,134.0,4.0,630.0,99.0,0
7.0,787.0,79.0,153.0,5.0,1005.0,114.0,0
15.0,864.0,45.0,79.0,4.0,1130.0,255.0,0
5.0,1908.0,79.0,197.0,1.0,920.0,119.0,0
15.0,18.0,104.0,277.0,6.0,970.0,60.0,1
6.0,5261.0,33.0,177.0,4.0,450.0,70.0,0
13.0,178.0,154.0,208.0,7.0,598.0,237.0,0
6.0,5454.0,87.0,16.0,6.0,817.0,72.0,0
4.0,1712.0,260.0,135.0,6.0,1047.0,272.0,0
5.0,2226.0,104.0,16.0,7.0,610.0,110.0,1
4.0,551.0,233.0,135.0,7.0,1035.0,187.0,0
1.0,2549.0,148.0,173.0,7.0,1169.0,185.0,0
12.0,6294.0,83.0,79.0,7.0,1058.0,64.0,0
12.0,6829.0,253.0,232.0,6.0,563.0,95.0,0
10.0,4143.0,43.0,208.0,3.0,900.0,115.0,1
16.0,2878.0,58.0,208.0,5.0,450.0,85.0,0
5.0,2342.0,16.0,96.0,3.0,1295.0,133.0,0
10.0,3226.0,68.0,80.0,3.0,1200.0,80.0,0
15.0,1394.0,252.0,202.0,5.0,1215.0,125.0,0
13.0,471.0,79.0,243.0,6.0,492.0,148.0,1
14.0,722.0,208.0,216.0,5.0,960.0,123.0,1
8.0,793.0,16.0,268.0,4.0,1335.0,108.0,0
12.0,6626.0,227.0,79.0,5.0,805.0,122.0,1
3.0,743.0,173.0,260.0,6.0,715.0,159.0,0
12.0,6493.0,252.0,214.0,1.0,705.0,47.0,0
10.0,3345.0,80.0,157.0,6.0,1185.0,125.0,1
6.0,5246.0,52.0,16.0,6.0,733.0,57.0,0
5.0,1328.0,16.0,233.0,4.0,1231.0,86.0,0
16.0,2074.0,54.0,96.0,3.0,992.0,118.0,0
15.0,1599.0,27.0,129.0,3.0,1010.0,115.0,1
4.0,1723.0,135.0,207.0,3.0,585.0,215.0,1
6.0,5121.0,16.0,205.0,5.0,1290.0,140.0,1
16.0,2263.0,41.0,135.0,4.0,330.0,72.0,0
13.0,151.0,134.0,208.0,4.0,739.0,132.0,0
0.0,4146.0,273.0,148.0,1.0,899.0,110.0,0
12.0,7781.0,89.0,261.0,6.0,330.0,70.0,0
5.0,1126.0,116.0,16.0,7.0,654.0,78.0,1
14.0,2039.0,35.0,78.0,5.0,900.0,96.0,0
0.0,3658.0,197.0,107.0,4.0,570.0,70.0,0
13.0,192.0,264.0,208.0,3.0,838.0,237.0,0
14.0,2165.0,159.0,78.0,5.0,480.0,72.0,0
15.0,3843.0,44.0,217.0,1.0,580.0,85.0,0
6.0,5592.0,16.0,47.0,1.0,595.0,73.0,0
0.0,4297.0,85.0,162.0,5.0,935.0,143.0,1
1.0,1099.0,80.0,2.0,4.0,615.0,115.0,1
5.0,2346.0,214.0,16.0,5.0,380.0,279.0,0
5.0,2054.0,223.0,16.0,3.0,330.0,75.0,0
5.0,1125.0,215.0,16.0,6.0,375.0,116.0,0
8.0,894.0,139.0,159.0,3.0,506.0,124.0,0
12.0,7044.0,205.0,79.0,5.0,679.0,97.0,0
5.0,2988.0,173.0,71.0,6.0,970.0,133.0,0
1.0,530.0,80.0,277.0,7.0,1260.0,130.0,0
4.0,1552.0,96.0,60.0,3.0,880.0,122.0,0
14.0,1926.0,173.0,78.0,1.0,445.0,122.0,1
1.0,829.0,80.0,65.0,6.0,1270.0,115.0,0
15.0,1524.0,35.0,175.0,6.0,1015.0,170.0,0
6.0,4947.0,16.0,47.0,5.0,905.0,64.0,0
6.0,5447.0,16.0,41.0,3.0,815.0,97.0,0
5.0,1647.0,159.0,16.0,1.0,660.0,159.0,0
1.0,511.0,80.0,65.0,6.0,690.0,115.0,1
8.0,453.0,198.0,16.0,4.0,610.0,81.0,0
12.0,4566.0,261.0,232.0,4.0,1304.0,93.0,0
15.0,596.0,277.0,45.0,4.0,835.0,130.0,1
15.0,1753.0,104.0,173.0,7.0,760.0,60.0,1
15.0,1581.0,91.0,154.0,4.0,590.0,130.0,0
2.0,305.0,253.0,252.0,3.0,785.0,128.0,0
14.0,367.0,78.0,217.0,5.0,630.0,309.0,1
2.0,83.0,252.0,14.0,1.0,480.0,220.0,0
12.0,6332.0,93.0,214.0,1.0,985.0,37.0,0
15.0,200.0,258.0,207.0,5.0,695.0,65.0,0
16.0,2720.0,136.0,135.0,7.0,1112.0,104.0,0
6.0,5377.0,187.0,16.0,1.0,735.0,116.0,1
12.0,6971.0,79.0,280.0,1.0,842.0,118.0,0
10.0,2773.0,80.0,1.0,4.0,1130.0,50.0,0
5.0,2110.0,80.0,16.0,6.0,795.0,121.0,0
4.0,514.0,135.0,221.0,1.0,605.0,162.0,0
5.0,2285.0,22.0,16.0,1.0,926.0,165.0,0
10.0,2873.0,80.0,188.0,7.0,550.0,65.0,0
8.0,632.0,76.0,45.0,3.0,760.0,81.0,1
15.0,1510.0,251.0,45.0,4.0,435.0,85.0,1
13.0,53.0,148.0,154.0,5.0,690.0,375.0,0
15.0,1109.0,153.0,214.0,7.0,995.0,140.0,0
12.0,7799.0,64.0,261.0,3.0,360.0,89.0,0
15.0,1921.0,33.0,233.0,7.0,645.0,80.0,1
10.0,3535.0,80.0,162.0,6.0,1320.0,65.0,0
5.0,1398.0,159.0,35.0,3.0,1230.0,74.0,1
1.0,2066.0,65.0,80.0,6.0,970.0,110.0,0
15.0,3843.0,44.0,217.0,4.0,580.0,85.0,0
10.0,2878.0,114.0,80.0,5.0,395.0,135.0,0
6.0,5417.0,84.0,16.0,7.0,1060.0,132.0,0
6.0,7309.0,190.0,16.0,6.0,555.0,73.0,0
3.0,1417.0,18.0,160.0,1.0,1050.0,195.0,0
4.0,16.0,154.0,96.0,7.0,625.0,312.0,1
15.0,1686.0,216.0,104.0,7.0,875.0,175.0,1
12.0,6501.0,79.0,162.0,4.0,963.0,116.0,1
0.0,3740.0,85.0,272.0,5.0,625.0,102.0,0
15.0,838.0,172.0,79.0,3.0,985.0,115.0,1
16.0,2821.0,209.0,58.0,6.0,398.0,97.0,0
15.0,1001.0,172.0,75.0,5.0,880.0,95.0,0
8.0,1491.0,61.0,173.0,3.0,741.0,139.0,0
15.0,2372.0,236.0,153.0,3.0,1090.0,70.0,1
10.0,3650.0,285.0,183.0,5.0,360.0,135.0,0
6.0,5504.0,16.0,48.0,6.0,831.0,99.0,1
1.0,1040.0,80.0,44.0,5.0,680.0,205.0,0
4.0,348.0,96.0,253.0,3.0,1080.0,385.0,1
2.0,54.0,249.0,14.0,3.0,1033.0,103.0,0
13.0,761.0,208.0,253.0,6.0,485.0,285.0,0
8.0,486.0,173.0,45.0,4.0,455.0,128.0,0
4.0,1197.0,35.0,96.0,1.0,1065.0,97.0,1
7.0,798.0,214.0,79.0,5.0,1146.0,138.0,0
8.0,959.0,45.0,104.0,3.0,1006.0,158.0,1
12.0,6688.0,136.0,79.0,4.0,595.0,96.0,0
13.0,697.0,79.0,153.0,5.0,608.0,123.0,0
12.0,6924.0,79.0,126.0,3.0,1295.0,51.0,0
8.0,1091.0,139.0,173.0,6.0,420.0,144.0,0
15.0,1944.0,202.0,252.0,1.0,545.0,125.0,1
15.0,479.0,75.0,13.0,4.0,1200.0,70.0,0
17.0,2692.0,177.0,60.0,1.0,360.0,105.0,0
9.0,1.0,154.0,128.0,3.0,540.0,350.0,1
5.0,115.0,16.0,197.0,6.0,1050.0,163.0,0
4.0,501.0,139.0,135.0,5.0,390.0,147.0,0
8.0,1270.0,76.0,173.0,4.0,390.0,146.0,0
8.0,163.0,16.0,260.0,7.0,725.0,207.0,0
4.0,1487.0,173.0,135.0,3.0,715.0,153.0,1
6.0,5570.0,16.0,278.0,6.0,665.0,73.0,0
6.0,5291.0,16.0,87.0,5.0,570.0,73.0,0
14.0,2048.0,78.0,35.0,5.0,1260.0,81.0,0
6.0,5042.0,177.0,216.0,1.0,540.0,140.0,0
15.0,1795.0,217.0,264.0,3.0,1240.0,75.0,1
15.0,1458.0,262.0,207.0,3.0,620.0,75.0,1
3.0,937.0,208.0,160.0,7.0,1055.0,267.0,0
5.0,2632.0,261.0,145.0,6.0,684.0,65.0,0
12.0,6225.0,208.0,84.0,1.0,1034.0,74.0,1
15.0,399.0,264.0,253.0,4.0,555.0,90.0,0
8.0,59.0,16.0,154.0,3.0,676.0,320.0,0
2.0,83.0,252.0,14.0,7.0,480.0,220.0,0
12.0,4570.0,262.0,261.0,3.0,1092.0,99.0,1
4.0,14.0,128.0,96.0,5.0,1180.0,570.0,1
2.0,675.0,79.0,252.0,7.0,725.0,172.0,0
5.0,1464.0,197.0,78.0,4.0,445.0,147.0,0
12.0,6667.0,179.0,253.0,4.0,439.0,105.0,0
15.0,1926.0,217.0,45.0,1.0,700.0,255.0,0
8.0,1121.0,104.0,139.0,4.0,720.0,166.0,0
3.0,146.0,213.0,148.0,6.0,360.0,152.0,0
6.0,5262.0,78.0,35.0,6.0,835.0,93.0,0
1.0,789.0,208.0,79.0,6.0,880.0,155.0,0
5.0,2226.0,104.0,16.0,3.0,610.0,110.0,0
13.0,379.0,134.0,173.0,3.0,499.0,147.0,0
17.0,7260.0,147.0,208.0,6.0,1040.0,157.0,1
14.0,1569.0,216.0,45.0,4.0,1085.0,59.0,0
14.0,254.0,217.0,216.0,5.0,480.0,263.0,0
15.0,1291.0,104.0,173.0,6.0,890.0,65.0,0
8.0,1155.0,241.0,139.0,5.0,955.0,150.0,0
6.0,5093.0,16.0,81.0,5.0,1319.0,60.0,0
15.0,1097.0,2.0,217.0,1.0,1010.0,80.0,1
15.0,1982.0,204.0,75.0,3.0,695.0,55.0,0
11.0,6421.0,96.0,71.0,3.0,385.0,140.0,1
14.0,974.0,60.0,197.0,4.0,460.0,167.0,0
1.0,404.0,183.0,173.0,7.0,385.0,60.0,0
10.0,4330.0,208.0,71.0,1.0,800.0,75.0,0
3.0,25.0,148.0,104.0,3.0,575.0,189.0,1
16.0,2066.0,234.0,135.0,1.0,845.0,200.0,1
5.0,2832.0,264.0,261.0,5.0,989.0,106.0,1
17.0,7239.0,22.0,208.0,7.0,878.0,162.0,0
4.0,8.0,96.0,35.0,4.0,1080.0,77.0,1
14.0,254.0,217.0,216.0,4.0,480.0,263.0,0
15.0,134.0,79.0,277.0,4.0,630.0,210.0,1
6.0,5268.0,85.0,90.0,1.0,1065.0,78.0,1
4.0,91.0,96.0,154.0,1.0,405.0,367.0,0
5.0,1206.0,135.0,16.0,7.0,1079.0,131.0,1
1.0,1067.0,61.0,80.0,4.0,1105.0,175.0,1
8.0,1203.0,175.0,241.0,7.0,810.0,164.0,0
14.0,2131.0,35.0,159.0,1.0,840.0,77.0,1
14.0,1505.0,60.0,217.0,7.0,451.0,288.0,1
6.0,4974.0,16.0,237.0,5.0,825.0,82.0,0
13.0,976.0,79.0,134.0,3.0,944.0,201.0,1
15.0,2790.0,129.0,279.0,5.0,455.0,80.0,0
13.0,340.0,79.0,216.0,7.0,1055.0,213.0,0
12.0,6291.0,91.0,154.0,4.0,958.0,137.0,0
1.0,829.0,80.0,65.0,4.0,1270.0,115.0,0
2.0,880.0,203.0,202.0,3.0,745.0,282.0,0
6.0,5066.0,16.0,121.0,5.0,755.0,53.0,0
14.0,2128.0,159.0,35.0,3.0,780.0,65.0,0
10.0,4619.0,159.0,233.0,3.0,535.0,110.0,1
15.0,324.0,79.0,172.0,4.0,620.0,90.0,1
16.0,2471.0,213.0,135.0,1.0,720.0,169.0,1
15.0,2807.0,2.0,129.0,3.0,895.0,120.0,0
16.0,2169.0,96.0,61.0,3.0,385.0,114.0,0
3.0,1416.0,160.0,18.0,4.0,720.0,165.0,0
8.0,731.0,184.0,197.0,3.0,900.0,73.0,1
8.0,861.0,16.0,173.0,6.0,805.0,89.0,1
10.0,3808.0,208.0,2.0,7.0,645.0,180.0,1
1.0,827.0,208.0,258.0,7.0,1140.0,280.0,1
15.0,2176.0,153.0,44.0,4.0,1215.0,60.0,1
1.0,1348.0,35.0,183.0,6.0,850.0,215.0,1
5.0,1263.0,16.0,184.0,7.0,793.0,121.0,0
16.0,2146.0,58.0,209.0,6.0,1090.0,87.0,0
15.0,167.0,244.0,154.0,4.0,1170.0,200.0,1
5.0,101.0,154.0,16.0,1.0,622.0,252.0,1
1.0,902.0,183.0,80.0,7.0,810.0,195.0,1
13.0,522.0,243.0,253.0,4.0,1155.0,100.0,1
4.0,298.0,79.0,135.0,1.0,785.0,138.0,1
15.0,2102.0,153.0,258.0,3.0,385.0,85.0,0
15.0,200.0,45.0,79.0,3.0,395.0,255.0,0
6.0,7095.0,120.0,134.0,1.0,380.0,67.0,0
17.0,7259.0,228.0,208.0,4.0,748.0,167.0,0
3.0,7.0,43.0,148.0,1.0,1018.0,92.0,1
15.0,3834.0,182.0,277.0,3.0,1040.0,215.0,1
10.0,4071.0,208.0,290.0,5.0,790.0,105.0,0
17.0,2775.0,217.0,194.0,7.0,659.0,114.0,0
12.0,4720.0,197.0,112.0,7.0,790.0,75.0,1
0.0,3653.0,16.0,135.0,1.0,645.0,151.0,0
10.0,4093.0,117.0,208.0,5.0,420.0,65.0,0
15.0,3655.0,277.0,268.0,5.0,1080.0,150.0,0
14.0,1729.0,60.0,173.0,5.0,688.0,91.0,1
15.0,690.0,45.0,12.0,4.0,750.0,70.0,1
15.0,692.0,153.0,207.0,5.0,1025.0,55.0,1
15.0,1642.0,33.0,243.0,1.0,830.0,280.0,1
13.0,529.0,134.0,208.0,5.0,1185.0,133.0,0
5.0,2272.0,277.0,16.0,4.0,510.0,100.0,0
6.0,4959.0,16.0,4.0,6.0,1236.0,55.0,1
4.0,1011.0,96.0,135.0,3.0,530.0,255.0,1
5.0,2103.0,16.0,153.0,1.0,580.0,281.0,1
15.0,960.0,45.0,228.0,3.0,910.0,70.0,1
15.0,112.0,217.0,2.0,3.0,525.0,65.0,0
4.0,757.0,58.0,153.0,6.0,1110.0,267.0,0
0.0,4004.0,197.0,84.0,5.0,620.0,71.0,0
5.0,1636.0,85.0,45.0,7.0,1305.0,91.0,1
5.0,2091.0,16.0,277.0,6.0,665.0,92.0,1
15.0,1189.0,198.0,277.0,6.0,505.0,85.0,0
6.0,5165.0,16.0,33.0,3.0,450.0,69.0,0
12.0,6582.0,253.0,51.0,4.0,960.0,93.0,0
12.0,4720.0,197.0,112.0,5.0,790.0,75.0,1
10.0,3266.0,41.0,80.0,7.0,640.0,85.0,0
15.0,1569.0,268.0,217.0,3.0,735.0,215.0,1
1.0,1021.0,208.0,153.0,7.0,570.0,235.0,0
13.0,554.0,243.0,134.0,6.0,780.0,290.0,1
15.0,812.0,45.0,228.0,3.0,465.0,70.0,0
12.0,6986.0,281.0,208.0,6.0,656.0,79.0,0
16.0,2225.0,204.0,135.0,4.0,810.0,84.0,0
1.0,1528.0,253.0,80.0,3.0,990.0,205.0,0
13.0,623.0,78.0,208.0,3.0,952.0,125.0,0
8.0,174.0,241.0,16.0,1.0,925.0,101.0,0
10.0,4228.0,208.0,254.0,3.0,760.0,95.0,0
15.0,870.0,75.0,18.0,5.0,575.0,55.0,0
6.0,5440.0,16.0,115.0,3.0,898.0,76.0,0
5.0,252.0,104.0,85.0,3.0,692.0,188.0,1
0.0,4044.0,174.0,85.0,4.0,990.0,104.0,1
16.0,2495.0,27.0,135.0,3.0,790.0,110.0,0
14.0,1460.0,253.0,60.0,1.0,675.0,288.0,1
15.0,1229.0,45.0,33.0,7.0,950.0,120.0,1
15.0,30.0,216.0,129.0,7.0,600.0,240.0,0
15.0,257.0,147.0,129.0,1.0,930.0,150.0,1
15.0,119.0,175.0,216.0,7.0,460.0,125.0,1
15.0,339.0,202.0,243.0,4.0,635.0,90.0,1
14.0,433.0,153.0,216.0,3.0,420.0,280.0,0
6.0,5604.0,146.0,177.0,7.0,1000.0,60.0,0
14.0,1431.0,60.0,154.0,1.0,465.0,322.0,1
14.0,29.0,16.0,217.0,3.0,690.0,261.0,1
5.0,1324.0,16.0,234.0,6.0,585.0,103.0,1
6.0,7125.0,43.0,134.0,3.0,870.0,74.0,0
5.0,2023.0,35.0,85.0,7.0,537.0,148.0,0
8.0,865.0,173.0,97.0,4.0,666.0,68.0,0
13.0,219.0,173.0,134.0,3.0,719.0,131.0,0
6.0,5214.0,16.0,58.0,4.0,590.0,112.0,0
1.0,1020.0,80.0,198.0,6.0,710.0,80.0,0
16.0,2359.0,96.0,208.0,1.0,510.0,170.0,0
7.0,358.0,79.0,277.0,1.0,700.0,204.0,1
15.0,578.0,154.0,280.0,4.0,1155.0,75.0,1
15.0,3224.0,175.0,18.0,5.0,575.0,170.0,0
14.0,1458.0,60.0,148.0,4.0,1329.0,114.0,0
4.0,1758.0,135.0,78.0,7.0,1060.0,165.0,1
3.0,247.0,202.0,160.0,1.0,360.0,77.0,0
8.0,942.0,238.0,45.0,7.0,360.0,83.0,0
5.0,2613.0,285.0,16.0,5.0,390.0,64.0,0
7.0,561.0,79.0,243.0,6.0,790.0,137.0,0
13.0,782.0,2.0,134.0,7.0,485.0,223.0,1
14.0,846.0,60.0,216.0,7.0,785.0,101.0,1
2.0,187.0,14.0,98.0,1.0,835.0,58.0,0
1.0,827.0,35.0,208.0,5.0,965.0,180.0,1
15.0,2622.0,35.0,216.0,5.0,1220.0,100.0,0
13.0,166.0,154.0,35.0,6.0,1348.0,336.0,0
5.0,1126.0,16.0,76.0,4.0,841.0,94.0,0
5.0,2532.0,173.0,35.0,4.0,665.0,172.0,0
6.0,5136.0,101.0,16.0,4.0,420.0,97.0,0
15.0,1423.0,141.0,45.0,1.0,1040.0,70.0,0
15.0,1322.0,252.0,217.0,6.0,730.0,170.0,1
10.0,4567.0,159.0,33.0,1.0,500.0,155.0,0
13.0,372.0,80.0,208.0,6.0,873.0,140.0,1
16.0,2527.0,96.0,120.0,1.0,727.0,101.0,0
12.0,6650.0,34.0,253.0,4.0,1058.0,105.0,1
12.0,6871.0,192.0,79.0,4.0,948.0,97.0,0
5.0,2646.0,217.0,16.0,5.0,420.0,208.0,0
0.0,3807.0,121.0,85.0,3.0,571.0,114.0,1
10.0,3230.0,80.0,283.0,6.0,575.0,55.0,0
15.0,354.0,79.0,18.0,1.0,845.0,125.0,1
1.0,1483.0,233.0,80.0,3.0,915.0,195.0,1
12.0,6858.0,172.0,79.0,6.0,727.0,114.0,0
4.0,41.0,96.0,154.0,5.0,915.0,370.0,0
1.0,1635.0,148.0,260.0,1.0,905.0,250.0,1
12.0,6765.0,46.0,79.0,3.0,826.0,104.0,0
10.0,3900.0,208.0,22.0,4.0,725.0,125.0,0
2.0,105.0,252.0,14.0,5.0,1045.0,220.0,1
15.0,1553.0,268.0,197.0,6.0,680.0,90.0,1
9.0,11.0,253.0,128.0,1.0,520.0,335.0,1
3.0,1275.0,35.0,173.0,7.0,420.0,194.0,1
1.0,1.0,148.0,154.0,1.0,550.0,385.0,0
10.0,3977.0,208.0,56.0,4.0,580.0,65.0,0
3.0,68.0,104.0,148.0,3.0,360.0,160.0,1
8.0,529.0,16.0,177.0,3.0,1103.0,81.0,0
13.0,75.0,253.0,128.0,4.0,759.0,319.0,0
8.0,436.0,16.0,184.0,3.0,771.0,119.0,0
5.0,2320.0,213.0,16.0,3.0,345.0,113.0,0
11.0,6373.0,146.0,78.0,6.0,421.0,134.0,0
14.0,1497.0,198.0,60.0,5.0,460.0,106.0,0
14.0,1579.0,216.0,60.0,5.0,1035.0,103.0,0
4.0,734.0,217.0,96.0,7.0,442.0,270.0,0
15.0,826.0,34.0,261.0,5.0,1110.0,60.0,0
3.0,907.0,148.0,208.0,7.0,535.0,164.0,1
4.0,1527.0,45.0,135.0,4.0,890.0,212.0,0
5.0,1316.0,79.0,16.0,1.0,707.0,173.0,1
11.0,6303.0,78.0,268.0,5.0,410.0,142.0,1
15.0,882.0,45.0,209.0,3.0,855.0,50.0,1
5.0,2176.0,173.0,159.0,5.0,560.0,159.0,0
1.0,1468.0,80.0,177.0,5.0,535.0,85.0,0
8.0,539.0,217.0,16.0,1.0,845.0,203.0,0
12.0,6285.0,179.0,79.0,6.0,360.0,155.0,0
15.0,958.0,79.0,279.0,3.0,840.0,90.0,1
15.0,2445.0,258.0,44.0,3.0,1130.0,60.0,1
4.0,317.0,198.0,96.0,3.0,600.0,175.0,1
5.0,2344.0,153.0,71.0,4.0,10.0,215.0,0
0.0,4151.0,61.0,233.0,1.0,857.0,93.0,1
5.0,1156.0,175.0,16.0,1.0,480.0,114.0,1
10.0,3284.0,80.0,41.0,3.0,1335.0,75.0,0
15.0,945.0,216.0,233.0,3.0,675.0,80.0,1
0.0,4362.0,85.0,221.0,1.0,600.0,70.0,0
3.0,139.0,148.0,241.0,6.0,990.0,203.0,0
11.0,6364.0,35.0,148.0,6.0,735.0,90.0,0
15.0,3511.0,154.0,261.0,4.0,885.0,110.0,0
8.0,291.0,16.0,129.0,6.0,771.0,136.0,0
12.0,4497.0,18.0,261.0,3.0,850.0,169.0,1
10.0,4133.0,208.0,221.0,6.0,1000.0,90.0,1
16.0,2770.0,135.0,213.0,7.0,825.0,144.0,0
15.0,2903.0,258.0,243.0,1.0,395.0,80.0,0
15.0,2188.0,104.0,233.0,6.0,610.0,125.0,0
10.0,4121.0,208.0,278.0,6.0,785.0,115.0,1
12.0,3075.0,184.0,139.0,5.0,1195.0,62.0,0
0.0,4086.0,197.0,136.0,3.0,865.0,110.0,0
6.0,5140.0,146.0,85.0,5.0,940.0,130.0,0
3.0,1051.0,148.0,221.0,3.0,490.0,97.0,0
1.0,711.0,104.0,208.0,1.0,725.0,200.0,0
14.0,457.0,217.0,261.0,6.0,670.0,101.0,0
10.0,3239.0,61.0,80.0,4.0,560.0,185.0,1
15.0,20.0,153.0,243.0,7.0,890.0,65.0,1
6.0,5525.0,58.0,16.0,7.0,732.0,112.0,1
4.0,360.0,96.0,244.0,7.0,565.0,280.0,0
0.0,3682.0,85.0,152.0,6.0,1035.0,46.0,1
6.0,7079.0,85.0,134.0,1.0,877.0,90.0,1
8.0,1581.0,30.0,16.0,4.0,704.0,94.0,0
15.0,389.0,198.0,33.0,4.0,785.0,85.0,0
12.0,6614.0,224.0,79.0,3.0,875.0,131.0,1
12.0,6974.0,230.0,79.0,1.0,480.0,76.0,0
13.0,947.0,134.0,173.0,6.0,1055.0,139.0,1
1.0,1878.0,262.0,80.0,1.0,360.0,205.0,0
1.0,682.0,183.0,148.0,1.0,895.0,185.0,1
15.0,264.0,268.0,277.0,3.0,590.0,135.0,1
15.0,593.0,45.0,139.0,3.0,1270.0,110.0,1
6.0,5076.0,204.0,16.0,4.0,648.0,125.0,1
14.0,57.0,153.0,217.0,6.0,390.0,74.0,0
12.0,6842.0,134.0,80.0,1.0,1006.0,214.0,0
0.0,3898.0,94.0,85.0,6.0,615.0,89.0,0
10.0,3353.0,80.0,13.0,1.0,1045.0,70.0,1
5.0,1183.0,209.0,16.0,7.0,405.0,135.0,0
6.0,4939.0,278.0,16.0,1.0,611.0,70.0,0
0.0,4094.0,221.0,197.0,4.0,538.0,162.0,0
13.0,721.0,79.0,253.0,1.0,678.0,174.0,0
17.0,2896.0,217.0,83.0,3.0,965.0,104.0,0
4.0,1455.0,213.0,96.0,4.0,437.0,163.0,0
1.0,1492.0,80.0,173.0,4.0,1120.0,140.0,1
1.0,1954.0,154.0,253.0,7.0,890.0,80.0,1
5.0,1505.0,85.0,173.0,1.0,735.0,160.0,1
10.0,3457.0,58.0,80.0,6.0,705.0,180.0,0
5.0,109.0,16.0,173.0,3.0,1085.0,94.0,1
2.0,530.0,252.0,207.0,1.0,430.0,147.0,0
5.0,2250.0,153.0,197.0,4.0,950.0,187.0,0
12.0,4489.0,65.0,261.0,7.0,385.0,95.0,0
5.0,1126.0,116.0,16.0,3.0,654.0,78.0,1
3.0,1278.0,234.0,35.0,3.0,402.0,93.0,0
1.0,1810.0,80.0,60.0,1.0,510.0,135.0,0
17.0,2617.0,177.0,60.0,7.0,455.0,102.0,0
1.0,443.0,159.0,183.0,6.0,1100.0,205.0,0
15.0,779.0,173.0,104.0,1.0,560.0,60.0,0
16.0,2533.0,85.0,96.0,6.0,679.0,102.0,0
2.0,62.0,257.0,151.0,6.0,722.0,53.0,0
1.0,2015.0,85.0,183.0,5.0,895.0,190.0,0
1.0,2036.0,80.0,172.0,6.0,1015.0,95.0,1
6.0,7122.0,223.0,134.0,1.0,500.0,127.0,0
6.0,5374.0,16.0,87.0,3.0,510.0,78.0,0
2.0,683.0,208.0,214.0,5.0,1020.0,265.0,0
15.0,214.0,79.0,153.0,1.0,530.0,120.0,0
14.0,1712.0,60.0,78.0,3.0,785.0,74.0,0
3.0,1255.0,35.0,134.0,1.0,973.0,99.0,1
5.0,1192.0,261.0,78.0,3.0,620.0,240.0,1
14.0,1510.0,60.0,216.0,5.0,454.0,97.0,0
12.0,4515.0,261.0,208.0,4.0,675.0,189.0,0
12.0,7032.0,154.0,292.0,3.0,771.0,70.0,0
15.0,1021.0,129.0,18.0,4.0,735.0,45.0,1
4.0,37.0,96.0,173.0,4.0,809.0,171.0,1
10.0,2813.0,80.0,230.0,1.0,735.0,145.0,0
8.0,177.0,16.0,241.0,3.0,789.0,93.0,0
12.0,4580.0,154.0,261.0,6.0,678.0,107.0,1
1.0,366.0,208.0,159.0,1.0,855.0,125.0,1
15.0,1685.0,258.0,243.0,3.0,1225.0,75.0,0
14.0,1989.0,60.0,241.0,4.0,565.0,118.0,1
17.0,7246.0,60.0,208.0,6.0,1092.0,133.0,1
7.0,618.0,79.0,139.0,3.0,690.0,137.0,0
13.0,319.0,134.0,154.0,4.0,504.0,347.0,0
10.0,2988.0,80.0,11.0,4.0,1130.0,130.0,0
0.0,4052.0,75.0,177.0,1.0,380.0,88.0,0
13.0,549.0,216.0,208.0,3.0,585.0,144.0,0
9.0,135.0,203.0,128.0,4.0,908.0,34.0,0
14.0,367.0,78.0,217.0,4.0,630.0,309.0,0
5.0,2150.0,252.0,261.0,3.0,623.0,113.0,1
8.0,1240.0,173.0,19.0,6.0,540.0,89.0,0
12.0,6355.0,154.0,246.0,3.0,966.0,44.0,0
7.0,426.0,79.0,16.0,5.0,1145.0,164.0,0
15.0,899.0,79.0,22.0,1.0,1020.0,225.0,1
11.0,6291.0,35.0,233.0,6.0,420.0,145.0,1
16.0,5970.0,208.0,139.0,3.0,457.0,55.0,1
5.0,1209.0,35.0,261.0,5.0,390.0,342.0,0
15.0,1590.0,45.0,43.0,5.0,1050.0,70.0,1
5.0,201.0,16.0,173.0,6.0,480.0,86.0,0
15.0,973.0,45.0,159.0,5.0,1060.0,75.0,1
15.0,218.0,258.0,44.0,1.0,1050.0,60.0,0
15.0,2712.0,175.0,252.0,5.0,1145.0,285.0,1
5.0,1737.0,45.0,85.0,6.0,585.0,95.0,1
12.0,6335.0,154.0,243.0,7.0,915.0,45.0,0
1.0,563.0,290.0,80.0,5.0,930.0,75.0,1
10.0,3096.0,243.0,154.0,3.0,1255.0,50.0,0
16.0,2244.0,221.0,96.0,6.0,745.0,112.0,0
4.0,147.0,208.0,135.0,1.0,585.0,164.0,1
12.0,4680.0,280.0,261.0,7.0,508.0,115.0,1
5.0,2617.0,177.0,154.0,5.0,1170.0,258.0,0
2.0,373.0,262.0,252.0,3.0,780.0,110.0,0
4.0,359.0,78.0,135.0,4.0,1055.0,207.0,1
15.0,2466.0,202.0,207.0,1.0,1045.0,70.0,1
8.0,968.0,16.0,7.0,6.0,1260.0,116.0,0
12.0,6489.0,55.0,253.0,7.0,616.0,65.0,1
1.0,1922.0,2.0,80.0,7.0,425.0,105.0,0
1.0,541.0,80.0,91.0,4.0,1075.0,105.0,0
10.0,3923.0,107.0,208.0,5.0,390.0,105.0,0
13.0,581.0,79.0,134.0,1.0,517.0,198.0,0
15.0,1079.0,244.0,91.0,3.0,1120.0,95.0,1
15.0,1884.0,217.0,202.0,7.0,915.0,125.0,1
0.0,4230.0,85.0,25.0,5.0,630.0,85.0,0
5.0,1024.0,16.0,60.0,6.0,585.0,85.0,0
6.0,5088.0,16.0,132.0,3.0,600.0,67.0,1
5.0,2248.0,85.0,159.0,1.0,925.0,112.0,1
12.0,6253.0,79.0,28.0,6.0,1137.0,93.0,0
0.0,3983.0,85.0,61.0,7.0,725.0,58.0,1
5.0,1053.0,172.0,16.0,4.0,765.0,120.0,0
7.0,266.0,79.0,264.0,3.0,1270.0,140.0,0
12.0,6371.0,110.0,79.0,6.0,448.0,92.0,0
15.0,2038.0,45.0,129.0,3.0,1060.0,220.0,1
10.0,3956.0,56.0,208.0,3.0,515.0,65.0,0
15.0,1063.0,244.0,91.0,7.0,420.0,90.0,0
15.0,1155.0,172.0,33.0,4.0,775.0,85.0,0
16.0,2298.0,139.0,96.0,7.0,1145.0,118.0,1
15.0,548.0,147.0,209.0,1.0,970.0,90.0,1
17.0,7267.0,208.0,16.0,4.0,585.0,118.0,0
0.0,3798.0,85.0,0.0,4.0,630.0,92.0,0
0.0,4266.0,197.0,119.0,5.0,635.0,87.0,0
1.0,520.0,262.0,80.0,6.0,900.0,200.0,0
15.0,1117.0,129.0,175.0,5.0,590.0,145.0,0
13.0,860.0,134.0,35.0,6.0,519.0,96.0,0
15.0,1739.0,45.0,35.0,3.0,1065.0,85.0,1
0.0,4334.0,147.0,71.0,4.0,960.0,122.0,0
15.0,1218.0,2.0,153.0,4.0,410.0,100.0,1
10.0,2739.0,80.0,170.0,6.0,1005.0,75.0,0
1.0,1506.0,183.0,35.0,1.0,820.0,185.0,0
3.0,330.0,173.0,22.0,4.0,1215.0,149.0,0
12.0,4754.0,207.0,261.0,7.0,780.0,104.0,1
15.0,3496.0,217.0,202.0,7.0,590.0,125.0,1
11.0,6457.0,209.0,71.0,3.0,392.0,121.0,0
1.0,30.0,154.0,148.0,5.0,1425.0,314.0,0
8.0,950.0,45.0,119.0,1.0,620.0,105.0,0
14.0,1777.0,35.0,60.0,3.0,1015.0,145.0,1
8.0,170.0,241.0,16.0,3.0,686.0,109.0,1
11.0,6262.0,268.0,16.0,6.0,530.0,95.0,0
5.0,2405.0,85.0,184.0,3.0,515.0,75.0,1
14.0,1539.0,159.0,60.0,5.0,390.0,127.0,0
5.0,734.0,16.0,233.0,4.0,596.0,98.0,0
14.0,2114.0,159.0,35.0,3.0,360.0,62.0,1
5.0,2062.0,85.0,213.0,5.0,720.0,182.0,1
6.0,5334.0,4.0,16.0,6.0,665.0,60.0,0
5.0,685.0,241.0,85.0,5.0,828.0,171.0,0
15.0,220.0,129.0,170.0,4.0,530.0,85.0,0
16.0,2150.0,58.0,119.0,5.0,550.0,59.0,0
13.0,360.0,208.0,134.0,5.0,666.0,109.0,0
11.0,6474.0,197.0,148.0,6.0,915.0,183.0,1
10.0,2995.0,84.0,80.0,5.0,1005.0,125.0,0
2.0,62.0,257.0,151.0,3.0,722.0,53.0,0
2.0,55.0,14.0,98.0,7.0,360.0,58.0,0
16.0,2505.0,58.0,234.0,3.0,925.0,74.0,0
15.0,1592.0,33.0,175.0,3.0,1200.0,85.0,0
5.0,2253.0,197.0,252.0,5.0,1055.0,223.0,1
16.0,2349.0,184.0,135.0,5.0,435.0,186.0,1
3.0,130.0,148.0,43.0,7.0,1110.0,93.0,1
12.0,6294.0,83.0,79.0,5.0,1059.0,63.0,0
12.0,4597.0,79.0,261.0,3.0,435.0,97.0,0
12.0,4855.0,28.0,261.0,3.0,700.0,80.0,0
1.0,1002.0,79.0,80.0,7.0,365.0,125.0,0
9.0,124.0,161.0,128.0,3.0,520.0,30.0,0
6.0,5586.0,288.0,16.0,5.0,765.0,80.0,1
9.0,203.0,128.0,161.0,5.0,755.0,37.0,0
15.0,1047.0,153.0,264.0,4.0,1250.0,65.0,0
15.0,3067.0,175.0,172.0,5.0,1135.0,90.0,1
15.0,581.0,147.0,277.0,4.0,1000.0,55.0,1
16.0,3023.0,96.0,209.0,7.0,895.0,79.0,0
15.0,3762.0,75.0,91.0,1.0,650.0,105.0,1
5.0,1211.0,85.0,197.0,6.0,445.0,125.0,0
10.0,3738.0,208.0,96.0,4.0,875.0,144.0,1
16.0,2458.0,33.0,135.0,4.0,695.0,129.0,0
10.0,3947.0,208.0,285.0,1.0,750.0,90.0,1
3.0,1224.0,233.0,35.0,1.0,360.0,101.0,0
12.0,6756.0,44.0,253.0,3.0,1241.0,79.0,0
14.0,96.0,221.0,216.0,4.0,1245.0,71.0,0
14.0,486.0,217.0,79.0,7.0,585.0,109.0,0
4.0,1157.0,96.0,208.0,1.0,435.0,163.0,0
1.0,73.0,208.0,128.0,1.0,670.0,560.0,0
12.0,4843.0,261.0,127.0,1.0,905.0,84.0,0
10.0,4451.0,233.0,78.0,3.0,670.0,60.0,0
5.0,142.0,253.0,85.0,7.0,547.0,273.0,0
0.0,4210.0,177.0,268.0,5.0,1180.0,75.0,0
17.0,2903.0,246.0,217.0,6.0,385.0,91.0,0
0.0,4022.0,177.0,285.0,3.0,1132.0,79.0,0
5.0,2210.0,80.0,16.0,1.0,1020.0,125.0,0
7.0,38.0,252.0,79.0,7.0,375.0,154.0,0
16.0,2298.0,139.0,96.0,5.0,1145.0,118.0,1
10.0,2822.0,80.0,275.0,7.0,810.0,120.0,0
15.0,2470.0,243.0,79.0,5.0,1165.0,140.0,1
11.0,6455.0,16.0,52.0,1.0,500.0,65.0,0
8.0,203.0,16.0,48.0,6.0,1040.0,96.0,0
13.0,387.0,45.0,79.0,6.0,425.0,248.0,0
15.0,944.0,75.0,170.0,3.0,895.0,70.0,1
1.0,1218.0,80.0,27.0,5.0,905.0,95.0,0
10.0,4505.0,35.0,159.0,4.0,630.0,75.0,0
15.0,647.0,75.0,2.0,5.0,745.0,110.0,1
15.0,626.0,277.0,104.0,6.0,1150.0,55.0,0
15.0,1485.0,79.0,172.0,6.0,1055.0,95.0,1
15.0,201.0,75.0,129.0,3.0,390.0,60.0,0
8.0,1596.0,277.0,116.0,5.0,999.0,95.0,1
5.0,1617.0,16.0,79.0,5.0,575.0,212.0,0
16.0,2691.0,96.0,45.0,7.0,1318.0,62.0,0
10.0,3231.0,13.0,80.0,7.0,1140.0,70.0,1
15.0,605.0,79.0,261.0,4.0,420.0,95.0,0
17.0,2674.0,154.0,153.0,5.0,990.0,64.0,0
5.0,1159.0,16.0,244.0,5.0,1170.0,163.0,0
13.0,83.0,154.0,128.0,7.0,850.0,361.0,0
16.0,2725.0,80.0,135.0,3.0,715.0,64.0,1
15.0,52.0,129.0,75.0,5.0,1140.0,60.0,1
15.0,607.0,45.0,43.0,7.0,715.0,65.0,1
16.0,3092.0,172.0,96.0,1.0,856.0,164.0,1
5.0,1299.0,154.0,150.0,1.0,845.0,355.0,0
12.0,6680.0,79.0,15.0,3.0,1298.0,47.0,0
15.0,1121.0,173.0,45.0,3.0,640.0,125.0,1
12.0,6301.0,236.0,154.0,4.0,393.0,86.0,1
16.0,2154.0,155.0,135.0,4.0,810.0,92.0,0
12.0,4784.0,261.0,197.0,5.0,1185.0,162.0,1
15.0,1438.0,207.0,79.0,6.0,445.0,135.0,0
5.0,1230.0,16.0,197.0,5.0,615.0,176.0,0
16.0,2026.0,135.0,268.0,4.0,445.0,121.0,1
8.0,1049.0,78.0,241.0,7.0,480.0,166.0,0
5.0,2136.0,80.0,197.0,1.0,1086.0,147.0,0
14.0,938.0,60.0,159.0,4.0,695.0,111.0,0
10.0,2822.0,80.0,275.0,5.0,810.0,120.0,0
3.0,1790.0,78.0,35.0,3.0,390.0,85.0,0
1.0,1082.0,153.0,208.0,4.0,740.0,220.0,0
11.0,6286.0,159.0,71.0,4.0,629.0,145.0,1
0.0,4322.0,197.0,166.0,3.0,680.0,52.0,0
14.0,1937.0,35.0,216.0,7.0,435.0,101.0,0
12.0,4441.0,102.0,261.0,5.0,735.0,95.0,0
16.0,2009.0,41.0,135.0,5.0,430.0,70.0,0
13.0,155.0,208.0,253.0,6.0,1256.0,300.0,0
15.0,309.0,277.0,172.0,4.0,500.0,175.0,0
12.0,6618.0,253.0,248.0,6.0,937.0,65.0,0
15.0,3585.0,173.0,228.0,4.0,510.0,155.0,0
14.0,1991.0,216.0,208.0,5.0,575.0,141.0,0
0.0,4056.0,197.0,251.0,5.0,940.0,119.0,0
5.0,2473.0,16.0,183.0,7.0,503.0,125.0,0
10.0,2782.0,157.0,80.0,3.0,385.0,160.0,1
15.0,1920.0,104.0,175.0,1.0,900.0,195.0,1
12.0,6307.0,79.0,85.0,4.0,1063.0,162.0,0
5.0,2173.0,16.0,183.0,3.0,650.0,115.0,1
13.0,346.0,208.0,221.0,7.0,1284.0,88.0,0
15.0,671.0,154.0,262.0,5.0,1220.0,80.0,1
15.0,1279.0,217.0,45.0,7.0,410.0,255.0,0
5.0,2192.0,277.0,85.0,4.0,510.0,158.0,0
15.0,1557.0,68.0,129.0,4.0,570.0,50.0,0
5.0,1737.0,45.0,85.0,7.0,582.0,98.0,0
4.0,580.0,153.0,58.0,1.0,410.0,230.0,0
13.0,7.0,148.0,253.0,6.0,490.0,414.0,0
12.0,4558.0,261.0,279.0,7.0,826.0,142.0,0
15.0,3575.0,172.0,153.0,7.0,1165.0,195.0,1
13.0,738.0,79.0,173.0,3.0,488.0,213.0,0
8.0,116.0,277.0,16.0,3.0,850.0,94.0,1
0.0,4197.0,85.0,84.0,4.0,740.0,115.0,0
13.0,191.0,173.0,208.0,7.0,645.0,176.0,0
16.0,3107.0,58.0,119.0,7.0,1250.0,60.0,1
5.0,2806.0,197.0,183.0,7.0,750.0,214.0,1
17.0,2942.0,60.0,234.0,7.0,865.0,63.0,0
6.0,5551.0,16.0,251.0,6.0,645.0,86.0,1
10.0,4275.0,195.0,208.0,6.0,360.0,55.0,0
5.0,1161.0,16.0,264.0,7.0,1130.0,306.0,0
10.0,2708.0,71.0,80.0,1.0,960.0,165.0,1
10.0,2934.0,157.0,80.0,4.0,745.0,150.0,0
14.0,1848.0,197.0,216.0,3.0,405.0,160.0,0
6.0,5258.0,16.0,106.0,6.0,965.0,119.0,1
16.0,3126.0,155.0,135.0,5.0,460.0,95.0,0
5.0,245.0,148.0,154.0,4.0,1140.0,390.0,1
15.0,883.0,141.0,213.0,5.0,440.0,180.0,1
11.0,6363.0,71.0,172.0,7.0,820.0,125.0,0
1.0,672.0,183.0,173.0,3.0,1105.0,60.0,1
10.0,2940.0,1.0,80.0,7.0,395.0,50.0,0
13.0,41.0,253.0,161.0,3.0,567.0,342.0,1
5.0,1457.0,261.0,252.0,7.0,845.0,130.0,1
14.0,1086.0,173.0,60.0,5.0,1035.0,98.0,1
15.0,755.0,175.0,268.0,7.0,765.0,65.0,1
14.0,678.0,217.0,34.0,5.0,1270.0,130.0,0
0.0,4156.0,147.0,177.0,7.0,715.0,118.0,0
10.0,4607.0,159.0,233.0,1.0,1080.0,105.0,0
15.0,3011.0,198.0,173.0,6.0,785.0,100.0,1
10.0,3238.0,59.0,80.0,3.0,725.0,55.0,0
11.0,6381.0,148.0,35.0,7.0,1210.0,96.0,1
1.0,2337.0,208.0,80.0,3.0,940.0,155.0,1
11.0,6609.0,148.0,234.0,6.0,666.0,90.0,0
5.0,2522.0,183.0,197.0,6.0,1070.0,240.0,0
15.0,422.0,45.0,241.0,1.0,620.0,165.0,0
15.0,1279.0,173.0,129.0,4.0,1125.0,155.0,0
16.0,2552.0,117.0,58.0,7.0,965.0,78.0,0
6.0,5425.0,87.0,16.0,5.0,553.0,71.0,0
6.0,5513.0,177.0,180.0,7.0,860.0,65.0,0
8.0,1100.0,61.0,241.0,7.0,440.0,159.0,0
1.0,1077.0,80.0,253.0,6.0,470.0,230.0,0
15.0,250.0,104.0,173.0,1.0,390.0,55.0,0
5.0,1140.0,16.0,139.0,7.0,1130.0,96.0,1
5.0,693.0,261.0,253.0,7.0,1200.0,121.0,1
7.0,376.0,79.0,184.0,5.0,1070.0,133.0,1
2.0,2.0,252.0,78.0,6.0,855.0,284.0,0
12.0,6478.0,208.0,119.0,6.0,484.0,48.0,1
2.0,121.0,252.0,14.0,3.0,1425.0,223.0,0
15.0,2254.0,202.0,79.0,3.0,1005.0,140.0,0
1.0,469.0,268.0,183.0,7.0,710.0,160.0,0
1.0,2450.0,154.0,80.0,1.0,915.0,175.0,0
15.0,1548.0,202.0,154.0,1.0,1080.0,75.0,1
15.0,2278.0,198.0,79.0,1.0,1075.0,180.0,1
17.0,2611.0,60.0,54.0,7.0,985.0,65.0,0
3.0,583.0,130.0,104.0,4.0,525.0,179.0,1
16.0,2214.0,135.0,27.0,5.0,1095.0,93.0,0
6.0,7137.0,47.0,134.0,3.0,1167.0,83.0,0
17.0,7305.0,60.0,134.0,3.0,367.0,79.0,0
0.0,4200.0,285.0,71.0,6.0,435.0,65.0,0
7.0,654.0,253.0,79.0,1.0,654.0,146.0,1
2.0,151.0,206.0,14.0,4.0,606.0,89.0,1
14.0,1247.0,213.0,216.0,7.0,830.0,157.0,0
14.0,484.0,79.0,216.0,7.0,425.0,210.0,0
5.0,1274.0,197.0,96.0,3.0,920.0,160.0,1
14.0,1177.0,60.0,147.0,1.0,795.0,81.0,0
10.0,2791.0,80.0,116.0,5.0,535.0,90.0,0
15.0,1660.0,202.0,154.0,7.0,1015.0,75.0,1
8.0,678.0,173.0,184.0,7.0,1199.0,177.0,0
0.0,4184.0,177.0,221.0,5.0,1132.0,116.0,0
14.0,1724.0,147.0,78.0,3.0,1120.0,104.0,1
15.0,1381.0,85.0,175.0,4.0,790.0,65.0,1
1.0,406.0,208.0,18.0,5.0,1085.0,170.0,0
0.0,3675.0,139.0,85.0,5.0,695.0,83.0,0
16.0,3069.0,131.0,135.0,6.0,670.0,67.0,0
1.0,2353.0,208.0,80.0,7.0,1180.0,150.0,0
14.0,1159.0,78.0,173.0,1.0,515.0,147.0,0
5.0,1106.0,252.0,261.0,5.0,360.0,120.0,0
3.0,435.0,35.0,173.0,6.0,820.0,193.0,1
10.0,3925.0,157.0,208.0,1.0,910.0,90.0,0
10.0,4289.0,52.0,208.0,1.0,1035.0,110.0,1
10.0,2751.0,254.0,80.0,3.0,405.0,95.0,0
16.0,2856.0,38.0,135.0,1.0,450.0,84.0,1
5.0,1825.0,45.0,16.0,4.0,510.0,120.0,1
16.0,3033.0,135.0,13.0,4.0,860.0,96.0,0
9.0,342.0,128.0,143.0,3.0,498.0,50.0,0
10.0,3262.0,165.0,80.0,7.0,700.0,80.0,0
15.0,517.0,217.0,202.0,7.0,1050.0,125.0,1
1.0,705.0,159.0,80.0,4.0,365.0,250.0,0
10.0,4591.0,159.0,197.0,6.0,660.0,180.0,0
9.0,122.0,128.0,143.0,7.0,462.0,50.0,0
17.0,7280.0,208.0,42.0,4.0,794.0,116.0,0
2.0,354.0,252.0,202.0,4.0,1225.0,124.0,0
8.0,564.0,16.0,32.0,7.0,1325.0,109.0,1
7.0,817.0,79.0,172.0,3.0,1150.0,93.0,0
12.0,6423.0,214.0,252.0,4.0,1050.0,52.0,0
8.0,1452.0,130.0,213.0,4.0,965.0,179.0,0
4.0,269.0,253.0,135.0,5.0,15.0,205.0,1
10.0,4329.0,148.0,71.0,5.0,1020.0,145.0,0
15.0,2372.0,236.0,153.0,5.0,1090.0,70.0,1
11.0,6560.0,208.0,148.0,5.0,360.0,133.0,1
1.0,1195.0,80.0,18.0,6.0,1280.0,55.0,0
1.0,1285.0,134.0,80.0,4.0,690.0,205.0,0
7.0,466.0,184.0,219.0,6.0,458.0,165.0,1
16.0,2377.0,84.0,135.0,3.0,385.0,150.0,0
8.0,706.0,76.0,16.0,3.0,1118.0,99.0,1
10.0,3769.0,16.0,208.0,1.0,570.0,125.0,1
16.0,2412.0,135.0,204.0,5.0,1175.0,88.0,1
15.0,2840.0,44.0,217.0,6.0,450.0,80.0,1
10.0,3023.0,154.0,243.0,4.0,1020.0,45.0,0
1.0,1794.0,100.0,80.0,5.0,405.0,195.0,0
15.0,2010.0,175.0,79.0,3.0,1045.0,165.0,1
11.0,6495.0,148.0,135.0,5.0,1230.0,252.0,0
5.0,1235.0,96.0,261.0,5.0,420.0,327.0,1
12.0,6512.0,227.0,154.0,5.0,377.0,47.0,0
15.0,2985.0,261.0,153.0,6.0,410.0,85.0,1
14.0,2130.0,159.0,35.0,5.0,840.0,66.0,0
17.0,7238.0,208.0,147.0,5.0,360.0,135.0,0
0.0,4278.0,13.0,177.0,5.0,965.0,120.0,0
15.0,1677.0,154.0,253.0,3.0,1240.0,75.0,1
17.0,2978.0,253.0,153.0,6.0,420.0,85.0,0
12.0,7755.0,49.0,261.0,6.0,546.0,74.0,1
16.0,5954.0,208.0,238.0,7.0,418.0,94.0,0
0.0,4143.0,85.0,234.0,4.0,443.0,112.0,1
15.0,1414.0,217.0,153.0,1.0,870.0,65.0,1
15.0,1483.0,44.0,258.0,6.0,555.0,65.0,0
6.0,7120.0,159.0,134.0,3.0,1001.0,84.0,1
5.0,2718.0,173.0,16.0,5.0,1110.0,100.0,1
4.0,189.0,58.0,217.0,5.0,540.0,270.0,0
12.0,6575.0,179.0,253.0,4.0,621.0,75.0,1
4.0,556.0,154.0,58.0,3.0,580.0,262.0,1
5.0,1687.0,197.0,243.0,7.0,550.0,233.0,1
6.0,4967.0,32.0,16.0,7.0,1121.0,108.0,1
13.0,8.0,264.0,253.0,1.0,405.0,101.0,0
10.0,2767.0,80.0,288.0,5.0,630.0,105.0,0
12.0,6443.0,208.0,204.0,6.0,499.0,130.0,1
16.0,2367.0,76.0,135.0,1.0,398.0,171.0,1
15.0,837.0,252.0,262.0,5.0,950.0,105.0,0
1.0,1195.0,80.0,18.0,7.0,1280.0,55.0,1
8.0,1016.0,35.0,173.0,6.0,703.0,205.0,1
10.0,2930.0,80.0,256.0,1.0,1090.0,55.0,0
3.0,525.0,96.0,173.0,5.0,841.0,165.0,1
5.0,385.0,16.0,245.0,5.0,1300.0,67.0,1
12.0,6935.0,262.0,6.0,5.0,417.0,64.0,0
15.0,429.0,79.0,175.0,1.0,990.0,145.0,0
15.0,2102.0,217.0,228.0,3.0,760.0,290.0,1
6.0,5442.0,96.0,177.0,4.0,640.0,190.0,1
10.0,3025.0,154.0,243.0,4.0,400.0,45.0,0
15.0,521.0,268.0,175.0,5.0,780.0,60.0,1
4.0,1501.0,96.0,104.0,7.0,1145.0,189.0,1
16.0,2495.0,27.0,135.0,6.0,785.0,109.0,0
6.0,5440.0,115.0,16.0,7.0,999.0,85.0,0
16.0,5951.0,48.0,208.0,5.0,345.0,95.0,0
15.0,216.0,154.0,217.0,1.0,645.0,75.0,1
15.0,2276.0,153.0,261.0,4.0,400.0,80.0,0
14.0,754.0,16.0,216.0,6.0,890.0,129.0,0
15.0,1006.0,2.0,91.0,3.0,650.0,55.0,1
0.0,3755.0,272.0,85.0,1.0,360.0,120.0,0
10.0,3840.0,208.0,16.0,5.0,855.0,120.0,1
5.0,2694.0,16.0,216.0,3.0,743.0,129.0,1
15.0,1461.0,153.0,253.0,1.0,450.0,95.0,1
3.0,377.0,159.0,104.0,5.0,809.0,182.0,1
10.0,2756.0,285.0,80.0,4.0,685.0,155.0,0
6.0,5073.0,157.0,16.0,7.0,435.0,91.0,0
5.0,2854.0,253.0,85.0,7.0,780.0,276.0,0
5.0,1286.0,16.0,245.0,5.0,1053.0,65.0,0
15.0,1027.0,172.0,75.0,7.0,575.0,95.0,0
7.0,580.0,261.0,79.0,6.0,1025.0,85.0,0
5.0,1722.0,85.0,35.0,7.0,945.0,122.0,0
15.0,1026.0,173.0,241.0,4.0,685.0,50.0,0
5.0,1598.0,104.0,159.0,4.0,830.0,176.0,1
15.0,1370.0,184.0,172.0,7.0,690.0,95.0,0
9.0,343.0,128.0,161.0,4.0,710.0,37.0,1
8.0,435.0,184.0,16.0,7.0,936.0,121.0,0
16.0,3025.0,33.0,135.0,1.0,898.0,129.0,1
15.0,498.0,153.0,111.0,4.0,1180.0,150.0,0
15.0,780.0,268.0,173.0,4.0,785.0,140.0,0
13.0,102.0,208.0,147.0,3.0,1155.0,144.0,0
12.0,6927.0,79.0,127.0,3.0,681.0,116.0,1
1.0,2013.0,208.0,153.0,4.0,1140.0,240.0,0
15.0,1198.0,173.0,33.0,4.0,460.0,120.0,0
17.0,1055.0,203.0,128.0,6.0,810.0,32.0,0
13.0,414.0,208.0,22.0,3.0,370.0,129.0,0
12.0,6508.0,253.0,18.0,5.0,656.0,203.0,1
0.0,4362.0,85.0,221.0,3.0,600.0,70.0,1
17.0,2639.0,60.0,162.0,5.0,1350.0,133.0,0
3.0,128.0,148.0,42.0,7.0,1360.0,73.0,0
1.0,1389.0,33.0,80.0,1.0,585.0,130.0,0
16.0,2278.0,135.0,205.0,1.0,930.0,128.0,1
15.0,1325.0,146.0,175.0,4.0,740.0,120.0,0
1.0,154.0,208.0,35.0,7.0,1070.0,135.0,0
10.0,4153.0,20.0,208.0,5.0,830.0,135.0,0
14.0,1991.0,216.0,208.0,7.0,575.0,147.0,0
6.0,5343.0,16.0,204.0,4.0,535.0,143.0,1
5.0,1844.0,85.0,78.0,4.0,530.0,97.0,0
10.0,2982.0,80.0,118.0,3.0,730.0,50.0,0
5.0,1715.0,16.0,245.0,3.0,1225.0,70.0,0
2.0,136.0,14.0,214.0,1.0,680.0,218.0,0
12.0,6941.0,195.0,208.0,7.0,821.0,56.0,0
5.0,2447.0,159.0,16.0,7.0,960.0,162.0,1
6.0,5135.0,16.0,87.0,6.0,898.0,75.0,0
2.0,82.0,14.0,252.0,6.0,570.0,200.0,0
15.0,408.0,197.0,268.0,1.0,825.0,90.0,1
3.0,465.0,35.0,241.0,1.0,505.0,220.0,0
16.0,2279.0,96.0,285.0,7.0,1165.0,135.0,0
1.0,1820.0,80.0,221.0,5.0,840.0,150.0,0
8.0,762.0,16.0,213.0,6.0,760.0,106.0,0
5.0,155.0,148.0,104.0,6.0,930.0,205.0,0
5.0,2717.0,35.0,177.0,7.0,625.0,210.0,0
6.0,5472.0,87.0,16.0,3.0,608.0,69.0,0
5.0,340.0,16.0,197.0,6.0,450.0,167.0,1
7.0,170.0,280.0,79.0,7.0,465.0,108.0,0
5.0,1382.0,159.0,35.0,4.0,750.0,67.0,0
15.0,16.0,13.0,153.0,1.0,775.0,135.0,1
10.0,3080.0,154.0,246.0,6.0,810.0,40.0,0
13.0,970.0,243.0,134.0,3.0,465.0,292.0,0
12.0,6534.0,79.0,137.0,3.0,686.0,100.0,0
10.0,3972.0,281.0,208.0,4.0,530.0,85.0,1
13.0,649.0,208.0,205.0,1.0,1030.0,98.0,1
12.0,6756.0,253.0,262.0,4.0,1386.0,47.0,1
5.0,2922.0,217.0,85.0,4.0,425.0,230.0,0
12.0,4739.0,261.0,202.0,7.0,905.0,122.0,0
5.0,1077.0,197.0,280.0,5.0,675.0,200.0,0
14.0,1511.0,159.0,60.0,5.0,680.0,124.0,1
12.0,4649.0,46.0,261.0,5.0,1057.0,73.0,0
0.0,4086.0,281.0,197.0,1.0,776.0,100.0,1
1.0,2282.0,80.0,35.0,3.0,1185.0,205.0,0
6.0,7336.0,147.0,85.0,5.0,1099.0,147.0,0
15.0,3306.0,153.0,139.0,1.0,1035.0,215.0,1
1.0,1720.0,80.0,134.0,4.0,910.0,160.0,0
5.0,1432.0,45.0,177.0,4.0,375.0,147.0,0
11.0,6759.0,71.0,208.0,3.0,820.0,80.0,0
10.0,3766.0,208.0,79.0,6.0,955.0,155.0,0
15.0,1669.0,2.0,217.0,1.0,490.0,75.0,0
15.0,2092.0,172.0,268.0,4.0,600.0,60.0,0
0.0,4183.0,54.0,85.0,4.0,982.0,133.0,1
12.0,4673.0,111.0,261.0,3.0,986.0,99.0,1
10.0,4155.0,208.0,85.0,5.0,775.0,80.0,0
10.0,3764.0,208.0,216.0,4.0,730.0,120.0,1
7.0,217.0,18.0,79.0,4.0,880.0,130.0,0
15.0,528.0,139.0,45.0,7.0,1035.0,95.0,0
14.0,605.0,153.0,217.0,1.0,1080.0,70.0,0
12.0,6400.0,93.0,253.0,3.0,442.0,97.0,0
5.0,2677.0,208.0,16.0,3.0,840.0,122.0,0
10.0,3227.0,80.0,284.0,6.0,1025.0,45.0,0
15.0,3061.0,159.0,175.0,6.0,360.0,150.0,0
14.0,1915.0,60.0,233.0,5.0,1080.0,49.0,0
13.0,737.0,79.0,253.0,1.0,1071.0,164.0,1
16.0,2226.0,91.0,135.0,4.0,640.0,110.0,0
1.0,1526.0,80.0,173.0,6.0,1235.0,135.0,0
15.0,780.0,268.0,173.0,1.0,785.0,140.0,0
5.0,1455.0,16.0,267.0,7.0,1130.0,103.0,0
9.0,224.0,161.0,128.0,7.0,1227.0,30.0,0
5.0,314.0,183.0,16.0,5.0,678.0,117.0,0
3.0,200.0,153.0,148.0,6.0,1435.0,281.0,1
2.0,498.0,252.0,243.0,7.0,1075.0,154.0,0
17.0,7288.0,208.0,42.0,3.0,1148.0,116.0,1
12.0,6442.0,227.0,154.0,3.0,555.0,47.0,1
15.0,607.0,153.0,253.0,4.0,1050.0,100.0,0
2.0,463.0,154.0,252.0,7.0,1170.0,162.0,0
6.0,5358.0,16.0,273.0,7.0,785.0,125.0,1
14.0,273.0,217.0,135.0,1.0,810.0,154.0,1
3.0,241.0,202.0,160.0,6.0,1215.0,76.0,0
12.0,6995.0,208.0,109.0,3.0,785.0,51.0,1
16.0,2984.0,135.0,75.0,4.0,1170.0,68.0,1
1.0,2404.0,153.0,154.0,6.0,540.0,65.0,0
13.0,144.0,253.0,79.0,3.0,420.0,165.0,0
12.0,6526.0,154.0,217.0,4.0,523.0,77.0,1
1.0,354.0,172.0,208.0,7.0,915.0,90.0,0
13.0,304.0,173.0,134.0,4.0,993.0,132.0,0
17.0,1017.0,128.0,161.0,3.0,1040.0,37.0,0
13.0,527.0,208.0,45.0,5.0,427.0,113.0,0
16.0,5893.0,58.0,208.0,1.0,513.0,87.0,0
10.0,3384.0,54.0,80.0,4.0,460.0,190.0,0
2.0,575.0,243.0,214.0,3.0,815.0,154.0,0
1.0,1646.0,80.0,183.0,1.0,650.0,155.0,1
8.0,281.0,35.0,16.0,3.0,360.0,180.0,0
1.0,1694.0,80.0,33.0,1.0,840.0,100.0,0
4.0,227.0,45.0,135.0,3.0,1048.0,212.0,0
10.0,4259.0,223.0,208.0,7.0,980.0,155.0,1
15.0,2914.0,155.0,75.0,6.0,450.0,65.0,0
8.0,183.0,78.0,16.0,6.0,390.0,110.0,0
6.0,5187.0,157.0,16.0,5.0,616.0,88.0,1
12.0,7797.0,261.0,271.0,5.0,474.0,72.0,0
5.0,1766.0,16.0,106.0,5.0,1248.0,116.0,1
10.0,3348.0,80.0,254.0,7.0,1205.0,75.0,0
3.0,1758.0,260.0,104.0,1.0,796.0,164.0,1
12.0,3099.0,184.0,139.0,3.0,460.0,64.0,1
10.0,3078.0,194.0,154.0,1.0,695.0,65.0,0
1.0,1989.0,198.0,80.0,3.0,1140.0,95.0,1
14.0,175.0,153.0,217.0,5.0,990.0,72.0,0
12.0,6849.0,252.0,214.0,3.0,510.0,48.0,0
15.0,1106.0,154.0,202.0,3.0,635.0,75.0,1
6.0,5183.0,16.0,278.0,3.0,1008.0,61.0,1
4.0,173.0,154.0,128.0,3.0,985.0,345.0,1
7.0,773.0,79.0,153.0,3.0,1095.0,118.0,0
11.0,6540.0,204.0,177.0,7.0,1014.0,88.0,1
7.0,479.0,184.0,153.0,5.0,880.0,235.0,1
5.0,669.0,16.0,241.0,3.0,1319.0,101.0,1
8.0,1229.0,267.0,139.0,7.0,935.0,139.0,0
1.0,1120.0,197.0,208.0,3.0,700.0,90.0,0
1.0,524.0,244.0,80.0,4.0,745.0,70.0,0
14.0,2032.0,78.0,35.0,7.0,750.0,84.0,0
15.0,1428.0,2.0,217.0,6.0,425.0,80.0,0
1.0,2282.0,253.0,80.0,3.0,795.0,210.0,1
6.0,5498.0,162.0,16.0,3.0,670.0,97.0,1
6.0,5362.0,256.0,16.0,3.0,345.0,123.0,1
15.0,201.0,173.0,22.0,4.0,690.0,155.0,1
13.0,680.0,208.0,159.0,5.0,725.0,132.0,0
8.0,944.0,238.0,45.0,6.0,748.0,75.0,0
12.0,6446.0,263.0,154.0,3.0,1087.0,55.0,0
17.0,1054.0,161.0,203.0,1.0,780.0,45.0,0
14.0,1525.0,104.0,60.0,4.0,390.0,115.0,0
6.0,5173.0,16.0,27.0,4.0,570.0,59.0,0
5.0,1096.0,16.0,268.0,6.0,1312.0,111.0,0
15.0,2092.0,172.0,268.0,5.0,600.0,60.0,0
15.0,3509.0,79.0,216.0,5.0,1080.0,210.0,0
15.0,452.0,75.0,18.0,5.0,490.0,55.0,0
9.0,217.0,150.0,128.0,3.0,423.0,42.0,0
16.0,2488.0,135.0,60.0,4.0,977.0,138.0,0
12.0,7011.0,263.0,154.0,6.0,380.0,57.0,0
4.0,240.0,18.0,135.0,5.0,345.0,55.0,0
11.0,6651.0,33.0,159.0,5.0,1067.0,133.0,0
14.0,358.0,60.0,197.0,7.0,1335.0,158.0,0
16.0,3079.0,58.0,268.0,1.0,1005.0,98.0,0
15.0,2038.0,75.0,268.0,3.0,585.0,95.0,1
6.0,7320.0,256.0,177.0,1.0,390.0,66.0,0
5.0,2796.0,197.0,184.0,3.0,620.0,72.0,0
7.0,377.0,35.0,184.0,6.0,360.0,165.0,0
10.0,3206.0,113.0,80.0,5.0,675.0,55.0,0
12.0,6407.0,100.0,253.0,1.0,345.0,45.0,0
15.0,45.0,129.0,45.0,7.0,1140.0,170.0,1
10.0,3635.0,183.0,60.0,3.0,680.0,125.0,0
1.0,1533.0,16.0,80.0,4.0,415.0,150.0,0
7.0,826.0,172.0,79.0,1.0,830.0,105.0,0
5.0,1038.0,16.0,139.0,4.0,1319.0,98.0,0
13.0,389.0,277.0,208.0,4.0,1005.0,179.0,0
13.0,500.0,253.0,217.0,1.0,765.0,119.0,0
6.0,5427.0,16.0,115.0,5.0,1152.0,77.0,0
2.0,220.0,252.0,253.0,3.0,445.0,126.0,0
7.0,609.0,139.0,79.0,7.0,1195.0,165.0,0
6.0,5409.0,16.0,256.0,5.0,1152.0,123.0,0
12.0,7774.0,255.0,261.0,6.0,1078.0,77.0,0
3.0,1424.0,160.0,214.0,7.0,1085.0,141.0,1
3.0,1235.0,35.0,233.0,4.0,365.0,125.0,0
9.0,296.0,128.0,203.0,7.0,759.0,38.0,1
1.0,1668.0,80.0,279.0,4.0,840.0,60.0,0
1.0,1580.0,80.0,78.0,7.0,985.0,155.0,0
16.0,2377.0,84.0,135.0,6.0,360.0,149.0,0
0.0,4137.0,85.0,171.0,5.0,1295.0,45.0,0
13.0,190.0,208.0,153.0,7.0,920.0,244.0,0
15.0,2906.0,173.0,184.0,1.0,635.0,175.0,0
6.0,5342.0,94.0,16.0,1.0,950.0,85.0,0
6.0,7107.0,134.0,159.0,5.0,1055.0,85.0,1
13.0,731.0,96.0,79.0,6.0,870.0,268.0,0
1.0,1955.0,80.0,217.0,5.0,1325.0,150.0,1
1.0,1540.0,280.0,80.0,1.0,980.0,130.0,1
12.0,6546.0,179.0,214.0,4.0,549.0,74.0,0
17.0,2827.0,217.0,280.0,1.0,1067.0,43.0,0
2.0,323.0,258.0,252.0,5.0,405.0,129.0,0
4.0,1083.0,35.0,135.0,7.0,735.0,267.0,1
6.0,5112.0,78.0,35.0,5.0,775.0,92.0,0
4.0,432.0,135.0,159.0,6.0,657.0,194.0,0
12.0,6385.0,154.0,248.0,4.0,628.0,54.0,0
16.0,2597.0,135.0,245.0,7.0,1195.0,126.0,0
2.0,23.0,208.0,252.0,1.0,930.0,275.0,1
1.0,1376.0,183.0,80.0,1.0,970.0,200.0,0
15.0,1760.0,268.0,61.0,4.0,1080.0,75.0,1
12.0,6301.0,236.0,154.0,1.0,393.0,86.0,0
15.0,1370.0,184.0,172.0,1.0,690.0,95.0,1
14.0,1753.0,60.0,277.0,3.0,1075.0,99.0,0
4.0,739.0,135.0,243.0,3.0,565.0,208.0,1
12.0,6245.0,179.0,253.0,4.0,360.0,81.0,0
17.0,2657.0,58.0,60.0,4.0,1199.0,97.0,1
7.0,383.0,104.0,79.0,7.0,460.0,268.0,0
13.0,167.0,35.0,154.0,3.0,1056.0,392.0,1
6.0,5204.0,16.0,275.0,6.0,820.0,65.0,0
6.0,5071.0,16.0,132.0,4.0,475.0,58.0,0
4.0,59.0,135.0,79.0,6.0,1065.0,148.0,1
2.0,153.0,14.0,211.0,7.0,1035.0,94.0,0
1.0,406.0,208.0,18.0,7.0,1085.0,170.0,1
15.0,1115.0,175.0,197.0,4.0,565.0,85.0,0
8.0,765.0,213.0,16.0,5.0,1007.0,107.0,0
14.0,1612.0,216.0,35.0,1.0,435.0,78.0,1
15.0,1414.0,153.0,264.0,3.0,905.0,65.0,1
6.0,5516.0,177.0,288.0,1.0,565.0,95.0,0
15.0,960.0,175.0,280.0,3.0,1145.0,240.0,1
15.0,938.0,217.0,154.0,4.0,990.0,80.0,0
16.0,2310.0,183.0,58.0,6.0,770.0,165.0,0
6.0,7083.0,208.0,71.0,7.0,972.0,69.0,1
11.0,6681.0,85.0,21.0,5.0,1040.0,56.0,1
6.0,5291.0,16.0,87.0,7.0,570.0,73.0,0
12.0,7763.0,220.0,261.0,1.0,360.0,48.0,1
1.0,2094.0,197.0,80.0,4.0,835.0,155.0,0
10.0,3729.0,216.0,208.0,7.0,1185.0,145.0,1
15.0,2068.0,75.0,129.0,6.0,780.0,60.0,1
15.0,1005.0,268.0,154.0,6.0,940.0,250.0,1
1.0,689.0,80.0,261.0,5.0,600.0,170.0,1
16.0,2840.0,135.0,223.0,4.0,985.0,86.0,1
4.0,1437.0,277.0,135.0,5.0,385.0,142.0,1
10.0,4388.0,148.0,35.0,6.0,955.0,80.0,0
16.0,2418.0,135.0,156.0,7.0,1170.0,50.0,0
5.0,1020.0,16.0,175.0,5.0,1147.0,121.0,0
5.0,1608.0,172.0,197.0,6.0,875.0,89.0,0
15.0,469.0,258.0,207.0,4.0,965.0,70.0,1
15.0,2654.0,182.0,277.0,3.0,615.0,220.0,1
15.0,3073.0,45.0,243.0,7.0,510.0,360.0,0
10.0,3004.0,79.0,154.0,5.0,445.0,160.0,0
4.0,540.0,233.0,96.0,7.0,1060.0,105.0,1
14.0,425.0,258.0,217.0,6.0,750.0,105.0,0
1.0,663.0,148.0,104.0,5.0,455.0,195.0,0
5.0,2585.0,16.0,223.0,5.0,505.0,80.0,0
15.0,1123.0,175.0,104.0,7.0,720.0,180.0,1
12.0,6431.0,244.0,154.0,3.0,1218.0,197.0,0
4.0,1552.0,96.0,60.0,5.0,880.0,122.0,0
1.0,1712.0,207.0,80.0,3.0,695.0,170.0,0
6.0,5071.0,16.0,132.0,5.0,475.0,58.0,0
12.0,6407.0,253.0,111.0,7.0,540.0,121.0,0
5.0,2452.0,198.0,159.0,6.0,435.0,180.0,0
6.0,4952.0,16.0,245.0,3.0,660.0,71.0,1
15.0,956.0,175.0,154.0,7.0,1145.0,285.0,1
17.0,2847.0,217.0,292.0,4.0,1255.0,70.0,0
16.0,2025.0,135.0,2.0,4.0,880.0,131.0,1
11.0,6536.0,197.0,71.0,4.0,1155.0,119.0,0
5.0,182.0,252.0,148.0,1.0,800.0,325.0,0
8.0,285.0,16.0,129.0,5.0,1260.0,134.0,1
6.0,5576.0,121.0,16.0,3.0,910.0,70.0,0
1.0,743.0,159.0,80.0,3.0,755.0,240.0,1
15.0,1024.0,147.0,129.0,6.0,805.0,150.0,1
14.0,407.0,217.0,253.0,5.0,885.0,125.0,0
14.0,1538.0,252.0,60.0,4.0,810.0,281.0,1
13.0,133.0,79.0,80.0,4.0,831.0,113.0,0
5.0,1027.0,252.0,128.0,7.0,1035.0,371.0,0
1.0,1103.0,208.0,268.0,7.0,590.0,65.0,0
5.0,1885.0,16.0,198.0,4.0,665.0,103.0,0
5.0,1120.0,16.0,47.0,6.0,1219.0,67.0,0
11.0,6408.0,135.0,71.0,4.0,970.0,145.0,0
10.0,2824.0,80.0,288.0,5.0,1200.0,105.0,1
16.0,2052.0,58.0,216.0,4.0,455.0,87.0,0
8.0,996.0,35.0,184.0,1.0,415.0,160.0,0
15.0,1246.0,268.0,45.0,4.0,670.0,115.0,0
1.0,1203.0,80.0,252.0,6.0,1135.0,260.0,1
12.0,6555.0,79.0,114.0,7.0,499.0,57.0,0
13.0,522.0,243.0,253.0,5.0,1111.0,100.0,1
13.0,576.0,79.0,204.0,5.0,619.0,97.0,0
15.0,526.0,44.0,202.0,1.0,955.0,70.0,0
12.0,6477.0,154.0,262.0,6.0,771.0,83.0,0
9.0,43.0,258.0,128.0,1.0,540.0,340.0,0
1.0,1701.0,80.0,243.0,7.0,845.0,190.0,0
4.0,440.0,261.0,135.0,5.0,470.0,178.0,0
15.0,2662.0,173.0,87.0,7.0,765.0,75.0,1
15.0,650.0,175.0,182.0,3.0,660.0,120.0,0
15.0,1866.0,197.0,175.0,7.0,1010.0,90.0,1
13.0,267.0,208.0,79.0,5.0,717.0,158.0,1
7.0,427.0,16.0,79.0,7.0,1135.0,210.0,0
15.0,698.0,258.0,154.0,4.0,950.0,70.0,0
13.0,321.0,208.0,243.0,1.0,1042.0,270.0,0
10.0,4394.0,148.0,35.0,1.0,839.0,71.0,0
5.0,1865.0,16.0,241.0,1.0,575.0,115.0,0
1.0,548.0,154.0,208.0,4.0,360.0,240.0,0
13.0,615.0,79.0,128.0,6.0,540.0,458.0,0
6.0,7118.0,134.0,273.0,3.0,753.0,74.0,1
12.0,6955.0,184.0,208.0,7.0,1171.0,49.0,0
13.0,949.0,208.0,214.0,4.0,1020.0,277.0,0
16.0,5927.0,136.0,208.0,5.0,435.0,110.0,0
8.0,1400.0,238.0,173.0,6.0,838.0,171.0,0
15.0,1048.0,45.0,198.0,4.0,620.0,180.0,1
6.0,5444.0,16.0,130.0,4.0,1222.0,137.0,1
10.0,3958.0,208.0,238.0,1.0,810.0,100.0,0
17.0,2837.0,217.0,44.0,5.0,910.0,88.0,0
10.0,4636.0,233.0,159.0,6.0,1100.0,100.0,1
12.0,6479.0,253.0,261.0,6.0,800.0,112.0,1
6.0,5351.0,16.0,129.0,4.0,1165.0,142.0,1
3.0,154.0,173.0,148.0,6.0,745.0,152.0,1
6.0,4977.0,16.0,176.0,3.0,1244.0,76.0,0
14.0,1094.0,216.0,233.0,5.0,820.0,79.0,1
10.0,3258.0,223.0,80.0,3.0,1060.0,125.0,0
6.0,5277.0,85.0,147.0,4.0,925.0,144.0,1
10.0,4124.0,139.0,148.0,7.0,715.0,124.0,1
4.0,477.0,241.0,96.0,4.0,666.0,169.0,1
15.0,1252.0,45.0,228.0,4.0,605.0,70.0,0
0.0,3794.0,192.0,197.0,7.0,990.0,89.0,1
1.0,692.0,183.0,96.0,7.0,715.0,185.0,0
5.0,2072.0,16.0,197.0,3.0,960.0,165.0,0
14.0,700.0,154.0,216.0,7.0,390.0,300.0,0
12.0,6231.0,93.0,214.0,4.0,853.0,37.0,0
9.0,363.0,143.0,128.0,6.0,1180.0,49.0,0
14.0,1022.0,60.0,234.0,3.0,1220.0,68.0,1
0.0,3969.0,16.0,130.0,7.0,735.0,148.0,0
17.0,2650.0,273.0,60.0,6.0,705.0,127.0,0
6.0,5574.0,48.0,16.0,4.0,792.0,116.0,0
5.0,1493.0,96.0,85.0,1.0,562.0,121.0,0
14.0,1125.0,60.0,135.0,3.0,570.0,168.0,1
6.0,5389.0,215.0,16.0,7.0,1137.0,116.0,0
5.0,2083.0,261.0,153.0,5.0,1200.0,87.0,1
10.0,3633.0,183.0,60.0,7.0,435.0,120.0,0
4.0,1861.0,217.0,135.0,5.0,982.0,153.0,0
1.0,804.0,80.0,139.0,1.0,810.0,125.0,0
6.0,5297.0,16.0,177.0,3.0,1130.0,84.0,1
12.0,4457.0,28.0,197.0,4.0,800.0,119.0,0
1.0,677.0,80.0,214.0,4.0,1020.0,255.0,1
8.0,533.0,177.0,16.0,1.0,425.0,85.0,0
3.0,71.0,148.0,277.0,7.0,820.0,180.0,0
12.0,6546.0,179.0,214.0,1.0,549.0,74.0,1
4.0,1623.0,135.0,198.0,6.0,518.0,62.0,1
15.0,2655.0,44.0,202.0,3.0,575.0,75.0,0
1.0,1832.0,227.0,208.0,7.0,800.0,245.0,1
13.0,498.0,79.0,80.0,6.0,1047.0,118.0,0
12.0,4801.0,135.0,261.0,7.0,850.0,195.0,1
15.0,827.0,216.0,33.0,5.0,540.0,145.0,0
1.0,1383.0,80.0,280.0,6.0,730.0,145.0,0
12.0,6901.0,54.0,208.0,5.0,773.0,142.0,0
6.0,4995.0,16.0,188.0,4.0,960.0,97.0,0
15.0,1662.0,45.0,159.0,5.0,860.0,70.0,1
6.0,5441.0,71.0,135.0,1.0,555.0,175.0,1
15.0,824.0,216.0,221.0,3.0,730.0,75.0,1
14.0,304.0,217.0,60.0,6.0,675.0,234.0,1
11.0,6333.0,85.0,71.0,1.0,1052.0,78.0,0
1.0,231.0,183.0,154.0,3.0,1080.0,350.0,1
5.0,16.0,154.0,16.0,6.0,470.0,251.0,1
16.0,2453.0,135.0,38.0,5.0,575.0,71.0,0
16.0,2904.0,119.0,58.0,3.0,360.0,58.0,1
0.0,3776.0,238.0,16.0,1.0,450.0,151.0,1
4.0,306.0,96.0,60.0,3.0,735.0,122.0,1
14.0,908.0,277.0,60.0,3.0,315.0,96.0,0
10.0,3366.0,47.0,80.0,4.0,365.0,185.0,0
15.0,1218.0,153.0,202.0,3.0,475.0,90.0,1
3.0,26.0,104.0,148.0,6.0,425.0,160.0,0
12.0,7038.0,6.0,253.0,6.0,768.0,78.0,0
1.0,1287.0,18.0,80.0,3.0,465.0,65.0,0
13.0,351.0,221.0,208.0,3.0,988.0,103.0,0
0.0,3850.0,106.0,85.0,1.0,360.0,48.0,0
12.0,6356.0,253.0,261.0,3.0,1195.0,99.0,0
6.0,5244.0,16.0,157.0,1.0,650.0,78.0,0
15.0,11.0,129.0,268.0,5.0,650.0,110.0,0
3.0,509.0,96.0,104.0,6.0,929.0,183.0,1
5.0,1228.0,16.0,139.0,4.0,966.0,99.0,0
5.0,2728.0,261.0,197.0,5.0,587.0,168.0,0
12.0,4748.0,202.0,261.0,7.0,1094.0,106.0,0
12.0,6655.0,86.0,208.0,6.0,1002.0,68.0,1
12.0,4589.0,261.0,160.0,6.0,669.0,116.0,1
15.0,1370.0,44.0,217.0,3.0,1055.0,80.0,0
10.0,3478.0,162.0,80.0,7.0,605.0,80.0,0
15.0,3247.0,154.0,258.0,3.0,1160.0,65.0,1
6.0,5185.0,245.0,16.0,1.0,690.0,70.0,1
6.0,5598.0,16.0,48.0,5.0,1070.0,99.0,0
17.0,2934.0,217.0,177.0,5.0,585.0,184.0,0
13.0,491.0,79.0,217.0,7.0,540.0,129.0,0
5.0,1301.0,16.0,18.0,4.0,510.0,166.0,0
17.0,2822.0,227.0,217.0,4.0,1150.0,83.0,0
15.0,315.0,139.0,217.0,1.0,910.0,245.0,1
4.0,1010.0,135.0,96.0,5.0,1055.0,207.0,1
8.0,517.0,16.0,61.0,6.0,610.0,96.0,0
17.0,2653.0,209.0,60.0,4.0,825.0,85.0,0
6.0,5517.0,47.0,16.0,5.0,995.0,74.0,0
5.0,691.0,234.0,16.0,3.0,940.0,110.0,1
12.0,6508.0,18.0,253.0,4.0,1130.0,238.0,0
15.0,1003.0,280.0,153.0,7.0,1230.0,80.0,1
15.0,691.0,198.0,75.0,5.0,985.0,85.0,1
13.0,791.0,153.0,79.0,6.0,366.0,121.0,0
1.0,1131.0,173.0,208.0,1.0,860.0,170.0,0
13.0,386.0,252.0,79.0,4.0,427.0,168.0,0
1.0,1187.0,80.0,268.0,7.0,1300.0,90.0,0
1.0,519.0,208.0,154.0,7.0,1020.0,260.0,1
16.0,5945.0,208.0,204.0,5.0,1072.0,133.0,0
16.0,5935.0,208.0,117.0,4.0,481.0,48.0,0
11.0,6601.0,173.0,233.0,5.0,1175.0,111.0,0
15.0,680.0,258.0,214.0,4.0,815.0,105.0,0
16.0,2386.0,135.0,120.0,6.0,602.0,136.0,0
16.0,2156.0,280.0,135.0,3.0,706.0,134.0,1
15.0,1740.0,277.0,12.0,6.0,645.0,165.0,0
6.0,5196.0,205.0,85.0,1.0,615.0,119.0,0
4.0,693.0,173.0,96.0,3.0,645.0,149.0,1
14.0,75.0,217.0,252.0,7.0,875.0,186.0,0
15.0,19.0,129.0,68.0,3.0,745.0,50.0,1
15.0,1618.0,18.0,75.0,1.0,765.0,55.0,0
6.0,5097.0,16.0,200.0,7.0,1140.0,78.0,0
7.0,197.0,79.0,76.0,7.0,1150.0,152.0,0
12.0,7767.0,110.0,235.0,3.0,393.0,77.0,0
13.0,965.0,134.0,135.0,3.0,1034.0,206.0,0
16.0,3075.0,96.0,228.0,6.0,760.0,50.0,0
15.0,185.0,22.0,173.0,1.0,615.0,185.0,1
16.0,2052.0,58.0,216.0,5.0,455.0,87.0,0
15.0,1969.0,268.0,175.0,6.0,595.0,60.0,0
5.0,1659.0,268.0,16.0,1.0,1007.0,102.0,1
16.0,2572.0,135.0,54.0,7.0,820.0,131.0,1
12.0,6558.0,236.0,79.0,4.0,365.0,129.0,0
16.0,2287.0,96.0,177.0,3.0,970.0,179.0,0
1.0,806.0,79.0,80.0,7.0,720.0,115.0,0
0.0,3750.0,85.0,152.0,4.0,830.0,50.0,0
12.0,6474.0,214.0,154.0,6.0,652.0,138.0,0
4.0,1448.0,135.0,104.0,7.0,625.0,142.0,0
13.0,862.0,253.0,79.0,4.0,682.0,152.0,0
10.0,4277.0,71.0,148.0,3.0,775.0,120.0,0
8.0,1581.0,30.0,16.0,3.0,704.0,94.0,0
7.0,260.0,79.0,264.0,5.0,780.0,140.0,0
1.0,445.0,78.0,208.0,6.0,360.0,125.0,0
0.0,3946.0,195.0,177.0,1.0,375.0,118.0,1
15.0,913.0,79.0,175.0,7.0,1075.0,135.0,0
15.0,1636.0,204.0,45.0,3.0,525.0,165.0,1
5.0,72.0,16.0,148.0,1.0,745.0,145.0,1
14.0,1507.0,45.0,60.0,7.0,420.0,97.0,1
11.0,6555.0,177.0,45.0,5.0,815.0,124.0,0
6.0,5186.0,35.0,78.0,5.0,995.0,110.0,0
1.0,1213.0,197.0,80.0,5.0,1135.0,155.0,1
5.0,1496.0,79.0,197.0,6.0,550.0,121.0,1
9.0,173.0,128.0,161.0,6.0,783.0,38.0,0
15.0,763.0,202.0,111.0,3.0,1115.0,120.0,1
12.0,6709.0,79.0,194.0,6.0,1126.0,166.0,0
1.0,1174.0,258.0,208.0,7.0,830.0,255.0,1
16.0,2271.0,172.0,135.0,3.0,1022.0,119.0,0
14.0,1064.0,216.0,43.0,4.0,1235.0,68.0,0
0.0,3832.0,84.0,177.0,5.0,683.0,95.0,0
12.0,6632.0,79.0,254.0,3.0,610.0,107.0,1
13.0,72.0,128.0,253.0,3.0,471.0,322.0,0
17.0,7294.0,247.0,208.0,1.0,334.0,46.0,0
5.0,1793.0,148.0,85.0,4.0,855.0,138.0,0
14.0,1505.0,60.0,217.0,5.0,451.0,288.0,1
5.0,1810.0,80.0,16.0,1.0,1095.0,128.0,0
15.0,1589.0,35.0,45.0,4.0,625.0,90.0,0
6.0,4973.0,101.0,16.0,3.0,510.0,97.0,0
16.0,2824.0,135.0,27.0,4.0,775.0,93.0,0
15.0,769.0,58.0,45.0,7.0,595.0,75.0,0
9.0,44.0,128.0,258.0,3.0,840.0,305.0,0
8.0,448.0,16.0,198.0,7.0,535.0,95.0,0
12.0,6474.0,227.0,154.0,4.0,753.0,47.0,0
5.0,1952.0,16.0,33.0,3.0,735.0,67.0,0
14.0,220.0,217.0,35.0,6.0,595.0,294.0,0
12.0,3046.0,221.0,184.0,3.0,645.0,91.0,1
15.0,1537.0,153.0,243.0,4.0,750.0,65.0,0
12.0,4748.0,202.0,261.0,3.0,1094.0,106.0,0
15.0,2020.0,262.0,153.0,7.0,1230.0,80.0,1
15.0,39.0,129.0,87.0,1.0,1045.0,90.0,0
15.0,2418.0,172.0,75.0,6.0,890.0,95.0,1
12.0,6748.0,154.0,57.0,1.0,965.0,41.0,1
14.0,1496.0,60.0,45.0,3.0,1340.0,81.0,1
5.0,2235.0,85.0,197.0,7.0,1045.0,120.0,1
5.0,2136.0,80.0,197.0,4.0,1086.0,147.0,1
16.0,2050.0,135.0,234.0,4.0,1135.0,158.0,1
10.0,2904.0,56.0,80.0,7.0,1155.0,125.0,1
15.0,2133.0,44.0,202.0,6.0,580.0,75.0,1
12.0,7803.0,282.0,261.0,1.0,1095.0,56.0,1
5.0,1647.0,159.0,16.0,6.0,660.0,159.0,0
16.0,2493.0,135.0,136.0,4.0,1285.0,96.0,0
16.0,2200.0,135.0,204.0,1.0,700.0,78.0,0
11.0,6333.0,85.0,71.0,3.0,1052.0,78.0,0
14.0,250.0,243.0,217.0,3.0,390.0,84.0,1
15.0,539.0,104.0,175.0,1.0,1035.0,195.0,1
15.0,1046.0,258.0,18.0,1.0,600.0,200.0,1
4.0,1496.0,153.0,135.0,5.0,60.0,162.0,1
13.0,558.0,79.0,277.0,7.0,762.0,204.0,0
13.0,415.0,198.0,79.0,3.0,420.0,186.0,0
11.0,6655.0,177.0,33.0,4.0,540.0,63.0,1
1.0,2246.0,154.0,18.0,3.0,1050.0,170.0,0
12.0,6664.0,196.0,79.0,5.0,523.0,123.0,0
5.0,1502.0,153.0,16.0,4.0,837.0,238.0,0
1.0,2274.0,80.0,279.0,5.0,1045.0,60.0,0
16.0,5984.0,285.0,134.0,5.0,360.0,95.0,0
4.0,739.0,135.0,243.0,4.0,565.0,208.0,1
6.0,5325.0,169.0,16.0,7.0,827.0,97.0,0
6.0,7311.0,188.0,177.0,4.0,390.0,70.0,0
2.0,47.0,14.0,9.0,4.0,405.0,65.0,0
4.0,146.0,135.0,208.0,7.0,795.0,153.0,0
6.0,5292.0,195.0,78.0,4.0,745.0,115.0,0
11.0,6272.0,94.0,71.0,1.0,835.0,55.0,0
15.0,2312.0,154.0,175.0,6.0,1040.0,235.0,1
2.0,495.0,243.0,252.0,1.0,510.0,183.0,0
14.0,1033.0,60.0,183.0,6.0,1215.0,127.0,1
15.0,3408.0,153.0,280.0,4.0,1180.0,70.0,0
15.0,413.0,33.0,22.0,4.0,1150.0,135.0,0
15.0,1402.0,277.0,141.0,4.0,550.0,155.0,0
14.0,739.0,216.0,221.0,6.0,940.0,74.0,0
12.0,4535.0,214.0,261.0,7.0,1092.0,108.0,0
12.0,6363.0,261.0,154.0,7.0,1227.0,120.0,1
8.0,1121.0,104.0,139.0,6.0,758.0,166.0,0
8.0,523.0,45.0,277.0,5.0,1225.0,150.0,0
5.0,1601.0,35.0,16.0,7.0,885.0,174.0,0
15.0,487.0,45.0,27.0,6.0,1045.0,130.0,1
8.0,929.0,172.0,16.0,1.0,1040.0,117.0,1
12.0,6262.0,79.0,164.0,7.0,959.0,78.0,0
12.0,6679.0,111.0,253.0,1.0,1029.0,131.0,0
11.0,6256.0,197.0,33.0,1.0,805.0,135.0,0
5.0,2833.0,85.0,243.0,5.0,520.0,309.0,0
8.0,62.0,16.0,134.0,5.0,525.0,102.0,0
6.0,5609.0,233.0,177.0,3.0,710.0,128.0,0
10.0,4519.0,78.0,33.0,5.0,520.0,120.0,0
17.0,2944.0,60.0,209.0,3.0,710.0,72.0,0
10.0,4149.0,208.0,285.0,3.0,570.0,95.0,0
6.0,5184.0,16.0,132.0,5.0,900.0,62.0,0
3.0,477.0,35.0,154.0,1.0,520.0,391.0,0
15.0,3762.0,243.0,153.0,3.0,800.0,70.0,0
15.0,3403.0,35.0,268.0,7.0,990.0,195.0,1
12.0,6955.0,184.0,208.0,3.0,1166.0,49.0,0
15.0,3743.0,35.0,268.0,1.0,450.0,195.0,1
5.0,2647.0,159.0,16.0,7.0,1080.0,167.0,0
6.0,5570.0,16.0,278.0,4.0,665.0,73.0,0
14.0,1410.0,16.0,216.0,3.0,1175.0,129.0,0
15.0,1211.0,45.0,79.0,6.0,965.0,260.0,0
5.0,2768.0,252.0,16.0,3.0,800.0,285.0,1
15.0,324.0,172.0,175.0,4.0,795.0,80.0,0
16.0,2703.0,135.0,198.0,5.0,1375.0,59.0,0
3.0,1114.0,173.0,234.0,1.0,895.0,106.0,0
10.0,4654.0,159.0,16.0,7.0,585.0,165.0,1
15.0,2748.0,44.0,217.0,3.0,1155.0,80.0,1
5.0,2235.0,197.0,107.0,4.0,1170.0,60.0,1
15.0,221.0,153.0,34.0,7.0,780.0,105.0,1
10.0,4299.0,43.0,208.0,6.0,690.0,115.0,0
15.0,441.0,251.0,217.0,7.0,420.0,255.0,1
14.0,2167.0,159.0,78.0,3.0,540.0,78.0,0
2.0,470.0,252.0,154.0,6.0,910.0,157.0,0
5.0,339.0,162.0,16.0,4.0,420.0,95.0,1
8.0,402.0,16.0,139.0,6.0,625.0,97.0,0
1.0,1333.0,35.0,80.0,5.0,1255.0,255.0,0
8.0,134.0,277.0,16.0,6.0,480.0,100.0,0
13.0,753.0,253.0,79.0,7.0,775.0,155.0,0
12.0,6262.0,164.0,79.0,7.0,1176.0,92.0,0
6.0,5212.0,87.0,177.0,7.0,685.0,93.0,0
0.0,3666.0,197.0,29.0,5.0,905.0,88.0,0
16.0,5929.0,208.0,136.0,6.0,747.0,115.0,1
14.0,1079.0,78.0,147.0,7.0,705.0,123.0,0
13.0,11.0,148.0,154.0,5.0,1229.0,383.0,1
3.0,399.0,159.0,173.0,5.0,1265.0,165.0,0
5.0,2944.0,85.0,96.0,1.0,420.0,107.0,0
2.0,66.0,291.0,149.0,3.0,1110.0,48.0,0
14.0,1212.0,213.0,78.0,4.0,430.0,136.0,0
15.0,2025.0,207.0,258.0,3.0,575.0,70.0,0
7.0,653.0,79.0,253.0,5.0,505.0,161.0,0
0.0,3848.0,92.0,85.0,5.0,1030.0,75.0,0
1.0,1698.0,261.0,80.0,6.0,365.0,170.0,0
13.0,236.0,153.0,134.0,4.0,481.0,269.0,1
15.0,1568.0,243.0,268.0,4.0,635.0,210.0,1
12.0,6844.0,135.0,208.0,1.0,742.0,153.0,1
13.0,411.0,60.0,208.0,3.0,1010.0,130.0,0
12.0,4666.0,100.0,261.0,7.0,985.0,101.0,1
10.0,4306.0,234.0,208.0,3.0,995.0,135.0,1
15.0,1395.0,268.0,197.0,7.0,1225.0,90.0,1
15.0,429.0,79.0,175.0,3.0,990.0,145.0,1
15.0,1992.0,264.0,253.0,5.0,680.0,85.0,1
10.0,2757.0,80.0,290.0,3.0,1045.0,70.0,1
16.0,2144.0,96.0,238.0,4.0,1020.0,84.0,0
1.0,1165.0,80.0,227.0,4.0,1130.0,190.0,1
16.0,2175.0,33.0,135.0,3.0,375.0,134.0,0
4.0,279.0,135.0,244.0,5.0,715.0,61.0,0
1.0,202.0,154.0,183.0,4.0,430.0,285.0,0
12.0,6406.0,93.0,253.0,6.0,776.0,87.0,1
10.0,3236.0,118.0,80.0,4.0,730.0,50.0,0
11.0,6286.0,159.0,71.0,3.0,629.0,145.0,1
4.0,238.0,96.0,183.0,5.0,555.0,203.0,0
8.0,308.0,79.0,16.0,6.0,1005.0,170.0,0
12.0,6685.0,79.0,34.0,7.0,725.0,128.0,1
12.0,6440.0,65.0,154.0,7.0,1128.0,155.0,0
1.0,2258.0,80.0,221.0,3.0,490.0,150.0,0
1.0,1048.0,208.0,183.0,6.0,480.0,185.0,1
6.0,7118.0,134.0,273.0,1.0,753.0,74.0,0
5.0,2047.0,159.0,16.0,6.0,480.0,161.0,0
12.0,7811.0,261.0,110.0,1.0,660.0,112.0,1
1.0,2200.0,153.0,80.0,7.0,850.0,165.0,0
16.0,5950.0,43.0,134.0,3.0,372.0,74.0,0
1.0,1698.0,80.0,78.0,5.0,645.0,160.0,1
1.0,1459.0,159.0,183.0,1.0,995.0,205.0,1
6.0,5070.0,78.0,268.0,7.0,410.0,142.0,0
4.0,1598.0,264.0,135.0,1.0,405.0,204.0,1
1.0,2066.0,65.0,80.0,5.0,970.0,110.0,0
5.0,2865.0,43.0,16.0,1.0,370.0,154.0,1
6.0,5415.0,52.0,16.0,5.0,657.0,53.0,0
15.0,1655.0,175.0,159.0,4.0,570.0,130.0,1
4.0,458.0,135.0,78.0,6.0,770.0,160.0,0
15.0,2378.0,162.0,129.0,6.0,810.0,85.0,1
15.0,1426.0,75.0,155.0,7.0,495.0,65.0,0
10.0,3512.0,184.0,80.0,6.0,360.0,165.0,0
15.0,2006.0,221.0,216.0,7.0,785.0,75.0,1
12.0,6586.0,227.0,79.0,1.0,360.0,131.0,0
8.0,918.0,184.0,197.0,4.0,1255.0,75.0,1
15.0,220.0,129.0,170.0,1.0,530.0,85.0,0
1.0,580.0,79.0,208.0,4.0,1030.0,145.0,0
0.0,3672.0,155.0,177.0,7.0,705.0,117.0,0
15.0,3408.0,262.0,153.0,4.0,1070.0,80.0,1
0.0,3854.0,197.0,58.0,7.0,425.0,115.0,0
15.0,3073.0,45.0,243.0,3.0,510.0,360.0,1
12.0,6231.0,93.0,214.0,5.0,853.0,37.0,0
10.0,3084.0,243.0,154.0,7.0,525.0,50.0,0
12.0,6568.0,243.0,154.0,3.0,378.0,52.0,0
3.0,585.0,130.0,104.0,5.0,705.0,179.0,0
0.0,4306.0,85.0,250.0,6.0,880.0,76.0,0
6.0,7334.0,27.0,16.0,3.0,960.0,73.0,1
12.0,6449.0,208.0,261.0,1.0,1040.0,210.0,1
15.0,1956.0,198.0,129.0,3.0,945.0,75.0,1
14.0,2130.0,159.0,35.0,1.0,840.0,66.0,1
15.0,3917.0,216.0,213.0,3.0,850.0,170.0,1
9.0,258.0,128.0,150.0,6.0,737.0,43.0,0
10.0,4301.0,208.0,204.0,6.0,740.0,135.0,0
5.0,1052.0,87.0,16.0,7.0,715.0,73.0,0
14.0,656.0,217.0,264.0,7.0,1270.0,80.0,1
4.0,619.0,277.0,96.0,6.0,600.0,159.0,1
1.0,1267.0,183.0,260.0,4.0,1000.0,150.0,1
12.0,6911.0,208.0,184.0,4.0,562.0,42.0,1
14.0,654.0,217.0,264.0,1.0,685.0,86.0,0
16.0,2485.0,209.0,135.0,3.0,360.0,201.0,0
17.0,2850.0,292.0,217.0,4.0,1155.0,70.0,0
15.0,1252.0,79.0,262.0,3.0,1185.0,165.0,1
12.0,6350.0,253.0,207.0,6.0,722.0,79.0,0
16.0,2820.0,131.0,135.0,4.0,780.0,74.0,0
1.0,85.0,148.0,253.0,7.0,930.0,400.0,1
16.0,2788.0,71.0,96.0,5.0,380.0,112.0,0
14.0,1163.0,221.0,60.0,5.0,830.0,91.0,0
5.0,1048.0,85.0,233.0,7.0,1050.0,105.0,0
15.0,705.0,268.0,277.0,4.0,1130.0,135.0,1
15.0,1026.0,173.0,241.0,3.0,685.0,50.0,1
15.0,809.0,216.0,233.0,3.0,450.0,90.0,0
15.0,792.0,33.0,147.0,1.0,465.0,85.0,0
16.0,2652.0,157.0,135.0,1.0,360.0,159.0,0
16.0,2470.0,197.0,96.0,7.0,677.0,159.0,1
5.0,1293.0,223.0,16.0,7.0,790.0,75.0,1
12.0,6305.0,154.0,227.0,6.0,1010.0,51.0,1
16.0,2566.0,261.0,135.0,7.0,855.0,176.0,0
16.0,2463.0,58.0,80.0,1.0,740.0,179.0,0
5.0,1497.0,85.0,244.0,1.0,740.0,213.0,1
17.0,2724.0,18.0,60.0,7.0,710.0,151.0,1
5.0,1797.0,16.0,258.0,3.0,1161.0,332.0,1
12.0,6329.0,6.0,253.0,3.0,523.0,82.0,1
15.0,4.0,91.0,217.0,4.0,575.0,80.0,0
16.0,2335.0,172.0,135.0,3.0,828.0,124.0,0
17.0,7212.0,238.0,134.0,3.0,1197.0,72.0,0
15.0,34.0,129.0,75.0,7.0,870.0,60.0,1
13.0,14.0,253.0,148.0,5.0,970.0,331.0,0
8.0,739.0,184.0,197.0,7.0,629.0,73.0,0
12.0,6829.0,262.0,253.0,7.0,365.0,48.0,1
5.0,2178.0,85.0,60.0,5.0,420.0,116.0,0
14.0,1656.0,60.0,213.0,3.0,564.0,106.0,0
12.0,4682.0,258.0,261.0,1.0,370.0,112.0,0
11.0,6390.0,285.0,71.0,4.0,1030.0,65.0,0
5.0,2941.0,16.0,244.0,1.0,825.0,164.0,1
10.0,4423.0,148.0,233.0,6.0,1190.0,115.0,1
11.0,6296.0,184.0,71.0,7.0,720.0,83.0,0
15.0,978.0,173.0,175.0,7.0,645.0,170.0,0
8.0,82.0,104.0,16.0,4.0,857.0,116.0,0
1.0,385.0,45.0,80.0,6.0,420.0,215.0,0
0.0,3967.0,148.0,12.0,7.0,1310.0,95.0,0
2.0,330.0,252.0,258.0,4.0,1195.0,124.0,0
16.0,3002.0,135.0,33.0,6.0,625.0,103.0,0
14.0,872.0,138.0,60.0,4.0,870.0,64.0,0
14.0,551.0,217.0,80.0,3.0,965.0,140.0,0
0.0,4377.0,85.0,245.0,3.0,605.0,134.0,0
1.0,505.0,148.0,260.0,3.0,415.0,245.0,1
11.0,6600.0,268.0,148.0,1.0,640.0,145.0,0
13.0,249.0,134.0,208.0,5.0,1033.0,139.0,0
5.0,1624.0,16.0,45.0,1.0,1065.0,114.0,0
16.0,5945.0,208.0,204.0,1.0,1072.0,133.0,1
12.0,6605.0,79.0,29.0,5.0,1035.0,94.0,0
15.0,2102.0,217.0,228.0,7.0,760.0,290.0,1
7.0,844.0,252.0,79.0,3.0,530.0,151.0,0
1.0,566.0,217.0,80.0,7.0,850.0,135.0,0
15.0,50.0,131.0,129.0,4.0,1015.0,60.0,0
15.0,997.0,217.0,35.0,5.0,645.0,300.0,0
1.0,1491.0,216.0,80.0,5.0,995.0,240.0,1
5.0,1830.0,214.0,261.0,3.0,805.0,105.0,1
13.0,181.0,35.0,253.0,7.0,889.0,408.0,1
1.0,2513.0,80.0,79.0,3.0,1115.0,125.0,0
15.0,406.0,252.0,153.0,3.0,360.0,140.0,1
16.0,5953.0,208.0,172.0,7.0,1230.0,90.0,0
13.0,578.0,80.0,208.0,5.0,600.0,140.0,0
15.0,2879.0,154.0,153.0,5.0,675.0,60.0,1
15.0,614.0,139.0,45.0,1.0,900.0,95.0,1
1.0,1073.0,80.0,79.0,5.0,825.0,120.0,0
4.0,442.0,135.0,279.0,5.0,1270.0,83.0,0
1.0,25.0,35.0,154.0,6.0,435.0,390.0,0
16.0,3006.0,38.0,135.0,3.0,340.0,70.0,0
6.0,5597.0,16.0,180.0,6.0,618.0,70.0,0
0.0,3697.0,152.0,85.0,4.0,420.0,60.0,0
8.0,327.0,16.0,253.0,4.0,1240.0,334.0,0
10.0,4695.0,159.0,35.0,3.0,960.0,70.0,0
10.0,3338.0,80.0,10.0,5.0,590.0,65.0,0
14.0,1947.0,78.0,104.0,5.0,1160.0,155.0,0
6.0,5089.0,256.0,16.0,5.0,1079.0,106.0,0
5.0,2039.0,78.0,16.0,5.0,900.0,115.0,0
1.0,2248.0,80.0,78.0,3.0,746.0,165.0,1
15.0,3758.0,197.0,79.0,6.0,455.0,140.0,0
17.0,2901.0,54.0,60.0,3.0,660.0,69.0,0
10.0,2814.0,230.0,80.0,4.0,850.0,140.0,1
5.0,1148.0,16.0,245.0,5.0,1140.0,65.0,0
15.0,1016.0,129.0,131.0,7.0,1055.0,60.0,1
17.0,2816.0,217.0,84.0,4.0,598.0,178.0,1
15.0,2879.0,253.0,154.0,7.0,570.0,80.0,0
2.0,895.0,258.0,203.0,4.0,450.0,354.0,0
8.0,146.0,16.0,85.0,1.0,863.0,112.0,0
6.0,7085.0,134.0,121.0,7.0,504.0,88.0,1
12.0,4730.0,243.0,154.0,7.0,1040.0,49.0,1
1.0,1974.0,154.0,33.0,4.0,615.0,235.0,0
1.0,633.0,260.0,80.0,1.0,790.0,310.0,0
12.0,6667.0,179.0,253.0,6.0,425.0,105.0,0
5.0,1768.0,154.0,197.0,1.0,30.0,220.0,1
10.0,4137.0,208.0,22.0,3.0,895.0,125.0,1
5.0,1306.0,280.0,16.0,4.0,862.0,203.0,0
15.0,1008.0,268.0,252.0,7.0,570.0,265.0,0
6.0,4996.0,54.0,16.0,5.0,1010.0,80.0,1
5.0,349.0,2.0,16.0,4.0,790.0,179.0,0
15.0,27.0,75.0,129.0,5.0,780.0,60.0,1
5.0,2096.0,197.0,159.0,1.0,600.0,166.0,1
5.0,1405.0,182.0,16.0,6.0,420.0,184.0,0
1.0,1062.0,80.0,216.0,1.0,1005.0,185.0,1
10.0,2836.0,162.0,80.0,6.0,1205.0,75.0,0
12.0,4830.0,196.0,261.0,7.0,785.0,82.0,0
5.0,2744.0,197.0,277.0,4.0,1135.0,185.0,1
15.0,826.0,214.0,34.0,3.0,960.0,65.0,1
3.0,937.0,208.0,160.0,6.0,1055.0,267.0,1
8.0,484.0,173.0,45.0,4.0,750.0,126.0,0
14.0,1899.0,78.0,60.0,1.0,945.0,90.0,0
15.0,957.0,44.0,262.0,4.0,1100.0,75.0,0
16.0,2069.0,135.0,165.0,6.0,910.0,66.0,0
0.0,3681.0,85.0,82.0,7.0,1175.0,124.0,1
0.0,4200.0,285.0,71.0,3.0,355.0,64.0,0
10.0,2913.0,80.0,288.0,7.0,810.0,110.0,1
6.0,5608.0,115.0,16.0,6.0,757.0,86.0,0
6.0,4968.0,16.0,101.0,6.0,1310.0,76.0,1
11.0,6758.0,85.0,285.0,1.0,910.0,95.0,0
8.0,841.0,16.0,173.0,3.0,1250.0,92.0,0
14.0,1179.0,60.0,135.0,7.0,785.0,167.0,0
15.0,668.0,134.0,175.0,5.0,825.0,125.0,1
15.0,2542.0,79.0,261.0,6.0,930.0,90.0,0
4.0,7.0,244.0,135.0,5.0,504.0,60.0,0
13.0,863.0,148.0,253.0,1.0,1049.0,407.0,1
10.0,2877.0,80.0,120.0,3.0,1205.0,145.0,0
7.0,725.0,79.0,243.0,4.0,1270.0,139.0,1
13.0,246.0,208.0,43.0,6.0,1140.0,98.0,1
1.0,2086.0,183.0,148.0,4.0,1150.0,170.0,0
13.0,116.0,154.0,208.0,5.0,776.0,242.0,0
5.0,1871.0,34.0,261.0,5.0,390.0,70.0,0
10.0,3625.0,183.0,223.0,6.0,1235.0,105.0,0
14.0,343.0,135.0,217.0,4.0,480.0,186.0,1
12.0,4778.0,252.0,261.0,1.0,1005.0,113.0,0
12.0,6935.0,262.0,6.0,6.0,415.0,63.0,0
13.0,212.0,111.0,79.0,3.0,816.0,129.0,1
15.0,269.0,173.0,12.0,5.0,1210.0,160.0,0
14.0,1696.0,135.0,60.0,3.0,430.0,144.0,0
5.0,2953.0,261.0,202.0,7.0,1203.0,120.0,1
5.0,1929.0,16.0,252.0,6.0,600.0,340.0,0
15.0,870.0,18.0,155.0,1.0,655.0,70.0,0
10.0,2917.0,80.0,61.0,5.0,1045.0,140.0,0
12.0,6682.0,246.0,79.0,7.0,360.0,142.0,0
13.0,840.0,154.0,208.0,7.0,720.0,240.0,0
12.0,4874.0,197.0,112.0,4.0,915.0,78.0,1
1.0,1871.0,213.0,80.0,6.0,475.0,190.0,0
13.0,315.0,80.0,79.0,4.0,560.0,136.0,0
13.0,387.0,197.0,79.0,7.0,1117.0,131.0,1
12.0,6836.0,208.0,195.0,5.0,545.0,48.0,1
13.0,927.0,268.0,253.0,5.0,1163.0,264.0,0
2.0,322.0,252.0,258.0,5.0,405.0,128.0,0
10.0,4578.0,60.0,159.0,6.0,530.0,115.0,0
12.0,6832.0,246.0,253.0,7.0,381.0,80.0,0
1.0,1487.0,208.0,236.0,4.0,640.0,255.0,0
15.0,3833.0,217.0,154.0,7.0,1175.0,85.0,1
15.0,2381.0,159.0,175.0,3.0,1165.0,160.0,1
17.0,2901.0,54.0,60.0,4.0,660.0,69.0,0
0.0,3775.0,85.0,281.0,4.0,525.0,68.0,0
12.0,6917.0,6.0,262.0,1.0,330.0,65.0,0
13.0,386.0,252.0,79.0,3.0,427.0,168.0,1
15.0,1869.0,104.0,216.0,6.0,790.0,175.0,1
13.0,21.0,79.0,202.0,5.0,1145.0,168.0,0
5.0,1132.0,16.0,120.0,5.0,1215.0,78.0,1
16.0,2297.0,184.0,58.0,1.0,505.0,72.0,0
15.0,705.0,217.0,2.0,1.0,445.0,65.0,1
15.0,1100.0,228.0,45.0,1.0,805.0,80.0,1
1.0,1381.0,16.0,80.0,6.0,500.0,155.0,0
1.0,784.0,178.0,80.0,7.0,1115.0,95.0,0
4.0,234.0,14.0,252.0,1.0,1020.0,200.0,0
5.0,1724.0,16.0,45.0,1.0,965.0,110.0,0
4.0,683.0,35.0,135.0,6.0,435.0,266.0,1
10.0,3246.0,80.0,118.0,1.0,925.0,50.0,1
15.0,112.0,217.0,2.0,7.0,525.0,65.0,0
8.0,890.0,154.0,184.0,1.0,450.0,240.0,0
1.0,1543.0,80.0,244.0,7.0,705.0,65.0,0
13.0,230.0,79.0,84.0,5.0,1225.0,106.0,0
13.0,635.0,233.0,208.0,6.0,362.0,135.0,1
15.0,1590.0,45.0,43.0,3.0,1050.0,70.0,0
8.0,657.0,16.0,244.0,6.0,625.0,160.0,0
6.0,5246.0,52.0,16.0,4.0,733.0,57.0,0
14.0,86.0,205.0,217.0,6.0,360.0,175.0,0
1.0,1076.0,268.0,78.0,1.0,900.0,115.0,0
15.0,2384.0,33.0,233.0,7.0,500.0,85.0,0
13.0,15.0,148.0,253.0,3.0,870.0,403.0,1
1.0,2453.0,80.0,154.0,3.0,915.0,200.0,0
12.0,7756.0,49.0,261.0,1.0,1087.0,68.0,0
1.0,59.0,148.0,253.0,7.0,420.0,405.0,0
4.0,638.0,96.0,183.0,6.0,1200.0,184.0,0
12.0,4869.0,177.0,261.0,3.0,395.0,206.0,0
15.0,1569.0,217.0,236.0,4.0,920.0,110.0,0
13.0,309.0,79.0,135.0,7.0,1265.0,135.0,0
14.0,1271.0,35.0,216.0,1.0,750.0,94.0,0
6.0,5572.0,16.0,41.0,7.0,725.0,94.0,1
15.0,2539.0,18.0,33.0,3.0,490.0,115.0,0
12.0,6868.0,79.0,34.0,4.0,1299.0,122.0,0
17.0,2697.0,217.0,160.0,4.0,1266.0,82.0,1
10.0,4503.0,61.0,148.0,7.0,375.0,105.0,0
15.0,1027.0,184.0,172.0,4.0,455.0,95.0,0
14.0,1596.0,80.0,216.0,1.0,668.0,187.0,1
17.0,7263.0,134.0,172.0,5.0,1047.0,169.0,0
12.0,6821.0,231.0,253.0,6.0,605.0,69.0,0
1.0,2097.0,80.0,244.0,6.0,635.0,65.0,0
12.0,4562.0,262.0,261.0,4.0,990.0,99.0,1
0.0,4327.0,106.0,197.0,7.0,395.0,105.0,1
10.0,4134.0,22.0,208.0,4.0,710.0,165.0,0
5.0,1914.0,261.0,34.0,1.0,810.0,70.0,0
14.0,1613.0,96.0,60.0,5.0,390.0,124.0,0
8.0,704.0,76.0,16.0,5.0,652.0,99.0,0
4.0,1645.0,58.0,135.0,1.0,1075.0,190.0,0
2.0,675.0,79.0,252.0,4.0,725.0,172.0,0
10.0,2909.0,80.0,285.0,6.0,1110.0,115.0,0
13.0,538.0,153.0,154.0,7.0,1243.0,81.0,1
5.0,2864.0,173.0,177.0,5.0,446.0,129.0,0
8.0,402.0,16.0,139.0,1.0,625.0,97.0,0
5.0,1302.0,177.0,197.0,4.0,505.0,134.0,0
6.0,7072.0,221.0,134.0,6.0,1058.0,63.0,0
1.0,1017.0,268.0,80.0,3.0,1130.0,115.0,0
1.0,560.0,208.0,78.0,3.0,1250.0,105.0,1
8.0,159.0,139.0,45.0,5.0,1145.0,100.0,1
6.0,5060.0,16.0,54.0,6.0,970.0,72.0,0
6.0,5492.0,16.0,119.0,4.0,1249.0,119.0,1
12.0,6731.0,184.0,79.0,3.0,511.0,185.0,1
10.0,2700.0,239.0,80.0,4.0,855.0,85.0,0
15.0,459.0,79.0,205.0,3.0,620.0,80.0,0
12.0,6391.0,79.0,280.0,6.0,906.0,118.0,0
1.0,1118.0,80.0,221.0,5.0,1100.0,150.0,0
15.0,1055.0,173.0,216.0,4.0,730.0,145.0,0
1.0,1712.0,207.0,80.0,4.0,695.0,170.0,1
5.0,1681.0,96.0,85.0,7.0,1182.0,122.0,1
5.0,2900.0,16.0,35.0,1.0,360.0,142.0,0
16.0,2281.0,223.0,135.0,1.0,390.0,100.0,0
7.0,234.0,264.0,79.0,5.0,618.0,129.0,0
5.0,2092.0,277.0,85.0,7.0,1082.0,157.0,0
4.0,1826.0,178.0,135.0,4.0,494.0,67.0,0
14.0,275.0,217.0,135.0,3.0,960.0,154.0,0
15.0,607.0,209.0,45.0,5.0,625.0,55.0,1
11.0,6336.0,78.0,148.0,5.0,865.0,100.0,0
15.0,1040.0,22.0,45.0,6.0,1050.0,75.0,1
1.0,417.0,80.0,18.0,5.0,1350.0,55.0,0
1.0,1364.0,154.0,208.0,6.0,420.0,250.0,0
15.0,3408.0,44.0,262.0,4.0,965.0,80.0,1
11.0,6763.0,148.0,273.0,5.0,910.0,86.0,0
15.0,3059.0,214.0,261.0,4.0,985.0,105.0,0
2.0,602.0,252.0,153.0,1.0,460.0,142.0,1
15.0,2010.0,104.0,172.0,3.0,755.0,210.0,1
15.0,2015.0,175.0,182.0,4.0,840.0,125.0,0
15.0,2196.0,43.0,104.0,6.0,540.0,190.0,0
12.0,6533.0,79.0,137.0,5.0,906.0,98.0,1
5.0,2671.0,78.0,173.0,1.0,839.0,139.0,1
15.0,3415.0,75.0,268.0,7.0,955.0,100.0,0
14.0,97.0,216.0,221.0,3.0,470.0,81.0,0
12.0,6289.0,153.0,227.0,5.0,1024.0,60.0,0
2.0,65.0,151.0,289.0,4.0,540.0,51.0,0
13.0,339.0,79.0,252.0,4.0,690.0,183.0,0
14.0,1047.0,78.0,60.0,5.0,1035.0,92.0,0
16.0,3095.0,61.0,135.0,4.0,685.0,176.0,0
15.0,2887.0,264.0,79.0,5.0,1045.0,135.0,1
15.0,2053.0,253.0,153.0,4.0,1030.0,95.0,0
15.0,245.0,217.0,262.0,5.0,665.0,125.0,1
15.0,39.0,87.0,173.0,4.0,1160.0,65.0,1
5.0,1890.0,16.0,268.0,3.0,825.0,104.0,0
12.0,6926.0,79.0,16.0,5.0,1064.0,164.0,1
12.0,4660.0,261.0,196.0,7.0,1297.0,90.0,0
8.0,1430.0,35.0,215.0,4.0,1190.0,101.0,0
2.0,14.0,252.0,96.0,4.0,905.0,307.0,0
8.0,910.0,16.0,215.0,5.0,1066.0,80.0,0
1.0,19.0,148.0,154.0,7.0,635.0,375.0,0
15.0,167.0,153.0,13.0,4.0,715.0,125.0,0
15.0,1359.0,172.0,153.0,6.0,1020.0,200.0,0
12.0,6974.0,126.0,79.0,3.0,380.0,67.0,1
15.0,1122.0,85.0,79.0,4.0,400.0,200.0,1
1.0,1772.0,183.0,148.0,7.0,845.0,170.0,1
15.0,257.0,129.0,18.0,7.0,1055.0,45.0,1
5.0,1759.0,215.0,16.0,1.0,973.0,115.0,0
14.0,1095.0,233.0,216.0,1.0,940.0,98.0,1
14.0,1118.0,60.0,229.0,1.0,1090.0,129.0,0
13.0,301.0,79.0,153.0,1.0,690.0,122.0,0
14.0,1775.0,216.0,78.0,5.0,1065.0,55.0,0
5.0,1062.0,173.0,154.0,4.0,1090.0,346.0,1
5.0,2082.0,16.0,215.0,6.0,837.0,96.0,0
0.0,3758.0,20.0,85.0,6.0,745.0,100.0,0
1.0,1109.0,80.0,18.0,7.0,430.0,60.0,0
14.0,2119.0,35.0,159.0,1.0,480.0,75.0,1
17.0,7288.0,208.0,42.0,5.0,1148.0,116.0,0
15.0,895.0,33.0,79.0,7.0,1070.0,185.0,1
4.0,359.0,78.0,135.0,5.0,1055.0,207.0,1
0.0,3793.0,60.0,16.0,4.0,573.0,90.0,0
17.0,2619.0,60.0,33.0,7.0,1085.0,91.0,1
5.0,2183.0,198.0,159.0,4.0,690.0,167.0,0
1.0,2413.0,204.0,80.0,4.0,450.0,65.0,0
14.0,1616.0,60.0,96.0,1.0,590.0,115.0,1
15.0,3658.0,45.0,233.0,4.0,440.0,65.0,0
13.0,581.0,79.0,134.0,6.0,524.0,198.0,0
9.0,101.0,143.0,128.0,1.0,383.0,49.0,0
13.0,672.0,208.0,159.0,3.0,480.0,132.0,1
9.0,169.0,150.0,203.0,5.0,760.0,31.0,0
4.0,1728.0,135.0,280.0,1.0,1095.0,165.0,0
17.0,2751.0,2.0,217.0,7.0,1125.0,90.0,0
15.0,2786.0,34.0,202.0,4.0,560.0,100.0,0
15.0,1094.0,217.0,91.0,4.0,660.0,70.0,0
3.0,350.0,44.0,148.0,4.0,430.0,314.0,0
13.0,74.0,128.0,253.0,4.0,832.0,312.0,0
17.0,2763.0,91.0,217.0,1.0,735.0,81.0,0
15.0,958.0,243.0,79.0,4.0,615.0,135.0,1
1.0,7.0,80.0,203.0,4.0,690.0,510.0,0
13.0,462.0,154.0,79.0,3.0,1205.0,135.0,0
6.0,7136.0,134.0,159.0,6.0,497.0,75.0,1
15.0,1980.0,79.0,154.0,3.0,805.0,155.0,1
14.0,1023.0,22.0,216.0,6.0,435.0,86.0,0
15.0,1268.0,153.0,243.0,4.0,790.0,65.0,0
10.0,2859.0,101.0,80.0,3.0,950.0,190.0,0
10.0,2734.0,1.0,80.0,5.0,350.0,50.0,0
17.0,2689.0,60.0,251.0,5.0,1074.0,93.0,0
15.0,256.0,217.0,173.0,7.0,630.0,245.0,1
16.0,2631.0,135.0,158.0,4.0,885.0,54.0,0
15.0,582.0,111.0,252.0,4.0,1090.0,65.0,1
0.0,3761.0,142.0,85.0,1.0,1000.0,94.0,0
5.0,2325.0,45.0,16.0,3.0,900.0,123.0,0
12.0,4517.0,28.0,261.0,4.0,465.0,83.0,0
13.0,345.0,216.0,208.0,5.0,446.0,142.0,0
12.0,6625.0,79.0,46.0,5.0,475.0,110.0,0
8.0,92.0,233.0,16.0,7.0,645.0,86.0,0
5.0,2516.0,153.0,85.0,5.0,1006.0,236.0,0
15.0,897.0,264.0,258.0,5.0,490.0,80.0,0
1.0,385.0,45.0,80.0,7.0,420.0,215.0,0
16.0,2084.0,58.0,216.0,4.0,680.0,79.0,0
1.0,848.0,80.0,16.0,7.0,1070.0,130.0,1
4.0,1054.0,96.0,213.0,3.0,695.0,178.0,1
16.0,2577.0,54.0,135.0,5.0,1040.0,169.0,1
5.0,2457.0,119.0,197.0,4.0,615.0,90.0,0
15.0,1540.0,217.0,2.0,4.0,1225.0,65.0,1
15.0,1265.0,175.0,35.0,1.0,515.0,135.0,1
4.0,479.0,135.0,244.0,5.0,1160.0,66.0,1
14.0,1813.0,60.0,277.0,4.0,465.0,100.0,0
12.0,6700.0,164.0,79.0,7.0,775.0,92.0,0
16.0,3031.0,96.0,60.0,6.0,480.0,129.0,0
12.0,6465.0,261.0,154.0,1.0,370.0,120.0,0
1.0,1701.0,80.0,243.0,1.0,845.0,190.0,0
15.0,731.0,216.0,35.0,3.0,1035.0,80.0,1
3.0,238.0,160.0,261.0,3.0,1175.0,99.0,0
12.0,6717.0,85.0,79.0,3.0,984.0,200.0,1
15.0,1185.0,253.0,79.0,3.0,755.0,150.0,0
4.0,347.0,208.0,135.0,5.0,485.0,165.0,1
1.0,451.0,233.0,208.0,4.0,500.0,135.0,0
5.0,68.0,183.0,16.0,6.0,892.0,122.0,0
5.0,1891.0,16.0,277.0,7.0,529.0,97.0,0
13.0,262.0,134.0,233.0,1.0,510.0,72.0,0
13.0,755.0,173.0,134.0,1.0,545.0,132.0,0
5.0,2650.0,261.0,45.0,4.0,1034.0,252.0,1
7.0,868.0,217.0,79.0,3.0,465.0,105.0,0
15.0,1427.0,33.0,198.0,5.0,940.0,95.0,1
15.0,1076.0,129.0,154.0,5.0,425.0,225.0,1
15.0,1138.0,258.0,214.0,5.0,1250.0,105.0,1
3.0,406.0,243.0,35.0,6.0,845.0,309.0,0
11.0,6541.0,71.0,197.0,1.0,915.0,130.0,1
15.0,1306.0,2.0,153.0,4.0,785.0,95.0,0
12.0,6687.0,253.0,194.0,1.0,632.0,46.0,0
15.0,2010.0,175.0,79.0,1.0,1045.0,165.0,1
5.0,1289.0,134.0,16.0,6.0,1058.0,120.0,0
15.0,1642.0,91.0,129.0,4.0,495.0,105.0,0
5.0,2277.0,177.0,80.0,3.0,1165.0,103.0,0
12.0,6945.0,79.0,204.0,4.0,840.0,89.0,1
15.0,654.0,173.0,61.0,3.0,515.0,135.0,0
6.0,7103.0,208.0,47.0,5.0,1265.0,109.0,0
15.0,1685.0,214.0,258.0,4.0,1100.0,105.0,1
12.0,4476.0,261.0,111.0,6.0,915.0,106.0,1
15.0,822.0,45.0,175.0,1.0,1045.0,125.0,1
3.0,327.0,22.0,104.0,1.0,886.0,192.0,1
3.0,140.0,213.0,148.0,6.0,482.0,148.0,0
5.0,1787.0,197.0,243.0,3.0,1290.0,238.0,1
12.0,6282.0,154.0,144.0,5.0,665.0,54.0,0
6.0,4947.0,16.0,47.0,4.0,905.0,64.0,0
10.0,3533.0,80.0,58.0,7.0,465.0,150.0,0
1.0,2356.0,80.0,208.0,5.0,905.0,140.0,0
16.0,2719.0,118.0,135.0,3.0,390.0,60.0,1
5.0,1184.0,16.0,261.0,6.0,646.0,262.0,0
14.0,957.0,221.0,60.0,4.0,430.0,96.0,1
14.0,1419.0,216.0,154.0,4.0,580.0,370.0,0
5.0,1304.0,60.0,197.0,4.0,676.0,178.0,0
8.0,678.0,173.0,184.0,4.0,1182.0,175.0,0
17.0,2675.0,153.0,154.0,7.0,885.0,68.0,0
10.0,4146.0,148.0,61.0,1.0,895.0,125.0,0
8.0,653.0,16.0,244.0,6.0,1260.0,161.0,0
12.0,6603.0,79.0,2.0,3.0,816.0,74.0,1
9.0,28.0,128.0,252.0,5.0,1355.0,340.0,0
12.0,4675.0,261.0,44.0,1.0,915.0,115.0,0
17.0,7258.0,42.0,208.0,7.0,360.0,156.0,0
4.0,1511.0,135.0,264.0,3.0,1050.0,222.0,1
12.0,7803.0,282.0,261.0,6.0,1095.0,56.0,1
12.0,6649.0,235.0,79.0,6.0,935.0,70.0,0
12.0,6609.0,207.0,253.0,3.0,597.0,85.0,0
5.0,2630.0,197.0,35.0,5.0,420.0,166.0,0
16.0,2684.0,177.0,135.0,6.0,390.0,102.0,0
10.0,4376.0,233.0,148.0,6.0,860.0,99.0,1
1.0,1833.0,96.0,80.0,7.0,725.0,245.0,0
12.0,6590.0,79.0,177.0,1.0,615.0,136.0,0
7.0,262.0,79.0,264.0,1.0,495.0,143.0,1
10.0,3738.0,208.0,96.0,6.0,875.0,144.0,1
12.0,4695.0,208.0,261.0,6.0,805.0,205.0,1
10.0,2854.0,80.0,118.0,7.0,1100.0,50.0,1
1.0,971.0,16.0,183.0,5.0,380.0,110.0,0
6.0,5595.0,16.0,95.0,7.0,1236.0,84.0,0
7.0,448.0,79.0,216.0,1.0,640.0,209.0,1
6.0,5499.0,35.0,78.0,3.0,1055.0,110.0,1
10.0,3068.0,243.0,154.0,5.0,945.0,45.0,0
12.0,6630.0,199.0,79.0,7.0,652.0,63.0,0
15.0,2553.0,243.0,236.0,3.0,430.0,90.0,0
15.0,1079.0,141.0,45.0,3.0,515.0,70.0,1
12.0,4725.0,261.0,160.0,1.0,1010.0,112.0,1
8.0,791.0,16.0,268.0,4.0,937.0,105.0,0
8.0,1495.0,172.0,173.0,7.0,818.0,158.0,0
16.0,2316.0,2.0,135.0,5.0,670.0,117.0,0
6.0,5339.0,278.0,16.0,5.0,435.0,77.0,0
13.0,166.0,154.0,35.0,7.0,1349.0,336.0,1
1.0,2408.0,154.0,80.0,6.0,55.0,170.0,0
14.0,2181.0,159.0,78.0,6.0,960.0,76.0,0
15.0,1082.0,129.0,268.0,3.0,1130.0,115.0,1
15.0,1923.0,153.0,280.0,5.0,750.0,75.0,1
5.0,1416.0,16.0,209.0,4.0,445.0,98.0,0
15.0,742.0,243.0,217.0,1.0,835.0,70.0,0
14.0,627.0,217.0,202.0,5.0,1270.0,123.0,0
12.0,7766.0,261.0,220.0,1.0,1015.0,64.0,1
16.0,3073.0,58.0,119.0,4.0,1040.0,60.0,0
12.0,3094.0,184.0,205.0,5.0,852.0,80.0,0
5.0,2584.0,261.0,236.0,6.0,695.0,91.0,1
5.0,1740.0,153.0,261.0,5.0,650.0,83.0,0
11.0,6354.0,71.0,94.0,3.0,810.0,59.0,1
12.0,6274.0,130.0,208.0,3.0,1174.0,156.0,1
13.0,154.0,79.0,35.0,1.0,646.0,233.0,0
1.0,867.0,78.0,208.0,5.0,1035.0,135.0,1
12.0,6505.0,163.0,253.0,4.0,315.0,95.0,0
5.0,2848.0,104.0,22.0,1.0,725.0,178.0,0
12.0,6837.0,79.0,83.0,7.0,499.0,62.0,1
15.0,3936.0,153.0,236.0,7.0,1280.0,75.0,0
10.0,3392.0,108.0,80.0,7.0,605.0,65.0,1
15.0,1107.0,268.0,173.0,7.0,485.0,140.0,0
8.0,653.0,16.0,244.0,7.0,1270.0,161.0,1
6.0,5230.0,162.0,16.0,1.0,531.0,96.0,0
0.0,3965.0,16.0,129.0,6.0,960.0,140.0,0
13.0,270.0,79.0,173.0,4.0,767.0,205.0,0
9.0,388.0,128.0,150.0,6.0,1015.0,43.0,0
2.0,521.0,44.0,252.0,4.0,1130.0,156.0,1
15.0,1590.0,207.0,153.0,4.0,415.0,60.0,0
16.0,2592.0,139.0,58.0,4.0,810.0,62.0,0
5.0,1560.0,252.0,71.0,1.0,740.0,257.0,1
0.0,4053.0,245.0,159.0,3.0,764.0,130.0,0
5.0,3.0,261.0,148.0,7.0,515.0,285.0,0
0.0,4225.0,152.0,85.0,4.0,1030.0,56.0,1
16.0,2117.0,162.0,135.0,5.0,565.0,84.0,0
15.0,34.0,104.0,129.0,1.0,725.0,175.0,1
13.0,610.0,208.0,78.0,4.0,660.0,111.0,0
10.0,4278.0,62.0,208.0,5.0,380.0,55.0,0
16.0,2414.0,198.0,58.0,5.0,670.0,133.0,0
14.0,2137.0,35.0,159.0,3.0,1020.0,79.0,1
16.0,2115.0,42.0,96.0,5.0,801.0,99.0,0
15.0,2982.0,147.0,33.0,1.0,630.0,95.0,1
13.0,212.0,111.0,79.0,1.0,816.0,129.0,0
10.0,3311.0,80.0,266.0,5.0,495.0,50.0,0
16.0,2411.0,16.0,135.0,5.0,1270.0,139.0,0
3.0,1411.0,173.0,18.0,1.0,775.0,169.0,1
1.0,1376.0,183.0,80.0,7.0,970.0,200.0,1
0.0,3990.0,177.0,254.0,4.0,560.0,75.0,0
15.0,1144.0,214.0,262.0,6.0,685.0,85.0,1
2.0,52.0,39.0,98.0,7.0,1220.0,80.0,0
15.0,1500.0,35.0,216.0,5.0,425.0,100.0,0
15.0,1616.0,175.0,58.0,6.0,745.0,70.0,0
2.0,587.0,264.0,214.0,6.0,615.0,148.0,0
1.0,1743.0,85.0,80.0,4.0,705.0,185.0,1
8.0,777.0,16.0,153.0,1.0,635.0,285.0,0
1.0,1344.0,244.0,80.0,7.0,705.0,70.0,0
1.0,600.0,253.0,80.0,6.0,440.0,210.0,1
15.0,221.0,217.0,153.0,7.0,735.0,65.0,1
15.0,770.0,217.0,243.0,5.0,910.0,70.0,1
15.0,3079.0,33.0,268.0,1.0,930.0,65.0,0
5.0,1580.0,253.0,16.0,6.0,360.0,270.0,0
10.0,3879.0,208.0,78.0,4.0,905.0,105.0,1
10.0,3479.0,80.0,162.0,4.0,505.0,70.0,0
10.0,2833.0,80.0,56.0,6.0,475.0,115.0,0
5.0,221.0,78.0,16.0,7.0,1080.0,115.0,0
10.0,4041.0,32.0,208.0,7.0,995.0,55.0,1
5.0,1047.0,16.0,268.0,6.0,665.0,105.0,0
15.0,869.0,79.0,154.0,7.0,590.0,155.0,0
15.0,3073.0,243.0,202.0,5.0,720.0,85.0,0
15.0,783.0,217.0,91.0,5.0,1205.0,65.0,0
4.0,620.0,18.0,135.0,5.0,1158.0,57.0,0
12.0,4465.0,114.0,261.0,1.0,405.0,59.0,1
3.0,310.0,104.0,134.0,6.0,685.0,144.0,1
5.0,174.0,173.0,16.0,5.0,1170.0,95.0,1
15.0,882.0,147.0,104.0,5.0,1060.0,70.0,0
5.0,2296.0,197.0,159.0,3.0,1035.0,168.0,1
10.0,3786.0,135.0,208.0,1.0,925.0,155.0,0
15.0,257.0,18.0,155.0,5.0,1125.0,70.0,1
10.0,2723.0,13.0,80.0,1.0,895.0,65.0,1
6.0,4996.0,54.0,16.0,6.0,1010.0,80.0,0
5.0,2190.0,16.0,184.0,3.0,634.0,126.0,1
13.0,535.0,16.0,208.0,1.0,680.0,133.0,0
3.0,496.0,79.0,35.0,1.0,655.0,223.0,0
1.0,662.0,80.0,85.0,7.0,1180.0,155.0,1
1.0,119.0,96.0,154.0,1.0,1090.0,380.0,1
14.0,594.0,236.0,217.0,6.0,755.0,100.0,0
8.0,927.0,172.0,16.0,3.0,649.0,116.0,0
17.0,1038.0,128.0,150.0,6.0,915.0,40.0,0
12.0,6654.0,279.0,208.0,5.0,788.0,113.0,1
5.0,2477.0,154.0,203.0,3.0,1062.0,352.0,0
12.0,4576.0,197.0,157.0,4.0,925.0,120.0,0
4.0,1455.0,213.0,96.0,3.0,437.0,163.0,0
5.0,1324.0,16.0,234.0,7.0,585.0,103.0,1
5.0,1723.0,35.0,85.0,7.0,864.0,136.0,0
15.0,2379.0,207.0,262.0,7.0,680.0,80.0,1
3.0,1016.0,148.0,35.0,5.0,1075.0,76.0,0
0.0,4127.0,22.0,233.0,6.0,405.0,123.0,0
16.0,2621.0,96.0,251.0,4.0,400.0,145.0,0
4.0,328.0,96.0,60.0,6.0,1095.0,119.0,0
15.0,1042.0,202.0,154.0,7.0,900.0,75.0,0
14.0,1475.0,216.0,16.0,5.0,1230.0,138.0,0
15.0,748.0,129.0,173.0,4.0,880.0,130.0,1
16.0,5933.0,208.0,162.0,3.0,499.0,107.0,1
14.0,1291.0,60.0,277.0,7.0,990.0,107.0,0
3.0,16.0,104.0,148.0,7.0,850.0,170.0,1
5.0,1286.0,209.0,16.0,6.0,883.0,117.0,0
1.0,491.0,204.0,80.0,1.0,635.0,60.0,0
17.0,2675.0,153.0,154.0,3.0,885.0,68.0,0
14.0,1291.0,60.0,277.0,5.0,990.0,107.0,0
14.0,480.0,217.0,44.0,3.0,1265.0,87.0,0
2.0,64.0,149.0,226.0,3.0,842.0,44.0,1
8.0,1096.0,173.0,139.0,4.0,480.0,140.0,0
13.0,622.0,208.0,78.0,3.0,1025.0,111.0,1
14.0,1423.0,78.0,60.0,3.0,345.0,85.0,0
15.0,1691.0,58.0,45.0,3.0,830.0,75.0,1
4.0,16.0,154.0,96.0,1.0,625.0,315.0,1
3.0,1424.0,160.0,214.0,4.0,1085.0,141.0,0
5.0,2055.0,261.0,16.0,6.0,50.0,210.0,0
4.0,414.0,80.0,135.0,4.0,581.0,62.0,0
8.0,635.0,45.0,76.0,6.0,952.0,93.0,0
4.0,800.0,104.0,96.0,1.0,870.0,183.0,1
15.0,2031.0,252.0,153.0,7.0,700.0,150.0,1
15.0,474.0,45.0,209.0,1.0,690.0,50.0,1
6.0,5280.0,177.0,33.0,7.0,1140.0,62.0,0
12.0,6903.0,285.0,208.0,4.0,918.0,107.0,0
10.0,3279.0,80.0,118.0,1.0,835.0,50.0,1
1.0,1605.0,208.0,243.0,5.0,1000.0,270.0,0
15.0,412.0,154.0,202.0,4.0,1285.0,75.0,0
5.0,2403.0,85.0,104.0,1.0,620.0,191.0,1
7.0,225.0,79.0,262.0,3.0,505.0,154.0,1
4.0,249.0,104.0,135.0,5.0,1075.0,164.0,1
10.0,4665.0,159.0,16.0,3.0,495.0,165.0,1
10.0,3315.0,80.0,146.0,4.0,400.0,80.0,0
15.0,514.0,175.0,153.0,5.0,620.0,245.0,0
12.0,6256.0,99.0,208.0,5.0,808.0,112.0,0
4.0,755.0,135.0,16.0,5.0,1150.0,122.0,0
12.0,6416.0,24.0,253.0,3.0,723.0,72.0,0
10.0,2953.0,13.0,80.0,7.0,490.0,70.0,0
4.0,1562.0,135.0,241.0,3.0,819.0,127.0,1
15.0,1136.0,154.0,253.0,4.0,455.0,80.0,0
15.0,377.0,217.0,214.0,4.0,1145.0,175.0,0
13.0,264.0,217.0,79.0,4.0,424.0,111.0,0
13.0,148.0,134.0,173.0,1.0,890.0,142.0,0
14.0,90.0,96.0,217.0,7.0,610.0,329.0,0
11.0,6603.0,82.0,197.0,3.0,757.0,63.0,0
1.0,1484.0,80.0,18.0,5.0,1185.0,60.0,1
5.0,1840.0,161.0,154.0,5.0,1291.0,325.0,0
5.0,2975.0,209.0,16.0,7.0,729.0,120.0,0
12.0,4503.0,197.0,29.0,1.0,790.0,80.0,1
15.0,490.0,175.0,129.0,1.0,1025.0,170.0,1
2.0,510.0,252.0,264.0,4.0,630.0,163.0,0
12.0,6911.0,184.0,208.0,5.0,631.0,44.0,0
3.0,290.0,160.0,252.0,7.0,430.0,163.0,0
15.0,3915.0,33.0,175.0,1.0,580.0,85.0,1
13.0,286.0,135.0,134.0,3.0,998.0,179.0,0
1.0,379.0,80.0,264.0,5.0,1100.0,195.0,0
6.0,5044.0,87.0,16.0,1.0,330.0,68.0,0
1.0,810.0,208.0,78.0,5.0,815.0,105.0,0
5.0,2272.0,277.0,16.0,5.0,510.0,100.0,0
15.0,2744.0,175.0,205.0,7.0,635.0,85.0,1
15.0,249.0,75.0,162.0,3.0,885.0,60.0,0
12.0,6941.0,208.0,65.0,1.0,1079.0,153.0,1
7.0,225.0,79.0,262.0,6.0,505.0,154.0,0
1.0,2538.0,153.0,208.0,4.0,40.0,200.0,0
17.0,2663.0,60.0,16.0,6.0,965.0,79.0,1
6.0,5113.0,81.0,16.0,1.0,620.0,60.0,0
15.0,756.0,217.0,153.0,1.0,820.0,65.0,1
13.0,317.0,79.0,134.0,1.0,1073.0,201.0,0
15.0,703.0,262.0,264.0,3.0,670.0,85.0,1
15.0,1049.0,252.0,153.0,6.0,1015.0,145.0,0
0.0,3790.0,204.0,16.0,5.0,1065.0,130.0,0
2.0,471.0,154.0,252.0,3.0,1110.0,166.0,0
5.0,2559.0,85.0,268.0,1.0,535.0,119.0,1
1.0,1589.0,33.0,80.0,6.0,775.0,125.0,0
1.0,741.0,159.0,80.0,5.0,740.0,245.0,0
15.0,1259.0,45.0,33.0,5.0,430.0,120.0,1
10.0,3492.0,162.0,80.0,7.0,935.0,75.0,0
16.0,2767.0,12.0,58.0,3.0,860.0,95.0,0
3.0,63.0,148.0,277.0,7.0,360.0,176.0,0
3.0,1009.0,35.0,148.0,4.0,885.0,80.0,1
5.0,2588.0,16.0,262.0,4.0,510.0,327.0,1
1.0,1187.0,209.0,80.0,3.0,1090.0,215.0,1
1.0,1176.0,183.0,45.0,7.0,1295.0,144.0,0
14.0,1123.0,197.0,60.0,3.0,420.0,158.0,0
13.0,118.0,154.0,253.0,3.0,920.0,83.0,0
15.0,3138.0,139.0,79.0,1.0,690.0,185.0,0
10.0,3251.0,80.0,256.0,5.0,1345.0,50.0,0
10.0,4625.0,159.0,233.0,4.0,360.0,100.0,0
0.0,4264.0,223.0,16.0,4.0,709.0,70.0,0
0.0,4099.0,58.0,197.0,7.0,400.0,135.0,0
1.0,2243.0,221.0,80.0,3.0,745.0,190.0,1
2.0,618.0,252.0,153.0,5.0,945.0,146.0,0
6.0,5057.0,58.0,16.0,3.0,850.0,115.0,1
0.0,4266.0,197.0,119.0,3.0,635.0,87.0,1
5.0,2143.0,96.0,16.0,4.0,500.0,160.0,0
8.0,1096.0,173.0,139.0,1.0,480.0,140.0,0
7.0,106.0,79.0,197.0,4.0,635.0,116.0,0
16.0,2715.0,135.0,47.0,5.0,820.0,131.0,1
10.0,3778.0,208.0,78.0,3.0,550.0,105.0,1
13.0,446.0,172.0,208.0,7.0,821.0,90.0,0
15.0,45.0,268.0,75.0,1.0,920.0,105.0,1
1.0,1511.0,173.0,80.0,7.0,630.0,185.0,0
15.0,1392.0,153.0,44.0,4.0,695.0,70.0,1
17.0,1044.0,143.0,128.0,3.0,580.0,47.0,0
3.0,1010.0,148.0,35.0,1.0,839.0,78.0,0
6.0,5592.0,16.0,47.0,7.0,595.0,73.0,0
15.0,3130.0,258.0,217.0,6.0,695.0,110.0,0
1.0,549.0,104.0,208.0,1.0,450.0,195.0,0
15.0,2807.0,2.0,129.0,4.0,895.0,120.0,0
12.0,6906.0,79.0,44.0,4.0,1106.0,148.0,0
4.0,234.0,14.0,252.0,3.0,1020.0,200.0,1
17.0,2651.0,84.0,217.0,6.0,470.0,205.0,0
1.0,2353.0,96.0,208.0,3.0,1020.0,170.0,0
12.0,4656.0,197.0,157.0,7.0,1155.0,120.0,0
4.0,1849.0,104.0,135.0,6.0,725.0,169.0,0
15.0,674.0,146.0,173.0,5.0,620.0,100.0,1
12.0,6324.0,79.0,192.0,6.0,614.0,102.0,0
5.0,2651.0,216.0,261.0,3.0,430.0,318.0,0
5.0,165.0,148.0,154.0,7.0,900.0,394.0,0
15.0,2003.0,258.0,207.0,6.0,690.0,65.0,0
5.0,2201.0,35.0,16.0,6.0,1035.0,185.0,0
4.0,151.0,233.0,135.0,4.0,365.0,180.0,0
5.0,2745.0,85.0,253.0,3.0,540.0,332.0,1
10.0,2941.0,80.0,223.0,4.0,935.0,100.0,0
10.0,3752.0,208.0,58.0,3.0,1285.0,75.0,0
0.0,3705.0,26.0,85.0,1.0,504.0,156.0,0
11.0,6265.0,132.0,85.0,5.0,610.0,117.0,0
12.0,6602.0,253.0,262.0,6.0,1181.0,42.0,1
3.0,67.0,43.0,148.0,3.0,841.0,87.0,1
13.0,237.0,221.0,253.0,5.0,415.0,353.0,0
11.0,6266.0,134.0,85.0,4.0,573.0,107.0,1
15.0,779.0,45.0,173.0,5.0,390.0,140.0,0
6.0,5037.0,116.0,16.0,1.0,945.0,86.0,0
10.0,3676.0,183.0,61.0,5.0,685.0,160.0,0
10.0,3672.0,251.0,183.0,6.0,435.0,155.0,1
2.0,104.0,14.0,252.0,7.0,1140.0,202.0,0
15.0,1846.0,79.0,33.0,5.0,1140.0,150.0,0
4.0,1561.0,217.0,135.0,5.0,505.0,150.0,1
5.0,1306.0,280.0,16.0,3.0,862.0,203.0,0
11.0,6511.0,177.0,71.0,5.0,1135.0,92.0,0
5.0,2448.0,71.0,241.0,4.0,1225.0,137.0,1
14.0,1120.0,173.0,60.0,6.0,623.0,96.0,0
15.0,868.0,153.0,44.0,1.0,1065.0,65.0,1
6.0,5117.0,16.0,101.0,1.0,525.0,85.0,1
1.0,1004.0,183.0,78.0,7.0,815.0,145.0,0
13.0,843.0,154.0,208.0,1.0,847.0,243.0,1
15.0,583.0,243.0,217.0,6.0,705.0,70.0,1
1.0,1548.0,80.0,78.0,7.0,885.0,170.0,1
6.0,4984.0,78.0,35.0,5.0,475.0,95.0,0
15.0,852.0,44.0,258.0,3.0,1055.0,65.0,1
15.0,3510.0,173.0,175.0,5.0,1040.0,175.0,0
15.0,738.0,33.0,175.0,3.0,905.0,90.0,1
12.0,4543.0,261.0,204.0,6.0,1200.0,135.0,1
1.0,2438.0,80.0,79.0,3.0,1050.0,125.0,0
13.0,923.0,134.0,79.0,5.0,892.0,242.0,0
15.0,534.0,217.0,279.0,7.0,1005.0,135.0,1
12.0,6639.0,79.0,46.0,4.0,870.0,109.0,1
16.0,2735.0,165.0,135.0,4.0,667.0,69.0,0
0.0,3865.0,43.0,85.0,4.0,1040.0,75.0,0
8.0,865.0,173.0,97.0,7.0,666.0,68.0,0
14.0,1634.0,277.0,60.0,4.0,720.0,100.0,0
12.0,4632.0,261.0,196.0,1.0,669.0,91.0,0
10.0,4155.0,208.0,85.0,1.0,775.0,80.0,0
12.0,6933.0,152.0,208.0,4.0,527.0,71.0,0
13.0,998.0,173.0,208.0,4.0,419.0,178.0,0
15.0,380.0,79.0,197.0,4.0,620.0,125.0,0
8.0,907.0,215.0,16.0,4.0,943.0,112.0,0
10.0,3709.0,16.0,208.0,4.0,845.0,125.0,1
3.0,43.0,148.0,173.0,4.0,967.0,183.0,0
8.0,754.0,132.0,45.0,5.0,420.0,110.0,0
15.0,2579.0,153.0,264.0,6.0,980.0,65.0,1
12.0,6618.0,253.0,248.0,1.0,932.0,68.0,0
1.0,411.0,80.0,264.0,1.0,815.0,200.0,0
1.0,696.0,80.0,183.0,5.0,1015.0,165.0,0
5.0,302.0,16.0,215.0,6.0,1290.0,96.0,0
4.0,232.0,135.0,159.0,1.0,575.0,202.0,0
12.0,6929.0,79.0,83.0,6.0,1127.0,64.0,0
2.0,124.0,98.0,252.0,5.0,525.0,225.0,0
16.0,2611.0,58.0,251.0,5.0,1025.0,72.0,1
10.0,4164.0,61.0,208.0,4.0,1055.0,90.0,1
16.0,2200.0,135.0,204.0,6.0,700.0,73.0,0
13.0,89.0,228.0,208.0,4.0,390.0,165.0,1
11.0,6408.0,135.0,71.0,5.0,970.0,145.0,0
13.0,133.0,79.0,80.0,5.0,831.0,113.0,0
15.0,3101.0,216.0,268.0,5.0,560.0,160.0,0
14.0,1184.0,45.0,216.0,7.0,1110.0,68.0,0
15.0,549.0,35.0,79.0,7.0,1095.0,300.0,1
8.0,93.0,16.0,233.0,6.0,1092.0,72.0,1
0.0,3697.0,152.0,85.0,1.0,420.0,60.0,0
15.0,49.0,253.0,217.0,1.0,625.0,115.0,1
14.0,1517.0,78.0,277.0,6.0,520.0,150.0,0
6.0,5510.0,237.0,16.0,5.0,625.0,94.0,0
12.0,4553.0,154.0,153.0,4.0,375.0,70.0,0
14.0,524.0,217.0,236.0,5.0,880.0,110.0,0
12.0,6380.0,253.0,34.0,5.0,651.0,92.0,1
13.0,388.0,277.0,79.0,4.0,449.0,247.0,0
15.0,852.0,252.0,217.0,1.0,750.0,170.0,1
1.0,575.0,183.0,260.0,4.0,465.0,145.0,0
4.0,302.0,96.0,154.0,5.0,600.0,366.0,0
11.0,6668.0,54.0,159.0,3.0,360.0,118.0,0
13.0,23.0,154.0,150.0,7.0,503.0,349.0,0
0.0,3675.0,85.0,12.0,4.0,840.0,99.0,0
15.0,1702.0,173.0,33.0,6.0,625.0,115.0,0
13.0,653.0,208.0,228.0,7.0,1175.0,138.0,0
12.0,4753.0,197.0,192.0,3.0,680.0,95.0,1
16.0,2614.0,61.0,96.0,4.0,360.0,97.0,1
17.0,7212.0,238.0,134.0,6.0,1191.0,72.0,0
15.0,1370.0,217.0,252.0,3.0,1220.0,190.0,1
5.0,1661.0,16.0,213.0,1.0,567.0,121.0,1
15.0,2397.0,75.0,18.0,5.0,805.0,50.0,0
10.0,3294.0,146.0,80.0,1.0,870.0,95.0,1
0.0,3880.0,177.0,157.0,3.0,1165.0,76.0,0
10.0,4654.0,159.0,16.0,1.0,585.0,165.0,0
15.0,2254.0,44.0,202.0,7.0,905.0,70.0,1
1.0,815.0,18.0,80.0,4.0,785.0,65.0,0
15.0,2914.0,75.0,129.0,6.0,540.0,60.0,0
10.0,3675.0,61.0,183.0,3.0,1100.0,170.0,1
15.0,841.0,268.0,251.0,6.0,1005.0,55.0,1
15.0,1178.0,75.0,268.0,4.0,435.0,95.0,0
0.0,3677.0,85.0,171.0,5.0,1195.0,55.0,0
10.0,3312.0,266.0,80.0,6.0,575.0,45.0,1
1.0,1321.0,134.0,183.0,6.0,1015.0,170.0,1
5.0,2493.0,234.0,16.0,3.0,586.0,114.0,0
5.0,2920.0,198.0,85.0,7.0,675.0,148.0,0
15.0,607.0,209.0,45.0,4.0,625.0,55.0,1
13.0,721.0,79.0,253.0,5.0,678.0,174.0,0
15.0,3919.0,277.0,18.0,5.0,825.0,165.0,0
14.0,1580.0,154.0,60.0,3.0,815.0,268.0,1
5.0,2327.0,16.0,104.0,5.0,1147.0,118.0,0
17.0,2664.0,244.0,60.0,3.0,785.0,157.0,0
11.0,6458.0,233.0,35.0,1.0,765.0,124.0,0
5.0,2590.0,261.0,217.0,3.0,840.0,98.0,1
16.0,2799.0,135.0,136.0,4.0,540.0,101.0,1
5.0,2342.0,16.0,96.0,7.0,1295.0,133.0,0
12.0,6415.0,154.0,248.0,5.0,1365.0,61.0,0
5.0,1168.0,154.0,104.0,6.0,1360.0,285.0,0
4.0,1493.0,173.0,96.0,7.0,719.0,152.0,0
15.0,987.0,217.0,207.0,7.0,875.0,75.0,1
5.0,1133.0,16.0,71.0,4.0,1130.0,90.0,1
15.0,28.0,129.0,75.0,4.0,780.0,55.0,1
14.0,2128.0,159.0,35.0,7.0,780.0,65.0,0
15.0,317.0,153.0,217.0,7.0,725.0,70.0,1
1.0,76.0,154.0,134.0,7.0,570.0,285.0,0
8.0,259.0,16.0,106.0,5.0,610.0,122.0,0
10.0,2788.0,80.0,180.0,3.0,1160.0,105.0,0
15.0,1587.0,244.0,33.0,5.0,590.0,125.0,0
15.0,8.0,172.0,153.0,4.0,665.0,195.0,1
15.0,782.0,154.0,175.0,3.0,445.0,240.0,1
12.0,6972.0,154.0,252.0,7.0,790.0,166.0,0
15.0,1027.0,75.0,198.0,4.0,695.0,80.0,1
12.0,6662.0,194.0,253.0,7.0,1058.0,37.0,1
15.0,359.0,264.0,253.0,3.0,1145.0,80.0,1
15.0,3501.0,197.0,175.0,4.0,480.0,95.0,0
10.0,2878.0,114.0,80.0,6.0,395.0,135.0,0
10.0,3612.0,27.0,183.0,3.0,370.0,115.0,0
14.0,1838.0,233.0,216.0,4.0,545.0,80.0,0
12.0,3046.0,184.0,84.0,1.0,740.0,68.0,0
0.0,3667.0,272.0,85.0,6.0,754.0,111.0,0
15.0,7.0,129.0,104.0,3.0,595.0,135.0,1
15.0,587.0,153.0,79.0,4.0,910.0,110.0,0
5.0,1073.0,197.0,214.0,1.0,705.0,231.0,1
8.0,988.0,16.0,221.0,6.0,1335.0,98.0,0
15.0,525.0,154.0,18.0,1.0,580.0,170.0,1
15.0,925.0,214.0,262.0,5.0,605.0,85.0,0
15.0,1633.0,153.0,280.0,1.0,385.0,75.0,1
2.0,62.0,14.0,149.0,3.0,485.0,101.0,0
16.0,2269.0,116.0,135.0,1.0,535.0,81.0,1
16.0,2620.0,136.0,135.0,1.0,666.0,104.0,1
1.0,149.0,134.0,154.0,6.0,550.0,350.0,1
16.0,2112.0,268.0,96.0,1.0,745.0,149.0,1
3.0,921.0,35.0,208.0,7.0,390.0,169.0,0
17.0,2643.0,60.0,177.0,4.0,1355.0,116.0,0
1.0,2541.0,139.0,80.0,7.0,680.0,150.0,0
1.0,1285.0,80.0,264.0,3.0,890.0,195.0,1
10.0,4110.0,174.0,208.0,1.0,450.0,145.0,0
15.0,1592.0,33.0,175.0,4.0,1200.0,85.0,1
14.0,497.0,96.0,60.0,5.0,1050.0,122.0,1
15.0,466.0,244.0,243.0,5.0,500.0,185.0,1
15.0,189.0,79.0,217.0,4.0,910.0,115.0,1
5.0,1805.0,85.0,173.0,7.0,1055.0,160.0,0
1.0,893.0,60.0,80.0,3.0,460.0,165.0,0
8.0,520.0,277.0,45.0,3.0,673.0,130.0,1
12.0,6998.0,208.0,212.0,4.0,1315.0,80.0,0
0.0,3739.0,32.0,197.0,4.0,1145.0,95.0,0
16.0,2499.0,135.0,2.0,4.0,785.0,130.0,0
14.0,1980.0,216.0,228.0,1.0,945.0,68.0,1
5.0,2914.0,252.0,197.0,3.0,435.0,195.0,0
14.0,34.0,217.0,154.0,5.0,1180.0,85.0,0
15.0,3504.0,173.0,233.0,7.0,1000.0,100.0,1
13.0,875.0,136.0,79.0,5.0,399.0,101.0,0
16.0,2715.0,135.0,47.0,3.0,820.0,131.0,0
13.0,143.0,277.0,208.0,6.0,384.0,170.0,1
5.0,2779.0,159.0,104.0,3.0,1135.0,200.0,0
15.0,1345.0,2.0,217.0,7.0,735.0,75.0,1
5.0,1767.0,85.0,208.0,6.0,530.0,99.0,1
10.0,3013.0,79.0,154.0,4.0,1185.0,155.0,0
6.0,5124.0,16.0,186.0,7.0,985.0,93.0,0
2.0,569.0,154.0,214.0,3.0,805.0,143.0,0
4.0,309.0,135.0,214.0,4.0,540.0,270.0,1
6.0,7123.0,134.0,71.0,1.0,510.0,100.0,0
15.0,1569.0,217.0,236.0,1.0,920.0,110.0,0
4.0,479.0,135.0,244.0,7.0,1160.0,66.0,1
14.0,1206.0,217.0,216.0,1.0,790.0,266.0,0
16.0,2805.0,233.0,58.0,4.0,610.0,93.0,0
15.0,740.0,268.0,173.0,5.0,1130.0,135.0,1
13.0,8.0,253.0,148.0,7.0,570.0,344.0,0
1.0,1576.0,18.0,80.0,3.0,1005.0,65.0,0
15.0,944.0,75.0,170.0,4.0,895.0,70.0,1
3.0,1433.0,253.0,160.0,5.0,750.0,80.0,0
15.0,807.0,207.0,202.0,3.0,435.0,75.0,0
12.0,4721.0,204.0,261.0,3.0,1055.0,144.0,0
15.0,1066.0,213.0,277.0,6.0,430.0,50.0,0
10.0,2815.0,80.0,245.0,1.0,1075.0,130.0,0
4.0,1047.0,208.0,135.0,7.0,931.0,169.0,1
12.0,7788.0,261.0,271.0,6.0,685.0,78.0,0
15.0,382.0,261.0,153.0,4.0,805.0,80.0,1
12.0,6252.0,253.0,244.0,1.0,861.0,198.0,1
12.0,4575.0,261.0,262.0,5.0,521.0,105.0,0
13.0,450.0,264.0,79.0,3.0,678.0,139.0,0
13.0,28.0,154.0,148.0,4.0,980.0,320.0,0
5.0,1710.0,80.0,16.0,4.0,720.0,125.0,0
1.0,1536.0,80.0,27.0,3.0,575.0,95.0,0
15.0,869.0,79.0,154.0,4.0,590.0,155.0,1
16.0,2958.0,58.0,182.0,4.0,1155.0,90.0,0
5.0,1174.0,245.0,16.0,5.0,512.0,83.0,1
5.0,1083.0,233.0,16.0,1.0,810.0,93.0,1
5.0,730.0,54.0,16.0,7.0,1085.0,83.0,0
12.0,7010.0,208.0,18.0,5.0,929.0,165.0,1
17.0,2708.0,153.0,154.0,4.0,1090.0,70.0,0
4.0,484.0,104.0,58.0,1.0,780.0,165.0,0
5.0,2579.0,148.0,183.0,7.0,765.0,183.0,0
13.0,522.0,243.0,253.0,6.0,1159.0,97.0,0
15.0,2655.0,44.0,202.0,5.0,575.0,75.0,0
15.0,5.0,279.0,75.0,5.0,395.0,60.0,0
8.0,357.0,159.0,16.0,3.0,1138.0,157.0,1
12.0,6769.0,208.0,185.0,6.0,1274.0,51.0,0
13.0,576.0,252.0,79.0,4.0,331.0,159.0,0
7.0,226.0,79.0,175.0,1.0,900.0,135.0,0
15.0,46.0,129.0,75.0,3.0,1050.0,55.0,1
15.0,748.0,204.0,129.0,4.0,765.0,85.0,0
16.0,2426.0,208.0,96.0,6.0,660.0,124.0,1
5.0,2276.0,173.0,159.0,6.0,420.0,150.0,0
13.0,206.0,208.0,173.0,6.0,547.0,166.0,1
16.0,2527.0,96.0,120.0,5.0,727.0,101.0,0
10.0,4412.0,159.0,85.0,4.0,745.0,125.0,1
6.0,5105.0,85.0,205.0,3.0,740.0,125.0,1
2.0,2.0,252.0,78.0,5.0,855.0,284.0,0
4.0,1687.0,173.0,135.0,5.0,1075.0,152.0,0
12.0,6639.0,46.0,79.0,3.0,1006.0,104.0,0
12.0,6836.0,208.0,195.0,1.0,545.0,48.0,1
15.0,1968.0,175.0,129.0,3.0,1155.0,170.0,1
4.0,1178.0,208.0,96.0,4.0,405.0,123.0,0
10.0,3984.0,208.0,76.0,1.0,515.0,70.0,0
12.0,4703.0,261.0,154.0,5.0,1010.0,114.0,1
5.0,1672.0,277.0,16.0,7.0,435.0,102.0,0
5.0,2911.0,16.0,80.0,7.0,1235.0,149.0,0
17.0,2818.0,217.0,84.0,7.0,1190.0,179.0,0
17.0,2848.0,217.0,292.0,3.0,875.0,71.0,0
5.0,2813.0,119.0,197.0,1.0,469.0,101.0,0
11.0,6296.0,184.0,71.0,3.0,720.0,83.0,0
17.0,2878.0,217.0,91.0,1.0,790.0,75.0,0
15.0,49.0,2.0,75.0,7.0,925.0,100.0,1
14.0,1764.0,147.0,60.0,7.0,935.0,78.0,0
5.0,2646.0,217.0,16.0,6.0,420.0,208.0,0
17.0,2717.0,100.0,217.0,4.0,570.0,95.0,0
15.0,998.0,175.0,45.0,7.0,985.0,110.0,1
15.0,2803.0,134.0,175.0,3.0,610.0,120.0,1
12.0,3044.0,221.0,184.0,4.0,1119.0,91.0,0
4.0,1541.0,135.0,18.0,6.0,868.0,47.0,0
5.0,1600.0,16.0,35.0,4.0,455.0,153.0,0
11.0,6311.0,16.0,69.0,4.0,1231.0,84.0,0
14.0,687.0,217.0,96.0,6.0,585.0,282.0,0
9.0,509.0,128.0,161.0,4.0,485.0,37.0,0
1.0,1649.0,80.0,207.0,5.0,795.0,190.0,0
5.0,1169.0,104.0,154.0,7.0,445.0,350.0,0
15.0,519.0,33.0,154.0,7.0,940.0,285.0,1
8.0,239.0,16.0,234.0,6.0,530.0,88.0,0
5.0,1800.0,147.0,16.0,7.0,450.0,90.0,0
5.0,2428.0,173.0,85.0,1.0,1100.0,160.0,0
17.0,2716.0,217.0,100.0,4.0,1265.0,102.0,1
17.0,2934.0,24.0,217.0,1.0,380.0,92.0,0
3.0,1403.0,18.0,253.0,7.0,501.0,240.0,0
15.0,1325.0,173.0,146.0,4.0,655.0,120.0,0
12.0,6652.0,191.0,253.0,5.0,644.0,38.0,0
5.0,2487.0,16.0,197.0,1.0,890.0,160.0,0
15.0,1411.0,202.0,44.0,5.0,1000.0,65.0,1
14.0,1970.0,277.0,60.0,3.0,515.0,98.0,1
6.0,4939.0,278.0,16.0,5.0,611.0,70.0,0
5.0,2575.0,120.0,16.0,1.0,423.0,92.0,1
8.0,72.0,104.0,16.0,6.0,460.0,120.0,0
16.0,2150.0,58.0,119.0,1.0,550.0,59.0,0
5.0,1064.0,139.0,16.0,5.0,1105.0,100.0,1
8.0,236.0,234.0,16.0,5.0,953.0,102.0,0
12.0,6464.0,253.0,232.0,3.0,769.0,95.0,1
15.0,11.0,129.0,268.0,3.0,650.0,110.0,1
15.0,1805.0,153.0,154.0,7.0,455.0,65.0,0
15.0,1264.0,153.0,79.0,3.0,560.0,115.0,1
17.0,2720.0,200.0,60.0,4.0,1201.0,74.0,0
16.0,5921.0,71.0,208.0,4.0,1185.0,86.0,0
2.0,374.0,252.0,262.0,5.0,905.0,105.0,0
1.0,462.0,183.0,78.0,6.0,980.0,145.0,0
15.0,2061.0,153.0,154.0,6.0,855.0,65.0,0
15.0,1824.0,45.0,209.0,1.0,510.0,50.0,1
1.0,1377.0,208.0,252.0,7.0,1265.0,260.0,1
1.0,1455.0,183.0,253.0,1.0,930.0,375.0,1
5.0,1053.0,16.0,209.0,5.0,991.0,96.0,0
5.0,1914.0,34.0,261.0,6.0,920.0,65.0,0
4.0,1154.0,35.0,96.0,5.0,720.0,100.0,0
12.0,6542.0,83.0,79.0,3.0,696.0,58.0,0
14.0,1057.0,60.0,213.0,5.0,1075.0,109.0,1
1.0,496.0,208.0,78.0,4.0,380.0,99.0,0
8.0,200.0,48.0,16.0,7.0,360.0,120.0,0
15.0,293.0,202.0,252.0,7.0,1115.0,125.0,1
1.0,2549.0,148.0,173.0,5.0,1169.0,185.0,0
5.0,1499.0,22.0,104.0,5.0,485.0,196.0,0
15.0,2439.0,79.0,85.0,7.0,1140.0,175.0,0
12.0,4653.0,99.0,261.0,4.0,1053.0,145.0,0
1.0,1504.0,183.0,22.0,5.0,645.0,175.0,0
14.0,1135.0,228.0,216.0,7.0,930.0,99.0,0
1.0,1952.0,80.0,173.0,1.0,925.0,145.0,1
12.0,6580.0,179.0,253.0,5.0,824.0,98.0,1
17.0,2926.0,217.0,246.0,7.0,510.0,94.0,0
3.0,523.0,96.0,173.0,7.0,680.0,165.0,1
0.0,3850.0,85.0,221.0,3.0,445.0,68.0,0
12.0,6734.0,196.0,79.0,3.0,435.0,123.0,0
16.0,2788.0,71.0,96.0,3.0,380.0,112.0,0
5.0,1020.0,16.0,175.0,7.0,1147.0,121.0,0
12.0,6847.0,246.0,253.0,7.0,1253.0,80.0,1
6.0,5403.0,119.0,177.0,3.0,430.0,122.0,0
1.0,1120.0,208.0,268.0,7.0,840.0,65.0,0
1.0,2422.0,154.0,80.0,5.0,495.0,180.0,0
8.0,436.0,16.0,184.0,5.0,771.0,119.0,0
8.0,540.0,16.0,217.0,7.0,650.0,270.0,0
13.0,59.0,253.0,150.0,3.0,536.0,337.0,0
15.0,3052.0,22.0,45.0,1.0,875.0,70.0,1
12.0,6339.0,243.0,154.0,7.0,1109.0,44.0,1
15.0,1589.0,45.0,172.0,5.0,750.0,175.0,0
13.0,453.0,45.0,79.0,5.0,884.0,249.0,0
1.0,712.0,80.0,159.0,5.0,605.0,195.0,1
12.0,7005.0,119.0,208.0,1.0,782.0,59.0,1
16.0,2270.0,135.0,197.0,5.0,685.0,158.0,0
12.0,6495.0,187.0,208.0,6.0,983.0,56.0,1
5.0,2064.0,197.0,78.0,5.0,1055.0,148.0,1
16.0,2432.0,135.0,213.0,4.0,490.0,144.0,0
2.0,101.0,252.0,14.0,5.0,930.0,220.0,1
4.0,542.0,135.0,261.0,4.0,580.0,196.0,1
15.0,861.0,175.0,154.0,5.0,1040.0,275.0,1
2.0,76.0,149.0,252.0,4.0,795.0,134.0,1
0.0,3771.0,16.0,251.0,1.0,965.0,84.0,1
16.0,2119.0,58.0,172.0,6.0,525.0,125.0,0
16.0,3053.0,96.0,85.0,1.0,780.0,116.0,0
16.0,2736.0,135.0,285.0,6.0,604.0,113.0,1
15.0,871.0,18.0,217.0,7.0,870.0,160.0,1
3.0,1304.0,134.0,148.0,6.0,451.0,73.0,0
16.0,3078.0,135.0,234.0,7.0,835.0,159.0,1
13.0,610.0,208.0,78.0,3.0,660.0,111.0,0
13.0,638.0,208.0,96.0,3.0,535.0,125.0,1
14.0,27.0,217.0,154.0,5.0,670.0,92.0,0
13.0,590.0,208.0,22.0,7.0,823.0,127.0,1
5.0,1657.0,71.0,16.0,1.0,435.0,105.0,0
16.0,2629.0,135.0,121.0,1.0,800.0,120.0,0
15.0,3333.0,18.0,75.0,7.0,1010.0,55.0,1
16.0,2795.0,279.0,135.0,1.0,567.0,89.0,0
16.0,2120.0,184.0,135.0,3.0,840.0,171.0,0
8.0,989.0,221.0,16.0,7.0,370.0,120.0,1
6.0,5334.0,16.0,4.0,1.0,574.0,62.0,0
0.0,3863.0,147.0,177.0,3.0,465.0,120.0,1
5.0,2685.0,159.0,173.0,5.0,415.0,170.0,0
15.0,3230.0,147.0,33.0,3.0,935.0,95.0,1
1.0,492.0,44.0,80.0,4.0,695.0,180.0,0
5.0,2014.0,154.0,71.0,5.0,440.0,247.0,0
16.0,2213.0,135.0,290.0,4.0,805.0,85.0,0
5.0,2283.0,47.0,16.0,7.0,385.0,78.0,0
5.0,2267.0,22.0,16.0,4.0,1087.0,166.0,1
10.0,2783.0,80.0,108.0,1.0,845.0,60.0,0
2.0,15.0,35.0,252.0,5.0,1095.0,379.0,0
14.0,2129.0,35.0,159.0,5.0,780.0,85.0,0
15.0,917.0,154.0,236.0,5.0,420.0,80.0,0
5.0,1666.0,16.0,223.0,7.0,900.0,75.0,0
16.0,2716.0,47.0,135.0,5.0,1050.0,156.0,0
15.0,831.0,244.0,217.0,7.0,700.0,150.0,0
3.0,1321.0,35.0,45.0,5.0,380.0,89.0,0
15.0,1383.0,261.0,79.0,7.0,740.0,85.0,1
12.0,6471.0,2.0,154.0,6.0,367.0,125.0,0
13.0,89.0,208.0,154.0,1.0,563.0,276.0,1
3.0,1783.0,148.0,173.0,7.0,830.0,176.0,1
10.0,2905.0,80.0,162.0,5.0,930.0,70.0,0
3.0,136.0,241.0,148.0,1.0,789.0,162.0,0
8.0,961.0,173.0,48.0,1.0,876.0,139.0,0
15.0,784.0,2.0,170.0,3.0,1110.0,60.0,0
15.0,59.0,217.0,79.0,3.0,870.0,110.0,1
10.0,3752.0,208.0,58.0,5.0,1285.0,75.0,0
13.0,205.0,35.0,134.0,3.0,500.0,107.0,0
16.0,2891.0,135.0,146.0,4.0,475.0,74.0,0
5.0,1586.0,16.0,159.0,5.0,460.0,134.0,0
9.0,304.0,161.0,128.0,3.0,600.0,30.0,0
10.0,4140.0,208.0,172.0,4.0,665.0,90.0,1
6.0,5181.0,16.0,188.0,7.0,612.0,109.0,0
15.0,2287.0,241.0,216.0,3.0,950.0,165.0,1
0.0,3779.0,108.0,177.0,4.0,380.0,67.0,0
1.0,1141.0,148.0,183.0,5.0,345.0,190.0,0
3.0,332.0,173.0,22.0,7.0,765.0,155.0,0
6.0,7129.0,134.0,42.0,1.0,1022.0,91.0,0
12.0,3047.0,184.0,221.0,4.0,940.0,85.0,0
0.0,4076.0,25.0,85.0,6.0,745.0,99.0,0
12.0,6758.0,18.0,79.0,4.0,1166.0,141.0,1
3.0,693.0,78.0,173.0,5.0,800.0,134.0,0
6.0,5534.0,16.0,187.0,4.0,650.0,115.0,1
15.0,647.0,279.0,75.0,3.0,660.0,60.0,0
5.0,1065.0,214.0,261.0,1.0,995.0,105.0,0
14.0,1248.0,60.0,159.0,6.0,785.0,108.0,0
12.0,6481.0,79.0,136.0,7.0,1305.0,73.0,0
10.0,3289.0,80.0,223.0,1.0,490.0,105.0,0
11.0,6372.0,85.0,221.0,6.0,600.0,70.0,0
8.0,1584.0,16.0,30.0,7.0,970.0,109.0,1
8.0,533.0,177.0,16.0,6.0,425.0,85.0,0
4.0,1504.0,277.0,58.0,5.0,735.0,140.0,1
15.0,1097.0,44.0,202.0,5.0,1170.0,70.0,1
6.0,5085.0,95.0,16.0,4.0,965.0,99.0,0
5.0,1039.0,198.0,154.0,4.0,450.0,255.0,0
13.0,8.0,264.0,253.0,5.0,405.0,101.0,1
1.0,1204.0,2.0,80.0,1.0,640.0,100.0,0
4.0,1621.0,135.0,178.0,3.0,860.0,73.0,1
17.0,1041.0,128.0,143.0,3.0,950.0,49.0,0
16.0,2263.0,41.0,135.0,5.0,330.0,72.0,0
3.0,734.0,260.0,35.0,5.0,825.0,249.0,1
15.0,1370.0,44.0,217.0,1.0,1055.0,80.0,1
4.0,1854.0,96.0,213.0,3.0,955.0,182.0,1
0.0,3662.0,56.0,197.0,4.0,1020.0,75.0,0
4.0,291.0,183.0,135.0,6.0,707.0,168.0,0
14.0,1525.0,104.0,60.0,3.0,390.0,115.0,0
12.0,4661.0,261.0,207.0,7.0,520.0,109.0,0
14.0,662.0,217.0,264.0,5.0,895.0,78.0,0
12.0,6627.0,79.0,227.0,5.0,915.0,134.0,0
1.0,1073.0,136.0,80.0,3.0,690.0,80.0,1
7.0,371.0,35.0,184.0,7.0,703.0,165.0,0
12.0,6638.0,235.0,79.0,6.0,475.0,85.0,0
4.0,1120.0,96.0,35.0,5.0,510.0,90.0,0
15.0,641.0,253.0,153.0,1.0,450.0,85.0,0
12.0,6888.0,208.0,91.0,5.0,605.0,208.0,0
6.0,4985.0,16.0,162.0,3.0,829.0,100.0,0
4.0,244.0,135.0,58.0,4.0,975.0,162.0,0
12.0,4441.0,261.0,102.0,3.0,602.0,107.0,0
8.0,1082.0,173.0,268.0,7.0,946.0,149.0,0
3.0,706.0,260.0,148.0,4.0,752.0,241.0,1
15.0,1333.0,153.0,207.0,3.0,1140.0,55.0,1
5.0,2364.0,128.0,154.0,1.0,845.0,325.0,0
15.0,1727.0,268.0,205.0,5.0,1005.0,75.0,1
5.0,1066.0,177.0,208.0,7.0,860.0,110.0,0
15.0,2461.0,75.0,18.0,7.0,920.0,50.0,0
11.0,6389.0,172.0,71.0,3.0,925.0,106.0,0
1.0,2337.0,96.0,208.0,5.0,770.0,155.0,0
1.0,1461.0,173.0,80.0,5.0,415.0,185.0,0
2.0,183.0,14.0,98.0,7.0,610.0,61.0,0
10.0,4354.0,208.0,21.0,4.0,480.0,50.0,0
10.0,4123.0,208.0,62.0,4.0,1255.0,55.0,0
15.0,186.0,129.0,146.0,3.0,960.0,65.0,1
15.0,619.0,236.0,153.0,3.0,880.0,70.0,1
14.0,347.0,214.0,217.0,4.0,330.0,148.0,0
15.0,1161.0,153.0,236.0,5.0,1225.0,75.0,1
11.0,6333.0,238.0,85.0,6.0,931.0,86.0,0
3.0,702.0,260.0,148.0,4.0,550.0,238.0,1
15.0,57.0,104.0,173.0,7.0,480.0,55.0,1
3.0,584.0,104.0,130.0,3.0,1034.0,173.0,1
16.0,2808.0,290.0,96.0,5.0,1117.0,162.0,0
5.0,2984.0,197.0,184.0,4.0,680.0,68.0,0
10.0,4375.0,78.0,233.0,4.0,385.0,65.0,0
10.0,3009.0,154.0,194.0,3.0,935.0,65.0,0
12.0,6734.0,79.0,56.0,4.0,692.0,111.0,1
13.0,449.0,12.0,208.0,4.0,460.0,145.0,0
14.0,1905.0,78.0,104.0,6.0,625.0,156.0,0
5.0,1424.0,16.0,45.0,6.0,820.0,105.0,1
13.0,535.0,16.0,208.0,5.0,680.0,133.0,0
15.0,465.0,243.0,172.0,7.0,420.0,190.0,0
15.0,2616.0,172.0,75.0,4.0,1180.0,90.0,0
16.0,5925.0,107.0,208.0,1.0,786.0,96.0,0
15.0,2177.0,262.0,207.0,5.0,1200.0,75.0,1
12.0,6906.0,79.0,44.0,5.0,1106.0,148.0,0
17.0,2674.0,154.0,153.0,1.0,990.0,64.0,0
7.0,505.0,159.0,79.0,6.0,520.0,272.0,0
4.0,320.0,135.0,217.0,4.0,870.0,175.0,0
16.0,2736.0,135.0,285.0,1.0,604.0,118.0,1
0.0,4336.0,108.0,177.0,6.0,990.0,65.0,0
13.0,538.0,153.0,154.0,4.0,1235.0,83.0,0
5.0,2906.0,177.0,85.0,7.0,828.0,116.0,0
10.0,2876.0,242.0,80.0,3.0,735.0,95.0,0
15.0,843.0,268.0,2.0,1.0,760.0,165.0,0
10.0,4344.0,208.0,85.0,4.0,835.0,80.0,0
15.0,37.0,153.0,91.0,3.0,555.0,100.0,1
15.0,2175.0,198.0,154.0,1.0,775.0,260.0,1
15.0,1006.0,175.0,85.0,5.0,1180.0,70.0,0
4.0,301.0,96.0,104.0,5.0,809.0,179.0,0
16.0,2197.0,195.0,96.0,4.0,1098.0,132.0,0
15.0,25.0,175.0,61.0,6.0,850.0,65.0,1
15.0,1131.0,154.0,129.0,5.0,1180.0,180.0,1
10.0,2959.0,256.0,80.0,4.0,945.0,60.0,1
15.0,852.0,217.0,44.0,1.0,1005.0,85.0,0
17.0,2694.0,160.0,217.0,6.0,760.0,83.0,0
12.0,4509.0,154.0,243.0,6.0,810.0,45.0,1
15.0,719.0,43.0,45.0,1.0,905.0,70.0,1
16.0,5943.0,208.0,218.0,7.0,1210.0,49.0,1
5.0,371.0,16.0,135.0,4.0,445.0,140.0,0
16.0,2437.0,96.0,233.0,3.0,389.0,104.0,0
11.0,6592.0,197.0,175.0,3.0,865.0,90.0,0
14.0,1181.0,213.0,60.0,6.0,720.0,113.0,0
8.0,793.0,16.0,268.0,5.0,1335.0,108.0,0
6.0,5111.0,16.0,27.0,5.0,510.0,63.0,0
1.0,2374.0,80.0,208.0,4.0,1240.0,125.0,0
5.0,2335.0,16.0,147.0,6.0,887.0,69.0,1
1.0,1685.0,80.0,91.0,3.0,985.0,100.0,0
5.0,1703.0,16.0,153.0,7.0,1050.0,274.0,0
8.0,501.0,184.0,159.0,6.0,495.0,124.0,1
0.0,4283.0,61.0,71.0,7.0,1130.0,49.0,1
5.0,2566.0,244.0,148.0,5.0,535.0,218.0,0
15.0,901.0,153.0,2.0,7.0,1080.0,85.0,0
17.0,1040.0,128.0,143.0,6.0,1195.0,49.0,0
10.0,2786.0,116.0,80.0,7.0,415.0,110.0,0
15.0,1047.0,209.0,175.0,5.0,990.0,135.0,0
1.0,1321.0,134.0,183.0,3.0,1015.0,170.0,0
1.0,555.0,61.0,80.0,1.0,420.0,180.0,0
15.0,590.0,154.0,153.0,5.0,620.0,60.0,1
5.0,1822.0,80.0,85.0,7.0,1050.0,150.0,1
12.0,6900.0,208.0,205.0,3.0,437.0,90.0,1
0.0,4021.0,159.0,54.0,1.0,939.0,145.0,0
12.0,6282.0,154.0,144.0,7.0,665.0,54.0,0
11.0,6617.0,119.0,85.0,4.0,505.0,63.0,0
16.0,2914.0,172.0,96.0,7.0,1050.0,160.0,0
16.0,2870.0,58.0,35.0,7.0,690.0,92.0,0
12.0,4511.0,261.0,111.0,4.0,1010.0,115.0,0
3.0,52.0,173.0,148.0,7.0,360.0,141.0,0
17.0,2689.0,138.0,60.0,7.0,965.0,68.0,0
5.0,1254.0,223.0,16.0,1.0,390.0,83.0,0
8.0,485.0,45.0,173.0,7.0,889.0,145.0,0
15.0,1072.0,252.0,2.0,5.0,795.0,165.0,0
6.0,5321.0,16.0,54.0,7.0,1055.0,73.0,0
5.0,2563.0,85.0,16.0,5.0,1110.0,131.0,1
13.0,641.0,45.0,208.0,3.0,540.0,135.0,0
15.0,764.0,173.0,22.0,4.0,1065.0,155.0,1
14.0,742.0,104.0,216.0,5.0,840.0,164.0,0
15.0,723.0,182.0,45.0,3.0,870.0,100.0,0
15.0,173.0,162.0,175.0,7.0,445.0,100.0,0
5.0,2411.0,16.0,80.0,6.0,655.0,158.0,0
16.0,2058.0,172.0,96.0,3.0,1135.0,158.0,0
12.0,6300.0,154.0,227.0,4.0,510.0,53.0,0
0.0,4120.0,215.0,16.0,6.0,800.0,124.0,1
15.0,1121.0,45.0,61.0,5.0,795.0,80.0,1
14.0,224.0,34.0,217.0,6.0,807.0,118.0,0
1.0,1400.0,208.0,173.0,7.0,875.0,155.0,0
12.0,6941.0,195.0,208.0,6.0,821.0,56.0,1
1.0,580.0,79.0,208.0,1.0,1030.0,145.0,0
5.0,1750.0,153.0,197.0,7.0,683.0,197.0,1
15.0,520.0,173.0,233.0,1.0,745.0,95.0,1
12.0,6383.0,253.0,246.0,7.0,1074.0,78.0,1
5.0,1848.0,85.0,159.0,1.0,445.0,121.0,0
14.0,506.0,35.0,217.0,4.0,370.0,364.0,0
1.0,161.0,154.0,203.0,1.0,1035.0,360.0,0
17.0,1053.0,203.0,161.0,5.0,670.0,45.0,0
8.0,688.0,136.0,16.0,4.0,748.0,122.0,0
14.0,1103.0,45.0,60.0,1.0,630.0,88.0,1
10.0,3584.0,184.0,80.0,1.0,725.0,165.0,0
12.0,4566.0,261.0,232.0,5.0,1304.0,93.0,0
16.0,5897.0,228.0,208.0,6.0,742.0,173.0,1
1.0,1716.0,217.0,80.0,5.0,585.0,140.0,0
0.0,3711.0,229.0,85.0,4.0,741.0,142.0,1
12.0,4655.0,197.0,240.0,6.0,1140.0,42.0,1
16.0,2887.0,96.0,45.0,1.0,482.0,76.0,1
15.0,52.0,104.0,129.0,7.0,995.0,180.0,1
12.0,6573.0,126.0,79.0,5.0,769.0,56.0,1
10.0,4122.0,278.0,208.0,1.0,985.0,120.0,0
14.0,1460.0,253.0,60.0,4.0,675.0,288.0,1
4.0,1544.0,135.0,58.0,1.0,625.0,158.0,1
15.0,2418.0,139.0,172.0,6.0,830.0,95.0,1
10.0,2738.0,121.0,80.0,3.0,390.0,175.0,0
15.0,563.0,18.0,129.0,1.0,980.0,50.0,0
15.0,1023.0,75.0,244.0,5.0,920.0,65.0,1
1.0,2064.0,183.0,173.0,5.0,760.0,60.0,0
12.0,4708.0,154.0,261.0,7.0,1290.0,104.0,1
15.0,715.0,175.0,35.0,1.0,395.0,135.0,0
15.0,16.0,13.0,153.0,3.0,775.0,135.0,1
13.0,245.0,79.0,258.0,7.0,697.0,166.0,0
15.0,1240.0,175.0,221.0,5.0,1175.0,80.0,1
14.0,940.0,243.0,217.0,3.0,980.0,75.0,0
1.0,1172.0,217.0,208.0,7.0,565.0,205.0,0
17.0,2853.0,292.0,217.0,7.0,475.0,68.0,1
15.0,1930.0,44.0,153.0,4.0,975.0,65.0,1
10.0,2709.0,80.0,218.0,3.0,895.0,110.0,1
15.0,956.0,43.0,175.0,7.0,1055.0,115.0,0
12.0,4594.0,197.0,65.0,7.0,565.0,126.0,1
5.0,1388.0,159.0,35.0,7.0,930.0,76.0,0
14.0,835.0,216.0,173.0,6.0,955.0,153.0,1
4.0,1795.0,135.0,154.0,5.0,1075.0,218.0,1
15.0,2785.0,104.0,216.0,4.0,710.0,175.0,0
3.0,369.0,159.0,213.0,5.0,980.0,178.0,1
4.0,501.0,139.0,135.0,1.0,390.0,147.0,1
5.0,1954.0,16.0,147.0,3.0,810.0,69.0,0
15.0,1753.0,141.0,45.0,1.0,400.0,75.0,1
15.0,18.0,172.0,104.0,6.0,695.0,180.0,1
5.0,328.0,146.0,16.0,6.0,370.0,83.0,0
9.0,19.0,262.0,128.0,5.0,565.0,340.0,0
4.0,1445.0,58.0,135.0,3.0,1255.0,184.0,0
10.0,3238.0,59.0,80.0,1.0,725.0,55.0,0
5.0,1569.0,234.0,16.0,1.0,738.0,111.0,0
12.0,7767.0,235.0,261.0,5.0,485.0,65.0,0
6.0,5081.0,290.0,16.0,4.0,752.0,110.0,0
15.0,1427.0,198.0,153.0,5.0,1065.0,240.0,0
5.0,1949.0,233.0,16.0,4.0,360.0,87.0,0
12.0,7788.0,261.0,271.0,1.0,685.0,78.0,1
6.0,7082.0,134.0,35.0,5.0,626.0,87.0,0
15.0,2807.0,205.0,79.0,1.0,440.0,100.0,0
10.0,2804.0,279.0,80.0,6.0,545.0,70.0,0
17.0,1048.0,128.0,143.0,3.0,510.0,49.0,0
3.0,1416.0,253.0,160.0,5.0,570.0,82.0,1
15.0,511.0,154.0,175.0,7.0,595.0,235.0,1
15.0,1124.0,268.0,85.0,4.0,1080.0,90.0,1
15.0,2687.0,173.0,141.0,7.0,470.0,145.0,0
1.0,1598.0,80.0,197.0,4.0,1235.0,135.0,0
13.0,847.0,253.0,134.0,3.0,771.0,309.0,1
12.0,6557.0,214.0,179.0,7.0,934.0,61.0,0
0.0,3681.0,0.0,85.0,5.0,981.0,112.0,0
4.0,447.0,208.0,135.0,7.0,645.0,165.0,0
8.0,817.0,45.0,35.0,3.0,1285.0,80.0,0
1.0,451.0,233.0,208.0,5.0,500.0,135.0,0
14.0,729.0,216.0,80.0,3.0,1085.0,234.0,1
2.0,630.0,252.0,217.0,6.0,615.0,169.0,0
6.0,4959.0,285.0,16.0,7.0,1103.0,76.0,1
15.0,410.0,175.0,217.0,3.0,405.0,245.0,1
5.0,1810.0,80.0,16.0,5.0,1095.0,128.0,0
6.0,5531.0,200.0,16.0,5.0,505.0,92.0,0
15.0,2713.0,173.0,209.0,5.0,1035.0,110.0,0
12.0,6762.0,79.0,246.0,3.0,746.0,153.0,0
8.0,491.0,45.0,173.0,5.0,520.0,146.0,0
13.0,362.0,79.0,107.0,3.0,618.0,98.0,0
15.0,1138.0,153.0,258.0,3.0,1145.0,85.0,1
15.0,257.0,147.0,129.0,5.0,930.0,150.0,1
12.0,4475.0,84.0,177.0,1.0,990.0,102.0,0
15.0,2105.0,198.0,175.0,1.0,1010.0,135.0,1
4.0,778.0,244.0,135.0,5.0,1100.0,65.0,0
0.0,4328.0,197.0,139.0,4.0,420.0,103.0,0
4.0,1076.0,96.0,241.0,5.0,625.0,205.0,0
5.0,2282.0,197.0,61.0,4.0,1150.0,113.0,1
15.0,2970.0,175.0,153.0,7.0,480.0,255.0,1
2.0,669.0,18.0,252.0,1.0,1095.0,254.0,0
1.0,1983.0,148.0,183.0,3.0,870.0,210.0,1
5.0,1480.0,253.0,16.0,5.0,435.0,269.0,0
16.0,3151.0,285.0,135.0,7.0,683.0,137.0,1
1.0,329.0,208.0,197.0,1.0,910.0,85.0,0
15.0,3107.0,85.0,175.0,6.0,1000.0,65.0,0
15.0,1527.0,243.0,153.0,6.0,465.0,70.0,0
5.0,1590.0,16.0,245.0,7.0,815.0,63.0,0
1.0,2258.0,80.0,221.0,6.0,490.0,150.0,0
15.0,1419.0,204.0,153.0,5.0,1040.0,170.0,1
5.0,2437.0,16.0,244.0,7.0,502.0,166.0,0
15.0,3504.0,277.0,198.0,1.0,500.0,105.0,1
12.0,6441.0,76.0,79.0,7.0,965.0,186.0,0
15.0,1391.0,202.0,217.0,6.0,605.0,110.0,0
5.0,1526.0,104.0,16.0,3.0,1200.0,118.0,1
15.0,1987.0,217.0,175.0,6.0,925.0,205.0,0
14.0,990.0,104.0,60.0,1.0,690.0,117.0,0
5.0,210.0,153.0,148.0,1.0,420.0,295.0,0
13.0,955.0,253.0,243.0,4.0,985.0,97.0,0
15.0,763.0,202.0,111.0,5.0,1115.0,120.0,1
17.0,2677.0,60.0,251.0,4.0,790.0,88.0,0
5.0,2241.0,261.0,154.0,4.0,910.0,115.0,0
15.0,3843.0,217.0,43.0,3.0,760.0,245.0,1
15.0,23.0,91.0,75.0,5.0,545.0,90.0,0
12.0,6418.0,253.0,261.0,6.0,1080.0,102.0,0
15.0,2792.0,217.0,153.0,6.0,1020.0,70.0,0
10.0,4190.0,61.0,208.0,5.0,670.0,85.0,0
5.0,2439.0,78.0,16.0,4.0,660.0,110.0,0
4.0,192.0,96.0,173.0,4.0,550.0,170.0,0
1.0,1183.0,134.0,80.0,5.0,1175.0,205.0,0
13.0,763.0,79.0,243.0,4.0,695.0,149.0,0
12.0,4596.0,261.0,232.0,5.0,680.0,97.0,1
1.0,689.0,80.0,261.0,6.0,600.0,170.0,0
1.0,2069.0,183.0,197.0,5.0,1150.0,230.0,1
0.0,4087.0,61.0,148.0,4.0,995.0,130.0,0
15.0,1048.0,244.0,243.0,5.0,970.0,185.0,0
16.0,2552.0,117.0,58.0,1.0,965.0,78.0,1
16.0,5992.0,208.0,273.0,6.0,530.0,100.0,1
15.0,1999.0,147.0,104.0,1.0,870.0,70.0,1
10.0,3229.0,80.0,155.0,6.0,1270.0,70.0,0
4.0,1572.0,18.0,135.0,3.0,667.0,56.0,0
0.0,4301.0,139.0,233.0,5.0,420.0,105.0,0
5.0,2661.0,16.0,177.0,3.0,460.0,91.0,0
8.0,569.0,32.0,16.0,1.0,1060.0,100.0,1
3.0,581.0,130.0,213.0,4.0,860.0,170.0,0
15.0,2920.0,153.0,2.0,6.0,765.0,90.0,0
6.0,5335.0,4.0,16.0,3.0,1015.0,61.0,0
0.0,3871.0,27.0,85.0,5.0,360.0,125.0,0
6.0,4960.0,35.0,71.0,6.0,773.0,152.0,1
1.0,519.0,208.0,154.0,6.0,1020.0,260.0,1
3.0,92.0,261.0,148.0,5.0,1392.0,248.0,0
13.0,720.0,253.0,79.0,3.0,902.0,153.0,1
10.0,4137.0,208.0,22.0,6.0,920.0,125.0,1
9.0,17.0,153.0,128.0,7.0,100.0,380.0,0
16.0,2875.0,76.0,135.0,7.0,1095.0,165.0,0
5.0,2132.0,197.0,111.0,1.0,690.0,186.0,0
10.0,3906.0,208.0,273.0,3.0,1125.0,115.0,1
14.0,1614.0,173.0,216.0,6.0,615.0,139.0,0
3.0,1790.0,78.0,35.0,7.0,390.0,85.0,0
10.0,2920.0,62.0,80.0,5.0,440.0,145.0,0
10.0,4148.0,205.0,208.0,7.0,595.0,95.0,0
5.0,2016.0,79.0,16.0,3.0,960.0,173.0,1
14.0,1494.0,183.0,60.0,5.0,510.0,127.0,0
3.0,1249.0,35.0,134.0,7.0,375.0,100.0,0
10.0,3061.0,154.0,243.0,3.0,945.0,45.0,0
15.0,2970.0,139.0,175.0,1.0,450.0,60.0,1
15.0,2807.0,207.0,153.0,3.0,630.0,60.0,0
5.0,2359.0,60.0,16.0,6.0,930.0,87.0,0
15.0,978.0,173.0,175.0,1.0,645.0,170.0,1
1.0,1693.0,173.0,80.0,3.0,1040.0,175.0,1
6.0,5202.0,58.0,16.0,1.0,579.0,111.0,0
5.0,2742.0,16.0,96.0,4.0,585.0,143.0,0
2.0,153.0,14.0,211.0,3.0,1035.0,94.0,1
3.0,621.0,148.0,129.0,7.0,710.0,244.0,1
8.0,135.0,16.0,277.0,5.0,610.0,90.0,0
15.0,2357.0,79.0,35.0,7.0,660.0,225.0,1
14.0,733.0,60.0,173.0,1.0,1095.0,100.0,0
1.0,1699.0,173.0,208.0,1.0,690.0,175.0,0
16.0,2612.0,71.0,96.0,7.0,767.0,123.0,0
1.0,374.0,280.0,208.0,1.0,410.0,205.0,0
3.0,396.0,173.0,159.0,7.0,1155.0,148.0,1
3.0,301.0,134.0,160.0,4.0,740.0,339.0,1
10.0,4502.0,159.0,35.0,1.0,525.0,65.0,0
13.0,243.0,197.0,79.0,3.0,373.0,139.0,0
14.0,1017.0,60.0,213.0,6.0,985.0,115.0,0
5.0,2564.0,71.0,148.0,6.0,920.0,132.0,1
10.0,3876.0,290.0,208.0,3.0,430.0,105.0,0
7.0,659.0,197.0,79.0,3.0,612.0,130.0,0
15.0,3505.0,221.0,216.0,5.0,525.0,80.0,0
1.0,1201.0,208.0,268.0,5.0,910.0,65.0,0
14.0,2035.0,35.0,78.0,3.0,780.0,91.0,1
2.0,493.0,243.0,252.0,3.0,390.0,183.0,0
15.0,792.0,33.0,147.0,5.0,465.0,85.0,1
12.0,4854.0,261.0,137.0,5.0,1010.0,55.0,0
5.0,1049.0,16.0,244.0,7.0,660.0,163.0,0
12.0,6971.0,280.0,79.0,5.0,986.0,110.0,1
10.0,3692.0,183.0,234.0,5.0,730.0,140.0,0
10.0,3244.0,80.0,41.0,1.0,420.0,80.0,0
12.0,6974.0,79.0,184.0,1.0,612.0,143.0,0
9.0,20.0,128.0,262.0,6.0,855.0,310.0,0
15.0,166.0,2.0,217.0,1.0,615.0,75.0,0
13.0,850.0,208.0,221.0,7.0,1160.0,91.0,1
14.0,14.0,252.0,217.0,3.0,510.0,166.0,0
5.0,1407.0,177.0,198.0,5.0,875.0,81.0,0
2.0,619.0,153.0,252.0,3.0,550.0,163.0,0
11.0,6479.0,238.0,148.0,1.0,925.0,103.0,1
17.0,2716.0,217.0,100.0,3.0,1265.0,102.0,0
5.0,1650.0,197.0,216.0,3.0,925.0,165.0,1
5.0,2610.0,80.0,16.0,3.0,420.0,130.0,1
1.0,700.0,80.0,159.0,5.0,370.0,190.0,0
15.0,803.0,258.0,217.0,3.0,1140.0,105.0,0
10.0,2734.0,1.0,80.0,1.0,350.0,50.0,0
2.0,237.0,243.0,214.0,3.0,1115.0,165.0,0
11.0,6470.0,71.0,60.0,5.0,560.0,91.0,0
2.0,483.0,243.0,252.0,4.0,750.0,175.0,1
13.0,56.0,150.0,253.0,4.0,828.0,312.0,0
14.0,462.0,214.0,217.0,6.0,525.0,148.0,0
5.0,1417.0,16.0,79.0,7.0,1045.0,202.0,1
15.0,1502.0,261.0,153.0,4.0,1220.0,80.0,1
15.0,1354.0,35.0,216.0,6.0,1090.0,105.0,0
16.0,2640.0,96.0,119.0,4.0,929.0,125.0,0
16.0,2523.0,71.0,135.0,5.0,880.0,159.0,1
4.0,191.0,183.0,135.0,7.0,495.0,165.0,0
9.0,7.0,153.0,128.0,1.0,540.0,385.0,0
15.0,607.0,43.0,175.0,7.0,805.0,110.0,1
5.0,1933.0,71.0,154.0,6.0,555.0,303.0,1
1.0,1096.0,243.0,208.0,1.0,380.0,250.0,1
1.0,1279.0,80.0,217.0,5.0,790.0,160.0,0
1.0,661.0,80.0,207.0,7.0,1255.0,195.0,0
15.0,2982.0,33.0,85.0,7.0,700.0,95.0,1
4.0,1459.0,135.0,264.0,3.0,1255.0,217.0,0
1.0,1258.0,154.0,268.0,5.0,415.0,215.0,0
10.0,2750.0,146.0,80.0,7.0,360.0,100.0,0
15.0,3505.0,221.0,216.0,3.0,525.0,80.0,1
15.0,242.0,221.0,153.0,7.0,950.0,310.0,1
5.0,2596.0,253.0,71.0,3.0,738.0,262.0,1
1.0,1487.0,208.0,236.0,3.0,640.0,255.0,1
17.0,2602.0,245.0,60.0,7.0,420.0,72.0,0
12.0,6449.0,58.0,208.0,4.0,929.0,87.0,0
10.0,4322.0,195.0,208.0,3.0,1145.0,65.0,1
15.0,3655.0,277.0,268.0,1.0,1080.0,150.0,1
12.0,6450.0,253.0,44.0,5.0,1140.0,69.0,1
1.0,1461.0,80.0,253.0,5.0,605.0,240.0,0
3.0,355.0,148.0,44.0,1.0,735.0,366.0,1
15.0,317.0,198.0,173.0,3.0,1140.0,95.0,1
15.0,1097.0,173.0,2.0,3.0,845.0,255.0,1
5.0,1292.0,243.0,16.0,6.0,663.0,247.0,0
10.0,3661.0,183.0,139.0,6.0,900.0,165.0,1
5.0,2093.0,197.0,264.0,7.0,705.0,237.0,0
5.0,1964.0,16.0,261.0,6.0,1025.0,251.0,1
3.0,238.0,160.0,261.0,4.0,1175.0,99.0,0
1.0,632.0,153.0,80.0,7.0,770.0,155.0,0
9.0,110.0,161.0,128.0,3.0,439.0,30.0,0
1.0,785.0,159.0,80.0,6.0,1060.0,255.0,0
16.0,2849.0,209.0,58.0,7.0,1068.0,102.0,0
0.0,4149.0,43.0,148.0,5.0,822.0,102.0,1
4.0,209.0,135.0,214.0,3.0,1270.0,274.0,1
5.0,1139.0,234.0,16.0,6.0,1047.0,116.0,0
15.0,1116.0,153.0,236.0,5.0,1020.0,75.0,1
12.0,6849.0,214.0,232.0,7.0,672.0,38.0,0
13.0,102.0,208.0,147.0,7.0,1175.0,143.0,0
15.0,1669.0,217.0,258.0,7.0,600.0,120.0,0
10.0,3253.0,80.0,59.0,3.0,640.0,55.0,0
5.0,2009.0,197.0,79.0,5.0,1025.0,126.0,1
15.0,3484.0,153.0,252.0,1.0,945.0,165.0,1
15.0,1133.0,170.0,75.0,5.0,640.0,70.0,0
12.0,6636.0,79.0,58.0,5.0,1050.0,165.0,0
11.0,6397.0,273.0,148.0,3.0,370.0,90.0,0
16.0,2358.0,27.0,135.0,3.0,675.0,114.0,0
14.0,2038.0,78.0,35.0,7.0,930.0,88.0,0
16.0,2721.0,217.0,135.0,5.0,1115.0,144.0,0
12.0,4612.0,261.0,2.0,5.0,656.0,102.0,1
0.0,4249.0,234.0,71.0,1.0,810.0,110.0,1
14.0,1935.0,43.0,216.0,5.0,420.0,81.0,1
2.0,516.0,252.0,264.0,5.0,1110.0,160.0,0
15.0,224.0,104.0,141.0,3.0,1045.0,165.0,1
15.0,188.0,104.0,217.0,5.0,975.0,315.0,0
12.0,6569.0,86.0,208.0,6.0,679.0,68.0,0
12.0,4509.0,154.0,243.0,3.0,810.0,45.0,0
3.0,217.0,148.0,160.0,1.0,1020.0,380.0,0
15.0,1553.0,244.0,75.0,6.0,470.0,60.0,0
15.0,1587.0,75.0,244.0,3.0,500.0,65.0,0
16.0,3075.0,228.0,58.0,3.0,850.0,113.0,1
5.0,2486.0,16.0,159.0,4.0,940.0,134.0,0
6.0,5129.0,35.0,78.0,1.0,455.0,108.0,0
1.0,613.0,148.0,183.0,1.0,1075.0,200.0,1
6.0,7120.0,134.0,159.0,4.0,882.0,83.0,1
6.0,5263.0,130.0,16.0,6.0,690.0,154.0,1
1.0,1131.0,173.0,208.0,3.0,860.0,170.0,1
15.0,1654.0,75.0,2.0,3.0,1175.0,115.0,0
5.0,1610.0,79.0,85.0,1.0,485.0,169.0,0
4.0,1535.0,96.0,217.0,1.0,405.0,340.0,0
8.0,717.0,48.0,159.0,7.0,847.0,87.0,0
15.0,1475.0,2.0,175.0,6.0,885.0,160.0,0
12.0,6678.0,194.0,253.0,1.0,886.0,37.0,0
14.0,965.0,216.0,253.0,7.0,845.0,380.0,0
8.0,785.0,173.0,215.0,5.0,935.0,107.0,0
1.0,1976.0,80.0,139.0,4.0,1175.0,120.0,0
17.0,2985.0,100.0,153.0,5.0,1170.0,66.0,0
5.0,1953.0,197.0,252.0,3.0,1295.0,223.0,0
15.0,2176.0,202.0,217.0,7.0,985.0,115.0,1
1.0,1901.0,268.0,80.0,7.0,575.0,115.0,0
10.0,3060.0,154.0,100.0,1.0,840.0,60.0,0
16.0,3000.0,135.0,41.0,1.0,640.0,61.0,0
11.0,6505.0,216.0,177.0,7.0,683.0,162.0,0
5.0,2063.0,78.0,197.0,6.0,500.0,173.0,0
12.0,6603.0,79.0,2.0,1.0,816.0,74.0,0
7.0,234.0,264.0,79.0,1.0,618.0,129.0,1
14.0,1225.0,45.0,60.0,1.0,1040.0,87.0,0
12.0,4651.0,197.0,205.0,6.0,445.0,74.0,1
14.0,1023.0,216.0,277.0,3.0,590.0,174.0,0
10.0,3764.0,208.0,216.0,1.0,730.0,120.0,0
7.0,531.0,79.0,175.0,1.0,700.0,135.0,0
4.0,1594.0,154.0,135.0,7.0,560.0,195.0,1
0.0,3946.0,195.0,177.0,3.0,375.0,118.0,0
15.0,326.0,33.0,277.0,7.0,840.0,105.0,0
12.0,4849.0,197.0,177.0,3.0,1165.0,119.0,0
6.0,5457.0,16.0,275.0,4.0,1047.0,63.0,0
15.0,871.0,18.0,217.0,3.0,870.0,160.0,1
17.0,2905.0,217.0,114.0,5.0,790.0,122.0,0
8.0,29.0,175.0,16.0,6.0,395.0,125.0,0
1.0,1196.0,154.0,208.0,4.0,585.0,245.0,0
10.0,3084.0,243.0,154.0,6.0,525.0,50.0,0
5.0,2565.0,16.0,214.0,5.0,520.0,337.0,0
10.0,3233.0,80.0,68.0,3.0,480.0,80.0,1
15.0,2698.0,22.0,104.0,5.0,485.0,195.0,1
5.0,1121.0,45.0,261.0,5.0,440.0,300.0,1
3.0,1410.0,18.0,173.0,6.0,925.0,142.0,0
6.0,7371.0,177.0,256.0,3.0,565.0,74.0,0
12.0,6411.0,154.0,248.0,6.0,785.0,54.0,1
6.0,5435.0,188.0,16.0,3.0,360.0,98.0,1
15.0,1944.0,243.0,202.0,4.0,415.0,95.0,0
12.0,6893.0,253.0,227.0,1.0,559.0,83.0,1
3.0,677.0,148.0,154.0,5.0,1119.0,376.0,1
15.0,2638.0,141.0,277.0,7.0,880.0,190.0,1
14.0,1221.0,104.0,78.0,1.0,840.0,146.0,0
5.0,2528.0,267.0,16.0,6.0,804.0,101.0,0
12.0,4818.0,261.0,79.0,1.0,585.0,85.0,0
0.0,3961.0,238.0,16.0,5.0,741.0,136.0,1
6.0,5178.0,16.0,290.0,5.0,665.0,122.0,0
6.0,5516.0,177.0,288.0,4.0,565.0,95.0,1
10.0,2764.0,180.0,80.0,1.0,1030.0,130.0,0
7.0,234.0,264.0,79.0,7.0,618.0,129.0,0
14.0,1434.0,183.0,60.0,1.0,380.0,126.0,0
5.0,2817.0,177.0,154.0,3.0,560.0,260.0,0
15.0,1642.0,33.0,243.0,5.0,830.0,280.0,1
14.0,1826.0,216.0,182.0,4.0,1265.0,78.0,0
2.0,498.0,252.0,243.0,4.0,1075.0,154.0,1
6.0,5390.0,87.0,16.0,1.0,941.0,78.0,0
1.0,1659.0,208.0,172.0,3.0,1225.0,85.0,1
5.0,2460.0,183.0,16.0,1.0,605.0,120.0,1
5.0,1688.0,85.0,177.0,7.0,720.0,125.0,0
11.0,6467.0,35.0,148.0,4.0,720.0,83.0,0
12.0,7043.0,65.0,79.0,3.0,965.0,40.0,1
12.0,4731.0,179.0,261.0,5.0,790.0,104.0,0
10.0,4113.0,61.0,208.0,6.0,835.0,85.0,0
9.0,43.0,258.0,128.0,4.0,540.0,340.0,0
1.0,720.0,80.0,159.0,4.0,665.0,195.0,0
17.0,1035.0,128.0,161.0,6.0,540.0,37.0,0
14.0,365.0,217.0,262.0,5.0,650.0,123.0,0
15.0,41.0,75.0,129.0,7.0,990.0,65.0,1
13.0,798.0,154.0,253.0,5.0,1150.0,87.0,0
5.0,2728.0,236.0,261.0,3.0,385.0,92.0,0
11.0,6268.0,69.0,85.0,1.0,926.0,79.0,0
15.0,2005.0,61.0,33.0,1.0,1055.0,75.0,1
11.0,6543.0,159.0,27.0,7.0,720.0,181.0,0
15.0,1148.0,175.0,277.0,5.0,585.0,165.0,1
5.0,2036.0,85.0,45.0,7.0,450.0,97.0,0
5.0,2711.0,16.0,80.0,5.0,440.0,150.0,0
0.0,3762.0,16.0,215.0,7.0,915.0,102.0,1
15.0,987.0,217.0,207.0,5.0,875.0,75.0,1
4.0,594.0,154.0,135.0,7.0,1020.0,189.0,1
10.0,4265.0,254.0,208.0,6.0,890.0,100.0,1
5.0,2288.0,16.0,35.0,6.0,750.0,153.0,0
13.0,828.0,79.0,96.0,6.0,1050.0,224.0,0
15.0,1824.0,182.0,45.0,3.0,365.0,110.0,1
14.0,307.0,60.0,153.0,4.0,1095.0,300.0,1
12.0,6372.0,246.0,154.0,7.0,882.0,48.0,1
15.0,3742.0,277.0,33.0,1.0,1080.0,110.0,1
16.0,2970.0,155.0,135.0,6.0,653.0,94.0,0
4.0,755.0,135.0,16.0,7.0,1150.0,121.0,0
0.0,4207.0,197.0,136.0,4.0,1315.0,110.0,0
1.0,2059.0,80.0,261.0,3.0,1255.0,170.0,0
12.0,6766.0,111.0,253.0,3.0,360.0,136.0,1
8.0,1188.0,173.0,187.0,6.0,465.0,167.0,0
16.0,2260.0,96.0,71.0,5.0,925.0,129.0,0
5.0,1044.0,16.0,233.0,7.0,1160.0,93.0,1
14.0,590.0,217.0,172.0,6.0,595.0,160.0,0
12.0,6949.0,93.0,79.0,3.0,360.0,155.0,0
15.0,3306.0,153.0,139.0,7.0,1035.0,215.0,1
6.0,5578.0,61.0,78.0,6.0,660.0,82.0,0
15.0,48.0,75.0,162.0,5.0,1160.0,60.0,1
10.0,4503.0,61.0,148.0,1.0,375.0,105.0,0
7.0,472.0,184.0,241.0,5.0,427.0,181.0,0
5.0,2056.0,202.0,261.0,7.0,785.0,100.0,1
16.0,2811.0,135.0,190.0,5.0,785.0,75.0,0
12.0,7766.0,261.0,220.0,4.0,1015.0,64.0,1
13.0,822.0,134.0,233.0,7.0,1064.0,71.0,1
5.0,2236.0,80.0,197.0,4.0,420.0,142.0,0
1.0,343.0,159.0,208.0,3.0,1030.0,175.0,1
14.0,156.0,217.0,268.0,6.0,790.0,173.0,0
15.0,2407.0,204.0,129.0,6.0,435.0,85.0,0
15.0,192.0,75.0,13.0,6.0,540.0,70.0,0
2.0,503.0,264.0,252.0,5.0,720.0,168.0,0
1.0,1857.0,45.0,260.0,6.0,485.0,225.0,0
5.0,2993.0,22.0,213.0,6.0,945.0,192.0,1
4.0,229.0,79.0,96.0,5.0,505.0,225.0,1
2.0,628.0,31.0,153.0,4.0,1040.0,154.0,0
14.0,1463.0,104.0,60.0,5.0,895.0,119.0,0
15.0,608.0,216.0,175.0,6.0,430.0,140.0,0
15.0,45.0,175.0,268.0,5.0,830.0,65.0,1
17.0,2824.0,194.0,217.0,3.0,745.0,106.0,0
5.0,305.0,34.0,261.0,3.0,794.0,67.0,0
1.0,1532.0,153.0,80.0,7.0,1120.0,140.0,1
14.0,1273.0,216.0,80.0,7.0,695.0,226.0,0
6.0,5527.0,16.0,36.0,7.0,915.0,70.0,0
14.0,1231.0,85.0,60.0,3.0,1155.0,109.0,0
14.0,1044.0,277.0,216.0,5.0,980.0,149.0,0
17.0,7303.0,238.0,208.0,5.0,360.0,117.0,0
15.0,774.0,268.0,205.0,4.0,1235.0,75.0,0
3.0,1321.0,35.0,45.0,7.0,380.0,89.0,0
14.0,855.0,277.0,78.0,5.0,1095.0,125.0,0
10.0,4692.0,148.0,61.0,5.0,1200.0,125.0,0
16.0,2530.0,120.0,96.0,5.0,855.0,104.0,0
15.0,1921.0,75.0,27.0,3.0,460.0,90.0,0
15.0,1905.0,45.0,198.0,6.0,970.0,180.0,0
11.0,6330.0,16.0,278.0,5.0,596.0,76.0,0
12.0,6595.0,261.0,79.0,5.0,534.0,100.0,0
12.0,7778.0,255.0,261.0,4.0,1280.0,73.0,1
15.0,477.0,175.0,252.0,3.0,530.0,285.0,1
8.0,482.0,173.0,45.0,7.0,1100.0,126.0,0
10.0,4403.0,148.0,233.0,1.0,895.0,110.0,0
8.0,443.0,104.0,184.0,5.0,725.0,196.0,0
12.0,4468.0,177.0,184.0,3.0,1150.0,106.0,0
15.0,2349.0,12.0,175.0,4.0,410.0,145.0,0
15.0,1219.0,261.0,2.0,3.0,670.0,90.0,0
10.0,4253.0,208.0,136.0,3.0,480.0,115.0,0
1.0,1112.0,183.0,96.0,4.0,605.0,170.0,1
12.0,6689.0,79.0,2.0,7.0,1160.0,73.0,1
14.0,1812.0,216.0,35.0,4.0,375.0,74.0,0
3.0,1417.0,18.0,160.0,6.0,1050.0,195.0,0
5.0,1900.0,172.0,16.0,3.0,415.0,134.0,0
15.0,1268.0,184.0,153.0,7.0,640.0,240.0,0
5.0,2027.0,16.0,104.0,3.0,885.0,114.0,1
5.0,2034.0,16.0,197.0,5.0,1220.0,163.0,1
12.0,4872.0,261.0,34.0,5.0,1306.0,69.0,0
12.0,6993.0,230.0,79.0,5.0,1059.0,67.0,1
5.0,1801.0,16.0,18.0,4.0,1315.0,163.0,1
16.0,5915.0,134.0,285.0,7.0,737.0,92.0,0
12.0,6610.0,79.0,114.0,1.0,855.0,53.0,1
5.0,1247.0,186.0,16.0,5.0,674.0,101.0,0
13.0,43.0,135.0,79.0,5.0,505.0,161.0,0
7.0,777.0,79.0,153.0,4.0,800.0,112.0,1
5.0,2205.0,175.0,16.0,6.0,360.0,120.0,0
10.0,2780.0,80.0,68.0,3.0,945.0,80.0,1
12.0,6736.0,230.0,79.0,5.0,574.0,76.0,0
12.0,6345.0,224.0,253.0,4.0,360.0,125.0,1
1.0,2307.0,208.0,80.0,1.0,545.0,155.0,1
12.0,4471.0,197.0,135.0,1.0,425.0,171.0,0
1.0,2320.0,80.0,208.0,6.0,345.0,140.0,0
14.0,1789.0,147.0,60.0,7.0,539.0,76.0,0
2.0,688.0,258.0,18.0,7.0,1090.0,198.0,0
10.0,4131.0,208.0,265.0,3.0,1235.0,55.0,1
10.0,3399.0,80.0,157.0,3.0,790.0,125.0,1
5.0,2758.0,154.0,253.0,3.0,965.0,75.0,0
15.0,55.0,129.0,131.0,7.0,1280.0,60.0,1
5.0,1657.0,71.0,16.0,3.0,435.0,105.0,0
15.0,1234.0,214.0,202.0,4.0,615.0,100.0,1
13.0,847.0,253.0,134.0,6.0,773.0,310.0,0
8.0,1072.0,48.0,277.0,1.0,520.0,151.0,0
8.0,1135.0,277.0,238.0,3.0,1196.0,158.0,0
1.0,348.0,208.0,159.0,5.0,1135.0,125.0,1
1.0,1742.0,280.0,80.0,5.0,695.0,130.0,0
15.0,3664.0,129.0,45.0,7.0,450.0,170.0,0
14.0,948.0,233.0,60.0,3.0,1070.0,64.0,1
5.0,55.0,16.0,45.0,4.0,455.0,105.0,1
1.0,795.0,159.0,183.0,6.0,810.0,195.0,1
11.0,6354.0,216.0,71.0,3.0,640.0,127.0,0
13.0,532.0,208.0,35.0,6.0,609.0,136.0,1
0.0,3677.0,85.0,171.0,6.0,1195.0,55.0,1
10.0,4170.0,208.0,273.0,4.0,605.0,110.0,0
5.0,1512.0,16.0,208.0,7.0,885.0,131.0,1
16.0,2733.0,27.0,135.0,6.0,495.0,114.0,0
8.0,185.0,78.0,16.0,6.0,1139.0,131.0,0
16.0,2448.0,162.0,135.0,6.0,374.0,84.0,0
4.0,1434.0,217.0,96.0,4.0,720.0,276.0,0
12.0,4555.0,261.0,207.0,6.0,1220.0,98.0,0
10.0,4290.0,33.0,208.0,7.0,660.0,95.0,1
15.0,1120.0,154.0,262.0,4.0,940.0,80.0,1
1.0,254.0,203.0,154.0,3.0,840.0,305.0,1
6.0,7087.0,71.0,134.0,3.0,867.0,98.0,1
13.0,619.0,208.0,197.0,3.0,984.0,93.0,0
6.0,5379.0,85.0,54.0,6.0,600.0,134.0,0
5.0,2430.0,33.0,85.0,5.0,530.0,100.0,0
12.0,6760.0,79.0,224.0,1.0,925.0,152.0,1
15.0,1328.0,217.0,207.0,3.0,1200.0,70.0,1
17.0,2633.0,60.0,245.0,5.0,1225.0,72.0,0
8.0,510.0,159.0,184.0,5.0,975.0,145.0,1
12.0,6519.0,258.0,154.0,4.0,1085.0,76.0,0
5.0,2210.0,80.0,16.0,6.0,1020.0,125.0,0
5.0,1433.0,16.0,18.0,5.0,645.0,160.0,0
7.0,796.0,214.0,79.0,3.0,904.0,143.0,1
13.0,503.0,79.0,153.0,6.0,880.0,123.0,1
13.0,427.0,134.0,79.0,1.0,572.0,241.0,0
6.0,5267.0,16.0,10.0,6.0,600.0,119.0,0
12.0,6841.0,204.0,208.0,5.0,1098.0,122.0,0
1.0,1026.0,80.0,172.0,7.0,425.0,95.0,0
17.0,2691.0,60.0,251.0,5.0,1340.0,89.0,0
10.0,2844.0,181.0,80.0,7.0,995.0,90.0,0
5.0,1167.0,16.0,264.0,7.0,980.0,296.0,1
0.0,4013.0,71.0,184.0,4.0,980.0,86.0,0
13.0,185.0,216.0,253.0,5.0,377.0,389.0,0
13.0,920.0,208.0,35.0,3.0,740.0,139.0,0
9.0,183.0,128.0,161.0,7.0,936.0,37.0,1
10.0,3726.0,96.0,208.0,6.0,600.0,160.0,1
8.0,1590.0,16.0,116.0,5.0,675.0,87.0,0
5.0,2718.0,173.0,16.0,4.0,1110.0,100.0,0
12.0,6310.0,154.0,227.0,4.0,1235.0,50.0,1
5.0,1765.0,148.0,253.0,7.0,615.0,387.0,0
12.0,6365.0,195.0,208.0,1.0,1038.0,61.0,1
2.0,108.0,14.0,252.0,7.0,30.0,202.0,0
1.0,1158.0,80.0,244.0,3.0,990.0,70.0,1
15.0,1357.0,262.0,207.0,3.0,360.0,80.0,0
5.0,2857.0,16.0,153.0,1.0,965.0,277.0,1
4.0,1488.0,135.0,85.0,5.0,1150.0,165.0,0
4.0,362.0,58.0,217.0,4.0,1053.0,265.0,0
5.0,1017.0,16.0,184.0,5.0,1005.0,120.0,1
15.0,824.0,217.0,243.0,5.0,1050.0,65.0,1
10.0,4247.0,43.0,208.0,4.0,1115.0,125.0,0
13.0,121.0,208.0,135.0,1.0,925.0,170.0,1
17.0,2751.0,217.0,248.0,6.0,1087.0,101.0,0
15.0,1686.0,182.0,216.0,4.0,750.0,100.0,0
12.0,7755.0,261.0,49.0,1.0,459.0,72.0,1
10.0,4133.0,208.0,221.0,1.0,1000.0,90.0,1
5.0,1825.0,45.0,16.0,6.0,510.0,125.0,0
8.0,1150.0,139.0,241.0,6.0,420.0,156.0,0
16.0,2264.0,16.0,135.0,4.0,460.0,139.0,0
1.0,1839.0,204.0,80.0,6.0,360.0,60.0,0
1.0,1796.0,198.0,208.0,6.0,665.0,140.0,0
4.0,442.0,135.0,279.0,3.0,1270.0,83.0,0
4.0,1077.0,216.0,135.0,1.0,1059.0,221.0,1
6.0,5312.0,285.0,16.0,5.0,621.0,65.0,0
5.0,2608.0,264.0,197.0,4.0,747.0,212.0,0
15.0,1021.0,33.0,198.0,5.0,520.0,95.0,1
15.0,1735.0,172.0,173.0,6.0,625.0,165.0,1
16.0,2434.0,135.0,223.0,4.0,600.0,83.0,0
5.0,192.0,16.0,148.0,5.0,905.0,145.0,1
15.0,2643.0,262.0,154.0,5.0,360.0,80.0,0
12.0,6344.0,24.0,154.0,3.0,1198.0,47.0,0
12.0,6816.0,254.0,79.0,7.0,500.0,131.0,0
12.0,6868.0,2.0,79.0,7.0,1159.0,76.0,0
1.0,880.0,258.0,80.0,1.0,900.0,210.0,0
5.0,2354.0,154.0,16.0,3.0,1435.0,251.0,0
6.0,5188.0,162.0,16.0,3.0,1105.0,103.0,1
12.0,6702.0,79.0,99.0,3.0,1233.0,111.0,0
11.0,6592.0,197.0,175.0,7.0,865.0,90.0,0
6.0,5492.0,16.0,119.0,3.0,1249.0,119.0,1
10.0,3084.0,243.0,154.0,1.0,525.0,50.0,0
14.0,1471.0,208.0,60.0,5.0,970.0,111.0,1
1.0,2211.0,80.0,214.0,5.0,1280.0,245.0,0
8.0,1261.0,157.0,104.0,6.0,1079.0,145.0,1
16.0,2983.0,78.0,58.0,5.0,1110.0,75.0,0
15.0,3659.0,33.0,27.0,1.0,745.0,50.0,1
1.0,1360.0,80.0,78.0,3.0,440.0,160.0,1
12.0,4600.0,261.0,135.0,5.0,840.0,183.0,1
8.0,70.0,104.0,16.0,7.0,1181.0,114.0,1
5.0,2305.0,197.0,253.0,3.0,545.0,259.0,1
15.0,2987.0,241.0,45.0,3.0,540.0,140.0,0
4.0,1562.0,135.0,241.0,7.0,840.0,130.0,0
15.0,444.0,277.0,129.0,6.0,480.0,145.0,1
8.0,905.0,215.0,16.0,4.0,653.0,111.0,0
1.0,835.0,139.0,80.0,5.0,900.0,145.0,1
12.0,4651.0,197.0,205.0,7.0,445.0,74.0,0
17.0,2790.0,217.0,160.0,1.0,920.0,78.0,0
10.0,4328.0,208.0,162.0,3.0,690.0,110.0,0
15.0,3394.0,243.0,172.0,7.0,715.0,190.0,1
12.0,4674.0,44.0,261.0,3.0,995.0,108.0,0
16.0,3137.0,135.0,157.0,7.0,1195.0,129.0,0
4.0,594.0,154.0,135.0,5.0,1020.0,189.0,1
15.0,1094.0,253.0,217.0,4.0,460.0,110.0,0
6.0,7314.0,16.0,278.0,3.0,1155.0,67.0,0
5.0,2041.0,261.0,154.0,5.0,1317.0,121.0,1
15.0,200.0,45.0,79.0,4.0,395.0,255.0,0
15.0,2823.0,153.0,264.0,7.0,730.0,70.0,1
4.0,1475.0,135.0,80.0,5.0,1270.0,64.0,0
0.0,4205.0,71.0,33.0,6.0,990.0,66.0,1
7.0,330.0,184.0,35.0,5.0,1195.0,126.0,0
5.0,1787.0,45.0,197.0,5.0,1110.0,168.0,1
13.0,602.0,18.0,79.0,7.0,707.0,131.0,0
2.0,498.0,252.0,243.0,6.0,1075.0,154.0,1
15.0,944.0,217.0,204.0,1.0,615.0,120.0,0
15.0,1413.0,258.0,217.0,5.0,805.0,110.0,1
16.0,5935.0,117.0,208.0,4.0,557.0,60.0,0
15.0,1903.0,79.0,252.0,6.0,810.0,185.0,1
1.0,2454.0,154.0,80.0,4.0,1005.0,180.0,1
11.0,6652.0,85.0,17.0,7.0,735.0,88.0,0
0.0,4156.0,147.0,177.0,1.0,715.0,118.0,0
15.0,1075.0,91.0,2.0,1.0,450.0,55.0,0
15.0,1003.0,129.0,2.0,3.0,1035.0,135.0,1
6.0,5425.0,87.0,16.0,1.0,553.0,71.0,1
15.0,1691.0,58.0,45.0,7.0,830.0,75.0,0
5.0,1866.0,16.0,132.0,4.0,1210.0,50.0,0
13.0,969.0,269.0,260.0,6.0,971.0,46.0,0
4.0,1010.0,135.0,96.0,6.0,1060.0,200.0,1
0.0,4003.0,27.0,177.0,5.0,685.0,74.0,0
0.0,4185.0,221.0,177.0,6.0,430.0,143.0,1
6.0,5547.0,16.0,288.0,3.0,726.0,73.0,1
15.0,2786.0,34.0,202.0,5.0,560.0,100.0,1
5.0,566.0,16.0,209.0,3.0,748.0,95.0,0
1.0,1152.0,80.0,35.0,1.0,705.0,200.0,1
15.0,1497.0,129.0,198.0,1.0,455.0,60.0,1
16.0,2014.0,221.0,96.0,7.0,642.0,74.0,0
12.0,6630.0,57.0,154.0,4.0,557.0,40.0,0
15.0,3763.0,79.0,45.0,5.0,725.0,200.0,1
8.0,74.0,104.0,16.0,1.0,777.0,117.0,1
10.0,3715.0,208.0,216.0,3.0,1295.0,110.0,1
5.0,1154.0,16.0,148.0,7.0,1300.0,135.0,0
14.0,220.0,217.0,35.0,3.0,595.0,294.0,0
0.0,4334.0,71.0,147.0,4.0,810.0,113.0,1
5.0,1412.0,16.0,208.0,3.0,735.0,125.0,0
3.0,115.0,148.0,198.0,4.0,1248.0,211.0,0
13.0,909.0,208.0,79.0,7.0,895.0,170.0,0
1.0,1777.0,148.0,173.0,6.0,479.0,180.0,1
14.0,528.0,268.0,217.0,3.0,1070.0,209.0,0
6.0,4965.0,180.0,16.0,7.0,560.0,55.0,1
14.0,720.0,183.0,60.0,7.0,890.0,124.0,0
5.0,2958.0,60.0,85.0,6.0,571.0,119.0,0
10.0,3892.0,216.0,208.0,3.0,350.0,140.0,0
5.0,2575.0,120.0,16.0,3.0,423.0,92.0,0
5.0,2204.0,154.0,261.0,4.0,790.0,114.0,0
13.0,345.0,216.0,208.0,1.0,446.0,142.0,0
5.0,1658.0,159.0,197.0,3.0,610.0,190.0,0
12.0,6363.0,261.0,154.0,4.0,1223.0,120.0,1
15.0,1130.0,175.0,197.0,5.0,1160.0,90.0,1
6.0,7065.0,134.0,76.0,4.0,1020.0,87.0,0
7.0,796.0,214.0,79.0,5.0,904.0,143.0,0
13.0,647.0,134.0,253.0,6.0,1167.0,368.0,0
10.0,4022.0,208.0,147.0,6.0,805.0,145.0,0
5.0,2515.0,147.0,16.0,5.0,1006.0,84.0,1
15.0,801.0,35.0,79.0,6.0,935.0,290.0,1
3.0,1254.0,134.0,35.0,4.0,980.0,90.0,0
14.0,1270.0,216.0,35.0,5.0,615.0,88.0,1
12.0,6651.0,154.0,236.0,7.0,470.0,85.0,0
7.0,386.0,79.0,104.0,4.0,510.0,227.0,1
16.0,2444.0,197.0,58.0,3.0,1089.0,100.0,0
5.0,1433.0,60.0,16.0,3.0,500.0,83.0,1
15.0,817.0,258.0,175.0,5.0,575.0,255.0,1
11.0,6490.0,159.0,233.0,5.0,620.0,123.0,0
10.0,3356.0,80.0,71.0,5.0,575.0,130.0,0
13.0,675.0,208.0,79.0,4.0,527.0,170.0,0
0.0,3981.0,71.0,197.0,7.0,800.0,130.0,0
4.0,51.0,96.0,58.0,1.0,965.0,105.0,0
10.0,4383.0,148.0,268.0,4.0,1110.0,190.0,1
10.0,3310.0,80.0,56.0,4.0,830.0,120.0,0
3.0,95.0,148.0,202.0,4.0,779.0,389.0,1
7.0,342.0,79.0,30.0,6.0,655.0,105.0,1
12.0,6580.0,253.0,179.0,5.0,699.0,101.0,1
2.0,314.0,252.0,253.0,6.0,1070.0,127.0,0
15.0,1023.0,2.0,75.0,3.0,730.0,95.0,0
17.0,2601.0,58.0,60.0,7.0,390.0,102.0,0
15.0,2982.0,85.0,45.0,1.0,885.0,85.0,1
5.0,1060.0,173.0,154.0,3.0,430.0,340.0,0
1.0,491.0,80.0,262.0,4.0,745.0,230.0,0
15.0,1330.0,262.0,243.0,7.0,535.0,85.0,0
2.0,18.0,252.0,173.0,1.0,525.0,322.0,0
5.0,2608.0,197.0,96.0,3.0,1135.0,164.0,1
5.0,2144.0,85.0,78.0,3.0,1055.0,100.0,0
13.0,293.0,253.0,154.0,5.0,580.0,97.0,0
1.0,829.0,80.0,65.0,7.0,1270.0,115.0,1
3.0,101.0,43.0,148.0,3.0,1180.0,87.0,1
1.0,1989.0,198.0,80.0,4.0,1140.0,95.0,0
1.0,1615.0,22.0,80.0,7.0,360.0,260.0,0
15.0,151.0,243.0,217.0,5.0,925.0,70.0,1
14.0,408.0,253.0,217.0,1.0,1035.0,118.0,0
2.0,66.0,14.0,50.0,7.0,925.0,53.0,0
4.0,1095.0,135.0,154.0,5.0,1250.0,220.0,1
10.0,3642.0,183.0,147.0,7.0,650.0,75.0,0
15.0,1170.0,217.0,175.0,3.0,605.0,205.0,1
11.0,6264.0,71.0,290.0,5.0,565.0,125.0,0
16.0,3070.0,96.0,60.0,5.0,1260.0,119.0,1
12.0,6252.0,253.0,244.0,5.0,861.0,198.0,0
6.0,5147.0,71.0,78.0,7.0,1195.0,87.0,0
1.0,1831.0,183.0,277.0,7.0,1335.0,60.0,0
10.0,4228.0,208.0,254.0,6.0,760.0,95.0,0
16.0,5900.0,208.0,71.0,4.0,895.0,69.0,0
15.0,1312.0,75.0,13.0,7.0,680.0,70.0,0
13.0,614.0,208.0,78.0,7.0,785.0,110.0,0
13.0,935.0,154.0,128.0,4.0,995.0,359.0,1
12.0,6836.0,212.0,208.0,5.0,360.0,78.0,1
4.0,1602.0,18.0,135.0,6.0,1035.0,53.0,0
14.0,1118.0,60.0,229.0,3.0,1090.0,129.0,1
17.0,7239.0,22.0,208.0,3.0,874.0,162.0,1
10.0,4262.0,233.0,208.0,6.0,810.0,140.0,0
15.0,844.0,129.0,18.0,4.0,895.0,50.0,0
16.0,2333.0,135.0,85.0,4.0,445.0,177.0,0
10.0,4238.0,61.0,208.0,5.0,490.0,95.0,0
16.0,2714.0,45.0,96.0,4.0,1005.0,85.0,0
1.0,728.0,153.0,80.0,4.0,425.0,160.0,0
5.0,2795.0,261.0,243.0,5.0,905.0,108.0,1
7.0,428.0,79.0,16.0,1.0,800.0,168.0,1
15.0,894.0,198.0,277.0,1.0,525.0,85.0,1
15.0,537.0,207.0,262.0,4.0,1145.0,80.0,0
1.0,621.0,197.0,80.0,4.0,425.0,165.0,0
13.0,245.0,79.0,258.0,1.0,728.0,166.0,0
13.0,58.0,238.0,208.0,5.0,444.0,121.0,0
14.0,1435.0,60.0,16.0,3.0,800.0,82.0,0
15.0,329.0,18.0,155.0,7.0,695.0,70.0,0
16.0,2997.0,135.0,91.0,7.0,535.0,113.0,0
6.0,5260.0,53.0,16.0,7.0,727.0,107.0,0
13.0,244.0,79.0,208.0,5.0,626.0,143.0,0
15.0,1148.0,175.0,277.0,1.0,585.0,165.0,1
5.0,1540.0,35.0,71.0,7.0,1040.0,155.0,0
13.0,619.0,78.0,208.0,5.0,807.0,127.0,0
17.0,7210.0,134.0,147.0,5.0,515.0,117.0,0
14.0,1937.0,35.0,216.0,3.0,435.0,101.0,0
8.0,319.0,60.0,16.0,3.0,994.0,76.0,0
16.0,2862.0,135.0,184.0,6.0,1145.0,148.0,0
13.0,110.0,173.0,208.0,7.0,1027.0,180.0,0
0.0,4295.0,148.0,167.0,4.0,750.0,110.0,0
16.0,2261.0,135.0,10.0,3.0,1290.0,50.0,0
15.0,1665.0,262.0,154.0,6.0,400.0,80.0,0
2.0,152.0,211.0,14.0,7.0,895.0,86.0,0
16.0,5932.0,208.0,42.0,4.0,1020.0,120.0,0
5.0,2497.0,16.0,213.0,7.0,730.0,106.0,1
1.0,1875.0,80.0,217.0,4.0,1150.0,160.0,0
11.0,6267.0,71.0,177.0,4.0,750.0,95.0,0
1.0,618.0,253.0,208.0,7.0,1025.0,245.0,1
16.0,2579.0,135.0,244.0,1.0,480.0,59.0,1
14.0,710.0,154.0,216.0,1.0,510.0,303.0,0
15.0,398.0,153.0,154.0,6.0,1000.0,70.0,0
12.0,6585.0,72.0,208.0,3.0,1082.0,68.0,1
1.0,550.0,153.0,80.0,7.0,1030.0,150.0,1
15.0,1691.0,58.0,45.0,1.0,830.0,75.0,1
6.0,7327.0,16.0,87.0,4.0,790.0,62.0,1
4.0,1554.0,96.0,213.0,4.0,460.0,178.0,1
5.0,2921.0,197.0,154.0,3.0,555.0,250.0,1
1.0,684.0,18.0,148.0,4.0,600.0,215.0,1
17.0,2656.0,16.0,60.0,6.0,1076.0,85.0,1
0.0,4184.0,244.0,177.0,3.0,975.0,115.0,0
1.0,784.0,80.0,159.0,3.0,1260.0,190.0,1
8.0,1185.0,277.0,119.0,7.0,740.0,160.0,0
5.0,1724.0,16.0,45.0,5.0,965.0,110.0,1
14.0,192.0,217.0,243.0,7.0,1270.0,73.0,1
5.0,2985.0,184.0,197.0,3.0,727.0,85.0,0
1.0,1534.0,80.0,85.0,6.0,745.0,155.0,0
15.0,2683.0,61.0,175.0,7.0,470.0,75.0,0
1.0,2081.0,173.0,80.0,5.0,465.0,180.0,0
16.0,2009.0,41.0,135.0,1.0,430.0,70.0,0
8.0,1483.0,85.0,173.0,6.0,1195.0,157.0,0
12.0,6291.0,154.0,91.0,5.0,761.0,111.0,1
15.0,1167.0,79.0,277.0,1.0,1020.0,205.0,1
13.0,609.0,208.0,253.0,5.0,716.0,289.0,1
3.0,711.0,148.0,153.0,4.0,615.0,344.0,0
2.0,61.0,252.0,149.0,1.0,470.0,156.0,0
5.0,1472.0,277.0,16.0,4.0,676.0,93.0,1
5.0,2523.0,16.0,128.0,1.0,650.0,620.0,1
5.0,589.0,159.0,16.0,5.0,780.0,158.0,1
5.0,1482.0,145.0,261.0,1.0,795.0,63.0,0
16.0,3071.0,96.0,76.0,4.0,1242.0,124.0,0
10.0,4282.0,208.0,22.0,5.0,490.0,130.0,0
16.0,2401.0,182.0,58.0,4.0,830.0,112.0,0
13.0,408.0,264.0,79.0,5.0,804.0,139.0,0
0.0,3670.0,223.0,16.0,7.0,330.0,75.0,0
14.0,590.0,202.0,217.0,3.0,370.0,112.0,0
16.0,2042.0,135.0,27.0,3.0,1180.0,99.0,1
15.0,840.0,45.0,277.0,3.0,1175.0,155.0,1
5.0,1789.0,16.0,172.0,3.0,1315.0,147.0,0
8.0,1578.0,16.0,286.0,4.0,615.0,85.0,0
6.0,7115.0,134.0,148.0,7.0,1322.0,74.0,0
10.0,3360.0,68.0,80.0,5.0,995.0,80.0,0
12.0,6508.0,34.0,253.0,6.0,471.0,112.0,0
15.0,35.0,129.0,198.0,5.0,995.0,65.0,1
5.0,1370.0,159.0,35.0,5.0,390.0,69.0,0
16.0,2485.0,209.0,135.0,6.0,360.0,199.0,0
5.0,2385.0,35.0,71.0,3.0,365.0,145.0,0
5.0,2049.0,16.0,253.0,3.0,500.0,335.0,0
2.0,60.0,149.0,151.0,6.0,440.0,65.0,0
7.0,320.0,184.0,78.0,3.0,495.0,110.0,0
15.0,467.0,153.0,204.0,4.0,1150.0,140.0,0
5.0,1775.0,177.0,217.0,4.0,1170.0,214.0,0
9.0,313.0,128.0,161.0,1.0,1051.0,37.0,1
0.0,3668.0,285.0,159.0,5.0,360.0,131.0,0
5.0,2807.0,173.0,177.0,4.0,732.0,135.0,0
12.0,6839.0,177.0,208.0,7.0,1109.0,110.0,1
13.0,508.0,107.0,79.0,7.0,813.0,106.0,0
1.0,1738.0,260.0,216.0,4.0,1200.0,250.0,0
2.0,552.0,252.0,227.0,7.0,540.0,159.0,0
16.0,2492.0,233.0,96.0,5.0,1193.0,97.0,1
15.0,1167.0,214.0,79.0,5.0,780.0,145.0,1
15.0,893.0,252.0,258.0,6.0,645.0,130.0,0
8.0,109.0,16.0,80.0,7.0,1345.0,142.0,1
14.0,926.0,22.0,60.0,7.0,375.0,140.0,0
5.0,2199.0,177.0,173.0,5.0,1145.0,121.0,0
1.0,2015.0,85.0,183.0,4.0,895.0,190.0,0
10.0,4523.0,35.0,159.0,5.0,990.0,80.0,0
15.0,537.0,207.0,262.0,5.0,1145.0,80.0,1
10.0,3336.0,80.0,114.0,1.0,1100.0,135.0,0
7.0,511.0,159.0,79.0,6.0,1050.0,270.0,0
14.0,604.0,217.0,153.0,5.0,885.0,72.0,1
10.0,3710.0,208.0,290.0,7.0,1055.0,105.0,1
15.0,1933.0,61.0,173.0,3.0,615.0,135.0,1
7.0,659.0,197.0,79.0,6.0,612.0,130.0,0
10.0,4047.0,208.0,234.0,4.0,970.0,115.0,0
15.0,650.0,175.0,182.0,1.0,660.0,120.0,1
14.0,1987.0,60.0,241.0,1.0,465.0,113.0,0
0.0,4261.0,197.0,112.0,5.0,690.0,70.0,0
4.0,820.0,135.0,217.0,5.0,1255.0,175.0,1
10.0,4262.0,233.0,208.0,3.0,810.0,140.0,1
12.0,6633.0,79.0,280.0,4.0,1280.0,114.0,0
16.0,2970.0,155.0,135.0,5.0,660.0,84.0,0
10.0,3241.0,162.0,80.0,6.0,1025.0,80.0,0
4.0,398.0,79.0,135.0,5.0,510.0,141.0,1
5.0,2380.0,147.0,16.0,3.0,637.0,75.0,0
10.0,4129.0,62.0,208.0,4.0,1075.0,65.0,0
4.0,615.0,135.0,80.0,5.0,465.0,71.0,0
16.0,2974.0,135.0,172.0,4.0,630.0,113.0,0
4.0,1823.0,135.0,198.0,6.0,630.0,60.0,0
8.0,656.0,244.0,16.0,6.0,375.0,138.0,0
5.0,328.0,146.0,16.0,4.0,370.0,83.0,0
4.0,151.0,233.0,135.0,6.0,363.0,178.0,0
3.0,1053.0,148.0,221.0,4.0,915.0,107.0,1
12.0,4855.0,261.0,28.0,3.0,591.0,84.0,0
5.0,1754.0,154.0,16.0,1.0,695.0,250.0,1
10.0,3633.0,183.0,60.0,3.0,435.0,120.0,0
5.0,1177.0,233.0,16.0,6.0,735.0,95.0,0
6.0,7066.0,208.0,47.0,5.0,807.0,109.0,1
12.0,6237.0,100.0,153.0,4.0,877.0,80.0,0
6.0,5486.0,54.0,16.0,6.0,761.0,82.0,0
16.0,3021.0,233.0,135.0,7.0,895.0,179.0,0
5.0,1665.0,197.0,172.0,4.0,900.0,92.0,0
5.0,1457.0,261.0,252.0,5.0,845.0,130.0,0
1.0,2282.0,253.0,80.0,5.0,795.0,210.0,0
14.0,506.0,79.0,217.0,6.0,480.0,135.0,0
5.0,1797.0,16.0,258.0,5.0,1161.0,332.0,1
7.0,765.0,79.0,153.0,7.0,493.0,114.0,1
10.0,3208.0,80.0,118.0,1.0,510.0,45.0,0
16.0,2137.0,158.0,135.0,4.0,420.0,64.0,0
17.0,7267.0,208.0,16.0,3.0,585.0,118.0,1
5.0,1044.0,16.0,233.0,6.0,1160.0,93.0,0
5.0,2010.0,80.0,16.0,7.0,870.0,126.0,1
6.0,7068.0,121.0,134.0,5.0,1171.0,80.0,0
12.0,6331.0,65.0,253.0,5.0,408.0,184.0,0
5.0,2632.0,261.0,145.0,4.0,684.0,65.0,1
12.0,6226.0,253.0,262.0,7.0,760.0,42.0,0
10.0,4043.0,276.0,208.0,5.0,1120.0,75.0,0
13.0,942.0,154.0,208.0,3.0,668.0,242.0,0
14.0,1735.0,60.0,173.0,4.0,995.0,103.0,1
16.0,2516.0,58.0,238.0,4.0,965.0,60.0,0
0.0,3932.0,71.0,247.0,7.0,560.0,56.0,0
15.0,1166.0,22.0,45.0,5.0,955.0,75.0,0
6.0,5312.0,16.0,285.0,7.0,535.0,61.0,0
5.0,2149.0,85.0,252.0,6.0,515.0,302.0,0
16.0,2876.0,68.0,135.0,6.0,865.0,55.0,0
5.0,1835.0,16.0,261.0,4.0,1290.0,257.0,1
8.0,405.0,139.0,16.0,3.0,1122.0,94.0,0
17.0,7308.0,147.0,134.0,4.0,1164.0,107.0,1
15.0,1783.0,45.0,104.0,7.0,835.0,160.0,1
0.0,4098.0,233.0,148.0,5.0,420.0,135.0,0
17.0,1029.0,150.0,128.0,7.0,1090.0,40.0,1
12.0,6762.0,246.0,79.0,3.0,880.0,142.0,0
2.0,80.0,14.0,252.0,7.0,630.0,200.0,0
15.0,1584.0,43.0,45.0,1.0,1040.0,70.0,1
14.0,2180.0,78.0,159.0,4.0,1020.0,78.0,1
1.0,1459.0,159.0,183.0,6.0,995.0,205.0,1
8.0,572.0,217.0,184.0,3.0,765.0,195.0,0
14.0,1888.0,216.0,35.0,3.0,1155.0,85.0,1
0.0,3791.0,82.0,197.0,1.0,914.0,60.0,0
16.0,2065.0,135.0,234.0,4.0,600.0,158.0,0
12.0,6276.0,44.0,253.0,1.0,430.0,80.0,0
1.0,461.0,22.0,183.0,3.0,880.0,195.0,0
16.0,2480.0,58.0,42.0,5.0,975.0,79.0,0
5.0,1091.0,261.0,264.0,4.0,1010.0,113.0,1
6.0,5615.0,177.0,190.0,6.0,1175.0,74.0,0
15.0,2982.0,268.0,217.0,5.0,1115.0,215.0,1
12.0,6596.0,179.0,253.0,3.0,925.0,100.0,0
16.0,2505.0,234.0,96.0,7.0,1030.0,85.0,1
10.0,4340.0,208.0,84.0,4.0,1015.0,80.0,0
5.0,1002.0,261.0,148.0,5.0,1425.0,260.0,1
12.0,4457.0,28.0,197.0,3.0,800.0,119.0,0
14.0,1251.0,78.0,217.0,3.0,1020.0,307.0,1
6.0,5228.0,16.0,69.0,1.0,575.0,80.0,0
16.0,2350.0,184.0,135.0,1.0,1050.0,172.0,0
12.0,6837.0,79.0,83.0,6.0,500.0,62.0,0
1.0,1120.0,197.0,208.0,7.0,700.0,90.0,0
15.0,3758.0,253.0,153.0,6.0,720.0,90.0,0
5.0,1893.0,85.0,16.0,1.0,535.0,134.0,1
1.0,1383.0,80.0,280.0,5.0,730.0,145.0,0
1.0,1294.0,135.0,183.0,5.0,1075.0,140.0,0
15.0,1566.0,12.0,45.0,3.0,380.0,95.0,1
6.0,5565.0,16.0,116.0,6.0,890.0,89.0,0
16.0,2841.0,76.0,58.0,7.0,1040.0,53.0,0
16.0,3015.0,68.0,135.0,5.0,340.0,59.0,0
5.0,1031.0,139.0,16.0,5.0,742.0,102.0,0
15.0,414.0,268.0,153.0,4.0,925.0,225.0,0
15.0,1599.0,268.0,27.0,3.0,910.0,75.0,1
0.0,4360.0,164.0,197.0,3.0,400.0,82.0,0
1.0,461.0,22.0,183.0,7.0,880.0,195.0,0
14.0,1774.0,183.0,60.0,5.0,1155.0,124.0,0
1.0,2038.0,183.0,85.0,5.0,650.0,185.0,0
8.0,60.0,154.0,16.0,5.0,420.0,250.0,0
15.0,3311.0,33.0,198.0,7.0,1125.0,95.0,0
3.0,423.0,35.0,213.0,7.0,400.0,195.0,0
12.0,7035.0,214.0,154.0,7.0,927.0,139.0,1
0.0,4049.0,71.0,134.0,6.0,555.0,90.0,1
13.0,875.0,136.0,79.0,1.0,399.0,101.0,0
7.0,362.0,79.0,251.0,4.0,690.0,143.0,0
14.0,945.0,60.0,147.0,1.0,700.0,85.0,0
16.0,2343.0,60.0,135.0,1.0,440.0,172.0,0
16.0,2581.0,135.0,68.0,7.0,860.0,61.0,0
15.0,1199.0,129.0,198.0,3.0,485.0,60.0,0
14.0,458.0,261.0,217.0,3.0,1200.0,97.0,0
3.0,42.0,148.0,273.0,5.0,740.0,68.0,0
12.0,4616.0,65.0,197.0,4.0,665.0,135.0,0
14.0,1101.0,60.0,80.0,5.0,680.0,170.0,0
12.0,6455.0,154.0,292.0,3.0,576.0,70.0,0
10.0,4205.0,208.0,22.0,6.0,1110.0,135.0,1
3.0,641.0,148.0,253.0,5.0,645.0,393.0,0
12.0,6662.0,194.0,253.0,1.0,1058.0,37.0,0
12.0,6625.0,79.0,46.0,4.0,475.0,110.0,1
15.0,3322.0,141.0,104.0,7.0,915.0,190.0,0
12.0,6970.0,253.0,262.0,4.0,957.0,44.0,1
15.0,1330.0,262.0,243.0,5.0,535.0,85.0,1
16.0,2980.0,285.0,58.0,1.0,1016.0,79.0,0
12.0,4843.0,261.0,127.0,4.0,905.0,84.0,1
1.0,654.0,217.0,80.0,3.0,360.0,130.0,0
15.0,1101.0,44.0,202.0,7.0,1115.0,70.0,1
14.0,985.0,198.0,60.0,3.0,360.0,108.0,1
14.0,125.0,128.0,217.0,6.0,1430.0,362.0,0
12.0,6849.0,252.0,214.0,7.0,512.0,48.0,0
16.0,5897.0,273.0,208.0,4.0,722.0,138.0,0
3.0,305.0,134.0,104.0,7.0,469.0,156.0,0
14.0,1578.0,60.0,216.0,5.0,875.0,99.0,0
7.0,115.0,197.0,79.0,6.0,1160.0,126.0,0
15.0,309.0,277.0,172.0,3.0,500.0,175.0,0
17.0,2986.0,217.0,244.0,3.0,959.0,122.0,0
15.0,3105.0,175.0,217.0,6.0,510.0,245.0,0
15.0,2875.0,173.0,79.0,6.0,1050.0,255.0,1
0.0,3829.0,0.0,85.0,4.0,747.0,113.0,1
12.0,6388.0,56.0,79.0,4.0,1163.0,133.0,0
14.0,945.0,60.0,147.0,6.0,700.0,85.0,0
15.0,1654.0,2.0,154.0,7.0,1255.0,125.0,0
10.0,2860.0,288.0,80.0,7.0,945.0,135.0,0
1.0,1991.0,78.0,80.0,4.0,710.0,210.0,0
17.0,2821.0,160.0,217.0,6.0,405.0,87.0,0
6.0,7084.0,76.0,208.0,6.0,613.0,74.0,1
5.0,1700.0,16.0,35.0,6.0,525.0,160.0,1
5.0,690.0,60.0,16.0,4.0,790.0,85.0,0
5.0,1189.0,45.0,261.0,1.0,1070.0,294.0,0
15.0,2160.0,175.0,236.0,6.0,720.0,265.0,1
5.0,2923.0,197.0,173.0,1.0,420.0,198.0,0
15.0,1026.0,173.0,241.0,7.0,685.0,50.0,0
5.0,1198.0,241.0,85.0,1.0,500.0,174.0,0
1.0,1578.0,80.0,268.0,7.0,865.0,95.0,0
2.0,62.0,14.0,149.0,5.0,485.0,100.0,0
5.0,1945.0,78.0,85.0,6.0,903.0,99.0,0
5.0,1627.0,16.0,104.0,4.0,515.0,119.0,0
6.0,5600.0,288.0,16.0,6.0,390.0,90.0,1
1.0,1298.0,80.0,45.0,1.0,985.0,170.0,1
15.0,132.0,253.0,154.0,3.0,1080.0,75.0,1
15.0,668.0,175.0,18.0,3.0,920.0,170.0,1
5.0,2419.0,197.0,258.0,7.0,1045.0,252.0,1
14.0,1885.0,216.0,104.0,1.0,470.0,174.0,0
5.0,1615.0,16.0,153.0,5.0,645.0,284.0,0
8.0,25.0,175.0,16.0,1.0,886.0,106.0,0
6.0,5307.0,16.0,129.0,3.0,831.0,136.0,1
15.0,3602.0,175.0,228.0,5.0,595.0,125.0,1
13.0,258.0,79.0,208.0,7.0,1302.0,138.0,0
16.0,2617.0,279.0,135.0,1.0,995.0,96.0,0
1.0,440.0,91.0,80.0,7.0,905.0,100.0,1
16.0,3117.0,96.0,78.0,3.0,1170.0,77.0,1
5.0,329.0,147.0,16.0,4.0,846.0,78.0,0
17.0,2703.0,60.0,54.0,3.0,564.0,61.0,0
13.0,459.0,159.0,208.0,5.0,450.0,157.0,1
15.0,742.0,243.0,217.0,7.0,835.0,70.0,1
11.0,6265.0,132.0,85.0,1.0,610.0,117.0,1
16.0,2204.0,135.0,41.0,4.0,860.0,59.0,0
1.0,482.0,80.0,139.0,6.0,670.0,125.0,0
17.0,2662.0,268.0,60.0,5.0,770.0,111.0,1
15.0,1153.0,153.0,61.0,7.0,1025.0,230.0,1
4.0,633.0,159.0,135.0,7.0,345.0,233.0,1
8.0,75.0,16.0,104.0,3.0,1030.0,111.0,0
1.0,2549.0,148.0,173.0,4.0,1169.0,185.0,0
5.0,1231.0,261.0,198.0,6.0,835.0,194.0,0
14.0,2142.0,159.0,35.0,4.0,1200.0,75.0,0
5.0,2586.0,261.0,16.0,4.0,665.0,215.0,0
5.0,1575.0,139.0,16.0,5.0,425.0,115.0,0
1.0,1230.0,252.0,80.0,6.0,1410.0,215.0,0
13.0,419.0,79.0,214.0,4.0,1299.0,177.0,0
11.0,6344.0,197.0,204.0,7.0,1305.0,132.0,1
8.0,587.0,45.0,119.0,3.0,1295.0,105.0,0
6.0,5494.0,16.0,279.0,6.0,815.0,129.0,0
15.0,3144.0,2.0,214.0,7.0,1180.0,190.0,1
10.0,4572.0,58.0,159.0,3.0,660.0,95.0,1
3.0,72.0,173.0,148.0,5.0,581.0,139.0,0
5.0,2088.0,258.0,197.0,3.0,723.0,231.0,1
12.0,4836.0,177.0,80.0,5.0,815.0,102.0,0
5.0,1650.0,197.0,216.0,1.0,925.0,165.0,1
10.0,2753.0,80.0,32.0,1.0,780.0,120.0,0
14.0,1473.0,228.0,216.0,1.0,690.0,93.0,0
6.0,5343.0,119.0,16.0,1.0,365.0,130.0,0
1.0,444.0,244.0,208.0,6.0,435.0,165.0,0
14.0,1203.0,45.0,60.0,5.0,935.0,88.0,0
0.0,4192.0,117.0,197.0,7.0,916.0,69.0,1
6.0,4941.0,69.0,16.0,4.0,1075.0,94.0,1
15.0,2812.0,277.0,233.0,3.0,605.0,100.0,1
12.0,6273.0,111.0,252.0,6.0,705.0,71.0,0
10.0,3914.0,136.0,208.0,1.0,360.0,105.0,1
15.0,112.0,217.0,2.0,5.0,525.0,65.0,0
16.0,3142.0,204.0,135.0,7.0,550.0,79.0,1
1.0,1665.0,80.0,243.0,3.0,1220.0,185.0,0
1.0,144.0,154.0,134.0,1.0,865.0,290.0,1
10.0,3382.0,80.0,56.0,7.0,1150.0,120.0,1
4.0,34.0,18.0,135.0,5.0,810.0,60.0,1
15.0,453.0,175.0,43.0,7.0,1230.0,85.0,1
8.0,528.0,177.0,16.0,7.0,1157.0,77.0,0
1.0,1104.0,268.0,159.0,1.0,890.0,140.0,1
5.0,1798.0,104.0,159.0,3.0,900.0,179.0,0
8.0,175.0,16.0,241.0,4.0,610.0,103.0,0
6.0,7301.0,16.0,116.0,7.0,777.0,81.0,0
5.0,1840.0,161.0,154.0,4.0,1291.0,325.0,0
15.0,993.0,264.0,217.0,3.0,780.0,70.0,1
13.0,124.0,154.0,208.0,4.0,1113.0,237.0,0
16.0,2527.0,96.0,120.0,6.0,780.0,92.0,1
1.0,1402.0,18.0,80.0,6.0,1080.0,65.0,0
6.0,5050.0,85.0,48.0,5.0,940.0,56.0,0
5.0,303.0,173.0,261.0,7.0,430.0,304.0,0
15.0,1814.0,198.0,173.0,7.0,970.0,100.0,1
1.0,1782.0,173.0,148.0,7.0,1180.0,155.0,1
1.0,1306.0,243.0,80.0,3.0,960.0,170.0,0
4.0,714.0,80.0,135.0,4.0,1150.0,65.0,0
12.0,6236.0,100.0,153.0,1.0,631.0,79.0,1
5.0,2254.0,16.0,61.0,1.0,970.0,95.0,0
5.0,2529.0,197.0,277.0,1.0,545.0,187.0,1
15.0,867.0,75.0,198.0,3.0,1215.0,75.0,1
10.0,4059.0,208.0,32.0,4.0,1195.0,50.0,0
10.0,3917.0,208.0,238.0,4.0,970.0,100.0,0
5.0,1248.0,16.0,221.0,7.0,585.0,107.0,0
15.0,3230.0,33.0,129.0,4.0,995.0,130.0,1
12.0,6395.0,208.0,34.0,4.0,1200.0,223.0,1
12.0,6590.0,79.0,177.0,4.0,610.0,136.0,0
0.0,3843.0,85.0,21.0,1.0,840.0,53.0,1
15.0,1065.0,79.0,153.0,3.0,905.0,115.0,1
17.0,2624.0,60.0,54.0,6.0,868.0,60.0,0
0.0,3709.0,134.0,85.0,7.0,1160.0,94.0,1
9.0,2.0,128.0,154.0,4.0,905.0,325.0,0
13.0,885.0,153.0,253.0,4.0,482.0,108.0,0
13.0,379.0,134.0,173.0,4.0,499.0,147.0,0
0.0,4297.0,43.0,85.0,1.0,810.0,75.0,0
13.0,243.0,79.0,153.0,1.0,485.0,123.0,0
15.0,1002.0,75.0,18.0,5.0,440.0,55.0,1
4.0,267.0,135.0,252.0,3.0,770.0,280.0,1
0.0,3848.0,85.0,27.0,5.0,1175.0,127.0,1
15.0,2397.0,172.0,75.0,3.0,685.0,95.0,0
15.0,511.0,175.0,35.0,4.0,985.0,140.0,1
15.0,1289.0,111.0,252.0,5.0,360.0,70.0,1
15.0,62.0,85.0,175.0,7.0,940.0,65.0,1
15.0,654.0,217.0,154.0,4.0,860.0,85.0,0
14.0,1274.0,182.0,216.0,4.0,420.0,93.0,0
8.0,295.0,16.0,129.0,3.0,525.0,139.0,1
15.0,2383.0,79.0,243.0,5.0,1050.0,150.0,1
17.0,2641.0,280.0,217.0,6.0,405.0,47.0,0
10.0,3908.0,69.0,208.0,1.0,360.0,105.0,1
14.0,1746.0,173.0,216.0,4.0,475.0,142.0,1
15.0,2005.0,79.0,153.0,7.0,530.0,120.0,0
5.0,61.0,148.0,16.0,5.0,1005.0,170.0,0
5.0,721.0,197.0,16.0,7.0,1116.0,156.0,1
3.0,127.0,238.0,148.0,6.0,435.0,78.0,1
16.0,2774.0,76.0,96.0,7.0,1125.0,113.0,0
12.0,6446.0,154.0,263.0,1.0,976.0,56.0,0
15.0,1442.0,153.0,205.0,6.0,565.0,160.0,1
1.0,1777.0,148.0,173.0,3.0,479.0,180.0,0
5.0,1155.0,16.0,147.0,5.0,1312.0,71.0,1
13.0,331.0,208.0,252.0,3.0,583.0,279.0,1
14.0,1046.0,277.0,216.0,7.0,1170.0,143.0,0
15.0,2466.0,207.0,217.0,3.0,1135.0,70.0,0
5.0,1415.0,244.0,85.0,3.0,420.0,185.0,0
15.0,3682.0,104.0,18.0,3.0,730.0,195.0,1
14.0,732.0,173.0,60.0,3.0,930.0,98.0,1
14.0,1543.0,159.0,60.0,3.0,885.0,126.0,0
0.0,3650.0,43.0,148.0,6.0,1165.0,108.0,0
15.0,2959.0,22.0,173.0,3.0,420.0,185.0,0
12.0,4757.0,261.0,205.0,7.0,585.0,144.0,1
4.0,1433.0,159.0,135.0,7.0,1020.0,249.0,0
15.0,170.0,217.0,33.0,4.0,1040.0,195.0,0
15.0,962.0,79.0,261.0,7.0,1085.0,90.0,1
1.0,1712.0,207.0,80.0,1.0,695.0,170.0,0
10.0,4588.0,159.0,197.0,5.0,865.0,180.0,0
15.0,3077.0,264.0,202.0,4.0,490.0,80.0,1
10.0,4358.0,139.0,208.0,1.0,965.0,70.0,1
15.0,1233.0,45.0,221.0,5.0,1175.0,60.0,1
10.0,3369.0,80.0,84.0,5.0,760.0,115.0,0
11.0,6749.0,290.0,197.0,6.0,632.0,113.0,0
12.0,6381.0,184.0,208.0,1.0,841.0,50.0,0
14.0,1990.0,60.0,139.0,4.0,890.0,105.0,0
10.0,3975.0,208.0,290.0,4.0,660.0,105.0,0
12.0,6379.0,154.0,248.0,5.0,470.0,61.0,0
1.0,1256.0,183.0,159.0,7.0,465.0,170.0,0
14.0,1640.0,173.0,60.0,1.0,315.0,97.0,0
8.0,659.0,16.0,244.0,6.0,890.0,155.0,0
15.0,2661.0,202.0,236.0,7.0,545.0,55.0,0
15.0,970.0,213.0,216.0,4.0,650.0,165.0,1
12.0,6283.0,144.0,154.0,7.0,1260.0,53.0,0
15.0,1096.0,153.0,172.0,5.0,880.0,170.0,1
1.0,1894.0,253.0,154.0,7.0,585.0,90.0,0
5.0,1005.0,16.0,85.0,5.0,495.0,125.0,0
1.0,428.0,80.0,233.0,6.0,960.0,150.0,0
15.0,2362.0,264.0,262.0,6.0,450.0,90.0,0
10.0,3163.0,154.0,258.0,4.0,920.0,80.0,0
5.0,2301.0,35.0,16.0,7.0,1110.0,186.0,1
6.0,5226.0,19.0,16.0,1.0,597.0,63.0,1
8.0,1268.0,173.0,32.0,7.0,495.0,154.0,0
13.0,369.0,244.0,79.0,7.0,561.0,142.0,1
15.0,2097.0,214.0,202.0,1.0,500.0,100.0,0
12.0,6890.0,34.0,154.0,5.0,660.0,131.0,1
15.0,1739.0,45.0,35.0,7.0,1065.0,85.0,0
1.0,1404.0,241.0,208.0,5.0,945.0,195.0,0
4.0,623.0,135.0,198.0,1.0,870.0,67.0,1
15.0,671.0,175.0,79.0,5.0,965.0,165.0,0
4.0,90.0,154.0,96.0,1.0,765.0,321.0,1
3.0,661.0,273.0,173.0,5.0,420.0,178.0,0
12.0,6262.0,164.0,79.0,5.0,1169.0,89.0,1
1.0,1743.0,85.0,80.0,6.0,705.0,185.0,0
4.0,498.0,79.0,135.0,1.0,860.0,138.0,1
6.0,5076.0,204.0,16.0,1.0,648.0,125.0,1
5.0,2151.0,16.0,147.0,7.0,570.0,73.0,0
5.0,1256.0,71.0,35.0,7.0,915.0,127.0,0
15.0,195.0,268.0,217.0,5.0,570.0,210.0,1
14.0,1538.0,252.0,60.0,7.0,810.0,281.0,0
15.0,2049.0,243.0,258.0,5.0,1130.0,80.0,0
12.0,6585.0,72.0,208.0,1.0,1082.0,68.0,1
16.0,2904.0,135.0,61.0,6.0,1188.0,145.0,0
0.0,4322.0,197.0,166.0,4.0,680.0,52.0,0
1.0,877.0,78.0,80.0,6.0,500.0,210.0,0
1.0,1230.0,252.0,80.0,3.0,1410.0,215.0,1
7.0,351.0,215.0,79.0,1.0,1038.0,233.0,1
12.0,6594.0,280.0,154.0,7.0,1136.0,93.0,0
15.0,644.0,44.0,258.0,5.0,990.0,65.0,0
12.0,6376.0,179.0,253.0,6.0,1110.0,98.0,0
2.0,1.0,78.0,252.0,4.0,480.0,360.0,0
14.0,1186.0,177.0,60.0,7.0,765.0,93.0,1
6.0,5068.0,16.0,138.0,1.0,725.0,76.0,1
5.0,1030.0,244.0,16.0,4.0,972.0,148.0,0
13.0,18.0,79.0,45.0,3.0,626.0,202.0,0
15.0,3311.0,33.0,198.0,3.0,1125.0,95.0,1
15.0,2259.0,173.0,244.0,6.0,1010.0,185.0,1
12.0,4678.0,44.0,261.0,3.0,790.0,110.0,0
13.0,502.0,208.0,159.0,3.0,1085.0,136.0,1
13.0,541.0,35.0,208.0,5.0,922.0,168.0,0
5.0,2831.0,159.0,85.0,4.0,435.0,120.0,0
0.0,3838.0,43.0,85.0,4.0,609.0,85.0,1
5.0,2363.0,148.0,154.0,5.0,1020.0,394.0,0
15.0,753.0,129.0,146.0,6.0,500.0,65.0,0
12.0,6719.0,196.0,79.0,5.0,1007.0,119.0,0
1.0,826.0,80.0,244.0,6.0,780.0,65.0,0
4.0,192.0,96.0,173.0,7.0,550.0,170.0,0
1.0,1395.0,277.0,80.0,4.0,865.0,170.0,1
15.0,400.0,173.0,175.0,7.0,1090.0,175.0,0
10.0,2829.0,80.0,223.0,1.0,715.0,100.0,0
12.0,6638.0,235.0,79.0,1.0,480.0,85.0,0
8.0,139.0,45.0,147.0,3.0,1205.0,115.0,0
5.0,2503.0,85.0,104.0,1.0,840.0,178.0,0
5.0,2571.0,139.0,16.0,7.0,667.0,94.0,1
17.0,2714.0,100.0,217.0,5.0,723.0,96.0,0
3.0,1411.0,173.0,18.0,4.0,775.0,169.0,0
4.0,223.0,14.0,252.0,1.0,49.0,201.0,1
0.0,4117.0,238.0,16.0,1.0,390.0,145.0,0
14.0,1729.0,60.0,173.0,4.0,688.0,91.0,0
1.0,1085.0,80.0,268.0,3.0,1140.0,95.0,1
12.0,4869.0,177.0,261.0,7.0,395.0,206.0,0
16.0,3051.0,147.0,135.0,4.0,410.0,146.0,0
10.0,3203.0,80.0,13.0,6.0,390.0,75.0,0
15.0,1800.0,45.0,173.0,6.0,855.0,145.0,1
15.0,702.0,2.0,268.0,4.0,680.0,135.0,0
5.0,2218.0,197.0,85.0,3.0,690.0,110.0,0
10.0,2868.0,187.0,80.0,4.0,1015.0,135.0,1
8.0,931.0,147.0,16.0,3.0,400.0,77.0,0
13.0,477.0,134.0,198.0,7.0,1006.0,171.0,0
12.0,6330.0,253.0,224.0,6.0,570.0,113.0,0
6.0,7331.0,120.0,16.0,5.0,686.0,89.0,0
1.0,682.0,183.0,148.0,7.0,895.0,185.0,1
15.0,1050.0,104.0,233.0,5.0,685.0,125.0,1
17.0,2860.0,103.0,217.0,3.0,966.0,64.0,0
12.0,6888.0,91.0,208.0,3.0,789.0,177.0,1
16.0,2905.0,58.0,197.0,5.0,740.0,123.0,1
14.0,1170.0,233.0,60.0,3.0,770.0,61.0,0
12.0,6737.0,79.0,100.0,6.0,908.0,142.0,0
12.0,6867.0,79.0,18.0,5.0,614.0,124.0,0
12.0,6525.0,79.0,65.0,6.0,1130.0,35.0,1
15.0,1381.0,18.0,243.0,7.0,1145.0,190.0,1
16.0,3090.0,18.0,135.0,4.0,722.0,56.0,1
5.0,2405.0,216.0,85.0,3.0,350.0,115.0,0
8.0,704.0,76.0,16.0,4.0,652.0,99.0,0
10.0,2987.0,11.0,80.0,7.0,990.0,175.0,0
10.0,4004.0,71.0,208.0,4.0,380.0,80.0,0
6.0,5567.0,47.0,16.0,7.0,444.0,76.0,0
5.0,1107.0,216.0,261.0,3.0,1030.0,311.0,1
5.0,1574.0,173.0,197.0,4.0,580.0,207.0,0
12.0,4756.0,172.0,261.0,5.0,370.0,162.0,0
5.0,2050.0,172.0,177.0,3.0,985.0,84.0,1
15.0,673.0,244.0,131.0,4.0,450.0,55.0,0
16.0,5941.0,279.0,208.0,7.0,360.0,113.0,0
3.0,112.0,148.0,43.0,4.0,1370.0,83.0,0
10.0,3239.0,61.0,80.0,6.0,560.0,185.0,0
11.0,6760.0,148.0,43.0,5.0,1140.0,102.0,0
10.0,3126.0,258.0,154.0,7.0,1025.0,75.0,1
13.0,416.0,261.0,79.0,3.0,1006.0,86.0,0
11.0,6625.0,233.0,139.0,5.0,430.0,119.0,0
11.0,6377.0,71.0,251.0,4.0,810.0,53.0,0
8.0,632.0,76.0,45.0,1.0,760.0,81.0,0
11.0,6445.0,85.0,17.0,7.0,920.0,87.0,0
15.0,3405.0,236.0,153.0,1.0,755.0,80.0,1
8.0,1006.0,35.0,241.0,4.0,694.0,221.0,0
4.0,701.0,96.0,104.0,3.0,630.0,185.0,1
4.0,547.0,208.0,135.0,4.0,830.0,154.0,1
1.0,1844.0,153.0,183.0,5.0,830.0,265.0,1
10.0,3314.0,109.0,80.0,5.0,375.0,165.0,0
15.0,912.0,173.0,228.0,7.0,1185.0,155.0,1
15.0,1790.0,87.0,45.0,6.0,710.0,125.0,0
15.0,791.0,216.0,217.0,1.0,840.0,340.0,1
8.0,649.0,119.0,45.0,4.0,365.0,95.0,0
10.0,4339.0,208.0,276.0,1.0,975.0,55.0,0
8.0,1293.0,173.0,119.0,1.0,850.0,150.0,0
16.0,2673.0,85.0,135.0,4.0,712.0,172.0,0
6.0,7099.0,208.0,71.0,6.0,455.0,68.0,1
1.0,1184.0,208.0,96.0,4.0,735.0,145.0,1
12.0,4454.0,102.0,197.0,1.0,840.0,160.0,0
13.0,748.0,79.0,136.0,3.0,1166.0,82.0,0
12.0,7012.0,261.0,208.0,5.0,673.0,188.0,0
12.0,6880.0,261.0,79.0,3.0,629.0,85.0,0
4.0,229.0,79.0,96.0,7.0,502.0,223.0,0
5.0,2689.0,197.0,139.0,1.0,915.0,94.0,0
15.0,161.0,175.0,129.0,4.0,645.0,170.0,1
1.0,1907.0,78.0,183.0,3.0,430.0,165.0,0
1.0,1231.0,216.0,208.0,5.0,990.0,150.0,0
3.0,8.0,148.0,43.0,3.0,865.0,91.0,1
12.0,6312.0,227.0,154.0,4.0,446.0,52.0,0
1.0,1197.0,80.0,244.0,6.0,1125.0,65.0,0
2.0,585.0,264.0,214.0,6.0,1135.0,145.0,0
5.0,1506.0,154.0,85.0,4.0,345.0,270.0,0
6.0,5517.0,47.0,16.0,7.0,995.0,74.0,1
17.0,7237.0,208.0,84.0,3.0,790.0,72.0,1
12.0,6632.0,254.0,79.0,6.0,805.0,131.0,0
12.0,6485.0,253.0,227.0,3.0,1114.0,79.0,1
0.0,4388.0,85.0,195.0,1.0,540.0,87.0,0
14.0,574.0,217.0,277.0,1.0,965.0,226.0,0
3.0,623.0,148.0,129.0,4.0,1230.0,253.0,1
12.0,7790.0,261.0,271.0,7.0,823.0,71.0,0
7.0,630.0,79.0,195.0,5.0,942.0,119.0,0
1.0,1521.0,172.0,208.0,7.0,1010.0,95.0,1
11.0,6609.0,148.0,234.0,5.0,666.0,90.0,0
11.0,6313.0,71.0,133.0,3.0,810.0,49.0,0
15.0,768.0,198.0,277.0,3.0,1125.0,85.0,1
1.0,721.0,80.0,91.0,1.0,815.0,105.0,0
4.0,1588.0,243.0,135.0,3.0,770.0,187.0,1
15.0,1884.0,217.0,202.0,3.0,915.0,125.0,0
0.0,4053.0,245.0,159.0,4.0,764.0,130.0,0
6.0,5164.0,16.0,76.0,6.0,841.0,94.0,0
15.0,378.0,45.0,277.0,3.0,695.0,150.0,1
15.0,738.0,33.0,175.0,4.0,905.0,90.0,1
15.0,1922.0,172.0,153.0,6.0,825.0,195.0,1
12.0,4609.0,261.0,18.0,5.0,590.0,170.0,0
16.0,2761.0,234.0,96.0,3.0,437.0,69.0,0
10.0,3241.0,162.0,80.0,3.0,1025.0,80.0,0
10.0,2952.0,80.0,245.0,1.0,755.0,135.0,0
8.0,259.0,16.0,106.0,7.0,615.0,122.0,0
3.0,66.0,148.0,43.0,5.0,725.0,79.0,0
5.0,2374.0,198.0,85.0,5.0,1058.0,151.0,0
5.0,2189.0,85.0,261.0,7.0,1155.0,239.0,1
15.0,43.0,75.0,129.0,3.0,1020.0,60.0,0
13.0,436.0,264.0,208.0,4.0,500.0,235.0,0
15.0,910.0,258.0,153.0,4.0,560.0,85.0,0
15.0,1222.0,262.0,44.0,5.0,1025.0,70.0,1
1.0,59.0,148.0,253.0,4.0,420.0,405.0,0
3.0,23.0,273.0,148.0,7.0,575.0,69.0,1
9.0,107.0,150.0,128.0,4.0,373.0,42.0,0
15.0,1633.0,280.0,175.0,5.0,545.0,200.0,0
12.0,4722.0,160.0,261.0,7.0,985.0,109.0,0
13.0,442.0,197.0,208.0,3.0,838.0,83.0,0
16.0,2614.0,61.0,96.0,6.0,370.0,94.0,0
15.0,2552.0,153.0,129.0,5.0,490.0,170.0,0
15.0,1295.0,45.0,147.0,6.0,760.0,125.0,1
5.0,1991.0,16.0,277.0,3.0,590.0,100.0,0
12.0,4744.0,202.0,261.0,7.0,992.0,103.0,0
15.0,3339.0,252.0,261.0,4.0,885.0,115.0,0
7.0,530.0,175.0,79.0,5.0,765.0,155.0,0
8.0,264.0,78.0,184.0,5.0,820.0,125.0,0
5.0,1504.0,172.0,85.0,1.0,360.0,118.0,0
15.0,1056.0,268.0,153.0,5.0,375.0,235.0,1
15.0,710.0,258.0,18.0,7.0,1100.0,200.0,1
14.0,270.0,135.0,217.0,6.0,360.0,172.0,0
6.0,5081.0,290.0,16.0,6.0,752.0,110.0,1
15.0,2882.0,129.0,27.0,1.0,580.0,90.0,0
13.0,199.0,173.0,208.0,4.0,863.0,177.0,0
6.0,5132.0,11.0,16.0,4.0,570.0,72.0,0
16.0,2219.0,285.0,135.0,7.0,1109.0,141.0,0
13.0,215.0,173.0,79.0,4.0,926.0,249.0,0
12.0,6967.0,6.0,262.0,7.0,1149.0,57.0,1
1.0,808.0,80.0,135.0,3.0,725.0,65.0,0
16.0,2497.0,135.0,136.0,4.0,975.0,101.0,0
5.0,1632.0,198.0,261.0,5.0,1100.0,219.0,1
15.0,1408.0,214.0,217.0,3.0,1205.0,150.0,1
1.0,705.0,80.0,227.0,6.0,605.0,190.0,1
17.0,2689.0,60.0,251.0,7.0,1074.0,93.0,0
12.0,6580.0,179.0,253.0,4.0,824.0,98.0,1
6.0,5182.0,16.0,47.0,5.0,521.0,71.0,0
14.0,1089.0,216.0,147.0,3.0,940.0,136.0,0
4.0,432.0,135.0,159.0,7.0,657.0,194.0,1
14.0,183.0,217.0,104.0,3.0,590.0,258.0,1
15.0,755.0,175.0,268.0,5.0,765.0,65.0,1
14.0,1435.0,78.0,60.0,3.0,640.0,90.0,0
1.0,2222.0,253.0,80.0,4.0,565.0,210.0,0
14.0,614.0,217.0,16.0,4.0,960.0,212.0,0
16.0,2292.0,27.0,135.0,7.0,1055.0,111.0,1
14.0,665.0,264.0,217.0,3.0,1140.0,77.0,0
12.0,6964.0,232.0,214.0,1.0,345.0,58.0,0
8.0,988.0,16.0,221.0,7.0,1335.0,98.0,1
9.0,277.0,150.0,128.0,6.0,1050.0,42.0,0
11.0,6658.0,61.0,78.0,1.0,390.0,81.0,1
11.0,6629.0,119.0,85.0,5.0,350.0,61.0,0
1.0,524.0,244.0,80.0,7.0,745.0,70.0,0
12.0,6518.0,208.0,136.0,5.0,500.0,114.0,1
1.0,577.0,148.0,208.0,5.0,870.0,180.0,0
6.0,5072.0,16.0,32.0,3.0,891.0,105.0,1
6.0,5135.0,157.0,16.0,4.0,755.0,89.0,0
3.0,596.0,173.0,130.0,5.0,989.0,151.0,0
15.0,1285.0,175.0,141.0,7.0,840.0,135.0,1
3.0,1325.0,35.0,45.0,6.0,920.0,88.0,0
16.0,2384.0,256.0,135.0,3.0,360.0,55.0,0
6.0,5306.0,16.0,247.0,3.0,905.0,111.0,1
15.0,3110.0,58.0,175.0,1.0,580.0,80.0,1
5.0,1483.0,261.0,153.0,5.0,508.0,92.0,0
0.0,4035.0,184.0,71.0,4.0,1035.0,81.0,0
4.0,147.0,208.0,135.0,7.0,585.0,159.0,0
10.0,3118.0,236.0,154.0,3.0,480.0,105.0,0
8.0,175.0,16.0,241.0,1.0,620.0,100.0,0
6.0,5417.0,16.0,84.0,4.0,959.0,131.0,0
10.0,3828.0,208.0,78.0,3.0,740.0,110.0,0
15.0,1350.0,75.0,268.0,6.0,905.0,100.0,1
7.0,413.0,79.0,154.0,3.0,790.0,142.0,0
5.0,1566.0,116.0,16.0,6.0,1029.0,91.0,0
16.0,2120.0,184.0,135.0,4.0,855.0,170.0,1
16.0,2552.0,117.0,58.0,5.0,965.0,78.0,1
12.0,4696.0,202.0,261.0,3.0,609.0,107.0,1
12.0,6993.0,230.0,79.0,7.0,1060.0,67.0,0
15.0,883.0,141.0,213.0,1.0,440.0,180.0,0
5.0,61.0,148.0,16.0,1.0,1005.0,170.0,0
7.0,287.0,268.0,79.0,7.0,1120.0,144.0,0
16.0,3053.0,96.0,85.0,5.0,780.0,116.0,0
12.0,6875.0,79.0,195.0,3.0,935.0,127.0,0
10.0,4537.0,233.0,148.0,3.0,1030.0,105.0,0
8.0,487.0,45.0,173.0,6.0,760.0,144.0,0
8.0,1188.0,173.0,187.0,3.0,465.0,167.0,0
5.0,1458.0,241.0,16.0,1.0,809.0,110.0,0
12.0,6329.0,6.0,253.0,7.0,508.0,82.0,0
12.0,6822.0,231.0,253.0,1.0,845.0,69.0,0
5.0,2248.0,85.0,159.0,4.0,925.0,112.0,0
15.0,761.0,27.0,217.0,6.0,480.0,240.0,1
1.0,2465.0,80.0,154.0,6.0,1070.0,205.0,0
6.0,4948.0,186.0,16.0,6.0,890.0,101.0,0
13.0,727.0,134.0,277.0,6.0,1325.0,145.0,1
5.0,2047.0,159.0,16.0,4.0,480.0,161.0,0
7.0,815.0,79.0,172.0,7.0,420.0,93.0,0
1.0,527.0,35.0,183.0,3.0,640.0,215.0,0
10.0,4369.0,71.0,208.0,4.0,1040.0,80.0,0
12.0,4606.0,244.0,261.0,5.0,850.0,177.0,1
12.0,6375.0,63.0,208.0,1.0,888.0,82.0,0
0.0,3881.0,16.0,275.0,6.0,1305.0,69.0,0
15.0,993.0,264.0,217.0,4.0,780.0,70.0,0
8.0,1609.0,173.0,78.0,4.0,1198.0,124.0,1
1.0,1901.0,80.0,183.0,6.0,750.0,160.0,1
14.0,1781.0,35.0,60.0,1.0,880.0,145.0,1
16.0,2217.0,35.0,58.0,5.0,585.0,123.0,1
16.0,2570.0,135.0,41.0,5.0,1175.0,61.0,0
15.0,16.0,33.0,129.0,1.0,440.0,130.0,1
5.0,2122.0,85.0,35.0,5.0,455.0,127.0,0
15.0,553.0,243.0,175.0,7.0,595.0,235.0,0
10.0,2775.0,80.0,239.0,7.0,1200.0,90.0,1
15.0,193.0,45.0,217.0,4.0,1115.0,320.0,1
5.0,2069.0,234.0,16.0,7.0,415.0,125.0,0
8.0,372.0,16.0,159.0,3.0,1098.0,130.0,1
0.0,3730.0,16.0,162.0,7.0,685.0,106.0,0
1.0,1307.0,33.0,154.0,7.0,1030.0,260.0,0
4.0,1155.0,213.0,96.0,1.0,825.0,172.0,0
4.0,1635.0,96.0,217.0,1.0,980.0,333.0,0
15.0,201.0,173.0,22.0,3.0,690.0,155.0,1
4.0,499.0,135.0,79.0,1.0,715.0,154.0,1
10.0,3880.0,208.0,135.0,4.0,930.0,165.0,1
10.0,3672.0,251.0,183.0,1.0,435.0,155.0,0
5.0,1164.0,172.0,16.0,7.0,995.0,122.0,0
8.0,1101.0,241.0,61.0,7.0,1151.0,145.0,1
10.0,4087.0,0.0,208.0,5.0,1145.0,150.0,1
16.0,3126.0,155.0,135.0,7.0,460.0,94.0,0
5.0,2094.0,16.0,54.0,4.0,578.0,82.0,0
12.0,4696.0,202.0,261.0,1.0,609.0,107.0,1
15.0,45.0,129.0,45.0,4.0,1140.0,170.0,1
16.0,2549.0,71.0,135.0,5.0,545.0,162.0,0
4.0,1692.0,96.0,173.0,4.0,1200.0,176.0,0
12.0,6716.0,69.0,208.0,3.0,370.0,97.0,0
14.0,567.0,154.0,217.0,6.0,390.0,80.0,0
10.0,3073.0,154.0,243.0,5.0,1120.0,45.0,0
16.0,2238.0,121.0,96.0,7.0,660.0,105.0,0
4.0,390.0,261.0,135.0,6.0,755.0,174.0,1
15.0,1866.0,175.0,33.0,4.0,1130.0,85.0,0
4.0,1010.0,135.0,96.0,7.0,1077.0,207.0,1
7.0,473.0,241.0,184.0,1.0,708.0,181.0,0
1.0,549.0,104.0,208.0,4.0,450.0,195.0,0
12.0,6434.0,154.0,244.0,1.0,632.0,163.0,0
15.0,288.0,172.0,75.0,1.0,815.0,90.0,1
2.0,49.0,14.0,9.0,7.0,914.0,61.0,0
15.0,1345.0,162.0,75.0,3.0,575.0,65.0,1
15.0,2.0,75.0,170.0,3.0,475.0,75.0,1
12.0,6583.0,65.0,79.0,4.0,600.0,49.0,0
1.0,2227.0,148.0,153.0,3.0,1165.0,360.0,1
6.0,5224.0,190.0,16.0,3.0,805.0,76.0,1
14.0,1270.0,216.0,35.0,4.0,615.0,88.0,0
1.0,335.0,208.0,213.0,1.0,1060.0,185.0,0
5.0,1456.0,267.0,16.0,7.0,668.0,97.0,0
14.0,1766.0,60.0,78.0,3.0,890.0,80.0,0
14.0,1411.0,60.0,213.0,3.0,710.0,121.0,1
8.0,345.0,216.0,16.0,7.0,915.0,136.0,0
12.0,6330.0,207.0,253.0,7.0,360.0,85.0,0
10.0,2971.0,120.0,80.0,1.0,745.0,195.0,0
12.0,4589.0,261.0,160.0,5.0,669.0,116.0,0
12.0,6450.0,34.0,253.0,3.0,1058.0,105.0,0
1.0,2462.0,154.0,80.0,4.0,1090.0,170.0,0
5.0,1570.0,268.0,16.0,3.0,615.0,90.0,1
0.0,3707.0,285.0,177.0,4.0,1065.0,84.0,0
11.0,6308.0,177.0,96.0,3.0,525.0,161.0,0
15.0,1094.0,253.0,217.0,5.0,460.0,110.0,1
0.0,3922.0,247.0,85.0,1.0,812.0,63.0,1
1.0,1099.0,139.0,80.0,5.0,475.0,150.0,0
12.0,6923.0,253.0,6.0,3.0,1140.0,79.0,0
8.0,598.0,16.0,238.0,1.0,731.0,124.0,0
15.0,327.0,44.0,153.0,7.0,545.0,60.0,0
10.0,4262.0,233.0,208.0,7.0,810.0,140.0,0
7.0,618.0,79.0,139.0,1.0,690.0,137.0,0
17.0,7258.0,273.0,208.0,4.0,410.0,140.0,0
15.0,1388.0,75.0,2.0,6.0,405.0,110.0,0
3.0,1759.0,104.0,260.0,4.0,907.0,150.0,1
15.0,711.0,244.0,153.0,5.0,470.0,175.0,0
1.0,2413.0,204.0,80.0,3.0,450.0,65.0,0
14.0,7.0,217.0,208.0,7.0,970.0,199.0,0
16.0,2637.0,75.0,135.0,5.0,1019.0,69.0,0
15.0,3133.0,139.0,277.0,5.0,820.0,140.0,0
15.0,1256.0,104.0,175.0,5.0,680.0,195.0,1
16.0,2809.0,135.0,68.0,4.0,940.0,59.0,0
14.0,275.0,217.0,135.0,5.0,960.0,154.0,0
5.0,2351.0,233.0,16.0,3.0,585.0,90.0,0
2.0,182.0,98.0,14.0,1.0,480.0,63.0,0
2.0,40.0,9.0,14.0,5.0,1020.0,50.0,0
5.0,2460.0,183.0,16.0,4.0,605.0,120.0,1
7.0,108.0,79.0,197.0,6.0,1150.0,114.0,0
13.0,791.0,153.0,79.0,1.0,371.0,120.0,0
4.0,1821.0,135.0,264.0,6.0,900.0,213.0,0
1.0,1201.0,208.0,268.0,1.0,910.0,65.0,1
8.0,342.0,16.0,216.0,6.0,970.0,123.0,0
15.0,1409.0,44.0,153.0,4.0,1230.0,60.0,0
13.0,871.0,79.0,243.0,7.0,925.0,137.0,0
15.0,2254.0,153.0,44.0,3.0,820.0,65.0,0
14.0,1978.0,60.0,96.0,6.0,1205.0,110.0,0
12.0,6427.0,253.0,236.0,6.0,1154.0,54.0,0
5.0,2104.0,154.0,261.0,6.0,1075.0,105.0,0
15.0,973.0,79.0,33.0,4.0,635.0,145.0,0
8.0,852.0,173.0,16.0,6.0,1122.0,98.0,0
15.0,637.0,268.0,175.0,5.0,940.0,60.0,1
15.0,1532.0,146.0,45.0,1.0,865.0,130.0,0
16.0,2105.0,135.0,119.0,7.0,770.0,148.0,0
16.0,2931.0,135.0,178.0,1.0,1009.0,74.0,1
2.0,622.0,214.0,153.0,3.0,810.0,129.0,0
15.0,540.0,217.0,221.0,4.0,760.0,240.0,1
0.0,3808.0,85.0,76.0,6.0,615.0,60.0,1
1.0,114.0,154.0,96.0,1.0,495.0,325.0,0
5.0,1983.0,16.0,223.0,6.0,740.0,70.0,0
15.0,1938.0,202.0,207.0,4.0,470.0,75.0,0
5.0,1999.0,172.0,177.0,4.0,375.0,88.0,0
8.0,447.0,198.0,16.0,1.0,975.0,81.0,1
5.0,1507.0,16.0,261.0,1.0,730.0,252.0,1
12.0,4536.0,236.0,261.0,4.0,615.0,86.0,0
15.0,288.0,175.0,172.0,5.0,700.0,90.0,1
15.0,3664.0,45.0,22.0,7.0,715.0,65.0,1
4.0,1086.0,135.0,173.0,7.0,960.0,134.0,1
10.0,3044.0,154.0,79.0,5.0,725.0,140.0,0
5.0,2544.0,262.0,197.0,3.0,725.0,218.0,1
14.0,1559.0,221.0,216.0,5.0,570.0,74.0,1
4.0,1192.0,96.0,35.0,4.0,1170.0,74.0,0
10.0,4225.0,117.0,208.0,7.0,800.0,65.0,1
15.0,2720.0,253.0,153.0,1.0,890.0,95.0,1
4.0,1596.0,153.0,135.0,5.0,485.0,175.0,0
1.0,246.0,150.0,154.0,3.0,1365.0,310.0,0
10.0,2871.0,146.0,80.0,4.0,505.0,95.0,0
15.0,640.0,244.0,75.0,4.0,450.0,60.0,1
8.0,844.0,173.0,16.0,5.0,922.0,98.0,1
15.0,1566.0,45.0,18.0,1.0,510.0,235.0,1
12.0,6738.0,15.0,79.0,3.0,420.0,55.0,0
5.0,1842.0,16.0,61.0,1.0,595.0,111.0,0
5.0,2145.0,228.0,16.0,1.0,420.0,179.0,0
0.0,4169.0,42.0,85.0,3.0,970.0,127.0,1
1.0,1139.0,85.0,80.0,3.0,1020.0,185.0,0
12.0,6995.0,208.0,109.0,4.0,785.0,51.0,0
15.0,869.0,13.0,79.0,3.0,540.0,80.0,1
17.0,7246.0,208.0,12.0,1.0,966.0,110.0,1
5.0,2012.0,16.0,208.0,4.0,445.0,127.0,0
4.0,551.0,233.0,135.0,5.0,1035.0,187.0,0
1.0,329.0,159.0,208.0,3.0,765.0,155.0,0
10.0,2705.0,80.0,239.0,3.0,795.0,95.0,0
15.0,578.0,154.0,280.0,5.0,1155.0,75.0,1
3.0,534.0,277.0,96.0,5.0,1110.0,160.0,0
5.0,2244.0,197.0,184.0,1.0,790.0,71.0,1
10.0,2765.0,80.0,84.0,5.0,470.0,110.0,0
6.0,7068.0,134.0,121.0,5.0,1057.0,88.0,0
5.0,2269.0,16.0,173.0,4.0,720.0,87.0,0
5.0,1223.0,16.0,241.0,5.0,510.0,110.0,1
5.0,2905.0,277.0,154.0,3.0,1125.0,319.0,0
5.0,2645.0,85.0,253.0,5.0,1160.0,321.0,1
15.0,3238.0,58.0,175.0,4.0,415.0,85.0,1
13.0,54.0,150.0,253.0,6.0,1315.0,311.0,0
16.0,2672.0,84.0,135.0,1.0,1025.0,142.0,1
5.0,1229.0,16.0,213.0,3.0,1330.0,106.0,0
11.0,6649.0,71.0,85.0,3.0,1175.0,85.0,1
17.0,1038.0,128.0,150.0,5.0,915.0,40.0,0
5.0,1434.0,16.0,146.0,3.0,1365.0,79.0,0
2.0,153.0,211.0,206.0,6.0,1177.0,45.0,0
16.0,3105.0,135.0,162.0,5.0,1175.0,78.0,0
15.0,2854.0,197.0,79.0,6.0,885.0,135.0,0
16.0,3023.0,96.0,209.0,5.0,895.0,79.0,0
15.0,828.0,173.0,172.0,6.0,915.0,185.0,0
15.0,3930.0,154.0,2.0,1.0,450.0,105.0,1
3.0,1119.0,43.0,104.0,6.0,660.0,184.0,0
15.0,3311.0,198.0,129.0,7.0,1240.0,70.0,1
12.0,4836.0,177.0,80.0,7.0,815.0,102.0,1
5.0,2965.0,148.0,253.0,1.0,435.0,385.0,0
15.0,2403.0,277.0,45.0,6.0,750.0,130.0,1
15.0,117.0,280.0,243.0,7.0,495.0,75.0,0
4.0,1884.0,96.0,269.0,4.0,470.0,237.0,1
8.0,923.0,172.0,16.0,5.0,390.0,125.0,0
15.0,1088.0,258.0,44.0,3.0,1210.0,60.0,1
5.0,1555.0,16.0,154.0,6.0,500.0,308.0,1
6.0,5420.0,85.0,182.0,4.0,610.0,107.0,0
15.0,40.0,87.0,129.0,4.0,810.0,120.0,0
15.0,1383.0,111.0,261.0,3.0,550.0,95.0,1
12.0,6376.0,230.0,79.0,3.0,956.0,72.0,1
8.0,1628.0,173.0,216.0,4.0,1102.0,140.0,0
14.0,2041.0,35.0,78.0,1.0,960.0,92.0,1
4.0,1567.0,172.0,135.0,1.0,505.0,118.0,0
12.0,4701.0,261.0,154.0,7.0,585.0,119.0,1
15.0,962.0,79.0,261.0,4.0,1085.0,90.0,1
8.0,481.0,45.0,173.0,1.0,420.0,140.0,0
10.0,3266.0,41.0,80.0,4.0,640.0,85.0,0
14.0,491.0,79.0,217.0,4.0,1100.0,117.0,0
2.0,46.0,23.0,14.0,6.0,1240.0,69.0,1
0.0,4259.0,222.0,85.0,7.0,375.0,95.0,0
5.0,1238.0,18.0,16.0,4.0,785.0,132.0,0
15.0,170.0,217.0,33.0,7.0,1040.0,195.0,1
13.0,295.0,79.0,45.0,7.0,1064.0,199.0,0
16.0,2501.0,135.0,91.0,5.0,690.0,118.0,0
3.0,362.0,213.0,159.0,3.0,678.0,162.0,1
5.0,1553.0,148.0,264.0,4.0,548.0,392.0,0
12.0,6676.0,100.0,79.0,3.0,463.0,143.0,1
14.0,1290.0,80.0,216.0,4.0,1065.0,179.0,0
1.0,1534.0,79.0,80.0,1.0,515.0,120.0,0
16.0,5949.0,42.0,208.0,5.0,360.0,159.0,0
1.0,1237.0,217.0,80.0,6.0,485.0,135.0,0
12.0,6945.0,79.0,84.0,7.0,618.0,108.0,0
0.0,4114.0,195.0,85.0,3.0,625.0,87.0,0
14.0,943.0,209.0,60.0,7.0,420.0,85.0,0
5.0,339.0,162.0,16.0,7.0,420.0,95.0,0
5.0,1913.0,16.0,213.0,7.0,970.0,112.0,1
15.0,2744.0,45.0,175.0,7.0,540.0,125.0,1
15.0,36.0,129.0,75.0,7.0,900.0,60.0,1
4.0,398.0,79.0,135.0,7.0,510.0,139.0,0
1.0,2465.0,35.0,80.0,3.0,805.0,265.0,1
5.0,1270.0,268.0,16.0,1.0,530.0,95.0,1
12.0,6284.0,154.0,144.0,5.0,1352.0,59.0,0
16.0,3047.0,27.0,135.0,1.0,360.0,116.0,1
1.0,30.0,154.0,148.0,3.0,1425.0,314.0,0
15.0,195.0,175.0,268.0,7.0,475.0,70.0,0
0.0,4008.0,209.0,148.0,4.0,380.0,94.0,1
2.0,870.0,14.0,128.0,7.0,850.0,369.0,0
15.0,1036.0,175.0,12.0,7.0,605.0,110.0,1
15.0,1047.0,209.0,175.0,3.0,990.0,135.0,1
17.0,2672.0,60.0,138.0,4.0,870.0,57.0,0
1.0,1468.0,80.0,177.0,4.0,535.0,85.0,1
12.0,6830.0,154.0,34.0,4.0,1005.0,117.0,0
16.0,5903.0,208.0,99.0,7.0,1205.0,113.0,0
6.0,5512.0,16.0,186.0,5.0,770.0,91.0,0
0.0,4207.0,197.0,136.0,3.0,1315.0,110.0,0
3.0,598.0,173.0,130.0,4.0,1190.0,149.0,1
16.0,5983.0,134.0,47.0,3.0,491.0,85.0,0
9.0,328.0,128.0,203.0,1.0,716.0,37.0,0
2.0,490.0,252.0,243.0,3.0,647.0,157.0,1
8.0,852.0,173.0,16.0,7.0,1119.0,98.0,0
15.0,2265.0,111.0,34.0,1.0,710.0,60.0,0
15.0,1657.0,91.0,244.0,5.0,375.0,80.0,0
1.0,2248.0,80.0,78.0,5.0,746.0,165.0,1
5.0,2044.0,85.0,78.0,3.0,1165.0,97.0,1
6.0,5062.0,16.0,238.0,6.0,905.0,125.0,0
1.0,1921.0,96.0,183.0,1.0,360.0,185.0,0
15.0,1444.0,209.0,45.0,6.0,480.0,55.0,1
1.0,440.0,91.0,80.0,3.0,905.0,100.0,1
13.0,212.0,79.0,135.0,3.0,1055.0,143.0,1
5.0,2188.0,197.0,216.0,3.0,435.0,156.0,1
10.0,4006.0,208.0,52.0,1.0,855.0,95.0,1
12.0,6989.0,236.0,79.0,6.0,711.0,134.0,0
16.0,2345.0,96.0,268.0,6.0,600.0,182.0,0
16.0,2618.0,58.0,251.0,6.0,745.0,69.0,0
1.0,2404.0,154.0,80.0,3.0,655.0,185.0,0
4.0,368.0,217.0,58.0,5.0,740.0,224.0,0
1.0,2473.0,183.0,80.0,3.0,920.0,200.0,1
5.0,2187.0,159.0,147.0,5.0,1155.0,170.0,0
6.0,5001.0,96.0,71.0,7.0,779.0,131.0,0
5.0,2855.0,71.0,277.0,4.0,970.0,124.0,0
5.0,2014.0,71.0,159.0,7.0,915.0,118.0,0
16.0,2256.0,19.0,96.0,5.0,715.0,108.0,0
15.0,146.0,153.0,216.0,4.0,915.0,280.0,1
5.0,1418.0,173.0,16.0,1.0,390.0,94.0,0
0.0,3836.0,205.0,85.0,4.0,355.0,145.0,1
15.0,1540.0,236.0,153.0,4.0,965.0,70.0,1
0.0,4146.0,273.0,148.0,4.0,899.0,110.0,1
12.0,6378.0,253.0,65.0,5.0,772.0,146.0,1
15.0,222.0,243.0,217.0,7.0,1225.0,70.0,1
14.0,1991.0,216.0,208.0,1.0,575.0,141.0,0
14.0,480.0,217.0,44.0,7.0,1265.0,87.0,0
14.0,1186.0,177.0,60.0,5.0,765.0,93.0,0
4.0,700.0,104.0,96.0,3.0,643.0,171.0,1
4.0,600.0,104.0,96.0,5.0,405.0,170.0,0
10.0,3675.0,61.0,183.0,7.0,1100.0,170.0,0
10.0,3261.0,162.0,80.0,5.0,1085.0,80.0,0
5.0,1815.0,159.0,71.0,1.0,370.0,129.0,0
15.0,2590.0,154.0,153.0,6.0,1125.0,60.0,1
12.0,6964.0,214.0,252.0,3.0,440.0,50.0,0
15.0,1849.0,44.0,262.0,6.0,420.0,80.0,1
16.0,2657.0,96.0,290.0,7.0,945.0,205.0,1
12.0,4738.0,80.0,197.0,4.0,947.0,153.0,0
1.0,22.0,154.0,148.0,7.0,900.0,315.0,0
10.0,4309.0,273.0,208.0,5.0,810.0,130.0,0
14.0,433.0,153.0,216.0,6.0,420.0,280.0,0
15.0,1381.0,233.0,45.0,3.0,565.0,60.0,1
15.0,1030.0,153.0,251.0,1.0,570.0,215.0,1
7.0,796.0,214.0,79.0,1.0,904.0,143.0,0
4.0,1554.0,96.0,213.0,7.0,460.0,168.0,0
13.0,862.0,253.0,79.0,3.0,682.0,152.0,0
8.0,467.0,45.0,16.0,1.0,884.0,121.0,0
10.0,4583.0,60.0,159.0,6.0,665.0,114.0,0
15.0,109.0,198.0,79.0,1.0,360.0,180.0,0
14.0,1876.0,216.0,35.0,3.0,915.0,76.0,1
15.0,882.0,147.0,104.0,4.0,1060.0,70.0,1
4.0,1178.0,208.0,96.0,3.0,405.0,123.0,1
8.0,958.0,104.0,45.0,4.0,1110.0,150.0,0
15.0,775.0,175.0,153.0,1.0,980.0,250.0,1
14.0,1444.0,60.0,233.0,5.0,780.0,49.0,0
5.0,1107.0,261.0,236.0,3.0,1310.0,95.0,1
13.0,549.0,216.0,208.0,4.0,585.0,144.0,0
11.0,6327.0,71.0,119.0,6.0,565.0,74.0,0
15.0,1999.0,104.0,45.0,1.0,970.0,155.0,1
12.0,4671.0,196.0,261.0,3.0,390.0,82.0,0
14.0,46.0,44.0,217.0,4.0,745.0,85.0,0
3.0,1226.0,233.0,35.0,4.0,1020.0,101.0,0
15.0,693.0,217.0,202.0,3.0,790.0,125.0,1
13.0,692.0,208.0,159.0,5.0,1050.0,136.0,0
10.0,2916.0,80.0,288.0,1.0,485.0,110.0,0
8.0,887.0,45.0,184.0,4.0,440.0,125.0,0
15.0,1006.0,34.0,79.0,5.0,420.0,110.0,0
15.0,219.0,175.0,159.0,7.0,865.0,130.0,0
11.0,6459.0,96.0,71.0,3.0,779.0,129.0,1
14.0,1211.0,78.0,213.0,3.0,1055.0,151.0,0
5.0,1997.0,16.0,233.0,3.0,766.0,79.0,0
1.0,1796.0,198.0,208.0,5.0,665.0,140.0,0
16.0,5992.0,117.0,208.0,4.0,360.0,60.0,0
11.0,6569.0,195.0,71.0,5.0,480.0,89.0,0
0.0,3822.0,174.0,85.0,5.0,715.0,103.0,0
5.0,1749.0,16.0,253.0,3.0,1145.0,332.0,1
8.0,200.0,48.0,16.0,3.0,360.0,120.0,0
6.0,5462.0,132.0,16.0,4.0,1008.0,60.0,0
10.0,3393.0,80.0,184.0,6.0,390.0,140.0,0
12.0,4767.0,197.0,251.0,3.0,605.0,110.0,0
14.0,1667.0,60.0,268.0,7.0,1070.0,120.0,1
5.0,2188.0,197.0,216.0,4.0,435.0,156.0,0
5.0,1299.0,154.0,150.0,3.0,845.0,355.0,0
15.0,978.0,173.0,175.0,4.0,645.0,170.0,1
5.0,2473.0,16.0,183.0,6.0,503.0,125.0,0
0.0,4007.0,177.0,75.0,3.0,830.0,93.0,0
5.0,1471.0,16.0,204.0,5.0,1151.0,152.0,0
5.0,685.0,241.0,85.0,1.0,828.0,171.0,1
12.0,6860.0,2.0,79.0,7.0,598.0,76.0,0
0.0,4177.0,148.0,58.0,1.0,547.0,142.0,1
13.0,118.0,154.0,253.0,5.0,920.0,83.0,0
4.0,386.0,264.0,96.0,3.0,960.0,299.0,1
15.0,868.0,205.0,153.0,4.0,965.0,185.0,0
13.0,923.0,134.0,79.0,6.0,900.0,242.0,0
15.0,29.0,75.0,129.0,7.0,810.0,65.0,0
14.0,493.0,217.0,79.0,4.0,1190.0,110.0,0
16.0,2545.0,12.0,58.0,7.0,1020.0,87.0,0
12.0,6875.0,195.0,79.0,5.0,1150.0,157.0,0
5.0,2562.0,154.0,148.0,3.0,690.0,332.0,1
15.0,21.0,45.0,61.0,7.0,600.0,80.0,1
12.0,6289.0,153.0,227.0,7.0,1037.0,60.0,0
5.0,1546.0,217.0,16.0,1.0,720.0,220.0,1
8.0,182.0,16.0,78.0,6.0,1330.0,94.0,0
5.0,1514.0,16.0,106.0,7.0,965.0,115.0,1
15.0,2633.0,243.0,253.0,5.0,770.0,90.0,1
8.0,318.0,16.0,60.0,6.0,1340.0,70.0,0
15.0,2692.0,251.0,175.0,7.0,485.0,75.0,0
12.0,4512.0,261.0,253.0,5.0,1005.0,122.0,0
0.0,4198.0,78.0,148.0,5.0,660.0,75.0,0
4.0,1889.0,135.0,262.0,3.0,900.0,254.0,1
5.0,2167.0,85.0,208.0,3.0,920.0,81.0,1
3.0,442.0,277.0,35.0,5.0,360.0,167.0,0
6.0,7301.0,16.0,116.0,3.0,777.0,81.0,0
5.0,1650.0,153.0,197.0,4.0,558.0,192.0,0
8.0,191.0,78.0,16.0,5.0,600.0,120.0,0
13.0,367.0,79.0,34.0,5.0,834.0,121.0,0
10.0,3126.0,258.0,154.0,4.0,1025.0,75.0,0
15.0,553.0,175.0,22.0,1.0,985.0,125.0,1
4.0,327.0,243.0,96.0,5.0,1290.0,295.0,0
13.0,828.0,79.0,96.0,1.0,1060.0,226.0,0
10.0,4005.0,107.0,208.0,7.0,1080.0,100.0,0
15.0,755.0,75.0,244.0,3.0,990.0,65.0,1
10.0,4232.0,208.0,43.0,4.0,1275.0,95.0,0
5.0,2082.0,16.0,215.0,4.0,837.0,96.0,0
15.0,1687.0,261.0,217.0,4.0,595.0,100.0,1
12.0,4638.0,243.0,154.0,6.0,380.0,49.0,0
15.0,917.0,154.0,236.0,7.0,420.0,80.0,0
12.0,4709.0,154.0,253.0,7.0,600.0,72.0,0
16.0,2116.0,135.0,65.0,6.0,1112.0,136.0,1
5.0,1718.0,16.0,233.0,7.0,675.0,85.0,0
13.0,445.0,45.0,79.0,1.0,433.0,253.0,0
15.0,729.0,202.0,264.0,7.0,635.0,85.0,1
4.0,1724.0,205.0,135.0,6.0,420.0,143.0,1
5.0,67.0,16.0,277.0,3.0,990.0,90.0,1
10.0,3750.0,197.0,208.0,4.0,1175.0,90.0,1
15.0,1075.0,2.0,79.0,1.0,530.0,75.0,1
10.0,4293.0,52.0,208.0,1.0,660.0,105.0,0
14.0,450.0,221.0,217.0,3.0,670.0,279.0,0
14.0,1615.0,60.0,172.0,1.0,695.0,158.0,0
6.0,5565.0,16.0,116.0,4.0,890.0,89.0,0
14.0,1659.0,78.0,216.0,6.0,471.0,60.0,0
6.0,5033.0,273.0,16.0,1.0,940.0,148.0,1
11.0,6443.0,71.0,33.0,5.0,990.0,69.0,0
16.0,3016.0,135.0,288.0,7.0,1195.0,101.0,1
13.0,941.0,208.0,79.0,7.0,1020.0,160.0,1
15.0,2181.0,217.0,129.0,5.0,1090.0,145.0,1
8.0,1096.0,173.0,139.0,3.0,480.0,140.0,0
1.0,408.0,208.0,216.0,6.0,1130.0,115.0,1
1.0,851.0,208.0,197.0,7.0,560.0,90.0,0
6.0,5534.0,16.0,187.0,3.0,650.0,115.0,0
15.0,2397.0,202.0,243.0,7.0,1035.0,85.0,1
12.0,4574.0,153.0,261.0,5.0,480.0,88.0,0
0.0,3985.0,84.0,177.0,3.0,360.0,100.0,1
8.0,289.0,16.0,129.0,4.0,900.0,139.0,0
16.0,2598.0,135.0,172.0,3.0,1050.0,115.0,1
10.0,4226.0,77.0,208.0,3.0,1040.0,60.0,1
15.0,3932.0,44.0,202.0,5.0,1010.0,70.0,1
1.0,1410.0,80.0,279.0,4.0,1340.0,55.0,0
15.0,1096.0,262.0,153.0,4.0,770.0,80.0,1
13.0,33.0,80.0,79.0,4.0,375.0,136.0,0
3.0,1434.0,160.0,253.0,5.0,614.0,86.0,0
1.0,543.0,213.0,208.0,4.0,410.0,195.0,0
15.0,324.0,172.0,175.0,1.0,795.0,80.0,1
5.0,2235.0,85.0,197.0,4.0,1045.0,120.0,1
13.0,717.0,79.0,153.0,7.0,957.0,121.0,0
15.0,2461.0,13.0,75.0,5.0,830.0,65.0,1
12.0,6674.0,100.0,79.0,6.0,370.0,134.0,0
7.0,650.0,253.0,79.0,4.0,380.0,150.0,0
1.0,1103.0,208.0,268.0,1.0,590.0,65.0,0
8.0,849.0,16.0,173.0,3.0,991.0,90.0,0
5.0,1379.0,35.0,159.0,5.0,570.0,74.0,0
15.0,245.0,45.0,217.0,5.0,440.0,320.0,1
8.0,111.0,16.0,134.0,3.0,1255.0,103.0,1
13.0,620.0,208.0,78.0,7.0,965.0,111.0,1
11.0,6453.0,251.0,71.0,3.0,1035.0,48.0,1
15.0,622.0,175.0,58.0,1.0,500.0,70.0,0
6.0,5508.0,135.0,71.0,1.0,700.0,139.0,1
5.0,2717.0,177.0,154.0,7.0,825.0,257.0,0
10.0,4005.0,107.0,208.0,5.0,1080.0,100.0,0
5.0,132.0,253.0,148.0,7.0,390.0,330.0,0
5.0,1392.0,159.0,35.0,4.0,1050.0,76.0,0
5.0,1984.0,16.0,221.0,7.0,503.0,107.0,0
17.0,2655.0,54.0,60.0,6.0,959.0,69.0,0
3.0,451.0,35.0,104.0,5.0,365.0,204.0,1
14.0,250.0,217.0,216.0,1.0,595.0,278.0,0
12.0,6450.0,253.0,44.0,4.0,1140.0,69.0,0
14.0,2140.0,159.0,35.0,3.0,1140.0,73.0,0
10.0,2826.0,47.0,80.0,4.0,1070.0,180.0,0
6.0,5300.0,16.0,245.0,4.0,505.0,67.0,1
8.0,19.0,260.0,45.0,5.0,1045.0,261.0,0
6.0,4951.0,16.0,71.0,1.0,1007.0,88.0,1
5.0,2434.0,277.0,78.0,3.0,425.0,124.0,0
10.0,4343.0,208.0,85.0,6.0,405.0,85.0,1
3.0,461.0,35.0,241.0,6.0,795.0,212.0,0
15.0,2654.0,45.0,182.0,4.0,505.0,80.0,1
5.0,2339.0,78.0,16.0,4.0,720.0,120.0,0
5.0,2586.0,261.0,16.0,3.0,665.0,215.0,0
5.0,1858.0,16.0,233.0,5.0,455.0,85.0,1
5.0,1871.0,34.0,261.0,4.0,390.0,70.0,0
15.0,166.0,154.0,253.0,1.0,770.0,75.0,1
17.0,2837.0,217.0,44.0,3.0,910.0,88.0,0
12.0,3062.0,184.0,268.0,7.0,840.0,74.0,0
15.0,705.0,75.0,279.0,7.0,710.0,55.0,1
15.0,1016.0,175.0,129.0,7.0,850.0,170.0,0
15.0,1083.0,197.0,217.0,3.0,540.0,220.0,1
15.0,47.0,75.0,129.0,4.0,1080.0,65.0,0
13.0,204.0,252.0,253.0,5.0,925.0,127.0,0
5.0,2796.0,197.0,184.0,5.0,620.0,72.0,1
15.0,3008.0,202.0,154.0,6.0,910.0,75.0,0
16.0,3015.0,68.0,135.0,4.0,340.0,59.0,0
7.0,420.0,79.0,16.0,6.0,629.0,174.0,0
5.0,2666.0,173.0,78.0,5.0,480.0,119.0,0
15.0,1002.0,18.0,131.0,5.0,520.0,60.0,1
8.0,373.0,159.0,16.0,6.0,528.0,162.0,0
8.0,104.0,80.0,16.0,6.0,657.0,125.0,0
1.0,1825.0,208.0,253.0,5.0,985.0,280.0,0
12.0,6359.0,154.0,279.0,7.0,762.0,176.0,0
1.0,518.0,183.0,148.0,4.0,425.0,165.0,0
10.0,3971.0,265.0,208.0,6.0,860.0,60.0,0
12.0,6710.0,261.0,208.0,4.0,490.0,188.0,1
15.0,1434.0,35.0,175.0,1.0,750.0,170.0,0
5.0,2210.0,80.0,16.0,7.0,1020.0,125.0,1
5.0,1904.0,104.0,85.0,7.0,470.0,185.0,1
0.0,3695.0,197.0,193.0,4.0,615.0,70.0,0
0.0,4253.0,233.0,268.0,7.0,930.0,140.0,1
16.0,3099.0,290.0,135.0,3.0,916.0,101.0,0
1.0,1091.0,80.0,243.0,4.0,960.0,185.0,0
15.0,1104.0,243.0,253.0,3.0,895.0,90.0,0
15.0,1753.0,45.0,147.0,1.0,510.0,130.0,1
13.0,660.0,79.0,96.0,3.0,754.0,225.0,1
14.0,1427.0,85.0,60.0,3.0,800.0,108.0,0
17.0,2824.0,194.0,217.0,5.0,745.0,106.0,0
10.0,4659.0,16.0,159.0,4.0,930.0,130.0,0
5.0,1321.0,85.0,277.0,4.0,530.0,171.0,0
11.0,6560.0,208.0,148.0,3.0,360.0,133.0,0
10.0,4584.0,159.0,60.0,7.0,1185.0,130.0,0
12.0,6593.0,79.0,28.0,1.0,490.0,95.0,1
4.0,542.0,135.0,261.0,6.0,580.0,187.0,0
6.0,5281.0,16.0,48.0,6.0,1220.0,98.0,0
15.0,682.0,217.0,279.0,1.0,625.0,140.0,0
15.0,1256.0,104.0,175.0,7.0,680.0,195.0,1
5.0,2594.0,16.0,216.0,1.0,960.0,127.0,1
12.0,6956.0,236.0,79.0,1.0,890.0,134.0,0
13.0,673.0,208.0,80.0,5.0,742.0,159.0,0
8.0,1453.0,213.0,130.0,7.0,767.0,163.0,1
15.0,2015.0,175.0,182.0,5.0,840.0,125.0,1
5.0,1055.0,85.0,197.0,4.0,1185.0,120.0,0
15.0,249.0,268.0,233.0,5.0,1080.0,110.0,1
5.0,1501.0,35.0,16.0,1.0,435.0,190.0,0
15.0,742.0,79.0,268.0,4.0,1225.0,120.0,1
14.0,948.0,233.0,60.0,7.0,1070.0,64.0,0
8.0,128.0,277.0,16.0,7.0,754.0,95.0,0
4.0,51.0,96.0,58.0,3.0,965.0,105.0,1
9.0,138.0,128.0,150.0,4.0,687.0,43.0,0
7.0,551.0,79.0,243.0,6.0,1088.0,141.0,1
15.0,607.0,173.0,209.0,7.0,490.0,110.0,1
16.0,2218.0,96.0,234.0,5.0,1125.0,85.0,1
12.0,6877.0,254.0,79.0,4.0,1161.0,131.0,0
13.0,494.0,208.0,35.0,5.0,550.0,139.0,0
13.0,19.0,148.0,253.0,4.0,1152.0,403.0,0
16.0,5898.0,208.0,237.0,1.0,874.0,95.0,0
1.0,1738.0,260.0,216.0,7.0,1200.0,250.0,0
10.0,3681.0,120.0,183.0,7.0,825.0,130.0,0
3.0,383.0,159.0,104.0,4.0,1305.0,170.0,1
16.0,2352.0,96.0,205.0,1.0,480.0,211.0,1
17.0,7288.0,16.0,208.0,4.0,888.0,129.0,0
15.0,425.0,175.0,129.0,3.0,505.0,170.0,0
10.0,3766.0,208.0,79.0,1.0,955.0,155.0,1
15.0,2.0,129.0,75.0,5.0,390.0,55.0,0
5.0,1143.0,16.0,268.0,3.0,450.0,100.0,0
13.0,130.0,154.0,216.0,3.0,546.0,319.0,0
15.0,2095.0,75.0,162.0,4.0,495.0,60.0,1
13.0,937.0,134.0,79.0,7.0,1050.0,246.0,1
0.0,3976.0,85.0,281.0,5.0,1295.0,69.0,0
15.0,669.0,261.0,154.0,4.0,450.0,125.0,1
15.0,993.0,264.0,217.0,7.0,780.0,70.0,1
16.0,2734.0,205.0,135.0,5.0,360.0,144.0,0
15.0,2621.0,155.0,18.0,5.0,1015.0,70.0,1
2.0,127.0,252.0,98.0,6.0,1290.0,225.0,0
0.0,4276.0,162.0,16.0,4.0,761.0,99.0,0
15.0,59.0,217.0,79.0,5.0,870.0,110.0,1
15.0,1980.0,147.0,45.0,1.0,490.0,110.0,1
15.0,910.0,75.0,204.0,4.0,1250.0,50.0,1
16.0,3097.0,139.0,135.0,1.0,880.0,149.0,1
0.0,3968.0,148.0,208.0,7.0,1210.0,182.0,1
12.0,4601.0,137.0,261.0,4.0,490.0,56.0,0
10.0,3041.0,154.0,243.0,5.0,600.0,40.0,0
2.0,53.0,14.0,249.0,5.0,880.0,105.0,0
16.0,2190.0,182.0,96.0,4.0,401.0,79.0,0
6.0,4975.0,16.0,71.0,4.0,445.0,85.0,0
5.0,2501.0,173.0,177.0,1.0,1050.0,134.0,0
5.0,1990.0,198.0,16.0,7.0,750.0,93.0,1
15.0,46.0,75.0,2.0,3.0,1130.0,110.0,1
12.0,6843.0,86.0,72.0,4.0,346.0,32.0,0
1.0,1841.0,80.0,280.0,6.0,565.0,145.0,1
15.0,142.0,45.0,147.0,7.0,1145.0,125.0,1
14.0,1823.0,60.0,213.0,7.0,1205.0,111.0,0
12.0,6932.0,212.0,208.0,3.0,902.0,78.0,0
13.0,425.0,134.0,244.0,6.0,495.0,239.0,0
15.0,3936.0,153.0,236.0,4.0,1280.0,75.0,1
15.0,185.0,22.0,173.0,3.0,615.0,185.0,1
12.0,4701.0,261.0,154.0,4.0,585.0,119.0,0
13.0,514.0,208.0,134.0,4.0,1288.0,107.0,0
0.0,3741.0,16.0,129.0,3.0,460.0,141.0,0
10.0,4358.0,139.0,208.0,3.0,965.0,70.0,1
12.0,6563.0,15.0,79.0,7.0,815.0,45.0,1
5.0,2307.0,16.0,162.0,7.0,1150.0,99.0,0
10.0,3636.0,60.0,183.0,1.0,835.0,135.0,1
0.0,4016.0,175.0,85.0,1.0,971.0,84.0,1
14.0,251.0,216.0,217.0,4.0,1070.0,324.0,0
17.0,2879.0,217.0,24.0,5.0,1260.0,90.0,0
5.0,2483.0,159.0,198.0,5.0,1200.0,220.0,0
11.0,6384.0,71.0,159.0,5.0,670.0,119.0,0
5.0,1075.0,233.0,16.0,5.0,660.0,86.0,0
5.0,1986.0,16.0,159.0,5.0,700.0,135.0,1
10.0,4226.0,77.0,208.0,5.0,1040.0,60.0,1
1.0,1147.0,80.0,217.0,4.0,1015.0,155.0,0
13.0,226.0,253.0,35.0,3.0,360.0,342.0,0
12.0,6402.0,253.0,93.0,1.0,1019.0,92.0,0
15.0,151.0,217.0,261.0,4.0,1085.0,95.0,1
10.0,2897.0,108.0,80.0,5.0,930.0,65.0,0
12.0,6422.0,69.0,208.0,5.0,1013.0,97.0,1
15.0,755.0,228.0,45.0,4.0,500.0,80.0,0
5.0,2941.0,16.0,244.0,4.0,825.0,164.0,0
12.0,7798.0,261.0,64.0,4.0,1304.0,89.0,0
16.0,2693.0,58.0,76.0,5.0,1255.0,49.0,0
6.0,5286.0,78.0,195.0,7.0,635.0,140.0,0
15.0,765.0,175.0,233.0,3.0,1230.0,115.0,1
5.0,82.0,261.0,148.0,7.0,665.0,276.0,1
15.0,1923.0,261.0,214.0,3.0,1115.0,125.0,1
6.0,4967.0,32.0,16.0,4.0,1121.0,108.0,0
2.0,326.0,252.0,258.0,4.0,775.0,127.0,0
14.0,610.0,264.0,217.0,4.0,405.0,89.0,0
14.0,1274.0,182.0,216.0,3.0,420.0,93.0,0
13.0,111.0,253.0,154.0,3.0,826.0,93.0,0
6.0,5026.0,97.0,16.0,6.0,1045.0,125.0,0
13.0,970.0,243.0,134.0,1.0,465.0,292.0,0
1.0,795.0,183.0,269.0,6.0,1065.0,150.0,0
11.0,6541.0,197.0,111.0,6.0,1050.0,195.0,0
5.0,1791.0,16.0,277.0,1.0,850.0,89.0,0
6.0,5590.0,290.0,177.0,4.0,390.0,66.0,0
5.0,1412.0,261.0,79.0,6.0,1210.0,88.0,1
5.0,2597.0,234.0,16.0,5.0,340.0,109.0,0
11.0,6604.0,172.0,71.0,1.0,690.0,112.0,1
13.0,95.0,96.0,253.0,5.0,1100.0,387.0,0
14.0,308.0,16.0,60.0,6.0,430.0,75.0,0
9.0,12.0,128.0,253.0,4.0,830.0,305.0,0
5.0,2557.0,148.0,243.0,4.0,1150.0,390.0,0
6.0,5551.0,288.0,16.0,5.0,465.0,79.0,0
10.0,3280.0,68.0,80.0,3.0,360.0,80.0,0
8.0,754.0,132.0,45.0,3.0,420.0,110.0,0
9.0,387.0,150.0,128.0,5.0,1088.0,42.0,0
8.0,536.0,16.0,177.0,3.0,535.0,84.0,1
12.0,6639.0,79.0,46.0,5.0,870.0,109.0,0
1.0,1700.0,183.0,260.0,6.0,875.0,145.0,0
9.0,515.0,203.0,128.0,5.0,1365.0,33.0,0
13.0,525.0,96.0,79.0,5.0,1027.0,268.0,0
1.0,509.0,85.0,80.0,7.0,385.0,185.0,0
16.0,2725.0,58.0,80.0,3.0,560.0,182.0,0
6.0,5493.0,177.0,188.0,3.0,1180.0,68.0,0
1.0,520.0,262.0,80.0,7.0,900.0,200.0,0
1.0,1206.0,217.0,208.0,5.0,1040.0,200.0,0
10.0,3616.0,139.0,183.0,1.0,420.0,170.0,1
15.0,2543.0,175.0,85.0,1.0,470.0,70.0,1
5.0,2577.0,197.0,104.0,3.0,480.0,210.0,0
5.0,1716.0,79.0,16.0,3.0,525.0,178.0,0
0.0,3907.0,61.0,85.0,7.0,810.0,69.0,0
12.0,6351.0,79.0,232.0,7.0,1097.0,156.0,0
1.0,2547.0,148.0,173.0,4.0,720.0,180.0,1
8.0,25.0,175.0,16.0,3.0,886.0,112.0,0
5.0,1603.0,16.0,153.0,5.0,1320.0,286.0,1
15.0,1944.0,243.0,202.0,5.0,415.0,95.0,0
16.0,2435.0,135.0,147.0,5.0,492.0,116.0,0
4.0,1489.0,85.0,135.0,1.0,500.0,183.0,0
1.0,1053.0,268.0,208.0,5.0,705.0,75.0,0
15.0,1503.0,79.0,154.0,7.0,1230.0,155.0,1
15.0,638.0,241.0,173.0,7.0,910.0,50.0,0
1.0,247.0,154.0,150.0,1.0,1050.0,345.0,0
14.0,1791.0,60.0,198.0,5.0,1195.0,126.0,1
2.0,48.0,9.0,14.0,1.0,515.0,54.0,1
0.0,3779.0,108.0,177.0,5.0,380.0,67.0,0
4.0,346.0,135.0,208.0,4.0,525.0,148.0,1
6.0,5100.0,132.0,16.0,7.0,788.0,70.0,0
17.0,2747.0,248.0,217.0,5.0,960.0,95.0,0
1.0,1123.0,80.0,217.0,5.0,435.0,165.0,0
5.0,1663.0,134.0,261.0,6.0,450.0,299.0,0
15.0,1952.0,202.0,154.0,4.0,590.0,75.0,0
1.0,1599.0,76.0,80.0,3.0,430.0,175.0,0
10.0,2751.0,254.0,80.0,7.0,405.0,95.0,0
13.0,332.0,208.0,61.0,6.0,1265.0,78.0,0
6.0,5509.0,16.0,279.0,7.0,650.0,130.0,1
8.0,455.0,198.0,16.0,7.0,1153.0,82.0,0
12.0,6495.0,65.0,154.0,5.0,364.0,161.0,0
11.0,6296.0,71.0,233.0,7.0,915.0,88.0,0
1.0,761.0,208.0,268.0,4.0,725.0,65.0,0
1.0,573.0,18.0,154.0,3.0,460.0,195.0,0
12.0,4507.0,79.0,261.0,3.0,530.0,95.0,0
5.0,2479.0,184.0,16.0,3.0,573.0,122.0,1
11.0,6327.0,71.0,119.0,3.0,565.0,74.0,0
16.0,2361.0,96.0,208.0,5.0,899.0,154.0,1
6.0,5319.0,16.0,288.0,6.0,1145.0,77.0,0
12.0,4777.0,261.0,2.0,1.0,1005.0,102.0,0
15.0,1048.0,244.0,243.0,1.0,970.0,185.0,1
5.0,1125.0,16.0,186.0,7.0,536.0,98.0,0
6.0,5328.0,121.0,16.0,1.0,582.0,65.0,1
3.0,602.0,148.0,229.0,5.0,750.0,73.0,1
15.0,619.0,236.0,153.0,5.0,880.0,70.0,1
15.0,1566.0,75.0,172.0,5.0,785.0,85.0,1
16.0,2367.0,76.0,135.0,4.0,398.0,171.0,0
5.0,1622.0,208.0,197.0,5.0,995.0,95.0,1
2.0,688.0,214.0,258.0,6.0,940.0,104.0,0
15.0,971.0,207.0,258.0,1.0,465.0,70.0,0
16.0,2592.0,96.0,139.0,3.0,633.0,134.0,1
10.0,4485.0,159.0,85.0,3.0,890.0,125.0,0
8.0,704.0,76.0,16.0,1.0,652.0,99.0,1
5.0,1898.0,104.0,159.0,7.0,1139.0,181.0,0
7.0,575.0,79.0,261.0,4.0,900.0,83.0,0
1.0,1692.0,260.0,148.0,7.0,1275.0,235.0,1
14.0,1894.0,213.0,216.0,4.0,470.0,156.0,0
13.0,197.0,134.0,252.0,1.0,762.0,354.0,1
15.0,9.0,198.0,268.0,4.0,705.0,105.0,0
12.0,4784.0,236.0,261.0,6.0,983.0,80.0,1
12.0,4631.0,153.0,154.0,3.0,570.0,75.0,1
3.0,1010.0,148.0,35.0,3.0,839.0,78.0,1
15.0,122.0,33.0,244.0,3.0,995.0,150.0,1
7.0,323.0,78.0,184.0,3.0,1080.0,130.0,1
1.0,378.0,208.0,159.0,5.0,665.0,125.0,0
2.0,490.0,252.0,243.0,5.0,647.0,157.0,0
16.0,5906.0,208.0,237.0,5.0,426.0,95.0,0
5.0,2590.0,261.0,217.0,5.0,840.0,98.0,0
5.0,684.0,18.0,16.0,4.0,340.0,134.0,0
14.0,1817.0,35.0,216.0,3.0,570.0,95.0,1
10.0,4671.0,16.0,159.0,6.0,1125.0,145.0,1
14.0,1069.0,216.0,241.0,4.0,1080.0,181.0,0
5.0,1738.0,267.0,16.0,6.0,953.0,98.0,1
14.0,680.0,60.0,96.0,1.0,800.0,114.0,1
14.0,1268.0,216.0,260.0,4.0,465.0,226.0,0
15.0,1141.0,162.0,45.0,5.0,755.0,130.0,0
12.0,6765.0,46.0,79.0,1.0,826.0,104.0,0
1.0,664.0,104.0,148.0,3.0,705.0,175.0,1
14.0,1712.0,16.0,60.0,5.0,645.0,76.0,0
16.0,2497.0,135.0,136.0,3.0,975.0,101.0,0
15.0,561.0,153.0,154.0,1.0,740.0,65.0,1
5.0,2389.0,85.0,197.0,6.0,514.0,126.0,0
4.0,162.0,207.0,135.0,1.0,405.0,187.0,0
15.0,132.0,154.0,217.0,7.0,1185.0,75.0,1
10.0,2809.0,80.0,146.0,5.0,1080.0,80.0,0
16.0,5998.0,237.0,134.0,3.0,370.0,65.0,1
10.0,3372.0,41.0,80.0,4.0,360.0,90.0,0
12.0,6464.0,232.0,253.0,5.0,890.0,101.0,1
15.0,3073.0,243.0,202.0,3.0,720.0,85.0,1
12.0,4750.0,207.0,261.0,4.0,980.0,104.0,0
5.0,1880.0,253.0,16.0,7.0,1360.0,271.0,1
15.0,595.0,44.0,258.0,3.0,430.0,65.0,0
11.0,6546.0,221.0,85.0,1.0,815.0,70.0,0
1.0,223.0,35.0,154.0,6.0,1130.0,395.0,0
15.0,1717.0,91.0,153.0,4.0,1110.0,115.0,1
2.0,480.0,252.0,243.0,7.0,545.0,161.0,0
16.0,2427.0,135.0,155.0,1.0,860.0,90.0,0
5.0,2233.0,16.0,27.0,7.0,1170.0,59.0,1
5.0,2913.0,197.0,85.0,6.0,615.0,105.0,0
1.0,1981.0,80.0,280.0,7.0,850.0,145.0,0
16.0,5957.0,117.0,208.0,7.0,870.0,60.0,0
8.0,409.0,139.0,16.0,3.0,390.0,104.0,1
4.0,1689.0,135.0,243.0,3.0,1100.0,210.0,1
16.0,2337.0,121.0,96.0,5.0,405.0,107.0,0
16.0,2481.0,135.0,68.0,4.0,1130.0,59.0,0
9.0,106.0,128.0,203.0,3.0,317.0,36.0,0
12.0,6571.0,214.0,179.0,4.0,1135.0,61.0,1
12.0,6905.0,208.0,139.0,7.0,883.0,57.0,1
10.0,2859.0,101.0,80.0,7.0,950.0,190.0,0
0.0,3945.0,166.0,197.0,6.0,585.0,55.0,0
6.0,5230.0,16.0,120.0,5.0,735.0,75.0,0
15.0,1508.0,153.0,252.0,6.0,555.0,165.0,0
6.0,5389.0,215.0,16.0,3.0,1137.0,116.0,0
6.0,4986.0,177.0,60.0,4.0,1195.0,101.0,0
14.0,1774.0,183.0,60.0,3.0,1155.0,124.0,1
5.0,2098.0,16.0,61.0,7.0,1310.0,98.0,1
0.0,3974.0,85.0,139.0,5.0,540.0,83.0,1
12.0,6424.0,208.0,184.0,3.0,715.0,42.0,1
12.0,7771.0,261.0,255.0,6.0,590.0,86.0,0
16.0,2610.0,135.0,233.0,4.0,632.0,149.0,0
11.0,6406.0,71.0,78.0,7.0,957.0,87.0,0
8.0,447.0,198.0,16.0,5.0,975.0,81.0,0
6.0,7129.0,42.0,134.0,4.0,1152.0,101.0,0
15.0,646.0,175.0,58.0,5.0,840.0,70.0,1
0.0,3848.0,92.0,85.0,4.0,1030.0,75.0,1
6.0,5593.0,16.0,136.0,4.0,1155.0,146.0,1
15.0,956.0,175.0,154.0,4.0,1145.0,285.0,1
16.0,3054.0,85.0,96.0,7.0,927.0,117.0,1
10.0,3068.0,243.0,154.0,1.0,945.0,45.0,0
2.0,182.0,98.0,14.0,3.0,480.0,63.0,0
1.0,636.0,2.0,80.0,3.0,1040.0,105.0,0
14.0,1289.0,35.0,216.0,6.0,330.0,84.0,0
1.0,378.0,208.0,159.0,7.0,665.0,125.0,1
1.0,1412.0,183.0,148.0,3.0,1260.0,175.0,0
12.0,6732.0,194.0,79.0,7.0,360.0,151.0,0
13.0,398.0,208.0,71.0,4.0,1145.0,78.0,0
12.0,6476.0,252.0,154.0,1.0,927.0,149.0,1
5.0,1447.0,159.0,16.0,7.0,360.0,167.0,0
4.0,183.0,35.0,135.0,5.0,1130.0,265.0,0
12.0,6659.0,79.0,65.0,3.0,1310.0,35.0,0
15.0,271.0,236.0,243.0,3.0,585.0,85.0,1
10.0,3277.0,80.0,5.0,5.0,1215.0,40.0,0
16.0,2780.0,135.0,209.0,6.0,770.0,154.0,0
12.0,6700.0,164.0,79.0,5.0,780.0,92.0,0
14.0,1105.0,60.0,80.0,7.0,1090.0,182.0,1
12.0,6536.0,208.0,254.0,3.0,895.0,93.0,1
17.0,2942.0,60.0,234.0,4.0,865.0,63.0,0
10.0,3322.0,120.0,80.0,4.0,390.0,200.0,0
1.0,1062.0,172.0,80.0,3.0,855.0,100.0,0
12.0,6585.0,72.0,208.0,4.0,1082.0,68.0,0
14.0,358.0,60.0,197.0,6.0,1335.0,158.0,1
1.0,222.0,154.0,35.0,6.0,445.0,320.0,0
8.0,676.0,173.0,184.0,7.0,610.0,166.0,0
15.0,1440.0,243.0,153.0,3.0,1230.0,70.0,1
2.0,151.0,14.0,211.0,4.0,370.0,95.0,0
8.0,603.0,45.0,241.0,1.0,916.0,157.0,0
11.0,6600.0,268.0,148.0,4.0,640.0,145.0,0
13.0,76.0,128.0,253.0,6.0,1329.0,299.0,0
13.0,812.0,79.0,80.0,6.0,650.0,119.0,0
1.0,1074.0,80.0,16.0,3.0,855.0,125.0,0
5.0,1969.0,16.0,173.0,1.0,540.0,98.0,0
8.0,761.0,173.0,132.0,5.0,920.0,100.0,0
15.0,3110.0,217.0,243.0,1.0,845.0,70.0,1
1.0,1747.0,80.0,258.0,4.0,1045.0,230.0,0
8.0,586.0,119.0,45.0,5.0,1035.0,95.0,1
15.0,413.0,252.0,258.0,7.0,520.0,130.0,1
4.0,728.0,96.0,79.0,3.0,885.0,266.0,1
6.0,7099.0,71.0,134.0,4.0,587.0,98.0,0
12.0,6983.0,100.0,153.0,5.0,1141.0,80.0,0
10.0,3939.0,33.0,208.0,7.0,360.0,105.0,0
12.0,7765.0,261.0,220.0,5.0,660.0,60.0,1
5.0,1027.0,252.0,128.0,6.0,1035.0,371.0,1
3.0,609.0,229.0,148.0,4.0,860.0,82.0,1
1.0,1810.0,18.0,80.0,6.0,395.0,65.0,0
3.0,450.0,104.0,35.0,3.0,440.0,179.0,0
14.0,541.0,80.0,153.0,7.0,450.0,178.0,0
1.0,1931.0,253.0,154.0,4.0,875.0,80.0,0
8.0,162.0,260.0,16.0,7.0,859.0,241.0,0
8.0,324.0,253.0,16.0,7.0,770.0,270.0,0
10.0,2780.0,80.0,68.0,1.0,945.0,80.0,0
10.0,3611.0,183.0,27.0,3.0,675.0,125.0,0
15.0,496.0,214.0,79.0,1.0,380.0,145.0,1
7.0,484.0,217.0,184.0,1.0,1085.0,198.0,0
2.0,344.0,252.0,202.0,6.0,850.0,123.0,0
1.0,1888.0,80.0,147.0,6.0,410.0,125.0,0
15.0,1458.0,129.0,146.0,4.0,1205.0,70.0,0
9.0,245.0,203.0,128.0,5.0,872.0,34.0,0
12.0,3073.0,268.0,184.0,6.0,877.0,73.0,1
15.0,1997.0,217.0,261.0,6.0,520.0,100.0,0
10.0,3388.0,285.0,80.0,5.0,975.0,155.0,1
6.0,5176.0,288.0,177.0,7.0,370.0,88.0,0
12.0,6395.0,16.0,208.0,5.0,936.0,129.0,0
1.0,185.0,148.0,154.0,3.0,1260.0,380.0,1
10.0,2787.0,165.0,80.0,4.0,935.0,80.0,0
5.0,1771.0,148.0,183.0,6.0,645.0,194.0,0
15.0,1973.0,45.0,228.0,6.0,605.0,70.0,1
1.0,1275.0,251.0,80.0,3.0,950.0,145.0,1
0.0,4330.0,233.0,148.0,5.0,975.0,120.0,1
0.0,3686.0,177.0,136.0,5.0,560.0,99.0,0
10.0,2945.0,80.0,119.0,1.0,530.0,140.0,1
8.0,844.0,173.0,16.0,3.0,922.0,98.0,0
12.0,4871.0,29.0,261.0,3.0,400.0,121.0,0
11.0,6439.0,71.0,135.0,7.0,990.0,173.0,0
4.0,320.0,135.0,217.0,1.0,870.0,175.0,0
12.0,6409.0,154.0,248.0,6.0,1128.0,54.0,0
5.0,1735.0,154.0,161.0,6.0,835.0,373.0,0
14.0,2125.0,35.0,159.0,3.0,660.0,74.0,0
15.0,1029.0,236.0,153.0,3.0,1185.0,70.0,1
0.0,4195.0,85.0,166.0,5.0,523.0,97.0,0
15.0,24.0,75.0,27.0,1.0,800.0,90.0,1
16.0,2975.0,172.0,135.0,4.0,439.0,130.0,0
11.0,6671.0,85.0,71.0,5.0,824.0,76.0,0
12.0,4689.0,261.0,2.0,4.0,1298.0,100.0,0
12.0,4643.0,261.0,177.0,3.0,523.0,188.0,0
5.0,2422.0,183.0,197.0,7.0,785.0,231.0,0
15.0,1118.0,91.0,154.0,5.0,1135.0,130.0,1
1.0,885.0,18.0,80.0,4.0,1110.0,70.0,0
16.0,2551.0,147.0,135.0,3.0,1060.0,149.0,0
1.0,1352.0,18.0,80.0,4.0,420.0,65.0,0
15.0,1468.0,268.0,33.0,1.0,420.0,65.0,0
14.0,1264.0,183.0,216.0,6.0,470.0,168.0,0
12.0,4746.0,197.0,195.0,4.0,445.0,59.0,0
14.0,180.0,217.0,243.0,4.0,520.0,72.0,0
5.0,1661.0,85.0,16.0,3.0,370.0,136.0,0
2.0,328.0,252.0,258.0,7.0,965.0,126.0,0
8.0,804.0,35.0,45.0,6.0,1170.0,90.0,0
5.0,1813.0,16.0,268.0,4.0,520.0,114.0,0
10.0,4536.0,233.0,78.0,3.0,1080.0,60.0,1
15.0,3394.0,243.0,172.0,5.0,715.0,190.0,0
1.0,1354.0,153.0,183.0,5.0,370.0,265.0,0
15.0,2285.0,175.0,79.0,6.0,1105.0,165.0,1
17.0,1036.0,128.0,143.0,6.0,680.0,49.0,0
8.0,207.0,16.0,48.0,5.0,525.0,99.0,0
1.0,1912.0,80.0,173.0,4.0,675.0,145.0,0
4.0,1850.0,135.0,233.0,4.0,765.0,150.0,1
15.0,377.0,91.0,217.0,1.0,1040.0,75.0,1
15.0,2201.0,243.0,45.0,7.0,730.0,290.0,0
8.0,319.0,60.0,16.0,5.0,994.0,76.0,0
16.0,5908.0,208.0,223.0,5.0,831.0,140.0,0
15.0,1949.0,277.0,27.0,5.0,480.0,85.0,0
1.0,1985.0,216.0,260.0,3.0,430.0,230.0,0
16.0,2446.0,135.0,204.0,4.0,1010.0,83.0,1
12.0,7802.0,261.0,282.0,1.0,660.0,61.0,1
11.0,6461.0,35.0,148.0,4.0,450.0,87.0,0
15.0,660.0,45.0,129.0,7.0,445.0,225.0,0
12.0,6817.0,252.0,214.0,3.0,1060.0,46.0,0
13.0,916.0,252.0,134.0,3.0,470.0,296.0,0
12.0,4515.0,261.0,208.0,1.0,675.0,189.0,1
16.0,2173.0,96.0,120.0,7.0,1200.0,110.0,1
15.0,2415.0,175.0,159.0,6.0,560.0,120.0,1
14.0,2046.0,78.0,35.0,5.0,1170.0,86.0,0
3.0,6.0,148.0,43.0,1.0,953.0,95.0,0
8.0,159.0,139.0,45.0,4.0,1145.0,100.0,0
5.0,69.0,16.0,183.0,4.0,1045.0,115.0,1
14.0,720.0,183.0,60.0,4.0,890.0,124.0,1
4.0,1826.0,178.0,135.0,5.0,494.0,67.0,0
15.0,2334.0,207.0,217.0,6.0,1080.0,70.0,1
14.0,1249.0,60.0,147.0,3.0,480.0,82.0,0
10.0,2840.0,109.0,80.0,5.0,860.0,160.0,1
1.0,2212.0,80.0,264.0,3.0,630.0,195.0,0
14.0,450.0,217.0,261.0,7.0,880.0,97.0,0
10.0,2945.0,80.0,119.0,6.0,530.0,140.0,1
15.0,300.0,268.0,75.0,5.0,1260.0,105.0,1
14.0,81.0,217.0,45.0,4.0,590.0,257.0,0
8.0,363.0,159.0,16.0,4.0,420.0,153.0,0
15.0,1752.0,253.0,243.0,4.0,530.0,85.0,1
1.0,2418.0,80.0,279.0,6.0,1170.0,60.0,0
12.0,4478.0,99.0,197.0,1.0,420.0,81.0,0
5.0,2035.0,184.0,16.0,6.0,990.0,130.0,1
15.0,288.0,43.0,175.0,1.0,620.0,105.0,1
6.0,4988.0,0.0,16.0,1.0,395.0,145.0,0
15.0,2115.0,217.0,91.0,6.0,475.0,65.0,0
12.0,4735.0,153.0,154.0,3.0,773.0,74.0,0
13.0,189.0,45.0,208.0,4.0,360.0,135.0,0
11.0,6315.0,173.0,233.0,3.0,565.0,110.0,0
13.0,6.0,253.0,148.0,1.0,425.0,335.0,0
12.0,6652.0,253.0,191.0,3.0,568.0,40.0,0
14.0,1435.0,60.0,16.0,6.0,800.0,82.0,0
0.0,3739.0,197.0,240.0,4.0,1295.0,45.0,0
6.0,5371.0,275.0,16.0,6.0,699.0,74.0,0
16.0,2540.0,33.0,135.0,7.0,515.0,130.0,0
10.0,4061.0,208.0,254.0,5.0,1080.0,100.0,0
14.0,652.0,217.0,264.0,1.0,525.0,81.0,1
12.0,6873.0,227.0,79.0,4.0,432.0,131.0,1
4.0,346.0,135.0,208.0,1.0,525.0,148.0,0
12.0,4445.0,33.0,197.0,3.0,783.0,137.0,0
3.0,419.0,35.0,213.0,3.0,865.0,193.0,1
4.0,370.0,135.0,253.0,6.0,897.0,245.0,0
15.0,630.0,217.0,258.0,3.0,1195.0,120.0,0
10.0,3673.0,183.0,60.0,7.0,1005.0,125.0,1
8.0,311.0,60.0,16.0,1.0,400.0,84.0,0
13.0,576.0,252.0,79.0,1.0,331.0,159.0,1
4.0,128.0,135.0,198.0,3.0,450.0,68.0,1
4.0,1407.0,135.0,258.0,7.0,550.0,253.0,0
5.0,2110.0,80.0,16.0,3.0,795.0,121.0,1
15.0,575.0,204.0,153.0,6.0,755.0,170.0,1
15.0,109.0,79.0,252.0,7.0,515.0,185.0,0
15.0,1413.0,2.0,155.0,3.0,1110.0,55.0,0
8.0,1103.0,241.0,61.0,6.0,639.0,139.0,0
2.0,6.0,154.0,78.0,6.0,785.0,294.0,1
3.0,1320.0,45.0,35.0,7.0,363.0,77.0,0
5.0,1796.0,85.0,139.0,3.0,610.0,80.0,0
6.0,7334.0,27.0,16.0,7.0,960.0,73.0,0
12.0,6678.0,253.0,194.0,4.0,810.0,46.0,1
5.0,1546.0,217.0,16.0,7.0,720.0,220.0,0
5.0,2627.0,85.0,198.0,7.0,916.0,162.0,0
15.0,1739.0,45.0,35.0,5.0,1065.0,85.0,1
12.0,6317.0,154.0,246.0,4.0,451.0,40.0,1
15.0,1662.0,251.0,45.0,7.0,740.0,85.0,0
5.0,12.0,173.0,16.0,5.0,870.0,95.0,0
1.0,1572.0,80.0,134.0,6.0,495.0,165.0,0
14.0,280.0,244.0,217.0,6.0,505.0,160.0,1
4.0,1132.0,96.0,35.0,1.0,929.0,80.0,0
15.0,1465.0,18.0,91.0,6.0,1005.0,100.0,1
0.0,3847.0,238.0,85.0,6.0,764.0,91.0,0
15.0,1761.0,268.0,172.0,1.0,940.0,65.0,1
12.0,6537.0,185.0,208.0,3.0,1222.0,53.0,1
2.0,111.0,252.0,14.0,3.0,1245.0,220.0,0
0.0,4258.0,85.0,222.0,5.0,1180.0,71.0,0
14.0,1433.0,60.0,154.0,4.0,600.0,331.0,1
11.0,6360.0,174.0,85.0,3.0,370.0,107.0,0
17.0,7276.0,208.0,238.0,3.0,1010.0,92.0,1
8.0,300.0,79.0,16.0,5.0,380.0,167.0,0
8.0,678.0,173.0,184.0,6.0,1255.0,173.0,0
2.0,55.0,39.0,14.0,7.0,671.0,111.0,0
12.0,6295.0,134.0,65.0,4.0,1130.0,230.0,0
1.0,341.0,159.0,208.0,4.0,960.0,180.0,1
16.0,2505.0,58.0,234.0,1.0,925.0,74.0,1
16.0,2195.0,190.0,135.0,4.0,720.0,90.0,0
16.0,2515.0,135.0,131.0,3.0,1280.0,64.0,1
15.0,3321.0,264.0,202.0,1.0,760.0,85.0,1
16.0,5947.0,208.0,76.0,3.0,623.0,60.0,1
14.0,61.0,35.0,60.0,6.0,570.0,148.0,0
12.0,6522.0,154.0,217.0,6.0,761.0,79.0,0
15.0,551.0,175.0,241.0,4.0,645.0,175.0,0
5.0,1544.0,261.0,16.0,3.0,585.0,220.0,1
15.0,1592.0,43.0,104.0,3.0,715.0,190.0,1
15.0,28.0,45.0,87.0,5.0,510.0,145.0,0
16.0,2986.0,135.0,60.0,5.0,655.0,139.0,0
15.0,674.0,129.0,146.0,1.0,530.0,65.0,0
8.0,242.0,16.0,213.0,3.0,1260.0,107.0,1
15.0,1952.0,154.0,79.0,1.0,690.0,135.0,1
15.0,653.0,202.0,154.0,1.0,415.0,75.0,0
15.0,945.0,217.0,264.0,1.0,1005.0,75.0,1
12.0,6824.0,253.0,231.0,4.0,953.0,69.0,1
15.0,2079.0,202.0,79.0,6.0,1015.0,140.0,0
10.0,4285.0,208.0,60.0,5.0,470.0,115.0,0
5.0,2575.0,16.0,177.0,4.0,555.0,99.0,0
12.0,4511.0,79.0,261.0,1.0,880.0,89.0,1
16.0,5929.0,208.0,136.0,1.0,740.0,114.0,0
5.0,2310.0,16.0,139.0,4.0,888.0,99.0,1
10.0,3974.0,33.0,208.0,3.0,555.0,100.0,0
8.0,418.0,45.0,229.0,4.0,1285.0,84.0,0
5.0,2235.0,85.0,197.0,5.0,1045.0,120.0,1
10.0,2983.0,70.0,80.0,3.0,970.0,155.0,0
15.0,950.0,262.0,217.0,4.0,445.0,105.0,1
5.0,1879.0,159.0,104.0,4.0,415.0,193.0,0
17.0,7214.0,208.0,209.0,1.0,1031.0,121.0,0
0.0,3658.0,197.0,107.0,1.0,570.0,70.0,0
12.0,6642.0,191.0,253.0,1.0,352.0,38.0,1
14.0,590.0,202.0,217.0,6.0,370.0,112.0,0
8.0,807.0,45.0,35.0,1.0,500.0,79.0,0
5.0,2490.0,197.0,16.0,6.0,785.0,153.0,0
15.0,327.0,175.0,134.0,3.0,1230.0,110.0,1
12.0,4801.0,261.0,236.0,5.0,1020.0,88.0,1
11.0,6682.0,45.0,71.0,3.0,671.0,109.0,1
12.0,6497.0,24.0,79.0,5.0,362.0,144.0,0
15.0,1557.0,129.0,217.0,5.0,645.0,175.0,1
14.0,479.0,216.0,79.0,6.0,610.0,268.0,0
4.0,1717.0,135.0,243.0,3.0,1260.0,208.0,1
12.0,6476.0,208.0,136.0,6.0,1213.0,115.0,0
5.0,2183.0,198.0,159.0,5.0,690.0,167.0,0
6.0,5490.0,158.0,16.0,4.0,969.0,102.0,0
0.0,4049.0,16.0,121.0,5.0,1235.0,65.0,0
1.0,1577.0,183.0,208.0,3.0,540.0,200.0,1
5.0,1965.0,177.0,277.0,5.0,540.0,112.0,1
5.0,1890.0,16.0,268.0,7.0,825.0,102.0,0
5.0,2460.0,16.0,238.0,3.0,772.0,128.0,1
15.0,39.0,170.0,75.0,7.0,870.0,65.0,0
1.0,123.0,80.0,128.0,3.0,670.0,525.0,1
15.0,1142.0,45.0,35.0,4.0,715.0,80.0,1
12.0,7043.0,79.0,65.0,7.0,909.0,33.0,0
12.0,6300.0,100.0,154.0,1.0,360.0,59.0,0
13.0,193.0,153.0,253.0,3.0,807.0,106.0,0
4.0,162.0,207.0,135.0,7.0,405.0,185.0,0
16.0,2679.0,96.0,147.0,7.0,479.0,145.0,0
1.0,794.0,153.0,208.0,6.0,1060.0,210.0,1
15.0,2181.0,252.0,236.0,1.0,780.0,95.0,0
1.0,477.0,80.0,2.0,6.0,845.0,110.0,1
8.0,55.0,16.0,154.0,1.0,540.0,315.0,0
4.0,1058.0,135.0,78.0,7.0,515.0,167.0,0
4.0,1121.0,35.0,96.0,5.0,390.0,81.0,1
9.0,16.0,128.0,243.0,7.0,790.0,325.0,1
15.0,509.0,202.0,217.0,5.0,555.0,110.0,0
13.0,861.0,35.0,134.0,5.0,1159.0,111.0,1
15.0,2539.0,216.0,173.0,4.0,845.0,160.0,1
9.0,17.0,153.0,128.0,6.0,100.0,380.0,0
5.0,1988.0,153.0,177.0,7.0,750.0,196.0,0
15.0,254.0,198.0,173.0,6.0,545.0,100.0,0
0.0,3709.0,85.0,117.0,5.0,1300.0,90.0,0
12.0,6627.0,79.0,227.0,6.0,935.0,131.0,0
14.0,485.0,216.0,79.0,1.0,1080.0,265.0,0
16.0,3135.0,71.0,135.0,3.0,1045.0,159.0,0
6.0,5473.0,16.0,158.0,6.0,1227.0,107.0,0
4.0,1573.0,18.0,135.0,6.0,420.0,55.0,0
15.0,1048.0,198.0,75.0,3.0,765.0,85.0,1
15.0,2812.0,233.0,45.0,7.0,730.0,60.0,0
13.0,844.0,252.0,253.0,1.0,728.0,136.0,1
5.0,1257.0,233.0,16.0,7.0,510.0,94.0,0
2.0,660.0,252.0,80.0,5.0,420.0,230.0,0
15.0,1452.0,264.0,253.0,6.0,540.0,85.0,0
0.0,4024.0,152.0,85.0,1.0,920.0,56.0,0
5.0,1330.0,159.0,16.0,1.0,390.0,153.0,0
5.0,1301.0,16.0,18.0,5.0,510.0,166.0,0
0.0,3702.0,240.0,197.0,5.0,330.0,50.0,0
16.0,2504.0,96.0,182.0,4.0,460.0,82.0,0
0.0,3683.0,250.0,85.0,5.0,370.0,90.0,0
12.0,7019.0,214.0,252.0,7.0,1160.0,52.0,1
7.0,724.0,79.0,78.0,6.0,705.0,193.0,0
16.0,2350.0,58.0,184.0,5.0,1005.0,77.0,0
5.0,1218.0,85.0,213.0,7.0,605.0,182.0,0
5.0,1028.0,261.0,96.0,5.0,1021.0,261.0,0
1.0,393.0,80.0,79.0,6.0,405.0,125.0,0
12.0,6489.0,253.0,55.0,7.0,485.0,55.0,1
5.0,2757.0,253.0,154.0,6.0,838.0,84.0,1
12.0,6232.0,100.0,153.0,6.0,365.0,77.0,1
17.0,2651.0,217.0,24.0,5.0,660.0,93.0,0
5.0,124.0,154.0,16.0,1.0,540.0,253.0,0
5.0,1792.0,243.0,16.0,7.0,1365.0,238.0,0
1.0,1389.0,33.0,80.0,6.0,585.0,130.0,0
15.0,3483.0,175.0,277.0,6.0,635.0,160.0,1
5.0,1711.0,16.0,80.0,3.0,1311.0,152.0,1
5.0,2487.0,16.0,197.0,5.0,890.0,160.0,1
15.0,1079.0,198.0,75.0,5.0,920.0,85.0,1
15.0,1968.0,35.0,175.0,1.0,1015.0,170.0,1
3.0,589.0,130.0,104.0,3.0,1120.0,179.0,1
14.0,739.0,216.0,221.0,5.0,940.0,72.0,0
12.0,6869.0,79.0,114.0,7.0,1229.0,53.0,0
13.0,411.0,60.0,208.0,7.0,1010.0,130.0,0
15.0,657.0,214.0,236.0,3.0,1075.0,75.0,1
5.0,2939.0,78.0,16.0,7.0,345.0,120.0,0
5.0,2438.0,16.0,78.0,7.0,680.0,107.0,1
15.0,553.0,175.0,22.0,5.0,985.0,125.0,1
5.0,2696.0,183.0,78.0,7.0,1180.0,147.0,1
8.0,734.0,197.0,184.0,5.0,742.0,72.0,1
15.0,1216.0,33.0,85.0,3.0,1200.0,95.0,1
5.0,1920.0,154.0,177.0,5.0,465.0,221.0,0
12.0,4735.0,153.0,154.0,4.0,773.0,74.0,0
15.0,1945.0,175.0,159.0,3.0,1100.0,130.0,1
12.0,6467.0,79.0,179.0,7.0,1110.0,170.0,1
14.0,1443.0,233.0,60.0,3.0,864.0,66.0,1
0.0,4015.0,221.0,85.0,1.0,1036.0,84.0,1
13.0,671.0,217.0,253.0,1.0,377.0,138.0,0
15.0,1727.0,141.0,104.0,4.0,650.0,185.0,1
15.0,2353.0,79.0,173.0,5.0,800.0,210.0,1
16.0,2044.0,135.0,60.0,4.0,1055.0,136.0,0
16.0,2122.0,135.0,197.0,5.0,960.0,168.0,0
9.0,124.0,161.0,128.0,6.0,520.0,30.0,0
1.0,863.0,80.0,183.0,3.0,470.0,165.0,1
14.0,1586.0,147.0,60.0,5.0,1195.0,88.0,1
15.0,117.0,243.0,262.0,3.0,535.0,95.0,1
10.0,3389.0,80.0,283.0,3.0,1175.0,55.0,0
12.0,6321.0,243.0,154.0,6.0,526.0,45.0,0
1.0,373.0,80.0,264.0,4.0,765.0,195.0,0
14.0,2178.0,78.0,159.0,6.0,960.0,76.0,0
14.0,88.0,217.0,214.0,6.0,675.0,169.0,0
5.0,1877.0,16.0,223.0,6.0,1233.0,81.0,0
10.0,3327.0,146.0,80.0,7.0,955.0,95.0,0
6.0,7307.0,35.0,85.0,3.0,420.0,150.0,0
5.0,1400.0,16.0,35.0,7.0,905.0,155.0,1
14.0,1708.0,198.0,60.0,7.0,555.0,108.0,0
5.0,1881.0,16.0,18.0,5.0,1145.0,161.0,1
15.0,1128.0,182.0,216.0,7.0,830.0,95.0,1
3.0,527.0,96.0,173.0,4.0,550.0,176.0,0
17.0,2612.0,54.0,60.0,7.0,1087.0,69.0,1
2.0,858.0,203.0,252.0,5.0,820.0,333.0,1
15.0,1885.0,12.0,173.0,6.0,395.0,195.0,0
12.0,6560.0,18.0,79.0,3.0,692.0,134.0,1
0.0,4325.0,16.0,223.0,7.0,655.0,79.0,0
15.0,2027.0,45.0,85.0,7.0,985.0,100.0,1
6.0,5569.0,101.0,16.0,3.0,875.0,89.0,1
12.0,6532.0,58.0,79.0,7.0,480.0,206.0,0
6.0,4985.0,200.0,16.0,1.0,702.0,87.0,0
0.0,3858.0,85.0,171.0,3.0,620.0,52.0,0
12.0,6829.0,253.0,232.0,3.0,563.0,95.0,1
15.0,3511.0,154.0,261.0,5.0,885.0,110.0,1
5.0,2890.0,16.0,76.0,5.0,515.0,102.0,0
15.0,763.0,207.0,202.0,3.0,1005.0,75.0,1
15.0,372.0,197.0,175.0,3.0,630.0,95.0,1
14.0,49.0,153.0,78.0,7.0,720.0,267.0,1
12.0,6594.0,79.0,280.0,7.0,924.0,118.0,1
1.0,2350.0,80.0,208.0,3.0,780.0,140.0,0
16.0,2621.0,251.0,58.0,6.0,620.0,65.0,1
15.0,518.0,264.0,79.0,1.0,640.0,135.0,1
14.0,970.0,216.0,35.0,3.0,795.0,73.0,0
5.0,2727.0,16.0,104.0,5.0,735.0,115.0,1
7.0,239.0,33.0,79.0,6.0,345.0,172.0,0
1.0,1539.0,208.0,268.0,6.0,1255.0,70.0,1
15.0,1229.0,35.0,45.0,1.0,825.0,90.0,1
12.0,6895.0,162.0,79.0,3.0,535.0,156.0,1
5.0,2285.0,22.0,16.0,6.0,926.0,165.0,1
1.0,440.0,80.0,205.0,6.0,1115.0,105.0,0
16.0,2471.0,213.0,135.0,6.0,674.0,167.0,1
15.0,755.0,45.0,221.0,1.0,610.0,60.0,1
1.0,745.0,159.0,80.0,3.0,795.0,250.0,1
15.0,1537.0,175.0,58.0,3.0,1230.0,70.0,1
15.0,1206.0,75.0,18.0,6.0,600.0,50.0,0
8.0,723.0,45.0,198.0,6.0,881.0,176.0,0
6.0,7091.0,134.0,245.0,6.0,1031.0,105.0,0
10.0,3308.0,71.0,80.0,7.0,605.0,165.0,1
1.0,1588.0,244.0,80.0,1.0,890.0,70.0,1
5.0,2679.0,134.0,16.0,7.0,1132.0,123.0,1
14.0,1033.0,22.0,60.0,5.0,1025.0,132.0,1
1.0,1758.0,154.0,208.0,6.0,645.0,250.0,1
15.0,860.0,184.0,217.0,5.0,840.0,235.0,1
4.0,432.0,135.0,159.0,3.0,657.0,199.0,1
16.0,2718.0,45.0,96.0,5.0,370.0,54.0,0
14.0,1707.0,268.0,60.0,5.0,450.0,109.0,0
1.0,1499.0,80.0,258.0,5.0,885.0,230.0,0
5.0,2224.0,16.0,45.0,3.0,580.0,119.0,0
15.0,752.0,129.0,79.0,5.0,395.0,155.0,1
3.0,1253.0,35.0,134.0,1.0,840.0,101.0,1
5.0,170.0,153.0,261.0,5.0,728.0,86.0,1
2.0,459.0,154.0,252.0,5.0,750.0,157.0,0
12.0,6856.0,79.0,61.0,1.0,859.0,156.0,0
6.0,7137.0,47.0,134.0,4.0,1167.0,83.0,0
16.0,2506.0,33.0,135.0,5.0,440.0,136.0,0
10.0,4511.0,159.0,35.0,5.0,835.0,65.0,0
10.0,3248.0,118.0,80.0,4.0,1000.0,50.0,1
6.0,7306.0,85.0,147.0,7.0,535.0,148.0,1
13.0,950.0,154.0,134.0,6.0,461.0,285.0,0
5.0,1273.0,61.0,16.0,6.0,420.0,115.0,0
8.0,841.0,16.0,173.0,4.0,1250.0,92.0,0
10.0,3329.0,80.0,38.0,1.0,625.0,95.0,0
6.0,5039.0,16.0,146.0,6.0,570.0,85.0,1
5.0,2112.0,27.0,16.0,1.0,330.0,58.0,0
14.0,1759.0,216.0,233.0,5.0,1230.0,85.0,0
15.0,505.0,243.0,217.0,5.0,795.0,70.0,1
3.0,712.0,260.0,148.0,7.0,1305.0,236.0,0
15.0,3668.0,207.0,202.0,1.0,845.0,75.0,0
12.0,6410.0,253.0,44.0,3.0,966.0,67.0,0
17.0,7212.0,134.0,238.0,6.0,1047.0,71.0,0
5.0,2408.0,197.0,119.0,7.0,1165.0,82.0,1
12.0,4452.0,261.0,168.0,7.0,1310.0,91.0,0
0.0,4246.0,139.0,85.0,6.0,608.0,80.0,0
6.0,5455.0,251.0,16.0,7.0,756.0,94.0,1
13.0,990.0,208.0,134.0,4.0,1096.0,109.0,1
3.0,904.0,148.0,35.0,7.0,774.0,64.0,1
1.0,1982.0,268.0,208.0,4.0,1115.0,80.0,0
1.0,1330.0,80.0,178.0,3.0,795.0,95.0,1
10.0,2770.0,158.0,80.0,3.0,730.0,85.0,0
5.0,2977.0,208.0,16.0,1.0,615.0,120.0,0
5.0,2007.0,60.0,197.0,1.0,495.0,180.0,1
1.0,145.0,35.0,154.0,1.0,1010.0,395.0,1
17.0,2845.0,91.0,217.0,1.0,510.0,99.0,0
7.0,326.0,184.0,35.0,5.0,470.0,133.0,0
5.0,1127.0,16.0,213.0,3.0,900.0,111.0,1
8.0,843.0,16.0,173.0,6.0,877.0,88.0,0
1.0,257.0,148.0,153.0,7.0,990.0,360.0,1
5.0,1750.0,153.0,197.0,5.0,683.0,197.0,1
4.0,632.0,135.0,159.0,3.0,960.0,208.0,1
15.0,2186.0,261.0,79.0,6.0,500.0,90.0,1
1.0,1065.0,205.0,80.0,4.0,1095.0,115.0,0
14.0,1176.0,60.0,35.0,5.0,1083.0,129.0,0
2.0,305.0,253.0,252.0,4.0,785.0,128.0,0
15.0,918.0,173.0,216.0,4.0,620.0,145.0,0
6.0,7102.0,208.0,47.0,6.0,1105.0,109.0,1
1.0,661.0,80.0,207.0,3.0,1255.0,195.0,0
11.0,6551.0,33.0,71.0,7.0,720.0,81.0,0
13.0,700.0,260.0,134.0,5.0,820.0,240.0,0
8.0,486.0,173.0,45.0,1.0,455.0,128.0,0
14.0,1839.0,216.0,197.0,6.0,595.0,188.0,0
12.0,7811.0,110.0,261.0,6.0,840.0,122.0,1
15.0,1411.0,202.0,44.0,7.0,1000.0,65.0,1
6.0,5398.0,19.0,16.0,1.0,840.0,76.0,1
16.0,5891.0,208.0,107.0,6.0,1025.0,104.0,1
12.0,6742.0,79.0,58.0,5.0,606.0,172.0,0
13.0,303.0,148.0,253.0,1.0,360.0,404.0,0
5.0,2811.0,177.0,104.0,3.0,560.0,143.0,0
8.0,143.0,85.0,16.0,1.0,360.0,135.0,0
12.0,6304.0,79.0,28.0,3.0,919.0,86.0,0
5.0,2968.0,252.0,16.0,1.0,445.0,285.0,0
15.0,667.0,277.0,147.0,7.0,710.0,50.0,0
6.0,4966.0,16.0,215.0,5.0,505.0,98.0,1
5.0,1571.0,148.0,183.0,4.0,1115.0,204.0,0
2.0,852.0,128.0,252.0,3.0,865.0,337.0,0
14.0,1636.0,60.0,233.0,6.0,682.0,48.0,1
16.0,2710.0,58.0,78.0,4.0,1150.0,75.0,0
15.0,861.0,35.0,216.0,3.0,800.0,100.0,1
13.0,116.0,154.0,208.0,4.0,776.0,242.0,0
5.0,1311.0,85.0,79.0,5.0,955.0,194.0,1
10.0,3366.0,47.0,80.0,5.0,365.0,185.0,0
10.0,3233.0,80.0,68.0,6.0,480.0,80.0,0
15.0,2693.0,91.0,18.0,7.0,1175.0,85.0,1
16.0,3078.0,135.0,234.0,5.0,835.0,159.0,0
3.0,346.0,267.0,148.0,6.0,705.0,159.0,0
15.0,1723.0,253.0,243.0,7.0,1015.0,85.0,1
10.0,4629.0,233.0,159.0,3.0,360.0,95.0,0
6.0,5244.0,16.0,157.0,4.0,650.0,78.0,0
5.0,1945.0,78.0,85.0,4.0,903.0,99.0,0
4.0,233.0,159.0,135.0,7.0,1139.0,237.0,0
13.0,50.0,80.0,208.0,1.0,1044.0,136.0,0
15.0,2801.0,27.0,277.0,1.0,565.0,85.0,1
14.0,374.0,60.0,148.0,7.0,785.0,119.0,1
12.0,6351.0,79.0,232.0,5.0,1095.0,156.0,0
12.0,6425.0,244.0,79.0,5.0,946.0,131.0,0
6.0,5189.0,285.0,16.0,3.0,450.0,77.0,0
14.0,12.0,262.0,217.0,7.0,360.0,109.0,1
6.0,5090.0,16.0,195.0,7.0,1135.0,132.0,0
5.0,1782.0,91.0,16.0,1.0,365.0,176.0,0
17.0,7253.0,177.0,208.0,4.0,872.0,108.0,1
11.0,6272.0,71.0,61.0,1.0,985.0,50.0,0
1.0,72.0,128.0,208.0,5.0,1045.0,495.0,0
14.0,305.0,60.0,217.0,6.0,1069.0,276.0,1
12.0,4826.0,99.0,261.0,5.0,390.0,145.0,0
4.0,608.0,214.0,135.0,3.0,740.0,235.0,1
14.0,522.0,217.0,236.0,5.0,665.0,113.0,0
1.0,2301.0,208.0,80.0,6.0,360.0,150.0,1
5.0,1456.0,267.0,16.0,1.0,668.0,97.0,0
16.0,5917.0,139.0,208.0,3.0,1023.0,76.0,1
4.0,1079.0,135.0,244.0,4.0,900.0,60.0,0
5.0,2661.0,16.0,177.0,1.0,460.0,91.0,1
16.0,2487.0,158.0,135.0,1.0,810.0,57.0,0
11.0,6311.0,147.0,71.0,6.0,500.0,124.0,0
5.0,141.0,148.0,183.0,5.0,898.0,199.0,0
2.0,236.0,214.0,243.0,7.0,415.0,145.0,0
15.0,49.0,129.0,173.0,4.0,1205.0,125.0,0
14.0,1048.0,80.0,60.0,5.0,835.0,141.0,0
14.0,544.0,243.0,217.0,4.0,595.0,76.0,0
17.0,2680.0,162.0,60.0,5.0,981.0,113.0,0
9.0,370.0,203.0,150.0,6.0,819.0,32.0,0
3.0,454.0,104.0,35.0,1.0,720.0,182.0,1
11.0,6745.0,78.0,139.0,7.0,1260.0,119.0,0
5.0,1455.0,16.0,267.0,4.0,1130.0,103.0,1
7.0,382.0,79.0,104.0,5.0,1035.0,224.0,1
15.0,1976.0,268.0,85.0,1.0,535.0,90.0,1
4.0,369.0,153.0,96.0,3.0,1340.0,275.0,1
6.0,7076.0,245.0,134.0,3.0,615.0,95.0,1
16.0,2189.0,135.0,75.0,5.0,480.0,63.0,0
2.0,482.0,252.0,243.0,6.0,940.0,160.0,0
5.0,1429.0,148.0,153.0,6.0,423.0,357.0,0
1.0,2346.0,80.0,208.0,7.0,755.0,135.0,0
15.0,579.0,154.0,202.0,4.0,385.0,80.0,0
8.0,671.0,184.0,173.0,7.0,470.0,177.0,0
12.0,4448.0,261.0,114.0,5.0,690.0,67.0,1
15.0,27.0,129.0,87.0,3.0,885.0,90.0,1
10.0,4658.0,159.0,16.0,1.0,745.0,155.0,0
6.0,7323.0,16.0,245.0,7.0,590.0,68.0,1
1.0,768.0,154.0,268.0,7.0,995.0,210.0,1
3.0,1058.0,221.0,148.0,3.0,625.0,79.0,1
6.0,5175.0,16.0,33.0,3.0,1130.0,70.0,1
6.0,5267.0,48.0,16.0,7.0,420.0,129.0,0
13.0,247.0,153.0,79.0,7.0,794.0,114.0,0
15.0,571.0,79.0,175.0,6.0,910.0,135.0,0
10.0,3931.0,205.0,208.0,7.0,410.0,100.0,0
4.0,675.0,221.0,135.0,3.0,1060.0,190.0,1
5.0,1117.0,85.0,153.0,7.0,1295.0,267.0,0
15.0,1846.0,207.0,79.0,3.0,915.0,130.0,1
15.0,2349.0,12.0,175.0,1.0,410.0,145.0,0
4.0,1706.0,18.0,135.0,4.0,952.0,68.0,0
14.0,35.0,16.0,217.0,3.0,1065.0,264.0,0
8.0,181.0,16.0,241.0,6.0,1051.0,96.0,0
6.0,5570.0,16.0,278.0,1.0,665.0,73.0,0
15.0,1587.0,33.0,45.0,7.0,740.0,95.0,1
13.0,82.0,154.0,148.0,5.0,1363.0,320.0,1
5.0,2891.0,261.0,264.0,7.0,660.0,115.0,1
1.0,1387.0,208.0,153.0,5.0,880.0,250.0,1
0.0,3711.0,85.0,247.0,6.0,945.0,60.0,0
14.0,800.0,173.0,60.0,5.0,1150.0,98.0,0
14.0,683.0,217.0,96.0,7.0,980.0,275.0,0
14.0,2137.0,35.0,159.0,4.0,1020.0,79.0,0
5.0,2139.0,78.0,16.0,3.0,1020.0,125.0,0
15.0,35.0,75.0,129.0,4.0,900.0,65.0,0
5.0,1589.0,85.0,33.0,5.0,745.0,105.0,0
8.0,26.0,16.0,175.0,5.0,740.0,114.0,0
14.0,1740.0,43.0,216.0,4.0,1098.0,92.0,0
15.0,1076.0,129.0,154.0,4.0,425.0,225.0,0
16.0,3037.0,54.0,135.0,7.0,360.0,165.0,0
13.0,239.0,198.0,154.0,4.0,440.0,265.0,0
1.0,1505.0,80.0,243.0,1.0,1035.0,190.0,1
6.0,5164.0,76.0,16.0,6.0,975.0,103.0,0
12.0,4521.0,114.0,261.0,4.0,915.0,60.0,0
8.0,327.0,16.0,253.0,3.0,1240.0,334.0,1
9.0,529.0,203.0,128.0,7.0,781.0,34.0,0
13.0,406.0,28.0,79.0,7.0,811.0,93.0,0
2.0,87.0,252.0,14.0,1.0,600.0,218.0,0
3.0,63.0,148.0,277.0,6.0,360.0,176.0,0
1.0,1662.0,153.0,208.0,5.0,970.0,210.0,0
3.0,705.0,148.0,260.0,6.0,540.0,232.0,0
4.0,1663.0,241.0,135.0,7.0,1075.0,153.0,0
10.0,4599.0,159.0,197.0,4.0,375.0,175.0,0
12.0,6385.0,248.0,154.0,6.0,699.0,62.0,0
15.0,1361.0,91.0,153.0,4.0,805.0,115.0,1
12.0,6422.0,69.0,208.0,6.0,1020.0,97.0,1
14.0,1615.0,60.0,172.0,4.0,695.0,158.0,0
16.0,2088.0,170.0,135.0,4.0,651.0,84.0,0
15.0,257.0,147.0,129.0,3.0,930.0,150.0,1
14.0,183.0,207.0,217.0,4.0,390.0,75.0,0
6.0,5374.0,16.0,87.0,4.0,510.0,78.0,0
7.0,720.0,79.0,78.0,5.0,990.0,193.0,0
0.0,4029.0,71.0,121.0,4.0,1230.0,73.0,0
8.0,1073.0,277.0,48.0,3.0,668.0,139.0,0
15.0,3159.0,172.0,243.0,7.0,1200.0,220.0,0
10.0,3955.0,208.0,56.0,7.0,430.0,60.0,0
15.0,1756.0,129.0,173.0,6.0,810.0,130.0,1
15.0,949.0,173.0,79.0,5.0,535.0,255.0,0
8.0,91.0,16.0,233.0,6.0,1330.0,77.0,0
15.0,802.0,175.0,153.0,3.0,805.0,245.0,1
10.0,2856.0,288.0,80.0,1.0,770.0,135.0,0
16.0,5949.0,42.0,208.0,3.0,360.0,159.0,0
12.0,6331.0,65.0,253.0,7.0,405.0,184.0,1
12.0,6350.0,253.0,207.0,4.0,724.0,79.0,1
0.0,4011.0,152.0,85.0,4.0,625.0,49.0,0
12.0,6826.0,253.0,207.0,6.0,481.0,74.0,0
13.0,119.0,253.0,154.0,7.0,963.0,93.0,1
6.0,7134.0,134.0,85.0,4.0,1024.0,97.0,0
1.0,1430.0,80.0,277.0,3.0,475.0,135.0,0
12.0,6875.0,195.0,79.0,7.0,1149.0,157.0,0
17.0,7214.0,208.0,209.0,7.0,1032.0,130.0,1
8.0,229.0,183.0,45.0,5.0,768.0,144.0,0
5.0,370.0,16.0,154.0,6.0,1315.0,308.0,1
15.0,701.0,202.0,217.0,7.0,1145.0,110.0,1
5.0,1837.0,223.0,16.0,5.0,1103.0,81.0,0
15.0,108.0,175.0,162.0,3.0,1035.0,105.0,1
15.0,2635.0,216.0,104.0,3.0,510.0,185.0,0
13.0,667.0,159.0,208.0,5.0,480.0,157.0,0
4.0,491.0,183.0,135.0,1.0,1080.0,173.0,0
1.0,1054.0,183.0,78.0,6.0,480.0,140.0,0
16.0,2550.0,135.0,60.0,7.0,855.0,136.0,0
16.0,2010.0,251.0,58.0,3.0,1035.0,67.0,1
14.0,75.0,148.0,217.0,4.0,599.0,338.0,0
13.0,58.0,208.0,253.0,6.0,585.0,293.0,0
5.0,1305.0,85.0,173.0,1.0,600.0,159.0,0
15.0,2357.0,216.0,221.0,4.0,1170.0,80.0,1
6.0,5205.0,16.0,200.0,3.0,970.0,76.0,1
15.0,1655.0,175.0,159.0,5.0,570.0,130.0,1
5.0,1407.0,198.0,177.0,7.0,996.0,86.0,0
5.0,1939.0,78.0,16.0,4.0,1200.0,125.0,0
4.0,700.0,104.0,96.0,5.0,643.0,171.0,0
15.0,20.0,153.0,243.0,5.0,890.0,65.0,1
17.0,2931.0,244.0,217.0,5.0,360.0,146.0,0
13.0,415.0,198.0,79.0,6.0,420.0,186.0,0
3.0,6.0,148.0,43.0,5.0,953.0,95.0,0
2.0,22.0,252.0,208.0,6.0,765.0,242.0,1
16.0,5896.0,208.0,152.0,4.0,785.0,53.0,1
15.0,3405.0,236.0,153.0,4.0,755.0,80.0,1
1.0,501.0,80.0,217.0,5.0,595.0,160.0,0
5.0,2863.0,148.0,154.0,6.0,720.0,370.0,0
12.0,7003.0,252.0,154.0,4.0,414.0,156.0,1
10.0,4160.0,61.0,208.0,5.0,565.0,90.0,0
0.0,4252.0,85.0,250.0,3.0,1310.0,84.0,0
14.0,1015.0,60.0,213.0,1.0,870.0,108.0,1
6.0,4952.0,97.0,16.0,1.0,480.0,123.0,1
5.0,1725.0,45.0,16.0,3.0,435.0,131.0,1
6.0,5358.0,16.0,273.0,3.0,785.0,125.0,1
15.0,1861.0,79.0,172.0,6.0,445.0,100.0,0
5.0,1948.0,85.0,159.0,3.0,720.0,108.0,0
15.0,156.0,197.0,175.0,5.0,430.0,100.0,1
5.0,1377.0,35.0,159.0,5.0,510.0,82.0,0
4.0,36.0,173.0,96.0,4.0,900.0,160.0,0
4.0,1581.0,252.0,14.0,1.0,795.0,219.0,0
10.0,2825.0,80.0,279.0,5.0,455.0,60.0,0
11.0,6291.0,35.0,233.0,3.0,945.0,146.0,0
15.0,1687.0,268.0,79.0,5.0,365.0,150.0,0
5.0,1275.0,148.0,261.0,6.0,565.0,325.0,1
13.0,205.0,35.0,134.0,4.0,500.0,107.0,0
17.0,2652.0,198.0,60.0,6.0,665.0,114.0,1
10.0,4106.0,119.0,208.0,3.0,650.0,65.0,1
1.0,1375.0,22.0,260.0,5.0,460.0,225.0,0
12.0,6332.0,214.0,93.0,4.0,930.0,36.0,0
5.0,1450.0,153.0,197.0,4.0,60.0,181.0,0
2.0,638.0,252.0,217.0,1.0,935.0,178.0,0
15.0,3415.0,202.0,243.0,6.0,455.0,85.0,1
15.0,49.0,75.0,129.0,3.0,1110.0,60.0,0
16.0,2917.0,197.0,135.0,7.0,1155.0,171.0,1
15.0,1079.0,141.0,45.0,5.0,515.0,70.0,0
11.0,6408.0,135.0,71.0,1.0,970.0,145.0,0
13.0,364.0,154.0,79.0,7.0,1110.0,141.0,0
15.0,3915.0,33.0,175.0,4.0,580.0,85.0,1
4.0,382.0,135.0,35.0,4.0,669.0,213.0,0
12.0,6240.0,224.0,253.0,5.0,1045.0,125.0,1
11.0,6291.0,35.0,233.0,7.0,945.0,146.0,0
12.0,4845.0,205.0,261.0,3.0,819.0,155.0,0
15.0,793.0,129.0,91.0,5.0,915.0,120.0,0
5.0,1673.0,16.0,183.0,5.0,886.0,114.0,1
16.0,2931.0,135.0,178.0,7.0,1009.0,74.0,1
8.0,163.0,16.0,260.0,5.0,730.0,207.0,0
4.0,1629.0,135.0,264.0,1.0,735.0,220.0,1
8.0,258.0,106.0,16.0,5.0,767.0,125.0,0
5.0,1724.0,16.0,45.0,3.0,965.0,110.0,1
10.0,4661.0,159.0,16.0,4.0,1020.0,160.0,0
12.0,6676.0,100.0,79.0,1.0,463.0,143.0,1
14.0,84.0,216.0,252.0,3.0,450.0,362.0,1
12.0,6525.0,208.0,17.0,3.0,1205.0,50.0,1
1.0,1955.0,80.0,217.0,4.0,1325.0,150.0,0
13.0,735.0,79.0,253.0,3.0,930.0,165.0,0
15.0,2680.0,139.0,153.0,7.0,465.0,255.0,1
17.0,1023.0,128.0,150.0,1.0,545.0,40.0,0
15.0,34.0,75.0,162.0,1.0,955.0,60.0,1
3.0,67.0,43.0,148.0,6.0,841.0,87.0,1
10.0,3329.0,80.0,38.0,4.0,625.0,95.0,1
0.0,3861.0,177.0,244.0,7.0,1165.0,127.0,0
7.0,328.0,184.0,35.0,7.0,822.0,133.0,0
10.0,2751.0,254.0,80.0,1.0,405.0,95.0,0
5.0,1390.0,159.0,35.0,1.0,990.0,76.0,0
10.0,3243.0,80.0,146.0,4.0,1355.0,75.0,0
3.0,74.0,148.0,42.0,3.0,1005.0,82.0,1
8.0,1255.0,277.0,139.0,3.0,740.0,136.0,1
5.0,2248.0,85.0,159.0,6.0,925.0,112.0,0
14.0,1027.0,173.0,216.0,6.0,835.0,145.0,0
2.0,12.0,252.0,35.0,4.0,530.0,316.0,0
15.0,1727.0,268.0,205.0,1.0,1005.0,75.0,1
8.0,610.0,184.0,253.0,4.0,555.0,290.0,0
5.0,335.0,60.0,16.0,4.0,1022.0,88.0,1
16.0,2256.0,19.0,96.0,3.0,715.0,108.0,1
2.0,660.0,252.0,80.0,1.0,420.0,230.0,0
10.0,4121.0,208.0,278.0,7.0,785.0,115.0,1
3.0,134.0,241.0,148.0,4.0,562.0,158.0,1
15.0,1753.0,173.0,61.0,7.0,850.0,135.0,1
14.0,1242.0,217.0,78.0,5.0,795.0,248.0,0
10.0,2754.0,158.0,80.0,1.0,440.0,90.0,0
14.0,1842.0,216.0,228.0,4.0,825.0,64.0,0
15.0,3674.0,252.0,34.0,3.0,1020.0,75.0,0
15.0,2339.0,129.0,198.0,6.0,715.0,60.0,1
12.0,6474.0,154.0,2.0,4.0,961.0,109.0,0
13.0,572.0,214.0,79.0,3.0,877.0,150.0,0
5.0,2932.0,264.0,261.0,3.0,617.0,107.0,0
10.0,3080.0,154.0,246.0,7.0,810.0,40.0,0
12.0,6952.0,208.0,152.0,3.0,958.0,49.0,1
13.0,626.0,208.0,216.0,7.0,1086.0,129.0,1
0.0,4153.0,171.0,85.0,4.0,495.0,59.0,0
8.0,495.0,45.0,60.0,5.0,515.0,85.0,0
15.0,3421.0,45.0,61.0,1.0,550.0,80.0,1
1.0,2448.0,154.0,80.0,6.0,825.0,180.0,1
12.0,6630.0,154.0,57.0,5.0,483.0,43.0,1
3.0,26.0,104.0,148.0,3.0,425.0,160.0,1
10.0,4282.0,208.0,22.0,7.0,490.0,130.0,1
15.0,1832.0,2.0,280.0,6.0,585.0,70.0,0
5.0,1263.0,16.0,184.0,6.0,793.0,124.0,0
14.0,1773.0,216.0,153.0,3.0,1085.0,338.0,1
12.0,4855.0,261.0,28.0,7.0,591.0,84.0,0
15.0,411.0,253.0,79.0,3.0,960.0,150.0,1
6.0,5534.0,16.0,187.0,1.0,650.0,115.0,1
15.0,1615.0,253.0,153.0,5.0,665.0,90.0,1
13.0,442.0,197.0,208.0,4.0,838.0,83.0,0
17.0,2672.0,60.0,138.0,5.0,870.0,57.0,0
13.0,901.0,253.0,243.0,5.0,1170.0,96.0,0
12.0,6952.0,152.0,208.0,5.0,1093.0,71.0,0
15.0,823.0,262.0,252.0,3.0,790.0,110.0,1
5.0,1842.0,244.0,16.0,7.0,330.0,142.0,0
15.0,742.0,217.0,261.0,4.0,995.0,95.0,1
15.0,1072.0,252.0,2.0,4.0,795.0,165.0,0
6.0,7130.0,245.0,208.0,7.0,400.0,150.0,1
14.0,1768.0,60.0,78.0,5.0,990.0,80.0,0
5.0,2667.0,16.0,243.0,5.0,1294.0,289.0,0
15.0,441.0,217.0,243.0,1.0,595.0,75.0,0
17.0,2934.0,217.0,177.0,1.0,585.0,184.0,0
5.0,1856.0,183.0,148.0,6.0,990.0,183.0,0
12.0,3049.0,184.0,221.0,5.0,695.0,85.0,0
5.0,1498.0,104.0,159.0,1.0,420.0,174.0,0
3.0,259.0,104.0,160.0,3.0,961.0,342.0,1
11.0,6587.0,78.0,119.0,5.0,1160.0,110.0,1
12.0,6651.0,236.0,154.0,3.0,592.0,86.0,0
14.0,454.0,217.0,261.0,7.0,1270.0,99.0,0
12.0,6987.0,208.0,33.0,5.0,984.0,85.0,0
10.0,3636.0,60.0,183.0,3.0,835.0,135.0,0
12.0,6525.0,208.0,17.0,5.0,1205.0,50.0,0
2.0,67.0,252.0,151.0,7.0,915.0,127.0,1
7.0,478.0,153.0,184.0,5.0,1040.0,205.0,1
2.0,10.0,252.0,173.0,7.0,1365.0,317.0,0
5.0,1738.0,267.0,16.0,3.0,953.0,98.0,1
5.0,1559.0,154.0,128.0,5.0,885.0,366.0,1
1.0,1578.0,178.0,80.0,5.0,715.0,100.0,0
14.0,1991.0,216.0,208.0,6.0,575.0,141.0,1
12.0,6573.0,79.0,126.0,5.0,687.0,51.0,1
6.0,5430.0,16.0,19.0,4.0,1312.0,60.0,0
1.0,655.0,148.0,269.0,4.0,540.0,250.0,0
10.0,2832.0,223.0,80.0,5.0,945.0,125.0,0
10.0,2755.0,32.0,80.0,7.0,925.0,135.0,1
14.0,1498.0,154.0,60.0,4.0,1365.0,262.0,0
1.0,456.0,80.0,277.0,7.0,1015.0,135.0,0
5.0,1728.0,153.0,148.0,5.0,1010.0,293.0,1
13.0,471.0,279.0,79.0,6.0,399.0,110.0,0
5.0,1759.0,215.0,16.0,4.0,973.0,115.0,0
12.0,6570.0,132.0,79.0,3.0,869.0,178.0,0
4.0,799.0,135.0,79.0,4.0,525.0,158.0,1
15.0,1471.0,91.0,18.0,6.0,480.0,85.0,0
1.0,269.0,148.0,252.0,4.0,1125.0,385.0,0
6.0,5336.0,157.0,16.0,1.0,830.0,93.0,1
6.0,5440.0,115.0,16.0,1.0,999.0,85.0,0
1.0,2099.0,208.0,154.0,6.0,440.0,265.0,1
12.0,4529.0,261.0,202.0,4.0,515.0,122.0,1
12.0,6601.0,253.0,194.0,6.0,1365.0,43.0,0
15.0,2983.0,111.0,202.0,4.0,1050.0,130.0,1
15.0,2698.0,22.0,104.0,7.0,485.0,195.0,0
15.0,984.0,217.0,204.0,6.0,675.0,120.0,1
15.0,425.0,244.0,173.0,5.0,780.0,145.0,0
1.0,16.0,253.0,148.0,3.0,750.0,335.0,1
12.0,6268.0,280.0,253.0,6.0,705.0,138.0,0
0.0,3895.0,247.0,85.0,4.0,930.0,63.0,0
10.0,3383.0,80.0,116.0,3.0,900.0,90.0,0
13.0,216.0,253.0,264.0,4.0,526.0,100.0,0
10.0,3104.0,154.0,258.0,6.0,675.0,75.0,0
7.0,306.0,79.0,85.0,5.0,847.0,162.0,0
1.0,1144.0,208.0,268.0,4.0,995.0,70.0,1
14.0,125.0,128.0,217.0,4.0,1430.0,362.0,0
12.0,6734.0,196.0,79.0,1.0,435.0,123.0,0
17.0,2879.0,217.0,24.0,7.0,1260.0,90.0,0
4.0,1614.0,135.0,178.0,4.0,520.0,74.0,0
1.0,744.0,80.0,159.0,6.0,1035.0,210.0,0
6.0,5466.0,16.0,180.0,4.0,1245.0,62.0,0
17.0,7304.0,134.0,147.0,1.0,737.0,116.0,0
5.0,2228.0,173.0,85.0,3.0,740.0,160.0,1
12.0,6856.0,79.0,61.0,3.0,859.0,156.0,1
17.0,7243.0,42.0,208.0,3.0,511.0,154.0,1
8.0,1222.0,221.0,104.0,3.0,420.0,171.0,1
13.0,779.0,79.0,153.0,6.0,1128.0,120.0,0
16.0,2442.0,135.0,158.0,1.0,945.0,54.0,0
1.0,491.0,80.0,262.0,3.0,745.0,230.0,1
16.0,2478.0,120.0,96.0,5.0,1130.0,102.0,0
6.0,5171.0,71.0,16.0,5.0,1135.0,98.0,1
11.0,6677.0,61.0,78.0,1.0,1045.0,77.0,1
1.0,1689.0,216.0,183.0,4.0,685.0,170.0,0
15.0,3312.0,75.0,172.0,3.0,460.0,90.0,1
16.0,2292.0,27.0,135.0,4.0,1054.0,111.0,0
5.0,1212.0,203.0,154.0,7.0,1355.0,310.0,0
10.0,3630.0,33.0,183.0,1.0,860.0,140.0,1
15.0,167.0,153.0,13.0,7.0,715.0,125.0,0
15.0,2798.0,228.0,277.0,4.0,1055.0,200.0,1
8.0,516.0,61.0,16.0,1.0,380.0,108.0,0
6.0,5124.0,16.0,186.0,1.0,985.0,93.0,1
4.0,1687.0,173.0,135.0,6.0,1080.0,150.0,0
10.0,3954.0,208.0,117.0,6.0,545.0,55.0,0
15.0,194.0,216.0,221.0,3.0,585.0,80.0,1
15.0,1065.0,153.0,12.0,7.0,995.0,285.0,1
10.0,3020.0,100.0,154.0,4.0,555.0,65.0,1
1.0,1860.0,183.0,173.0,7.0,600.0,65.0,0
2.0,657.0,217.0,214.0,5.0,1090.0,170.0,0
5.0,1937.0,45.0,85.0,5.0,370.0,100.0,0
0.0,4347.0,197.0,164.0,4.0,1315.0,81.0,0
16.0,3127.0,135.0,155.0,7.0,1100.0,100.0,0
5.0,1040.0,16.0,198.0,5.0,745.0,95.0,0
6.0,5125.0,91.0,16.0,5.0,365.0,180.0,0
8.0,951.0,45.0,104.0,6.0,1225.0,155.0,0
10.0,4378.0,33.0,159.0,5.0,785.0,130.0,0
10.0,4376.0,233.0,148.0,7.0,860.0,99.0,0
15.0,971.0,207.0,258.0,4.0,465.0,70.0,0
6.0,5296.0,251.0,16.0,5.0,909.0,91.0,0
12.0,6926.0,79.0,16.0,1.0,1064.0,164.0,0
0.0,3964.0,12.0,148.0,5.0,365.0,90.0,0
12.0,4578.0,258.0,261.0,3.0,984.0,110.0,1
1.0,661.0,177.0,80.0,1.0,1095.0,110.0,0
13.0,891.0,148.0,154.0,5.0,398.0,380.0,0
13.0,697.0,79.0,153.0,4.0,616.0,123.0,1
1.0,1765.0,134.0,260.0,7.0,475.0,230.0,1
0.0,3725.0,85.0,43.0,5.0,460.0,77.0,1
8.0,364.0,16.0,159.0,5.0,1157.0,130.0,1
1.0,1328.0,262.0,80.0,1.0,740.0,200.0,1
15.0,2898.0,217.0,2.0,1.0,480.0,65.0,0
16.0,3082.0,251.0,96.0,4.0,1085.0,122.0,0
14.0,1627.0,96.0,60.0,4.0,895.0,115.0,0
12.0,6848.0,80.0,253.0,5.0,1197.0,235.0,1
15.0,778.0,258.0,79.0,1.0,780.0,145.0,1
6.0,5030.0,11.0,16.0,6.0,985.0,61.0,0
5.0,18.0,85.0,159.0,4.0,825.0,112.0,1
5.0,1545.0,78.0,85.0,3.0,450.0,100.0,0
10.0,3607.0,183.0,16.0,1.0,445.0,120.0,0
12.0,6493.0,252.0,214.0,7.0,707.0,48.0,0
15.0,2794.0,202.0,261.0,3.0,805.0,100.0,1
12.0,3071.0,184.0,205.0,1.0,565.0,84.0,0
5.0,1604.0,261.0,33.0,1.0,1030.0,193.0,0
4.0,518.0,96.0,277.0,6.0,1132.0,178.0,1
17.0,2766.0,261.0,217.0,6.0,645.0,100.0,0
6.0,4990.0,27.0,16.0,5.0,840.0,67.0,0
1.0,1017.0,268.0,80.0,7.0,1130.0,115.0,0
5.0,2853.0,132.0,16.0,4.0,390.0,80.0,1
9.0,196.0,128.0,203.0,6.0,1135.0,37.0,0
7.0,487.0,173.0,184.0,7.0,727.0,169.0,0
11.0,6590.0,134.0,71.0,6.0,415.0,110.0,0
15.0,546.0,252.0,111.0,4.0,1005.0,60.0,0
14.0,970.0,216.0,35.0,4.0,795.0,73.0,0
10.0,4505.0,35.0,159.0,1.0,630.0,75.0,0
3.0,738.0,37.0,148.0,6.0,675.0,229.0,1
17.0,7250.0,208.0,54.0,7.0,844.0,122.0,1
16.0,2463.0,58.0,80.0,5.0,740.0,179.0,0
9.0,44.0,128.0,258.0,7.0,840.0,305.0,0
15.0,186.0,175.0,251.0,7.0,1190.0,65.0,1
15.0,3073.0,243.0,202.0,7.0,720.0,85.0,0
5.0,1862.0,261.0,85.0,6.0,420.0,219.0,0
4.0,1645.0,58.0,135.0,3.0,1077.0,190.0,0
12.0,6631.0,208.0,184.0,6.0,638.0,42.0,1
5.0,72.0,16.0,148.0,4.0,745.0,145.0,0
15.0,378.0,244.0,75.0,5.0,1025.0,55.0,1
3.0,916.0,208.0,148.0,1.0,960.0,137.0,1
1.0,1523.0,208.0,253.0,7.0,1215.0,280.0,1
12.0,6541.0,29.0,79.0,6.0,798.0,102.0,0
15.0,1628.0,75.0,129.0,3.0,375.0,60.0,1
15.0,1691.0,45.0,22.0,4.0,930.0,70.0,1
8.0,192.0,16.0,78.0,1.0,1000.0,99.0,0
14.0,1579.0,216.0,60.0,6.0,1035.0,103.0,0
16.0,3092.0,135.0,172.0,7.0,715.0,108.0,1
3.0,22.0,148.0,273.0,5.0,1365.0,69.0,0
14.0,1230.0,60.0,85.0,4.0,995.0,114.0,0
15.0,1015.0,244.0,45.0,1.0,430.0,190.0,0
0.0,3681.0,85.0,82.0,6.0,1175.0,124.0,0
13.0,630.0,198.0,79.0,6.0,920.0,178.0,0
15.0,1827.0,207.0,202.0,4.0,1260.0,75.0,1
10.0,4208.0,45.0,208.0,4.0,1155.0,145.0,0
1.0,1309.0,80.0,253.0,4.0,830.0,235.0,1
5.0,2129.0,217.0,148.0,6.0,40.0,283.0,0
8.0,1260.0,104.0,157.0,6.0,916.0,128.0,1
14.0,511.0,217.0,205.0,3.0,605.0,165.0,0
5.0,2221.0,197.0,154.0,7.0,1310.0,236.0,1
8.0,953.0,104.0,45.0,5.0,631.0,145.0,0
5.0,1604.0,261.0,33.0,6.0,1030.0,193.0,0
17.0,2671.0,60.0,177.0,3.0,1052.0,110.0,0
13.0,608.0,208.0,78.0,4.0,596.0,111.0,0
1.0,342.0,80.0,22.0,4.0,750.0,195.0,0
6.0,5331.0,177.0,162.0,4.0,890.0,54.0,0
15.0,404.0,277.0,104.0,5.0,1180.0,55.0,0
10.0,4387.0,78.0,233.0,6.0,810.0,65.0,0
5.0,1267.0,85.0,18.0,3.0,740.0,202.0,0
6.0,7334.0,27.0,16.0,4.0,960.0,73.0,1
14.0,180.0,217.0,243.0,1.0,520.0,72.0,1
5.0,1217.0,85.0,153.0,3.0,1055.0,270.0,0
13.0,702.0,35.0,208.0,3.0,795.0,169.0,1
16.0,5900.0,208.0,71.0,1.0,895.0,69.0,1
15.0,3762.0,243.0,153.0,1.0,800.0,70.0,1
12.0,6458.0,154.0,280.0,4.0,1142.0,78.0,0
17.0,2986.0,217.0,244.0,5.0,959.0,122.0,0
6.0,4974.0,16.0,237.0,7.0,825.0,82.0,0
5.0,1618.0,173.0,16.0,4.0,450.0,110.0,0
5.0,1106.0,261.0,45.0,6.0,595.0,248.0,1
16.0,2766.0,158.0,135.0,6.0,950.0,62.0,0
10.0,3735.0,58.0,208.0,3.0,635.0,90.0,0
2.0,49.0,14.0,9.0,4.0,914.0,61.0,0
15.0,4.0,217.0,253.0,4.0,680.0,140.0,1
10.0,4590.0,197.0,159.0,7.0,375.0,164.0,0
12.0,6497.0,24.0,79.0,1.0,362.0,144.0,0
8.0,55.0,16.0,154.0,5.0,535.0,320.0,0
8.0,291.0,16.0,129.0,4.0,630.0,143.0,0
5.0,2671.0,78.0,173.0,7.0,839.0,139.0,0
6.0,4973.0,16.0,288.0,3.0,660.0,76.0,1
12.0,3044.0,221.0,184.0,7.0,1119.0,91.0,0
6.0,5035.0,290.0,16.0,6.0,996.0,110.0,0
3.0,1419.0,35.0,147.0,5.0,560.0,174.0,0
6.0,5231.0,16.0,47.0,4.0,1373.0,54.0,1
7.0,450.0,184.0,159.0,6.0,844.0,135.0,1
4.0,1426.0,96.0,243.0,1.0,1045.0,374.0,0
12.0,6872.0,79.0,217.0,4.0,620.0,124.0,0
5.0,2419.0,159.0,197.0,7.0,866.0,189.0,1
15.0,3670.0,243.0,258.0,6.0,1070.0,80.0,1
4.0,52.0,135.0,154.0,1.0,465.0,221.0,1
11.0,6405.0,16.0,54.0,3.0,498.0,77.0,1
14.0,1027.0,173.0,216.0,4.0,835.0,145.0,0
12.0,7052.0,83.0,79.0,1.0,362.0,76.0,0
15.0,2655.0,280.0,153.0,5.0,435.0,80.0,1
14.0,1029.0,60.0,183.0,1.0,865.0,120.0,0
10.0,3941.0,172.0,208.0,1.0,790.0,95.0,0
17.0,2937.0,60.0,268.0,7.0,679.0,120.0,0
15.0,244.0,154.0,253.0,7.0,1070.0,75.0,1
15.0,1815.0,173.0,18.0,4.0,710.0,175.0,1
15.0,861.0,154.0,202.0,4.0,1225.0,70.0,0
1.0,1788.0,80.0,233.0,6.0,665.0,145.0,0
5.0,2945.0,197.0,135.0,7.0,1020.0,181.0,1
14.0,1020.0,216.0,173.0,7.0,606.0,167.0,0
10.0,3325.0,84.0,80.0,7.0,360.0,130.0,0
14.0,578.0,253.0,217.0,5.0,360.0,111.0,0
16.0,2143.0,121.0,135.0,5.0,360.0,160.0,0
10.0,4282.0,208.0,22.0,4.0,490.0,130.0,1
9.0,235.0,203.0,128.0,7.0,1092.0,34.0,0
5.0,1192.0,262.0,261.0,4.0,385.0,103.0,0
13.0,505.0,172.0,79.0,5.0,1190.0,115.0,0
10.0,3776.0,198.0,208.0,4.0,450.0,145.0,0
8.0,691.0,267.0,16.0,1.0,674.0,96.0,0
11.0,6256.0,197.0,33.0,6.0,805.0,135.0,0
8.0,812.0,35.0,45.0,3.0,510.0,95.0,0
15.0,1107.0,162.0,268.0,1.0,390.0,70.0,1
5.0,2097.0,197.0,16.0,6.0,465.0,155.0,1
12.0,7050.0,110.0,79.0,7.0,788.0,92.0,1
12.0,4543.0,34.0,261.0,3.0,1050.0,73.0,0
15.0,2495.0,217.0,79.0,6.0,845.0,105.0,0
4.0,468.0,96.0,153.0,5.0,1125.0,346.0,1
12.0,6535.0,24.0,253.0,3.0,999.0,76.0,0
12.0,6417.0,154.0,263.0,3.0,621.0,50.0,0
1.0,1677.0,208.0,264.0,7.0,1125.0,260.0,1
13.0,788.0,253.0,35.0,6.0,680.0,344.0,0
1.0,2033.0,33.0,80.0,4.0,990.0,125.0,1
1.0,1230.0,252.0,80.0,7.0,1410.0,215.0,0
8.0,525.0,45.0,277.0,5.0,937.0,148.0,0
5.0,2486.0,16.0,159.0,7.0,940.0,134.0,0
4.0,159.0,78.0,135.0,4.0,1175.0,205.0,0
17.0,7306.0,273.0,134.0,7.0,618.0,77.0,0
4.0,629.0,79.0,96.0,6.0,765.0,225.0,1
15.0,1079.0,277.0,198.0,1.0,855.0,100.0,1
17.0,1055.0,203.0,128.0,4.0,845.0,32.0,0
15.0,1381.0,75.0,18.0,7.0,1065.0,55.0,1
10.0,4091.0,208.0,33.0,5.0,545.0,90.0,0
5.0,2962.0,154.0,148.0,7.0,1290.0,316.0,1
5.0,2445.0,71.0,153.0,4.0,1230.0,261.0,1
1.0,1461.0,173.0,80.0,3.0,415.0,185.0,1
6.0,5220.0,10.0,16.0,5.0,1007.0,107.0,0
5.0,2098.0,244.0,16.0,1.0,1052.0,137.0,1
9.0,101.0,143.0,128.0,4.0,383.0,49.0,0
11.0,6477.0,71.0,290.0,3.0,915.0,122.0,0
17.0,2821.0,160.0,217.0,7.0,405.0,87.0,0
16.0,5948.0,208.0,58.0,1.0,645.0,72.0,0
12.0,4832.0,261.0,196.0,1.0,919.0,88.0,0
0.0,4313.0,177.0,188.0,7.0,860.0,70.0,1
16.0,2768.0,58.0,12.0,5.0,755.0,73.0,0
14.0,490.0,217.0,79.0,1.0,955.0,105.0,0
15.0,1711.0,153.0,172.0,6.0,695.0,170.0,0
3.0,455.0,35.0,104.0,3.0,682.0,203.0,1
15.0,903.0,129.0,204.0,7.0,815.0,80.0,1
6.0,5261.0,33.0,177.0,1.0,450.0,70.0,0
14.0,2178.0,78.0,159.0,4.0,960.0,76.0,0
10.0,4110.0,174.0,208.0,6.0,450.0,145.0,0
15.0,2855.0,153.0,155.0,3.0,785.0,120.0,1
16.0,2227.0,268.0,135.0,4.0,870.0,118.0,0
3.0,1325.0,35.0,45.0,4.0,920.0,88.0,0
1.0,443.0,159.0,183.0,3.0,1100.0,205.0,1
12.0,4659.0,261.0,28.0,3.0,669.0,84.0,0
5.0,2210.0,80.0,16.0,5.0,1020.0,125.0,1
6.0,7357.0,268.0,177.0,3.0,1030.0,70.0,1
6.0,5256.0,278.0,85.0,1.0,450.0,115.0,0
15.0,313.0,58.0,175.0,1.0,1095.0,75.0,0
0.0,4230.0,85.0,25.0,7.0,630.0,85.0,0
17.0,2645.0,60.0,71.0,6.0,1073.0,91.0,0
0.0,3959.0,84.0,197.0,6.0,1020.0,70.0,0
3.0,1004.0,148.0,35.0,5.0,567.0,70.0,0
12.0,6381.0,119.0,208.0,7.0,903.0,67.0,1
6.0,5510.0,237.0,16.0,6.0,625.0,94.0,0
15.0,38.0,129.0,75.0,4.0,930.0,60.0,1
14.0,522.0,217.0,236.0,3.0,665.0,113.0,0
14.0,1415.0,238.0,60.0,4.0,505.0,129.0,0
3.0,547.0,96.0,213.0,4.0,1049.0,173.0,1
12.0,7779.0,261.0,255.0,4.0,1020.0,81.0,1
0.0,4103.0,238.0,16.0,7.0,1053.0,145.0,1
16.0,2088.0,170.0,135.0,7.0,649.0,82.0,1
3.0,553.0,96.0,241.0,7.0,489.0,195.0,0
12.0,4445.0,33.0,197.0,5.0,783.0,137.0,0
13.0,639.0,228.0,208.0,3.0,1026.0,165.0,0
0.0,3859.0,16.0,204.0,7.0,681.0,145.0,0
14.0,1704.0,60.0,22.0,6.0,1329.0,108.0,0
2.0,601.0,153.0,252.0,5.0,645.0,160.0,0
13.0,127.0,43.0,208.0,4.0,1045.0,116.0,0
16.0,2972.0,135.0,279.0,5.0,1180.0,93.0,0
17.0,2640.0,60.0,268.0,4.0,875.0,123.0,0
6.0,5248.0,275.0,16.0,7.0,616.0,70.0,0
2.0,742.0,252.0,16.0,5.0,560.0,289.0,0
10.0,2907.0,80.0,71.0,7.0,885.0,130.0,1
3.0,641.0,148.0,253.0,1.0,645.0,393.0,0
15.0,20.0,45.0,129.0,5.0,465.0,225.0,0
5.0,2605.0,197.0,253.0,3.0,1045.0,251.0,0
15.0,3394.0,172.0,104.0,1.0,1055.0,180.0,1
16.0,2004.0,45.0,96.0,4.0,601.0,59.0,0
12.0,4664.0,112.0,197.0,3.0,890.0,80.0,0
13.0,706.0,217.0,79.0,7.0,1078.0,111.0,0
1.0,1105.0,78.0,80.0,5.0,1160.0,215.0,0
17.0,2905.0,217.0,114.0,4.0,790.0,122.0,0
4.0,216.0,96.0,198.0,7.0,1200.0,214.0,1
12.0,6565.0,79.0,280.0,4.0,1107.0,118.0,0
8.0,425.0,223.0,16.0,1.0,669.0,62.0,0
5.0,2644.0,243.0,197.0,6.0,870.0,216.0,0
16.0,2474.0,135.0,33.0,3.0,930.0,113.0,0
10.0,3602.0,54.0,183.0,7.0,925.0,100.0,0
6.0,5229.0,135.0,177.0,5.0,980.0,99.0,0
4.0,1727.0,45.0,135.0,4.0,345.0,208.0,0
8.0,334.0,16.0,216.0,1.0,856.0,126.0,1
8.0,411.0,229.0,45.0,4.0,370.0,102.0,0
12.0,6699.0,79.0,91.0,5.0,1017.0,102.0,1
16.0,5898.0,208.0,237.0,6.0,825.0,95.0,1
5.0,1049.0,16.0,244.0,1.0,660.0,163.0,1
0.0,4269.0,162.0,85.0,7.0,1050.0,134.0,1
4.0,798.0,96.0,253.0,4.0,525.0,401.0,0
12.0,6443.0,204.0,154.0,5.0,658.0,192.0,0
16.0,2853.0,76.0,96.0,5.0,375.0,108.0,0
13.0,646.0,208.0,96.0,7.0,792.0,141.0,0
6.0,5424.0,16.0,48.0,3.0,660.0,107.0,1
4.0,1130.0,80.0,96.0,5.0,420.0,198.0,0
6.0,4981.0,121.0,16.0,5.0,990.0,61.0,0
1.0,1377.0,208.0,252.0,6.0,1265.0,260.0,1
10.0,3750.0,197.0,208.0,3.0,1175.0,90.0,1
1.0,1825.0,78.0,208.0,4.0,860.0,125.0,0
6.0,5513.0,177.0,180.0,5.0,860.0,65.0,0
14.0,939.0,197.0,217.0,1.0,455.0,223.0,1
15.0,1761.0,241.0,268.0,3.0,815.0,160.0,1
13.0,973.0,208.0,253.0,4.0,900.0,267.0,1
3.0,31.0,148.0,173.0,4.0,750.0,168.0,1
11.0,6606.0,71.0,85.0,3.0,1020.0,85.0,0
5.0,2167.0,85.0,208.0,1.0,920.0,81.0,1
5.0,1786.0,16.0,159.0,5.0,580.0,148.0,0
14.0,1785.0,33.0,60.0,4.0,475.0,75.0,0
17.0,2609.0,120.0,60.0,1.0,686.0,55.0,0
7.0,653.0,79.0,253.0,3.0,505.0,161.0,1
0.0,4261.0,197.0,112.0,6.0,690.0,70.0,0
10.0,4295.0,208.0,109.0,7.0,1260.0,55.0,0
15.0,1674.0,262.0,207.0,6.0,940.0,75.0,0
6.0,5278.0,16.0,27.0,1.0,870.0,52.0,1
5.0,2945.0,197.0,135.0,3.0,1020.0,181.0,0
6.0,5442.0,96.0,177.0,1.0,640.0,190.0,0
12.0,6275.0,111.0,252.0,6.0,880.0,72.0,0
1.0,2411.0,80.0,154.0,4.0,475.0,205.0,0
9.0,240.0,161.0,128.0,3.0,1060.0,30.0,0
15.0,9.0,75.0,129.0,5.0,540.0,60.0,0
5.0,2262.0,85.0,216.0,3.0,1055.0,118.0,1
15.0,1306.0,2.0,153.0,7.0,785.0,95.0,0
16.0,5943.0,208.0,218.0,4.0,1205.0,49.0,0
15.0,2378.0,153.0,202.0,6.0,1105.0,90.0,1
9.0,157.0,203.0,128.0,4.0,735.0,34.0,1
10.0,4448.0,78.0,148.0,7.0,360.0,70.0,0
4.0,358.0,135.0,78.0,1.0,660.0,167.0,0
15.0,824.0,104.0,216.0,3.0,535.0,170.0,1
16.0,2088.0,170.0,135.0,6.0,648.0,82.0,0
15.0,1753.0,173.0,61.0,5.0,850.0,135.0,1
15.0,1587.0,33.0,45.0,1.0,740.0,95.0,1
2.0,317.0,227.0,253.0,6.0,1050.0,91.0,0
7.0,531.0,79.0,175.0,5.0,700.0,135.0,0
3.0,1007.0,35.0,148.0,5.0,552.0,70.0,1
8.0,430.0,16.0,184.0,1.0,1075.0,126.0,1
15.0,981.0,44.0,202.0,3.0,1045.0,75.0,0
14.0,1509.0,60.0,217.0,4.0,681.0,278.0,1
17.0,7253.0,208.0,177.0,5.0,737.0,101.0,0
4.0,581.0,58.0,153.0,5.0,765.0,270.0,0
15.0,2616.0,184.0,172.0,5.0,1055.0,100.0,0
14.0,1878.0,216.0,35.0,3.0,975.0,85.0,1
0.0,4339.0,233.0,277.0,1.0,580.0,120.0,0
3.0,65.0,238.0,148.0,6.0,939.0,81.0,1
16.0,2885.0,135.0,65.0,6.0,550.0,136.0,0
11.0,6340.0,96.0,177.0,3.0,370.0,187.0,1
15.0,1026.0,228.0,173.0,4.0,465.0,190.0,0
7.0,327.0,35.0,184.0,7.0,1055.0,164.0,0
15.0,3252.0,261.0,252.0,4.0,790.0,130.0,0
0.0,3896.0,25.0,85.0,5.0,994.0,96.0,0
8.0,72.0,104.0,16.0,3.0,455.0,113.0,0
5.0,2155.0,16.0,154.0,7.0,1038.0,300.0,1
12.0,4784.0,261.0,197.0,7.0,1185.0,162.0,0
0.0,4245.0,85.0,134.0,1.0,1040.0,95.0,0
0.0,3664.0,85.0,58.0,7.0,1035.0,64.0,1
1.0,408.0,208.0,216.0,4.0,1130.0,115.0,0
15.0,10.0,75.0,13.0,5.0,585.0,70.0,1
15.0,2642.0,104.0,277.0,3.0,1220.0,60.0,1
11.0,6423.0,85.0,22.0,1.0,460.0,118.0,0
17.0,2946.0,280.0,217.0,5.0,1070.0,51.0,0
10.0,3533.0,80.0,58.0,3.0,465.0,150.0,1
10.0,4238.0,61.0,208.0,4.0,490.0,95.0,0
10.0,4261.0,279.0,208.0,6.0,880.0,115.0,1
5.0,2393.0,85.0,197.0,5.0,730.0,122.0,0
8.0,841.0,16.0,173.0,6.0,1250.0,86.0,1
14.0,1291.0,60.0,277.0,3.0,990.0,107.0,0
5.0,1093.0,16.0,134.0,4.0,435.0,100.0,0
15.0,1127.0,268.0,197.0,5.0,590.0,95.0,1
6.0,5435.0,188.0,16.0,4.0,360.0,98.0,0
8.0,1181.0,173.0,43.0,7.0,801.0,155.0,0
15.0,2692.0,175.0,214.0,7.0,530.0,280.0,1
12.0,4446.0,261.0,28.0,3.0,915.0,80.0,0
14.0,1621.0,96.0,60.0,4.0,780.0,118.0,0
1.0,552.0,253.0,183.0,5.0,360.0,315.0,0
5.0,1663.0,261.0,243.0,3.0,677.0,114.0,0
9.0,126.0,128.0,203.0,3.0,670.0,37.0,0
5.0,1488.0,197.0,216.0,1.0,615.0,152.0,0
5.0,1536.0,85.0,45.0,4.0,625.0,96.0,1
12.0,6866.0,208.0,16.0,3.0,990.0,115.0,1
15.0,591.0,153.0,202.0,7.0,1200.0,90.0,1
0.0,3716.0,247.0,197.0,1.0,420.0,99.0,1
16.0,3001.0,96.0,121.0,3.0,905.0,118.0,0
15.0,940.0,173.0,33.0,6.0,420.0,120.0,0
11.0,6365.0,17.0,85.0,1.0,972.0,78.0,0
4.0,697.0,135.0,153.0,5.0,885.0,207.0,0
15.0,1785.0,175.0,33.0,6.0,960.0,85.0,1
11.0,6381.0,148.0,35.0,3.0,1210.0,96.0,1
12.0,6974.0,230.0,79.0,4.0,480.0,76.0,0
7.0,130.0,79.0,80.0,4.0,635.0,112.0,0
6.0,5385.0,60.0,177.0,6.0,395.0,119.0,0
12.0,6747.0,253.0,262.0,3.0,574.0,43.0,0
15.0,1231.0,141.0,277.0,4.0,420.0,185.0,0
15.0,2290.0,154.0,153.0,4.0,1130.0,60.0,1
1.0,1518.0,252.0,80.0,4.0,655.0,235.0,0
2.0,611.0,153.0,252.0,6.0,950.0,162.0,0
15.0,1509.0,153.0,172.0,3.0,745.0,175.0,1
17.0,2771.0,217.0,246.0,4.0,1258.0,91.0,0
15.0,1644.0,277.0,228.0,6.0,1065.0,165.0,0
5.0,1023.0,16.0,267.0,6.0,821.0,92.0,1
15.0,2803.0,175.0,154.0,3.0,705.0,270.0,1
12.0,6983.0,100.0,153.0,3.0,1141.0,80.0,1
16.0,2958.0,58.0,182.0,7.0,1155.0,90.0,0
15.0,202.0,129.0,27.0,6.0,1060.0,90.0,1
9.0,102.0,128.0,143.0,3.0,305.0,49.0,0
15.0,838.0,79.0,217.0,1.0,1075.0,120.0,0
15.0,3846.0,268.0,279.0,5.0,1175.0,75.0,1
15.0,179.0,45.0,12.0,3.0,1235.0,70.0,1
16.0,2748.0,135.0,190.0,1.0,965.0,79.0,0
8.0,1411.0,48.0,241.0,5.0,425.0,174.0,1
12.0,6226.0,253.0,262.0,4.0,762.0,43.0,1
14.0,1452.0,60.0,148.0,7.0,565.0,115.0,0
6.0,5245.0,177.0,119.0,5.0,1140.0,101.0,0
0.0,3873.0,85.0,42.0,7.0,845.0,106.0,1
10.0,3334.0,80.0,114.0,5.0,605.0,135.0,0
5.0,1988.0,153.0,177.0,6.0,750.0,196.0,1
2.0,514.0,252.0,264.0,3.0,990.0,157.0,0
6.0,5339.0,16.0,41.0,7.0,555.0,100.0,0
1.0,521.0,183.0,79.0,7.0,945.0,265.0,0
5.0,1110.0,85.0,233.0,6.0,825.0,103.0,1
16.0,2337.0,121.0,96.0,4.0,405.0,107.0,0
4.0,350.0,96.0,18.0,5.0,390.0,260.0,0
1.0,543.0,208.0,227.0,6.0,600.0,265.0,1
15.0,11.0,75.0,129.0,3.0,570.0,60.0,1
16.0,5939.0,218.0,208.0,5.0,1102.0,58.0,1
12.0,4509.0,154.0,243.0,5.0,810.0,45.0,0
5.0,2318.0,173.0,16.0,1.0,810.0,96.0,0
5.0,2952.0,277.0,159.0,3.0,420.0,159.0,1
14.0,2131.0,35.0,159.0,3.0,840.0,77.0,1
16.0,2420.0,58.0,229.0,7.0,730.0,89.0,0
5.0,2389.0,85.0,197.0,3.0,514.0,126.0,0
14.0,1789.0,60.0,153.0,4.0,680.0,292.0,0
16.0,2954.0,135.0,190.0,7.0,1125.0,80.0,1
15.0,1574.0,153.0,45.0,1.0,1005.0,270.0,1
12.0,6988.0,65.0,79.0,6.0,848.0,40.0,1
6.0,5346.0,16.0,272.0,6.0,1076.0,136.0,0
12.0,4638.0,243.0,154.0,3.0,380.0,49.0,0
16.0,2611.0,58.0,251.0,7.0,1025.0,72.0,0
10.0,3390.0,129.0,80.0,7.0,895.0,70.0,1
15.0,1109.0,173.0,153.0,5.0,815.0,325.0,0
17.0,1025.0,150.0,128.0,6.0,845.0,40.0,0
11.0,6702.0,139.0,177.0,1.0,735.0,94.0,0
16.0,2426.0,208.0,96.0,5.0,660.0,127.0,0
2.0,626.0,214.0,153.0,7.0,530.0,128.0,0
16.0,2250.0,228.0,96.0,4.0,797.0,88.0,1
13.0,312.0,277.0,134.0,3.0,839.0,136.0,0
5.0,1112.0,221.0,16.0,7.0,345.0,131.0,0
13.0,673.0,159.0,208.0,5.0,600.0,160.0,0
4.0,111.0,96.0,58.0,4.0,1050.0,100.0,0
5.0,2223.0,14.0,261.0,7.0,85.0,270.0,0
14.0,1838.0,233.0,216.0,3.0,535.0,80.0,0
6.0,5052.0,16.0,201.0,5.0,1241.0,85.0,1
13.0,563.0,216.0,208.0,3.0,999.0,147.0,1
12.0,6942.0,79.0,65.0,4.0,676.0,38.0,1
5.0,441.0,35.0,197.0,7.0,495.0,205.0,0
15.0,2406.0,197.0,175.0,6.0,515.0,95.0,1
6.0,4965.0,16.0,251.0,5.0,725.0,80.0,0
15.0,636.0,264.0,202.0,4.0,875.0,85.0,1
1.0,1557.0,35.0,208.0,5.0,755.0,170.0,0
5.0,2422.0,183.0,197.0,5.0,785.0,231.0,1
5.0,2946.0,135.0,197.0,1.0,395.0,165.0,0
8.0,796.0,268.0,16.0,5.0,410.0,105.0,0
5.0,1082.0,16.0,85.0,5.0,772.0,123.0,0
1.0,1707.0,153.0,154.0,5.0,985.0,70.0,0
2.0,618.0,252.0,153.0,7.0,945.0,146.0,0
3.0,46.0,173.0,148.0,4.0,638.0,142.0,0
15.0,1113.0,159.0,175.0,5.0,795.0,155.0,0
15.0,1472.0,79.0,154.0,4.0,380.0,155.0,0
1.0,161.0,154.0,203.0,3.0,1035.0,360.0,0
10.0,2828.0,288.0,80.0,5.0,625.0,135.0,0
0.0,3711.0,229.0,85.0,7.0,741.0,142.0,0
4.0,269.0,253.0,135.0,4.0,15.0,205.0,1
10.0,3303.0,80.0,187.0,7.0,1115.0,115.0,0
6.0,5055.0,16.0,53.0,6.0,1233.0,91.0,0
15.0,3853.0,228.0,277.0,1.0,540.0,200.0,0
15.0,20.0,155.0,153.0,1.0,835.0,140.0,1
12.0,6485.0,227.0,253.0,3.0,1224.0,91.0,0
4.0,315.0,37.0,96.0,1.0,165.0,246.0,0
16.0,3017.0,288.0,135.0,5.0,390.0,114.0,0
15.0,858.0,175.0,153.0,4.0,1255.0,250.0,1
12.0,4699.0,195.0,197.0,6.0,540.0,72.0,0
12.0,6325.0,243.0,154.0,6.0,750.0,43.0,0
5.0,155.0,148.0,104.0,3.0,930.0,205.0,1
14.0,1890.0,60.0,96.0,1.0,1090.0,118.0,1
5.0,2469.0,16.0,173.0,7.0,845.0,91.0,0
12.0,4618.0,79.0,261.0,1.0,955.0,89.0,0
12.0,6748.0,57.0,154.0,5.0,1028.0,39.0,0
3.0,1247.0,35.0,60.0,5.0,1170.0,143.0,0
5.0,2267.0,22.0,16.0,3.0,1087.0,168.0,1
10.0,2841.0,80.0,84.0,7.0,555.0,110.0,0
15.0,175.0,277.0,172.0,7.0,625.0,175.0,0
4.0,1548.0,135.0,104.0,5.0,805.0,144.0,0
4.0,1597.0,135.0,207.0,3.0,1270.0,212.0,1
15.0,290.0,2.0,155.0,6.0,1155.0,55.0,1
5.0,2385.0,35.0,71.0,7.0,382.0,143.0,1
3.0,117.0,148.0,198.0,6.0,415.0,204.0,0
1.0,1578.0,80.0,268.0,6.0,865.0,95.0,0
10.0,3731.0,208.0,197.0,7.0,1350.0,85.0,1
15.0,3105.0,264.0,253.0,6.0,775.0,85.0,1
15.0,1857.0,175.0,261.0,6.0,605.0,215.0,1
15.0,2354.0,173.0,45.0,6.0,555.0,130.0,1
1.0,185.0,148.0,154.0,7.0,1260.0,380.0,1
6.0,5318.0,16.0,157.0,6.0,1305.0,80.0,1
2.0,153.0,211.0,206.0,5.0,1177.0,45.0,0
10.0,4403.0,148.0,233.0,5.0,895.0,110.0,0
0.0,4015.0,221.0,85.0,4.0,1036.0,84.0,1
16.0,2047.0,80.0,135.0,4.0,990.0,65.0,0
7.0,787.0,79.0,153.0,3.0,1005.0,114.0,0
15.0,570.0,253.0,243.0,4.0,1260.0,85.0,1
15.0,4.0,75.0,91.0,4.0,505.0,110.0,1
6.0,4947.0,27.0,16.0,1.0,720.0,83.0,1
16.0,2064.0,135.0,139.0,1.0,615.0,126.0,1
8.0,143.0,85.0,16.0,6.0,360.0,135.0,0
1.0,580.0,79.0,208.0,3.0,1030.0,145.0,0
15.0,2528.0,173.0,221.0,1.0,620.0,135.0,1
6.0,5581.0,118.0,16.0,4.0,405.0,134.0,0
3.0,576.0,173.0,272.0,5.0,705.0,155.0,0
1.0,2527.0,27.0,80.0,4.0,715.0,130.0,0
15.0,1589.0,252.0,202.0,5.0,1055.0,125.0,1
2.0,677.0,79.0,252.0,7.0,480.0,175.0,0
16.0,2428.0,155.0,135.0,5.0,975.0,95.0,0
6.0,5488.0,115.0,16.0,3.0,505.0,86.0,0
10.0,2898.0,80.0,1.0,7.0,580.0,50.0,0
13.0,71.0,148.0,154.0,3.0,530.0,380.0,1
3.0,698.0,104.0,78.0,5.0,684.0,136.0,0
5.0,2949.0,85.0,252.0,4.0,920.0,300.0,0
1.0,1923.0,253.0,154.0,3.0,755.0,85.0,0
14.0,1909.0,159.0,60.0,7.0,785.0,122.0,0
14.0,985.0,198.0,60.0,4.0,360.0,108.0,1
15.0,1976.0,139.0,172.0,4.0,975.0,100.0,1
6.0,7374.0,85.0,35.0,4.0,1180.0,118.0,1
10.0,3270.0,80.0,190.0,1.0,780.0,95.0,0
5.0,2998.0,214.0,148.0,3.0,400.0,319.0,0
10.0,4132.0,208.0,172.0,3.0,420.0,90.0,1
15.0,851.0,153.0,154.0,1.0,935.0,65.0,1
7.0,322.0,184.0,78.0,5.0,871.0,108.0,0
5.0,2070.0,54.0,16.0,4.0,836.0,80.0,0
10.0,3033.0,154.0,246.0,7.0,630.0,40.0,0
16.0,2499.0,135.0,2.0,3.0,785.0,130.0,0
12.0,6261.0,79.0,279.0,7.0,768.0,98.0,1
15.0,258.0,153.0,154.0,3.0,1045.0,70.0,0
1.0,742.0,80.0,159.0,7.0,985.0,205.0,1
3.0,63.0,148.0,277.0,4.0,360.0,176.0,1
5.0,2877.0,208.0,16.0,1.0,742.0,123.0,1
12.0,7005.0,119.0,208.0,7.0,784.0,59.0,1
15.0,1546.0,243.0,153.0,3.0,520.0,70.0,1
14.0,317.0,258.0,217.0,6.0,592.0,107.0,0
5.0,2564.0,71.0,148.0,4.0,920.0,132.0,1
6.0,4967.0,16.0,32.0,5.0,1045.0,106.0,0
15.0,1521.0,214.0,79.0,6.0,735.0,145.0,0
14.0,1810.0,241.0,60.0,5.0,900.0,112.0,1
6.0,5283.0,16.0,138.0,3.0,885.0,78.0,1
5.0,1103.0,148.0,261.0,7.0,420.0,342.0,1
12.0,4543.0,261.0,204.0,4.0,1200.0,135.0,1
5.0,1557.0,85.0,172.0,6.0,1191.0,134.0,0
14.0,742.0,104.0,216.0,6.0,840.0,164.0,0
8.0,1078.0,173.0,130.0,1.0,650.0,152.0,0
1.0,284.0,128.0,154.0,1.0,960.0,310.0,0
14.0,1822.0,60.0,35.0,6.0,695.0,122.0,0
13.0,191.0,173.0,208.0,3.0,662.0,176.0,0
15.0,3684.0,244.0,79.0,1.0,370.0,145.0,0
2.0,73.0,149.0,14.0,1.0,455.0,107.0,0
6.0,5277.0,85.0,147.0,1.0,925.0,144.0,1
8.0,1581.0,30.0,16.0,5.0,704.0,94.0,0
5.0,2058.0,173.0,148.0,4.0,1125.0,156.0,1
12.0,7025.0,16.0,134.0,4.0,584.0,115.0,1
6.0,4962.0,138.0,16.0,3.0,828.0,95.0,1
14.0,256.0,154.0,217.0,3.0,755.0,81.0,0
10.0,2937.0,80.0,10.0,5.0,1195.0,65.0,0
1.0,1264.0,79.0,80.0,1.0,440.0,125.0,0
15.0,996.0,280.0,153.0,5.0,635.0,80.0,1
15.0,1931.0,268.0,75.0,3.0,1015.0,105.0,1
16.0,2231.0,146.0,135.0,3.0,360.0,77.0,1
3.0,118.0,198.0,148.0,5.0,610.0,164.0,0
15.0,324.0,172.0,175.0,5.0,795.0,80.0,1
15.0,5.0,198.0,173.0,3.0,655.0,95.0,0
8.0,189.0,78.0,16.0,5.0,761.0,123.0,0
10.0,4514.0,148.0,78.0,1.0,785.0,85.0,1
8.0,147.0,85.0,16.0,6.0,693.0,123.0,0
14.0,1626.0,60.0,159.0,4.0,375.0,100.0,1
1.0,389.0,80.0,2.0,1.0,1055.0,110.0,0
8.0,767.0,213.0,16.0,7.0,465.0,115.0,0
5.0,2903.0,71.0,173.0,4.0,670.0,130.0,0
12.0,4881.0,184.0,177.0,4.0,390.0,115.0,0
10.0,2731.0,71.0,80.0,3.0,360.0,165.0,0
12.0,7806.0,261.0,64.0,1.0,669.0,89.0,0
4.0,408.0,135.0,96.0,3.0,470.0,206.0,0
1.0,1763.0,183.0,208.0,4.0,800.0,200.0,0
14.0,577.0,277.0,217.0,5.0,1050.0,278.0,0
15.0,40.0,173.0,87.0,1.0,765.0,75.0,1
0.0,4037.0,22.0,148.0,7.0,780.0,75.0,0
5.0,1696.0,16.0,22.0,5.0,577.0,150.0,0
14.0,634.0,217.0,221.0,4.0,965.0,229.0,0
5.0,1494.0,16.0,216.0,6.0,515.0,135.0,0
5.0,2303.0,85.0,104.0,4.0,520.0,180.0,1
1.0,1551.0,159.0,33.0,5.0,1135.0,155.0,0
15.0,822.0,45.0,175.0,7.0,1045.0,125.0,1
15.0,778.0,175.0,205.0,4.0,440.0,90.0,0
4.0,1406.0,104.0,135.0,1.0,540.0,164.0,1
6.0,5205.0,251.0,16.0,6.0,830.0,94.0,0
6.0,5222.0,16.0,41.0,5.0,1310.0,98.0,0
11.0,6611.0,177.0,205.0,5.0,555.0,119.0,0
13.0,977.0,134.0,79.0,5.0,499.0,255.0,1
6.0,5540.0,256.0,16.0,4.0,732.0,103.0,0
14.0,1118.0,60.0,229.0,7.0,1090.0,129.0,0
1.0,1241.0,80.0,79.0,3.0,610.0,125.0,0
0.0,4223.0,85.0,109.0,4.0,1055.0,58.0,1
8.0,931.0,147.0,16.0,4.0,400.0,77.0,0
8.0,511.0,80.0,184.0,7.0,941.0,135.0,0
13.0,699.0,134.0,260.0,1.0,498.0,222.0,1
16.0,2362.0,234.0,58.0,3.0,1110.0,82.0,0
5.0,2014.0,71.0,159.0,6.0,980.0,116.0,0
12.0,4682.0,258.0,261.0,4.0,370.0,112.0,0
0.0,3986.0,197.0,139.0,6.0,800.0,111.0,1
12.0,6498.0,154.0,280.0,5.0,976.0,78.0,0
5.0,431.0,16.0,60.0,4.0,970.0,80.0,0
1.0,2333.0,208.0,80.0,3.0,880.0,155.0,1
2.0,75.0,252.0,149.0,7.0,650.0,155.0,0
8.0,820.0,35.0,45.0,3.0,630.0,90.0,1
5.0,1400.0,16.0,35.0,5.0,905.0,155.0,0
13.0,243.0,197.0,79.0,4.0,373.0,139.0,0
13.0,687.0,159.0,208.0,5.0,961.0,165.0,0
14.0,1990.0,60.0,139.0,5.0,890.0,105.0,0
1.0,716.0,208.0,173.0,4.0,420.0,155.0,0
13.0,224.0,134.0,22.0,6.0,526.0,82.0,0
15.0,115.0,261.0,111.0,3.0,1040.0,115.0,1
12.0,6627.0,195.0,79.0,3.0,619.0,168.0,1
5.0,2524.0,128.0,16.0,4.0,1060.0,515.0,1
15.0,1383.0,214.0,111.0,5.0,470.0,60.0,0
15.0,384.0,175.0,134.0,3.0,630.0,105.0,1
16.0,2265.0,41.0,135.0,5.0,589.0,69.0,0
14.0,35.0,217.0,154.0,4.0,1270.0,87.0,1
17.0,2628.0,60.0,85.0,7.0,880.0,110.0,0
6.0,5227.0,16.0,87.0,3.0,1140.0,69.0,0
14.0,48.0,78.0,153.0,4.0,510.0,324.0,0
15.0,3101.0,268.0,154.0,5.0,690.0,250.0,1
6.0,5363.0,16.0,87.0,3.0,1290.0,64.0,1
10.0,2953.0,13.0,80.0,4.0,490.0,70.0,0
15.0,2672.0,268.0,33.0,7.0,600.0,65.0,0
10.0,3670.0,275.0,183.0,5.0,775.0,85.0,0
17.0,2807.0,217.0,264.0,1.0,570.0,79.0,0
0.0,4260.0,233.0,35.0,1.0,550.0,123.0,1
16.0,2640.0,96.0,119.0,7.0,929.0,125.0,1
16.0,5919.0,58.0,134.0,5.0,360.0,75.0,0
6.0,4982.0,118.0,16.0,5.0,724.0,134.0,0
5.0,1304.0,60.0,197.0,1.0,676.0,178.0,1
3.0,1108.0,233.0,148.0,1.0,930.0,92.0,0
6.0,5204.0,254.0,16.0,3.0,603.0,107.0,0
12.0,6765.0,46.0,79.0,5.0,826.0,104.0,1
12.0,6917.0,6.0,262.0,4.0,330.0,65.0,0
14.0,1059.0,244.0,60.0,3.0,420.0,160.0,0
15.0,1472.0,154.0,217.0,3.0,505.0,75.0,0
16.0,2886.0,13.0,135.0,1.0,989.0,99.0,0
16.0,3062.0,135.0,147.0,7.0,595.0,111.0,1
15.0,118.0,207.0,217.0,7.0,600.0,65.0,1
3.0,128.0,148.0,42.0,5.0,1360.0,73.0,0
17.0,2607.0,174.0,60.0,6.0,425.0,102.0,0
4.0,467.0,135.0,252.0,5.0,1260.0,284.0,1
16.0,3007.0,134.0,135.0,5.0,740.0,206.0,0
4.0,427.0,243.0,96.0,6.0,840.0,306.0,0
5.0,1099.0,22.0,173.0,6.0,450.0,182.0,0
5.0,2369.0,16.0,173.0,5.0,780.0,87.0,1
15.0,730.0,33.0,18.0,6.0,855.0,140.0,0
12.0,6990.0,218.0,79.0,1.0,524.0,157.0,0
15.0,474.0,33.0,153.0,3.0,865.0,260.0,1
5.0,2830.0,79.0,197.0,1.0,660.0,115.0,0
1.0,1808.0,183.0,79.0,3.0,1235.0,270.0,1
15.0,2293.0,141.0,104.0,6.0,675.0,185.0,1
12.0,4766.0,153.0,261.0,6.0,650.0,88.0,0
15.0,125.0,217.0,79.0,7.0,385.0,105.0,0
13.0,202.0,253.0,154.0,6.0,480.0,95.0,0
9.0,383.0,143.0,128.0,1.0,673.0,49.0,0
0.0,3705.0,26.0,85.0,4.0,504.0,156.0,1
13.0,210.0,154.0,134.0,1.0,989.0,286.0,0
11.0,6302.0,71.0,35.0,3.0,450.0,130.0,0
10.0,4305.0,208.0,139.0,6.0,1170.0,60.0,1
8.0,144.0,16.0,85.0,4.0,1325.0,114.0,0
0.0,4209.0,177.0,116.0,3.0,875.0,79.0,0
15.0,907.0,244.0,45.0,4.0,650.0,190.0,1
5.0,1795.0,16.0,264.0,1.0,655.0,305.0,0
15.0,620.0,153.0,147.0,6.0,930.0,245.0,1
10.0,2726.0,80.0,41.0,4.0,720.0,80.0,0
4.0,1611.0,96.0,135.0,3.0,1245.0,244.0,1
1.0,2470.0,154.0,80.0,6.0,1140.0,165.0,1
15.0,1279.0,217.0,45.0,4.0,410.0,255.0,0
0.0,3879.0,16.0,109.0,7.0,788.0,95.0,1
14.0,1294.0,216.0,60.0,1.0,605.0,121.0,0
12.0,6417.0,154.0,263.0,4.0,621.0,50.0,0
14.0,1568.0,60.0,260.0,7.0,705.0,221.0,0
11.0,6338.0,120.0,16.0,1.0,315.0,93.0,0
15.0,2004.0,173.0,45.0,4.0,485.0,130.0,0
13.0,341.0,234.0,208.0,6.0,455.0,130.0,1
16.0,2593.0,135.0,205.0,3.0,800.0,128.0,0
11.0,6484.0,16.0,120.0,3.0,1319.0,90.0,0
15.0,524.0,172.0,139.0,4.0,520.0,80.0,1
14.0,952.0,104.0,216.0,4.0,360.0,157.0,0
16.0,5925.0,107.0,208.0,5.0,786.0,96.0,1
12.0,6351.0,79.0,232.0,3.0,1095.0,156.0,0
6.0,5506.0,180.0,16.0,5.0,950.0,64.0,0
13.0,45.0,154.0,203.0,3.0,515.0,344.0,1
16.0,5908.0,208.0,223.0,3.0,831.0,140.0,1
16.0,3089.0,60.0,58.0,4.0,850.0,90.0,0
12.0,6897.0,208.0,130.0,4.0,1257.0,122.0,0
13.0,962.0,79.0,264.0,5.0,1150.0,151.0,0
11.0,6306.0,134.0,85.0,7.0,745.0,119.0,0
6.0,5530.0,16.0,123.0,5.0,620.0,82.0,0
7.0,148.0,79.0,129.0,4.0,1150.0,137.0,0
3.0,348.0,267.0,148.0,6.0,1036.0,164.0,0
13.0,514.0,217.0,208.0,4.0,954.0,209.0,0
1.0,1140.0,244.0,80.0,3.0,360.0,65.0,0
6.0,5522.0,136.0,16.0,1.0,400.0,129.0,0
2.0,307.0,227.0,253.0,6.0,420.0,86.0,0
15.0,1115.0,175.0,197.0,3.0,565.0,85.0,1
15.0,618.0,45.0,33.0,7.0,545.0,120.0,0
15.0,9.0,129.0,198.0,5.0,620.0,60.0,0
3.0,921.0,35.0,208.0,6.0,390.0,169.0,1
5.0,1515.0,106.0,16.0,1.0,700.0,134.0,1
9.0,194.0,128.0,203.0,6.0,1075.0,37.0,0
0.0,3837.0,85.0,157.0,3.0,925.0,79.0,1
5.0,1440.0,16.0,221.0,5.0,649.0,101.0,0
13.0,532.0,79.0,208.0,3.0,360.0,141.0,0
10.0,3312.0,266.0,80.0,4.0,575.0,45.0,0
1.0,1767.0,80.0,227.0,6.0,770.0,190.0,0
3.0,83.0,148.0,252.0,1.0,795.0,374.0,0
14.0,2169.0,159.0,78.0,4.0,600.0,77.0,0
13.0,947.0,134.0,173.0,3.0,1055.0,145.0,0
13.0,230.0,153.0,79.0,4.0,915.0,117.0,0
12.0,6551.0,84.0,208.0,7.0,1135.0,80.0,1
5.0,2352.0,213.0,16.0,3.0,886.0,113.0,0
15.0,1710.0,217.0,268.0,5.0,1090.0,175.0,1
12.0,6425.0,244.0,79.0,1.0,946.0,131.0,0
1.0,405.0,134.0,80.0,6.0,765.0,205.0,0
0.0,4019.0,18.0,177.0,7.0,970.0,106.0,0
6.0,5511.0,16.0,116.0,3.0,1295.0,83.0,0
14.0,367.0,78.0,217.0,7.0,630.0,309.0,0
8.0,673.0,184.0,173.0,7.0,1130.0,164.0,0
14.0,1852.0,60.0,45.0,3.0,475.0,81.0,0
15.0,1217.0,202.0,154.0,4.0,450.0,75.0,1
15.0,2716.0,175.0,134.0,3.0,420.0,105.0,0
15.0,3507.0,258.0,154.0,7.0,610.0,70.0,1
8.0,18.0,45.0,260.0,1.0,645.0,250.0,0
8.0,785.0,173.0,215.0,6.0,948.0,102.0,1
10.0,4174.0,43.0,208.0,1.0,390.0,120.0,0
13.0,726.0,79.0,197.0,5.0,1236.0,122.0,1
15.0,2480.0,217.0,182.0,6.0,810.0,285.0,0
15.0,1669.0,155.0,2.0,5.0,450.0,65.0,0
2.0,867.0,252.0,203.0,3.0,985.0,369.0,0
10.0,3026.0,194.0,154.0,6.0,405.0,70.0,0
5.0,1459.0,71.0,79.0,6.0,560.0,197.0,0
16.0,3033.0,135.0,13.0,1.0,860.0,96.0,0
2.0,70.0,149.0,257.0,6.0,1335.0,42.0,0
9.0,208.0,128.0,150.0,7.0,656.0,43.0,0
15.0,32.0,129.0,75.0,4.0,840.0,55.0,0
7.0,320.0,184.0,78.0,5.0,495.0,110.0,0
16.0,2298.0,135.0,139.0,7.0,930.0,130.0,0
17.0,7280.0,42.0,208.0,3.0,1005.0,154.0,1
14.0,528.0,268.0,217.0,5.0,1070.0,209.0,0
1.0,1802.0,244.0,80.0,6.0,1005.0,70.0,0
5.0,1169.0,104.0,154.0,1.0,445.0,350.0,0
1.0,1144.0,208.0,268.0,1.0,995.0,70.0,0
14.0,542.0,217.0,80.0,6.0,603.0,149.0,0
12.0,4625.0,261.0,280.0,7.0,1010.0,106.0,0
0.0,4234.0,175.0,85.0,5.0,530.0,79.0,1
14.0,199.0,243.0,60.0,4.0,1355.0,255.0,0
14.0,1831.0,80.0,60.0,5.0,425.0,147.0,0
15.0,2640.0,153.0,262.0,1.0,925.0,90.0,1
12.0,4561.0,261.0,258.0,6.0,905.0,114.0,0
13.0,35.0,253.0,203.0,3.0,562.0,315.0,0
17.0,2762.0,217.0,244.0,3.0,595.0,141.0,1
15.0,2092.0,172.0,268.0,3.0,600.0,60.0,0
8.0,368.0,16.0,159.0,1.0,620.0,134.0,0
11.0,6447.0,71.0,133.0,4.0,1250.0,47.0,0
8.0,597.0,238.0,16.0,7.0,1076.0,139.0,0
1.0,1506.0,183.0,35.0,5.0,820.0,185.0,0
1.0,2324.0,80.0,208.0,4.0,445.0,140.0,0
14.0,1981.0,78.0,277.0,1.0,605.0,146.0,0
15.0,200.0,258.0,207.0,3.0,695.0,65.0,0
6.0,7109.0,132.0,134.0,5.0,675.0,105.0,0
3.0,916.0,208.0,148.0,3.0,960.0,137.0,1
10.0,4260.0,45.0,208.0,3.0,360.0,140.0,0
5.0,1409.0,228.0,197.0,6.0,475.0,198.0,0
4.0,1548.0,135.0,104.0,6.0,825.0,139.0,1
14.0,1566.0,198.0,60.0,1.0,665.0,106.0,1
16.0,5921.0,208.0,107.0,7.0,1260.0,94.0,0
1.0,1049.0,45.0,183.0,4.0,930.0,175.0,0
17.0,2734.0,217.0,160.0,4.0,1068.0,80.0,0
17.0,2778.0,217.0,227.0,6.0,1095.0,71.0,0
5.0,1631.0,78.0,177.0,4.0,1040.0,150.0,1
15.0,2410.0,175.0,159.0,6.0,870.0,120.0,1
15.0,300.0,153.0,79.0,1.0,745.0,115.0,1
6.0,5336.0,16.0,121.0,5.0,977.0,58.0,1
1.0,2464.0,80.0,204.0,7.0,875.0,55.0,0
6.0,7079.0,134.0,85.0,7.0,747.0,96.0,1
5.0,1527.0,16.0,104.0,6.0,1035.0,113.0,0
13.0,110.0,208.0,153.0,6.0,1220.0,254.0,1
1.0,728.0,153.0,80.0,3.0,425.0,160.0,0
5.0,730.0,54.0,16.0,5.0,1085.0,85.0,0
5.0,1140.0,16.0,139.0,3.0,1130.0,96.0,1
15.0,938.0,217.0,154.0,3.0,990.0,80.0,1
15.0,864.0,79.0,243.0,7.0,1300.0,145.0,0
6.0,4969.0,180.0,16.0,3.0,450.0,65.0,0
16.0,3030.0,68.0,135.0,4.0,390.0,59.0,0
4.0,1648.0,135.0,104.0,7.0,960.0,144.0,1
10.0,4152.0,21.0,208.0,5.0,370.0,60.0,0
5.0,2749.0,16.0,253.0,7.0,1055.0,325.0,1
15.0,2551.0,277.0,216.0,6.0,475.0,150.0,0
15.0,237.0,236.0,261.0,5.0,565.0,80.0,1
5.0,2259.0,22.0,197.0,5.0,495.0,190.0,0
2.0,478.0,252.0,154.0,7.0,1185.0,155.0,1
7.0,787.0,79.0,153.0,6.0,1005.0,114.0,0
5.0,2750.0,252.0,261.0,1.0,1080.0,112.0,0
5.0,1424.0,16.0,45.0,1.0,820.0,105.0,0
5.0,2118.0,173.0,16.0,1.0,630.0,89.0,0
5.0,2050.0,172.0,177.0,5.0,985.0,84.0,0
15.0,1636.0,204.0,45.0,7.0,525.0,165.0,0
10.0,4226.0,77.0,208.0,7.0,1040.0,60.0,0
11.0,6776.0,173.0,233.0,3.0,845.0,105.0,0
15.0,126.0,18.0,104.0,3.0,840.0,155.0,1
16.0,5936.0,208.0,17.0,1.0,485.0,50.0,0
15.0,2573.0,79.0,216.0,6.0,945.0,210.0,0
12.0,6330.0,253.0,224.0,4.0,567.0,113.0,0
16.0,3113.0,205.0,96.0,5.0,988.0,172.0,0
15.0,1843.0,207.0,262.0,3.0,780.0,80.0,1
5.0,2689.0,261.0,197.0,7.0,645.0,158.0,1
15.0,843.0,45.0,268.0,1.0,650.0,145.0,1
15.0,2631.0,277.0,153.0,4.0,975.0,310.0,1
5.0,2864.0,173.0,177.0,1.0,446.0,129.0,0
13.0,543.0,35.0,208.0,3.0,1045.0,172.0,1
5.0,104.0,16.0,85.0,7.0,445.0,118.0,1
5.0,2136.0,80.0,197.0,5.0,1086.0,147.0,1
5.0,2646.0,217.0,16.0,3.0,420.0,208.0,0
17.0,2639.0,134.0,60.0,7.0,1187.0,104.0,1
13.0,369.0,79.0,214.0,1.0,705.0,178.0,1
15.0,3054.0,104.0,45.0,1.0,480.0,150.0,1
12.0,6642.0,191.0,253.0,4.0,352.0,38.0,0
8.0,1121.0,104.0,139.0,1.0,758.0,166.0,1
13.0,554.0,243.0,134.0,3.0,780.0,290.0,1
5.0,2755.0,71.0,277.0,3.0,670.0,123.0,0
5.0,2716.0,71.0,159.0,5.0,1140.0,120.0,0
12.0,6919.0,208.0,82.0,6.0,804.0,87.0,0
10.0,4585.0,159.0,60.0,6.0,810.0,120.0,0
14.0,1792.0,60.0,177.0,1.0,680.0,108.0,0
3.0,904.0,148.0,35.0,6.0,774.0,64.0,1
5.0,2179.0,78.0,261.0,7.0,1050.0,295.0,0
15.0,1052.0,153.0,205.0,5.0,985.0,160.0,1
1.0,1825.0,78.0,208.0,7.0,860.0,125.0,0
12.0,6723.0,18.0,253.0,4.0,455.0,238.0,0
17.0,7271.0,221.0,134.0,1.0,615.0,62.0,0
14.0,302.0,217.0,60.0,3.0,570.0,230.0,0
10.0,4144.0,208.0,62.0,1.0,995.0,50.0,0
17.0,2652.0,138.0,60.0,4.0,770.0,66.0,0
6.0,7068.0,121.0,134.0,7.0,1168.0,80.0,0
14.0,48.0,78.0,153.0,3.0,510.0,324.0,0
8.0,791.0,16.0,268.0,3.0,937.0,105.0,0
14.0,1564.0,104.0,216.0,1.0,985.0,162.0,0
15.0,102.0,2.0,129.0,7.0,1165.0,115.0,1
1.0,1160.0,153.0,80.0,7.0,50.0,145.0,0
12.0,6616.0,83.0,79.0,7.0,942.0,60.0,0
15.0,2712.0,134.0,175.0,4.0,1040.0,130.0,1
1.0,656.0,80.0,45.0,3.0,1275.0,160.0,1
6.0,5341.0,16.0,132.0,5.0,980.0,63.0,1
14.0,92.0,197.0,217.0,5.0,880.0,204.0,0
5.0,1208.0,261.0,71.0,7.0,838.0,203.0,1
12.0,6521.0,154.0,258.0,5.0,1335.0,69.0,0
14.0,1120.0,173.0,60.0,1.0,623.0,96.0,0
5.0,1569.0,234.0,16.0,4.0,738.0,111.0,1
4.0,239.0,183.0,96.0,3.0,425.0,170.0,1
5.0,1838.0,245.0,16.0,4.0,918.0,75.0,0
2.0,5.0,78.0,154.0,3.0,550.0,354.0,1
15.0,1440.0,243.0,153.0,5.0,1230.0,70.0,1
15.0,1217.0,129.0,277.0,4.0,890.0,120.0,1
11.0,6543.0,159.0,27.0,4.0,720.0,181.0,1
15.0,1252.0,173.0,244.0,7.0,920.0,185.0,1
5.0,2094.0,16.0,54.0,3.0,578.0,82.0,0
12.0,6822.0,253.0,231.0,3.0,712.0,69.0,0
5.0,1470.0,16.0,60.0,5.0,1365.0,65.0,0
5.0,2091.0,16.0,277.0,4.0,665.0,92.0,0
16.0,2620.0,136.0,135.0,4.0,666.0,104.0,1
13.0,464.0,214.0,208.0,5.0,802.0,238.0,0
10.0,3243.0,80.0,146.0,7.0,1355.0,75.0,1
12.0,4548.0,205.0,197.0,7.0,550.0,75.0,0
15.0,1451.0,154.0,217.0,3.0,790.0,75.0,1
12.0,4501.0,117.0,197.0,6.0,916.0,69.0,1
5.0,2692.0,217.0,197.0,3.0,1140.0,189.0,0
0.0,3769.0,148.0,234.0,6.0,970.0,118.0,0
15.0,606.0,233.0,216.0,5.0,490.0,80.0,0
16.0,5944.0,208.0,223.0,1.0,831.0,140.0,0
10.0,2949.0,80.0,285.0,1.0,760.0,120.0,1
12.0,6971.0,79.0,280.0,5.0,842.0,118.0,0
15.0,1714.0,268.0,172.0,3.0,1175.0,65.0,1
5.0,1727.0,16.0,104.0,4.0,575.0,129.0,1
1.0,1.0,148.0,154.0,6.0,550.0,385.0,0
17.0,7280.0,208.0,42.0,7.0,785.0,116.0,1
12.0,7004.0,253.0,248.0,5.0,463.0,65.0,1
0.0,3695.0,197.0,193.0,5.0,615.0,70.0,0
5.0,1590.0,16.0,245.0,1.0,815.0,63.0,0
6.0,4956.0,177.0,35.0,7.0,515.0,168.0,0
1.0,1304.0,279.0,80.0,3.0,1030.0,70.0,0
9.0,146.0,128.0,203.0,1.0,520.0,37.0,0
13.0,91.0,96.0,253.0,7.0,377.0,393.0,0
15.0,59.0,79.0,13.0,5.0,1010.0,70.0,1
17.0,7244.0,229.0,208.0,6.0,1048.0,172.0,1
17.0,2944.0,18.0,60.0,5.0,425.0,157.0,0
5.0,1940.0,253.0,148.0,6.0,690.0,340.0,1
12.0,6476.0,154.0,91.0,5.0,1204.0,111.0,0
12.0,6864.0,208.0,136.0,3.0,931.0,114.0,1
7.0,484.0,217.0,184.0,6.0,1085.0,198.0,1
16.0,2154.0,155.0,135.0,6.0,797.0,90.0,1
5.0,2088.0,197.0,216.0,3.0,1135.0,155.0,0
10.0,3267.0,80.0,162.0,5.0,990.0,70.0,0
17.0,7265.0,221.0,208.0,3.0,821.0,93.0,0
15.0,1181.0,217.0,262.0,5.0,940.0,120.0,1
1.0,732.0,80.0,159.0,5.0,815.0,205.0,0
15.0,1451.0,154.0,217.0,7.0,790.0,75.0,1
10.0,4169.0,208.0,234.0,4.0,1135.0,120.0,0
6.0,5420.0,85.0,182.0,1.0,610.0,107.0,0
6.0,5216.0,78.0,268.0,1.0,1079.0,146.0,0
14.0,647.0,217.0,207.0,3.0,675.0,78.0,0
8.0,876.0,197.0,16.0,7.0,990.0,148.0,1
14.0,92.0,217.0,214.0,4.0,1080.0,163.0,0
11.0,6493.0,120.0,85.0,6.0,435.0,125.0,0
1.0,2065.0,178.0,80.0,1.0,380.0,95.0,0
2.0,104.0,14.0,252.0,4.0,1140.0,202.0,0
14.0,1262.0,183.0,216.0,3.0,360.0,169.0,0
15.0,1252.0,228.0,173.0,7.0,705.0,185.0,0
1.0,1056.0,80.0,268.0,5.0,480.0,95.0,0
14.0,1163.0,221.0,60.0,4.0,830.0,91.0,0
8.0,38.0,16.0,175.0,1.0,791.0,111.0,1
15.0,2200.0,35.0,216.0,1.0,610.0,100.0,1
12.0,6908.0,253.0,236.0,4.0,618.0,55.0,0
5.0,1411.0,85.0,79.0,5.0,715.0,190.0,0
4.0,1435.0,96.0,217.0,3.0,720.0,332.0,1
12.0,6766.0,111.0,253.0,5.0,360.0,136.0,0
5.0,1430.0,85.0,221.0,3.0,1050.0,68.0,0
6.0,5374.0,48.0,16.0,6.0,360.0,109.0,0
0.0,3949.0,85.0,187.0,5.0,540.0,94.0,0
10.0,3945.0,208.0,221.0,6.0,1240.0,90.0,1
15.0,2303.0,104.0,198.0,6.0,930.0,135.0,1
1.0,1595.0,80.0,153.0,7.0,1185.0,180.0,1
8.0,1001.0,173.0,174.0,4.0,480.0,138.0,0
15.0,535.0,141.0,175.0,3.0,390.0,155.0,0
5.0,1529.0,148.0,153.0,6.0,630.0,352.0,0
14.0,1702.0,277.0,60.0,7.0,815.0,97.0,0
16.0,2281.0,223.0,135.0,3.0,390.0,100.0,0
1.0,1299.0,183.0,260.0,6.0,1115.0,150.0,0
8.0,1134.0,238.0,277.0,1.0,460.0,184.0,0
5.0,2201.0,35.0,16.0,5.0,1035.0,185.0,0
14.0,1170.0,233.0,60.0,5.0,770.0,61.0,1
15.0,1589.0,252.0,202.0,3.0,1055.0,125.0,1
15.0,838.0,79.0,217.0,3.0,1075.0,120.0,1
12.0,6582.0,227.0,253.0,4.0,653.0,91.0,0
14.0,735.0,216.0,60.0,1.0,935.0,108.0,0
10.0,3994.0,240.0,208.0,3.0,795.0,75.0,0
5.0,1989.0,216.0,85.0,5.0,450.0,125.0,0
11.0,6522.0,197.0,71.0,7.0,685.0,116.0,0
13.0,16.0,243.0,208.0,4.0,378.0,244.0,0
12.0,6826.0,194.0,253.0,7.0,370.0,34.0,0
16.0,3018.0,85.0,96.0,1.0,570.0,100.0,0
15.0,1678.0,35.0,79.0,5.0,495.0,295.0,0
11.0,6281.0,71.0,135.0,7.0,555.0,174.0,1
11.0,6626.0,85.0,120.0,3.0,1195.0,114.0,0
1.0,456.0,80.0,277.0,1.0,1015.0,135.0,0
3.0,45.0,238.0,148.0,5.0,360.0,83.0,0
1.0,1157.0,80.0,252.0,6.0,460.0,265.0,1
11.0,6565.0,273.0,71.0,5.0,1029.0,126.0,0
1.0,645.0,260.0,183.0,4.0,555.0,165.0,0
12.0,4772.0,197.0,268.0,7.0,625.0,92.0,1
17.0,2722.0,114.0,217.0,6.0,735.0,92.0,0
6.0,7092.0,134.0,182.0,7.0,1322.0,91.0,0
17.0,2833.0,217.0,44.0,1.0,510.0,89.0,0
15.0,3496.0,162.0,217.0,5.0,420.0,195.0,0
15.0,806.0,202.0,214.0,3.0,395.0,105.0,1
15.0,1182.0,35.0,217.0,7.0,690.0,365.0,1
16.0,2435.0,135.0,147.0,7.0,492.0,111.0,0
4.0,1580.0,252.0,96.0,6.0,475.0,303.0,0
16.0,2455.0,96.0,228.0,5.0,1290.0,58.0,0
12.0,6233.0,79.0,232.0,6.0,897.0,156.0,0
5.0,1090.0,16.0,139.0,3.0,730.0,98.0,1
16.0,2669.0,96.0,172.0,5.0,1215.0,201.0,0
5.0,2513.0,197.0,16.0,5.0,380.0,167.0,0
12.0,4522.0,261.0,29.0,4.0,1035.0,124.0,0
1.0,1725.0,139.0,80.0,7.0,1175.0,145.0,0
10.0,3908.0,69.0,208.0,5.0,360.0,105.0,0
1.0,144.0,154.0,134.0,5.0,865.0,290.0,0
0.0,4097.0,233.0,177.0,1.0,1062.0,128.0,0
1.0,456.0,18.0,80.0,4.0,875.0,65.0,0
13.0,437.0,79.0,198.0,7.0,1170.0,156.0,0
4.0,615.0,135.0,80.0,3.0,465.0,71.0,0
1.0,621.0,197.0,80.0,6.0,425.0,165.0,0
15.0,1181.0,61.0,268.0,5.0,570.0,90.0,1
15.0,1451.0,129.0,154.0,5.0,645.0,230.0,1
10.0,3258.0,223.0,80.0,7.0,1060.0,125.0,0
13.0,544.0,253.0,214.0,6.0,1205.0,111.0,0
15.0,6.0,129.0,75.0,5.0,450.0,55.0,0
10.0,4008.0,208.0,60.0,7.0,870.0,115.0,1
9.0,378.0,161.0,128.0,5.0,1260.0,30.0,0
15.0,2620.0,214.0,258.0,1.0,870.0,105.0,0
11.0,6571.0,17.0,85.0,5.0,840.0,81.0,0
15.0,143.0,202.0,214.0,5.0,1235.0,100.0,1
3.0,1226.0,233.0,35.0,3.0,1020.0,101.0,1
5.0,1662.0,172.0,197.0,7.0,736.0,85.0,0
17.0,2898.0,246.0,217.0,6.0,585.0,89.0,0
9.0,1.0,154.0,128.0,4.0,540.0,350.0,1
15.0,1756.0,13.0,75.0,6.0,630.0,65.0,0
15.0,1106.0,202.0,214.0,5.0,740.0,100.0,1
0.0,4247.0,250.0,85.0,6.0,760.0,80.0,0
5.0,2170.0,244.0,16.0,6.0,729.0,131.0,0
1.0,1257.0,78.0,183.0,3.0,1200.0,165.0,0
15.0,884.0,277.0,22.0,7.0,1125.0,165.0,1
8.0,147.0,85.0,16.0,1.0,693.0,123.0,0
6.0,5472.0,87.0,16.0,4.0,608.0,69.0,0
15.0,1265.0,175.0,35.0,5.0,515.0,135.0,0
16.0,3040.0,135.0,27.0,3.0,515.0,90.0,1
13.0,55.0,214.0,253.0,4.0,794.0,108.0,0
15.0,3028.0,45.0,268.0,6.0,645.0,145.0,0
13.0,791.0,153.0,79.0,5.0,371.0,120.0,0
0.0,3868.0,12.0,85.0,7.0,765.0,119.0,1
8.0,1244.0,106.0,173.0,1.0,428.0,174.0,0
1.0,1086.0,80.0,132.0,7.0,1175.0,95.0,1
6.0,5531.0,200.0,16.0,1.0,505.0,92.0,0
14.0,1289.0,35.0,216.0,1.0,330.0,84.0,0
15.0,2970.0,175.0,153.0,3.0,480.0,255.0,1
1.0,1030.0,80.0,290.0,7.0,990.0,65.0,0
16.0,2907.0,135.0,158.0,6.0,1180.0,53.0,1
1.0,1890.0,154.0,208.0,1.0,1020.0,230.0,0
5.0,1287.0,16.0,214.0,6.0,1000.0,324.0,0
6.0,5485.0,174.0,16.0,1.0,645.0,130.0,0
4.0,1800.0,104.0,96.0,3.0,1050.0,177.0,1
14.0,239.0,253.0,217.0,1.0,935.0,115.0,0
1.0,1353.0,148.0,80.0,4.0,1020.0,255.0,1
12.0,6379.0,154.0,248.0,7.0,478.0,61.0,0
15.0,2441.0,45.0,173.0,5.0,450.0,145.0,0
12.0,6981.0,280.0,79.0,1.0,824.0,110.0,0
6.0,7097.0,61.0,208.0,6.0,360.0,82.0,1
14.0,807.0,78.0,217.0,7.0,420.0,320.0,0
1.0,1920.0,154.0,253.0,7.0,460.0,80.0,0
1.0,711.0,104.0,208.0,7.0,725.0,200.0,0
1.0,398.0,208.0,159.0,6.0,370.0,120.0,1
4.0,427.0,243.0,96.0,3.0,790.0,307.0,1
2.0,561.0,154.0,214.0,7.0,370.0,147.0,0
10.0,2829.0,80.0,223.0,5.0,715.0,100.0,0
16.0,2450.0,135.0,244.0,4.0,1385.0,53.0,1
11.0,6319.0,233.0,35.0,3.0,975.0,120.0,1
10.0,3542.0,58.0,80.0,7.0,400.0,185.0,0
1.0,2094.0,80.0,173.0,1.0,1040.0,150.0,0
5.0,2234.0,16.0,134.0,7.0,820.0,110.0,0
5.0,1271.0,16.0,61.0,4.0,886.0,94.0,0
1.0,1175.0,80.0,197.0,4.0,945.0,145.0,0
10.0,4343.0,208.0,85.0,3.0,405.0,85.0,0
15.0,1245.0,244.0,175.0,6.0,870.0,160.0,1
0.0,4171.0,90.0,85.0,7.0,735.0,86.0,0
13.0,16.0,208.0,45.0,6.0,804.0,114.0,0
2.0,188.0,98.0,14.0,4.0,945.0,63.0,0
1.0,2094.0,197.0,80.0,5.0,835.0,155.0,1
14.0,1440.0,60.0,78.0,5.0,580.0,76.0,0
17.0,2737.0,280.0,217.0,6.0,770.0,49.0,0
5.0,1728.0,153.0,148.0,4.0,1010.0,293.0,0
10.0,3915.0,279.0,208.0,5.0,675.0,115.0,0
15.0,2885.0,280.0,243.0,4.0,705.0,75.0,0
15.0,663.0,154.0,175.0,7.0,720.0,230.0,1
3.0,260.0,160.0,104.0,7.0,1285.0,276.0,0
5.0,2220.0,208.0,85.0,1.0,615.0,87.0,0
2.0,139.0,208.0,14.0,5.0,570.0,413.0,0
5.0,2361.0,216.0,16.0,5.0,540.0,145.0,0
8.0,8.0,260.0,173.0,5.0,490.0,197.0,0
0.0,4019.0,18.0,177.0,6.0,970.0,106.0,0
1.0,12.0,253.0,148.0,7.0,565.0,334.0,0
4.0,56.0,173.0,96.0,4.0,775.0,157.0,1
6.0,5313.0,95.0,16.0,4.0,360.0,98.0,0
13.0,261.0,154.0,173.0,7.0,515.0,282.0,1
2.0,83.0,252.0,14.0,5.0,480.0,220.0,0
2.0,878.0,203.0,252.0,3.0,545.0,335.0,0
1.0,1072.0,91.0,80.0,7.0,990.0,105.0,0
6.0,5523.0,16.0,237.0,5.0,510.0,90.0,0
17.0,2601.0,60.0,18.0,1.0,555.0,179.0,0
15.0,1163.0,264.0,153.0,5.0,520.0,70.0,1
3.0,1710.0,173.0,78.0,6.0,1130.0,116.0,1
0.0,3885.0,106.0,85.0,4.0,807.0,47.0,0
0.0,4196.0,240.0,197.0,6.0,755.0,53.0,1
13.0,203.0,35.0,208.0,3.0,360.0,171.0,0
17.0,1026.0,161.0,128.0,7.0,726.0,29.0,0
15.0,926.0,153.0,129.0,5.0,1170.0,170.0,1
15.0,1252.0,244.0,79.0,5.0,1075.0,145.0,0
15.0,711.0,244.0,153.0,4.0,470.0,175.0,0
0.0,4273.0,121.0,16.0,5.0,515.0,84.0,0
5.0,1841.0,85.0,277.0,1.0,425.0,167.0,0
16.0,2488.0,60.0,96.0,3.0,1202.0,117.0,0
17.0,7307.0,134.0,54.0,1.0,742.0,98.0,0
15.0,2027.0,45.0,85.0,5.0,985.0,100.0,1
13.0,455.0,253.0,153.0,3.0,1361.0,94.0,0
10.0,3317.0,80.0,259.0,4.0,460.0,60.0,0
16.0,2179.0,223.0,135.0,7.0,900.0,102.0,0
10.0,2851.0,80.0,54.0,6.0,875.0,140.0,0
10.0,3055.0,154.0,243.0,7.0,540.0,50.0,1
14.0,1071.0,216.0,260.0,3.0,580.0,229.0,0
12.0,6733.0,79.0,236.0,3.0,690.0,139.0,0
10.0,4605.0,233.0,159.0,7.0,980.0,95.0,0
1.0,1747.0,78.0,80.0,1.0,835.0,220.0,0
1.0,334.0,80.0,33.0,7.0,440.0,100.0,0
5.0,1510.0,85.0,35.0,3.0,1060.0,119.0,1
17.0,2854.0,103.0,217.0,6.0,465.0,71.0,0
1.0,1980.0,80.0,173.0,7.0,595.0,140.0,1
15.0,1228.0,244.0,75.0,1.0,1090.0,60.0,0
14.0,432.0,217.0,203.0,5.0,700.0,396.0,0
15.0,916.0,79.0,129.0,4.0,1210.0,140.0,0
5.0,730.0,54.0,16.0,4.0,1085.0,85.0,0
6.0,5313.0,95.0,16.0,6.0,360.0,98.0,0
3.0,744.0,260.0,173.0,7.0,684.0,184.0,1
15.0,3077.0,264.0,202.0,5.0,490.0,80.0,1
11.0,6356.0,177.0,233.0,3.0,1132.0,111.0,1
14.0,78.0,252.0,216.0,7.0,525.0,305.0,0
10.0,4344.0,85.0,208.0,1.0,1000.0,80.0,1
14.0,1524.0,60.0,273.0,3.0,990.0,106.0,0
15.0,1599.0,262.0,154.0,7.0,455.0,80.0,0
4.0,50.0,58.0,96.0,3.0,885.0,109.0,1
3.0,290.0,160.0,252.0,4.0,430.0,163.0,0
15.0,378.0,45.0,277.0,1.0,695.0,150.0,0
14.0,1471.0,60.0,277.0,7.0,1200.0,104.0,0
2.0,3.0,78.0,252.0,7.0,1065.0,355.0,0
6.0,5267.0,48.0,16.0,6.0,420.0,129.0,0
5.0,2974.0,85.0,60.0,5.0,1160.0,116.0,1
5.0,2794.0,16.0,216.0,7.0,580.0,135.0,1
12.0,6372.0,154.0,246.0,4.0,821.0,39.0,0
15.0,274.0,141.0,173.0,3.0,430.0,170.0,1
10.0,2773.0,80.0,1.0,7.0,1130.0,50.0,0
15.0,768.0,198.0,277.0,5.0,1125.0,85.0,1
6.0,5169.0,130.0,16.0,6.0,360.0,151.0,0
15.0,856.0,253.0,243.0,5.0,1100.0,85.0,1
13.0,848.0,258.0,79.0,6.0,467.0,158.0,0
10.0,2949.0,80.0,285.0,7.0,760.0,120.0,1
10.0,2726.0,80.0,41.0,1.0,720.0,80.0,0
10.0,3661.0,183.0,139.0,1.0,900.0,165.0,1
13.0,938.0,79.0,208.0,4.0,955.0,144.0,0
11.0,6774.0,22.0,78.0,3.0,735.0,88.0,1
6.0,5517.0,47.0,16.0,6.0,995.0,74.0,0
1.0,501.0,80.0,217.0,7.0,595.0,160.0,0
5.0,1965.0,162.0,177.0,6.0,410.0,60.0,0
15.0,1739.0,202.0,153.0,5.0,465.0,85.0,0
6.0,5243.0,16.0,180.0,4.0,950.0,57.0,0
16.0,2925.0,96.0,251.0,1.0,920.0,139.0,1
10.0,3661.0,183.0,139.0,3.0,900.0,165.0,0
12.0,4683.0,93.0,261.0,5.0,780.0,107.0,0
4.0,1433.0,159.0,135.0,4.0,1020.0,243.0,1
5.0,1433.0,16.0,18.0,4.0,645.0,160.0,0
16.0,2204.0,135.0,41.0,6.0,860.0,54.0,0
15.0,2116.0,277.0,33.0,4.0,780.0,110.0,1
15.0,490.0,175.0,129.0,4.0,1025.0,170.0,1
15.0,1255.0,244.0,75.0,4.0,1255.0,55.0,0
5.0,1627.0,16.0,104.0,7.0,515.0,119.0,0
12.0,4703.0,172.0,261.0,3.0,865.0,162.0,1
1.0,716.0,208.0,173.0,7.0,420.0,155.0,1
0.0,4151.0,61.0,233.0,7.0,857.0,93.0,0
15.0,1988.0,45.0,153.0,6.0,830.0,335.0,1
16.0,2075.0,2.0,135.0,6.0,778.0,122.0,1
10.0,2781.0,80.0,119.0,6.0,1170.0,145.0,1
8.0,1016.0,35.0,173.0,7.0,703.0,205.0,0
3.0,251.0,202.0,160.0,3.0,969.0,76.0,0
1.0,2453.0,80.0,154.0,6.0,915.0,200.0,1
15.0,843.0,182.0,45.0,7.0,525.0,95.0,0
8.0,794.0,268.0,16.0,7.0,1070.0,90.0,0
15.0,1503.0,139.0,79.0,3.0,1135.0,180.0,1
15.0,1664.0,154.0,217.0,3.0,830.0,80.0,0
15.0,1952.0,202.0,154.0,3.0,590.0,75.0,1
8.0,1097.0,139.0,173.0,3.0,920.0,137.0,0
14.0,1631.0,96.0,60.0,7.0,390.0,124.0,0
9.0,168.0,128.0,150.0,3.0,625.0,43.0,0
15.0,311.0,204.0,217.0,4.0,420.0,155.0,0
15.0,899.0,79.0,22.0,7.0,1020.0,225.0,1
4.0,1563.0,241.0,135.0,1.0,395.0,150.0,1
15.0,406.0,252.0,153.0,4.0,360.0,140.0,1
0.0,3805.0,177.0,244.0,3.0,555.0,129.0,0
3.0,5.0,43.0,148.0,6.0,1245.0,80.0,0
6.0,7323.0,16.0,245.0,6.0,590.0,68.0,0
5.0,1437.0,45.0,85.0,6.0,995.0,99.0,0
15.0,2755.0,221.0,45.0,6.0,495.0,75.0,0
5.0,1686.0,16.0,159.0,7.0,520.0,150.0,0
1.0,1225.0,65.0,80.0,6.0,360.0,120.0,0
2.0,668.0,252.0,18.0,6.0,695.0,228.0,1
3.0,19.0,42.0,148.0,4.0,360.0,84.0,1
12.0,6475.0,85.0,208.0,6.0,643.0,78.0,0
0.0,4161.0,177.0,18.0,3.0,565.0,117.0,0
12.0,4453.0,261.0,214.0,1.0,1010.0,112.0,1
10.0,4319.0,208.0,132.0,3.0,790.0,105.0,0
15.0,767.0,162.0,75.0,3.0,720.0,65.0,0
1.0,1112.0,183.0,96.0,1.0,605.0,170.0,0
15.0,49.0,253.0,217.0,5.0,625.0,115.0,1
4.0,1786.0,18.0,135.0,7.0,495.0,55.0,1
14.0,414.0,253.0,60.0,3.0,440.0,285.0,1
1.0,1155.0,35.0,80.0,5.0,695.0,265.0,0
15.0,1333.0,162.0,153.0,4.0,1010.0,215.0,0
10.0,4284.0,94.0,208.0,4.0,810.0,85.0,0
7.0,653.0,16.0,79.0,6.0,370.0,201.0,0
16.0,5904.0,42.0,208.0,7.0,744.0,159.0,0
8.0,715.0,48.0,159.0,3.0,390.0,98.0,1
1.0,1985.0,216.0,260.0,4.0,430.0,230.0,1
12.0,4606.0,244.0,261.0,7.0,850.0,177.0,1
15.0,857.0,141.0,173.0,5.0,805.0,170.0,1
4.0,586.0,135.0,173.0,5.0,465.0,133.0,0
15.0,628.0,27.0,153.0,4.0,970.0,255.0,1
6.0,5319.0,16.0,288.0,4.0,1155.0,77.0,0
12.0,4671.0,196.0,261.0,5.0,390.0,82.0,0
14.0,302.0,217.0,60.0,7.0,570.0,230.0,0
4.0,1421.0,58.0,79.0,3.0,540.0,205.0,1
12.0,6928.0,79.0,99.0,5.0,986.0,107.0,0
8.0,286.0,129.0,16.0,3.0,749.0,112.0,0
5.0,1839.0,78.0,16.0,4.0,1140.0,122.0,1
5.0,2324.0,16.0,45.0,4.0,515.0,117.0,0
16.0,5948.0,58.0,208.0,3.0,806.0,87.0,1
15.0,1328.0,207.0,262.0,4.0,1235.0,80.0,0
15.0,1079.0,141.0,45.0,7.0,515.0,70.0,0
14.0,397.0,153.0,80.0,7.0,1005.0,157.0,0
14.0,1015.0,60.0,213.0,4.0,870.0,108.0,0
10.0,3949.0,21.0,208.0,4.0,630.0,55.0,0
6.0,5534.0,16.0,187.0,6.0,650.0,115.0,1
1.0,2222.0,80.0,16.0,4.0,945.0,125.0,0
11.0,6609.0,148.0,234.0,3.0,666.0,90.0,1
15.0,351.0,153.0,243.0,1.0,660.0,65.0,1
1.0,874.0,154.0,208.0,1.0,725.0,245.0,0
5.0,1429.0,148.0,153.0,1.0,423.0,357.0,0
15.0,2384.0,33.0,233.0,3.0,500.0,85.0,0
3.0,1212.0,43.0,35.0,1.0,425.0,86.0,0
15.0,667.0,45.0,141.0,7.0,935.0,60.0,1
12.0,6747.0,262.0,253.0,1.0,644.0,48.0,0
9.0,546.0,128.0,203.0,6.0,1008.0,37.0,0
16.0,5936.0,208.0,17.0,5.0,485.0,50.0,0
12.0,7033.0,280.0,154.0,6.0,882.0,91.0,0
16.0,2156.0,280.0,135.0,4.0,706.0,134.0,1
12.0,6833.0,214.0,252.0,1.0,597.0,54.0,0
15.0,2873.0,207.0,258.0,3.0,725.0,70.0,1
5.0,1287.0,16.0,214.0,4.0,1000.0,324.0,1
1.0,1725.0,139.0,80.0,4.0,1175.0,145.0,1
5.0,1625.0,45.0,16.0,6.0,360.0,120.0,1
15.0,413.0,252.0,258.0,1.0,520.0,130.0,1
12.0,6840.0,253.0,246.0,7.0,529.0,81.0,1
10.0,3944.0,148.0,45.0,7.0,1049.0,76.0,0
5.0,1549.0,16.0,253.0,3.0,668.0,330.0,1
16.0,5894.0,12.0,134.0,6.0,1150.0,90.0,0
15.0,860.0,45.0,184.0,3.0,745.0,125.0,1
12.0,4729.0,179.0,261.0,5.0,370.0,112.0,0
6.0,5254.0,16.0,174.0,7.0,895.0,110.0,1
10.0,4336.0,208.0,94.0,7.0,535.0,65.0,1
17.0,2716.0,217.0,100.0,7.0,1265.0,102.0,1
10.0,4529.0,35.0,148.0,4.0,1110.0,90.0,0
1.0,481.0,79.0,80.0,5.0,795.0,115.0,1
12.0,7771.0,255.0,261.0,6.0,696.0,84.0,0
14.0,738.0,221.0,216.0,6.0,1065.0,75.0,0
15.0,837.0,262.0,243.0,4.0,1080.0,85.0,1
16.0,2267.0,58.0,117.0,7.0,1255.0,82.0,0
0.0,3689.0,85.0,175.0,6.0,600.0,85.0,1
15.0,669.0,261.0,154.0,5.0,450.0,125.0,0
14.0,438.0,153.0,216.0,5.0,542.0,279.0,0
12.0,6600.0,122.0,79.0,7.0,440.0,112.0,0
12.0,6678.0,253.0,194.0,5.0,815.0,46.0,0
12.0,6289.0,227.0,153.0,5.0,944.0,60.0,1
5.0,1595.0,261.0,243.0,7.0,996.0,113.0,1
15.0,2287.0,241.0,216.0,5.0,950.0,165.0,0
3.0,345.0,148.0,267.0,6.0,477.0,183.0,0
3.0,688.0,78.0,35.0,3.0,1080.0,83.0,1
1.0,8.0,128.0,80.0,4.0,1100.0,425.0,0
1.0,804.0,80.0,139.0,4.0,810.0,125.0,0
15.0,157.0,85.0,33.0,5.0,1030.0,100.0,1
14.0,2029.0,35.0,78.0,1.0,600.0,91.0,1
15.0,1767.0,91.0,18.0,7.0,400.0,85.0,0
14.0,1495.0,12.0,60.0,3.0,495.0,144.0,0
1.0,874.0,154.0,208.0,3.0,725.0,245.0,1
12.0,6489.0,253.0,55.0,6.0,463.0,55.0,0
15.0,327.0,252.0,175.0,1.0,825.0,250.0,1
11.0,6583.0,175.0,197.0,3.0,985.0,96.0,0
12.0,3045.0,184.0,221.0,3.0,470.0,86.0,1
5.0,2336.0,148.0,197.0,7.0,955.0,210.0,0
12.0,6643.0,230.0,79.0,5.0,879.0,77.0,0
10.0,3910.0,208.0,69.0,3.0,900.0,85.0,0
2.0,866.0,150.0,252.0,1.0,840.0,337.0,1
14.0,511.0,217.0,205.0,6.0,605.0,165.0,1
0.0,4007.0,177.0,75.0,1.0,830.0,93.0,0
6.0,5032.0,70.0,16.0,1.0,858.0,50.0,0
12.0,6765.0,46.0,79.0,7.0,828.0,104.0,0
12.0,6835.0,262.0,154.0,4.0,642.0,83.0,1
15.0,3773.0,153.0,217.0,1.0,470.0,70.0,1
0.0,3669.0,177.0,135.0,5.0,560.0,120.0,0
12.0,6728.0,34.0,79.0,1.0,832.0,108.0,1
2.0,52.0,39.0,98.0,6.0,1220.0,80.0,1
5.0,1205.0,197.0,261.0,4.0,430.0,185.0,0
5.0,2844.0,85.0,78.0,1.0,915.0,90.0,1
1.0,621.0,197.0,80.0,3.0,425.0,165.0,0
6.0,5344.0,288.0,16.0,1.0,859.0,78.0,1
14.0,1562.0,216.0,35.0,4.0,735.0,75.0,0
1.0,1362.0,208.0,148.0,4.0,760.0,130.0,1
16.0,3148.0,58.0,43.0,3.0,535.0,62.0,0
9.0,108.0,128.0,150.0,3.0,302.0,41.0,0
0.0,4014.0,139.0,85.0,5.0,390.0,80.0,0
1.0,1167.0,233.0,80.0,3.0,465.0,195.0,0
12.0,4818.0,261.0,79.0,5.0,585.0,85.0,0
5.0,2387.0,184.0,16.0,4.0,350.0,129.0,0
8.0,802.0,35.0,45.0,5.0,865.0,85.0,0
1.0,1272.0,227.0,80.0,3.0,720.0,165.0,0
15.0,3596.0,241.0,173.0,1.0,465.0,45.0,0
2.0,312.0,252.0,253.0,3.0,735.0,128.0,0
8.0,1401.0,173.0,238.0,1.0,884.0,156.0,1
15.0,2697.0,12.0,45.0,1.0,510.0,75.0,0
5.0,1407.0,198.0,177.0,5.0,996.0,86.0,0
15.0,2200.0,216.0,241.0,3.0,735.0,185.0,1
6.0,5056.0,16.0,251.0,1.0,515.0,93.0,0
10.0,4052.0,62.0,208.0,7.0,795.0,65.0,0
1.0,428.0,80.0,233.0,1.0,960.0,150.0,1
17.0,7263.0,134.0,172.0,3.0,1047.0,169.0,1
1.0,2029.0,159.0,183.0,1.0,479.0,195.0,1
5.0,2094.0,16.0,54.0,5.0,578.0,82.0,0
4.0,1861.0,217.0,135.0,1.0,982.0,153.0,0
1.0,728.0,153.0,80.0,7.0,425.0,160.0,0
12.0,6335.0,243.0,154.0,1.0,987.0,41.0,1
10.0,3937.0,240.0,208.0,6.0,605.0,70.0,0
15.0,2439.0,34.0,111.0,4.0,870.0,65.0,0
1.0,1371.0,134.0,80.0,3.0,615.0,215.0,1
4.0,517.0,135.0,243.0,1.0,445.0,210.0,1
2.0,601.0,153.0,252.0,4.0,645.0,160.0,0
1.0,1331.0,80.0,244.0,6.0,525.0,70.0,0
6.0,7342.0,85.0,172.0,5.0,515.0,131.0,1
0.0,3675.0,139.0,85.0,1.0,695.0,83.0,1
5.0,2501.0,173.0,177.0,4.0,1050.0,134.0,0
7.0,411.0,79.0,154.0,7.0,1090.0,147.0,0
15.0,725.0,153.0,154.0,6.0,1060.0,65.0,0
5.0,305.0,34.0,261.0,7.0,794.0,67.0,0
14.0,209.0,261.0,217.0,4.0,1020.0,98.0,1
13.0,473.0,45.0,208.0,1.0,994.0,136.0,0
16.0,2875.0,76.0,135.0,3.0,1095.0,165.0,1
15.0,1418.0,175.0,197.0,6.0,575.0,85.0,1
1.0,613.0,148.0,183.0,7.0,1075.0,200.0,1
2.0,62.0,149.0,257.0,3.0,632.0,45.0,0
6.0,5586.0,288.0,16.0,3.0,765.0,80.0,1
15.0,16.0,75.0,13.0,3.0,680.0,70.0,1
13.0,7.0,148.0,253.0,7.0,496.0,408.0,0
10.0,3256.0,118.0,80.0,3.0,360.0,50.0,0
10.0,4240.0,265.0,208.0,6.0,410.0,65.0,0
10.0,4374.0,208.0,62.0,1.0,1085.0,50.0,1
3.0,1253.0,35.0,134.0,4.0,840.0,101.0,0
1.0,1400.0,208.0,173.0,6.0,875.0,155.0,1
15.0,534.0,279.0,75.0,7.0,1225.0,60.0,0
6.0,4968.0,16.0,101.0,4.0,1310.0,76.0,0
16.0,2488.0,60.0,96.0,5.0,1202.0,117.0,1
12.0,7037.0,67.0,79.0,7.0,373.0,69.0,0
0.0,3746.0,27.0,85.0,7.0,670.0,130.0,0
1.0,836.0,80.0,78.0,5.0,510.0,160.0,0
15.0,933.0,22.0,45.0,5.0,510.0,75.0,0
1.0,548.0,154.0,208.0,1.0,360.0,240.0,0
15.0,2172.0,154.0,153.0,6.0,585.0,65.0,1
17.0,7265.0,208.0,221.0,1.0,639.0,82.0,1
15.0,3504.0,198.0,75.0,5.0,570.0,90.0,1
14.0,127.0,184.0,217.0,1.0,420.0,249.0,1
10.0,3624.0,223.0,183.0,6.0,420.0,100.0,0
4.0,299.0,135.0,79.0,3.0,1255.0,149.0,1
5.0,2941.0,16.0,244.0,6.0,825.0,160.0,0
1.0,810.0,253.0,208.0,6.0,385.0,255.0,0
16.0,2109.0,96.0,85.0,3.0,870.0,119.0,0
5.0,1040.0,65.0,16.0,5.0,400.0,169.0,1
2.0,312.0,252.0,253.0,5.0,735.0,128.0,0
1.0,354.0,172.0,208.0,3.0,915.0,90.0,0
14.0,590.0,202.0,217.0,1.0,370.0,112.0,0
0.0,4256.0,85.0,90.0,1.0,835.0,78.0,0
15.0,1259.0,45.0,33.0,4.0,430.0,120.0,0
5.0,2376.0,264.0,197.0,4.0,470.0,220.0,0
17.0,7284.0,208.0,238.0,7.0,1265.0,99.0,1
5.0,1272.0,16.0,267.0,1.0,525.0,102.0,0
4.0,1094.0,154.0,135.0,4.0,30.0,181.0,1
15.0,1669.0,155.0,2.0,3.0,450.0,65.0,0
5.0,2257.0,261.0,252.0,3.0,1005.0,130.0,0
15.0,779.0,173.0,104.0,4.0,560.0,60.0,1
10.0,4133.0,208.0,221.0,7.0,1000.0,90.0,0
15.0,2397.0,243.0,280.0,4.0,1145.0,70.0,1
15.0,1657.0,261.0,153.0,7.0,935.0,80.0,1
14.0,1183.0,35.0,216.0,4.0,690.0,94.0,0
16.0,2257.0,96.0,221.0,3.0,635.0,89.0,1
5.0,1137.0,16.0,2.0,7.0,654.0,215.0,0
12.0,6726.0,79.0,145.0,3.0,682.0,93.0,1
13.0,835.0,35.0,208.0,3.0,415.0,173.0,0
14.0,974.0,60.0,197.0,5.0,460.0,167.0,0
6.0,7090.0,71.0,208.0,3.0,650.0,81.0,0
12.0,4480.0,112.0,197.0,3.0,405.0,80.0,0
15.0,2003.0,217.0,205.0,6.0,945.0,155.0,1
15.0,921.0,182.0,45.0,7.0,1010.0,100.0,1
10.0,3325.0,84.0,80.0,5.0,360.0,130.0,0
6.0,7082.0,35.0,134.0,7.0,737.0,103.0,0
15.0,391.0,217.0,236.0,5.0,670.0,115.0,0
12.0,4788.0,268.0,197.0,5.0,755.0,97.0,0
11.0,6516.0,197.0,148.0,6.0,425.0,165.0,1
14.0,1645.0,78.0,277.0,4.0,1170.0,144.0,1
14.0,347.0,207.0,217.0,6.0,390.0,75.0,0
16.0,2281.0,223.0,135.0,6.0,405.0,99.0,0
1.0,410.0,183.0,33.0,4.0,1305.0,135.0,0
5.0,2731.0,85.0,268.0,1.0,445.0,118.0,0
12.0,6499.0,154.0,258.0,4.0,551.0,71.0,0
14.0,1288.0,233.0,216.0,4.0,430.0,82.0,0
15.0,616.0,75.0,91.0,7.0,1145.0,105.0,1
15.0,549.0,35.0,79.0,4.0,1095.0,300.0,0
12.0,6643.0,230.0,79.0,7.0,877.0,77.0,1
4.0,1471.0,279.0,135.0,4.0,365.0,95.0,0
15.0,2005.0,33.0,147.0,3.0,1105.0,85.0,1
14.0,1112.0,216.0,35.0,4.0,495.0,85.0,1
1.0,2368.0,80.0,208.0,6.0,1090.0,140.0,1
7.0,100.0,79.0,197.0,1.0,947.0,113.0,1
1.0,868.0,183.0,78.0,4.0,1215.0,140.0,0
15.0,3673.0,258.0,153.0,4.0,1285.0,75.0,1
6.0,7099.0,71.0,134.0,3.0,587.0,98.0,0
15.0,1668.0,154.0,258.0,4.0,1115.0,65.0,1
13.0,8.0,253.0,148.0,5.0,570.0,344.0,0
12.0,6252.0,210.0,253.0,5.0,516.0,117.0,1
2.0,636.0,252.0,217.0,1.0,750.0,163.0,0
12.0,6874.0,208.0,164.0,7.0,1052.0,98.0,0
5.0,1143.0,54.0,16.0,1.0,330.0,72.0,0
3.0,472.0,258.0,35.0,5.0,1260.0,319.0,0
6.0,5170.0,16.0,278.0,1.0,782.0,59.0,0
16.0,3135.0,71.0,135.0,1.0,1045.0,159.0,1
9.0,166.0,128.0,203.0,1.0,740.0,38.0,0
6.0,5301.0,47.0,16.0,4.0,766.0,78.0,0
8.0,1184.0,119.0,277.0,5.0,525.0,150.0,0
15.0,3687.0,173.0,43.0,5.0,1185.0,155.0,1
16.0,2036.0,139.0,96.0,1.0,985.0,120.0,1
6.0,5127.0,101.0,16.0,7.0,635.0,89.0,0
5.0,2260.0,183.0,16.0,1.0,465.0,129.0,0
3.0,907.0,148.0,208.0,5.0,535.0,164.0,1
15.0,1226.0,253.0,154.0,6.0,1245.0,75.0,1
1.0,597.0,208.0,244.0,7.0,1120.0,180.0,0
12.0,6408.0,253.0,93.0,4.0,782.0,92.0,0
14.0,1222.0,60.0,45.0,1.0,895.0,81.0,0
8.0,80.0,104.0,16.0,7.0,678.0,117.0,0
3.0,777.0,35.0,153.0,4.0,1176.0,361.0,0
9.0,382.0,128.0,143.0,6.0,593.0,51.0,0
1.0,2317.0,208.0,80.0,3.0,635.0,155.0,1
17.0,2944.0,60.0,209.0,4.0,710.0,72.0,0
15.0,1265.0,175.0,35.0,3.0,515.0,135.0,0
6.0,5611.0,157.0,16.0,3.0,375.0,85.0,0
0.0,3935.0,96.0,85.0,1.0,355.0,130.0,1
6.0,5352.0,16.0,58.0,6.0,1265.0,107.0,1
16.0,2770.0,135.0,213.0,4.0,825.0,144.0,0
11.0,6657.0,148.0,197.0,4.0,490.0,210.0,0
0.0,4169.0,42.0,85.0,7.0,970.0,127.0,1
15.0,16.0,153.0,154.0,3.0,825.0,65.0,1
0.0,4316.0,16.0,285.0,7.0,1135.0,55.0,0
3.0,733.0,35.0,260.0,6.0,475.0,237.0,0
10.0,3936.0,45.0,208.0,1.0,1045.0,150.0,1
17.0,7242.0,60.0,208.0,5.0,1150.0,130.0,0
5.0,305.0,34.0,261.0,4.0,794.0,67.0,0
5.0,2054.0,223.0,16.0,1.0,330.0,75.0,0
12.0,6624.0,214.0,252.0,6.0,935.0,50.0,0
10.0,4338.0,85.0,208.0,5.0,1110.0,90.0,0
10.0,3393.0,80.0,184.0,3.0,390.0,140.0,0
12.0,6830.0,154.0,34.0,7.0,1006.0,119.0,0
13.0,85.0,79.0,154.0,5.0,922.0,151.0,0
13.0,505.0,172.0,79.0,3.0,1190.0,115.0,1
5.0,2877.0,208.0,16.0,4.0,742.0,123.0,0
13.0,321.0,134.0,208.0,1.0,890.0,134.0,0
4.0,484.0,104.0,58.0,3.0,780.0,165.0,1
1.0,2166.0,80.0,35.0,7.0,855.0,210.0,0
10.0,2718.0,84.0,80.0,3.0,605.0,125.0,0
4.0,240.0,18.0,135.0,4.0,345.0,55.0,0
12.0,6918.0,63.0,208.0,4.0,360.0,82.0,1
12.0,6668.0,137.0,79.0,7.0,450.0,102.0,0
5.0,1767.0,60.0,85.0,1.0,360.0,115.0,0
6.0,5046.0,16.0,11.0,3.0,615.0,69.0,0
3.0,681.0,35.0,78.0,5.0,580.0,101.0,0
5.0,1638.0,16.0,78.0,5.0,1160.0,116.0,0
11.0,6329.0,69.0,16.0,4.0,405.0,110.0,0
12.0,4664.0,112.0,197.0,7.0,890.0,80.0,1
5.0,1251.0,264.0,16.0,5.0,1295.0,245.0,0
10.0,3336.0,80.0,114.0,6.0,1100.0,135.0,0
14.0,1277.0,139.0,216.0,4.0,785.0,104.0,0
12.0,6853.0,208.0,72.0,4.0,522.0,57.0,0
13.0,795.0,277.0,134.0,3.0,1135.0,135.0,1
3.0,1757.0,104.0,260.0,5.0,530.0,146.0,1
5.0,2121.0,85.0,217.0,3.0,1170.0,270.0,1
10.0,4557.0,61.0,159.0,5.0,930.0,105.0,1
7.0,557.0,79.0,243.0,5.0,510.0,142.0,0
5.0,2002.0,241.0,16.0,6.0,970.0,108.0,0
11.0,6549.0,178.0,177.0,5.0,345.0,118.0,0
5.0,1177.0,233.0,16.0,3.0,735.0,95.0,0
12.0,6236.0,153.0,100.0,5.0,765.0,88.0,0
12.0,4785.0,251.0,197.0,5.0,800.0,125.0,1
15.0,2526.0,44.0,202.0,3.0,465.0,75.0,0
10.0,4279.0,208.0,119.0,7.0,1065.0,55.0,0
5.0,2005.0,71.0,261.0,4.0,1140.0,237.0,1
16.0,5934.0,107.0,208.0,4.0,360.0,96.0,0
8.0,220.0,184.0,153.0,5.0,1245.0,250.0,0
15.0,3405.0,236.0,153.0,7.0,755.0,80.0,0
10.0,4057.0,273.0,208.0,5.0,720.0,135.0,0
10.0,3312.0,266.0,80.0,5.0,575.0,45.0,1
12.0,6485.0,253.0,227.0,4.0,1114.0,79.0,1
5.0,1686.0,16.0,159.0,1.0,520.0,150.0,1
5.0,2783.0,16.0,18.0,4.0,833.0,155.0,1
15.0,3074.0,241.0,175.0,5.0,1130.0,180.0,0
10.0,4297.0,187.0,208.0,7.0,655.0,55.0,1
13.0,492.0,253.0,268.0,3.0,775.0,226.0,0
15.0,2021.0,233.0,33.0,5.0,905.0,95.0,0
8.0,823.0,45.0,35.0,6.0,750.0,75.0,1
3.0,155.0,148.0,173.0,4.0,360.0,168.0,0
13.0,78.0,128.0,253.0,6.0,1439.0,313.0,0
12.0,4540.0,261.0,196.0,7.0,585.0,92.0,0
12.0,6492.0,162.0,79.0,5.0,963.0,145.0,0
15.0,1162.0,147.0,216.0,7.0,900.0,135.0,0
5.0,1087.0,184.0,16.0,7.0,1105.0,135.0,1
17.0,7255.0,208.0,22.0,5.0,655.0,120.0,0
8.0,1241.0,19.0,173.0,6.0,664.0,97.0,1
6.0,5340.0,237.0,16.0,3.0,1078.0,96.0,0
8.0,907.0,215.0,16.0,5.0,943.0,112.0,0
15.0,2349.0,202.0,44.0,7.0,740.0,65.0,0
3.0,1289.0,35.0,234.0,4.0,1165.0,105.0,0
5.0,2336.0,197.0,184.0,6.0,1180.0,70.0,1
10.0,2757.0,80.0,290.0,6.0,1045.0,70.0,0
15.0,417.0,45.0,268.0,1.0,425.0,145.0,0
14.0,56.0,208.0,216.0,6.0,360.0,119.0,0
10.0,2723.0,13.0,80.0,5.0,895.0,65.0,1
4.0,545.0,96.0,233.0,3.0,920.0,100.0,1
8.0,127.0,16.0,277.0,3.0,804.0,87.0,1
16.0,2470.0,135.0,197.0,5.0,479.0,168.0,0
15.0,1422.0,243.0,253.0,4.0,410.0,100.0,0
16.0,2353.0,135.0,16.0,5.0,1265.0,108.0,1
10.0,3711.0,208.0,162.0,5.0,910.0,115.0,0
15.0,995.0,159.0,175.0,3.0,640.0,155.0,0
13.0,965.0,134.0,135.0,6.0,1026.0,207.0,0
5.0,1693.0,264.0,16.0,6.0,815.0,259.0,0
15.0,388.0,243.0,202.0,1.0,565.0,90.0,1
12.0,6954.0,79.0,261.0,5.0,1060.0,88.0,0
4.0,576.0,96.0,241.0,7.0,830.0,190.0,1
3.0,241.0,202.0,160.0,4.0,1215.0,76.0,0
16.0,2926.0,16.0,58.0,5.0,1065.0,104.0,0
8.0,1226.0,221.0,104.0,1.0,1100.0,165.0,1
14.0,665.0,264.0,217.0,5.0,1140.0,77.0,0
6.0,5050.0,48.0,85.0,4.0,1029.0,70.0,1
1.0,1820.0,135.0,80.0,7.0,725.0,65.0,0
11.0,6761.0,71.0,135.0,7.0,810.0,168.0,0
12.0,6258.0,88.0,79.0,6.0,762.0,53.0,0
5.0,1986.0,16.0,159.0,7.0,700.0,135.0,0
14.0,907.0,60.0,277.0,4.0,880.0,103.0,1
2.0,690.0,252.0,111.0,7.0,720.0,63.0,0
12.0,6645.0,34.0,253.0,6.0,1062.0,103.0,0
4.0,299.0,135.0,79.0,4.0,1255.0,149.0,1
16.0,5926.0,230.0,208.0,6.0,827.0,124.0,1
15.0,949.0,261.0,202.0,1.0,825.0,125.0,0
3.0,595.0,130.0,173.0,1.0,934.0,166.0,1
6.0,7136.0,159.0,134.0,1.0,608.0,85.0,0
15.0,1414.0,198.0,217.0,1.0,685.0,215.0,1
5.0,1510.0,79.0,85.0,6.0,685.0,170.0,0
10.0,3605.0,183.0,71.0,3.0,450.0,160.0,0
15.0,1657.0,261.0,153.0,1.0,935.0,80.0,1
16.0,2169.0,96.0,61.0,1.0,385.0,114.0,0
1.0,117.0,148.0,154.0,1.0,825.0,370.0,0
3.0,250.0,160.0,202.0,5.0,1090.0,77.0,1
16.0,2000.0,135.0,261.0,7.0,690.0,198.0,1
1.0,1487.0,78.0,208.0,5.0,515.0,130.0,0
16.0,2526.0,119.0,58.0,5.0,585.0,58.0,0
12.0,6246.0,100.0,154.0,5.0,607.0,70.0,1
15.0,3773.0,261.0,153.0,4.0,415.0,85.0,1
0.0,3863.0,147.0,177.0,4.0,465.0,120.0,0
2.0,182.0,98.0,14.0,4.0,480.0,63.0,0
7.0,650.0,253.0,79.0,3.0,380.0,150.0,0
15.0,1076.0,154.0,153.0,4.0,560.0,60.0,0
13.0,231.0,134.0,243.0,5.0,766.0,343.0,0
1.0,1152.0,80.0,35.0,5.0,705.0,200.0,0
6.0,7118.0,273.0,134.0,7.0,865.0,79.0,0
11.0,6571.0,85.0,209.0,3.0,1065.0,111.0,0
15.0,340.0,217.0,172.0,3.0,1050.0,150.0,1
15.0,2885.0,243.0,262.0,5.0,750.0,95.0,1
14.0,1604.0,216.0,35.0,5.0,675.0,75.0,1
12.0,4713.0,230.0,261.0,3.0,370.0,104.0,1
15.0,1021.0,33.0,198.0,4.0,520.0,95.0,0
11.0,6645.0,17.0,85.0,3.0,630.0,79.0,0
16.0,2978.0,41.0,135.0,4.0,490.0,71.0,0
15.0,2466.0,214.0,202.0,4.0,910.0,100.0,1
5.0,2564.0,71.0,148.0,1.0,920.0,132.0,0
4.0,1777.0,216.0,135.0,6.0,445.0,224.0,0
5.0,1021.0,12.0,16.0,7.0,755.0,169.0,1
16.0,2314.0,91.0,135.0,7.0,390.0,107.0,0
15.0,1510.0,251.0,45.0,5.0,435.0,85.0,1
5.0,2768.0,252.0,16.0,4.0,800.0,285.0,1
0.0,4286.0,85.0,119.0,4.0,525.0,64.0,0
13.0,128.0,208.0,216.0,4.0,793.0,131.0,0
1.0,1775.0,80.0,264.0,6.0,675.0,195.0,0
6.0,5587.0,16.0,158.0,1.0,930.0,108.0,0
13.0,77.0,253.0,128.0,1.0,990.0,344.0,0
8.0,431.0,184.0,16.0,6.0,380.0,129.0,0
10.0,3954.0,208.0,117.0,7.0,545.0,55.0,1
15.0,2461.0,216.0,79.0,1.0,480.0,285.0,0
16.0,2802.0,58.0,233.0,4.0,490.0,87.0,0
5.0,1250.0,172.0,16.0,4.0,910.0,120.0,0
0.0,4139.0,29.0,197.0,4.0,1018.0,82.0,0
1.0,1032.0,207.0,80.0,7.0,370.0,180.0,0
12.0,7788.0,261.0,271.0,7.0,685.0,78.0,1
5.0,2912.0,16.0,208.0,6.0,1041.0,134.0,1
5.0,1818.0,173.0,16.0,5.0,570.0,93.0,0
16.0,2401.0,182.0,58.0,7.0,855.0,113.0,1
10.0,3656.0,221.0,183.0,1.0,1040.0,170.0,0
12.0,4747.0,154.0,153.0,7.0,877.0,69.0,1
14.0,209.0,217.0,244.0,5.0,1185.0,125.0,0
14.0,1613.0,96.0,60.0,6.0,390.0,124.0,0
15.0,3230.0,147.0,33.0,4.0,935.0,95.0,1
6.0,5013.0,177.0,41.0,5.0,860.0,75.0,0
15.0,1334.0,262.0,217.0,4.0,725.0,105.0,1
1.0,619.0,208.0,154.0,3.0,1290.0,265.0,1
15.0,618.0,228.0,45.0,7.0,430.0,90.0,0
16.0,2580.0,184.0,96.0,7.0,580.0,124.0,0
9.0,169.0,150.0,203.0,7.0,760.0,31.0,0
1.0,1280.0,258.0,80.0,6.0,380.0,215.0,0
15.0,822.0,35.0,45.0,4.0,920.0,90.0,1
4.0,496.0,153.0,135.0,4.0,695.0,177.0,0
14.0,1464.0,60.0,208.0,1.0,1080.0,124.0,1
15.0,1235.0,33.0,45.0,4.0,580.0,95.0,1
10.0,4066.0,208.0,84.0,5.0,425.0,80.0,0
12.0,4580.0,154.0,261.0,5.0,678.0,107.0,0
12.0,6478.0,119.0,208.0,6.0,626.0,59.0,1
10.0,2720.0,84.0,80.0,7.0,695.0,125.0,0
6.0,5269.0,85.0,268.0,6.0,1195.0,111.0,0
14.0,287.0,217.0,258.0,4.0,1060.0,117.0,1
15.0,218.0,44.0,153.0,5.0,1130.0,60.0,1
15.0,738.0,175.0,205.0,3.0,1030.0,95.0,1
14.0,1069.0,216.0,241.0,7.0,1080.0,181.0,0
4.0,1402.0,96.0,154.0,5.0,510.0,377.0,0
13.0,468.0,253.0,243.0,1.0,540.0,96.0,0
12.0,6611.0,79.0,217.0,5.0,695.0,111.0,1
11.0,6636.0,233.0,35.0,7.0,1170.0,122.0,1
6.0,5046.0,11.0,16.0,4.0,710.0,62.0,0
12.0,7761.0,89.0,261.0,7.0,1029.0,66.0,0
15.0,964.0,252.0,175.0,1.0,445.0,240.0,0
0.0,3675.0,139.0,85.0,3.0,695.0,83.0,0
15.0,1099.0,202.0,172.0,3.0,645.0,200.0,1
15.0,1441.0,154.0,202.0,1.0,435.0,75.0,1
15.0,2550.0,79.0,153.0,3.0,1305.0,120.0,0
17.0,2901.0,60.0,177.0,3.0,780.0,114.0,0
5.0,2403.0,85.0,104.0,3.0,620.0,191.0,0
8.0,1452.0,130.0,213.0,1.0,965.0,179.0,0
4.0,600.0,104.0,96.0,1.0,405.0,170.0,0
8.0,533.0,177.0,16.0,5.0,430.0,76.0,0
14.0,1649.0,78.0,277.0,4.0,1045.0,144.0,0
3.0,522.0,173.0,96.0,7.0,645.0,151.0,1
1.0,1925.0,80.0,261.0,1.0,1065.0,170.0,0
8.0,949.0,45.0,238.0,6.0,1285.0,80.0,0
15.0,279.0,253.0,154.0,7.0,1175.0,75.0,1
1.0,860.0,183.0,148.0,7.0,1045.0,185.0,1
10.0,4607.0,159.0,233.0,5.0,1080.0,105.0,0
15.0,1680.0,2.0,153.0,3.0,1020.0,95.0,1
13.0,614.0,208.0,78.0,1.0,785.0,105.0,1
15.0,1095.0,45.0,173.0,3.0,1185.0,140.0,1
7.0,488.0,184.0,173.0,3.0,458.0,169.0,0
12.0,4845.0,205.0,261.0,4.0,819.0,155.0,0
8.0,60.0,154.0,16.0,1.0,420.0,250.0,0
13.0,796.0,233.0,134.0,1.0,373.0,69.0,1
11.0,6749.0,290.0,197.0,5.0,632.0,113.0,0
13.0,941.0,208.0,79.0,6.0,1051.0,170.0,1
5.0,78.0,173.0,148.0,3.0,840.0,165.0,0
16.0,5987.0,208.0,20.0,4.0,850.0,105.0,0
16.0,2292.0,27.0,135.0,3.0,1054.0,111.0,1
5.0,1182.0,261.0,268.0,7.0,1198.0,166.0,1
15.0,1327.0,228.0,45.0,6.0,490.0,80.0,0
12.0,6911.0,184.0,208.0,6.0,631.0,44.0,1
15.0,411.0,35.0,216.0,3.0,505.0,100.0,1
11.0,6764.0,60.0,148.0,3.0,700.0,136.0,0
8.0,1203.0,175.0,241.0,6.0,834.0,164.0,1
17.0,7248.0,208.0,60.0,5.0,1268.0,99.0,0
13.0,1.0,208.0,128.0,5.0,595.0,549.0,0
12.0,6311.0,154.0,227.0,6.0,1360.0,47.0,0
15.0,1846.0,79.0,33.0,3.0,1140.0,150.0,1
2.0,81.0,252.0,14.0,4.0,360.0,219.0,1
15.0,749.0,79.0,217.0,6.0,645.0,120.0,1
15.0,1314.0,175.0,79.0,6.0,435.0,170.0,0
7.0,231.0,33.0,79.0,7.0,880.0,173.0,0
16.0,5891.0,208.0,17.0,1.0,1022.0,50.0,1
13.0,411.0,60.0,208.0,1.0,1010.0,130.0,0
1.0,2045.0,78.0,208.0,4.0,1220.0,125.0,1
11.0,6672.0,132.0,177.0,4.0,710.0,65.0,0
6.0,7068.0,121.0,134.0,4.0,1171.0,80.0,0
14.0,567.0,217.0,173.0,7.0,599.0,246.0,0
14.0,644.0,217.0,207.0,1.0,1080.0,71.0,0
8.0,1469.0,175.0,173.0,7.0,1199.0,156.0,1
13.0,185.0,216.0,253.0,7.0,366.0,389.0,0
10.0,3828.0,208.0,78.0,1.0,740.0,110.0,1
13.0,407.0,79.0,252.0,4.0,1145.0,183.0,1
10.0,3067.0,154.0,194.0,6.0,605.0,65.0,0
13.0,382.0,208.0,134.0,1.0,529.0,113.0,0
6.0,5224.0,190.0,16.0,6.0,805.0,76.0,1
13.0,247.0,153.0,79.0,5.0,792.0,114.0,0
4.0,289.0,85.0,135.0,6.0,903.0,185.0,0
10.0,2711.0,80.0,47.0,7.0,450.0,130.0,0
4.0,1055.0,96.0,154.0,7.0,985.0,368.0,1
15.0,1609.0,243.0,153.0,4.0,1070.0,70.0,1
12.0,6890.0,154.0,80.0,5.0,830.0,177.0,0
15.0,226.0,173.0,216.0,7.0,495.0,145.0,0
5.0,1166.0,241.0,71.0,1.0,730.0,144.0,0
13.0,450.0,264.0,79.0,1.0,678.0,139.0,0
4.0,1688.0,135.0,85.0,3.0,965.0,165.0,0
1.0,1861.0,78.0,80.0,4.0,910.0,210.0,0
5.0,2817.0,177.0,154.0,6.0,560.0,260.0,0
4.0,1087.0,173.0,135.0,4.0,385.0,150.0,0
11.0,6464.0,71.0,60.0,7.0,1140.0,91.0,1
0.0,3699.0,16.0,60.0,6.0,670.0,84.0,1
1.0,818.0,154.0,268.0,3.0,755.0,210.0,0
5.0,1519.0,61.0,154.0,4.0,1105.0,310.0,0
13.0,662.0,253.0,197.0,7.0,641.0,230.0,1
13.0,332.0,208.0,61.0,4.0,1287.0,78.0,0
8.0,982.0,16.0,221.0,1.0,530.0,95.0,0
13.0,364.0,154.0,79.0,6.0,1110.0,141.0,0
13.0,45.0,154.0,203.0,5.0,515.0,344.0,0
11.0,6634.0,119.0,159.0,5.0,360.0,119.0,0
16.0,2549.0,96.0,71.0,1.0,389.0,131.0,0
6.0,5157.0,16.0,290.0,1.0,513.0,127.0,1
4.0,682.0,135.0,35.0,4.0,965.0,221.0,1
16.0,2674.0,135.0,279.0,3.0,450.0,88.0,0
15.0,1192.0,251.0,27.0,6.0,715.0,70.0,1
16.0,2236.0,197.0,96.0,7.0,855.0,165.0,1
6.0,4967.0,32.0,16.0,3.0,1121.0,108.0,1
5.0,1941.0,71.0,217.0,5.0,575.0,258.0,0
1.0,1861.0,78.0,80.0,7.0,910.0,210.0,1
10.0,2886.0,165.0,80.0,7.0,1105.0,80.0,1
16.0,2927.0,78.0,58.0,1.0,385.0,72.0,0
1.0,823.0,136.0,80.0,3.0,885.0,80.0,0
15.0,343.0,154.0,91.0,3.0,615.0,110.0,0
12.0,6728.0,34.0,79.0,4.0,832.0,108.0,0
13.0,908.0,79.0,208.0,1.0,755.0,143.0,1
10.0,4293.0,52.0,208.0,5.0,660.0,105.0,0
12.0,6504.0,208.0,247.0,5.0,425.0,41.0,0
12.0,6397.0,248.0,154.0,4.0,1035.0,65.0,0
10.0,3203.0,80.0,13.0,4.0,390.0,75.0,0
15.0,2027.0,129.0,45.0,1.0,725.0,170.0,1
15.0,580.0,217.0,253.0,7.0,885.0,125.0,1
12.0,6471.0,2.0,154.0,5.0,360.0,121.0,0
5.0,1826.0,104.0,16.0,6.0,880.0,120.0,1
16.0,5956.0,58.0,208.0,7.0,1127.0,89.0,1
4.0,686.0,135.0,173.0,7.0,615.0,128.0,1
12.0,6878.0,79.0,258.0,5.0,551.0,162.0,1
15.0,738.0,217.0,33.0,7.0,620.0,195.0,0
13.0,744.0,79.0,35.0,5.0,480.0,227.0,0
12.0,6621.0,79.0,187.0,1.0,969.0,113.0,0
12.0,4575.0,204.0,261.0,3.0,390.0,142.0,1
11.0,6277.0,78.0,61.0,1.0,897.0,98.0,0
15.0,59.0,13.0,75.0,5.0,1170.0,65.0,0
0.0,4295.0,148.0,167.0,7.0,750.0,110.0,0
5.0,2039.0,78.0,16.0,1.0,900.0,115.0,0
5.0,2699.0,35.0,197.0,4.0,490.0,202.0,0
12.0,6499.0,258.0,154.0,6.0,640.0,79.0,1
14.0,450.0,217.0,261.0,1.0,880.0,97.0,1
12.0,6673.0,194.0,253.0,7.0,560.0,44.0,0
5.0,2890.0,16.0,76.0,6.0,515.0,102.0,0
16.0,2650.0,184.0,58.0,3.0,725.0,69.0,1
12.0,6662.0,253.0,194.0,5.0,991.0,43.0,1
8.0,135.0,16.0,277.0,3.0,610.0,90.0,0
5.0,1213.0,238.0,16.0,4.0,940.0,144.0,1
3.0,461.0,35.0,241.0,5.0,795.0,212.0,0
16.0,2023.0,221.0,135.0,5.0,700.0,194.0,1
0.0,4230.0,109.0,85.0,4.0,480.0,64.0,1
15.0,343.0,253.0,154.0,1.0,510.0,80.0,1
15.0,312.0,173.0,12.0,7.0,535.0,160.0,0
15.0,2482.0,134.0,175.0,6.0,1010.0,130.0,1
5.0,2960.0,183.0,16.0,7.0,390.0,127.0,0
15.0,3658.0,79.0,258.0,1.0,705.0,165.0,0
15.0,489.0,173.0,104.0,1.0,950.0,55.0,1
13.0,442.0,253.0,252.0,7.0,1068.0,132.0,1
15.0,195.0,175.0,268.0,5.0,475.0,70.0,0
10.0,3208.0,80.0,118.0,7.0,510.0,45.0,0
15.0,151.0,217.0,261.0,7.0,1085.0,95.0,1
1.0,2212.0,80.0,264.0,6.0,630.0,195.0,0
5.0,2345.0,71.0,153.0,1.0,555.0,269.0,1
13.0,393.0,208.0,217.0,4.0,718.0,237.0,0
16.0,2725.0,58.0,80.0,1.0,560.0,182.0,0
8.0,1049.0,78.0,241.0,3.0,480.0,166.0,0
14.0,2125.0,35.0,159.0,4.0,660.0,74.0,1
4.0,432.0,135.0,159.0,4.0,657.0,199.0,1
7.0,720.0,79.0,78.0,3.0,990.0,193.0,1
14.0,644.0,217.0,207.0,7.0,1080.0,71.0,0
13.0,85.0,79.0,154.0,3.0,922.0,151.0,1
10.0,2730.0,146.0,80.0,3.0,1100.0,95.0,0
14.0,2128.0,159.0,35.0,1.0,780.0,65.0,0
15.0,257.0,129.0,18.0,4.0,1055.0,45.0,0
15.0,2193.0,173.0,233.0,1.0,530.0,95.0,0
15.0,2006.0,221.0,216.0,5.0,785.0,75.0,1
12.0,4531.0,102.0,261.0,3.0,370.0,97.0,0
14.0,1857.0,60.0,173.0,6.0,1340.0,96.0,1
6.0,5078.0,41.0,177.0,1.0,390.0,76.0,0
15.0,2397.0,75.0,18.0,3.0,805.0,50.0,1
12.0,6701.0,99.0,79.0,5.0,380.0,128.0,0
3.0,611.0,148.0,147.0,1.0,480.0,154.0,0
0.0,3950.0,197.0,17.0,4.0,1185.0,64.0,0
3.0,591.0,130.0,173.0,6.0,390.0,164.0,0
10.0,4189.0,208.0,132.0,4.0,1160.0,105.0,0
14.0,2165.0,159.0,78.0,1.0,480.0,72.0,0
1.0,1955.0,78.0,80.0,5.0,1090.0,215.0,1
1.0,1231.0,216.0,208.0,7.0,990.0,150.0,0
12.0,6718.0,290.0,79.0,3.0,806.0,123.0,0
1.0,1534.0,80.0,85.0,7.0,745.0,155.0,0
5.0,65.0,16.0,153.0,6.0,1150.0,280.0,1
13.0,740.0,79.0,198.0,5.0,607.0,160.0,0
8.0,500.0,159.0,184.0,4.0,719.0,143.0,1
12.0,6692.0,154.0,243.0,7.0,611.0,46.0,0
15.0,1531.0,268.0,277.0,6.0,605.0,140.0,1
6.0,7315.0,121.0,16.0,6.0,682.0,58.0,1
5.0,1936.0,184.0,85.0,1.0,601.0,70.0,1
1.0,1386.0,208.0,197.0,7.0,1170.0,95.0,1
12.0,4651.0,99.0,197.0,6.0,320.0,62.0,0
5.0,2471.0,261.0,217.0,5.0,1200.0,100.0,1
4.0,539.0,183.0,96.0,3.0,1015.0,185.0,1
2.0,731.0,135.0,252.0,5.0,1105.0,285.0,0
1.0,5.0,80.0,128.0,7.0,820.0,520.0,1
5.0,2671.0,78.0,173.0,4.0,839.0,139.0,1
2.0,43.0,14.0,23.0,7.0,742.0,77.0,1
13.0,881.0,35.0,208.0,5.0,545.0,173.0,0
1.0,890.0,244.0,80.0,6.0,575.0,65.0,0
8.0,256.0,106.0,16.0,4.0,1089.0,125.0,0
14.0,2117.0,35.0,159.0,5.0,420.0,82.0,0
5.0,2112.0,16.0,208.0,1.0,505.0,134.0,1
0.0,4241.0,76.0,85.0,7.0,715.0,70.0,0
3.0,9.0,148.0,104.0,6.0,940.0,199.0,0
15.0,3333.0,131.0,18.0,7.0,920.0,60.0,0
12.0,6955.0,184.0,208.0,5.0,1166.0,49.0,1
6.0,4966.0,288.0,16.0,6.0,325.0,69.0,0
10.0,3717.0,135.0,208.0,5.0,1130.0,155.0,1
16.0,2175.0,33.0,135.0,4.0,375.0,134.0,1
5.0,1926.0,104.0,16.0,5.0,838.0,120.0,1
0.0,4393.0,247.0,71.0,7.0,450.0,61.0,0
15.0,964.0,43.0,173.0,3.0,1015.0,170.0,1
5.0,1104.0,128.0,261.0,3.0,1335.0,372.0,1
5.0,2298.0,267.0,16.0,7.0,420.0,105.0,0
15.0,1325.0,45.0,141.0,7.0,1095.0,60.0,1
10.0,3691.0,58.0,183.0,1.0,1040.0,180.0,0
0.0,3772.0,85.0,12.0,4.0,625.0,96.0,1
14.0,1232.0,78.0,22.0,7.0,1275.0,70.0,1
14.0,1101.0,35.0,60.0,4.0,480.0,150.0,0
17.0,2757.0,84.0,217.0,3.0,890.0,185.0,0
6.0,5599.0,178.0,177.0,5.0,987.0,113.0,0
6.0,5229.0,135.0,177.0,6.0,980.0,99.0,0
1.0,1858.0,91.0,80.0,4.0,1070.0,100.0,0
10.0,4267.0,208.0,94.0,5.0,1255.0,70.0,0
5.0,2156.0,85.0,139.0,3.0,930.0,70.0,0
10.0,4138.0,221.0,208.0,7.0,1175.0,105.0,1
15.0,1070.0,33.0,268.0,5.0,495.0,70.0,1
5.0,1930.0,16.0,221.0,3.0,820.0,99.0,1
1.0,371.0,159.0,208.0,3.0,1235.0,150.0,1
1.0,710.0,80.0,159.0,6.0,555.0,200.0,0
15.0,115.0,214.0,153.0,3.0,1205.0,125.0,1
1.0,685.0,183.0,135.0,6.0,910.0,175.0,0
1.0,1487.0,208.0,236.0,7.0,640.0,255.0,0
5.0,1911.0,134.0,16.0,1.0,875.0,120.0,0
15.0,3150.0,43.0,45.0,7.0,690.0,70.0,1
12.0,4734.0,221.0,197.0,3.0,1160.0,135.0,0
6.0,5099.0,116.0,16.0,4.0,823.0,80.0,0
0.0,3811.0,71.0,285.0,5.0,1240.0,58.0,0
15.0,924.0,79.0,202.0,6.0,935.0,165.0,1
12.0,6636.0,79.0,58.0,3.0,1050.0,165.0,1
14.0,868.0,147.0,216.0,3.0,1030.0,129.0,0
15.0,3601.0,12.0,277.0,4.0,655.0,205.0,0
12.0,4703.0,261.0,154.0,3.0,1010.0,114.0,1
12.0,6320.0,243.0,154.0,4.0,439.0,46.0,1
14.0,1690.0,241.0,60.0,4.0,1035.0,114.0,1
15.0,523.0,279.0,153.0,4.0,855.0,185.0,0
0.0,3677.0,85.0,171.0,4.0,1195.0,55.0,1
14.0,711.0,216.0,154.0,5.0,960.0,363.0,0
15.0,3421.0,79.0,253.0,3.0,835.0,165.0,1
10.0,2874.0,146.0,80.0,5.0,1185.0,95.0,0
5.0,1084.0,14.0,197.0,3.0,360.0,326.0,0
5.0,2709.0,71.0,104.0,1.0,555.0,149.0,0
15.0,1308.0,268.0,241.0,7.0,1070.0,145.0,1
16.0,2882.0,33.0,96.0,5.0,1180.0,122.0,0
14.0,1240.0,216.0,22.0,5.0,1235.0,59.0,1
12.0,6374.0,227.0,253.0,7.0,374.0,91.0,0
14.0,87.0,252.0,216.0,1.0,695.0,303.0,0
12.0,6736.0,79.0,230.0,5.0,480.0,67.0,0
12.0,4637.0,153.0,154.0,5.0,976.0,73.0,1
1.0,1041.0,208.0,258.0,6.0,610.0,280.0,1
6.0,7311.0,188.0,177.0,1.0,390.0,70.0,0
10.0,3531.0,80.0,58.0,6.0,1125.0,145.0,0
2.0,625.0,153.0,214.0,4.0,705.0,140.0,0
1.0,1134.0,80.0,104.0,5.0,1200.0,155.0,1
15.0,341.0,153.0,243.0,6.0,885.0,65.0,1
5.0,1164.0,172.0,16.0,4.0,995.0,122.0,1
13.0,622.0,208.0,78.0,4.0,1025.0,111.0,1
11.0,6390.0,71.0,96.0,4.0,1140.0,126.0,0
14.0,1112.0,216.0,35.0,1.0,495.0,85.0,1
5.0,1032.0,264.0,261.0,3.0,1099.0,101.0,0
12.0,6256.0,208.0,58.0,7.0,970.0,76.0,1
1.0,1599.0,76.0,80.0,6.0,430.0,175.0,0
5.0,1843.0,148.0,252.0,3.0,1050.0,380.0,1
1.0,1627.0,80.0,172.0,7.0,565.0,90.0,0
15.0,1334.0,175.0,262.0,1.0,530.0,285.0,1
3.0,1019.0,35.0,148.0,4.0,700.0,68.0,0
14.0,2138.0,159.0,35.0,7.0,1080.0,75.0,0
1.0,1074.0,80.0,16.0,4.0,855.0,125.0,0
10.0,4428.0,35.0,159.0,1.0,850.0,80.0,0
14.0,1831.0,60.0,183.0,1.0,700.0,132.0,0
13.0,32.0,214.0,79.0,4.0,360.0,146.0,0
15.0,691.0,279.0,79.0,3.0,1170.0,105.0,1
1.0,1367.0,80.0,135.0,6.0,1205.0,70.0,0
8.0,171.0,16.0,241.0,6.0,1335.0,102.0,0
10.0,3308.0,71.0,80.0,6.0,605.0,165.0,1
10.0,2810.0,256.0,80.0,5.0,375.0,60.0,0
1.0,1214.0,268.0,159.0,1.0,665.0,145.0,1
0.0,3848.0,92.0,85.0,7.0,1030.0,75.0,1
7.0,328.0,184.0,35.0,6.0,822.0,133.0,1
15.0,2171.0,153.0,44.0,6.0,1110.0,65.0,0
10.0,3876.0,290.0,208.0,4.0,430.0,105.0,1
2.0,112.0,14.0,252.0,1.0,90.0,200.0,0
13.0,55.0,214.0,253.0,6.0,799.0,108.0,0
15.0,3491.0,129.0,162.0,1.0,695.0,70.0,0
2.0,730.0,252.0,135.0,6.0,680.0,250.0,0
12.0,4549.0,230.0,261.0,3.0,755.0,98.0,0
13.0,61.0,135.0,253.0,7.0,388.0,261.0,0
5.0,1084.0,14.0,197.0,7.0,360.0,326.0,0
5.0,1192.0,262.0,261.0,5.0,385.0,103.0,1
4.0,1128.0,96.0,35.0,3.0,815.0,65.0,0
4.0,1729.0,280.0,135.0,3.0,495.0,142.0,1
5.0,1627.0,16.0,104.0,6.0,515.0,119.0,0
15.0,1793.0,217.0,153.0,6.0,720.0,70.0,0
12.0,4495.0,112.0,197.0,5.0,1140.0,80.0,0
11.0,6417.0,76.0,197.0,6.0,390.0,144.0,0
12.0,6406.0,93.0,253.0,4.0,766.0,90.0,0
10.0,4120.0,208.0,285.0,3.0,1185.0,95.0,1
1.0,595.0,16.0,183.0,4.0,465.0,115.0,0
8.0,550.0,16.0,43.0,6.0,926.0,121.0,0
11.0,6692.0,148.0,238.0,7.0,800.0,95.0,0
15.0,958.0,79.0,279.0,5.0,840.0,90.0,1
0.0,3981.0,197.0,84.0,4.0,935.0,72.0,1
3.0,306.0,160.0,134.0,5.0,540.0,278.0,0
12.0,6831.0,65.0,208.0,7.0,712.0,146.0,1
15.0,831.0,244.0,217.0,1.0,700.0,150.0,0
5.0,1530.0,16.0,85.0,4.0,885.0,120.0,0
17.0,2652.0,60.0,162.0,1.0,880.0,131.0,1
13.0,636.0,208.0,221.0,5.0,391.0,88.0,0
13.0,649.0,208.0,205.0,3.0,1030.0,98.0,0
13.0,382.0,208.0,134.0,4.0,529.0,113.0,0
6.0,5327.0,177.0,132.0,1.0,570.0,62.0,0
8.0,68.0,16.0,134.0,4.0,1043.0,100.0,0
16.0,2980.0,135.0,285.0,3.0,810.0,118.0,0
15.0,1272.0,75.0,162.0,6.0,840.0,60.0,1
5.0,1726.0,104.0,16.0,3.0,970.0,120.0,1
1.0,1686.0,208.0,233.0,4.0,455.0,110.0,0
16.0,2717.0,279.0,135.0,3.0,798.0,94.0,0
3.0,1203.0,43.0,241.0,7.0,420.0,186.0,0
3.0,107.0,43.0,148.0,7.0,350.0,83.0,1
11.0,6384.0,135.0,71.0,4.0,420.0,135.0,0
8.0,931.0,147.0,16.0,1.0,400.0,77.0,0
16.0,5892.0,208.0,132.0,4.0,1144.0,99.0,0
14.0,1937.0,35.0,216.0,5.0,435.0,101.0,0
12.0,6573.0,126.0,79.0,1.0,769.0,56.0,0
1.0,1715.0,208.0,153.0,7.0,785.0,250.0,0
1.0,1940.0,208.0,183.0,6.0,1180.0,180.0,1
14.0,1075.0,216.0,60.0,7.0,505.0,114.0,0
15.0,2015.0,175.0,182.0,1.0,840.0,125.0,0
1.0,625.0,173.0,183.0,1.0,920.0,65.0,1
15.0,577.0,277.0,43.0,5.0,525.0,160.0,1
13.0,167.0,35.0,154.0,7.0,1085.0,392.0,0
0.0,3992.0,157.0,177.0,6.0,480.0,85.0,1
1.0,114.0,154.0,96.0,7.0,495.0,325.0,0
9.0,116.0,128.0,203.0,3.0,480.0,37.0,0
7.0,419.0,79.0,154.0,3.0,1275.0,149.0,0
1.0,1116.0,252.0,80.0,4.0,930.0,225.0,1
5.0,1126.0,16.0,76.0,3.0,841.0,94.0,0
12.0,6374.0,227.0,253.0,4.0,367.0,88.0,0
1.0,1507.0,213.0,80.0,3.0,1095.0,190.0,0
12.0,6988.0,79.0,65.0,7.0,762.0,35.0,0
3.0,369.0,159.0,213.0,3.0,980.0,178.0,1
1.0,1062.0,80.0,216.0,5.0,1005.0,185.0,1
12.0,4760.0,227.0,261.0,7.0,780.0,104.0,1
16.0,2206.0,13.0,135.0,4.0,688.0,92.0,0
8.0,708.0,76.0,16.0,3.0,456.0,108.0,0
15.0,1684.0,262.0,243.0,7.0,965.0,85.0,1
10.0,4117.0,278.0,208.0,3.0,370.0,110.0,0
3.0,177.0,148.0,217.0,4.0,580.0,340.0,0
17.0,2723.0,24.0,217.0,7.0,969.0,91.0,0
6.0,7086.0,76.0,134.0,5.0,360.0,90.0,0
0.0,4067.0,85.0,285.0,3.0,1160.0,98.0,1
15.0,2366.0,153.0,207.0,4.0,715.0,55.0,1
0.0,3950.0,197.0,177.0,6.0,1165.0,119.0,0
14.0,610.0,264.0,217.0,5.0,405.0,89.0,0
10.0,4031.0,181.0,208.0,3.0,410.0,115.0,0
1.0,2272.0,80.0,78.0,1.0,825.0,160.0,1
14.0,1014.0,60.0,208.0,4.0,971.0,124.0,0
15.0,28.0,175.0,58.0,7.0,1095.0,75.0,1
10.0,2734.0,1.0,80.0,4.0,350.0,50.0,0
5.0,1558.0,128.0,154.0,3.0,1300.0,322.0,0
5.0,2189.0,216.0,85.0,3.0,980.0,120.0,1
1.0,1105.0,78.0,80.0,3.0,1160.0,215.0,0
6.0,7125.0,134.0,43.0,4.0,760.0,69.0,0
13.0,393.0,22.0,208.0,5.0,521.0,165.0,0
15.0,882.0,147.0,104.0,3.0,1060.0,70.0,1
12.0,6673.0,253.0,194.0,6.0,495.0,44.0,0
10.0,4658.0,159.0,16.0,4.0,745.0,155.0,0
10.0,4377.0,35.0,148.0,4.0,545.0,80.0,0
14.0,1226.0,96.0,60.0,6.0,495.0,125.0,1
8.0,652.0,244.0,16.0,5.0,1030.0,130.0,0
15.0,1956.0,198.0,129.0,7.0,945.0,75.0,1
12.0,6966.0,253.0,227.0,6.0,879.0,79.0,0
17.0,2876.0,217.0,91.0,5.0,970.0,72.0,0
15.0,1029.0,236.0,153.0,4.0,1185.0,70.0,1
10.0,4482.0,233.0,78.0,3.0,500.0,60.0,0
7.0,212.0,79.0,18.0,5.0,655.0,123.0,0
15.0,1655.0,33.0,175.0,1.0,450.0,90.0,1
15.0,1385.0,153.0,175.0,4.0,865.0,220.0,0
15.0,795.0,172.0,204.0,3.0,980.0,70.0,1
0.0,3791.0,82.0,197.0,3.0,914.0,60.0,0
5.0,1318.0,177.0,45.0,6.0,1145.0,120.0,0
8.0,487.0,45.0,173.0,3.0,760.0,144.0,1
14.0,309.0,60.0,217.0,4.0,1195.0,280.0,0
5.0,2651.0,216.0,261.0,7.0,430.0,318.0,0
1.0,1856.0,183.0,134.0,6.0,665.0,145.0,0
13.0,545.0,35.0,208.0,4.0,1147.0,169.0,0
16.0,2149.0,75.0,135.0,5.0,390.0,58.0,0
12.0,6275.0,111.0,252.0,7.0,872.0,71.0,0
8.0,175.0,16.0,241.0,6.0,620.0,100.0,0
15.0,926.0,202.0,153.0,1.0,1060.0,85.0,1
1.0,2433.0,80.0,154.0,4.0,800.0,205.0,1
5.0,1235.0,261.0,34.0,1.0,680.0,71.0,1
0.0,3728.0,177.0,66.0,5.0,875.0,80.0,0
5.0,1838.0,16.0,78.0,6.0,1040.0,106.0,0
10.0,3363.0,80.0,165.0,6.0,1245.0,85.0,1
4.0,1487.0,173.0,135.0,5.0,715.0,153.0,1
15.0,919.0,45.0,43.0,1.0,595.0,65.0,1
1.0,2033.0,80.0,252.0,5.0,1220.0,255.0,0
15.0,3404.0,236.0,202.0,6.0,1035.0,55.0,0
10.0,4310.0,60.0,208.0,7.0,670.0,125.0,0
17.0,2874.0,217.0,24.0,3.0,885.0,91.0,0
16.0,2866.0,184.0,135.0,6.0,645.0,170.0,0
15.0,1070.0,33.0,268.0,1.0,495.0,70.0,0
6.0,5431.0,195.0,16.0,4.0,410.0,137.0,0
1.0,364.0,80.0,213.0,7.0,1180.0,150.0,0
17.0,7260.0,134.0,16.0,7.0,1332.0,107.0,0
14.0,1719.0,60.0,173.0,4.0,1200.0,97.0,0
5.0,1425.0,45.0,16.0,3.0,975.0,120.0,1
12.0,6354.0,246.0,154.0,3.0,588.0,48.0,1
8.0,354.0,16.0,159.0,3.0,890.0,130.0,1
15.0,894.0,209.0,45.0,3.0,845.0,55.0,0
14.0,1935.0,43.0,216.0,4.0,420.0,81.0,0
15.0,1268.0,35.0,45.0,5.0,405.0,110.0,0
1.0,1279.0,268.0,80.0,3.0,625.0,115.0,0
13.0,840.0,154.0,208.0,3.0,720.0,244.0,1
13.0,50.0,80.0,208.0,3.0,1044.0,136.0,0
15.0,1013.0,13.0,79.0,5.0,1030.0,80.0,1
4.0,408.0,135.0,96.0,6.0,470.0,198.0,1
9.0,105.0,203.0,128.0,3.0,381.0,33.0,0
2.0,661.0,80.0,252.0,6.0,830.0,262.0,1
14.0,1109.0,60.0,147.0,7.0,895.0,82.0,0
14.0,280.0,217.0,258.0,7.0,650.0,117.0,0
5.0,724.0,264.0,16.0,6.0,660.0,254.0,0
13.0,928.0,214.0,208.0,7.0,688.0,232.0,0
1.0,1349.0,204.0,80.0,6.0,1100.0,60.0,0
4.0,1792.0,96.0,173.0,1.0,1090.0,182.0,0
14.0,1930.0,241.0,216.0,5.0,855.0,158.0,0
8.0,430.0,16.0,184.0,7.0,1075.0,126.0,1
13.0,218.0,264.0,79.0,4.0,1049.0,138.0,0
15.0,412.0,154.0,202.0,3.0,1285.0,75.0,0
4.0,58.0,79.0,135.0,5.0,695.0,139.0,0
2.0,626.0,214.0,153.0,5.0,530.0,128.0,1
6.0,7367.0,177.0,275.0,7.0,865.0,89.0,0
1.0,1475.0,80.0,153.0,4.0,800.0,190.0,1
12.0,6769.0,208.0,185.0,5.0,1310.0,51.0,0
14.0,938.0,241.0,60.0,5.0,510.0,111.0,0
15.0,1839.0,134.0,175.0,4.0,395.0,120.0,0
5.0,1097.0,16.0,91.0,6.0,1175.0,215.0,0
16.0,2671.0,22.0,96.0,4.0,633.0,57.0,0
0.0,4324.0,78.0,148.0,3.0,360.0,82.0,0
15.0,2705.0,45.0,61.0,3.0,1210.0,80.0,1
15.0,1333.0,45.0,162.0,1.0,875.0,165.0,1
12.0,4614.0,79.0,261.0,1.0,625.0,97.0,1
17.0,2757.0,84.0,217.0,1.0,890.0,185.0,0
15.0,978.0,253.0,264.0,4.0,1000.0,80.0,1
0.0,3833.0,85.0,205.0,4.0,1185.0,130.0,0
14.0,929.0,85.0,60.0,7.0,390.0,103.0,0
9.0,183.0,128.0,161.0,3.0,936.0,37.0,1
5.0,2510.0,80.0,16.0,4.0,495.0,125.0,0
8.0,1270.0,76.0,173.0,1.0,400.0,144.0,0
10.0,4517.0,159.0,69.0,4.0,1110.0,110.0,0
6.0,5109.0,41.0,16.0,7.0,490.0,98.0,0
3.0,594.0,173.0,130.0,3.0,734.0,155.0,0
15.0,1824.0,182.0,45.0,5.0,365.0,110.0,0
1.0,2042.0,80.0,104.0,3.0,385.0,150.0,0
1.0,450.0,80.0,197.0,1.0,650.0,140.0,0
10.0,4413.0,159.0,290.0,7.0,1090.0,220.0,1
15.0,1945.0,252.0,79.0,5.0,365.0,160.0,0
5.0,2699.0,35.0,197.0,5.0,490.0,202.0,0
3.0,118.0,198.0,148.0,6.0,610.0,164.0,0
2.0,632.0,252.0,217.0,5.0,450.0,170.0,0
1.0,1238.0,252.0,208.0,7.0,525.0,235.0,0
5.0,1922.0,85.0,35.0,7.0,590.0,112.0,1
5.0,1500.0,172.0,85.0,6.0,485.0,115.0,0
15.0,318.0,129.0,244.0,7.0,530.0,55.0,0
12.0,6356.0,253.0,261.0,6.0,1160.0,101.0,0
17.0,7279.0,16.0,208.0,4.0,1025.0,132.0,0
8.0,596.0,16.0,238.0,4.0,1325.0,128.0,0
2.0,7.0,96.0,252.0,4.0,1110.0,375.0,1
10.0,3902.0,208.0,290.0,4.0,540.0,110.0,0
12.0,7023.0,253.0,6.0,3.0,852.0,79.0,1
6.0,5292.0,78.0,22.0,5.0,953.0,80.0,0
14.0,1950.0,80.0,60.0,5.0,945.0,143.0,1
8.0,759.0,132.0,173.0,1.0,715.0,113.0,0
8.0,510.0,159.0,184.0,1.0,975.0,145.0,1
12.0,4705.0,261.0,80.0,4.0,855.0,160.0,0
15.0,181.0,131.0,129.0,1.0,525.0,60.0,0
2.0,98.0,14.0,252.0,5.0,1025.0,205.0,0
5.0,2743.0,96.0,16.0,3.0,1018.0,161.0,0
13.0,723.0,79.0,258.0,5.0,1166.0,165.0,0
1.0,851.0,208.0,197.0,5.0,560.0,90.0,0
14.0,586.0,217.0,153.0,4.0,795.0,71.0,0
15.0,2166.0,264.0,202.0,6.0,405.0,95.0,0
8.0,816.0,35.0,45.0,3.0,750.0,88.0,1
1.0,1616.0,80.0,18.0,7.0,1020.0,55.0,1
16.0,2391.0,96.0,76.0,4.0,960.0,119.0,0
2.0,44.0,23.0,14.0,5.0,866.0,69.0,1
1.0,1067.0,80.0,244.0,6.0,1270.0,65.0,0
17.0,1027.0,203.0,128.0,5.0,890.0,32.0,0
8.0,603.0,45.0,241.0,6.0,916.0,157.0,0
15.0,947.0,253.0,217.0,7.0,1200.0,110.0,1
16.0,2347.0,58.0,197.0,6.0,550.0,115.0,0
5.0,466.0,198.0,16.0,3.0,825.0,90.0,1
14.0,1032.0,60.0,0.0,7.0,1215.0,100.0,0
6.0,5110.0,190.0,16.0,4.0,1100.0,79.0,1
15.0,2273.0,277.0,221.0,6.0,720.0,140.0,1
16.0,2959.0,190.0,135.0,5.0,390.0,94.0,0
12.0,6667.0,179.0,253.0,5.0,439.0,105.0,1
15.0,931.0,79.0,34.0,3.0,1230.0,125.0,1
5.0,1452.0,16.0,71.0,1.0,855.0,85.0,1
4.0,1428.0,60.0,135.0,6.0,360.0,180.0,0
6.0,5549.0,19.0,16.0,4.0,1095.0,72.0,1
4.0,325.0,96.0,58.0,1.0,865.0,96.0,0
12.0,6603.0,79.0,2.0,7.0,818.0,74.0,0
8.0,117.0,16.0,277.0,4.0,969.0,85.0,0
12.0,6979.0,208.0,107.0,1.0,1023.0,101.0,1
1.0,1341.0,208.0,253.0,7.0,435.0,285.0,0
7.0,659.0,79.0,253.0,1.0,735.0,157.0,0
9.0,190.0,161.0,128.0,3.0,1001.0,30.0,1
15.0,2149.0,147.0,216.0,6.0,1040.0,135.0,0
1.0,1741.0,159.0,33.0,6.0,915.0,160.0,0
1.0,1921.0,96.0,183.0,3.0,360.0,185.0,0
3.0,1322.0,45.0,35.0,7.0,515.0,77.0,0
17.0,7305.0,228.0,208.0,1.0,748.0,167.0,1
5.0,1727.0,16.0,104.0,7.0,575.0,129.0,1
11.0,6593.0,134.0,85.0,1.0,1021.0,114.0,0
1.0,1777.0,148.0,173.0,5.0,479.0,180.0,0
16.0,5981.0,208.0,204.0,1.0,715.0,133.0,0
15.0,1667.0,264.0,262.0,3.0,745.0,90.0,1
12.0,4631.0,153.0,154.0,6.0,570.0,75.0,0
12.0,4485.0,99.0,197.0,4.0,1020.0,66.0,0
2.0,493.0,243.0,252.0,4.0,390.0,183.0,0
3.0,301.0,134.0,160.0,7.0,740.0,339.0,1
5.0,1941.0,71.0,217.0,6.0,575.0,258.0,1
4.0,746.0,135.0,208.0,7.0,910.0,155.0,0
15.0,2794.0,202.0,261.0,4.0,805.0,100.0,1
8.0,778.0,153.0,16.0,7.0,785.0,230.0,0
16.0,2766.0,158.0,135.0,1.0,964.0,64.0,0
14.0,288.0,258.0,217.0,7.0,1155.0,105.0,0
15.0,2142.0,268.0,172.0,6.0,650.0,65.0,0
12.0,4602.0,102.0,261.0,4.0,1020.0,95.0,0
1.0,472.0,261.0,80.0,3.0,1050.0,150.0,0
15.0,126.0,33.0,58.0,4.0,1200.0,85.0,1
6.0,5454.0,87.0,16.0,3.0,817.0,72.0,0
5.0,2406.0,253.0,197.0,1.0,725.0,229.0,1
16.0,5899.0,208.0,233.0,6.0,860.0,120.0,1
15.0,1525.0,202.0,252.0,4.0,950.0,125.0,1
10.0,3330.0,254.0,80.0,4.0,960.0,85.0,0
15.0,1624.0,79.0,205.0,7.0,1140.0,80.0,0
14.0,1019.0,60.0,183.0,6.0,600.0,131.0,0
10.0,4355.0,204.0,208.0,1.0,400.0,135.0,1
1.0,1381.0,16.0,80.0,5.0,500.0,155.0,0
1.0,541.0,80.0,91.0,7.0,1075.0,105.0,1
13.0,753.0,253.0,79.0,5.0,778.0,156.0,0
1.0,645.0,260.0,183.0,3.0,555.0,165.0,1
5.0,2722.0,217.0,85.0,7.0,30.0,228.0,0
15.0,1546.0,233.0,45.0,1.0,1100.0,60.0,1
8.0,83.0,16.0,104.0,5.0,610.0,117.0,0
5.0,1896.0,16.0,147.0,5.0,959.0,71.0,0
12.0,7050.0,79.0,110.0,7.0,673.0,91.0,1
15.0,704.0,261.0,175.0,4.0,740.0,195.0,1
13.0,796.0,134.0,153.0,6.0,497.0,316.0,0
16.0,2671.0,22.0,96.0,7.0,636.0,54.0,0
16.0,2095.0,221.0,135.0,6.0,355.0,185.0,0
15.0,671.0,175.0,79.0,3.0,965.0,165.0,1
10.0,2742.0,290.0,80.0,3.0,595.0,75.0,1
14.0,280.0,244.0,217.0,4.0,505.0,160.0,0
0.0,3815.0,223.0,177.0,1.0,375.0,91.0,0
1.0,1672.0,80.0,183.0,5.0,1110.0,155.0,1
1.0,1355.0,80.0,217.0,3.0,705.0,155.0,1
4.0,149.0,104.0,135.0,4.0,902.0,167.0,0
5.0,1888.0,153.0,177.0,7.0,480.0,190.0,1
15.0,3414.0,202.0,264.0,5.0,1060.0,80.0,1
6.0,5136.0,16.0,288.0,5.0,572.0,78.0,0
2.0,22.0,252.0,208.0,5.0,765.0,242.0,0
1.0,1494.0,18.0,80.0,7.0,540.0,65.0,0
0.0,3656.0,247.0,85.0,6.0,410.0,70.0,0
1.0,1532.0,153.0,80.0,3.0,1120.0,140.0,0
3.0,1422.0,160.0,214.0,1.0,680.0,143.0,0
15.0,2642.0,104.0,277.0,7.0,1220.0,60.0,0
13.0,622.0,208.0,198.0,7.0,474.0,145.0,0
13.0,909.0,208.0,79.0,6.0,910.0,170.0,1
15.0,731.0,216.0,35.0,7.0,1035.0,80.0,0
6.0,5399.0,84.0,16.0,5.0,606.0,126.0,1
12.0,4883.0,18.0,261.0,7.0,1139.0,169.0,0
15.0,313.0,58.0,175.0,7.0,1095.0,75.0,1
15.0,705.0,79.0,205.0,7.0,865.0,80.0,0
5.0,2636.0,107.0,197.0,7.0,420.0,68.0,0
10.0,3030.0,194.0,154.0,4.0,1025.0,65.0,0
13.0,150.0,253.0,208.0,4.0,998.0,257.0,0
4.0,279.0,135.0,244.0,4.0,715.0,61.0,1
15.0,2633.0,243.0,253.0,3.0,770.0,90.0,1
3.0,706.0,260.0,148.0,5.0,752.0,241.0,1
5.0,1815.0,159.0,71.0,6.0,370.0,129.0,0
12.0,4697.0,177.0,204.0,3.0,555.0,106.0,0
8.0,373.0,159.0,16.0,7.0,528.0,162.0,1
12.0,6692.0,243.0,154.0,7.0,684.0,45.0,0
1.0,2258.0,80.0,221.0,5.0,490.0,150.0,1
15.0,767.0,153.0,262.0,3.0,995.0,90.0,1
1.0,19.0,148.0,154.0,4.0,635.0,375.0,0
9.0,354.0,161.0,128.0,5.0,941.0,32.0,1
14.0,1750.0,153.0,216.0,3.0,890.0,276.0,1
14.0,940.0,217.0,197.0,3.0,1190.0,184.0,0
12.0,4557.0,261.0,114.0,5.0,826.0,64.0,1
15.0,897.0,264.0,258.0,1.0,490.0,80.0,1
7.0,383.0,104.0,79.0,5.0,460.0,268.0,0
5.0,2991.0,177.0,261.0,7.0,1120.0,205.0,0
11.0,6518.0,109.0,71.0,1.0,886.0,54.0,0
5.0,2506.0,197.0,177.0,1.0,980.0,120.0,1
12.0,6432.0,251.0,208.0,6.0,1129.0,91.0,0
15.0,120.0,85.0,175.0,5.0,1150.0,80.0,1
15.0,167.0,202.0,153.0,4.0,600.0,85.0,1
3.0,232.0,160.0,261.0,5.0,482.0,103.0,0
5.0,1885.0,16.0,198.0,3.0,665.0,103.0,0
12.0,6341.0,154.0,243.0,3.0,1125.0,47.0,0
13.0,898.0,134.0,35.0,5.0,1014.0,95.0,1
10.0,3201.0,80.0,52.0,7.0,790.0,110.0,0
1.0,428.0,80.0,233.0,7.0,960.0,150.0,1
12.0,4640.0,197.0,230.0,3.0,875.0,96.0,1
15.0,3420.0,153.0,258.0,5.0,500.0,85.0,1
5.0,2404.0,154.0,261.0,1.0,618.0,111.0,1
1.0,1890.0,154.0,208.0,7.0,1020.0,230.0,1
5.0,379.0,43.0,16.0,1.0,817.0,136.0,1
6.0,5527.0,16.0,36.0,3.0,915.0,70.0,1
1.0,949.0,173.0,183.0,3.0,1015.0,65.0,1
5.0,1242.0,16.0,267.0,3.0,665.0,99.0,1
13.0,589.0,208.0,216.0,6.0,972.0,123.0,1
12.0,6345.0,224.0,253.0,1.0,360.0,125.0,1
0.0,3918.0,244.0,177.0,1.0,709.0,116.0,0
0.0,4212.0,152.0,85.0,5.0,495.0,63.0,0
15.0,3401.0,244.0,33.0,4.0,880.0,125.0,0
12.0,7009.0,130.0,208.0,6.0,875.0,156.0,1
0.0,3669.0,177.0,135.0,4.0,560.0,120.0,0
10.0,3287.0,41.0,80.0,7.0,825.0,90.0,0
12.0,6971.0,280.0,79.0,3.0,986.0,110.0,1
16.0,2347.0,58.0,197.0,5.0,460.0,122.0,0
16.0,3005.0,135.0,68.0,4.0,1055.0,59.0,0
1.0,1055.0,216.0,80.0,7.0,695.0,235.0,0
15.0,3311.0,198.0,129.0,3.0,1240.0,70.0,1
1.0,1976.0,80.0,139.0,5.0,1175.0,120.0,0
11.0,6626.0,85.0,120.0,6.0,1195.0,114.0,0
3.0,584.0,104.0,130.0,4.0,1034.0,173.0,1
15.0,372.0,197.0,175.0,5.0,630.0,95.0,0
6.0,5373.0,16.0,273.0,4.0,925.0,130.0,0
15.0,2297.0,277.0,33.0,4.0,420.0,115.0,1
15.0,3743.0,35.0,268.0,4.0,450.0,195.0,0
1.0,607.0,208.0,154.0,7.0,1215.0,275.0,1
5.0,2099.0,16.0,172.0,5.0,455.0,142.0,0
5.0,2172.0,277.0,16.0,5.0,1055.0,101.0,0
5.0,1754.0,154.0,16.0,6.0,695.0,259.0,0
0.0,4002.0,177.0,27.0,4.0,1180.0,65.0,0
13.0,466.0,253.0,79.0,1.0,1053.0,147.0,1
15.0,1334.0,175.0,262.0,4.0,530.0,285.0,1
14.0,610.0,217.0,16.0,3.0,610.0,226.0,0
1.0,855.0,104.0,80.0,5.0,820.0,195.0,0
15.0,760.0,154.0,91.0,7.0,845.0,110.0,1
15.0,1854.0,217.0,172.0,4.0,700.0,155.0,1
15.0,1747.0,129.0,175.0,3.0,695.0,145.0,1
6.0,5219.0,78.0,147.0,3.0,1210.0,126.0,0
5.0,651.0,175.0,16.0,6.0,675.0,114.0,1
14.0,859.0,173.0,78.0,5.0,945.0,122.0,0
16.0,2123.0,16.0,135.0,7.0,740.0,139.0,1
15.0,378.0,45.0,277.0,7.0,695.0,150.0,1
3.0,1056.0,221.0,148.0,7.0,1066.0,104.0,0
16.0,2271.0,172.0,135.0,7.0,1022.0,119.0,1
15.0,739.0,43.0,277.0,3.0,855.0,175.0,1
6.0,5267.0,16.0,10.0,5.0,600.0,119.0,0
15.0,1221.0,221.0,175.0,3.0,1140.0,110.0,1
2.0,465.0,154.0,252.0,6.0,920.0,165.0,1
17.0,2870.0,292.0,217.0,4.0,770.0,54.0,0
12.0,7050.0,79.0,110.0,4.0,677.0,91.0,0
12.0,6725.0,244.0,79.0,5.0,1170.0,136.0,1
15.0,930.0,262.0,44.0,5.0,755.0,70.0,1
7.0,848.0,252.0,79.0,4.0,1145.0,147.0,0
11.0,6277.0,78.0,61.0,5.0,897.0,98.0,0
15.0,1376.0,153.0,205.0,6.0,930.0,160.0,1
1.0,1887.0,80.0,153.0,4.0,395.0,175.0,0
1.0,1512.0,253.0,208.0,4.0,670.0,255.0,0
15.0,674.0,146.0,173.0,7.0,620.0,100.0,0
15.0,1968.0,35.0,175.0,5.0,1015.0,170.0,1
9.0,21.0,252.0,128.0,6.0,560.0,375.0,1
14.0,56.0,208.0,216.0,1.0,360.0,119.0,0
12.0,6810.0,214.0,252.0,5.0,1305.0,49.0,0
1.0,445.0,78.0,208.0,3.0,360.0,125.0,0
5.0,2877.0,208.0,16.0,3.0,742.0,123.0,1
10.0,4394.0,148.0,35.0,3.0,839.0,71.0,1
4.0,629.0,79.0,96.0,7.0,745.0,226.0,1
12.0,6842.0,134.0,80.0,7.0,1010.0,214.0,0
6.0,5095.0,16.0,33.0,1.0,815.0,66.0,1
1.0,1143.0,80.0,205.0,3.0,525.0,105.0,0
10.0,4383.0,148.0,268.0,6.0,1110.0,190.0,0
10.0,3745.0,208.0,216.0,4.0,980.0,115.0,1
10.0,3118.0,236.0,154.0,4.0,480.0,105.0,0
1.0,2416.0,154.0,80.0,1.0,440.0,180.0,1
8.0,765.0,213.0,16.0,6.0,1007.0,107.0,0
4.0,1729.0,280.0,135.0,1.0,495.0,142.0,0
0.0,3671.0,85.0,82.0,5.0,730.0,119.0,1
15.0,2710.0,268.0,162.0,5.0,1175.0,65.0,1
15.0,827.0,33.0,18.0,3.0,655.0,140.0,0
2.0,124.0,98.0,252.0,6.0,525.0,225.0,0
0.0,3711.0,229.0,85.0,1.0,741.0,142.0,1
14.0,718.0,35.0,216.0,4.0,930.0,111.0,0
5.0,1924.0,16.0,45.0,7.0,1290.0,113.0,0
9.0,361.0,143.0,128.0,5.0,1116.0,49.0,0
13.0,200.0,252.0,208.0,3.0,826.0,238.0,0
13.0,818.0,134.0,35.0,3.0,1330.0,94.0,0
16.0,2822.0,135.0,121.0,6.0,1195.0,123.0,0
6.0,5390.0,87.0,16.0,7.0,941.0,78.0,0
5.0,1231.0,214.0,261.0,1.0,627.0,103.0,1
12.0,6350.0,253.0,207.0,1.0,724.0,79.0,0
15.0,1414.0,153.0,264.0,1.0,905.0,65.0,0
16.0,2004.0,45.0,96.0,5.0,601.0,59.0,0
3.0,510.0,104.0,96.0,5.0,1290.0,163.0,1
3.0,450.0,104.0,35.0,4.0,440.0,179.0,0
16.0,2044.0,135.0,60.0,5.0,1055.0,136.0,0
12.0,4837.0,29.0,197.0,6.0,895.0,86.0,1
1.0,119.0,96.0,154.0,3.0,1090.0,380.0,1
7.0,799.0,79.0,214.0,6.0,1090.0,165.0,1
1.0,655.0,148.0,269.0,3.0,540.0,250.0,1
1.0,1959.0,35.0,183.0,3.0,1060.0,225.0,1
4.0,521.0,16.0,135.0,4.0,560.0,148.0,0
12.0,4731.0,179.0,261.0,3.0,790.0,104.0,0
15.0,1124.0,236.0,153.0,5.0,545.0,75.0,0
17.0,2664.0,60.0,174.0,1.0,1070.0,91.0,0
15.0,1308.0,129.0,268.0,1.0,930.0,115.0,1
15.0,618.0,228.0,45.0,3.0,430.0,90.0,0
15.0,3425.0,261.0,217.0,4.0,775.0,95.0,1
13.0,347.0,154.0,35.0,6.0,522.0,329.0,0
1.0,2433.0,80.0,154.0,1.0,800.0,205.0,0
13.0,509.0,79.0,252.0,4.0,1299.0,183.0,0
15.0,378.0,277.0,244.0,5.0,880.0,180.0,0
13.0,2.0,128.0,208.0,7.0,1035.0,484.0,0
12.0,6377.0,79.0,67.0,7.0,683.0,60.0,1
12.0,6443.0,204.0,154.0,3.0,658.0,192.0,1
12.0,6954.0,79.0,261.0,4.0,1060.0,88.0,0
1.0,1646.0,80.0,183.0,5.0,650.0,155.0,1
16.0,5903.0,121.0,208.0,1.0,1068.0,124.0,0
12.0,4722.0,160.0,261.0,1.0,985.0,109.0,0
15.0,1304.0,79.0,233.0,6.0,975.0,195.0,0
10.0,2746.0,38.0,80.0,4.0,745.0,95.0,0
1.0,494.0,2.0,80.0,1.0,945.0,100.0,0
15.0,24.0,27.0,33.0,5.0,915.0,55.0,1
12.0,6743.0,253.0,6.0,7.0,805.0,79.0,0
1.0,406.0,268.0,208.0,4.0,954.0,80.0,0
6.0,5520.0,16.0,11.0,3.0,1242.0,56.0,0
16.0,2538.0,18.0,135.0,5.0,450.0,56.0,0
10.0,3646.0,147.0,183.0,5.0,1150.0,80.0,0
16.0,5895.0,33.0,134.0,6.0,534.0,104.0,1
10.0,4212.0,208.0,43.0,4.0,720.0,95.0,0
5.0,322.0,153.0,148.0,7.0,1319.0,291.0,0
3.0,709.0,148.0,260.0,1.0,960.0,239.0,1
10.0,2782.0,157.0,80.0,1.0,385.0,160.0,0
9.0,148.0,128.0,150.0,1.0,776.0,43.0,0
13.0,239.0,198.0,154.0,3.0,440.0,265.0,0
5.0,1234.0,261.0,264.0,5.0,520.0,122.0,0
5.0,2283.0,47.0,16.0,5.0,385.0,78.0,0
15.0,1116.0,22.0,153.0,3.0,810.0,355.0,1
15.0,3425.0,252.0,261.0,1.0,575.0,110.0,0
15.0,817.0,44.0,258.0,7.0,485.0,65.0,0
13.0,464.0,208.0,84.0,6.0,1260.0,82.0,0
16.0,2696.0,76.0,58.0,1.0,365.0,54.0,1
1.0,1578.0,80.0,268.0,1.0,865.0,95.0,0
8.0,242.0,16.0,213.0,4.0,1260.0,107.0,0
1.0,819.0,205.0,80.0,3.0,935.0,115.0,0
5.0,2921.0,197.0,154.0,7.0,555.0,250.0,0
15.0,143.0,175.0,243.0,3.0,935.0,275.0,1
11.0,6270.0,71.0,209.0,1.0,935.0,94.0,1
8.0,680.0,173.0,184.0,6.0,1196.0,177.0,1
12.0,6716.0,69.0,208.0,5.0,370.0,97.0,1
13.0,91.0,96.0,253.0,1.0,383.0,393.0,0
15.0,3862.0,277.0,104.0,1.0,500.0,55.0,0
1.0,1972.0,253.0,208.0,3.0,610.0,255.0,0
9.0,513.0,128.0,161.0,3.0,605.0,37.0,0
14.0,1170.0,60.0,221.0,4.0,895.0,87.0,0
9.0,102.0,128.0,143.0,1.0,305.0,49.0,0
15.0,894.0,277.0,209.0,1.0,700.0,115.0,0
16.0,2339.0,58.0,117.0,3.0,910.0,83.0,1
1.0,1630.0,80.0,153.0,5.0,735.0,180.0,0
12.0,7009.0,208.0,130.0,1.0,660.0,121.0,0
16.0,2070.0,165.0,135.0,4.0,1031.0,72.0,0
14.0,605.0,153.0,217.0,5.0,1080.0,70.0,0
6.0,5299.0,238.0,16.0,7.0,450.0,155.0,0
8.0,991.0,221.0,16.0,6.0,1183.0,112.0,0
8.0,1035.0,241.0,221.0,1.0,516.0,149.0,0
5.0,1264.0,261.0,134.0,6.0,1016.0,246.0,0
1.0,1145.0,45.0,80.0,5.0,555.0,220.0,0
15.0,1753.0,173.0,61.0,1.0,850.0,135.0,1
16.0,2551.0,147.0,135.0,4.0,1060.0,149.0,0
12.0,6427.0,27.0,208.0,1.0,364.0,132.0,0
5.0,1916.0,79.0,16.0,3.0,790.0,174.0,1
12.0,6841.0,204.0,208.0,1.0,1098.0,122.0,0
10.0,3647.0,183.0,147.0,4.0,1050.0,75.0,1
14.0,1431.0,60.0,154.0,3.0,465.0,322.0,1
15.0,1289.0,175.0,159.0,5.0,1195.0,125.0,1
13.0,312.0,277.0,134.0,7.0,827.0,135.0,1
13.0,300.0,79.0,84.0,5.0,754.0,99.0,0
1.0,863.0,80.0,183.0,6.0,470.0,165.0,0
9.0,529.0,203.0,128.0,6.0,781.0,34.0,0
1.0,884.0,268.0,78.0,5.0,450.0,115.0,0
14.0,1019.0,228.0,60.0,7.0,385.0,143.0,1
1.0,1557.0,35.0,208.0,6.0,755.0,170.0,0
6.0,5583.0,52.0,16.0,1.0,340.0,47.0,0
15.0,1095.0,61.0,45.0,3.0,1085.0,70.0,1
4.0,35.0,135.0,18.0,5.0,925.0,52.0,0
15.0,1945.0,175.0,159.0,4.0,1100.0,130.0,1
16.0,5906.0,237.0,208.0,1.0,619.0,116.0,1
15.0,1216.0,262.0,153.0,7.0,520.0,80.0,0
13.0,374.0,197.0,208.0,3.0,475.0,85.0,0
11.0,6270.0,71.0,209.0,5.0,935.0,94.0,0
5.0,1003.0,16.0,184.0,4.0,885.0,125.0,0
16.0,5898.0,237.0,208.0,5.0,1059.0,116.0,0
9.0,362.0,128.0,143.0,7.0,1100.0,51.0,0
13.0,203.0,208.0,197.0,1.0,530.0,94.0,0
15.0,1163.0,253.0,264.0,3.0,410.0,85.0,0
1.0,686.0,80.0,96.0,4.0,1135.0,195.0,1
8.0,703.0,16.0,76.0,1.0,1010.0,82.0,0
13.0,733.0,79.0,253.0,5.0,824.0,165.0,0
16.0,2248.0,177.0,96.0,3.0,1120.0,153.0,0
13.0,463.0,208.0,197.0,5.0,1315.0,93.0,1
10.0,3272.0,218.0,80.0,7.0,455.0,135.0,0
10.0,3450.0,290.0,80.0,5.0,360.0,70.0,1
3.0,1758.0,260.0,104.0,5.0,796.0,164.0,0
3.0,634.0,253.0,35.0,7.0,835.0,320.0,1
15.0,1103.0,217.0,153.0,4.0,495.0,65.0,1
13.0,922.0,208.0,134.0,1.0,360.0,108.0,0
15.0,765.0,153.0,262.0,3.0,705.0,95.0,0
14.0,1705.0,22.0,60.0,5.0,1150.0,134.0,0
12.0,4594.0,56.0,197.0,4.0,420.0,63.0,1
10.0,4120.0,208.0,285.0,7.0,1185.0,95.0,1
13.0,130.0,154.0,216.0,1.0,546.0,319.0,0
1.0,1255.0,80.0,252.0,3.0,990.0,260.0,0
17.0,2907.0,217.0,114.0,3.0,1184.0,125.0,0
17.0,7267.0,229.0,208.0,1.0,420.0,177.0,0
13.0,174.0,253.0,154.0,7.0,852.0,92.0,1
13.0,670.0,198.0,134.0,1.0,768.0,147.0,0
3.0,44.0,148.0,273.0,7.0,455.0,69.0,0
0.0,4185.0,221.0,177.0,1.0,430.0,143.0,0
4.0,1479.0,135.0,244.0,3.0,1275.0,59.0,1
4.0,525.0,96.0,58.0,6.0,600.0,94.0,0
6.0,7081.0,76.0,134.0,4.0,873.0,86.0,0
14.0,1585.0,216.0,173.0,4.0,690.0,154.0,0
2.0,495.0,243.0,252.0,5.0,510.0,183.0,0
3.0,1207.0,130.0,241.0,7.0,900.0,189.0,1
11.0,6549.0,178.0,177.0,1.0,345.0,118.0,0
5.0,332.0,213.0,16.0,3.0,657.0,110.0,1
15.0,730.0,75.0,129.0,6.0,480.0,60.0,1
6.0,5310.0,11.0,16.0,3.0,813.0,67.0,0
13.0,22.0,154.0,148.0,7.0,505.0,334.0,0
15.0,3133.0,139.0,277.0,3.0,820.0,140.0,0
14.0,48.0,78.0,153.0,5.0,510.0,324.0,0
10.0,3042.0,246.0,154.0,6.0,875.0,45.0,0
16.0,5982.0,208.0,251.0,1.0,973.0,72.0,1
2.0,55.0,98.0,249.0,4.0,460.0,71.0,0
5.0,1738.0,267.0,16.0,5.0,953.0,98.0,1
0.0,4050.0,85.0,247.0,6.0,830.0,60.0,0
16.0,2541.0,58.0,60.0,4.0,465.0,88.0,0
12.0,6672.0,208.0,265.0,3.0,1028.0,51.0,0
5.0,2002.0,241.0,16.0,4.0,970.0,108.0,1
16.0,2586.0,139.0,96.0,7.0,705.0,115.0,0
15.0,1370.0,217.0,252.0,5.0,1220.0,190.0,1
7.0,234.0,264.0,79.0,4.0,618.0,129.0,0
1.0,1833.0,96.0,80.0,1.0,725.0,245.0,0
2.0,181.0,14.0,98.0,7.0,420.0,60.0,0
13.0,472.0,208.0,61.0,5.0,785.0,76.0,0
15.0,1374.0,154.0,253.0,6.0,1170.0,75.0,1
3.0,1228.0,233.0,35.0,5.0,1215.0,100.0,0
10.0,4002.0,208.0,290.0,4.0,935.0,110.0,0
16.0,2853.0,76.0,96.0,6.0,383.0,105.0,0
8.0,557.0,43.0,16.0,1.0,345.0,150.0,0
5.0,1453.0,159.0,197.0,1.0,370.0,184.0,0
16.0,2800.0,135.0,290.0,4.0,1197.0,94.0,0
15.0,525.0,154.0,18.0,7.0,580.0,170.0,1
13.0,486.0,18.0,134.0,1.0,713.0,194.0,0
6.0,5581.0,118.0,16.0,3.0,405.0,134.0,1
15.0,1027.0,198.0,277.0,5.0,800.0,85.0,0
7.0,783.0,79.0,153.0,5.0,595.0,113.0,0
1.0,1309.0,80.0,253.0,7.0,830.0,235.0,1
15.0,857.0,184.0,45.0,1.0,500.0,120.0,0
5.0,2461.0,216.0,16.0,3.0,765.0,140.0,1
15.0,553.0,175.0,22.0,7.0,985.0,125.0,1
5.0,2794.0,16.0,216.0,5.0,580.0,135.0,0
15.0,378.0,244.0,75.0,4.0,1025.0,55.0,1
17.0,2681.0,60.0,267.0,5.0,564.0,107.0,0
13.0,53.0,148.0,154.0,3.0,690.0,375.0,1
5.0,1047.0,16.0,268.0,5.0,665.0,105.0,0
14.0,363.0,217.0,262.0,5.0,500.0,122.0,0
14.0,1172.0,277.0,78.0,6.0,715.0,125.0,0
14.0,1096.0,216.0,233.0,4.0,940.0,82.0,1
2.0,106.0,14.0,252.0,5.0,1290.0,202.0,0
2.0,83.0,252.0,14.0,6.0,480.0,220.0,1
16.0,2618.0,58.0,251.0,4.0,740.0,72.0,0
8.0,292.0,129.0,16.0,6.0,1019.0,112.0,0
15.0,569.0,153.0,277.0,4.0,595.0,250.0,0
1.0,672.0,269.0,183.0,4.0,920.0,180.0,0
3.0,195.0,148.0,153.0,3.0,1140.0,359.0,0
15.0,1181.0,45.0,61.0,1.0,460.0,80.0,0
0.0,3719.0,85.0,43.0,1.0,1050.0,80.0,1
14.0,71.0,79.0,217.0,5.0,480.0,135.0,0
0.0,3786.0,177.0,108.0,3.0,1160.0,74.0,0
12.0,6256.0,99.0,208.0,7.0,806.0,112.0,0
15.0,1956.0,129.0,244.0,4.0,1055.0,55.0,0
16.0,3150.0,213.0,58.0,4.0,725.0,157.0,0
10.0,2987.0,11.0,80.0,3.0,990.0,175.0,0
12.0,6852.0,79.0,172.0,5.0,524.0,96.0,0
15.0,3341.0,129.0,175.0,7.0,815.0,145.0,1
15.0,3222.0,268.0,129.0,3.0,1175.0,135.0,1
12.0,6464.0,232.0,253.0,3.0,890.0,101.0,1
15.0,964.0,43.0,173.0,4.0,1015.0,170.0,1
5.0,1253.0,16.0,221.0,6.0,980.0,104.0,0
15.0,1868.0,205.0,175.0,3.0,390.0,85.0,1
10.0,3602.0,54.0,183.0,3.0,925.0,100.0,0
12.0,6459.0,79.0,80.0,4.0,974.0,111.0,1
15.0,2027.0,85.0,79.0,4.0,1115.0,200.0,1
5.0,2953.0,261.0,202.0,4.0,1203.0,120.0,1
5.0,1795.0,16.0,264.0,3.0,655.0,305.0,1
1.0,1786.0,277.0,148.0,7.0,800.0,160.0,1
12.0,6407.0,253.0,111.0,5.0,540.0,121.0,1
15.0,45.0,228.0,175.0,1.0,695.0,165.0,1
6.0,5609.0,177.0,205.0,1.0,830.0,107.0,0
5.0,1999.0,172.0,177.0,5.0,375.0,88.0,0
2.0,561.0,154.0,214.0,5.0,370.0,147.0,0
3.0,690.0,78.0,35.0,7.0,1200.0,82.0,1
12.0,6990.0,79.0,170.0,4.0,664.0,96.0,0
15.0,238.0,198.0,129.0,7.0,495.0,75.0,0
5.0,1830.0,261.0,148.0,6.0,1020.0,271.0,1
14.0,486.0,236.0,217.0,7.0,365.0,107.0,1
12.0,6320.0,154.0,243.0,4.0,372.0,48.0,1
12.0,7774.0,261.0,255.0,3.0,920.0,81.0,0
5.0,1592.0,243.0,16.0,4.0,385.0,249.0,0
6.0,5334.0,16.0,4.0,6.0,574.0,62.0,0
5.0,1069.0,233.0,16.0,5.0,1110.0,93.0,0
15.0,869.0,75.0,13.0,5.0,450.0,70.0,1
5.0,1513.0,16.0,85.0,3.0,1080.0,125.0,1
15.0,718.0,182.0,175.0,4.0,1005.0,165.0,0
14.0,148.0,217.0,153.0,4.0,1270.0,70.0,0
12.0,6578.0,79.0,29.0,4.0,842.0,94.0,0
10.0,3659.0,183.0,120.0,6.0,1185.0,125.0,0
8.0,1278.0,285.0,173.0,7.0,738.0,97.0,0
1.0,462.0,183.0,78.0,5.0,980.0,145.0,0
13.0,573.0,253.0,252.0,1.0,1003.0,133.0,1
10.0,2803.0,80.0,254.0,4.0,670.0,75.0,0
15.0,674.0,173.0,182.0,3.0,810.0,170.0,1
15.0,271.0,243.0,33.0,3.0,700.0,220.0,1
5.0,2394.0,16.0,216.0,6.0,1065.0,127.0,0
14.0,395.0,153.0,80.0,7.0,705.0,158.0,0
8.0,1217.0,175.0,267.0,5.0,910.0,153.0,0
1.0,374.0,280.0,208.0,4.0,410.0,205.0,0
17.0,2762.0,217.0,244.0,7.0,595.0,141.0,0
15.0,2116.0,221.0,45.0,4.0,400.0,75.0,0
8.0,434.0,16.0,184.0,5.0,525.0,124.0,0
1.0,1650.0,280.0,80.0,1.0,625.0,130.0,0
2.0,101.0,252.0,14.0,3.0,930.0,220.0,1
10.0,4017.0,208.0,174.0,4.0,570.0,105.0,1
0.0,3848.0,85.0,27.0,7.0,1175.0,127.0,0
16.0,2984.0,135.0,204.0,6.0,780.0,76.0,0
1.0,2321.0,208.0,80.0,3.0,700.0,150.0,1
12.0,6971.0,280.0,79.0,1.0,986.0,110.0,0
13.0,342.0,79.0,35.0,7.0,998.0,222.0,0
16.0,2207.0,136.0,135.0,1.0,990.0,106.0,1
15.0,264.0,79.0,268.0,3.0,385.0,120.0,0
12.0,6626.0,227.0,79.0,1.0,805.0,122.0,0
12.0,4473.0,261.0,2.0,4.0,910.0,100.0,0
10.0,2711.0,80.0,47.0,3.0,450.0,130.0,0
1.0,621.0,197.0,80.0,1.0,425.0,165.0,0
12.0,4864.0,197.0,33.0,7.0,1040.0,138.0,1
8.0,982.0,16.0,221.0,4.0,525.0,100.0,0
15.0,1826.0,79.0,45.0,7.0,995.0,200.0,1
12.0,4464.0,261.0,46.0,5.0,1191.0,80.0,1
13.0,765.0,79.0,154.0,5.0,1145.0,165.0,0
15.0,340.0,202.0,264.0,3.0,780.0,80.0,1
1.0,489.0,216.0,183.0,7.0,1115.0,185.0,1
12.0,6555.0,114.0,79.0,6.0,592.0,58.0,0
15.0,288.0,45.0,43.0,4.0,530.0,65.0,1
12.0,3046.0,184.0,84.0,7.0,740.0,68.0,0
4.0,348.0,96.0,253.0,4.0,1080.0,385.0,1
15.0,1225.0,129.0,27.0,4.0,1205.0,90.0,1
8.0,610.0,184.0,253.0,6.0,555.0,290.0,0
2.0,236.0,214.0,243.0,4.0,415.0,145.0,0
8.0,558.0,16.0,43.0,3.0,615.0,122.0,1
7.0,377.0,184.0,79.0,5.0,510.0,155.0,0
15.0,1556.0,213.0,45.0,6.0,750.0,145.0,0
15.0,2958.0,75.0,244.0,7.0,530.0,65.0,0
6.0,4968.0,132.0,16.0,3.0,1090.0,64.0,0
9.0,157.0,203.0,128.0,7.0,735.0,34.0,0
15.0,1136.0,153.0,154.0,3.0,365.0,65.0,0
14.0,902.0,138.0,60.0,1.0,425.0,64.0,1
2.0,22.0,252.0,208.0,4.0,765.0,242.0,0
15.0,3403.0,35.0,268.0,1.0,990.0,195.0,1
15.0,59.0,75.0,129.0,7.0,1260.0,60.0,1
5.0,1451.0,197.0,153.0,3.0,1305.0,213.0,1
1.0,567.0,80.0,253.0,7.0,1065.0,230.0,1
15.0,561.0,153.0,154.0,3.0,740.0,65.0,0
12.0,6698.0,214.0,79.0,3.0,477.0,145.0,0
14.0,1513.0,60.0,217.0,3.0,779.0,276.0,1
15.0,786.0,43.0,277.0,1.0,455.0,175.0,1
4.0,150.0,135.0,207.0,3.0,900.0,215.0,1
11.0,6520.0,159.0,27.0,3.0,1290.0,165.0,1
4.0,798.0,96.0,253.0,7.0,525.0,391.0,0
12.0,6429.0,153.0,253.0,1.0,637.0,102.0,0
15.0,2394.0,202.0,44.0,6.0,455.0,65.0,1
1.0,876.0,208.0,35.0,1.0,395.0,135.0,0
5.0,1596.0,85.0,172.0,7.0,1060.0,125.0,1
15.0,2600.0,33.0,243.0,6.0,820.0,280.0,1
8.0,271.0,35.0,16.0,5.0,713.0,176.0,1
10.0,2899.0,288.0,80.0,6.0,1070.0,135.0,0
5.0,1632.0,198.0,261.0,1.0,1100.0,219.0,0
1.0,299.0,183.0,154.0,7.0,490.0,350.0,0
0.0,4302.0,58.0,85.0,4.0,725.0,60.0,0
1.0,2029.0,159.0,183.0,5.0,479.0,195.0,0
15.0,729.0,153.0,236.0,3.0,445.0,75.0,1
2.0,187.0,14.0,98.0,7.0,835.0,58.0,0
16.0,2613.0,96.0,61.0,7.0,1170.0,117.0,1
0.0,3951.0,177.0,223.0,4.0,1175.0,84.0,0
17.0,2638.0,71.0,60.0,5.0,1084.0,86.0,0
6.0,5484.0,87.0,16.0,1.0,420.0,80.0,0
12.0,6692.0,154.0,243.0,5.0,611.0,46.0,0
10.0,2745.0,80.0,121.0,5.0,660.0,125.0,0
4.0,1111.0,96.0,35.0,5.0,610.0,63.0,0
17.0,2616.0,60.0,234.0,4.0,456.0,63.0,0
5.0,1103.0,261.0,214.0,3.0,692.0,121.0,1
5.0,2720.0,208.0,85.0,3.0,981.0,83.0,1
13.0,830.0,253.0,208.0,3.0,690.0,251.0,0
11.0,6390.0,71.0,96.0,3.0,1140.0,126.0,1
15.0,783.0,217.0,91.0,4.0,1205.0,65.0,0
14.0,9.0,252.0,217.0,3.0,875.0,167.0,0
16.0,2906.0,197.0,58.0,1.0,835.0,105.0,0
11.0,6706.0,234.0,85.0,1.0,751.0,119.0,0
7.0,488.0,184.0,173.0,5.0,458.0,169.0,0
17.0,2853.0,292.0,217.0,6.0,475.0,68.0,0
2.0,52.0,98.0,14.0,7.0,1340.0,60.0,0
1.0,647.0,268.0,154.0,4.0,1260.0,255.0,0
12.0,4735.0,153.0,154.0,6.0,773.0,74.0,1
6.0,5105.0,147.0,85.0,6.0,530.0,148.0,0
4.0,611.0,96.0,135.0,6.0,330.0,221.0,1
1.0,1310.0,80.0,134.0,4.0,420.0,160.0,0
15.0,938.0,45.0,217.0,3.0,755.0,320.0,1
1.0,1442.0,243.0,208.0,3.0,590.0,235.0,1
15.0,1126.0,217.0,79.0,7.0,550.0,110.0,0
12.0,6846.0,246.0,253.0,7.0,751.0,80.0,1
12.0,6461.0,292.0,140.0,5.0,1410.0,27.0,0
16.0,3051.0,147.0,135.0,7.0,410.0,144.0,0
12.0,6747.0,253.0,262.0,7.0,572.0,43.0,0
1.0,1154.0,80.0,136.0,6.0,765.0,75.0,0
9.0,122.0,128.0,143.0,5.0,462.0,50.0,0
10.0,4057.0,273.0,208.0,4.0,720.0,135.0,0
0.0,3704.0,75.0,177.0,1.0,705.0,90.0,0
5.0,2224.0,213.0,16.0,7.0,405.0,124.0,0
5.0,2444.0,153.0,71.0,6.0,684.0,226.0,1
3.0,134.0,241.0,148.0,6.0,562.0,158.0,0
17.0,1007.0,161.0,128.0,6.0,1110.0,29.0,0
15.0,1710.0,217.0,268.0,7.0,1090.0,175.0,1
12.0,4726.0,261.0,179.0,3.0,1297.0,102.0,0
16.0,2755.0,135.0,91.0,7.0,895.0,118.0,1
13.0,294.0,253.0,45.0,6.0,930.0,309.0,0
15.0,377.0,217.0,214.0,3.0,1145.0,175.0,1
2.0,586.0,214.0,264.0,1.0,700.0,142.0,0
14.0,601.0,153.0,217.0,7.0,690.0,70.0,0
13.0,460.0,253.0,153.0,6.0,990.0,99.0,0
6.0,5028.0,162.0,16.0,1.0,896.0,92.0,1
2.0,15.0,35.0,252.0,6.0,1095.0,379.0,0
10.0,2840.0,109.0,80.0,7.0,860.0,160.0,0
15.0,374.0,75.0,162.0,7.0,575.0,60.0,0
3.0,1292.0,221.0,35.0,1.0,565.0,93.0,0
1.0,711.0,104.0,208.0,5.0,725.0,200.0,0
5.0,1557.0,85.0,172.0,3.0,1191.0,134.0,1
5.0,1695.0,43.0,16.0,1.0,711.0,139.0,0
4.0,234.0,14.0,252.0,5.0,1020.0,200.0,0
16.0,5997.0,208.0,56.0,3.0,730.0,54.0,1
17.0,7294.0,247.0,208.0,4.0,334.0,46.0,0
15.0,638.0,173.0,184.0,1.0,990.0,175.0,0
14.0,1783.0,60.0,153.0,3.0,480.0,301.0,0
2.0,328.0,252.0,258.0,3.0,965.0,126.0,1
15.0,611.0,217.0,264.0,5.0,810.0,75.0,1
5.0,1701.0,35.0,16.0,3.0,585.0,179.0,0
16.0,2501.0,135.0,91.0,6.0,715.0,113.0,1
0.0,4245.0,85.0,134.0,4.0,1040.0,95.0,1
1.0,466.0,244.0,80.0,7.0,1105.0,70.0,1
5.0,1162.0,33.0,16.0,5.0,390.0,90.0,1
15.0,1651.0,202.0,153.0,6.0,425.0,85.0,0
13.0,844.0,253.0,154.0,4.0,915.0,90.0,1
5.0,1174.0,245.0,16.0,1.0,512.0,83.0,0
16.0,2707.0,162.0,135.0,1.0,1095.0,82.0,0
12.0,6595.0,261.0,79.0,1.0,534.0,100.0,0
15.0,2806.0,153.0,258.0,6.0,665.0,90.0,1
13.0,117.0,208.0,252.0,7.0,1208.0,274.0,0
5.0,2270.0,85.0,148.0,3.0,930.0,130.0,1
0.0,4299.0,197.0,76.0,7.0,925.0,112.0,1
12.0,6300.0,154.0,227.0,6.0,510.0,49.0,0
15.0,3579.0,243.0,253.0,4.0,1145.0,90.0,1
12.0,6315.0,34.0,253.0,5.0,360.0,112.0,0
11.0,6442.0,85.0,234.0,3.0,1305.0,101.0,0
5.0,2761.0,216.0,16.0,3.0,690.0,149.0,1
8.0,933.0,147.0,16.0,7.0,647.0,68.0,0
15.0,1992.0,75.0,244.0,5.0,425.0,65.0,0
14.0,199.0,243.0,60.0,6.0,1355.0,255.0,1
4.0,822.0,198.0,135.0,4.0,992.0,81.0,0
5.0,2177.0,85.0,241.0,6.0,745.0,173.0,0
15.0,632.0,175.0,79.0,3.0,1290.0,165.0,1
12.0,6678.0,194.0,253.0,7.0,881.0,37.0,1
15.0,867.0,75.0,198.0,7.0,1215.0,75.0,0
15.0,2810.0,44.0,262.0,1.0,500.0,80.0,0
5.0,1021.0,12.0,16.0,4.0,755.0,169.0,0
0.0,4149.0,43.0,148.0,6.0,822.0,102.0,0
15.0,2712.0,175.0,252.0,7.0,1145.0,285.0,1
0.0,3717.0,129.0,16.0,7.0,576.0,116.0,0
13.0,437.0,79.0,198.0,4.0,1166.0,156.0,0
15.0,1325.0,45.0,141.0,1.0,1095.0,60.0,1
5.0,2199.0,177.0,173.0,3.0,1145.0,121.0,0
10.0,3390.0,129.0,80.0,3.0,895.0,70.0,0
3.0,66.0,148.0,43.0,3.0,725.0,79.0,1
5.0,2951.0,197.0,29.0,6.0,1050.0,87.0,0
12.0,6263.0,253.0,100.0,4.0,618.0,61.0,0
15.0,51.0,162.0,75.0,5.0,1045.0,70.0,1
4.0,796.0,153.0,135.0,7.0,1047.0,172.0,0
15.0,1105.0,175.0,251.0,1.0,740.0,65.0,1
0.0,4309.0,85.0,56.0,6.0,745.0,104.0,0
6.0,5404.0,16.0,19.0,4.0,825.0,58.0,0
14.0,208.0,217.0,2.0,4.0,1190.0,72.0,0
15.0,1924.0,154.0,175.0,6.0,620.0,240.0,1
1.0,616.0,80.0,85.0,6.0,535.0,150.0,0
15.0,2547.0,209.0,173.0,4.0,435.0,125.0,1
17.0,2614.0,60.0,96.0,3.0,1280.0,100.0,1
1.0,1053.0,208.0,18.0,4.0,830.0,165.0,0
15.0,1.0,75.0,129.0,5.0,420.0,60.0,0
14.0,493.0,217.0,79.0,5.0,1190.0,110.0,0
0.0,3983.0,85.0,61.0,4.0,725.0,58.0,1
9.0,161.0,143.0,128.0,6.0,634.0,49.0,0
16.0,2194.0,120.0,135.0,1.0,1075.0,179.0,0
14.0,374.0,60.0,148.0,5.0,785.0,119.0,1
1.0,280.0,154.0,183.0,7.0,550.0,285.0,0
9.0,377.0,128.0,161.0,5.0,1196.0,36.0,0
13.0,962.0,79.0,264.0,4.0,1150.0,151.0,1
16.0,2784.0,135.0,162.0,4.0,990.0,78.0,0
12.0,4450.0,137.0,261.0,6.0,810.0,51.0,0
15.0,1350.0,217.0,244.0,6.0,605.0,125.0,1
13.0,796.0,233.0,134.0,4.0,373.0,69.0,0
12.0,6475.0,154.0,292.0,1.0,976.0,70.0,0
13.0,151.0,134.0,208.0,7.0,741.0,132.0,1
3.0,1048.0,148.0,238.0,3.0,570.0,83.0,0
13.0,562.0,253.0,214.0,5.0,635.0,116.0,0
15.0,1848.0,33.0,233.0,5.0,1150.0,85.0,1
12.0,6843.0,86.0,72.0,5.0,346.0,32.0,0
0.0,4290.0,247.0,16.0,6.0,635.0,118.0,1
15.0,1498.0,258.0,236.0,4.0,1175.0,55.0,1
10.0,4584.0,159.0,60.0,4.0,1185.0,130.0,0
1.0,1241.0,221.0,80.0,1.0,415.0,205.0,0
12.0,6999.0,170.0,79.0,1.0,848.0,118.0,0
5.0,1260.0,111.0,261.0,1.0,384.0,110.0,1
15.0,421.0,129.0,244.0,6.0,600.0,55.0,0
1.0,1034.0,79.0,80.0,5.0,640.0,120.0,1
1.0,806.0,79.0,80.0,5.0,720.0,115.0,0
4.0,1461.0,58.0,173.0,5.0,875.0,144.0,0
15.0,1325.0,173.0,146.0,1.0,655.0,120.0,1
16.0,2721.0,217.0,135.0,3.0,1115.0,144.0,0
15.0,2434.0,175.0,209.0,6.0,1140.0,120.0,1
8.0,1178.0,119.0,241.0,4.0,935.0,164.0,0
11.0,6445.0,85.0,17.0,3.0,920.0,87.0,0
12.0,4455.0,197.0,99.0,3.0,1320.0,65.0,1
15.0,1187.0,12.0,45.0,6.0,435.0,95.0,0
10.0,3992.0,290.0,208.0,4.0,800.0,105.0,0
6.0,4974.0,16.0,237.0,6.0,825.0,82.0,1
15.0,2807.0,79.0,207.0,5.0,515.0,140.0,1
10.0,2716.0,80.0,94.0,5.0,895.0,110.0,0
15.0,939.0,45.0,243.0,6.0,895.0,360.0,0
13.0,330.0,243.0,208.0,7.0,544.0,241.0,0
12.0,6733.0,285.0,79.0,1.0,543.0,214.0,0
8.0,1606.0,78.0,173.0,6.0,525.0,147.0,0
13.0,458.0,154.0,221.0,3.0,600.0,276.0,0
10.0,2889.0,80.0,68.0,6.0,630.0,80.0,0
13.0,888.0,253.0,154.0,7.0,665.0,90.0,0
10.0,3795.0,91.0,208.0,1.0,845.0,175.0,1
4.0,92.0,135.0,253.0,7.0,460.0,262.0,1
4.0,359.0,78.0,135.0,3.0,1055.0,207.0,0
12.0,4583.0,79.0,261.0,7.0,700.0,89.0,0
16.0,2314.0,91.0,135.0,5.0,390.0,109.0,0
15.0,2697.0,27.0,198.0,3.0,715.0,70.0,1
16.0,2573.0,135.0,33.0,5.0,450.0,111.0,0
6.0,5364.0,180.0,177.0,1.0,375.0,76.0,0
15.0,818.0,277.0,79.0,1.0,1055.0,250.0,1
15.0,642.0,261.0,214.0,3.0,510.0,130.0,0
1.0,439.0,241.0,80.0,5.0,815.0,175.0,0
15.0,934.0,262.0,264.0,5.0,990.0,85.0,1
5.0,1745.0,85.0,197.0,3.0,815.0,113.0,0
5.0,1720.0,183.0,71.0,3.0,760.0,158.0,0
9.0,301.0,143.0,128.0,7.0,887.0,49.0,0
15.0,2102.0,153.0,258.0,4.0,385.0,85.0,0
15.0,746.0,175.0,253.0,5.0,1145.0,305.0,1
1.0,374.0,280.0,208.0,6.0,410.0,205.0,0
15.0,925.0,154.0,280.0,7.0,820.0,80.0,1
15.0,1172.0,217.0,264.0,5.0,1140.0,70.0,1
5.0,1605.0,85.0,173.0,1.0,500.0,175.0,0
10.0,4362.0,85.0,208.0,7.0,760.0,80.0,1
10.0,3894.0,290.0,208.0,1.0,365.0,100.0,0
2.0,17.0,183.0,252.0,5.0,495.0,400.0,0
6.0,7305.0,177.0,268.0,4.0,575.0,71.0,0
12.0,4446.0,261.0,28.0,4.0,915.0,80.0,0
4.0,227.0,45.0,135.0,5.0,1048.0,212.0,1
9.0,297.0,150.0,128.0,5.0,997.0,42.0,1
15.0,431.0,217.0,207.0,4.0,1050.0,70.0,0
6.0,5307.0,16.0,129.0,1.0,831.0,136.0,0
1.0,2465.0,80.0,154.0,7.0,1070.0,205.0,1
0.0,4120.0,215.0,16.0,3.0,800.0,124.0,0
16.0,5925.0,107.0,208.0,4.0,786.0,96.0,0
14.0,1583.0,216.0,60.0,5.0,405.0,115.0,1
16.0,2995.0,134.0,135.0,6.0,360.0,209.0,0
15.0,3667.0,147.0,209.0,4.0,430.0,90.0,0
12.0,7755.0,49.0,261.0,4.0,546.0,74.0,1
3.0,1188.0,267.0,35.0,5.0,945.0,176.0,0
1.0,1734.0,80.0,173.0,4.0,505.0,145.0,1
15.0,1594.0,236.0,79.0,4.0,795.0,130.0,0
10.0,2930.0,80.0,256.0,5.0,1090.0,55.0,0
15.0,583.0,217.0,261.0,6.0,870.0,100.0,1
5.0,2554.0,253.0,85.0,7.0,1365.0,272.0,1
1.0,2282.0,80.0,35.0,7.0,1185.0,205.0,0
14.0,864.0,147.0,216.0,3.0,400.0,126.0,0
15.0,3415.0,202.0,243.0,4.0,455.0,85.0,0
14.0,627.0,221.0,217.0,3.0,1050.0,281.0,1
15.0,925.0,79.0,197.0,3.0,1140.0,120.0,1
15.0,1657.0,75.0,172.0,3.0,625.0,85.0,0
4.0,234.0,252.0,96.0,7.0,1340.0,292.0,0
3.0,562.0,104.0,272.0,6.0,1165.0,171.0,1
16.0,2540.0,33.0,135.0,5.0,515.0,132.0,0
15.0,740.0,153.0,268.0,1.0,795.0,190.0,0
12.0,6831.0,208.0,65.0,3.0,588.0,153.0,0
0.0,3896.0,85.0,107.0,5.0,1175.0,140.0,0
12.0,6626.0,79.0,227.0,7.0,693.0,133.0,1
11.0,6648.0,69.0,85.0,7.0,715.0,80.0,0
5.0,2097.0,16.0,183.0,4.0,730.0,112.0,0
6.0,5292.0,195.0,78.0,5.0,745.0,115.0,0
5.0,1834.0,16.0,172.0,5.0,880.0,135.0,0
8.0,491.0,45.0,173.0,3.0,520.0,146.0,0
0.0,4122.0,279.0,177.0,7.0,980.0,78.0,0
15.0,24.0,173.0,129.0,7.0,595.0,160.0,1
3.0,554.0,241.0,96.0,6.0,729.0,170.0,0
15.0,1252.0,268.0,45.0,5.0,400.0,120.0,1
17.0,2727.0,217.0,91.0,1.0,590.0,80.0,0
0.0,3934.0,279.0,177.0,4.0,380.0,83.0,0
5.0,1594.0,16.0,216.0,4.0,890.0,135.0,0
15.0,1294.0,262.0,154.0,3.0,860.0,80.0,1
12.0,4834.0,154.0,153.0,5.0,1079.0,70.0,1
10.0,3844.0,208.0,16.0,1.0,495.0,120.0,1
5.0,1484.0,172.0,85.0,1.0,828.0,120.0,0
0.0,3782.0,85.0,20.0,3.0,880.0,89.0,0
1.0,385.0,80.0,91.0,7.0,630.0,105.0,1
1.0,1354.0,153.0,183.0,7.0,370.0,265.0,0
5.0,2448.0,71.0,241.0,5.0,1225.0,137.0,0
5.0,154.0,104.0,148.0,3.0,905.0,185.0,1
0.0,3850.0,106.0,85.0,3.0,360.0,48.0,0
5.0,2968.0,252.0,16.0,6.0,445.0,285.0,0
8.0,636.0,76.0,45.0,3.0,1076.0,83.0,1
15.0,32.0,131.0,129.0,5.0,750.0,60.0,0
14.0,1690.0,241.0,60.0,3.0,1035.0,114.0,0
15.0,9.0,75.0,129.0,4.0,540.0,60.0,1
12.0,7796.0,261.0,271.0,4.0,1290.0,71.0,1
1.0,1916.0,80.0,22.0,7.0,495.0,190.0,0
0.0,3906.0,247.0,71.0,3.0,714.0,61.0,1
10.0,3983.0,94.0,208.0,1.0,625.0,80.0,0
16.0,3101.0,135.0,170.0,4.0,1115.0,93.0,1
8.0,845.0,16.0,173.0,7.0,1157.0,80.0,0
10.0,3708.0,208.0,91.0,3.0,1200.0,195.0,0
16.0,3023.0,96.0,209.0,1.0,895.0,79.0,0
12.0,6247.0,154.0,100.0,3.0,628.0,69.0,1
14.0,966.0,60.0,33.0,5.0,707.0,88.0,1
15.0,691.0,79.0,217.0,5.0,1245.0,115.0,1
12.0,3111.0,48.0,184.0,7.0,640.0,84.0,0
12.0,7025.0,208.0,187.0,6.0,1240.0,46.0,1
6.0,5136.0,101.0,16.0,5.0,420.0,97.0,0
5.0,1761.0,216.0,16.0,6.0,915.0,143.0,0
14.0,904.0,60.0,208.0,6.0,700.0,132.0,0
10.0,4676.0,148.0,35.0,7.0,685.0,65.0,0
6.0,4940.0,205.0,16.0,3.0,330.0,147.0,0
15.0,1589.0,252.0,202.0,4.0,1055.0,125.0,1
15.0,3323.0,252.0,202.0,7.0,1275.0,120.0,0
8.0,829.0,267.0,184.0,6.0,1110.0,160.0,1
15.0,3949.0,104.0,33.0,7.0,580.0,145.0,1
15.0,2049.0,129.0,153.0,1.0,810.0,205.0,1
5.0,264.0,217.0,197.0,7.0,850.0,185.0,0
1.0,1623.0,173.0,80.0,4.0,995.0,180.0,1
16.0,5990.0,164.0,208.0,3.0,883.0,97.0,1
16.0,2977.0,96.0,78.0,4.0,1310.0,70.0,1
16.0,2178.0,233.0,135.0,6.0,686.0,179.0,0
15.0,1982.0,75.0,170.0,3.0,770.0,70.0,0
1.0,1523.0,260.0,208.0,7.0,955.0,320.0,0
13.0,709.0,208.0,79.0,3.0,583.0,167.0,0
16.0,2636.0,244.0,135.0,3.0,720.0,58.0,0
17.0,2999.0,134.0,60.0,3.0,565.0,115.0,0
8.0,273.0,35.0,16.0,3.0,520.0,180.0,0
0.0,3725.0,281.0,85.0,6.0,335.0,75.0,0
15.0,1986.0,146.0,129.0,6.0,860.0,80.0,0
12.0,4659.0,28.0,261.0,3.0,778.0,80.0,0
12.0,6315.0,34.0,253.0,1.0,360.0,112.0,1
16.0,5973.0,152.0,208.0,1.0,340.0,71.0,0
12.0,6406.0,253.0,93.0,1.0,647.0,92.0,1
12.0,4453.0,268.0,261.0,6.0,840.0,195.0,0
15.0,476.0,264.0,258.0,7.0,515.0,75.0,1
5.0,1502.0,153.0,16.0,3.0,837.0,238.0,0
3.0,1255.0,35.0,134.0,6.0,973.0,99.0,0
16.0,5911.0,208.0,218.0,1.0,785.0,49.0,0
17.0,1039.0,143.0,128.0,4.0,1020.0,47.0,0
6.0,5043.0,130.0,16.0,7.0,769.0,156.0,1
10.0,4075.0,208.0,281.0,5.0,720.0,60.0,0
15.0,1497.0,45.0,43.0,3.0,935.0,70.0,1
12.0,4576.0,197.0,157.0,1.0,925.0,120.0,0
13.0,28.0,154.0,148.0,1.0,980.0,320.0,0
12.0,4882.0,197.0,56.0,1.0,620.0,72.0,1
13.0,934.0,128.0,154.0,6.0,420.0,341.0,0
15.0,3408.0,262.0,153.0,7.0,1070.0,80.0,0
0.0,3666.0,279.0,197.0,5.0,697.0,123.0,0
9.0,218.0,128.0,150.0,4.0,352.0,41.0,0
10.0,3368.0,162.0,80.0,4.0,510.0,80.0,0
4.0,1093.0,61.0,135.0,1.0,365.0,168.0,0
14.0,1612.0,216.0,35.0,4.0,435.0,78.0,0
10.0,4592.0,197.0,159.0,6.0,810.0,165.0,1
5.0,348.0,16.0,209.0,3.0,900.0,101.0,1
12.0,6833.0,214.0,252.0,4.0,597.0,54.0,1
16.0,2150.0,119.0,96.0,4.0,640.0,110.0,1
5.0,2461.0,216.0,16.0,1.0,765.0,140.0,1
1.0,2538.0,153.0,208.0,3.0,40.0,200.0,1
15.0,2654.0,45.0,182.0,5.0,505.0,80.0,1
1.0,1041.0,35.0,208.0,4.0,425.0,190.0,0
1.0,1311.0,16.0,80.0,5.0,795.0,145.0,0
15.0,1466.0,175.0,27.0,7.0,925.0,105.0,1
15.0,239.0,45.0,154.0,3.0,505.0,360.0,1
12.0,4474.0,192.0,197.0,1.0,410.0,82.0,1
17.0,2654.0,101.0,60.0,6.0,450.0,63.0,0
12.0,6342.0,243.0,154.0,3.0,1280.0,48.0,0
6.0,7129.0,134.0,42.0,3.0,1022.0,91.0,0
15.0,1233.0,173.0,45.0,4.0,1020.0,125.0,0
12.0,6752.0,208.0,109.0,1.0,1060.0,55.0,1
5.0,2351.0,233.0,16.0,5.0,585.0,90.0,0
8.0,540.0,16.0,217.0,6.0,650.0,270.0,0
10.0,4213.0,208.0,43.0,5.0,505.0,95.0,1
10.0,3617.0,183.0,139.0,1.0,525.0,165.0,0
10.0,4070.0,208.0,43.0,6.0,970.0,95.0,1
15.0,1244.0,45.0,182.0,7.0,1050.0,80.0,1
16.0,2995.0,134.0,135.0,1.0,365.0,211.0,0
15.0,1587.0,75.0,244.0,5.0,500.0,65.0,0
0.0,3885.0,106.0,85.0,1.0,807.0,47.0,1
1.0,1273.0,177.0,80.0,6.0,415.0,100.0,0
17.0,7251.0,208.0,177.0,1.0,740.0,101.0,1
12.0,4823.0,261.0,100.0,6.0,751.0,95.0,0
4.0,1134.0,80.0,96.0,5.0,636.0,204.0,0
10.0,2844.0,181.0,80.0,4.0,995.0,90.0,1
6.0,7082.0,35.0,134.0,1.0,744.0,103.0,0
4.0,786.0,135.0,173.0,6.0,810.0,126.0,0
6.0,7368.0,190.0,177.0,5.0,680.0,82.0,0
5.0,1905.0,85.0,173.0,6.0,840.0,161.0,0
14.0,817.0,208.0,216.0,4.0,450.0,120.0,0
11.0,6321.0,148.0,78.0,7.0,820.0,100.0,0
15.0,760.0,253.0,154.0,7.0,740.0,80.0,1
6.0,7372.0,116.0,177.0,4.0,385.0,83.0,1
1.0,192.0,154.0,35.0,7.0,1265.0,315.0,0
12.0,4711.0,197.0,290.0,5.0,935.0,109.0,0
5.0,1387.0,35.0,159.0,7.0,810.0,72.0,0
5.0,1836.0,139.0,85.0,1.0,805.0,70.0,0
0.0,4255.0,197.0,281.0,6.0,605.0,86.0,1
10.0,3886.0,208.0,197.0,3.0,805.0,85.0,1
1.0,2423.0,208.0,172.0,5.0,870.0,90.0,0
5.0,1682.0,119.0,16.0,7.0,705.0,125.0,0
9.0,353.0,128.0,161.0,1.0,875.0,38.0,0
14.0,1061.0,216.0,104.0,7.0,595.0,176.0,1
15.0,114.0,233.0,175.0,3.0,765.0,125.0,1
10.0,3829.0,16.0,208.0,5.0,1275.0,120.0,0
3.0,558.0,277.0,130.0,7.0,702.0,158.0,0
12.0,6656.0,79.0,33.0,6.0,616.0,150.0,0
14.0,544.0,217.0,80.0,3.0,810.0,135.0,0
17.0,2703.0,60.0,54.0,4.0,564.0,61.0,0
10.0,3373.0,68.0,80.0,6.0,495.0,80.0,1
15.0,765.0,175.0,233.0,5.0,1230.0,115.0,1
5.0,1547.0,159.0,16.0,4.0,420.0,164.0,1
5.0,95.0,148.0,261.0,4.0,960.0,330.0,0
14.0,936.0,217.0,197.0,3.0,990.0,181.0,1
1.0,491.0,204.0,80.0,7.0,635.0,60.0,0
3.0,153.0,148.0,173.0,5.0,1028.0,178.0,0
13.0,614.0,208.0,78.0,6.0,785.0,109.0,0
4.0,632.0,135.0,159.0,1.0,960.0,208.0,1
14.0,450.0,221.0,217.0,1.0,670.0,279.0,0
4.0,308.0,214.0,135.0,6.0,360.0,236.0,0
0.0,3826.0,21.0,85.0,1.0,495.0,67.0,0
1.0,1616.0,261.0,80.0,1.0,755.0,155.0,0
15.0,751.0,258.0,243.0,3.0,1280.0,75.0,0
8.0,938.0,16.0,147.0,3.0,1335.0,69.0,0
13.0,347.0,154.0,35.0,4.0,515.0,326.0,1
13.0,212.0,79.0,135.0,4.0,1055.0,143.0,0
16.0,2107.0,85.0,96.0,3.0,1031.0,109.0,0
16.0,2677.0,135.0,2.0,5.0,1280.0,130.0,0
5.0,1456.0,267.0,16.0,4.0,668.0,97.0,0
1.0,1304.0,279.0,80.0,7.0,1030.0,70.0,1
12.0,6411.0,248.0,154.0,6.0,869.0,61.0,1
1.0,520.0,262.0,80.0,4.0,900.0,200.0,0
15.0,752.0,129.0,79.0,3.0,395.0,155.0,1
2.0,329.0,258.0,252.0,5.0,1135.0,124.0,0
3.0,1322.0,45.0,35.0,1.0,515.0,77.0,1
4.0,768.0,96.0,153.0,1.0,450.0,342.0,0
12.0,6693.0,208.0,195.0,5.0,1249.0,47.0,1
11.0,6499.0,148.0,78.0,6.0,1027.0,99.0,0
8.0,754.0,132.0,45.0,1.0,410.0,115.0,0
2.0,553.0,227.0,252.0,5.0,1125.0,164.0,0
6.0,7335.0,115.0,16.0,3.0,871.0,81.0,1
0.0,3845.0,85.0,152.0,1.0,525.0,39.0,0
11.0,6472.0,174.0,71.0,7.0,770.0,105.0,0
1.0,10.0,154.0,148.0,7.0,1290.0,305.0,0
17.0,2932.0,280.0,217.0,4.0,480.0,54.0,0
1.0,1259.0,80.0,79.0,1.0,755.0,125.0,0
12.0,6522.0,154.0,217.0,4.0,761.0,79.0,1
3.0,1062.0,18.0,148.0,5.0,790.0,220.0,0
13.0,917.0,134.0,252.0,4.0,1030.0,358.0,0
6.0,5144.0,16.0,48.0,7.0,975.0,100.0,0
5.0,650.0,175.0,16.0,3.0,570.0,111.0,0
17.0,7265.0,221.0,208.0,4.0,821.0,93.0,0
12.0,6952.0,208.0,27.0,1.0,415.0,103.0,1
15.0,2001.0,154.0,79.0,6.0,1095.0,135.0,0
15.0,219.0,175.0,159.0,3.0,865.0,130.0,1
15.0,1489.0,213.0,277.0,4.0,945.0,55.0,0
7.0,412.0,154.0,79.0,7.0,1125.0,131.0,1
11.0,6371.0,16.0,157.0,6.0,815.0,72.0,1
5.0,1405.0,85.0,173.0,7.0,1205.0,159.0,0
16.0,2471.0,213.0,135.0,4.0,720.0,169.0,1
14.0,186.0,208.0,217.0,4.0,840.0,227.0,1
16.0,2238.0,121.0,96.0,6.0,655.0,105.0,0
12.0,4660.0,261.0,196.0,4.0,1297.0,90.0,0
3.0,1007.0,35.0,148.0,3.0,552.0,70.0,0
12.0,4748.0,261.0,40.0,5.0,1296.0,79.0,0
1.0,2272.0,80.0,78.0,3.0,825.0,160.0,0
12.0,7027.0,79.0,261.0,1.0,921.0,85.0,1
4.0,88.0,96.0,135.0,3.0,1140.0,244.0,1
12.0,6679.0,253.0,55.0,5.0,1287.0,51.0,0
15.0,1503.0,79.0,154.0,4.0,1230.0,155.0,1
1.0,1371.0,80.0,290.0,3.0,820.0,65.0,1
1.0,526.0,253.0,80.0,4.0,360.0,215.0,0
1.0,1362.0,208.0,148.0,6.0,760.0,130.0,1
6.0,4965.0,16.0,251.0,6.0,725.0,80.0,0
12.0,6414.0,24.0,253.0,6.0,1005.0,76.0,0
10.0,4488.0,69.0,159.0,1.0,395.0,100.0,0
11.0,6601.0,233.0,173.0,7.0,1030.0,119.0,0
0.0,3966.0,71.0,134.0,4.0,1135.0,95.0,0
10.0,4341.0,208.0,234.0,1.0,460.0,115.0,0
15.0,108.0,162.0,75.0,4.0,1160.0,65.0,1
12.0,4698.0,67.0,261.0,6.0,778.0,73.0,0
10.0,4589.0,197.0,159.0,6.0,1020.0,165.0,0
11.0,6327.0,60.0,71.0,5.0,420.0,101.0,0
7.0,107.0,197.0,79.0,5.0,851.0,124.0,0
0.0,3890.0,85.0,142.0,7.0,625.0,86.0,0
3.0,247.0,202.0,160.0,4.0,360.0,77.0,0
10.0,4199.0,94.0,208.0,4.0,375.0,85.0,0
12.0,3076.0,139.0,184.0,5.0,1217.0,63.0,0
15.0,2020.0,262.0,153.0,3.0,1230.0,80.0,1
9.0,132.0,203.0,143.0,7.0,569.0,36.0,0
0.0,4095.0,197.0,247.0,5.0,1170.0,87.0,1
12.0,6362.0,154.0,246.0,5.0,1192.0,40.0,0
16.0,5910.0,33.0,208.0,5.0,477.0,107.0,1
6.0,4998.0,290.0,16.0,1.0,360.0,119.0,0
16.0,2875.0,58.0,76.0,3.0,1015.0,49.0,0
15.0,1807.0,104.0,45.0,6.0,1015.0,155.0,1
15.0,1931.0,75.0,244.0,7.0,1145.0,60.0,1
16.0,2844.0,58.0,78.0,1.0,705.0,70.0,0
15.0,1079.0,75.0,244.0,1.0,1035.0,65.0,0
5.0,1327.0,85.0,22.0,4.0,1300.0,101.0,1
0.0,4360.0,164.0,197.0,7.0,400.0,82.0,0
13.0,236.0,153.0,134.0,6.0,473.0,269.0,0
16.0,2736.0,285.0,96.0,5.0,825.0,117.0,0
13.0,730.0,264.0,208.0,3.0,668.0,237.0,0
12.0,7005.0,208.0,119.0,1.0,650.0,45.0,1
1.0,1990.0,183.0,173.0,7.0,965.0,60.0,1
13.0,483.0,22.0,208.0,4.0,1054.0,161.0,0
5.0,1768.0,154.0,197.0,4.0,30.0,220.0,0
16.0,2401.0,182.0,58.0,1.0,830.0,112.0,0
10.0,2725.0,80.0,47.0,5.0,1175.0,135.0,0
5.0,61.0,148.0,16.0,6.0,1005.0,170.0,0
11.0,6645.0,17.0,85.0,1.0,630.0,79.0,0
15.0,757.0,262.0,214.0,7.0,960.0,90.0,1
1.0,1300.0,80.0,177.0,7.0,1210.0,80.0,1
1.0,548.0,208.0,35.0,4.0,775.0,135.0,0
5.0,2251.0,60.0,16.0,6.0,631.0,82.0,0
3.0,281.0,153.0,160.0,6.0,745.0,68.0,0
10.0,3904.0,208.0,58.0,7.0,1025.0,80.0,1
6.0,5504.0,16.0,48.0,7.0,831.0,99.0,1
16.0,5996.0,208.0,43.0,1.0,1010.0,89.0,1
5.0,2949.0,85.0,252.0,5.0,920.0,300.0,0
16.0,2284.0,135.0,285.0,5.0,1035.0,114.0,0
6.0,5242.0,290.0,177.0,6.0,700.0,66.0,0
7.0,373.0,184.0,79.0,6.0,1139.0,153.0,0
5.0,1562.0,177.0,85.0,5.0,600.0,117.0,0
8.0,1120.0,139.0,104.0,6.0,655.0,162.0,0
4.0,1016.0,241.0,58.0,7.0,760.0,148.0,0
14.0,1703.0,78.0,104.0,5.0,510.0,162.0,0
0.0,3684.0,148.0,42.0,4.0,540.0,109.0,1
12.0,6347.0,208.0,17.0,1.0,902.0,49.0,1
14.0,1494.0,183.0,60.0,7.0,510.0,127.0,1
5.0,1911.0,134.0,16.0,5.0,875.0,120.0,1
5.0,1258.0,16.0,147.0,6.0,645.0,77.0,0
6.0,5034.0,16.0,287.0,5.0,590.0,80.0,0
5.0,2020.0,177.0,277.0,4.0,1132.0,110.0,1
16.0,2145.0,205.0,135.0,3.0,840.0,139.0,0
14.0,700.0,154.0,216.0,3.0,390.0,300.0,1
5.0,1112.0,16.0,129.0,4.0,522.0,148.0,0
14.0,9.0,252.0,217.0,4.0,875.0,167.0,0
0.0,4201.0,16.0,74.0,4.0,795.0,80.0,1
15.0,645.0,280.0,2.0,7.0,440.0,60.0,0
1.0,1121.0,80.0,243.0,6.0,1120.0,195.0,0
12.0,4547.0,261.0,253.0,7.0,1300.0,134.0,1
12.0,6325.0,154.0,243.0,4.0,666.0,46.0,0
4.0,212.0,135.0,260.0,4.0,610.0,252.0,1
14.0,1094.0,216.0,233.0,4.0,820.0,79.0,0
16.0,3011.0,134.0,135.0,4.0,875.0,201.0,1
12.0,4695.0,261.0,153.0,7.0,1005.0,81.0,0
5.0,1244.0,129.0,16.0,3.0,375.0,130.0,0
6.0,5239.0,16.0,237.0,1.0,970.0,83.0,0
5.0,46.0,35.0,16.0,3.0,735.0,176.0,1
15.0,1368.0,131.0,129.0,7.0,445.0,60.0,0
6.0,4951.0,16.0,71.0,6.0,1007.0,88.0,1
13.0,19.0,148.0,253.0,5.0,1152.0,403.0,1
15.0,514.0,85.0,175.0,5.0,575.0,75.0,0
10.0,3350.0,190.0,80.0,3.0,690.0,115.0,1
5.0,2168.0,154.0,197.0,4.0,725.0,225.0,1
15.0,1065.0,35.0,45.0,4.0,545.0,90.0,0
13.0,740.0,79.0,198.0,7.0,618.0,160.0,1
16.0,3004.0,184.0,58.0,5.0,960.0,73.0,0
13.0,35.0,253.0,203.0,5.0,562.0,315.0,0
10.0,3363.0,80.0,165.0,5.0,1245.0,85.0,0
13.0,117.0,147.0,208.0,1.0,1039.0,161.0,0
0.0,3710.0,85.0,90.0,3.0,630.0,78.0,0
13.0,901.0,253.0,243.0,4.0,1190.0,96.0,0
5.0,1728.0,153.0,148.0,6.0,1010.0,293.0,0
3.0,1759.0,104.0,260.0,1.0,907.0,150.0,1
14.0,965.0,216.0,253.0,4.0,845.0,380.0,1
10.0,3028.0,154.0,100.0,5.0,1065.0,60.0,0
3.0,453.0,35.0,104.0,1.0,574.0,204.0,1
14.0,1564.0,104.0,216.0,5.0,985.0,162.0,0
13.0,68.0,161.0,154.0,5.0,1299.0,327.0,0
11.0,6742.0,85.0,251.0,6.0,720.0,89.0,0
5.0,2782.0,198.0,177.0,1.0,370.0,83.0,0
8.0,1007.0,241.0,35.0,4.0,840.0,175.0,0
10.0,3375.0,80.0,108.0,7.0,1020.0,60.0,1
17.0,7217.0,134.0,76.0,3.0,503.0,86.0,0
15.0,2904.0,154.0,253.0,5.0,1185.0,75.0,1
13.0,189.0,208.0,243.0,5.0,507.0,259.0,0
0.0,3961.0,238.0,16.0,6.0,741.0,136.0,1
16.0,3065.0,96.0,54.0,3.0,563.0,146.0,1
10.0,3257.0,80.0,184.0,3.0,755.0,145.0,0
8.0,464.0,45.0,229.0,7.0,954.0,83.0,0
15.0,1663.0,277.0,216.0,7.0,445.0,150.0,0
12.0,6311.0,248.0,154.0,7.0,1227.0,70.0,1
1.0,1627.0,80.0,172.0,3.0,565.0,90.0,1
15.0,1552.0,262.0,243.0,6.0,1020.0,85.0,0
6.0,5551.0,288.0,16.0,3.0,465.0,79.0,0
7.0,351.0,215.0,79.0,5.0,1038.0,233.0,0
4.0,151.0,233.0,135.0,7.0,365.0,178.0,0
2.0,66.0,50.0,291.0,4.0,1018.0,52.0,0
14.0,1126.0,60.0,80.0,5.0,885.0,175.0,0
0.0,3951.0,177.0,223.0,5.0,1175.0,84.0,0
7.0,260.0,79.0,264.0,3.0,780.0,140.0,0
4.0,1823.0,135.0,198.0,5.0,630.0,65.0,0
13.0,100.0,253.0,134.0,4.0,702.0,313.0,0
5.0,1207.0,16.0,43.0,4.0,935.0,123.0,0
17.0,2751.0,2.0,217.0,5.0,1125.0,90.0,0
17.0,2611.0,60.0,54.0,6.0,985.0,65.0,0
15.0,759.0,79.0,175.0,7.0,875.0,135.0,0
12.0,6375.0,63.0,208.0,7.0,888.0,82.0,0
0.0,4265.0,177.0,108.0,6.0,865.0,72.0,0
5.0,1269.0,33.0,16.0,3.0,777.0,69.0,1
3.0,174.0,258.0,148.0,5.0,1345.0,316.0,0
0.0,3881.0,16.0,275.0,5.0,1305.0,69.0,1
5.0,2411.0,16.0,80.0,3.0,655.0,158.0,0
14.0,1430.0,60.0,238.0,7.0,1194.0,101.0,0
8.0,91.0,16.0,233.0,7.0,1330.0,77.0,1
16.0,3133.0,279.0,135.0,6.0,880.0,89.0,0
9.0,228.0,128.0,150.0,5.0,595.0,42.0,0
15.0,2991.0,253.0,154.0,7.0,1280.0,75.0,1
11.0,6759.0,71.0,208.0,7.0,820.0,80.0,1
12.0,6424.0,184.0,208.0,1.0,783.0,50.0,1
16.0,5935.0,117.0,208.0,6.0,547.0,60.0,1
17.0,2631.0,96.0,60.0,1.0,375.0,115.0,0
13.0,794.0,208.0,43.0,4.0,847.0,97.0,0
15.0,1601.0,277.0,228.0,4.0,455.0,165.0,0
15.0,1866.0,197.0,175.0,5.0,1010.0,90.0,1
15.0,1969.0,175.0,12.0,6.0,685.0,110.0,1
16.0,2017.0,96.0,221.0,5.0,505.0,111.0,0
15.0,1202.0,22.0,175.0,1.0,1010.0,160.0,1
5.0,2303.0,85.0,104.0,5.0,520.0,180.0,0
16.0,3004.0,184.0,58.0,3.0,960.0,73.0,1
14.0,2115.0,35.0,159.0,3.0,360.0,70.0,0
1.0,28.0,128.0,253.0,4.0,825.0,300.0,0
6.0,5484.0,16.0,285.0,3.0,605.0,67.0,1
14.0,399.0,60.0,153.0,3.0,800.0,298.0,0
2.0,189.0,14.0,98.0,7.0,945.0,60.0,1
15.0,861.0,175.0,154.0,3.0,1040.0,275.0,1
13.0,523.0,107.0,79.0,4.0,817.0,108.0,1
15.0,683.0,173.0,104.0,3.0,680.0,60.0,0
1.0,40.0,154.0,148.0,1.0,665.0,330.0,0
9.0,182.0,128.0,143.0,7.0,691.0,51.0,0
16.0,2415.0,58.0,198.0,6.0,540.0,149.0,1
8.0,607.0,253.0,184.0,7.0,732.0,253.0,1
0.0,4018.0,85.0,92.0,7.0,1170.0,60.0,1
15.0,910.0,258.0,153.0,5.0,560.0,85.0,0
15.0,39.0,129.0,87.0,3.0,1045.0,90.0,1
6.0,5440.0,16.0,115.0,6.0,898.0,76.0,1
15.0,1030.0,153.0,251.0,5.0,570.0,215.0,1
5.0,589.0,159.0,16.0,7.0,780.0,158.0,1
14.0,369.0,135.0,217.0,4.0,900.0,172.0,0
3.0,1104.0,233.0,148.0,6.0,700.0,83.0,1
12.0,6238.0,208.0,34.0,6.0,585.0,229.0,1
14.0,396.0,80.0,153.0,1.0,1040.0,176.0,0
6.0,5292.0,195.0,78.0,1.0,745.0,115.0,0
6.0,7065.0,134.0,76.0,3.0,1020.0,87.0,0
15.0,3504.0,213.0,277.0,5.0,425.0,50.0,0
16.0,2452.0,96.0,268.0,1.0,735.0,169.0,1
14.0,1528.0,60.0,216.0,4.0,1200.0,98.0,1
10.0,4090.0,208.0,204.0,3.0,1320.0,130.0,1
10.0,4256.0,208.0,52.0,4.0,475.0,95.0,1
11.0,6692.0,148.0,238.0,3.0,800.0,95.0,0
12.0,6408.0,93.0,253.0,4.0,901.0,87.0,0
8.0,1157.0,139.0,241.0,7.0,725.0,148.0,0
8.0,79.0,16.0,104.0,6.0,1325.0,105.0,0
17.0,2914.0,24.0,217.0,3.0,723.0,92.0,0
3.0,504.0,104.0,96.0,4.0,584.0,166.0,0
1.0,309.0,208.0,217.0,1.0,640.0,230.0,1
12.0,6432.0,208.0,177.0,5.0,965.0,101.0,1
10.0,3739.0,208.0,96.0,5.0,680.0,130.0,0
2.0,504.0,252.0,264.0,1.0,505.0,162.0,0
12.0,6724.0,79.0,85.0,7.0,620.0,164.0,0
13.0,491.0,204.0,79.0,5.0,387.0,113.0,1
5.0,1162.0,33.0,16.0,4.0,390.0,90.0,1
10.0,3232.0,80.0,254.0,5.0,860.0,75.0,0
5.0,2054.0,223.0,16.0,6.0,330.0,75.0,0
1.0,2431.0,154.0,153.0,3.0,870.0,70.0,1
5.0,1747.0,159.0,16.0,5.0,540.0,160.0,0
16.0,2979.0,172.0,135.0,6.0,768.0,122.0,1
12.0,4748.0,202.0,261.0,5.0,1094.0,106.0,0
10.0,3900.0,208.0,22.0,7.0,725.0,125.0,0
12.0,6457.0,264.0,253.0,4.0,888.0,80.0,1
10.0,3270.0,80.0,190.0,4.0,780.0,95.0,0
12.0,4704.0,261.0,79.0,6.0,1017.0,83.0,0
15.0,1128.0,216.0,33.0,1.0,955.0,145.0,1
5.0,2218.0,197.0,85.0,5.0,690.0,110.0,0
6.0,7105.0,237.0,208.0,7.0,361.0,116.0,0
1.0,1221.0,173.0,208.0,5.0,1140.0,175.0,0
14.0,1721.0,58.0,60.0,1.0,935.0,99.0,0
1.0,280.0,154.0,183.0,3.0,550.0,285.0,0
6.0,5421.0,285.0,16.0,5.0,532.0,78.0,0
15.0,2713.0,209.0,45.0,7.0,1165.0,55.0,0
15.0,2467.0,217.0,253.0,3.0,1245.0,130.0,0
5.0,1994.0,217.0,148.0,7.0,485.0,279.0,0
5.0,2166.0,184.0,16.0,5.0,410.0,134.0,0
1.0,1659.0,233.0,208.0,4.0,1100.0,135.0,0
1.0,835.0,139.0,80.0,1.0,900.0,145.0,1
0.0,3762.0,16.0,215.0,5.0,915.0,102.0,0
13.0,331.0,208.0,252.0,7.0,585.0,279.0,0
5.0,2587.0,241.0,85.0,6.0,959.0,171.0,0
13.0,445.0,45.0,79.0,7.0,440.0,249.0,0
10.0,4314.0,221.0,148.0,4.0,740.0,90.0,1
10.0,2873.0,80.0,188.0,5.0,550.0,65.0,0
2.0,136.0,14.0,214.0,5.0,680.0,218.0,0
2.0,313.0,253.0,252.0,3.0,1050.0,120.0,1
1.0,1734.0,80.0,173.0,6.0,505.0,145.0,0
15.0,1815.0,18.0,153.0,3.0,855.0,185.0,1
5.0,1264.0,261.0,134.0,5.0,1016.0,246.0,0
9.0,375.0,128.0,161.0,6.0,1130.0,37.0,0
5.0,2162.0,85.0,216.0,5.0,1290.0,99.0,0
17.0,2831.0,244.0,217.0,4.0,1125.0,154.0,1
5.0,2098.0,16.0,61.0,5.0,1310.0,98.0,0
2.0,300.0,252.0,253.0,7.0,1225.0,133.0,1
4.0,529.0,79.0,96.0,3.0,1110.0,215.0,1
1.0,1878.0,80.0,204.0,7.0,735.0,55.0,0
15.0,1717.0,18.0,75.0,7.0,955.0,55.0,1
15.0,3567.0,279.0,217.0,3.0,635.0,165.0,1
5.0,1058.0,16.0,268.0,5.0,1155.0,113.0,0
3.0,723.0,148.0,37.0,6.0,1425.0,216.0,1
5.0,2122.0,85.0,35.0,6.0,455.0,127.0,0
14.0,1579.0,216.0,60.0,7.0,1035.0,103.0,0
5.0,2995.0,33.0,16.0,7.0,330.0,67.0,0
15.0,3074.0,182.0,173.0,5.0,820.0,205.0,1
1.0,1631.0,198.0,183.0,3.0,360.0,105.0,0
13.0,128.0,208.0,216.0,7.0,798.0,130.0,0
1.0,1946.0,183.0,277.0,4.0,790.0,60.0,1
15.0,454.0,33.0,175.0,3.0,700.0,90.0,1
5.0,1257.0,233.0,16.0,5.0,510.0,94.0,0
13.0,534.0,79.0,45.0,7.0,752.0,199.0,0
5.0,669.0,16.0,241.0,6.0,1319.0,101.0,0
15.0,1671.0,104.0,12.0,5.0,770.0,185.0,0
13.0,972.0,253.0,208.0,3.0,604.0,256.0,0
14.0,1703.0,78.0,104.0,7.0,510.0,162.0,0
5.0,2447.0,159.0,16.0,4.0,960.0,162.0,0
15.0,2142.0,61.0,268.0,6.0,585.0,90.0,0
14.0,140.0,172.0,217.0,4.0,1075.0,173.0,0
15.0,1333.0,45.0,162.0,5.0,875.0,165.0,1
8.0,1244.0,106.0,173.0,4.0,430.0,172.0,0
5.0,2157.0,261.0,252.0,4.0,686.0,131.0,1
16.0,2483.0,158.0,135.0,1.0,1030.0,70.0,0
4.0,50.0,58.0,96.0,1.0,885.0,109.0,0
5.0,2975.0,209.0,16.0,5.0,729.0,120.0,0
15.0,1268.0,153.0,243.0,7.0,790.0,65.0,0
13.0,920.0,135.0,208.0,1.0,495.0,154.0,1
12.0,4697.0,177.0,204.0,5.0,555.0,106.0,0
4.0,1869.0,253.0,135.0,7.0,1050.0,209.0,1
10.0,4527.0,78.0,233.0,3.0,990.0,65.0,0
12.0,4637.0,153.0,154.0,6.0,976.0,73.0,1
13.0,26.0,154.0,148.0,5.0,708.0,333.0,0
5.0,1868.0,154.0,197.0,7.0,470.0,221.0,0
1.0,1576.0,18.0,80.0,1.0,1005.0,65.0,1
17.0,7252.0,17.0,208.0,5.0,686.0,59.0,0
5.0,2153.0,197.0,252.0,4.0,860.0,220.0,1
15.0,24.0,129.0,75.0,4.0,720.0,55.0,1
5.0,1962.0,85.0,216.0,3.0,430.0,110.0,0
10.0,2765.0,80.0,84.0,3.0,470.0,110.0,0
15.0,2349.0,175.0,202.0,5.0,530.0,300.0,0
5.0,1102.0,85.0,119.0,3.0,1175.0,58.0,1
5.0,1422.0,85.0,35.0,1.0,835.0,113.0,1
14.0,807.0,78.0,217.0,5.0,420.0,320.0,0
12.0,6464.0,253.0,232.0,5.0,769.0,95.0,1
15.0,655.0,261.0,153.0,7.0,570.0,85.0,1
6.0,5204.0,16.0,275.0,7.0,820.0,65.0,1
12.0,6528.0,154.0,217.0,6.0,1016.0,81.0,1
13.0,265.0,221.0,154.0,1.0,1096.0,330.0,0
3.0,87.0,148.0,261.0,3.0,1230.0,326.0,1
16.0,2664.0,96.0,22.0,3.0,530.0,74.0,1
13.0,863.0,148.0,253.0,7.0,1049.0,407.0,0
6.0,5407.0,16.0,11.0,5.0,1374.0,51.0,1
15.0,1301.0,205.0,175.0,6.0,435.0,85.0,0
15.0,2092.0,45.0,172.0,5.0,455.0,180.0,0
15.0,817.0,258.0,175.0,7.0,575.0,255.0,0
6.0,5609.0,233.0,177.0,1.0,710.0,128.0,1
15.0,215.0,44.0,262.0,5.0,865.0,80.0,1
15.0,1029.0,264.0,202.0,7.0,1000.0,80.0,1
13.0,972.0,253.0,208.0,7.0,604.0,256.0,0
15.0,1149.0,44.0,217.0,3.0,515.0,80.0,1
1.0,469.0,268.0,183.0,5.0,710.0,160.0,1
16.0,2350.0,184.0,135.0,5.0,1050.0,172.0,1
1.0,2064.0,183.0,173.0,4.0,760.0,60.0,1
8.0,436.0,16.0,184.0,7.0,766.0,124.0,0
5.0,1850.0,153.0,197.0,3.0,814.0,186.0,0
1.0,620.0,91.0,80.0,6.0,640.0,105.0,0
3.0,510.0,104.0,96.0,3.0,1290.0,163.0,0
3.0,442.0,277.0,35.0,1.0,360.0,167.0,0
2.0,65.0,252.0,151.0,5.0,420.0,131.0,0
1.0,1521.0,208.0,280.0,7.0,1155.0,225.0,1
13.0,625.0,78.0,208.0,4.0,1003.0,136.0,0
2.0,124.0,98.0,252.0,1.0,525.0,225.0,0
11.0,6604.0,71.0,22.0,1.0,915.0,119.0,1
5.0,1715.0,18.0,16.0,6.0,968.0,136.0,0
0.0,3931.0,171.0,197.0,5.0,388.0,102.0,0
5.0,54.0,45.0,16.0,5.0,1125.0,123.0,1
1.0,2410.0,154.0,80.0,1.0,370.0,185.0,0
6.0,7100.0,47.0,208.0,5.0,360.0,128.0,0
15.0,582.0,111.0,252.0,3.0,1090.0,65.0,0
12.0,4683.0,93.0,261.0,4.0,780.0,107.0,1
15.0,1082.0,129.0,268.0,5.0,1130.0,115.0,0
3.0,1014.0,148.0,35.0,7.0,899.0,81.0,1
15.0,1256.0,175.0,261.0,4.0,850.0,215.0,1
16.0,2770.0,135.0,213.0,3.0,825.0,144.0,0
7.0,328.0,184.0,35.0,4.0,822.0,133.0,0
14.0,1733.0,78.0,60.0,4.0,825.0,86.0,0
10.0,2899.0,288.0,80.0,1.0,1070.0,135.0,0
8.0,340.0,16.0,216.0,6.0,675.0,117.0,0
10.0,3073.0,154.0,243.0,4.0,1120.0,45.0,0
15.0,196.0,252.0,79.0,1.0,670.0,160.0,0
5.0,1053.0,172.0,16.0,5.0,765.0,120.0,0
10.0,3720.0,208.0,16.0,5.0,1265.0,120.0,1
16.0,5950.0,134.0,33.0,4.0,507.0,118.0,0
11.0,6375.0,16.0,120.0,4.0,1040.0,73.0,0
4.0,1558.0,264.0,135.0,7.0,710.0,184.0,1
14.0,1275.0,78.0,173.0,7.0,910.0,141.0,1
11.0,6547.0,119.0,78.0,1.0,1040.0,105.0,0
0.0,3866.0,279.0,177.0,4.0,735.0,81.0,0
15.0,694.0,243.0,2.0,4.0,525.0,105.0,0
10.0,2726.0,80.0,41.0,3.0,720.0,80.0,0
1.0,607.0,208.0,154.0,4.0,1215.0,275.0,0
0.0,3724.0,0.0,85.0,6.0,360.0,115.0,0
1.0,476.0,183.0,173.0,7.0,810.0,60.0,0
8.0,261.0,184.0,78.0,6.0,485.0,115.0,0
1.0,1901.0,80.0,183.0,5.0,750.0,160.0,0
1.0,222.0,154.0,35.0,4.0,445.0,320.0,0
13.0,259.0,173.0,79.0,1.0,695.0,253.0,0
14.0,2181.0,159.0,78.0,4.0,960.0,76.0,0
0.0,3790.0,204.0,16.0,3.0,1065.0,130.0,1
15.0,46.0,129.0,75.0,4.0,1050.0,55.0,1
15.0,1264.0,79.0,129.0,7.0,770.0,140.0,0
7.0,452.0,184.0,159.0,3.0,1199.0,135.0,1
15.0,44.0,129.0,75.0,4.0,1020.0,60.0,1
14.0,2122.0,159.0,35.0,3.0,600.0,71.0,0
16.0,2158.0,61.0,96.0,3.0,530.0,90.0,0
6.0,5505.0,16.0,162.0,7.0,962.0,103.0,0
15.0,645.0,280.0,2.0,1.0,440.0,60.0,0
4.0,1586.0,135.0,173.0,3.0,1130.0,135.0,1
5.0,1979.0,16.0,119.0,4.0,574.0,120.0,1
13.0,138.0,79.0,159.0,6.0,800.0,219.0,1
10.0,2774.0,80.0,68.0,5.0,1355.0,75.0,0
14.0,2038.0,78.0,35.0,3.0,930.0,88.0,0
17.0,2930.0,217.0,2.0,1.0,795.0,73.0,0
8.0,1103.0,241.0,61.0,4.0,628.0,144.0,0
1.0,2502.0,80.0,33.0,7.0,1025.0,100.0,1
15.0,268.0,264.0,153.0,3.0,825.0,65.0,0
5.0,2461.0,216.0,16.0,7.0,765.0,140.0,1
14.0,639.0,217.0,207.0,4.0,1259.0,71.0,1
3.0,735.0,148.0,37.0,4.0,355.0,215.0,1
12.0,6927.0,79.0,127.0,4.0,681.0,116.0,1
15.0,1217.0,202.0,154.0,3.0,450.0,75.0,1
3.0,682.0,78.0,35.0,3.0,720.0,83.0,0
16.0,2521.0,268.0,96.0,4.0,1165.0,137.0,0
6.0,5111.0,16.0,27.0,6.0,510.0,63.0,0
10.0,4369.0,71.0,208.0,1.0,1040.0,80.0,0
13.0,876.0,252.0,79.0,3.0,683.0,152.0,1
6.0,5549.0,19.0,16.0,7.0,1095.0,72.0,1
12.0,4471.0,197.0,135.0,3.0,425.0,171.0,1
4.0,194.0,154.0,135.0,3.0,405.0,194.0,1
8.0,1011.0,76.0,277.0,1.0,480.0,148.0,1
2.0,107.0,252.0,14.0,4.0,1170.0,230.0,1
14.0,369.0,217.0,262.0,1.0,1060.0,118.0,1
15.0,1839.0,175.0,217.0,4.0,485.0,245.0,0
5.0,2072.0,16.0,197.0,7.0,960.0,166.0,1
15.0,1329.0,207.0,262.0,1.0,380.0,90.0,1
5.0,1943.0,96.0,16.0,3.0,363.0,156.0,0
15.0,380.0,253.0,79.0,3.0,370.0,155.0,0
1.0,1502.0,208.0,277.0,6.0,685.0,155.0,1
0.0,3947.0,221.0,85.0,4.0,920.0,85.0,1
15.0,1180.0,217.0,2.0,5.0,1130.0,65.0,0
15.0,1216.0,173.0,33.0,5.0,1105.0,120.0,0
13.0,438.0,154.0,208.0,1.0,1058.0,239.0,0
15.0,1680.0,2.0,153.0,4.0,1020.0,95.0,1
5.0,1822.0,80.0,85.0,5.0,1050.0,150.0,1
15.0,1466.0,27.0,277.0,4.0,1055.0,80.0,0
11.0,6636.0,233.0,35.0,3.0,1170.0,122.0,1
11.0,6503.0,148.0,134.0,1.0,890.0,106.0,0
14.0,488.0,154.0,217.0,5.0,590.0,81.0,0
5.0,1920.0,177.0,173.0,4.0,865.0,120.0,1
16.0,2641.0,172.0,135.0,4.0,695.0,118.0,0
3.0,441.0,35.0,277.0,4.0,870.0,198.0,1
1.0,1860.0,183.0,173.0,4.0,600.0,65.0,0
6.0,5599.0,178.0,177.0,4.0,987.0,113.0,1
15.0,519.0,33.0,154.0,1.0,940.0,285.0,1
3.0,234.0,160.0,261.0,4.0,879.0,104.0,0
12.0,6840.0,253.0,246.0,5.0,529.0,81.0,1
11.0,6769.0,120.0,16.0,3.0,495.0,108.0,1
5.0,2045.0,78.0,85.0,3.0,1035.0,103.0,0
1.0,600.0,253.0,80.0,4.0,440.0,210.0,0
5.0,2243.0,96.0,16.0,4.0,690.0,144.0,1
14.0,2032.0,78.0,35.0,3.0,750.0,84.0,0
0.0,3815.0,177.0,184.0,5.0,520.0,108.0,0
15.0,1949.0,277.0,27.0,3.0,480.0,85.0,0
12.0,4497.0,18.0,261.0,5.0,850.0,169.0,0
5.0,2784.0,184.0,197.0,1.0,1004.0,75.0,1
4.0,1441.0,135.0,18.0,7.0,1165.0,60.0,1
5.0,2824.0,197.0,233.0,4.0,1145.0,146.0,1
8.0,227.0,153.0,184.0,7.0,430.0,208.0,0
15.0,1411.0,202.0,44.0,1.0,1000.0,65.0,0
5.0,2202.0,16.0,104.0,3.0,1370.0,109.0,1
5.0,1418.0,173.0,16.0,7.0,390.0,94.0,0
1.0,2416.0,154.0,80.0,4.0,440.0,180.0,0
7.0,511.0,159.0,79.0,7.0,1050.0,270.0,0
17.0,2881.0,248.0,217.0,4.0,750.0,95.0,0
12.0,4792.0,261.0,236.0,5.0,535.0,88.0,0
1.0,2334.0,80.0,208.0,1.0,630.0,135.0,1
8.0,1494.0,173.0,172.0,5.0,670.0,176.0,0
13.0,660.0,79.0,96.0,7.0,750.0,225.0,0
12.0,4714.0,67.0,261.0,4.0,385.0,73.0,0
1.0,1397.0,208.0,241.0,5.0,410.0,165.0,1
5.0,1688.0,182.0,85.0,1.0,540.0,140.0,0
5.0,1925.0,45.0,16.0,7.0,600.0,123.0,0
6.0,4991.0,200.0,16.0,3.0,380.0,81.0,0
14.0,1762.0,197.0,216.0,7.0,780.0,149.0,0
13.0,595.0,79.0,253.0,7.0,1144.0,163.0,0
6.0,5484.0,87.0,16.0,6.0,420.0,80.0,0
12.0,6434.0,154.0,244.0,5.0,632.0,163.0,0
15.0,1868.0,175.0,251.0,4.0,500.0,65.0,1
15.0,2984.0,154.0,258.0,1.0,480.0,65.0,0
15.0,119.0,175.0,216.0,5.0,460.0,125.0,0
10.0,3932.0,254.0,208.0,7.0,485.0,95.0,0
16.0,2943.0,96.0,177.0,1.0,610.0,199.0,1
15.0,756.0,172.0,75.0,3.0,495.0,95.0,0
5.0,1927.0,16.0,104.0,5.0,810.0,110.0,0
12.0,4820.0,154.0,153.0,7.0,465.0,70.0,0
5.0,1274.0,197.0,96.0,4.0,920.0,160.0,0
4.0,1850.0,135.0,233.0,5.0,765.0,150.0,0
12.0,7036.0,184.0,208.0,1.0,302.0,44.0,0
1.0,2094.0,197.0,80.0,1.0,835.0,155.0,1
0.0,3814.0,197.0,58.0,7.0,800.0,117.0,1
12.0,6281.0,119.0,208.0,6.0,913.0,67.0,1
15.0,544.0,233.0,45.0,6.0,935.0,60.0,1
1.0,2454.0,80.0,244.0,7.0,1355.0,60.0,0
15.0,1982.0,204.0,75.0,5.0,695.0,55.0,1
15.0,3137.0,262.0,153.0,5.0,945.0,80.0,1
15.0,957.0,44.0,262.0,5.0,1100.0,75.0,0
14.0,1550.0,217.0,60.0,3.0,950.0,225.0,1
15.0,3245.0,153.0,258.0,6.0,800.0,85.0,1
14.0,413.0,60.0,253.0,4.0,995.0,347.0,1
5.0,2446.0,268.0,85.0,4.0,630.0,94.0,1
6.0,5056.0,16.0,251.0,5.0,515.0,93.0,0
9.0,373.0,128.0,161.0,4.0,847.0,38.0,0
14.0,1286.0,198.0,216.0,5.0,790.0,159.0,0
1.0,2275.0,33.0,80.0,4.0,875.0,125.0,0
13.0,576.0,79.0,204.0,4.0,619.0,97.0,0
5.0,2093.0,197.0,264.0,1.0,705.0,237.0,0
11.0,6380.0,71.0,96.0,6.0,675.0,119.0,1
6.0,5272.0,190.0,177.0,3.0,390.0,76.0,0
10.0,3917.0,208.0,238.0,1.0,970.0,100.0,1
15.0,404.0,184.0,277.0,5.0,925.0,170.0,0
12.0,6498.0,214.0,154.0,7.0,658.0,138.0,0
12.0,4453.0,261.0,214.0,6.0,1010.0,114.0,1
14.0,714.0,80.0,216.0,6.0,785.0,188.0,0
15.0,1945.0,27.0,175.0,7.0,955.0,110.0,0
13.0,848.0,258.0,79.0,4.0,473.0,164.0,0
1.0,439.0,241.0,80.0,4.0,815.0,175.0,0
13.0,184.0,253.0,216.0,3.0,550.0,335.0,1
6.0,5515.0,157.0,177.0,1.0,740.0,87.0,1
15.0,1687.0,79.0,261.0,7.0,480.0,90.0,0
15.0,3501.0,175.0,139.0,1.0,605.0,50.0,1
5.0,2628.0,177.0,162.0,7.0,1160.0,53.0,1
15.0,1686.0,104.0,277.0,3.0,1075.0,60.0,1
6.0,5204.0,16.0,275.0,5.0,820.0,65.0,0
1.0,857.0,173.0,80.0,6.0,555.0,180.0,0
15.0,2610.0,258.0,243.0,4.0,920.0,75.0,1
6.0,7341.0,204.0,16.0,6.0,405.0,130.0,0
15.0,2022.0,104.0,153.0,4.0,465.0,340.0,0
13.0,197.0,134.0,252.0,3.0,762.0,354.0,0
2.0,669.0,18.0,252.0,3.0,1095.0,254.0,0
12.0,7028.0,79.0,244.0,1.0,630.0,128.0,0
12.0,4542.0,261.0,137.0,3.0,1185.0,57.0,1
0.0,3827.0,85.0,21.0,3.0,1295.0,51.0,0
16.0,2453.0,135.0,38.0,4.0,575.0,71.0,0
11.0,6697.0,233.0,71.0,3.0,660.0,99.0,0
17.0,2771.0,217.0,246.0,3.0,1258.0,91.0,0
15.0,2807.0,207.0,153.0,5.0,630.0,60.0,1
11.0,6682.0,45.0,71.0,7.0,671.0,109.0,0
6.0,5237.0,78.0,35.0,4.0,1015.0,105.0,0
4.0,1130.0,80.0,96.0,3.0,420.0,198.0,0
13.0,264.0,79.0,216.0,1.0,609.0,214.0,1
5.0,725.0,253.0,261.0,1.0,360.0,113.0,0
12.0,6932.0,212.0,208.0,5.0,902.0,78.0,0
2.0,67.0,252.0,151.0,1.0,915.0,127.0,0
5.0,2419.0,159.0,197.0,4.0,866.0,189.0,1
3.0,1058.0,221.0,148.0,7.0,625.0,79.0,0
2.0,151.0,14.0,211.0,1.0,370.0,95.0,1
10.0,2924.0,41.0,80.0,7.0,725.0,90.0,0
14.0,484.0,79.0,216.0,1.0,425.0,210.0,0
11.0,6375.0,16.0,120.0,5.0,1040.0,73.0,0
1.0,2410.0,154.0,80.0,7.0,370.0,185.0,0
9.0,304.0,161.0,128.0,6.0,600.0,30.0,0
17.0,2725.0,217.0,227.0,4.0,1268.0,67.0,0
10.0,2918.0,80.0,129.0,3.0,1365.0,60.0,0
16.0,2041.0,135.0,184.0,5.0,685.0,145.0,0
12.0,4507.0,79.0,261.0,6.0,530.0,95.0,0
14.0,595.0,172.0,217.0,7.0,360.0,174.0,0
5.0,2188.0,197.0,216.0,5.0,435.0,156.0,0
8.0,443.0,104.0,184.0,1.0,725.0,196.0,0
15.0,3147.0,217.0,154.0,7.0,530.0,85.0,0
11.0,6293.0,148.0,209.0,6.0,495.0,102.0,0
1.0,1349.0,204.0,80.0,3.0,1100.0,60.0,0
3.0,71.0,148.0,277.0,3.0,820.0,180.0,1
1.0,522.0,214.0,80.0,3.0,945.0,215.0,0
12.0,4621.0,79.0,261.0,6.0,785.0,90.0,0
5.0,2542.0,16.0,96.0,1.0,895.0,143.0,1
15.0,1235.0,172.0,33.0,5.0,460.0,95.0,0
15.0,3312.0,172.0,184.0,3.0,575.0,85.0,0
6.0,5234.0,85.0,177.0,6.0,1035.0,135.0,1
14.0,1495.0,12.0,60.0,1.0,495.0,144.0,0
10.0,2812.0,80.0,165.0,1.0,995.0,85.0,0
5.0,2840.0,153.0,261.0,3.0,833.0,82.0,0
16.0,2415.0,58.0,198.0,5.0,540.0,152.0,0
16.0,3085.0,228.0,96.0,1.0,620.0,68.0,0
6.0,5526.0,16.0,106.0,1.0,725.0,110.0,1
12.0,6425.0,79.0,46.0,7.0,1121.0,109.0,1
11.0,6553.0,157.0,78.0,3.0,405.0,96.0,0
4.0,722.0,198.0,135.0,4.0,745.0,71.0,0
10.0,2952.0,80.0,245.0,3.0,755.0,135.0,0
1.0,1595.0,80.0,153.0,6.0,1185.0,180.0,0
0.0,4117.0,238.0,16.0,6.0,390.0,145.0,0
16.0,2990.0,132.0,135.0,4.0,1102.0,117.0,0
12.0,6487.0,280.0,154.0,3.0,888.0,91.0,1
10.0,4360.0,208.0,85.0,3.0,580.0,85.0,1
17.0,2832.0,217.0,91.0,7.0,1365.0,69.0,0
17.0,2616.0,60.0,234.0,1.0,456.0,63.0,0
4.0,292.0,96.0,173.0,5.0,405.0,174.0,0
11.0,6461.0,35.0,148.0,1.0,450.0,87.0,0
8.0,959.0,45.0,104.0,7.0,981.0,158.0,1
3.0,337.0,134.0,173.0,3.0,1250.0,133.0,1
1.0,1580.0,80.0,78.0,6.0,985.0,154.0,1
2.0,23.0,208.0,252.0,5.0,930.0,275.0,0
1.0,1396.0,236.0,80.0,1.0,710.0,190.0,0
15.0,3054.0,104.0,45.0,5.0,480.0,150.0,0
15.0,2490.0,104.0,141.0,6.0,660.0,165.0,0
6.0,7109.0,134.0,132.0,7.0,517.0,120.0,0
1.0,1402.0,18.0,80.0,3.0,1075.0,65.0,1
1.0,222.0,154.0,35.0,1.0,445.0,320.0,0
0.0,3720.0,285.0,85.0,5.0,435.0,108.0,0
4.0,327.0,243.0,96.0,7.0,1290.0,295.0,1
12.0,6553.0,253.0,179.0,7.0,1054.0,98.0,1
15.0,1814.0,198.0,173.0,4.0,970.0,100.0,0
5.0,1994.0,217.0,148.0,1.0,485.0,279.0,0
1.0,618.0,253.0,208.0,1.0,1025.0,245.0,0
5.0,1821.0,183.0,148.0,6.0,420.0,176.0,0
1.0,370.0,208.0,159.0,3.0,795.0,125.0,1
5.0,2190.0,223.0,16.0,6.0,450.0,79.0,0
15.0,1812.0,175.0,216.0,3.0,545.0,115.0,1
1.0,1824.0,135.0,80.0,7.0,550.0,75.0,0
6.0,5555.0,157.0,16.0,5.0,1079.0,90.0,0
6.0,5251.0,16.0,118.0,5.0,1170.0,150.0,1
12.0,6327.0,154.0,243.0,6.0,732.0,48.0,0
15.0,339.0,153.0,279.0,5.0,845.0,155.0,1
8.0,71.0,16.0,104.0,1.0,865.0,110.0,1
14.0,754.0,16.0,216.0,4.0,890.0,129.0,0
10.0,3647.0,183.0,147.0,5.0,1050.0,75.0,0
3.0,1187.0,35.0,267.0,1.0,700.0,201.0,0
15.0,378.0,45.0,277.0,5.0,695.0,150.0,1
2.0,47.0,14.0,9.0,7.0,405.0,65.0,1
14.0,1460.0,253.0,60.0,3.0,675.0,288.0,1
15.0,1964.0,184.0,153.0,4.0,975.0,250.0,1
1.0,2093.0,159.0,183.0,5.0,690.0,190.0,0
1.0,1372.0,183.0,233.0,6.0,1015.0,125.0,1
15.0,945.0,228.0,216.0,5.0,565.0,80.0,0
13.0,180.0,253.0,35.0,4.0,1367.0,340.0,0
2.0,107.0,252.0,14.0,5.0,1170.0,230.0,0
15.0,4.0,75.0,91.0,5.0,505.0,110.0,0
13.0,297.0,45.0,253.0,3.0,463.0,372.0,0
1.0,1482.0,260.0,183.0,6.0,450.0,160.0,0
6.0,7076.0,134.0,245.0,7.0,486.0,105.0,0
4.0,1501.0,96.0,104.0,5.0,1145.0,189.0,1
3.0,1211.0,35.0,43.0,3.0,520.0,93.0,0
6.0,7106.0,238.0,134.0,7.0,370.0,81.0,0
13.0,656.0,217.0,208.0,6.0,410.0,208.0,1
5.0,2157.0,261.0,252.0,7.0,686.0,131.0,1
1.0,1672.0,88.0,80.0,3.0,865.0,125.0,1
5.0,1698.0,147.0,16.0,6.0,330.0,80.0,0
0.0,3712.0,117.0,85.0,6.0,972.0,81.0,1
0.0,3708.0,16.0,245.0,1.0,993.0,69.0,0
13.0,393.0,208.0,217.0,6.0,725.0,239.0,0
15.0,24.0,233.0,173.0,3.0,460.0,105.0,0
1.0,10.0,154.0,148.0,3.0,1290.0,305.0,1
15.0,661.0,217.0,79.0,4.0,410.0,110.0,0
11.0,6362.0,133.0,71.0,6.0,885.0,55.0,0
15.0,1175.0,202.0,236.0,1.0,545.0,50.0,1
12.0,4789.0,154.0,243.0,7.0,1120.0,45.0,1
15.0,359.0,264.0,253.0,4.0,1145.0,80.0,1
15.0,605.0,79.0,261.0,5.0,420.0,95.0,0
7.0,793.0,79.0,214.0,5.0,1000.0,166.0,0
3.0,406.0,243.0,35.0,5.0,845.0,309.0,0
13.0,128.0,208.0,216.0,6.0,827.0,130.0,0
15.0,1108.0,104.0,79.0,3.0,1075.0,280.0,1
13.0,328.0,154.0,79.0,5.0,435.0,152.0,0
12.0,6387.0,253.0,227.0,3.0,1283.0,77.0,0
10.0,3965.0,208.0,84.0,6.0,745.0,75.0,0
12.0,6247.0,154.0,100.0,4.0,628.0,69.0,1
12.0,4877.0,261.0,46.0,4.0,1290.0,73.0,1
4.0,88.0,96.0,135.0,5.0,1140.0,244.0,0
0.0,3662.0,197.0,33.0,4.0,1145.0,138.0,0
1.0,2385.0,80.0,135.0,1.0,430.0,75.0,0
1.0,1373.0,183.0,80.0,4.0,740.0,195.0,1
12.0,6614.0,79.0,224.0,1.0,746.0,153.0,0
5.0,1904.0,104.0,85.0,5.0,470.0,185.0,0
15.0,817.0,258.0,175.0,3.0,575.0,255.0,1
11.0,6495.0,148.0,135.0,6.0,1230.0,252.0,1
5.0,2822.0,217.0,85.0,4.0,733.0,232.0,1
12.0,4663.0,29.0,197.0,7.0,660.0,83.0,1
1.0,2556.0,153.0,148.0,5.0,655.0,310.0,0
0.0,3754.0,85.0,250.0,4.0,648.0,81.0,0
15.0,2102.0,264.0,217.0,4.0,595.0,70.0,1
15.0,32.0,75.0,155.0,4.0,920.0,70.0,1
8.0,254.0,106.0,16.0,5.0,360.0,134.0,0
0.0,4386.0,119.0,197.0,4.0,1030.0,99.0,0
14.0,1440.0,60.0,78.0,4.0,580.0,76.0,0
12.0,3048.0,221.0,184.0,3.0,865.0,91.0,1
5.0,2804.0,198.0,154.0,4.0,1130.0,265.0,0
15.0,1600.0,35.0,45.0,3.0,1095.0,100.0,1
10.0,4597.0,233.0,159.0,6.0,870.0,90.0,0
5.0,46.0,35.0,16.0,5.0,735.0,176.0,0
0.0,3970.0,177.0,61.0,3.0,540.0,106.0,0
6.0,5331.0,58.0,177.0,1.0,705.0,124.0,1
15.0,1680.0,2.0,153.0,1.0,1020.0,95.0,1
16.0,2416.0,96.0,245.0,3.0,540.0,164.0,0
10.0,4339.0,208.0,276.0,3.0,975.0,55.0,1
12.0,4479.0,80.0,261.0,3.0,1125.0,168.0,0
0.0,4373.0,85.0,42.0,6.0,605.0,104.0,0
14.0,342.0,217.0,153.0,5.0,1075.0,69.0,0
5.0,1689.0,216.0,85.0,3.0,755.0,108.0,1
2.0,620.0,214.0,153.0,1.0,1055.0,128.0,0
15.0,249.0,244.0,75.0,4.0,800.0,60.0,0
12.0,4663.0,197.0,29.0,3.0,545.0,90.0,0
14.0,1201.0,0.0,60.0,6.0,525.0,106.0,0
14.0,2038.0,78.0,35.0,5.0,930.0,88.0,1
6.0,7349.0,204.0,177.0,1.0,375.0,93.0,0
15.0,1079.0,45.0,233.0,7.0,620.0,65.0,0
1.0,1826.0,80.0,136.0,3.0,1225.0,70.0,0
15.0,580.0,172.0,217.0,3.0,730.0,185.0,0
11.0,6465.0,120.0,85.0,3.0,1018.0,112.0,0
2.0,530.0,252.0,207.0,3.0,430.0,147.0,0
10.0,4206.0,62.0,208.0,1.0,485.0,65.0,0
15.0,2397.0,175.0,172.0,4.0,570.0,90.0,0
16.0,5937.0,218.0,208.0,4.0,571.0,49.0,0
4.0,36.0,173.0,96.0,6.0,900.0,160.0,0
7.0,790.0,214.0,79.0,3.0,385.0,144.0,1
16.0,2461.0,146.0,135.0,6.0,723.0,75.0,1
16.0,5970.0,208.0,139.0,4.0,457.0,55.0,0
15.0,3505.0,216.0,35.0,7.0,630.0,90.0,0
15.0,1122.0,85.0,79.0,3.0,400.0,200.0,1
5.0,2523.0,16.0,128.0,5.0,650.0,620.0,0
15.0,1332.0,217.0,204.0,4.0,835.0,120.0,1
14.0,714.0,80.0,216.0,3.0,785.0,189.0,1
5.0,2431.0,159.0,85.0,3.0,755.0,118.0,1
17.0,2914.0,24.0,217.0,6.0,723.0,92.0,0
16.0,2330.0,170.0,135.0,3.0,810.0,86.0,0
5.0,2322.0,177.0,172.0,4.0,840.0,90.0,0
5.0,2723.0,197.0,173.0,7.0,1160.0,189.0,1
12.0,6746.0,79.0,230.0,7.0,1304.0,69.0,1
6.0,5493.0,177.0,188.0,4.0,1180.0,68.0,0
5.0,1222.0,261.0,16.0,6.0,1020.0,219.0,0
12.0,6245.0,179.0,253.0,6.0,360.0,81.0,0
5.0,1961.0,216.0,16.0,4.0,990.0,147.0,1
4.0,568.0,96.0,153.0,3.0,525.0,352.0,1
9.0,555.0,203.0,128.0,7.0,1235.0,33.0,0
16.0,2435.0,135.0,147.0,3.0,492.0,116.0,0
12.0,6819.0,79.0,127.0,5.0,1306.0,114.0,0
15.0,2463.0,258.0,79.0,7.0,1070.0,145.0,1
5.0,2725.0,197.0,261.0,1.0,865.0,169.0,1
5.0,2763.0,148.0,154.0,1.0,540.0,393.0,0
15.0,2938.0,173.0,175.0,6.0,990.0,170.0,0
11.0,6567.0,58.0,85.0,4.0,802.0,58.0,0
16.0,5904.0,208.0,42.0,1.0,540.0,120.0,1
1.0,604.0,80.0,251.0,4.0,720.0,125.0,1
14.0,2032.0,78.0,35.0,4.0,750.0,84.0,0
5.0,1987.0,216.0,197.0,6.0,495.0,198.0,0
8.0,801.0,45.0,35.0,3.0,870.0,80.0,0
17.0,2888.0,227.0,217.0,3.0,600.0,67.0,0
14.0,96.0,221.0,216.0,7.0,1245.0,71.0,0
16.0,2478.0,120.0,96.0,3.0,1130.0,102.0,0
14.0,1435.0,60.0,16.0,5.0,800.0,82.0,0
1.0,1322.0,80.0,85.0,3.0,435.0,160.0,0
1.0,1592.0,80.0,173.0,7.0,745.0,145.0,0
15.0,3232.0,45.0,277.0,6.0,860.0,155.0,1
5.0,2254.0,16.0,61.0,7.0,970.0,95.0,0
15.0,2418.0,173.0,139.0,6.0,650.0,150.0,0
14.0,1433.0,60.0,154.0,7.0,600.0,331.0,0
1.0,728.0,80.0,159.0,5.0,755.0,200.0,1
5.0,1392.0,159.0,35.0,5.0,1050.0,76.0,0
0.0,4306.0,85.0,250.0,7.0,880.0,76.0,1
16.0,2960.0,60.0,135.0,5.0,882.0,176.0,0
3.0,1235.0,35.0,233.0,5.0,365.0,125.0,0
10.0,2894.0,184.0,80.0,6.0,555.0,165.0,1
6.0,5053.0,16.0,287.0,7.0,1245.0,65.0,0
4.0,1488.0,135.0,85.0,4.0,1150.0,165.0,0
15.0,2907.0,221.0,153.0,6.0,890.0,310.0,1
5.0,2084.0,197.0,85.0,1.0,1055.0,105.0,0
5.0,1744.0,85.0,78.0,5.0,625.0,92.0,0
5.0,1153.0,16.0,213.0,4.0,500.0,107.0,1
12.0,4529.0,261.0,202.0,6.0,515.0,122.0,0
6.0,7389.0,216.0,71.0,1.0,1066.0,126.0,1
13.0,617.0,208.0,264.0,3.0,939.0,275.0,0
14.0,1507.0,45.0,60.0,4.0,420.0,97.0,0
6.0,5190.0,16.0,275.0,3.0,970.0,66.0,1
6.0,5475.0,70.0,16.0,1.0,1046.0,49.0,1
14.0,497.0,60.0,79.0,5.0,1230.0,228.0,1
0.0,3655.0,197.0,279.0,7.0,545.0,127.0,0
12.0,6232.0,153.0,100.0,6.0,512.0,88.0,0
5.0,1177.0,233.0,16.0,5.0,735.0,95.0,0
12.0,6585.0,208.0,72.0,3.0,998.0,57.0,1
16.0,5995.0,208.0,29.0,4.0,717.0,134.0,0
10.0,4434.0,85.0,159.0,3.0,900.0,105.0,0
5.0,2282.0,197.0,61.0,7.0,1150.0,113.0,0
11.0,6649.0,71.0,85.0,7.0,1175.0,85.0,1
14.0,397.0,153.0,80.0,5.0,1005.0,157.0,0
0.0,4009.0,142.0,85.0,4.0,741.0,96.0,1
16.0,2877.0,96.0,197.0,7.0,1200.0,194.0,1
6.0,5139.0,47.0,16.0,4.0,900.0,75.0,0
10.0,4232.0,208.0,43.0,7.0,1275.0,95.0,0
14.0,1910.0,60.0,159.0,5.0,595.0,115.0,1
5.0,2006.0,213.0,22.0,7.0,1180.0,170.0,0
1.0,2081.0,173.0,80.0,7.0,465.0,180.0,0
5.0,1420.0,159.0,71.0,1.0,1048.0,139.0,0
12.0,6573.0,79.0,126.0,4.0,687.0,51.0,0
15.0,2882.0,129.0,27.0,5.0,580.0,90.0,0
15.0,2617.0,79.0,244.0,4.0,1170.0,130.0,0
8.0,923.0,172.0,16.0,6.0,390.0,125.0,0
11.0,6447.0,45.0,71.0,7.0,1065.0,115.0,0
1.0,2222.0,80.0,16.0,5.0,945.0,125.0,0
4.0,3.0,154.0,128.0,5.0,590.0,345.0,0
3.0,1411.0,173.0,18.0,7.0,775.0,169.0,1
5.0,2720.0,208.0,85.0,7.0,981.0,83.0,1
15.0,2995.0,236.0,202.0,6.0,555.0,55.0,0
1.0,518.0,183.0,148.0,6.0,425.0,165.0,0
10.0,2750.0,146.0,80.0,1.0,360.0,100.0,0
6.0,5115.0,58.0,16.0,5.0,465.0,127.0,0
16.0,2526.0,96.0,119.0,5.0,420.0,134.0,0
5.0,2164.0,2.0,197.0,4.0,850.0,158.0,0
15.0,894.0,45.0,182.0,1.0,935.0,75.0,1
15.0,2790.0,129.0,279.0,1.0,455.0,80.0,1
15.0,415.0,277.0,228.0,6.0,465.0,165.0,0
8.0,61.0,16.0,154.0,5.0,1330.0,320.0,0
5.0,74.0,85.0,16.0,7.0,824.0,125.0,0
12.0,4828.0,253.0,261.0,3.0,1092.0,108.0,1
13.0,471.0,279.0,79.0,4.0,400.0,110.0,0
15.0,45.0,75.0,129.0,5.0,1050.0,65.0,0
15.0,1361.0,153.0,154.0,1.0,885.0,65.0,1
0.0,3738.0,85.0,121.0,5.0,440.0,106.0,0
13.0,864.0,154.0,153.0,4.0,1358.0,81.0,0
5.0,1078.0,159.0,198.0,6.0,495.0,220.0,1
13.0,920.0,135.0,208.0,5.0,480.0,154.0,0
10.0,4335.0,208.0,119.0,1.0,510.0,55.0,0
12.0,6916.0,2.0,79.0,7.0,1050.0,74.0,0
7.0,191.0,79.0,76.0,6.0,645.0,155.0,0
6.0,4941.0,16.0,138.0,4.0,1245.0,80.0,1
1.0,385.0,45.0,80.0,4.0,420.0,215.0,0
1.0,1617.0,78.0,80.0,5.0,1016.0,215.0,1
10.0,4696.0,148.0,35.0,6.0,1200.0,80.0,0
5.0,2145.0,228.0,16.0,6.0,420.0,179.0,0
8.0,227.0,153.0,184.0,4.0,430.0,208.0,0
10.0,3233.0,80.0,68.0,5.0,480.0,80.0,0
4.0,738.0,135.0,243.0,6.0,710.0,200.0,0
12.0,6892.0,214.0,252.0,4.0,942.0,50.0,0
4.0,1179.0,96.0,208.0,5.0,395.0,149.0,0
13.0,973.0,208.0,253.0,3.0,900.0,267.0,1
7.0,773.0,79.0,153.0,1.0,1095.0,118.0,0
14.0,1444.0,147.0,60.0,4.0,645.0,83.0,0
15.0,698.0,258.0,154.0,1.0,950.0,70.0,1
3.0,461.0,35.0,241.0,3.0,795.0,212.0,1
5.0,1529.0,148.0,153.0,3.0,630.0,352.0,1
1.0,201.0,148.0,154.0,4.0,390.0,385.0,0
14.0,1850.0,213.0,60.0,5.0,1020.0,112.0,0
4.0,132.0,243.0,135.0,7.0,400.0,188.0,1
15.0,2376.0,217.0,258.0,5.0,985.0,120.0,0
5.0,126.0,253.0,148.0,5.0,510.0,345.0,0
5.0,1683.0,261.0,153.0,4.0,660.0,87.0,0
11.0,6302.0,159.0,268.0,7.0,504.0,183.0,0
14.0,1469.0,216.0,16.0,5.0,970.0,149.0,0
0.0,4070.0,205.0,197.0,3.0,1135.0,76.0,0
12.0,6993.0,79.0,230.0,1.0,970.0,62.0,0
3.0,447.0,35.0,277.0,7.0,1075.0,205.0,1
0.0,3742.0,209.0,148.0,5.0,820.0,105.0,0
1.0,482.0,80.0,139.0,5.0,670.0,125.0,1
15.0,2038.0,91.0,75.0,5.0,405.0,95.0,0
15.0,3511.0,261.0,252.0,1.0,1080.0,135.0,0
5.0,1970.0,198.0,16.0,3.0,600.0,91.0,0
16.0,5902.0,134.0,228.0,6.0,1035.0,81.0,1
1.0,2248.0,80.0,78.0,7.0,746.0,165.0,1
14.0,1667.0,60.0,268.0,5.0,1070.0,120.0,1
9.0,280.0,203.0,150.0,4.0,935.0,32.0,0
5.0,1004.0,16.0,76.0,7.0,670.0,95.0,0
1.0,1151.0,208.0,268.0,7.0,1190.0,70.0,1
14.0,1538.0,60.0,35.0,6.0,1335.0,120.0,0
13.0,12.0,253.0,148.0,3.0,840.0,343.0,1
5.0,1599.0,16.0,221.0,4.0,1319.0,107.0,0
1.0,764.0,80.0,159.0,6.0,1115.0,195.0,0
5.0,1127.0,16.0,213.0,7.0,900.0,111.0,1
13.0,218.0,208.0,154.0,6.0,670.0,272.0,1
10.0,4285.0,208.0,60.0,3.0,470.0,115.0,0
13.0,675.0,208.0,79.0,1.0,527.0,170.0,0
3.0,602.0,148.0,229.0,7.0,750.0,73.0,0
15.0,1923.0,258.0,153.0,5.0,640.0,80.0,0
2.0,581.0,264.0,214.0,7.0,465.0,157.0,1
12.0,6482.0,99.0,79.0,7.0,370.0,128.0,0
1.0,657.0,80.0,2.0,3.0,1320.0,110.0,0
8.0,113.0,16.0,80.0,7.0,901.0,146.0,0
5.0,2670.0,16.0,106.0,4.0,538.0,123.0,0
12.0,6685.0,56.0,79.0,3.0,560.0,145.0,1
12.0,6917.0,6.0,262.0,3.0,330.0,65.0,0
15.0,166.0,217.0,154.0,1.0,715.0,85.0,1
12.0,6470.0,154.0,261.0,7.0,1207.0,110.0,1
1.0,1811.0,183.0,135.0,6.0,1355.0,170.0,1
3.0,1710.0,173.0,78.0,7.0,1130.0,116.0,1
16.0,2339.0,58.0,117.0,4.0,910.0,83.0,0
15.0,734.0,79.0,172.0,3.0,385.0,105.0,1
12.0,6910.0,34.0,79.0,3.0,1142.0,108.0,1
3.0,82.0,252.0,148.0,3.0,1307.0,301.0,0
3.0,1260.0,134.0,35.0,4.0,775.0,86.0,0
13.0,297.0,45.0,253.0,4.0,463.0,372.0,0
15.0,1677.0,58.0,153.0,7.0,995.0,290.0,1
16.0,3033.0,135.0,13.0,3.0,860.0,96.0,0
15.0,1075.0,91.0,2.0,7.0,450.0,55.0,0
10.0,3004.0,79.0,154.0,6.0,445.0,160.0,0
4.0,683.0,35.0,135.0,4.0,440.0,268.0,1
5.0,2178.0,85.0,60.0,3.0,420.0,116.0,0
8.0,181.0,16.0,241.0,1.0,1051.0,96.0,1
5.0,2097.0,16.0,183.0,1.0,730.0,112.0,0
17.0,7245.0,228.0,134.0,1.0,865.0,104.0,0
11.0,6602.0,61.0,159.0,7.0,625.0,108.0,0
14.0,2163.0,159.0,78.0,3.0,420.0,71.0,1
5.0,1460.0,16.0,60.0,7.0,745.0,69.0,1
15.0,1441.0,154.0,202.0,4.0,435.0,75.0,0
8.0,163.0,16.0,260.0,3.0,715.0,209.0,0
10.0,4164.0,61.0,208.0,3.0,1055.0,90.0,0
6.0,5217.0,132.0,16.0,7.0,632.0,58.0,1
8.0,995.0,184.0,35.0,3.0,465.0,133.0,0
2.0,19.0,173.0,252.0,4.0,1095.0,384.0,0
3.0,1292.0,221.0,35.0,4.0,565.0,93.0,0
4.0,811.0,96.0,135.0,1.0,990.0,233.0,1
12.0,6452.0,154.0,280.0,1.0,714.0,84.0,0
3.0,1438.0,160.0,253.0,5.0,440.0,81.0,1
12.0,4723.0,261.0,160.0,1.0,913.0,107.0,0
10.0,4572.0,58.0,159.0,1.0,660.0,95.0,0
15.0,326.0,153.0,33.0,4.0,480.0,210.0,1
1.0,102.0,128.0,80.0,5.0,1205.0,430.0,0
14.0,409.0,217.0,253.0,6.0,1077.0,122.0,0
4.0,1187.0,96.0,208.0,5.0,1155.0,160.0,0
13.0,185.0,216.0,253.0,1.0,377.0,389.0,0
6.0,5593.0,91.0,16.0,1.0,802.0,177.0,1
15.0,3932.0,202.0,34.0,3.0,1115.0,85.0,1
4.0,1172.0,96.0,35.0,5.0,870.0,70.0,0
6.0,7344.0,186.0,16.0,3.0,1108.0,101.0,0
12.0,4720.0,197.0,112.0,3.0,790.0,75.0,0
1.0,1877.0,60.0,80.0,3.0,1160.0,180.0,0
16.0,2105.0,135.0,119.0,5.0,770.0,148.0,0
5.0,2891.0,261.0,264.0,6.0,660.0,115.0,1
13.0,891.0,148.0,154.0,1.0,398.0,380.0,0
8.0,805.0,45.0,35.0,4.0,390.0,80.0,0
5.0,1809.0,241.0,197.0,7.0,455.0,224.0,0
15.0,907.0,75.0,244.0,1.0,560.0,65.0,1
6.0,5024.0,16.0,11.0,5.0,1055.0,54.0,0
12.0,6460.0,126.0,79.0,7.0,380.0,68.0,0
16.0,2916.0,205.0,96.0,7.0,701.0,165.0,0
1.0,1183.0,80.0,204.0,3.0,1370.0,50.0,0
15.0,1052.0,153.0,205.0,3.0,985.0,160.0,1
13.0,336.0,79.0,84.0,6.0,1044.0,99.0,0
13.0,871.0,172.0,79.0,5.0,372.0,118.0,0
13.0,503.0,79.0,153.0,4.0,880.0,123.0,1
5.0,1658.0,159.0,197.0,1.0,610.0,190.0,1
0.0,3662.0,56.0,197.0,6.0,1020.0,75.0,0
15.0,505.0,217.0,251.0,5.0,960.0,205.0,1
15.0,339.0,252.0,202.0,5.0,475.0,125.0,1
15.0,836.0,75.0,18.0,6.0,795.0,50.0,1
3.0,1224.0,233.0,35.0,4.0,360.0,101.0,0
13.0,308.0,208.0,173.0,3.0,1191.0,166.0,0
1.0,788.0,183.0,270.0,4.0,775.0,155.0,1
15.0,1509.0,172.0,173.0,3.0,1070.0,160.0,1
12.0,6761.0,134.0,198.0,4.0,737.0,170.0,0
8.0,843.0,16.0,173.0,1.0,909.0,91.0,0
13.0,802.0,79.0,173.0,4.0,610.0,218.0,0
15.0,1029.0,264.0,202.0,3.0,1000.0,80.0,0
11.0,6260.0,197.0,71.0,3.0,685.0,116.0,0
1.0,383.0,80.0,280.0,3.0,1170.0,145.0,0
14.0,2036.0,78.0,35.0,7.0,870.0,85.0,0
10.0,3940.0,208.0,157.0,5.0,740.0,85.0,0
15.0,1345.0,2.0,217.0,3.0,735.0,75.0,1
12.0,6252.0,253.0,244.0,3.0,861.0,198.0,0
16.0,2173.0,58.0,16.0,6.0,760.0,109.0,1
12.0,3073.0,268.0,184.0,5.0,877.0,73.0,1
14.0,1546.0,217.0,60.0,4.0,890.0,230.0,0
5.0,2307.0,16.0,162.0,6.0,1150.0,99.0,1
0.0,4292.0,167.0,148.0,3.0,890.0,110.0,0
1.0,1742.0,280.0,80.0,1.0,695.0,130.0,0
15.0,154.0,264.0,202.0,6.0,940.0,85.0,1
15.0,3508.0,253.0,217.0,1.0,965.0,115.0,1
1.0,1012.0,183.0,78.0,4.0,1330.0,140.0,1
13.0,342.0,243.0,79.0,5.0,684.0,142.0,0
5.0,1268.0,228.0,16.0,7.0,764.0,177.0,0
12.0,6742.0,15.0,79.0,7.0,500.0,55.0,0
6.0,7358.0,205.0,16.0,6.0,642.0,137.0,0
16.0,5988.0,208.0,58.0,5.0,455.0,71.0,0
6.0,5114.0,41.0,16.0,4.0,1091.0,99.0,1
14.0,659.0,216.0,253.0,4.0,600.0,390.0,1
16.0,2220.0,256.0,135.0,5.0,420.0,62.0,0
4.0,2.0,128.0,135.0,7.0,1150.0,455.0,1
15.0,570.0,253.0,243.0,3.0,1260.0,85.0,1
10.0,3338.0,80.0,10.0,7.0,590.0,65.0,1
6.0,5480.0,16.0,169.0,5.0,1237.0,81.0,0
0.0,4340.0,277.0,233.0,3.0,725.0,110.0,1
13.0,351.0,221.0,208.0,1.0,982.0,103.0,0
10.0,3015.0,154.0,243.0,5.0,715.0,45.0,0
6.0,5510.0,16.0,190.0,5.0,760.0,78.0,0
3.0,1281.0,35.0,234.0,3.0,420.0,108.0,1
10.0,3739.0,208.0,96.0,3.0,680.0,130.0,0
1.0,1622.0,214.0,80.0,1.0,740.0,220.0,0
7.0,386.0,79.0,104.0,1.0,510.0,227.0,0
6.0,7363.0,177.0,146.0,7.0,875.0,61.0,0
15.0,326.0,277.0,213.0,7.0,1035.0,55.0,0
11.0,6726.0,60.0,71.0,5.0,800.0,105.0,0
11.0,6761.0,71.0,135.0,5.0,825.0,172.0,0
15.0,1569.0,268.0,217.0,7.0,735.0,215.0,1
13.0,69.0,79.0,154.0,5.0,635.0,155.0,1
15.0,2304.0,175.0,253.0,6.0,1150.0,300.0,0
5.0,2976.0,16.0,148.0,5.0,645.0,135.0,0
3.0,1216.0,43.0,35.0,5.0,835.0,78.0,0
1.0,1130.0,243.0,80.0,4.0,750.0,175.0,0
6.0,5217.0,16.0,146.0,5.0,805.0,79.0,0
10.0,2982.0,80.0,118.0,6.0,730.0,50.0,0
15.0,1285.0,253.0,175.0,7.0,435.0,250.0,0
0.0,3651.0,106.0,85.0,7.0,982.0,47.0,0
6.0,5202.0,58.0,16.0,4.0,579.0,111.0,0
5.0,1474.0,173.0,197.0,6.0,455.0,215.0,0
1.0,1066.0,80.0,33.0,7.0,615.0,100.0,0
17.0,7214.0,147.0,134.0,6.0,591.0,107.0,1
12.0,6564.0,65.0,79.0,7.0,391.0,49.0,0
8.0,495.0,45.0,60.0,3.0,515.0,85.0,1
0.0,3677.0,85.0,171.0,3.0,1195.0,55.0,1
4.0,723.0,135.0,198.0,4.0,693.0,65.0,0
7.0,791.0,79.0,214.0,7.0,503.0,169.0,0
15.0,1419.0,204.0,153.0,4.0,1040.0,170.0,1
17.0,2661.0,33.0,60.0,3.0,1025.0,76.0,0
5.0,1767.0,85.0,208.0,4.0,530.0,99.0,1
12.0,6478.0,119.0,208.0,7.0,625.0,59.0,0
1.0,299.0,183.0,154.0,6.0,490.0,350.0,0
14.0,1675.0,208.0,60.0,7.0,570.0,111.0,0
12.0,6338.0,154.0,243.0,6.0,975.0,45.0,0
5.0,1709.0,197.0,79.0,6.0,435.0,135.0,0
4.0,784.0,96.0,214.0,1.0,1020.0,376.0,1
12.0,4704.0,261.0,79.0,1.0,1017.0,83.0,1
15.0,2986.0,131.0,129.0,3.0,1155.0,60.0,1
0.0,4067.0,85.0,285.0,5.0,1160.0,98.0,1
14.0,1186.0,177.0,60.0,4.0,765.0,93.0,0
8.0,723.0,45.0,198.0,3.0,881.0,176.0,0
1.0,1218.0,80.0,27.0,7.0,905.0,95.0,1
15.0,3420.0,217.0,153.0,5.0,465.0,65.0,0
6.0,7124.0,134.0,238.0,6.0,1337.0,73.0,0
10.0,3992.0,290.0,208.0,1.0,800.0,105.0,0
8.0,118.0,277.0,16.0,4.0,654.0,95.0,0
1.0,1352.0,18.0,80.0,1.0,420.0,65.0,0
10.0,4321.0,208.0,204.0,7.0,865.0,135.0,1
10.0,3369.0,80.0,84.0,6.0,760.0,115.0,0
3.0,706.0,260.0,148.0,6.0,752.0,241.0,1
14.0,1678.0,277.0,78.0,4.0,435.0,125.0,0
12.0,6602.0,262.0,253.0,4.0,1262.0,43.0,1
6.0,5600.0,288.0,16.0,7.0,390.0,90.0,0
0.0,3750.0,85.0,152.0,7.0,830.0,50.0,1
8.0,309.0,16.0,79.0,3.0,1335.0,215.0,0
8.0,911.0,215.0,16.0,5.0,1181.0,114.0,0
12.0,6867.0,79.0,18.0,6.0,610.0,124.0,0
8.0,1051.0,173.0,0.0,7.0,955.0,143.0,0
11.0,6498.0,208.0,16.0,4.0,350.0,128.0,0
4.0,192.0,96.0,173.0,1.0,550.0,170.0,0
17.0,2881.0,217.0,2.0,6.0,975.0,70.0,0
10.0,3336.0,80.0,114.0,3.0,1100.0,135.0,1
15.0,631.0,268.0,172.0,6.0,830.0,65.0,1
8.0,507.0,184.0,159.0,1.0,590.0,133.0,0
5.0,2632.0,264.0,261.0,3.0,405.0,132.0,0
16.0,5981.0,204.0,208.0,1.0,877.0,126.0,0
12.0,6944.0,85.0,208.0,7.0,832.0,78.0,1
14.0,1712.0,60.0,78.0,4.0,785.0,74.0,0
1.0,1062.0,172.0,80.0,5.0,855.0,100.0,0
13.0,734.0,208.0,221.0,3.0,791.0,87.0,0
6.0,4975.0,71.0,16.0,4.0,575.0,100.0,1
15.0,1069.0,175.0,61.0,1.0,635.0,65.0,1
0.0,4334.0,147.0,71.0,1.0,960.0,122.0,1
10.0,3002.0,243.0,154.0,4.0,1095.0,45.0,1
5.0,1881.0,16.0,18.0,7.0,1145.0,161.0,0
10.0,2973.0,80.0,190.0,4.0,1105.0,90.0,0
14.0,752.0,35.0,216.0,7.0,990.0,101.0,0
15.0,1116.0,236.0,202.0,7.0,1125.0,55.0,1
12.0,6402.0,93.0,253.0,5.0,1137.0,87.0,0
3.0,327.0,22.0,104.0,3.0,886.0,192.0,1
1.0,985.0,78.0,183.0,5.0,910.0,165.0,1
2.0,606.0,252.0,153.0,4.0,595.0,149.0,1
15.0,901.0,264.0,153.0,3.0,985.0,65.0,1
15.0,2622.0,35.0,216.0,4.0,1220.0,100.0,0
15.0,1325.0,45.0,141.0,3.0,1095.0,60.0,1
14.0,1890.0,213.0,60.0,7.0,900.0,112.0,0
5.0,1455.0,16.0,267.0,5.0,1130.0,103.0,0
12.0,6612.0,261.0,79.0,5.0,360.0,93.0,0
12.0,6453.0,154.0,217.0,5.0,1290.0,72.0,1
3.0,1421.0,214.0,160.0,7.0,450.0,135.0,0
14.0,491.0,79.0,217.0,1.0,1100.0,117.0,0
15.0,1711.0,207.0,153.0,6.0,600.0,60.0,0
12.0,6982.0,67.0,79.0,6.0,585.0,55.0,0
12.0,6440.0,227.0,154.0,6.0,753.0,47.0,0
5.0,1032.0,264.0,261.0,5.0,1099.0,101.0,0
5.0,2602.0,198.0,16.0,1.0,900.0,92.0,0
5.0,1883.0,261.0,153.0,6.0,920.0,85.0,1
8.0,434.0,16.0,184.0,1.0,525.0,124.0,0
5.0,2650.0,252.0,261.0,7.0,807.0,114.0,1
14.0,592.0,217.0,172.0,3.0,795.0,152.0,0
15.0,1414.0,131.0,244.0,5.0,420.0,55.0,0
1.0,1040.0,80.0,44.0,1.0,680.0,205.0,0
5.0,1303.0,85.0,104.0,6.0,450.0,192.0,0
7.0,108.0,79.0,197.0,4.0,1195.0,110.0,0
5.0,2760.0,183.0,16.0,4.0,820.0,120.0,0
1.0,2324.0,80.0,208.0,6.0,445.0,140.0,0
10.0,2745.0,80.0,121.0,4.0,660.0,125.0,0
13.0,835.0,35.0,208.0,5.0,415.0,173.0,0
15.0,860.0,264.0,262.0,3.0,1090.0,85.0,1
12.0,6346.0,253.0,248.0,5.0,712.0,72.0,1
11.0,6520.0,159.0,27.0,5.0,1301.0,165.0,0
3.0,602.0,148.0,229.0,3.0,750.0,73.0,0
0.0,4062.0,147.0,177.0,4.0,1065.0,118.0,0
12.0,6578.0,29.0,79.0,6.0,1024.0,102.0,0
15.0,167.0,244.0,154.0,3.0,1170.0,200.0,1
13.0,865.0,35.0,208.0,6.0,478.0,171.0,0
10.0,4583.0,60.0,159.0,4.0,665.0,114.0,0
15.0,1174.0,18.0,129.0,5.0,800.0,45.0,1
14.0,1649.0,78.0,277.0,5.0,1045.0,144.0,0
6.0,5141.0,16.0,200.0,3.0,590.0,83.0,1
6.0,5077.0,16.0,288.0,6.0,1290.0,69.0,0
15.0,1754.0,262.0,264.0,3.0,870.0,85.0,0
7.0,843.0,175.0,79.0,1.0,940.0,157.0,0
1.0,1253.0,183.0,154.0,4.0,1255.0,355.0,1
14.0,1211.0,78.0,213.0,6.0,1055.0,151.0,0
5.0,2138.0,16.0,78.0,7.0,860.0,96.0,1
15.0,458.0,202.0,207.0,1.0,420.0,70.0,0
5.0,1623.0,35.0,85.0,5.0,1108.0,147.0,0
4.0,1831.0,213.0,135.0,7.0,365.0,160.0,1
12.0,6618.0,248.0,253.0,5.0,1034.0,61.0,0
15.0,1023.0,75.0,244.0,4.0,920.0,65.0,0
2.0,552.0,252.0,227.0,1.0,540.0,159.0,0
16.0,5951.0,48.0,208.0,3.0,345.0,95.0,0
2.0,62.0,257.0,151.0,1.0,722.0,53.0,0
8.0,14.0,260.0,173.0,4.0,964.0,195.0,0
15.0,694.0,175.0,216.0,4.0,970.0,125.0,1
12.0,7781.0,89.0,261.0,4.0,330.0,70.0,0
11.0,6639.0,85.0,120.0,7.0,950.0,103.0,0
12.0,7023.0,6.0,253.0,6.0,959.0,74.0,1
14.0,1866.0,16.0,60.0,4.0,940.0,76.0,0
4.0,1573.0,18.0,135.0,3.0,420.0,57.0,0
15.0,3332.0,202.0,243.0,6.0,645.0,85.0,1
2.0,47.0,14.0,9.0,5.0,405.0,65.0,0
14.0,1411.0,60.0,213.0,1.0,710.0,121.0,0
5.0,2419.0,197.0,258.0,5.0,1045.0,252.0,1
12.0,4661.0,261.0,207.0,5.0,520.0,109.0,0
14.0,1869.0,273.0,60.0,5.0,1145.0,133.0,0
5.0,2244.0,197.0,184.0,3.0,790.0,71.0,0
0.0,4339.0,233.0,277.0,3.0,580.0,120.0,1
11.0,6288.0,61.0,197.0,3.0,1026.0,134.0,0
12.0,6673.0,194.0,253.0,6.0,560.0,44.0,0
14.0,1292.0,277.0,60.0,4.0,1150.0,98.0,0
1.0,736.0,80.0,159.0,4.0,850.0,195.0,0
4.0,786.0,135.0,173.0,5.0,815.0,130.0,1
3.0,1212.0,43.0,35.0,5.0,425.0,86.0,0
2.0,200.0,214.0,258.0,6.0,470.0,110.0,0
1.0,1436.0,135.0,80.0,5.0,550.0,75.0,0
12.0,6725.0,79.0,224.0,7.0,1310.0,146.0,0
16.0,3124.0,208.0,96.0,7.0,1155.0,137.0,0
17.0,2876.0,217.0,91.0,4.0,970.0,72.0,0
10.0,3948.0,205.0,208.0,1.0,1030.0,105.0,0
14.0,995.0,234.0,60.0,1.0,420.0,76.0,0
10.0,3054.0,154.0,246.0,1.0,460.0,40.0,0
8.0,607.0,253.0,184.0,3.0,732.0,253.0,1
15.0,3230.0,45.0,147.0,5.0,780.0,130.0,1
3.0,738.0,37.0,148.0,5.0,675.0,229.0,1
14.0,1509.0,60.0,217.0,5.0,681.0,278.0,1
10.0,4340.0,208.0,84.0,3.0,1015.0,80.0,1
15.0,358.0,182.0,175.0,7.0,555.0,165.0,0
1.0,857.0,173.0,80.0,4.0,555.0,180.0,0
13.0,166.0,154.0,35.0,4.0,1349.0,336.0,0
15.0,628.0,153.0,236.0,7.0,1145.0,80.0,1
13.0,529.0,134.0,208.0,3.0,1185.0,133.0,0
16.0,5952.0,27.0,208.0,5.0,1015.0,134.0,0
13.0,261.0,253.0,154.0,4.0,364.0,95.0,0
14.0,975.0,60.0,233.0,5.0,875.0,50.0,0
5.0,2519.0,175.0,16.0,3.0,820.0,117.0,0
5.0,2086.0,16.0,159.0,5.0,760.0,139.0,1
12.0,6877.0,79.0,254.0,5.0,974.0,97.0,1
10.0,3961.0,71.0,208.0,3.0,660.0,80.0,0
0.0,4310.0,177.0,16.0,7.0,460.0,90.0,0
6.0,5337.0,81.0,16.0,5.0,837.0,61.0,1
3.0,72.0,173.0,148.0,1.0,581.0,139.0,0
5.0,749.0,261.0,243.0,3.0,520.0,120.0,1
9.0,328.0,128.0,203.0,3.0,716.0,37.0,0
15.0,1326.0,182.0,175.0,4.0,390.0,165.0,0
5.0,2854.0,253.0,85.0,4.0,780.0,276.0,0
15.0,414.0,268.0,153.0,1.0,925.0,225.0,1
8.0,1283.0,277.0,106.0,1.0,713.0,161.0,0
0.0,3981.0,71.0,197.0,5.0,800.0,130.0,1
12.0,6505.0,163.0,253.0,1.0,315.0,95.0,0
12.0,4847.0,197.0,192.0,7.0,545.0,91.0,0
14.0,438.0,153.0,216.0,6.0,542.0,279.0,1
10.0,3997.0,99.0,208.0,7.0,720.0,115.0,1
10.0,2849.0,80.0,242.0,5.0,885.0,110.0,0
11.0,6258.0,159.0,233.0,3.0,430.0,115.0,0
16.0,2768.0,58.0,12.0,6.0,755.0,70.0,0
15.0,315.0,217.0,153.0,1.0,1060.0,70.0,0
5.0,1506.0,154.0,85.0,3.0,345.0,270.0,0
7.0,465.0,219.0,184.0,1.0,723.0,168.0,0
15.0,490.0,205.0,175.0,7.0,915.0,80.0,0
1.0,741.0,80.0,178.0,5.0,975.0,95.0,1
14.0,1783.0,60.0,153.0,6.0,480.0,301.0,0
5.0,1663.0,261.0,243.0,4.0,677.0,114.0,1
0.0,3763.0,108.0,177.0,6.0,697.0,67.0,0
4.0,59.0,135.0,79.0,3.0,1050.0,153.0,1
6.0,5159.0,177.0,132.0,3.0,1180.0,60.0,0
10.0,3534.0,162.0,80.0,1.0,390.0,80.0,0
15.0,998.0,202.0,175.0,7.0,585.0,245.0,0
3.0,59.0,148.0,173.0,3.0,899.0,179.0,1
5.0,2060.0,183.0,16.0,1.0,964.0,121.0,0
0.0,4047.0,288.0,177.0,7.0,990.0,91.0,0
13.0,94.0,217.0,253.0,4.0,859.0,128.0,0
15.0,1174.0,45.0,58.0,7.0,1195.0,75.0,1
15.0,1244.0,233.0,45.0,1.0,960.0,60.0,0
15.0,1501.0,79.0,217.0,6.0,725.0,120.0,0
6.0,4985.0,200.0,16.0,4.0,702.0,87.0,0
0.0,4187.0,177.0,75.0,7.0,1185.0,94.0,0
6.0,5037.0,16.0,157.0,6.0,1150.0,78.0,1
12.0,7778.0,261.0,255.0,4.0,1185.0,80.0,1
9.0,143.0,128.0,161.0,7.0,650.0,37.0,0
15.0,794.0,217.0,243.0,1.0,965.0,70.0,0
5.0,2834.0,197.0,184.0,4.0,900.0,69.0,1
17.0,2618.0,60.0,251.0,3.0,600.0,92.0,0
13.0,678.0,208.0,159.0,5.0,660.0,132.0,0
5.0,2721.0,197.0,154.0,1.0,690.0,240.0,1
13.0,500.0,253.0,217.0,3.0,765.0,119.0,0
8.0,1222.0,221.0,104.0,6.0,420.0,171.0,0
16.0,2098.0,68.0,135.0,6.0,670.0,62.0,1
3.0,689.0,35.0,78.0,3.0,1050.0,102.0,1
12.0,4663.0,197.0,29.0,1.0,545.0,90.0,1
0.0,3822.0,85.0,174.0,1.0,600.0,88.0,0
5.0,125.0,16.0,154.0,4.0,960.0,306.0,0
0.0,4019.0,18.0,177.0,5.0,970.0,106.0,0
5.0,2934.0,197.0,85.0,6.0,930.0,104.0,0
3.0,52.0,173.0,148.0,6.0,360.0,141.0,0
11.0,6606.0,71.0,85.0,4.0,1020.0,85.0,0
10.0,3451.0,80.0,290.0,6.0,1110.0,65.0,1
2.0,622.0,214.0,153.0,4.0,810.0,129.0,0
5.0,2166.0,16.0,223.0,3.0,655.0,79.0,1
12.0,4451.0,261.0,67.0,5.0,677.0,75.0,0
16.0,2731.0,135.0,256.0,5.0,1130.0,55.0,0
0.0,4115.0,43.0,85.0,4.0,1155.0,80.0,0
14.0,407.0,208.0,217.0,1.0,645.0,228.0,1
10.0,3272.0,218.0,80.0,4.0,455.0,135.0,0
15.0,1344.0,228.0,45.0,6.0,1070.0,80.0,1
15.0,1936.0,262.0,243.0,6.0,1235.0,85.0,0
12.0,6298.0,236.0,253.0,7.0,803.0,67.0,1
12.0,6742.0,15.0,79.0,5.0,500.0,55.0,0
0.0,3960.0,85.0,121.0,5.0,855.0,109.0,0
8.0,64.0,16.0,134.0,5.0,832.0,102.0,0
10.0,2851.0,80.0,54.0,4.0,875.0,140.0,0
10.0,2910.0,180.0,80.0,7.0,780.0,130.0,0
12.0,6988.0,79.0,65.0,3.0,764.0,35.0,0
4.0,1893.0,262.0,135.0,3.0,750.0,217.0,1
15.0,431.0,217.0,207.0,5.0,1050.0,70.0,1
12.0,6307.0,236.0,79.0,5.0,708.0,134.0,0
5.0,2788.0,184.0,197.0,5.0,550.0,84.0,1
4.0,1702.0,96.0,253.0,7.0,660.0,369.0,1
6.0,5127.0,16.0,132.0,7.0,764.0,56.0,0
1.0,354.0,172.0,208.0,5.0,915.0,90.0,0
16.0,2256.0,19.0,96.0,1.0,715.0,108.0,0
13.0,73.0,243.0,253.0,4.0,382.0,103.0,0
16.0,2921.0,119.0,135.0,7.0,388.0,182.0,0
12.0,6486.0,67.0,79.0,5.0,1021.0,55.0,0
8.0,823.0,45.0,35.0,4.0,750.0,75.0,0
6.0,4948.0,16.0,58.0,3.0,1055.0,111.0,0
16.0,2799.0,135.0,136.0,3.0,540.0,101.0,0
17.0,1004.0,203.0,128.0,6.0,715.0,32.0,0
8.0,1172.0,60.0,173.0,5.0,635.0,100.0,0
5.0,1575.0,139.0,16.0,6.0,425.0,115.0,0
6.0,5374.0,48.0,16.0,3.0,360.0,109.0,1
5.0,1687.0,197.0,243.0,1.0,550.0,233.0,1
12.0,6548.0,139.0,208.0,3.0,1150.0,75.0,1
12.0,4442.0,79.0,261.0,7.0,1155.0,89.0,1
5.0,1518.0,173.0,16.0,6.0,330.0,84.0,0
0.0,4270.0,221.0,177.0,7.0,1052.0,137.0,1
3.0,248.0,160.0,202.0,5.0,837.0,76.0,1
10.0,4105.0,60.0,208.0,4.0,450.0,140.0,0
15.0,2020.0,262.0,153.0,4.0,1230.0,80.0,1
1.0,1682.0,80.0,177.0,5.0,765.0,85.0,0
15.0,257.0,18.0,155.0,3.0,1125.0,70.0,1
15.0,1769.0,33.0,172.0,3.0,500.0,105.0,0
12.0,4457.0,197.0,99.0,7.0,1030.0,65.0,1
12.0,4608.0,261.0,252.0,6.0,905.0,130.0,0
12.0,6241.0,253.0,44.0,5.0,557.0,69.0,0
1.0,2023.0,172.0,80.0,4.0,805.0,95.0,0
15.0,719.0,198.0,75.0,7.0,1245.0,85.0,1
15.0,631.0,175.0,268.0,6.0,735.0,65.0,1
2.0,754.0,252.0,268.0,3.0,675.0,225.0,0
17.0,7287.0,209.0,208.0,5.0,360.0,143.0,0
13.0,38.0,203.0,253.0,6.0,1395.0,300.0,0
14.0,1680.0,277.0,78.0,6.0,520.0,124.0,0
13.0,634.0,208.0,96.0,3.0,365.0,125.0,0
5.0,2132.0,208.0,197.0,3.0,552.0,91.0,0
15.0,161.0,175.0,129.0,1.0,645.0,170.0,0
16.0,2592.0,96.0,139.0,6.0,570.0,132.0,0
1.0,2495.0,80.0,154.0,4.0,1350.0,200.0,1
1.0,1418.0,243.0,80.0,3.0,450.0,175.0,0
16.0,5902.0,228.0,134.0,6.0,1149.0,96.0,1
4.0,1803.0,154.0,96.0,5.0,1320.0,300.0,0
17.0,2703.0,251.0,60.0,1.0,405.0,86.0,0
15.0,407.0,104.0,147.0,4.0,415.0,70.0,0
12.0,6242.0,205.0,79.0,5.0,801.0,96.0,0
15.0,1006.0,34.0,79.0,4.0,420.0,110.0,0
8.0,35.0,175.0,16.0,1.0,837.0,112.0,0
7.0,366.0,79.0,184.0,4.0,400.0,133.0,0
8.0,1260.0,104.0,157.0,4.0,760.0,135.0,0
16.0,5931.0,134.0,60.0,6.0,520.0,96.0,1
12.0,6821.0,253.0,231.0,5.0,515.0,64.0,1
9.0,262.0,128.0,143.0,5.0,960.0,51.0,0
10.0,4568.0,33.0,78.0,4.0,985.0,95.0,0
10.0,3529.0,80.0,184.0,1.0,925.0,135.0,0
14.0,1698.0,60.0,228.0,3.0,1326.0,108.0,0
3.0,1327.0,35.0,45.0,7.0,1060.0,92.0,0
4.0,328.0,96.0,60.0,3.0,1065.0,128.0,1
5.0,2124.0,16.0,45.0,3.0,670.0,115.0,0
4.0,685.0,214.0,96.0,4.0,1285.0,289.0,1
14.0,1780.0,16.0,60.0,7.0,1199.0,78.0,1
6.0,5201.0,16.0,12.0,1.0,890.0,137.0,1
1.0,690.0,183.0,233.0,7.0,1235.0,120.0,0
1.0,297.0,154.0,128.0,6.0,995.0,365.0,0
13.0,756.0,253.0,79.0,6.0,348.0,158.0,1
13.0,886.0,253.0,153.0,5.0,758.0,104.0,1
15.0,1599.0,262.0,154.0,1.0,455.0,80.0,1
10.0,3265.0,129.0,80.0,1.0,360.0,70.0,1
15.0,382.0,261.0,153.0,3.0,805.0,80.0,1
10.0,3156.0,154.0,242.0,3.0,600.0,120.0,1
12.0,6564.0,65.0,79.0,3.0,389.0,49.0,1
15.0,2239.0,175.0,243.0,6.0,1130.0,275.0,1
1.0,1922.0,2.0,80.0,1.0,425.0,105.0,1
17.0,2725.0,217.0,227.0,3.0,1268.0,67.0,1
14.0,1869.0,60.0,33.0,6.0,1340.0,78.0,1
16.0,5986.0,208.0,120.0,1.0,690.0,104.0,1
16.0,5902.0,218.0,208.0,5.0,362.0,63.0,1
10.0,2943.0,80.0,71.0,3.0,390.0,130.0,1
3.0,424.0,213.0,35.0,5.0,1202.0,170.0,1
17.0,2640.0,60.0,268.0,3.0,875.0,123.0,1
5.0,211.0,148.0,153.0,5.0,1095.0,350.0,1
5.0,2699.0,197.0,217.0,3.0,685.0,204.0,1
2.0,742.0,252.0,16.0,1.0,560.0,289.0,1
14.0,1935.0,43.0,216.0,6.0,420.0,81.0,1
4.0,1095.0,135.0,154.0,7.0,1250.0,220.0,1
1.0,1787.0,148.0,277.0,5.0,1020.0,185.0,1
17.0,2667.0,60.0,244.0,4.0,595.0,201.0,1
11.0,6472.0,174.0,71.0,5.0,770.0,105.0,1
4.0,1859.0,78.0,135.0,5.0,935.0,212.0,1
4.0,1552.0,96.0,60.0,7.0,896.0,122.0,1
10.0,2750.0,146.0,80.0,5.0,360.0,100.0,1
5.0,1317.0,16.0,79.0,1.0,975.0,205.0,1
17.0,2668.0,60.0,33.0,4.0,961.0,88.0,1
2.0,43.0,14.0,23.0,1.0,742.0,77.0,1
5.0,2843.0,96.0,16.0,3.0,1080.0,157.0,1
6.0,5381.0,177.0,162.0,1.0,570.0,56.0,1
15.0,2118.0,243.0,262.0,3.0,1120.0,95.0,1
10.0,3765.0,79.0,208.0,7.0,870.0,150.0,1
15.0,1056.0,153.0,207.0,3.0,520.0,55.0,1
13.0,183.0,173.0,208.0,5.0,540.0,179.0,1
15.0,914.0,129.0,154.0,7.0,825.0,225.0,1
1.0,694.0,80.0,18.0,5.0,1225.0,55.0,1
13.0,711.0,216.0,208.0,1.0,765.0,144.0,1
12.0,6476.0,154.0,91.0,4.0,1204.0,111.0,1
15.0,1755.0,258.0,154.0,5.0,1200.0,70.0,1
1.0,606.0,80.0,260.0,3.0,965.0,265.0,1
13.0,840.0,154.0,208.0,1.0,720.0,244.0,1
10.0,3972.0,193.0,281.0,7.0,460.0,45.0,1
15.0,844.0,129.0,18.0,5.0,895.0,50.0,1
2.0,636.0,252.0,217.0,3.0,750.0,163.0,1
15.0,249.0,162.0,268.0,4.0,975.0,70.0,1
5.0,2686.0,16.0,159.0,3.0,1120.0,136.0,1
14.0,125.0,128.0,217.0,5.0,1430.0,362.0,1
0.0,3792.0,290.0,85.0,3.0,585.0,136.0,1
15.0,288.0,2.0,252.0,3.0,1010.0,200.0,1
3.0,489.0,35.0,160.0,5.0,1075.0,390.0,1
13.0,885.0,153.0,253.0,3.0,482.0,108.0,1
5.0,2914.0,252.0,197.0,5.0,435.0,195.0,1
6.0,5278.0,16.0,27.0,7.0,870.0,52.0,1
16.0,5909.0,208.0,121.0,3.0,873.0,101.0,1
0.0,3779.0,108.0,177.0,1.0,380.0,67.0,1
15.0,1093.0,45.0,104.0,5.0,510.0,160.0,1
0.0,3654.0,136.0,197.0,3.0,950.0,110.0,1
16.0,2132.0,135.0,162.0,1.0,460.0,78.0,1
16.0,5906.0,208.0,237.0,1.0,426.0,95.0,1
5.0,559.0,16.0,260.0,6.0,587.0,225.0,1
12.0,6339.0,154.0,243.0,7.0,1040.0,47.0,1
1.0,466.0,244.0,80.0,5.0,1105.0,70.0,1
0.0,3698.0,218.0,197.0,3.0,365.0,100.0,1
6.0,5059.0,120.0,16.0,1.0,1070.0,93.0,1
15.0,667.0,129.0,277.0,1.0,500.0,120.0,1
5.0,2347.0,159.0,16.0,7.0,900.0,163.0,1
6.0,5143.0,187.0,16.0,4.0,600.0,112.0,1
12.0,4615.0,197.0,28.0,3.0,700.0,130.0,1
16.0,2891.0,135.0,146.0,3.0,475.0,74.0,1
0.0,4024.0,152.0,85.0,7.0,920.0,56.0,1
12.0,6858.0,79.0,243.0,3.0,934.0,137.0,1
14.0,128.0,258.0,217.0,7.0,965.0,107.0,1
16.0,2736.0,285.0,96.0,3.0,825.0,117.0,1
15.0,480.0,173.0,198.0,1.0,460.0,110.0,1
11.0,6662.0,109.0,85.0,3.0,810.0,60.0,1
1.0,2374.0,80.0,208.0,6.0,1240.0,125.0,1
12.0,6606.0,88.0,79.0,4.0,470.0,53.0,1
1.0,1670.0,18.0,208.0,3.0,360.0,165.0,1
1.0,1743.0,80.0,172.0,4.0,885.0,90.0,1
13.0,867.0,253.0,154.0,1.0,724.0,93.0,1
13.0,755.0,173.0,134.0,6.0,545.0,131.0,1
16.0,2604.0,135.0,279.0,5.0,885.0,85.0,1
3.0,240.0,160.0,202.0,5.0,415.0,78.0,1
5.0,1321.0,85.0,277.0,6.0,530.0,171.0,1
0.0,4015.0,85.0,56.0,3.0,1200.0,105.0,1
13.0,525.0,79.0,217.0,3.0,1310.0,121.0,1
5.0,1142.0,213.0,159.0,5.0,1150.0,172.0,1
6.0,5547.0,16.0,288.0,5.0,726.0,73.0,1
7.0,858.0,217.0,79.0,6.0,938.0,107.0,1
15.0,108.0,173.0,175.0,4.0,890.0,170.0,1
3.0,146.0,213.0,148.0,5.0,360.0,152.0,1
5.0,2082.0,16.0,215.0,5.0,837.0,96.0,1
14.0,1505.0,60.0,217.0,6.0,451.0,289.0,1
12.0,6358.0,246.0,154.0,5.0,1186.0,44.0,1
13.0,917.0,134.0,252.0,3.0,1030.0,358.0,1
5.0,2738.0,16.0,78.0,7.0,500.0,102.0,1
15.0,1002.0,18.0,131.0,4.0,520.0,60.0,1
10.0,4332.0,208.0,273.0,3.0,925.0,110.0,1
5.0,2773.0,85.0,184.0,3.0,930.0,70.0,1
10.0,3342.0,80.0,68.0,6.0,735.0,80.0,1
14.0,902.0,60.0,209.0,1.0,565.0,60.0,1
15.0,404.0,184.0,277.0,7.0,925.0,170.0,1
5.0,1663.0,134.0,261.0,7.0,450.0,299.0,1
13.0,283.0,79.0,111.0,7.0,1154.0,152.0,1
5.0,2242.0,16.0,96.0,3.0,1068.0,134.0,1
16.0,2803.0,135.0,256.0,4.0,1265.0,53.0,1
11.0,6576.0,157.0,85.0,3.0,912.0,80.0,1
12.0,4569.0,56.0,197.0,6.0,717.0,63.0,1
8.0,848.0,173.0,16.0,5.0,395.0,96.0,1
13.0,475.0,60.0,208.0,4.0,360.0,133.0,1
10.0,4143.0,43.0,208.0,5.0,900.0,115.0,1
6.0,5059.0,16.0,290.0,6.0,1230.0,121.0,1
16.0,2871.0,96.0,120.0,1.0,479.0,114.0,1
8.0,489.0,45.0,173.0,5.0,1285.0,143.0,1
1.0,1085.0,80.0,268.0,5.0,1140.0,95.0,1
4.0,1408.0,60.0,96.0,4.0,1042.0,127.0,1
17.0,2757.0,217.0,44.0,7.0,1067.0,87.0,1
16.0,2919.0,158.0,135.0,6.0,345.0,59.0,1
0.0,3773.0,16.0,275.0,5.0,1149.0,68.0,1
12.0,6597.0,34.0,79.0,6.0,604.0,108.0,1
4.0,1692.0,96.0,173.0,5.0,1200.0,176.0,1
5.0,2728.0,236.0,261.0,7.0,385.0,92.0,1
6.0,5187.0,16.0,27.0,7.0,750.0,58.0,1
0.0,3758.0,20.0,85.0,5.0,745.0,100.0,1
15.0,702.0,153.0,2.0,1.0,515.0,80.0,1
1.0,1805.0,80.0,217.0,3.0,1235.0,155.0,1
4.0,35.0,135.0,18.0,6.0,933.0,47.0,1
14.0,1195.0,217.0,243.0,5.0,890.0,71.0,1
12.0,7755.0,261.0,49.0,4.0,459.0,72.0,1
5.0,1095.0,204.0,16.0,3.0,345.0,127.0,1
4.0,1104.0,96.0,208.0,1.0,720.0,154.0,1
6.0,5387.0,116.0,16.0,4.0,360.0,80.0,1
13.0,121.0,22.0,208.0,7.0,663.0,161.0,1
16.0,2853.0,76.0,96.0,1.0,375.0,108.0,1
5.0,2804.0,198.0,154.0,5.0,1130.0,265.0,1
2.0,120.0,14.0,252.0,6.0,450.0,211.0,1
5.0,1415.0,244.0,85.0,5.0,420.0,185.0,1
3.0,733.0,35.0,260.0,5.0,475.0,237.0,1
15.0,3484.0,252.0,262.0,3.0,1145.0,105.0,1
13.0,737.0,79.0,253.0,7.0,1075.0,163.0,1
14.0,796.0,154.0,216.0,7.0,670.0,305.0,1
13.0,699.0,134.0,260.0,4.0,498.0,222.0,1
5.0,1475.0,197.0,2.0,4.0,700.0,170.0,1
0.0,4122.0,279.0,177.0,3.0,980.0,78.0,1
14.0,493.0,214.0,217.0,1.0,915.0,147.0,1
17.0,2639.0,60.0,162.0,4.0,1350.0,133.0,1
11.0,6489.0,71.0,80.0,5.0,560.0,158.0,1
16.0,2894.0,68.0,135.0,4.0,795.0,65.0,1
2.0,39.0,197.0,252.0,5.0,1120.0,228.0,1
12.0,6578.0,29.0,79.0,4.0,1022.0,102.0,1
15.0,1003.0,277.0,129.0,5.0,920.0,145.0,1
10.0,4532.0,33.0,78.0,5.0,660.0,95.0,1
14.0,703.0,216.0,221.0,4.0,1100.0,89.0,1
0.0,4188.0,16.0,238.0,3.0,1065.0,124.0,1
15.0,189.0,217.0,258.0,1.0,1060.0,115.0,1
12.0,6728.0,93.0,79.0,6.0,360.0,160.0,1
12.0,4784.0,236.0,261.0,1.0,983.0,80.0,1
13.0,34.0,253.0,148.0,5.0,1354.0,337.0,1
12.0,4697.0,177.0,204.0,4.0,555.0,106.0,1
3.0,1256.0,134.0,35.0,3.0,660.0,85.0,1
0.0,3947.0,85.0,221.0,4.0,828.0,67.0,1
4.0,1569.0,253.0,135.0,7.0,655.0,222.0,1
1.0,504.0,80.0,198.0,7.0,1115.0,80.0,1
7.0,231.0,33.0,79.0,5.0,880.0,173.0,1
14.0,1983.0,35.0,60.0,1.0,300.0,135.0,1
1.0,657.0,80.0,2.0,7.0,1320.0,110.0,1
11.0,6457.0,209.0,71.0,6.0,392.0,121.0,1
3.0,434.0,173.0,35.0,6.0,965.0,164.0,1
15.0,895.0,33.0,79.0,4.0,1070.0,185.0,1
1.0,1967.0,208.0,173.0,6.0,1160.0,160.0,1
15.0,2524.0,202.0,175.0,5.0,845.0,245.0,1
12.0,6618.0,253.0,248.0,5.0,942.0,65.0,1
13.0,412.0,244.0,134.0,5.0,714.0,201.0,1
9.0,103.0,128.0,161.0,6.0,331.0,35.0,1
2.0,873.0,203.0,14.0,6.0,980.0,353.0,1
15.0,1181.0,45.0,61.0,4.0,460.0,80.0,1
15.0,1134.0,159.0,45.0,1.0,440.0,70.0,1
17.0,2630.0,58.0,60.0,1.0,830.0,97.0,1
5.0,2415.0,148.0,104.0,3.0,595.0,187.0,1
16.0,2260.0,96.0,71.0,4.0,925.0,129.0,1
2.0,854.0,161.0,252.0,4.0,540.0,329.0,1
3.0,247.0,202.0,160.0,5.0,360.0,77.0,1
6.0,7077.0,134.0,120.0,5.0,1334.0,59.0,1
8.0,82.0,104.0,16.0,6.0,857.0,116.0,1
5.0,2587.0,241.0,85.0,1.0,959.0,171.0,1
14.0,1061.0,216.0,104.0,3.0,595.0,176.0,1
11.0,6280.0,94.0,71.0,4.0,510.0,54.0,1
14.0,797.0,216.0,154.0,5.0,455.0,365.0,1
5.0,2426.0,104.0,16.0,1.0,455.0,124.0,1
5.0,2094.0,16.0,54.0,7.0,578.0,82.0,1
6.0,4940.0,205.0,16.0,4.0,330.0,147.0,1
6.0,7368.0,190.0,177.0,7.0,680.0,82.0,1
14.0,542.0,258.0,217.0,3.0,380.0,113.0,1
3.0,1011.0,35.0,148.0,7.0,650.0,66.0,1
1.0,733.0,154.0,153.0,3.0,520.0,70.0,1
0.0,4261.0,197.0,112.0,3.0,690.0,70.0,1
15.0,3309.0,44.0,262.0,5.0,425.0,75.0,1
15.0,514.0,153.0,261.0,7.0,780.0,75.0,1
12.0,6492.0,162.0,79.0,1.0,963.0,145.0,1
16.0,5919.0,58.0,134.0,1.0,360.0,75.0,1
14.0,62.0,60.0,35.0,4.0,795.0,125.0,1
6.0,5125.0,16.0,58.0,3.0,715.0,103.0,1
13.0,794.0,208.0,43.0,7.0,872.0,97.0,1
4.0,1028.0,60.0,135.0,1.0,991.0,182.0,1
5.0,1615.0,16.0,153.0,6.0,645.0,284.0,1
12.0,6263.0,253.0,100.0,7.0,612.0,57.0,1
16.0,2223.0,135.0,68.0,1.0,770.0,59.0,1
6.0,5213.0,52.0,16.0,5.0,1043.0,52.0,1
12.0,4486.0,135.0,197.0,6.0,813.0,171.0,1
15.0,1454.0,129.0,33.0,6.0,810.0,105.0,1
15.0,3322.0,104.0,277.0,3.0,1140.0,65.0,1
1.0,1965.0,80.0,253.0,6.0,535.0,240.0,1
11.0,6554.0,268.0,78.0,1.0,864.0,121.0,1
13.0,110.0,173.0,208.0,4.0,1021.0,182.0,1
12.0,6271.0,208.0,109.0,3.0,394.0,51.0,1
0.0,4121.0,148.0,78.0,5.0,1230.0,120.0,1
11.0,6578.0,58.0,85.0,3.0,420.0,59.0,1
6.0,7120.0,159.0,134.0,7.0,996.0,84.0,1
15.0,1532.0,45.0,153.0,5.0,1085.0,330.0,1
5.0,685.0,241.0,85.0,6.0,828.0,171.0,1
1.0,12.0,253.0,148.0,6.0,565.0,334.0,1
12.0,3073.0,268.0,184.0,1.0,884.0,73.0,1
0.0,3988.0,85.0,237.0,5.0,910.0,95.0,1
14.0,1048.0,80.0,60.0,7.0,835.0,141.0,1
0.0,4388.0,134.0,85.0,3.0,375.0,108.0,1
12.0,6876.0,79.0,214.0,7.0,505.0,172.0,1
5.0,2224.0,213.0,16.0,3.0,405.0,124.0,1
15.0,2470.0,243.0,79.0,7.0,1165.0,140.0,1
12.0,6955.0,208.0,184.0,7.0,1090.0,48.0,1
3.0,622.0,129.0,148.0,4.0,945.0,204.0,1
1.0,1306.0,243.0,80.0,1.0,960.0,170.0,1
3.0,135.0,148.0,241.0,4.0,700.0,188.0,1
16.0,2592.0,139.0,58.0,5.0,810.0,62.0,1
4.0,1401.0,96.0,104.0,1.0,550.0,205.0,1
10.0,3324.0,254.0,80.0,5.0,660.0,90.0,1
3.0,592.0,173.0,130.0,3.0,470.0,152.0,1
6.0,7351.0,16.0,204.0,3.0,1301.0,139.0,1
4.0,386.0,264.0,96.0,4.0,960.0,299.0,1
12.0,6911.0,184.0,208.0,4.0,631.0,44.0,1
15.0,356.0,79.0,129.0,1.0,405.0,145.0,1
5.0,2451.0,16.0,251.0,5.0,1305.0,87.0,1
1.0,127.0,148.0,243.0,6.0,1125.0,370.0,1
0.0,4361.0,221.0,177.0,6.0,710.0,135.0,1
13.0,628.0,208.0,78.0,4.0,1260.0,102.0,1
7.0,110.0,79.0,197.0,4.0,400.0,117.0,1
4.0,738.0,135.0,243.0,1.0,750.0,205.0,1
13.0,848.0,79.0,135.0,6.0,756.0,144.0,1
16.0,2646.0,135.0,41.0,5.0,584.0,61.0,1
3.0,271.0,153.0,44.0,7.0,1177.0,63.0,1
14.0,1624.0,60.0,208.0,5.0,1215.0,124.0,1
5.0,2953.0,85.0,261.0,6.0,1034.0,239.0,1
1.0,1955.0,78.0,80.0,3.0,1090.0,215.0,1
12.0,6682.0,246.0,79.0,3.0,360.0,142.0,1
16.0,2564.0,96.0,197.0,7.0,925.0,187.0,1
0.0,3659.0,12.0,16.0,7.0,345.0,183.0,1
11.0,6493.0,120.0,85.0,3.0,435.0,125.0,1
15.0,2357.0,35.0,216.0,7.0,1040.0,105.0,1
1.0,2064.0,183.0,173.0,1.0,760.0,60.0,1
0.0,3773.0,134.0,16.0,5.0,970.0,125.0,1
3.0,521.0,96.0,173.0,1.0,420.0,170.0,1
8.0,241.0,16.0,234.0,1.0,1069.0,85.0,1
13.0,51.0,79.0,150.0,6.0,720.0,458.0,1
5.0,2444.0,71.0,35.0,6.0,1135.0,124.0,1
0.0,3823.0,197.0,221.0,6.0,825.0,126.0,1
4.0,393.0,173.0,96.0,4.0,480.0,151.0,1
12.0,6828.0,236.0,253.0,1.0,385.0,69.0,1
5.0,1021.0,12.0,16.0,1.0,755.0,169.0,1
17.0,2748.0,280.0,217.0,3.0,540.0,60.0,1
1.0,7.0,80.0,203.0,5.0,690.0,510.0,1
6.0,5355.0,290.0,85.0,5.0,1056.0,128.0,1
0.0,3931.0,171.0,197.0,7.0,388.0,102.0,1
15.0,3949.0,61.0,175.0,5.0,860.0,70.0,1
4.0,196.0,153.0,135.0,5.0,405.0,177.0,1
10.0,4575.0,60.0,159.0,3.0,970.0,115.0,1
15.0,324.0,79.0,172.0,1.0,620.0,90.0,1
5.0,1667.0,154.0,197.0,3.0,915.0,212.0,1
15.0,409.0,172.0,184.0,7.0,670.0,85.0,1
8.0,76.0,104.0,16.0,4.0,1015.0,116.0,1
1.0,1693.0,173.0,80.0,6.0,1040.0,175.0,1
5.0,1929.0,16.0,252.0,1.0,600.0,340.0,1
16.0,2382.0,76.0,96.0,7.0,651.0,99.0,1
0.0,3893.0,109.0,16.0,6.0,360.0,115.0,1
4.0,586.0,135.0,173.0,4.0,465.0,133.0,1
15.0,1848.0,172.0,33.0,4.0,1030.0,90.0,1
4.0,345.0,58.0,135.0,7.0,525.0,184.0,1
15.0,1487.0,12.0,153.0,4.0,805.0,350.0,1
12.0,6678.0,253.0,194.0,6.0,805.0,46.0,1
4.0,728.0,96.0,79.0,5.0,885.0,266.0,1
3.0,450.0,104.0,35.0,5.0,440.0,179.0,1
10.0,3787.0,162.0,208.0,1.0,1055.0,115.0,1
1.0,346.0,208.0,159.0,4.0,1175.0,120.0,1
4.0,246.0,135.0,208.0,7.0,950.0,152.0,1
5.0,2105.0,277.0,197.0,5.0,480.0,207.0,1
1.0,2034.0,217.0,80.0,4.0,1050.0,130.0,1
13.0,189.0,45.0,208.0,3.0,360.0,135.0,1
6.0,5061.0,254.0,16.0,4.0,907.0,109.0,1
5.0,2826.0,147.0,16.0,7.0,390.0,89.0,1
10.0,3057.0,100.0,154.0,1.0,635.0,65.0,1
5.0,466.0,198.0,16.0,7.0,825.0,90.0,1
16.0,3037.0,54.0,135.0,6.0,360.0,165.0,1
7.0,71.0,85.0,79.0,7.0,385.0,189.0,1
10.0,4369.0,71.0,208.0,6.0,1040.0,80.0,1
15.0,2805.0,216.0,233.0,6.0,435.0,90.0,1
4.0,768.0,96.0,153.0,4.0,450.0,342.0,1
5.0,2105.0,197.0,253.0,3.0,675.0,243.0,1
5.0,2790.0,71.0,159.0,6.0,670.0,113.0,1
3.0,27.0,42.0,148.0,4.0,762.0,77.0,1
4.0,397.0,135.0,153.0,6.0,1065.0,198.0,1
15.0,944.0,204.0,75.0,3.0,820.0,50.0,1
15.0,1425.0,262.0,153.0,3.0,455.0,80.0,1
13.0,238.0,243.0,134.0,7.0,1330.0,281.0,1
15.0,827.0,2.0,79.0,4.0,980.0,80.0,1
14.0,1168.0,60.0,221.0,1.0,795.0,83.0,1
2.0,860.0,128.0,252.0,4.0,550.0,340.0,1
16.0,3043.0,61.0,96.0,3.0,660.0,99.0,1
4.0,1428.0,60.0,135.0,7.0,360.0,180.0,1
15.0,1445.0,172.0,243.0,6.0,815.0,220.0,1
15.0,170.0,214.0,153.0,1.0,720.0,125.0,1
16.0,3095.0,61.0,135.0,1.0,685.0,176.0,1
12.0,6819.0,79.0,127.0,7.0,1295.0,114.0,1
8.0,234.0,234.0,16.0,3.0,388.0,107.0,1
15.0,691.0,198.0,75.0,7.0,985.0,85.0,1
6.0,5417.0,16.0,84.0,5.0,959.0,131.0,1
5.0,2172.0,277.0,16.0,7.0,1055.0,101.0,1
1.0,1400.0,208.0,173.0,5.0,875.0,155.0,1
15.0,211.0,2.0,243.0,3.0,565.0,120.0,1
5.0,1875.0,197.0,80.0,3.0,1020.0,156.0,1
12.0,6556.0,79.0,279.0,3.0,1016.0,89.0,1
15.0,2485.0,277.0,22.0,6.0,1025.0,165.0,1
5.0,1726.0,104.0,16.0,1.0,970.0,120.0,1
4.0,625.0,96.0,58.0,3.0,385.0,100.0,1
13.0,349.0,208.0,61.0,6.0,965.0,67.0,1
12.0,6938.0,79.0,114.0,4.0,1296.0,52.0,1
15.0,2015.0,182.0,173.0,3.0,1055.0,200.0,1
1.0,285.0,154.0,161.0,5.0,985.0,355.0,1
13.0,33.0,79.0,264.0,3.0,541.0,157.0,1
3.0,364.0,213.0,159.0,5.0,1059.0,159.0,1
8.0,636.0,76.0,45.0,1.0,1080.0,84.0,1
1.0,1534.0,80.0,85.0,3.0,745.0,155.0,1
6.0,5141.0,16.0,200.0,7.0,590.0,83.0,1
12.0,4750.0,261.0,127.0,6.0,1201.0,79.0,1
6.0,5362.0,16.0,94.0,5.0,600.0,93.0,1
5.0,1569.0,234.0,16.0,5.0,738.0,111.0,1
0.0,3722.0,16.0,109.0,3.0,1164.0,106.0,1
12.0,4457.0,28.0,197.0,1.0,800.0,119.0,1
10.0,4197.0,33.0,208.0,6.0,740.0,95.0,1
0.0,3669.0,254.0,177.0,6.0,390.0,75.0,1
12.0,4834.0,154.0,153.0,6.0,1079.0,70.0,1
16.0,2645.0,204.0,135.0,6.0,655.0,82.0,1
15.0,2662.0,61.0,45.0,7.0,500.0,70.0,1
16.0,2283.0,135.0,18.0,7.0,620.0,48.0,1
1.0,1399.0,79.0,208.0,3.0,395.0,155.0,1
2.0,582.0,214.0,264.0,6.0,425.0,144.0,1
15.0,10.0,75.0,13.0,7.0,585.0,70.0,1
5.0,1595.0,261.0,243.0,4.0,996.0,113.0,1
13.0,377.0,217.0,79.0,3.0,994.0,110.0,1
13.0,352.0,252.0,208.0,5.0,687.0,235.0,1
15.0,1587.0,244.0,33.0,3.0,590.0,125.0,1
11.0,6595.0,148.0,208.0,6.0,936.0,174.0,1
12.0,6835.0,262.0,154.0,1.0,642.0,83.0,1
10.0,4585.0,159.0,60.0,3.0,810.0,120.0,1
1.0,1689.0,216.0,183.0,7.0,685.0,170.0,1
2.0,65.0,252.0,151.0,3.0,420.0,131.0,1
1.0,2103.0,134.0,183.0,4.0,360.0,160.0,1
10.0,4146.0,148.0,61.0,3.0,895.0,125.0,1
1.0,654.0,217.0,80.0,4.0,360.0,130.0,1
9.0,103.0,128.0,161.0,7.0,331.0,35.0,1
10.0,2982.0,80.0,118.0,7.0,730.0,50.0,1
15.0,2006.0,277.0,221.0,7.0,620.0,140.0,1
5.0,1714.0,207.0,16.0,5.0,1380.0,240.0,1
2.0,482.0,252.0,243.0,1.0,940.0,160.0,1
12.0,6508.0,253.0,18.0,6.0,657.0,203.0,1
10.0,2807.0,80.0,109.0,3.0,1095.0,130.0,1
6.0,5378.0,16.0,10.0,1.0,941.0,101.0,1
10.0,3635.0,183.0,60.0,7.0,680.0,125.0,1
15.0,2175.0,173.0,198.0,3.0,695.0,110.0,1
10.0,3765.0,79.0,208.0,6.0,870.0,150.0,1
2.0,5.0,78.0,154.0,7.0,550.0,354.0,1
3.0,48.0,148.0,42.0,5.0,660.0,67.0,1
16.0,2615.0,68.0,135.0,7.0,1025.0,72.0,1
12.0,6310.0,154.0,227.0,5.0,1235.0,50.0,1
5.0,1914.0,34.0,261.0,3.0,920.0,65.0,1
1.0,1584.0,153.0,80.0,4.0,360.0,160.0,1
15.0,1725.0,154.0,217.0,6.0,1100.0,75.0,1
3.0,248.0,160.0,202.0,1.0,837.0,76.0,1
14.0,1064.0,216.0,43.0,7.0,1235.0,68.0,1
8.0,501.0,184.0,159.0,3.0,495.0,124.0,1
12.0,3047.0,84.0,184.0,5.0,835.0,66.0,1
5.0,2245.0,78.0,85.0,4.0,1155.0,102.0,1
5.0,2128.0,173.0,85.0,1.0,825.0,160.0,1
10.0,4119.0,208.0,162.0,4.0,490.0,115.0,1
1.0,564.0,253.0,80.0,7.0,905.0,205.0,1
1.0,181.0,148.0,154.0,3.0,1005.0,395.0,1
15.0,48.0,129.0,75.0,3.0,1080.0,60.0,1
3.0,1103.0,148.0,233.0,1.0,557.0,108.0,1
16.0,2321.0,71.0,135.0,7.0,670.0,157.0,1
8.0,542.0,16.0,217.0,5.0,1250.0,264.0,1
13.0,861.0,35.0,134.0,7.0,1165.0,109.0,1
4.0,555.0,58.0,253.0,4.0,535.0,324.0,1
5.0,2391.0,16.0,277.0,1.0,910.0,94.0,1
13.0,147.0,243.0,253.0,5.0,431.0,101.0,1
14.0,1797.0,216.0,153.0,5.0,680.0,332.0,1
13.0,562.0,253.0,214.0,1.0,635.0,116.0,1
6.0,5033.0,273.0,16.0,3.0,940.0,148.0,1
14.0,622.0,202.0,217.0,3.0,750.0,108.0,1
15.0,1834.0,217.0,202.0,6.0,1050.0,125.0,1
15.0,1546.0,79.0,243.0,5.0,410.0,150.0,1
11.0,6418.0,56.0,85.0,4.0,605.0,94.0,1
4.0,9.0,35.0,96.0,4.0,450.0,77.0,1
13.0,498.0,79.0,80.0,4.0,1082.0,119.0,1
15.0,1545.0,173.0,141.0,6.0,640.0,150.0,1
1.0,636.0,2.0,80.0,1.0,1040.0,105.0,1
13.0,732.0,208.0,147.0,3.0,792.0,147.0,1
12.0,6416.0,24.0,253.0,7.0,713.0,72.0,1
16.0,2786.0,58.0,183.0,1.0,510.0,174.0,1
6.0,5001.0,85.0,205.0,6.0,740.0,125.0,1
12.0,6879.0,253.0,246.0,1.0,426.0,81.0,1
6.0,7078.0,134.0,238.0,3.0,755.0,73.0,1
15.0,1540.0,153.0,217.0,7.0,1070.0,65.0,1
6.0,7114.0,148.0,134.0,4.0,1158.0,83.0,1
1.0,1825.0,208.0,253.0,1.0,985.0,280.0,1
5.0,2331.0,159.0,85.0,4.0,1079.0,125.0,1
6.0,5021.0,162.0,16.0,4.0,1003.0,98.0,1
15.0,1909.0,45.0,198.0,6.0,695.0,180.0,1
7.0,327.0,35.0,184.0,4.0,1055.0,164.0,1
14.0,158.0,217.0,268.0,6.0,590.0,180.0,1
15.0,1131.0,258.0,154.0,4.0,1085.0,70.0,1
13.0,916.0,252.0,134.0,5.0,470.0,296.0,1
16.0,5994.0,290.0,208.0,5.0,637.0,106.0,1
12.0,4623.0,262.0,261.0,6.0,615.0,98.0,1
5.0,1540.0,35.0,71.0,1.0,1040.0,155.0,1
4.0,1431.0,135.0,173.0,6.0,731.0,126.0,1
8.0,296.0,129.0,16.0,7.0,1115.0,115.0,1
14.0,944.0,135.0,60.0,5.0,525.0,144.0,1
10.0,2721.0,80.0,1.0,4.0,1065.0,50.0,1
15.0,408.0,197.0,268.0,3.0,825.0,90.0,1
1.0,568.0,208.0,104.0,3.0,440.0,170.0,1
6.0,5204.0,254.0,16.0,4.0,603.0,107.0,1
10.0,3836.0,208.0,216.0,4.0,575.0,120.0,1
16.0,2488.0,135.0,60.0,5.0,977.0,138.0,1
7.0,780.0,153.0,79.0,3.0,1195.0,105.0,1
2.0,65.0,151.0,289.0,1.0,540.0,51.0,1
8.0,123.0,16.0,277.0,5.0,1260.0,88.0,1
15.0,3419.0,277.0,216.0,3.0,1105.0,150.0,1
5.0,1682.0,119.0,16.0,1.0,705.0,125.0,1
4.0,1154.0,35.0,96.0,4.0,720.0,100.0,1
3.0,61.0,148.0,104.0,4.0,772.0,184.0,1
5.0,2009.0,184.0,197.0,3.0,901.0,78.0,1
2.0,648.0,252.0,280.0,3.0,715.0,173.0,1
14.0,517.0,207.0,217.0,4.0,990.0,77.0,1
1.0,1826.0,227.0,80.0,1.0,885.0,170.0,1
5.0,1617.0,16.0,79.0,7.0,575.0,212.0,1
14.0,1494.0,60.0,12.0,5.0,705.0,122.0,1
3.0,14.0,104.0,148.0,7.0,1001.0,175.0,1
12.0,6947.0,252.0,214.0,1.0,795.0,48.0,1
16.0,2082.0,135.0,2.0,1.0,685.0,133.0,1
9.0,40.0,203.0,214.0,1.0,855.0,315.0,1
12.0,4620.0,127.0,261.0,3.0,1040.0,77.0,1
10.0,4198.0,208.0,58.0,3.0,620.0,80.0,1
13.0,35.0,253.0,203.0,7.0,562.0,315.0,1
15.0,848.0,202.0,154.0,5.0,840.0,70.0,1
15.0,48.0,129.0,75.0,1.0,1080.0,60.0,1
12.0,6569.0,86.0,208.0,3.0,677.0,68.0,1
13.0,410.0,79.0,61.0,3.0,605.0,163.0,1
1.0,1807.0,96.0,80.0,7.0,575.0,260.0,1
8.0,90.0,233.0,16.0,4.0,1210.0,85.0,1
5.0,2711.0,16.0,80.0,3.0,440.0,150.0,1
5.0,1796.0,85.0,139.0,1.0,610.0,80.0,1
17.0,2895.0,83.0,217.0,7.0,730.0,109.0,1
15.0,1943.0,197.0,79.0,5.0,1120.0,135.0,1
16.0,2820.0,131.0,135.0,1.0,780.0,74.0,1
10.0,2764.0,180.0,80.0,5.0,1030.0,130.0,1
1.0,568.0,208.0,104.0,6.0,440.0,170.0,1
1.0,72.0,128.0,208.0,1.0,1045.0,495.0,1
14.0,1469.0,216.0,16.0,1.0,970.0,149.0,1
8.0,557.0,43.0,16.0,7.0,345.0,150.0,1
4.0,1402.0,96.0,154.0,7.0,510.0,367.0,1
8.0,524.0,277.0,45.0,4.0,1116.0,134.0,1
5.0,2779.0,159.0,104.0,7.0,1135.0,200.0,1
8.0,641.0,79.0,184.0,4.0,873.0,145.0,1
4.0,137.0,135.0,154.0,6.0,870.0,215.0,1
15.0,3141.0,45.0,147.0,1.0,665.0,130.0,1
11.0,6418.0,56.0,85.0,7.0,605.0,94.0,1
14.0,913.0,234.0,60.0,5.0,330.0,72.0,1
15.0,3165.0,214.0,261.0,4.0,600.0,105.0,1
8.0,332.0,16.0,216.0,1.0,525.0,121.0,1
1.0,1766.0,260.0,134.0,6.0,780.0,245.0,1
13.0,466.0,253.0,79.0,4.0,1053.0,147.0,1
11.0,6557.0,148.0,208.0,1.0,1075.0,183.0,1
12.0,6311.0,248.0,154.0,5.0,1220.0,70.0,1
8.0,1460.0,173.0,175.0,4.0,975.0,165.0,1
10.0,4568.0,33.0,78.0,6.0,985.0,95.0,1
5.0,2367.0,16.0,243.0,1.0,502.0,290.0,1
16.0,3121.0,162.0,135.0,6.0,932.0,84.0,1
15.0,1185.0,198.0,153.0,4.0,470.0,240.0,1
3.0,441.0,35.0,277.0,5.0,870.0,198.0,1
14.0,1723.0,60.0,104.0,7.0,1100.0,122.0,1
1.0,1574.0,153.0,80.0,5.0,685.0,155.0,1
12.0,6281.0,79.0,236.0,3.0,1309.0,139.0,1
12.0,6860.0,79.0,2.0,5.0,500.0,74.0,1
15.0,690.0,12.0,173.0,1.0,850.0,190.0,1
9.0,40.0,203.0,214.0,7.0,855.0,315.0,1
8.0,193.0,78.0,16.0,7.0,972.0,125.0,1
12.0,6428.0,153.0,154.0,3.0,402.0,70.0,1
15.0,3926.0,129.0,2.0,5.0,595.0,135.0,1
15.0,1815.0,18.0,153.0,5.0,855.0,185.0,1
15.0,1956.0,217.0,262.0,3.0,1245.0,120.0,1
6.0,7108.0,229.0,134.0,1.0,330.0,114.0,1
16.0,2495.0,27.0,135.0,7.0,790.0,110.0,1
9.0,167.0,150.0,128.0,6.0,698.0,42.0,1
15.0,1712.0,172.0,79.0,6.0,475.0,120.0,1
0.0,4072.0,177.0,288.0,1.0,875.0,84.0,1
12.0,6733.0,79.0,236.0,7.0,693.0,139.0,1
15.0,1030.0,251.0,173.0,5.0,990.0,125.0,1
5.0,2450.0,16.0,139.0,7.0,597.0,105.0,1
0.0,3836.0,205.0,85.0,5.0,355.0,145.0,1
4.0,1767.0,135.0,252.0,6.0,580.0,277.0,1
8.0,221.0,184.0,16.0,4.0,1000.0,124.0,1
8.0,696.0,16.0,267.0,4.0,610.0,90.0,1
13.0,929.0,208.0,252.0,4.0,920.0,275.0,1
0.0,3790.0,204.0,16.0,7.0,1065.0,130.0,1
15.0,2885.0,153.0,79.0,4.0,365.0,115.0,1
13.0,632.0,208.0,277.0,7.0,546.0,165.0,1
12.0,6995.0,109.0,208.0,1.0,922.0,63.0,1
16.0,5999.0,208.0,279.0,6.0,715.0,118.0,1
1.0,1868.0,80.0,16.0,7.0,615.0,125.0,1
8.0,807.0,45.0,35.0,3.0,510.0,79.0,1
15.0,4.0,91.0,217.0,5.0,575.0,80.0,1
15.0,892.0,27.0,45.0,5.0,420.0,110.0,1
13.0,927.0,253.0,154.0,4.0,1350.0,88.0,1
15.0,840.0,45.0,277.0,4.0,1175.0,155.0,1
5.0,1131.0,16.0,245.0,7.0,1366.0,60.0,1
8.0,887.0,184.0,154.0,5.0,565.0,275.0,1
10.0,2947.0,108.0,80.0,6.0,1105.0,65.0,1
3.0,520.0,173.0,96.0,4.0,485.0,145.0,1
0.0,3968.0,148.0,208.0,3.0,1210.0,182.0,1
12.0,6598.0,253.0,262.0,1.0,442.0,43.0,1
15.0,1301.0,277.0,104.0,6.0,855.0,60.0,1
10.0,3357.0,190.0,80.0,6.0,360.0,115.0,1
3.0,610.0,147.0,148.0,4.0,385.0,129.0,1
5.0,1101.0,135.0,16.0,4.0,565.0,123.0,1
10.0,4612.0,159.0,233.0,6.0,900.0,110.0,1
10.0,4535.0,61.0,159.0,1.0,475.0,105.0,1
12.0,6762.0,79.0,246.0,4.0,746.0,153.0,1
15.0,657.0,236.0,154.0,7.0,1175.0,85.0,1
1.0,501.0,80.0,217.0,3.0,595.0,160.0,1
14.0,249.0,216.0,208.0,6.0,475.0,152.0,1
0.0,3668.0,285.0,159.0,7.0,360.0,131.0,1
6.0,5023.0,16.0,146.0,1.0,975.0,84.0,1
10.0,4193.0,234.0,208.0,5.0,1175.0,135.0,1
12.0,6492.0,79.0,64.0,5.0,1169.0,81.0,1
12.0,6740.0,57.0,154.0,1.0,670.0,40.0,1
15.0,353.0,236.0,34.0,4.0,1095.0,65.0,1
6.0,4978.0,16.0,101.0,1.0,1035.0,74.0,1
0.0,3865.0,85.0,218.0,5.0,1195.0,94.0,1
8.0,1293.0,173.0,119.0,7.0,875.0,150.0,1
15.0,778.0,175.0,205.0,5.0,440.0,90.0,1
5.0,1140.0,16.0,139.0,6.0,1130.0,96.0,1
0.0,4089.0,281.0,85.0,6.0,618.0,67.0,1
4.0,477.0,241.0,96.0,6.0,665.0,166.0,1
16.0,2334.0,135.0,245.0,1.0,850.0,121.0,1
6.0,7110.0,229.0,134.0,3.0,1144.0,107.0,1
15.0,1562.0,173.0,43.0,6.0,760.0,155.0,1
12.0,6859.0,214.0,79.0,7.0,1052.0,144.0,1
15.0,561.0,175.0,12.0,7.0,1230.0,115.0,1
5.0,2330.0,197.0,177.0,5.0,660.0,125.0,1
12.0,6626.0,227.0,79.0,7.0,805.0,124.0,1
12.0,4604.0,261.0,79.0,3.0,830.0,83.0,1
6.0,4970.0,16.0,121.0,1.0,499.0,57.0,1
5.0,2097.0,16.0,183.0,6.0,730.0,112.0,1
5.0,174.0,173.0,16.0,7.0,1170.0,95.0,1
15.0,1216.0,153.0,173.0,7.0,630.0,265.0,1
12.0,4787.0,154.0,243.0,7.0,965.0,45.0,1
4.0,632.0,135.0,159.0,6.0,970.0,203.0,1
1.0,2334.0,80.0,208.0,4.0,630.0,135.0,1
12.0,6495.0,187.0,208.0,7.0,980.0,56.0,1
10.0,2788.0,80.0,180.0,6.0,1160.0,105.0,1
15.0,546.0,79.0,252.0,4.0,855.0,185.0,1
15.0,315.0,139.0,217.0,3.0,910.0,245.0,1
0.0,4200.0,285.0,71.0,1.0,355.0,64.0,1
8.0,359.0,159.0,16.0,3.0,360.0,161.0,1
16.0,2266.0,135.0,16.0,5.0,685.0,121.0,1
8.0,668.0,130.0,16.0,4.0,1109.0,150.0,1
13.0,306.0,154.0,45.0,7.0,650.0,303.0,1
14.0,454.0,45.0,217.0,5.0,1020.0,311.0,1
6.0,7119.0,229.0,134.0,1.0,856.0,114.0,1
11.0,6629.0,119.0,85.0,3.0,350.0,61.0,1
12.0,7773.0,255.0,261.0,6.0,893.0,77.0,1
5.0,2206.0,16.0,60.0,5.0,1230.0,77.0,1
16.0,2266.0,135.0,16.0,7.0,685.0,121.0,1
15.0,1952.0,154.0,79.0,4.0,690.0,135.0,1
5.0,559.0,16.0,260.0,4.0,587.0,225.0,1
15.0,215.0,44.0,262.0,3.0,865.0,80.0,1
2.0,327.0,258.0,252.0,6.0,945.0,123.0,1
0.0,4120.0,16.0,215.0,1.0,660.0,109.0,1
12.0,6346.0,248.0,253.0,3.0,811.0,61.0,1
15.0,826.0,34.0,261.0,7.0,1110.0,60.0,1
1.0,543.0,213.0,208.0,1.0,410.0,195.0,1
15.0,767.0,75.0,244.0,4.0,810.0,65.0,1
6.0,7116.0,148.0,134.0,5.0,360.0,81.0,1
15.0,2049.0,129.0,153.0,7.0,810.0,205.0,1
16.0,2907.0,135.0,158.0,7.0,1180.0,58.0,1
6.0,5089.0,256.0,16.0,1.0,1079.0,106.0,1
16.0,3028.0,209.0,96.0,3.0,1005.0,89.0,1
0.0,3832.0,177.0,60.0,3.0,870.0,101.0,1
10.0,2753.0,80.0,32.0,3.0,780.0,120.0,1
0.0,3867.0,90.0,85.0,1.0,995.0,88.0,1
5.0,1258.0,16.0,147.0,1.0,645.0,78.0,1
16.0,2203.0,279.0,135.0,4.0,650.0,89.0,1
6.0,7334.0,27.0,16.0,1.0,960.0,73.0,1
15.0,1983.0,197.0,175.0,6.0,945.0,90.0,1
16.0,5955.0,208.0,121.0,7.0,875.0,101.0,1
14.0,1243.0,216.0,277.0,3.0,945.0,162.0,1
11.0,6603.0,197.0,204.0,1.0,855.0,134.0,1
13.0,835.0,35.0,208.0,6.0,422.0,171.0,1
8.0,295.0,16.0,129.0,4.0,525.0,139.0,1
1.0,2081.0,173.0,80.0,4.0,465.0,180.0,1
12.0,6975.0,208.0,99.0,7.0,587.0,111.0,1
1.0,323.0,33.0,80.0,5.0,430.0,135.0,1
0.0,4370.0,245.0,16.0,1.0,1092.0,82.0,1
3.0,71.0,148.0,277.0,5.0,820.0,180.0,1
6.0,5116.0,146.0,16.0,3.0,623.0,91.0,1
15.0,1127.0,18.0,75.0,4.0,390.0,55.0,1
15.0,878.0,61.0,175.0,3.0,1045.0,70.0,1
12.0,4551.0,232.0,261.0,7.0,385.0,101.0,1
1.0,1073.0,80.0,79.0,6.0,825.0,120.0,1
16.0,2661.0,182.0,96.0,5.0,777.0,79.0,1
5.0,2255.0,159.0,241.0,7.0,1085.0,204.0,1
16.0,3056.0,135.0,288.0,3.0,795.0,88.0,1
17.0,2899.0,114.0,217.0,4.0,480.0,137.0,1
3.0,6.0,148.0,43.0,3.0,953.0,95.0,1
4.0,1647.0,208.0,135.0,5.0,1161.0,165.0,1
15.0,58.0,261.0,202.0,6.0,875.0,125.0,1
13.0,144.0,253.0,79.0,7.0,420.0,165.0,1
10.0,2922.0,38.0,80.0,5.0,1050.0,95.0,1
13.0,928.0,214.0,208.0,4.0,675.0,241.0,1
14.0,1559.0,221.0,216.0,4.0,570.0,74.0,1
2.0,665.0,80.0,252.0,4.0,420.0,267.0,1
4.0,1111.0,96.0,35.0,4.0,615.0,63.0,1
5.0,1432.0,45.0,177.0,1.0,375.0,147.0,1
11.0,6402.0,148.0,35.0,3.0,495.0,88.0,1
8.0,1485.0,85.0,173.0,5.0,839.0,156.0,1
13.0,852.0,253.0,243.0,6.0,752.0,96.0,1
15.0,2397.0,18.0,202.0,3.0,885.0,240.0,1
14.0,1019.0,60.0,183.0,5.0,600.0,131.0,1
15.0,530.0,129.0,79.0,4.0,635.0,150.0,1
3.0,441.0,35.0,277.0,7.0,870.0,198.0,1
5.0,2019.0,159.0,197.0,6.0,1100.0,195.0,1
4.0,1618.0,96.0,277.0,3.0,890.0,177.0,1
7.0,290.0,79.0,268.0,1.0,905.0,115.0,1
11.0,6644.0,177.0,205.0,5.0,1160.0,108.0,1
12.0,6723.0,18.0,253.0,3.0,455.0,238.0,1
1.0,1700.0,135.0,183.0,6.0,620.0,140.0,1
3.0,241.0,202.0,160.0,7.0,1215.0,76.0,1
10.0,2861.0,80.0,180.0,3.0,640.0,100.0,1
1.0,419.0,35.0,80.0,3.0,385.0,270.0,1
15.0,3096.0,268.0,233.0,6.0,1005.0,110.0,1
5.0,2353.0,159.0,277.0,6.0,1005.0,183.0,1
13.0,278.0,208.0,233.0,4.0,1148.0,116.0,1
14.0,367.0,78.0,217.0,1.0,630.0,309.0,1
14.0,1429.0,60.0,16.0,5.0,706.0,84.0,1
15.0,2133.0,202.0,261.0,6.0,690.0,100.0,1
4.0,1573.0,18.0,135.0,1.0,420.0,57.0,1
0.0,3715.0,16.0,223.0,6.0,1305.0,80.0,1
15.0,200.0,79.0,258.0,4.0,560.0,170.0,1
11.0,6455.0,16.0,52.0,7.0,500.0,65.0,1
5.0,339.0,162.0,16.0,6.0,531.0,93.0,1
10.0,3037.0,154.0,246.0,5.0,995.0,40.0,1
10.0,4006.0,208.0,52.0,6.0,855.0,95.0,1
6.0,5213.0,52.0,16.0,3.0,1043.0,52.0,1
5.0,2943.0,96.0,16.0,1.0,765.0,146.0,1
0.0,4285.0,197.0,152.0,6.0,1170.0,103.0,1
15.0,3050.0,243.0,262.0,7.0,820.0,95.0,1
1.0,755.0,208.0,244.0,7.0,650.0,175.0,1
11.0,6548.0,221.0,148.0,5.0,1025.0,95.0,1
17.0,2658.0,33.0,60.0,7.0,675.0,75.0,1
8.0,556.0,16.0,43.0,3.0,1255.0,119.0,1
13.0,331.0,208.0,252.0,4.0,583.0,279.0,1
15.0,3137.0,262.0,153.0,3.0,945.0,80.0,1
15.0,131.0,175.0,141.0,5.0,1180.0,125.0,1
12.0,6279.0,253.0,264.0,6.0,959.0,84.0,1
17.0,2862.0,103.0,217.0,3.0,1075.0,63.0,1
15.0,703.0,262.0,264.0,4.0,670.0,85.0,1
15.0,591.0,153.0,202.0,3.0,1200.0,90.0,1
12.0,6322.0,243.0,154.0,1.0,589.0,45.0,1
13.0,656.0,217.0,208.0,3.0,450.0,202.0,1
14.0,1155.0,216.0,183.0,5.0,460.0,180.0,1
15.0,1256.0,104.0,175.0,1.0,680.0,195.0,1
15.0,1924.0,175.0,182.0,6.0,1015.0,125.0,1
2.0,366.0,252.0,262.0,3.0,405.0,106.0,1
3.0,495.0,35.0,79.0,5.0,435.0,280.0,1
5.0,1388.0,159.0,35.0,3.0,930.0,76.0,1
1.0,1152.0,80.0,35.0,7.0,705.0,200.0,1
12.0,6490.0,154.0,236.0,6.0,780.0,85.0,1
15.0,189.0,217.0,258.0,4.0,1060.0,115.0,1
8.0,649.0,45.0,213.0,4.0,500.0,150.0,1
15.0,756.0,175.0,172.0,5.0,375.0,95.0,1
3.0,247.0,202.0,160.0,6.0,360.0,77.0,1
12.0,6719.0,79.0,196.0,7.0,854.0,126.0,1
14.0,1735.0,60.0,173.0,3.0,995.0,103.0,1
12.0,6321.0,243.0,154.0,5.0,526.0,45.0,1
6.0,5351.0,16.0,129.0,7.0,1165.0,142.0,1
15.0,1289.0,175.0,159.0,4.0,1195.0,125.0,1
12.0,6485.0,253.0,227.0,6.0,1123.0,79.0,1
15.0,520.0,173.0,233.0,5.0,745.0,95.0,1
4.0,510.0,135.0,96.0,6.0,525.0,198.0,1
12.0,7009.0,208.0,130.0,5.0,660.0,121.0,1
10.0,4412.0,159.0,85.0,3.0,745.0,125.0,1
12.0,6722.0,224.0,79.0,6.0,365.0,139.0,1
9.0,370.0,203.0,150.0,5.0,819.0,32.0,1
6.0,5475.0,16.0,70.0,4.0,975.0,44.0,1
6.0,5082.0,16.0,32.0,5.0,523.0,112.0,1
15.0,2904.0,154.0,253.0,7.0,1185.0,75.0,1
6.0,7090.0,71.0,208.0,1.0,650.0,81.0,1
3.0,1010.0,148.0,35.0,5.0,839.0,78.0,1
6.0,5089.0,85.0,184.0,6.0,930.0,71.0,1
14.0,1588.0,60.0,228.0,4.0,590.0,122.0,1
9.0,202.0,128.0,143.0,7.0,355.0,49.0,1
13.0,302.0,208.0,12.0,3.0,1080.0,115.0,1
15.0,1279.0,45.0,22.0,3.0,815.0,65.0,1
13.0,612.0,197.0,208.0,1.0,585.0,81.0,1
4.0,555.0,58.0,253.0,7.0,535.0,321.0,1
4.0,1812.0,135.0,205.0,4.0,1260.0,129.0,1
14.0,1811.0,35.0,216.0,5.0,510.0,98.0,1
8.0,406.0,16.0,139.0,7.0,837.0,93.0,1
0.0,3891.0,175.0,85.0,7.0,420.0,84.0,1
15.0,46.0,75.0,2.0,4.0,1130.0,110.0,1
6.0,5475.0,16.0,70.0,5.0,975.0,44.0,1
13.0,758.0,79.0,136.0,3.0,810.0,82.0,1
12.0,6531.0,253.0,248.0,7.0,1133.0,65.0,1
5.0,2268.0,159.0,241.0,1.0,615.0,197.0,1
12.0,6393.0,79.0,107.0,5.0,1233.0,85.0,1
15.0,1052.0,258.0,153.0,3.0,865.0,85.0,1
1.0,1548.0,65.0,80.0,4.0,670.0,105.0,1
8.0,359.0,159.0,16.0,4.0,360.0,161.0,1
17.0,2749.0,244.0,217.0,3.0,930.0,147.0,1
6.0,5236.0,288.0,177.0,3.0,685.0,93.0,1
3.0,1104.0,233.0,148.0,3.0,700.0,83.0,1
17.0,2622.0,60.0,134.0,4.0,705.0,85.0,1
12.0,6991.0,208.0,65.0,3.0,715.0,154.0,1
5.0,1862.0,85.0,216.0,5.0,835.0,99.0,1
8.0,79.0,16.0,104.0,4.0,1330.0,114.0,1
10.0,4514.0,78.0,33.0,6.0,895.0,120.0,1
15.0,2654.0,45.0,182.0,3.0,505.0,80.0,1
16.0,2362.0,96.0,234.0,7.0,995.0,85.0,1
13.0,389.0,277.0,208.0,3.0,1005.0,179.0,1
12.0,7030.0,208.0,187.0,5.0,718.0,43.0,1
15.0,3496.0,162.0,217.0,3.0,420.0,195.0,1
12.0,6337.0,79.0,114.0,7.0,675.0,58.0,1
5.0,2564.0,71.0,148.0,7.0,920.0,132.0,1
1.0,347.0,159.0,208.0,7.0,1090.0,165.0,1
6.0,5299.0,16.0,91.0,3.0,683.0,209.0,1
1.0,1716.0,80.0,45.0,7.0,840.0,165.0,1
6.0,5283.0,16.0,138.0,6.0,885.0,78.0,1
15.0,2431.0,45.0,139.0,6.0,1110.0,110.0,1
13.0,164.0,208.0,173.0,5.0,457.0,162.0,1
15.0,704.0,175.0,134.0,4.0,1030.0,105.0,1
16.0,2606.0,135.0,177.0,4.0,445.0,91.0,1
9.0,391.0,143.0,128.0,5.0,1221.0,49.0,1
15.0,1622.0,214.0,202.0,7.0,735.0,100.0,1
5.0,1563.0,78.0,197.0,4.0,1122.0,176.0,1
1.0,700.0,80.0,159.0,1.0,370.0,190.0,1
15.0,1657.0,244.0,75.0,5.0,540.0,60.0,1
12.0,6526.0,154.0,217.0,3.0,523.0,77.0,1
14.0,1179.0,60.0,135.0,3.0,785.0,167.0,1
15.0,1773.0,175.0,268.0,3.0,1030.0,70.0,1
16.0,5970.0,281.0,208.0,4.0,385.0,79.0,1
5.0,1129.0,16.0,209.0,3.0,1307.0,98.0,1
10.0,3038.0,246.0,154.0,4.0,525.0,50.0,1
14.0,707.0,216.0,208.0,7.0,1075.0,150.0,1
6.0,7081.0,76.0,134.0,1.0,873.0,86.0,1
7.0,421.0,16.0,79.0,6.0,966.0,204.0,1
16.0,5911.0,218.0,208.0,7.0,862.0,58.0,1
8.0,62.0,16.0,134.0,4.0,525.0,102.0,1
15.0,2765.0,228.0,45.0,6.0,660.0,80.0,1
4.0,1027.0,135.0,60.0,6.0,750.0,137.0,1
14.0,1106.0,60.0,216.0,3.0,680.0,95.0,1
8.0,1251.0,157.0,173.0,7.0,1105.0,115.0,1
5.0,2375.0,261.0,253.0,3.0,670.0,127.0,1
15.0,1065.0,153.0,12.0,1.0,995.0,285.0,1
15.0,8.0,153.0,258.0,3.0,775.0,80.0,1
17.0,2643.0,60.0,177.0,5.0,1355.0,116.0,1
12.0,6871.0,79.0,192.0,4.0,755.0,102.0,1
6.0,7104.0,134.0,61.0,3.0,505.0,80.0,1
4.0,776.0,135.0,216.0,6.0,445.0,188.0,1
2.0,95.0,252.0,14.0,4.0,700.0,229.0,1
5.0,2956.0,243.0,148.0,1.0,390.0,324.0,1
1.0,1396.0,80.0,209.0,7.0,1070.0,160.0,1
12.0,6464.0,252.0,253.0,6.0,599.0,131.0,1
12.0,6410.0,253.0,44.0,4.0,966.0,67.0,1
1.0,1286.0,80.0,234.0,6.0,1095.0,160.0,1
5.0,2441.0,78.0,277.0,4.0,989.0,142.0,1
14.0,989.0,60.0,104.0,4.0,480.0,119.0,1
0.0,3697.0,85.0,27.0,5.0,545.0,125.0,1
0.0,4254.0,268.0,233.0,1.0,1050.0,120.0,1
14.0,548.0,217.0,80.0,4.0,1185.0,137.0,1
4.0,208.0,214.0,135.0,3.0,1415.0,227.0,1
12.0,4521.0,261.0,262.0,7.0,1030.0,97.0,1
12.0,4695.0,208.0,261.0,7.0,805.0,205.0,1
5.0,2097.0,197.0,16.0,1.0,465.0,155.0,1
6.0,7387.0,71.0,268.0,5.0,970.0,89.0,1
13.0,491.0,79.0,217.0,6.0,492.0,129.0,1
1.0,1257.0,78.0,183.0,4.0,1200.0,165.0,1
5.0,400.0,16.0,197.0,3.0,725.0,160.0,1
17.0,2904.0,60.0,138.0,3.0,679.0,54.0,1
15.0,2660.0,154.0,262.0,4.0,530.0,80.0,1
12.0,4638.0,243.0,154.0,1.0,380.0,49.0,1
15.0,675.0,217.0,91.0,4.0,1025.0,65.0,1
6.0,5545.0,16.0,115.0,4.0,1295.0,75.0,1
10.0,3324.0,254.0,80.0,6.0,660.0,90.0,1
2.0,307.0,253.0,252.0,3.0,550.0,129.0,1
10.0,4647.0,233.0,159.0,7.0,685.0,94.0,1
2.0,669.0,18.0,252.0,7.0,1095.0,254.0,1
15.0,739.0,277.0,104.0,3.0,1060.0,60.0,1
14.0,333.0,280.0,217.0,7.0,770.0,51.0,1
1.0,2307.0,208.0,80.0,4.0,545.0,155.0,1
3.0,1245.0,35.0,60.0,6.0,535.0,144.0,1
3.0,453.0,35.0,104.0,6.0,574.0,204.0,1
10.0,3695.0,148.0,209.0,4.0,1045.0,90.0,1
12.0,4777.0,261.0,2.0,4.0,1005.0,102.0,1
3.0,1258.0,134.0,35.0,5.0,1107.0,87.0,1
5.0,1843.0,148.0,252.0,6.0,1050.0,380.0,1
10.0,4085.0,0.0,208.0,1.0,755.0,140.0,1
0.0,4022.0,87.0,177.0,4.0,980.0,90.0,1
12.0,4465.0,114.0,261.0,4.0,405.0,59.0,1
5.0,2768.0,252.0,16.0,6.0,800.0,285.0,1
5.0,1927.0,16.0,104.0,3.0,810.0,110.0,1
14.0,942.0,253.0,60.0,3.0,1340.0,284.0,1
15.0,137.0,244.0,129.0,3.0,395.0,50.0,1
15.0,1142.0,45.0,35.0,5.0,715.0,80.0,1
17.0,1044.0,143.0,128.0,5.0,580.0,47.0,1
0.0,4206.0,136.0,16.0,4.0,1035.0,135.0,1
10.0,3932.0,254.0,208.0,3.0,485.0,95.0,1
5.0,1762.0,33.0,85.0,5.0,375.0,126.0,1
12.0,6586.0,227.0,79.0,5.0,360.0,131.0,1
0.0,4316.0,16.0,285.0,3.0,1135.0,55.0,1
10.0,2778.0,285.0,80.0,4.0,500.0,160.0,1
14.0,750.0,183.0,216.0,3.0,820.0,173.0,1
15.0,1264.0,175.0,35.0,4.0,1180.0,135.0,1
12.0,6237.0,100.0,153.0,6.0,875.0,80.0,1
2.0,497.0,243.0,252.0,4.0,845.0,174.0,1
5.0,2614.0,252.0,197.0,4.0,900.0,195.0,1
1.0,358.0,208.0,159.0,7.0,940.0,130.0,1
5.0,1252.0,16.0,71.0,3.0,1291.0,88.0,1
8.0,278.0,16.0,35.0,6.0,984.0,146.0,1
15.0,3655.0,22.0,277.0,1.0,860.0,195.0,1
15.0,993.0,79.0,134.0,3.0,1075.0,185.0,1
14.0,1728.0,173.0,60.0,7.0,835.0,96.0,1
2.0,453.0,154.0,252.0,3.0,645.0,162.0,1
13.0,915.0,134.0,253.0,1.0,978.0,362.0,1
15.0,1289.0,217.0,244.0,7.0,800.0,125.0,1
5.0,2817.0,177.0,154.0,7.0,560.0,260.0,1
5.0,2921.0,197.0,154.0,6.0,555.0,246.0,1
15.0,586.0,217.0,175.0,3.0,730.0,205.0,1
12.0,6684.0,177.0,208.0,5.0,360.0,110.0,1
12.0,7050.0,110.0,79.0,6.0,788.0,92.0,1
10.0,3492.0,162.0,80.0,5.0,935.0,75.0,1
8.0,1422.0,139.0,277.0,4.0,1021.0,135.0,1
5.0,2696.0,183.0,78.0,3.0,1180.0,147.0,1
13.0,112.0,79.0,277.0,4.0,626.0,206.0,1
6.0,7120.0,134.0,159.0,3.0,882.0,83.0,1
15.0,1361.0,153.0,154.0,3.0,885.0,65.0,1
16.0,3102.0,170.0,135.0,6.0,475.0,82.0,1
14.0,632.0,44.0,217.0,1.0,410.0,87.0,1
3.0,5.0,43.0,148.0,5.0,1245.0,80.0,1
15.0,408.0,197.0,268.0,4.0,825.0,90.0,1
13.0,315.0,79.0,207.0,7.0,707.0,145.0,1
4.0,1778.0,244.0,135.0,3.0,660.0,56.0,1
15.0,831.0,214.0,111.0,7.0,965.0,60.0,1
3.0,1433.0,253.0,160.0,1.0,750.0,80.0,1
13.0,201.0,35.0,134.0,5.0,360.0,103.0,1
16.0,2656.0,135.0,16.0,1.0,900.0,121.0,1
16.0,2494.0,208.0,96.0,7.0,1065.0,137.0,1
8.0,910.0,16.0,215.0,6.0,1067.0,84.0,1
8.0,649.0,45.0,213.0,1.0,505.0,150.0,1
1.0,1523.0,260.0,208.0,5.0,955.0,320.0,1
13.0,725.0,208.0,217.0,3.0,540.0,237.0,1
1.0,436.0,264.0,80.0,4.0,650.0,170.0,1
13.0,612.0,208.0,78.0,3.0,725.0,111.0,1
1.0,741.0,159.0,80.0,6.0,740.0,245.0,1
14.0,2127.0,35.0,159.0,3.0,720.0,72.0,1
1.0,2372.0,80.0,208.0,4.0,1150.0,135.0,1
3.0,1215.0,35.0,43.0,5.0,705.0,91.0,1
5.0,2310.0,80.0,16.0,1.0,645.0,123.0,1
13.0,936.0,79.0,134.0,6.0,709.0,193.0,1
12.0,6575.0,179.0,253.0,3.0,621.0,75.0,1
3.0,46.0,173.0,148.0,6.0,638.0,142.0,1
13.0,723.0,80.0,79.0,3.0,942.0,128.0,1
15.0,913.0,18.0,75.0,7.0,855.0,55.0,1
13.0,26.0,154.0,148.0,6.0,711.0,334.0,1
12.0,6921.0,253.0,252.0,5.0,516.0,122.0,1
15.0,432.0,154.0,153.0,4.0,740.0,60.0,1
5.0,1008.0,18.0,16.0,6.0,340.0,134.0,1
13.0,103.0,79.0,262.0,3.0,733.0,162.0,1
12.0,7782.0,271.0,261.0,1.0,561.0,67.0,1
10.0,4594.0,233.0,159.0,7.0,790.0,95.0,1
12.0,4540.0,196.0,261.0,6.0,703.0,82.0,1
5.0,1198.0,241.0,85.0,6.0,500.0,174.0,1
10.0,2820.0,266.0,80.0,7.0,690.0,45.0,1
14.0,1428.0,173.0,60.0,3.0,420.0,98.0,1
14.0,301.0,60.0,217.0,3.0,985.0,278.0,1
13.0,10.0,253.0,148.0,5.0,641.0,348.0,1
17.0,7265.0,208.0,221.0,5.0,639.0,82.0,1
15.0,638.0,241.0,173.0,1.0,910.0,50.0,1
1.0,2463.0,208.0,172.0,7.0,490.0,90.0,1
0.0,4330.0,233.0,148.0,1.0,975.0,120.0,1
5.0,1691.0,16.0,277.0,7.0,1370.0,82.0,1
2.0,658.0,258.0,18.0,1.0,535.0,199.0,1
15.0,1296.0,198.0,129.0,3.0,505.0,80.0,1
12.0,6411.0,248.0,154.0,4.0,869.0,61.0,1
0.0,4322.0,33.0,197.0,6.0,480.0,144.0,1
16.0,2942.0,135.0,80.0,1.0,575.0,68.0,1
5.0,2794.0,16.0,216.0,6.0,580.0,135.0,1
15.0,3244.0,243.0,18.0,7.0,890.0,160.0,1
12.0,6371.0,110.0,79.0,5.0,463.0,92.0,1
3.0,22.0,148.0,273.0,7.0,1365.0,69.0,1
8.0,551.0,43.0,16.0,6.0,1087.0,133.0,1
5.0,269.0,148.0,183.0,4.0,480.0,200.0,1
10.0,3181.0,258.0,154.0,7.0,775.0,75.0,1
6.0,5317.0,47.0,16.0,6.0,693.0,76.0,1
15.0,997.0,217.0,35.0,3.0,645.0,300.0,1
15.0,1601.0,277.0,228.0,5.0,455.0,165.0,1
15.0,52.0,104.0,129.0,4.0,995.0,180.0,1
5.0,1737.0,45.0,85.0,3.0,582.0,98.0,1
5.0,1856.0,183.0,148.0,3.0,990.0,183.0,1
6.0,5163.0,16.0,97.0,5.0,1135.0,116.0,1
15.0,2654.0,233.0,45.0,1.0,410.0,60.0,1
8.0,929.0,172.0,16.0,7.0,1040.0,117.0,1
1.0,1354.0,153.0,183.0,1.0,370.0,265.0,1
0.0,3668.0,285.0,159.0,3.0,360.0,131.0,1
12.0,4695.0,261.0,153.0,6.0,1005.0,81.0,1
13.0,355.0,16.0,208.0,7.0,578.0,133.0,1
1.0,1710.0,80.0,134.0,5.0,1270.0,155.0,1
0.0,3921.0,135.0,177.0,6.0,710.0,105.0,1
5.0,1452.0,16.0,71.0,7.0,855.0,85.0,1
13.0,703.0,153.0,79.0,7.0,1063.0,118.0,1
13.0,330.0,243.0,208.0,1.0,544.0,241.0,1
11.0,6453.0,251.0,71.0,4.0,1035.0,48.0,1
1.0,823.0,136.0,80.0,4.0,885.0,80.0,1
5.0,211.0,148.0,153.0,4.0,1095.0,350.0,1
14.0,1951.0,43.0,60.0,6.0,510.0,118.0,1
3.0,277.0,104.0,253.0,7.0,1022.0,380.0,1
13.0,406.0,79.0,159.0,6.0,987.0,212.0,1
15.0,2565.0,134.0,175.0,6.0,680.0,120.0,1
6.0,5148.0,16.0,275.0,5.0,900.0,70.0,1
2.0,459.0,154.0,252.0,3.0,750.0,157.0,1
15.0,3147.0,217.0,154.0,3.0,530.0,85.0,1
13.0,234.0,208.0,159.0,1.0,513.0,132.0,1
1.0,1972.0,253.0,208.0,1.0,610.0,255.0,1
17.0,2658.0,33.0,60.0,4.0,675.0,75.0,1
10.0,3222.0,290.0,80.0,6.0,1080.0,75.0,1
5.0,1498.0,104.0,159.0,6.0,420.0,174.0,1
4.0,605.0,204.0,135.0,4.0,380.0,80.0,1
4.0,754.0,96.0,213.0,5.0,780.0,172.0,1
0.0,3735.0,85.0,0.0,3.0,1305.0,93.0,1
12.0,6424.0,184.0,208.0,5.0,783.0,50.0,1
15.0,743.0,243.0,217.0,6.0,825.0,70.0,1
6.0,4980.0,16.0,285.0,5.0,1370.0,50.0,1
7.0,564.0,243.0,79.0,3.0,908.0,135.0,1
8.0,1283.0,277.0,106.0,7.0,713.0,161.0,1
5.0,460.0,260.0,85.0,6.0,935.0,299.0,1
5.0,49.0,71.0,16.0,3.0,985.0,95.0,1
5.0,1833.0,71.0,154.0,4.0,970.0,293.0,1
0.0,3807.0,85.0,171.0,1.0,735.0,52.0,1
0.0,4343.0,228.0,85.0,3.0,985.0,129.0,1
16.0,2097.0,135.0,65.0,5.0,905.0,139.0,1
7.0,653.0,16.0,79.0,4.0,370.0,201.0,1
11.0,6389.0,71.0,22.0,7.0,1140.0,118.0,1
11.0,6680.0,17.0,85.0,1.0,420.0,79.0,1
16.0,3069.0,131.0,135.0,5.0,665.0,69.0,1
16.0,2433.0,135.0,155.0,7.0,685.0,84.0,1
1.0,1983.0,148.0,183.0,5.0,870.0,210.0,1
1.0,2320.0,80.0,208.0,5.0,345.0,140.0,1
13.0,438.0,79.0,34.0,6.0,908.0,119.0,1
14.0,526.0,172.0,217.0,3.0,900.0,171.0,1
12.0,4531.0,102.0,261.0,5.0,370.0,97.0,1
15.0,49.0,2.0,75.0,5.0,925.0,100.0,1
5.0,2776.0,177.0,198.0,5.0,1180.0,77.0,1
17.0,7214.0,208.0,209.0,5.0,1031.0,121.0,1
4.0,390.0,261.0,135.0,5.0,756.0,180.0,1
12.0,7046.0,79.0,279.0,7.0,605.0,90.0,1
10.0,2984.0,80.0,70.0,4.0,1120.0,115.0,1
10.0,4651.0,16.0,159.0,4.0,545.0,135.0,1
5.0,2914.0,252.0,197.0,7.0,435.0,195.0,1
13.0,782.0,2.0,134.0,4.0,485.0,223.0,1
12.0,4855.0,28.0,261.0,5.0,700.0,80.0,1
10.0,4339.0,208.0,276.0,7.0,975.0,55.0,1
16.0,2710.0,58.0,78.0,7.0,1150.0,75.0,1
0.0,3867.0,90.0,85.0,7.0,995.0,88.0,1
5.0,2204.0,154.0,261.0,5.0,790.0,114.0,1
1.0,686.0,80.0,96.0,5.0,1135.0,195.0,1
5.0,1673.0,16.0,183.0,6.0,886.0,113.0,1
0.0,4233.0,177.0,71.0,3.0,505.0,85.0,1
16.0,2560.0,170.0,135.0,1.0,1008.0,87.0,1
8.0,1596.0,277.0,116.0,7.0,1007.0,95.0,1
8.0,864.0,173.0,16.0,1.0,1040.0,93.0,1
12.0,4792.0,261.0,236.0,6.0,535.0,94.0,1
15.0,1079.0,244.0,91.0,5.0,1120.0,95.0,1
14.0,1602.0,277.0,60.0,3.0,1035.0,102.0,1
15.0,2801.0,27.0,277.0,7.0,565.0,85.0,1
5.0,2437.0,60.0,16.0,4.0,360.0,82.0,1
12.0,4498.0,217.0,261.0,6.0,662.0,103.0,1
4.0,1626.0,96.0,243.0,1.0,520.0,374.0,1
1.0,500.0,243.0,80.0,6.0,875.0,175.0,1
14.0,794.0,183.0,216.0,7.0,975.0,174.0,1
13.0,51.0,253.0,154.0,1.0,580.0,97.0,1
9.0,120.0,128.0,150.0,3.0,526.0,42.0,1
16.0,2266.0,16.0,58.0,3.0,892.0,102.0,1
15.0,1815.0,173.0,18.0,3.0,710.0,175.0,1
17.0,1025.0,128.0,161.0,4.0,910.0,37.0,1
15.0,3311.0,18.0,79.0,4.0,775.0,140.0,1
10.0,4028.0,147.0,208.0,5.0,1035.0,170.0,1
0.0,3753.0,184.0,177.0,1.0,660.0,115.0,1
5.0,2186.0,16.0,159.0,3.0,820.0,135.0,1
10.0,4505.0,35.0,159.0,6.0,630.0,75.0,1
5.0,1213.0,238.0,16.0,3.0,940.0,144.0,1
5.0,2042.0,16.0,96.0,6.0,1145.0,145.0,1
5.0,2723.0,197.0,173.0,3.0,1160.0,187.0,1
0.0,4207.0,76.0,197.0,5.0,1140.0,122.0,1
5.0,192.0,16.0,148.0,7.0,905.0,145.0,1
12.0,4471.0,135.0,197.0,4.0,630.0,168.0,1
15.0,46.0,68.0,129.0,7.0,975.0,50.0,1
15.0,130.0,280.0,154.0,7.0,730.0,95.0,1
15.0,129.0,217.0,261.0,4.0,550.0,100.0,1
8.0,1593.0,116.0,16.0,5.0,1074.0,76.0,1
1.0,1812.0,183.0,154.0,5.0,1170.0,355.0,1
12.0,6437.0,214.0,252.0,6.0,814.0,50.0,1
15.0,624.0,262.0,154.0,5.0,1245.0,80.0,1
15.0,670.0,79.0,175.0,6.0,1045.0,145.0,1
5.0,2502.0,173.0,71.0,4.0,494.0,131.0,1
5.0,2667.0,16.0,243.0,4.0,1294.0,289.0,1
1.0,607.0,35.0,208.0,5.0,1035.0,185.0,1
14.0,333.0,280.0,217.0,1.0,770.0,51.0,1
8.0,201.0,16.0,48.0,4.0,803.0,95.0,1
15.0,2959.0,22.0,173.0,4.0,420.0,185.0,1
10.0,4064.0,208.0,58.0,6.0,815.0,80.0,1
13.0,736.0,253.0,153.0,4.0,360.0,98.0,1
6.0,4970.0,16.0,121.0,4.0,499.0,57.0,1
6.0,4948.0,16.0,58.0,1.0,1055.0,111.0,1
3.0,701.0,148.0,260.0,3.0,360.0,218.0,1
12.0,4477.0,102.0,261.0,6.0,440.0,99.0,1
14.0,1854.0,60.0,228.0,5.0,870.0,110.0,1
8.0,683.0,16.0,136.0,7.0,625.0,148.0,1
13.0,936.0,79.0,134.0,4.0,686.0,195.0,1
1.0,1782.0,173.0,148.0,4.0,1180.0,155.0,1
11.0,6595.0,148.0,208.0,7.0,936.0,174.0,1
13.0,254.0,79.0,208.0,1.0,1045.0,144.0,1
13.0,406.0,28.0,79.0,3.0,822.0,92.0,1
15.0,48.0,173.0,129.0,5.0,955.0,155.0,1
12.0,6470.0,154.0,261.0,5.0,1211.0,110.0,1
15.0,2609.0,268.0,198.0,7.0,905.0,120.0,1
12.0,6929.0,232.0,79.0,6.0,689.0,140.0,1
15.0,3596.0,173.0,182.0,5.0,540.0,170.0,1
5.0,1735.0,154.0,161.0,3.0,835.0,373.0,1
15.0,991.0,262.0,44.0,5.0,565.0,70.0,1
12.0,6565.0,79.0,280.0,7.0,1108.0,117.0,1
15.0,705.0,75.0,279.0,1.0,710.0,55.0,1
6.0,5047.0,16.0,204.0,5.0,834.0,138.0,1
14.0,2139.0,35.0,159.0,3.0,1080.0,81.0,1
4.0,520.0,135.0,217.0,7.0,1070.0,175.0,1
14.0,1995.0,139.0,60.0,3.0,1035.0,94.0,1
12.0,6909.0,210.0,253.0,1.0,812.0,117.0,1
13.0,954.0,154.0,253.0,3.0,400.0,85.0,1
13.0,357.0,45.0,208.0,4.0,905.0,130.0,1
1.0,1005.0,104.0,208.0,7.0,1230.0,190.0,1
3.0,608.0,148.0,229.0,3.0,1340.0,74.0,1
13.0,148.0,134.0,173.0,7.0,902.0,142.0,1
5.0,1223.0,16.0,241.0,1.0,510.0,110.0,1
5.0,2768.0,252.0,16.0,1.0,800.0,285.0,1
5.0,1273.0,61.0,16.0,3.0,420.0,115.0,1
12.0,4724.0,160.0,261.0,7.0,1089.0,111.0,1
14.0,2144.0,159.0,35.0,3.0,1260.0,69.0,1
14.0,1094.0,216.0,233.0,1.0,820.0,79.0,1
15.0,1761.0,268.0,172.0,5.0,940.0,65.0,1
15.0,3142.0,13.0,75.0,4.0,675.0,65.0,1
1.0,504.0,80.0,198.0,6.0,1115.0,80.0,1
5.0,1274.0,197.0,96.0,1.0,920.0,160.0,1
12.0,6614.0,224.0,79.0,4.0,875.0,131.0,1
10.0,2897.0,108.0,80.0,4.0,930.0,65.0,1
2.0,569.0,154.0,214.0,6.0,805.0,143.0,1
13.0,231.0,134.0,243.0,7.0,762.0,347.0,1
12.0,6727.0,199.0,79.0,5.0,384.0,63.0,1
15.0,657.0,214.0,236.0,4.0,1075.0,75.0,1
17.0,2775.0,217.0,194.0,3.0,659.0,114.0,1
3.0,37.0,148.0,277.0,4.0,470.0,176.0,1
17.0,2829.0,160.0,217.0,4.0,990.0,82.0,1
12.0,6951.0,107.0,79.0,5.0,1017.0,102.0,1
15.0,491.0,213.0,45.0,5.0,1055.0,145.0,1
15.0,1831.0,45.0,153.0,5.0,430.0,330.0,1
15.0,2233.0,261.0,34.0,6.0,1055.0,70.0,1
4.0,363.0,217.0,58.0,7.0,485.0,223.0,1
10.0,3637.0,183.0,251.0,3.0,1275.0,155.0,1
11.0,6266.0,134.0,85.0,1.0,573.0,107.0,1
5.0,370.0,16.0,154.0,5.0,1315.0,307.0,1
12.0,6601.0,252.0,253.0,7.0,1185.0,122.0,1
11.0,6593.0,85.0,17.0,3.0,1195.0,95.0,1
16.0,2524.0,58.0,182.0,5.0,920.0,88.0,1
5.0,2954.0,217.0,71.0,7.0,754.0,211.0,1
15.0,466.0,244.0,243.0,7.0,500.0,185.0,1
10.0,4241.0,208.0,233.0,7.0,1185.0,120.0,1
15.0,2287.0,241.0,216.0,4.0,950.0,165.0,1
1.0,2243.0,221.0,80.0,1.0,745.0,190.0,1
8.0,500.0,159.0,184.0,6.0,719.0,143.0,1
6.0,5280.0,177.0,33.0,3.0,1140.0,62.0,1
12.0,6563.0,15.0,79.0,6.0,813.0,45.0,1
12.0,6810.0,214.0,252.0,6.0,1306.0,49.0,1
4.0,649.0,253.0,96.0,7.0,915.0,316.0,1
12.0,6472.0,154.0,2.0,4.0,455.0,109.0,1
13.0,688.0,84.0,208.0,1.0,830.0,83.0,1
6.0,5135.0,16.0,87.0,7.0,898.0,75.0,1
14.0,1825.0,35.0,216.0,3.0,1110.0,106.0,1
15.0,258.0,233.0,153.0,3.0,875.0,320.0,1
11.0,6437.0,234.0,71.0,6.0,405.0,117.0,1
8.0,761.0,173.0,132.0,3.0,920.0,100.0,1
3.0,245.0,202.0,160.0,1.0,540.0,78.0,1
14.0,1539.0,159.0,60.0,1.0,390.0,127.0,1
12.0,6317.0,246.0,154.0,6.0,534.0,48.0,1
15.0,20.0,75.0,155.0,7.0,740.0,65.0,1
1.0,1247.0,208.0,154.0,6.0,680.0,265.0,1
15.0,1308.0,244.0,129.0,3.0,850.0,50.0,1
12.0,4612.0,261.0,2.0,1.0,656.0,102.0,1
6.0,5273.0,85.0,147.0,7.0,1205.0,146.0,1
6.0,7351.0,16.0,204.0,5.0,1301.0,139.0,1
17.0,7290.0,208.0,17.0,3.0,601.0,50.0,1
8.0,988.0,16.0,221.0,3.0,1335.0,106.0,1
17.0,1043.0,143.0,128.0,6.0,1270.0,47.0,1
10.0,2950.0,80.0,156.0,5.0,1140.0,70.0,1
0.0,4115.0,43.0,85.0,5.0,1155.0,80.0,1
10.0,3367.0,80.0,155.0,4.0,525.0,70.0,1
11.0,6626.0,85.0,120.0,7.0,1195.0,114.0,1
7.0,847.0,79.0,252.0,7.0,495.0,176.0,1
12.0,6639.0,46.0,79.0,1.0,1006.0,104.0,1
12.0,6818.0,253.0,100.0,5.0,1085.0,59.0,1
14.0,787.0,60.0,16.0,4.0,1070.0,83.0,1
10.0,4041.0,32.0,208.0,1.0,995.0,55.0,1
8.0,215.0,184.0,241.0,6.0,566.0,174.0,1
6.0,5250.0,78.0,35.0,6.0,595.0,94.0,1
10.0,4244.0,84.0,208.0,3.0,540.0,80.0,1
13.0,651.0,96.0,208.0,4.0,1051.0,160.0,1
5.0,1311.0,85.0,79.0,4.0,955.0,194.0,1
15.0,996.0,75.0,268.0,3.0,1250.0,95.0,1
14.0,2025.0,35.0,78.0,4.0,480.0,94.0,1
3.0,286.0,160.0,153.0,3.0,1065.0,67.0,1
1.0,1475.0,233.0,80.0,7.0,620.0,190.0,1
1.0,1935.0,80.0,18.0,7.0,970.0,60.0,1
14.0,1019.0,60.0,183.0,3.0,600.0,131.0,1
1.0,2192.0,183.0,35.0,6.0,1255.0,180.0,1
15.0,824.0,217.0,243.0,4.0,1050.0,65.0,1
17.0,2841.0,217.0,292.0,6.0,585.0,79.0,1
6.0,5051.0,16.0,120.0,3.0,965.0,79.0,1
16.0,2692.0,135.0,158.0,4.0,1280.0,53.0,1
12.0,4767.0,197.0,251.0,7.0,605.0,110.0,1
6.0,5091.0,19.0,16.0,1.0,910.0,79.0,1
15.0,2998.0,79.0,34.0,6.0,1110.0,125.0,1
8.0,227.0,184.0,159.0,4.0,798.0,121.0,1
9.0,525.0,203.0,128.0,6.0,645.0,34.0,1
7.0,455.0,159.0,184.0,7.0,1080.0,139.0,1
0.0,4032.0,85.0,43.0,5.0,1195.0,80.0,1
6.0,5002.0,201.0,16.0,5.0,825.0,100.0,1
1.0,1504.0,183.0,22.0,1.0,645.0,175.0,1
0.0,4075.0,209.0,85.0,5.0,559.0,121.0,1
2.0,495.0,243.0,252.0,7.0,510.0,183.0,1
1.0,674.0,208.0,183.0,7.0,335.0,185.0,1
12.0,6364.0,246.0,154.0,1.0,370.0,48.0,1
15.0,368.0,216.0,79.0,4.0,790.0,280.0,1
15.0,1883.0,27.0,45.0,6.0,580.0,110.0,1
15.0,6.0,129.0,75.0,4.0,450.0,55.0,1
5.0,65.0,16.0,153.0,4.0,1150.0,280.0,1
3.0,407.0,35.0,217.0,4.0,460.0,347.0,1
16.0,2469.0,135.0,68.0,3.0,475.0,65.0,1
13.0,892.0,253.0,35.0,5.0,800.0,340.0,1
0.0,3947.0,85.0,221.0,1.0,828.0,67.0,1
14.0,543.0,80.0,153.0,1.0,900.0,176.0,1
13.0,20.0,79.0,279.0,1.0,805.0,97.0,1
3.0,191.0,148.0,153.0,5.0,435.0,349.0,1
5.0,1859.0,148.0,16.0,5.0,495.0,163.0,1
15.0,106.0,75.0,198.0,5.0,1175.0,80.0,1
6.0,5142.0,10.0,16.0,3.0,345.0,119.0,1
15.0,2376.0,217.0,258.0,3.0,985.0,120.0,1
14.0,113.0,153.0,154.0,4.0,1190.0,67.0,1
13.0,963.0,208.0,197.0,7.0,929.0,85.0,1
16.0,5944.0,285.0,134.0,7.0,606.0,95.0,1
15.0,3763.0,79.0,45.0,4.0,725.0,200.0,1
10.0,2729.0,80.0,1.0,1.0,745.0,50.0,1
14.0,1687.0,60.0,104.0,3.0,1215.0,121.0,1
1.0,890.0,244.0,80.0,5.0,575.0,65.0,1
16.0,5917.0,208.0,139.0,6.0,882.0,57.0,1
9.0,328.0,128.0,203.0,7.0,716.0,37.0,1
5.0,1809.0,241.0,197.0,4.0,455.0,224.0,1
1.0,1030.0,198.0,80.0,7.0,835.0,100.0,1
10.0,3361.0,80.0,84.0,3.0,1200.0,110.0,1
1.0,2127.0,216.0,183.0,4.0,365.0,175.0,1
15.0,3015.0,153.0,217.0,6.0,710.0,70.0,1
15.0,2343.0,153.0,217.0,6.0,595.0,70.0,1
15.0,924.0,202.0,44.0,6.0,1065.0,65.0,1
15.0,2794.0,129.0,202.0,1.0,635.0,255.0,1
13.0,444.0,172.0,208.0,7.0,1131.0,84.0,1
16.0,2364.0,96.0,268.0,5.0,885.0,167.0,1
5.0,1745.0,78.0,85.0,5.0,665.0,95.0,1
15.0,157.0,85.0,33.0,1.0,1030.0,100.0,1
12.0,6288.0,154.0,194.0,7.0,705.0,65.0,1
0.0,4156.0,177.0,184.0,3.0,865.0,108.0,1
16.0,2672.0,84.0,135.0,4.0,1025.0,142.0,1
6.0,5374.0,16.0,87.0,1.0,510.0,78.0,1
0.0,4011.0,85.0,33.0,7.0,745.0,107.0,1
5.0,2746.0,139.0,197.0,7.0,942.0,108.0,1
5.0,2977.0,208.0,16.0,3.0,615.0,120.0,1
12.0,6593.0,79.0,28.0,5.0,490.0,95.0,1
5.0,2231.0,85.0,18.0,7.0,1200.0,203.0,1
11.0,6632.0,78.0,157.0,7.0,959.0,103.0,1
13.0,653.0,217.0,208.0,6.0,772.0,199.0,1
2.0,730.0,14.0,252.0,5.0,365.0,205.0,1
17.0,7217.0,76.0,134.0,3.0,624.0,76.0,1
15.0,770.0,91.0,217.0,7.0,805.0,75.0,1
10.0,2849.0,80.0,242.0,4.0,885.0,110.0,1
12.0,6947.0,252.0,214.0,4.0,795.0,48.0,1
2.0,890.0,203.0,243.0,5.0,860.0,312.0,1
9.0,102.0,128.0,143.0,4.0,305.0,49.0,1
15.0,3332.0,243.0,153.0,6.0,765.0,70.0,1
12.0,6726.0,145.0,79.0,6.0,823.0,74.0,1
14.0,586.0,217.0,153.0,3.0,795.0,71.0,1
1.0,1165.0,216.0,80.0,1.0,905.0,235.0,1
1.0,1479.0,16.0,80.0,7.0,845.0,150.0,1
12.0,6944.0,154.0,57.0,1.0,825.0,41.0,1
16.0,5929.0,136.0,208.0,1.0,884.0,110.0,1
13.0,688.0,84.0,208.0,4.0,830.0,83.0,1
13.0,845.0,243.0,208.0,6.0,678.0,233.0,1
15.0,3138.0,243.0,244.0,5.0,900.0,155.0,1
14.0,526.0,172.0,217.0,4.0,900.0,171.0,1
16.0,2616.0,165.0,135.0,3.0,340.0,66.0,1
5.0,2039.0,78.0,16.0,7.0,900.0,115.0,1
14.0,1768.0,60.0,78.0,7.0,990.0,80.0,1
7.0,725.0,78.0,79.0,7.0,1095.0,239.0,1
15.0,2731.0,262.0,243.0,5.0,1205.0,85.0,1
0.0,3718.0,92.0,85.0,4.0,350.0,65.0,1
2.0,86.0,14.0,252.0,3.0,750.0,205.0,1
1.0,815.0,18.0,80.0,7.0,785.0,65.0,1
15.0,1973.0,244.0,153.0,6.0,1080.0,180.0,1
14.0,1109.0,148.0,60.0,3.0,720.0,124.0,1
15.0,2097.0,202.0,154.0,1.0,635.0,75.0,1
15.0,380.0,129.0,279.0,7.0,1210.0,80.0,1
8.0,951.0,45.0,104.0,4.0,1210.0,155.0,1
5.0,2362.0,154.0,148.0,1.0,960.0,318.0,1
1.0,2537.0,208.0,153.0,5.0,1290.0,235.0,1
1.0,1952.0,80.0,173.0,4.0,925.0,145.0,1
1.0,355.0,80.0,207.0,7.0,1010.0,195.0,1
10.0,3524.0,58.0,80.0,5.0,960.0,185.0,1
15.0,2005.0,33.0,147.0,4.0,1105.0,85.0,1
1.0,2079.0,208.0,243.0,5.0,510.0,260.0,1
12.0,6288.0,194.0,154.0,7.0,799.0,68.0,1
5.0,1168.0,154.0,104.0,7.0,1360.0,285.0,1
3.0,405.0,35.0,243.0,3.0,590.0,378.0,1
15.0,1268.0,184.0,153.0,1.0,640.0,240.0,1
12.0,6839.0,208.0,205.0,4.0,740.0,99.0,1
5.0,1166.0,241.0,71.0,4.0,730.0,144.0,1
1.0,1832.0,208.0,241.0,4.0,1215.0,164.0,1
13.0,459.0,159.0,208.0,4.0,450.0,157.0,1
11.0,6528.0,71.0,35.0,1.0,675.0,130.0,1
15.0,719.0,173.0,198.0,5.0,1175.0,110.0,1
2.0,61.0,252.0,149.0,6.0,470.0,156.0,1
13.0,351.0,221.0,208.0,7.0,982.0,106.0,1
14.0,1525.0,60.0,79.0,6.0,564.0,223.0,1
1.0,2076.0,153.0,80.0,7.0,570.0,155.0,1
15.0,1425.0,33.0,104.0,4.0,1105.0,130.0,1
13.0,235.0,79.0,154.0,1.0,1060.0,155.0,1
1.0,1662.0,153.0,208.0,1.0,970.0,210.0,1
14.0,1764.0,60.0,78.0,5.0,1077.0,74.0,1
0.0,4202.0,74.0,16.0,7.0,910.0,90.0,1
5.0,1847.0,159.0,16.0,3.0,600.0,160.0,1
13.0,529.0,79.0,172.0,6.0,965.0,90.0,1
0.0,3786.0,177.0,108.0,5.0,1160.0,74.0,1
15.0,2049.0,243.0,258.0,3.0,1130.0,80.0,1
14.0,1026.0,60.0,12.0,6.0,990.0,118.0,1
15.0,691.0,198.0,75.0,4.0,985.0,85.0,1
15.0,770.0,243.0,262.0,1.0,950.0,95.0,1
13.0,609.0,208.0,253.0,3.0,716.0,289.0,1
16.0,2500.0,91.0,135.0,5.0,780.0,109.0,1
1.0,2413.0,204.0,80.0,5.0,450.0,65.0,1
15.0,2882.0,147.0,277.0,3.0,850.0,55.0,1
1.0,2275.0,33.0,80.0,7.0,875.0,125.0,1
4.0,659.0,78.0,135.0,7.0,480.0,206.0,1
16.0,2633.0,41.0,135.0,1.0,671.0,69.0,1
1.0,2364.0,80.0,208.0,5.0,1040.0,145.0,1
5.0,116.0,277.0,16.0,4.0,881.0,97.0,1
14.0,73.0,217.0,252.0,3.0,1075.0,184.0,1
16.0,2122.0,135.0,197.0,7.0,960.0,168.0,1
6.0,5108.0,101.0,16.0,5.0,751.0,97.0,1
12.0,6898.0,208.0,184.0,6.0,887.0,40.0,1
12.0,6847.0,253.0,246.0,5.0,1140.0,76.0,1
17.0,2771.0,217.0,246.0,5.0,1258.0,91.0,1
0.0,4019.0,177.0,139.0,6.0,1135.0,82.0,1
15.0,2947.0,277.0,153.0,6.0,620.0,310.0,1
16.0,2819.0,146.0,135.0,7.0,1140.0,79.0,1
12.0,7029.0,261.0,253.0,7.0,660.0,144.0,1
1.0,941.0,159.0,183.0,4.0,425.0,195.0,1
7.0,178.0,280.0,79.0,6.0,645.0,107.0,1
12.0,6650.0,34.0,253.0,7.0,1058.0,105.0,1
16.0,3088.0,172.0,58.0,5.0,717.0,108.0,1
10.0,2844.0,181.0,80.0,3.0,995.0,90.0,1
1.0,502.0,80.0,241.0,1.0,555.0,145.0,1
15.0,339.0,279.0,129.0,5.0,1140.0,95.0,1
13.0,271.0,216.0,79.0,4.0,1032.0,263.0,1
15.0,30.0,75.0,91.0,1.0,890.0,105.0,1
0.0,4266.0,197.0,119.0,6.0,635.0,87.0,1
1.0,1763.0,183.0,208.0,5.0,800.0,200.0,1
15.0,868.0,205.0,153.0,3.0,965.0,185.0,1
0.0,4288.0,197.0,164.0,4.0,910.0,81.0,1
17.0,2860.0,103.0,217.0,6.0,966.0,64.0,1
12.0,4627.0,127.0,261.0,6.0,785.0,77.0,1
6.0,5599.0,178.0,177.0,1.0,987.0,113.0,1
6.0,5120.0,16.0,285.0,3.0,448.0,59.0,1
13.0,927.0,253.0,154.0,5.0,1350.0,88.0,1
11.0,6763.0,148.0,273.0,1.0,910.0,86.0,1
8.0,641.0,184.0,45.0,4.0,1130.0,114.0,1
13.0,929.0,208.0,252.0,3.0,920.0,275.0,1
5.0,1662.0,172.0,197.0,1.0,736.0,85.0,1
15.0,1971.0,198.0,129.0,5.0,1195.0,70.0,1
10.0,4619.0,159.0,233.0,7.0,535.0,110.0,1
15.0,1283.0,198.0,79.0,6.0,415.0,180.0,1
5.0,1440.0,241.0,16.0,6.0,480.0,114.0,1
5.0,2451.0,16.0,251.0,4.0,1305.0,87.0,1
1.0,832.0,80.0,172.0,1.0,670.0,90.0,1
5.0,2896.0,16.0,184.0,5.0,500.0,126.0,1
13.0,739.0,173.0,79.0,1.0,430.0,256.0,1
16.0,5988.0,208.0,58.0,1.0,455.0,71.0,1
1.0,425.0,208.0,252.0,4.0,940.0,270.0,1
4.0,191.0,183.0,135.0,1.0,535.0,164.0,1
5.0,2002.0,241.0,16.0,3.0,970.0,108.0,1
1.0,531.0,78.0,268.0,3.0,960.0,135.0,1
15.0,1218.0,153.0,202.0,1.0,475.0,90.0,1
11.0,6384.0,135.0,71.0,3.0,420.0,135.0,1
10.0,3807.0,208.0,16.0,5.0,360.0,120.0,1
0.0,4391.0,171.0,85.0,4.0,351.0,59.0,1
6.0,5440.0,16.0,115.0,4.0,898.0,76.0,1
15.0,739.0,43.0,277.0,5.0,855.0,175.0,1
6.0,5247.0,78.0,177.0,3.0,370.0,147.0,1
5.0,2349.0,16.0,253.0,3.0,905.0,319.0,1
3.0,407.0,35.0,217.0,5.0,460.0,347.0,1
14.0,1695.0,228.0,60.0,6.0,670.0,146.0,1
5.0,2355.0,16.0,154.0,5.0,1215.0,309.0,1
8.0,951.0,45.0,104.0,5.0,1210.0,155.0,1
8.0,272.0,16.0,35.0,6.0,530.0,147.0,1
7.0,624.0,85.0,79.0,5.0,1169.0,192.0,1
1.0,474.0,2.0,80.0,7.0,560.0,105.0,1
3.0,680.0,78.0,35.0,6.0,600.0,80.0,1
3.0,612.0,147.0,148.0,1.0,685.0,125.0,1
12.0,6233.0,214.0,93.0,4.0,1275.0,36.0,1
6.0,5137.0,16.0,41.0,4.0,1220.0,97.0,1
2.0,563.0,154.0,214.0,5.0,510.0,147.0,1
17.0,2878.0,280.0,217.0,1.0,685.0,51.0,1
14.0,894.0,60.0,16.0,6.0,1215.0,80.0,1
15.0,1596.0,68.0,129.0,6.0,1005.0,50.0,1
4.0,1601.0,96.0,104.0,3.0,890.0,182.0,1
6.0,4952.0,16.0,245.0,1.0,660.0,71.0,1
8.0,842.0,173.0,16.0,5.0,761.0,92.0,1
15.0,109.0,198.0,79.0,4.0,360.0,180.0,1
13.0,215.0,173.0,79.0,1.0,926.0,249.0,1
15.0,836.0,184.0,172.0,6.0,550.0,100.0,1
15.0,650.0,175.0,182.0,7.0,660.0,120.0,1
12.0,6231.0,252.0,214.0,6.0,1010.0,46.0,1
6.0,5601.0,16.0,81.0,4.0,1017.0,58.0,1
5.0,2539.0,78.0,16.0,6.0,600.0,110.0,1
3.0,459.0,35.0,104.0,5.0,1185.0,201.0,1
8.0,51.0,16.0,154.0,5.0,1195.0,320.0,1
14.0,61.0,35.0,60.0,3.0,570.0,148.0,1
1.0,1041.0,35.0,208.0,7.0,425.0,190.0,1
3.0,1292.0,221.0,35.0,6.0,565.0,93.0,1
2.0,560.0,214.0,154.0,1.0,400.0,137.0,1
14.0,623.0,268.0,217.0,3.0,880.0,203.0,1
12.0,4657.0,157.0,197.0,1.0,390.0,130.0,1
12.0,6439.0,72.0,86.0,7.0,1401.0,38.0,1
8.0,995.0,184.0,35.0,1.0,465.0,133.0,1
8.0,305.0,79.0,16.0,1.0,745.0,165.0,1
4.0,1890.0,264.0,135.0,5.0,525.0,187.0,1
14.0,400.0,61.0,217.0,6.0,465.0,274.0,1
15.0,890.0,243.0,253.0,3.0,1215.0,90.0,1
8.0,887.0,45.0,184.0,5.0,440.0,125.0,1
5.0,341.0,16.0,285.0,4.0,1225.0,55.0,1
13.0,1.0,208.0,128.0,1.0,595.0,549.0,1
10.0,4495.0,35.0,159.0,4.0,475.0,80.0,1
3.0,41.0,148.0,173.0,3.0,555.0,181.0,1
4.0,623.0,135.0,198.0,4.0,870.0,67.0,1
8.0,487.0,45.0,173.0,4.0,760.0,144.0,1
2.0,861.0,214.0,203.0,3.0,600.0,368.0,1
6.0,5432.0,177.0,288.0,3.0,1175.0,84.0,1
14.0,707.0,216.0,208.0,4.0,1075.0,150.0,1
12.0,6733.0,285.0,79.0,3.0,543.0,214.0,1
3.0,151.0,148.0,213.0,4.0,960.0,188.0,1
12.0,6878.0,79.0,258.0,3.0,551.0,162.0,1
5.0,2811.0,177.0,104.0,1.0,560.0,139.0,1
11.0,6593.0,85.0,17.0,5.0,1195.0,95.0,1
14.0,2029.0,35.0,78.0,3.0,600.0,91.0,1
13.0,485.0,79.0,262.0,4.0,1305.0,157.0,1
16.0,5980.0,208.0,290.0,5.0,1079.0,108.0,1
15.0,568.0,27.0,217.0,1.0,375.0,240.0,1
11.0,6774.0,22.0,78.0,5.0,735.0,88.0,1
17.0,2640.0,267.0,60.0,3.0,710.0,111.0,1
1.0,851.0,279.0,208.0,6.0,390.0,120.0,1
5.0,1194.0,85.0,60.0,4.0,1035.0,113.0,1
5.0,2156.0,85.0,139.0,7.0,930.0,70.0,1
4.0,747.0,208.0,135.0,7.0,730.0,171.0,1
2.0,44.0,23.0,14.0,1.0,866.0,69.0,1
13.0,420.0,208.0,238.0,6.0,1085.0,98.0,1
15.0,2004.0,173.0,45.0,1.0,485.0,130.0,1
15.0,1057.0,202.0,44.0,5.0,635.0,65.0,1
17.0,2644.0,16.0,60.0,1.0,1076.0,85.0,1
12.0,6918.0,63.0,208.0,5.0,360.0,82.0,1
13.0,322.0,264.0,253.0,5.0,456.0,103.0,1
11.0,6693.0,85.0,251.0,5.0,920.0,87.0,1
6.0,5260.0,16.0,53.0,1.0,597.0,100.0,1
13.0,304.0,173.0,134.0,7.0,993.0,132.0,1
1.0,2301.0,208.0,80.0,3.0,360.0,150.0,1
12.0,4675.0,261.0,44.0,3.0,915.0,115.0,1
3.0,1048.0,148.0,238.0,4.0,570.0,83.0,1
15.0,826.0,153.0,214.0,1.0,795.0,140.0,1
5.0,66.0,277.0,16.0,6.0,807.0,99.0,1
10.0,4142.0,208.0,221.0,6.0,730.0,85.0,1
16.0,2722.0,58.0,209.0,7.0,950.0,88.0,1
12.0,6882.0,79.0,262.0,1.0,922.0,151.0,1
1.0,1356.0,80.0,134.0,5.0,665.0,165.0,1
4.0,761.0,244.0,96.0,7.0,868.0,222.0,1
14.0,202.0,217.0,2.0,7.0,595.0,78.0,1
15.0,691.0,173.0,198.0,1.0,905.0,110.0,1
16.0,3024.0,131.0,135.0,1.0,330.0,70.0,1
8.0,254.0,106.0,16.0,1.0,360.0,130.0,1
15.0,2882.0,27.0,147.0,3.0,695.0,70.0,1
11.0,6340.0,177.0,178.0,1.0,545.0,132.0,1
14.0,544.0,217.0,80.0,4.0,810.0,135.0,1
15.0,3484.0,44.0,153.0,5.0,850.0,60.0,1
13.0,653.0,217.0,208.0,1.0,767.0,204.0,1
3.0,1103.0,148.0,233.0,3.0,557.0,108.0,1
15.0,607.0,173.0,209.0,1.0,490.0,110.0,1
3.0,1244.0,60.0,35.0,5.0,1075.0,127.0,1
0.0,4088.0,197.0,71.0,3.0,465.0,114.0,1
15.0,45.0,75.0,129.0,3.0,1050.0,65.0,1
0.0,3726.0,85.0,0.0,4.0,860.0,96.0,1
10.0,3964.0,45.0,208.0,6.0,665.0,130.0,1
0.0,3995.0,117.0,197.0,6.0,400.0,75.0,1
6.0,5465.0,85.0,48.0,4.0,1295.0,64.0,1
13.0,293.0,253.0,154.0,4.0,580.0,97.0,1
10.0,3761.0,261.0,208.0,7.0,690.0,190.0,1
1.0,753.0,159.0,80.0,6.0,860.0,245.0,1
17.0,2604.0,60.0,120.0,7.0,590.0,56.0,1
4.0,689.0,85.0,135.0,3.0,366.0,185.0,1
15.0,1927.0,217.0,154.0,6.0,1175.0,80.0,1
9.0,508.0,161.0,203.0,4.0,550.0,43.0,1
10.0,3023.0,154.0,243.0,5.0,1020.0,45.0,1
14.0,1567.0,60.0,198.0,7.0,565.0,123.0,1
15.0,552.0,209.0,277.0,6.0,1060.0,135.0,1
5.0,1923.0,35.0,85.0,4.0,742.0,142.0,1
5.0,1928.0,173.0,85.0,5.0,616.0,163.0,1
10.0,4131.0,208.0,265.0,7.0,1235.0,55.0,1
15.0,954.0,104.0,147.0,4.0,1155.0,75.0,1
16.0,2679.0,96.0,147.0,1.0,485.0,154.0,1
3.0,291.0,252.0,160.0,6.0,638.0,154.0,1
14.0,366.0,262.0,217.0,4.0,971.0,106.0,1
10.0,2886.0,165.0,80.0,4.0,1105.0,80.0,1
0.0,4291.0,285.0,177.0,5.0,750.0,84.0,1
1.0,1990.0,183.0,173.0,3.0,965.0,60.0,1
0.0,3968.0,148.0,208.0,4.0,1210.0,182.0,1
1.0,2057.0,208.0,260.0,6.0,495.0,270.0,1
6.0,5165.0,11.0,16.0,7.0,390.0,60.0,1
0.0,4361.0,221.0,177.0,1.0,710.0,135.0,1
3.0,28.0,277.0,148.0,6.0,1115.0,155.0,1
15.0,787.0,258.0,217.0,3.0,1270.0,105.0,1
13.0,967.0,134.0,154.0,5.0,994.0,348.0,1
7.0,173.0,79.0,280.0,7.0,1270.0,113.0,1
15.0,1019.0,253.0,154.0,3.0,385.0,75.0,1
12.0,6304.0,79.0,28.0,5.0,919.0,86.0,1
13.0,625.0,78.0,208.0,7.0,1001.0,132.0,1
0.0,4273.0,121.0,16.0,7.0,515.0,84.0,1
14.0,986.0,104.0,78.0,5.0,420.0,145.0,1
13.0,489.0,71.0,208.0,5.0,489.0,83.0,1
5.0,2716.0,71.0,159.0,3.0,1140.0,120.0,1
10.0,2749.0,80.0,76.0,6.0,545.0,135.0,1
16.0,2423.0,27.0,135.0,4.0,990.0,114.0,1
4.0,1686.0,264.0,96.0,3.0,1275.0,290.0,1
1.0,1091.0,268.0,80.0,5.0,795.0,115.0,1
3.0,1254.0,134.0,35.0,6.0,980.0,90.0,1
16.0,2442.0,135.0,158.0,5.0,945.0,54.0,1
7.0,623.0,79.0,85.0,5.0,650.0,164.0,1
5.0,1937.0,45.0,85.0,4.0,370.0,100.0,1
16.0,2579.0,135.0,244.0,4.0,480.0,59.0,1
15.0,1423.0,141.0,45.0,5.0,1040.0,70.0,1
12.0,6945.0,204.0,79.0,1.0,1019.0,99.0,1
5.0,2170.0,244.0,16.0,7.0,729.0,131.0,1
16.0,3007.0,134.0,135.0,6.0,740.0,204.0,1
14.0,202.0,153.0,217.0,5.0,400.0,74.0,1
8.0,1454.0,130.0,213.0,3.0,793.0,174.0,1
5.0,1279.0,177.0,153.0,1.0,840.0,226.0,1
1.0,2066.0,80.0,244.0,7.0,1190.0,65.0,1
10.0,4420.0,35.0,159.0,7.0,360.0,80.0,1
1.0,1772.0,183.0,148.0,3.0,845.0,170.0,1
16.0,5919.0,134.0,47.0,7.0,491.0,85.0,1
14.0,192.0,173.0,217.0,7.0,1040.0,288.0,1
1.0,889.0,183.0,208.0,1.0,910.0,205.0,1
16.0,5927.0,136.0,208.0,1.0,435.0,110.0,1
15.0,1221.0,216.0,221.0,1.0,1040.0,75.0,1
9.0,122.0,128.0,143.0,6.0,462.0,50.0,1
1.0,593.0,208.0,217.0,3.0,965.0,235.0,1
14.0,2040.0,78.0,35.0,4.0,990.0,91.0,1
13.0,816.0,43.0,208.0,7.0,450.0,116.0,1
10.0,4647.0,233.0,159.0,4.0,700.0,95.0,1
1.0,1273.0,177.0,80.0,1.0,415.0,100.0,1
5.0,2395.0,213.0,159.0,4.0,684.0,176.0,1
15.0,1922.0,221.0,175.0,6.0,625.0,100.0,1
6.0,5084.0,85.0,17.0,6.0,545.0,97.0,1
10.0,2918.0,80.0,129.0,5.0,1365.0,60.0,1
5.0,2718.0,173.0,16.0,7.0,1110.0,100.0,1
2.0,153.0,206.0,14.0,3.0,1267.0,88.0,1
15.0,109.0,79.0,252.0,5.0,515.0,185.0,1
4.0,183.0,35.0,135.0,4.0,1130.0,265.0,1
5.0,1454.0,154.0,16.0,4.0,1005.0,251.0,1
10.0,2859.0,101.0,80.0,4.0,950.0,190.0,1
15.0,1414.0,75.0,198.0,3.0,580.0,75.0,1
5.0,2369.0,16.0,173.0,3.0,780.0,87.0,1
15.0,2038.0,175.0,61.0,7.0,805.0,65.0,1
15.0,2961.0,79.0,214.0,7.0,1195.0,180.0,1
16.0,5973.0,152.0,208.0,4.0,340.0,71.0,1
5.0,2280.0,268.0,16.0,7.0,360.0,110.0,1
0.0,4154.0,85.0,26.0,3.0,1295.0,126.0,1
5.0,2471.0,261.0,217.0,3.0,1200.0,100.0,1
9.0,204.0,161.0,128.0,6.0,820.0,32.0,1
15.0,2027.0,217.0,129.0,4.0,490.0,145.0,1
4.0,519.0,277.0,96.0,5.0,799.0,160.0,1
14.0,758.0,208.0,216.0,6.0,710.0,115.0,1
15.0,1224.0,277.0,221.0,3.0,1200.0,140.0,1
12.0,6621.0,111.0,79.0,4.0,691.0,134.0,1
1.0,620.0,91.0,80.0,3.0,640.0,105.0,1
12.0,7008.0,214.0,154.0,5.0,653.0,138.0,1
6.0,5111.0,16.0,27.0,7.0,510.0,63.0,1
14.0,287.0,217.0,258.0,5.0,1060.0,117.0,1
8.0,354.0,16.0,159.0,4.0,890.0,130.0,1
12.0,6825.0,261.0,253.0,7.0,1041.0,135.0,1
0.0,4299.0,197.0,76.0,5.0,925.0,112.0,1
15.0,926.0,202.0,153.0,3.0,1060.0,85.0,1
15.0,1717.0,75.0,91.0,5.0,1040.0,110.0,1
3.0,937.0,208.0,160.0,3.0,1055.0,267.0,1
15.0,601.0,258.0,153.0,7.0,1210.0,80.0,1
11.0,6344.0,197.0,204.0,5.0,1305.0,132.0,1
6.0,7067.0,182.0,134.0,5.0,486.0,110.0,1
16.0,2120.0,184.0,135.0,5.0,855.0,170.0,1
10.0,3945.0,208.0,221.0,3.0,1240.0,90.0,1
8.0,155.0,139.0,45.0,3.0,360.0,105.0,1
4.0,172.0,128.0,154.0,6.0,890.0,335.0,1
10.0,3796.0,135.0,208.0,6.0,665.0,155.0,1
12.0,6667.0,253.0,172.0,5.0,660.0,199.0,1
0.0,4262.0,250.0,85.0,4.0,1020.0,84.0,1
13.0,483.0,208.0,214.0,5.0,1230.0,275.0,1
15.0,9.0,75.0,129.0,7.0,540.0,60.0,1
9.0,138.0,128.0,150.0,7.0,687.0,43.0,1
8.0,937.0,147.0,16.0,4.0,1212.0,76.0,1
15.0,1255.0,2.0,217.0,4.0,815.0,75.0,1
15.0,2175.0,198.0,154.0,5.0,775.0,260.0,1
12.0,6962.0,208.0,135.0,5.0,1260.0,161.0,1
6.0,5106.0,138.0,16.0,7.0,988.0,96.0,1
14.0,1831.0,80.0,60.0,4.0,425.0,147.0,1
3.0,264.0,160.0,262.0,3.0,1025.0,81.0,1
14.0,1924.0,60.0,45.0,3.0,700.0,85.0,1
6.0,5299.0,16.0,91.0,5.0,683.0,209.0,1
13.0,276.0,253.0,252.0,1.0,375.0,122.0,1
15.0,354.0,202.0,79.0,4.0,610.0,145.0,1
5.0,680.0,16.0,96.0,6.0,515.0,136.0,1
1.0,1367.0,132.0,80.0,3.0,1025.0,130.0,1
6.0,5576.0,121.0,16.0,1.0,910.0,70.0,1
5.0,2020.0,154.0,177.0,6.0,743.0,221.0,1
15.0,1370.0,184.0,172.0,5.0,690.0,95.0,1
10.0,4242.0,58.0,148.0,7.0,775.0,105.0,1
11.0,6283.0,85.0,71.0,5.0,935.0,79.0,1
10.0,4153.0,20.0,208.0,7.0,830.0,135.0,1
13.0,121.0,22.0,208.0,4.0,670.0,161.0,1
15.0,3144.0,2.0,214.0,3.0,1180.0,190.0,1
15.0,2004.0,45.0,175.0,7.0,645.0,130.0,1
5.0,1209.0,35.0,261.0,3.0,390.0,342.0,1
12.0,6459.0,80.0,79.0,4.0,1179.0,122.0,1
5.0,1554.0,154.0,16.0,3.0,860.0,261.0,1
13.0,927.0,253.0,154.0,6.0,1348.0,85.0,1
4.0,3.0,154.0,128.0,3.0,590.0,345.0,1
13.0,112.0,79.0,277.0,6.0,609.0,205.0,1
12.0,6837.0,83.0,79.0,5.0,588.0,62.0,1
5.0,2271.0,148.0,85.0,3.0,1105.0,140.0,1
2.0,315.0,253.0,252.0,3.0,420.0,124.0,1
14.0,915.0,45.0,60.0,5.0,1195.0,97.0,1
17.0,7291.0,159.0,134.0,3.0,550.0,83.0,1
8.0,817.0,45.0,35.0,6.0,1285.0,80.0,1
14.0,912.0,60.0,45.0,6.0,1205.0,83.0,1
16.0,3056.0,135.0,288.0,6.0,795.0,83.0,1
16.0,2769.0,135.0,91.0,1.0,826.0,118.0,1
1.0,1654.0,80.0,264.0,3.0,980.0,200.0,1
0.0,4146.0,148.0,273.0,1.0,780.0,89.0,1
12.0,7034.0,253.0,214.0,7.0,772.0,107.0,1
1.0,848.0,80.0,16.0,3.0,1070.0,130.0,1
15.0,3669.0,153.0,44.0,7.0,1185.0,65.0,1
10.0,3007.0,246.0,154.0,6.0,390.0,45.0,1
10.0,3739.0,208.0,96.0,1.0,680.0,130.0,1
6.0,5505.0,121.0,16.0,4.0,840.0,77.0,1
5.0,1793.0,148.0,85.0,6.0,855.0,138.0,1
4.0,1079.0,135.0,244.0,6.0,860.0,55.0,1
17.0,2903.0,246.0,217.0,5.0,385.0,91.0,1
10.0,4426.0,85.0,159.0,3.0,1040.0,110.0,1
5.0,681.0,16.0,245.0,6.0,893.0,67.0,1
2.0,689.0,18.0,258.0,4.0,480.0,236.0,1
5.0,1326.0,233.0,16.0,7.0,1035.0,95.0,1
3.0,748.0,260.0,173.0,7.0,1121.0,182.0,1
5.0,2175.0,197.0,80.0,4.0,865.0,150.0,1
16.0,2366.0,71.0,96.0,1.0,795.0,123.0,1
10.0,4527.0,78.0,233.0,1.0,990.0,65.0,1
4.0,1434.0,217.0,96.0,1.0,720.0,276.0,1
10.0,4155.0,208.0,85.0,7.0,775.0,80.0,1
11.0,6424.0,80.0,177.0,4.0,990.0,92.0,1
14.0,1454.0,198.0,216.0,5.0,900.0,166.0,1
15.0,1124.0,268.0,85.0,3.0,1080.0,90.0,1
1.0,634.0,241.0,208.0,4.0,410.0,190.0,1
8.0,200.0,48.0,16.0,6.0,360.0,120.0,1
12.0,6534.0,79.0,137.0,5.0,686.0,100.0,1
5.0,2547.0,159.0,16.0,3.0,1020.0,164.0,1
15.0,3408.0,44.0,262.0,5.0,965.0,80.0,1
12.0,4699.0,197.0,230.0,7.0,690.0,96.0,1
8.0,183.0,78.0,16.0,1.0,390.0,110.0,1
15.0,1949.0,277.0,27.0,1.0,480.0,85.0,1
0.0,3734.0,135.0,16.0,4.0,835.0,125.0,1
17.0,2720.0,200.0,60.0,3.0,1201.0,74.0,1
8.0,229.0,183.0,45.0,6.0,767.0,145.0,1
13.0,418.0,243.0,79.0,3.0,492.0,148.0,1
15.0,1532.0,146.0,45.0,5.0,865.0,130.0,1
0.0,4230.0,85.0,25.0,3.0,630.0,85.0,1
15.0,1712.0,111.0,252.0,6.0,685.0,65.0,1
3.0,498.0,252.0,35.0,4.0,1409.0,303.0,1
8.0,695.0,267.0,16.0,1.0,1061.0,98.0,1
12.0,4542.0,261.0,137.0,4.0,1185.0,57.0,1
10.0,4064.0,208.0,58.0,4.0,815.0,80.0,1
16.0,2638.0,96.0,182.0,4.0,680.0,67.0,1
6.0,7316.0,177.0,135.0,6.0,825.0,103.0,1
5.0,1585.0,159.0,173.0,7.0,980.0,177.0,1
13.0,60.0,150.0,154.0,7.0,807.0,324.0,1
3.0,915.0,148.0,208.0,3.0,821.0,159.0,1
0.0,4139.0,29.0,197.0,1.0,1018.0,82.0,1
4.0,555.0,58.0,253.0,1.0,535.0,324.0,1
11.0,6610.0,159.0,172.0,1.0,445.0,210.0,1
15.0,1581.0,91.0,154.0,7.0,590.0,130.0,1
12.0,6578.0,79.0,29.0,3.0,842.0,94.0,1
12.0,6573.0,79.0,126.0,7.0,689.0,52.0,1
5.0,1254.0,16.0,209.0,1.0,580.0,108.0,1
2.0,62.0,14.0,149.0,6.0,485.0,101.0,1
0.0,3930.0,197.0,21.0,4.0,1160.0,87.0,1
0.0,3798.0,85.0,0.0,5.0,630.0,92.0,1
14.0,2165.0,159.0,78.0,6.0,480.0,72.0,1
4.0,1694.0,154.0,135.0,4.0,1100.0,184.0,1
5.0,1376.0,159.0,35.0,5.0,570.0,74.0,1
6.0,5172.0,85.0,204.0,3.0,1185.0,160.0,1
13.0,231.0,134.0,243.0,4.0,766.0,343.0,1
1.0,459.0,78.0,80.0,4.0,670.0,215.0,1
1.0,1334.0,260.0,35.0,4.0,880.0,245.0,1
5.0,1966.0,16.0,61.0,3.0,765.0,90.0,1
17.0,2862.0,103.0,217.0,5.0,1075.0,63.0,1
5.0,2964.0,85.0,60.0,5.0,615.0,115.0,1
3.0,305.0,134.0,104.0,5.0,469.0,156.0,1
14.0,2033.0,35.0,78.0,1.0,720.0,92.0,1
3.0,346.0,267.0,148.0,5.0,705.0,159.0,1
12.0,7776.0,261.0,235.0,6.0,820.0,59.0,1
5.0,1769.0,16.0,173.0,6.0,420.0,82.0,1
1.0,630.0,173.0,148.0,7.0,720.0,150.0,1
15.0,3946.0,252.0,217.0,3.0,535.0,170.0,1
13.0,225.0,22.0,134.0,4.0,1157.0,93.0,1
6.0,5280.0,290.0,177.0,7.0,1010.0,68.0,1
12.0,6481.0,79.0,136.0,3.0,1301.0,77.0,1
15.0,1466.0,277.0,213.0,4.0,1220.0,50.0,1
16.0,5916.0,172.0,208.0,6.0,457.0,90.0,1
10.0,3612.0,27.0,183.0,6.0,370.0,115.0,1
6.0,4944.0,48.0,85.0,5.0,815.0,70.0,1
1.0,662.0,80.0,85.0,4.0,1180.0,155.0,1
6.0,5554.0,223.0,16.0,6.0,709.0,70.0,1
16.0,2483.0,158.0,135.0,7.0,1030.0,70.0,1
8.0,782.0,215.0,173.0,7.0,596.0,120.0,1
1.0,312.0,80.0,241.0,3.0,890.0,145.0,1
3.0,417.0,35.0,213.0,7.0,1245.0,191.0,1
5.0,1679.0,71.0,253.0,1.0,560.0,317.0,1
15.0,1178.0,268.0,35.0,4.0,555.0,155.0,1
10.0,3886.0,208.0,197.0,1.0,805.0,85.0,1
16.0,2485.0,209.0,135.0,1.0,360.0,201.0,1
12.0,4763.0,261.0,227.0,7.0,1290.0,98.0,1
6.0,7369.0,256.0,177.0,4.0,695.0,68.0,1
1.0,419.0,35.0,80.0,1.0,385.0,270.0,1
15.0,39.0,129.0,87.0,4.0,1045.0,90.0,1
5.0,2806.0,253.0,197.0,1.0,360.0,222.0,1
8.0,192.0,16.0,78.0,5.0,995.0,101.0,1
15.0,672.0,153.0,217.0,4.0,1190.0,65.0,1
2.0,530.0,252.0,207.0,6.0,430.0,147.0,1
5.0,1094.0,16.0,197.0,6.0,1135.0,165.0,1
15.0,668.0,175.0,18.0,1.0,920.0,170.0,1
6.0,5451.0,16.0,288.0,5.0,988.0,77.0,1
14.0,798.0,173.0,216.0,3.0,1020.0,148.0,1
1.0,459.0,78.0,80.0,3.0,670.0,215.0,1
4.0,1766.0,252.0,135.0,7.0,695.0,246.0,1
14.0,2188.0,78.0,159.0,7.0,1260.0,69.0,1
15.0,595.0,175.0,251.0,5.0,985.0,65.0,1
17.0,1055.0,203.0,128.0,1.0,845.0,32.0,1
12.0,6257.0,279.0,79.0,5.0,733.0,106.0,1
15.0,380.0,175.0,146.0,4.0,950.0,125.0,1
15.0,3414.0,202.0,264.0,7.0,1060.0,80.0,1
7.0,450.0,184.0,159.0,3.0,844.0,135.0,1
16.0,2826.0,135.0,75.0,5.0,690.0,61.0,1
3.0,745.0,173.0,260.0,4.0,855.0,159.0,1
17.0,2661.0,60.0,18.0,6.0,1220.0,188.0,1
15.0,568.0,217.0,154.0,5.0,590.0,90.0,1
6.0,5109.0,41.0,16.0,4.0,490.0,98.0,1
6.0,5195.0,16.0,167.0,3.0,650.0,86.0,1
15.0,1083.0,217.0,153.0,1.0,735.0,65.0,1
6.0,5593.0,16.0,136.0,3.0,1155.0,146.0,1
10.0,2944.0,170.0,80.0,3.0,1105.0,70.0,1
12.0,7043.0,65.0,79.0,7.0,968.0,40.0,1
15.0,681.0,45.0,33.0,7.0,1110.0,125.0,1
10.0,2837.0,80.0,239.0,6.0,580.0,85.0,1
1.0,181.0,148.0,154.0,1.0,1005.0,395.0,1
14.0,9.0,252.0,217.0,5.0,875.0,167.0,1
0.0,3792.0,290.0,85.0,5.0,585.0,136.0,1
0.0,3700.0,54.0,159.0,4.0,1120.0,140.0,1
16.0,5995.0,29.0,208.0,5.0,879.0,124.0,1
1.0,1355.0,35.0,80.0,1.0,440.0,270.0,1
4.0,212.0,135.0,260.0,6.0,606.0,263.0,1
0.0,4314.0,71.0,247.0,6.0,980.0,59.0,1
2.0,650.0,214.0,217.0,5.0,830.0,154.0,1
5.0,1458.0,241.0,16.0,3.0,809.0,110.0,1
12.0,4687.0,137.0,261.0,5.0,410.0,56.0,1
1.0,719.0,183.0,277.0,7.0,1080.0,60.0,1
1.0,133.0,148.0,154.0,6.0,930.0,390.0,1
4.0,702.0,96.0,253.0,7.0,955.0,381.0,1
5.0,735.0,261.0,214.0,3.0,905.0,115.0,1
2.0,61.0,50.0,14.0,1.0,813.0,47.0,1
14.0,1105.0,60.0,80.0,6.0,1090.0,182.0,1
16.0,3126.0,155.0,135.0,4.0,460.0,95.0,1
5.0,2043.0,96.0,16.0,3.0,435.0,161.0,1
15.0,2074.0,217.0,129.0,6.0,450.0,145.0,1
1.0,1165.0,216.0,80.0,7.0,905.0,235.0,1
12.0,7011.0,263.0,154.0,1.0,390.0,57.0,1
12.0,6558.0,236.0,79.0,5.0,365.0,129.0,1
15.0,961.0,205.0,217.0,3.0,435.0,180.0,1
5.0,2168.0,154.0,197.0,1.0,725.0,225.0,1
6.0,5073.0,157.0,16.0,6.0,435.0,91.0,1
15.0,2459.0,153.0,262.0,1.0,540.0,90.0,1
14.0,1888.0,216.0,35.0,7.0,1155.0,85.0,1
14.0,122.0,14.0,217.0,3.0,113.0,327.0,1
12.0,6415.0,154.0,248.0,6.0,1355.0,54.0,1
17.0,2718.0,194.0,217.0,5.0,360.0,145.0,1
1.0,1954.0,154.0,253.0,3.0,890.0,80.0,1
16.0,5916.0,208.0,48.0,7.0,1273.0,70.0,1
2.0,459.0,154.0,252.0,7.0,750.0,157.0,1
3.0,579.0,130.0,213.0,5.0,650.0,170.0,1
1.0,1762.0,183.0,16.0,1.0,935.0,125.0,1
5.0,2016.0,79.0,16.0,5.0,960.0,173.0,1
7.0,728.0,79.0,78.0,5.0,450.0,196.0,1
6.0,7301.0,16.0,116.0,4.0,777.0,81.0,1
16.0,5946.0,208.0,251.0,6.0,647.0,73.0,1
6.0,5334.0,4.0,16.0,4.0,665.0,60.0,1
15.0,126.0,79.0,18.0,1.0,630.0,125.0,1
15.0,188.0,104.0,217.0,4.0,975.0,315.0,1
14.0,62.0,60.0,35.0,7.0,795.0,125.0,1
1.0,1847.0,80.0,79.0,3.0,685.0,125.0,1
14.0,1061.0,216.0,104.0,6.0,595.0,176.0,1
0.0,3840.0,21.0,85.0,5.0,920.0,60.0,1
2.0,37.0,197.0,252.0,5.0,795.0,220.0,1
14.0,1886.0,216.0,35.0,3.0,1035.0,79.0,1
14.0,567.0,154.0,217.0,4.0,390.0,80.0,1
1.0,1237.0,217.0,80.0,7.0,485.0,135.0,1
14.0,1787.0,60.0,198.0,3.0,875.0,124.0,1
1.0,1501.0,80.0,2.0,4.0,1155.0,110.0,1
17.0,2689.0,138.0,60.0,6.0,965.0,68.0,1
15.0,1413.0,217.0,2.0,5.0,1010.0,65.0,1
0.0,3927.0,177.0,84.0,4.0,1165.0,104.0,1
4.0,1437.0,277.0,135.0,6.0,405.0,140.0,1
10.0,3836.0,208.0,216.0,3.0,575.0,120.0,1
12.0,6411.0,154.0,248.0,5.0,781.0,61.0,1
15.0,1669.0,2.0,217.0,5.0,490.0,75.0,1
15.0,514.0,175.0,153.0,3.0,620.0,245.0,1
6.0,5257.0,22.0,78.0,4.0,360.0,84.0,1
4.0,1179.0,96.0,208.0,3.0,395.0,149.0,1
3.0,746.0,260.0,173.0,3.0,980.0,187.0,1
5.0,1662.0,197.0,119.0,3.0,875.0,80.0,1
5.0,2843.0,96.0,16.0,1.0,1080.0,157.0,1
2.0,459.0,154.0,252.0,6.0,750.0,157.0,1
5.0,1802.0,264.0,16.0,1.0,405.0,264.0,1
16.0,2843.0,78.0,58.0,1.0,880.0,70.0,1
15.0,2746.0,243.0,153.0,7.0,650.0,70.0,1
4.0,497.0,135.0,153.0,4.0,555.0,202.0,1
16.0,2958.0,58.0,182.0,6.0,1090.0,85.0,1
14.0,1732.0,60.0,78.0,5.0,450.0,73.0,1
4.0,1033.0,159.0,135.0,7.0,630.0,243.0,1
15.0,894.0,45.0,182.0,4.0,935.0,75.0,1
15.0,694.0,2.0,175.0,7.0,715.0,160.0,1
16.0,5918.0,208.0,152.0,4.0,1200.0,56.0,1
2.0,244.0,252.0,154.0,7.0,420.0,155.0,1
5.0,577.0,148.0,260.0,1.0,495.0,244.0,1
0.0,4079.0,254.0,177.0,4.0,695.0,68.0,1
10.0,2706.0,119.0,80.0,4.0,760.0,170.0,1
12.0,4751.0,34.0,261.0,5.0,1175.0,73.0,1
9.0,257.0,150.0,128.0,5.0,810.0,42.0,1
1.0,533.0,80.0,243.0,5.0,1330.0,190.0,1
13.0,146.0,208.0,233.0,7.0,1132.0,116.0,1
15.0,770.0,91.0,217.0,3.0,805.0,75.0,1
6.0,5451.0,16.0,288.0,3.0,988.0,77.0,1
10.0,3681.0,120.0,183.0,1.0,825.0,130.0,1
14.0,1785.0,33.0,60.0,6.0,475.0,75.0,1
14.0,1878.0,216.0,35.0,7.0,975.0,85.0,1
17.0,2868.0,292.0,217.0,1.0,966.0,66.0,1
5.0,201.0,16.0,173.0,7.0,480.0,86.0,1
15.0,1118.0,91.0,154.0,3.0,1135.0,130.0,1
15.0,425.0,173.0,216.0,3.0,1015.0,150.0,1
9.0,16.0,128.0,243.0,3.0,790.0,325.0,1
12.0,6274.0,130.0,208.0,5.0,1174.0,156.0,1
0.0,4327.0,106.0,197.0,4.0,410.0,105.0,1
1.0,1238.0,252.0,208.0,6.0,525.0,235.0,1
2.0,29.0,208.0,252.0,3.0,1185.0,275.0,1
7.0,791.0,79.0,214.0,4.0,503.0,169.0,1
10.0,3450.0,290.0,80.0,7.0,360.0,70.0,1
15.0,1268.0,153.0,243.0,1.0,790.0,65.0,1
16.0,2927.0,78.0,58.0,4.0,385.0,72.0,1
9.0,15.0,243.0,128.0,3.0,550.0,365.0,1
11.0,6286.0,159.0,71.0,1.0,629.0,145.0,1
6.0,5229.0,135.0,177.0,1.0,980.0,99.0,1
12.0,4801.0,135.0,261.0,5.0,850.0,195.0,1
13.0,345.0,208.0,198.0,4.0,582.0,146.0,1
2.0,17.0,183.0,252.0,1.0,495.0,400.0,1
5.0,348.0,172.0,16.0,7.0,668.0,122.0,1
5.0,2375.0,261.0,253.0,6.0,673.0,124.0,1
5.0,2152.0,147.0,16.0,3.0,1080.0,89.0,1
15.0,978.0,253.0,264.0,7.0,1000.0,80.0,1
14.0,1920.0,241.0,216.0,1.0,480.0,155.0,1
14.0,1732.0,60.0,78.0,1.0,450.0,73.0,1
10.0,4058.0,208.0,85.0,6.0,1050.0,85.0,1
1.0,1275.0,251.0,80.0,1.0,950.0,145.0,1
8.0,1585.0,30.0,16.0,5.0,1060.0,94.0,1
2.0,67.0,149.0,14.0,6.0,1210.0,106.0,1
16.0,2575.0,197.0,135.0,7.0,1000.0,177.0,1
17.0,2608.0,60.0,43.0,6.0,564.0,102.0,1
15.0,1615.0,153.0,175.0,1.0,785.0,215.0,1
6.0,7112.0,148.0,134.0,4.0,862.0,92.0,1
10.0,3339.0,80.0,10.0,6.0,920.0,65.0,1
10.0,2836.0,162.0,80.0,4.0,1205.0,75.0,1
5.0,2005.0,71.0,261.0,7.0,1140.0,237.0,1
10.0,3073.0,154.0,243.0,7.0,1120.0,45.0,1
1.0,1508.0,264.0,80.0,5.0,1110.0,160.0,1
15.0,3425.0,261.0,217.0,5.0,775.0,95.0,1
1.0,1747.0,80.0,258.0,5.0,1045.0,230.0,1
15.0,3833.0,75.0,279.0,1.0,965.0,55.0,1
14.0,1773.0,216.0,153.0,4.0,1085.0,338.0,1
13.0,90.0,154.0,253.0,7.0,372.0,88.0,1
10.0,4406.0,148.0,233.0,7.0,480.0,110.0,1
7.0,531.0,79.0,175.0,3.0,700.0,135.0,1
1.0,658.0,80.0,76.0,6.0,1145.0,130.0,1
10.0,3853.0,16.0,208.0,4.0,360.0,115.0,1
6.0,5512.0,27.0,16.0,1.0,600.0,57.0,1
15.0,1043.0,58.0,45.0,5.0,955.0,75.0,1
4.0,1172.0,96.0,35.0,7.0,870.0,70.0,1
5.0,1135.0,233.0,16.0,3.0,1185.0,95.0,1
16.0,2466.0,170.0,135.0,5.0,1110.0,84.0,1
16.0,2979.0,172.0,135.0,4.0,768.0,124.0,1
5.0,2372.0,277.0,16.0,1.0,989.0,95.0,1
16.0,2082.0,135.0,2.0,6.0,685.0,128.0,1
15.0,167.0,13.0,75.0,5.0,985.0,65.0,1
15.0,3504.0,198.0,75.0,7.0,570.0,90.0,1
5.0,1810.0,80.0,16.0,4.0,1095.0,128.0,1
9.0,341.0,143.0,128.0,5.0,577.0,49.0,1
4.0,89.0,135.0,96.0,1.0,360.0,200.0,1
5.0,2202.0,153.0,16.0,1.0,896.0,232.0,1
12.0,6929.0,79.0,83.0,4.0,1173.0,64.0,1
16.0,5937.0,208.0,218.0,1.0,494.0,49.0,1
12.0,7019.0,179.0,214.0,4.0,1012.0,62.0,1
15.0,831.0,175.0,244.0,5.0,485.0,185.0,1
16.0,2706.0,2.0,135.0,1.0,525.0,114.0,1
3.0,585.0,130.0,104.0,4.0,705.0,179.0,1
5.0,114.0,197.0,16.0,1.0,690.0,158.0,1
0.0,3746.0,27.0,85.0,3.0,670.0,130.0,1
2.0,873.0,203.0,14.0,1.0,980.0,353.0,1
15.0,2557.0,268.0,175.0,4.0,365.0,65.0,1
15.0,2056.0,217.0,264.0,6.0,1085.0,75.0,1
1.0,563.0,290.0,80.0,7.0,930.0,75.0,1
16.0,2157.0,96.0,147.0,6.0,745.0,145.0,1
5.0,2904.0,154.0,277.0,4.0,630.0,272.0,1
6.0,4946.0,4.0,16.0,7.0,405.0,55.0,1
15.0,1023.0,202.0,2.0,5.0,505.0,135.0,1
14.0,308.0,16.0,60.0,3.0,430.0,75.0,1
15.0,993.0,79.0,134.0,7.0,1075.0,185.0,1
15.0,1566.0,45.0,18.0,7.0,510.0,235.0,1
6.0,5104.0,16.0,32.0,1.0,645.0,104.0,1
1.0,1410.0,80.0,279.0,7.0,1340.0,55.0,1
11.0,6262.0,205.0,85.0,3.0,355.0,137.0,1
15.0,359.0,280.0,153.0,1.0,1005.0,80.0,1
0.0,3934.0,177.0,221.0,4.0,505.0,120.0,1
0.0,3664.0,171.0,85.0,5.0,915.0,62.0,1
1.0,555.0,80.0,244.0,1.0,590.0,70.0,1
12.0,4840.0,28.0,261.0,3.0,385.0,80.0,1
2.0,61.0,252.0,149.0,4.0,470.0,156.0,1
12.0,4699.0,195.0,197.0,4.0,540.0,66.0,1
0.0,4031.0,177.0,155.0,4.0,555.0,122.0,1
5.0,734.0,172.0,16.0,7.0,350.0,129.0,1
15.0,1579.0,205.0,217.0,6.0,540.0,180.0,1
5.0,2444.0,71.0,35.0,4.0,1135.0,124.0,1
10.0,2942.0,80.0,62.0,7.0,1130.0,115.0,1
13.0,485.0,79.0,262.0,3.0,1305.0,157.0,1
8.0,868.0,197.0,16.0,1.0,420.0,156.0,1
11.0,6548.0,148.0,221.0,4.0,885.0,108.0,1
12.0,4485.0,99.0,197.0,6.0,1020.0,66.0,1
10.0,3060.0,154.0,100.0,3.0,840.0,60.0,1
15.0,1232.0,202.0,154.0,6.0,965.0,75.0,1
4.0,726.0,207.0,135.0,7.0,737.0,181.0,1
5.0,1235.0,261.0,34.0,5.0,680.0,71.0,1
10.0,3645.0,183.0,177.0,4.0,680.0,155.0,1
17.0,7240.0,208.0,76.0,7.0,785.0,67.0,1
11.0,6742.0,85.0,251.0,4.0,720.0,89.0,1
12.0,6353.0,79.0,235.0,4.0,1285.0,75.0,1
15.0,1425.0,153.0,58.0,5.0,575.0,245.0,1
1.0,717.0,159.0,80.0,5.0,485.0,250.0,1
16.0,5920.0,208.0,58.0,1.0,1031.0,76.0,1
15.0,2276.0,153.0,261.0,1.0,400.0,80.0,1
15.0,250.0,104.0,173.0,4.0,390.0,55.0,1
16.0,2919.0,158.0,135.0,5.0,345.0,58.0,1
12.0,6930.0,208.0,285.0,4.0,360.0,87.0,1
5.0,1459.0,71.0,79.0,5.0,560.0,197.0,1
10.0,3956.0,56.0,208.0,4.0,515.0,65.0,1
5.0,9.0,16.0,277.0,5.0,1230.0,91.0,1
15.0,2610.0,258.0,243.0,1.0,920.0,75.0,1
14.0,31.0,203.0,217.0,4.0,1410.0,344.0,1
15.0,2316.0,104.0,141.0,6.0,920.0,170.0,1
8.0,822.0,35.0,45.0,4.0,1240.0,92.0,1
16.0,2105.0,119.0,58.0,7.0,1003.0,57.0,1
0.0,3711.0,229.0,85.0,6.0,741.0,142.0,1
15.0,3773.0,217.0,277.0,3.0,630.0,235.0,1
15.0,2254.0,79.0,175.0,5.0,1235.0,130.0,1
15.0,464.0,228.0,216.0,3.0,460.0,85.0,1
11.0,6692.0,135.0,148.0,7.0,485.0,214.0,1
15.0,1380.0,173.0,241.0,6.0,600.0,50.0,1
1.0,133.0,148.0,154.0,5.0,930.0,390.0,1
13.0,579.0,84.0,79.0,1.0,492.0,123.0,1
10.0,2955.0,80.0,170.0,3.0,590.0,75.0,1
9.0,175.0,203.0,128.0,1.0,545.0,34.0,1
13.0,58.0,208.0,253.0,5.0,604.0,291.0,1
4.0,1554.0,96.0,213.0,5.0,460.0,178.0,1
16.0,2038.0,96.0,195.0,7.0,839.0,154.0,1
8.0,162.0,260.0,16.0,4.0,865.0,249.0,1
15.0,3071.0,44.0,153.0,5.0,650.0,60.0,1
4.0,706.0,135.0,277.0,1.0,475.0,120.0,1
4.0,485.0,214.0,96.0,3.0,460.0,307.0,1
16.0,2209.0,121.0,135.0,4.0,1125.0,154.0,1
8.0,407.0,139.0,16.0,7.0,848.0,96.0,1
15.0,1055.0,216.0,182.0,4.0,900.0,75.0,1
13.0,484.0,243.0,79.0,7.0,380.0,146.0,1
15.0,2007.0,197.0,175.0,7.0,1180.0,90.0,1
5.0,1467.0,16.0,243.0,4.0,988.0,293.0,1
10.0,4189.0,208.0,132.0,5.0,1160.0,105.0,1
13.0,484.0,79.0,78.0,5.0,653.0,195.0,1
16.0,2787.0,290.0,135.0,7.0,734.0,99.0,1
16.0,2094.0,85.0,96.0,5.0,385.0,97.0,1
5.0,2486.0,16.0,159.0,1.0,940.0,134.0,1
6.0,5144.0,16.0,48.0,6.0,975.0,100.0,1
14.0,903.0,208.0,60.0,4.0,850.0,112.0,1
1.0,1356.0,198.0,80.0,7.0,490.0,105.0,1
15.0,1079.0,75.0,244.0,3.0,1035.0,65.0,1
5.0,9.0,16.0,277.0,6.0,1230.0,91.0,1
6.0,7302.0,132.0,177.0,3.0,1020.0,62.0,1
13.0,316.0,264.0,79.0,1.0,480.0,152.0,1
12.0,4885.0,261.0,279.0,5.0,1205.0,143.0,1
14.0,1249.0,60.0,147.0,6.0,480.0,82.0,1
15.0,1043.0,45.0,22.0,3.0,1060.0,65.0,1
14.0,1613.0,96.0,60.0,4.0,390.0,124.0,1
8.0,1240.0,173.0,19.0,4.0,735.0,88.0,1
8.0,72.0,104.0,16.0,5.0,455.0,113.0,1
1.0,1481.0,204.0,80.0,6.0,835.0,60.0,1
1.0,1918.0,277.0,208.0,5.0,950.0,170.0,1
5.0,2222.0,16.0,60.0,6.0,505.0,86.0,1
3.0,1149.0,229.0,173.0,5.0,1000.0,196.0,1
16.0,2208.0,172.0,96.0,7.0,380.0,154.0,1
16.0,2148.0,33.0,96.0,1.0,725.0,129.0,1
13.0,241.0,208.0,252.0,4.0,717.0,275.0,1
4.0,1045.0,58.0,135.0,3.0,360.0,190.0,1
2.0,517.0,264.0,252.0,3.0,480.0,173.0,1
4.0,6.0,135.0,244.0,3.0,965.0,60.0,1
14.0,1453.0,60.0,198.0,4.0,795.0,123.0,1
12.0,6658.0,253.0,214.0,7.0,1354.0,101.0,1
14.0,1773.0,216.0,153.0,1.0,1085.0,338.0,1
5.0,2118.0,173.0,16.0,7.0,630.0,89.0,1
6.0,5574.0,48.0,16.0,5.0,792.0,116.0,1
15.0,641.0,216.0,104.0,4.0,1155.0,180.0,1
15.0,172.0,217.0,61.0,7.0,670.0,220.0,1
16.0,2427.0,135.0,155.0,4.0,860.0,90.0,1
15.0,1092.0,268.0,129.0,5.0,475.0,135.0,1
15.0,2442.0,18.0,154.0,3.0,480.0,205.0,1
6.0,5063.0,16.0,205.0,7.0,951.0,150.0,1
12.0,4623.0,262.0,261.0,7.0,615.0,98.0,1
5.0,2912.0,16.0,208.0,5.0,1041.0,134.0,1
1.0,254.0,203.0,154.0,4.0,840.0,305.0,1
0.0,4162.0,109.0,85.0,3.0,915.0,62.0,1
10.0,4199.0,94.0,208.0,7.0,375.0,85.0,1
1.0,1650.0,280.0,80.0,4.0,625.0,130.0,1
3.0,504.0,104.0,96.0,1.0,584.0,166.0,1
11.0,6278.0,290.0,71.0,1.0,675.0,111.0,1
4.0,58.0,79.0,135.0,7.0,695.0,137.0,1
13.0,70.0,79.0,134.0,4.0,1170.0,198.0,1
0.0,3689.0,85.0,175.0,3.0,600.0,85.0,1
9.0,301.0,143.0,128.0,3.0,887.0,49.0,1
10.0,3258.0,223.0,80.0,4.0,1060.0,125.0,1
15.0,41.0,75.0,129.0,5.0,990.0,65.0,1
7.0,654.0,253.0,79.0,7.0,654.0,146.0,1
15.0,729.0,153.0,236.0,1.0,445.0,75.0,1
17.0,2703.0,60.0,54.0,7.0,564.0,61.0,1
1.0,775.0,183.0,269.0,7.0,745.0,150.0,1
5.0,2300.0,16.0,35.0,7.0,990.0,154.0,1
5.0,725.0,253.0,261.0,6.0,360.0,113.0,1
15.0,856.0,79.0,253.0,1.0,965.0,165.0,1
5.0,1864.0,197.0,78.0,3.0,785.0,141.0,1
12.0,6444.0,263.0,154.0,5.0,865.0,57.0,1
15.0,367.0,175.0,33.0,4.0,360.0,85.0,1
13.0,680.0,208.0,159.0,3.0,725.0,132.0,1
15.0,1812.0,216.0,35.0,7.0,745.0,80.0,1
10.0,3934.0,208.0,107.0,6.0,1115.0,100.0,1
15.0,1383.0,79.0,139.0,3.0,850.0,140.0,1
8.0,1593.0,116.0,16.0,3.0,1074.0,76.0,1
4.0,1726.0,96.0,243.0,6.0,869.0,347.0,1
12.0,6882.0,79.0,262.0,3.0,922.0,151.0,1
1.0,874.0,154.0,208.0,6.0,725.0,245.0,1
15.0,489.0,221.0,173.0,3.0,785.0,140.0,1
3.0,1329.0,35.0,45.0,3.0,1230.0,87.0,1
2.0,128.0,98.0,252.0,4.0,80.0,206.0,1
15.0,3586.0,228.0,45.0,7.0,860.0,80.0,1
8.0,133.0,16.0,277.0,3.0,525.0,89.0,1
5.0,208.0,183.0,148.0,3.0,730.0,180.0,1
16.0,2454.0,177.0,135.0,1.0,735.0,99.0,1
14.0,1197.0,216.0,217.0,4.0,820.0,316.0,1
12.0,6551.0,18.0,208.0,3.0,1010.0,155.0,1
5.0,269.0,148.0,183.0,1.0,480.0,200.0,1
5.0,1201.0,85.0,261.0,3.0,505.0,251.0,1
1.0,459.0,78.0,80.0,1.0,670.0,215.0,1
15.0,1568.0,268.0,45.0,1.0,995.0,115.0,1
13.0,72.0,253.0,35.0,1.0,953.0,340.0,1
8.0,315.0,60.0,16.0,1.0,635.0,72.0,1
3.0,48.0,148.0,42.0,1.0,660.0,67.0,1
10.0,3937.0,240.0,208.0,3.0,605.0,70.0,1
13.0,304.0,173.0,134.0,1.0,993.0,132.0,1
13.0,356.0,252.0,79.0,7.0,866.0,157.0,1
4.0,559.0,135.0,264.0,7.0,560.0,213.0,1
1.0,494.0,2.0,80.0,5.0,945.0,100.0,1
16.0,2494.0,208.0,96.0,1.0,1065.0,137.0,1
12.0,6249.0,109.0,208.0,6.0,1125.0,63.0,1
10.0,4661.0,159.0,16.0,5.0,1020.0,160.0,1
10.0,3937.0,240.0,208.0,7.0,605.0,70.0,1
5.0,1235.0,261.0,34.0,4.0,680.0,71.0,1
12.0,6647.0,79.0,135.0,3.0,506.0,143.0,1
0.0,3865.0,43.0,85.0,5.0,1040.0,75.0,1
2.0,878.0,203.0,252.0,1.0,545.0,335.0,1
16.0,2354.0,251.0,58.0,5.0,790.0,64.0,1
15.0,425.0,35.0,175.0,5.0,360.0,175.0,1
12.0,4600.0,253.0,261.0,7.0,613.0,117.0,1
15.0,1147.0,154.0,258.0,5.0,395.0,65.0,1
16.0,2797.0,228.0,96.0,6.0,1025.0,75.0,1
9.0,116.0,128.0,203.0,5.0,480.0,37.0,1
1.0,1522.0,253.0,208.0,4.0,1435.0,240.0,1
13.0,620.0,208.0,78.0,1.0,961.0,111.0,1
10.0,3613.0,183.0,27.0,3.0,1170.0,125.0,1
5.0,1823.0,16.0,147.0,5.0,1166.0,79.0,1
14.0,97.0,216.0,221.0,6.0,470.0,81.0,1
1.0,2331.0,208.0,80.0,7.0,820.0,150.0,1
5.0,2227.0,16.0,104.0,7.0,965.0,114.0,1
5.0,2249.0,209.0,197.0,7.0,365.0,195.0,1
12.0,6942.0,65.0,79.0,7.0,739.0,40.0,1
15.0,1202.0,22.0,175.0,5.0,1010.0,160.0,1
10.0,2723.0,13.0,80.0,3.0,895.0,65.0,1
2.0,462.0,252.0,154.0,4.0,720.0,148.0,1
10.0,3220.0,223.0,80.0,1.0,840.0,125.0,1
12.0,6463.0,262.0,154.0,7.0,375.0,95.0,1
8.0,633.0,45.0,76.0,3.0,630.0,90.0,1
5.0,1430.0,184.0,85.0,5.0,840.0,82.0,1
1.0,556.0,243.0,208.0,5.0,725.0,250.0,1
13.0,85.0,79.0,154.0,7.0,921.0,149.0,1
15.0,1999.0,45.0,228.0,3.0,1155.0,70.0,1
8.0,598.0,16.0,238.0,3.0,731.0,124.0,1
16.0,2086.0,162.0,96.0,3.0,400.0,165.0,1
12.0,6864.0,208.0,136.0,5.0,931.0,114.0,1
3.0,586.0,104.0,130.0,5.0,1245.0,167.0,1
15.0,27.0,75.0,129.0,4.0,780.0,60.0,1
12.0,6635.0,55.0,253.0,3.0,888.0,59.0,1
11.0,6272.0,94.0,71.0,4.0,835.0,55.0,1
5.0,2040.0,253.0,148.0,7.0,930.0,329.0,1
4.0,1795.0,135.0,154.0,4.0,1075.0,218.0,1
14.0,113.0,216.0,153.0,4.0,950.0,338.0,1
8.0,1178.0,119.0,241.0,5.0,935.0,164.0,1
15.0,391.0,139.0,172.0,1.0,445.0,100.0,1
0.0,4224.0,85.0,152.0,5.0,935.0,49.0,1
11.0,6603.0,197.0,204.0,3.0,855.0,134.0,1
13.0,307.0,45.0,154.0,7.0,1028.0,349.0,1
4.0,440.0,261.0,135.0,3.0,470.0,178.0,1
1.0,1279.0,268.0,80.0,6.0,625.0,115.0,1
5.0,1224.0,262.0,261.0,3.0,780.0,95.0,1
8.0,296.0,129.0,16.0,4.0,1115.0,115.0,1
5.0,1151.0,197.0,253.0,3.0,855.0,250.0,1
15.0,3491.0,129.0,162.0,4.0,695.0,70.0,1
4.0,1500.0,104.0,96.0,1.0,810.0,185.0,1
12.0,7043.0,79.0,65.0,6.0,906.0,33.0,1
10.0,3757.0,244.0,208.0,4.0,1090.0,160.0,1
1.0,312.0,80.0,241.0,7.0,890.0,145.0,1
0.0,4198.0,78.0,148.0,4.0,660.0,75.0,1
15.0,166.0,217.0,154.0,7.0,715.0,85.0,1
13.0,638.0,208.0,96.0,4.0,535.0,125.0,1
5.0,2865.0,43.0,16.0,6.0,370.0,154.0,1
5.0,1851.0,197.0,153.0,7.0,425.0,213.0,1
2.0,67.0,149.0,14.0,5.0,1210.0,106.0,1
16.0,2105.0,135.0,119.0,4.0,770.0,148.0,1
13.0,530.0,208.0,197.0,4.0,391.0,94.0,1
0.0,4143.0,85.0,234.0,1.0,443.0,112.0,1
12.0,6239.0,117.0,208.0,3.0,1100.0,60.0,1
4.0,46.0,154.0,135.0,7.0,730.0,193.0,1
16.0,2026.0,268.0,96.0,3.0,595.0,137.0,1
8.0,536.0,16.0,177.0,1.0,540.0,79.0,1
10.0,4223.0,238.0,208.0,3.0,360.0,125.0,1
16.0,2180.0,58.0,60.0,4.0,1140.0,93.0,1
5.0,1005.0,16.0,85.0,7.0,510.0,132.0,1
8.0,558.0,16.0,43.0,7.0,615.0,122.0,1
14.0,396.0,80.0,153.0,3.0,1040.0,176.0,1
6.0,5219.0,78.0,147.0,7.0,1210.0,126.0,1
15.0,903.0,175.0,104.0,7.0,1135.0,180.0,1
5.0,1966.0,16.0,61.0,4.0,765.0,90.0,1
8.0,671.0,184.0,173.0,4.0,525.0,168.0,1
8.0,668.0,130.0,16.0,7.0,1109.0,150.0,1
10.0,4344.0,85.0,208.0,5.0,1000.0,80.0,1
15.0,271.0,236.0,243.0,1.0,585.0,85.0,1
5.0,301.0,60.0,16.0,1.0,430.0,91.0,1
13.0,863.0,148.0,253.0,6.0,1049.0,407.0,1
15.0,1884.0,217.0,202.0,4.0,915.0,125.0,1
15.0,3338.0,258.0,252.0,7.0,420.0,130.0,1
15.0,31.0,155.0,75.0,1.0,750.0,65.0,1
1.0,1371.0,80.0,290.0,1.0,820.0,65.0,1
1.0,1253.0,183.0,154.0,7.0,1255.0,355.0,1
15.0,3575.0,33.0,172.0,4.0,1030.0,105.0,1
4.0,333.0,159.0,135.0,3.0,405.0,235.0,1
6.0,5201.0,135.0,16.0,1.0,660.0,121.0,1
15.0,1955.0,175.0,85.0,7.0,935.0,70.0,1
1.0,733.0,154.0,153.0,4.0,520.0,70.0,1
7.0,367.0,184.0,79.0,4.0,640.0,155.0,1
15.0,3758.0,79.0,253.0,6.0,570.0,175.0,1
12.0,6271.0,208.0,109.0,7.0,396.0,51.0,1
12.0,4485.0,197.0,56.0,4.0,1180.0,72.0,1
1.0,754.0,172.0,208.0,6.0,630.0,95.0,1
8.0,556.0,16.0,43.0,4.0,1255.0,119.0,1
3.0,396.0,173.0,159.0,6.0,1155.0,148.0,1
1.0,2404.0,154.0,80.0,7.0,655.0,185.0,1
13.0,551.0,208.0,153.0,6.0,719.0,249.0,1
15.0,1289.0,262.0,217.0,3.0,605.0,105.0,1
12.0,6426.0,253.0,262.0,3.0,648.0,45.0,1
14.0,2035.0,35.0,78.0,1.0,780.0,91.0,1
5.0,2595.0,197.0,241.0,3.0,1150.0,199.0,1
15.0,1532.0,153.0,202.0,5.0,1260.0,85.0,1
15.0,2349.0,12.0,175.0,7.0,410.0,145.0,1
1.0,149.0,134.0,154.0,1.0,550.0,350.0,1
12.0,7029.0,253.0,261.0,4.0,473.0,107.0,1
5.0,2490.0,214.0,197.0,3.0,410.0,196.0,1
12.0,6527.0,199.0,79.0,4.0,773.0,54.0,1
15.0,313.0,173.0,45.0,1.0,830.0,125.0,1
14.0,779.0,216.0,277.0,1.0,475.0,172.0,1
12.0,6451.0,154.0,263.0,6.0,1315.0,50.0,1
10.0,4010.0,60.0,208.0,4.0,890.0,135.0,1
5.0,2051.0,197.0,153.0,3.0,870.0,208.0,1
1.0,1151.0,208.0,268.0,6.0,1190.0,70.0,1
15.0,131.0,175.0,141.0,4.0,1180.0,125.0,1
5.0,2912.0,16.0,208.0,4.0,1041.0,134.0,1
17.0,2617.0,60.0,120.0,7.0,689.0,51.0,1
1.0,773.0,241.0,208.0,4.0,690.0,185.0,1
1.0,971.0,16.0,183.0,6.0,380.0,110.0,1
15.0,2888.0,213.0,141.0,1.0,820.0,160.0,1
8.0,325.0,16.0,253.0,7.0,525.0,342.0,1
12.0,4721.0,261.0,160.0,4.0,1200.0,113.0,1
6.0,5228.0,19.0,16.0,3.0,415.0,69.0,1
12.0,4583.0,79.0,261.0,1.0,700.0,89.0,1
16.0,5908.0,208.0,16.0,7.0,700.0,118.0,1
9.0,183.0,128.0,161.0,1.0,936.0,37.0,1
10.0,3334.0,80.0,114.0,7.0,605.0,135.0,1
5.0,9.0,16.0,277.0,7.0,1230.0,91.0,1
13.0,835.0,35.0,208.0,4.0,415.0,173.0,1
17.0,7295.0,54.0,134.0,7.0,613.0,88.0,1
5.0,1972.0,277.0,16.0,4.0,330.0,85.0,1
17.0,2871.0,292.0,217.0,4.0,684.0,67.0,1
15.0,2810.0,262.0,252.0,1.0,605.0,120.0,1
8.0,619.0,198.0,184.0,5.0,1080.0,135.0,1
1.0,1347.0,80.0,258.0,1.0,590.0,225.0,1
1.0,1934.0,80.0,172.0,4.0,1130.0,90.0,1
11.0,6421.0,96.0,71.0,5.0,385.0,140.0,1
0.0,3994.0,166.0,197.0,3.0,757.0,55.0,1
2.0,587.0,264.0,214.0,1.0,615.0,148.0,1
7.0,671.0,173.0,79.0,3.0,1017.0,239.0,1
16.0,2564.0,96.0,197.0,5.0,925.0,187.0,1
6.0,5024.0,11.0,16.0,4.0,1137.0,71.0,1
10.0,4156.0,273.0,208.0,5.0,1120.0,140.0,1
6.0,4955.0,190.0,16.0,4.0,640.0,74.0,1
5.0,2590.0,261.0,217.0,7.0,840.0,98.0,1
12.0,4625.0,261.0,280.0,3.0,1010.0,106.0,1
15.0,654.0,173.0,61.0,7.0,515.0,135.0,1
15.0,671.0,79.0,154.0,5.0,1095.0,160.0,1
16.0,2927.0,78.0,58.0,5.0,385.0,72.0,1
0.0,3696.0,76.0,85.0,1.0,605.0,75.0,1
12.0,4575.0,261.0,262.0,3.0,521.0,105.0,1
12.0,6811.0,154.0,236.0,4.0,1348.0,85.0,1
15.0,108.0,175.0,162.0,7.0,1035.0,105.0,1
13.0,410.0,79.0,61.0,4.0,605.0,163.0,1
13.0,812.0,111.0,79.0,5.0,373.0,133.0,1
1.0,2043.0,172.0,80.0,6.0,475.0,110.0,1
1.0,1635.0,148.0,260.0,7.0,905.0,250.0,1
0.0,3840.0,21.0,85.0,7.0,920.0,60.0,1
12.0,6937.0,79.0,83.0,4.0,719.0,64.0,1
0.0,3741.0,16.0,129.0,7.0,460.0,141.0,1
5.0,1387.0,35.0,159.0,1.0,810.0,72.0,1
17.0,2717.0,100.0,217.0,3.0,570.0,95.0,1
14.0,1033.0,22.0,60.0,4.0,1025.0,132.0,1
1.0,2527.0,27.0,80.0,1.0,715.0,130.0,1
3.0,1009.0,35.0,148.0,1.0,885.0,80.0,1
10.0,3019.0,154.0,100.0,7.0,1260.0,60.0,1
13.0,473.0,208.0,264.0,4.0,1208.0,269.0,1
4.0,359.0,78.0,135.0,6.0,1055.0,205.0,1
3.0,559.0,130.0,277.0,5.0,480.0,174.0,1
14.0,960.0,33.0,60.0,3.0,780.0,74.0,1
12.0,6873.0,227.0,79.0,3.0,432.0,131.0,1
2.0,70.0,149.0,257.0,4.0,1335.0,42.0,1
5.0,1021.0,12.0,16.0,5.0,755.0,169.0,1
7.0,859.0,79.0,217.0,1.0,1086.0,111.0,1
3.0,177.0,148.0,217.0,5.0,580.0,340.0,1
3.0,633.0,35.0,253.0,5.0,555.0,400.0,1
6.0,5472.0,87.0,16.0,1.0,608.0,69.0,1
10.0,4454.0,78.0,148.0,6.0,1079.0,81.0,1
15.0,1149.0,44.0,217.0,5.0,515.0,80.0,1
13.0,407.0,79.0,252.0,7.0,1110.0,183.0,1
6.0,5226.0,19.0,16.0,5.0,597.0,63.0,1
12.0,6568.0,243.0,154.0,5.0,378.0,52.0,1
14.0,988.0,208.0,60.0,4.0,1095.0,113.0,1
15.0,533.0,153.0,236.0,1.0,520.0,75.0,1
10.0,2862.0,80.0,84.0,3.0,860.0,110.0,1
1.0,557.0,183.0,208.0,7.0,660.0,190.0,1
2.0,373.0,262.0,252.0,6.0,780.0,110.0,1
4.0,1450.0,58.0,159.0,4.0,940.0,91.0,1
15.0,637.0,175.0,221.0,7.0,1030.0,80.0,1
2.0,20.0,252.0,208.0,1.0,520.0,235.0,1
17.0,2631.0,96.0,60.0,4.0,375.0,115.0,1
6.0,5302.0,16.0,174.0,3.0,655.0,114.0,1
7.0,843.0,175.0,79.0,6.0,940.0,157.0,1
15.0,2662.0,45.0,173.0,7.0,595.0,140.0,1
8.0,193.0,78.0,16.0,3.0,968.0,125.0,1
3.0,132.0,241.0,148.0,5.0,1055.0,164.0,1
16.0,2627.0,96.0,16.0,6.0,955.0,149.0,1
14.0,79.0,217.0,252.0,6.0,510.0,183.0,1
4.0,555.0,58.0,253.0,3.0,535.0,324.0,1
0.0,4137.0,85.0,171.0,4.0,1295.0,45.0,1
5.0,2489.0,16.0,198.0,6.0,587.0,108.0,1
12.0,4883.0,261.0,28.0,4.0,1290.0,81.0,1
15.0,2960.0,258.0,264.0,4.0,820.0,75.0,1
15.0,2152.0,154.0,280.0,6.0,925.0,80.0,1
5.0,2781.0,139.0,197.0,7.0,730.0,116.0,1
7.0,491.0,79.0,48.0,6.0,1145.0,166.0,1
6.0,4952.0,16.0,245.0,4.0,660.0,71.0,1
12.0,6838.0,253.0,246.0,5.0,968.0,82.0,1
0.0,3760.0,16.0,130.0,5.0,1060.0,143.0,1
13.0,735.0,79.0,253.0,5.0,912.0,163.0,1
1.0,1038.0,80.0,197.0,5.0,445.0,140.0,1
3.0,1600.0,35.0,78.0,5.0,450.0,102.0,1
1.0,575.0,183.0,260.0,1.0,465.0,145.0,1
12.0,6361.0,79.0,65.0,7.0,1015.0,33.0,1
3.0,446.0,277.0,35.0,6.0,1180.0,165.0,1
5.0,2325.0,45.0,16.0,7.0,900.0,121.0,1
14.0,601.0,153.0,217.0,4.0,690.0,70.0,1
15.0,821.0,202.0,154.0,3.0,370.0,75.0,1
16.0,2627.0,16.0,135.0,3.0,1110.0,135.0,1
17.0,2881.0,248.0,217.0,7.0,750.0,95.0,1
12.0,4700.0,261.0,79.0,5.0,663.0,87.0,1
12.0,6881.0,79.0,262.0,5.0,556.0,156.0,1
15.0,827.0,79.0,279.0,4.0,1090.0,90.0,1
5.0,2029.0,262.0,197.0,1.0,400.0,217.0,1
15.0,899.0,173.0,153.0,7.0,480.0,325.0,1
17.0,2721.0,217.0,246.0,4.0,885.0,93.0,1
0.0,4171.0,90.0,85.0,1.0,735.0,86.0,1
16.0,2346.0,135.0,132.0,3.0,960.0,101.0,1
5.0,1213.0,238.0,16.0,5.0,940.0,144.0,1
5.0,1127.0,16.0,213.0,5.0,900.0,111.0,1
3.0,376.0,104.0,159.0,3.0,762.0,168.0,1
1.0,1947.0,277.0,183.0,7.0,915.0,60.0,1
1.0,578.0,258.0,80.0,5.0,515.0,210.0,1
10.0,3023.0,154.0,243.0,1.0,1020.0,45.0,1
15.0,2873.0,207.0,258.0,5.0,725.0,70.0,1
16.0,3096.0,135.0,61.0,1.0,455.0,144.0,1
15.0,1877.0,268.0,79.0,7.0,960.0,150.0,1
10.0,3836.0,208.0,216.0,1.0,575.0,120.0,1
12.0,6507.0,79.0,258.0,4.0,914.0,156.0,1
5.0,2963.0,197.0,16.0,4.0,860.0,151.0,1
15.0,546.0,252.0,111.0,5.0,1005.0,60.0,1
1.0,2060.0,252.0,208.0,1.0,360.0,245.0,1
3.0,920.0,208.0,35.0,4.0,420.0,131.0,1
15.0,2907.0,153.0,253.0,6.0,1055.0,95.0,1
8.0,819.0,45.0,35.0,3.0,630.0,79.0,1
15.0,1836.0,33.0,209.0,7.0,1205.0,95.0,1
12.0,6588.0,262.0,6.0,7.0,1281.0,59.0,1
15.0,1893.0,280.0,243.0,6.0,645.0,75.0,1
5.0,2315.0,16.0,154.0,3.0,635.0,300.0,1
12.0,6317.0,246.0,154.0,5.0,531.0,49.0,1
1.0,785.0,159.0,80.0,7.0,1060.0,255.0,1
1.0,1182.0,154.0,18.0,5.0,390.0,175.0,1
12.0,6337.0,79.0,114.0,4.0,697.0,58.0,1
5.0,130.0,241.0,16.0,6.0,750.0,109.0,1
15.0,2672.0,147.0,104.0,7.0,870.0,70.0,1
12.0,6729.0,79.0,290.0,5.0,1171.0,100.0,1
3.0,50.0,104.0,148.0,3.0,1185.0,165.0,1
5.0,1879.0,159.0,104.0,1.0,415.0,193.0,1
5.0,2994.0,213.0,16.0,4.0,975.0,114.0,1
15.0,1533.0,2.0,91.0,3.0,1085.0,55.0,1
15.0,675.0,217.0,91.0,5.0,1025.0,65.0,1
12.0,6853.0,208.0,72.0,7.0,523.0,58.0,1
15.0,1741.0,45.0,182.0,4.0,1235.0,75.0,1
10.0,4309.0,273.0,208.0,3.0,810.0,130.0,1
16.0,2547.0,16.0,58.0,6.0,585.0,113.0,1
1.0,1678.0,80.0,45.0,5.0,500.0,170.0,1
8.0,933.0,147.0,16.0,1.0,647.0,68.0,1
1.0,1332.0,80.0,16.0,4.0,1230.0,115.0,1
15.0,3156.0,233.0,173.0,6.0,425.0,105.0,1
15.0,1234.0,214.0,202.0,1.0,615.0,100.0,1
10.0,4290.0,33.0,208.0,4.0,660.0,95.0,1
14.0,1972.0,60.0,96.0,5.0,914.0,107.0,1
4.0,34.0,18.0,135.0,3.0,810.0,60.0,1
13.0,818.0,134.0,35.0,5.0,1330.0,93.0,1
17.0,2976.0,217.0,236.0,6.0,880.0,112.0,1
6.0,5309.0,174.0,16.0,5.0,794.0,131.0,1
14.0,1266.0,16.0,216.0,7.0,770.0,124.0,1
3.0,698.0,104.0,78.0,1.0,684.0,136.0,1
6.0,5341.0,16.0,132.0,6.0,980.0,63.0,1
10.0,4629.0,233.0,159.0,4.0,360.0,95.0,1
12.0,4678.0,44.0,261.0,4.0,790.0,110.0,1
12.0,4457.0,28.0,197.0,7.0,800.0,119.0,1
5.0,2735.0,197.0,128.0,6.0,705.0,535.0,1
15.0,863.0,172.0,175.0,3.0,680.0,80.0,1
4.0,326.0,135.0,45.0,3.0,770.0,167.0,1
14.0,224.0,34.0,217.0,1.0,807.0,118.0,1
17.0,2762.0,217.0,244.0,6.0,595.0,141.0,1
10.0,2812.0,80.0,165.0,3.0,995.0,85.0,1
9.0,520.0,128.0,203.0,6.0,580.0,37.0,1
17.0,2650.0,54.0,60.0,4.0,770.0,66.0,1
3.0,583.0,130.0,104.0,3.0,525.0,179.0,1
6.0,5105.0,85.0,205.0,7.0,740.0,125.0,1
12.0,6507.0,258.0,79.0,4.0,1046.0,146.0,1
4.0,1527.0,45.0,135.0,5.0,890.0,212.0,1
12.0,6317.0,154.0,246.0,3.0,451.0,40.0,1
11.0,6593.0,85.0,17.0,4.0,1195.0,95.0,1
11.0,6368.0,71.0,273.0,3.0,920.0,98.0,1
12.0,4716.0,160.0,261.0,5.0,410.0,110.0,1
2.0,153.0,14.0,211.0,5.0,1035.0,94.0,1
14.0,1101.0,60.0,80.0,4.0,680.0,170.0,1
15.0,860.0,213.0,45.0,4.0,575.0,140.0,1
15.0,1692.0,214.0,153.0,4.0,950.0,130.0,1
12.0,6251.0,195.0,79.0,5.0,924.0,151.0,1
1.0,349.0,104.0,80.0,4.0,950.0,195.0,1
11.0,6601.0,173.0,233.0,4.0,1175.0,111.0,1
15.0,372.0,175.0,172.0,1.0,755.0,90.0,1
6.0,5484.0,16.0,285.0,6.0,605.0,67.0,1
1.0,819.0,205.0,80.0,4.0,935.0,115.0,1
15.0,1466.0,175.0,27.0,3.0,925.0,105.0,1
15.0,24.0,75.0,27.0,7.0,800.0,90.0,1
14.0,2028.0,78.0,35.0,3.0,630.0,79.0,1
14.0,1876.0,216.0,35.0,5.0,915.0,76.0,1
15.0,853.0,153.0,18.0,7.0,565.0,150.0,1
1.0,1978.0,80.0,277.0,7.0,1096.0,135.0,1
5.0,2453.0,159.0,277.0,3.0,839.0,182.0,1
15.0,1814.0,173.0,182.0,3.0,1160.0,165.0,1
15.0,3224.0,175.0,18.0,4.0,575.0,170.0,1
12.0,6275.0,111.0,252.0,3.0,890.0,72.0,1
0.0,3988.0,171.0,85.0,3.0,812.0,53.0,1
12.0,6550.0,280.0,79.0,1.0,445.0,116.0,1
12.0,6901.0,54.0,208.0,3.0,773.0,142.0,1
12.0,6893.0,6.0,253.0,6.0,360.0,83.0,1
14.0,1266.0,16.0,216.0,4.0,770.0,124.0,1
12.0,6667.0,179.0,253.0,3.0,439.0,105.0,1
10.0,3698.0,71.0,183.0,5.0,1160.0,160.0,1
15.0,2710.0,268.0,162.0,7.0,1175.0,65.0,1
12.0,7030.0,187.0,208.0,3.0,796.0,55.0,1
8.0,696.0,16.0,267.0,5.0,610.0,90.0,1
4.0,15.0,96.0,128.0,3.0,710.0,655.0,1
15.0,645.0,280.0,2.0,3.0,440.0,60.0,1
6.0,5135.0,157.0,16.0,3.0,755.0,89.0,1
12.0,3111.0,48.0,184.0,4.0,640.0,84.0,1
15.0,746.0,175.0,253.0,7.0,1145.0,305.0,1
13.0,434.0,208.0,61.0,1.0,415.0,75.0,1
12.0,6962.0,208.0,135.0,4.0,1260.0,161.0,1
9.0,115.0,203.0,128.0,5.0,458.0,34.0,1
10.0,3284.0,80.0,41.0,5.0,1335.0,75.0,1
7.0,725.0,79.0,243.0,7.0,1270.0,139.0,1
15.0,1118.0,33.0,129.0,3.0,885.0,135.0,1
12.0,4823.0,261.0,100.0,3.0,751.0,95.0,1
12.0,4654.0,127.0,261.0,3.0,375.0,69.0,1
5.0,1261.0,54.0,16.0,5.0,510.0,86.0,1
10.0,2872.0,80.0,155.0,3.0,705.0,70.0,1
15.0,491.0,45.0,141.0,4.0,1235.0,60.0,1
12.0,4874.0,197.0,112.0,1.0,915.0,78.0,1
8.0,319.0,60.0,16.0,6.0,994.0,74.0,1
3.0,908.0,208.0,148.0,3.0,675.0,125.0,1
12.0,6854.0,6.0,253.0,6.0,656.0,78.0,1
10.0,4590.0,197.0,159.0,4.0,375.0,164.0,1
13.0,557.0,61.0,208.0,4.0,961.0,80.0,1
2.0,65.0,289.0,226.0,5.0,633.0,24.0,1
4.0,1401.0,96.0,104.0,5.0,550.0,205.0,1
16.0,2568.0,135.0,84.0,7.0,1220.0,136.0,1
10.0,3330.0,254.0,80.0,3.0,960.0,85.0,1
13.0,465.0,79.0,28.0,7.0,1295.0,93.0,1
14.0,221.0,217.0,35.0,1.0,805.0,287.0,1
13.0,143.0,277.0,208.0,7.0,365.0,170.0,1
8.0,96.0,233.0,16.0,7.0,375.0,85.0,1
1.0,594.0,260.0,45.0,4.0,1120.0,235.0,1
10.0,3322.0,120.0,80.0,7.0,390.0,200.0,1
13.0,322.0,264.0,253.0,4.0,456.0,103.0,1
15.0,1427.0,175.0,33.0,7.0,830.0,80.0,1
5.0,1140.0,16.0,139.0,4.0,1130.0,96.0,1
8.0,147.0,85.0,16.0,7.0,693.0,123.0,1
16.0,3051.0,147.0,135.0,6.0,410.0,144.0,1
15.0,2341.0,277.0,43.0,6.0,1085.0,160.0,1
10.0,4168.0,234.0,208.0,6.0,850.0,135.0,1
14.0,661.0,264.0,217.0,6.0,975.0,75.0,1
2.0,587.0,264.0,214.0,5.0,615.0,148.0,1
12.0,4561.0,261.0,258.0,3.0,905.0,114.0,1
5.0,2132.0,197.0,111.0,3.0,690.0,186.0,1
5.0,2201.0,35.0,16.0,7.0,1035.0,185.0,1
12.0,6845.0,253.0,246.0,3.0,819.0,82.0,1
15.0,1615.0,153.0,175.0,7.0,785.0,215.0,1
10.0,4269.0,208.0,61.0,5.0,745.0,75.0,1
2.0,635.0,217.0,252.0,1.0,1020.0,185.0,1
6.0,4977.0,16.0,176.0,5.0,1244.0,76.0,1
1.0,1800.0,217.0,80.0,3.0,740.0,135.0,1
15.0,840.0,79.0,217.0,1.0,375.0,120.0,1
14.0,1517.0,22.0,78.0,5.0,375.0,81.0,1
15.0,3851.0,268.0,104.0,4.0,795.0,160.0,1
16.0,2591.0,135.0,75.0,7.0,870.0,61.0,1
1.0,453.0,80.0,214.0,5.0,765.0,255.0,1
12.0,6853.0,208.0,72.0,3.0,522.0,57.0,1
4.0,387.0,96.0,264.0,5.0,720.0,369.0,1
5.0,2918.0,173.0,16.0,7.0,1230.0,95.0,1
16.0,2142.0,204.0,96.0,4.0,443.0,187.0,1
15.0,2713.0,173.0,209.0,1.0,1035.0,110.0,1
8.0,796.0,268.0,16.0,6.0,405.0,114.0,1
11.0,6617.0,119.0,85.0,3.0,505.0,63.0,1
16.0,2183.0,96.0,139.0,3.0,389.0,139.0,1
13.0,856.0,154.0,134.0,6.0,705.0,285.0,1
15.0,3504.0,233.0,216.0,7.0,1130.0,80.0,1
5.0,109.0,16.0,173.0,1.0,1085.0,94.0,1
12.0,6854.0,253.0,6.0,5.0,562.0,78.0,1
5.0,2028.0,173.0,85.0,6.0,960.0,160.0,1
15.0,775.0,153.0,202.0,5.0,1135.0,90.0,1
10.0,4029.0,208.0,147.0,4.0,1175.0,145.0,1
12.0,6425.0,195.0,79.0,6.0,957.0,158.0,1
12.0,7797.0,261.0,271.0,6.0,474.0,72.0,1
15.0,1489.0,141.0,213.0,1.0,735.0,180.0,1
12.0,4866.0,184.0,71.0,6.0,480.0,75.0,1
11.0,6264.0,71.0,290.0,7.0,565.0,125.0,1
1.0,1590.0,80.0,96.0,5.0,420.0,195.0,1
5.0,2509.0,85.0,80.0,4.0,920.0,191.0,1
5.0,2362.0,154.0,148.0,5.0,960.0,318.0,1
1.0,474.0,80.0,16.0,5.0,775.0,120.0,1
12.0,4581.0,261.0,262.0,3.0,910.0,100.0,1
4.0,1105.0,35.0,96.0,1.0,1005.0,92.0,1
12.0,6708.0,253.0,210.0,6.0,1062.0,115.0,1
1.0,1245.0,173.0,183.0,6.0,1080.0,70.0,1
4.0,1790.0,135.0,183.0,7.0,845.0,143.0,1
5.0,2260.0,183.0,16.0,3.0,465.0,129.0,1
8.0,325.0,16.0,253.0,3.0,525.0,342.0,1
1.0,2423.0,213.0,208.0,3.0,690.0,190.0,1
4.0,276.0,96.0,241.0,3.0,420.0,191.0,1
1.0,1466.0,80.0,35.0,5.0,380.0,200.0,1
15.0,20.0,155.0,153.0,4.0,835.0,140.0,1
14.0,1632.0,60.0,159.0,6.0,1326.0,97.0,1
15.0,646.0,175.0,58.0,1.0,840.0,70.0,1
12.0,6510.0,154.0,262.0,1.0,1065.0,81.0,1
12.0,6596.0,253.0,179.0,7.0,810.0,96.0,1
15.0,2529.0,217.0,184.0,4.0,765.0,205.0,1
10.0,4121.0,208.0,278.0,4.0,785.0,115.0,1
6.0,5346.0,16.0,272.0,5.0,1076.0,136.0,1
14.0,541.0,80.0,153.0,4.0,450.0,178.0,1
2.0,493.0,243.0,252.0,7.0,390.0,183.0,1
12.0,6932.0,208.0,212.0,6.0,795.0,80.0,1
17.0,2851.0,217.0,292.0,3.0,1064.0,71.0,1
6.0,5603.0,16.0,158.0,5.0,500.0,108.0,1
10.0,3851.0,208.0,16.0,5.0,635.0,120.0,1
14.0,1086.0,173.0,60.0,3.0,1035.0,98.0,1
10.0,3985.0,208.0,240.0,6.0,505.0,70.0,1
14.0,1494.0,183.0,60.0,1.0,510.0,127.0,1
17.0,7275.0,233.0,208.0,6.0,568.0,140.0,1
13.0,224.0,134.0,22.0,5.0,531.0,83.0,1
8.0,968.0,16.0,7.0,3.0,1260.0,116.0,1
6.0,5090.0,288.0,16.0,6.0,935.0,83.0,1
12.0,6279.0,264.0,253.0,4.0,1027.0,80.0,1
12.0,6854.0,6.0,253.0,1.0,663.0,78.0,1
15.0,2616.0,184.0,172.0,7.0,1055.0,100.0,1
14.0,926.0,60.0,208.0,4.0,590.0,134.0,1
6.0,5361.0,33.0,16.0,7.0,1170.0,70.0,1
3.0,181.0,148.0,243.0,3.0,510.0,374.0,1
15.0,2118.0,243.0,262.0,5.0,1120.0,95.0,1
13.0,552.0,134.0,35.0,4.0,1135.0,102.0,1
5.0,2770.0,177.0,197.0,7.0,965.0,129.0,1
3.0,766.0,37.0,173.0,7.0,240.0,169.0,1
15.0,274.0,173.0,139.0,3.0,635.0,150.0,1
10.0,2924.0,41.0,80.0,3.0,725.0,90.0,1
17.0,1029.0,150.0,128.0,5.0,1090.0,40.0,1
8.0,871.0,16.0,197.0,1.0,949.0,155.0,1
15.0,469.0,258.0,207.0,5.0,965.0,70.0,1
1.0,879.0,279.0,80.0,1.0,425.0,70.0,1
5.0,1301.0,139.0,16.0,6.0,360.0,105.0,1
15.0,444.0,129.0,91.0,6.0,600.0,120.0,1
14.0,1032.0,16.0,60.0,3.0,1076.0,86.0,1
1.0,1235.0,35.0,80.0,1.0,1015.0,270.0,1
1.0,2088.0,183.0,159.0,6.0,660.0,180.0,1
5.0,2339.0,78.0,16.0,5.0,720.0,120.0,1
0.0,3679.0,85.0,139.0,3.0,1160.0,82.0,1
2.0,613.0,153.0,252.0,6.0,1240.0,154.0,1
5.0,2497.0,16.0,213.0,6.0,730.0,106.0,1
13.0,630.0,79.0,153.0,5.0,1074.0,122.0,1
13.0,251.0,134.0,214.0,5.0,1060.0,348.0,1
15.0,648.0,217.0,252.0,4.0,925.0,190.0,1
0.0,3718.0,85.0,139.0,5.0,450.0,84.0,1
14.0,2171.0,159.0,78.0,1.0,660.0,76.0,1
8.0,424.0,16.0,223.0,6.0,1045.0,70.0,1
0.0,3871.0,85.0,273.0,5.0,615.0,82.0,1
5.0,2324.0,16.0,45.0,6.0,515.0,117.0,1
12.0,6698.0,214.0,79.0,4.0,477.0,145.0,1
5.0,1688.0,85.0,177.0,5.0,720.0,125.0,1
5.0,1271.0,16.0,61.0,7.0,886.0,94.0,1
14.0,1071.0,216.0,260.0,6.0,580.0,227.0,1
6.0,5100.0,16.0,157.0,4.0,976.0,72.0,1
1.0,1312.0,260.0,22.0,7.0,1140.0,240.0,1
5.0,2517.0,85.0,153.0,7.0,1185.0,278.0,1
1.0,1367.0,80.0,135.0,7.0,1205.0,70.0,1
8.0,377.0,184.0,277.0,6.0,905.0,160.0,1
13.0,265.0,221.0,154.0,7.0,1003.0,330.0,1
5.0,1769.0,16.0,173.0,5.0,420.0,82.0,1
15.0,3655.0,277.0,268.0,7.0,1080.0,150.0,1
10.0,3352.0,80.0,290.0,6.0,680.0,70.0,1
12.0,6830.0,34.0,154.0,4.0,1214.0,129.0,1
15.0,637.0,217.0,268.0,1.0,675.0,175.0,1
15.0,998.0,154.0,202.0,1.0,480.0,80.0,1
15.0,1289.0,244.0,175.0,3.0,1010.0,155.0,1
10.0,4110.0,174.0,208.0,7.0,450.0,145.0,1
5.0,1481.0,148.0,217.0,3.0,1185.0,358.0,1
5.0,1077.0,96.0,197.0,4.0,480.0,196.0,1
15.0,2552.0,153.0,129.0,3.0,490.0,170.0,1
10.0,3026.0,194.0,154.0,4.0,405.0,70.0,1
16.0,2046.0,10.0,135.0,7.0,375.0,62.0,1
6.0,7093.0,61.0,134.0,4.0,867.0,84.0,1
5.0,208.0,183.0,148.0,7.0,730.0,180.0,1
5.0,748.0,147.0,16.0,1.0,695.0,75.0,1
12.0,6936.0,265.0,208.0,6.0,360.0,60.0,1
7.0,283.0,268.0,79.0,7.0,865.0,140.0,1
10.0,3616.0,139.0,183.0,3.0,420.0,170.0,1
16.0,2416.0,96.0,245.0,5.0,540.0,164.0,1
6.0,5010.0,16.0,201.0,1.0,1002.0,82.0,1
15.0,1499.0,268.0,279.0,7.0,635.0,80.0,1
15.0,1615.0,175.0,45.0,4.0,1155.0,110.0,1
15.0,34.0,75.0,162.0,3.0,955.0,60.0,1
2.0,220.0,252.0,253.0,5.0,445.0,126.0,1
15.0,1044.0,221.0,153.0,4.0,495.0,310.0,1
13.0,17.0,119.0,208.0,7.0,463.0,57.0,1
12.0,6669.0,124.0,79.0,4.0,471.0,50.0,1
16.0,2236.0,197.0,96.0,5.0,854.0,165.0,1
1.0,1267.0,183.0,260.0,7.0,1000.0,150.0,1
12.0,6359.0,80.0,79.0,6.0,720.0,123.0,1
16.0,2548.0,135.0,71.0,3.0,1195.0,138.0,1
15.0,1326.0,182.0,175.0,5.0,390.0,165.0,1
1.0,1442.0,243.0,208.0,5.0,590.0,235.0,1
6.0,5268.0,85.0,90.0,7.0,1065.0,78.0,1
5.0,1294.0,16.0,233.0,7.0,515.0,95.0,1
5.0,1248.0,135.0,16.0,6.0,350.0,130.0,1
14.0,307.0,277.0,60.0,6.0,930.0,100.0,1
14.0,302.0,217.0,60.0,4.0,570.0,230.0,1
17.0,2672.0,251.0,60.0,3.0,735.0,90.0,1
16.0,2105.0,119.0,58.0,4.0,1003.0,57.0,1
6.0,5165.0,16.0,33.0,5.0,450.0,69.0,1
4.0,146.0,135.0,208.0,6.0,795.0,148.0,1
14.0,148.0,61.0,217.0,7.0,1070.0,259.0,1
1.0,889.0,208.0,154.0,6.0,1115.0,270.0,1
15.0,950.0,217.0,244.0,5.0,635.0,125.0,1
12.0,4499.0,34.0,261.0,4.0,540.0,65.0,1
10.0,3358.0,290.0,80.0,6.0,480.0,75.0,1
0.0,3742.0,209.0,148.0,4.0,820.0,105.0,1
12.0,4754.0,207.0,261.0,6.0,780.0,104.0,1
8.0,237.0,16.0,234.0,3.0,1330.0,92.0,1
8.0,30.0,16.0,175.0,6.0,535.0,112.0,1
14.0,1099.0,216.0,147.0,7.0,460.0,146.0,1
10.0,4354.0,208.0,21.0,3.0,480.0,50.0,1
1.0,1195.0,80.0,18.0,4.0,1280.0,55.0,1
12.0,6503.0,253.0,93.0,6.0,1202.0,89.0,1
10.0,4309.0,273.0,208.0,1.0,810.0,130.0,1
15.0,430.0,173.0,27.0,4.0,970.0,95.0,1
4.0,420.0,264.0,135.0,6.0,792.0,181.0,1
15.0,2607.0,184.0,173.0,6.0,590.0,170.0,1
14.0,1029.0,45.0,60.0,4.0,725.0,85.0,1
14.0,2185.0,159.0,78.0,4.0,1080.0,78.0,1
10.0,3180.0,258.0,154.0,3.0,860.0,75.0,1
9.0,114.0,128.0,203.0,4.0,394.0,36.0,1
12.0,4757.0,261.0,205.0,4.0,585.0,144.0,1
3.0,448.0,277.0,35.0,6.0,760.0,166.0,1
5.0,2279.0,159.0,104.0,1.0,895.0,198.0,1
4.0,1635.0,96.0,217.0,5.0,985.0,333.0,1
8.0,962.0,35.0,48.0,6.0,1125.0,113.0,1
6.0,5025.0,16.0,278.0,1.0,515.0,71.0,1
10.0,4057.0,273.0,208.0,3.0,720.0,135.0,1
10.0,4213.0,208.0,43.0,3.0,505.0,95.0,1
1.0,550.0,153.0,80.0,3.0,1030.0,150.0,1
15.0,2420.0,213.0,45.0,6.0,500.0,140.0,1
6.0,7320.0,256.0,177.0,5.0,390.0,66.0,1
5.0,1642.0,16.0,221.0,5.0,1160.0,105.0,1
14.0,1921.0,60.0,147.0,6.0,1215.0,84.0,1
2.0,82.0,14.0,252.0,7.0,570.0,200.0,1
14.0,1831.0,80.0,60.0,6.0,425.0,147.0,1
11.0,6426.0,205.0,159.0,5.0,425.0,174.0,1
8.0,562.0,16.0,32.0,3.0,610.0,107.0,1
5.0,1098.0,16.0,221.0,6.0,735.0,99.0,1
17.0,7245.0,134.0,228.0,5.0,748.0,82.0,1
16.0,2618.0,251.0,96.0,5.0,839.0,114.0,1
17.0,7254.0,245.0,208.0,3.0,680.0,145.0,1
13.0,621.0,78.0,208.0,5.0,877.0,128.0,1
8.0,551.0,43.0,16.0,3.0,1079.0,139.0,1
10.0,2878.0,114.0,80.0,4.0,395.0,135.0,1
7.0,262.0,79.0,264.0,3.0,503.0,143.0,1
1.0,552.0,253.0,183.0,6.0,360.0,315.0,1
5.0,1638.0,16.0,78.0,6.0,1160.0,116.0,1
10.0,3944.0,148.0,45.0,5.0,1049.0,76.0,1
6.0,5206.0,52.0,16.0,3.0,811.0,58.0,1
5.0,1109.0,54.0,16.0,4.0,1166.0,89.0,1
12.0,4730.0,243.0,154.0,5.0,1040.0,49.0,1
11.0,6296.0,71.0,233.0,1.0,915.0,88.0,1
5.0,1479.0,177.0,153.0,5.0,570.0,234.0,1
1.0,1273.0,177.0,80.0,3.0,415.0,100.0,1
5.0,1954.0,16.0,147.0,1.0,810.0,69.0,1
6.0,5046.0,11.0,16.0,6.0,710.0,62.0,1
15.0,1029.0,153.0,154.0,5.0,1285.0,65.0,1
13.0,882.0,208.0,35.0,7.0,962.0,136.0,1
15.0,1657.0,79.0,261.0,1.0,815.0,90.0,1
12.0,7051.0,6.0,253.0,1.0,1081.0,74.0,1
14.0,500.0,154.0,217.0,4.0,975.0,81.0,1
15.0,998.0,154.0,202.0,7.0,480.0,80.0,1
1.0,2548.0,173.0,148.0,6.0,955.0,160.0,1
15.0,796.0,153.0,175.0,7.0,1095.0,205.0,1
2.0,663.0,80.0,252.0,5.0,1135.0,270.0,1
12.0,6442.0,227.0,154.0,7.0,564.0,47.0,1
0.0,4044.0,174.0,85.0,3.0,990.0,104.0,1
5.0,1053.0,16.0,209.0,1.0,991.0,96.0,1
12.0,6372.0,246.0,154.0,5.0,884.0,46.0,1
16.0,2411.0,16.0,135.0,7.0,1270.0,139.0,1
17.0,2824.0,217.0,280.0,7.0,974.0,45.0,1
14.0,601.0,153.0,217.0,3.0,690.0,70.0,1
8.0,795.0,16.0,268.0,3.0,530.0,103.0,1
15.0,949.0,261.0,202.0,3.0,825.0,125.0,1
11.0,6295.0,147.0,71.0,1.0,500.0,124.0,1
0.0,4116.0,85.0,43.0,7.0,935.0,78.0,1
15.0,3659.0,33.0,27.0,5.0,745.0,50.0,1
0.0,3758.0,85.0,187.0,3.0,915.0,88.0,1
16.0,2639.0,279.0,135.0,4.0,885.0,90.0,1
8.0,14.0,260.0,173.0,1.0,964.0,195.0,1
15.0,1859.0,45.0,35.0,6.0,510.0,85.0,1
5.0,2312.0,261.0,14.0,6.0,1319.0,308.0,1
12.0,6492.0,162.0,79.0,6.0,964.0,145.0,1
15.0,3395.0,243.0,153.0,7.0,880.0,70.0,1
15.0,3141.0,45.0,147.0,3.0,665.0,130.0,1
9.0,240.0,161.0,128.0,4.0,1060.0,30.0,1
10.0,2829.0,80.0,223.0,4.0,715.0,100.0,1
6.0,7084.0,208.0,76.0,6.0,456.0,66.0,1
14.0,1270.0,221.0,216.0,3.0,460.0,80.0,1
13.0,303.0,148.0,253.0,5.0,360.0,404.0,1
5.0,2127.0,16.0,104.0,1.0,450.0,110.0,1
16.0,3041.0,285.0,96.0,6.0,570.0,110.0,1
15.0,19.0,75.0,129.0,4.0,660.0,65.0,1
13.0,627.0,78.0,208.0,1.0,1053.0,132.0,1
6.0,5124.0,279.0,16.0,7.0,750.0,112.0,1
1.0,31.0,154.0,128.0,1.0,510.0,345.0,1
1.0,474.0,2.0,80.0,4.0,560.0,105.0,1
15.0,1691.0,175.0,58.0,4.0,665.0,75.0,1
0.0,4039.0,121.0,16.0,5.0,455.0,85.0,1
12.0,6515.0,253.0,163.0,5.0,441.0,87.0,1
13.0,745.0,79.0,214.0,6.0,1134.0,172.0,1
14.0,522.0,96.0,217.0,7.0,390.0,345.0,1
6.0,5530.0,123.0,16.0,3.0,667.0,75.0,1
12.0,4621.0,261.0,236.0,4.0,921.0,88.0,1
6.0,5223.0,278.0,16.0,7.0,763.0,76.0,1
14.0,1250.0,173.0,216.0,3.0,725.0,143.0,1
5.0,2758.0,154.0,253.0,7.0,965.0,75.0,1
5.0,2605.0,197.0,253.0,6.0,1045.0,245.0,1
5.0,2048.0,85.0,159.0,5.0,600.0,108.0,1
13.0,210.0,208.0,174.0,6.0,1100.0,113.0,1
15.0,538.0,75.0,91.0,6.0,805.0,105.0,1
17.0,2683.0,209.0,60.0,5.0,554.0,102.0,1
12.0,6554.0,99.0,79.0,7.0,1003.0,122.0,1
1.0,371.0,159.0,208.0,6.0,1235.0,150.0,1
3.0,583.0,130.0,104.0,7.0,525.0,179.0,1
14.0,574.0,217.0,277.0,4.0,965.0,226.0,1
8.0,1492.0,173.0,61.0,3.0,927.0,132.0,1
14.0,273.0,217.0,135.0,5.0,810.0,154.0,1
10.0,4136.0,139.0,208.0,6.0,1210.0,80.0,1
16.0,3079.0,58.0,268.0,5.0,1005.0,98.0,1
1.0,548.0,208.0,35.0,5.0,775.0,135.0,1
5.0,2114.0,197.0,159.0,7.0,1150.0,165.0,1
1.0,1145.0,45.0,80.0,3.0,555.0,220.0,1
13.0,308.0,208.0,173.0,4.0,1183.0,166.0,1
8.0,1250.0,173.0,157.0,1.0,955.0,115.0,1
14.0,656.0,80.0,217.0,3.0,1110.0,161.0,1
16.0,5904.0,42.0,208.0,3.0,748.0,159.0,1
5.0,2276.0,173.0,159.0,4.0,420.0,150.0,1
5.0,2956.0,243.0,148.0,6.0,390.0,324.0,1
16.0,2241.0,190.0,135.0,7.0,567.0,87.0,1
1.0,2004.0,154.0,208.0,5.0,510.0,250.0,1
1.0,393.0,80.0,79.0,3.0,405.0,125.0,1
6.0,5480.0,16.0,169.0,6.0,1237.0,81.0,1
1.0,1377.0,208.0,252.0,4.0,1265.0,260.0,1
13.0,898.0,134.0,35.0,7.0,1012.0,98.0,1
4.0,746.0,135.0,208.0,3.0,895.0,156.0,1
13.0,689.0,159.0,208.0,6.0,1055.0,159.0,1
6.0,5366.0,254.0,16.0,1.0,360.0,119.0,1
15.0,3309.0,44.0,262.0,7.0,425.0,75.0,1
8.0,823.0,45.0,35.0,1.0,750.0,75.0,1
16.0,3012.0,135.0,134.0,7.0,1133.0,171.0,1
5.0,2585.0,16.0,223.0,1.0,505.0,80.0,1
11.0,6409.0,96.0,71.0,3.0,1056.0,139.0,1
6.0,5447.0,251.0,16.0,3.0,633.0,90.0,1
8.0,501.0,184.0,159.0,4.0,495.0,124.0,1
17.0,2675.0,153.0,154.0,5.0,885.0,68.0,1
6.0,7119.0,238.0,134.0,6.0,370.0,80.0,1
15.0,8.0,129.0,75.0,4.0,480.0,55.0,1
15.0,519.0,33.0,154.0,3.0,940.0,285.0,1
17.0,2942.0,71.0,60.0,7.0,729.0,86.0,1
0.0,4195.0,85.0,166.0,6.0,523.0,97.0,1
0.0,4138.0,85.0,84.0,5.0,535.0,116.0,1
15.0,1657.0,172.0,79.0,7.0,735.0,110.0,1
15.0,3601.0,45.0,12.0,4.0,550.0,70.0,1
15.0,1107.0,162.0,268.0,3.0,390.0,70.0,1
1.0,324.0,80.0,33.0,7.0,1315.0,95.0,1
1.0,1310.0,80.0,134.0,3.0,420.0,160.0,1
4.0,665.0,221.0,135.0,5.0,860.0,200.0,1
12.0,7794.0,261.0,271.0,1.0,1005.0,71.0,1
16.0,2283.0,135.0,18.0,6.0,1274.0,48.0,1
11.0,6430.0,16.0,120.0,1.0,890.0,92.0,1
4.0,192.0,96.0,173.0,6.0,574.0,161.0,1
4.0,504.0,96.0,60.0,5.0,400.0,118.0,1
6.0,5271.0,16.0,290.0,4.0,970.0,116.0,1
7.0,650.0,253.0,79.0,5.0,380.0,150.0,1
0.0,3706.0,157.0,85.0,3.0,675.0,88.0,1
5.0,2133.0,197.0,16.0,6.0,930.0,157.0,1
15.0,2027.0,79.0,111.0,3.0,1230.0,150.0,1
6.0,5337.0,16.0,81.0,6.0,815.0,56.0,1
15.0,307.0,253.0,154.0,4.0,975.0,75.0,1
14.0,829.0,85.0,60.0,4.0,390.0,103.0,1
15.0,40.0,75.0,172.0,1.0,1045.0,90.0,1
16.0,2236.0,197.0,96.0,4.0,854.0,165.0,1
16.0,2498.0,2.0,135.0,6.0,880.0,117.0,1
4.0,762.0,198.0,135.0,1.0,400.0,70.0,1
5.0,2825.0,35.0,197.0,7.0,1090.0,203.0,1
10.0,3672.0,251.0,183.0,3.0,435.0,155.0,1
10.0,3048.0,154.0,243.0,3.0,1240.0,45.0,1
13.0,394.0,153.0,208.0,1.0,399.0,216.0,1
10.0,4167.0,208.0,61.0,7.0,1180.0,75.0,1
3.0,453.0,35.0,104.0,7.0,574.0,204.0,1
5.0,1662.0,197.0,119.0,7.0,875.0,80.0,1
15.0,2325.0,233.0,175.0,6.0,1055.0,130.0,1
10.0,3352.0,80.0,290.0,7.0,680.0,70.0,1
1.0,1534.0,79.0,80.0,7.0,515.0,120.0,1
17.0,2934.0,217.0,177.0,6.0,585.0,184.0,1
14.0,678.0,217.0,34.0,6.0,1090.0,126.0,1
10.0,2748.0,80.0,121.0,4.0,475.0,125.0,1
5.0,1990.0,198.0,16.0,4.0,750.0,93.0,1
16.0,2996.0,135.0,162.0,1.0,635.0,78.0,1
13.0,418.0,243.0,79.0,5.0,492.0,148.0,1
9.0,187.0,150.0,128.0,5.0,881.0,42.0,1
1.0,59.0,148.0,253.0,6.0,420.0,405.0,1
5.0,2848.0,104.0,22.0,5.0,725.0,178.0,1
8.0,464.0,45.0,229.0,3.0,954.0,83.0,1
14.0,592.0,217.0,172.0,4.0,795.0,152.0,1
15.0,1915.0,22.0,45.0,4.0,375.0,80.0,1
6.0,5324.0,16.0,47.0,6.0,740.0,57.0,1
3.0,348.0,267.0,148.0,3.0,1036.0,164.0,1
10.0,3716.0,16.0,208.0,7.0,980.0,125.0,1
6.0,5189.0,16.0,275.0,5.0,600.0,74.0,1
15.0,1458.0,207.0,153.0,5.0,725.0,55.0,1
14.0,1996.0,260.0,216.0,1.0,585.0,238.0,1
13.0,578.0,80.0,208.0,1.0,600.0,140.0,1
15.0,816.0,204.0,268.0,6.0,885.0,85.0,1
3.0,1235.0,35.0,233.0,3.0,365.0,125.0,1
12.0,6902.0,253.0,224.0,4.0,1255.0,109.0,1
12.0,6565.0,79.0,280.0,3.0,1107.0,118.0,1
16.0,2167.0,135.0,280.0,3.0,583.0,158.0,1
12.0,4681.0,137.0,261.0,7.0,640.0,23.0,1
3.0,237.0,261.0,160.0,7.0,1090.0,109.0,1
1.0,367.0,104.0,80.0,1.0,505.0,195.0,1
15.0,690.0,45.0,12.0,5.0,750.0,70.0,1
8.0,1586.0,16.0,30.0,5.0,1255.0,112.0,1
16.0,2903.0,158.0,135.0,6.0,480.0,62.0,1
15.0,706.0,45.0,233.0,4.0,555.0,65.0,1
8.0,261.0,184.0,78.0,1.0,485.0,115.0,1
12.0,6459.0,79.0,80.0,3.0,974.0,111.0,1
8.0,309.0,16.0,79.0,4.0,1335.0,215.0,1
13.0,663.0,79.0,153.0,5.0,1302.0,122.0,1
15.0,1848.0,172.0,33.0,3.0,1030.0,90.0,1
15.0,9.0,129.0,198.0,4.0,620.0,60.0,1
11.0,6473.0,35.0,148.0,4.0,1050.0,100.0,1
16.0,2361.0,96.0,208.0,7.0,899.0,154.0,1
6.0,5382.0,85.0,278.0,5.0,1195.0,100.0,1
14.0,304.0,217.0,60.0,7.0,675.0,234.0,1
14.0,1292.0,277.0,60.0,7.0,1150.0,98.0,1
15.0,1156.0,202.0,264.0,1.0,490.0,80.0,1
3.0,778.0,153.0,35.0,4.0,1409.0,293.0,1
10.0,2775.0,80.0,239.0,4.0,1200.0,90.0,1
2.0,511.0,264.0,252.0,3.0,1080.0,170.0,1
15.0,1023.0,2.0,75.0,7.0,730.0,95.0,1
8.0,854.0,173.0,16.0,4.0,480.0,94.0,1
8.0,854.0,173.0,16.0,5.0,480.0,94.0,1
1.0,1034.0,80.0,135.0,4.0,880.0,65.0,1
5.0,2228.0,173.0,85.0,7.0,740.0,160.0,1
8.0,239.0,16.0,234.0,1.0,530.0,88.0,1
10.0,2854.0,80.0,118.0,5.0,1100.0,50.0,1
16.0,2435.0,135.0,147.0,6.0,492.0,111.0,1
6.0,5183.0,16.0,278.0,5.0,1008.0,61.0,1
12.0,6477.0,154.0,262.0,3.0,766.0,83.0,1
12.0,6726.0,79.0,145.0,7.0,683.0,93.0,1
16.0,2264.0,16.0,135.0,5.0,460.0,139.0,1
8.0,256.0,106.0,16.0,1.0,1095.0,125.0,1
15.0,925.0,280.0,79.0,1.0,990.0,115.0,1
3.0,575.0,272.0,173.0,5.0,482.0,176.0,1
10.0,4105.0,60.0,208.0,6.0,450.0,140.0,1
5.0,2606.0,253.0,197.0,4.0,35.0,216.0,1
15.0,3224.0,58.0,175.0,1.0,515.0,85.0,1
4.0,1740.0,262.0,135.0,7.0,1435.0,217.0,1
12.0,7764.0,220.0,261.0,1.0,567.0,61.0,1
15.0,2010.0,104.0,172.0,5.0,755.0,210.0,1
2.0,99.0,252.0,14.0,4.0,780.0,221.0,1
15.0,799.0,154.0,253.0,1.0,360.0,80.0,1
1.0,2400.0,154.0,80.0,6.0,20.0,165.0,1
10.0,3271.0,218.0,80.0,6.0,1030.0,130.0,1
1.0,1056.0,80.0,268.0,4.0,480.0,95.0,1
1.0,647.0,78.0,268.0,5.0,1140.0,135.0,1
4.0,1423.0,135.0,198.0,7.0,1270.0,65.0,1
4.0,532.0,135.0,159.0,5.0,810.0,203.0,1
10.0,2758.0,41.0,80.0,3.0,950.0,90.0,1
2.0,70.0,149.0,257.0,7.0,1335.0,42.0,1
4.0,1805.0,80.0,135.0,3.0,783.0,62.0,1
0.0,4294.0,85.0,20.0,4.0,1305.0,90.0,1
3.0,1327.0,35.0,45.0,4.0,1060.0,92.0,1
7.0,609.0,139.0,79.0,3.0,1195.0,165.0,1
7.0,453.0,159.0,184.0,3.0,370.0,135.0,1
15.0,1083.0,153.0,34.0,4.0,780.0,105.0,1
4.0,1703.0,154.0,96.0,3.0,515.0,318.0,1
16.0,2644.0,116.0,135.0,1.0,360.0,81.0,1
15.0,117.0,262.0,214.0,4.0,655.0,95.0,1
14.0,1462.0,16.0,60.0,4.0,835.0,78.0,1
14.0,881.0,60.0,104.0,7.0,705.0,127.0,1
15.0,981.0,111.0,153.0,3.0,770.0,140.0,1
16.0,5978.0,120.0,134.0,5.0,887.0,67.0,1
12.0,6275.0,252.0,111.0,6.0,800.0,58.0,1
14.0,1543.0,60.0,252.0,4.0,1085.0,352.0,1
6.0,5141.0,94.0,16.0,7.0,360.0,80.0,1
1.0,1829.0,60.0,80.0,5.0,560.0,180.0,1
15.0,1753.0,141.0,45.0,7.0,400.0,75.0,1
12.0,6936.0,265.0,208.0,4.0,360.0,60.0,1
13.0,74.0,128.0,253.0,5.0,832.0,312.0,1
12.0,6324.0,192.0,79.0,6.0,802.0,97.0,1
6.0,5457.0,16.0,275.0,7.0,1047.0,63.0,1
8.0,958.0,104.0,45.0,7.0,1085.0,149.0,1
4.0,1054.0,96.0,213.0,5.0,695.0,178.0,1
6.0,5362.0,256.0,16.0,1.0,345.0,123.0,1
1.0,1151.0,208.0,268.0,5.0,1190.0,70.0,1
1.0,2066.0,65.0,80.0,4.0,970.0,110.0,1
10.0,4451.0,233.0,78.0,1.0,670.0,60.0,1
1.0,1214.0,268.0,159.0,7.0,665.0,145.0,1
15.0,530.0,175.0,61.0,1.0,985.0,65.0,1
0.0,3769.0,148.0,234.0,3.0,970.0,118.0,1
9.0,204.0,161.0,128.0,5.0,820.0,32.0,1
5.0,2294.0,16.0,216.0,4.0,820.0,129.0,1
1.0,1747.0,78.0,80.0,3.0,835.0,220.0,1
11.0,6306.0,134.0,85.0,1.0,745.0,119.0,1
5.0,2220.0,85.0,60.0,1.0,830.0,112.0,1
3.0,76.0,213.0,148.0,4.0,768.0,160.0,1
5.0,2930.0,197.0,35.0,5.0,1135.0,167.0,1
1.0,1270.0,154.0,183.0,7.0,1280.0,280.0,1
14.0,1278.0,173.0,78.0,7.0,1100.0,124.0,1
5.0,1864.0,197.0,78.0,4.0,785.0,141.0,1
10.0,3295.0,80.0,47.0,5.0,845.0,135.0,1
12.0,6611.0,217.0,79.0,5.0,837.0,102.0,1
10.0,3368.0,162.0,80.0,6.0,510.0,80.0,1
1.0,768.0,154.0,268.0,3.0,995.0,210.0,1
12.0,4860.0,261.0,208.0,1.0,1025.0,189.0,1
15.0,2660.0,154.0,262.0,1.0,530.0,80.0,1
12.0,4859.0,290.0,197.0,1.0,1100.0,104.0,1
13.0,687.0,208.0,197.0,7.0,1145.0,94.0,1
15.0,122.0,33.0,244.0,7.0,995.0,150.0,1
13.0,521.0,159.0,208.0,3.0,570.0,165.0,1
10.0,3933.0,136.0,208.0,4.0,1025.0,120.0,1
17.0,2644.0,60.0,200.0,5.0,1220.0,63.0,1
5.0,2265.0,16.0,177.0,5.0,755.0,88.0,1
1.0,1459.0,159.0,183.0,3.0,995.0,205.0,1
5.0,1575.0,139.0,16.0,3.0,425.0,115.0,1
8.0,804.0,35.0,45.0,7.0,1170.0,90.0,1
15.0,572.0,264.0,253.0,1.0,455.0,85.0,1
15.0,1175.0,264.0,202.0,3.0,405.0,105.0,1
0.0,4012.0,85.0,218.0,3.0,920.0,89.0,1
15.0,1657.0,172.0,79.0,4.0,735.0,110.0,1
4.0,1644.0,135.0,262.0,7.0,1255.0,249.0,1
17.0,7285.0,134.0,209.0,5.0,745.0,56.0,1
5.0,1569.0,16.0,173.0,3.0,905.0,90.0,1
12.0,6377.0,67.0,79.0,7.0,769.0,55.0,1
12.0,6918.0,63.0,208.0,3.0,360.0,82.0,1
12.0,6647.0,46.0,79.0,1.0,345.0,107.0,1
16.0,5999.0,279.0,208.0,4.0,863.0,117.0,1
15.0,676.0,153.0,262.0,6.0,1060.0,90.0,1
15.0,1777.0,252.0,79.0,6.0,785.0,155.0,1
15.0,588.0,221.0,45.0,5.0,625.0,60.0,1
1.0,1067.0,80.0,244.0,4.0,1270.0,65.0,1
0.0,4187.0,177.0,75.0,5.0,1185.0,94.0,1
16.0,2868.0,268.0,96.0,4.0,1020.0,145.0,1
12.0,6840.0,253.0,246.0,3.0,529.0,81.0,1
12.0,6748.0,154.0,57.0,6.0,965.0,41.0,1
5.0,2439.0,78.0,16.0,7.0,660.0,110.0,1
12.0,4663.0,29.0,197.0,4.0,660.0,83.0,1
8.0,6.0,173.0,260.0,5.0,1184.0,161.0,1
10.0,2884.0,290.0,80.0,1.0,775.0,75.0,1
0.0,3654.0,197.0,106.0,6.0,1160.0,90.0,1
1.0,322.0,80.0,27.0,5.0,1200.0,90.0,1
11.0,6341.0,85.0,17.0,5.0,545.0,97.0,1
6.0,5261.0,177.0,290.0,1.0,570.0,70.0,1
12.0,6325.0,243.0,154.0,1.0,741.0,45.0,1
8.0,9.0,173.0,260.0,4.0,695.0,159.0,1
11.0,6489.0,71.0,80.0,4.0,560.0,158.0,1
6.0,5518.0,16.0,285.0,5.0,835.0,57.0,1
1.0,2019.0,159.0,268.0,4.0,1150.0,170.0,1
15.0,642.0,261.0,214.0,4.0,510.0,130.0,1
15.0,957.0,217.0,44.0,1.0,1050.0,85.0,1
15.0,618.0,45.0,33.0,1.0,545.0,120.0,1
10.0,4684.0,78.0,233.0,3.0,660.0,65.0,1
14.0,1764.0,60.0,78.0,6.0,1077.0,74.0,1
14.0,710.0,154.0,216.0,7.0,510.0,303.0,1
14.0,1083.0,78.0,147.0,1.0,850.0,122.0,1
3.0,1122.0,104.0,234.0,3.0,805.0,129.0,1
15.0,1158.0,264.0,217.0,5.0,1125.0,75.0,1
10.0,2813.0,80.0,230.0,6.0,735.0,145.0,1
7.0,363.0,251.0,79.0,4.0,993.0,175.0,1
4.0,470.0,96.0,260.0,7.0,445.0,218.0,1
10.0,2969.0,80.0,1.0,4.0,1255.0,50.0,1
15.0,1141.0,162.0,45.0,1.0,755.0,130.0,1
15.0,56.0,129.0,75.0,3.0,1200.0,55.0,1
5.0,1878.0,245.0,16.0,1.0,453.0,80.0,1
13.0,108.0,208.0,153.0,1.0,1090.0,247.0,1
12.0,7032.0,292.0,154.0,3.0,926.0,80.0,1
6.0,7371.0,177.0,256.0,5.0,565.0,74.0,1
13.0,99.0,134.0,277.0,4.0,500.0,148.0,1
15.0,940.0,33.0,175.0,4.0,510.0,90.0,1
0.0,3979.0,43.0,148.0,7.0,575.0,100.0,1
5.0,2923.0,197.0,173.0,7.0,420.0,198.0,1
15.0,2379.0,262.0,214.0,5.0,790.0,90.0,1
5.0,1715.0,16.0,245.0,5.0,1225.0,70.0,1
1.0,25.0,35.0,154.0,7.0,435.0,390.0,1
12.0,4869.0,177.0,261.0,6.0,395.0,206.0,1
15.0,219.0,175.0,159.0,1.0,865.0,130.0,1
15.0,727.0,202.0,44.0,3.0,1150.0,65.0,1
3.0,450.0,104.0,35.0,1.0,440.0,179.0,1
10.0,4209.0,58.0,208.0,6.0,990.0,90.0,1
6.0,5016.0,16.0,47.0,1.0,815.0,58.0,1
15.0,1830.0,129.0,146.0,6.0,770.0,65.0,1
12.0,7037.0,79.0,280.0,7.0,508.0,121.0,1
14.0,1697.0,60.0,241.0,7.0,985.0,117.0,1
1.0,409.0,172.0,80.0,3.0,1155.0,100.0,1
8.0,661.0,16.0,130.0,1.0,1061.0,138.0,1
15.0,730.0,277.0,33.0,6.0,775.0,110.0,1
10.0,4163.0,85.0,208.0,3.0,940.0,85.0,1
0.0,4347.0,197.0,164.0,5.0,1315.0,81.0,1
15.0,823.0,280.0,154.0,1.0,620.0,90.0,1
11.0,6257.0,197.0,71.0,3.0,535.0,120.0,1
16.0,2014.0,221.0,96.0,4.0,642.0,77.0,1
15.0,1686.0,277.0,27.0,4.0,1160.0,85.0,1
3.0,31.0,148.0,173.0,1.0,750.0,168.0,1
8.0,239.0,16.0,234.0,4.0,525.0,88.0,1
6.0,5574.0,48.0,16.0,1.0,792.0,116.0,1
6.0,5227.0,16.0,87.0,4.0,1140.0,69.0,1
0.0,4282.0,85.0,209.0,7.0,610.0,111.0,1
5.0,2144.0,85.0,78.0,1.0,1055.0,100.0,1
12.0,6525.0,16.0,79.0,6.0,944.0,214.0,1
15.0,1117.0,175.0,216.0,7.0,765.0,120.0,1
15.0,2978.0,173.0,141.0,7.0,950.0,145.0,1
13.0,162.0,208.0,35.0,3.0,1034.0,139.0,1
14.0,455.0,217.0,261.0,1.0,510.0,97.0,1
15.0,2470.0,243.0,79.0,3.0,1165.0,140.0,1
1.0,2022.0,260.0,208.0,1.0,510.0,305.0,1
3.0,503.0,96.0,104.0,4.0,586.0,197.0,1
15.0,1705.0,207.0,258.0,6.0,1045.0,70.0,1
14.0,1497.0,60.0,200.0,6.0,680.0,51.0,1
10.0,4668.0,16.0,159.0,5.0,690.0,135.0,1
4.0,259.0,78.0,135.0,6.0,740.0,206.0,1
10.0,4124.0,139.0,148.0,4.0,715.0,124.0,1
15.0,1198.0,173.0,33.0,5.0,460.0,120.0,1
4.0,349.0,253.0,96.0,4.0,450.0,321.0,1
1.0,1432.0,260.0,183.0,5.0,990.0,180.0,1
9.0,202.0,128.0,143.0,3.0,355.0,49.0,1
1.0,643.0,183.0,208.0,7.0,455.0,200.0,1
1.0,1945.0,16.0,183.0,5.0,1110.0,130.0,1
8.0,348.0,267.0,45.0,4.0,1025.0,134.0,1
1.0,366.0,208.0,159.0,7.0,855.0,125.0,1
13.0,477.0,134.0,198.0,3.0,1007.0,171.0,1
10.0,2737.0,80.0,107.0,4.0,1140.0,125.0,1
6.0,5116.0,146.0,16.0,6.0,623.0,91.0,1
10.0,4295.0,208.0,109.0,5.0,1260.0,55.0,1
14.0,2026.0,78.0,35.0,3.0,570.0,81.0,1
4.0,1645.0,58.0,135.0,6.0,1075.0,184.0,1
16.0,5942.0,48.0,208.0,7.0,1119.0,97.0,1
1.0,1534.0,80.0,85.0,4.0,745.0,155.0,1
15.0,821.0,154.0,153.0,4.0,475.0,60.0,1
1.0,417.0,80.0,18.0,6.0,1350.0,55.0,1
12.0,6836.0,208.0,195.0,3.0,545.0,48.0,1
1.0,1697.0,268.0,80.0,6.0,965.0,115.0,1
6.0,5324.0,16.0,47.0,7.0,740.0,57.0,1
15.0,2514.0,216.0,33.0,6.0,440.0,145.0,1
15.0,1385.0,175.0,209.0,7.0,1240.0,120.0,1
10.0,4016.0,208.0,109.0,1.0,560.0,55.0,1
17.0,2839.0,217.0,103.0,1.0,587.0,65.0,1
1.0,2455.0,208.0,217.0,5.0,450.0,240.0,1
1.0,656.0,44.0,80.0,7.0,925.0,180.0,1
16.0,2474.0,135.0,33.0,5.0,930.0,113.0,1
16.0,3077.0,96.0,16.0,7.0,1200.0,160.0,1
15.0,195.0,268.0,217.0,7.0,570.0,210.0,1
14.0,301.0,60.0,217.0,6.0,985.0,278.0,1
12.0,7019.0,214.0,252.0,5.0,1155.0,52.0,1
15.0,2397.0,18.0,202.0,4.0,885.0,240.0,1
15.0,548.0,147.0,209.0,4.0,970.0,90.0,1
13.0,21.0,79.0,202.0,3.0,1145.0,168.0,1
7.0,558.0,243.0,79.0,6.0,660.0,133.0,1
16.0,2513.0,182.0,96.0,5.0,567.0,79.0,1
3.0,1440.0,160.0,253.0,3.0,951.0,79.0,1
1.0,1036.0,183.0,45.0,6.0,730.0,150.0,1
15.0,479.0,18.0,75.0,7.0,1125.0,55.0,1
3.0,472.0,258.0,35.0,4.0,1260.0,319.0,1
16.0,2861.0,135.0,280.0,5.0,1255.0,159.0,1
15.0,563.0,18.0,129.0,3.0,980.0,50.0,1
3.0,291.0,252.0,160.0,5.0,638.0,154.0,1
1.0,1904.0,208.0,183.0,1.0,1005.0,185.0,1
7.0,817.0,79.0,172.0,7.0,1150.0,93.0,1
8.0,822.0,35.0,45.0,5.0,1240.0,92.0,1
8.0,521.0,45.0,277.0,4.0,560.0,156.0,1
5.0,2290.0,16.0,139.0,6.0,520.0,107.0,1
15.0,801.0,45.0,35.0,6.0,820.0,80.0,1
2.0,689.0,258.0,214.0,7.0,640.0,110.0,1
12.0,6848.0,253.0,246.0,3.0,1360.0,79.0,1
12.0,6993.0,230.0,79.0,4.0,1059.0,67.0,1
10.0,4280.0,132.0,208.0,6.0,420.0,130.0,1
0.0,4253.0,233.0,268.0,5.0,930.0,140.0,1
16.0,2750.0,135.0,132.0,6.0,620.0,98.0,1
5.0,1546.0,217.0,16.0,4.0,720.0,220.0,1
16.0,2584.0,16.0,96.0,4.0,1020.0,137.0,1
16.0,2048.0,135.0,80.0,5.0,895.0,68.0,1
14.0,687.0,217.0,96.0,5.0,585.0,282.0,1
15.0,1.0,75.0,129.0,1.0,420.0,60.0,1
5.0,1134.0,197.0,119.0,1.0,430.0,85.0,1
2.0,520.0,252.0,44.0,4.0,940.0,144.0,1
14.0,27.0,217.0,154.0,6.0,670.0,92.0,1
12.0,4457.0,197.0,99.0,1.0,1030.0,65.0,1
5.0,252.0,104.0,85.0,1.0,692.0,188.0,1
15.0,1055.0,216.0,182.0,5.0,900.0,75.0,1
5.0,2160.0,183.0,16.0,7.0,1130.0,124.0,1
5.0,2069.0,16.0,173.0,3.0,595.0,104.0,1
15.0,3915.0,175.0,35.0,7.0,695.0,135.0,1
12.0,4453.0,268.0,261.0,3.0,840.0,195.0,1
5.0,2250.0,153.0,197.0,7.0,950.0,187.0,1
4.0,62.0,135.0,96.0,4.0,865.0,210.0,1
1.0,1208.0,277.0,208.0,1.0,505.0,170.0,1
1.0,1635.0,148.0,260.0,4.0,905.0,250.0,1
10.0,3205.0,80.0,251.0,3.0,520.0,120.0,1
15.0,1100.0,175.0,198.0,5.0,1100.0,140.0,1
1.0,874.0,154.0,208.0,4.0,725.0,245.0,1
8.0,642.0,184.0,79.0,6.0,733.0,160.0,1
5.0,1952.0,16.0,33.0,6.0,735.0,67.0,1
14.0,1059.0,244.0,60.0,1.0,420.0,160.0,1
13.0,346.0,135.0,208.0,7.0,1064.0,154.0,1
7.0,416.0,154.0,79.0,7.0,390.0,140.0,1
6.0,7074.0,208.0,12.0,7.0,654.0,112.0,1
12.0,4664.0,112.0,197.0,5.0,890.0,80.0,1
1.0,878.0,80.0,96.0,1.0,975.0,210.0,1
13.0,169.0,159.0,208.0,4.0,657.0,157.0,1
6.0,7085.0,121.0,134.0,3.0,618.0,82.0,1
12.0,6272.0,163.0,253.0,6.0,1065.0,95.0,1
1.0,734.0,183.0,78.0,4.0,895.0,145.0,1
5.0,340.0,16.0,197.0,3.0,450.0,171.0,1
0.0,3718.0,92.0,85.0,1.0,350.0,65.0,1
15.0,272.0,258.0,243.0,3.0,745.0,75.0,1
15.0,1149.0,44.0,217.0,4.0,515.0,80.0,1
8.0,289.0,16.0,129.0,5.0,900.0,139.0,1
6.0,4975.0,71.0,16.0,5.0,575.0,100.0,1
1.0,22.0,154.0,148.0,4.0,900.0,315.0,1
3.0,585.0,130.0,104.0,1.0,705.0,179.0,1
7.0,784.0,153.0,79.0,1.0,688.0,112.0,1
1.0,1144.0,217.0,208.0,6.0,680.0,205.0,1
7.0,411.0,79.0,154.0,1.0,1090.0,147.0,1
5.0,513.0,79.0,261.0,7.0,435.0,90.0,1
1.0,1475.0,80.0,153.0,6.0,800.0,190.0,1
15.0,2549.0,79.0,139.0,7.0,1140.0,145.0,1
7.0,505.0,159.0,79.0,5.0,520.0,272.0,1
5.0,2559.0,85.0,268.0,3.0,535.0,119.0,1
6.0,5530.0,123.0,16.0,6.0,667.0,75.0,1
12.0,7756.0,49.0,261.0,5.0,1087.0,68.0,1
16.0,2872.0,13.0,135.0,1.0,470.0,96.0,1
16.0,2641.0,172.0,135.0,7.0,695.0,119.0,1
4.0,1128.0,96.0,35.0,1.0,815.0,65.0,1
15.0,2983.0,202.0,207.0,5.0,1215.0,70.0,1
8.0,19.0,260.0,45.0,4.0,1045.0,261.0,1
15.0,17.0,261.0,153.0,7.0,465.0,85.0,1
15.0,353.0,243.0,236.0,5.0,980.0,90.0,1
15.0,3655.0,277.0,268.0,3.0,1080.0,150.0,1
4.0,1107.0,208.0,96.0,1.0,854.0,135.0,1
2.0,61.0,50.0,14.0,4.0,813.0,47.0,1
8.0,203.0,16.0,48.0,5.0,1040.0,96.0,1
15.0,2660.0,280.0,154.0,5.0,480.0,90.0,1
6.0,5453.0,146.0,16.0,3.0,1105.0,90.0,1
1.0,1088.0,33.0,159.0,4.0,420.0,125.0,1
15.0,2461.0,216.0,79.0,4.0,480.0,285.0,1
13.0,344.0,214.0,253.0,4.0,455.0,118.0,1
14.0,1762.0,197.0,216.0,3.0,780.0,149.0,1
14.0,958.0,104.0,216.0,5.0,595.0,157.0,1
5.0,1275.0,148.0,261.0,5.0,565.0,325.0,1
5.0,1811.0,16.0,80.0,7.0,1140.0,147.0,1
5.0,2760.0,183.0,16.0,5.0,815.0,120.0,1
15.0,1468.0,268.0,33.0,4.0,420.0,65.0,1
9.0,206.0,128.0,203.0,3.0,300.0,36.0,1
2.0,876.0,128.0,214.0,7.0,755.0,330.0,1
15.0,760.0,228.0,175.0,4.0,390.0,165.0,1
13.0,423.0,79.0,253.0,3.0,1296.0,166.0,1
6.0,5550.0,11.0,16.0,4.0,895.0,67.0,1
8.0,291.0,16.0,129.0,5.0,630.0,143.0,1
15.0,1143.0,27.0,268.0,6.0,790.0,80.0,1
12.0,6252.0,253.0,244.0,6.0,881.0,198.0,1
15.0,2688.0,262.0,217.0,7.0,595.0,105.0,1
16.0,2709.0,75.0,135.0,3.0,630.0,62.0,1
12.0,6972.0,24.0,154.0,3.0,550.0,52.0,1
0.0,3826.0,85.0,229.0,6.0,600.0,116.0,1
1.0,632.0,80.0,35.0,3.0,1100.0,200.0,1
15.0,1515.0,214.0,262.0,6.0,520.0,85.0,1
16.0,2010.0,251.0,58.0,7.0,1036.0,67.0,1
8.0,1039.0,277.0,221.0,4.0,959.0,137.0,1
16.0,2864.0,58.0,238.0,5.0,735.0,59.0,1
15.0,3063.0,154.0,202.0,6.0,1110.0,75.0,1
7.0,483.0,184.0,217.0,7.0,875.0,225.0,1
6.0,5161.0,52.0,16.0,5.0,460.0,59.0,1
15.0,3071.0,44.0,153.0,3.0,650.0,60.0,1
1.0,1821.0,183.0,153.0,5.0,485.0,330.0,1
15.0,2887.0,202.0,264.0,7.0,940.0,80.0,1
15.0,598.0,153.0,43.0,5.0,985.0,260.0,1
5.0,1559.0,154.0,128.0,3.0,885.0,366.0,1
12.0,6294.0,79.0,83.0,4.0,964.0,62.0,1
3.0,1.0,148.0,104.0,7.0,485.0,187.0,1
14.0,577.0,277.0,217.0,7.0,1050.0,278.0,1
10.0,4420.0,35.0,159.0,3.0,360.0,80.0,1
15.0,2788.0,202.0,154.0,5.0,1140.0,75.0,1
11.0,6451.0,71.0,197.0,5.0,430.0,133.0,1
15.0,484.0,153.0,217.0,5.0,615.0,70.0,1
4.0,1475.0,135.0,80.0,3.0,1270.0,64.0,1
3.0,1320.0,45.0,35.0,4.0,363.0,77.0,1
15.0,728.0,228.0,153.0,3.0,610.0,375.0,1
8.0,127.0,16.0,277.0,6.0,800.0,84.0,1
15.0,496.0,79.0,134.0,4.0,620.0,195.0,1
3.0,1256.0,134.0,35.0,7.0,660.0,85.0,1
1.0,850.0,183.0,134.0,7.0,1255.0,150.0,1
12.0,6274.0,130.0,208.0,4.0,1174.0,156.0,1
1.0,867.0,208.0,79.0,6.0,1165.0,160.0,1
15.0,553.0,243.0,175.0,3.0,595.0,235.0,1
1.0,398.0,208.0,159.0,7.0,370.0,120.0,1
6.0,5183.0,16.0,278.0,7.0,1008.0,61.0,1
11.0,6536.0,197.0,71.0,5.0,1155.0,119.0,1
12.0,6540.0,79.0,227.0,7.0,555.0,133.0,1
5.0,2945.0,197.0,135.0,4.0,1020.0,181.0,1
5.0,1975.0,197.0,16.0,3.0,610.0,150.0,1
5.0,2578.0,243.0,261.0,4.0,375.0,120.0,1
0.0,3862.0,244.0,177.0,4.0,345.0,119.0,1
6.0,5611.0,16.0,115.0,7.0,505.0,78.0,1
4.0,1793.0,61.0,135.0,4.0,1055.0,171.0,1
11.0,6455.0,16.0,52.0,5.0,500.0,65.0,1
5.0,2325.0,45.0,16.0,5.0,900.0,121.0,1
1.0,1395.0,277.0,80.0,5.0,865.0,170.0,1
0.0,3806.0,136.0,177.0,5.0,1000.0,88.0,1
15.0,690.0,79.0,45.0,3.0,395.0,205.0,1
1.0,1878.0,262.0,80.0,4.0,360.0,205.0,1
8.0,28.0,16.0,175.0,4.0,1335.0,118.0,1
15.0,1717.0,202.0,18.0,3.0,600.0,205.0,1
5.0,2199.0,177.0,173.0,6.0,1145.0,118.0,1
12.0,6897.0,164.0,208.0,5.0,1124.0,96.0,1
5.0,2968.0,252.0,16.0,7.0,445.0,285.0,1
13.0,671.0,217.0,253.0,5.0,377.0,138.0,1
17.0,2864.0,103.0,217.0,5.0,1150.0,71.0,1
12.0,6632.0,79.0,254.0,6.0,612.0,107.0,1
5.0,2055.0,261.0,16.0,5.0,50.0,210.0,1
1.0,1091.0,80.0,243.0,1.0,960.0,185.0,1
8.0,1089.0,173.0,139.0,7.0,675.0,138.0,1
10.0,4020.0,238.0,208.0,6.0,740.0,125.0,1
1.0,776.0,153.0,154.0,5.0,1130.0,70.0,1
4.0,1727.0,45.0,135.0,7.0,345.0,206.0,1
6.0,5595.0,16.0,95.0,5.0,1236.0,84.0,1
15.0,1012.0,153.0,279.0,6.0,775.0,155.0,1
12.0,6867.0,208.0,65.0,7.0,891.0,154.0,1
15.0,3128.0,79.0,243.0,6.0,710.0,150.0,1
11.0,6407.0,71.0,197.0,6.0,800.0,130.0,1
5.0,1.0,153.0,148.0,4.0,650.0,310.0,1
15.0,1172.0,264.0,202.0,7.0,1180.0,80.0,1
6.0,7136.0,134.0,159.0,3.0,497.0,75.0,1
6.0,5088.0,16.0,132.0,1.0,600.0,67.0,1
10.0,4242.0,58.0,148.0,6.0,775.0,105.0,1
8.0,958.0,104.0,45.0,5.0,1092.0,152.0,1
1.0,743.0,80.0,154.0,5.0,995.0,205.0,1
4.0,1777.0,216.0,135.0,1.0,470.0,225.0,1
5.0,2931.0,159.0,85.0,7.0,365.0,118.0,1
1.0,479.0,80.0,252.0,5.0,735.0,260.0,1
0.0,3711.0,229.0,85.0,3.0,741.0,142.0,1
15.0,1320.0,153.0,252.0,5.0,375.0,165.0,1
10.0,4198.0,208.0,58.0,1.0,620.0,80.0,1
15.0,3047.0,264.0,153.0,5.0,915.0,65.0,1
5.0,1610.0,79.0,85.0,6.0,485.0,173.0,1
13.0,885.0,153.0,253.0,1.0,482.0,108.0,1
9.0,370.0,203.0,150.0,3.0,819.0,32.0,1
5.0,1247.0,16.0,60.0,1.0,820.0,69.0,1
4.0,421.0,135.0,258.0,1.0,1050.0,255.0,1
14.0,1472.0,216.0,228.0,5.0,580.0,69.0,1
15.0,27.0,75.0,129.0,7.0,780.0,60.0,1
6.0,5185.0,245.0,16.0,7.0,690.0,70.0,1
15.0,2984.0,217.0,154.0,3.0,430.0,85.0,1
5.0,1376.0,159.0,35.0,7.0,570.0,74.0,1
5.0,2193.0,85.0,33.0,5.0,1310.0,99.0,1
1.0,1356.0,198.0,80.0,6.0,490.0,105.0,1
11.0,6548.0,221.0,148.0,3.0,1025.0,95.0,1
15.0,856.0,253.0,243.0,7.0,1100.0,85.0,1
6.0,5062.0,132.0,16.0,1.0,330.0,53.0,1
5.0,1790.0,244.0,16.0,1.0,803.0,135.0,1
16.0,5942.0,208.0,48.0,1.0,961.0,70.0,1
5.0,1529.0,148.0,153.0,7.0,630.0,352.0,1
17.0,2854.0,103.0,217.0,3.0,465.0,71.0,1
15.0,2812.0,45.0,175.0,7.0,820.0,125.0,1
12.0,6962.0,107.0,208.0,3.0,1112.0,108.0,1
15.0,350.0,175.0,173.0,5.0,485.0,155.0,1
8.0,298.0,129.0,16.0,4.0,639.0,112.0,1
17.0,2628.0,60.0,85.0,4.0,880.0,110.0,1
14.0,1866.0,172.0,60.0,7.0,835.0,130.0,1
5.0,669.0,16.0,241.0,5.0,1319.0,101.0,1
3.0,523.0,96.0,173.0,3.0,680.0,165.0,1
1.0,2331.0,208.0,80.0,3.0,820.0,150.0,1
6.0,5116.0,146.0,16.0,7.0,623.0,91.0,1
15.0,31.0,75.0,129.0,4.0,840.0,60.0,1
5.0,314.0,183.0,16.0,1.0,678.0,117.0,1
14.0,97.0,216.0,221.0,4.0,470.0,81.0,1
13.0,36.0,203.0,253.0,4.0,1335.0,300.0,1
15.0,770.0,91.0,217.0,5.0,805.0,75.0,1
12.0,6671.0,253.0,55.0,6.0,980.0,52.0,1
14.0,1428.0,173.0,60.0,7.0,420.0,98.0,1
5.0,1877.0,16.0,223.0,5.0,1233.0,81.0,1
1.0,1740.0,264.0,80.0,5.0,450.0,175.0,1
12.0,7789.0,271.0,261.0,1.0,795.0,67.0,1
12.0,6917.0,6.0,262.0,5.0,330.0,65.0,1
5.0,1234.0,261.0,264.0,7.0,520.0,122.0,1
2.0,51.0,14.0,98.0,5.0,990.0,56.0,1
11.0,6331.0,233.0,159.0,3.0,420.0,101.0,1
5.0,2417.0,85.0,153.0,1.0,950.0,278.0,1
15.0,2357.0,261.0,79.0,1.0,545.0,90.0,1
5.0,1921.0,85.0,217.0,1.0,525.0,278.0,1
3.0,489.0,35.0,160.0,7.0,1075.0,390.0,1
12.0,6426.0,262.0,253.0,7.0,728.0,47.0,1
12.0,6243.0,244.0,154.0,4.0,389.0,201.0,1
10.0,2865.0,80.0,181.0,1.0,880.0,85.0,1
1.0,2344.0,80.0,208.0,6.0,690.0,135.0,1
16.0,2529.0,96.0,42.0,3.0,455.0,87.0,1
1.0,764.0,80.0,159.0,3.0,1115.0,195.0,1
5.0,2050.0,177.0,159.0,4.0,1135.0,162.0,1
13.0,344.0,214.0,253.0,7.0,457.0,117.0,1
6.0,4960.0,35.0,71.0,4.0,773.0,144.0,1
12.0,7011.0,263.0,154.0,5.0,390.0,57.0,1
0.0,4044.0,174.0,85.0,5.0,990.0,104.0,1
2.0,555.0,227.0,252.0,1.0,985.0,170.0,1
5.0,1753.0,45.0,197.0,3.0,530.0,162.0,1
2.0,688.0,214.0,258.0,4.0,940.0,104.0,1
4.0,1046.0,135.0,208.0,1.0,1045.0,153.0,1
1.0,1283.0,183.0,208.0,4.0,1160.0,195.0,1
4.0,198.0,79.0,135.0,1.0,360.0,143.0,1
15.0,780.0,153.0,268.0,4.0,450.0,190.0,1
1.0,1522.0,253.0,208.0,6.0,1435.0,240.0,1
1.0,1293.0,76.0,80.0,4.0,1115.0,165.0,1
1.0,1770.0,80.0,96.0,6.0,835.0,215.0,1
13.0,17.0,208.0,214.0,6.0,595.0,277.0,1
4.0,1552.0,96.0,60.0,4.0,880.0,122.0,1
13.0,264.0,217.0,79.0,7.0,430.0,112.0,1
15.0,411.0,216.0,153.0,7.0,635.0,350.0,1
11.0,6483.0,85.0,174.0,3.0,1040.0,81.0,1
12.0,4816.0,253.0,261.0,7.0,705.0,104.0,1
12.0,6661.0,253.0,191.0,7.0,937.0,36.0,1
15.0,682.0,18.0,79.0,3.0,370.0,140.0,1
14.0,1178.0,60.0,45.0,7.0,795.0,83.0,1
3.0,164.0,277.0,148.0,3.0,1260.0,152.0,1
10.0,2771.0,80.0,288.0,4.0,930.0,110.0,1
0.0,3923.0,135.0,177.0,4.0,360.0,95.0,1
12.0,7000.0,208.0,209.0,6.0,360.0,125.0,1
10.0,2819.0,80.0,162.0,4.0,1110.0,65.0,1
1.0,867.0,78.0,208.0,1.0,1035.0,135.0,1
5.0,2328.0,173.0,85.0,3.0,500.0,160.0,1
15.0,2406.0,33.0,173.0,6.0,745.0,105.0,1
1.0,318.0,80.0,78.0,3.0,1110.0,160.0,1
5.0,1627.0,16.0,104.0,5.0,515.0,119.0,1
15.0,346.0,261.0,217.0,4.0,405.0,105.0,1
2.0,569.0,154.0,214.0,4.0,805.0,143.0,1
10.0,3696.0,209.0,148.0,6.0,870.0,80.0,1
14.0,122.0,217.0,184.0,3.0,610.0,211.0,1
15.0,1981.0,173.0,129.0,6.0,1040.0,160.0,1
11.0,6626.0,85.0,120.0,4.0,1195.0,114.0,1
1.0,1952.0,2.0,80.0,5.0,715.0,100.0,1
17.0,2851.0,217.0,292.0,1.0,1064.0,71.0,1
7.0,564.0,243.0,79.0,4.0,908.0,135.0,1
5.0,210.0,153.0,148.0,3.0,420.0,295.0,1
2.0,633.0,217.0,252.0,5.0,895.0,187.0,1
7.0,103.0,197.0,79.0,1.0,375.0,131.0,1
12.0,6598.0,262.0,253.0,1.0,506.0,48.0,1
14.0,2183.0,159.0,78.0,4.0,1020.0,76.0,1
2.0,621.0,153.0,214.0,3.0,1230.0,136.0,1
6.0,7104.0,134.0,61.0,6.0,513.0,80.0,1
5.0,154.0,104.0,148.0,6.0,895.0,185.0,1
15.0,951.0,175.0,197.0,5.0,520.0,85.0,1
6.0,5307.0,129.0,16.0,5.0,937.0,122.0,1
0.0,4149.0,43.0,148.0,1.0,822.0,102.0,1
17.0,2605.0,200.0,60.0,3.0,330.0,62.0,1
16.0,5931.0,58.0,134.0,6.0,360.0,75.0,1
1.0,1865.0,139.0,80.0,7.0,1040.0,150.0,1
1.0,1300.0,80.0,177.0,4.0,1210.0,80.0,1
3.0,97.0,148.0,79.0,5.0,1270.0,272.0,1
1.0,1825.0,78.0,208.0,3.0,860.0,125.0,1
3.0,1760.0,260.0,104.0,4.0,1162.0,165.0,1
5.0,1982.0,177.0,16.0,1.0,365.0,85.0,1
1.0,1598.0,252.0,80.0,5.0,830.0,230.0,1
14.0,81.0,217.0,45.0,1.0,590.0,257.0,1
13.0,819.0,96.0,208.0,6.0,437.0,163.0,1
15.0,1898.0,202.0,217.0,6.0,485.0,110.0,1
16.0,2223.0,135.0,68.0,3.0,770.0,59.0,1
10.0,4185.0,58.0,208.0,7.0,1190.0,100.0,1
12.0,6402.0,253.0,93.0,5.0,1019.0,92.0,1
5.0,2094.0,16.0,54.0,1.0,578.0,82.0,1
12.0,4855.0,28.0,261.0,7.0,700.0,170.0,1
15.0,1752.0,253.0,243.0,1.0,530.0,85.0,1
5.0,1856.0,183.0,148.0,5.0,990.0,183.0,1
6.0,5375.0,16.0,215.0,5.0,1175.0,99.0,1
2.0,38.0,252.0,197.0,7.0,747.0,203.0,1
14.0,1822.0,60.0,35.0,5.0,695.0,122.0,1
8.0,133.0,16.0,277.0,7.0,525.0,84.0,1
15.0,1648.0,244.0,129.0,6.0,905.0,50.0,1
17.0,2608.0,54.0,60.0,5.0,434.0,66.0,1
1.0,375.0,16.0,80.0,7.0,1175.0,155.0,1
5.0,1897.0,216.0,197.0,3.0,867.0,181.0,1
5.0,1823.0,16.0,147.0,3.0,1166.0,79.0,1
12.0,6565.0,79.0,280.0,6.0,1129.0,117.0,1
5.0,1970.0,198.0,16.0,5.0,600.0,91.0,1
12.0,7811.0,261.0,110.0,6.0,660.0,112.0,1
1.0,719.0,183.0,277.0,4.0,1080.0,60.0,1
3.0,575.0,272.0,173.0,7.0,482.0,176.0,1
16.0,2941.0,80.0,135.0,4.0,670.0,64.0,1
5.0,2782.0,177.0,78.0,4.0,505.0,119.0,1
11.0,6310.0,33.0,71.0,4.0,965.0,66.0,1
5.0,1586.0,16.0,159.0,3.0,460.0,134.0,1
5.0,1266.0,16.0,177.0,4.0,1318.0,95.0,1
1.0,700.0,80.0,159.0,4.0,370.0,190.0,1
16.0,5920.0,208.0,58.0,5.0,1031.0,76.0,1
13.0,403.0,79.0,264.0,4.0,696.0,157.0,1
6.0,5030.0,11.0,16.0,5.0,985.0,61.0,1
10.0,4299.0,43.0,208.0,5.0,690.0,115.0,1
10.0,4481.0,78.0,233.0,5.0,899.0,66.0,1
7.0,499.0,79.0,48.0,6.0,805.0,162.0,1
8.0,868.0,197.0,16.0,4.0,420.0,156.0,1
16.0,2067.0,96.0,147.0,1.0,905.0,154.0,1
13.0,521.0,159.0,208.0,4.0,570.0,165.0,1
13.0,748.0,154.0,79.0,7.0,883.0,140.0,1
4.0,328.0,96.0,60.0,5.0,1065.0,128.0,1
5.0,2369.0,16.0,173.0,7.0,780.0,87.0,1
15.0,3405.0,207.0,258.0,1.0,940.0,70.0,1
15.0,391.0,139.0,172.0,3.0,445.0,100.0,1
3.0,136.0,241.0,148.0,6.0,789.0,162.0,1
5.0,1055.0,85.0,197.0,3.0,1185.0,120.0,1
5.0,1672.0,277.0,16.0,1.0,435.0,102.0,1
5.0,1030.0,244.0,16.0,7.0,972.0,148.0,1
15.0,2449.0,146.0,129.0,3.0,410.0,85.0,1
11.0,6438.0,71.0,45.0,3.0,555.0,91.0,1
1.0,2527.0,27.0,80.0,3.0,715.0,130.0,1
17.0,2615.0,234.0,60.0,4.0,560.0,85.0,1
5.0,2826.0,147.0,16.0,5.0,390.0,89.0,1
14.0,1457.0,60.0,104.0,3.0,805.0,119.0,1
15.0,174.0,262.0,79.0,3.0,785.0,140.0,1
15.0,464.0,175.0,85.0,5.0,695.0,65.0,1
15.0,1577.0,129.0,217.0,4.0,435.0,180.0,1
14.0,1242.0,217.0,78.0,6.0,795.0,248.0,1
10.0,3070.0,243.0,154.0,1.0,790.0,45.0,1
16.0,2485.0,209.0,135.0,4.0,360.0,201.0,1
5.0,1741.0,71.0,261.0,5.0,495.0,251.0,1
1.0,1952.0,2.0,80.0,7.0,715.0,100.0,1
0.0,3864.0,177.0,254.0,4.0,880.0,72.0,1
5.0,1516.0,79.0,16.0,1.0,375.0,170.0,1
14.0,517.0,207.0,217.0,7.0,990.0,77.0,1
17.0,2871.0,292.0,217.0,3.0,684.0,67.0,1
5.0,2581.0,251.0,16.0,4.0,360.0,84.0,1
12.0,6455.0,292.0,154.0,5.0,730.0,80.0,1
8.0,943.0,45.0,238.0,1.0,696.0,66.0,1
1.0,1803.0,80.0,153.0,1.0,1015.0,175.0,1
1.0,1286.0,80.0,234.0,7.0,1095.0,160.0,1
10.0,4215.0,33.0,208.0,7.0,930.0,105.0,1
13.0,706.0,217.0,79.0,5.0,1092.0,111.0,1
13.0,108.0,208.0,153.0,3.0,1090.0,247.0,1
15.0,3238.0,175.0,159.0,4.0,475.0,150.0,1
4.0,501.0,139.0,135.0,6.0,390.0,145.0,1
2.0,151.0,14.0,211.0,5.0,370.0,95.0,1
5.0,16.0,154.0,16.0,7.0,470.0,251.0,1
10.0,4108.0,208.0,147.0,6.0,480.0,145.0,1
6.0,4967.0,16.0,32.0,6.0,970.0,107.0,1
12.0,6441.0,79.0,76.0,5.0,665.0,159.0,1
7.0,319.0,78.0,184.0,3.0,375.0,130.0,1
14.0,1187.0,60.0,269.0,1.0,585.0,212.0,1
12.0,4559.0,261.0,137.0,4.0,680.0,58.0,1
1.0,541.0,80.0,91.0,1.0,1075.0,105.0,1
12.0,4588.0,253.0,261.0,3.0,1000.0,109.0,1
8.0,411.0,229.0,45.0,6.0,365.0,110.0,1
16.0,2555.0,116.0,135.0,4.0,740.0,84.0,1
0.0,3946.0,177.0,223.0,5.0,570.0,86.0,1
12.0,4466.0,261.0,80.0,5.0,510.0,160.0,1
1.0,645.0,260.0,183.0,5.0,555.0,165.0,1
10.0,3804.0,216.0,208.0,3.0,940.0,145.0,1
5.0,1998.0,16.0,197.0,1.0,810.0,162.0,1
15.0,792.0,85.0,33.0,3.0,385.0,105.0,1
12.0,6277.0,252.0,111.0,3.0,1245.0,58.0,1
10.0,3296.0,68.0,80.0,3.0,600.0,80.0,1
12.0,4690.0,154.0,261.0,5.0,463.0,107.0,1
3.0,129.0,43.0,148.0,4.0,705.0,75.0,1
15.0,1657.0,91.0,244.0,4.0,375.0,80.0,1
8.0,50.0,154.0,16.0,6.0,861.0,249.0,1
0.0,4267.0,177.0,123.0,6.0,1170.0,50.0,1
4.0,807.0,80.0,135.0,5.0,920.0,70.0,1
0.0,3874.0,268.0,16.0,3.0,819.0,98.0,1
1.0,1663.0,277.0,183.0,7.0,825.0,65.0,1
12.0,4847.0,197.0,192.0,3.0,545.0,91.0,1
8.0,718.0,159.0,48.0,6.0,1199.0,96.0,1
5.0,1674.0,173.0,197.0,5.0,925.0,216.0,1
1.0,1258.0,154.0,268.0,7.0,415.0,215.0,1
10.0,2884.0,290.0,80.0,4.0,775.0,75.0,1
12.0,6826.0,194.0,253.0,3.0,370.0,35.0,1
1.0,2455.0,208.0,217.0,3.0,450.0,240.0,1
12.0,6675.0,100.0,79.0,7.0,880.0,134.0,1
4.0,320.0,135.0,217.0,3.0,870.0,175.0,1
16.0,2633.0,41.0,135.0,4.0,671.0,69.0,1
12.0,6261.0,195.0,208.0,4.0,1160.0,60.0,1
10.0,3914.0,136.0,208.0,7.0,360.0,105.0,1
15.0,1225.0,170.0,129.0,3.0,1090.0,80.0,1
5.0,1619.0,85.0,154.0,6.0,950.0,307.0,1
6.0,7342.0,85.0,172.0,1.0,515.0,131.0,1
14.0,1829.0,35.0,216.0,5.0,1170.0,95.0,1
16.0,2526.0,96.0,119.0,1.0,420.0,134.0,1
15.0,2557.0,268.0,175.0,5.0,365.0,65.0,1
5.0,1422.0,85.0,35.0,4.0,835.0,113.0,1
15.0,702.0,2.0,268.0,5.0,680.0,135.0,1
12.0,6500.0,258.0,154.0,4.0,393.0,77.0,1
5.0,1134.0,197.0,119.0,3.0,430.0,85.0,1
15.0,27.0,45.0,22.0,3.0,1235.0,65.0,1
15.0,2450.0,153.0,264.0,7.0,840.0,70.0,1
15.0,2079.0,261.0,153.0,6.0,755.0,80.0,1
5.0,1450.0,153.0,197.0,7.0,60.0,181.0,1
4.0,469.0,253.0,135.0,1.0,360.0,225.0,1
0.0,3855.0,42.0,85.0,5.0,734.0,131.0,1
14.0,659.0,216.0,253.0,5.0,600.0,390.0,1
3.0,26.0,104.0,148.0,4.0,425.0,160.0,1
8.0,138.0,147.0,45.0,3.0,955.0,110.0,1
4.0,194.0,154.0,135.0,7.0,405.0,194.0,1
15.0,2803.0,175.0,154.0,4.0,705.0,270.0,1
15.0,602.0,129.0,131.0,1.0,665.0,60.0,1
8.0,927.0,172.0,16.0,7.0,634.0,116.0,1
16.0,2072.0,234.0,135.0,3.0,375.0,199.0,1
12.0,6916.0,79.0,2.0,3.0,940.0,70.0,1
5.0,1550.0,153.0,197.0,3.0,420.0,193.0,1
16.0,3045.0,96.0,139.0,7.0,920.0,134.0,1
6.0,4979.0,278.0,16.0,4.0,360.0,67.0,1
15.0,2235.0,154.0,153.0,6.0,700.0,65.0,1
15.0,137.0,244.0,129.0,1.0,395.0,50.0,1
15.0,196.0,252.0,79.0,3.0,670.0,160.0,1
13.0,408.0,79.0,173.0,6.0,1036.0,211.0,1
12.0,4469.0,196.0,261.0,5.0,535.0,82.0,1
1.0,1402.0,18.0,80.0,1.0,1075.0,65.0,1
13.0,917.0,134.0,252.0,5.0,1030.0,358.0,1
13.0,79.0,253.0,128.0,6.0,1145.0,331.0,1
16.0,2244.0,221.0,96.0,1.0,756.0,114.0,1
15.0,1355.0,264.0,153.0,6.0,885.0,65.0,1
16.0,2903.0,158.0,135.0,7.0,480.0,62.0,1
14.0,1710.0,60.0,173.0,4.0,782.0,98.0,1
15.0,291.0,153.0,175.0,6.0,630.0,215.0,1
0.0,3705.0,26.0,85.0,7.0,504.0,156.0,1
4.0,1602.0,18.0,135.0,1.0,1022.0,59.0,1
6.0,5159.0,177.0,132.0,5.0,1180.0,60.0,1
15.0,38.0,129.0,75.0,1.0,930.0,60.0,1
5.0,2300.0,16.0,35.0,3.0,980.0,154.0,1
10.0,4310.0,60.0,208.0,4.0,670.0,125.0,1
11.0,6609.0,148.0,234.0,4.0,666.0,90.0,1
1.0,543.0,208.0,227.0,3.0,600.0,265.0,1
15.0,1118.0,45.0,33.0,1.0,800.0,120.0,1
16.0,3032.0,135.0,60.0,5.0,470.0,144.0,1
15.0,791.0,216.0,217.0,3.0,840.0,340.0,1
10.0,4297.0,187.0,208.0,5.0,655.0,55.0,1
11.0,6382.0,21.0,85.0,6.0,420.0,60.0,1
13.0,225.0,22.0,134.0,3.0,1157.0,93.0,1
16.0,2211.0,135.0,170.0,4.0,450.0,88.0,1
3.0,98.0,79.0,148.0,1.0,59.0,213.0,1
12.0,4611.0,244.0,261.0,6.0,360.0,175.0,1
15.0,650.0,2.0,175.0,5.0,405.0,165.0,1
3.0,1222.0,233.0,35.0,3.0,535.0,100.0,1
4.0,1603.0,135.0,18.0,1.0,1075.0,58.0,1
9.0,516.0,128.0,203.0,4.0,1300.0,37.0,1
0.0,4332.0,177.0,16.0,5.0,716.0,88.0,1
16.0,2646.0,135.0,41.0,7.0,585.0,61.0,1
6.0,5272.0,190.0,177.0,1.0,390.0,76.0,1
14.0,644.0,217.0,207.0,4.0,1080.0,71.0,1
1.0,2058.0,80.0,260.0,1.0,795.0,265.0,1
1.0,1842.0,153.0,183.0,5.0,1375.0,260.0,1
12.0,6905.0,208.0,279.0,1.0,587.0,116.0,1
11.0,6467.0,35.0,148.0,3.0,720.0,83.0,1
14.0,1515.0,273.0,60.0,3.0,490.0,137.0,1
8.0,1268.0,173.0,32.0,4.0,495.0,154.0,1
17.0,2719.0,217.0,246.0,7.0,673.0,97.0,1
12.0,6676.0,100.0,79.0,6.0,472.0,139.0,1
12.0,6674.0,100.0,79.0,3.0,370.0,134.0,1
15.0,1255.0,2.0,217.0,3.0,815.0,75.0,1
6.0,5177.0,16.0,52.0,6.0,810.0,48.0,1
12.0,6229.0,253.0,18.0,6.0,1009.0,203.0,1
15.0,824.0,243.0,253.0,1.0,1085.0,90.0,1
8.0,8.0,260.0,173.0,1.0,485.0,197.0,1
11.0,6362.0,71.0,119.0,5.0,975.0,72.0,1
16.0,5976.0,208.0,157.0,3.0,963.0,72.0,1
12.0,7053.0,162.0,208.0,4.0,868.0,112.0,1
4.0,759.0,78.0,135.0,5.0,360.0,206.0,1
2.0,888.0,150.0,202.0,7.0,745.0,293.0,1
7.0,306.0,79.0,85.0,7.0,847.0,162.0,1
1.0,1150.0,264.0,208.0,7.0,705.0,240.0,1
17.0,7304.0,134.0,147.0,7.0,737.0,116.0,1
13.0,38.0,253.0,243.0,3.0,1210.0,90.0,1
16.0,3004.0,184.0,58.0,4.0,960.0,73.0,1
3.0,711.0,148.0,153.0,7.0,615.0,344.0,1
14.0,1696.0,135.0,60.0,4.0,430.0,144.0,1
1.0,868.0,183.0,78.0,5.0,1215.0,140.0,1
13.0,635.0,233.0,208.0,5.0,362.0,139.0,1
13.0,372.0,80.0,208.0,7.0,875.0,138.0,1
16.0,2257.0,96.0,221.0,7.0,635.0,80.0,1
11.0,6519.0,96.0,71.0,4.0,1170.0,140.0,1
13.0,785.0,35.0,79.0,4.0,607.0,287.0,1
16.0,2521.0,268.0,96.0,7.0,1165.0,137.0,1
10.0,3767.0,261.0,208.0,3.0,955.0,200.0,1
6.0,7114.0,148.0,134.0,5.0,1158.0,83.0,1
10.0,3980.0,208.0,136.0,6.0,875.0,120.0,1
4.0,236.0,135.0,178.0,5.0,1075.0,76.0,1
1.0,1156.0,208.0,183.0,5.0,600.0,185.0,1
6.0,5508.0,135.0,71.0,5.0,700.0,139.0,1
3.0,581.0,130.0,213.0,3.0,860.0,170.0,1
12.0,6895.0,162.0,79.0,4.0,535.0,156.0,1
11.0,6317.0,233.0,85.0,3.0,1120.0,122.0,1
12.0,6702.0,79.0,99.0,4.0,1233.0,111.0,1
14.0,1496.0,60.0,45.0,6.0,1340.0,81.0,1
13.0,699.0,134.0,260.0,3.0,498.0,222.0,1
14.0,432.0,217.0,203.0,3.0,700.0,396.0,1
14.0,1788.0,198.0,60.0,1.0,775.0,106.0,1
12.0,6560.0,18.0,79.0,4.0,692.0,134.0,1
6.0,5407.0,16.0,11.0,3.0,1374.0,51.0,1
4.0,1103.0,208.0,96.0,7.0,720.0,129.0,1
13.0,352.0,252.0,208.0,6.0,688.0,231.0,1
16.0,5924.0,136.0,208.0,1.0,360.0,110.0,1
16.0,2725.0,58.0,80.0,5.0,560.0,182.0,1
6.0,5021.0,162.0,16.0,5.0,1003.0,98.0,1
5.0,2812.0,16.0,208.0,5.0,630.0,132.0,1
13.0,729.0,134.0,277.0,5.0,1050.0,153.0,1
1.0,1284.0,80.0,60.0,6.0,1035.0,140.0,1
12.0,4844.0,261.0,230.0,3.0,1025.0,99.0,1
1.0,21.0,148.0,154.0,3.0,1150.0,385.0,1
15.0,1217.0,202.0,154.0,7.0,450.0,75.0,1
12.0,6893.0,253.0,227.0,3.0,559.0,83.0,1
3.0,134.0,241.0,148.0,5.0,562.0,158.0,1
5.0,1634.0,148.0,16.0,5.0,690.0,158.0,1
13.0,658.0,258.0,79.0,3.0,380.0,156.0,1
2.0,574.0,214.0,243.0,7.0,1210.0,139.0,1
5.0,1137.0,16.0,2.0,3.0,654.0,215.0,1
0.0,3805.0,177.0,244.0,5.0,555.0,129.0,1
9.0,218.0,128.0,150.0,7.0,352.0,41.0,1
12.0,4752.0,261.0,93.0,5.0,1296.0,108.0,1
5.0,2841.0,16.0,116.0,7.0,585.0,89.0,1
16.0,2841.0,76.0,58.0,4.0,1040.0,53.0,1
14.0,754.0,16.0,216.0,3.0,890.0,129.0,1
3.0,465.0,35.0,241.0,4.0,505.0,220.0,1
0.0,3800.0,215.0,16.0,5.0,1050.0,124.0,1
12.0,4663.0,29.0,197.0,6.0,660.0,83.0,1
10.0,3237.0,121.0,80.0,3.0,700.0,170.0,1
6.0,5013.0,268.0,177.0,3.0,685.0,74.0,1
8.0,520.0,277.0,45.0,6.0,684.0,130.0,1
15.0,110.0,91.0,153.0,6.0,560.0,115.0,1
15.0,413.0,252.0,258.0,5.0,520.0,130.0,1
16.0,2325.0,96.0,120.0,5.0,990.0,104.0,1
7.0,451.0,159.0,184.0,4.0,719.0,140.0,1
12.0,4657.0,157.0,197.0,6.0,390.0,130.0,1
15.0,3768.0,217.0,207.0,3.0,460.0,70.0,1
6.0,7120.0,159.0,134.0,6.0,1001.0,84.0,1
15.0,2453.0,217.0,205.0,5.0,960.0,155.0,1
16.0,2775.0,96.0,19.0,7.0,545.0,132.0,1
15.0,1587.0,175.0,217.0,3.0,1030.0,240.0,1
10.0,4555.0,159.0,61.0,4.0,1150.0,120.0,1
5.0,2548.0,241.0,159.0,6.0,880.0,169.0,1
15.0,860.0,217.0,264.0,7.0,1055.0,70.0,1
15.0,870.0,75.0,18.0,3.0,575.0,55.0,1
8.0,1423.0,277.0,139.0,1.0,845.0,136.0,1
12.0,6977.0,208.0,261.0,7.0,1205.0,207.0,1
11.0,6522.0,216.0,177.0,1.0,365.0,178.0,1
5.0,2868.0,197.0,117.0,1.0,625.0,66.0,1
6.0,5597.0,16.0,180.0,1.0,618.0,70.0,1
3.0,446.0,277.0,35.0,4.0,1180.0,165.0,1
12.0,6670.0,248.0,253.0,4.0,413.0,65.0,1
16.0,5959.0,285.0,208.0,7.0,703.0,102.0,1
6.0,7105.0,229.0,134.0,3.0,856.0,114.0,1
10.0,4146.0,148.0,61.0,5.0,895.0,125.0,1
17.0,2966.0,153.0,253.0,3.0,570.0,95.0,1
8.0,917.0,45.0,184.0,7.0,1212.0,125.0,1
13.0,664.0,253.0,208.0,1.0,361.0,256.0,1
12.0,6972.0,24.0,154.0,4.0,550.0,52.0,1
12.0,6498.0,154.0,280.0,7.0,966.0,80.0,1
15.0,998.0,45.0,233.0,3.0,1185.0,65.0,1
15.0,919.0,45.0,43.0,3.0,595.0,65.0,1
12.0,6257.0,99.0,79.0,7.0,724.0,118.0,1
12.0,4809.0,71.0,58.0,5.0,665.0,70.0,1
10.0,4155.0,208.0,85.0,3.0,775.0,80.0,1
15.0,2461.0,13.0,75.0,1.0,830.0,65.0,1
15.0,2020.0,34.0,214.0,3.0,1085.0,75.0,1
0.0,3763.0,108.0,177.0,5.0,697.0,67.0,1
13.0,530.0,208.0,197.0,1.0,391.0,94.0,1
6.0,5512.0,16.0,186.0,7.0,770.0,88.0,1
2.0,349.0,202.0,252.0,4.0,1210.0,120.0,1
14.0,17.0,148.0,217.0,5.0,990.0,340.0,1
14.0,939.0,197.0,217.0,3.0,455.0,223.0,1
3.0,1259.0,35.0,134.0,3.0,630.0,99.0,1
17.0,1007.0,161.0,128.0,5.0,1110.0,29.0,1
12.0,6583.0,79.0,65.0,5.0,485.0,32.0,1
5.0,1570.0,268.0,16.0,7.0,615.0,90.0,1
13.0,172.0,253.0,35.0,6.0,511.0,337.0,1
15.0,823.0,154.0,262.0,7.0,680.0,85.0,1
6.0,5602.0,19.0,16.0,7.0,991.0,65.0,1
1.0,2034.0,217.0,80.0,1.0,1050.0,130.0,1
15.0,1021.0,33.0,198.0,7.0,520.0,95.0,1
5.0,2613.0,285.0,16.0,7.0,390.0,63.0,1
17.0,2767.0,60.0,244.0,3.0,965.0,190.0,1
1.0,2417.0,80.0,154.0,6.0,640.0,205.0,1
15.0,3025.0,175.0,141.0,6.0,535.0,130.0,1
5.0,1742.0,261.0,111.0,5.0,1200.0,112.0,1
16.0,5989.0,247.0,208.0,5.0,761.0,44.0,1
15.0,820.0,33.0,175.0,6.0,665.0,85.0,1
14.0,687.0,217.0,96.0,7.0,585.0,282.0,1
6.0,5364.0,180.0,177.0,4.0,375.0,76.0,1
6.0,5032.0,70.0,16.0,5.0,858.0,50.0,1
0.0,4113.0,78.0,139.0,4.0,890.0,121.0,1
1.0,2097.0,80.0,244.0,7.0,635.0,65.0,1
12.0,6242.0,79.0,205.0,4.0,623.0,84.0,1
10.0,3973.0,208.0,279.0,5.0,1045.0,125.0,1
1.0,1477.0,80.0,18.0,6.0,625.0,55.0,1
3.0,345.0,148.0,267.0,1.0,477.0,183.0,1
12.0,6246.0,154.0,100.0,1.0,515.0,68.0,1
5.0,2120.0,208.0,85.0,3.0,420.0,90.0,1
16.0,2350.0,58.0,184.0,4.0,1005.0,77.0,1
9.0,258.0,128.0,150.0,4.0,737.0,43.0,1
12.0,4626.0,253.0,154.0,1.0,420.0,75.0,1
13.0,218.0,264.0,79.0,1.0,1049.0,138.0,1
6.0,5152.0,16.0,11.0,6.0,1155.0,61.0,1
15.0,1180.0,207.0,217.0,7.0,960.0,75.0,1
17.0,7246.0,172.0,208.0,3.0,648.0,87.0,1
15.0,944.0,204.0,75.0,7.0,820.0,50.0,1
8.0,198.0,16.0,78.0,6.0,827.0,101.0,1
14.0,1710.0,60.0,173.0,5.0,782.0,98.0,1
10.0,2975.0,80.0,1.0,6.0,975.0,50.0,1
12.0,6818.0,208.0,56.0,3.0,477.0,56.0,1
4.0,208.0,214.0,135.0,5.0,1415.0,227.0,1
16.0,3143.0,58.0,213.0,1.0,520.0,169.0,1
11.0,6273.0,85.0,228.0,6.0,605.0,106.0,1
16.0,3134.0,96.0,33.0,6.0,899.0,141.0,1
5.0,1634.0,148.0,16.0,7.0,690.0,158.0,1
17.0,2896.0,217.0,83.0,7.0,965.0,104.0,1
5.0,1442.0,16.0,197.0,1.0,520.0,179.0,1
4.0,1834.0,96.0,252.0,3.0,725.0,369.0,1
12.0,4446.0,261.0,28.0,7.0,915.0,80.0,1
15.0,1030.0,173.0,104.0,7.0,1145.0,55.0,1
10.0,4136.0,148.0,139.0,3.0,1020.0,145.0,1
1.0,867.0,78.0,208.0,7.0,1035.0,135.0,1
5.0,1192.0,261.0,78.0,1.0,620.0,240.0,1
13.0,956.0,79.0,208.0,3.0,712.0,144.0,1
10.0,2855.0,80.0,129.0,6.0,795.0,70.0,1
5.0,2896.0,16.0,184.0,7.0,500.0,126.0,1
3.0,540.0,213.0,96.0,4.0,710.0,168.0,1
15.0,3596.0,173.0,182.0,7.0,540.0,170.0,1
15.0,1047.0,153.0,264.0,3.0,1250.0,65.0,1
6.0,5324.0,16.0,47.0,1.0,740.0,57.0,1
10.0,4537.0,233.0,148.0,7.0,1030.0,105.0,1
5.0,2896.0,16.0,184.0,3.0,500.0,126.0,1
15.0,3312.0,75.0,172.0,4.0,460.0,90.0,1
15.0,300.0,153.0,79.0,5.0,745.0,115.0,1
11.0,6421.0,96.0,71.0,1.0,385.0,140.0,1
7.0,505.0,159.0,79.0,1.0,520.0,272.0,1
1.0,600.0,253.0,80.0,5.0,440.0,210.0,1
3.0,934.0,160.0,208.0,6.0,654.0,231.0,1
1.0,2037.0,33.0,183.0,4.0,360.0,135.0,1
16.0,2412.0,135.0,204.0,4.0,1175.0,88.0,1
6.0,4971.0,205.0,16.0,1.0,1048.0,142.0,1
5.0,319.0,16.0,233.0,3.0,900.0,85.0,1
12.0,6582.0,253.0,51.0,5.0,960.0,93.0,1
1.0,1552.0,173.0,183.0,1.0,510.0,60.0,1
0.0,3704.0,75.0,177.0,5.0,705.0,90.0,1
5.0,2736.0,177.0,159.0,5.0,880.0,160.0,1
3.0,1203.0,43.0,241.0,5.0,420.0,186.0,1
17.0,2829.0,217.0,280.0,4.0,1186.0,46.0,1
5.0,2984.0,197.0,184.0,3.0,680.0,68.0,1
16.0,2770.0,135.0,213.0,1.0,825.0,144.0,1
15.0,925.0,262.0,154.0,1.0,715.0,80.0,1
15.0,326.0,33.0,277.0,5.0,840.0,105.0,1
11.0,6427.0,273.0,85.0,3.0,990.0,100.0,1
14.0,498.0,79.0,60.0,3.0,55.0,179.0,1
6.0,4991.0,200.0,16.0,4.0,380.0,81.0,1
16.0,5940.0,238.0,208.0,5.0,793.0,121.0,1
13.0,261.0,253.0,154.0,1.0,364.0,95.0,1
8.0,654.0,244.0,16.0,6.0,760.0,129.0,1
15.0,2049.0,280.0,243.0,3.0,1085.0,75.0,1
17.0,2757.0,217.0,44.0,1.0,1067.0,87.0,1
5.0,1253.0,16.0,221.0,3.0,980.0,104.0,1
1.0,1147.0,80.0,217.0,3.0,1015.0,155.0,1
13.0,679.0,208.0,243.0,6.0,925.0,269.0,1
14.0,277.0,217.0,135.0,4.0,1190.0,155.0,1
12.0,6552.0,79.0,285.0,6.0,680.0,158.0,1
16.0,2641.0,172.0,135.0,6.0,825.0,122.0,1
17.0,2677.0,245.0,60.0,6.0,667.0,74.0,1
1.0,257.0,148.0,153.0,5.0,990.0,360.0,1
1.0,863.0,80.0,183.0,5.0,470.0,165.0,1
12.0,4673.0,261.0,44.0,4.0,1191.0,115.0,1
15.0,821.0,153.0,104.0,3.0,575.0,275.0,1
17.0,2639.0,60.0,162.0,7.0,1350.0,133.0,1
12.0,4724.0,160.0,261.0,5.0,1089.0,111.0,1
4.0,1890.0,264.0,135.0,1.0,525.0,187.0,1
15.0,2716.0,175.0,134.0,1.0,420.0,105.0,1
12.0,6365.0,208.0,195.0,5.0,961.0,48.0,1
1.0,1825.0,78.0,208.0,6.0,860.0,125.0,1
10.0,4245.0,208.0,147.0,7.0,485.0,145.0,1
15.0,474.0,209.0,33.0,3.0,770.0,125.0,1
16.0,2150.0,96.0,42.0,7.0,635.0,64.0,1
15.0,770.0,262.0,252.0,5.0,1075.0,115.0,1
13.0,264.0,217.0,79.0,5.0,424.0,111.0,1
12.0,4553.0,154.0,153.0,1.0,375.0,70.0,1
0.0,4022.0,177.0,285.0,5.0,1132.0,79.0,1
15.0,1584.0,45.0,184.0,3.0,1145.0,130.0,1
5.0,1811.0,16.0,80.0,4.0,1140.0,147.0,1
1.0,383.0,268.0,80.0,4.0,1005.0,115.0,1
15.0,3833.0,75.0,279.0,4.0,965.0,55.0,1
15.0,897.0,217.0,264.0,1.0,445.0,80.0,1
16.0,2357.0,135.0,165.0,7.0,1280.0,68.0,1
15.0,684.0,217.0,154.0,1.0,1055.0,80.0,1
15.0,2033.0,87.0,33.0,6.0,870.0,95.0,1
15.0,1747.0,131.0,129.0,4.0,600.0,60.0,1
15.0,339.0,153.0,279.0,3.0,845.0,155.0,1
13.0,377.0,217.0,79.0,4.0,994.0,110.0,1
1.0,2431.0,80.0,154.0,3.0,740.0,200.0,1
15.0,218.0,153.0,252.0,4.0,1215.0,165.0,1
1.0,1794.0,80.0,18.0,1.0,770.0,60.0,1
10.0,3728.0,96.0,208.0,5.0,960.0,165.0,1
15.0,3484.0,252.0,262.0,5.0,1145.0,105.0,1
14.0,587.0,135.0,217.0,4.0,1080.0,183.0,1
5.0,2836.0,128.0,197.0,7.0,1120.0,465.0,1
14.0,873.0,221.0,60.0,1.0,630.0,92.0,1
10.0,3769.0,16.0,208.0,7.0,570.0,125.0,1
14.0,632.0,44.0,217.0,4.0,410.0,87.0,1
15.0,48.0,173.0,129.0,7.0,955.0,155.0,1
1.0,1367.0,80.0,135.0,3.0,1205.0,70.0,1
7.0,841.0,79.0,252.0,7.0,990.0,175.0,1
8.0,510.0,159.0,184.0,7.0,975.0,145.0,1
16.0,2409.0,58.0,172.0,5.0,1092.0,124.0,1
15.0,996.0,244.0,75.0,3.0,1165.0,60.0,1
13.0,643.0,208.0,214.0,4.0,909.0,280.0,1
3.0,50.0,104.0,148.0,7.0,1185.0,165.0,1
2.0,730.0,252.0,135.0,4.0,680.0,250.0,1
15.0,2810.0,262.0,252.0,7.0,605.0,120.0,1
0.0,3663.0,61.0,71.0,6.0,875.0,57.0,1
14.0,457.0,221.0,217.0,4.0,440.0,294.0,1
10.0,2929.0,80.0,41.0,3.0,945.0,80.0,1
13.0,569.0,277.0,208.0,3.0,694.0,171.0,1
16.0,2019.0,121.0,135.0,1.0,845.0,154.0,1
15.0,417.0,45.0,268.0,4.0,425.0,145.0,1
5.0,2957.0,85.0,184.0,3.0,1045.0,71.0,1
12.0,6481.0,79.0,136.0,4.0,1301.0,77.0,1
16.0,2921.0,119.0,135.0,1.0,388.0,182.0,1
1.0,828.0,258.0,208.0,7.0,450.0,255.0,1
5.0,1582.0,261.0,214.0,3.0,1305.0,124.0,1
4.0,1678.0,244.0,135.0,1.0,1005.0,65.0,1
16.0,2119.0,172.0,135.0,4.0,625.0,118.0,1
15.0,3762.0,236.0,258.0,4.0,1010.0,60.0,1
5.0,582.0,16.0,159.0,4.0,880.0,133.0,1
5.0,2956.0,243.0,148.0,3.0,390.0,324.0,1
15.0,775.0,153.0,202.0,4.0,1135.0,90.0,1
1.0,1145.0,80.0,44.0,5.0,785.0,205.0,1
1.0,1008.0,80.0,132.0,4.0,885.0,95.0,1
12.0,6583.0,65.0,79.0,7.0,593.0,49.0,1
15.0,3074.0,173.0,241.0,7.0,1050.0,50.0,1
1.0,1775.0,241.0,80.0,5.0,475.0,185.0,1
1.0,451.0,233.0,208.0,7.0,500.0,135.0,1
1.0,1272.0,227.0,80.0,5.0,720.0,165.0,1
5.0,2968.0,252.0,16.0,4.0,445.0,285.0,1
14.0,1749.0,208.0,216.0,5.0,580.0,115.0,1
10.0,3330.0,254.0,80.0,1.0,960.0,85.0,1
1.0,244.0,154.0,173.0,5.0,530.0,275.0,1
5.0,2041.0,261.0,154.0,4.0,1317.0,121.0,1
4.0,240.0,18.0,135.0,1.0,345.0,55.0,1
8.0,132.0,277.0,16.0,7.0,380.0,95.0,1
15.0,1819.0,131.0,18.0,6.0,785.0,60.0,1
8.0,1468.0,173.0,175.0,4.0,1248.0,165.0,1
6.0,5011.0,85.0,52.0,5.0,520.0,110.0,1
14.0,1093.0,216.0,208.0,7.0,830.0,139.0,1
5.0,1289.0,134.0,16.0,4.0,1058.0,120.0,1
15.0,824.0,243.0,253.0,7.0,1085.0,90.0,1
1.0,1670.0,18.0,208.0,4.0,360.0,165.0,1
1.0,744.0,80.0,159.0,5.0,1035.0,210.0,1
13.0,499.0,173.0,134.0,6.0,1125.0,130.0,1
8.0,1267.0,32.0,173.0,6.0,629.0,142.0,1
5.0,2524.0,128.0,16.0,1.0,1060.0,515.0,1
10.0,3064.0,243.0,154.0,5.0,1195.0,45.0,1
14.0,1809.0,221.0,60.0,5.0,550.0,98.0,1
1.0,2546.0,173.0,148.0,1.0,505.0,150.0,1
1.0,1970.0,79.0,80.0,6.0,865.0,115.0,1
0.0,3679.0,281.0,85.0,3.0,1023.0,77.0,1
11.0,6260.0,197.0,71.0,1.0,685.0,116.0,1
15.0,654.0,61.0,217.0,1.0,680.0,270.0,1
7.0,478.0,153.0,184.0,6.0,1040.0,205.0,1
1.0,1116.0,252.0,80.0,7.0,930.0,225.0,1
14.0,1440.0,33.0,60.0,5.0,360.0,74.0,1
8.0,285.0,16.0,129.0,4.0,1260.0,134.0,1
16.0,2517.0,245.0,96.0,3.0,1160.0,127.0,1
12.0,6473.0,140.0,154.0,3.0,865.0,65.0,1
5.0,1431.0,78.0,177.0,6.0,695.0,150.0,1
16.0,3016.0,135.0,288.0,3.0,1195.0,101.0,1
3.0,612.0,147.0,148.0,6.0,685.0,125.0,1
3.0,701.0,148.0,260.0,7.0,360.0,218.0,1
10.0,3393.0,80.0,184.0,4.0,390.0,140.0,1
8.0,1185.0,277.0,119.0,5.0,740.0,160.0,1
12.0,6527.0,79.0,199.0,7.0,690.0,56.0,1
13.0,306.0,154.0,45.0,3.0,650.0,303.0,1
11.0,6595.0,148.0,208.0,1.0,936.0,174.0,1
5.0,1863.0,78.0,197.0,1.0,972.0,166.0,1
11.0,6439.0,71.0,135.0,1.0,990.0,173.0,1
14.0,953.0,216.0,60.0,4.0,820.0,110.0,1
6.0,5170.0,16.0,136.0,6.0,522.0,153.0,1
2.0,730.0,14.0,252.0,6.0,365.0,205.0,1
8.0,206.0,48.0,16.0,3.0,1176.0,118.0,1
0.0,4303.0,177.0,27.0,3.0,855.0,60.0,1
16.0,2446.0,135.0,204.0,5.0,1010.0,83.0,1
10.0,4371.0,205.0,208.0,6.0,800.0,95.0,1
4.0,318.0,96.0,277.0,5.0,1215.0,186.0,1
1.0,1355.0,80.0,217.0,5.0,705.0,155.0,1
16.0,5978.0,134.0,43.0,5.0,1102.0,69.0,1
8.0,812.0,35.0,45.0,5.0,510.0,95.0,1
5.0,1416.0,16.0,209.0,3.0,445.0,98.0,1
4.0,1714.0,135.0,262.0,5.0,560.0,254.0,1
15.0,1138.0,251.0,153.0,1.0,1015.0,270.0,1
5.0,2310.0,16.0,139.0,3.0,888.0,99.0,1
15.0,377.0,91.0,217.0,3.0,1040.0,75.0,1
15.0,698.0,258.0,154.0,3.0,950.0,70.0,1
15.0,1385.0,175.0,209.0,5.0,1240.0,120.0,1
17.0,2680.0,162.0,60.0,7.0,981.0,113.0,1
12.0,4794.0,207.0,261.0,7.0,365.0,104.0,1
15.0,872.0,175.0,153.0,1.0,450.0,255.0,1
12.0,6615.0,79.0,122.0,1.0,677.0,120.0,1
4.0,32.0,198.0,135.0,4.0,810.0,75.0,1
12.0,6394.0,102.0,79.0,4.0,428.0,130.0,1
10.0,2932.0,41.0,80.0,6.0,1060.0,90.0,1
10.0,4586.0,197.0,159.0,4.0,525.0,160.0,1
2.0,70.0,14.0,149.0,5.0,1185.0,105.0,1
10.0,3937.0,240.0,208.0,4.0,605.0,70.0,1
15.0,1747.0,131.0,129.0,7.0,600.0,60.0,1
15.0,2200.0,216.0,241.0,1.0,735.0,185.0,1
1.0,1358.0,208.0,35.0,7.0,1340.0,130.0,1
5.0,1578.0,97.0,16.0,6.0,740.0,121.0,1
15.0,1955.0,175.0,85.0,1.0,935.0,70.0,1
5.0,1219.0,85.0,197.0,1.0,575.0,130.0,1
5.0,2856.0,243.0,148.0,5.0,1350.0,319.0,1
15.0,385.0,159.0,45.0,5.0,960.0,80.0,1
1.0,2238.0,208.0,183.0,7.0,740.0,185.0,1
5.0,1763.0,78.0,197.0,5.0,826.0,174.0,1
10.0,3301.0,80.0,254.0,4.0,1350.0,70.0,1
5.0,1.0,153.0,148.0,5.0,650.0,310.0,1
14.0,56.0,208.0,216.0,5.0,360.0,119.0,1
6.0,4965.0,16.0,251.0,3.0,725.0,80.0,1
15.0,380.0,197.0,175.0,4.0,830.0,90.0,1
12.0,6384.0,34.0,208.0,3.0,402.0,198.0,1
3.0,608.0,148.0,229.0,7.0,1340.0,74.0,1
4.0,1162.0,208.0,96.0,3.0,1155.0,122.0,1
10.0,4117.0,278.0,208.0,7.0,370.0,110.0,1
5.0,2049.0,16.0,253.0,4.0,505.0,334.0,1
2.0,537.0,207.0,252.0,7.0,380.0,166.0,1
15.0,317.0,198.0,173.0,4.0,1140.0,95.0,1
1.0,540.0,183.0,85.0,3.0,1150.0,180.0,1
13.0,676.0,208.0,159.0,5.0,600.0,132.0,1
14.0,1245.0,216.0,277.0,7.0,1080.0,168.0,1
2.0,517.0,264.0,252.0,7.0,480.0,173.0,1
5.0,1941.0,71.0,217.0,1.0,585.0,258.0,1
13.0,976.0,79.0,134.0,1.0,944.0,201.0,1
0.0,3988.0,85.0,237.0,4.0,910.0,95.0,1
15.0,2012.0,44.0,217.0,1.0,785.0,80.0,1
17.0,2715.0,217.0,100.0,6.0,1086.0,102.0,1
5.0,1551.0,197.0,153.0,5.0,1025.0,206.0,1
5.0,1030.0,244.0,16.0,5.0,975.0,145.0,1
15.0,844.0,129.0,18.0,7.0,895.0,50.0,1
15.0,918.0,173.0,216.0,1.0,620.0,145.0,1
15.0,848.0,154.0,280.0,4.0,940.0,75.0,1
15.0,1451.0,154.0,217.0,4.0,790.0,75.0,1
16.0,2358.0,27.0,135.0,1.0,675.0,114.0,1
0.0,3724.0,0.0,85.0,5.0,360.0,115.0,1
12.0,6508.0,253.0,18.0,7.0,656.0,203.0,1
6.0,7127.0,76.0,208.0,6.0,946.0,74.0,1
8.0,560.0,16.0,32.0,1.0,984.0,101.0,1
0.0,4232.0,82.0,197.0,7.0,757.0,63.0,1
15.0,2631.0,153.0,262.0,3.0,1145.0,95.0,1
12.0,4811.0,261.0,202.0,7.0,1006.0,122.0,1
12.0,6300.0,100.0,154.0,4.0,360.0,59.0,1
11.0,6546.0,221.0,85.0,5.0,815.0,70.0,1
5.0,2997.0,148.0,214.0,4.0,1110.0,382.0,1
15.0,1122.0,153.0,45.0,1.0,785.0,270.0,1
10.0,2717.0,239.0,80.0,6.0,445.0,85.0,1
0.0,4278.0,13.0,177.0,3.0,965.0,120.0,1
2.0,151.0,211.0,206.0,1.0,516.0,45.0,1
10.0,3229.0,80.0,155.0,4.0,1270.0,70.0,1
5.0,1139.0,234.0,16.0,4.0,1047.0,116.0,1
5.0,1152.0,128.0,253.0,3.0,1405.0,311.0,1
13.0,50.0,80.0,208.0,5.0,1044.0,136.0,1
13.0,431.0,61.0,208.0,6.0,659.0,76.0,1
8.0,453.0,198.0,16.0,5.0,610.0,81.0,1
8.0,139.0,45.0,147.0,5.0,1205.0,115.0,1
12.0,6249.0,244.0,154.0,1.0,853.0,197.0,1
10.0,3943.0,208.0,279.0,4.0,520.0,120.0,1
12.0,7009.0,208.0,130.0,6.0,665.0,120.0,1
8.0,402.0,16.0,139.0,4.0,615.0,97.0,1
1.0,385.0,45.0,80.0,3.0,420.0,215.0,1
12.0,6450.0,253.0,44.0,3.0,1140.0,69.0,1
1.0,386.0,208.0,159.0,3.0,535.0,120.0,1
14.0,948.0,233.0,60.0,6.0,1070.0,64.0,1
5.0,1524.0,244.0,16.0,1.0,480.0,139.0,1
8.0,716.0,159.0,48.0,3.0,670.0,96.0,1
1.0,2004.0,208.0,183.0,7.0,940.0,185.0,1
5.0,1505.0,85.0,173.0,4.0,735.0,160.0,1
9.0,535.0,203.0,128.0,6.0,621.0,34.0,1
6.0,7079.0,85.0,134.0,7.0,876.0,90.0,1
6.0,5014.0,136.0,16.0,1.0,330.0,132.0,1
10.0,2703.0,80.0,190.0,1.0,565.0,90.0,1
15.0,42.0,217.0,129.0,1.0,750.0,150.0,1
0.0,4169.0,42.0,85.0,1.0,970.0,127.0,1
1.0,2356.0,80.0,208.0,7.0,905.0,140.0,1
10.0,4021.0,208.0,62.0,1.0,720.0,50.0,1
7.0,38.0,252.0,79.0,6.0,375.0,154.0,1
1.0,2039.0,183.0,208.0,7.0,1255.0,190.0,1
15.0,580.0,251.0,268.0,3.0,590.0,70.0,1
10.0,4353.0,208.0,58.0,4.0,1170.0,80.0,1
12.0,4809.0,71.0,58.0,1.0,665.0,70.0,1
8.0,139.0,45.0,147.0,4.0,1205.0,115.0,1
1.0,1404.0,241.0,208.0,1.0,945.0,195.0,1
5.0,2865.0,43.0,16.0,3.0,370.0,154.0,1
10.0,2919.0,80.0,41.0,5.0,620.0,80.0,1
2.0,129.0,252.0,98.0,3.0,1150.0,235.0,1
6.0,5175.0,16.0,33.0,5.0,1130.0,70.0,1
16.0,2454.0,177.0,135.0,5.0,735.0,99.0,1
15.0,2105.0,198.0,175.0,7.0,1010.0,135.0,1
6.0,5061.0,254.0,16.0,1.0,907.0,109.0,1
15.0,882.0,45.0,209.0,5.0,855.0,50.0,1
4.0,434.0,217.0,96.0,5.0,1415.0,264.0,1
11.0,6482.0,71.0,233.0,4.0,1140.0,92.0,1
12.0,6360.0,253.0,207.0,1.0,1023.0,76.0,1
5.0,2798.0,16.0,229.0,7.0,875.0,149.0,1
1.0,2065.0,178.0,80.0,3.0,380.0,95.0,1
14.0,1182.0,60.0,159.0,4.0,866.0,107.0,1
0.0,4316.0,16.0,285.0,5.0,1135.0,55.0,1
3.0,684.0,78.0,35.0,4.0,855.0,83.0,1
4.0,149.0,104.0,135.0,3.0,902.0,167.0,1
12.0,4512.0,261.0,253.0,6.0,1005.0,129.0,1
5.0,2527.0,16.0,104.0,7.0,1298.0,114.0,1
5.0,2761.0,216.0,16.0,4.0,690.0,149.0,1
5.0,2398.0,241.0,197.0,4.0,940.0,221.0,1
16.0,2332.0,96.0,121.0,4.0,1165.0,118.0,1
13.0,532.0,208.0,35.0,5.0,605.0,136.0,1
15.0,756.0,153.0,236.0,7.0,855.0,75.0,1
5.0,1231.0,214.0,261.0,5.0,627.0,103.0,1
14.0,1866.0,60.0,234.0,3.0,1075.0,62.0,1
12.0,6276.0,44.0,253.0,5.0,430.0,80.0,1
14.0,723.0,216.0,208.0,6.0,950.0,145.0,1
5.0,1505.0,85.0,173.0,5.0,735.0,160.0,1
5.0,2959.0,197.0,268.0,3.0,1170.0,96.0,1
16.0,5894.0,208.0,285.0,4.0,1116.0,89.0,1
6.0,5233.0,41.0,16.0,3.0,345.0,97.0,1
1.0,2301.0,208.0,80.0,5.0,360.0,150.0,1
1.0,1309.0,45.0,80.0,4.0,620.0,220.0,1
6.0,5044.0,87.0,16.0,4.0,330.0,68.0,1
15.0,1089.0,153.0,261.0,3.0,640.0,80.0,1
5.0,1772.0,85.0,148.0,4.0,1042.0,118.0,1
17.0,2845.0,91.0,217.0,3.0,510.0,99.0,1
14.0,57.0,217.0,197.0,7.0,585.0,189.0,1
5.0,2493.0,234.0,16.0,5.0,586.0,114.0,1
15.0,843.0,217.0,153.0,5.0,995.0,65.0,1
0.0,3824.0,221.0,197.0,1.0,1016.0,144.0,1
5.0,1745.0,85.0,197.0,7.0,815.0,113.0,1
14.0,2132.0,159.0,35.0,4.0,900.0,72.0,1
15.0,121.0,262.0,154.0,5.0,970.0,80.0,1
4.0,701.0,96.0,104.0,5.0,630.0,185.0,1
6.0,7121.0,134.0,223.0,7.0,1139.0,152.0,1
0.0,4322.0,33.0,197.0,7.0,480.0,144.0,1
5.0,2003.0,205.0,197.0,5.0,436.0,74.0,1
14.0,829.0,85.0,60.0,3.0,390.0,103.0,1
5.0,1231.0,214.0,261.0,4.0,627.0,103.0,1
14.0,1695.0,60.0,241.0,6.0,870.0,114.0,1
15.0,878.0,61.0,175.0,1.0,1045.0,70.0,1
15.0,680.0,243.0,258.0,5.0,710.0,80.0,1
2.0,564.0,214.0,154.0,6.0,700.0,140.0,1
1.0,2200.0,153.0,80.0,6.0,850.0,165.0,1
4.0,677.0,216.0,135.0,6.0,747.0,223.0,1
1.0,620.0,80.0,244.0,4.0,855.0,65.0,1
8.0,443.0,104.0,184.0,4.0,715.0,196.0,1
14.0,1434.0,60.0,45.0,5.0,585.0,86.0,1
0.0,3720.0,285.0,85.0,3.0,435.0,108.0,1
4.0,1512.0,258.0,135.0,4.0,740.0,220.0,1
15.0,3403.0,2.0,45.0,3.0,510.0,220.0,1
17.0,1047.0,161.0,128.0,3.0,890.0,29.0,1
6.0,7134.0,134.0,85.0,3.0,1024.0,97.0,1
14.0,2047.0,35.0,78.0,3.0,1140.0,96.0,1
15.0,1257.0,45.0,146.0,6.0,665.0,165.0,1
13.0,270.0,79.0,173.0,5.0,767.0,205.0,1
12.0,6381.0,184.0,208.0,4.0,841.0,50.0,1
1.0,2413.0,204.0,80.0,7.0,450.0,65.0,1
16.0,5901.0,195.0,208.0,3.0,560.0,56.0,1
12.0,7051.0,253.0,6.0,5.0,930.0,79.0,1
15.0,1933.0,175.0,61.0,1.0,465.0,70.0,1
17.0,2871.0,292.0,217.0,1.0,684.0,67.0,1
15.0,1015.0,45.0,228.0,3.0,715.0,70.0,1
8.0,9.0,173.0,260.0,7.0,700.0,159.0,1
15.0,534.0,279.0,75.0,5.0,1225.0,60.0,1
3.0,1011.0,35.0,148.0,5.0,650.0,66.0,1
15.0,400.0,173.0,175.0,3.0,1090.0,175.0,1
17.0,2625.0,233.0,60.0,1.0,556.0,68.0,1
15.0,1569.0,217.0,236.0,7.0,920.0,110.0,1
10.0,3226.0,68.0,80.0,4.0,1200.0,80.0,1
1.0,803.0,80.0,183.0,5.0,540.0,155.0,1
15.0,408.0,268.0,173.0,3.0,945.0,140.0,1
16.0,2704.0,177.0,135.0,1.0,562.0,106.0,1
10.0,3600.0,54.0,183.0,5.0,375.0,105.0,1
5.0,2765.0,85.0,233.0,3.0,615.0,105.0,1
8.0,363.0,159.0,16.0,3.0,420.0,153.0,1
14.0,807.0,78.0,217.0,4.0,420.0,320.0,1
2.0,318.0,252.0,253.0,4.0,600.0,134.0,1
1.0,538.0,44.0,80.0,4.0,410.0,185.0,1
10.0,4604.0,159.0,233.0,7.0,1265.0,100.0,1
0.0,3867.0,90.0,85.0,3.0,995.0,88.0,1
16.0,2035.0,135.0,221.0,4.0,455.0,158.0,1
12.0,6339.0,243.0,154.0,5.0,1118.0,44.0,1
4.0,1854.0,96.0,213.0,7.0,955.0,182.0,1
4.0,223.0,14.0,252.0,3.0,49.0,201.0,1
6.0,7070.0,237.0,208.0,3.0,360.0,116.0,1
5.0,2425.0,45.0,16.0,7.0,1050.0,129.0,1
11.0,6762.0,204.0,197.0,6.0,435.0,129.0,1
5.0,2832.0,261.0,145.0,6.0,1195.0,62.0,1
10.0,3674.0,60.0,183.0,5.0,1155.0,130.0,1
15.0,673.0,75.0,244.0,1.0,365.0,65.0,1
3.0,662.0,173.0,43.0,3.0,1104.0,149.0,1
5.0,2033.0,16.0,198.0,4.0,970.0,100.0,1
4.0,1662.0,135.0,241.0,7.0,1160.0,131.0,1
8.0,227.0,184.0,159.0,6.0,798.0,121.0,1
15.0,2888.0,213.0,141.0,4.0,820.0,160.0,1
14.0,1106.0,60.0,216.0,7.0,680.0,95.0,1
6.0,5467.0,16.0,285.0,4.0,701.0,51.0,1
2.0,3.0,78.0,252.0,3.0,1065.0,355.0,1
15.0,327.0,44.0,153.0,1.0,545.0,60.0,1
4.0,270.0,135.0,253.0,7.0,695.0,256.0,1
12.0,6835.0,154.0,262.0,6.0,507.0,81.0,1
14.0,1222.0,60.0,45.0,3.0,895.0,81.0,1
1.0,1692.0,260.0,148.0,6.0,1275.0,235.0,1
4.0,1400.0,104.0,96.0,7.0,555.0,170.0,1
13.0,198.0,253.0,134.0,5.0,1360.0,311.0,1
15.0,332.0,217.0,91.0,6.0,1165.0,65.0,1
0.0,4275.0,188.0,16.0,1.0,955.0,100.0,1
1.0,1339.0,208.0,243.0,5.0,1215.0,260.0,1
13.0,956.0,79.0,208.0,7.0,680.0,144.0,1
17.0,2931.0,217.0,261.0,6.0,510.0,100.0,1
15.0,2631.0,277.0,153.0,1.0,975.0,310.0,1
0.0,4145.0,85.0,92.0,3.0,940.0,59.0,1
4.0,447.0,208.0,135.0,6.0,655.0,164.0,1
14.0,1776.0,60.0,35.0,4.0,1192.0,123.0,1
9.0,388.0,128.0,150.0,1.0,1015.0,43.0,1
6.0,4992.0,16.0,36.0,3.0,671.0,72.0,1
1.0,521.0,183.0,79.0,1.0,945.0,265.0,1
10.0,2795.0,80.0,54.0,7.0,1100.0,140.0,1
13.0,203.0,35.0,208.0,5.0,360.0,171.0,1
5.0,1334.0,16.0,234.0,4.0,452.0,94.0,1
6.0,5549.0,16.0,19.0,5.0,1005.0,57.0,1
0.0,3821.0,85.0,69.0,6.0,610.0,80.0,1
0.0,3949.0,228.0,85.0,7.0,345.0,135.0,1
8.0,785.0,215.0,159.0,1.0,1085.0,74.0,1
11.0,6350.0,84.0,197.0,3.0,1020.0,66.0,1
15.0,1413.0,217.0,2.0,7.0,1010.0,65.0,1
10.0,2712.0,80.0,1.0,7.0,1175.0,50.0,1
15.0,350.0,175.0,173.0,7.0,485.0,155.0,1
12.0,6574.0,79.0,204.0,4.0,1045.0,89.0,1
15.0,671.0,79.0,154.0,4.0,1095.0,160.0,1
14.0,1947.0,78.0,104.0,4.0,1160.0,155.0,1
5.0,1395.0,35.0,159.0,5.0,1050.0,73.0,1
5.0,698.0,22.0,16.0,3.0,767.0,168.0,1
6.0,5261.0,33.0,177.0,6.0,450.0,70.0,1
1.0,2527.0,27.0,80.0,5.0,715.0,130.0,1
17.0,2824.0,194.0,217.0,1.0,745.0,106.0,1
1.0,1199.0,173.0,80.0,7.0,1175.0,175.0,1
1.0,672.0,269.0,183.0,6.0,920.0,180.0,1
12.0,4542.0,261.0,137.0,5.0,1185.0,57.0,1
15.0,1106.0,154.0,202.0,7.0,635.0,75.0,1
16.0,2372.0,116.0,135.0,7.0,870.0,80.0,1
8.0,1451.0,213.0,130.0,4.0,908.0,166.0,1
5.0,1690.0,16.0,22.0,5.0,745.0,141.0,1
15.0,573.0,58.0,175.0,6.0,840.0,80.0,1
0.0,3820.0,85.0,221.0,3.0,925.0,66.0,1
10.0,2809.0,80.0,146.0,3.0,1080.0,80.0,1
5.0,2544.0,262.0,197.0,6.0,725.0,218.0,1
5.0,2469.0,16.0,173.0,1.0,845.0,91.0,1
5.0,1481.0,148.0,217.0,6.0,1185.0,358.0,1
10.0,2974.0,1.0,80.0,5.0,500.0,55.0,1
13.0,226.0,253.0,35.0,1.0,360.0,342.0,1
10.0,4652.0,16.0,159.0,1.0,390.0,120.0,1
5.0,2435.0,78.0,277.0,1.0,595.0,140.0,1
4.0,810.0,135.0,96.0,7.0,790.0,210.0,1
8.0,155.0,139.0,45.0,4.0,360.0,105.0,1
5.0,1825.0,45.0,16.0,5.0,510.0,120.0,1
5.0,2718.0,173.0,16.0,6.0,1110.0,100.0,1
8.0,783.0,215.0,159.0,3.0,484.0,80.0,1
12.0,4484.0,154.0,243.0,4.0,1290.0,46.0,1
5.0,2564.0,71.0,148.0,3.0,920.0,132.0,1
4.0,1757.0,135.0,16.0,5.0,795.0,121.0,1
12.0,6952.0,27.0,208.0,7.0,546.0,128.0,1
6.0,5314.0,80.0,85.0,3.0,886.0,159.0,1
5.0,1384.0,159.0,35.0,5.0,810.0,65.0,1
1.0,937.0,35.0,183.0,1.0,420.0,215.0,1
15.0,610.0,236.0,243.0,3.0,1175.0,85.0,1
13.0,914.0,253.0,134.0,7.0,467.0,305.0,1
10.0,2953.0,13.0,80.0,1.0,490.0,70.0,1
15.0,388.0,18.0,91.0,5.0,365.0,100.0,1
1.0,72.0,128.0,208.0,7.0,1045.0,495.0,1
15.0,273.0,217.0,268.0,7.0,425.0,175.0,1
15.0,1130.0,175.0,197.0,7.0,1160.0,90.0,1
2.0,538.0,252.0,207.0,7.0,835.0,154.0,1
13.0,69.0,154.0,161.0,7.0,850.0,365.0,1
1.0,775.0,183.0,269.0,5.0,745.0,150.0,1
5.0,1328.0,16.0,233.0,5.0,1231.0,86.0,1
15.0,722.0,173.0,175.0,3.0,1235.0,170.0,1
13.0,758.0,253.0,79.0,6.0,515.0,150.0,1
4.0,33.0,135.0,198.0,6.0,930.0,61.0,1
8.0,929.0,172.0,16.0,5.0,1033.0,117.0,1
14.0,34.0,217.0,154.0,4.0,1180.0,85.0,1
1.0,1656.0,80.0,251.0,5.0,950.0,115.0,1
15.0,685.0,268.0,175.0,4.0,475.0,60.0,1
10.0,2982.0,80.0,118.0,1.0,730.0,50.0,1
5.0,2930.0,197.0,35.0,3.0,1135.0,167.0,1
5.0,503.0,16.0,172.0,6.0,948.0,139.0,1
15.0,1100.0,251.0,175.0,5.0,1055.0,75.0,1
5.0,1106.0,261.0,45.0,1.0,595.0,248.0,1
16.0,2843.0,78.0,58.0,3.0,880.0,70.0,1
13.0,917.0,134.0,252.0,6.0,1020.0,354.0,1
5.0,1105.0,261.0,128.0,6.0,700.0,428.0,1
13.0,190.0,208.0,153.0,6.0,917.0,250.0,1
15.0,691.0,75.0,279.0,1.0,1095.0,55.0,1
5.0,1621.0,85.0,277.0,6.0,945.0,162.0,1
12.0,6527.0,79.0,199.0,5.0,689.0,56.0,1
12.0,7054.0,79.0,261.0,5.0,1289.0,91.0,1
5.0,2023.0,35.0,85.0,3.0,537.0,148.0,1
0.0,4211.0,268.0,177.0,1.0,390.0,75.0,1
1.0,31.0,154.0,128.0,7.0,510.0,345.0,1
12.0,6574.0,232.0,79.0,7.0,687.0,136.0,1
16.0,2075.0,2.0,135.0,1.0,783.0,119.0,1
15.0,3575.0,172.0,153.0,5.0,1165.0,195.0,1
5.0,1650.0,153.0,197.0,7.0,558.0,192.0,1
16.0,2183.0,96.0,139.0,5.0,389.0,139.0,1
6.0,5392.0,177.0,158.0,5.0,860.0,84.0,1
5.0,1442.0,16.0,197.0,4.0,520.0,179.0,1
14.0,1724.0,78.0,228.0,5.0,1275.0,71.0,1
0.0,4224.0,85.0,152.0,3.0,935.0,49.0,1
15.0,702.0,268.0,198.0,4.0,905.0,120.0,1
11.0,6688.0,233.0,71.0,7.0,410.0,111.0,1
2.0,521.0,44.0,252.0,3.0,1130.0,156.0,1
1.0,1736.0,260.0,183.0,5.0,1285.0,160.0,1
10.0,4022.0,208.0,147.0,7.0,805.0,145.0,1
14.0,1617.0,147.0,60.0,7.0,835.0,77.0,1
5.0,1486.0,16.0,159.0,3.0,400.0,127.0,1
10.0,4268.0,58.0,208.0,5.0,460.0,95.0,1
12.0,6756.0,44.0,253.0,5.0,1241.0,79.0,1
1.0,410.0,183.0,33.0,5.0,1305.0,135.0,1
13.0,387.0,197.0,79.0,4.0,1115.0,133.0,1
5.0,2137.0,177.0,85.0,6.0,505.0,115.0,1
5.0,2914.0,252.0,197.0,4.0,435.0,195.0,1
4.0,678.0,244.0,135.0,1.0,925.0,64.0,1
13.0,238.0,243.0,134.0,6.0,1330.0,281.0,1
12.0,4882.0,197.0,56.0,4.0,620.0,72.0,1
15.0,174.0,79.0,104.0,4.0,1020.0,230.0,1
1.0,1040.0,80.0,44.0,4.0,680.0,205.0,1
4.0,414.0,80.0,135.0,7.0,575.0,60.0,1
16.0,2069.0,135.0,165.0,4.0,920.0,71.0,1
5.0,2305.0,197.0,253.0,5.0,545.0,259.0,1
14.0,208.0,217.0,2.0,3.0,1190.0,72.0,1
14.0,1576.0,60.0,96.0,5.0,680.0,106.0,1
5.0,749.0,145.0,261.0,1.0,420.0,57.0,1
5.0,45.0,71.0,16.0,6.0,740.0,99.0,1
13.0,848.0,79.0,135.0,4.0,756.0,144.0,1
10.0,3214.0,259.0,80.0,7.0,545.0,60.0,1
16.0,2144.0,96.0,238.0,3.0,1020.0,84.0,1
15.0,1478.0,75.0,2.0,6.0,470.0,115.0,1
1.0,1847.0,80.0,79.0,6.0,685.0,125.0,1
11.0,6324.0,106.0,85.0,7.0,807.0,47.0,1
5.0,1517.0,16.0,79.0,4.0,500.0,213.0,1
14.0,1585.0,216.0,173.0,3.0,690.0,154.0,1
6.0,5249.0,138.0,16.0,6.0,677.0,92.0,1
16.0,2287.0,96.0,177.0,4.0,970.0,179.0,1
5.0,2523.0,16.0,128.0,6.0,650.0,620.0,1
16.0,2083.0,216.0,58.0,1.0,790.0,80.0,1
12.0,4792.0,261.0,236.0,1.0,535.0,88.0,1
15.0,2431.0,12.0,45.0,6.0,1010.0,80.0,1
10.0,4354.0,208.0,21.0,6.0,495.0,50.0,1
5.0,1534.0,244.0,16.0,1.0,648.0,142.0,1
15.0,206.0,202.0,243.0,5.0,885.0,85.0,1
5.0,2612.0,277.0,197.0,4.0,845.0,205.0,1
15.0,1566.0,12.0,45.0,4.0,380.0,95.0,1
10.0,3389.0,80.0,283.0,7.0,1175.0,55.0,1
5.0,1193.0,60.0,85.0,4.0,1154.0,113.0,1
15.0,2712.0,175.0,252.0,3.0,1145.0,285.0,1
6.0,5237.0,35.0,78.0,4.0,875.0,109.0,1
6.0,5532.0,16.0,162.0,5.0,465.0,101.0,1
6.0,4959.0,16.0,4.0,3.0,1236.0,55.0,1
16.0,2620.0,136.0,135.0,3.0,666.0,104.0,1
10.0,3755.0,208.0,85.0,6.0,1220.0,80.0,1
14.0,2187.0,159.0,78.0,7.0,1140.0,77.0,1
6.0,5547.0,47.0,16.0,1.0,617.0,69.0,1
5.0,2386.0,16.0,159.0,7.0,1000.0,140.0,1
10.0,4434.0,85.0,159.0,1.0,900.0,105.0,1
5.0,2763.0,148.0,154.0,6.0,540.0,393.0,1
10.0,3249.0,254.0,80.0,1.0,540.0,95.0,1
6.0,5289.0,16.0,146.0,6.0,885.0,85.0,1
16.0,2592.0,139.0,58.0,7.0,810.0,62.0,1
8.0,491.0,45.0,173.0,4.0,520.0,146.0,1
10.0,3859.0,135.0,208.0,7.0,405.0,155.0,1
9.0,242.0,128.0,143.0,7.0,1176.0,51.0,1
15.0,3505.0,216.0,35.0,5.0,630.0,90.0,1
12.0,6295.0,134.0,65.0,3.0,1130.0,230.0,1
1.0,717.0,159.0,80.0,7.0,485.0,250.0,1
12.0,6349.0,208.0,72.0,3.0,715.0,57.0,1
1.0,451.0,208.0,253.0,7.0,630.0,290.0,1
15.0,2339.0,79.0,129.0,6.0,480.0,145.0,1
1.0,1174.0,258.0,208.0,3.0,830.0,255.0,1
16.0,2433.0,135.0,155.0,1.0,685.0,89.0,1
5.0,2354.0,154.0,16.0,5.0,1435.0,249.0,1
6.0,5241.0,16.0,52.0,3.0,1150.0,53.0,1
12.0,6966.0,253.0,227.0,5.0,886.0,79.0,1
1.0,1857.0,45.0,260.0,7.0,485.0,225.0,1
5.0,2823.0,197.0,173.0,7.0,605.0,192.0,1
16.0,2723.0,178.0,135.0,7.0,970.0,77.0,1
12.0,6427.0,236.0,253.0,6.0,1243.0,69.0,1
16.0,2484.0,96.0,172.0,6.0,782.0,189.0,1
5.0,1045.0,139.0,16.0,1.0,865.0,100.0,1
12.0,6825.0,261.0,253.0,4.0,1039.0,131.0,1
16.0,2800.0,135.0,290.0,7.0,1197.0,94.0,1
17.0,7261.0,134.0,60.0,6.0,1323.0,77.0,1
1.0,1557.0,35.0,208.0,1.0,755.0,170.0,1
8.0,372.0,16.0,159.0,6.0,1101.0,128.0,1
15.0,400.0,175.0,205.0,7.0,1240.0,90.0,1
1.0,2282.0,253.0,80.0,4.0,795.0,210.0,1
1.0,1705.0,80.0,197.0,6.0,785.0,135.0,1
4.0,1558.0,264.0,135.0,4.0,710.0,186.0,1
16.0,2941.0,80.0,135.0,5.0,670.0,64.0,1
16.0,2775.0,96.0,19.0,6.0,545.0,132.0,1
11.0,6723.0,139.0,78.0,5.0,1105.0,96.0,1
10.0,4239.0,208.0,223.0,6.0,820.0,135.0,1
15.0,3049.0,173.0,146.0,6.0,665.0,120.0,1
13.0,155.0,197.0,208.0,5.0,1025.0,84.0,1
15.0,1381.0,18.0,243.0,4.0,1145.0,190.0,1
3.0,425.0,35.0,213.0,4.0,1120.0,194.0,1
10.0,3880.0,208.0,135.0,5.0,930.0,165.0,1
2.0,609.0,153.0,252.0,3.0,1135.0,159.0,1
3.0,622.0,129.0,148.0,3.0,945.0,204.0,1
14.0,145.0,264.0,217.0,1.0,765.0,76.0,1
3.0,496.0,79.0,35.0,4.0,655.0,223.0,1
6.0,5317.0,47.0,16.0,1.0,693.0,76.0,1
12.0,4878.0,264.0,261.0,6.0,993.0,102.0,1
15.0,1192.0,27.0,277.0,6.0,750.0,80.0,1
11.0,6550.0,78.0,148.0,3.0,535.0,84.0,1
13.0,734.0,208.0,221.0,4.0,785.0,87.0,1
10.0,4338.0,85.0,208.0,3.0,1110.0,90.0,1
10.0,3768.0,96.0,208.0,4.0,360.0,165.0,1
11.0,6542.0,71.0,78.0,5.0,1170.0,91.0,1
5.0,592.0,16.0,154.0,1.0,900.0,305.0,1
15.0,2022.0,104.0,153.0,5.0,465.0,340.0,1
10.0,3741.0,208.0,96.0,7.0,1200.0,120.0,1
1.0,672.0,183.0,173.0,4.0,1105.0,60.0,1
8.0,371.0,159.0,16.0,3.0,1060.0,156.0,1
5.0,126.0,253.0,148.0,6.0,510.0,345.0,1
17.0,2615.0,60.0,58.0,3.0,690.0,100.0,1
16.0,2109.0,96.0,85.0,7.0,870.0,119.0,1
1.0,1616.0,80.0,18.0,6.0,1020.0,55.0,1
1.0,1669.0,80.0,264.0,7.0,525.0,195.0,1
12.0,7038.0,253.0,6.0,7.0,660.0,79.0,1
15.0,549.0,35.0,79.0,5.0,1095.0,300.0,1
5.0,1225.0,85.0,195.0,3.0,1315.0,87.0,1
5.0,1697.0,216.0,197.0,5.0,691.0,188.0,1
15.0,1541.0,214.0,262.0,6.0,1070.0,85.0,1
5.0,734.0,16.0,233.0,5.0,596.0,98.0,1
6.0,5153.0,16.0,115.0,3.0,976.0,75.0,1
12.0,6334.0,80.0,208.0,3.0,1242.0,134.0,1
16.0,2360.0,96.0,85.0,5.0,420.0,119.0,1
5.0,2404.0,154.0,261.0,7.0,618.0,111.0,1
16.0,5912.0,43.0,208.0,3.0,787.0,117.0,1
1.0,489.0,216.0,183.0,3.0,1115.0,185.0,1
1.0,1048.0,208.0,183.0,1.0,480.0,185.0,1
5.0,2119.0,159.0,197.0,6.0,485.0,192.0,1
10.0,3967.0,208.0,205.0,1.0,470.0,95.0,1
9.0,12.0,128.0,253.0,1.0,830.0,305.0,1
16.0,2038.0,96.0,195.0,5.0,839.0,154.0,1
16.0,2119.0,58.0,172.0,4.0,525.0,128.0,1
17.0,2648.0,217.0,153.0,3.0,405.0,68.0,1
8.0,1245.0,173.0,106.0,4.0,1244.0,158.0,1
15.0,2548.0,264.0,262.0,6.0,710.0,90.0,1
10.0,3932.0,254.0,208.0,4.0,485.0,95.0,1
1.0,712.0,80.0,159.0,6.0,605.0,195.0,1
11.0,6527.0,148.0,238.0,4.0,525.0,102.0,1
2.0,35.0,35.0,214.0,7.0,985.0,388.0,1
12.0,4663.0,29.0,197.0,1.0,660.0,83.0,1
0.0,3781.0,16.0,136.0,5.0,522.0,160.0,1
8.0,147.0,85.0,16.0,4.0,693.0,123.0,1
3.0,1245.0,35.0,60.0,3.0,535.0,144.0,1
15.0,824.0,243.0,253.0,5.0,1085.0,90.0,1
15.0,1106.0,154.0,202.0,5.0,635.0,75.0,1
1.0,1195.0,234.0,80.0,5.0,1080.0,210.0,1
5.0,2522.0,183.0,197.0,4.0,1070.0,240.0,1
17.0,2664.0,244.0,60.0,1.0,785.0,157.0,1
13.0,9.0,79.0,243.0,7.0,1305.0,147.0,1
6.0,5479.0,158.0,16.0,7.0,360.0,120.0,1
4.0,793.0,173.0,96.0,7.0,1106.0,154.0,1
17.0,2720.0,200.0,60.0,7.0,1201.0,74.0,1
10.0,4174.0,43.0,208.0,6.0,390.0,120.0,1
15.0,425.0,216.0,182.0,3.0,1190.0,80.0,1
15.0,1279.0,45.0,22.0,4.0,815.0,65.0,1
14.0,1792.0,174.0,60.0,7.0,520.0,102.0,1
8.0,373.0,159.0,16.0,1.0,528.0,162.0,1
12.0,7028.0,65.0,79.0,3.0,460.0,50.0,1
12.0,6448.0,280.0,154.0,6.0,653.0,95.0,1
9.0,341.0,143.0,128.0,6.0,577.0,49.0,1
1.0,2337.0,96.0,208.0,4.0,770.0,155.0,1
1.0,2043.0,172.0,80.0,1.0,475.0,110.0,1
15.0,671.0,154.0,262.0,4.0,1220.0,80.0,1
12.0,6305.0,227.0,154.0,3.0,1109.0,47.0,1
12.0,6440.0,65.0,154.0,5.0,1127.0,155.0,1
17.0,7260.0,12.0,134.0,7.0,1176.0,88.0,1
6.0,5050.0,85.0,48.0,7.0,940.0,56.0,1
15.0,1170.0,217.0,175.0,4.0,605.0,205.0,1
12.0,6909.0,210.0,253.0,7.0,812.0,117.0,1
12.0,6347.0,17.0,208.0,7.0,979.0,60.0,1
12.0,6653.0,253.0,191.0,7.0,869.0,40.0,1
8.0,927.0,172.0,16.0,5.0,649.0,116.0,1
1.0,1184.0,217.0,208.0,1.0,410.0,200.0,1
17.0,2840.0,292.0,217.0,3.0,525.0,74.0,1
12.0,6830.0,154.0,34.0,1.0,1005.0,117.0,1
0.0,3975.0,112.0,197.0,1.0,305.0,68.0,1
5.0,2210.0,80.0,16.0,4.0,1020.0,125.0,1
12.0,6578.0,29.0,79.0,7.0,1018.0,102.0,1
10.0,4336.0,208.0,94.0,3.0,535.0,65.0,1
15.0,3853.0,228.0,277.0,5.0,540.0,200.0,1
3.0,1416.0,160.0,18.0,1.0,720.0,165.0,1
15.0,386.0,216.0,277.0,7.0,625.0,175.0,1
12.0,3071.0,184.0,205.0,5.0,540.0,84.0,1
13.0,101.0,208.0,154.0,3.0,425.0,276.0,1
16.0,2997.0,197.0,96.0,3.0,360.0,158.0,1
13.0,664.0,253.0,208.0,4.0,361.0,249.0,1
10.0,4376.0,233.0,148.0,5.0,860.0,99.0,1
3.0,623.0,148.0,129.0,3.0,1230.0,253.0,1
13.0,230.0,153.0,79.0,6.0,919.0,117.0,1
15.0,1075.0,91.0,2.0,3.0,450.0,55.0,1
1.0,1467.0,198.0,80.0,3.0,400.0,100.0,1
6.0,4999.0,78.0,35.0,3.0,715.0,93.0,1
10.0,4100.0,285.0,208.0,4.0,420.0,110.0,1
15.0,3836.0,175.0,261.0,1.0,530.0,215.0,1
1.0,630.0,173.0,148.0,6.0,720.0,150.0,1
3.0,178.0,217.0,148.0,1.0,855.0,277.0,1
5.0,2953.0,261.0,202.0,3.0,1203.0,120.0,1
15.0,472.0,253.0,243.0,7.0,430.0,85.0,1
12.0,4617.0,214.0,261.0,7.0,450.0,108.0,1
1.0,1580.0,80.0,78.0,1.0,985.0,155.0,1
10.0,3252.0,190.0,80.0,7.0,910.0,110.0,1
13.0,150.0,253.0,208.0,6.0,995.0,254.0,1
5.0,2343.0,96.0,16.0,3.0,630.0,145.0,1
5.0,2856.0,243.0,148.0,7.0,1350.0,319.0,1
14.0,1696.0,60.0,22.0,3.0,705.0,117.0,1
5.0,2717.0,35.0,177.0,1.0,625.0,210.0,1
1.0,865.0,18.0,80.0,7.0,655.0,65.0,1
16.0,2443.0,234.0,58.0,1.0,887.0,82.0,1
17.0,2719.0,18.0,217.0,4.0,505.0,167.0,1
3.0,296.0,160.0,252.0,4.0,1189.0,160.0,1
16.0,2518.0,96.0,205.0,7.0,809.0,195.0,1
0.0,4060.0,75.0,177.0,5.0,990.0,89.0,1
16.0,3102.0,170.0,135.0,1.0,475.0,84.0,1
15.0,1018.0,202.0,214.0,3.0,1115.0,100.0,1
15.0,908.0,175.0,173.0,4.0,635.0,155.0,1
4.0,56.0,173.0,96.0,7.0,775.0,157.0,1
12.0,4862.0,280.0,261.0,3.0,1142.0,110.0,1
16.0,2617.0,279.0,135.0,7.0,995.0,96.0,1
1.0,1607.0,80.0,217.0,5.0,900.0,155.0,1
15.0,3244.0,243.0,18.0,5.0,890.0,160.0,1
1.0,1404.0,241.0,208.0,6.0,945.0,195.0,1
3.0,443.0,35.0,277.0,1.0,507.0,204.0,1
10.0,4221.0,117.0,208.0,5.0,1115.0,75.0,1
17.0,2637.0,60.0,221.0,6.0,480.0,86.0,1
3.0,321.0,134.0,202.0,3.0,1131.0,354.0,1
7.0,721.0,78.0,79.0,1.0,525.0,248.0,1
1.0,1399.0,79.0,208.0,1.0,395.0,155.0,1
11.0,6718.0,174.0,71.0,6.0,420.0,105.0,1
15.0,1279.0,129.0,204.0,5.0,1245.0,80.0,1
5.0,693.0,261.0,253.0,3.0,1200.0,121.0,1
13.0,431.0,61.0,208.0,1.0,592.0,78.0,1
13.0,638.0,208.0,96.0,1.0,535.0,125.0,1
13.0,34.0,253.0,148.0,4.0,1354.0,337.0,1
12.0,6299.0,17.0,208.0,5.0,360.0,55.0,1
10.0,3190.0,154.0,258.0,4.0,510.0,75.0,1
15.0,2383.0,173.0,79.0,3.0,880.0,260.0,1
17.0,2643.0,174.0,60.0,5.0,1191.0,93.0,1
3.0,421.0,35.0,213.0,1.0,580.0,195.0,1
8.0,440.0,16.0,184.0,3.0,1335.0,127.0,1
1.0,1865.0,139.0,80.0,4.0,1040.0,150.0,1
1.0,1413.0,80.0,153.0,4.0,465.0,175.0,1
8.0,1228.0,139.0,267.0,5.0,747.0,138.0,1
3.0,698.0,104.0,78.0,7.0,684.0,136.0,1
15.0,907.0,75.0,244.0,7.0,560.0,65.0,1
14.0,687.0,217.0,96.0,3.0,585.0,282.0,1
1.0,1256.0,183.0,159.0,3.0,465.0,170.0,1
6.0,4952.0,16.0,245.0,5.0,660.0,71.0,1
1.0,442.0,253.0,183.0,6.0,765.0,320.0,1
14.0,1640.0,60.0,96.0,3.0,468.0,102.0,1
15.0,3067.0,172.0,75.0,3.0,1245.0,90.0,1
6.0,5278.0,27.0,16.0,7.0,900.0,64.0,1
15.0,2987.0,45.0,182.0,4.0,715.0,75.0,1
12.0,6229.0,253.0,18.0,3.0,965.0,203.0,1
15.0,1931.0,216.0,268.0,5.0,885.0,160.0,1
0.0,3687.0,139.0,177.0,6.0,735.0,92.0,1
13.0,259.0,173.0,79.0,3.0,695.0,253.0,1
8.0,1091.0,139.0,173.0,3.0,420.0,144.0,1
15.0,793.0,146.0,129.0,1.0,810.0,80.0,1
5.0,2867.0,177.0,85.0,4.0,1135.0,113.0,1
15.0,940.0,33.0,175.0,6.0,510.0,90.0,1
13.0,920.0,135.0,208.0,6.0,375.0,151.0,1
15.0,759.0,175.0,241.0,4.0,1105.0,170.0,1
6.0,7096.0,35.0,134.0,1.0,1002.0,102.0,1
2.0,665.0,80.0,252.0,6.0,420.0,267.0,1
10.0,3282.0,80.0,146.0,6.0,760.0,80.0,1
2.0,515.0,264.0,252.0,3.0,420.0,173.0,1
11.0,6279.0,71.0,216.0,7.0,675.0,99.0,1
3.0,303.0,134.0,160.0,6.0,1055.0,343.0,1
5.0,127.0,148.0,253.0,4.0,915.0,408.0,1
17.0,2854.0,103.0,217.0,1.0,465.0,71.0,1
10.0,3627.0,183.0,223.0,6.0,660.0,110.0,1
16.0,5939.0,208.0,218.0,4.0,1024.0,50.0,1
17.0,2928.0,217.0,2.0,5.0,1360.0,66.0,1
17.0,2638.0,71.0,60.0,4.0,1084.0,86.0,1
1.0,552.0,253.0,183.0,4.0,360.0,315.0,1
13.0,739.0,173.0,79.0,5.0,430.0,256.0,1
15.0,1121.0,173.0,45.0,4.0,640.0,125.0,1
12.0,6337.0,79.0,114.0,3.0,697.0,58.0,1
13.0,516.0,217.0,253.0,3.0,1241.0,125.0,1
17.0,7304.0,134.0,147.0,3.0,737.0,116.0,1
5.0,2830.0,79.0,197.0,5.0,660.0,115.0,1
5.0,2716.0,71.0,159.0,6.0,1140.0,120.0,1
15.0,2357.0,261.0,79.0,4.0,545.0,90.0,1
14.0,500.0,154.0,217.0,1.0,975.0,81.0,1
13.0,157.0,243.0,253.0,3.0,484.0,104.0,1
16.0,3078.0,135.0,244.0,6.0,799.0,54.0,1
16.0,3112.0,58.0,228.0,4.0,1175.0,93.0,1
12.0,6908.0,253.0,236.0,1.0,618.0,55.0,1
8.0,297.0,16.0,129.0,4.0,997.0,139.0,1
15.0,2623.0,61.0,173.0,6.0,655.0,135.0,1
3.0,698.0,104.0,78.0,4.0,684.0,136.0,1
15.0,2801.0,277.0,213.0,1.0,735.0,55.0,1
5.0,1279.0,177.0,153.0,4.0,840.0,226.0,1
6.0,5418.0,16.0,11.0,3.0,995.0,57.0,1
15.0,1070.0,268.0,175.0,3.0,590.0,60.0,1
5.0,2633.0,175.0,16.0,3.0,992.0,120.0,1
10.0,4260.0,45.0,208.0,1.0,360.0,140.0,1
15.0,2547.0,173.0,241.0,3.0,590.0,50.0,1
3.0,310.0,104.0,134.0,1.0,685.0,144.0,1
5.0,577.0,148.0,260.0,4.0,495.0,244.0,1
15.0,2756.0,153.0,252.0,6.0,715.0,165.0,1
6.0,5204.0,16.0,275.0,4.0,820.0,65.0,1
5.0,1663.0,134.0,261.0,1.0,450.0,299.0,1
15.0,2855.0,79.0,153.0,3.0,695.0,120.0,1
14.0,208.0,202.0,217.0,7.0,971.0,111.0,1
12.0,4627.0,127.0,261.0,1.0,785.0,77.0,1
1.0,1344.0,80.0,268.0,1.0,825.0,95.0,1
1.0,2350.0,80.0,208.0,5.0,780.0,140.0,1
6.0,5115.0,58.0,16.0,3.0,465.0,127.0,1
12.0,4495.0,197.0,112.0,3.0,1035.0,75.0,1
5.0,1247.0,16.0,60.0,6.0,820.0,68.0,1
5.0,1816.0,79.0,16.0,5.0,633.0,172.0,1
15.0,903.0,172.0,175.0,5.0,1015.0,85.0,1
1.0,1578.0,178.0,80.0,1.0,715.0,100.0,1
13.0,524.0,79.0,205.0,7.0,615.0,84.0,1
0.0,3895.0,247.0,85.0,5.0,930.0,63.0,1
10.0,2872.0,80.0,155.0,5.0,705.0,70.0,1
15.0,961.0,207.0,202.0,1.0,625.0,75.0,1
13.0,483.0,208.0,214.0,4.0,1230.0,279.0,1
16.0,2920.0,135.0,290.0,7.0,955.0,86.0,1
0.0,4084.0,85.0,142.0,3.0,1315.0,87.0,1
15.0,786.0,277.0,104.0,7.0,660.0,60.0,1
8.0,340.0,16.0,216.0,7.0,730.0,121.0,1
3.0,922.0,208.0,35.0,3.0,1150.0,132.0,1
5.0,2907.0,197.0,208.0,7.0,420.0,85.0,1
14.0,1457.0,60.0,104.0,6.0,805.0,119.0,1
12.0,6644.0,280.0,79.0,3.0,333.0,112.0,1
14.0,5.0,217.0,208.0,7.0,800.0,201.0,1
15.0,926.0,202.0,153.0,4.0,1060.0,85.0,1
7.0,449.0,216.0,79.0,1.0,1018.0,252.0,1
13.0,363.0,134.0,208.0,4.0,1325.0,133.0,1
1.0,1386.0,252.0,208.0,7.0,740.0,250.0,1
3.0,140.0,213.0,148.0,4.0,482.0,148.0,1
13.0,240.0,134.0,243.0,4.0,1080.0,342.0,1
2.0,357.0,202.0,252.0,4.0,540.0,120.0,1
1.0,347.0,159.0,208.0,5.0,1090.0,165.0,1
10.0,2963.0,56.0,80.0,7.0,360.0,140.0,1
1.0,1631.0,198.0,183.0,7.0,360.0,105.0,1
8.0,411.0,229.0,45.0,1.0,365.0,110.0,1
10.0,3234.0,5.0,80.0,7.0,815.0,45.0,1
1.0,1159.0,80.0,65.0,6.0,1090.0,115.0,1
5.0,1075.0,233.0,16.0,4.0,660.0,86.0,1
15.0,1622.0,111.0,214.0,7.0,635.0,70.0,1
0.0,4313.0,177.0,188.0,5.0,860.0,70.0,1
5.0,2442.0,16.0,96.0,5.0,835.0,136.0,1
14.0,231.0,217.0,85.0,6.0,595.0,238.0,1
5.0,167.0,148.0,79.0,5.0,1110.0,286.0,1
15.0,2453.0,217.0,205.0,1.0,960.0,155.0,1
15.0,2529.0,79.0,154.0,5.0,455.0,160.0,1
0.0,4330.0,233.0,148.0,4.0,975.0,120.0,1
1.0,2325.0,208.0,80.0,5.0,760.0,150.0,1
10.0,3654.0,234.0,183.0,4.0,445.0,160.0,1
6.0,5222.0,16.0,41.0,4.0,1310.0,98.0,1
10.0,2816.0,181.0,80.0,3.0,460.0,100.0,1
8.0,922.0,16.0,172.0,4.0,926.0,132.0,1
15.0,1660.0,202.0,154.0,3.0,1015.0,75.0,1
15.0,6.0,75.0,2.0,3.0,535.0,110.0,1
15.0,827.0,2.0,79.0,3.0,980.0,80.0,1
14.0,49.0,153.0,78.0,3.0,720.0,267.0,1
7.0,370.0,79.0,184.0,4.0,630.0,133.0,1
16.0,2914.0,172.0,96.0,6.0,945.0,162.0,1
1.0,1331.0,172.0,80.0,5.0,365.0,105.0,1
15.0,52.0,75.0,172.0,7.0,1225.0,85.0,1
12.0,6678.0,194.0,253.0,6.0,884.0,37.0,1
0.0,4120.0,16.0,215.0,6.0,660.0,109.0,1
16.0,3011.0,134.0,135.0,7.0,875.0,201.0,1
14.0,1678.0,277.0,78.0,7.0,435.0,125.0,1
1.0,1733.0,208.0,217.0,4.0,1190.0,235.0,1
15.0,2254.0,153.0,44.0,1.0,820.0,65.0,1
8.0,707.0,16.0,76.0,7.0,1335.0,95.0,1
13.0,234.0,205.0,208.0,5.0,360.0,96.0,1
14.0,1511.0,159.0,60.0,1.0,680.0,124.0,1
15.0,702.0,129.0,154.0,4.0,1150.0,225.0,1
12.0,4460.0,46.0,261.0,1.0,690.0,71.0,1
15.0,1999.0,104.0,45.0,3.0,970.0,155.0,1
1.0,1877.0,80.0,153.0,3.0,1360.0,190.0,1
9.0,361.0,143.0,128.0,3.0,1116.0,49.0,1
5.0,1434.0,16.0,146.0,4.0,1365.0,79.0,1
12.0,6430.0,153.0,154.0,1.0,800.0,80.0,1
0.0,4003.0,177.0,204.0,3.0,815.0,101.0,1
6.0,5096.0,41.0,16.0,4.0,784.0,94.0,1
6.0,7067.0,182.0,134.0,7.0,478.0,110.0,1
0.0,4334.0,71.0,147.0,5.0,810.0,113.0,1
0.0,3711.0,85.0,247.0,4.0,945.0,60.0,1
5.0,2723.0,197.0,173.0,6.0,1160.0,189.0,1
15.0,2290.0,154.0,153.0,7.0,1130.0,60.0,1
5.0,1233.0,16.0,198.0,7.0,890.0,98.0,1
15.0,1027.0,172.0,75.0,4.0,575.0,95.0,1
15.0,2079.0,243.0,202.0,6.0,905.0,85.0,1
10.0,3278.0,80.0,38.0,5.0,930.0,95.0,1
3.0,378.0,104.0,159.0,6.0,1091.0,169.0,1
5.0,2578.0,243.0,261.0,5.0,375.0,120.0,1
1.0,1155.0,35.0,80.0,6.0,695.0,265.0,1
12.0,6307.0,79.0,85.0,5.0,1063.0,162.0,1
4.0,670.0,135.0,253.0,4.0,1155.0,266.0,1
13.0,110.0,208.0,153.0,3.0,1210.0,249.0,1
10.0,2897.0,108.0,80.0,6.0,930.0,65.0,1
11.0,6399.0,16.0,132.0,4.0,1130.0,69.0,1
15.0,1109.0,153.0,214.0,1.0,995.0,140.0,1
17.0,2766.0,217.0,244.0,4.0,795.0,127.0,1
15.0,1522.0,129.0,33.0,6.0,470.0,105.0,1
15.0,1433.0,154.0,217.0,6.0,950.0,80.0,1
4.0,52.0,135.0,154.0,5.0,465.0,216.0,1
17.0,7245.0,228.0,134.0,3.0,865.0,104.0,1
12.0,6707.0,85.0,79.0,5.0,984.0,200.0,1
15.0,2238.0,153.0,79.0,6.0,1070.0,115.0,1
4.0,1677.0,216.0,135.0,7.0,345.0,217.0,1
12.0,6747.0,253.0,262.0,1.0,574.0,43.0,1
13.0,169.0,159.0,208.0,1.0,657.0,157.0,1
15.0,312.0,173.0,12.0,5.0,535.0,160.0,1
16.0,2636.0,244.0,135.0,5.0,720.0,58.0,1
15.0,1100.0,251.0,175.0,1.0,1055.0,75.0,1
4.0,1826.0,178.0,135.0,6.0,494.0,65.0,1
12.0,4693.0,99.0,197.0,7.0,1135.0,62.0,1
4.0,304.0,96.0,214.0,1.0,585.0,377.0,1
13.0,489.0,71.0,208.0,4.0,489.0,83.0,1
15.0,1589.0,35.0,45.0,3.0,625.0,90.0,1
5.0,2837.0,16.0,244.0,3.0,577.0,162.0,1
11.0,6386.0,71.0,45.0,4.0,940.0,91.0,1
17.0,2631.0,60.0,245.0,3.0,564.0,64.0,1
14.0,66.0,153.0,35.0,5.0,1335.0,292.0,1
1.0,1495.0,80.0,262.0,3.0,590.0,225.0,1
2.0,323.0,258.0,252.0,6.0,405.0,129.0,1
5.0,2837.0,16.0,244.0,6.0,577.0,162.0,1
14.0,199.0,243.0,60.0,5.0,1355.0,255.0,1
12.0,6537.0,208.0,185.0,7.0,1076.0,51.0,1
5.0,2462.0,154.0,148.0,5.0,810.0,330.0,1
11.0,6607.0,47.0,85.0,6.0,756.0,123.0,1
5.0,1128.0,209.0,16.0,3.0,1041.0,122.0,1
17.0,2832.0,217.0,91.0,4.0,1365.0,69.0,1
12.0,4531.0,102.0,261.0,4.0,370.0,97.0,1
5.0,1602.0,153.0,16.0,1.0,360.0,223.0,1
15.0,521.0,268.0,175.0,4.0,780.0,60.0,1
16.0,3088.0,172.0,58.0,1.0,717.0,108.0,1
17.0,7254.0,245.0,208.0,5.0,680.0,145.0,1
15.0,931.0,172.0,79.0,3.0,1140.0,115.0,1
16.0,2695.0,135.0,27.0,1.0,930.0,94.0,1
1.0,1873.0,173.0,183.0,7.0,1220.0,65.0,1
5.0,2244.0,243.0,197.0,3.0,395.0,229.0,1
3.0,17.0,148.0,104.0,6.0,650.0,183.0,1
10.0,4355.0,204.0,208.0,7.0,400.0,135.0,1
1.0,453.0,80.0,214.0,4.0,765.0,255.0,1
15.0,609.0,2.0,217.0,3.0,385.0,80.0,1
15.0,1213.0,204.0,153.0,6.0,545.0,170.0,1
11.0,6344.0,197.0,204.0,4.0,1305.0,132.0,1
15.0,675.0,91.0,75.0,3.0,1115.0,90.0,1
5.0,2632.0,264.0,261.0,1.0,405.0,132.0,1
17.0,7292.0,208.0,54.0,6.0,1112.0,123.0,1
14.0,456.0,217.0,261.0,7.0,1065.0,97.0,1
14.0,1649.0,78.0,277.0,3.0,1045.0,144.0,1
0.0,4007.0,208.0,177.0,4.0,670.0,110.0,1
6.0,5577.0,94.0,16.0,6.0,658.0,86.0,1
6.0,5367.0,216.0,177.0,6.0,683.0,162.0,1
12.0,6837.0,83.0,79.0,7.0,591.0,62.0,1
6.0,5525.0,58.0,16.0,1.0,732.0,112.0,1
1.0,2536.0,183.0,35.0,1.0,1045.0,190.0,1
15.0,941.0,104.0,141.0,4.0,550.0,165.0,1
12.0,4562.0,262.0,261.0,3.0,990.0,99.0,1
5.0,2496.0,197.0,241.0,1.0,625.0,202.0,1
3.0,723.0,148.0,37.0,5.0,1425.0,216.0,1
6.0,4990.0,27.0,16.0,1.0,840.0,67.0,1
5.0,2488.0,277.0,71.0,4.0,808.0,132.0,1
1.0,556.0,208.0,104.0,5.0,1150.0,175.0,1
3.0,1149.0,229.0,173.0,6.0,1000.0,196.0,1
15.0,2043.0,79.0,216.0,7.0,840.0,220.0,1
15.0,1094.0,253.0,217.0,3.0,460.0,110.0,1
4.0,186.0,264.0,96.0,1.0,465.0,313.0,1
0.0,3907.0,61.0,85.0,5.0,810.0,69.0,1
10.0,4687.0,233.0,148.0,6.0,700.0,90.0,1
1.0,1285.0,134.0,80.0,5.0,690.0,205.0,1
15.0,1385.0,153.0,175.0,1.0,865.0,220.0,1
6.0,7127.0,134.0,132.0,5.0,1014.0,120.0,1
16.0,2585.0,268.0,96.0,1.0,370.0,137.0,1
13.0,34.0,203.0,253.0,1.0,840.0,288.0,1
11.0,6590.0,134.0,71.0,3.0,415.0,110.0,1
14.0,221.0,236.0,217.0,5.0,590.0,101.0,1
5.0,2397.0,71.0,183.0,3.0,560.0,167.0,1
15.0,3421.0,175.0,79.0,1.0,705.0,160.0,1
4.0,586.0,135.0,173.0,3.0,465.0,133.0,1
15.0,1902.0,262.0,214.0,6.0,460.0,95.0,1
1.0,1253.0,183.0,154.0,6.0,1255.0,355.0,1
15.0,2041.0,154.0,153.0,7.0,610.0,60.0,1
5.0,2490.0,214.0,197.0,5.0,410.0,196.0,1
12.0,4509.0,154.0,243.0,4.0,810.0,45.0,1
10.0,3918.0,208.0,76.0,7.0,1170.0,70.0,1
5.0,1160.0,243.0,261.0,1.0,785.0,112.0,1
5.0,2433.0,60.0,16.0,1.0,710.0,82.0,1
1.0,431.0,183.0,277.0,7.0,945.0,60.0,1
5.0,1603.0,16.0,153.0,7.0,1320.0,286.0,1
5.0,2515.0,147.0,16.0,7.0,1006.0,84.0,1
6.0,7099.0,208.0,71.0,3.0,415.0,68.0,1
15.0,1577.0,44.0,258.0,5.0,640.0,65.0,1
0.0,4193.0,71.0,285.0,3.0,980.0,60.0,1
10.0,4280.0,132.0,208.0,1.0,420.0,130.0,1
2.0,60.0,151.0,252.0,5.0,555.0,116.0,1
15.0,996.0,280.0,153.0,4.0,635.0,80.0,1
10.0,3370.0,80.0,41.0,1.0,515.0,80.0,1
9.0,332.0,128.0,143.0,7.0,425.0,50.0,1
0.0,3997.0,177.0,147.0,3.0,520.0,104.0,1
15.0,678.0,262.0,243.0,7.0,595.0,85.0,1
1.0,1528.0,253.0,80.0,6.0,990.0,205.0,1
8.0,843.0,16.0,173.0,7.0,910.0,93.0,1
15.0,1294.0,262.0,154.0,5.0,860.0,80.0,1
14.0,1294.0,216.0,60.0,4.0,605.0,121.0,1
12.0,7044.0,205.0,79.0,4.0,679.0,97.0,1
5.0,1247.0,16.0,60.0,3.0,820.0,69.0,1
8.0,377.0,184.0,277.0,7.0,905.0,160.0,1
15.0,1357.0,262.0,207.0,4.0,360.0,80.0,1
1.0,1360.0,80.0,78.0,4.0,440.0,160.0,1
0.0,4089.0,281.0,85.0,1.0,618.0,67.0,1
2.0,558.0,252.0,227.0,3.0,780.0,158.0,1
14.0,287.0,217.0,258.0,1.0,1060.0,117.0,1
3.0,439.0,35.0,173.0,4.0,960.0,192.0,1
12.0,6904.0,172.0,79.0,7.0,879.0,111.0,1
4.0,1561.0,217.0,135.0,7.0,505.0,148.0,1
12.0,4739.0,261.0,202.0,4.0,905.0,122.0,1
12.0,6655.0,208.0,86.0,1.0,900.0,71.0,1
6.0,5226.0,16.0,19.0,1.0,510.0,61.0,1
16.0,2458.0,33.0,135.0,7.0,695.0,127.0,1
10.0,4201.0,61.0,208.0,6.0,610.0,90.0,1
1.0,1304.0,80.0,16.0,6.0,1150.0,120.0,1
17.0,2881.0,217.0,2.0,1.0,975.0,70.0,1
14.0,1755.0,216.0,78.0,4.0,1264.0,56.0,1
12.0,4625.0,261.0,280.0,1.0,1010.0,106.0,1
2.0,322.0,252.0,258.0,4.0,405.0,128.0,1
14.0,1831.0,60.0,183.0,5.0,700.0,132.0,1
7.0,191.0,79.0,76.0,7.0,645.0,155.0,1
3.0,1125.0,233.0,104.0,4.0,645.0,120.0,1
13.0,623.0,78.0,208.0,7.0,927.0,125.0,1
17.0,1024.0,150.0,128.0,6.0,609.0,40.0,1
0.0,4145.0,109.0,85.0,6.0,810.0,60.0,1
15.0,903.0,129.0,204.0,5.0,815.0,80.0,1
8.0,872.0,197.0,16.0,7.0,680.0,146.0,1
16.0,2741.0,71.0,96.0,5.0,1079.0,125.0,1
14.0,1511.0,60.0,217.0,4.0,865.0,278.0,1
6.0,5309.0,174.0,16.0,6.0,794.0,131.0,1
12.0,6822.0,24.0,253.0,7.0,431.0,79.0,1
13.0,73.0,253.0,128.0,7.0,529.0,316.0,1
15.0,122.0,33.0,244.0,5.0,995.0,150.0,1
10.0,4217.0,204.0,208.0,6.0,690.0,125.0,1
14.0,1267.0,159.0,216.0,3.0,360.0,57.0,1
3.0,547.0,96.0,213.0,5.0,1049.0,173.0,1
15.0,1921.0,75.0,27.0,7.0,460.0,90.0,1
11.0,6350.0,84.0,197.0,5.0,1020.0,66.0,1
1.0,321.0,159.0,208.0,7.0,665.0,160.0,1
2.0,695.0,111.0,252.0,7.0,1185.0,63.0,1
12.0,6549.0,232.0,253.0,3.0,1218.0,101.0,1
15.0,916.0,79.0,129.0,7.0,1210.0,140.0,1
6.0,5290.0,16.0,162.0,6.0,685.0,106.0,1
15.0,3851.0,268.0,104.0,5.0,795.0,160.0,1
4.0,757.0,58.0,153.0,7.0,1005.0,268.0,1
15.0,29.0,175.0,268.0,3.0,595.0,65.0,1
14.0,251.0,216.0,217.0,1.0,1070.0,324.0,1
1.0,1770.0,80.0,96.0,4.0,835.0,215.0,1
0.0,4381.0,85.0,106.0,3.0,1175.0,47.0,1
14.0,938.0,241.0,60.0,7.0,510.0,111.0,1
10.0,3370.0,80.0,41.0,7.0,515.0,80.0,1
14.0,1987.0,60.0,241.0,4.0,465.0,113.0,1
1.0,1356.0,80.0,134.0,4.0,665.0,165.0,1
12.0,3097.0,205.0,184.0,7.0,667.0,81.0,1
10.0,2922.0,38.0,80.0,7.0,1050.0,95.0,1
15.0,196.0,79.0,268.0,1.0,925.0,120.0,1
10.0,2758.0,41.0,80.0,7.0,950.0,90.0,1
16.0,2132.0,135.0,162.0,5.0,460.0,78.0,1
5.0,1295.0,221.0,16.0,6.0,733.0,112.0,1
9.0,280.0,203.0,150.0,3.0,935.0,32.0,1
1.0,1053.0,268.0,208.0,4.0,705.0,75.0,1
12.0,4445.0,33.0,197.0,6.0,783.0,137.0,1
4.0,58.0,79.0,135.0,1.0,695.0,139.0,1
12.0,6721.0,208.0,91.0,5.0,1140.0,194.0,1
14.0,1696.0,60.0,22.0,4.0,705.0,117.0,1
4.0,154.0,96.0,213.0,6.0,569.0,187.0,1
15.0,1783.0,33.0,61.0,7.0,1200.0,70.0,1
6.0,5194.0,71.0,16.0,6.0,817.0,106.0,1
12.0,4773.0,224.0,261.0,1.0,990.0,93.0,1
1.0,2127.0,216.0,183.0,3.0,365.0,175.0,1
10.0,4417.0,78.0,233.0,5.0,1075.0,65.0,1
17.0,2692.0,177.0,60.0,5.0,360.0,105.0,1
12.0,6529.0,91.0,208.0,4.0,415.0,177.0,1
15.0,1733.0,217.0,45.0,6.0,1030.0,250.0,1
16.0,5952.0,208.0,27.0,7.0,883.0,106.0,1
5.0,258.0,253.0,197.0,3.0,500.0,217.0,1
12.0,4820.0,154.0,153.0,1.0,465.0,70.0,1
3.0,1084.0,60.0,148.0,7.0,1160.0,112.0,1
16.0,2104.0,68.0,135.0,4.0,495.0,65.0,1
5.0,183.0,148.0,252.0,7.0,450.0,380.0,1
3.0,612.0,147.0,148.0,4.0,685.0,125.0,1
3.0,612.0,147.0,148.0,7.0,685.0,125.0,1
10.0,4571.0,159.0,61.0,4.0,970.0,120.0,1
5.0,1659.0,16.0,54.0,5.0,1226.0,73.0,1
10.0,2907.0,80.0,71.0,4.0,885.0,130.0,1
15.0,3496.0,217.0,202.0,3.0,590.0,125.0,1
3.0,306.0,160.0,134.0,3.0,540.0,278.0,1
5.0,1654.0,16.0,76.0,3.0,1010.0,96.0,1
14.0,1733.0,78.0,60.0,3.0,825.0,86.0,1
1.0,2349.0,208.0,80.0,7.0,1130.0,155.0,1
11.0,6567.0,58.0,85.0,5.0,802.0,58.0,1
13.0,734.0,208.0,221.0,7.0,785.0,87.0,1
16.0,2221.0,96.0,177.0,4.0,720.0,177.0,1
12.0,7000.0,254.0,208.0,1.0,1015.0,95.0,1
1.0,1894.0,253.0,154.0,5.0,585.0,90.0,1
17.0,7280.0,42.0,208.0,4.0,1005.0,154.0,1
15.0,1162.0,18.0,129.0,5.0,610.0,50.0,1
15.0,948.0,217.0,243.0,4.0,1200.0,65.0,1
5.0,1695.0,43.0,16.0,7.0,711.0,139.0,1
8.0,731.0,184.0,197.0,4.0,900.0,73.0,1
6.0,5023.0,16.0,146.0,5.0,975.0,84.0,1
13.0,962.0,61.0,79.0,4.0,938.0,202.0,1
15.0,3684.0,244.0,79.0,3.0,370.0,145.0,1
12.0,6822.0,253.0,231.0,4.0,712.0,69.0,1
15.0,1027.0,184.0,172.0,5.0,455.0,95.0,1
0.0,3718.0,85.0,139.0,1.0,450.0,84.0,1
9.0,279.0,150.0,203.0,6.0,849.0,31.0,1
5.0,1127.0,16.0,213.0,6.0,900.0,111.0,1
15.0,1567.0,170.0,129.0,6.0,640.0,80.0,1
14.0,1764.0,60.0,78.0,1.0,1077.0,74.0,1
17.0,2695.0,217.0,100.0,5.0,889.0,105.0,1
11.0,6717.0,71.0,172.0,6.0,985.0,118.0,1
5.0,2603.0,85.0,104.0,5.0,1195.0,184.0,1
5.0,1976.0,173.0,159.0,4.0,1199.0,155.0,1
14.0,1444.0,60.0,233.0,1.0,780.0,49.0,1
16.0,2881.0,135.0,33.0,4.0,765.0,108.0,1
12.0,7761.0,89.0,261.0,3.0,1029.0,66.0,1
13.0,593.0,79.0,264.0,4.0,1276.0,144.0,1
15.0,857.0,184.0,45.0,4.0,500.0,120.0,1
15.0,984.0,172.0,214.0,6.0,975.0,245.0,1
5.0,2586.0,261.0,16.0,5.0,665.0,215.0,1
2.0,677.0,79.0,252.0,4.0,480.0,175.0,1
15.0,2748.0,44.0,217.0,5.0,1155.0,80.0,1
6.0,5596.0,16.0,47.0,7.0,682.0,59.0,1
15.0,523.0,153.0,34.0,4.0,955.0,105.0,1
13.0,66.0,161.0,154.0,6.0,840.0,339.0,1
5.0,2149.0,85.0,252.0,7.0,515.0,302.0,1
15.0,2903.0,18.0,75.0,7.0,805.0,55.0,1
5.0,2133.0,197.0,16.0,3.0,930.0,154.0,1
10.0,4308.0,208.0,33.0,6.0,1330.0,85.0,1
1.0,763.0,80.0,178.0,5.0,1240.0,90.0,1
8.0,26.0,16.0,175.0,1.0,740.0,117.0,1
13.0,549.0,216.0,208.0,7.0,580.0,142.0,1
15.0,201.0,129.0,173.0,3.0,475.0,125.0,1
13.0,303.0,148.0,253.0,4.0,360.0,404.0,1
13.0,544.0,153.0,253.0,4.0,987.0,103.0,1
1.0,286.0,161.0,154.0,6.0,1320.0,330.0,1
0.0,3859.0,16.0,204.0,5.0,681.0,145.0,1
10.0,3794.0,208.0,91.0,1.0,675.0,200.0,1
15.0,379.0,202.0,252.0,3.0,370.0,125.0,1
15.0,1566.0,262.0,207.0,7.0,1165.0,75.0,1
15.0,278.0,104.0,277.0,6.0,460.0,65.0,1
15.0,2977.0,159.0,175.0,6.0,870.0,140.0,1
1.0,2103.0,134.0,183.0,7.0,360.0,160.0,1
6.0,5584.0,19.0,16.0,7.0,700.0,67.0,1
5.0,2101.0,35.0,16.0,7.0,960.0,183.0,1
5.0,2812.0,16.0,208.0,1.0,630.0,132.0,1
16.0,2790.0,135.0,290.0,5.0,606.0,81.0,1
5.0,1905.0,85.0,173.0,5.0,840.0,157.0,1
5.0,671.0,85.0,241.0,5.0,605.0,173.0,1
4.0,1635.0,96.0,217.0,7.0,977.0,333.0,1
5.0,252.0,104.0,85.0,5.0,692.0,188.0,1
6.0,5204.0,254.0,16.0,6.0,603.0,107.0,1
0.0,4187.0,177.0,75.0,3.0,1185.0,94.0,1
14.0,1762.0,197.0,216.0,1.0,780.0,149.0,1
1.0,1281.0,35.0,80.0,4.0,925.0,265.0,1
1.0,1141.0,148.0,183.0,1.0,345.0,190.0,1
12.0,6567.0,85.0,208.0,3.0,1139.0,80.0,1
5.0,2621.0,261.0,154.0,7.0,1205.0,122.0,1
15.0,534.0,279.0,75.0,3.0,1225.0,60.0,1
10.0,2786.0,116.0,80.0,5.0,415.0,110.0,1
1.0,1034.0,79.0,80.0,4.0,640.0,120.0,1
15.0,512.0,243.0,153.0,3.0,465.0,70.0,1
2.0,373.0,262.0,252.0,7.0,780.0,110.0,1
5.0,2501.0,173.0,177.0,3.0,1050.0,134.0,1
15.0,705.0,268.0,277.0,7.0,1130.0,135.0,1
5.0,2912.0,16.0,208.0,1.0,1041.0,134.0,1
15.0,1087.0,33.0,104.0,7.0,465.0,130.0,1
5.0,2288.0,16.0,35.0,7.0,750.0,153.0,1
8.0,569.0,32.0,16.0,6.0,1060.0,100.0,1
10.0,4692.0,148.0,61.0,4.0,1200.0,125.0,1
4.0,667.0,135.0,252.0,5.0,1045.0,277.0,1
2.0,64.0,14.0,149.0,4.0,695.0,102.0,1
14.0,258.0,217.0,216.0,4.0,1425.0,254.0,1
15.0,794.0,277.0,45.0,1.0,420.0,130.0,1
17.0,2870.0,292.0,217.0,1.0,770.0,54.0,1
11.0,6367.0,54.0,16.0,4.0,605.0,85.0,1
10.0,2770.0,158.0,80.0,1.0,730.0,85.0,1
13.0,254.0,79.0,208.0,6.0,1013.0,141.0,1
6.0,4967.0,32.0,16.0,5.0,1121.0,108.0,1
17.0,2677.0,245.0,60.0,1.0,667.0,74.0,1
17.0,2619.0,60.0,162.0,6.0,1080.0,133.0,1
5.0,2172.0,277.0,16.0,6.0,1055.0,103.0,1
8.0,360.0,16.0,159.0,3.0,455.0,127.0,1
10.0,4014.0,208.0,139.0,7.0,610.0,60.0,1
0.0,4315.0,197.0,117.0,5.0,925.0,66.0,1
12.0,6321.0,154.0,243.0,7.0,452.0,46.0,1
5.0,2304.0,154.0,16.0,5.0,35.0,256.0,1
16.0,2672.0,84.0,135.0,7.0,1025.0,142.0,1
12.0,4540.0,261.0,196.0,3.0,585.0,92.0,1
15.0,1221.0,104.0,228.0,5.0,700.0,180.0,1
0.0,3713.0,85.0,109.0,6.0,1170.0,61.0,1
1.0,2303.0,208.0,80.0,4.0,420.0,155.0,1
15.0,515.0,243.0,217.0,1.0,1040.0,70.0,1
1.0,1981.0,16.0,80.0,6.0,705.0,150.0,1
16.0,2004.0,45.0,96.0,1.0,601.0,59.0,1
5.0,1683.0,261.0,153.0,6.0,660.0,87.0,1
15.0,3764.0,27.0,268.0,1.0,685.0,80.0,1
1.0,1755.0,2.0,80.0,4.0,360.0,105.0,1
1.0,231.0,183.0,154.0,4.0,1080.0,350.0,1
4.0,329.0,60.0,96.0,1.0,401.0,109.0,1
15.0,941.0,141.0,45.0,5.0,745.0,75.0,1
4.0,1724.0,205.0,135.0,7.0,420.0,143.0,1
14.0,1032.0,60.0,0.0,5.0,1215.0,100.0,1
12.0,4471.0,197.0,135.0,5.0,425.0,171.0,1
10.0,3964.0,45.0,208.0,1.0,665.0,130.0,1
1.0,2238.0,208.0,183.0,1.0,740.0,185.0,1
10.0,2765.0,80.0,84.0,7.0,470.0,110.0,1
5.0,2829.0,16.0,252.0,6.0,1145.0,335.0,1
7.0,191.0,79.0,76.0,1.0,645.0,155.0,1
12.0,3067.0,268.0,184.0,1.0,745.0,77.0,1
15.0,1156.0,202.0,264.0,4.0,490.0,80.0,1
16.0,2734.0,205.0,135.0,4.0,360.0,144.0,1
13.0,33.0,80.0,79.0,6.0,375.0,131.0,1
16.0,2848.0,147.0,96.0,5.0,1090.0,139.0,1
15.0,1337.0,79.0,198.0,4.0,1145.0,155.0,1
5.0,2073.0,61.0,16.0,6.0,485.0,100.0,1
15.0,1569.0,173.0,268.0,5.0,610.0,155.0,1
1.0,409.0,172.0,80.0,4.0,1155.0,100.0,1
12.0,7774.0,255.0,261.0,1.0,1078.0,77.0,1
10.0,3203.0,80.0,13.0,7.0,390.0,75.0,1
15.0,759.0,207.0,217.0,1.0,520.0,65.0,1
10.0,2759.0,80.0,68.0,6.0,890.0,80.0,1
1.0,1145.0,45.0,80.0,7.0,555.0,220.0,1
13.0,954.0,154.0,253.0,1.0,400.0,85.0,1
16.0,2527.0,96.0,120.0,4.0,727.0,101.0,1
12.0,6307.0,79.0,85.0,7.0,1057.0,162.0,1
12.0,4663.0,29.0,197.0,5.0,660.0,83.0,1
4.0,223.0,14.0,252.0,5.0,49.0,201.0,1
1.0,258.0,153.0,148.0,1.0,485.0,300.0,1
4.0,446.0,135.0,208.0,3.0,715.0,154.0,1
1.0,1817.0,183.0,253.0,3.0,1235.0,380.0,1
12.0,6263.0,253.0,100.0,3.0,618.0,61.0,1
15.0,337.0,2.0,173.0,5.0,920.0,200.0,1
14.0,407.0,216.0,208.0,1.0,475.0,152.0,1
0.0,3863.0,177.0,279.0,1.0,575.0,88.0,1
16.0,2612.0,135.0,71.0,5.0,475.0,135.0,1
10.0,3691.0,58.0,183.0,3.0,1040.0,180.0,1
11.0,6565.0,273.0,71.0,4.0,1029.0,126.0,1
3.0,443.0,35.0,277.0,4.0,507.0,204.0,1
11.0,6637.0,205.0,177.0,1.0,700.0,112.0,1
10.0,2807.0,80.0,109.0,1.0,1095.0,130.0,1
10.0,4121.0,208.0,278.0,5.0,785.0,115.0,1
15.0,147.0,173.0,45.0,7.0,1170.0,125.0,1
12.0,4777.0,261.0,2.0,7.0,1005.0,102.0,1
4.0,438.0,96.0,183.0,7.0,760.0,182.0,1
15.0,934.0,262.0,264.0,7.0,990.0,85.0,1
5.0,1970.0,16.0,43.0,3.0,815.0,122.0,1
11.0,6461.0,35.0,148.0,5.0,450.0,87.0,1
1.0,2372.0,80.0,208.0,3.0,1150.0,135.0,1
16.0,2228.0,177.0,96.0,5.0,865.0,162.0,1
15.0,10.0,75.0,13.0,4.0,585.0,70.0,1
1.0,707.0,159.0,80.0,6.0,420.0,250.0,1
1.0,2265.0,216.0,208.0,5.0,450.0,160.0,1
7.0,144.0,79.0,129.0,4.0,910.0,139.0,1
5.0,1204.0,177.0,16.0,5.0,634.0,81.0,1
10.0,3640.0,61.0,183.0,5.0,425.0,170.0,1
12.0,6330.0,253.0,224.0,3.0,567.0,113.0,1
10.0,3282.0,80.0,146.0,4.0,760.0,80.0,1
0.0,4259.0,222.0,85.0,3.0,375.0,95.0,1
1.0,522.0,214.0,80.0,6.0,945.0,215.0,1
5.0,152.0,154.0,16.0,6.0,780.0,261.0,1
15.0,3814.0,184.0,173.0,1.0,530.0,170.0,1
6.0,5252.0,275.0,104.0,7.0,1135.0,84.0,1
16.0,3049.0,200.0,96.0,3.0,703.0,110.0,1
4.0,783.0,35.0,135.0,7.0,610.0,260.0,1
15.0,3509.0,79.0,216.0,4.0,1080.0,210.0,1
12.0,4507.0,79.0,261.0,7.0,530.0,95.0,1
13.0,894.0,174.0,208.0,7.0,419.0,122.0,1
15.0,1123.0,175.0,104.0,3.0,720.0,180.0,1
0.0,4292.0,167.0,148.0,5.0,890.0,110.0,1
7.0,387.0,104.0,79.0,3.0,902.0,264.0,1
5.0,2003.0,205.0,197.0,3.0,436.0,74.0,1
17.0,2912.0,227.0,217.0,3.0,709.0,66.0,1
17.0,7243.0,42.0,208.0,1.0,511.0,154.0,1
15.0,1239.0,258.0,243.0,3.0,1185.0,75.0,1
16.0,2611.0,58.0,251.0,1.0,1025.0,72.0,1
12.0,6582.0,253.0,51.0,6.0,962.0,93.0,1
4.0,1776.0,135.0,216.0,3.0,1130.0,190.0,1
1.0,848.0,80.0,16.0,5.0,1070.0,130.0,1
5.0,691.0,234.0,16.0,7.0,940.0,110.0,1
16.0,2999.0,58.0,184.0,5.0,1260.0,77.0,1
10.0,4687.0,233.0,148.0,7.0,700.0,90.0,1
15.0,389.0,33.0,233.0,4.0,900.0,80.0,1
6.0,7373.0,177.0,116.0,3.0,1180.0,76.0,1
6.0,5113.0,16.0,81.0,5.0,590.0,65.0,1
12.0,4831.0,154.0,243.0,1.0,650.0,46.0,1
1.0,754.0,172.0,208.0,4.0,630.0,95.0,1
10.0,4132.0,208.0,172.0,1.0,420.0,90.0,1
11.0,6491.0,159.0,147.0,7.0,830.0,169.0,1
5.0,1322.0,198.0,16.0,3.0,975.0,93.0,1
12.0,6764.0,164.0,79.0,3.0,408.0,97.0,1
1.0,1551.0,159.0,33.0,7.0,1135.0,155.0,1
10.0,4070.0,208.0,43.0,7.0,935.0,95.0,1
1.0,1241.0,80.0,79.0,7.0,610.0,125.0,1
5.0,1900.0,172.0,16.0,6.0,410.0,134.0,1
1.0,2428.0,80.0,18.0,3.0,900.0,60.0,1
6.0,5136.0,16.0,288.0,6.0,572.0,78.0,1
5.0,2179.0,78.0,261.0,5.0,1050.0,295.0,1
14.0,1690.0,241.0,60.0,6.0,1035.0,114.0,1
5.0,1472.0,277.0,16.0,6.0,676.0,93.0,1
8.0,706.0,76.0,16.0,6.0,1127.0,93.0,1
15.0,1714.0,277.0,61.0,1.0,950.0,135.0,1
15.0,3320.0,253.0,153.0,1.0,560.0,95.0,1
15.0,1498.0,44.0,258.0,7.0,1090.0,65.0,1
4.0,741.0,135.0,18.0,6.0,715.0,46.0,1
15.0,3501.0,175.0,139.0,4.0,605.0,50.0,1
15.0,205.0,175.0,233.0,5.0,565.0,110.0,1
1.0,223.0,35.0,154.0,4.0,1130.0,395.0,1
15.0,255.0,175.0,205.0,6.0,555.0,90.0,1
1.0,1181.0,78.0,183.0,5.0,1010.0,170.0,1
5.0,2104.0,154.0,261.0,7.0,1083.0,108.0,1
13.0,663.0,78.0,79.0,7.0,1044.0,247.0,1
5.0,1125.0,215.0,16.0,1.0,375.0,116.0,1
15.0,1903.0,68.0,129.0,6.0,605.0,50.0,1
14.0,2118.0,159.0,35.0,1.0,480.0,64.0,1
1.0,2099.0,208.0,154.0,7.0,440.0,265.0,1
5.0,1440.0,241.0,16.0,7.0,480.0,114.0,1
8.0,1157.0,139.0,241.0,6.0,757.0,148.0,1
5.0,1529.0,148.0,153.0,1.0,630.0,352.0,1
1.0,1484.0,217.0,80.0,1.0,935.0,140.0,1
15.0,3655.0,22.0,277.0,4.0,860.0,195.0,1
14.0,125.0,128.0,217.0,7.0,1430.0,362.0,1
5.0,1668.0,16.0,54.0,4.0,1145.0,79.0,1
15.0,731.0,154.0,79.0,5.0,440.0,140.0,1
13.0,20.0,262.0,79.0,4.0,466.0,153.0,1
10.0,3303.0,80.0,187.0,4.0,1115.0,115.0,1
2.0,522.0,252.0,44.0,1.0,470.0,145.0,1
15.0,647.0,79.0,279.0,4.0,490.0,90.0,1
15.0,3917.0,216.0,213.0,5.0,850.0,170.0,1
1.0,1204.0,80.0,233.0,4.0,860.0,150.0,1
16.0,2621.0,96.0,251.0,1.0,405.0,145.0,1
6.0,5398.0,19.0,16.0,3.0,840.0,76.0,1
16.0,2480.0,58.0,42.0,6.0,775.0,77.0,1
11.0,6573.0,71.0,147.0,5.0,1235.0,115.0,1
12.0,6569.0,86.0,208.0,4.0,677.0,68.0,1
12.0,6570.0,132.0,79.0,4.0,869.0,178.0,1
9.0,361.0,143.0,128.0,7.0,1116.0,49.0,1
5.0,2527.0,16.0,104.0,3.0,1298.0,114.0,1
8.0,371.0,159.0,16.0,5.0,1060.0,156.0,1
4.0,1506.0,135.0,277.0,7.0,1170.0,124.0,1
15.0,1894.0,182.0,45.0,6.0,740.0,95.0,1
0.0,3662.0,56.0,197.0,7.0,1020.0,75.0,1
12.0,6977.0,184.0,208.0,6.0,1105.0,50.0,1
13.0,753.0,79.0,159.0,7.0,1067.0,218.0,1
16.0,2514.0,131.0,135.0,7.0,485.0,69.0,1
15.0,304.0,129.0,131.0,6.0,1170.0,60.0,1
5.0,2010.0,80.0,16.0,4.0,870.0,126.0,1
15.0,1968.0,175.0,129.0,4.0,1155.0,170.0,1
5.0,1106.0,261.0,45.0,3.0,595.0,248.0,1
15.0,1546.0,233.0,45.0,5.0,1100.0,60.0,1
5.0,1566.0,16.0,228.0,6.0,1227.0,141.0,1
12.0,6358.0,246.0,154.0,4.0,1186.0,44.0,1
10.0,4607.0,159.0,233.0,4.0,1080.0,105.0,1
4.0,84.0,16.0,96.0,1.0,730.0,139.0,1
12.0,6876.0,79.0,214.0,6.0,507.0,172.0,1
16.0,2164.0,221.0,96.0,1.0,380.0,83.0,1
15.0,1100.0,45.0,251.0,1.0,915.0,110.0,1
15.0,1754.0,262.0,264.0,7.0,870.0,85.0,1
14.0,590.0,217.0,172.0,3.0,595.0,160.0,1
14.0,1401.0,208.0,60.0,3.0,730.0,113.0,1
15.0,3160.0,18.0,243.0,6.0,1090.0,190.0,1
5.0,1848.0,85.0,159.0,4.0,445.0,121.0,1
5.0,1261.0,54.0,16.0,6.0,510.0,86.0,1
3.0,711.0,148.0,153.0,3.0,615.0,344.0,1
12.0,6444.0,263.0,154.0,3.0,865.0,57.0,1
5.0,2259.0,22.0,197.0,4.0,495.0,190.0,1
12.0,6763.0,221.0,208.0,7.0,820.0,95.0,1
15.0,934.0,264.0,153.0,5.0,1100.0,65.0,1
16.0,2188.0,234.0,96.0,3.0,775.0,90.0,1
10.0,3718.0,16.0,208.0,4.0,1065.0,130.0,1
11.0,6622.0,177.0,208.0,3.0,1175.0,109.0,1
15.0,660.0,79.0,173.0,4.0,1020.0,210.0,1
15.0,3095.0,277.0,182.0,6.0,830.0,175.0,1
8.0,256.0,106.0,16.0,6.0,1088.0,132.0,1
12.0,6238.0,153.0,100.0,7.0,1255.0,78.0,1
15.0,1059.0,251.0,175.0,6.0,490.0,75.0,1
7.0,107.0,197.0,79.0,1.0,851.0,124.0,1
0.0,3986.0,99.0,197.0,1.0,660.0,66.0,1
15.0,307.0,154.0,217.0,3.0,1080.0,80.0,1
6.0,7372.0,116.0,177.0,1.0,385.0,83.0,1
12.0,6298.0,236.0,253.0,5.0,805.0,67.0,1
15.0,311.0,204.0,217.0,5.0,420.0,155.0,1
1.0,1972.0,208.0,233.0,6.0,1040.0,115.0,1
14.0,2189.0,159.0,78.0,4.0,1200.0,77.0,1
4.0,518.0,96.0,277.0,3.0,1045.0,182.0,1
12.0,7012.0,261.0,208.0,3.0,673.0,188.0,1
11.0,6332.0,58.0,71.0,1.0,440.0,76.0,1
1.0,1477.0,216.0,80.0,6.0,400.0,235.0,1
15.0,942.0,33.0,217.0,6.0,1000.0,240.0,1
10.0,2745.0,80.0,121.0,7.0,660.0,125.0,1
2.0,483.0,243.0,252.0,7.0,750.0,175.0,1
5.0,2387.0,184.0,16.0,3.0,350.0,129.0,1
3.0,117.0,148.0,198.0,5.0,415.0,204.0,1
1.0,201.0,148.0,154.0,7.0,390.0,385.0,1
14.0,962.0,79.0,216.0,4.0,680.0,208.0,1
12.0,6735.0,79.0,196.0,3.0,628.0,133.0,1
5.0,1189.0,45.0,261.0,4.0,1070.0,294.0,1
10.0,4650.0,159.0,16.0,4.0,360.0,150.0,1
12.0,4591.0,261.0,244.0,3.0,595.0,165.0,1
16.0,2724.0,135.0,118.0,5.0,1140.0,73.0,1
2.0,107.0,252.0,14.0,3.0,1170.0,230.0,1
12.0,4698.0,67.0,261.0,1.0,778.0,73.0,1
2.0,55.0,98.0,249.0,1.0,460.0,71.0,1
9.0,334.0,128.0,203.0,7.0,915.0,37.0,1
15.0,2291.0,236.0,243.0,7.0,580.0,85.0,1
10.0,3059.0,100.0,154.0,6.0,925.0,65.0,1
7.0,421.0,16.0,79.0,7.0,966.0,204.0,1
17.0,2916.0,227.0,217.0,3.0,1000.0,83.0,1
6.0,7091.0,134.0,245.0,5.0,1025.0,105.0,1
16.0,3103.0,96.0,273.0,1.0,1000.0,71.0,1
15.0,272.0,258.0,243.0,1.0,745.0,75.0,1
14.0,1690.0,241.0,60.0,1.0,1035.0,114.0,1
16.0,2748.0,135.0,190.0,4.0,965.0,79.0,1
15.0,1174.0,33.0,45.0,7.0,1005.0,100.0,1
13.0,148.0,134.0,173.0,4.0,890.0,142.0,1
1.0,2438.0,80.0,79.0,1.0,1050.0,125.0,1
15.0,971.0,153.0,207.0,4.0,390.0,55.0,1
17.0,7255.0,208.0,22.0,1.0,655.0,120.0,1
10.0,2919.0,80.0,41.0,1.0,620.0,80.0,1
3.0,748.0,260.0,173.0,6.0,1121.0,182.0,1
15.0,934.0,264.0,153.0,3.0,1100.0,65.0,1
5.0,1586.0,16.0,159.0,6.0,460.0,134.0,1
1.0,696.0,80.0,183.0,6.0,1015.0,165.0,1
8.0,112.0,80.0,16.0,1.0,725.0,125.0,1
8.0,954.0,45.0,104.0,1.0,505.0,160.0,1
6.0,7310.0,205.0,85.0,4.0,1072.0,118.0,1
6.0,5564.0,138.0,16.0,3.0,360.0,88.0,1
14.0,1978.0,135.0,60.0,6.0,940.0,148.0,1
5.0,1668.0,16.0,54.0,6.0,1145.0,79.0,1
15.0,339.0,252.0,202.0,1.0,475.0,125.0,1
16.0,2463.0,58.0,80.0,4.0,740.0,179.0,1
1.0,436.0,264.0,80.0,3.0,650.0,170.0,1
15.0,3834.0,182.0,277.0,1.0,1040.0,215.0,1
5.0,1996.0,197.0,159.0,5.0,420.0,175.0,1
5.0,2523.0,16.0,128.0,4.0,650.0,620.0,1
16.0,2303.0,60.0,135.0,4.0,510.0,169.0,1
1.0,1766.0,260.0,134.0,5.0,780.0,245.0,1
12.0,4555.0,261.0,207.0,7.0,1220.0,98.0,1
15.0,385.0,159.0,45.0,3.0,960.0,80.0,1
15.0,998.0,175.0,45.0,1.0,985.0,110.0,1
15.0,1499.0,175.0,268.0,1.0,530.0,70.0,1
5.0,1061.0,154.0,173.0,3.0,625.0,276.0,1
1.0,949.0,173.0,183.0,5.0,1015.0,65.0,1
4.0,525.0,96.0,58.0,5.0,585.0,110.0,1
15.0,622.0,175.0,58.0,5.0,500.0,70.0,1
14.0,490.0,207.0,217.0,6.0,765.0,70.0,1
13.0,290.0,262.0,134.0,4.0,460.0,295.0,1
15.0,3575.0,172.0,153.0,4.0,1165.0,195.0,1
14.0,1723.0,60.0,104.0,5.0,1100.0,122.0,1
1.0,2331.0,208.0,80.0,5.0,820.0,150.0,1
12.0,6239.0,208.0,117.0,5.0,1021.0,53.0,1
6.0,5017.0,234.0,85.0,6.0,979.0,124.0,1
5.0,1556.0,85.0,177.0,3.0,1035.0,135.0,1
4.0,1545.0,58.0,135.0,4.0,898.0,187.0,1
2.0,512.0,252.0,264.0,4.0,870.0,159.0,1
8.0,938.0,16.0,147.0,7.0,1340.0,69.0,1
5.0,2823.0,197.0,173.0,5.0,605.0,192.0,1
5.0,1578.0,16.0,134.0,5.0,910.0,112.0,1
15.0,567.0,216.0,277.0,3.0,990.0,175.0,1
5.0,2504.0,245.0,16.0,6.0,390.0,74.0,1
12.0,6484.0,79.0,17.0,7.0,612.0,140.0,1
15.0,11.0,243.0,202.0,1.0,940.0,90.0,1
0.0,3815.0,177.0,184.0,1.0,520.0,108.0,1
14.0,983.0,208.0,60.0,5.0,1079.0,115.0,1
14.0,369.0,135.0,217.0,5.0,900.0,172.0,1
1.0,2040.0,183.0,159.0,1.0,770.0,170.0,1
8.0,754.0,132.0,45.0,6.0,410.0,115.0,1
13.0,859.0,277.0,208.0,7.0,555.0,174.0,1
12.0,6599.0,79.0,252.0,1.0,930.0,176.0,1
15.0,2609.0,198.0,129.0,7.0,1045.0,75.0,1
5.0,1946.0,104.0,197.0,3.0,803.0,246.0,1
16.0,2882.0,33.0,96.0,7.0,1180.0,122.0,1
15.0,1848.0,33.0,233.0,3.0,1150.0,85.0,1
0.0,3736.0,66.0,177.0,1.0,680.0,75.0,1
16.0,2320.0,135.0,91.0,7.0,1280.0,118.0,1
6.0,5254.0,245.0,16.0,1.0,761.0,86.0,1
17.0,2642.0,198.0,60.0,6.0,850.0,114.0,1
15.0,1592.0,104.0,173.0,5.0,935.0,60.0,1
14.0,1721.0,58.0,60.0,4.0,935.0,99.0,1
1.0,779.0,208.0,243.0,1.0,685.0,260.0,1
13.0,333.0,208.0,172.0,3.0,595.0,97.0,1
6.0,5499.0,78.0,268.0,5.0,1205.0,148.0,1
12.0,6301.0,154.0,227.0,4.0,701.0,50.0,1
8.0,877.0,16.0,197.0,1.0,545.0,155.0,1
5.0,466.0,198.0,16.0,1.0,825.0,90.0,1
16.0,2709.0,75.0,135.0,6.0,630.0,62.0,1
0.0,4114.0,85.0,229.0,5.0,840.0,118.0,1
1.0,1010.0,65.0,80.0,6.0,670.0,105.0,1
11.0,6655.0,205.0,177.0,5.0,360.0,114.0,1
15.0,1954.0,129.0,170.0,6.0,600.0,85.0,1
8.0,63.0,134.0,16.0,3.0,662.0,115.0,1
15.0,530.0,175.0,61.0,7.0,985.0,65.0,1
15.0,1050.0,221.0,277.0,3.0,1020.0,155.0,1
1.0,1322.0,80.0,85.0,1.0,435.0,160.0,1
1.0,1885.0,80.0,100.0,3.0,660.0,215.0,1
10.0,3482.0,162.0,80.0,4.0,695.0,70.0,1
16.0,5935.0,208.0,117.0,1.0,495.0,48.0,1
16.0,2642.0,135.0,204.0,4.0,545.0,81.0,1
14.0,1882.0,172.0,60.0,4.0,1106.0,130.0,1
14.0,7.0,252.0,217.0,1.0,685.0,167.0,1
6.0,5163.0,58.0,16.0,4.0,964.0,120.0,1
11.0,6384.0,135.0,71.0,7.0,420.0,135.0,1
14.0,702.0,217.0,216.0,6.0,705.0,269.0,1
12.0,6676.0,100.0,79.0,5.0,463.0,143.0,1
4.0,146.0,135.0,208.0,4.0,795.0,153.0,1
0.0,3661.0,48.0,85.0,3.0,335.0,76.0,1
2.0,232.0,252.0,243.0,1.0,390.0,154.0,1
15.0,270.0,131.0,244.0,7.0,1090.0,55.0,1
3.0,234.0,160.0,261.0,7.0,879.0,104.0,1
5.0,1646.0,217.0,16.0,7.0,50.0,212.0,1
2.0,344.0,252.0,202.0,1.0,850.0,123.0,1
0.0,4082.0,85.0,209.0,4.0,840.0,110.0,1
0.0,4167.0,16.0,177.0,6.0,445.0,90.0,1
16.0,2685.0,184.0,96.0,4.0,1003.0,136.0,1
15.0,3.0,75.0,129.0,1.0,450.0,60.0,1
13.0,956.0,79.0,208.0,6.0,717.0,144.0,1
15.0,35.0,162.0,75.0,5.0,805.0,65.0,1
10.0,4576.0,159.0,60.0,1.0,375.0,120.0,1
15.0,1534.0,45.0,129.0,6.0,695.0,225.0,1
6.0,5494.0,187.0,16.0,3.0,600.0,112.0,1
3.0,395.0,159.0,173.0,7.0,885.0,174.0,1
15.0,1004.0,204.0,153.0,1.0,670.0,170.0,1
5.0,2558.0,16.0,139.0,4.0,1230.0,90.0,1
5.0,2242.0,16.0,96.0,4.0,1068.0,134.0,1
1.0,1201.0,208.0,268.0,3.0,910.0,65.0,1
6.0,5040.0,41.0,177.0,3.0,995.0,76.0,1
8.0,143.0,85.0,16.0,5.0,360.0,125.0,1
7.0,765.0,79.0,153.0,1.0,493.0,114.0,1
8.0,192.0,16.0,78.0,3.0,995.0,101.0,1
4.0,1143.0,16.0,96.0,7.0,892.0,147.0,1
5.0,2562.0,154.0,148.0,1.0,690.0,332.0,1
10.0,2978.0,146.0,80.0,1.0,750.0,90.0,1
1.0,1432.0,260.0,183.0,6.0,990.0,180.0,1
5.0,2090.0,79.0,148.0,1.0,673.0,237.0,1
12.0,7789.0,271.0,261.0,6.0,795.0,67.0,1
13.0,940.0,79.0,208.0,6.0,830.0,149.0,1
3.0,1256.0,134.0,35.0,1.0,660.0,85.0,1
14.0,1630.0,79.0,60.0,6.0,725.0,183.0,1
15.0,27.0,87.0,45.0,7.0,1015.0,125.0,1
6.0,7306.0,85.0,147.0,5.0,535.0,148.0,1
15.0,740.0,153.0,268.0,3.0,795.0,190.0,1
8.0,309.0,16.0,79.0,5.0,1335.0,215.0,1
13.0,56.0,253.0,96.0,7.0,1350.0,325.0,1
14.0,1811.0,35.0,216.0,6.0,510.0,97.0,1
2.0,64.0,226.0,289.0,5.0,928.0,32.0,1
5.0,2305.0,172.0,197.0,1.0,405.0,90.0,1
15.0,763.0,217.0,207.0,4.0,970.0,70.0,1
12.0,6337.0,114.0,79.0,3.0,783.0,57.0,1
12.0,6426.0,262.0,253.0,4.0,737.0,49.0,1
1.0,1805.0,290.0,80.0,7.0,1100.0,85.0,1
14.0,504.0,139.0,217.0,5.0,1080.0,238.0,1
13.0,458.0,154.0,221.0,5.0,600.0,276.0,1
7.0,170.0,280.0,79.0,4.0,465.0,108.0,1
6.0,7107.0,159.0,134.0,7.0,1167.0,84.0,1
13.0,539.0,79.0,107.0,7.0,615.0,98.0,1
16.0,2331.0,33.0,135.0,5.0,1075.0,126.0,1
13.0,778.0,134.0,173.0,4.0,739.0,147.0,1
10.0,3261.0,162.0,80.0,1.0,1085.0,80.0,1
16.0,3092.0,172.0,96.0,5.0,856.0,164.0,1
0.0,3772.0,85.0,12.0,6.0,625.0,96.0,1
17.0,1053.0,203.0,161.0,4.0,715.0,45.0,1
12.0,6434.0,154.0,244.0,6.0,645.0,163.0,1
15.0,460.0,175.0,221.0,4.0,840.0,75.0,1
0.0,3681.0,0.0,85.0,1.0,981.0,112.0,1
12.0,4701.0,261.0,154.0,5.0,585.0,119.0,1
4.0,1103.0,208.0,96.0,1.0,720.0,128.0,1
0.0,4236.0,60.0,71.0,1.0,1065.0,99.0,1
10.0,2712.0,80.0,1.0,4.0,1175.0,50.0,1
1.0,818.0,154.0,268.0,7.0,755.0,210.0,1
5.0,1758.0,54.0,16.0,5.0,390.0,75.0,1
7.0,472.0,184.0,241.0,6.0,427.0,181.0,1
1.0,604.0,80.0,251.0,3.0,720.0,125.0,1
5.0,2559.0,85.0,268.0,5.0,535.0,119.0,1
15.0,1112.0,252.0,261.0,7.0,1095.0,110.0,1
1.0,2465.0,80.0,154.0,3.0,1070.0,205.0,1
1.0,297.0,154.0,128.0,3.0,995.0,365.0,1
5.0,2018.0,173.0,16.0,7.0,690.0,93.0,1
5.0,2058.0,173.0,148.0,5.0,1125.0,156.0,1
1.0,491.0,80.0,262.0,5.0,745.0,230.0,1
16.0,3142.0,204.0,135.0,6.0,560.0,79.0,1
12.0,4541.0,261.0,280.0,5.0,597.0,110.0,1
8.0,73.0,16.0,104.0,1.0,770.0,96.0,1
15.0,1099.0,268.0,251.0,5.0,1080.0,55.0,1
16.0,2472.0,135.0,147.0,6.0,805.0,121.0,1
10.0,2826.0,47.0,80.0,3.0,1070.0,180.0,1
11.0,6333.0,238.0,85.0,7.0,931.0,86.0,1
10.0,2781.0,80.0,119.0,3.0,1170.0,145.0,1
5.0,2110.0,80.0,16.0,5.0,795.0,121.0,1
12.0,4646.0,261.0,268.0,4.0,585.0,165.0,1
15.0,1991.0,214.0,153.0,6.0,1060.0,130.0,1
13.0,423.0,173.0,79.0,5.0,1067.0,249.0,1
1.0,162.0,128.0,154.0,7.0,810.0,330.0,1
3.0,522.0,173.0,96.0,4.0,645.0,151.0,1
12.0,6510.0,262.0,154.0,6.0,1181.0,83.0,1
15.0,641.0,153.0,221.0,7.0,570.0,260.0,1
12.0,6232.0,153.0,100.0,5.0,513.0,88.0,1
5.0,2694.0,16.0,216.0,6.0,743.0,129.0,1
15.0,159.0,33.0,216.0,6.0,1075.0,120.0,1
16.0,2192.0,135.0,170.0,6.0,1275.0,80.0,1
15.0,1013.0,217.0,18.0,3.0,640.0,125.0,1
1.0,532.0,80.0,233.0,6.0,370.0,145.0,1
11.0,6718.0,174.0,71.0,1.0,420.0,105.0,1
1.0,1386.0,252.0,208.0,6.0,740.0,250.0,1
17.0,2703.0,251.0,60.0,4.0,405.0,86.0,1
12.0,6989.0,79.0,65.0,7.0,1136.0,33.0,1
10.0,3827.0,16.0,208.0,4.0,705.0,120.0,1
15.0,42.0,217.0,129.0,7.0,750.0,150.0,1
5.0,2999.0,197.0,217.0,5.0,1310.0,208.0,1
1.0,343.0,159.0,208.0,5.0,1030.0,175.0,1
15.0,388.0,217.0,243.0,4.0,530.0,70.0,1
15.0,3133.0,277.0,104.0,1.0,985.0,60.0,1
15.0,2290.0,153.0,79.0,3.0,1220.0,110.0,1
6.0,5512.0,16.0,186.0,3.0,770.0,88.0,1
8.0,716.0,48.0,173.0,4.0,801.0,145.0,1
15.0,1956.0,198.0,129.0,4.0,945.0,75.0,1
5.0,2161.0,216.0,16.0,3.0,1140.0,150.0,1
13.0,316.0,79.0,134.0,5.0,764.0,195.0,1
16.0,2605.0,135.0,75.0,7.0,530.0,61.0,1
0.0,4384.0,85.0,273.0,7.0,855.0,82.0,1
15.0,1854.0,153.0,217.0,7.0,545.0,70.0,1
1.0,1596.0,214.0,80.0,1.0,360.0,225.0,1
12.0,6250.0,214.0,232.0,1.0,790.0,38.0,1
15.0,1692.0,214.0,153.0,3.0,950.0,130.0,1
0.0,3912.0,136.0,177.0,6.0,720.0,93.0,1
15.0,1423.0,45.0,209.0,4.0,1145.0,50.0,1
6.0,5148.0,16.0,275.0,1.0,900.0,70.0,1
11.0,6565.0,273.0,71.0,3.0,1029.0,126.0,1
15.0,1233.0,173.0,45.0,7.0,1020.0,125.0,1
5.0,1997.0,16.0,233.0,5.0,766.0,79.0,1
0.0,3815.0,177.0,184.0,3.0,520.0,108.0,1
8.0,1628.0,173.0,216.0,5.0,1102.0,140.0,1
15.0,3598.0,252.0,217.0,4.0,1175.0,170.0,1
17.0,2636.0,60.0,74.0,4.0,881.0,93.0,1
4.0,1759.0,264.0,135.0,7.0,885.0,183.0,1
12.0,6296.0,207.0,79.0,7.0,679.0,137.0,1
5.0,1932.0,147.0,16.0,3.0,510.0,89.0,1
15.0,2704.0,217.0,175.0,7.0,905.0,205.0,1
15.0,495.0,153.0,253.0,1.0,395.0,95.0,1
15.0,784.0,154.0,2.0,1.0,910.0,105.0,1
10.0,3268.0,5.0,80.0,1.0,410.0,45.0,1
14.0,1744.0,60.0,216.0,1.0,390.0,97.0,1
12.0,6853.0,72.0,208.0,6.0,607.0,68.0,1
5.0,1572.0,277.0,16.0,1.0,587.0,93.0,1
10.0,2806.0,80.0,120.0,6.0,795.0,145.0,1
10.0,4420.0,35.0,159.0,1.0,360.0,80.0,1
13.0,794.0,208.0,43.0,6.0,830.0,97.0,1
5.0,2361.0,216.0,16.0,4.0,540.0,145.0,1
5.0,1801.0,228.0,16.0,4.0,1080.0,175.0,1
5.0,2249.0,209.0,197.0,6.0,365.0,195.0,1
6.0,5523.0,16.0,237.0,3.0,510.0,90.0,1
6.0,5199.0,16.0,52.0,3.0,1372.0,40.0,1
14.0,220.0,217.0,35.0,5.0,595.0,294.0,1
14.0,94.0,217.0,214.0,7.0,1280.0,166.0,1
3.0,112.0,148.0,43.0,7.0,1370.0,83.0,1
5.0,2075.0,43.0,16.0,1.0,1098.0,147.0,1
10.0,3807.0,208.0,16.0,3.0,360.0,120.0,1
13.0,743.0,79.0,111.0,5.0,685.0,151.0,1
2.0,357.0,202.0,252.0,5.0,540.0,120.0,1
8.0,1612.0,78.0,173.0,1.0,419.0,148.0,1
15.0,505.0,217.0,251.0,4.0,960.0,205.0,1
1.0,1631.0,198.0,183.0,1.0,360.0,105.0,1
1.0,2036.0,80.0,172.0,4.0,1015.0,95.0,1
16.0,2317.0,135.0,120.0,4.0,845.0,140.0,1
16.0,2219.0,58.0,285.0,1.0,1000.0,78.0,1
13.0,158.0,214.0,253.0,4.0,1109.0,108.0,1
1.0,1396.0,236.0,80.0,4.0,710.0,190.0,1
10.0,3787.0,162.0,208.0,3.0,1055.0,115.0,1
10.0,3727.0,208.0,162.0,7.0,1305.0,110.0,1
6.0,5170.0,16.0,278.0,4.0,782.0,59.0,1
5.0,1291.0,177.0,16.0,4.0,1032.0,88.0,1
0.0,4371.0,245.0,85.0,3.0,735.0,142.0,1
0.0,3918.0,244.0,177.0,4.0,709.0,116.0,1
15.0,1089.0,153.0,261.0,5.0,640.0,80.0,1
10.0,4649.0,159.0,197.0,5.0,1125.0,180.0,1
6.0,5336.0,16.0,121.0,4.0,977.0,58.0,1
15.0,2276.0,153.0,261.0,3.0,400.0,80.0,1
3.0,347.0,148.0,267.0,5.0,809.0,182.0,1
15.0,2842.0,198.0,75.0,6.0,1195.0,85.0,1
1.0,277.0,183.0,154.0,5.0,945.0,350.0,1
13.0,937.0,134.0,79.0,6.0,1050.0,233.0,1
12.0,6538.0,79.0,137.0,5.0,1286.0,98.0,1
7.0,791.0,79.0,214.0,6.0,503.0,169.0,1
1.0,2093.0,159.0,183.0,7.0,690.0,190.0,1
6.0,4999.0,78.0,35.0,1.0,715.0,93.0,1
14.0,1507.0,60.0,217.0,5.0,577.0,279.0,1
16.0,2550.0,135.0,60.0,3.0,855.0,136.0,1
14.0,1997.0,208.0,60.0,1.0,360.0,118.0,1
5.0,2596.0,253.0,71.0,5.0,738.0,262.0,1
13.0,34.0,253.0,148.0,7.0,1354.0,337.0,1
10.0,4595.0,159.0,233.0,7.0,700.0,105.0,1
12.0,6401.0,93.0,253.0,5.0,385.0,96.0,1
0.0,3705.0,26.0,85.0,6.0,504.0,156.0,1
15.0,3926.0,2.0,172.0,3.0,690.0,110.0,1
5.0,1036.0,261.0,16.0,7.0,912.0,223.0,1
16.0,2840.0,135.0,223.0,5.0,985.0,86.0,1
14.0,400.0,61.0,217.0,1.0,465.0,274.0,1
10.0,4198.0,208.0,58.0,6.0,620.0,80.0,1
15.0,1048.0,45.0,198.0,3.0,620.0,180.0,1
15.0,3150.0,43.0,45.0,3.0,690.0,70.0,1
15.0,1023.0,202.0,2.0,7.0,505.0,135.0,1
17.0,2848.0,217.0,292.0,5.0,875.0,71.0,1
8.0,448.0,16.0,198.0,4.0,525.0,105.0,1
12.0,4600.0,253.0,261.0,3.0,613.0,117.0,1
6.0,5114.0,16.0,237.0,6.0,1296.0,82.0,1
3.0,1009.0,35.0,148.0,5.0,885.0,80.0,1
15.0,561.0,154.0,175.0,5.0,835.0,240.0,1
0.0,3958.0,251.0,16.0,1.0,1080.0,87.0,1
15.0,2579.0,233.0,45.0,6.0,460.0,65.0,1
12.0,6260.0,265.0,208.0,4.0,796.0,58.0,1
8.0,890.0,154.0,184.0,3.0,450.0,240.0,1
6.0,7096.0,134.0,35.0,1.0,877.0,91.0,1
11.0,6452.0,85.0,134.0,1.0,620.0,96.0,1
6.0,5068.0,16.0,138.0,5.0,725.0,76.0,1
0.0,3793.0,106.0,85.0,7.0,620.0,49.0,1
16.0,2461.0,146.0,135.0,5.0,723.0,77.0,1
15.0,1071.0,79.0,264.0,1.0,810.0,150.0,1
14.0,66.0,153.0,35.0,4.0,1335.0,292.0,1
1.0,2079.0,208.0,243.0,6.0,510.0,260.0,1
14.0,1028.0,216.0,173.0,4.0,820.0,152.0,1
16.0,2303.0,60.0,135.0,5.0,510.0,169.0,1
6.0,5321.0,54.0,16.0,3.0,1166.0,86.0,1
5.0,1452.0,2.0,16.0,4.0,510.0,179.0,1
2.0,477.0,154.0,252.0,5.0,380.0,165.0,1
5.0,2001.0,16.0,147.0,6.0,1044.0,70.0,1
15.0,30.0,75.0,91.0,7.0,890.0,105.0,1
8.0,1147.0,69.0,173.0,6.0,1103.0,121.0,1
16.0,2462.0,135.0,60.0,5.0,535.0,133.0,1
15.0,1618.0,268.0,216.0,3.0,970.0,130.0,1
2.0,316.0,252.0,253.0,5.0,880.0,123.0,1
2.0,62.0,149.0,257.0,6.0,632.0,45.0,1
14.0,1230.0,60.0,85.0,5.0,995.0,114.0,1
15.0,3668.0,261.0,217.0,3.0,675.0,100.0,1
16.0,2231.0,146.0,135.0,6.0,375.0,75.0,1
2.0,35.0,35.0,214.0,1.0,985.0,388.0,1
15.0,196.0,79.0,268.0,7.0,925.0,120.0,1
17.0,7250.0,208.0,54.0,3.0,840.0,122.0,1
3.0,915.0,148.0,208.0,7.0,821.0,159.0,1
14.0,1583.0,216.0,60.0,1.0,405.0,113.0,1
15.0,1636.0,75.0,204.0,4.0,455.0,50.0,1
15.0,378.0,75.0,27.0,4.0,1105.0,90.0,1
12.0,6767.0,230.0,79.0,3.0,480.0,76.0,1
13.0,25.0,148.0,154.0,7.0,1087.0,383.0,1
1.0,502.0,80.0,241.0,3.0,555.0,145.0,1
17.0,1014.0,203.0,128.0,4.0,1020.0,32.0,1
15.0,861.0,175.0,154.0,4.0,1040.0,275.0,1
16.0,2448.0,162.0,135.0,5.0,420.0,85.0,1
4.0,1183.0,96.0,208.0,4.0,800.0,150.0,1
15.0,1016.0,175.0,129.0,1.0,850.0,170.0,1
15.0,3252.0,261.0,252.0,7.0,790.0,130.0,1
6.0,5358.0,16.0,273.0,6.0,785.0,125.0,1
4.0,446.0,135.0,208.0,7.0,735.0,151.0,1
15.0,736.0,244.0,129.0,5.0,1015.0,50.0,1
15.0,489.0,221.0,173.0,5.0,785.0,140.0,1
8.0,778.0,153.0,16.0,5.0,810.0,230.0,1
5.0,428.0,260.0,16.0,6.0,985.0,236.0,1
10.0,3745.0,208.0,216.0,1.0,980.0,115.0,1
16.0,2736.0,135.0,285.0,4.0,604.0,118.0,1
6.0,7093.0,134.0,61.0,1.0,754.0,80.0,1
1.0,1483.0,233.0,80.0,5.0,915.0,195.0,1
15.0,3101.0,216.0,268.0,4.0,560.0,160.0,1
15.0,1001.0,214.0,172.0,3.0,530.0,200.0,1
5.0,1287.0,16.0,214.0,5.0,1000.0,324.0,1
5.0,2975.0,209.0,16.0,6.0,729.0,120.0,1
10.0,3673.0,183.0,60.0,3.0,1005.0,125.0,1
5.0,1761.0,16.0,198.0,7.0,1105.0,105.0,1
9.0,265.0,203.0,128.0,3.0,1110.0,34.0,1
8.0,35.0,175.0,16.0,6.0,826.0,117.0,1
12.0,6276.0,44.0,253.0,3.0,430.0,80.0,1
15.0,963.0,175.0,27.0,4.0,600.0,105.0,1
8.0,553.0,43.0,16.0,4.0,772.0,137.0,1
1.0,1375.0,22.0,260.0,3.0,460.0,225.0,1
5.0,2762.0,223.0,16.0,5.0,955.0,79.0,1
5.0,1042.0,264.0,16.0,6.0,525.0,247.0,1
10.0,3201.0,80.0,52.0,3.0,790.0,110.0,1
16.0,2388.0,65.0,135.0,1.0,510.0,134.0,1
5.0,1188.0,198.0,16.0,6.0,1050.0,90.0,1
0.0,4239.0,142.0,85.0,5.0,360.0,97.0,1
12.0,6435.0,279.0,154.0,3.0,1091.0,204.0,1
6.0,5066.0,16.0,121.0,1.0,755.0,53.0,1
8.0,1217.0,175.0,267.0,7.0,900.0,153.0,1
12.0,6294.0,79.0,83.0,6.0,985.0,62.0,1
8.0,314.0,16.0,60.0,3.0,890.0,69.0,1
15.0,1308.0,244.0,129.0,7.0,850.0,50.0,1
17.0,7243.0,42.0,208.0,5.0,511.0,154.0,1
8.0,910.0,16.0,215.0,1.0,1067.0,84.0,1
5.0,1023.0,76.0,16.0,5.0,657.0,105.0,1
13.0,199.0,173.0,208.0,5.0,863.0,177.0,1
5.0,1821.0,183.0,148.0,4.0,420.0,176.0,1
15.0,1026.0,173.0,241.0,1.0,685.0,50.0,1
10.0,3383.0,80.0,116.0,7.0,900.0,90.0,1
12.0,6846.0,253.0,246.0,1.0,652.0,76.0,1
1.0,1213.0,197.0,80.0,4.0,1135.0,155.0,1
10.0,4044.0,290.0,208.0,3.0,1070.0,115.0,1
14.0,333.0,280.0,217.0,4.0,770.0,51.0,1
16.0,3058.0,184.0,96.0,6.0,510.0,124.0,1
10.0,3068.0,243.0,154.0,7.0,945.0,45.0,1
8.0,868.0,197.0,16.0,3.0,420.0,156.0,1
12.0,6310.0,2.0,154.0,3.0,1135.0,125.0,1
6.0,5020.0,16.0,17.0,7.0,1079.0,131.0,1
5.0,1157.0,61.0,16.0,1.0,360.0,110.0,1
15.0,40.0,61.0,45.0,5.0,490.0,70.0,1
12.0,4439.0,197.0,192.0,3.0,1035.0,91.0,1
6.0,5125.0,16.0,58.0,6.0,715.0,103.0,1
14.0,1182.0,60.0,159.0,7.0,866.0,107.0,1
8.0,225.0,153.0,184.0,3.0,1420.0,208.0,1
15.0,3595.0,228.0,104.0,5.0,495.0,205.0,1
5.0,1826.0,104.0,16.0,7.0,880.0,120.0,1
15.0,126.0,33.0,58.0,7.0,1200.0,85.0,1
13.0,201.0,35.0,134.0,1.0,360.0,103.0,1
3.0,702.0,260.0,148.0,6.0,550.0,238.0,1
12.0,6990.0,79.0,170.0,1.0,664.0,96.0,1
4.0,1497.0,135.0,153.0,4.0,970.0,205.0,1
11.0,6392.0,71.0,85.0,6.0,600.0,83.0,1
10.0,3667.0,183.0,285.0,6.0,695.0,130.0,1
1.0,2040.0,183.0,159.0,4.0,770.0,170.0,1
16.0,2784.0,135.0,162.0,5.0,992.0,78.0,1
16.0,2070.0,165.0,135.0,3.0,1031.0,72.0,1
15.0,2991.0,253.0,154.0,5.0,1280.0,75.0,1
12.0,6571.0,214.0,179.0,6.0,1154.0,61.0,1
10.0,4369.0,71.0,208.0,3.0,1040.0,80.0,1
5.0,2441.0,78.0,277.0,1.0,989.0,142.0,1
8.0,937.0,147.0,16.0,3.0,1212.0,76.0,1
16.0,3005.0,135.0,68.0,7.0,1055.0,59.0,1
15.0,1126.0,217.0,79.0,5.0,550.0,110.0,1
6.0,5262.0,78.0,35.0,3.0,835.0,93.0,1
15.0,1656.0,214.0,258.0,3.0,650.0,105.0,1
10.0,3682.0,183.0,177.0,3.0,1240.0,155.0,1
10.0,3972.0,281.0,208.0,3.0,530.0,85.0,1
2.0,754.0,252.0,268.0,7.0,675.0,225.0,1
1.0,1912.0,217.0,80.0,4.0,425.0,140.0,1
14.0,1242.0,217.0,78.0,1.0,795.0,248.0,1
16.0,3039.0,135.0,184.0,6.0,702.0,140.0,1
13.0,341.0,234.0,208.0,4.0,413.0,134.0,1
1.0,2385.0,80.0,135.0,5.0,430.0,75.0,1
4.0,1033.0,159.0,135.0,3.0,630.0,245.0,1
2.0,44.0,23.0,14.0,6.0,866.0,69.0,1
1.0,1307.0,33.0,154.0,6.0,1030.0,260.0,1
1.0,2001.0,80.0,204.0,6.0,1250.0,55.0,1
15.0,1294.0,154.0,217.0,1.0,965.0,80.0,1
1.0,1328.0,262.0,80.0,6.0,740.0,200.0,1
14.0,1935.0,43.0,216.0,3.0,420.0,81.0,1
16.0,2114.0,96.0,42.0,5.0,704.0,71.0,1
5.0,2333.0,197.0,261.0,5.0,1030.0,184.0,1
10.0,2830.0,223.0,80.0,5.0,385.0,125.0,1
15.0,1169.0,198.0,129.0,7.0,1090.0,75.0,1
1.0,795.0,183.0,269.0,7.0,1065.0,150.0,1
14.0,520.0,217.0,236.0,6.0,505.0,109.0,1
10.0,3485.0,80.0,162.0,5.0,600.0,65.0,1
12.0,6880.0,261.0,79.0,6.0,622.0,85.0,1
14.0,2035.0,35.0,78.0,5.0,780.0,91.0,1
15.0,1739.0,45.0,35.0,4.0,1065.0,85.0,1
16.0,3011.0,134.0,135.0,5.0,875.0,201.0,1
14.0,4.0,217.0,153.0,3.0,680.0,75.0,1
12.0,6848.0,80.0,253.0,4.0,1197.0,235.0,1
14.0,1011.0,96.0,60.0,4.0,300.0,111.0,1
15.0,1987.0,175.0,85.0,6.0,1225.0,65.0,1
14.0,1983.0,60.0,16.0,3.0,480.0,90.0,1
15.0,1055.0,198.0,173.0,4.0,535.0,100.0,1
10.0,4049.0,208.0,139.0,3.0,895.0,60.0,1
15.0,3421.0,209.0,45.0,5.0,465.0,55.0,1
5.0,2815.0,16.0,217.0,3.0,654.0,256.0,1
6.0,5329.0,288.0,16.0,4.0,1030.0,79.0,1
5.0,2677.0,208.0,16.0,5.0,840.0,122.0,1
6.0,5573.0,16.0,290.0,1.0,905.0,122.0,1
7.0,765.0,79.0,153.0,5.0,493.0,114.0,1
6.0,5449.0,16.0,27.0,1.0,990.0,60.0,1
15.0,616.0,91.0,217.0,7.0,1210.0,75.0,1
1.0,1539.0,183.0,208.0,3.0,1050.0,205.0,1
5.0,2527.0,16.0,104.0,6.0,1298.0,114.0,1
15.0,410.0,61.0,175.0,1.0,365.0,70.0,1
5.0,2569.0,16.0,173.0,5.0,1290.0,88.0,1
14.0,1614.0,173.0,216.0,7.0,615.0,139.0,1
3.0,92.0,261.0,148.0,4.0,1392.0,248.0,1
2.0,861.0,214.0,203.0,1.0,600.0,368.0,1
2.0,875.0,252.0,161.0,3.0,1005.0,373.0,1
5.0,1171.0,221.0,16.0,3.0,1046.0,127.0,1
3.0,1223.0,35.0,233.0,7.0,480.0,125.0,1
5.0,1534.0,16.0,234.0,7.0,905.0,95.0,1
14.0,542.0,217.0,80.0,3.0,603.0,149.0,1
9.0,347.0,150.0,128.0,4.0,925.0,42.0,1
12.0,6675.0,100.0,79.0,4.0,872.0,134.0,1
0.0,4266.0,107.0,197.0,6.0,490.0,67.0,1
6.0,7392.0,71.0,78.0,4.0,1170.0,90.0,1
5.0,1833.0,71.0,154.0,5.0,970.0,293.0,1
6.0,5187.0,157.0,16.0,1.0,616.0,88.0,1
10.0,4058.0,208.0,85.0,4.0,1050.0,85.0,1
5.0,2757.0,253.0,154.0,5.0,838.0,84.0,1
8.0,90.0,233.0,16.0,5.0,1210.0,85.0,1
1.0,857.0,173.0,80.0,1.0,555.0,180.0,1
17.0,2748.0,280.0,217.0,1.0,540.0,60.0,1
13.0,723.0,79.0,258.0,3.0,1166.0,165.0,1
16.0,2691.0,96.0,45.0,5.0,1318.0,62.0,1
8.0,1579.0,286.0,16.0,1.0,675.0,85.0,1
10.0,2965.0,165.0,80.0,5.0,460.0,85.0,1
0.0,4208.0,85.0,229.0,1.0,1065.0,117.0,1
14.0,251.0,216.0,217.0,6.0,1070.0,324.0,1
1.0,1182.0,154.0,18.0,7.0,390.0,175.0,1
8.0,258.0,106.0,16.0,1.0,772.0,125.0,1
14.0,1787.0,43.0,60.0,7.0,705.0,113.0,1
5.0,1690.0,16.0,22.0,3.0,745.0,141.0,1
3.0,399.0,159.0,173.0,7.0,1265.0,165.0,1
16.0,5930.0,43.0,208.0,7.0,613.0,110.0,1
14.0,393.0,153.0,80.0,4.0,580.0,158.0,1
1.0,652.0,80.0,234.0,5.0,535.0,155.0,1
12.0,6636.0,224.0,79.0,3.0,712.0,131.0,1
15.0,16.0,129.0,75.0,3.0,600.0,55.0,1
12.0,7026.0,100.0,154.0,6.0,910.0,71.0,1
12.0,6500.0,258.0,154.0,1.0,393.0,77.0,1
9.0,363.0,143.0,128.0,7.0,1180.0,49.0,1
13.0,277.0,173.0,154.0,5.0,1144.0,331.0,1
5.0,1100.0,153.0,261.0,3.0,400.0,82.0,1
12.0,4764.0,58.0,71.0,5.0,1115.0,65.0,1
10.0,2713.0,80.0,146.0,6.0,645.0,75.0,1
0.0,4025.0,218.0,85.0,1.0,974.0,86.0,1
1.0,1084.0,258.0,80.0,5.0,1040.0,190.0,1
17.0,2610.0,60.0,96.0,7.0,725.0,113.0,1
0.0,4172.0,177.0,139.0,3.0,525.0,85.0,1
15.0,1096.0,262.0,153.0,3.0,770.0,80.0,1
0.0,3740.0,85.0,272.0,7.0,625.0,102.0,1
17.0,2631.0,60.0,245.0,1.0,564.0,64.0,1
16.0,2251.0,139.0,96.0,1.0,370.0,114.0,1
15.0,729.0,217.0,153.0,5.0,415.0,65.0,1
15.0,10.0,75.0,13.0,3.0,585.0,70.0,1
15.0,1167.0,79.0,277.0,3.0,1020.0,205.0,1
11.0,6472.0,174.0,71.0,4.0,770.0,105.0,1
2.0,60.0,151.0,252.0,1.0,555.0,116.0,1
1.0,1397.0,208.0,241.0,3.0,410.0,165.0,1
12.0,4642.0,204.0,261.0,3.0,815.0,144.0,1
15.0,1600.0,35.0,45.0,5.0,1095.0,100.0,1
14.0,1444.0,60.0,233.0,3.0,780.0,49.0,1
15.0,2903.0,258.0,243.0,7.0,395.0,80.0,1
16.0,5971.0,58.0,208.0,4.0,630.0,87.0,1
6.0,7303.0,177.0,290.0,3.0,1175.0,70.0,1
17.0,2861.0,217.0,103.0,4.0,1065.0,60.0,1
8.0,131.0,16.0,277.0,3.0,1335.0,87.0,1
14.0,1990.0,60.0,139.0,1.0,890.0,105.0,1
11.0,6543.0,27.0,159.0,7.0,885.0,148.0,1
16.0,2282.0,91.0,135.0,6.0,520.0,113.0,1
15.0,247.0,18.0,217.0,7.0,665.0,155.0,1
6.0,4975.0,16.0,71.0,3.0,445.0,85.0,1
1.0,890.0,80.0,268.0,1.0,690.0,95.0,1
3.0,7.0,43.0,148.0,4.0,1018.0,92.0,1
15.0,826.0,214.0,34.0,1.0,960.0,65.0,1
16.0,3134.0,96.0,33.0,3.0,895.0,150.0,1
6.0,5181.0,16.0,188.0,1.0,612.0,109.0,1
12.0,4454.0,102.0,197.0,3.0,840.0,160.0,1
10.0,2783.0,80.0,108.0,7.0,845.0,60.0,1
6.0,7109.0,134.0,132.0,1.0,517.0,120.0,1
14.0,27.0,173.0,217.0,5.0,435.0,298.0,1
14.0,874.0,78.0,60.0,7.0,419.0,95.0,1
15.0,1717.0,91.0,153.0,3.0,1110.0,115.0,1
5.0,1148.0,16.0,245.0,6.0,1140.0,65.0,1
1.0,504.0,258.0,80.0,1.0,740.0,205.0,1
12.0,6289.0,153.0,227.0,3.0,1024.0,60.0,1
13.0,365.0,85.0,208.0,6.0,470.0,84.0,1
0.0,3697.0,152.0,85.0,5.0,420.0,60.0,1
14.0,1238.0,80.0,60.0,6.0,1059.0,141.0,1
1.0,1479.0,16.0,80.0,6.0,845.0,150.0,1
12.0,6579.0,79.0,15.0,3.0,871.0,44.0,1
11.0,6540.0,204.0,177.0,1.0,1014.0,88.0,1
1.0,1543.0,80.0,244.0,1.0,705.0,65.0,1
15.0,441.0,243.0,253.0,3.0,635.0,105.0,1
14.0,1103.0,45.0,60.0,6.0,630.0,88.0,1
3.0,1223.0,35.0,233.0,4.0,480.0,125.0,1
14.0,77.0,35.0,217.0,5.0,980.0,353.0,1
12.0,6659.0,79.0,65.0,5.0,1310.0,35.0,1
14.0,185.0,217.0,104.0,5.0,970.0,250.0,1
13.0,384.0,135.0,79.0,1.0,360.0,150.0,1
1.0,1910.0,154.0,153.0,3.0,705.0,75.0,1
15.0,907.0,244.0,45.0,1.0,650.0,190.0,1
1.0,1511.0,173.0,80.0,6.0,630.0,185.0,1
10.0,4581.0,60.0,159.0,7.0,395.0,115.0,1
10.0,4107.0,208.0,61.0,5.0,505.0,75.0,1
15.0,740.0,264.0,153.0,3.0,700.0,65.0,1
4.0,655.0,221.0,135.0,4.0,500.0,195.0,1
12.0,3044.0,221.0,184.0,5.0,1119.0,91.0,1
5.0,1983.0,221.0,16.0,4.0,582.0,108.0,1
15.0,2357.0,216.0,221.0,7.0,1170.0,80.0,1
13.0,635.0,208.0,252.0,4.0,482.0,275.0,1
15.0,607.0,43.0,175.0,4.0,805.0,110.0,1
4.0,687.0,173.0,135.0,1.0,885.0,149.0,1
8.0,146.0,16.0,85.0,4.0,860.0,115.0,1
16.0,2577.0,54.0,135.0,4.0,1040.0,169.0,1
13.0,540.0,253.0,134.0,7.0,549.0,306.0,1
5.0,1297.0,148.0,16.0,4.0,360.0,168.0,1
10.0,3512.0,184.0,80.0,1.0,360.0,165.0,1
14.0,2043.0,35.0,78.0,1.0,1020.0,95.0,1
15.0,3920.0,204.0,79.0,1.0,755.0,100.0,1
4.0,61.0,96.0,135.0,3.0,830.0,239.0,1
14.0,1744.0,60.0,216.0,3.0,390.0,97.0,1
2.0,688.0,258.0,18.0,4.0,1090.0,198.0,1
15.0,1425.0,153.0,58.0,7.0,575.0,245.0,1
15.0,52.0,75.0,172.0,5.0,1225.0,85.0,1
15.0,831.0,244.0,217.0,4.0,700.0,150.0,1
15.0,411.0,35.0,216.0,5.0,505.0,100.0,1
1.0,1765.0,134.0,260.0,1.0,475.0,230.0,1
6.0,5397.0,16.0,10.0,3.0,1245.0,102.0,1
12.0,6681.0,290.0,79.0,3.0,565.0,123.0,1
14.0,586.0,111.0,217.0,4.0,510.0,158.0,1
5.0,1628.0,16.0,175.0,5.0,1295.0,117.0,1
1.0,1418.0,243.0,80.0,5.0,450.0,175.0,1
15.0,1075.0,2.0,79.0,3.0,530.0,75.0,1
17.0,7287.0,12.0,208.0,7.0,724.0,146.0,1
5.0,2005.0,71.0,261.0,6.0,1135.0,237.0,1
6.0,5504.0,180.0,16.0,7.0,653.0,62.0,1
14.0,1466.0,253.0,216.0,5.0,1320.0,303.0,1
0.0,3767.0,58.0,197.0,3.0,1130.0,135.0,1
14.0,951.0,78.0,173.0,3.0,719.0,139.0,1
7.0,847.0,139.0,79.0,3.0,405.0,169.0,1
14.0,956.0,104.0,216.0,7.0,705.0,159.0,1
5.0,1842.0,244.0,16.0,1.0,330.0,142.0,1
3.0,1403.0,18.0,253.0,3.0,501.0,240.0,1
16.0,3076.0,16.0,96.0,1.0,405.0,128.0,1
12.0,6598.0,262.0,253.0,5.0,506.0,48.0,1
2.0,605.0,153.0,252.0,5.0,790.0,164.0,1
14.0,395.0,153.0,80.0,4.0,705.0,158.0,1
0.0,3839.0,85.0,33.0,4.0,1033.0,105.0,1
13.0,748.0,79.0,136.0,5.0,1166.0,82.0,1
0.0,4278.0,13.0,177.0,7.0,965.0,120.0,1
17.0,7237.0,208.0,172.0,7.0,597.0,91.0,1
12.0,6621.0,111.0,79.0,7.0,691.0,134.0,1
15.0,1015.0,45.0,228.0,4.0,715.0,70.0,1
8.0,241.0,16.0,234.0,5.0,1059.0,91.0,1
10.0,4299.0,43.0,208.0,1.0,690.0,115.0,1
15.0,609.0,217.0,154.0,7.0,490.0,85.0,1
13.0,632.0,208.0,277.0,3.0,578.0,161.0,1
14.0,155.0,216.0,243.0,1.0,1075.0,356.0,1
15.0,1943.0,79.0,280.0,4.0,1230.0,115.0,1
11.0,6370.0,85.0,238.0,4.0,460.0,83.0,1
15.0,2776.0,79.0,264.0,6.0,1050.0,150.0,1
6.0,5482.0,69.0,16.0,3.0,955.0,90.0,1
15.0,636.0,45.0,141.0,5.0,480.0,65.0,1
12.0,4513.0,204.0,177.0,4.0,725.0,94.0,1
14.0,1430.0,60.0,238.0,4.0,1194.0,101.0,1
8.0,8.0,260.0,173.0,3.0,490.0,197.0,1
5.0,1924.0,16.0,45.0,4.0,1290.0,113.0,1
12.0,6510.0,262.0,154.0,7.0,1176.0,83.0,1
7.0,848.0,252.0,79.0,7.0,1145.0,147.0,1
15.0,550.0,217.0,258.0,4.0,385.0,125.0,1
15.0,397.0,139.0,153.0,3.0,1055.0,255.0,1
15.0,1185.0,153.0,253.0,4.0,620.0,105.0,1
4.0,507.0,207.0,135.0,3.0,75.0,167.0,1
8.0,989.0,221.0,16.0,4.0,370.0,120.0,1
12.0,6568.0,154.0,24.0,4.0,646.0,49.0,1
1.0,258.0,153.0,148.0,5.0,485.0,300.0,1
12.0,6258.0,88.0,79.0,7.0,760.0,53.0,1
11.0,6322.0,177.0,61.0,5.0,860.0,93.0,1
15.0,617.0,61.0,175.0,3.0,1140.0,75.0,1
13.0,502.0,208.0,159.0,4.0,1085.0,136.0,1
12.0,6873.0,227.0,79.0,5.0,432.0,131.0,1
16.0,2246.0,18.0,135.0,7.0,942.0,56.0,1
12.0,6292.0,194.0,154.0,5.0,1229.0,71.0,1
10.0,3928.0,273.0,208.0,1.0,430.0,145.0,1
15.0,1121.0,173.0,45.0,7.0,640.0,125.0,1
15.0,2010.0,79.0,258.0,5.0,1175.0,165.0,1
13.0,346.0,135.0,208.0,3.0,1058.0,151.0,1
13.0,423.0,79.0,253.0,5.0,1296.0,164.0,1
14.0,1468.0,277.0,78.0,7.0,805.0,124.0,1
5.0,1214.0,198.0,16.0,3.0,1200.0,92.0,1
12.0,6626.0,79.0,227.0,3.0,693.0,133.0,1
0.0,4287.0,85.0,22.0,7.0,630.0,108.0,1
11.0,6409.0,71.0,119.0,4.0,1235.0,71.0,1
0.0,4360.0,164.0,197.0,5.0,400.0,82.0,1
3.0,259.0,104.0,160.0,6.0,961.0,342.0,1
13.0,940.0,79.0,208.0,7.0,830.0,149.0,1
16.0,2418.0,135.0,156.0,4.0,1170.0,50.0,1
14.0,722.0,208.0,216.0,4.0,960.0,123.0,1
6.0,5331.0,177.0,162.0,6.0,890.0,54.0,1
14.0,155.0,216.0,243.0,6.0,1075.0,356.0,1
2.0,50.0,14.0,249.0,4.0,880.0,105.0,1
10.0,2861.0,80.0,180.0,1.0,640.0,100.0,1
12.0,6926.0,34.0,79.0,1.0,719.0,108.0,1
5.0,2029.0,197.0,277.0,4.0,795.0,189.0,1
2.0,322.0,252.0,258.0,1.0,405.0,128.0,1
5.0,1566.0,116.0,16.0,1.0,1029.0,91.0,1
8.0,630.0,76.0,45.0,4.0,360.0,93.0,1
12.0,6298.0,236.0,253.0,1.0,805.0,67.0,1
17.0,2722.0,114.0,217.0,5.0,735.0,92.0,1
15.0,42.0,129.0,75.0,1.0,990.0,55.0,1
8.0,217.0,184.0,241.0,5.0,855.0,174.0,1
6.0,5100.0,132.0,16.0,1.0,788.0,70.0,1
5.0,1542.0,252.0,148.0,7.0,395.0,322.0,1
3.0,286.0,160.0,153.0,1.0,1065.0,67.0,1
5.0,1544.0,261.0,16.0,7.0,585.0,220.0,1
16.0,2656.0,135.0,16.0,4.0,900.0,121.0,1
13.0,898.0,134.0,35.0,4.0,1014.0,95.0,1
16.0,2921.0,119.0,135.0,3.0,388.0,182.0,1
14.0,723.0,216.0,208.0,7.0,950.0,145.0,1
5.0,1040.0,16.0,198.0,3.0,745.0,95.0,1
8.0,1469.0,175.0,173.0,5.0,1203.0,156.0,1
15.0,1866.0,175.0,33.0,7.0,1130.0,85.0,1
13.0,158.0,253.0,208.0,5.0,1375.0,249.0,1
5.0,2110.0,80.0,16.0,7.0,795.0,121.0,1
5.0,1894.0,60.0,16.0,3.0,1090.0,88.0,1
15.0,1664.0,154.0,217.0,4.0,830.0,80.0,1
13.0,581.0,79.0,134.0,7.0,520.0,196.0,1
4.0,1016.0,241.0,58.0,5.0,760.0,148.0,1
7.0,631.0,195.0,79.0,7.0,1156.0,144.0,1
10.0,4165.0,208.0,61.0,3.0,1305.0,70.0,1
15.0,2870.0,153.0,207.0,6.0,1005.0,55.0,1
10.0,4019.0,208.0,174.0,1.0,840.0,105.0,1
12.0,6995.0,109.0,208.0,3.0,922.0,63.0,1
13.0,725.0,208.0,217.0,6.0,554.0,238.0,1
6.0,5474.0,16.0,94.0,4.0,895.0,84.0,1
1.0,2548.0,173.0,148.0,7.0,955.0,160.0,1
1.0,2040.0,183.0,159.0,6.0,770.0,170.0,1
10.0,3617.0,183.0,139.0,4.0,525.0,165.0,1
12.0,4844.0,261.0,230.0,6.0,1025.0,99.0,1
10.0,4555.0,159.0,61.0,5.0,1150.0,120.0,1
10.0,4170.0,208.0,273.0,5.0,605.0,110.0,1
17.0,2660.0,60.0,134.0,3.0,1195.0,82.0,1
16.0,5987.0,20.0,208.0,4.0,1059.0,144.0,1
1.0,1533.0,16.0,80.0,5.0,415.0,150.0,1
5.0,2779.0,159.0,104.0,4.0,1135.0,200.0,1
8.0,990.0,16.0,221.0,7.0,1046.0,97.0,1
6.0,7129.0,134.0,42.0,4.0,1022.0,91.0,1
1.0,676.0,80.0,60.0,4.0,1095.0,140.0,1
15.0,1156.0,33.0,87.0,3.0,1105.0,80.0,1
4.0,1690.0,135.0,183.0,4.0,600.0,144.0,1
4.0,820.0,135.0,217.0,6.0,1255.0,170.0,1
7.0,414.0,154.0,79.0,3.0,912.0,135.0,1
9.0,135.0,203.0,128.0,1.0,908.0,34.0,1
3.0,1048.0,148.0,238.0,6.0,570.0,83.0,1
12.0,6698.0,214.0,79.0,5.0,477.0,145.0,1
5.0,2592.0,217.0,197.0,4.0,980.0,185.0,1
0.0,3934.0,177.0,221.0,1.0,505.0,120.0,1
0.0,3868.0,12.0,85.0,6.0,765.0,119.0,1
11.0,6480.0,208.0,71.0,4.0,1190.0,76.0,1
13.0,201.0,134.0,252.0,3.0,497.0,358.0,1
4.0,210.0,135.0,96.0,6.0,945.0,199.0,1
0.0,3917.0,42.0,148.0,4.0,976.0,103.0,1
1.0,2464.0,80.0,204.0,1.0,875.0,55.0,1
0.0,3764.0,85.0,272.0,5.0,845.0,104.0,1
12.0,6857.0,117.0,208.0,1.0,530.0,60.0,1
14.0,2170.0,78.0,159.0,1.0,720.0,70.0,1
5.0,1978.0,213.0,16.0,3.0,1130.0,116.0,1
5.0,1412.0,16.0,208.0,7.0,735.0,125.0,1
6.0,7080.0,134.0,85.0,4.0,1325.0,95.0,1
1.0,794.0,153.0,208.0,4.0,1060.0,210.0,1
17.0,2671.0,60.0,177.0,7.0,1052.0,110.0,1
15.0,1795.0,264.0,258.0,3.0,1275.0,75.0,1
15.0,1499.0,268.0,279.0,1.0,635.0,80.0,1
9.0,126.0,128.0,203.0,6.0,670.0,37.0,1
5.0,2079.0,159.0,104.0,7.0,765.0,192.0,1
14.0,1869.0,60.0,33.0,3.0,1340.0,78.0,1
5.0,1615.0,16.0,153.0,3.0,645.0,284.0,1
17.0,2751.0,217.0,248.0,7.0,1258.0,101.0,1
17.0,2763.0,91.0,217.0,5.0,735.0,81.0,1
3.0,446.0,277.0,35.0,7.0,1180.0,165.0,1
16.0,2158.0,61.0,96.0,7.0,530.0,87.0,1
5.0,1796.0,85.0,139.0,7.0,610.0,80.0,1
14.0,1899.0,60.0,244.0,7.0,1085.0,192.0,1
15.0,3843.0,262.0,44.0,5.0,485.0,70.0,1
4.0,535.0,58.0,154.0,3.0,1015.0,297.0,1
2.0,87.0,252.0,14.0,5.0,600.0,218.0,1
4.0,448.0,96.0,253.0,5.0,420.0,396.0,1
2.0,637.0,217.0,252.0,7.0,1220.0,180.0,1
12.0,4787.0,154.0,243.0,4.0,965.0,45.0,1
17.0,2704.0,234.0,60.0,3.0,960.0,81.0,1
5.0,2477.0,197.0,154.0,4.0,875.0,232.0,1
16.0,2092.0,78.0,96.0,7.0,660.0,64.0,1
1.0,1272.0,227.0,80.0,7.0,720.0,165.0,1
14.0,1719.0,60.0,173.0,7.0,1200.0,97.0,1
12.0,4535.0,214.0,261.0,5.0,1092.0,108.0,1
1.0,1204.0,2.0,80.0,6.0,640.0,100.0,1
13.0,305.0,253.0,154.0,1.0,1018.0,90.0,1
8.0,222.0,184.0,16.0,7.0,965.0,121.0,1
6.0,4988.0,0.0,16.0,5.0,395.0,145.0,1
6.0,5321.0,16.0,54.0,1.0,1055.0,73.0,1
1.0,439.0,241.0,80.0,1.0,815.0,175.0,1
4.0,1836.0,135.0,216.0,5.0,750.0,194.0,1
8.0,1101.0,241.0,61.0,4.0,1129.0,143.0,1
14.0,2171.0,159.0,78.0,4.0,660.0,76.0,1
12.0,6400.0,93.0,253.0,1.0,435.0,97.0,1
12.0,6549.0,253.0,248.0,4.0,1369.0,67.0,1
5.0,2449.0,261.0,202.0,6.0,676.0,121.0,1
1.0,1634.0,208.0,268.0,3.0,1095.0,65.0,1
14.0,2024.0,78.0,35.0,1.0,510.0,82.0,1
13.0,923.0,134.0,79.0,3.0,892.0,242.0,1
5.0,1882.0,261.0,85.0,3.0,1041.0,213.0,1
16.0,5905.0,0.0,208.0,3.0,360.0,136.0,1
15.0,168.0,18.0,258.0,3.0,475.0,235.0,1
15.0,1056.0,153.0,207.0,1.0,520.0,55.0,1
15.0,1555.0,175.0,153.0,6.0,1095.0,250.0,1
13.0,294.0,253.0,45.0,1.0,862.0,309.0,1
5.0,2704.0,16.0,233.0,5.0,1370.0,81.0,1
14.0,1983.0,35.0,60.0,6.0,300.0,135.0,1
0.0,4197.0,229.0,85.0,6.0,520.0,147.0,1
5.0,2711.0,16.0,80.0,1.0,430.0,150.0,1
13.0,936.0,79.0,134.0,1.0,686.0,195.0,1
15.0,729.0,236.0,202.0,4.0,545.0,55.0,1
13.0,662.0,253.0,197.0,5.0,636.0,228.0,1
15.0,3333.0,131.0,18.0,1.0,920.0,60.0,1
10.0,4330.0,71.0,208.0,3.0,960.0,80.0,1
7.0,123.0,80.0,79.0,5.0,630.0,121.0,1
0.0,4125.0,96.0,85.0,5.0,985.0,129.0,1
5.0,2673.0,159.0,177.0,5.0,395.0,185.0,1
6.0,5163.0,16.0,97.0,7.0,1135.0,116.0,1
2.0,345.0,202.0,252.0,4.0,1020.0,120.0,1
0.0,4263.0,71.0,172.0,7.0,565.0,120.0,1
17.0,2816.0,100.0,217.0,6.0,390.0,96.0,1
15.0,549.0,35.0,79.0,3.0,1095.0,300.0,1
13.0,289.0,153.0,154.0,6.0,663.0,75.0,1
15.0,388.0,18.0,91.0,1.0,365.0,100.0,1
15.0,602.0,129.0,131.0,5.0,665.0,60.0,1
15.0,2246.0,139.0,172.0,6.0,510.0,100.0,1
2.0,650.0,214.0,217.0,3.0,830.0,154.0,1
1.0,1858.0,91.0,80.0,3.0,1070.0,100.0,1
14.0,209.0,217.0,244.0,4.0,1185.0,125.0,1
15.0,973.0,33.0,45.0,3.0,870.0,100.0,1
11.0,6389.0,172.0,71.0,5.0,925.0,106.0,1
14.0,34.0,217.0,154.0,7.0,1180.0,85.0,1
5.0,2775.0,268.0,85.0,5.0,1075.0,96.0,1
13.0,765.0,79.0,154.0,7.0,1180.0,161.0,1
13.0,428.0,134.0,22.0,3.0,1325.0,88.0,1
16.0,2880.0,139.0,96.0,7.0,1100.0,120.0,1
5.0,1215.0,35.0,261.0,3.0,1050.0,329.0,1
15.0,1057.0,44.0,153.0,7.0,720.0,60.0,1
1.0,531.0,78.0,268.0,6.0,960.0,135.0,1
4.0,382.0,135.0,35.0,6.0,645.0,213.0,1
15.0,2027.0,129.0,45.0,5.0,725.0,170.0,1
15.0,372.0,197.0,175.0,4.0,630.0,95.0,1
0.0,3800.0,215.0,16.0,7.0,1050.0,124.0,1
15.0,1148.0,175.0,277.0,4.0,585.0,165.0,1
12.0,6417.0,154.0,263.0,6.0,619.0,51.0,1
5.0,2610.0,80.0,16.0,5.0,420.0,130.0,1
15.0,3762.0,153.0,236.0,5.0,905.0,80.0,1
15.0,1500.0,216.0,173.0,3.0,560.0,160.0,1
15.0,1664.0,258.0,154.0,3.0,730.0,70.0,1
1.0,689.0,209.0,80.0,5.0,380.0,220.0,1
5.0,2510.0,80.0,16.0,5.0,495.0,125.0,1
12.0,6839.0,205.0,208.0,4.0,879.0,96.0,1
12.0,6420.0,79.0,170.0,5.0,1174.0,96.0,1
6.0,5091.0,19.0,16.0,7.0,910.0,79.0,1
13.0,655.0,208.0,198.0,3.0,1266.0,145.0,1
8.0,511.0,184.0,159.0,3.0,1130.0,129.0,1
15.0,987.0,61.0,175.0,4.0,550.0,70.0,1
5.0,2934.0,197.0,85.0,1.0,930.0,104.0,1
1.0,858.0,183.0,216.0,4.0,460.0,160.0,1
4.0,246.0,135.0,208.0,1.0,960.0,153.0,1
7.0,789.0,79.0,153.0,3.0,1285.0,113.0,1
17.0,2897.0,83.0,217.0,5.0,1095.0,113.0,1
15.0,1181.0,268.0,129.0,3.0,635.0,130.0,1
3.0,73.0,148.0,213.0,1.0,830.0,180.0,1
5.0,1211.0,85.0,197.0,3.0,445.0,125.0,1
15.0,1812.0,216.0,35.0,3.0,745.0,80.0,1
12.0,6386.0,44.0,253.0,6.0,809.0,76.0,1
15.0,2004.0,175.0,79.0,7.0,745.0,160.0,1
14.0,61.0,35.0,60.0,5.0,570.0,148.0,1
15.0,844.0,233.0,33.0,7.0,670.0,95.0,1
15.0,382.0,153.0,258.0,1.0,855.0,85.0,1
4.0,214.0,80.0,135.0,1.0,340.0,59.0,1
15.0,3481.0,22.0,277.0,5.0,445.0,195.0,1
4.0,1607.0,277.0,135.0,7.0,710.0,139.0,1
8.0,340.0,16.0,216.0,3.0,615.0,125.0,1
1.0,1402.0,18.0,80.0,5.0,1075.0,65.0,1
11.0,6536.0,197.0,71.0,7.0,1155.0,119.0,1
13.0,846.0,134.0,253.0,5.0,490.0,362.0,1
5.0,1890.0,16.0,268.0,6.0,825.0,104.0,1
5.0,2411.0,16.0,80.0,7.0,655.0,158.0,1
6.0,5420.0,85.0,182.0,5.0,610.0,107.0,1
16.0,2026.0,268.0,96.0,7.0,595.0,134.0,1
5.0,2438.0,16.0,78.0,3.0,680.0,107.0,1
16.0,2434.0,135.0,223.0,5.0,600.0,83.0,1
0.0,4202.0,74.0,16.0,3.0,910.0,90.0,1
13.0,114.0,208.0,173.0,7.0,975.0,166.0,1
1.0,648.0,260.0,148.0,1.0,560.0,245.0,1
8.0,430.0,16.0,184.0,4.0,1075.0,125.0,1
5.0,348.0,172.0,16.0,5.0,668.0,122.0,1
8.0,318.0,16.0,60.0,5.0,1340.0,70.0,1
13.0,927.0,253.0,154.0,7.0,1348.0,85.0,1
15.0,1089.0,217.0,153.0,5.0,600.0,70.0,1
14.0,2023.0,35.0,78.0,5.0,420.0,100.0,1
13.0,308.0,208.0,173.0,5.0,1183.0,166.0,1
5.0,1899.0,33.0,16.0,5.0,952.0,72.0,1
4.0,1592.0,96.0,173.0,5.0,479.0,173.0,1
5.0,650.0,175.0,16.0,1.0,570.0,111.0,1
10.0,2850.0,242.0,80.0,4.0,960.0,100.0,1
17.0,2715.0,217.0,100.0,4.0,1070.0,101.0,1
1.0,716.0,208.0,173.0,5.0,420.0,155.0,1
1.0,1924.0,258.0,80.0,7.0,605.0,205.0,1
10.0,4246.0,139.0,208.0,6.0,1055.0,75.0,1
4.0,1676.0,135.0,216.0,1.0,970.0,184.0,1
14.0,1582.0,173.0,216.0,7.0,895.0,149.0,1
10.0,2887.0,80.0,56.0,5.0,620.0,120.0,1
1.0,1366.0,80.0,177.0,1.0,965.0,85.0,1
1.0,1894.0,253.0,154.0,6.0,585.0,90.0,1
14.0,577.0,277.0,217.0,1.0,1050.0,278.0,1
11.0,6477.0,290.0,71.0,5.0,1005.0,111.0,1
5.0,2906.0,177.0,85.0,4.0,828.0,116.0,1
14.0,1784.0,153.0,60.0,7.0,680.0,249.0,1
8.0,202.0,48.0,16.0,3.0,664.0,109.0,1
1.0,1548.0,80.0,78.0,1.0,885.0,170.0,1
15.0,1569.0,173.0,268.0,4.0,610.0,155.0,1
16.0,3003.0,33.0,135.0,3.0,760.0,125.0,1
1.0,982.0,183.0,78.0,7.0,1100.0,145.0,1
8.0,529.0,16.0,177.0,6.0,1108.0,74.0,1
14.0,483.0,79.0,217.0,1.0,360.0,119.0,1
12.0,6845.0,246.0,253.0,5.0,955.0,80.0,1
15.0,414.0,153.0,262.0,5.0,1065.0,90.0,1
1.0,1300.0,80.0,177.0,3.0,1210.0,80.0,1
12.0,7804.0,261.0,282.0,4.0,1310.0,64.0,1
13.0,237.0,221.0,253.0,1.0,415.0,353.0,1
5.0,2191.0,16.0,277.0,5.0,746.0,85.0,1
6.0,5117.0,16.0,101.0,4.0,525.0,85.0,1
12.0,6853.0,72.0,208.0,3.0,607.0,68.0,1
6.0,5162.0,16.0,101.0,5.0,1137.0,77.0,1
1.0,1331.0,80.0,244.0,5.0,525.0,70.0,1
10.0,2938.0,118.0,80.0,3.0,805.0,50.0,1
2.0,315.0,253.0,252.0,6.0,420.0,124.0,1
15.0,964.0,175.0,43.0,4.0,840.0,85.0,1
15.0,1589.0,35.0,45.0,7.0,625.0,90.0,1
0.0,3772.0,85.0,12.0,5.0,625.0,96.0,1
16.0,2072.0,234.0,135.0,6.0,375.0,197.0,1
5.0,690.0,60.0,16.0,3.0,790.0,85.0,1
15.0,258.0,233.0,153.0,1.0,875.0,320.0,1
10.0,3542.0,58.0,80.0,5.0,400.0,185.0,1
12.0,6251.0,195.0,79.0,1.0,924.0,151.0,1
13.0,630.0,198.0,79.0,7.0,902.0,178.0,1
8.0,553.0,43.0,16.0,3.0,772.0,137.0,1
10.0,3776.0,198.0,208.0,6.0,450.0,145.0,1
4.0,1517.0,197.0,135.0,5.0,380.0,182.0,1
4.0,1016.0,241.0,58.0,4.0,760.0,148.0,1
12.0,6909.0,210.0,253.0,3.0,812.0,117.0,1
6.0,5520.0,16.0,11.0,7.0,1242.0,56.0,1
5.0,2127.0,16.0,104.0,5.0,450.0,110.0,1
6.0,5433.0,45.0,177.0,6.0,719.0,153.0,1
12.0,6606.0,88.0,79.0,5.0,470.0,53.0,1
8.0,145.0,85.0,16.0,4.0,1015.0,123.0,1
16.0,3070.0,96.0,60.0,6.0,1260.0,110.0,1
13.0,908.0,79.0,208.0,6.0,777.0,143.0,1
0.0,4210.0,177.0,268.0,4.0,1180.0,75.0,1
1.0,443.0,183.0,198.0,5.0,1360.0,125.0,1
8.0,428.0,16.0,223.0,1.0,620.0,74.0,1
5.0,2937.0,195.0,85.0,5.0,420.0,84.0,1
5.0,1224.0,261.0,216.0,7.0,1025.0,258.0,1
16.0,2833.0,135.0,146.0,4.0,629.0,69.0,1
7.0,844.0,252.0,79.0,5.0,530.0,151.0,1
5.0,2749.0,16.0,253.0,3.0,1055.0,325.0,1
12.0,6715.0,79.0,196.0,6.0,908.0,126.0,1
6.0,5582.0,16.0,132.0,1.0,831.0,61.0,1
6.0,5192.0,187.0,16.0,3.0,1075.0,120.0,1
15.0,578.0,262.0,154.0,4.0,1050.0,80.0,1
12.0,3046.0,221.0,184.0,6.0,645.0,91.0,1
10.0,3030.0,194.0,154.0,1.0,1025.0,65.0,1
6.0,5335.0,16.0,4.0,1.0,935.0,53.0,1
14.0,8.0,60.0,208.0,5.0,455.0,120.0,1
11.0,6371.0,16.0,157.0,1.0,815.0,72.0,1
10.0,3628.0,33.0,183.0,1.0,540.0,140.0,1
11.0,6521.0,233.0,159.0,3.0,773.0,96.0,1
12.0,6717.0,79.0,227.0,3.0,1119.0,135.0,1
17.0,2817.0,153.0,217.0,5.0,1300.0,64.0,1
4.0,1555.0,213.0,96.0,3.0,690.0,173.0,1
5.0,2444.0,153.0,71.0,7.0,684.0,226.0,1
16.0,2610.0,135.0,233.0,7.0,632.0,144.0,1
1.0,1832.0,208.0,241.0,6.0,1215.0,164.0,1
0.0,3768.0,90.0,85.0,4.0,515.0,98.0,1
10.0,4132.0,208.0,172.0,7.0,420.0,90.0,1
1.0,1783.0,205.0,80.0,6.0,675.0,115.0,1
2.0,70.0,149.0,257.0,5.0,1335.0,42.0,1
3.0,609.0,229.0,148.0,3.0,860.0,82.0,1
13.0,580.0,208.0,45.0,3.0,689.0,114.0,1
15.0,2697.0,198.0,129.0,5.0,810.0,70.0,1
5.0,2228.0,173.0,85.0,4.0,740.0,160.0,1
3.0,1068.0,18.0,148.0,4.0,1105.0,205.0,1
10.0,3322.0,120.0,80.0,6.0,390.0,200.0,1
1.0,1273.0,177.0,80.0,4.0,415.0,100.0,1
6.0,5021.0,162.0,16.0,1.0,1003.0,98.0,1
3.0,1082.0,60.0,148.0,7.0,659.0,107.0,1
14.0,1972.0,241.0,60.0,4.0,725.0,113.0,1
12.0,6580.0,253.0,179.0,4.0,699.0,101.0,1
5.0,2469.0,16.0,173.0,5.0,845.0,91.0,1
1.0,1377.0,208.0,252.0,3.0,1265.0,260.0,1
12.0,4519.0,197.0,230.0,7.0,540.0,95.0,1
15.0,1296.0,243.0,217.0,5.0,740.0,70.0,1
12.0,6357.0,79.0,88.0,4.0,1300.0,46.0,1
8.0,496.0,60.0,45.0,4.0,1174.0,86.0,1
4.0,360.0,96.0,244.0,4.0,565.0,280.0,1
12.0,6267.0,253.0,100.0,3.0,1065.0,56.0,1
1.0,1308.0,154.0,18.0,6.0,765.0,175.0,1
5.0,2599.0,197.0,217.0,7.0,420.0,208.0,1
14.0,904.0,60.0,208.0,7.0,700.0,132.0,1
8.0,950.0,104.0,45.0,5.0,430.0,145.0,1
17.0,2926.0,217.0,246.0,3.0,510.0,94.0,1
13.0,636.0,208.0,221.0,6.0,399.0,88.0,1
1.0,1538.0,80.0,18.0,4.0,1160.0,55.0,1
15.0,3843.0,262.0,44.0,7.0,485.0,70.0,1
1.0,2167.0,154.0,80.0,3.0,610.0,180.0,1
14.0,988.0,208.0,60.0,3.0,1095.0,116.0,1
10.0,2902.0,80.0,242.0,6.0,655.0,110.0,1
5.0,2325.0,45.0,16.0,4.0,900.0,123.0,1
15.0,2662.0,75.0,172.0,7.0,1045.0,90.0,1
13.0,852.0,253.0,243.0,3.0,748.0,96.0,1
15.0,51.0,129.0,68.0,3.0,1225.0,50.0,1
17.0,2677.0,60.0,251.0,1.0,790.0,88.0,1
14.0,485.0,216.0,79.0,4.0,1080.0,265.0,1
15.0,1783.0,45.0,104.0,3.0,835.0,160.0,1
12.0,6734.0,196.0,79.0,4.0,435.0,123.0,1
5.0,1618.0,173.0,16.0,3.0,450.0,110.0,1
5.0,1987.0,197.0,243.0,3.0,695.0,235.0,1
5.0,1467.0,16.0,243.0,5.0,988.0,293.0,1
16.0,5976.0,157.0,208.0,5.0,1127.0,89.0,1
10.0,2723.0,13.0,80.0,4.0,895.0,65.0,1
5.0,1563.0,78.0,197.0,3.0,1122.0,176.0,1
15.0,257.0,129.0,18.0,3.0,1055.0,45.0,1
15.0,589.0,153.0,261.0,7.0,1295.0,75.0,1
15.0,1999.0,45.0,228.0,5.0,1155.0,70.0,1
16.0,2430.0,18.0,135.0,5.0,570.0,56.0,1
8.0,667.0,16.0,130.0,7.0,615.0,143.0,1
15.0,3110.0,58.0,175.0,7.0,580.0,80.0,1
10.0,3050.0,100.0,154.0,7.0,1150.0,65.0,1
1.0,1436.0,80.0,60.0,6.0,700.0,135.0,1
5.0,1707.0,16.0,159.0,1.0,360.0,126.0,1
15.0,1699.0,33.0,198.0,6.0,895.0,95.0,1
15.0,454.0,87.0,33.0,1.0,575.0,90.0,1
12.0,4804.0,100.0,261.0,3.0,811.0,101.0,1
2.0,578.0,214.0,243.0,3.0,625.0,143.0,1
1.0,1904.0,208.0,183.0,5.0,1005.0,185.0,1
5.0,1804.0,104.0,85.0,5.0,900.0,194.0,1
17.0,7266.0,208.0,221.0,6.0,792.0,88.0,1
8.0,1180.0,43.0,173.0,3.0,969.0,171.0,1
14.0,1773.0,216.0,153.0,7.0,1085.0,338.0,1
12.0,4690.0,154.0,261.0,7.0,463.0,107.0,1
4.0,1422.0,198.0,135.0,5.0,647.0,73.0,1
15.0,3773.0,147.0,45.0,3.0,1090.0,110.0,1
15.0,1220.0,175.0,262.0,6.0,605.0,285.0,1
10.0,3653.0,183.0,251.0,4.0,705.0,155.0,1
16.0,2803.0,135.0,256.0,7.0,1265.0,53.0,1
15.0,1760.0,279.0,268.0,3.0,975.0,70.0,1
17.0,2625.0,233.0,60.0,6.0,556.0,68.0,1
12.0,3077.0,139.0,184.0,1.0,432.0,63.0,1
3.0,98.0,79.0,148.0,7.0,59.0,213.0,1
9.0,543.0,203.0,128.0,6.0,1031.0,34.0,1
11.0,6595.0,148.0,208.0,5.0,936.0,174.0,1
0.0,4218.0,197.0,107.0,3.0,1320.0,62.0,1
11.0,6280.0,94.0,71.0,6.0,510.0,54.0,1
1.0,1954.0,154.0,253.0,1.0,890.0,80.0,1
4.0,1495.0,135.0,154.0,6.0,580.0,210.0,1
16.0,2706.0,2.0,135.0,5.0,525.0,114.0,1
12.0,4600.0,261.0,135.0,7.0,840.0,183.0,1
13.0,42.0,128.0,79.0,7.0,1380.0,423.0,1
8.0,722.0,198.0,45.0,1.0,1032.0,139.0,1
13.0,975.0,134.0,253.0,1.0,1035.0,362.0,1
5.0,1129.0,16.0,209.0,6.0,1307.0,98.0,1
4.0,692.0,96.0,173.0,3.0,665.0,173.0,1
3.0,675.0,148.0,154.0,4.0,990.0,379.0,1
15.0,2463.0,258.0,79.0,3.0,1070.0,145.0,1
5.0,2114.0,197.0,159.0,4.0,1150.0,165.0,1
12.0,4460.0,261.0,46.0,6.0,585.0,80.0,1
15.0,410.0,175.0,217.0,4.0,405.0,245.0,1
14.0,204.0,153.0,217.0,3.0,595.0,72.0,1
8.0,124.0,277.0,16.0,7.0,1120.0,95.0,1
1.0,1847.0,80.0,79.0,7.0,685.0,125.0,1
12.0,6354.0,246.0,154.0,5.0,588.0,48.0,1
5.0,2903.0,71.0,173.0,5.0,670.0,130.0,1
1.0,875.0,159.0,183.0,4.0,900.0,205.0,1
15.0,1173.0,217.0,175.0,5.0,970.0,200.0,1
15.0,1217.0,154.0,129.0,4.0,555.0,185.0,1
12.0,6953.0,208.0,34.0,5.0,740.0,229.0,1
5.0,1711.0,16.0,80.0,4.0,1311.0,152.0,1
13.0,931.0,253.0,154.0,7.0,1125.0,85.0,1
0.0,3999.0,215.0,16.0,3.0,475.0,132.0,1
16.0,3098.0,120.0,96.0,7.0,625.0,87.0,1
11.0,6443.0,71.0,33.0,3.0,990.0,69.0,1
12.0,6960.0,79.0,230.0,4.0,643.0,69.0,1
11.0,6541.0,197.0,111.0,7.0,1050.0,195.0,1
10.0,3565.0,80.0,184.0,4.0,1285.0,125.0,1
16.0,2401.0,182.0,58.0,5.0,830.0,112.0,1
15.0,28.0,175.0,58.0,3.0,1095.0,75.0,1
4.0,1849.0,104.0,135.0,7.0,720.0,170.0,1
5.0,2136.0,80.0,197.0,7.0,1086.0,147.0,1
1.0,1588.0,80.0,198.0,4.0,1015.0,80.0,1
12.0,4643.0,261.0,177.0,6.0,523.0,188.0,1
0.0,4264.0,16.0,54.0,4.0,891.0,74.0,1
16.0,2240.0,135.0,233.0,7.0,435.0,143.0,1
1.0,1164.0,80.0,198.0,6.0,420.0,80.0,1
13.0,483.0,22.0,208.0,1.0,1054.0,161.0,1
14.0,1716.0,216.0,35.0,3.0,555.0,75.0,1
1.0,1039.0,16.0,183.0,6.0,785.0,105.0,1
3.0,582.0,104.0,130.0,5.0,505.0,165.0,1
15.0,1309.0,277.0,217.0,6.0,700.0,290.0,1
14.0,772.0,60.0,139.0,6.0,1067.0,96.0,1
0.0,4009.0,142.0,85.0,7.0,741.0,96.0,1
14.0,1241.0,216.0,277.0,7.0,720.0,159.0,1
5.0,1012.0,135.0,16.0,3.0,420.0,130.0,1
2.0,112.0,14.0,252.0,5.0,90.0,200.0,1
15.0,1932.0,236.0,261.0,6.0,550.0,80.0,1
13.0,534.0,217.0,79.0,1.0,540.0,120.0,1
14.0,1249.0,60.0,147.0,5.0,480.0,82.0,1
15.0,1857.0,217.0,91.0,6.0,925.0,65.0,1
2.0,151.0,206.0,14.0,6.0,606.0,89.0,1
1.0,1348.0,35.0,183.0,5.0,850.0,215.0,1
15.0,3073.0,228.0,45.0,1.0,385.0,90.0,1
14.0,1229.0,78.0,60.0,5.0,1140.0,87.0,1
10.0,2789.0,80.0,254.0,5.0,1065.0,75.0,1
16.0,2492.0,135.0,233.0,1.0,955.0,148.0,1
6.0,5279.0,85.0,146.0,7.0,834.0,136.0,1
8.0,815.0,45.0,35.0,6.0,990.0,87.0,1
15.0,1163.0,244.0,75.0,4.0,915.0,60.0,1
16.0,2733.0,27.0,135.0,1.0,495.0,115.0,1
15.0,3773.0,45.0,35.0,4.0,1235.0,80.0,1
15.0,703.0,79.0,262.0,4.0,545.0,160.0,1
1.0,480.0,243.0,80.0,5.0,1070.0,165.0,1
1.0,1433.0,183.0,198.0,6.0,640.0,130.0,1
5.0,2244.0,243.0,197.0,1.0,395.0,229.0,1
9.0,374.0,161.0,128.0,1.0,913.0,32.0,1
7.0,631.0,195.0,79.0,3.0,1156.0,144.0,1
8.0,1435.0,215.0,35.0,5.0,381.0,89.0,1
14.0,1198.0,78.0,228.0,6.0,905.0,75.0,1
12.0,6325.0,154.0,243.0,7.0,668.0,46.0,1
17.0,2677.0,245.0,60.0,5.0,667.0,74.0,1
15.0,526.0,217.0,44.0,7.0,905.0,85.0,1
13.0,407.0,136.0,79.0,5.0,995.0,95.0,1
5.0,1862.0,85.0,216.0,4.0,835.0,99.0,1
15.0,1890.0,104.0,79.0,6.0,900.0,280.0,1
12.0,4748.0,202.0,261.0,4.0,1094.0,106.0,1
10.0,4235.0,208.0,84.0,4.0,570.0,75.0,1
4.0,677.0,216.0,135.0,4.0,742.0,218.0,1
8.0,105.0,16.0,80.0,5.0,814.0,147.0,1
8.0,1100.0,61.0,241.0,3.0,510.0,165.0,1
8.0,430.0,184.0,252.0,6.0,1181.0,270.0,1
1.0,1743.0,85.0,80.0,3.0,705.0,185.0,1
10.0,4061.0,208.0,254.0,7.0,1080.0,100.0,1
16.0,2787.0,290.0,135.0,4.0,734.0,99.0,1
5.0,133.0,148.0,253.0,7.0,1155.0,410.0,1
12.0,6647.0,46.0,79.0,7.0,345.0,107.0,1
15.0,343.0,154.0,91.0,5.0,615.0,110.0,1
8.0,470.0,16.0,45.0,3.0,1255.0,109.0,1
1.0,2258.0,80.0,221.0,7.0,490.0,150.0,1
6.0,7090.0,71.0,208.0,7.0,647.0,81.0,1
0.0,4005.0,16.0,279.0,1.0,960.0,130.0,1
12.0,6719.0,79.0,196.0,4.0,855.0,126.0,1
12.0,6373.0,154.0,246.0,1.0,628.0,40.0,1
10.0,3640.0,61.0,183.0,4.0,425.0,170.0,1
4.0,776.0,135.0,216.0,1.0,445.0,187.0,1
12.0,7793.0,271.0,261.0,3.0,1091.0,67.0,1
13.0,882.0,208.0,35.0,4.0,965.0,138.0,1
5.0,342.0,16.0,33.0,5.0,1243.0,71.0,1
12.0,4810.0,280.0,261.0,5.0,750.0,110.0,1
14.0,1020.0,216.0,173.0,6.0,606.0,167.0,1
15.0,3338.0,258.0,252.0,4.0,420.0,130.0,1
17.0,7305.0,60.0,134.0,4.0,367.0,79.0,1
17.0,2956.0,2.0,217.0,1.0,930.0,76.0,1
4.0,1776.0,135.0,216.0,5.0,1130.0,190.0,1
7.0,362.0,79.0,251.0,6.0,690.0,143.0,1
4.0,1107.0,208.0,96.0,5.0,854.0,135.0,1
1.0,1373.0,183.0,80.0,6.0,740.0,195.0,1
4.0,1476.0,135.0,216.0,7.0,602.0,193.0,1
15.0,3224.0,58.0,175.0,5.0,515.0,85.0,1
8.0,482.0,173.0,45.0,5.0,1060.0,120.0,1
5.0,1242.0,16.0,267.0,5.0,665.0,99.0,1
15.0,734.0,79.0,172.0,1.0,385.0,105.0,1
12.0,6898.0,208.0,184.0,7.0,913.0,42.0,1
11.0,6382.0,21.0,85.0,7.0,420.0,60.0,1
15.0,2102.0,258.0,264.0,3.0,495.0,75.0,1
14.0,1125.0,60.0,135.0,4.0,570.0,168.0,1
15.0,886.0,221.0,175.0,7.0,680.0,95.0,1
10.0,3247.0,80.0,162.0,3.0,1050.0,70.0,1
5.0,1602.0,153.0,16.0,4.0,360.0,223.0,1
17.0,7246.0,208.0,12.0,5.0,966.0,110.0,1
5.0,2986.0,16.0,159.0,4.0,1300.0,133.0,1
13.0,89.0,208.0,154.0,3.0,563.0,276.0,1
8.0,112.0,80.0,16.0,5.0,725.0,116.0,1
15.0,856.0,79.0,253.0,4.0,965.0,165.0,1
0.0,3898.0,94.0,85.0,1.0,615.0,89.0,1
5.0,2296.0,197.0,159.0,4.0,1035.0,168.0,1
5.0,2074.0,173.0,197.0,3.0,728.0,207.0,1
0.0,4012.0,85.0,218.0,4.0,920.0,89.0,1
16.0,2056.0,172.0,96.0,7.0,635.0,162.0,1
16.0,2561.0,223.0,135.0,4.0,728.0,100.0,1
6.0,4946.0,4.0,16.0,4.0,360.0,50.0,1
6.0,5413.0,17.0,16.0,1.0,390.0,138.0,1
11.0,6742.0,85.0,251.0,5.0,720.0,89.0,1
6.0,7081.0,134.0,76.0,4.0,755.0,88.0,1
3.0,466.0,241.0,35.0,1.0,943.0,177.0,1
5.0,2271.0,148.0,85.0,7.0,1105.0,140.0,1
3.0,1290.0,221.0,35.0,1.0,431.0,94.0,1
6.0,5030.0,11.0,16.0,1.0,985.0,61.0,1
8.0,1150.0,139.0,241.0,5.0,460.0,156.0,1
0.0,3775.0,85.0,281.0,5.0,525.0,68.0,1
3.0,330.0,173.0,22.0,6.0,1215.0,149.0,1
12.0,4848.0,192.0,197.0,4.0,661.0,82.0,1
15.0,787.0,258.0,217.0,4.0,1270.0,105.0,1
9.0,101.0,143.0,128.0,3.0,383.0,49.0,1
4.0,339.0,183.0,96.0,3.0,632.0,175.0,1
4.0,56.0,173.0,96.0,1.0,775.0,157.0,1
15.0,132.0,253.0,154.0,1.0,1080.0,75.0,1
1.0,1533.0,16.0,80.0,7.0,415.0,150.0,1
13.0,165.0,238.0,208.0,7.0,1067.0,117.0,1
4.0,714.0,80.0,135.0,3.0,1150.0,65.0,1
15.0,124.0,262.0,243.0,6.0,660.0,85.0,1
17.0,1017.0,150.0,128.0,5.0,975.0,40.0,1
12.0,6569.0,208.0,86.0,6.0,580.0,71.0,1
12.0,6968.0,79.0,280.0,4.0,915.0,118.0,1
15.0,1304.0,44.0,258.0,6.0,640.0,65.0,1
0.0,4292.0,167.0,148.0,1.0,890.0,110.0,1
6.0,5331.0,58.0,177.0,3.0,705.0,124.0,1
1.0,501.0,27.0,80.0,4.0,415.0,130.0,1
6.0,5229.0,177.0,254.0,4.0,1170.0,68.0,1
8.0,80.0,104.0,16.0,6.0,688.0,117.0,1
2.0,678.0,252.0,79.0,7.0,1135.0,154.0,1
15.0,525.0,18.0,75.0,1.0,900.0,55.0,1
12.0,4616.0,65.0,197.0,7.0,665.0,135.0,1
1.0,1856.0,183.0,134.0,1.0,665.0,145.0,1
5.0,2756.0,16.0,148.0,6.0,450.0,135.0,1
13.0,101.0,208.0,154.0,6.0,420.0,276.0,1
15.0,24.0,129.0,75.0,5.0,720.0,55.0,1
12.0,4839.0,261.0,2.0,1.0,510.0,104.0,1
5.0,2247.0,159.0,16.0,5.0,840.0,160.0,1
4.0,463.0,208.0,135.0,3.0,335.0,164.0,1
17.0,2650.0,54.0,60.0,7.0,770.0,66.0,1
0.0,4152.0,233.0,61.0,3.0,722.0,110.0,1
5.0,332.0,213.0,16.0,1.0,657.0,107.0,1
5.0,2247.0,159.0,16.0,3.0,840.0,160.0,1
15.0,799.0,154.0,253.0,4.0,360.0,80.0,1
6.0,5312.0,16.0,285.0,5.0,535.0,61.0,1
15.0,1416.0,243.0,175.0,6.0,625.0,235.0,1
13.0,908.0,79.0,208.0,3.0,755.0,143.0,1
15.0,121.0,262.0,154.0,3.0,970.0,80.0,1
13.0,958.0,252.0,208.0,6.0,500.0,241.0,1
15.0,1692.0,214.0,153.0,1.0,950.0,130.0,1
3.0,7.0,43.0,148.0,7.0,1018.0,92.0,1
12.0,7052.0,79.0,34.0,5.0,502.0,128.0,1
9.0,375.0,128.0,161.0,4.0,1130.0,37.0,1
6.0,5460.0,190.0,16.0,5.0,360.0,77.0,1
2.0,12.0,252.0,35.0,5.0,530.0,316.0,1
1.0,1831.0,183.0,277.0,4.0,1335.0,60.0,1
13.0,953.0,134.0,217.0,1.0,1062.0,311.0,1
8.0,540.0,16.0,217.0,4.0,635.0,270.0,1
4.0,1405.0,58.0,277.0,1.0,535.0,150.0,1
15.0,2608.0,45.0,43.0,7.0,1050.0,70.0,1
4.0,1617.0,172.0,135.0,3.0,360.0,118.0,1
6.0,5253.0,16.0,288.0,7.0,1366.0,68.0,1
0.0,3917.0,42.0,148.0,1.0,976.0,103.0,1
15.0,929.0,12.0,45.0,5.0,1175.0,75.0,1
11.0,6295.0,147.0,71.0,4.0,500.0,124.0,1
11.0,6370.0,85.0,238.0,1.0,460.0,83.0,1
0.0,3761.0,142.0,85.0,4.0,1000.0,94.0,1
0.0,4290.0,247.0,16.0,3.0,635.0,118.0,1
8.0,180.0,241.0,16.0,7.0,1187.0,108.0,1
1.0,1356.0,198.0,80.0,5.0,490.0,105.0,1
15.0,218.0,44.0,153.0,4.0,1130.0,60.0,1
5.0,1996.0,197.0,159.0,4.0,420.0,175.0,1
5.0,1186.0,147.0,16.0,1.0,772.0,78.0,1
6.0,5302.0,256.0,16.0,5.0,425.0,113.0,1
2.0,860.0,128.0,252.0,7.0,550.0,340.0,1
16.0,2493.0,135.0,136.0,5.0,1285.0,96.0,1
13.0,101.0,208.0,154.0,4.0,425.0,276.0,1
16.0,2178.0,233.0,135.0,7.0,670.0,179.0,1
14.0,2180.0,78.0,159.0,5.0,1020.0,78.0,1
16.0,2670.0,209.0,96.0,1.0,800.0,87.0,1
1.0,354.0,208.0,159.0,5.0,1055.0,125.0,1
5.0,2504.0,245.0,16.0,1.0,390.0,74.0,1
5.0,2311.0,16.0,80.0,4.0,740.0,150.0,1
5.0,2057.0,148.0,16.0,1.0,1070.0,175.0,1
15.0,668.0,175.0,18.0,4.0,920.0,170.0,1
5.0,1508.0,195.0,85.0,7.0,982.0,82.0,1
15.0,337.0,214.0,2.0,1.0,680.0,155.0,1
17.0,1029.0,150.0,128.0,1.0,1090.0,40.0,1
5.0,2099.0,16.0,172.0,4.0,455.0,142.0,1
5.0,2152.0,147.0,16.0,5.0,1080.0,89.0,1
17.0,2730.0,217.0,160.0,4.0,670.0,85.0,1
15.0,1341.0,175.0,197.0,6.0,1065.0,90.0,1
5.0,1479.0,177.0,153.0,6.0,570.0,234.0,1
1.0,1588.0,80.0,198.0,3.0,1015.0,80.0,1
8.0,1033.0,241.0,221.0,7.0,1074.0,150.0,1
16.0,2111.0,58.0,159.0,6.0,520.0,87.0,1
5.0,2142.0,16.0,96.0,5.0,980.0,139.0,1
4.0,1690.0,135.0,183.0,1.0,610.0,144.0,1
6.0,5397.0,101.0,16.0,4.0,1070.0,97.0,1
14.0,335.0,154.0,217.0,3.0,470.0,88.0,1
1.0,663.0,148.0,104.0,4.0,455.0,195.0,1
8.0,853.0,16.0,173.0,1.0,625.0,90.0,1
10.0,4189.0,208.0,132.0,7.0,1160.0,105.0,1
15.0,2146.0,175.0,241.0,6.0,1040.0,170.0,1
0.0,3929.0,21.0,197.0,4.0,445.0,106.0,1
0.0,3846.0,238.0,85.0,3.0,1158.0,92.0,1
16.0,2382.0,76.0,96.0,5.0,648.0,102.0,1
1.0,364.0,80.0,213.0,3.0,1180.0,150.0,1
14.0,187.0,243.0,217.0,7.0,1145.0,77.0,1
14.0,965.0,216.0,253.0,1.0,845.0,380.0,1
15.0,105.0,175.0,104.0,6.0,695.0,180.0,1
12.0,7014.0,232.0,253.0,4.0,355.0,101.0,1
2.0,98.0,14.0,252.0,3.0,1025.0,205.0,1
15.0,1782.0,217.0,175.0,6.0,1050.0,200.0,1
6.0,5104.0,32.0,16.0,4.0,719.0,104.0,1
16.0,2314.0,91.0,135.0,4.0,390.0,109.0,1
8.0,967.0,7.0,16.0,3.0,360.0,135.0,1
15.0,2461.0,216.0,79.0,3.0,480.0,285.0,1
1.0,1156.0,208.0,183.0,6.0,600.0,185.0,1
12.0,6671.0,55.0,253.0,3.0,1051.0,59.0,1
4.0,1693.0,178.0,135.0,3.0,980.0,79.0,1
6.0,7125.0,43.0,134.0,7.0,862.0,74.0,1
15.0,521.0,75.0,268.0,3.0,655.0,95.0,1
14.0,1842.0,216.0,228.0,1.0,825.0,64.0,1
15.0,1671.0,175.0,173.0,1.0,1100.0,160.0,1
15.0,1691.0,205.0,175.0,7.0,545.0,85.0,1
0.0,4340.0,277.0,233.0,4.0,725.0,110.0,1
5.0,1089.0,261.0,262.0,3.0,1305.0,104.0,1
8.0,50.0,154.0,16.0,5.0,861.0,250.0,1
14.0,175.0,153.0,217.0,3.0,990.0,72.0,1
6.0,5113.0,81.0,16.0,3.0,620.0,60.0,1
15.0,1116.0,22.0,153.0,1.0,810.0,355.0,1
16.0,2751.0,190.0,135.0,5.0,1075.0,90.0,1
15.0,49.0,217.0,2.0,5.0,830.0,65.0,1
12.0,4453.0,268.0,261.0,4.0,840.0,195.0,1
5.0,1921.0,85.0,217.0,6.0,525.0,278.0,1
5.0,378.0,16.0,209.0,6.0,1155.0,105.0,1
15.0,3314.0,104.0,216.0,6.0,515.0,170.0,1
15.0,520.0,173.0,233.0,4.0,745.0,95.0,1
1.0,1314.0,198.0,183.0,7.0,1085.0,110.0,1
15.0,413.0,258.0,154.0,1.0,675.0,70.0,1
1.0,1225.0,65.0,80.0,3.0,360.0,120.0,1
1.0,1945.0,16.0,183.0,6.0,1110.0,130.0,1
10.0,3973.0,208.0,279.0,3.0,1045.0,125.0,1
4.0,6.0,135.0,244.0,5.0,965.0,60.0,1
13.0,90.0,154.0,253.0,3.0,360.0,89.0,1
12.0,6302.0,227.0,154.0,7.0,963.0,47.0,1
5.0,2399.0,16.0,234.0,7.0,758.0,92.0,1
12.0,4456.0,261.0,168.0,3.0,667.0,91.0,1
13.0,180.0,253.0,35.0,3.0,1367.0,340.0,1
5.0,2387.0,184.0,16.0,6.0,350.0,129.0,1
14.0,729.0,216.0,80.0,5.0,1085.0,239.0,1
3.0,1600.0,35.0,78.0,6.0,450.0,102.0,1
8.0,848.0,173.0,16.0,7.0,395.0,95.0,1
13.0,650.0,22.0,134.0,6.0,360.0,91.0,1
12.0,6406.0,93.0,253.0,3.0,766.0,90.0,1
12.0,6655.0,86.0,208.0,7.0,1015.0,68.0,1
9.0,342.0,128.0,143.0,1.0,498.0,50.0,1
17.0,2762.0,217.0,244.0,4.0,595.0,141.0,1
16.0,2753.0,96.0,162.0,3.0,1160.0,200.0,1
15.0,162.0,139.0,153.0,1.0,405.0,250.0,1
10.0,4435.0,233.0,78.0,7.0,990.0,60.0,1
5.0,2887.0,16.0,2.0,6.0,1182.0,225.0,1
11.0,6313.0,119.0,71.0,1.0,690.0,71.0,1
5.0,1047.0,16.0,268.0,3.0,665.0,105.0,1
15.0,2504.0,45.0,241.0,6.0,695.0,165.0,1
16.0,2855.0,132.0,135.0,5.0,749.0,114.0,1
15.0,1002.0,75.0,18.0,1.0,440.0,55.0,1
8.0,240.0,234.0,16.0,3.0,1185.0,110.0,1
15.0,128.0,175.0,154.0,7.0,420.0,270.0,1
12.0,7798.0,261.0,64.0,6.0,1185.0,89.0,1
15.0,996.0,129.0,131.0,1.0,1005.0,60.0,1
14.0,1839.0,216.0,197.0,5.0,595.0,183.0,1
13.0,367.0,135.0,79.0,7.0,695.0,148.0,1
9.0,383.0,143.0,128.0,3.0,673.0,49.0,1
3.0,95.0,148.0,202.0,1.0,779.0,389.0,1
4.0,1700.0,104.0,96.0,7.0,480.0,162.0,1
5.0,2015.0,134.0,16.0,4.0,970.0,125.0,1
16.0,5928.0,208.0,157.0,4.0,785.0,71.0,1
12.0,4738.0,80.0,197.0,5.0,947.0,153.0,1
12.0,6260.0,265.0,208.0,6.0,792.0,58.0,1
2.0,610.0,252.0,153.0,1.0,755.0,151.0,1
8.0,892.0,154.0,184.0,1.0,720.0,240.0,1
17.0,7241.0,208.0,60.0,6.0,1105.0,113.0,1
15.0,3325.0,159.0,45.0,7.0,715.0,75.0,1
15.0,11.0,170.0,75.0,4.0,480.0,70.0,1
1.0,1077.0,80.0,253.0,5.0,470.0,230.0,1
15.0,1907.0,172.0,75.0,7.0,880.0,95.0,1
5.0,108.0,173.0,16.0,1.0,930.0,93.0,1
15.0,2311.0,175.0,252.0,6.0,605.0,280.0,1
16.0,2618.0,251.0,96.0,3.0,839.0,114.0,1
6.0,5305.0,180.0,177.0,7.0,985.0,72.0,1
16.0,2519.0,58.0,238.0,4.0,1150.0,59.0,1
2.0,38.0,252.0,197.0,1.0,747.0,203.0,1
14.0,859.0,173.0,78.0,3.0,945.0,122.0,1
11.0,6316.0,139.0,233.0,7.0,1035.0,105.0,1
6.0,7109.0,132.0,134.0,3.0,675.0,105.0,1
1.0,2097.0,204.0,80.0,3.0,520.0,65.0,1
11.0,6569.0,71.0,60.0,3.0,675.0,89.0,1
1.0,440.0,91.0,80.0,6.0,905.0,100.0,1
5.0,1224.0,262.0,261.0,5.0,780.0,95.0,1
12.0,7770.0,255.0,261.0,4.0,531.0,84.0,1
5.0,690.0,60.0,16.0,1.0,790.0,85.0,1
8.0,72.0,104.0,16.0,1.0,460.0,120.0,1
15.0,3339.0,252.0,261.0,5.0,885.0,115.0,1
14.0,915.0,45.0,60.0,4.0,1195.0,97.0,1
12.0,7760.0,89.0,261.0,1.0,840.0,63.0,1
16.0,2901.0,209.0,135.0,4.0,1015.0,209.0,1
10.0,2770.0,158.0,80.0,6.0,730.0,85.0,1
15.0,1615.0,197.0,79.0,3.0,400.0,140.0,1
15.0,1174.0,33.0,45.0,1.0,1005.0,100.0,1
15.0,3312.0,172.0,184.0,4.0,575.0,85.0,1
14.0,1952.0,60.0,43.0,5.0,1335.0,98.0,1
1.0,1879.0,277.0,183.0,1.0,585.0,65.0,1
5.0,2063.0,78.0,197.0,5.0,500.0,173.0,1
4.0,1757.0,135.0,16.0,3.0,795.0,121.0,1
15.0,538.0,243.0,262.0,6.0,960.0,95.0,1
1.0,437.0,78.0,183.0,6.0,670.0,160.0,1
13.0,878.0,208.0,217.0,5.0,1215.0,229.0,1
13.0,316.0,264.0,79.0,7.0,484.0,148.0,1
14.0,679.0,217.0,34.0,3.0,645.0,127.0,1
13.0,111.0,253.0,154.0,6.0,788.0,93.0,1
14.0,281.0,217.0,258.0,4.0,875.0,114.0,1
0.0,3751.0,238.0,85.0,5.0,375.0,103.0,1
8.0,782.0,159.0,215.0,7.0,480.0,81.0,1
1.0,375.0,16.0,80.0,4.0,1175.0,155.0,1
8.0,1038.0,221.0,277.0,6.0,679.0,150.0,1
13.0,593.0,35.0,79.0,4.0,1071.0,289.0,1
6.0,5605.0,16.0,190.0,1.0,505.0,85.0,1
5.0,2752.0,277.0,159.0,3.0,775.0,158.0,1
12.0,6967.0,51.0,6.0,1.0,1092.0,28.0,1
12.0,4562.0,262.0,261.0,7.0,990.0,99.0,1
1.0,2448.0,154.0,80.0,5.0,825.0,180.0,1
8.0,301.0,16.0,79.0,3.0,871.0,214.0,1
14.0,1789.0,147.0,60.0,5.0,539.0,76.0,1
0.0,3891.0,85.0,238.0,1.0,630.0,80.0,1
14.0,1195.0,216.0,217.0,4.0,615.0,330.0,1
5.0,1301.0,139.0,16.0,5.0,360.0,105.0,1
12.0,6320.0,243.0,154.0,5.0,439.0,46.0,1
6.0,5584.0,16.0,19.0,3.0,605.0,61.0,1
14.0,1850.0,213.0,60.0,7.0,1020.0,112.0,1
14.0,1543.0,35.0,60.0,6.0,880.0,145.0,1
15.0,3421.0,209.0,45.0,3.0,465.0,55.0,1
12.0,4748.0,202.0,261.0,1.0,1094.0,106.0,1
16.0,2228.0,177.0,96.0,1.0,865.0,162.0,1
5.0,2764.0,16.0,221.0,7.0,900.0,106.0,1
14.0,255.0,217.0,216.0,6.0,790.0,266.0,1
16.0,2725.0,80.0,135.0,1.0,715.0,64.0,1
8.0,659.0,16.0,244.0,5.0,890.0,160.0,1
5.0,1566.0,116.0,16.0,7.0,1029.0,91.0,1
5.0,2651.0,261.0,262.0,4.0,684.0,108.0,1
12.0,4505.0,261.0,99.0,4.0,1201.0,134.0,1
4.0,1559.0,78.0,135.0,3.0,420.0,209.0,1
3.0,1760.0,260.0,104.0,6.0,1162.0,165.0,1
14.0,1019.0,228.0,60.0,1.0,385.0,143.0,1
16.0,5902.0,218.0,208.0,4.0,362.0,63.0,1
1.0,1425.0,268.0,208.0,5.0,365.0,75.0,1
5.0,2279.0,159.0,104.0,3.0,895.0,198.0,1
12.0,7797.0,261.0,271.0,3.0,474.0,72.0,1
10.0,4180.0,208.0,60.0,3.0,685.0,115.0,1
15.0,646.0,202.0,175.0,3.0,435.0,250.0,1
1.0,1322.0,80.0,85.0,5.0,435.0,160.0,1
6.0,7076.0,134.0,245.0,6.0,477.0,105.0,1
1.0,1124.0,183.0,159.0,5.0,585.0,165.0,1
10.0,2735.0,80.0,162.0,6.0,405.0,70.0,1
15.0,1557.0,68.0,129.0,3.0,570.0,50.0,1
14.0,1866.0,60.0,234.0,1.0,1075.0,62.0,1
3.0,1048.0,148.0,238.0,5.0,570.0,83.0,1
5.0,2388.0,177.0,16.0,3.0,1110.0,85.0,1
3.0,408.0,217.0,35.0,4.0,750.0,291.0,1
5.0,674.0,269.0,16.0,3.0,952.0,253.0,1
5.0,300.0,16.0,197.0,5.0,1305.0,171.0,1
10.0,2808.0,80.0,187.0,4.0,875.0,115.0,1
15.0,3322.0,141.0,104.0,4.0,915.0,190.0,1
12.0,4722.0,160.0,261.0,3.0,985.0,109.0,1
3.0,676.0,154.0,148.0,4.0,1260.0,311.0,1
3.0,118.0,198.0,148.0,1.0,610.0,164.0,1
11.0,6340.0,96.0,177.0,6.0,370.0,187.0,1
3.0,118.0,198.0,148.0,4.0,610.0,164.0,1
13.0,991.0,134.0,208.0,6.0,477.0,128.0,1
12.0,4848.0,192.0,197.0,5.0,661.0,82.0,1
0.0,3652.0,16.0,273.0,7.0,595.0,138.0,1
15.0,1259.0,45.0,33.0,3.0,430.0,120.0,1
3.0,1276.0,173.0,35.0,7.0,661.0,162.0,1
17.0,1028.0,161.0,128.0,4.0,970.0,29.0,1
0.0,4173.0,285.0,85.0,4.0,1018.0,106.0,1
0.0,4077.0,85.0,12.0,7.0,1305.0,95.0,1
0.0,4162.0,85.0,238.0,7.0,1045.0,79.0,1
4.0,1615.0,178.0,135.0,1.0,656.0,69.0,1
12.0,6643.0,79.0,230.0,5.0,782.0,69.0,1
14.0,1550.0,217.0,60.0,5.0,950.0,225.0,1
4.0,208.0,214.0,135.0,6.0,1415.0,225.0,1
10.0,3060.0,154.0,100.0,4.0,840.0,60.0,1
2.0,698.0,252.0,111.0,7.0,1380.0,57.0,1
12.0,4609.0,261.0,18.0,3.0,590.0,170.0,1
15.0,738.0,175.0,205.0,5.0,1030.0,95.0,1
13.0,88.0,253.0,96.0,3.0,850.0,337.0,1
16.0,3019.0,216.0,58.0,5.0,1095.0,100.0,1
5.0,1241.0,121.0,16.0,5.0,383.0,63.0,1
12.0,6233.0,214.0,93.0,7.0,1291.0,36.0,1
1.0,434.0,80.0,279.0,6.0,925.0,60.0,1
0.0,3845.0,20.0,85.0,1.0,360.0,105.0,1
16.0,2114.0,96.0,42.0,1.0,704.0,71.0,1
5.0,1552.0,85.0,119.0,7.0,830.0,53.0,1
0.0,3794.0,197.0,192.0,7.0,870.0,89.0,1
15.0,823.0,154.0,262.0,1.0,680.0,85.0,1
10.0,3799.0,2.0,208.0,3.0,475.0,160.0,1
5.0,1210.0,261.0,35.0,4.0,600.0,274.0,1
6.0,5325.0,16.0,169.0,5.0,725.0,76.0,1
12.0,6667.0,253.0,172.0,4.0,660.0,199.0,1
13.0,328.0,154.0,79.0,1.0,435.0,152.0,1
15.0,545.0,207.0,262.0,3.0,515.0,80.0,1
5.0,1580.0,253.0,16.0,5.0,360.0,270.0,1
11.0,6312.0,221.0,71.0,7.0,1015.0,78.0,1
8.0,1580.0,16.0,30.0,4.0,610.0,114.0,1
5.0,1380.0,159.0,35.0,3.0,690.0,69.0,1
10.0,3255.0,80.0,223.0,4.0,1170.0,100.0,1
10.0,3358.0,290.0,80.0,5.0,480.0,75.0,1
2.0,225.0,253.0,214.0,4.0,1220.0,103.0,1
14.0,551.0,214.0,217.0,4.0,690.0,148.0,1
3.0,728.0,37.0,148.0,4.0,335.0,231.0,1
3.0,553.0,96.0,241.0,6.0,489.0,195.0,1
15.0,1980.0,79.0,154.0,4.0,805.0,155.0,1
14.0,1614.0,173.0,216.0,5.0,615.0,139.0,1
15.0,1654.0,75.0,2.0,7.0,1175.0,115.0,1
5.0,2634.0,268.0,197.0,7.0,390.0,98.0,1
12.0,6571.0,252.0,214.0,5.0,1060.0,46.0,1
12.0,4713.0,230.0,261.0,1.0,370.0,104.0,1
15.0,388.0,243.0,202.0,3.0,565.0,90.0,1
1.0,1020.0,80.0,198.0,4.0,710.0,80.0,1
17.0,2824.0,194.0,217.0,6.0,745.0,106.0,1
7.0,843.0,79.0,252.0,4.0,1090.0,177.0,1
0.0,4329.0,234.0,85.0,5.0,979.0,121.0,1
16.0,2747.0,96.0,33.0,4.0,1200.0,155.0,1
16.0,5917.0,139.0,208.0,6.0,1027.0,76.0,1
5.0,1436.0,85.0,45.0,4.0,1050.0,98.0,1
14.0,1462.0,60.0,234.0,3.0,971.0,62.0,1
1.0,884.0,268.0,78.0,3.0,450.0,115.0,1
10.0,4014.0,208.0,139.0,6.0,610.0,60.0,1
12.0,6990.0,218.0,79.0,7.0,525.0,157.0,1
2.0,55.0,249.0,39.0,3.0,578.0,43.0,1
6.0,5014.0,136.0,16.0,6.0,330.0,132.0,1
9.0,26.0,128.0,214.0,7.0,940.0,325.0,1
13.0,894.0,79.0,154.0,4.0,371.0,159.0,1
12.0,6537.0,185.0,208.0,5.0,1222.0,53.0,1
9.0,224.0,161.0,128.0,5.0,1227.0,30.0,1
16.0,5956.0,208.0,117.0,7.0,1281.0,52.0,1
5.0,1402.0,277.0,177.0,1.0,420.0,119.0,1
15.0,1382.0,27.0,45.0,7.0,920.0,115.0,1
2.0,495.0,243.0,252.0,6.0,510.0,183.0,1
6.0,5425.0,16.0,69.0,4.0,728.0,77.0,1
5.0,2400.0,16.0,35.0,6.0,1070.0,151.0,1
14.0,208.0,202.0,217.0,3.0,971.0,111.0,1
13.0,626.0,208.0,216.0,3.0,1086.0,129.0,1
8.0,1146.0,173.0,69.0,6.0,955.0,113.0,1
12.0,6241.0,253.0,44.0,3.0,562.0,69.0,1
10.0,3956.0,56.0,208.0,1.0,515.0,65.0,1
12.0,4760.0,227.0,261.0,6.0,780.0,104.0,1
15.0,293.0,243.0,202.0,1.0,995.0,85.0,1
12.0,7035.0,214.0,154.0,5.0,932.0,138.0,1
15.0,59.0,217.0,79.0,7.0,870.0,110.0,1
4.0,150.0,135.0,207.0,5.0,900.0,215.0,1
1.0,1755.0,2.0,80.0,1.0,360.0,105.0,1
15.0,952.0,258.0,153.0,1.0,1035.0,90.0,1
15.0,264.0,268.0,277.0,1.0,590.0,135.0,1
12.0,6596.0,253.0,179.0,3.0,807.0,96.0,1
0.0,4294.0,85.0,20.0,5.0,1305.0,90.0,1
11.0,6770.0,78.0,139.0,1.0,505.0,122.0,1
16.0,3002.0,135.0,33.0,7.0,625.0,103.0,1
10.0,3894.0,290.0,208.0,7.0,365.0,100.0,1
12.0,6758.0,79.0,18.0,7.0,949.0,122.0,1
17.0,7252.0,208.0,233.0,6.0,480.0,109.0,1
15.0,637.0,221.0,216.0,3.0,1195.0,85.0,1
1.0,1132.0,80.0,277.0,3.0,870.0,135.0,1
0.0,4056.0,197.0,251.0,3.0,940.0,119.0,1
2.0,673.0,79.0,252.0,4.0,1055.0,177.0,1
0.0,4148.0,71.0,33.0,3.0,460.0,66.0,1
5.0,1291.0,177.0,16.0,3.0,1032.0,88.0,1
14.0,1567.0,60.0,198.0,1.0,565.0,123.0,1
15.0,1361.0,154.0,253.0,3.0,980.0,75.0,1
12.0,6973.0,111.0,252.0,1.0,530.0,72.0,1
5.0,1274.0,117.0,197.0,3.0,786.0,70.0,1
5.0,1324.0,16.0,234.0,5.0,585.0,103.0,1
15.0,307.0,154.0,217.0,4.0,1080.0,80.0,1
15.0,540.0,243.0,217.0,1.0,595.0,70.0,1
10.0,4336.0,208.0,94.0,6.0,535.0,65.0,1
0.0,3688.0,16.0,12.0,7.0,1235.0,140.0,1
14.0,230.0,258.0,217.0,3.0,592.0,107.0,1
1.0,2450.0,154.0,80.0,3.0,915.0,175.0,1
11.0,6697.0,233.0,71.0,1.0,660.0,99.0,1
10.0,3059.0,100.0,154.0,3.0,925.0,65.0,1
15.0,1657.0,172.0,79.0,3.0,735.0,110.0,1
13.0,514.0,208.0,134.0,7.0,1280.0,106.0,1
10.0,3209.0,80.0,285.0,4.0,910.0,120.0,1
15.0,211.0,243.0,262.0,3.0,650.0,95.0,1
1.0,1663.0,183.0,153.0,3.0,965.0,335.0,1
13.0,427.0,134.0,79.0,6.0,589.0,241.0,1
5.0,1378.0,159.0,35.0,1.0,630.0,72.0,1
1.0,1071.0,177.0,80.0,1.0,895.0,100.0,1
4.0,15.0,96.0,128.0,6.0,710.0,655.0,1
5.0,1880.0,253.0,16.0,3.0,1360.0,271.0,1
5.0,1763.0,78.0,197.0,3.0,826.0,174.0,1
16.0,2295.0,121.0,58.0,1.0,540.0,83.0,1
0.0,4183.0,54.0,85.0,7.0,982.0,133.0,1
17.0,2689.0,138.0,60.0,1.0,965.0,68.0,1
8.0,1585.0,30.0,16.0,3.0,1060.0,94.0,1
13.0,436.0,264.0,208.0,5.0,500.0,235.0,1
1.0,1872.0,208.0,173.0,6.0,590.0,160.0,1
15.0,907.0,204.0,75.0,1.0,485.0,55.0,1
15.0,1874.0,277.0,79.0,6.0,1010.0,250.0,1
15.0,2765.0,45.0,209.0,6.0,765.0,50.0,1
14.0,2120.0,159.0,35.0,5.0,540.0,75.0,1
17.0,2629.0,60.0,58.0,5.0,1065.0,96.0,1
15.0,731.0,216.0,35.0,1.0,1035.0,80.0,1
14.0,2164.0,78.0,159.0,3.0,540.0,83.0,1
14.0,1944.0,135.0,60.0,4.0,1050.0,144.0,1
4.0,629.0,79.0,96.0,3.0,745.0,226.0,1
10.0,4394.0,148.0,35.0,5.0,839.0,71.0,1
12.0,6269.0,253.0,100.0,3.0,1261.0,59.0,1
1.0,563.0,80.0,244.0,3.0,1060.0,65.0,1
1.0,1306.0,243.0,80.0,4.0,960.0,170.0,1
17.0,1929.0,128.0,161.0,4.0,1240.0,37.0,1
2.0,667.0,18.0,258.0,1.0,920.0,237.0,1
15.0,2903.0,198.0,45.0,7.0,1000.0,140.0,1
12.0,6448.0,280.0,154.0,7.0,660.0,95.0,1
0.0,3664.0,85.0,58.0,4.0,1035.0,64.0,1
10.0,2844.0,181.0,80.0,5.0,995.0,90.0,1
15.0,2029.0,155.0,75.0,5.0,1155.0,60.0,1
12.0,6364.0,246.0,154.0,3.0,370.0,48.0,1
14.0,280.0,217.0,258.0,4.0,650.0,117.0,1
16.0,3073.0,119.0,96.0,4.0,1130.0,115.0,1
15.0,1868.0,175.0,251.0,1.0,500.0,65.0,1
14.0,1167.0,221.0,60.0,4.0,935.0,92.0,1
14.0,878.0,138.0,60.0,4.0,1079.0,64.0,1
15.0,3773.0,217.0,277.0,7.0,630.0,235.0,1
6.0,7329.0,285.0,16.0,6.0,782.0,68.0,1
15.0,1113.0,159.0,175.0,4.0,795.0,155.0,1
11.0,6360.0,174.0,85.0,4.0,370.0,107.0,1
15.0,8.0,129.0,75.0,1.0,480.0,55.0,1
12.0,6445.0,154.0,280.0,4.0,1275.0,80.0,1
3.0,1330.0,45.0,35.0,7.0,1195.0,78.0,1
2.0,233.0,243.0,252.0,4.0,1025.0,170.0,1
5.0,1014.0,16.0,22.0,4.0,1293.0,146.0,1
13.0,117.0,208.0,252.0,4.0,1227.0,276.0,1
15.0,2995.0,153.0,22.0,6.0,855.0,295.0,1
5.0,1506.0,154.0,85.0,5.0,345.0,270.0,1
14.0,1469.0,216.0,16.0,7.0,970.0,149.0,1
5.0,2514.0,85.0,119.0,3.0,610.0,59.0,1
6.0,5027.0,187.0,16.0,1.0,360.0,130.0,1
16.0,2075.0,2.0,135.0,7.0,781.0,119.0,1
17.0,2710.0,91.0,217.0,3.0,897.0,82.0,1
12.0,6233.0,154.0,214.0,7.0,1070.0,141.0,1
1.0,1292.0,80.0,198.0,5.0,885.0,75.0,1
15.0,3418.0,216.0,221.0,3.0,425.0,75.0,1
12.0,6974.0,79.0,184.0,3.0,612.0,143.0,1
12.0,6764.0,164.0,79.0,7.0,410.0,97.0,1
8.0,428.0,16.0,223.0,6.0,620.0,74.0,1
12.0,7011.0,154.0,214.0,6.0,505.0,141.0,1
5.0,1425.0,45.0,16.0,5.0,975.0,120.0,1
10.0,4126.0,208.0,278.0,4.0,1225.0,115.0,1
0.0,4202.0,74.0,16.0,4.0,910.0,90.0,1
5.0,1835.0,16.0,261.0,5.0,1290.0,257.0,1
15.0,1759.0,58.0,268.0,6.0,570.0,105.0,1
10.0,4599.0,159.0,197.0,1.0,375.0,175.0,1
11.0,6547.0,119.0,78.0,3.0,1040.0,105.0,1
16.0,2470.0,197.0,96.0,6.0,676.0,159.0,1
5.0,1840.0,161.0,154.0,6.0,1291.0,325.0,1
1.0,2344.0,80.0,208.0,7.0,690.0,135.0,1
15.0,1868.0,205.0,175.0,4.0,390.0,85.0,1
14.0,486.0,217.0,79.0,6.0,585.0,109.0,1
10.0,4378.0,33.0,159.0,1.0,785.0,130.0,1
5.0,1836.0,139.0,85.0,5.0,805.0,70.0,1
14.0,1275.0,78.0,173.0,4.0,910.0,141.0,1
15.0,1520.0,45.0,87.0,6.0,1020.0,145.0,1
12.0,6814.0,154.0,252.0,1.0,405.0,164.0,1
1.0,412.0,269.0,148.0,5.0,1030.0,259.0,1
15.0,1655.0,175.0,159.0,1.0,570.0,130.0,1
2.0,889.0,243.0,203.0,3.0,570.0,350.0,1
16.0,2568.0,135.0,84.0,6.0,1200.0,131.0,1
8.0,285.0,16.0,129.0,7.0,1265.0,134.0,1
1.0,413.0,208.0,264.0,6.0,845.0,255.0,1
0.0,3914.0,85.0,171.0,7.0,1045.0,54.0,1
15.0,152.0,258.0,18.0,6.0,680.0,200.0,1
6.0,7349.0,204.0,177.0,5.0,375.0,93.0,1
15.0,1174.0,129.0,33.0,5.0,870.0,105.0,1
4.0,1027.0,135.0,60.0,5.0,750.0,141.0,1
13.0,442.0,208.0,22.0,3.0,990.0,128.0,1
16.0,2924.0,135.0,205.0,4.0,685.0,128.0,1
16.0,2756.0,228.0,96.0,3.0,797.0,88.0,1
1.0,474.0,80.0,16.0,4.0,775.0,120.0,1
15.0,1375.0,184.0,45.0,6.0,815.0,115.0,1
0.0,3750.0,43.0,85.0,5.0,710.0,83.0,1
16.0,2560.0,170.0,135.0,5.0,1008.0,87.0,1
10.0,4162.0,208.0,234.0,3.0,780.0,115.0,1
10.0,2864.0,254.0,80.0,4.0,355.0,90.0,1
15.0,1425.0,58.0,33.0,5.0,1030.0,100.0,1
15.0,1227.0,216.0,175.0,4.0,750.0,135.0,1
12.0,7042.0,79.0,254.0,3.0,1164.0,105.0,1
0.0,3934.0,279.0,177.0,5.0,380.0,83.0,1
10.0,3618.0,275.0,183.0,5.0,1100.0,80.0,1
1.0,1699.0,173.0,208.0,5.0,690.0,175.0,1
5.0,1166.0,241.0,71.0,6.0,730.0,144.0,1
5.0,1732.0,213.0,16.0,5.0,812.0,113.0,1
5.0,1965.0,162.0,177.0,5.0,415.0,60.0,1
0.0,3888.0,177.0,33.0,6.0,855.0,63.0,1
2.0,527.0,44.0,252.0,6.0,420.0,160.0,1
5.0,1937.0,45.0,85.0,7.0,370.0,100.0,1
6.0,4985.0,16.0,162.0,4.0,829.0,100.0,1
12.0,6366.0,227.0,253.0,5.0,1016.0,91.0,1
4.0,1605.0,135.0,154.0,5.0,715.0,220.0,1
10.0,4614.0,85.0,159.0,4.0,720.0,105.0,1
15.0,509.0,202.0,217.0,1.0,555.0,110.0,1
12.0,6486.0,67.0,79.0,3.0,1021.0,55.0,1
2.0,195.0,14.0,98.0,5.0,1435.0,56.0,1
13.0,951.0,134.0,154.0,3.0,1055.0,335.0,1
15.0,1659.0,61.0,45.0,3.0,400.0,70.0,1
0.0,3835.0,159.0,245.0,3.0,540.0,165.0,1
12.0,6427.0,27.0,208.0,5.0,547.0,128.0,1
12.0,6486.0,67.0,79.0,7.0,1023.0,55.0,1
17.0,2946.0,217.0,177.0,5.0,1189.0,176.0,1
14.0,1061.0,216.0,104.0,4.0,595.0,176.0,1
10.0,4390.0,159.0,85.0,3.0,1070.0,130.0,1
15.0,2958.0,244.0,154.0,7.0,625.0,200.0,1
15.0,660.0,79.0,173.0,7.0,1020.0,210.0,1
15.0,2805.0,233.0,33.0,6.0,550.0,100.0,1
12.0,4746.0,29.0,197.0,4.0,300.0,85.0,1
0.0,4171.0,85.0,25.0,6.0,865.0,83.0,1
1.0,2097.0,204.0,80.0,4.0,520.0,65.0,1
1.0,1758.0,154.0,208.0,7.0,645.0,250.0,1
11.0,6317.0,85.0,58.0,4.0,1315.0,56.0,1
15.0,2958.0,244.0,154.0,1.0,625.0,200.0,1
2.0,861.0,214.0,203.0,6.0,600.0,368.0,1
17.0,2606.0,177.0,60.0,7.0,1134.0,102.0,1
5.0,2440.0,277.0,78.0,1.0,770.0,124.0,1
1.0,1918.0,277.0,208.0,4.0,950.0,170.0,1
5.0,68.0,183.0,16.0,3.0,892.0,122.0,1
8.0,642.0,184.0,79.0,3.0,733.0,160.0,1
5.0,2034.0,16.0,197.0,6.0,1220.0,166.0,1
9.0,596.0,128.0,203.0,6.0,1210.0,37.0,1
5.0,1488.0,197.0,216.0,3.0,615.0,152.0,1
15.0,2640.0,34.0,153.0,5.0,855.0,100.0,1
10.0,4081.0,208.0,139.0,7.0,820.0,60.0,1
11.0,6589.0,197.0,198.0,5.0,865.0,169.0,1
1.0,1712.0,207.0,80.0,6.0,695.0,170.0,1
2.0,851.0,252.0,128.0,6.0,540.0,376.0,1
2.0,106.0,14.0,252.0,4.0,1290.0,202.0,1
12.0,7756.0,261.0,49.0,7.0,1005.0,67.0,1
1.0,1131.0,173.0,208.0,6.0,860.0,170.0,1
12.0,6499.0,154.0,258.0,7.0,555.0,69.0,1
13.0,456.0,197.0,79.0,6.0,559.0,141.0,1
12.0,6378.0,253.0,65.0,3.0,772.0,146.0,1
15.0,1624.0,252.0,79.0,3.0,885.0,160.0,1
6.0,5582.0,16.0,132.0,4.0,831.0,61.0,1
17.0,7236.0,238.0,208.0,4.0,360.0,117.0,1
13.0,823.0,35.0,134.0,4.0,851.0,114.0,1
12.0,6569.0,208.0,86.0,1.0,580.0,71.0,1
14.0,1865.0,60.0,33.0,6.0,1080.0,87.0,1
14.0,347.0,214.0,217.0,5.0,330.0,148.0,1
15.0,1088.0,258.0,44.0,7.0,1210.0,60.0,1
15.0,189.0,217.0,258.0,3.0,1060.0,115.0,1
6.0,5498.0,16.0,101.0,5.0,884.0,75.0,1
12.0,6680.0,34.0,79.0,7.0,1136.0,107.0,1
16.0,5933.0,162.0,208.0,4.0,634.0,109.0,1
13.0,970.0,243.0,134.0,4.0,465.0,292.0,1
15.0,1682.0,129.0,175.0,6.0,465.0,145.0,1
12.0,6262.0,79.0,164.0,5.0,960.0,78.0,1
4.0,1792.0,96.0,173.0,7.0,1090.0,182.0,1
11.0,6692.0,148.0,238.0,5.0,800.0,95.0,1
15.0,840.0,153.0,22.0,1.0,565.0,295.0,1
11.0,6528.0,71.0,35.0,4.0,675.0,130.0,1
2.0,61.0,149.0,291.0,1.0,616.0,62.0,1
6.0,7305.0,177.0,268.0,1.0,575.0,71.0,1
10.0,2797.0,80.0,108.0,6.0,515.0,60.0,1
15.0,1294.0,217.0,261.0,5.0,1130.0,95.0,1
10.0,4143.0,43.0,208.0,4.0,900.0,115.0,1
13.0,561.0,79.0,202.0,4.0,733.0,168.0,1
12.0,4752.0,2.0,261.0,4.0,1135.0,93.0,1
9.0,135.0,203.0,128.0,5.0,908.0,34.0,1
16.0,2526.0,96.0,119.0,4.0,420.0,134.0,1
1.0,1983.0,148.0,183.0,6.0,870.0,210.0,1
13.0,716.0,207.0,79.0,5.0,882.0,132.0,1
4.0,382.0,135.0,35.0,1.0,660.0,213.0,1
15.0,1198.0,217.0,243.0,5.0,755.0,70.0,1
12.0,6956.0,79.0,132.0,5.0,1170.0,146.0,1
5.0,1662.0,197.0,119.0,4.0,875.0,80.0,1
17.0,2628.0,60.0,85.0,3.0,880.0,110.0,1
5.0,319.0,16.0,233.0,1.0,900.0,85.0,1
16.0,3070.0,96.0,60.0,7.0,1260.0,119.0,1
12.0,4679.0,46.0,261.0,5.0,790.0,71.0,1
15.0,2092.0,268.0,79.0,3.0,685.0,150.0,1
14.0,71.0,217.0,252.0,6.0,675.0,190.0,1
15.0,1061.0,170.0,2.0,3.0,445.0,70.0,1
12.0,7043.0,79.0,65.0,1.0,906.0,33.0,1
10.0,3810.0,208.0,58.0,5.0,465.0,80.0,1
2.0,371.0,262.0,252.0,4.0,420.0,112.0,1
12.0,6353.0,79.0,235.0,7.0,1290.0,75.0,1
8.0,483.0,45.0,173.0,6.0,1218.0,141.0,1
15.0,1866.0,197.0,175.0,4.0,1010.0,90.0,1
14.0,195.0,217.0,243.0,3.0,680.0,81.0,1
3.0,172.0,262.0,148.0,3.0,1430.0,308.0,1
15.0,20.0,75.0,155.0,4.0,740.0,65.0,1
16.0,2565.0,60.0,135.0,5.0,1105.0,175.0,1
1.0,133.0,148.0,154.0,4.0,930.0,390.0,1
1.0,1188.0,80.0,78.0,1.0,1050.0,160.0,1
5.0,2499.0,197.0,217.0,4.0,545.0,207.0,1
5.0,1246.0,60.0,85.0,1.0,765.0,110.0,1
11.0,6379.0,35.0,148.0,4.0,360.0,88.0,1
12.0,6844.0,208.0,85.0,5.0,964.0,76.0,1
5.0,1260.0,261.0,96.0,1.0,605.0,273.0,1
15.0,1686.0,216.0,104.0,4.0,875.0,175.0,1
15.0,589.0,153.0,261.0,5.0,1295.0,75.0,1
4.0,1133.0,96.0,80.0,5.0,540.0,246.0,1
15.0,1050.0,104.0,233.0,4.0,685.0,125.0,1
5.0,2921.0,139.0,197.0,5.0,410.0,115.0,1
11.0,6265.0,85.0,238.0,1.0,825.0,81.0,1
1.0,1742.0,280.0,80.0,6.0,695.0,130.0,1
15.0,1381.0,175.0,172.0,7.0,825.0,90.0,1
1.0,1185.0,80.0,214.0,5.0,570.0,245.0,1
13.0,999.0,134.0,269.0,6.0,520.0,233.0,1
5.0,1792.0,243.0,16.0,4.0,1365.0,238.0,1
15.0,3484.0,153.0,252.0,5.0,945.0,165.0,1
6.0,7106.0,208.0,71.0,6.0,706.0,72.0,1
16.0,5975.0,208.0,84.0,5.0,402.0,72.0,1
5.0,2700.0,258.0,197.0,6.0,390.0,228.0,1
13.0,59.0,79.0,253.0,4.0,362.0,167.0,1
15.0,843.0,2.0,217.0,1.0,895.0,75.0,1
2.0,139.0,208.0,14.0,1.0,570.0,413.0,1
13.0,959.0,208.0,79.0,3.0,1205.0,161.0,1
14.0,368.0,262.0,217.0,5.0,1155.0,105.0,1
5.0,1297.0,148.0,16.0,7.0,360.0,168.0,1
8.0,953.0,104.0,45.0,7.0,631.0,145.0,1
4.0,1786.0,18.0,135.0,1.0,495.0,57.0,1
12.0,4767.0,197.0,251.0,1.0,605.0,110.0,1
15.0,1701.0,236.0,153.0,6.0,965.0,75.0,1
13.0,225.0,134.0,253.0,3.0,1331.0,362.0,1
12.0,6992.0,82.0,208.0,7.0,390.0,90.0,1
5.0,1564.0,197.0,78.0,7.0,665.0,139.0,1
6.0,4961.0,105.0,16.0,4.0,993.0,84.0,1
1.0,472.0,261.0,80.0,1.0,1050.0,150.0,1
5.0,1438.0,16.0,78.0,6.0,1295.0,100.0,1
4.0,724.0,58.0,96.0,4.0,385.0,83.0,1
1.0,1897.0,96.0,80.0,3.0,1040.0,255.0,1
15.0,5.0,129.0,198.0,4.0,565.0,60.0,1
5.0,2802.0,183.0,85.0,7.0,480.0,189.0,1
14.0,2135.0,35.0,159.0,3.0,960.0,75.0,1
12.0,6549.0,253.0,248.0,3.0,1369.0,67.0,1
15.0,1657.0,261.0,153.0,5.0,935.0,80.0,1
15.0,949.0,173.0,79.0,1.0,535.0,255.0,1
0.0,3700.0,54.0,159.0,3.0,1120.0,140.0,1
12.0,6428.0,253.0,179.0,7.0,1254.0,73.0,1
15.0,1509.0,264.0,153.0,3.0,650.0,70.0,1
0.0,4146.0,148.0,273.0,3.0,780.0,89.0,1
4.0,1830.0,135.0,213.0,7.0,1160.0,142.0,1
10.0,2937.0,80.0,10.0,4.0,1195.0,65.0,1
1.0,1311.0,16.0,80.0,4.0,795.0,145.0,1
6.0,7082.0,134.0,35.0,4.0,626.0,87.0,1
4.0,87.0,58.0,96.0,6.0,450.0,78.0,1
12.0,6506.0,154.0,34.0,5.0,509.0,119.0,1
17.0,2747.0,248.0,217.0,7.0,960.0,95.0,1
15.0,1457.0,243.0,175.0,6.0,940.0,235.0,1
3.0,1244.0,60.0,35.0,3.0,1075.0,127.0,1
1.0,817.0,33.0,80.0,3.0,370.0,130.0,1
4.0,1175.0,96.0,208.0,1.0,480.0,170.0,1
14.0,1023.0,216.0,277.0,5.0,590.0,174.0,1
5.0,1839.0,78.0,16.0,3.0,1140.0,122.0,1
1.0,1013.0,80.0,260.0,6.0,700.0,265.0,1
15.0,3830.0,268.0,216.0,5.0,615.0,130.0,1
2.0,453.0,154.0,252.0,4.0,645.0,162.0,1
15.0,1156.0,264.0,175.0,4.0,595.0,235.0,1
15.0,2198.0,261.0,236.0,4.0,1040.0,85.0,1
15.0,1047.0,175.0,153.0,1.0,1095.0,250.0,1
6.0,5133.0,52.0,85.0,6.0,590.0,100.0,1
1.0,689.0,80.0,261.0,7.0,600.0,170.0,1
13.0,346.0,208.0,221.0,4.0,1284.0,88.0,1
15.0,1065.0,33.0,79.0,3.0,750.0,180.0,1
12.0,4754.0,207.0,261.0,4.0,780.0,104.0,1
10.0,4400.0,233.0,78.0,7.0,900.0,59.0,1
9.0,302.0,128.0,143.0,4.0,806.0,52.0,1
13.0,990.0,208.0,134.0,1.0,1096.0,109.0,1
15.0,843.0,2.0,217.0,3.0,895.0,75.0,1
11.0,6769.0,16.0,132.0,4.0,672.0,72.0,1
5.0,1795.0,16.0,264.0,5.0,655.0,305.0,1
15.0,2525.0,27.0,173.0,5.0,1210.0,90.0,1
1.0,1789.0,80.0,243.0,3.0,535.0,190.0,1
8.0,1463.0,175.0,173.0,1.0,882.0,155.0,1
10.0,3963.0,208.0,33.0,4.0,815.0,90.0,1
10.0,3804.0,216.0,208.0,5.0,940.0,145.0,1
13.0,759.0,208.0,253.0,3.0,540.0,290.0,1
13.0,595.0,79.0,253.0,5.0,1134.0,168.0,1
5.0,1836.0,85.0,45.0,1.0,945.0,104.0,1
14.0,1446.0,154.0,216.0,4.0,1330.0,292.0,1
16.0,5949.0,42.0,208.0,4.0,360.0,159.0,1
15.0,1282.0,243.0,236.0,6.0,940.0,90.0,1
13.0,401.0,253.0,154.0,1.0,634.0,96.0,1
5.0,2657.0,148.0,243.0,3.0,550.0,380.0,1
3.0,456.0,104.0,35.0,1.0,880.0,186.0,1
16.0,2288.0,135.0,76.0,5.0,1199.0,133.0,1
11.0,6463.0,35.0,71.0,1.0,620.0,160.0,1
7.0,450.0,184.0,159.0,5.0,844.0,135.0,1
5.0,2956.0,243.0,148.0,5.0,390.0,324.0,1
12.0,6494.0,208.0,130.0,6.0,1083.0,122.0,1
3.0,296.0,160.0,252.0,5.0,1189.0,160.0,1
1.0,1400.0,208.0,173.0,4.0,875.0,155.0,1
15.0,367.0,33.0,87.0,3.0,470.0,80.0,1
15.0,8.0,172.0,153.0,7.0,665.0,195.0,1
5.0,1704.0,104.0,85.0,3.0,1069.0,184.0,1
11.0,6368.0,268.0,71.0,7.0,732.0,83.0,1
10.0,3829.0,16.0,208.0,4.0,1275.0,120.0,1
12.0,6573.0,79.0,126.0,1.0,687.0,51.0,1
14.0,1920.0,241.0,216.0,7.0,480.0,155.0,1
3.0,399.0,159.0,173.0,3.0,1265.0,165.0,1
16.0,3036.0,135.0,54.0,4.0,1195.0,131.0,1
15.0,2662.0,87.0,129.0,7.0,810.0,120.0,1
0.0,4003.0,177.0,204.0,5.0,815.0,101.0,1
5.0,2189.0,85.0,261.0,5.0,1155.0,239.0,1
12.0,6591.0,65.0,134.0,7.0,542.0,183.0,1
2.0,454.0,252.0,154.0,6.0,360.0,150.0,1
15.0,1229.0,35.0,45.0,3.0,825.0,90.0,1
17.0,7274.0,60.0,208.0,7.0,1151.0,129.0,1
17.0,2697.0,18.0,217.0,7.0,1124.0,156.0,1
10.0,4229.0,221.0,208.0,3.0,915.0,100.0,1
16.0,2318.0,135.0,16.0,5.0,1060.0,124.0,1
1.0,1925.0,279.0,80.0,7.0,945.0,70.0,1
12.0,7049.0,214.0,210.0,4.0,438.0,58.0,1
0.0,4005.0,16.0,279.0,5.0,960.0,130.0,1
12.0,6628.0,27.0,79.0,6.0,914.0,190.0,1
14.0,2170.0,78.0,159.0,6.0,720.0,70.0,1
6.0,5332.0,146.0,16.0,4.0,1025.0,89.0,1
16.0,3009.0,96.0,184.0,4.0,894.0,144.0,1
13.0,268.0,205.0,79.0,5.0,393.0,107.0,1
6.0,5399.0,84.0,16.0,3.0,606.0,126.0,1
5.0,79.0,148.0,173.0,7.0,985.0,187.0,1
10.0,3738.0,208.0,96.0,5.0,875.0,144.0,1
8.0,212.0,241.0,184.0,7.0,739.0,181.0,1
1.0,1959.0,35.0,183.0,5.0,1060.0,225.0,1
5.0,1832.0,208.0,197.0,5.0,900.0,90.0,1
12.0,6945.0,204.0,79.0,6.0,1031.0,99.0,1
5.0,99.0,148.0,104.0,5.0,1140.0,204.0,1
15.0,994.0,33.0,27.0,6.0,980.0,50.0,1
16.0,5992.0,208.0,273.0,1.0,530.0,100.0,1
1.0,2.0,154.0,148.0,3.0,560.0,335.0,1
15.0,882.0,209.0,147.0,3.0,930.0,105.0,1
15.0,3065.0,172.0,204.0,6.0,895.0,70.0,1
13.0,127.0,43.0,208.0,6.0,1030.0,116.0,1
11.0,6464.0,71.0,60.0,5.0,1140.0,91.0,1
6.0,5355.0,85.0,237.0,7.0,1300.0,90.0,1
14.0,1462.0,16.0,60.0,3.0,835.0,78.0,1
15.0,882.0,45.0,209.0,1.0,855.0,50.0,1
14.0,517.0,217.0,205.0,4.0,1185.0,152.0,1
12.0,6929.0,79.0,83.0,3.0,1173.0,64.0,1
15.0,909.0,87.0,45.0,4.0,380.0,130.0,1
13.0,408.0,79.0,173.0,5.0,1055.0,212.0,1
11.0,6511.0,177.0,71.0,7.0,1135.0,92.0,1
3.0,181.0,148.0,243.0,7.0,510.0,374.0,1
15.0,771.0,153.0,202.0,5.0,970.0,95.0,1
13.0,31.0,154.0,134.0,6.0,791.0,293.0,1
16.0,2647.0,172.0,135.0,1.0,360.0,124.0,1
13.0,179.0,35.0,253.0,3.0,1079.0,408.0,1
5.0,1478.0,177.0,35.0,5.0,1150.0,169.0,1
15.0,1992.0,217.0,264.0,5.0,635.0,80.0,1
0.0,4227.0,109.0,71.0,5.0,365.0,52.0,1
6.0,5575.0,138.0,16.0,3.0,475.0,97.0,1
3.0,1309.0,148.0,134.0,7.0,1050.0,82.0,1
4.0,651.0,18.0,96.0,3.0,385.0,205.0,1
1.0,1461.0,80.0,253.0,3.0,605.0,240.0,1
12.0,6992.0,82.0,208.0,3.0,375.0,90.0,1
15.0,1394.0,252.0,202.0,3.0,1215.0,125.0,1
5.0,2045.0,78.0,85.0,1.0,1035.0,103.0,1
6.0,4965.0,180.0,16.0,6.0,560.0,55.0,1
5.0,1838.0,245.0,16.0,3.0,918.0,75.0,1
10.0,3869.0,208.0,244.0,7.0,885.0,175.0,1
16.0,2481.0,135.0,68.0,7.0,1130.0,59.0,1
10.0,3613.0,183.0,27.0,5.0,1170.0,125.0,1
1.0,2258.0,80.0,221.0,1.0,490.0,150.0,1
5.0,1055.0,85.0,197.0,6.0,1185.0,120.0,1
15.0,295.0,45.0,173.0,7.0,515.0,145.0,1
15.0,619.0,236.0,153.0,1.0,880.0,70.0,1
15.0,2788.0,202.0,154.0,3.0,1140.0,75.0,1
15.0,282.0,154.0,91.0,5.0,1000.0,110.0,1
12.0,7772.0,261.0,255.0,1.0,660.0,83.0,1
17.0,2897.0,83.0,217.0,4.0,1095.0,113.0,1
1.0,1811.0,183.0,135.0,4.0,1355.0,170.0,1
5.0,1522.0,119.0,85.0,7.0,1055.0,65.0,1
14.0,596.0,236.0,217.0,1.0,975.0,101.0,1
13.0,180.0,264.0,253.0,3.0,1220.0,91.0,1
15.0,1421.0,252.0,217.0,4.0,1080.0,170.0,1
16.0,2216.0,147.0,96.0,3.0,678.0,132.0,1
15.0,1115.0,175.0,197.0,1.0,565.0,85.0,1
1.0,855.0,104.0,80.0,7.0,820.0,195.0,1
11.0,6602.0,78.0,147.0,4.0,503.0,128.0,1
17.0,2616.0,60.0,96.0,6.0,1335.0,107.0,1
17.0,7239.0,22.0,208.0,4.0,874.0,162.0,1
5.0,1443.0,195.0,85.0,1.0,980.0,84.0,1
15.0,23.0,129.0,131.0,1.0,805.0,60.0,1
10.0,3230.0,80.0,283.0,5.0,575.0,55.0,1
4.0,1621.0,135.0,178.0,1.0,860.0,73.0,1
6.0,5520.0,16.0,11.0,5.0,1242.0,56.0,1
10.0,3218.0,146.0,80.0,3.0,580.0,95.0,1
15.0,2916.0,79.0,18.0,6.0,1000.0,125.0,1
3.0,364.0,213.0,159.0,6.0,1059.0,159.0,1
12.0,6977.0,33.0,208.0,4.0,880.0,105.0,1
3.0,505.0,96.0,104.0,7.0,795.0,176.0,1
4.0,1069.0,153.0,96.0,4.0,900.0,292.0,1
5.0,2430.0,85.0,117.0,1.0,730.0,81.0,1
15.0,1082.0,202.0,243.0,5.0,690.0,85.0,1
15.0,2449.0,129.0,244.0,4.0,530.0,55.0,1
15.0,28.0,75.0,172.0,4.0,860.0,85.0,1
5.0,2629.0,16.0,252.0,5.0,500.0,331.0,1
17.0,2747.0,248.0,217.0,1.0,960.0,95.0,1
6.0,5477.0,177.0,146.0,3.0,1170.0,58.0,1
5.0,1717.0,16.0,79.0,3.0,660.0,207.0,1
6.0,5477.0,205.0,177.0,6.0,990.0,100.0,1
1.0,2423.0,213.0,208.0,5.0,690.0,190.0,1
8.0,451.0,198.0,16.0,6.0,859.0,81.0,1
15.0,1426.0,268.0,75.0,1.0,365.0,110.0,1
5.0,1268.0,228.0,16.0,3.0,764.0,177.0,1
3.0,1121.0,234.0,104.0,4.0,565.0,136.0,1
12.0,6919.0,82.0,208.0,7.0,912.0,90.0,1
1.0,1147.0,80.0,217.0,6.0,1015.0,155.0,1
15.0,749.0,139.0,79.0,6.0,550.0,185.0,1
4.0,224.0,58.0,96.0,5.0,675.0,92.0,1
5.0,2468.0,252.0,16.0,5.0,1375.0,278.0,1
7.0,363.0,251.0,79.0,7.0,993.0,175.0,1
14.0,1576.0,213.0,60.0,7.0,505.0,113.0,1
5.0,2184.0,261.0,71.0,1.0,600.0,203.0,1
12.0,4491.0,243.0,154.0,3.0,1195.0,49.0,1
6.0,4945.0,16.0,180.0,4.0,530.0,65.0,1
6.0,5192.0,187.0,16.0,7.0,1075.0,120.0,1
8.0,357.0,159.0,16.0,7.0,1138.0,157.0,1
11.0,6352.0,177.0,96.0,5.0,1150.0,164.0,1
10.0,3367.0,80.0,155.0,6.0,525.0,70.0,1
16.0,5926.0,230.0,208.0,7.0,827.0,124.0,1
1.0,1577.0,183.0,208.0,4.0,540.0,200.0,1
8.0,995.0,184.0,35.0,6.0,465.0,133.0,1
1.0,1287.0,80.0,207.0,5.0,580.0,190.0,1
1.0,1201.0,208.0,268.0,6.0,910.0,65.0,1
16.0,5926.0,230.0,208.0,1.0,836.0,124.0,1
15.0,189.0,79.0,217.0,3.0,910.0,115.0,1
0.0,3893.0,109.0,16.0,1.0,360.0,115.0,1
6.0,7134.0,134.0,85.0,5.0,1024.0,97.0,1
2.0,664.0,252.0,80.0,7.0,1085.0,222.0,1
12.0,6377.0,79.0,67.0,4.0,684.0,60.0,1
9.0,195.0,203.0,128.0,7.0,1140.0,33.0,1
15.0,2770.0,202.0,154.0,6.0,485.0,75.0,1
1.0,1507.0,213.0,80.0,4.0,1095.0,190.0,1
6.0,5567.0,16.0,162.0,4.0,600.0,112.0,1
13.0,484.0,79.0,78.0,4.0,653.0,195.0,1
1.0,349.0,80.0,264.0,4.0,1160.0,195.0,1
6.0,5537.0,130.0,16.0,5.0,435.0,162.0,1
13.0,2.0,128.0,208.0,4.0,1035.0,484.0,1
15.0,1818.0,173.0,175.0,6.0,1035.0,175.0,1
14.0,1029.0,45.0,60.0,6.0,725.0,85.0,1
16.0,2094.0,85.0,96.0,3.0,385.0,97.0,1
12.0,4612.0,2.0,261.0,1.0,783.0,92.0,1
2.0,233.0,243.0,252.0,1.0,1025.0,170.0,1
0.0,4069.0,197.0,205.0,7.0,1030.0,75.0,1
1.0,541.0,16.0,80.0,1.0,930.0,155.0,1
10.0,2771.0,80.0,288.0,1.0,930.0,110.0,1
6.0,7309.0,190.0,16.0,7.0,555.0,73.0,1
14.0,209.0,261.0,217.0,3.0,1020.0,98.0,1
14.0,1849.0,216.0,197.0,3.0,1090.0,187.0,1
15.0,2545.0,79.0,202.0,4.0,1300.0,165.0,1
10.0,3378.0,116.0,80.0,4.0,655.0,110.0,1
15.0,2417.0,45.0,241.0,6.0,905.0,165.0,1
6.0,4965.0,180.0,16.0,5.0,560.0,55.0,1
16.0,3045.0,96.0,139.0,1.0,920.0,134.0,1
15.0,996.0,75.0,268.0,4.0,1250.0,95.0,1
17.0,1054.0,161.0,203.0,7.0,780.0,45.0,1
15.0,2254.0,202.0,79.0,1.0,1005.0,140.0,1
1.0,20.0,253.0,148.0,7.0,885.0,325.0,1
4.0,1408.0,60.0,96.0,1.0,1042.0,127.0,1
15.0,157.0,85.0,33.0,3.0,1030.0,100.0,1
8.0,656.0,244.0,16.0,1.0,375.0,138.0,1
1.0,1916.0,80.0,22.0,1.0,495.0,190.0,1
12.0,6990.0,79.0,170.0,6.0,667.0,96.0,1
15.0,3142.0,13.0,75.0,3.0,675.0,65.0,1
5.0,2020.0,154.0,177.0,5.0,743.0,221.0,1
7.0,110.0,79.0,197.0,3.0,400.0,117.0,1
12.0,4714.0,67.0,261.0,7.0,385.0,73.0,1
12.0,6267.0,253.0,100.0,1.0,1065.0,56.0,1
5.0,1718.0,173.0,16.0,5.0,510.0,108.0,1
10.0,3450.0,290.0,80.0,3.0,360.0,70.0,1
15.0,1554.0,154.0,217.0,6.0,770.0,80.0,1
15.0,1268.0,153.0,243.0,3.0,790.0,65.0,1
5.0,2573.0,16.0,183.0,1.0,450.0,115.0,1
15.0,921.0,182.0,45.0,1.0,1010.0,100.0,1
5.0,2241.0,261.0,154.0,5.0,910.0,115.0,1
15.0,863.0,172.0,175.0,1.0,680.0,80.0,1
17.0,2856.0,217.0,103.0,5.0,660.0,69.0,1
13.0,328.0,154.0,79.0,7.0,432.0,153.0,1
1.0,1264.0,80.0,18.0,3.0,685.0,55.0,1
9.0,44.0,128.0,258.0,1.0,840.0,305.0,1
4.0,1041.0,243.0,135.0,7.0,500.0,183.0,1
5.0,1009.0,197.0,16.0,5.0,550.0,154.0,1
15.0,1451.0,129.0,154.0,3.0,645.0,230.0,1
3.0,1126.0,104.0,233.0,4.0,745.0,119.0,1
6.0,5064.0,16.0,58.0,1.0,825.0,109.0,1
12.0,6855.0,79.0,162.0,4.0,1221.0,116.0,1
4.0,669.0,253.0,135.0,1.0,520.0,226.0,1
5.0,1176.0,16.0,60.0,3.0,450.0,75.0,1
12.0,6446.0,154.0,263.0,3.0,976.0,56.0,1
15.0,2982.0,147.0,33.0,3.0,630.0,95.0,1
13.0,786.0,197.0,208.0,1.0,664.0,81.0,1
15.0,3949.0,61.0,175.0,1.0,860.0,70.0,1
3.0,339.0,134.0,173.0,6.0,660.0,135.0,1
3.0,1147.0,42.0,173.0,7.0,566.0,196.0,1
12.0,6542.0,83.0,79.0,1.0,696.0,58.0,1
12.0,4567.0,261.0,244.0,6.0,1075.0,160.0,1
16.0,2737.0,121.0,96.0,7.0,1052.0,117.0,1
10.0,4654.0,159.0,16.0,4.0,585.0,165.0,1
1.0,285.0,154.0,161.0,7.0,985.0,355.0,1
13.0,934.0,128.0,154.0,4.0,420.0,343.0,1
15.0,1128.0,182.0,216.0,5.0,830.0,95.0,1
13.0,800.0,253.0,236.0,6.0,1365.0,67.0,1
1.0,590.0,243.0,208.0,4.0,885.0,235.0,1
9.0,336.0,128.0,203.0,3.0,805.0,39.0,1
10.0,3331.0,80.0,120.0,6.0,505.0,145.0,1
15.0,297.0,182.0,153.0,1.0,610.0,375.0,1
1.0,1418.0,243.0,80.0,4.0,450.0,175.0,1
13.0,412.0,244.0,134.0,6.0,714.0,201.0,1
14.0,1525.0,104.0,60.0,1.0,390.0,115.0,1
15.0,108.0,162.0,75.0,7.0,1160.0,65.0,1
13.0,275.0,208.0,172.0,7.0,1052.0,98.0,1
7.0,505.0,79.0,252.0,7.0,735.0,173.0,1
1.0,2527.0,80.0,261.0,5.0,895.0,170.0,1
4.0,215.0,135.0,80.0,5.0,810.0,69.0,1
5.0,2765.0,233.0,85.0,3.0,762.0,116.0,1
10.0,2853.0,80.0,254.0,3.0,1120.0,75.0,1
6.0,5485.0,174.0,16.0,4.0,645.0,130.0,1
15.0,1121.0,45.0,61.0,3.0,795.0,80.0,1
2.0,225.0,253.0,214.0,7.0,1220.0,103.0,1
1.0,1951.0,80.0,262.0,5.0,1265.0,225.0,1
5.0,1868.0,154.0,197.0,1.0,470.0,221.0,1
10.0,4291.0,139.0,208.0,5.0,1145.0,80.0,1
6.0,4999.0,35.0,78.0,1.0,575.0,109.0,1
10.0,4540.0,61.0,159.0,3.0,795.0,105.0,1
15.0,496.0,79.0,134.0,3.0,620.0,195.0,1
13.0,482.0,253.0,79.0,5.0,1146.0,146.0,1
3.0,522.0,173.0,96.0,5.0,645.0,151.0,1
6.0,5442.0,96.0,177.0,5.0,640.0,190.0,1
11.0,6755.0,35.0,233.0,1.0,450.0,140.0,1
10.0,3319.0,80.0,113.0,5.0,600.0,45.0,1
5.0,1474.0,197.0,153.0,1.0,680.0,212.0,1
15.0,1669.0,217.0,258.0,1.0,600.0,120.0,1
6.0,5303.0,16.0,10.0,7.0,1125.0,107.0,1
13.0,311.0,96.0,79.0,6.0,480.0,279.0,1
6.0,7081.0,134.0,76.0,5.0,755.0,88.0,1
15.0,805.0,198.0,75.0,1.0,415.0,85.0,1
3.0,134.0,241.0,148.0,7.0,562.0,158.0,1
16.0,2657.0,96.0,290.0,1.0,945.0,205.0,1
12.0,6661.0,191.0,253.0,4.0,1003.0,33.0,1
15.0,2284.0,153.0,202.0,6.0,480.0,90.0,1
15.0,1992.0,244.0,217.0,1.0,515.0,150.0,1
1.0,1530.0,183.0,159.0,5.0,870.0,179.0,1
2.0,190.0,98.0,14.0,1.0,1050.0,64.0,1
1.0,1543.0,80.0,244.0,6.0,705.0,65.0,1
10.0,4049.0,208.0,139.0,1.0,895.0,60.0,1
10.0,2875.0,80.0,290.0,6.0,1335.0,60.0,1
5.0,2558.0,16.0,139.0,5.0,1230.0,90.0,1
10.0,3247.0,80.0,162.0,4.0,1050.0,70.0,1
4.0,1569.0,253.0,135.0,1.0,655.0,224.0,1
15.0,807.0,202.0,34.0,4.0,545.0,90.0,1
15.0,1134.0,159.0,45.0,5.0,440.0,70.0,1
13.0,523.0,79.0,217.0,1.0,920.0,117.0,1
10.0,2876.0,242.0,80.0,5.0,735.0,95.0,1
13.0,79.0,253.0,128.0,3.0,1140.0,333.0,1
6.0,5157.0,268.0,177.0,7.0,395.0,72.0,1
1.0,1874.0,80.0,96.0,4.0,575.0,200.0,1
5.0,2509.0,117.0,85.0,1.0,726.0,78.0,1
0.0,4370.0,245.0,16.0,3.0,1092.0,82.0,1
6.0,4968.0,16.0,101.0,7.0,1310.0,76.0,1
2.0,637.0,217.0,252.0,5.0,1220.0,180.0,1
12.0,4770.0,261.0,67.0,6.0,1200.0,70.0,1
15.0,721.0,207.0,258.0,6.0,600.0,70.0,1
5.0,1068.0,280.0,197.0,7.0,856.0,189.0,1
1.0,1307.0,33.0,154.0,4.0,1030.0,260.0,1
15.0,1656.0,34.0,214.0,7.0,610.0,75.0,1
3.0,677.0,148.0,154.0,3.0,1119.0,376.0,1
5.0,2574.0,104.0,159.0,6.0,657.0,182.0,1
11.0,6403.0,148.0,268.0,6.0,1175.0,175.0,1
1.0,1952.0,2.0,80.0,6.0,715.0,100.0,1
12.0,4755.0,197.0,136.0,7.0,865.0,110.0,1
16.0,5987.0,208.0,20.0,5.0,850.0,105.0,1
8.0,406.0,16.0,139.0,1.0,837.0,93.0,1
15.0,358.0,2.0,252.0,7.0,1005.0,200.0,1
15.0,2120.0,2.0,153.0,6.0,1075.0,100.0,1
17.0,2864.0,103.0,217.0,3.0,1150.0,71.0,1
11.0,6419.0,71.0,268.0,7.0,575.0,94.0,1
5.0,2513.0,197.0,16.0,1.0,380.0,167.0,1
12.0,6727.0,199.0,79.0,3.0,384.0,63.0,1
1.0,1978.0,178.0,80.0,1.0,951.0,95.0,1
8.0,68.0,16.0,134.0,7.0,1043.0,100.0,1
17.0,7275.0,233.0,208.0,5.0,570.0,140.0,1
6.0,5603.0,16.0,158.0,4.0,500.0,108.0,1
0.0,4095.0,107.0,197.0,5.0,1015.0,68.0,1
17.0,2618.0,60.0,251.0,4.0,600.0,92.0,1
1.0,1910.0,154.0,153.0,5.0,705.0,75.0,1
10.0,3252.0,190.0,80.0,3.0,910.0,110.0,1
12.0,6457.0,253.0,264.0,3.0,765.0,88.0,1
15.0,317.0,34.0,153.0,4.0,655.0,100.0,1
12.0,6263.0,253.0,100.0,5.0,618.0,61.0,1
12.0,6285.0,179.0,79.0,1.0,360.0,155.0,1
15.0,2441.0,45.0,173.0,1.0,450.0,145.0,1
13.0,675.0,208.0,79.0,7.0,490.0,174.0,1
12.0,6370.0,253.0,232.0,3.0,1265.0,91.0,1
7.0,488.0,184.0,173.0,4.0,458.0,169.0,1
15.0,3595.0,228.0,104.0,1.0,495.0,205.0,1
10.0,2888.0,68.0,80.0,4.0,735.0,80.0,1
1.0,1285.0,80.0,264.0,5.0,890.0,195.0,1
4.0,1512.0,258.0,135.0,5.0,740.0,220.0,1
12.0,6536.0,254.0,208.0,5.0,1015.0,95.0,1
15.0,1235.0,2.0,154.0,5.0,960.0,125.0,1
6.0,5438.0,162.0,177.0,4.0,700.0,62.0,1
15.0,437.0,173.0,251.0,1.0,500.0,130.0,1
0.0,3923.0,135.0,177.0,3.0,360.0,95.0,1
15.0,795.0,277.0,172.0,3.0,840.0,175.0,1
12.0,6433.0,80.0,154.0,4.0,1160.0,205.0,1
16.0,2436.0,147.0,135.0,3.0,695.0,149.0,1
14.0,622.0,217.0,153.0,1.0,965.0,70.0,1
6.0,5505.0,16.0,162.0,1.0,962.0,103.0,1
10.0,4134.0,22.0,208.0,3.0,710.0,165.0,1
5.0,379.0,43.0,16.0,7.0,817.0,136.0,1
5.0,1306.0,280.0,16.0,7.0,862.0,203.0,1
5.0,1899.0,33.0,16.0,6.0,952.0,72.0,1
7.0,860.0,217.0,79.0,4.0,1237.0,103.0,1
15.0,28.0,87.0,129.0,5.0,630.0,115.0,1
17.0,2719.0,217.0,246.0,3.0,673.0,97.0,1
4.0,1100.0,96.0,35.0,4.0,1011.0,79.0,1
12.0,6423.0,55.0,253.0,6.0,360.0,65.0,1
12.0,4511.0,261.0,252.0,6.0,845.0,130.0,1
16.0,2773.0,135.0,146.0,4.0,840.0,74.0,1
15.0,1973.0,85.0,45.0,6.0,470.0,100.0,1
5.0,22.0,252.0,16.0,7.0,701.0,284.0,1
17.0,7281.0,147.0,134.0,3.0,589.0,107.0,1
6.0,5477.0,205.0,177.0,5.0,990.0,100.0,1
2.0,512.0,252.0,264.0,5.0,870.0,159.0,1
6.0,5074.0,16.0,69.0,3.0,964.0,84.0,1
1.0,1918.0,277.0,208.0,6.0,950.0,170.0,1
16.0,5911.0,218.0,208.0,3.0,863.0,58.0,1
0.0,3761.0,142.0,85.0,3.0,1000.0,94.0,1
16.0,2208.0,172.0,96.0,3.0,380.0,157.0,1
2.0,470.0,252.0,154.0,4.0,910.0,157.0,1
12.0,4882.0,197.0,56.0,5.0,620.0,72.0,1
1.0,2243.0,221.0,80.0,4.0,745.0,190.0,1
16.0,5920.0,58.0,134.0,3.0,1197.0,74.0,1
12.0,6900.0,107.0,208.0,7.0,1108.0,108.0,1
15.0,1894.0,252.0,111.0,6.0,1155.0,60.0,1
16.0,2335.0,96.0,172.0,6.0,510.0,199.0,1
1.0,559.0,16.0,80.0,5.0,1085.0,155.0,1
10.0,4371.0,205.0,208.0,4.0,800.0,95.0,1
1.0,559.0,16.0,80.0,7.0,1085.0,155.0,1
5.0,115.0,16.0,197.0,3.0,1050.0,164.0,1
6.0,5192.0,16.0,187.0,4.0,988.0,117.0,1
5.0,1909.0,16.0,74.0,7.0,580.0,92.0,1
14.0,741.0,216.0,260.0,3.0,1065.0,224.0,1
15.0,888.0,44.0,202.0,6.0,435.0,75.0,1
12.0,7760.0,261.0,89.0,1.0,680.0,75.0,1
6.0,5572.0,120.0,16.0,4.0,585.0,88.0,1
12.0,6324.0,196.0,79.0,7.0,432.0,120.0,1
8.0,124.0,277.0,16.0,6.0,1125.0,95.0,1
14.0,145.0,264.0,217.0,5.0,765.0,76.0,1
6.0,7132.0,47.0,134.0,7.0,370.0,83.0,1
16.0,5986.0,208.0,120.0,6.0,688.0,104.0,1
14.0,1461.0,234.0,60.0,3.0,1074.0,81.0,1
15.0,242.0,173.0,221.0,5.0,785.0,135.0,1
6.0,5180.0,35.0,78.0,6.0,755.0,105.0,1
4.0,1621.0,135.0,178.0,4.0,860.0,73.0,1
1.0,2066.0,65.0,80.0,3.0,970.0,110.0,1
4.0,1545.0,58.0,135.0,3.0,898.0,187.0,1
1.0,669.0,60.0,80.0,4.0,750.0,175.0,1
13.0,533.0,134.0,79.0,7.0,1311.0,256.0,1
15.0,755.0,228.0,45.0,1.0,500.0,80.0,1
8.0,230.0,234.0,16.0,5.0,651.0,105.0,1
15.0,159.0,243.0,153.0,6.0,520.0,70.0,1
4.0,644.0,135.0,58.0,3.0,1135.0,157.0,1
5.0,1831.0,261.0,173.0,4.0,605.0,257.0,1
14.0,680.0,60.0,96.0,6.0,800.0,114.0,1
8.0,1241.0,19.0,173.0,4.0,858.0,98.0,1
8.0,777.0,16.0,153.0,4.0,660.0,285.0,1
15.0,986.0,264.0,153.0,4.0,1240.0,60.0,1
15.0,1717.0,75.0,91.0,7.0,1040.0,110.0,1
8.0,186.0,16.0,78.0,6.0,620.0,105.0,1
15.0,391.0,172.0,217.0,1.0,515.0,190.0,1
13.0,653.0,217.0,208.0,4.0,767.0,204.0,1
17.0,2619.0,60.0,33.0,3.0,1085.0,91.0,1
13.0,350.0,208.0,234.0,5.0,794.0,119.0,1
0.0,3755.0,272.0,85.0,6.0,360.0,120.0,1
10.0,2815.0,80.0,245.0,3.0,1075.0,130.0,1
14.0,1064.0,216.0,43.0,3.0,1235.0,68.0,1
5.0,2194.0,213.0,16.0,7.0,475.0,121.0,1
0.0,4332.0,177.0,16.0,3.0,716.0,88.0,1
5.0,2033.0,16.0,198.0,6.0,970.0,100.0,1
2.0,313.0,253.0,252.0,7.0,1050.0,120.0,1
8.0,20.0,16.0,175.0,5.0,945.0,115.0,1
10.0,2887.0,80.0,56.0,1.0,620.0,120.0,1
8.0,1206.0,234.0,173.0,5.0,420.0,131.0,1
4.0,1563.0,241.0,135.0,4.0,395.0,150.0,1
5.0,2612.0,197.0,214.0,5.0,1040.0,225.0,1
0.0,3660.0,177.0,221.0,4.0,855.0,112.0,1
5.0,2238.0,16.0,78.0,3.0,800.0,97.0,1
11.0,6447.0,45.0,71.0,4.0,1065.0,115.0,1
15.0,2012.0,236.0,258.0,3.0,620.0,60.0,1
5.0,2001.0,35.0,16.0,6.0,810.0,176.0,1
11.0,6604.0,71.0,22.0,4.0,915.0,119.0,1
12.0,4443.0,71.0,184.0,3.0,1235.0,75.0,1
14.0,1226.0,96.0,60.0,1.0,495.0,125.0,1
6.0,5051.0,27.0,16.0,1.0,780.0,75.0,1
13.0,212.0,79.0,135.0,5.0,1055.0,143.0,1
12.0,6711.0,79.0,218.0,4.0,1168.0,121.0,1
12.0,6668.0,137.0,79.0,4.0,460.0,102.0,1
14.0,1631.0,78.0,60.0,4.0,419.0,95.0,1
5.0,1738.0,16.0,78.0,1.0,1100.0,104.0,1
15.0,1775.0,233.0,216.0,4.0,855.0,80.0,1
4.0,1648.0,135.0,104.0,4.0,960.0,144.0,1
1.0,982.0,183.0,78.0,6.0,1100.0,145.0,1
6.0,5188.0,162.0,16.0,7.0,1105.0,103.0,1
5.0,1504.0,172.0,85.0,4.0,360.0,118.0,1
7.0,834.0,252.0,79.0,5.0,893.0,152.0,1
17.0,2914.0,24.0,217.0,7.0,723.0,92.0,1
5.0,2499.0,197.0,217.0,6.0,545.0,207.0,1
5.0,1634.0,148.0,16.0,3.0,690.0,158.0,1
0.0,4257.0,35.0,233.0,4.0,735.0,135.0,1
14.0,1710.0,60.0,173.0,7.0,782.0,98.0,1
4.0,476.0,260.0,96.0,3.0,800.0,250.0,1
6.0,5298.0,85.0,121.0,3.0,630.0,109.0,1
10.0,2718.0,84.0,80.0,1.0,605.0,125.0,1
13.0,735.0,204.0,79.0,3.0,818.0,106.0,1
10.0,4697.0,85.0,159.0,6.0,360.0,100.0,1
9.0,323.0,128.0,161.0,4.0,1306.0,36.0,1
15.0,1723.0,253.0,243.0,5.0,1015.0,85.0,1
12.0,6570.0,79.0,132.0,5.0,628.0,148.0,1
10.0,3701.0,78.0,208.0,6.0,945.0,125.0,1
14.0,86.0,205.0,217.0,7.0,360.0,175.0,1
0.0,4094.0,221.0,197.0,1.0,538.0,162.0,1
1.0,2026.0,264.0,80.0,6.0,760.0,170.0,1
14.0,2183.0,159.0,78.0,3.0,1020.0,76.0,1
1.0,1402.0,18.0,80.0,4.0,1075.0,65.0,1
6.0,5503.0,129.0,16.0,3.0,465.0,118.0,1
1.0,1246.0,80.0,183.0,3.0,850.0,160.0,1
3.0,327.0,22.0,104.0,6.0,886.0,192.0,1
10.0,4204.0,208.0,205.0,7.0,910.0,95.0,1
10.0,4355.0,204.0,208.0,4.0,400.0,135.0,1
10.0,3785.0,208.0,135.0,4.0,1240.0,165.0,1
15.0,794.0,45.0,35.0,3.0,580.0,80.0,1
3.0,1007.0,35.0,148.0,6.0,552.0,70.0,1
16.0,2528.0,182.0,58.0,4.0,365.0,119.0,1
12.0,6511.0,154.0,100.0,7.0,1256.0,58.0,1
6.0,5243.0,16.0,180.0,3.0,950.0,57.0,1
16.0,5956.0,208.0,117.0,3.0,1280.0,52.0,1
9.0,506.0,128.0,203.0,6.0,860.0,39.0,1
10.0,2887.0,80.0,56.0,4.0,620.0,120.0,1
13.0,663.0,79.0,153.0,4.0,1302.0,122.0,1
15.0,1308.0,268.0,241.0,1.0,1070.0,145.0,1
15.0,326.0,277.0,213.0,5.0,1035.0,55.0,1
15.0,1689.0,243.0,202.0,6.0,720.0,85.0,1
10.0,3646.0,147.0,183.0,3.0,1150.0,80.0,1
1.0,309.0,159.0,208.0,3.0,479.0,165.0,1
15.0,1783.0,33.0,61.0,4.0,1200.0,70.0,1
4.0,434.0,217.0,96.0,4.0,1415.0,264.0,1
10.0,3315.0,80.0,146.0,5.0,400.0,80.0,1
16.0,5982.0,208.0,251.0,4.0,973.0,72.0,1
14.0,1910.0,60.0,159.0,6.0,595.0,115.0,1
5.0,1125.0,215.0,16.0,3.0,375.0,116.0,1
15.0,119.0,216.0,228.0,7.0,670.0,70.0,1
0.0,3885.0,85.0,216.0,6.0,915.0,105.0,1
5.0,1830.0,261.0,148.0,3.0,1020.0,271.0,1
16.0,2790.0,135.0,290.0,4.0,606.0,81.0,1
13.0,742.0,252.0,79.0,1.0,1025.0,160.0,1
0.0,3827.0,228.0,85.0,4.0,1095.0,143.0,1
2.0,889.0,243.0,203.0,6.0,570.0,350.0,1
15.0,644.0,153.0,44.0,5.0,895.0,70.0,1
1.0,2098.0,208.0,35.0,5.0,935.0,130.0,1
12.0,6615.0,122.0,79.0,7.0,829.0,112.0,1
14.0,162.0,60.0,243.0,3.0,475.0,317.0,1
3.0,1439.0,253.0,160.0,1.0,1079.0,80.0,1
1.0,34.0,154.0,148.0,5.0,510.0,322.0,1
15.0,1172.0,197.0,217.0,5.0,960.0,210.0,1
16.0,2321.0,71.0,135.0,5.0,705.0,159.0,1
13.0,922.0,208.0,134.0,6.0,360.0,108.0,1
1.0,2227.0,148.0,153.0,6.0,1165.0,360.0,1
8.0,661.0,16.0,130.0,5.0,1060.0,139.0,1
15.0,458.0,202.0,207.0,5.0,420.0,70.0,1
4.0,1014.0,80.0,135.0,4.0,430.0,66.0,1
3.0,1290.0,221.0,35.0,7.0,431.0,94.0,1
15.0,3106.0,198.0,45.0,6.0,940.0,140.0,1
10.0,4328.0,208.0,162.0,1.0,690.0,110.0,1
4.0,1717.0,135.0,243.0,5.0,1260.0,208.0,1
8.0,1251.0,157.0,173.0,5.0,1104.0,115.0,1
14.0,5.0,208.0,216.0,7.0,1135.0,119.0,1
12.0,4778.0,252.0,261.0,6.0,1005.0,113.0,1
15.0,3588.0,79.0,175.0,3.0,1175.0,135.0,1
15.0,45.0,75.0,129.0,1.0,1050.0,65.0,1
14.0,96.0,221.0,216.0,3.0,1245.0,71.0,1
5.0,2627.0,85.0,198.0,3.0,916.0,162.0,1
15.0,1141.0,155.0,75.0,3.0,580.0,65.0,1
1.0,1794.0,100.0,80.0,1.0,405.0,195.0,1
15.0,3512.0,261.0,79.0,1.0,440.0,90.0,1
4.0,394.0,154.0,135.0,5.0,705.0,191.0,1
1.0,1541.0,233.0,183.0,7.0,1190.0,130.0,1
14.0,735.0,216.0,60.0,7.0,935.0,108.0,1
15.0,2898.0,217.0,2.0,5.0,480.0,65.0,1
12.0,6416.0,253.0,2.0,5.0,904.0,137.0,1
3.0,524.0,173.0,96.0,7.0,1172.0,148.0,1
8.0,703.0,16.0,76.0,6.0,1010.0,82.0,1
2.0,66.0,149.0,252.0,3.0,1200.0,138.0,1
12.0,6296.0,79.0,207.0,5.0,573.0,142.0,1
1.0,1164.0,80.0,198.0,3.0,420.0,80.0,1
8.0,923.0,172.0,16.0,1.0,390.0,125.0,1
16.0,5999.0,279.0,208.0,1.0,863.0,117.0,1
8.0,79.0,16.0,104.0,5.0,1330.0,114.0,1
2.0,153.0,206.0,14.0,5.0,1267.0,88.0,1
14.0,27.0,173.0,217.0,7.0,435.0,298.0,1
12.0,6361.0,34.0,79.0,7.0,715.0,109.0,1
0.0,3990.0,177.0,254.0,3.0,560.0,75.0,1
12.0,6592.0,56.0,208.0,4.0,906.0,74.0,1
13.0,235.0,79.0,154.0,7.0,1074.0,156.0,1
12.0,6274.0,177.0,208.0,7.0,635.0,110.0,1
1.0,39.0,253.0,128.0,4.0,495.0,345.0,1
14.0,1838.0,233.0,216.0,6.0,545.0,80.0,1
12.0,4452.0,261.0,168.0,5.0,1310.0,91.0,1
14.0,1093.0,233.0,216.0,3.0,695.0,83.0,1
15.0,199.0,217.0,262.0,5.0,1190.0,125.0,1
5.0,1006.0,154.0,198.0,1.0,48.0,220.0,1
5.0,1748.0,85.0,159.0,5.0,535.0,119.0,1
14.0,1288.0,233.0,216.0,3.0,430.0,82.0,1
14.0,1840.0,60.0,221.0,3.0,1090.0,89.0,1
15.0,1175.0,264.0,202.0,5.0,405.0,105.0,1
11.0,6298.0,71.0,85.0,1.0,801.0,84.0,1
8.0,1103.0,241.0,61.0,1.0,639.0,139.0,1
15.0,174.0,79.0,104.0,1.0,1020.0,230.0,1
2.0,326.0,252.0,258.0,3.0,775.0,127.0,1
3.0,107.0,43.0,148.0,1.0,350.0,83.0,1
12.0,4565.0,202.0,261.0,7.0,365.0,101.0,1
6.0,5075.0,16.0,135.0,7.0,548.0,142.0,1
3.0,259.0,104.0,160.0,1.0,961.0,342.0,1
5.0,2227.0,16.0,104.0,1.0,965.0,114.0,1
11.0,6540.0,204.0,177.0,3.0,1014.0,88.0,1
15.0,24.0,27.0,33.0,4.0,915.0,55.0,1
3.0,331.0,22.0,173.0,3.0,522.0,178.0,1
15.0,2893.0,204.0,172.0,6.0,575.0,70.0,1
15.0,1124.0,204.0,268.0,4.0,960.0,85.0,1
15.0,944.0,170.0,153.0,1.0,995.0,145.0,1
12.0,6726.0,79.0,145.0,5.0,682.0,93.0,1
16.0,2292.0,27.0,135.0,1.0,1054.0,111.0,1
11.0,6572.0,61.0,85.0,6.0,1060.0,65.0,1
15.0,3763.0,202.0,261.0,4.0,410.0,105.0,1
14.0,604.0,217.0,153.0,7.0,885.0,72.0,1
3.0,26.0,104.0,148.0,1.0,425.0,160.0,1
1.0,119.0,96.0,154.0,5.0,1090.0,380.0,1
6.0,5329.0,288.0,16.0,5.0,1030.0,79.0,1
4.0,269.0,253.0,135.0,7.0,15.0,203.0,1
17.0,2634.0,60.0,209.0,5.0,453.0,65.0,1
6.0,5267.0,48.0,16.0,5.0,420.0,129.0,1
14.0,4.0,217.0,153.0,1.0,680.0,75.0,1
6.0,4952.0,97.0,16.0,3.0,480.0,123.0,1
8.0,204.0,48.0,16.0,7.0,950.0,113.0,1
15.0,170.0,217.0,33.0,3.0,1040.0,195.0,1
13.0,876.0,252.0,79.0,4.0,683.0,152.0,1
4.0,501.0,139.0,135.0,3.0,390.0,147.0,1
1.0,1695.0,80.0,217.0,3.0,495.0,155.0,1
2.0,672.0,252.0,79.0,1.0,785.0,155.0,1
10.0,2889.0,80.0,68.0,5.0,630.0,80.0,1
8.0,653.0,16.0,244.0,5.0,1260.0,161.0,1
11.0,6319.0,233.0,35.0,6.0,975.0,120.0,1
12.0,4810.0,280.0,261.0,1.0,750.0,110.0,1
12.0,4627.0,127.0,261.0,4.0,785.0,77.0,1
1.0,407.0,208.0,268.0,1.0,405.0,65.0,1
13.0,381.0,22.0,208.0,1.0,370.0,161.0,1
8.0,845.0,16.0,173.0,6.0,1157.0,80.0,1
10.0,4271.0,208.0,233.0,7.0,600.0,120.0,1
12.0,6292.0,194.0,154.0,6.0,1221.0,71.0,1
1.0,3.0,148.0,154.0,7.0,715.0,375.0,1
8.0,1418.0,241.0,48.0,6.0,1008.0,149.0,1
10.0,3622.0,209.0,183.0,7.0,985.0,155.0,1
4.0,1435.0,96.0,217.0,4.0,720.0,332.0,1
15.0,2892.0,175.0,172.0,1.0,1025.0,90.0,1
15.0,1753.0,104.0,173.0,5.0,760.0,60.0,1
15.0,2051.0,58.0,175.0,6.0,1045.0,80.0,1
5.0,1449.0,134.0,16.0,6.0,380.0,131.0,1
1.0,695.0,148.0,18.0,5.0,945.0,260.0,1
12.0,6905.0,208.0,279.0,5.0,587.0,116.0,1
5.0,2524.0,128.0,16.0,6.0,1060.0,515.0,1
10.0,3898.0,78.0,208.0,6.0,750.0,125.0,1
12.0,6485.0,224.0,253.0,6.0,900.0,125.0,1
2.0,552.0,252.0,227.0,5.0,540.0,159.0,1
16.0,5933.0,208.0,162.0,4.0,499.0,107.0,1
3.0,689.0,35.0,78.0,1.0,1050.0,102.0,1
15.0,1381.0,175.0,172.0,1.0,825.0,90.0,1
17.0,2618.0,60.0,251.0,5.0,600.0,92.0,1
4.0,786.0,135.0,173.0,3.0,815.0,130.0,1
12.0,4621.0,79.0,261.0,3.0,780.0,90.0,1
15.0,1921.0,75.0,27.0,4.0,460.0,90.0,1
14.0,1675.0,60.0,183.0,7.0,795.0,123.0,1
1.0,16.0,253.0,148.0,1.0,750.0,335.0,1
15.0,3339.0,252.0,261.0,1.0,885.0,115.0,1
11.0,6315.0,173.0,233.0,6.0,565.0,110.0,1
15.0,32.0,75.0,155.0,7.0,920.0,70.0,1
13.0,639.0,208.0,205.0,5.0,1230.0,97.0,1
1.0,541.0,80.0,91.0,6.0,1075.0,105.0,1
10.0,3670.0,275.0,183.0,3.0,775.0,85.0,1
15.0,1615.0,175.0,45.0,5.0,1155.0,110.0,1
1.0,632.0,153.0,80.0,5.0,770.0,155.0,1
12.0,4614.0,79.0,261.0,3.0,625.0,97.0,1
12.0,6700.0,79.0,164.0,7.0,609.0,80.0,1
15.0,549.0,79.0,217.0,5.0,1300.0,120.0,1
0.0,3672.0,155.0,177.0,3.0,705.0,117.0,1
14.0,1878.0,216.0,35.0,1.0,975.0,85.0,1
12.0,6905.0,82.0,208.0,1.0,375.0,90.0,1
13.0,242.0,208.0,228.0,5.0,790.0,136.0,1
15.0,220.0,129.0,170.0,5.0,530.0,85.0,1
14.0,1924.0,60.0,45.0,7.0,700.0,85.0,1
16.0,2499.0,135.0,2.0,1.0,785.0,130.0,1
9.0,18.0,128.0,153.0,3.0,925.0,345.0,1
5.0,2725.0,197.0,261.0,5.0,865.0,169.0,1
15.0,2855.0,79.0,153.0,7.0,695.0,120.0,1
15.0,831.0,217.0,214.0,5.0,820.0,175.0,1
5.0,1033.0,16.0,198.0,5.0,1220.0,96.0,1
16.0,2097.0,135.0,65.0,4.0,905.0,139.0,1
1.0,268.0,252.0,148.0,6.0,435.0,315.0,1
11.0,6298.0,71.0,85.0,7.0,801.0,84.0,1
14.0,2162.0,78.0,159.0,6.0,480.0,74.0,1
1.0,1789.0,80.0,243.0,7.0,535.0,190.0,1
0.0,3653.0,135.0,16.0,7.0,766.0,132.0,1
5.0,1469.0,16.0,173.0,4.0,1215.0,85.0,1
8.0,62.0,16.0,134.0,1.0,525.0,102.0,1
16.0,2427.0,135.0,155.0,5.0,860.0,90.0,1
1.0,489.0,216.0,183.0,4.0,1115.0,185.0,1
13.0,802.0,79.0,173.0,6.0,607.0,215.0,1
6.0,5005.0,177.0,79.0,7.0,815.0,155.0,1
0.0,3753.0,177.0,147.0,4.0,870.0,104.0,1
13.0,920.0,79.0,261.0,7.0,676.0,87.0,1
12.0,7761.0,89.0,261.0,4.0,1029.0,66.0,1
7.0,370.0,79.0,184.0,6.0,630.0,133.0,1
5.0,1568.0,154.0,197.0,7.0,1130.0,209.0,1
1.0,1715.0,208.0,153.0,4.0,785.0,250.0,1
16.0,2308.0,135.0,38.0,1.0,920.0,68.0,1
10.0,3157.0,242.0,154.0,6.0,805.0,130.0,1
15.0,40.0,173.0,87.0,3.0,765.0,75.0,1
14.0,1701.0,60.0,78.0,1.0,695.0,76.0,1
6.0,5085.0,95.0,16.0,1.0,965.0,99.0,1
11.0,6386.0,148.0,45.0,6.0,1140.0,93.0,1
1.0,2585.0,35.0,183.0,5.0,495.0,220.0,1
15.0,126.0,104.0,33.0,3.0,1080.0,145.0,1
12.0,6736.0,79.0,230.0,4.0,480.0,67.0,1
4.0,1402.0,96.0,154.0,1.0,510.0,377.0,1
10.0,3368.0,162.0,80.0,5.0,510.0,80.0,1
15.0,1444.0,2.0,153.0,6.0,880.0,100.0,1
14.0,254.0,217.0,216.0,1.0,480.0,263.0,1
14.0,577.0,277.0,217.0,3.0,1050.0,278.0,1
16.0,3021.0,233.0,135.0,5.0,895.0,179.0,1
15.0,2801.0,27.0,277.0,4.0,565.0,85.0,1
4.0,692.0,96.0,173.0,6.0,665.0,163.0,1
15.0,575.0,175.0,172.0,6.0,545.0,90.0,1
15.0,1717.0,75.0,91.0,3.0,1040.0,110.0,1
12.0,6439.0,72.0,86.0,5.0,1401.0,38.0,1
5.0,1434.0,16.0,146.0,6.0,1365.0,79.0,1
5.0,2454.0,154.0,16.0,6.0,1365.0,253.0,1
1.0,1273.0,80.0,236.0,4.0,565.0,220.0,1
15.0,945.0,217.0,264.0,7.0,1005.0,75.0,1
12.0,6893.0,253.0,227.0,7.0,567.0,83.0,1
15.0,1920.0,104.0,175.0,4.0,900.0,195.0,1
15.0,928.0,61.0,153.0,5.0,480.0,280.0,1
10.0,2919.0,80.0,41.0,3.0,620.0,80.0,1
10.0,3263.0,80.0,118.0,6.0,1295.0,50.0,1
14.0,1440.0,60.0,78.0,1.0,580.0,76.0,1
15.0,519.0,241.0,173.0,3.0,770.0,50.0,1
16.0,5915.0,99.0,208.0,1.0,633.0,112.0,1
0.0,4089.0,281.0,85.0,5.0,618.0,67.0,1
15.0,1070.0,175.0,43.0,1.0,680.0,85.0,1
8.0,31.0,175.0,16.0,7.0,1120.0,115.0,1
15.0,624.0,262.0,154.0,4.0,1245.0,80.0,1
13.0,857.0,154.0,253.0,4.0,562.0,94.0,1
12.0,6672.0,208.0,265.0,4.0,1028.0,51.0,1
13.0,708.0,253.0,217.0,6.0,636.0,120.0,1
8.0,727.0,184.0,80.0,1.0,540.0,145.0,1
12.0,6675.0,100.0,79.0,5.0,872.0,134.0,1
8.0,785.0,173.0,215.0,4.0,935.0,107.0,1
5.0,2080.0,252.0,85.0,5.0,565.0,260.0,1
16.0,2107.0,85.0,96.0,6.0,1020.0,107.0,1
3.0,436.0,173.0,35.0,5.0,1250.0,159.0,1
7.0,386.0,79.0,104.0,6.0,510.0,227.0,1
3.0,1423.0,214.0,160.0,6.0,875.0,132.0,1
5.0,1755.0,16.0,154.0,3.0,685.0,305.0,1
11.0,6269.0,159.0,205.0,4.0,1200.0,212.0,1
16.0,3090.0,18.0,135.0,5.0,722.0,56.0,1
15.0,858.0,175.0,153.0,7.0,1255.0,250.0,1
14.0,1766.0,60.0,78.0,5.0,890.0,80.0,1
12.0,7025.0,16.0,134.0,5.0,584.0,115.0,1
12.0,6625.0,46.0,79.0,6.0,618.0,96.0,1
6.0,5515.0,157.0,177.0,7.0,740.0,87.0,1
12.0,6632.0,254.0,79.0,7.0,803.0,131.0,1
4.0,1178.0,208.0,96.0,5.0,405.0,123.0,1
16.0,2484.0,172.0,58.0,3.0,935.0,112.0,1
14.0,1061.0,216.0,104.0,1.0,595.0,176.0,1
0.0,4334.0,147.0,71.0,5.0,960.0,122.0,1
9.0,172.0,161.0,128.0,3.0,849.0,32.0,1
14.0,149.0,217.0,61.0,7.0,599.0,226.0,1
5.0,1930.0,16.0,221.0,6.0,820.0,99.0,1
12.0,3110.0,184.0,48.0,4.0,475.0,78.0,1
14.0,5.0,208.0,216.0,5.0,1135.0,119.0,1
14.0,1490.0,60.0,159.0,5.0,971.0,109.0,1
13.0,444.0,208.0,174.0,5.0,797.0,104.0,1
16.0,2163.0,279.0,135.0,3.0,1080.0,94.0,1
14.0,455.0,217.0,261.0,3.0,510.0,97.0,1
12.0,6469.0,24.0,253.0,7.0,998.0,76.0,1
15.0,861.0,35.0,216.0,5.0,800.0,100.0,1
12.0,6731.0,184.0,79.0,5.0,511.0,185.0,1
6.0,7101.0,134.0,42.0,7.0,737.0,87.0,1
6.0,5037.0,116.0,16.0,4.0,945.0,86.0,1
1.0,2167.0,154.0,80.0,4.0,610.0,180.0,1
5.0,684.0,18.0,16.0,3.0,340.0,134.0,1
8.0,105.0,16.0,80.0,3.0,814.0,147.0,1
1.0,739.0,159.0,80.0,4.0,670.0,245.0,1
16.0,2513.0,182.0,96.0,6.0,620.0,77.0,1
9.0,245.0,203.0,128.0,3.0,872.0,34.0,1
5.0,1640.0,16.0,85.0,4.0,595.0,128.0,1
15.0,1051.0,12.0,45.0,5.0,1035.0,75.0,1
5.0,1420.0,159.0,71.0,3.0,1048.0,139.0,1
15.0,1381.0,85.0,175.0,1.0,790.0,65.0,1
13.0,407.0,79.0,252.0,6.0,1142.0,183.0,1
2.0,635.0,217.0,252.0,6.0,1020.0,185.0,1
15.0,3498.0,154.0,268.0,3.0,840.0,205.0,1
15.0,3047.0,153.0,217.0,5.0,1010.0,70.0,1
15.0,2528.0,173.0,221.0,7.0,620.0,135.0,1
12.0,6263.0,253.0,100.0,6.0,627.0,57.0,1
17.0,2967.0,253.0,153.0,1.0,720.0,92.0,1
8.0,27.0,175.0,16.0,1.0,711.0,109.0,1
3.0,620.0,129.0,148.0,5.0,420.0,199.0,1
14.0,1007.0,60.0,221.0,7.0,1199.0,81.0,1
15.0,859.0,277.0,175.0,3.0,465.0,165.0,1
5.0,2372.0,277.0,16.0,4.0,989.0,95.0,1
16.0,2280.0,135.0,223.0,6.0,1165.0,81.0,1
2.0,896.0,203.0,258.0,4.0,745.0,300.0,1
15.0,3320.0,153.0,198.0,3.0,685.0,200.0,1
5.0,2526.0,104.0,16.0,1.0,400.0,123.0,1
7.0,650.0,253.0,79.0,1.0,380.0,150.0,1
15.0,2032.0,253.0,264.0,7.0,770.0,85.0,1
6.0,5218.0,16.0,279.0,6.0,550.0,133.0,1
6.0,5239.0,16.0,237.0,7.0,970.0,83.0,1
0.0,4227.0,109.0,71.0,7.0,450.0,58.0,1
17.0,1033.0,128.0,150.0,3.0,705.0,40.0,1
13.0,888.0,253.0,154.0,3.0,665.0,95.0,1
0.0,4147.0,175.0,85.0,1.0,651.0,79.0,1
15.0,3846.0,85.0,268.0,1.0,1095.0,105.0,1
15.0,1656.0,214.0,258.0,1.0,650.0,105.0,1
1.0,1646.0,279.0,80.0,4.0,500.0,80.0,1
1.0,1923.0,253.0,154.0,4.0,755.0,85.0,1
5.0,2075.0,43.0,16.0,5.0,1098.0,147.0,1
15.0,657.0,236.0,154.0,3.0,1175.0,85.0,1
15.0,1006.0,91.0,18.0,4.0,735.0,85.0,1
17.0,2660.0,268.0,60.0,7.0,975.0,109.0,1
10.0,4359.0,208.0,61.0,5.0,675.0,70.0,1
15.0,857.0,184.0,45.0,3.0,500.0,120.0,1
2.0,220.0,252.0,253.0,7.0,445.0,126.0,1
14.0,1055.0,221.0,60.0,4.0,1155.0,92.0,1
15.0,1097.0,141.0,173.0,3.0,640.0,170.0,1
12.0,6231.0,214.0,93.0,3.0,795.0,36.0,1
4.0,605.0,204.0,135.0,5.0,380.0,80.0,1
16.0,3054.0,85.0,96.0,3.0,927.0,117.0,1
14.0,1823.0,60.0,213.0,4.0,1205.0,111.0,1
1.0,1143.0,80.0,205.0,4.0,525.0,105.0,1
12.0,7790.0,261.0,271.0,1.0,823.0,71.0,1
3.0,1207.0,130.0,241.0,3.0,900.0,189.0,1
15.0,2593.0,216.0,228.0,6.0,405.0,70.0,1
10.0,3771.0,208.0,135.0,3.0,470.0,165.0,1
15.0,965.0,79.0,173.0,7.0,450.0,210.0,1
6.0,5597.0,11.0,16.0,6.0,507.0,71.0,1
12.0,6249.0,244.0,154.0,4.0,853.0,197.0,1
10.0,4338.0,208.0,85.0,4.0,940.0,80.0,1
15.0,161.0,221.0,175.0,7.0,585.0,90.0,1
15.0,1020.0,205.0,217.0,7.0,865.0,175.0,1
15.0,1684.0,262.0,243.0,5.0,965.0,85.0,1
15.0,794.0,45.0,35.0,4.0,580.0,80.0,1
15.0,1624.0,252.0,79.0,7.0,885.0,160.0,1
15.0,2463.0,258.0,79.0,4.0,1070.0,145.0,1
14.0,711.0,216.0,154.0,3.0,960.0,363.0,1
5.0,2957.0,85.0,184.0,4.0,1045.0,71.0,1
12.0,6717.0,79.0,227.0,7.0,1120.0,135.0,1
8.0,1204.0,241.0,175.0,4.0,676.0,174.0,1
5.0,2804.0,198.0,154.0,7.0,1130.0,265.0,1
16.0,3041.0,135.0,68.0,5.0,615.0,68.0,1
15.0,282.0,91.0,75.0,7.0,1190.0,85.0,1
12.0,4665.0,261.0,137.0,4.0,1290.0,54.0,1
0.0,4086.0,197.0,136.0,4.0,865.0,110.0,1
13.0,112.0,207.0,79.0,1.0,365.0,139.0,1
5.0,302.0,16.0,215.0,7.0,1290.0,96.0,1
8.0,870.0,197.0,16.0,6.0,1084.0,151.0,1
15.0,1502.0,153.0,214.0,7.0,1265.0,140.0,1
15.0,3664.0,129.0,45.0,3.0,450.0,170.0,1
4.0,763.0,135.0,198.0,7.0,1023.0,67.0,1
16.0,2469.0,135.0,68.0,5.0,475.0,65.0,1
11.0,6591.0,78.0,139.0,5.0,890.0,128.0,1
4.0,1535.0,96.0,217.0,5.0,405.0,340.0,1
0.0,4148.0,33.0,71.0,5.0,495.0,73.0,1
12.0,4673.0,111.0,261.0,7.0,986.0,99.0,1
0.0,3674.0,177.0,187.0,7.0,1160.0,90.0,1
15.0,442.0,253.0,175.0,4.0,795.0,255.0,1
12.0,4623.0,261.0,204.0,4.0,827.0,135.0,1
10.0,4503.0,61.0,148.0,5.0,375.0,105.0,1
12.0,6237.0,153.0,100.0,4.0,999.0,88.0,1
15.0,187.0,217.0,104.0,7.0,570.0,250.0,1
0.0,4298.0,177.0,116.0,4.0,575.0,80.0,1
17.0,7304.0,134.0,147.0,6.0,737.0,116.0,1
2.0,600.0,252.0,153.0,5.0,360.0,143.0,1
0.0,4264.0,16.0,139.0,5.0,730.0,98.0,1
4.0,689.0,85.0,135.0,5.0,366.0,189.0,1
8.0,1485.0,85.0,173.0,6.0,839.0,156.0,1
12.0,6540.0,29.0,79.0,5.0,400.0,107.0,1
5.0,1188.0,198.0,16.0,4.0,1050.0,90.0,1
10.0,3930.0,208.0,205.0,4.0,1250.0,95.0,1
15.0,1739.0,153.0,45.0,1.0,580.0,275.0,1
13.0,336.0,154.0,79.0,6.0,782.0,139.0,1
5.0,2644.0,243.0,197.0,1.0,870.0,222.0,1
8.0,722.0,198.0,45.0,5.0,1032.0,139.0,1
12.0,4463.0,197.0,99.0,4.0,685.0,64.0,1
15.0,3771.0,79.0,175.0,4.0,485.0,135.0,1
11.0,6325.0,208.0,71.0,3.0,1035.0,86.0,1
16.0,2615.0,68.0,135.0,3.0,1025.0,72.0,1
15.0,2175.0,173.0,198.0,4.0,695.0,110.0,1
16.0,2569.0,135.0,170.0,4.0,895.0,86.0,1
14.0,520.0,217.0,236.0,5.0,505.0,109.0,1
5.0,1095.0,204.0,16.0,7.0,345.0,127.0,1
12.0,4841.0,261.0,2.0,4.0,1190.0,102.0,1
10.0,2986.0,80.0,11.0,6.0,765.0,130.0,1
8.0,1609.0,173.0,78.0,3.0,1198.0,124.0,1
15.0,2198.0,268.0,58.0,1.0,540.0,95.0,1
15.0,2980.0,202.0,217.0,1.0,455.0,110.0,1
12.0,7793.0,271.0,261.0,4.0,1091.0,67.0,1
1.0,1426.0,243.0,80.0,4.0,575.0,180.0,1
15.0,324.0,175.0,104.0,3.0,910.0,185.0,1
1.0,452.0,183.0,35.0,5.0,405.0,180.0,1
14.0,578.0,253.0,217.0,1.0,360.0,111.0,1
11.0,6522.0,216.0,177.0,4.0,365.0,178.0,1
13.0,95.0,96.0,253.0,3.0,1100.0,387.0,1
1.0,1955.0,80.0,217.0,7.0,1325.0,150.0,1
13.0,90.0,253.0,96.0,4.0,540.0,330.0,1
2.0,245.0,154.0,252.0,5.0,1260.0,160.0,1
0.0,3845.0,85.0,152.0,3.0,525.0,39.0,1
3.0,1207.0,130.0,241.0,4.0,900.0,189.0,1
12.0,4694.0,154.0,153.0,5.0,1170.0,70.0,1
5.0,1551.0,197.0,153.0,3.0,1025.0,206.0,1
12.0,4473.0,2.0,261.0,7.0,1040.0,92.0,1
17.0,1019.0,203.0,128.0,6.0,1135.0,32.0,1
15.0,671.0,175.0,79.0,4.0,965.0,165.0,1
15.0,143.0,221.0,175.0,5.0,870.0,90.0,1
5.0,2216.0,153.0,85.0,4.0,1420.0,229.0,1
12.0,6627.0,195.0,79.0,1.0,619.0,168.0,1
5.0,2958.0,85.0,184.0,6.0,735.0,75.0,1
10.0,4141.0,208.0,172.0,5.0,1045.0,100.0,1
8.0,815.0,45.0,35.0,3.0,990.0,87.0,1
1.0,590.0,243.0,208.0,6.0,885.0,235.0,1
15.0,102.0,253.0,243.0,5.0,875.0,85.0,1
15.0,759.0,217.0,2.0,1.0,675.0,65.0,1
1.0,244.0,154.0,173.0,4.0,530.0,275.0,1
12.0,4778.0,261.0,205.0,3.0,1215.0,143.0,1
1.0,818.0,154.0,268.0,5.0,755.0,210.0,1
14.0,1190.0,60.0,221.0,1.0,1000.0,85.0,1
8.0,597.0,238.0,16.0,4.0,1080.0,140.0,1
15.0,39.0,129.0,87.0,7.0,1045.0,90.0,1
15.0,2785.0,104.0,216.0,1.0,710.0,175.0,1
11.0,6750.0,198.0,197.0,1.0,1080.0,171.0,1
5.0,2369.0,16.0,173.0,6.0,780.0,87.0,1
1.0,1767.0,80.0,227.0,7.0,770.0,190.0,1
17.0,7268.0,54.0,208.0,3.0,429.0,143.0,1
14.0,641.0,217.0,207.0,1.0,525.0,74.0,1
0.0,3716.0,247.0,197.0,3.0,420.0,99.0,1
12.0,6294.0,79.0,83.0,1.0,964.0,62.0,1
4.0,733.0,159.0,135.0,3.0,449.0,240.0,1
10.0,3289.0,80.0,223.0,7.0,490.0,105.0,1
10.0,2808.0,80.0,187.0,7.0,875.0,115.0,1
5.0,2192.0,277.0,85.0,6.0,510.0,158.0,1
4.0,223.0,252.0,135.0,4.0,375.0,245.0,1
15.0,1083.0,153.0,34.0,5.0,780.0,105.0,1
10.0,3201.0,80.0,52.0,1.0,790.0,110.0,1
4.0,752.0,135.0,261.0,3.0,1300.0,196.0,1
12.0,6393.0,79.0,107.0,4.0,1233.0,85.0,1
6.0,5500.0,285.0,16.0,4.0,1030.0,65.0,1
15.0,1764.0,43.0,45.0,7.0,1140.0,70.0,1
11.0,6617.0,85.0,19.0,4.0,620.0,103.0,1
15.0,407.0,104.0,147.0,1.0,415.0,70.0,1
15.0,1392.0,153.0,44.0,5.0,695.0,70.0,1
4.0,550.0,96.0,18.0,7.0,1170.0,256.0,1
13.0,360.0,208.0,134.0,1.0,666.0,109.0,1
13.0,295.0,208.0,172.0,6.0,740.0,94.0,1
16.0,5921.0,208.0,27.0,5.0,1150.0,108.0,1
4.0,638.0,96.0,183.0,4.0,1227.0,194.0,1
12.0,4569.0,197.0,99.0,7.0,825.0,62.0,1
15.0,1117.0,175.0,216.0,4.0,765.0,120.0,1
6.0,7309.0,16.0,52.0,5.0,735.0,47.0,1
5.0,1121.0,261.0,85.0,4.0,670.0,210.0,1
13.0,326.0,134.0,80.0,3.0,512.0,223.0,1
15.0,2045.0,147.0,153.0,6.0,500.0,310.0,1
17.0,7285.0,134.0,209.0,1.0,745.0,56.0,1
12.0,6915.0,208.0,162.0,5.0,825.0,107.0,1
16.0,2644.0,116.0,135.0,5.0,360.0,81.0,1
6.0,5011.0,237.0,85.0,6.0,360.0,98.0,1
1.0,2065.0,80.0,79.0,7.0,525.0,125.0,1
16.0,2353.0,135.0,16.0,3.0,1265.0,108.0,1
12.0,4882.0,197.0,56.0,7.0,620.0,72.0,1
12.0,4750.0,207.0,261.0,6.0,980.0,104.0,1
3.0,4.0,148.0,43.0,1.0,565.0,87.0,1
5.0,2362.0,154.0,148.0,3.0,960.0,318.0,1
8.0,1244.0,106.0,173.0,3.0,430.0,172.0,1
3.0,9.0,148.0,104.0,1.0,940.0,199.0,1
16.0,2783.0,285.0,135.0,7.0,363.0,140.0,1
5.0,2769.0,16.0,173.0,7.0,1025.0,91.0,1
15.0,949.0,79.0,261.0,5.0,705.0,90.0,1
1.0,1510.0,183.0,148.0,3.0,695.0,170.0,1
8.0,199.0,78.0,16.0,5.0,880.0,120.0,1
4.0,289.0,85.0,135.0,4.0,885.0,187.0,1
16.0,5923.0,208.0,164.0,6.0,1210.0,99.0,1
1.0,489.0,216.0,183.0,5.0,1115.0,185.0,1
12.0,6642.0,191.0,253.0,7.0,360.0,38.0,1
4.0,294.0,154.0,135.0,6.0,495.0,187.0,1
15.0,565.0,175.0,27.0,6.0,1075.0,105.0,1
15.0,1642.0,33.0,243.0,7.0,830.0,280.0,1
3.0,703.0,148.0,260.0,4.0,420.0,227.0,1
14.0,983.0,208.0,60.0,4.0,1079.0,115.0,1
8.0,303.0,16.0,79.0,5.0,610.0,215.0,1
12.0,4520.0,261.0,102.0,4.0,1031.0,104.0,1
10.0,4222.0,208.0,285.0,5.0,1005.0,95.0,1
11.0,6629.0,85.0,134.0,5.0,450.0,98.0,1
5.0,1743.0,221.0,16.0,1.0,960.0,117.0,1
0.0,3708.0,16.0,245.0,4.0,993.0,69.0,1
10.0,4250.0,20.0,208.0,6.0,410.0,135.0,1
15.0,3917.0,216.0,213.0,7.0,850.0,170.0,1
15.0,784.0,2.0,170.0,4.0,1110.0,60.0,1
16.0,2451.0,268.0,96.0,3.0,875.0,149.0,1
10.0,3060.0,154.0,100.0,5.0,840.0,60.0,1
16.0,2438.0,58.0,12.0,3.0,505.0,70.0,1
1.0,2167.0,154.0,80.0,7.0,610.0,180.0,1
5.0,1839.0,78.0,16.0,7.0,1140.0,122.0,1
11.0,6607.0,85.0,119.0,1.0,940.0,59.0,1
12.0,6530.0,64.0,79.0,5.0,434.0,82.0,1
1.0,440.0,91.0,80.0,5.0,905.0,100.0,1
16.0,2539.0,234.0,135.0,3.0,1082.0,200.0,1
3.0,30.0,148.0,238.0,3.0,1350.0,81.0,1
1.0,1534.0,79.0,80.0,6.0,515.0,120.0,1
15.0,2176.0,217.0,153.0,4.0,1185.0,65.0,1
12.0,6339.0,154.0,243.0,1.0,1045.0,47.0,1
0.0,4052.0,75.0,177.0,7.0,380.0,88.0,1
12.0,6759.0,162.0,208.0,5.0,371.0,115.0,1
5.0,1287.0,16.0,214.0,3.0,1000.0,324.0,1
15.0,2871.0,244.0,75.0,3.0,990.0,55.0,1
12.0,7036.0,208.0,205.0,5.0,437.0,90.0,1
3.0,1303.0,148.0,134.0,7.0,615.0,73.0,1
14.0,836.0,216.0,147.0,1.0,1095.0,142.0,1
6.0,5308.0,27.0,16.0,5.0,1080.0,72.0,1
13.0,759.0,208.0,253.0,6.0,540.0,295.0,1
1.0,544.0,80.0,173.0,5.0,860.0,145.0,1
15.0,201.0,129.0,173.0,4.0,475.0,125.0,1
15.0,1259.0,244.0,75.0,3.0,695.0,60.0,1
16.0,2153.0,96.0,33.0,4.0,600.0,157.0,1
1.0,451.0,208.0,253.0,4.0,630.0,290.0,1
12.0,4600.0,261.0,135.0,4.0,840.0,183.0,1
12.0,6300.0,154.0,227.0,5.0,510.0,53.0,1
16.0,2792.0,135.0,279.0,1.0,540.0,83.0,1
15.0,1458.0,129.0,146.0,5.0,1205.0,70.0,1
10.0,3934.0,208.0,107.0,5.0,1240.0,100.0,1
5.0,1116.0,223.0,16.0,3.0,709.0,70.0,1
15.0,1951.0,75.0,129.0,6.0,840.0,60.0,1
14.0,1216.0,80.0,60.0,7.0,615.0,142.0,1
13.0,143.0,277.0,208.0,4.0,380.0,170.0,1
10.0,3701.0,78.0,208.0,3.0,945.0,125.0,1
5.0,130.0,241.0,16.0,7.0,750.0,109.0,1
5.0,1177.0,233.0,16.0,4.0,735.0,95.0,1
15.0,392.0,159.0,175.0,6.0,615.0,135.0,1
5.0,1480.0,253.0,16.0,3.0,435.0,269.0,1
0.0,4077.0,85.0,12.0,4.0,1305.0,95.0,1
7.0,799.0,76.0,79.0,6.0,970.0,184.0,1
14.0,528.0,217.0,236.0,4.0,1275.0,112.0,1
0.0,3917.0,42.0,148.0,7.0,976.0,103.0,1
5.0,1614.0,104.0,148.0,7.0,746.0,179.0,1
13.0,316.0,79.0,134.0,3.0,764.0,195.0,1
5.0,2521.0,159.0,241.0,3.0,615.0,197.0,1
13.0,140.0,253.0,264.0,4.0,1225.0,92.0,1
2.0,61.0,252.0,149.0,3.0,470.0,156.0,1
16.0,5941.0,279.0,208.0,5.0,360.0,113.0,1
5.0,1245.0,85.0,139.0,1.0,1050.0,70.0,1
5.0,1515.0,106.0,16.0,3.0,700.0,134.0,1
5.0,2830.0,79.0,197.0,3.0,660.0,115.0,1
5.0,1766.0,16.0,106.0,3.0,1248.0,116.0,1
8.0,301.0,16.0,79.0,7.0,870.0,215.0,1
15.0,42.0,129.0,75.0,7.0,990.0,55.0,1
6.0,7307.0,35.0,85.0,6.0,420.0,150.0,1
16.0,2840.0,135.0,223.0,1.0,985.0,86.0,1
8.0,207.0,16.0,48.0,3.0,525.0,99.0,1
1.0,1741.0,159.0,33.0,4.0,915.0,160.0,1
0.0,3724.0,0.0,85.0,7.0,360.0,115.0,1
15.0,735.0,134.0,79.0,7.0,360.0,240.0,1
9.0,217.0,150.0,128.0,7.0,423.0,42.0,1
0.0,4186.0,92.0,85.0,5.0,921.0,66.0,1
14.0,1464.0,60.0,208.0,5.0,1080.0,124.0,1
12.0,6477.0,154.0,262.0,4.0,766.0,83.0,1
5.0,2375.0,261.0,253.0,5.0,670.0,127.0,1
15.0,2697.0,198.0,129.0,1.0,810.0,70.0,1
1.0,654.0,80.0,35.0,6.0,605.0,205.0,1
9.0,187.0,150.0,128.0,4.0,881.0,42.0,1
4.0,576.0,96.0,241.0,3.0,785.0,190.0,1
1.0,2433.0,80.0,154.0,6.0,800.0,205.0,1
10.0,3248.0,118.0,80.0,1.0,1000.0,50.0,1
15.0,2216.0,243.0,258.0,6.0,775.0,80.0,1
5.0,1237.0,16.0,268.0,5.0,1048.0,103.0,1
5.0,1920.0,177.0,173.0,1.0,870.0,120.0,1
4.0,1606.0,243.0,135.0,4.0,585.0,187.0,1
15.0,760.0,228.0,175.0,7.0,390.0,165.0,1
14.0,1027.0,173.0,216.0,1.0,835.0,145.0,1
16.0,2431.0,58.0,139.0,4.0,575.0,59.0,1
8.0,334.0,16.0,216.0,3.0,851.0,119.0,1
15.0,647.0,79.0,279.0,3.0,490.0,90.0,1
15.0,2672.0,33.0,147.0,7.0,695.0,85.0,1
11.0,6589.0,197.0,198.0,4.0,865.0,169.0,1
17.0,2817.0,154.0,153.0,3.0,1195.0,64.0,1
1.0,1114.0,183.0,159.0,5.0,405.0,170.0,1
15.0,2371.0,104.0,45.0,1.0,1060.0,150.0,1
15.0,1106.0,154.0,202.0,1.0,635.0,75.0,1
5.0,2459.0,16.0,205.0,5.0,1129.0,153.0,1
5.0,2114.0,252.0,197.0,4.0,770.0,202.0,1
15.0,1138.0,153.0,258.0,7.0,1145.0,85.0,1
10.0,3244.0,80.0,41.0,3.0,420.0,80.0,1
4.0,249.0,104.0,135.0,1.0,1075.0,164.0,1
12.0,4616.0,197.0,58.0,7.0,915.0,115.0,1
14.0,403.0,217.0,253.0,1.0,525.0,130.0,1
13.0,83.0,154.0,128.0,6.0,856.0,354.0,1
10.0,3215.0,80.0,129.0,1.0,635.0,65.0,1
5.0,2648.0,275.0,16.0,4.0,415.0,72.0,1
16.0,2597.0,135.0,245.0,3.0,1180.0,126.0,1
12.0,6926.0,34.0,79.0,4.0,719.0,108.0,1
6.0,5421.0,16.0,115.0,1.0,655.0,77.0,1
17.0,2816.0,217.0,84.0,7.0,598.0,178.0,1
15.0,1096.0,153.0,172.0,4.0,880.0,170.0,1
14.0,1997.0,60.0,104.0,7.0,595.0,128.0,1
10.0,3931.0,205.0,208.0,5.0,410.0,100.0,1
5.0,1879.0,159.0,104.0,3.0,415.0,193.0,1
3.0,165.0,148.0,214.0,5.0,1155.0,388.0,1
14.0,1223.0,78.0,213.0,6.0,520.0,157.0,1
14.0,959.0,43.0,60.0,7.0,1149.0,116.0,1
12.0,4702.0,160.0,261.0,7.0,756.0,105.0,1
15.0,3742.0,33.0,153.0,4.0,1160.0,260.0,1
1.0,1538.0,44.0,80.0,7.0,810.0,180.0,1
15.0,767.0,153.0,262.0,5.0,995.0,90.0,1
5.0,2743.0,96.0,16.0,7.0,1018.0,161.0,1
5.0,2331.0,159.0,85.0,3.0,1079.0,125.0,1
13.0,461.0,134.0,153.0,6.0,1021.0,319.0,1
0.0,4369.0,209.0,85.0,1.0,975.0,123.0,1
1.0,1493.0,33.0,80.0,7.0,370.0,130.0,1
15.0,682.0,79.0,217.0,7.0,475.0,125.0,1
1.0,284.0,128.0,154.0,5.0,960.0,310.0,1
2.0,865.0,252.0,150.0,7.0,520.0,376.0,1
12.0,7029.0,261.0,253.0,6.0,670.0,147.0,1
15.0,1814.0,198.0,173.0,5.0,970.0,100.0,1
4.0,596.0,153.0,135.0,6.0,772.0,176.0,1
1.0,1607.0,80.0,217.0,3.0,900.0,155.0,1
16.0,2769.0,135.0,91.0,3.0,826.0,118.0,1
12.0,6471.0,2.0,154.0,4.0,360.0,121.0,1
6.0,5307.0,16.0,129.0,7.0,831.0,136.0,1
6.0,5410.0,237.0,16.0,3.0,932.0,93.0,1
6.0,5044.0,87.0,16.0,6.0,330.0,68.0,1
12.0,6652.0,253.0,191.0,5.0,568.0,40.0,1
10.0,2730.0,146.0,80.0,1.0,1100.0,95.0,1
12.0,6717.0,79.0,227.0,4.0,1119.0,135.0,1
4.0,398.0,79.0,135.0,1.0,510.0,141.0,1
12.0,6930.0,208.0,285.0,5.0,360.0,87.0,1
15.0,3101.0,216.0,268.0,1.0,560.0,160.0,1
13.0,681.0,159.0,208.0,7.0,781.0,153.0,1
13.0,27.0,148.0,154.0,1.0,930.0,383.0,1
17.0,1003.0,203.0,128.0,1.0,632.0,32.0,1
10.0,3398.0,156.0,80.0,5.0,755.0,75.0,1
10.0,2842.0,80.0,101.0,7.0,705.0,150.0,1
0.0,4297.0,43.0,85.0,6.0,810.0,75.0,1
17.0,7242.0,60.0,208.0,4.0,1150.0,130.0,1
15.0,883.0,141.0,213.0,3.0,440.0,180.0,1
15.0,2879.0,253.0,154.0,3.0,570.0,80.0,1
3.0,52.0,173.0,148.0,4.0,360.0,141.0,1
15.0,479.0,214.0,217.0,4.0,665.0,150.0,1
12.0,6736.0,79.0,230.0,1.0,480.0,67.0,1
12.0,6280.0,153.0,253.0,7.0,792.0,106.0,1
15.0,1592.0,87.0,33.0,3.0,1070.0,95.0,1
11.0,6329.0,69.0,16.0,3.0,405.0,110.0,1
2.0,625.0,153.0,214.0,3.0,705.0,140.0,1
5.0,1534.0,244.0,16.0,6.0,648.0,142.0,1
5.0,1268.0,16.0,87.0,1.0,986.0,76.0,1
2.0,187.0,14.0,98.0,4.0,835.0,58.0,1
15.0,934.0,153.0,91.0,7.0,1195.0,95.0,1
1.0,710.0,80.0,159.0,3.0,555.0,200.0,1
6.0,4950.0,115.0,16.0,5.0,608.0,82.0,1
17.0,7235.0,12.0,134.0,3.0,602.0,94.0,1
17.0,7271.0,221.0,134.0,7.0,615.0,62.0,1
1.0,1760.0,183.0,159.0,6.0,1055.0,180.0,1
2.0,632.0,252.0,217.0,3.0,450.0,170.0,1
10.0,3135.0,258.0,154.0,7.0,1195.0,75.0,1
0.0,3706.0,16.0,198.0,6.0,665.0,103.0,1
8.0,193.0,78.0,16.0,5.0,968.0,125.0,1
1.0,2442.0,154.0,80.0,7.0,705.0,190.0,1
17.0,2617.0,177.0,60.0,6.0,455.0,102.0,1
1.0,1970.0,79.0,80.0,3.0,865.0,115.0,1
1.0,1209.0,80.0,258.0,1.0,745.0,230.0,1
6.0,7370.0,177.0,190.0,5.0,875.0,77.0,1
1.0,1965.0,268.0,80.0,1.0,360.0,115.0,1
15.0,120.0,175.0,217.0,5.0,1200.0,240.0,1
10.0,3674.0,60.0,183.0,6.0,1155.0,130.0,1
12.0,4478.0,99.0,197.0,6.0,425.0,75.0,1
10.0,4262.0,233.0,208.0,5.0,810.0,140.0,1
15.0,966.0,45.0,277.0,4.0,775.0,150.0,1
6.0,5521.0,16.0,10.0,4.0,810.0,104.0,1
8.0,739.0,184.0,197.0,3.0,629.0,73.0,1
14.0,873.0,60.0,138.0,3.0,779.0,51.0,1
15.0,339.0,279.0,129.0,4.0,1140.0,95.0,1
15.0,2770.0,154.0,198.0,6.0,595.0,215.0,1
12.0,4568.0,261.0,122.0,3.0,911.0,89.0,1
4.0,1689.0,135.0,243.0,1.0,1100.0,210.0,1
12.0,6829.0,253.0,232.0,5.0,563.0,95.0,1
5.0,211.0,148.0,153.0,6.0,1095.0,350.0,1
4.0,1601.0,96.0,104.0,6.0,890.0,172.0,1
8.0,1250.0,173.0,157.0,7.0,955.0,115.0,1
14.0,403.0,217.0,253.0,7.0,525.0,130.0,1
6.0,7093.0,61.0,134.0,5.0,867.0,84.0,1
15.0,1748.0,262.0,214.0,7.0,1200.0,90.0,1
15.0,1474.0,2.0,217.0,7.0,1245.0,75.0,1
6.0,5246.0,52.0,16.0,5.0,733.0,57.0,1
3.0,359.0,148.0,44.0,5.0,1110.0,380.0,1
8.0,927.0,172.0,16.0,6.0,649.0,116.0,1
13.0,689.0,159.0,208.0,3.0,1025.0,166.0,1
13.0,645.0,260.0,208.0,7.0,935.0,320.0,1
0.0,3683.0,250.0,85.0,4.0,370.0,90.0,1
10.0,2767.0,80.0,288.0,4.0,630.0,105.0,1
16.0,2748.0,135.0,190.0,7.0,970.0,79.0,1
14.0,1007.0,60.0,221.0,5.0,1199.0,81.0,1
10.0,3228.0,10.0,80.0,5.0,1015.0,75.0,1
2.0,668.0,252.0,18.0,5.0,695.0,228.0,1
1.0,1588.0,244.0,80.0,7.0,890.0,70.0,1
12.0,7778.0,261.0,255.0,3.0,1185.0,80.0,1
15.0,3684.0,244.0,79.0,4.0,370.0,145.0,1
5.0,116.0,277.0,16.0,7.0,881.0,97.0,1
12.0,6892.0,252.0,154.0,1.0,1077.0,153.0,1
14.0,1776.0,60.0,35.0,3.0,1192.0,123.0,1
12.0,4795.0,261.0,264.0,1.0,593.0,116.0,1
12.0,6749.0,230.0,79.0,5.0,362.0,76.0,1
12.0,6935.0,217.0,253.0,7.0,645.0,132.0,1
6.0,5024.0,11.0,16.0,5.0,1137.0,71.0,1
0.0,3986.0,99.0,197.0,3.0,660.0,66.0,1
12.0,6452.0,100.0,154.0,4.0,510.0,71.0,1
11.0,6567.0,85.0,290.0,1.0,945.0,147.0,1
1.0,329.0,159.0,208.0,1.0,765.0,155.0,1
14.0,1562.0,216.0,35.0,5.0,735.0,75.0,1
9.0,168.0,128.0,150.0,5.0,625.0,43.0,1
1.0,480.0,243.0,80.0,7.0,1070.0,165.0,1
2.0,533.0,207.0,252.0,4.0,620.0,161.0,1
7.0,510.0,243.0,79.0,7.0,390.0,143.0,1
5.0,1722.0,85.0,35.0,3.0,945.0,122.0,1
10.0,4060.0,208.0,61.0,5.0,1230.0,70.0,1
0.0,4283.0,71.0,109.0,7.0,1240.0,45.0,1
17.0,2660.0,60.0,134.0,5.0,1195.0,82.0,1
6.0,5358.0,16.0,273.0,4.0,785.0,125.0,1
4.0,1615.0,178.0,135.0,5.0,656.0,69.0,1
15.0,3667.0,147.0,209.0,3.0,430.0,90.0,1
6.0,5342.0,94.0,16.0,5.0,950.0,85.0,1
7.0,268.0,79.0,264.0,5.0,1085.0,143.0,1
17.0,2696.0,154.0,153.0,6.0,800.0,65.0,1
12.0,6563.0,15.0,79.0,1.0,825.0,45.0,1
14.0,1456.0,78.0,173.0,6.0,615.0,142.0,1
12.0,6932.0,212.0,208.0,1.0,902.0,78.0,1
0.0,3965.0,16.0,129.0,4.0,960.0,140.0,1
13.0,546.0,205.0,79.0,7.0,800.0,106.0,1
5.0,2905.0,277.0,154.0,5.0,1125.0,319.0,1
13.0,324.0,154.0,134.0,7.0,511.0,289.0,1
5.0,2244.0,243.0,197.0,7.0,395.0,229.0,1
12.0,6520.0,171.0,208.0,5.0,932.0,72.0,1
15.0,957.0,147.0,104.0,1.0,510.0,70.0,1
16.0,3056.0,135.0,288.0,1.0,795.0,88.0,1
11.0,6390.0,71.0,96.0,5.0,1140.0,126.0,1
5.0,1078.0,159.0,198.0,5.0,495.0,220.0,1
15.0,973.0,33.0,45.0,4.0,870.0,100.0,1
5.0,1396.0,159.0,35.0,5.0,1170.0,76.0,1
16.0,2110.0,65.0,135.0,1.0,1031.0,129.0,1
1.0,719.0,183.0,277.0,6.0,1080.0,60.0,1
15.0,1819.0,75.0,172.0,6.0,950.0,85.0,1
1.0,1896.0,80.0,251.0,3.0,1160.0,115.0,1
12.0,4678.0,44.0,261.0,5.0,790.0,110.0,1
6.0,5302.0,256.0,16.0,6.0,425.0,113.0,1
12.0,6225.0,208.0,84.0,3.0,1034.0,74.0,1
16.0,3034.0,65.0,135.0,1.0,660.0,129.0,1
15.0,827.0,33.0,18.0,7.0,655.0,140.0,1
10.0,3295.0,80.0,47.0,3.0,845.0,135.0,1
15.0,387.0,217.0,79.0,6.0,705.0,110.0,1
4.0,1100.0,96.0,35.0,7.0,1011.0,79.0,1
1.0,2026.0,264.0,80.0,3.0,760.0,170.0,1
14.0,1576.0,60.0,96.0,4.0,680.0,106.0,1
5.0,2796.0,197.0,184.0,1.0,620.0,72.0,1
14.0,799.0,216.0,173.0,7.0,1095.0,164.0,1
0.0,4032.0,85.0,43.0,3.0,1195.0,80.0,1
14.0,962.0,79.0,216.0,5.0,680.0,208.0,1
4.0,1704.0,135.0,204.0,3.0,1265.0,81.0,1
10.0,4041.0,208.0,32.0,1.0,920.0,50.0,1
12.0,6282.0,144.0,154.0,6.0,747.0,53.0,1
2.0,467.0,154.0,252.0,4.0,810.0,155.0,1
13.0,332.0,208.0,61.0,5.0,1287.0,78.0,1
8.0,162.0,260.0,16.0,6.0,859.0,241.0,1
10.0,3795.0,91.0,208.0,5.0,845.0,175.0,1
13.0,225.0,134.0,253.0,4.0,1331.0,362.0,1
6.0,5510.0,16.0,190.0,4.0,760.0,78.0,1
5.0,1263.0,16.0,184.0,3.0,793.0,121.0,1
16.0,2530.0,120.0,96.0,1.0,855.0,104.0,1
4.0,377.0,241.0,96.0,5.0,885.0,164.0,1
16.0,2548.0,135.0,71.0,7.0,1195.0,138.0,1
0.0,4160.0,69.0,85.0,4.0,715.0,80.0,1
4.0,450.0,96.0,18.0,5.0,905.0,258.0,1
15.0,3762.0,243.0,153.0,5.0,800.0,70.0,1
5.0,1912.0,16.0,234.0,5.0,1290.0,101.0,1
6.0,5313.0,95.0,16.0,5.0,360.0,98.0,1
5.0,1484.0,85.0,96.0,4.0,1055.0,115.0,1
0.0,4374.0,85.0,12.0,4.0,1035.0,95.0,1
15.0,526.0,35.0,175.0,5.0,550.0,170.0,1
15.0,697.0,155.0,18.0,3.0,375.0,70.0,1
15.0,3843.0,44.0,217.0,5.0,580.0,85.0,1
15.0,3503.0,22.0,175.0,5.0,775.0,155.0,1
8.0,1601.0,80.0,173.0,1.0,420.0,149.0,1
6.0,5139.0,47.0,16.0,6.0,900.0,75.0,1
7.0,472.0,184.0,241.0,7.0,427.0,181.0,1
0.0,3920.0,16.0,247.0,6.0,570.0,119.0,1
14.0,1437.0,45.0,60.0,5.0,835.0,89.0,1
1.0,681.0,148.0,183.0,7.0,640.0,193.0,1
13.0,875.0,136.0,79.0,3.0,399.0,101.0,1
1.0,1183.0,80.0,204.0,5.0,1370.0,50.0,1
12.0,6676.0,100.0,79.0,7.0,463.0,146.0,1
15.0,2297.0,277.0,33.0,5.0,420.0,115.0,1
10.0,4332.0,208.0,273.0,4.0,925.0,110.0,1
10.0,2801.0,254.0,80.0,5.0,1055.0,90.0,1
1.0,1648.0,264.0,80.0,6.0,405.0,185.0,1
10.0,3212.0,80.0,162.0,1.0,690.0,70.0,1
17.0,2606.0,60.0,58.0,6.0,1329.0,95.0,1
1.0,1442.0,208.0,78.0,7.0,1000.0,105.0,1
13.0,186.0,253.0,216.0,3.0,933.0,326.0,1
6.0,5032.0,70.0,16.0,3.0,858.0,50.0,1
15.0,142.0,22.0,45.0,4.0,1030.0,80.0,1
16.0,2427.0,135.0,155.0,3.0,860.0,90.0,1
15.0,282.0,253.0,154.0,1.0,890.0,75.0,1
8.0,660.0,130.0,16.0,4.0,435.0,145.0,1
16.0,2115.0,42.0,96.0,3.0,801.0,99.0,1
16.0,2429.0,135.0,170.0,1.0,698.0,84.0,1
4.0,1183.0,96.0,208.0,1.0,795.0,150.0,1
0.0,4258.0,85.0,222.0,3.0,1180.0,71.0,1
3.0,1795.0,78.0,104.0,3.0,470.0,151.0,1
1.0,1935.0,61.0,80.0,5.0,805.0,175.0,1
2.0,16.0,252.0,183.0,7.0,1345.0,330.0,1
3.0,1017.0,35.0,148.0,6.0,1115.0,85.0,1
15.0,2621.0,18.0,154.0,4.0,1110.0,205.0,1
14.0,373.0,148.0,60.0,3.0,1109.0,131.0,1
14.0,719.0,216.0,35.0,5.0,1095.0,90.0,1
1.0,2010.0,79.0,80.0,6.0,930.0,115.0,1
15.0,2397.0,173.0,175.0,4.0,425.0,175.0,1
3.0,575.0,272.0,173.0,1.0,482.0,176.0,1
5.0,2736.0,177.0,159.0,3.0,880.0,160.0,1
15.0,167.0,154.0,262.0,4.0,1270.0,80.0,1
8.0,118.0,277.0,16.0,7.0,649.0,90.0,1
12.0,6735.0,196.0,79.0,5.0,792.0,112.0,1
12.0,6604.0,79.0,16.0,1.0,611.0,174.0,1
1.0,763.0,80.0,178.0,3.0,1240.0,90.0,1
1.0,674.0,208.0,183.0,6.0,335.0,185.0,1
11.0,6709.0,209.0,71.0,3.0,1055.0,122.0,1
2.0,363.0,262.0,252.0,4.0,1055.0,115.0,1
16.0,2035.0,135.0,221.0,3.0,455.0,158.0,1
13.0,566.0,208.0,16.0,7.0,1125.0,124.0,1
4.0,1006.0,135.0,277.0,6.0,670.0,117.0,1
12.0,4554.0,122.0,261.0,3.0,380.0,88.0,1
10.0,3358.0,290.0,80.0,1.0,480.0,75.0,1
3.0,1014.0,148.0,35.0,5.0,899.0,81.0,1
15.0,1148.0,129.0,175.0,4.0,400.0,150.0,1
0.0,3760.0,16.0,130.0,1.0,1060.0,143.0,1
12.0,6256.0,99.0,208.0,1.0,808.0,112.0,1
16.0,2139.0,135.0,91.0,5.0,535.0,120.0,1
13.0,110.0,173.0,208.0,3.0,1021.0,182.0,1
5.0,1131.0,16.0,245.0,5.0,1366.0,59.0,1
15.0,3917.0,216.0,213.0,4.0,850.0,170.0,1
16.0,2298.0,135.0,139.0,1.0,935.0,130.0,1
8.0,551.0,43.0,16.0,7.0,1087.0,133.0,1
14.0,1103.0,45.0,60.0,3.0,630.0,88.0,1
5.0,84.0,16.0,148.0,7.0,1045.0,150.0,1
16.0,2516.0,238.0,96.0,5.0,1055.0,87.0,1
15.0,324.0,111.0,79.0,3.0,390.0,135.0,1
5.0,2075.0,43.0,16.0,3.0,1098.0,147.0,1
1.0,1637.0,173.0,208.0,4.0,390.0,185.0,1
16.0,5925.0,208.0,107.0,5.0,660.0,96.0,1
8.0,354.0,16.0,159.0,5.0,890.0,130.0,1
15.0,1509.0,264.0,153.0,1.0,650.0,70.0,1
4.0,1746.0,135.0,208.0,1.0,445.0,150.0,1
2.0,743.0,16.0,252.0,7.0,1090.0,325.0,1
11.0,6639.0,85.0,120.0,3.0,950.0,103.0,1
16.0,2031.0,96.0,16.0,4.0,1080.0,157.0,1
14.0,980.0,233.0,60.0,4.0,970.0,63.0,1
2.0,323.0,258.0,252.0,7.0,405.0,129.0,1
4.0,1827.0,243.0,96.0,7.0,485.0,325.0,1
5.0,315.0,16.0,172.0,5.0,790.0,130.0,1
14.0,457.0,221.0,217.0,5.0,440.0,294.0,1
10.0,4139.0,208.0,234.0,3.0,650.0,115.0,1
1.0,721.0,159.0,80.0,3.0,555.0,260.0,1
15.0,8.0,131.0,129.0,4.0,385.0,60.0,1
3.0,1257.0,35.0,134.0,5.0,1110.0,101.0,1
5.0,2838.0,16.0,78.0,5.0,445.0,94.0,1
10.0,2935.0,195.0,80.0,4.0,390.0,160.0,1
5.0,1518.0,173.0,16.0,1.0,330.0,84.0,1
13.0,523.0,79.0,217.0,7.0,921.0,117.0,1
16.0,5931.0,208.0,136.0,4.0,1072.0,114.0,1
5.0,2469.0,16.0,173.0,4.0,845.0,91.0,1
15.0,1698.0,172.0,79.0,6.0,965.0,110.0,1
10.0,3055.0,154.0,243.0,4.0,540.0,50.0,1
14.0,742.0,104.0,216.0,3.0,840.0,164.0,1
15.0,871.0,18.0,217.0,5.0,870.0,160.0,1
16.0,2488.0,135.0,60.0,1.0,977.0,138.0,1
15.0,3405.0,207.0,258.0,5.0,940.0,70.0,1
3.0,601.0,229.0,148.0,4.0,360.0,75.0,1
7.0,727.0,78.0,79.0,1.0,825.0,237.0,1
6.0,5101.0,16.0,138.0,7.0,1140.0,88.0,1
10.0,2991.0,80.0,73.0,3.0,640.0,140.0,1
1.0,484.0,80.0,183.0,6.0,935.0,165.0,1
15.0,1547.0,217.0,228.0,6.0,810.0,290.0,1
2.0,365.0,262.0,252.0,4.0,560.0,115.0,1
12.0,6423.0,79.0,252.0,7.0,930.0,177.0,1
5.0,1122.0,241.0,16.0,7.0,670.0,105.0,1
17.0,2845.0,217.0,292.0,6.0,670.0,59.0,1
5.0,1718.0,173.0,16.0,4.0,510.0,108.0,1
11.0,6645.0,17.0,85.0,4.0,630.0,79.0,1
1.0,1012.0,183.0,78.0,6.0,1330.0,140.0,1
17.0,2694.0,160.0,217.0,1.0,760.0,83.0,1
10.0,3914.0,136.0,208.0,3.0,360.0,105.0,1
12.0,4749.0,261.0,207.0,6.0,913.0,98.0,1
5.0,2090.0,79.0,148.0,6.0,673.0,237.0,1
15.0,429.0,79.0,175.0,5.0,990.0,145.0,1
15.0,2286.0,154.0,33.0,6.0,865.0,235.0,1
15.0,1976.0,172.0,75.0,3.0,1045.0,95.0,1
5.0,1687.0,197.0,243.0,5.0,550.0,233.0,1
5.0,1843.0,148.0,252.0,7.0,1050.0,380.0,1
1.0,1796.0,198.0,208.0,1.0,665.0,140.0,1
1.0,1557.0,35.0,208.0,7.0,755.0,170.0,1
2.0,232.0,252.0,243.0,3.0,390.0,154.0,1
13.0,758.0,79.0,136.0,4.0,810.0,82.0,1
0.0,4122.0,279.0,177.0,1.0,980.0,78.0,1
1.0,354.0,172.0,208.0,4.0,915.0,90.0,1
3.0,9.0,148.0,104.0,5.0,940.0,199.0,1
14.0,528.0,217.0,236.0,5.0,1275.0,112.0,1
14.0,504.0,139.0,217.0,7.0,1080.0,238.0,1
5.0,1544.0,261.0,16.0,5.0,585.0,220.0,1
1.0,1164.0,80.0,198.0,1.0,420.0,80.0,1
15.0,198.0,2.0,129.0,4.0,430.0,120.0,1
15.0,3138.0,243.0,244.0,1.0,900.0,155.0,1
16.0,2705.0,135.0,116.0,7.0,985.0,73.0,1
1.0,127.0,148.0,243.0,5.0,1125.0,370.0,1
11.0,6278.0,71.0,96.0,7.0,905.0,126.0,1
5.0,2290.0,16.0,139.0,5.0,520.0,107.0,1
16.0,2735.0,165.0,135.0,1.0,667.0,69.0,1
14.0,75.0,148.0,217.0,7.0,599.0,338.0,1
12.0,6279.0,253.0,264.0,7.0,904.0,85.0,1
8.0,1034.0,221.0,241.0,6.0,1170.0,162.0,1
0.0,3927.0,177.0,84.0,7.0,1165.0,104.0,1
0.0,4267.0,177.0,123.0,7.0,1170.0,50.0,1
1.0,2346.0,80.0,208.0,1.0,755.0,135.0,1
15.0,1029.0,153.0,154.0,7.0,1285.0,65.0,1
2.0,317.0,253.0,252.0,4.0,1185.0,126.0,1
10.0,4634.0,159.0,233.0,1.0,960.0,110.0,1
6.0,5444.0,16.0,130.0,5.0,1222.0,137.0,1
1.0,372.0,260.0,277.0,7.0,1245.0,180.0,1
1.0,181.0,148.0,154.0,4.0,1005.0,395.0,1
11.0,6604.0,71.0,22.0,7.0,915.0,119.0,1
14.0,687.0,217.0,96.0,1.0,585.0,282.0,1
0.0,3985.0,84.0,177.0,6.0,360.0,100.0,1
8.0,1245.0,173.0,106.0,6.0,1277.0,158.0,1
0.0,4087.0,61.0,148.0,3.0,995.0,130.0,1
10.0,3204.0,80.0,256.0,6.0,475.0,55.0,1
15.0,591.0,79.0,153.0,5.0,1115.0,120.0,1
1.0,1588.0,244.0,80.0,4.0,890.0,70.0,1
8.0,877.0,16.0,197.0,4.0,525.0,160.0,1
4.0,434.0,217.0,96.0,7.0,1415.0,264.0,1
13.0,370.0,80.0,134.0,4.0,713.0,182.0,1
2.0,151.0,211.0,206.0,6.0,516.0,45.0,1
5.0,1609.0,197.0,79.0,4.0,860.0,123.0,1
5.0,1192.0,261.0,78.0,7.0,620.0,240.0,1
15.0,709.0,2.0,202.0,1.0,860.0,155.0,1
7.0,783.0,79.0,153.0,1.0,595.0,113.0,1
16.0,5970.0,208.0,139.0,7.0,459.0,55.0,1
15.0,1217.0,129.0,277.0,5.0,890.0,120.0,1
1.0,446.0,80.0,216.0,5.0,695.0,190.0,1
0.0,3736.0,66.0,177.0,5.0,680.0,75.0,1
5.0,697.0,16.0,223.0,6.0,1045.0,78.0,1
1.0,1251.0,80.0,172.0,3.0,1310.0,85.0,1
1.0,1465.0,208.0,241.0,7.0,665.0,170.0,1
5.0,1912.0,16.0,234.0,6.0,1290.0,101.0,1
15.0,2097.0,214.0,202.0,3.0,500.0,100.0,1
8.0,894.0,139.0,159.0,5.0,506.0,124.0,1
15.0,3157.0,182.0,175.0,5.0,565.0,165.0,1
15.0,1003.0,104.0,277.0,3.0,825.0,60.0,1
5.0,2132.0,208.0,197.0,7.0,550.0,91.0,1
8.0,1621.0,216.0,173.0,6.0,425.0,163.0,1
14.0,281.0,85.0,217.0,6.0,680.0,263.0,1
15.0,467.0,172.0,217.0,5.0,950.0,185.0,1
10.0,4036.0,208.0,157.0,3.0,1140.0,80.0,1
15.0,2108.0,33.0,277.0,7.0,965.0,105.0,1
15.0,1131.0,258.0,154.0,5.0,1085.0,70.0,1
0.0,3666.0,197.0,29.0,7.0,905.0,88.0,1
12.0,4867.0,197.0,29.0,5.0,1310.0,80.0,1
15.0,675.0,217.0,91.0,1.0,1025.0,65.0,1
12.0,6872.0,79.0,217.0,5.0,620.0,124.0,1
12.0,7001.0,65.0,208.0,3.0,461.0,147.0,1
3.0,190.0,153.0,148.0,6.0,657.0,300.0,1
12.0,4747.0,154.0,153.0,4.0,877.0,69.0,1
13.0,84.0,154.0,148.0,1.0,360.0,334.0,1
17.0,2937.0,60.0,268.0,5.0,679.0,120.0,1
15.0,1116.0,153.0,236.0,4.0,1020.0,75.0,1
12.0,6815.0,253.0,51.0,6.0,738.0,93.0,1
12.0,6286.0,153.0,227.0,7.0,867.0,59.0,1
6.0,5567.0,16.0,162.0,6.0,600.0,112.0,1
3.0,15.0,148.0,104.0,4.0,995.0,195.0,1
14.0,2130.0,159.0,35.0,6.0,840.0,66.0,1
15.0,1202.0,22.0,175.0,7.0,1010.0,160.0,1
11.0,6309.0,85.0,157.0,7.0,925.0,82.0,1
12.0,6736.0,230.0,79.0,1.0,574.0,76.0,1
15.0,694.0,262.0,243.0,5.0,415.0,85.0,1
12.0,6970.0,253.0,262.0,6.0,940.0,44.0,1
15.0,55.0,129.0,131.0,3.0,1280.0,60.0,1
8.0,869.0,16.0,197.0,7.0,1265.0,157.0,1
2.0,365.0,262.0,252.0,6.0,560.0,115.0,1
5.0,2676.0,16.0,43.0,3.0,1229.0,125.0,1
12.0,7051.0,6.0,253.0,4.0,1081.0,74.0,1
5.0,2663.0,148.0,154.0,4.0,420.0,394.0,1
10.0,4371.0,205.0,208.0,5.0,800.0,95.0,1
15.0,912.0,264.0,79.0,3.0,485.0,140.0,1
3.0,920.0,208.0,35.0,7.0,420.0,131.0,1
3.0,506.0,104.0,96.0,5.0,810.0,183.0,1
12.0,7767.0,235.0,261.0,3.0,485.0,65.0,1
12.0,6362.0,154.0,246.0,4.0,1192.0,40.0,1
13.0,521.0,159.0,208.0,6.0,570.0,165.0,1
15.0,2662.0,172.0,184.0,7.0,1160.0,80.0,1
14.0,1190.0,60.0,221.0,3.0,1000.0,84.0,1
3.0,661.0,273.0,173.0,4.0,420.0,178.0,1
10.0,4272.0,281.0,208.0,6.0,870.0,75.0,1
5.0,2234.0,16.0,134.0,4.0,820.0,110.0,1
5.0,1629.0,148.0,153.0,7.0,970.0,366.0,1
15.0,802.0,153.0,217.0,5.0,960.0,70.0,1
17.0,2896.0,217.0,83.0,4.0,965.0,104.0,1
15.0,1149.0,217.0,197.0,3.0,680.0,190.0,1
1.0,1885.0,244.0,80.0,4.0,540.0,70.0,1
10.0,4290.0,33.0,208.0,3.0,660.0,95.0,1
5.0,1662.0,197.0,119.0,5.0,875.0,80.0,1
3.0,1005.0,35.0,148.0,6.0,441.0,75.0,1
3.0,917.0,148.0,208.0,3.0,990.0,170.0,1
17.0,1048.0,161.0,128.0,1.0,435.0,29.0,1
3.0,705.0,148.0,260.0,3.0,540.0,232.0,1
15.0,2194.0,214.0,79.0,4.0,1160.0,145.0,1
15.0,1965.0,217.0,243.0,6.0,700.0,70.0,1
12.0,4696.0,202.0,261.0,6.0,609.0,107.0,1
1.0,552.0,253.0,183.0,3.0,360.0,315.0,1
15.0,2906.0,173.0,184.0,4.0,635.0,175.0,1
15.0,3420.0,217.0,153.0,4.0,465.0,65.0,1
5.0,1914.0,261.0,34.0,3.0,810.0,70.0,1
10.0,3912.0,208.0,69.0,7.0,1135.0,90.0,1
5.0,1966.0,16.0,61.0,7.0,762.0,92.0,1
10.0,3620.0,209.0,183.0,3.0,445.0,155.0,1
4.0,692.0,96.0,173.0,4.0,665.0,173.0,1
15.0,24.0,27.0,33.0,1.0,915.0,55.0,1
13.0,224.0,134.0,22.0,3.0,531.0,83.0,1
0.0,4050.0,85.0,247.0,7.0,830.0,60.0,1
8.0,841.0,16.0,173.0,5.0,1250.0,92.0,1
4.0,279.0,135.0,244.0,7.0,715.0,56.0,1
8.0,688.0,136.0,16.0,1.0,748.0,122.0,1
15.0,2947.0,261.0,154.0,6.0,1145.0,115.0,1
5.0,2879.0,159.0,104.0,6.0,640.0,199.0,1
5.0,1100.0,261.0,216.0,6.0,595.0,261.0,1
7.0,796.0,214.0,79.0,7.0,904.0,143.0,1
5.0,1831.0,261.0,173.0,5.0,605.0,257.0,1
2.0,64.0,14.0,149.0,7.0,695.0,102.0,1
6.0,7352.0,16.0,288.0,4.0,1255.0,74.0,1
1.0,1164.0,80.0,198.0,7.0,420.0,80.0,1
1.0,1598.0,252.0,80.0,3.0,830.0,230.0,1
14.0,1089.0,216.0,147.0,1.0,940.0,136.0,1
12.0,4512.0,261.0,253.0,3.0,1005.0,122.0,1
8.0,949.0,45.0,238.0,7.0,1285.0,80.0,1
5.0,1277.0,16.0,54.0,5.0,1300.0,71.0,1
15.0,1330.0,214.0,262.0,3.0,425.0,85.0,1
3.0,686.0,78.0,35.0,4.0,940.0,84.0,1
5.0,1892.0,277.0,85.0,1.0,698.0,166.0,1
15.0,339.0,243.0,153.0,7.0,750.0,70.0,1
6.0,4939.0,278.0,16.0,6.0,611.0,70.0,1
4.0,1420.0,135.0,16.0,5.0,630.0,124.0,1
5.0,2073.0,61.0,16.0,7.0,485.0,100.0,1
16.0,2573.0,33.0,96.0,1.0,590.0,127.0,1
15.0,525.0,154.0,18.0,3.0,580.0,170.0,1
15.0,3504.0,173.0,233.0,1.0,1000.0,100.0,1
6.0,5034.0,16.0,287.0,6.0,590.0,80.0,1
11.0,6680.0,17.0,85.0,4.0,420.0,79.0,1
15.0,465.0,277.0,233.0,3.0,1000.0,105.0,1
3.0,53.0,238.0,148.0,5.0,707.0,73.0,1
5.0,1261.0,54.0,16.0,7.0,510.0,86.0,1
10.0,2861.0,80.0,180.0,6.0,640.0,100.0,1
5.0,2236.0,80.0,197.0,3.0,420.0,142.0,1
3.0,58.0,173.0,148.0,7.0,1255.0,140.0,1
15.0,751.0,258.0,243.0,4.0,1280.0,75.0,1
5.0,2149.0,85.0,252.0,1.0,515.0,302.0,1
15.0,128.0,154.0,253.0,7.0,600.0,80.0,1
14.0,798.0,173.0,216.0,5.0,1020.0,148.0,1
10.0,2986.0,80.0,11.0,4.0,765.0,130.0,1
8.0,598.0,16.0,238.0,6.0,731.0,124.0,1
12.0,6451.0,280.0,154.0,7.0,894.0,91.0,1
15.0,837.0,262.0,243.0,1.0,1080.0,85.0,1
12.0,4774.0,261.0,224.0,6.0,690.0,105.0,1
15.0,1419.0,204.0,153.0,7.0,1040.0,170.0,1
12.0,6252.0,210.0,253.0,3.0,516.0,117.0,1
8.0,610.0,184.0,253.0,5.0,555.0,290.0,1
15.0,1491.0,154.0,236.0,4.0,985.0,75.0,1
16.0,5945.0,208.0,204.0,4.0,1072.0,133.0,1
13.0,853.0,243.0,253.0,3.0,708.0,99.0,1
5.0,2089.0,197.0,264.0,3.0,585.0,242.0,1
5.0,167.0,148.0,79.0,4.0,1110.0,286.0,1
14.0,652.0,139.0,217.0,5.0,360.0,235.0,1
5.0,2017.0,16.0,79.0,4.0,1300.0,218.0,1
10.0,4022.0,208.0,147.0,5.0,805.0,145.0,1
6.0,5124.0,279.0,16.0,5.0,750.0,112.0,1
16.0,2439.0,12.0,58.0,1.0,610.0,89.0,1
12.0,4499.0,34.0,261.0,1.0,540.0,65.0,1
1.0,1733.0,208.0,217.0,6.0,1190.0,235.0,1
12.0,6395.0,208.0,34.0,7.0,1205.0,223.0,1
5.0,1523.0,85.0,244.0,4.0,1200.0,214.0,1
14.0,1732.0,16.0,60.0,5.0,330.0,68.0,1
12.0,6347.0,208.0,17.0,5.0,902.0,49.0,1
4.0,39.0,96.0,135.0,3.0,990.0,233.0,1
15.0,1285.0,253.0,175.0,4.0,435.0,250.0,1
15.0,996.0,131.0,244.0,4.0,1090.0,55.0,1
14.0,1786.0,183.0,60.0,7.0,1155.0,125.0,1
14.0,1790.0,60.0,277.0,4.0,1340.0,97.0,1
16.0,3003.0,33.0,135.0,6.0,785.0,124.0,1
10.0,4336.0,208.0,94.0,1.0,535.0,65.0,1
10.0,2721.0,80.0,1.0,1.0,1065.0,50.0,1
5.0,1120.0,16.0,47.0,5.0,1219.0,67.0,1
16.0,2844.0,58.0,78.0,3.0,705.0,70.0,1
10.0,2797.0,80.0,108.0,5.0,515.0,60.0,1
10.0,3014.0,100.0,154.0,4.0,350.0,65.0,1
17.0,2704.0,60.0,200.0,4.0,1100.0,62.0,1
5.0,170.0,153.0,261.0,3.0,728.0,86.0,1
5.0,1819.0,85.0,154.0,4.0,1195.0,314.0,1
13.0,300.0,236.0,79.0,6.0,439.0,140.0,1
15.0,1141.0,155.0,75.0,7.0,580.0,65.0,1
5.0,2034.0,16.0,197.0,7.0,1220.0,163.0,1
6.0,5102.0,16.0,116.0,6.0,585.0,93.0,1
4.0,600.0,104.0,96.0,6.0,435.0,163.0,1
5.0,2765.0,233.0,85.0,5.0,762.0,118.0,1
1.0,1946.0,183.0,277.0,5.0,790.0,60.0,1
12.0,6738.0,208.0,130.0,7.0,811.0,126.0,1
10.0,4005.0,107.0,208.0,3.0,1080.0,100.0,1
12.0,6756.0,44.0,253.0,4.0,1241.0,79.0,1
11.0,6670.0,228.0,85.0,4.0,520.0,142.0,1
6.0,7382.0,71.0,16.0,7.0,1225.0,98.0,1
8.0,694.0,16.0,267.0,4.0,943.0,87.0,1
9.0,40.0,203.0,214.0,5.0,855.0,315.0,1
13.0,631.0,78.0,208.0,5.0,1185.0,132.0,1
3.0,402.0,198.0,35.0,3.0,879.0,189.0,1
4.0,358.0,135.0,78.0,3.0,660.0,167.0,1
1.0,1281.0,35.0,80.0,3.0,925.0,265.0,1
5.0,2041.0,261.0,154.0,3.0,1317.0,121.0,1
1.0,2513.0,80.0,79.0,6.0,1115.0,125.0,1
10.0,3908.0,69.0,208.0,4.0,360.0,105.0,1
5.0,2110.0,16.0,61.0,5.0,1035.0,94.0,1
14.0,369.0,135.0,217.0,1.0,900.0,172.0,1
12.0,4859.0,290.0,197.0,7.0,1100.0,104.0,1
14.0,373.0,60.0,80.0,3.0,1331.0,163.0,1
1.0,533.0,135.0,80.0,4.0,1205.0,75.0,1
13.0,43.0,135.0,79.0,4.0,505.0,161.0,1
13.0,656.0,217.0,208.0,7.0,448.0,202.0,1
0.0,3934.0,177.0,221.0,6.0,505.0,120.0,1
15.0,2529.0,154.0,217.0,4.0,590.0,75.0,1
9.0,377.0,128.0,161.0,4.0,1196.0,36.0,1
2.0,83.0,252.0,14.0,4.0,480.0,220.0,1
17.0,2927.0,60.0,71.0,3.0,1345.0,92.0,1
17.0,2766.0,44.0,217.0,1.0,585.0,88.0,1
12.0,6373.0,154.0,246.0,4.0,628.0,40.0,1
15.0,674.0,146.0,173.0,3.0,620.0,100.0,1
12.0,6835.0,262.0,154.0,5.0,642.0,83.0,1
6.0,7133.0,208.0,245.0,3.0,1200.0,124.0,1
15.0,1689.0,202.0,252.0,6.0,840.0,120.0,1
10.0,3757.0,244.0,208.0,1.0,1090.0,160.0,1
15.0,1116.0,202.0,264.0,5.0,1215.0,80.0,1
9.0,382.0,128.0,143.0,5.0,593.0,51.0,1
4.0,1503.0,154.0,96.0,4.0,935.0,309.0,1
15.0,3568.0,277.0,22.0,1.0,670.0,165.0,1
12.0,6660.0,154.0,100.0,4.0,980.0,74.0,1
5.0,1066.0,177.0,208.0,1.0,860.0,110.0,1
10.0,3080.0,154.0,246.0,4.0,810.0,40.0,1
15.0,400.0,175.0,205.0,4.0,1240.0,90.0,1
5.0,1857.0,261.0,252.0,4.0,506.0,137.0,1
15.0,1458.0,262.0,207.0,1.0,620.0,75.0,1
15.0,690.0,45.0,12.0,7.0,750.0,70.0,1
10.0,2870.0,129.0,80.0,7.0,1105.0,70.0,1
16.0,2051.0,216.0,58.0,1.0,575.0,90.0,1
5.0,1581.0,280.0,16.0,7.0,495.0,205.0,1
3.0,150.0,173.0,148.0,1.0,535.0,139.0,1
15.0,3655.0,22.0,277.0,5.0,860.0,195.0,1
11.0,6297.0,139.0,159.0,7.0,1107.0,139.0,1
5.0,1704.0,104.0,85.0,4.0,1069.0,184.0,1
10.0,2750.0,146.0,80.0,6.0,360.0,100.0,1
15.0,3073.0,228.0,45.0,3.0,385.0,90.0,1
10.0,4383.0,148.0,268.0,3.0,1110.0,190.0,1
15.0,518.0,264.0,79.0,5.0,640.0,135.0,1
6.0,5005.0,177.0,79.0,6.0,815.0,155.0,1
1.0,201.0,148.0,154.0,6.0,390.0,385.0,1
10.0,2718.0,84.0,80.0,4.0,605.0,125.0,1
15.0,339.0,202.0,243.0,3.0,635.0,90.0,1
6.0,5018.0,32.0,16.0,4.0,605.0,102.0,1
4.0,1.0,135.0,128.0,5.0,565.0,505.0,1
12.0,6256.0,208.0,58.0,4.0,966.0,76.0,1
12.0,7005.0,208.0,119.0,3.0,650.0,45.0,1
5.0,2720.0,208.0,85.0,4.0,981.0,83.0,1
12.0,4598.0,192.0,197.0,1.0,800.0,90.0,1
1.0,2303.0,208.0,80.0,5.0,420.0,155.0,1
1.0,1123.0,80.0,217.0,6.0,435.0,165.0,1
16.0,2075.0,2.0,135.0,5.0,783.0,119.0,1
13.0,91.0,96.0,253.0,3.0,383.0,393.0,1
16.0,2219.0,58.0,285.0,7.0,1000.0,78.0,1
0.0,3663.0,61.0,71.0,3.0,705.0,57.0,1
12.0,6943.0,227.0,253.0,3.0,1016.0,91.0,1
14.0,1705.0,22.0,60.0,7.0,1150.0,134.0,1
14.0,254.0,217.0,216.0,6.0,480.0,263.0,1
16.0,2427.0,135.0,155.0,7.0,860.0,90.0,1
10.0,4348.0,290.0,208.0,3.0,675.0,105.0,1
10.0,3608.0,16.0,183.0,6.0,1000.0,120.0,1
1.0,1610.0,268.0,208.0,4.0,525.0,75.0,1
10.0,4209.0,58.0,208.0,3.0,990.0,90.0,1
15.0,1383.0,214.0,111.0,7.0,470.0,60.0,1
1.0,828.0,258.0,208.0,1.0,450.0,255.0,1
0.0,3662.0,56.0,197.0,5.0,1020.0,75.0,1
10.0,2985.0,11.0,80.0,3.0,380.0,175.0,1
6.0,5002.0,16.0,201.0,5.0,720.0,77.0,1
12.0,6506.0,154.0,34.0,6.0,510.0,117.0,1
5.0,2340.0,253.0,148.0,6.0,1350.0,330.0,1
15.0,757.0,154.0,262.0,3.0,855.0,80.0,1
6.0,5523.0,16.0,237.0,7.0,510.0,90.0,1
12.0,6876.0,214.0,79.0,7.0,682.0,146.0,1
15.0,2616.0,184.0,172.0,3.0,1055.0,100.0,1
10.0,4194.0,21.0,208.0,7.0,1050.0,60.0,1
5.0,1720.0,183.0,71.0,4.0,760.0,158.0,1
3.0,493.0,35.0,252.0,5.0,1060.0,377.0,1
8.0,305.0,79.0,16.0,6.0,745.0,165.0,1
15.0,1062.0,277.0,251.0,7.0,905.0,130.0,1
15.0,3498.0,268.0,45.0,4.0,1190.0,115.0,1
10.0,2801.0,254.0,80.0,7.0,1055.0,90.0,1
10.0,3693.0,234.0,183.0,7.0,895.0,160.0,1
5.0,2410.0,80.0,16.0,7.0,570.0,125.0,1
10.0,3383.0,80.0,116.0,6.0,900.0,90.0,1
5.0,2747.0,159.0,16.0,4.0,1140.0,174.0,1
2.0,631.0,280.0,252.0,3.0,1005.0,190.0,1
12.0,6707.0,79.0,15.0,5.0,1165.0,47.0,1
14.0,2124.0,159.0,35.0,1.0,660.0,68.0,1
1.0,1543.0,80.0,244.0,5.0,705.0,65.0,1
4.0,1620.0,135.0,217.0,5.0,695.0,174.0,1
7.0,421.0,16.0,79.0,5.0,966.0,204.0,1
4.0,561.0,244.0,96.0,3.0,390.0,212.0,1
3.0,1012.0,148.0,35.0,4.0,390.0,65.0,1
10.0,4532.0,78.0,148.0,4.0,840.0,80.0,1
0.0,3773.0,16.0,129.0,6.0,650.0,144.0,1
14.0,683.0,217.0,96.0,4.0,980.0,275.0,1
15.0,242.0,173.0,221.0,1.0,785.0,135.0,1
8.0,487.0,45.0,173.0,5.0,760.0,144.0,1
13.0,785.0,35.0,79.0,7.0,590.0,287.0,1
2.0,48.0,9.0,14.0,7.0,515.0,54.0,1
7.0,516.0,79.0,159.0,7.0,915.0,220.0,1
4.0,339.0,183.0,96.0,5.0,632.0,175.0,1
1.0,1119.0,78.0,183.0,4.0,800.0,160.0,1
17.0,2622.0,60.0,134.0,5.0,705.0,85.0,1
1.0,2038.0,183.0,85.0,3.0,650.0,185.0,1
12.0,7791.0,271.0,261.0,7.0,909.0,66.0,1
15.0,1013.0,13.0,79.0,3.0,1030.0,80.0,1
15.0,479.0,18.0,75.0,4.0,1125.0,55.0,1
15.0,1120.0,280.0,154.0,3.0,880.0,90.0,1
15.0,885.0,262.0,154.0,3.0,520.0,80.0,1
3.0,590.0,213.0,130.0,5.0,900.0,162.0,1
15.0,1533.0,79.0,2.0,1.0,985.0,70.0,1
15.0,1235.0,2.0,154.0,4.0,960.0,125.0,1
1.0,1467.0,80.0,91.0,6.0,550.0,105.0,1
0.0,4104.0,177.0,233.0,7.0,860.0,117.0,1
15.0,40.0,45.0,173.0,3.0,595.0,140.0,1
6.0,7065.0,76.0,208.0,3.0,1137.0,83.0,1
15.0,910.0,153.0,33.0,5.0,680.0,210.0,1
3.0,1200.0,241.0,43.0,5.0,1235.0,162.0,1
4.0,611.0,96.0,135.0,7.0,330.0,221.0,1
7.0,143.0,129.0,79.0,5.0,375.0,146.0,1
1.0,726.0,91.0,80.0,4.0,465.0,105.0,1
5.0,2097.0,197.0,16.0,3.0,465.0,155.0,1
12.0,6900.0,208.0,184.0,7.0,1315.0,38.0,1
10.0,3964.0,45.0,208.0,7.0,665.0,130.0,1
12.0,6226.0,262.0,253.0,6.0,857.0,43.0,1
15.0,2731.0,262.0,243.0,7.0,1205.0,85.0,1
17.0,2980.0,207.0,217.0,7.0,600.0,76.0,1
8.0,716.0,48.0,173.0,1.0,801.0,145.0,1
17.0,2671.0,244.0,60.0,6.0,785.0,157.0,1
1.0,1509.0,147.0,80.0,4.0,921.0,175.0,1
5.0,2662.0,154.0,148.0,5.0,480.0,325.0,1
17.0,2735.0,91.0,217.0,4.0,370.0,80.0,1
1.0,1734.0,80.0,173.0,7.0,505.0,145.0,1
13.0,345.0,216.0,208.0,6.0,417.0,140.0,1
14.0,1680.0,277.0,78.0,1.0,520.0,124.0,1
15.0,1765.0,252.0,153.0,5.0,965.0,145.0,1
12.0,6372.0,154.0,246.0,7.0,816.0,42.0,1
17.0,2627.0,85.0,60.0,4.0,1025.0,113.0,1
13.0,121.0,22.0,208.0,6.0,665.0,159.0,1
15.0,3073.0,243.0,202.0,1.0,720.0,85.0,1
11.0,6642.0,209.0,148.0,3.0,627.0,93.0,1
10.0,2809.0,80.0,146.0,4.0,1080.0,80.0,1
6.0,5485.0,16.0,288.0,4.0,822.0,72.0,1
3.0,1061.0,148.0,18.0,1.0,475.0,257.0,1
16.0,2379.0,96.0,251.0,7.0,1229.0,147.0,1
15.0,598.0,214.0,202.0,3.0,735.0,100.0,1
15.0,1414.0,244.0,75.0,1.0,505.0,55.0,1
10.0,4188.0,208.0,0.0,6.0,995.0,115.0,1
15.0,47.0,79.0,204.0,3.0,825.0,85.0,1
10.0,3003.0,79.0,154.0,1.0,795.0,150.0,1
15.0,182.0,173.0,153.0,6.0,485.0,325.0,1
16.0,2558.0,96.0,205.0,7.0,1270.0,202.0,1
6.0,4985.0,16.0,162.0,1.0,829.0,100.0,1
5.0,2842.0,16.0,96.0,1.0,515.0,136.0,1
11.0,6683.0,85.0,76.0,3.0,1175.0,68.0,1
12.0,6511.0,154.0,100.0,6.0,1211.0,57.0,1
8.0,983.0,221.0,16.0,1.0,660.0,114.0,1
0.0,3664.0,85.0,58.0,1.0,1035.0,64.0,1
15.0,3403.0,268.0,75.0,3.0,1155.0,105.0,1
15.0,882.0,209.0,147.0,5.0,930.0,105.0,1
6.0,5528.0,16.0,200.0,6.0,1231.0,73.0,1
13.0,779.0,35.0,79.0,7.0,877.0,287.0,1
12.0,6571.0,252.0,214.0,4.0,1060.0,46.0,1
10.0,4525.0,159.0,290.0,3.0,890.0,220.0,1
17.0,2710.0,217.0,264.0,1.0,1019.0,78.0,1
7.0,843.0,175.0,79.0,3.0,940.0,157.0,1
8.0,1001.0,173.0,174.0,7.0,480.0,138.0,1
5.0,1602.0,153.0,16.0,7.0,360.0,223.0,1
1.0,1309.0,80.0,253.0,6.0,830.0,235.0,1
4.0,1602.0,18.0,135.0,5.0,1022.0,59.0,1
15.0,903.0,204.0,172.0,3.0,920.0,65.0,1
12.0,6250.0,214.0,232.0,4.0,790.0,38.0,1
14.0,904.0,60.0,208.0,5.0,700.0,132.0,1
15.0,380.0,175.0,146.0,3.0,950.0,125.0,1
6.0,4991.0,16.0,174.0,5.0,505.0,115.0,1
5.0,27.0,16.0,85.0,6.0,655.0,125.0,1
5.0,303.0,173.0,261.0,6.0,430.0,304.0,1
10.0,2740.0,158.0,80.0,1.0,1010.0,85.0,1
14.0,1797.0,216.0,153.0,4.0,680.0,332.0,1
15.0,748.0,79.0,204.0,3.0,590.0,90.0,1
13.0,373.0,159.0,208.0,5.0,420.0,157.0,1
15.0,1255.0,244.0,75.0,5.0,1255.0,55.0,1
14.0,1697.0,135.0,60.0,3.0,730.0,145.0,1
15.0,1868.0,251.0,27.0,7.0,650.0,70.0,1
5.0,1829.0,85.0,183.0,4.0,515.0,190.0,1
15.0,1156.0,264.0,175.0,7.0,595.0,235.0,1
15.0,2097.0,214.0,202.0,4.0,500.0,100.0,1
5.0,2653.0,159.0,277.0,6.0,695.0,181.0,1
12.0,6328.0,280.0,79.0,1.0,529.0,120.0,1
13.0,458.0,154.0,221.0,4.0,600.0,276.0,1
12.0,6902.0,253.0,224.0,5.0,1255.0,109.0,1
9.0,29.0,252.0,203.0,5.0,630.0,370.0,1
14.0,976.0,60.0,134.0,7.0,1350.0,85.0,1
3.0,937.0,208.0,160.0,4.0,1055.0,267.0,1
10.0,3685.0,177.0,183.0,5.0,370.0,145.0,1
8.0,1494.0,173.0,172.0,7.0,662.0,176.0,1
1.0,1794.0,80.0,18.0,3.0,770.0,60.0,1
10.0,2903.0,288.0,80.0,5.0,420.0,140.0,1
11.0,6768.0,157.0,85.0,1.0,675.0,89.0,1
6.0,5605.0,237.0,16.0,6.0,360.0,86.0,1
5.0,1722.0,85.0,35.0,5.0,945.0,122.0,1
4.0,251.0,18.0,96.0,3.0,630.0,222.0,1
1.0,2059.0,80.0,261.0,6.0,1255.0,170.0,1
17.0,7304.0,147.0,134.0,3.0,888.0,107.0,1
15.0,1782.0,207.0,217.0,6.0,895.0,70.0,1
6.0,7085.0,121.0,134.0,6.0,617.0,82.0,1
3.0,1297.0,35.0,221.0,6.0,420.0,109.0,1
1.0,539.0,173.0,80.0,3.0,925.0,180.0,1
5.0,1601.0,35.0,16.0,3.0,885.0,177.0,1
11.0,6498.0,208.0,16.0,6.0,350.0,128.0,1
15.0,41.0,129.0,216.0,5.0,1080.0,185.0,1
1.0,1382.0,183.0,96.0,4.0,1255.0,170.0,1
16.0,3004.0,135.0,184.0,4.0,775.0,153.0,1
14.0,433.0,153.0,216.0,7.0,420.0,280.0,1
15.0,3323.0,252.0,202.0,4.0,1275.0,120.0,1
4.0,1135.0,96.0,80.0,7.0,730.0,245.0,1
15.0,237.0,236.0,261.0,7.0,565.0,80.0,1
8.0,659.0,16.0,244.0,3.0,890.0,160.0,1
6.0,5521.0,285.0,16.0,6.0,697.0,63.0,1
14.0,621.0,277.0,217.0,1.0,435.0,288.0,1
14.0,1944.0,60.0,96.0,5.0,1335.0,103.0,1
14.0,96.0,221.0,216.0,5.0,1245.0,71.0,1
1.0,1572.0,80.0,134.0,7.0,495.0,165.0,1
1.0,2408.0,154.0,80.0,3.0,55.0,170.0,1
1.0,1895.0,159.0,183.0,4.0,360.0,190.0,1
5.0,2669.0,78.0,173.0,7.0,660.0,136.0,1
3.0,673.0,148.0,154.0,7.0,665.0,367.0,1
8.0,429.0,223.0,16.0,1.0,360.0,75.0,1
5.0,1666.0,61.0,16.0,1.0,746.0,101.0,1
1.0,75.0,134.0,154.0,5.0,1105.0,340.0,1
14.0,1157.0,216.0,241.0,4.0,600.0,188.0,1
10.0,3001.0,154.0,79.0,1.0,570.0,140.0,1
15.0,1758.0,253.0,264.0,5.0,1170.0,80.0,1
15.0,1484.0,277.0,209.0,6.0,870.0,115.0,1
15.0,1153.0,207.0,153.0,7.0,935.0,55.0,1
5.0,2432.0,85.0,241.0,3.0,1180.0,178.0,1
5.0,2852.0,74.0,16.0,5.0,1080.0,99.0,1
0.0,3903.0,12.0,85.0,4.0,965.0,113.0,1
15.0,141.0,173.0,129.0,6.0,930.0,160.0,1
15.0,2010.0,172.0,175.0,3.0,930.0,80.0,1
15.0,459.0,207.0,79.0,3.0,390.0,135.0,1
15.0,20.0,75.0,155.0,6.0,740.0,65.0,1
12.0,4598.0,192.0,197.0,5.0,800.0,90.0,1
7.0,566.0,243.0,79.0,1.0,547.0,136.0,1
12.0,6534.0,79.0,137.0,7.0,687.0,100.0,1
13.0,791.0,79.0,84.0,3.0,621.0,105.0,1
17.0,2619.0,60.0,33.0,5.0,1085.0,91.0,1
10.0,3271.0,218.0,80.0,1.0,1030.0,130.0,1
2.0,324.0,252.0,258.0,1.0,570.0,131.0,1
0.0,3829.0,85.0,56.0,5.0,940.0,102.0,1
3.0,51.0,42.0,148.0,1.0,670.0,75.0,1
1.0,286.0,161.0,154.0,5.0,1320.0,330.0,1
10.0,4301.0,208.0,204.0,4.0,740.0,135.0,1
13.0,785.0,35.0,79.0,5.0,607.0,287.0,1
14.0,1687.0,60.0,104.0,6.0,1215.0,121.0,1
10.0,3974.0,33.0,208.0,4.0,555.0,100.0,1
15.0,660.0,79.0,173.0,1.0,1020.0,210.0,1
15.0,671.0,79.0,154.0,1.0,1095.0,160.0,1
5.0,2327.0,16.0,104.0,7.0,1147.0,118.0,1
15.0,654.0,173.0,61.0,4.0,515.0,135.0,1
1.0,1629.0,80.0,243.0,4.0,630.0,195.0,1
14.0,1636.0,58.0,60.0,4.0,530.0,103.0,1
6.0,7086.0,76.0,134.0,3.0,360.0,90.0,1
1.0,583.0,183.0,268.0,3.0,885.0,170.0,1
5.0,2211.0,16.0,80.0,7.0,810.0,145.0,1
12.0,6390.0,34.0,253.0,3.0,477.0,112.0,1
13.0,663.0,79.0,153.0,3.0,1302.0,122.0,1
15.0,1062.0,251.0,45.0,4.0,1060.0,90.0,1
5.0,1463.0,78.0,197.0,7.0,1205.0,174.0,1
13.0,988.0,79.0,154.0,5.0,492.0,154.0,1
15.0,2004.0,79.0,154.0,7.0,880.0,155.0,1
13.0,271.0,216.0,79.0,7.0,1039.0,263.0,1
6.0,5121.0,16.0,205.0,4.0,1290.0,140.0,1
15.0,1073.0,236.0,153.0,1.0,1000.0,70.0,1
5.0,2443.0,96.0,16.0,7.0,1170.0,156.0,1
5.0,2478.0,261.0,34.0,7.0,1202.0,72.0,1
15.0,1413.0,2.0,155.0,4.0,1110.0,55.0,1
15.0,1655.0,175.0,159.0,3.0,570.0,130.0,1
5.0,73.0,148.0,16.0,3.0,1155.0,175.0,1
15.0,41.0,252.0,2.0,1.0,560.0,165.0,1
0.0,3689.0,85.0,175.0,4.0,600.0,85.0,1
16.0,2536.0,58.0,16.0,4.0,450.0,117.0,1
6.0,5460.0,190.0,16.0,4.0,360.0,77.0,1
8.0,1282.0,106.0,277.0,5.0,935.0,165.0,1
3.0,312.0,104.0,134.0,5.0,930.0,146.0,1
12.0,7791.0,271.0,261.0,3.0,909.0,66.0,1
15.0,592.0,261.0,214.0,6.0,945.0,120.0,1
2.0,492.0,252.0,243.0,7.0,1205.0,158.0,1
15.0,1458.0,207.0,153.0,1.0,725.0,55.0,1
0.0,3922.0,85.0,228.0,7.0,945.0,118.0,1
17.0,7304.0,134.0,147.0,5.0,737.0,116.0,1
5.0,2449.0,33.0,261.0,5.0,450.0,240.0,1
16.0,2244.0,221.0,96.0,4.0,756.0,114.0,1
1.0,634.0,241.0,208.0,3.0,410.0,190.0,1
10.0,4571.0,159.0,61.0,3.0,970.0,120.0,1
1.0,1659.0,233.0,208.0,3.0,1100.0,135.0,1
13.0,450.0,264.0,79.0,5.0,678.0,139.0,1
10.0,3097.0,246.0,154.0,6.0,700.0,45.0,1
6.0,5260.0,53.0,16.0,6.0,727.0,107.0,1
11.0,6285.0,85.0,56.0,5.0,745.0,105.0,1
0.0,3684.0,221.0,148.0,5.0,380.0,106.0,1
5.0,2769.0,16.0,173.0,3.0,1025.0,91.0,1
5.0,1250.0,172.0,16.0,3.0,910.0,120.0,1
14.0,1753.0,60.0,277.0,4.0,1070.0,99.0,1
14.0,1604.0,216.0,35.0,4.0,675.0,75.0,1
6.0,5483.0,35.0,78.0,4.0,935.0,110.0,1
15.0,1163.0,264.0,153.0,1.0,520.0,70.0,1
1.0,1031.0,104.0,80.0,5.0,1105.0,195.0,1
17.0,1028.0,128.0,150.0,3.0,1025.0,40.0,1
5.0,1043.0,54.0,16.0,6.0,700.0,77.0,1
14.0,945.0,0.0,60.0,3.0,525.0,106.0,1
5.0,1014.0,16.0,22.0,3.0,1293.0,146.0,1
10.0,4526.0,61.0,159.0,1.0,625.0,110.0,1
5.0,174.0,173.0,16.0,6.0,1170.0,95.0,1
14.0,12.0,262.0,217.0,3.0,370.0,109.0,1
14.0,186.0,208.0,217.0,1.0,840.0,227.0,1
5.0,17.0,16.0,154.0,4.0,1136.0,303.0,1
6.0,7314.0,16.0,278.0,6.0,1155.0,67.0,1
12.0,6411.0,154.0,248.0,7.0,782.0,61.0,1
16.0,5891.0,17.0,208.0,5.0,1100.0,60.0,1
8.0,295.0,16.0,129.0,6.0,535.0,139.0,1
13.0,622.0,197.0,208.0,3.0,882.0,86.0,1
15.0,408.0,197.0,268.0,5.0,825.0,90.0,1
12.0,6605.0,79.0,29.0,4.0,1035.0,94.0,1
3.0,21.0,148.0,277.0,7.0,1170.0,191.0,1
10.0,2891.0,80.0,56.0,4.0,1010.0,120.0,1
15.0,3588.0,153.0,243.0,4.0,855.0,65.0,1
5.0,1854.0,268.0,16.0,1.0,910.0,95.0,1
15.0,991.0,262.0,44.0,4.0,565.0,70.0,1
16.0,2026.0,268.0,96.0,5.0,595.0,137.0,1
9.0,516.0,128.0,203.0,7.0,1300.0,37.0,1
15.0,944.0,217.0,204.0,3.0,615.0,120.0,1
0.0,4316.0,16.0,285.0,4.0,1135.0,55.0,1
2.0,648.0,252.0,280.0,1.0,715.0,173.0,1
4.0,476.0,260.0,96.0,6.0,810.0,247.0,1
10.0,2870.0,129.0,80.0,5.0,1105.0,70.0,1
16.0,2712.0,268.0,58.0,3.0,1080.0,82.0,1
12.0,4473.0,2.0,261.0,1.0,1040.0,99.0,1
15.0,2868.0,217.0,243.0,6.0,580.0,75.0,1
0.0,4162.0,109.0,85.0,5.0,915.0,62.0,1
13.0,977.0,134.0,79.0,3.0,499.0,255.0,1
13.0,254.0,79.0,208.0,4.0,1045.0,144.0,1
10.0,3785.0,208.0,135.0,6.0,1240.0,165.0,1
6.0,5160.0,41.0,16.0,5.0,435.0,102.0,1
5.0,46.0,35.0,16.0,6.0,735.0,176.0,1
15.0,48.0,75.0,162.0,4.0,1160.0,60.0,1
5.0,342.0,16.0,33.0,4.0,1243.0,71.0,1
3.0,524.0,173.0,96.0,5.0,1172.0,148.0,1
15.0,1115.0,45.0,175.0,4.0,465.0,130.0,1
10.0,3011.0,154.0,100.0,4.0,470.0,60.0,1
10.0,3665.0,221.0,183.0,5.0,390.0,180.0,1
0.0,4034.0,85.0,175.0,7.0,1045.0,77.0,1
0.0,3712.0,85.0,228.0,7.0,1315.0,112.0,1
15.0,381.0,2.0,154.0,7.0,820.0,125.0,1
5.0,2458.0,213.0,159.0,7.0,463.0,167.0,1
14.0,1433.0,35.0,60.0,4.0,375.0,152.0,1
4.0,1176.0,208.0,96.0,4.0,539.0,120.0,1
3.0,423.0,35.0,213.0,3.0,400.0,195.0,1
10.0,4021.0,208.0,62.0,4.0,720.0,50.0,1
12.0,6287.0,153.0,227.0,6.0,667.0,64.0,1
8.0,1089.0,173.0,139.0,6.0,675.0,138.0,1
15.0,1681.0,175.0,214.0,5.0,530.0,280.0,1
10.0,3650.0,285.0,183.0,3.0,360.0,135.0,1
17.0,2823.0,217.0,280.0,4.0,790.0,56.0,1
5.0,1474.0,173.0,197.0,3.0,455.0,215.0,1
12.0,6425.0,79.0,46.0,5.0,1116.0,109.0,1
5.0,1894.0,60.0,16.0,1.0,1090.0,88.0,1
13.0,634.0,208.0,96.0,5.0,365.0,125.0,1
14.0,413.0,60.0,253.0,5.0,995.0,347.0,1
1.0,890.0,244.0,80.0,1.0,575.0,65.0,1
1.0,1131.0,173.0,208.0,4.0,860.0,170.0,1
1.0,16.0,253.0,148.0,6.0,750.0,335.0,1
10.0,3298.0,80.0,129.0,4.0,430.0,65.0,1
1.0,1147.0,173.0,80.0,4.0,845.0,175.0,1
13.0,839.0,208.0,154.0,7.0,1133.0,267.0,1
15.0,1754.0,262.0,264.0,4.0,870.0,85.0,1
10.0,4481.0,78.0,233.0,1.0,899.0,66.0,1
15.0,1496.0,45.0,159.0,6.0,835.0,65.0,1
5.0,2399.0,16.0,234.0,3.0,758.0,92.0,1
10.0,3356.0,80.0,71.0,6.0,575.0,130.0,1
3.0,615.0,148.0,147.0,7.0,830.0,160.0,1
5.0,1510.0,79.0,85.0,4.0,685.0,170.0,1
5.0,1301.0,139.0,16.0,3.0,360.0,105.0,1
16.0,2628.0,245.0,135.0,5.0,510.0,162.0,1
13.0,673.0,159.0,208.0,3.0,600.0,160.0,1
13.0,449.0,208.0,243.0,6.0,590.0,270.0,1
4.0,440.0,261.0,135.0,6.0,470.0,176.0,1
13.0,796.0,233.0,134.0,5.0,373.0,69.0,1
15.0,689.0,216.0,173.0,7.0,1110.0,165.0,1
3.0,448.0,277.0,35.0,3.0,760.0,166.0,1
15.0,288.0,75.0,2.0,5.0,935.0,110.0,1
0.0,4113.0,78.0,139.0,1.0,890.0,121.0,1
15.0,688.0,13.0,79.0,6.0,960.0,80.0,1
14.0,1048.0,80.0,60.0,4.0,835.0,141.0,1
8.0,435.0,184.0,16.0,5.0,890.0,121.0,1
12.0,6496.0,154.0,65.0,4.0,1250.0,127.0,1
1.0,496.0,208.0,78.0,7.0,380.0,99.0,1
14.0,1849.0,216.0,197.0,5.0,1090.0,187.0,1
5.0,1075.0,233.0,16.0,1.0,660.0,86.0,1
10.0,2766.0,1.0,80.0,1.0,575.0,50.0,1
5.0,1439.0,16.0,135.0,1.0,960.0,139.0,1
7.0,530.0,175.0,79.0,3.0,765.0,155.0,1
1.0,533.0,80.0,243.0,7.0,1330.0,190.0,1
6.0,5314.0,85.0,80.0,4.0,725.0,191.0,1
1.0,1924.0,258.0,80.0,5.0,605.0,205.0,1
14.0,978.0,213.0,216.0,4.0,980.0,153.0,1
15.0,380.0,197.0,175.0,3.0,830.0,90.0,1
10.0,2870.0,129.0,80.0,3.0,1105.0,70.0,1
15.0,678.0,243.0,153.0,5.0,705.0,70.0,1
5.0,1629.0,148.0,153.0,4.0,970.0,366.0,1
15.0,317.0,217.0,198.0,5.0,880.0,175.0,1
17.0,2879.0,280.0,217.0,5.0,1150.0,59.0,1
11.0,6310.0,33.0,71.0,5.0,965.0,66.0,1
4.0,1602.0,18.0,135.0,3.0,1022.0,59.0,1
15.0,708.0,18.0,258.0,5.0,955.0,235.0,1
8.0,605.0,241.0,45.0,5.0,757.0,140.0,1
7.0,589.0,79.0,261.0,3.0,1270.0,85.0,1
5.0,2988.0,173.0,71.0,3.0,970.0,133.0,1
6.0,5268.0,85.0,90.0,4.0,1065.0,78.0,1
12.0,6539.0,253.0,111.0,4.0,1361.0,121.0,1
3.0,56.0,148.0,42.0,5.0,559.0,76.0,1
4.0,84.0,16.0,96.0,4.0,730.0,139.0,1
12.0,6988.0,79.0,65.0,1.0,764.0,35.0,1
8.0,483.0,45.0,173.0,5.0,1218.0,141.0,1
1.0,2337.0,208.0,80.0,7.0,940.0,155.0,1
5.0,2974.0,85.0,60.0,4.0,1160.0,116.0,1
1.0,2246.0,154.0,18.0,7.0,1050.0,170.0,1
5.0,511.0,16.0,147.0,1.0,510.0,79.0,1
12.0,4504.0,261.0,28.0,4.0,1027.0,82.0,1
14.0,2187.0,159.0,78.0,3.0,1140.0,77.0,1
11.0,6672.0,132.0,177.0,6.0,710.0,65.0,1
12.0,4770.0,261.0,67.0,5.0,1303.0,70.0,1
15.0,2014.0,79.0,129.0,6.0,1030.0,140.0,1
12.0,7019.0,214.0,252.0,4.0,1155.0,52.0,1
3.0,523.0,96.0,173.0,1.0,680.0,165.0,1
0.0,3888.0,177.0,33.0,3.0,855.0,63.0,1
6.0,5449.0,16.0,27.0,6.0,990.0,60.0,1
1.0,648.0,260.0,148.0,6.0,560.0,245.0,1
6.0,5256.0,278.0,85.0,3.0,450.0,115.0,1
15.0,831.0,216.0,175.0,3.0,380.0,135.0,1
1.0,1308.0,154.0,18.0,4.0,765.0,175.0,1
12.0,4863.0,197.0,34.0,4.0,1295.0,189.0,1
7.0,128.0,79.0,80.0,6.0,420.0,110.0,1
8.0,773.0,153.0,16.0,5.0,495.0,230.0,1
14.0,1172.0,277.0,78.0,7.0,715.0,125.0,1
13.0,424.0,134.0,35.0,1.0,742.0,97.0,1
15.0,792.0,85.0,33.0,7.0,385.0,105.0,1
4.0,1423.0,135.0,198.0,3.0,1270.0,65.0,1
4.0,597.0,135.0,153.0,5.0,1275.0,203.0,1
15.0,742.0,261.0,79.0,4.0,1120.0,80.0,1
4.0,345.0,58.0,135.0,1.0,525.0,189.0,1
0.0,4153.0,171.0,85.0,3.0,495.0,59.0,1
5.0,2453.0,159.0,277.0,4.0,839.0,182.0,1
7.0,790.0,214.0,79.0,7.0,385.0,144.0,1
1.0,403.0,80.0,280.0,7.0,1305.0,140.0,1
10.0,2710.0,290.0,80.0,3.0,420.0,75.0,1
7.0,707.0,241.0,79.0,4.0,1080.0,254.0,1
14.0,928.0,60.0,208.0,3.0,868.0,120.0,1
5.0,1692.0,277.0,85.0,6.0,632.0,158.0,1
13.0,573.0,243.0,253.0,3.0,774.0,101.0,1
3.0,21.0,148.0,277.0,5.0,1170.0,191.0,1
11.0,6762.0,197.0,221.0,5.0,600.0,130.0,1
14.0,1256.0,147.0,78.0,1.0,870.0,100.0,1
8.0,204.0,48.0,16.0,6.0,1106.0,114.0,1
4.0,1812.0,135.0,205.0,5.0,1260.0,129.0,1
6.0,4966.0,16.0,215.0,6.0,505.0,98.0,1
11.0,6567.0,85.0,290.0,5.0,945.0,147.0,1
15.0,3101.0,216.0,268.0,6.0,560.0,160.0,1
6.0,5187.0,16.0,27.0,5.0,750.0,58.0,1
5.0,2038.0,16.0,78.0,6.0,920.0,105.0,1
5.0,1432.0,45.0,177.0,3.0,375.0,147.0,1
6.0,5491.0,16.0,254.0,7.0,515.0,123.0,1
7.0,414.0,154.0,79.0,5.0,912.0,135.0,1
10.0,3375.0,80.0,108.0,6.0,1020.0,60.0,1
14.0,1434.0,183.0,60.0,4.0,380.0,126.0,1
6.0,7098.0,208.0,120.0,7.0,526.0,102.0,1
16.0,2745.0,33.0,96.0,1.0,360.0,127.0,1
6.0,5404.0,16.0,19.0,7.0,825.0,58.0,1
4.0,294.0,154.0,135.0,5.0,490.0,189.0,1
10.0,3702.0,208.0,79.0,4.0,735.0,160.0,1
13.0,758.0,79.0,136.0,7.0,804.0,82.0,1
5.0,1908.0,79.0,197.0,5.0,920.0,119.0,1
8.0,463.0,45.0,16.0,6.0,1160.0,125.0,1
1.0,354.0,172.0,208.0,1.0,915.0,90.0,1
13.0,147.0,22.0,134.0,7.0,868.0,88.0,1
12.0,6351.0,79.0,232.0,1.0,1095.0,156.0,1
14.0,1814.0,277.0,60.0,3.0,620.0,101.0,1
3.0,233.0,261.0,160.0,7.0,690.0,109.0,1
16.0,2637.0,75.0,135.0,1.0,1019.0,69.0,1
14.0,1295.0,78.0,147.0,3.0,1195.0,127.0,1
12.0,6507.0,79.0,258.0,1.0,914.0,156.0,1
12.0,6239.0,208.0,117.0,4.0,1021.0,53.0,1
9.0,545.0,203.0,128.0,3.0,1073.0,34.0,1
5.0,2011.0,16.0,80.0,7.0,957.0,148.0,1
7.0,724.0,79.0,78.0,7.0,705.0,193.0,1
1.0,1955.0,80.0,217.0,6.0,1325.0,150.0,1
13.0,167.0,35.0,154.0,4.0,1056.0,392.0,1
10.0,3648.0,71.0,183.0,3.0,890.0,160.0,1
3.0,1114.0,173.0,234.0,6.0,895.0,106.0,1
12.0,6546.0,179.0,214.0,5.0,549.0,74.0,1
10.0,4129.0,62.0,208.0,6.0,1065.0,65.0,1
11.0,6401.0,71.0,177.0,6.0,455.0,103.0,1
7.0,511.0,79.0,252.0,3.0,1265.0,174.0,1
5.0,1838.0,16.0,78.0,4.0,1040.0,106.0,1
14.0,948.0,60.0,58.0,7.0,1189.0,97.0,1
10.0,3641.0,183.0,61.0,7.0,1045.0,160.0,1
6.0,4959.0,16.0,4.0,4.0,1236.0,55.0,1
6.0,5513.0,177.0,180.0,3.0,860.0,65.0,1
15.0,1606.0,34.0,111.0,6.0,1010.0,65.0,1
15.0,2294.0,277.0,175.0,6.0,640.0,165.0,1
14.0,48.0,78.0,153.0,1.0,510.0,324.0,1
6.0,5315.0,47.0,16.0,4.0,1075.0,78.0,1
13.0,944.0,154.0,208.0,5.0,419.0,241.0,1
12.0,6383.0,253.0,246.0,5.0,1065.0,82.0,1
16.0,2139.0,135.0,91.0,1.0,535.0,120.0,1
15.0,1056.0,153.0,207.0,4.0,520.0,55.0,1
2.0,677.0,79.0,252.0,3.0,480.0,175.0,1
12.0,4489.0,65.0,261.0,4.0,385.0,95.0,1
15.0,1061.0,170.0,2.0,1.0,445.0,70.0,1
13.0,628.0,243.0,208.0,7.0,840.0,238.0,1
12.0,6827.0,208.0,265.0,7.0,1315.0,53.0,1
5.0,1103.0,148.0,261.0,6.0,420.0,342.0,1
8.0,99.0,16.0,233.0,4.0,832.0,78.0,1
5.0,1474.0,197.0,153.0,7.0,680.0,212.0,1
0.0,4266.0,107.0,197.0,3.0,518.0,67.0,1
3.0,503.0,96.0,104.0,5.0,586.0,197.0,1
5.0,2856.0,243.0,148.0,4.0,1350.0,319.0,1
12.0,6284.0,214.0,154.0,7.0,1150.0,138.0,1
4.0,555.0,58.0,253.0,6.0,535.0,305.0,1
5.0,2417.0,85.0,153.0,4.0,950.0,278.0,1
15.0,792.0,33.0,147.0,4.0,465.0,85.0,1
10.0,4246.0,139.0,208.0,4.0,1055.0,75.0,1
6.0,5186.0,35.0,78.0,7.0,995.0,110.0,1
15.0,3836.0,85.0,175.0,5.0,480.0,75.0,1
12.0,4711.0,197.0,290.0,3.0,935.0,109.0,1
10.0,4136.0,139.0,208.0,5.0,1210.0,80.0,1
0.0,3697.0,85.0,27.0,6.0,545.0,125.0,1
16.0,2453.0,135.0,38.0,6.0,575.0,66.0,1
13.0,278.0,208.0,233.0,3.0,1148.0,116.0,1
1.0,663.0,148.0,104.0,3.0,455.0,200.0,1
16.0,2082.0,135.0,2.0,5.0,685.0,133.0,1
11.0,6735.0,35.0,233.0,1.0,580.0,142.0,1
12.0,6887.0,154.0,24.0,3.0,1353.0,50.0,1
5.0,1592.0,243.0,16.0,1.0,385.0,248.0,1
12.0,4518.0,261.0,79.0,3.0,760.0,83.0,1
13.0,901.0,253.0,243.0,6.0,1190.0,96.0,1
15.0,3915.0,129.0,33.0,5.0,450.0,105.0,1
5.0,1792.0,243.0,16.0,5.0,1365.0,238.0,1
14.0,800.0,173.0,60.0,7.0,1150.0,96.0,1
7.0,772.0,153.0,79.0,6.0,497.0,108.0,1
4.0,1130.0,80.0,96.0,1.0,420.0,198.0,1
1.0,993.0,277.0,183.0,3.0,440.0,65.0,1
3.0,580.0,213.0,130.0,4.0,1101.0,159.0,1
13.0,830.0,253.0,208.0,1.0,690.0,251.0,1
15.0,1592.0,87.0,33.0,4.0,1070.0,95.0,1
15.0,186.0,146.0,175.0,3.0,1045.0,120.0,1
15.0,2984.0,154.0,258.0,5.0,480.0,65.0,1
5.0,1245.0,85.0,139.0,4.0,1050.0,70.0,1
3.0,904.0,208.0,148.0,3.0,550.0,122.0,1
13.0,42.0,128.0,79.0,4.0,1380.0,423.0,1
12.0,6817.0,44.0,79.0,1.0,483.0,136.0,1
15.0,2785.0,104.0,216.0,3.0,710.0,175.0,1
11.0,6469.0,16.0,120.0,5.0,645.0,86.0,1
15.0,2885.0,280.0,243.0,1.0,705.0,75.0,1
11.0,6594.0,27.0,159.0,5.0,375.0,150.0,1
16.0,3061.0,204.0,135.0,1.0,730.0,84.0,1
15.0,771.0,45.0,153.0,4.0,790.0,330.0,1
8.0,641.0,79.0,184.0,1.0,892.0,143.0,1
8.0,60.0,154.0,16.0,3.0,420.0,250.0,1
2.0,659.0,217.0,214.0,7.0,665.0,180.0,1
12.0,6561.0,107.0,79.0,3.0,1151.0,103.0,1
3.0,706.0,260.0,148.0,7.0,752.0,241.0,1
15.0,580.0,217.0,253.0,5.0,885.0,125.0,1
8.0,325.0,16.0,253.0,6.0,525.0,342.0,1
1.0,1355.0,80.0,217.0,6.0,705.0,155.0,1
10.0,3325.0,84.0,80.0,6.0,360.0,130.0,1
8.0,227.0,184.0,159.0,1.0,798.0,121.0,1
3.0,130.0,148.0,43.0,3.0,1110.0,93.0,1
12.0,4855.0,28.0,261.0,4.0,700.0,80.0,1
2.0,66.0,14.0,50.0,5.0,925.0,53.0,1
16.0,2334.0,135.0,245.0,5.0,850.0,121.0,1
3.0,738.0,37.0,148.0,4.0,675.0,229.0,1
11.0,6552.0,85.0,216.0,4.0,740.0,105.0,1
13.0,844.0,252.0,253.0,4.0,728.0,136.0,1
13.0,898.0,134.0,35.0,6.0,1035.0,95.0,1
15.0,1163.0,264.0,153.0,3.0,520.0,70.0,1
0.0,3684.0,148.0,42.0,5.0,540.0,109.0,1
16.0,2507.0,251.0,135.0,4.0,518.0,152.0,1
1.0,1442.0,243.0,208.0,4.0,590.0,235.0,1
11.0,6278.0,290.0,71.0,3.0,675.0,111.0,1
14.0,940.0,243.0,217.0,4.0,980.0,75.0,1
6.0,7357.0,268.0,177.0,4.0,1030.0,70.0,1
15.0,661.0,217.0,79.0,3.0,410.0,110.0,1
10.0,3386.0,56.0,80.0,4.0,975.0,130.0,1
16.0,2380.0,135.0,19.0,7.0,780.0,121.0,1
10.0,3620.0,209.0,183.0,7.0,445.0,155.0,1
12.0,3067.0,268.0,184.0,7.0,745.0,77.0,1
3.0,209.0,148.0,160.0,7.0,785.0,368.0,1
15.0,102.0,243.0,2.0,3.0,985.0,100.0,1
12.0,6560.0,79.0,111.0,4.0,914.0,146.0,1
15.0,108.0,162.0,75.0,5.0,1160.0,65.0,1
17.0,1053.0,203.0,161.0,1.0,715.0,45.0,1
11.0,6683.0,174.0,85.0,7.0,990.0,105.0,1
0.0,3667.0,85.0,106.0,4.0,910.0,47.0,1
4.0,1406.0,104.0,135.0,6.0,535.0,163.0,1
15.0,929.0,12.0,45.0,4.0,1175.0,75.0,1
15.0,2544.0,244.0,173.0,6.0,490.0,145.0,1
13.0,688.0,208.0,159.0,7.0,961.0,135.0,1
13.0,797.0,153.0,154.0,3.0,539.0,77.0,1
15.0,3949.0,33.0,61.0,7.0,700.0,70.0,1
1.0,1005.0,104.0,208.0,4.0,1230.0,190.0,1
1.0,1495.0,80.0,262.0,4.0,590.0,225.0,1
1.0,855.0,104.0,80.0,4.0,820.0,195.0,1
12.0,4513.0,204.0,177.0,5.0,725.0,94.0,1
15.0,1016.0,197.0,175.0,5.0,715.0,100.0,1
13.0,191.0,173.0,208.0,5.0,662.0,176.0,1
17.0,1054.0,161.0,203.0,4.0,780.0,45.0,1
15.0,1954.0,146.0,129.0,6.0,485.0,80.0,1
11.0,6709.0,209.0,71.0,4.0,1055.0,122.0,1
12.0,6927.0,127.0,79.0,4.0,823.0,107.0,1
15.0,2539.0,18.0,33.0,1.0,490.0,115.0,1
15.0,1999.0,33.0,147.0,3.0,695.0,85.0,1
15.0,1727.0,104.0,268.0,7.0,860.0,180.0,1
12.0,4652.0,197.0,117.0,6.0,1185.0,65.0,1
17.0,1012.0,161.0,128.0,4.0,600.0,29.0,1
13.0,14.0,253.0,148.0,7.0,970.0,331.0,1
2.0,305.0,253.0,252.0,7.0,785.0,128.0,1
13.0,403.0,79.0,264.0,6.0,680.0,155.0,1
15.0,411.0,153.0,253.0,4.0,840.0,95.0,1
15.0,1589.0,202.0,243.0,3.0,1215.0,80.0,1
11.0,6774.0,22.0,78.0,1.0,735.0,88.0,1
6.0,5158.0,288.0,177.0,6.0,990.0,91.0,1
1.0,1763.0,183.0,208.0,3.0,800.0,200.0,1
1.0,726.0,80.0,159.0,1.0,690.0,195.0,1
2.0,345.0,202.0,252.0,7.0,1020.0,120.0,1
9.0,9.0,154.0,128.0,6.0,1030.0,355.0,1
12.0,4442.0,79.0,261.0,3.0,1155.0,89.0,1
15.0,3067.0,233.0,175.0,3.0,1040.0,130.0,1
13.0,251.0,134.0,214.0,6.0,1050.0,353.0,1
10.0,2809.0,80.0,146.0,1.0,1080.0,80.0,1
15.0,830.0,264.0,202.0,3.0,1285.0,80.0,1
13.0,857.0,154.0,253.0,3.0,562.0,94.0,1
8.0,1051.0,173.0,0.0,3.0,945.0,143.0,1
13.0,787.0,253.0,243.0,3.0,1348.0,91.0,1
1.0,479.0,80.0,252.0,7.0,735.0,260.0,1
9.0,7.0,153.0,128.0,7.0,540.0,385.0,1
15.0,1216.0,153.0,173.0,5.0,630.0,265.0,1
5.0,2156.0,85.0,139.0,1.0,930.0,70.0,1
5.0,16.0,154.0,16.0,4.0,470.0,251.0,1
5.0,1004.0,16.0,76.0,5.0,670.0,97.0,1
12.0,6725.0,244.0,79.0,4.0,1170.0,136.0,1
12.0,6590.0,177.0,79.0,3.0,832.0,169.0,1
14.0,574.0,262.0,217.0,6.0,750.0,104.0,1
10.0,2863.0,80.0,71.0,6.0,740.0,130.0,1
15.0,2545.0,79.0,202.0,7.0,1300.0,165.0,1
15.0,153.0,153.0,79.0,3.0,405.0,115.0,1
6.0,5051.0,16.0,120.0,4.0,965.0,79.0,1
10.0,3338.0,80.0,10.0,4.0,590.0,65.0,1
1.0,336.0,208.0,159.0,4.0,1255.0,120.0,1
15.0,105.0,172.0,175.0,6.0,580.0,80.0,1
5.0,2937.0,195.0,85.0,1.0,420.0,84.0,1
10.0,3612.0,27.0,183.0,4.0,370.0,115.0,1
14.0,627.0,217.0,202.0,3.0,1270.0,123.0,1
14.0,84.0,216.0,252.0,5.0,450.0,362.0,1
14.0,1157.0,216.0,241.0,3.0,600.0,188.0,1
1.0,1776.0,80.0,216.0,5.0,405.0,185.0,1
5.0,2601.0,16.0,74.0,1.0,960.0,80.0,1
10.0,4339.0,208.0,276.0,4.0,975.0,55.0,1
9.0,373.0,128.0,161.0,7.0,847.0,38.0,1
15.0,1624.0,79.0,205.0,4.0,1140.0,80.0,1
5.0,1808.0,79.0,197.0,5.0,1135.0,120.0,1
12.0,7806.0,261.0,64.0,5.0,669.0,89.0,1
4.0,768.0,96.0,153.0,6.0,425.0,332.0,1
12.0,3045.0,84.0,184.0,4.0,365.0,66.0,1
6.0,5522.0,16.0,27.0,4.0,630.0,56.0,1
0.0,3815.0,223.0,177.0,3.0,375.0,91.0,1
6.0,5425.0,87.0,16.0,6.0,553.0,71.0,1
6.0,5211.0,268.0,78.0,7.0,865.0,122.0,1
15.0,12.0,75.0,204.0,5.0,625.0,50.0,1
8.0,78.0,104.0,16.0,1.0,1085.0,122.0,1
16.0,3011.0,134.0,135.0,3.0,875.0,201.0,1
5.0,2140.0,153.0,261.0,7.0,1102.0,83.0,1
10.0,3229.0,80.0,155.0,5.0,1270.0,70.0,1
10.0,4062.0,290.0,208.0,3.0,540.0,105.0,1
1.0,1141.0,148.0,183.0,3.0,345.0,190.0,1
1.0,1341.0,208.0,253.0,3.0,435.0,285.0,1
12.0,6964.0,232.0,214.0,6.0,345.0,58.0,1
8.0,1007.0,241.0,35.0,6.0,840.0,175.0,1
8.0,376.0,277.0,184.0,4.0,1094.0,169.0,1
4.0,1700.0,104.0,96.0,6.0,480.0,162.0,1
8.0,100.0,80.0,16.0,4.0,390.0,125.0,1
4.0,1502.0,96.0,154.0,6.0,1145.0,374.0,1
14.0,1898.0,216.0,221.0,7.0,1235.0,70.0,1
12.0,6254.0,100.0,253.0,5.0,465.0,67.0,1
15.0,1967.0,153.0,34.0,6.0,905.0,110.0,1
8.0,361.0,159.0,16.0,4.0,630.0,157.0,1
14.0,833.0,234.0,60.0,6.0,420.0,76.0,1
16.0,3119.0,135.0,190.0,6.0,599.0,71.0,1
10.0,3727.0,208.0,162.0,5.0,1305.0,110.0,1
3.0,585.0,130.0,104.0,6.0,705.0,179.0,1
11.0,6672.0,132.0,177.0,3.0,710.0,65.0,1
15.0,1310.0,45.0,228.0,3.0,405.0,70.0,1
10.0,2766.0,1.0,80.0,7.0,575.0,50.0,1
1.0,1985.0,216.0,260.0,1.0,430.0,230.0,1
11.0,6397.0,273.0,148.0,5.0,370.0,90.0,1
6.0,5033.0,16.0,91.0,4.0,1175.0,207.0,1
16.0,2775.0,96.0,19.0,4.0,545.0,141.0,1
5.0,1590.0,172.0,16.0,5.0,577.0,121.0,1
1.0,1181.0,78.0,183.0,6.0,1010.0,170.0,1
5.0,2861.0,16.0,280.0,7.0,674.0,258.0,1
6.0,7096.0,35.0,134.0,5.0,1002.0,102.0,1
5.0,1762.0,85.0,216.0,1.0,615.0,104.0,1
16.0,3121.0,162.0,135.0,4.0,893.0,82.0,1
8.0,1098.0,173.0,139.0,5.0,1139.0,139.0,1
12.0,6349.0,79.0,205.0,6.0,817.0,88.0,1
13.0,336.0,154.0,79.0,4.0,781.0,145.0,1
14.0,2047.0,35.0,78.0,7.0,1140.0,96.0,1
10.0,4201.0,61.0,208.0,7.0,610.0,90.0,1
13.0,503.0,79.0,153.0,5.0,880.0,123.0,1
1.0,1929.0,253.0,154.0,1.0,455.0,90.0,1
1.0,2321.0,208.0,80.0,6.0,700.0,150.0,1
1.0,1159.0,80.0,65.0,4.0,1090.0,115.0,1
1.0,1965.0,268.0,80.0,5.0,360.0,115.0,1
6.0,5511.0,16.0,116.0,5.0,1295.0,83.0,1
3.0,1422.0,160.0,214.0,5.0,680.0,143.0,1
15.0,2198.0,45.0,261.0,7.0,820.0,305.0,1
1.0,1495.0,147.0,80.0,5.0,425.0,175.0,1
1.0,521.0,183.0,79.0,5.0,945.0,265.0,1
12.0,4868.0,107.0,197.0,1.0,420.0,68.0,1
16.0,2611.0,251.0,135.0,3.0,1125.0,144.0,1
6.0,5222.0,16.0,41.0,7.0,1310.0,98.0,1
2.0,518.0,252.0,264.0,3.0,1180.0,159.0,1
17.0,2629.0,33.0,60.0,1.0,870.0,75.0,1
5.0,2755.0,71.0,277.0,1.0,670.0,123.0,1
5.0,2261.0,233.0,85.0,3.0,975.0,115.0,1
1.0,1803.0,80.0,153.0,3.0,1015.0,175.0,1
16.0,5987.0,208.0,20.0,3.0,850.0,105.0,1
1.0,2010.0,79.0,80.0,1.0,930.0,115.0,1
0.0,4370.0,245.0,16.0,7.0,1092.0,82.0,1
7.0,847.0,79.0,252.0,5.0,495.0,176.0,1
0.0,3837.0,85.0,157.0,4.0,925.0,79.0,1
2.0,10.0,252.0,173.0,4.0,1365.0,317.0,1
14.0,1744.0,60.0,216.0,4.0,390.0,97.0,1
10.0,4287.0,208.0,61.0,6.0,1095.0,75.0,1
14.0,393.0,153.0,80.0,6.0,580.0,158.0,1
0.0,3996.0,85.0,32.0,6.0,1190.0,86.0,1
15.0,361.0,22.0,45.0,7.0,765.0,70.0,1
12.0,6479.0,221.0,79.0,3.0,950.0,229.0,1
3.0,1060.0,18.0,148.0,7.0,420.0,205.0,1
12.0,4517.0,261.0,217.0,3.0,599.0,101.0,1
15.0,151.0,262.0,243.0,4.0,810.0,85.0,1
1.0,264.0,154.0,35.0,7.0,780.0,325.0,1
5.0,630.0,85.0,78.0,4.0,835.0,95.0,1
8.0,492.0,173.0,45.0,5.0,927.0,128.0,1
15.0,804.0,79.0,172.0,7.0,1140.0,95.0,1
8.0,96.0,233.0,16.0,4.0,375.0,85.0,1
9.0,116.0,128.0,203.0,6.0,480.0,37.0,1
0.0,4328.0,197.0,139.0,7.0,440.0,103.0,1
0.0,4370.0,16.0,177.0,4.0,1215.0,89.0,1
1.0,560.0,236.0,208.0,3.0,830.0,235.0,1
13.0,829.0,279.0,79.0,4.0,964.0,116.0,1
8.0,400.0,16.0,139.0,6.0,1335.0,102.0,1
5.0,2533.0,35.0,173.0,1.0,420.0,205.0,1
16.0,2879.0,208.0,58.0,5.0,515.0,70.0,1
15.0,126.0,79.0,18.0,3.0,630.0,125.0,1
10.0,2751.0,254.0,80.0,6.0,405.0,95.0,1
9.0,185.0,203.0,128.0,1.0,675.0,34.0,1
10.0,2781.0,80.0,119.0,5.0,1170.0,145.0,1
5.0,2854.0,253.0,85.0,1.0,780.0,276.0,1
15.0,899.0,202.0,79.0,7.0,785.0,140.0,1
12.0,6607.0,177.0,79.0,7.0,522.0,170.0,1
13.0,318.0,79.0,279.0,7.0,1230.0,97.0,1
17.0,2847.0,217.0,292.0,6.0,1180.0,70.0,1
8.0,177.0,16.0,241.0,7.0,779.0,106.0,1
15.0,1058.0,262.0,217.0,7.0,480.0,105.0,1
15.0,793.0,175.0,146.0,5.0,660.0,120.0,1
5.0,2007.0,60.0,197.0,4.0,495.0,180.0,1
5.0,1990.0,198.0,16.0,5.0,750.0,93.0,1
15.0,1175.0,202.0,236.0,5.0,545.0,50.0,1
0.0,4209.0,177.0,116.0,6.0,875.0,79.0,1
15.0,545.0,207.0,262.0,1.0,515.0,80.0,1
8.0,1039.0,277.0,221.0,7.0,889.0,137.0,1
11.0,6574.0,148.0,58.0,5.0,1075.0,131.0,1
13.0,468.0,252.0,253.0,4.0,360.0,130.0,1
13.0,673.0,208.0,80.0,4.0,742.0,159.0,1
6.0,7135.0,54.0,134.0,6.0,611.0,90.0,1
15.0,278.0,277.0,61.0,6.0,550.0,135.0,1
15.0,1730.0,175.0,253.0,6.0,665.0,300.0,1
11.0,6523.0,148.0,234.0,4.0,1210.0,101.0,1
12.0,6881.0,79.0,262.0,4.0,556.0,156.0,1
14.0,1216.0,80.0,60.0,3.0,615.0,142.0,1
11.0,6770.0,78.0,139.0,3.0,505.0,122.0,1
14.0,1813.0,60.0,277.0,6.0,465.0,100.0,1
5.0,1801.0,228.0,16.0,5.0,1080.0,175.0,1
15.0,667.0,277.0,147.0,5.0,710.0,50.0,1
15.0,1022.0,79.0,153.0,7.0,1035.0,115.0,1
15.0,3771.0,79.0,175.0,3.0,485.0,135.0,1
15.0,1643.0,264.0,258.0,6.0,715.0,75.0,1
5.0,2118.0,173.0,16.0,3.0,630.0,89.0,1
15.0,1440.0,175.0,202.0,1.0,910.0,300.0,1
15.0,2992.0,205.0,268.0,4.0,750.0,70.0,1
5.0,1149.0,154.0,128.0,6.0,1080.0,369.0,1
14.0,49.0,153.0,78.0,4.0,720.0,267.0,1
5.0,1439.0,78.0,16.0,4.0,780.0,122.0,1
0.0,3827.0,228.0,85.0,1.0,1095.0,143.0,1
14.0,855.0,277.0,78.0,7.0,1095.0,125.0,1
7.0,234.0,264.0,79.0,3.0,626.0,129.0,1
16.0,2792.0,135.0,279.0,4.0,540.0,83.0,1
15.0,978.0,175.0,253.0,1.0,790.0,300.0,1
15.0,881.0,236.0,258.0,6.0,1100.0,60.0,1
15.0,1104.0,172.0,243.0,5.0,770.0,220.0,1
1.0,1639.0,148.0,260.0,5.0,1230.0,230.0,1
5.0,2036.0,85.0,45.0,1.0,450.0,95.0,1
2.0,42.0,23.0,14.0,4.0,543.0,68.0,1
5.0,2385.0,35.0,71.0,4.0,365.0,145.0,1
15.0,1216.0,262.0,153.0,4.0,520.0,80.0,1
5.0,2772.0,177.0,197.0,6.0,1120.0,131.0,1
10.0,4281.0,208.0,94.0,7.0,710.0,65.0,1
13.0,647.0,134.0,253.0,4.0,1167.0,368.0,1
1.0,1494.0,18.0,80.0,1.0,540.0,65.0,1
10.0,3254.0,80.0,129.0,6.0,1010.0,70.0,1
0.0,4297.0,85.0,162.0,3.0,935.0,143.0,1
14.0,704.0,217.0,60.0,7.0,800.0,234.0,1
13.0,244.0,79.0,208.0,4.0,626.0,143.0,1
1.0,1994.0,135.0,183.0,6.0,360.0,135.0,1
10.0,4313.0,61.0,208.0,1.0,905.0,85.0,1
15.0,518.0,264.0,79.0,4.0,640.0,135.0,1
15.0,978.0,175.0,253.0,4.0,790.0,300.0,1
15.0,863.0,198.0,129.0,5.0,385.0,75.0,1
1.0,2325.0,208.0,80.0,1.0,760.0,150.0,1
14.0,621.0,217.0,202.0,6.0,650.0,123.0,1
15.0,1657.0,261.0,153.0,3.0,935.0,80.0,1
8.0,113.0,16.0,80.0,4.0,901.0,146.0,1
13.0,735.0,204.0,79.0,1.0,818.0,106.0,1
16.0,2980.0,285.0,58.0,4.0,1016.0,79.0,1
12.0,4774.0,261.0,224.0,7.0,690.0,105.0,1
12.0,7052.0,83.0,79.0,6.0,364.0,76.0,1
16.0,2518.0,96.0,205.0,3.0,809.0,195.0,1
4.0,1676.0,135.0,216.0,7.0,970.0,184.0,1
4.0,1448.0,135.0,104.0,4.0,625.0,147.0,1
5.0,2880.0,253.0,16.0,7.0,720.0,280.0,1
13.0,61.0,135.0,253.0,3.0,391.0,261.0,1
4.0,1123.0,35.0,96.0,3.0,515.0,80.0,1
10.0,3739.0,208.0,96.0,7.0,680.0,130.0,1
15.0,1331.0,182.0,216.0,4.0,1160.0,100.0,1
5.0,2674.0,173.0,78.0,7.0,1015.0,122.0,1
1.0,2287.0,279.0,80.0,7.0,595.0,75.0,1
6.0,7091.0,134.0,245.0,3.0,1025.0,105.0,1
17.0,7306.0,134.0,273.0,6.0,505.0,72.0,1
15.0,479.0,214.0,217.0,3.0,665.0,150.0,1
10.0,3370.0,80.0,41.0,5.0,515.0,80.0,1
3.0,237.0,261.0,160.0,5.0,1090.0,109.0,1
17.0,2841.0,217.0,292.0,4.0,585.0,79.0,1
17.0,7263.0,60.0,134.0,5.0,880.0,90.0,1
15.0,1075.0,2.0,79.0,5.0,530.0,75.0,1
8.0,450.0,16.0,198.0,5.0,1007.0,98.0,1
6.0,5026.0,97.0,16.0,1.0,1045.0,125.0,1
15.0,2638.0,141.0,277.0,3.0,880.0,190.0,1
14.0,638.0,80.0,217.0,1.0,735.0,162.0,1
12.0,4675.0,261.0,44.0,6.0,915.0,115.0,1
1.0,1223.0,104.0,80.0,3.0,645.0,195.0,1
5.0,1130.0,177.0,16.0,3.0,945.0,85.0,1
5.0,2685.0,159.0,173.0,1.0,415.0,170.0,1
15.0,2656.0,129.0,279.0,7.0,605.0,80.0,1
6.0,5287.0,10.0,16.0,7.0,880.0,97.0,1
17.0,7271.0,221.0,134.0,3.0,615.0,62.0,1
3.0,181.0,148.0,243.0,4.0,510.0,374.0,1
14.0,230.0,253.0,217.0,6.0,550.0,115.0,1
1.0,736.0,172.0,80.0,6.0,700.0,100.0,1
15.0,298.0,236.0,154.0,4.0,525.0,85.0,1
14.0,1817.0,35.0,216.0,4.0,570.0,95.0,1
13.0,445.0,45.0,79.0,4.0,433.0,253.0,1
1.0,257.0,148.0,153.0,1.0,990.0,360.0,1
15.0,1022.0,35.0,45.0,3.0,745.0,90.0,1
17.0,2901.0,54.0,60.0,1.0,660.0,69.0,1
15.0,1030.0,258.0,153.0,5.0,450.0,85.0,1
12.0,4789.0,154.0,243.0,4.0,1120.0,45.0,1
0.0,4076.0,25.0,85.0,3.0,745.0,99.0,1
9.0,26.0,128.0,214.0,5.0,940.0,325.0,1
11.0,6528.0,71.0,35.0,5.0,675.0,130.0,1
12.0,7004.0,248.0,253.0,6.0,559.0,65.0,1
5.0,2153.0,197.0,252.0,3.0,860.0,220.0,1
14.0,158.0,217.0,268.0,4.0,590.0,180.0,1
5.0,2261.0,233.0,85.0,7.0,975.0,115.0,1
5.0,2075.0,43.0,16.0,7.0,1098.0,147.0,1
7.0,411.0,79.0,154.0,6.0,1090.0,147.0,1
1.0,1936.0,154.0,253.0,3.0,725.0,90.0,1
12.0,6465.0,261.0,154.0,5.0,370.0,120.0,1
8.0,772.0,16.0,153.0,6.0,1208.0,285.0,1
1.0,1246.0,80.0,183.0,1.0,850.0,160.0,1
1.0,1629.0,80.0,243.0,7.0,630.0,195.0,1
10.0,3082.0,243.0,154.0,4.0,1020.0,45.0,1
14.0,1456.0,78.0,173.0,3.0,615.0,142.0,1
13.0,931.0,253.0,154.0,5.0,1127.0,93.0,1
15.0,277.0,154.0,172.0,4.0,435.0,190.0,1
15.0,618.0,45.0,33.0,3.0,545.0,120.0,1
6.0,5309.0,174.0,16.0,1.0,794.0,131.0,1
1.0,412.0,269.0,148.0,3.0,1030.0,259.0,1
5.0,2033.0,16.0,198.0,1.0,970.0,100.0,1
11.0,6318.0,71.0,120.0,7.0,915.0,77.0,1
16.0,2513.0,182.0,96.0,1.0,567.0,79.0,1
10.0,2940.0,1.0,80.0,3.0,395.0,50.0,1
5.0,379.0,43.0,16.0,3.0,817.0,136.0,1
15.0,5.0,129.0,198.0,3.0,565.0,60.0,1
4.0,411.0,96.0,135.0,4.0,700.0,240.0,1
6.0,5467.0,27.0,16.0,4.0,540.0,61.0,1
10.0,4077.0,0.0,208.0,7.0,365.0,140.0,1
15.0,834.0,268.0,85.0,6.0,720.0,90.0,1
1.0,1646.0,279.0,80.0,1.0,500.0,80.0,1
5.0,1921.0,85.0,217.0,3.0,525.0,278.0,1
10.0,4557.0,61.0,159.0,3.0,930.0,105.0,1
6.0,4966.0,288.0,16.0,4.0,325.0,69.0,1
5.0,1023.0,76.0,16.0,1.0,657.0,105.0,1
12.0,6751.0,285.0,208.0,6.0,992.0,107.0,1
15.0,632.0,35.0,175.0,3.0,1145.0,175.0,1
1.0,313.0,159.0,208.0,6.0,545.0,165.0,1
10.0,3253.0,80.0,59.0,6.0,640.0,55.0,1
15.0,185.0,139.0,45.0,3.0,395.0,100.0,1
16.0,5953.0,208.0,172.0,3.0,1230.0,90.0,1
0.0,3713.0,85.0,109.0,5.0,1170.0,61.0,1
17.0,1053.0,203.0,161.0,3.0,715.0,45.0,1
5.0,1816.0,79.0,16.0,7.0,633.0,172.0,1
1.0,1955.0,78.0,80.0,4.0,1090.0,215.0,1
12.0,4521.0,114.0,261.0,3.0,915.0,60.0,1
0.0,3788.0,197.0,82.0,3.0,1325.0,55.0,1
11.0,6593.0,85.0,17.0,7.0,1195.0,95.0,1
15.0,3505.0,216.0,35.0,3.0,630.0,90.0,1
15.0,1325.0,146.0,175.0,1.0,740.0,120.0,1
0.0,3894.0,197.0,76.0,1.0,610.0,112.0,1
15.0,1489.0,277.0,198.0,7.0,1030.0,105.0,1
16.0,2057.0,58.0,273.0,5.0,925.0,77.0,1
16.0,3068.0,135.0,131.0,6.0,575.0,68.0,1
5.0,2100.0,16.0,35.0,1.0,830.0,150.0,1
15.0,3658.0,258.0,44.0,5.0,845.0,60.0,1
15.0,795.0,204.0,129.0,7.0,1075.0,80.0,1
12.0,4581.0,261.0,262.0,6.0,910.0,100.0,1
15.0,155.0,253.0,243.0,5.0,1150.0,85.0,1
0.0,3824.0,221.0,197.0,3.0,1016.0,144.0,1
13.0,588.0,80.0,134.0,5.0,1022.0,176.0,1
12.0,4497.0,18.0,261.0,1.0,850.0,169.0,1
10.0,3918.0,208.0,76.0,3.0,1170.0,70.0,1
10.0,4124.0,139.0,148.0,5.0,715.0,124.0,1
15.0,1481.0,33.0,79.0,1.0,365.0,185.0,1
5.0,1640.0,16.0,85.0,5.0,595.0,127.0,1
4.0,304.0,96.0,214.0,6.0,600.0,370.0,1
4.0,267.0,135.0,252.0,4.0,720.0,280.0,1
15.0,1956.0,129.0,244.0,1.0,1055.0,55.0,1
6.0,5584.0,16.0,19.0,6.0,605.0,61.0,1
13.0,312.0,277.0,134.0,5.0,841.0,136.0,1
10.0,2784.0,80.0,284.0,3.0,585.0,45.0,1
4.0,855.0,213.0,96.0,5.0,935.0,168.0,1
5.0,1103.0,148.0,261.0,1.0,420.0,342.0,1
0.0,4336.0,108.0,177.0,3.0,990.0,65.0,1
3.0,68.0,104.0,148.0,5.0,360.0,160.0,1
2.0,258.0,252.0,154.0,4.0,480.0,155.0,1
12.0,4695.0,208.0,261.0,3.0,805.0,205.0,1
5.0,2088.0,197.0,216.0,4.0,1135.0,155.0,1
1.0,1187.0,80.0,268.0,4.0,1300.0,90.0,1
15.0,1138.0,27.0,251.0,3.0,855.0,70.0,1
5.0,1391.0,35.0,159.0,5.0,930.0,69.0,1
15.0,1653.0,214.0,217.0,6.0,515.0,150.0,1
0.0,4388.0,85.0,195.0,5.0,540.0,87.0,1
16.0,2622.0,135.0,47.0,1.0,635.0,129.0,1
5.0,2076.0,173.0,159.0,1.0,645.0,154.0,1
12.0,6519.0,258.0,154.0,3.0,1085.0,76.0,1
15.0,742.0,262.0,243.0,7.0,715.0,85.0,1
8.0,92.0,233.0,16.0,4.0,648.0,83.0,1
12.0,6625.0,46.0,79.0,7.0,614.0,96.0,1
6.0,5011.0,237.0,85.0,5.0,360.0,98.0,1
15.0,561.0,154.0,175.0,3.0,835.0,240.0,1
5.0,1992.0,277.0,85.0,3.0,835.0,159.0,1
12.0,6941.0,195.0,208.0,5.0,821.0,56.0,1
1.0,527.0,35.0,183.0,5.0,640.0,215.0,1
15.0,2549.0,79.0,139.0,5.0,1140.0,145.0,1
17.0,2863.0,217.0,103.0,7.0,1255.0,62.0,1
15.0,925.0,262.0,154.0,3.0,715.0,80.0,1
1.0,985.0,78.0,183.0,3.0,910.0,165.0,1
3.0,1068.0,18.0,148.0,7.0,1105.0,205.0,1
5.0,1017.0,16.0,184.0,3.0,1005.0,120.0,1
10.0,4193.0,234.0,208.0,4.0,1175.0,135.0,1
15.0,315.0,217.0,153.0,4.0,1060.0,70.0,1
14.0,71.0,217.0,252.0,1.0,675.0,190.0,1
13.0,72.0,253.0,35.0,5.0,953.0,340.0,1
10.0,4609.0,159.0,85.0,1.0,550.0,130.0,1
7.0,416.0,154.0,79.0,3.0,390.0,140.0,1
12.0,6695.0,79.0,91.0,3.0,606.0,109.0,1
0.0,3741.0,16.0,129.0,4.0,460.0,141.0,1
6.0,7126.0,43.0,134.0,5.0,622.0,74.0,1
12.0,4517.0,261.0,217.0,4.0,599.0,101.0,1
5.0,1996.0,197.0,159.0,6.0,420.0,175.0,1
5.0,2581.0,251.0,16.0,3.0,360.0,84.0,1
13.0,494.0,84.0,208.0,3.0,360.0,80.0,1
4.0,481.0,58.0,153.0,5.0,525.0,269.0,1
10.0,2709.0,80.0,218.0,1.0,895.0,110.0,1
16.0,5908.0,223.0,208.0,3.0,1001.0,139.0,1
15.0,2025.0,207.0,258.0,7.0,575.0,70.0,1
12.0,3099.0,184.0,139.0,1.0,460.0,64.0,1
11.0,6515.0,147.0,159.0,7.0,995.0,147.0,1
10.0,4316.0,208.0,279.0,1.0,735.0,120.0,1
15.0,1952.0,202.0,154.0,5.0,590.0,75.0,1
14.0,1042.0,277.0,216.0,7.0,855.0,149.0,1
8.0,179.0,241.0,16.0,3.0,540.0,108.0,1
1.0,1479.0,16.0,80.0,5.0,845.0,150.0,1
14.0,1269.0,60.0,233.0,5.0,575.0,50.0,1
6.0,4981.0,121.0,16.0,3.0,990.0,61.0,1
14.0,1687.0,154.0,60.0,5.0,695.0,268.0,1
10.0,3727.0,208.0,162.0,4.0,1305.0,110.0,1
17.0,2933.0,2.0,217.0,6.0,370.0,76.0,1
8.0,348.0,267.0,45.0,7.0,1038.0,134.0,1
5.0,1618.0,173.0,16.0,6.0,450.0,110.0,1
5.0,1657.0,71.0,16.0,4.0,435.0,105.0,1
6.0,7118.0,273.0,134.0,5.0,857.0,79.0,1
7.0,653.0,79.0,253.0,4.0,505.0,161.0,1
8.0,988.0,16.0,221.0,4.0,1335.0,106.0,1
15.0,2347.0,175.0,58.0,6.0,890.0,70.0,1
3.0,191.0,148.0,153.0,6.0,435.0,349.0,1
13.0,198.0,253.0,134.0,3.0,1354.0,311.0,1
16.0,2347.0,58.0,197.0,1.0,460.0,122.0,1
1.0,1028.0,79.0,80.0,3.0,1040.0,120.0,1
1.0,482.0,80.0,139.0,7.0,670.0,125.0,1
15.0,1008.0,268.0,252.0,3.0,570.0,265.0,1
6.0,5386.0,41.0,16.0,6.0,620.0,89.0,1
1.0,467.0,78.0,208.0,4.0,600.0,130.0,1
14.0,815.0,228.0,60.0,3.0,490.0,142.0,1
10.0,2912.0,118.0,80.0,5.0,580.0,50.0,1
5.0,1963.0,78.0,197.0,4.0,720.0,164.0,1
8.0,1401.0,173.0,238.0,7.0,884.0,156.0,1
12.0,6241.0,44.0,253.0,1.0,652.0,84.0,1
15.0,1921.0,27.0,33.0,3.0,570.0,50.0,1
14.0,1518.0,79.0,60.0,1.0,625.0,188.0,1
16.0,2010.0,251.0,58.0,1.0,1035.0,67.0,1
0.0,3734.0,135.0,16.0,7.0,835.0,125.0,1
10.0,3289.0,80.0,223.0,5.0,490.0,105.0,1
14.0,1170.0,233.0,60.0,7.0,770.0,61.0,1
3.0,142.0,213.0,148.0,1.0,605.0,149.0,1
15.0,469.0,258.0,207.0,3.0,965.0,70.0,1
7.0,107.0,197.0,79.0,6.0,851.0,124.0,1
1.0,1822.0,80.0,76.0,3.0,875.0,130.0,1
5.0,1494.0,16.0,216.0,1.0,515.0,135.0,1
11.0,6606.0,71.0,85.0,5.0,1020.0,85.0,1
10.0,3810.0,208.0,58.0,6.0,465.0,80.0,1
5.0,1663.0,134.0,261.0,4.0,450.0,299.0,1
14.0,2141.0,35.0,159.0,3.0,1140.0,81.0,1
12.0,4623.0,261.0,204.0,3.0,827.0,135.0,1
13.0,69.0,79.0,154.0,6.0,635.0,155.0,1
15.0,2697.0,27.0,198.0,4.0,715.0,70.0,1
10.0,3392.0,108.0,80.0,1.0,605.0,65.0,1
5.0,1935.0,85.0,33.0,4.0,440.0,115.0,1
10.0,2857.0,80.0,146.0,1.0,850.0,80.0,1
15.0,539.0,104.0,175.0,7.0,1035.0,195.0,1
10.0,4296.0,208.0,45.0,1.0,655.0,115.0,1
5.0,2340.0,253.0,148.0,5.0,1350.0,330.0,1
14.0,1729.0,172.0,60.0,7.0,435.0,133.0,1
14.0,1437.0,60.0,154.0,3.0,1000.0,324.0,1
16.0,2178.0,233.0,135.0,1.0,675.0,178.0,1
16.0,5915.0,208.0,99.0,3.0,491.0,113.0,1
1.0,753.0,159.0,80.0,4.0,860.0,245.0,1
15.0,3415.0,268.0,35.0,7.0,1080.0,155.0,1
1.0,2212.0,80.0,264.0,1.0,630.0,195.0,1
15.0,1413.0,217.0,2.0,4.0,1010.0,65.0,1
15.0,2022.0,153.0,154.0,1.0,660.0,70.0,1
6.0,5477.0,177.0,146.0,5.0,1170.0,58.0,1
5.0,1378.0,159.0,35.0,4.0,630.0,72.0,1
15.0,2092.0,268.0,79.0,7.0,685.0,150.0,1
4.0,1877.0,216.0,135.0,5.0,910.0,223.0,1
1.0,541.0,16.0,80.0,6.0,930.0,155.0,1
15.0,1367.0,268.0,241.0,6.0,690.0,145.0,1
11.0,6354.0,71.0,94.0,5.0,810.0,59.0,1
8.0,1032.0,221.0,241.0,3.0,510.0,189.0,1
5.0,1753.0,45.0,197.0,1.0,530.0,162.0,1
14.0,208.0,217.0,2.0,6.0,1190.0,72.0,1
15.0,3054.0,104.0,45.0,3.0,480.0,150.0,1
14.0,2123.0,35.0,159.0,6.0,600.0,79.0,1
16.0,3122.0,198.0,135.0,1.0,440.0,72.0,1
14.0,486.0,236.0,217.0,1.0,365.0,107.0,1
15.0,1468.0,268.0,33.0,5.0,420.0,65.0,1
16.0,5939.0,218.0,208.0,7.0,1102.0,58.0,1
15.0,829.0,79.0,253.0,4.0,1305.0,175.0,1
12.0,6236.0,153.0,100.0,1.0,765.0,88.0,1
17.0,2636.0,60.0,74.0,1.0,881.0,93.0,1
4.0,51.0,96.0,58.0,6.0,926.0,94.0,1
3.0,522.0,173.0,96.0,3.0,645.0,151.0,1
5.0,1425.0,45.0,16.0,7.0,975.0,120.0,1
10.0,4473.0,159.0,35.0,5.0,1050.0,65.0,1
15.0,588.0,221.0,45.0,1.0,625.0,60.0,1
4.0,1617.0,260.0,135.0,6.0,595.0,288.0,1
5.0,132.0,253.0,148.0,1.0,390.0,330.0,1
17.0,2835.0,217.0,18.0,7.0,1235.0,128.0,1
15.0,2537.0,253.0,175.0,1.0,1040.0,245.0,1
17.0,2832.0,217.0,91.0,5.0,1365.0,69.0,1
1.0,403.0,80.0,280.0,3.0,1305.0,140.0,1
5.0,1859.0,148.0,16.0,4.0,495.0,163.0,1
15.0,39.0,75.0,129.0,5.0,960.0,60.0,1
1.0,539.0,173.0,80.0,4.0,925.0,180.0,1
4.0,1400.0,104.0,96.0,5.0,555.0,173.0,1
5.0,1483.0,261.0,153.0,1.0,508.0,92.0,1
5.0,1285.0,16.0,213.0,7.0,1085.0,110.0,1
15.0,2176.0,217.0,153.0,7.0,1185.0,65.0,1
1.0,736.0,172.0,80.0,4.0,700.0,100.0,1
1.0,495.0,183.0,80.0,1.0,400.0,195.0,1
5.0,1788.0,177.0,173.0,1.0,510.0,120.0,1
8.0,848.0,173.0,16.0,4.0,385.0,96.0,1
10.0,2847.0,54.0,80.0,7.0,740.0,190.0,1
15.0,357.0,45.0,12.0,1.0,935.0,70.0,1
15.0,2116.0,172.0,154.0,5.0,995.0,225.0,1
10.0,4314.0,221.0,148.0,5.0,740.0,90.0,1
3.0,395.0,159.0,173.0,6.0,885.0,174.0,1
1.0,536.0,80.0,16.0,4.0,400.0,125.0,1
3.0,55.0,42.0,148.0,4.0,1141.0,89.0,1
14.0,614.0,217.0,16.0,6.0,960.0,212.0,1
16.0,2884.0,135.0,75.0,1.0,930.0,58.0,1
0.0,3912.0,136.0,177.0,4.0,720.0,93.0,1
14.0,540.0,217.0,80.0,7.0,480.0,138.0,1
17.0,2720.0,200.0,60.0,5.0,1201.0,74.0,1
6.0,5064.0,33.0,16.0,7.0,645.0,68.0,1
16.0,2165.0,38.0,135.0,4.0,808.0,74.0,1
10.0,2955.0,80.0,170.0,5.0,590.0,75.0,1
15.0,3915.0,175.0,35.0,5.0,695.0,135.0,1
15.0,1252.0,228.0,173.0,5.0,705.0,185.0,1
15.0,2038.0,75.0,268.0,7.0,585.0,95.0,1
14.0,1183.0,35.0,216.0,5.0,690.0,94.0,1
10.0,3708.0,208.0,91.0,7.0,1200.0,195.0,1
11.0,6432.0,197.0,58.0,7.0,605.0,112.0,1
4.0,2.0,128.0,135.0,5.0,1150.0,455.0,1
5.0,1018.0,198.0,16.0,3.0,675.0,92.0,1
5.0,78.0,173.0,148.0,1.0,840.0,165.0,1
5.0,1042.0,264.0,16.0,7.0,525.0,247.0,1
15.0,268.0,264.0,153.0,1.0,825.0,65.0,1
16.0,3107.0,58.0,119.0,3.0,1250.0,60.0,1
5.0,2616.0,153.0,85.0,1.0,590.0,240.0,1
5.0,2390.0,197.0,139.0,5.0,610.0,100.0,1
11.0,6768.0,157.0,85.0,5.0,675.0,89.0,1
14.0,908.0,277.0,60.0,5.0,315.0,96.0,1
5.0,2079.0,159.0,104.0,5.0,765.0,192.0,1
16.0,2476.0,96.0,71.0,1.0,809.0,128.0,1
12.0,6916.0,2.0,79.0,1.0,1045.0,74.0,1
5.0,2581.0,251.0,16.0,5.0,360.0,84.0,1
15.0,46.0,129.0,75.0,5.0,1050.0,55.0,1
13.0,556.0,154.0,253.0,3.0,718.0,92.0,1
6.0,5336.0,157.0,16.0,5.0,830.0,93.0,1
17.0,7296.0,22.0,134.0,4.0,858.0,88.0,1
13.0,1.0,208.0,128.0,6.0,595.0,549.0,1
6.0,7323.0,16.0,245.0,3.0,590.0,68.0,1
8.0,806.0,35.0,45.0,5.0,380.0,93.0,1
15.0,518.0,172.0,45.0,3.0,1045.0,140.0,1
5.0,2194.0,213.0,16.0,1.0,475.0,121.0,1
8.0,430.0,184.0,252.0,5.0,1180.0,270.0,1
2.0,583.0,264.0,214.0,4.0,885.0,148.0,1
10.0,3804.0,216.0,208.0,6.0,940.0,145.0,1
6.0,7324.0,16.0,278.0,4.0,900.0,64.0,1
11.0,6527.0,148.0,238.0,3.0,525.0,102.0,1
7.0,465.0,219.0,184.0,6.0,723.0,168.0,1
10.0,3451.0,80.0,290.0,5.0,1110.0,65.0,1
12.0,6352.0,214.0,253.0,3.0,927.0,102.0,1
1.0,481.0,79.0,80.0,7.0,795.0,115.0,1
1.0,2541.0,139.0,80.0,4.0,680.0,150.0,1
0.0,4171.0,85.0,25.0,7.0,865.0,83.0,1
0.0,3724.0,0.0,85.0,4.0,360.0,115.0,1
12.0,7032.0,154.0,292.0,6.0,775.0,70.0,1
16.0,2707.0,162.0,135.0,7.0,1120.0,82.0,1
9.0,543.0,203.0,128.0,3.0,1031.0,34.0,1
15.0,767.0,262.0,79.0,5.0,1110.0,140.0,1
12.0,4540.0,261.0,196.0,4.0,585.0,92.0,1
6.0,5603.0,16.0,158.0,1.0,500.0,108.0,1
14.0,1857.0,60.0,173.0,7.0,1340.0,93.0,1
14.0,1568.0,60.0,260.0,6.0,705.0,221.0,1
6.0,7313.0,177.0,256.0,3.0,870.0,78.0,1
10.0,4042.0,254.0,208.0,7.0,425.0,105.0,1
14.0,1125.0,22.0,60.0,1.0,375.0,140.0,1
15.0,561.0,154.0,175.0,7.0,835.0,240.0,1
12.0,6991.0,208.0,65.0,6.0,715.0,156.0,1
5.0,1152.0,128.0,253.0,4.0,1405.0,311.0,1
16.0,3067.0,228.0,96.0,1.0,386.0,64.0,1
5.0,1160.0,243.0,261.0,7.0,785.0,112.0,1
15.0,1294.0,252.0,262.0,7.0,725.0,105.0,1
15.0,3601.0,277.0,217.0,7.0,890.0,290.0,1
1.0,1696.0,198.0,208.0,7.0,1055.0,150.0,1
15.0,2116.0,213.0,277.0,5.0,700.0,50.0,1
13.0,782.0,2.0,134.0,3.0,485.0,223.0,1
14.0,1813.0,60.0,277.0,7.0,465.0,100.0,1
11.0,6429.0,119.0,71.0,1.0,1072.0,68.0,1
6.0,5260.0,16.0,53.0,7.0,597.0,100.0,1
1.0,1093.0,96.0,80.0,5.0,450.0,250.0,1
5.0,2559.0,85.0,268.0,4.0,535.0,119.0,1
11.0,6746.0,177.0,216.0,7.0,1175.0,138.0,1
16.0,2827.0,170.0,135.0,3.0,325.0,85.0,1
6.0,5296.0,251.0,16.0,4.0,909.0,91.0,1
12.0,6652.0,253.0,191.0,1.0,568.0,40.0,1
5.0,2518.0,173.0,16.0,1.0,990.0,100.0,1
0.0,4380.0,85.0,247.0,4.0,1180.0,65.0,1
14.0,2024.0,78.0,35.0,5.0,510.0,82.0,1
10.0,2868.0,187.0,80.0,3.0,1015.0,135.0,1
14.0,1942.0,138.0,60.0,3.0,425.0,64.0,1
2.0,889.0,243.0,203.0,7.0,570.0,350.0,1
6.0,5601.0,204.0,16.0,6.0,796.0,122.0,1
13.0,753.0,253.0,79.0,1.0,778.0,156.0,1
5.0,1418.0,173.0,16.0,5.0,390.0,94.0,1
15.0,3110.0,217.0,243.0,5.0,845.0,70.0,1
1.0,676.0,80.0,60.0,7.0,1095.0,140.0,1
15.0,1089.0,217.0,153.0,1.0,600.0,70.0,1
12.0,6651.0,154.0,236.0,3.0,481.0,85.0,1
15.0,1657.0,153.0,243.0,3.0,980.0,65.0,1
0.0,3866.0,279.0,177.0,6.0,735.0,81.0,1
15.0,895.0,33.0,79.0,3.0,1070.0,185.0,1
1.0,1371.0,134.0,80.0,7.0,615.0,215.0,1
10.0,4559.0,159.0,61.0,1.0,650.0,120.0,1
12.0,6816.0,254.0,79.0,6.0,405.0,131.0,1
15.0,966.0,45.0,277.0,1.0,775.0,150.0,1
12.0,7049.0,214.0,210.0,1.0,438.0,58.0,1
15.0,1018.0,154.0,202.0,3.0,1005.0,75.0,1
15.0,187.0,217.0,104.0,3.0,570.0,250.0,1
15.0,1006.0,33.0,175.0,3.0,1055.0,90.0,1
3.0,242.0,160.0,202.0,3.0,1257.0,75.0,1
14.0,1456.0,78.0,173.0,4.0,615.0,142.0,1
1.0,494.0,80.0,45.0,7.0,1155.0,165.0,1
12.0,6982.0,79.0,67.0,6.0,502.0,56.0,1
11.0,6618.0,171.0,85.0,1.0,1030.0,74.0,1
16.0,2889.0,280.0,135.0,4.0,365.0,139.0,1
10.0,3954.0,208.0,117.0,4.0,545.0,55.0,1
1.0,299.0,183.0,154.0,5.0,490.0,350.0,1
15.0,1461.0,79.0,153.0,3.0,365.0,120.0,1
11.0,6453.0,71.0,234.0,4.0,1135.0,91.0,1
1.0,1921.0,96.0,183.0,6.0,360.0,185.0,1
2.0,195.0,14.0,98.0,7.0,1435.0,56.0,1
15.0,140.0,79.0,258.0,7.0,565.0,165.0,1
12.0,6357.0,79.0,88.0,7.0,1305.0,46.0,1
5.0,2326.0,104.0,16.0,7.0,530.0,115.0,1
10.0,4559.0,159.0,61.0,3.0,650.0,120.0,1
13.0,678.0,208.0,159.0,3.0,660.0,132.0,1
16.0,2142.0,204.0,96.0,3.0,443.0,187.0,1
11.0,6272.0,94.0,71.0,3.0,835.0,55.0,1
12.0,6280.0,253.0,6.0,5.0,1010.0,79.0,1
0.0,3835.0,159.0,245.0,1.0,540.0,165.0,1
4.0,728.0,96.0,79.0,4.0,885.0,266.0,1
12.0,6541.0,29.0,79.0,1.0,798.0,102.0,1
10.0,3624.0,223.0,183.0,1.0,420.0,100.0,1
6.0,5561.0,16.0,120.0,7.0,575.0,81.0,1
9.0,544.0,128.0,203.0,6.0,966.0,37.0,1
10.0,3658.0,120.0,183.0,4.0,430.0,135.0,1
8.0,105.0,16.0,80.0,1.0,814.0,145.0,1
15.0,2379.0,262.0,214.0,1.0,790.0,90.0,1
15.0,1982.0,75.0,170.0,5.0,770.0,70.0,1
5.0,1784.0,16.0,134.0,3.0,980.0,110.0,1
5.0,2963.0,197.0,16.0,1.0,860.0,151.0,1
8.0,79.0,16.0,104.0,3.0,1330.0,114.0,1
15.0,524.0,172.0,139.0,1.0,520.0,80.0,1
1.0,1767.0,80.0,227.0,3.0,770.0,190.0,1
12.0,6815.0,51.0,253.0,6.0,870.0,85.0,1
15.0,1141.0,45.0,35.0,5.0,980.0,85.0,1
12.0,4551.0,232.0,261.0,3.0,385.0,101.0,1
12.0,6493.0,252.0,214.0,6.0,898.0,48.0,1
16.0,2293.0,135.0,68.0,4.0,1380.0,54.0,1
5.0,1482.0,145.0,261.0,6.0,795.0,63.0,1
1.0,1432.0,260.0,183.0,4.0,990.0,180.0,1
17.0,7288.0,208.0,42.0,6.0,1090.0,116.0,1
15.0,1933.0,61.0,173.0,5.0,615.0,135.0,1
3.0,601.0,229.0,148.0,5.0,360.0,75.0,1
10.0,3623.0,183.0,209.0,6.0,825.0,135.0,1
1.0,1492.0,80.0,173.0,7.0,1120.0,140.0,1
15.0,442.0,175.0,216.0,7.0,1200.0,120.0,1
8.0,1225.0,104.0,221.0,7.0,906.0,159.0,1
14.0,1019.0,228.0,60.0,4.0,385.0,143.0,1
5.0,1010.0,16.0,60.0,4.0,670.0,78.0,1
8.0,1584.0,16.0,30.0,6.0,970.0,109.0,1
12.0,4724.0,160.0,261.0,4.0,1089.0,111.0,1
3.0,405.0,35.0,243.0,7.0,590.0,378.0,1
15.0,507.0,277.0,153.0,1.0,435.0,310.0,1
12.0,6398.0,253.0,34.0,5.0,1145.0,92.0,1
15.0,733.0,153.0,173.0,4.0,985.0,265.0,1
5.0,1781.0,253.0,154.0,1.0,1080.0,85.0,1
12.0,7040.0,79.0,110.0,6.0,1153.0,89.0,1
16.0,2692.0,135.0,158.0,3.0,1280.0,53.0,1
11.0,6318.0,71.0,120.0,1.0,915.0,77.0,1
0.0,3895.0,247.0,85.0,1.0,930.0,63.0,1
12.0,4568.0,261.0,122.0,7.0,911.0,89.0,1
10.0,3902.0,208.0,290.0,7.0,540.0,110.0,1
13.0,486.0,18.0,134.0,5.0,713.0,194.0,1
1.0,1772.0,183.0,148.0,4.0,845.0,170.0,1
17.0,2901.0,60.0,177.0,1.0,780.0,114.0,1
10.0,4165.0,208.0,61.0,7.0,1305.0,70.0,1
5.0,1762.0,85.0,216.0,4.0,615.0,104.0,1
5.0,1976.0,173.0,159.0,3.0,1199.0,155.0,1
15.0,1522.0,33.0,45.0,6.0,605.0,95.0,1
12.0,4480.0,112.0,197.0,1.0,405.0,80.0,1
1.0,617.0,80.0,243.0,1.0,755.0,195.0,1
0.0,4154.0,85.0,26.0,5.0,1295.0,126.0,1
6.0,7128.0,134.0,42.0,3.0,1330.0,91.0,1
13.0,260.0,134.0,173.0,6.0,1316.0,139.0,1
15.0,1064.0,252.0,153.0,5.0,1175.0,145.0,1
15.0,3505.0,221.0,216.0,4.0,525.0,80.0,1
1.0,1829.0,60.0,80.0,4.0,560.0,180.0,1
15.0,3403.0,129.0,2.0,3.0,405.0,135.0,1
10.0,2945.0,80.0,119.0,7.0,530.0,140.0,1
15.0,288.0,2.0,252.0,5.0,1010.0,200.0,1
13.0,236.0,153.0,134.0,7.0,472.0,269.0,1
13.0,472.0,262.0,208.0,6.0,381.0,242.0,1
7.0,123.0,80.0,79.0,6.0,630.0,121.0,1
12.0,6632.0,254.0,79.0,3.0,803.0,131.0,1
15.0,1861.0,172.0,33.0,6.0,635.0,85.0,1
14.0,1800.0,213.0,60.0,6.0,390.0,112.0,1
17.0,7296.0,134.0,22.0,1.0,750.0,74.0,1
15.0,565.0,153.0,139.0,6.0,620.0,215.0,1
6.0,5149.0,16.0,275.0,7.0,660.0,67.0,1
9.0,181.0,143.0,128.0,5.0,771.0,49.0,1
15.0,335.0,264.0,262.0,3.0,1280.0,85.0,1
15.0,1013.0,214.0,217.0,5.0,395.0,155.0,1
10.0,4277.0,71.0,148.0,7.0,775.0,120.0,1
5.0,1492.0,197.0,35.0,6.0,780.0,174.0,1
8.0,100.0,80.0,16.0,1.0,385.0,125.0,1
15.0,3110.0,243.0,202.0,1.0,880.0,85.0,1
13.0,630.0,198.0,79.0,5.0,899.0,180.0,1
15.0,589.0,153.0,261.0,3.0,1295.0,75.0,1
2.0,160.0,14.0,8.0,7.0,845.0,187.0,1
15.0,2984.0,217.0,154.0,4.0,430.0,85.0,1
16.0,2684.0,177.0,135.0,4.0,390.0,104.0,1
4.0,1405.0,58.0,277.0,3.0,535.0,150.0,1
15.0,2004.0,79.0,154.0,1.0,880.0,155.0,1
13.0,380.0,198.0,134.0,6.0,1062.0,149.0,1
8.0,338.0,16.0,216.0,5.0,1325.0,114.0,1
14.0,1443.0,233.0,60.0,1.0,864.0,66.0,1
10.0,4242.0,58.0,148.0,1.0,775.0,105.0,1
3.0,1295.0,35.0,221.0,5.0,1195.0,105.0,1
4.0,685.0,214.0,96.0,3.0,1285.0,289.0,1
15.0,744.0,129.0,277.0,4.0,1205.0,110.0,1
3.0,376.0,104.0,159.0,1.0,762.0,168.0,1
15.0,1060.0,214.0,202.0,5.0,1075.0,105.0,1
12.0,4821.0,232.0,261.0,5.0,810.0,95.0,1
12.0,6468.0,79.0,67.0,3.0,1305.0,62.0,1
15.0,2037.0,243.0,175.0,6.0,420.0,240.0,1
16.0,5925.0,204.0,208.0,6.0,523.0,125.0,1
12.0,7779.0,261.0,255.0,5.0,1020.0,81.0,1
15.0,3137.0,153.0,268.0,3.0,1060.0,185.0,1
16.0,2380.0,135.0,19.0,1.0,780.0,121.0,1
5.0,1480.0,253.0,16.0,6.0,435.0,269.0,1
12.0,6698.0,214.0,79.0,1.0,477.0,145.0,1
15.0,705.0,2.0,75.0,7.0,530.0,100.0,1
13.0,217.0,134.0,253.0,7.0,540.0,366.0,1
16.0,2309.0,16.0,135.0,5.0,410.0,129.0,1
15.0,1198.0,33.0,217.0,7.0,550.0,240.0,1
17.0,7276.0,208.0,238.0,1.0,1010.0,92.0,1
1.0,1575.0,173.0,80.0,3.0,1110.0,180.0,1
0.0,3771.0,16.0,251.0,4.0,965.0,84.0,1
11.0,6317.0,233.0,85.0,4.0,1120.0,122.0,1
4.0,476.0,260.0,96.0,5.0,800.0,250.0,1
15.0,775.0,153.0,202.0,3.0,1135.0,90.0,1
5.0,1441.0,16.0,162.0,7.0,1227.0,96.0,1
15.0,1976.0,172.0,75.0,1.0,1045.0,95.0,1
17.0,7288.0,16.0,208.0,7.0,883.0,129.0,1
10.0,3893.0,208.0,216.0,1.0,425.0,120.0,1
13.0,728.0,208.0,35.0,5.0,793.0,136.0,1
10.0,4663.0,16.0,159.0,3.0,1210.0,125.0,1
10.0,3542.0,58.0,80.0,3.0,400.0,185.0,1
15.0,2982.0,147.0,33.0,4.0,630.0,95.0,1
15.0,1061.0,170.0,2.0,4.0,445.0,70.0,1
17.0,7261.0,134.0,60.0,7.0,1320.0,77.0,1
16.0,3034.0,65.0,135.0,6.0,660.0,127.0,1
2.0,39.0,197.0,252.0,3.0,1120.0,228.0,1
5.0,2851.0,172.0,197.0,3.0,550.0,95.0,1
15.0,1158.0,264.0,217.0,3.0,1125.0,75.0,1
16.0,5946.0,208.0,251.0,3.0,645.0,72.0,1
14.0,507.0,217.0,153.0,3.0,1185.0,67.0,1
12.0,6692.0,243.0,154.0,1.0,684.0,45.0,1
12.0,6698.0,179.0,214.0,5.0,335.0,74.0,1
15.0,117.0,262.0,214.0,3.0,655.0,95.0,1
1.0,824.0,104.0,148.0,7.0,1195.0,170.0,1
5.0,1597.0,216.0,197.0,4.0,370.0,180.0,1
12.0,4634.0,160.0,261.0,3.0,602.0,120.0,1
5.0,1464.0,197.0,78.0,1.0,445.0,147.0,1
17.0,2845.0,91.0,217.0,7.0,510.0,99.0,1
15.0,690.0,79.0,45.0,1.0,395.0,205.0,1
6.0,5207.0,52.0,16.0,6.0,400.0,52.0,1
10.0,4099.0,208.0,20.0,6.0,630.0,110.0,1
7.0,794.0,214.0,79.0,1.0,515.0,143.0,1
15.0,320.0,244.0,131.0,7.0,440.0,55.0,1
5.0,1502.0,153.0,16.0,7.0,837.0,238.0,1
15.0,1615.0,197.0,79.0,1.0,400.0,140.0,1
1.0,1008.0,243.0,80.0,6.0,515.0,180.0,1
15.0,2193.0,173.0,233.0,5.0,530.0,95.0,1
11.0,6265.0,85.0,238.0,3.0,825.0,81.0,1
17.0,2855.0,217.0,103.0,5.0,880.0,66.0,1
15.0,1755.0,258.0,154.0,7.0,1200.0,70.0,1
15.0,668.0,18.0,129.0,7.0,1120.0,50.0,1
0.0,4327.0,106.0,197.0,1.0,410.0,105.0,1
16.0,2942.0,135.0,80.0,6.0,535.0,63.0,1
1.0,863.0,80.0,183.0,1.0,470.0,165.0,1
3.0,1125.0,233.0,104.0,3.0,645.0,120.0,1
15.0,1163.0,244.0,75.0,3.0,915.0,60.0,1
15.0,1162.0,129.0,147.0,4.0,695.0,115.0,1
15.0,733.0,153.0,173.0,5.0,985.0,265.0,1
1.0,661.0,177.0,80.0,3.0,1095.0,110.0,1
0.0,4033.0,159.0,285.0,4.0,1300.0,129.0,1
1.0,1482.0,260.0,183.0,3.0,450.0,160.0,1
13.0,452.0,79.0,134.0,1.0,826.0,198.0,1
14.0,1775.0,216.0,78.0,3.0,1065.0,55.0,1
12.0,6305.0,154.0,227.0,5.0,1004.0,54.0,1
7.0,826.0,172.0,79.0,3.0,830.0,105.0,1
0.0,3833.0,85.0,205.0,3.0,1185.0,130.0,1
6.0,5074.0,16.0,69.0,7.0,964.0,84.0,1
10.0,3450.0,290.0,80.0,1.0,360.0,70.0,1
8.0,286.0,129.0,16.0,7.0,749.0,112.0,1
15.0,2984.0,217.0,154.0,1.0,430.0,85.0,1
5.0,2309.0,234.0,16.0,5.0,1140.0,115.0,1
14.0,111.0,153.0,154.0,6.0,1090.0,68.0,1
8.0,1454.0,130.0,213.0,6.0,793.0,174.0,1
5.0,2297.0,16.0,198.0,5.0,823.0,97.0,1
7.0,667.0,79.0,253.0,6.0,1275.0,156.0,1
8.0,761.0,173.0,132.0,1.0,920.0,100.0,1
14.0,1195.0,217.0,243.0,1.0,890.0,71.0,1
14.0,489.0,60.0,79.0,3.0,1095.0,235.0,1
5.0,2034.0,16.0,197.0,3.0,1220.0,163.0,1
12.0,4541.0,261.0,280.0,4.0,597.0,110.0,1
9.0,354.0,161.0,128.0,6.0,941.0,32.0,1
1.0,1283.0,183.0,208.0,3.0,1160.0,195.0,1
5.0,1292.0,243.0,16.0,5.0,663.0,247.0,1
1.0,2033.0,33.0,80.0,7.0,990.0,125.0,1
17.0,7261.0,172.0,134.0,3.0,1040.0,141.0,1
14.0,1521.0,60.0,79.0,7.0,465.0,225.0,1
5.0,2503.0,85.0,104.0,4.0,840.0,178.0,1
8.0,996.0,35.0,184.0,7.0,415.0,160.0,1
13.0,923.0,134.0,79.0,4.0,892.0,242.0,1
1.0,2473.0,183.0,80.0,4.0,920.0,200.0,1
3.0,1416.0,253.0,160.0,4.0,570.0,82.0,1
4.0,1803.0,154.0,96.0,6.0,1315.0,297.0,1
16.0,2849.0,209.0,58.0,5.0,1068.0,102.0,1
10.0,4376.0,233.0,148.0,1.0,860.0,99.0,1
12.0,6561.0,79.0,122.0,7.0,1295.0,118.0,1
4.0,788.0,135.0,85.0,1.0,610.0,165.0,1
17.0,7261.0,172.0,134.0,1.0,1040.0,141.0,1
5.0,1617.0,54.0,16.0,5.0,445.0,80.0,1
13.0,865.0,35.0,208.0,3.0,475.0,171.0,1
4.0,1135.0,96.0,80.0,5.0,690.0,239.0,1
10.0,2758.0,41.0,80.0,6.0,950.0,90.0,1
1.0,358.0,208.0,159.0,3.0,940.0,130.0,1
6.0,7131.0,47.0,134.0,6.0,855.0,83.0,1
5.0,1137.0,16.0,2.0,1.0,654.0,215.0,1
2.0,483.0,243.0,252.0,5.0,750.0,175.0,1
10.0,4435.0,233.0,78.0,4.0,990.0,60.0,1
5.0,2402.0,183.0,85.0,5.0,1060.0,187.0,1
15.0,2116.0,172.0,154.0,7.0,995.0,225.0,1
12.0,6426.0,262.0,253.0,1.0,737.0,49.0,1
16.0,3087.0,159.0,58.0,5.0,1170.0,99.0,1
13.0,719.0,35.0,208.0,3.0,978.0,168.0,1
10.0,4572.0,58.0,159.0,7.0,660.0,95.0,1
10.0,2971.0,120.0,80.0,6.0,745.0,195.0,1
2.0,667.0,18.0,258.0,4.0,920.0,237.0,1
3.0,534.0,277.0,96.0,3.0,1110.0,160.0,1
12.0,4749.0,261.0,207.0,5.0,913.0,98.0,1
1.0,2029.0,159.0,183.0,7.0,479.0,195.0,1
12.0,4673.0,261.0,44.0,7.0,1191.0,115.0,1
15.0,1345.0,2.0,217.0,4.0,735.0,75.0,1
6.0,5269.0,78.0,71.0,1.0,1085.0,99.0,1
3.0,443.0,35.0,277.0,3.0,507.0,204.0,1
5.0,2323.0,85.0,217.0,7.0,720.0,265.0,1
5.0,1583.0,241.0,71.0,4.0,365.0,141.0,1
15.0,1075.0,244.0,91.0,3.0,400.0,90.0,1
5.0,2463.0,233.0,16.0,5.0,885.0,93.0,1
1.0,589.0,80.0,204.0,4.0,1000.0,55.0,1
14.0,1695.0,60.0,241.0,4.0,870.0,114.0,1
15.0,2842.0,147.0,104.0,6.0,960.0,70.0,1
8.0,762.0,16.0,213.0,3.0,757.0,108.0,1
17.0,7259.0,60.0,134.0,1.0,367.0,79.0,1
4.0,1421.0,58.0,79.0,5.0,540.0,205.0,1
15.0,3412.0,175.0,173.0,1.0,420.0,160.0,1
0.0,3915.0,42.0,148.0,7.0,680.0,95.0,1
15.0,498.0,153.0,111.0,5.0,1180.0,150.0,1
16.0,2467.0,116.0,135.0,7.0,1085.0,81.0,1
1.0,1022.0,183.0,216.0,4.0,885.0,180.0,1
14.0,1550.0,217.0,60.0,1.0,950.0,225.0,1
15.0,1720.0,217.0,129.0,6.0,775.0,150.0,1
5.0,2020.0,177.0,277.0,7.0,1132.0,110.0,1
12.0,4571.0,261.0,100.0,5.0,915.0,95.0,1
5.0,1216.0,261.0,35.0,1.0,1030.0,275.0,1
12.0,6506.0,91.0,154.0,6.0,360.0,137.0,1
3.0,1017.0,35.0,148.0,3.0,1115.0,85.0,1
13.0,693.0,159.0,208.0,4.0,1143.0,165.0,1
14.0,1826.0,216.0,182.0,3.0,1265.0,78.0,1
15.0,1669.0,217.0,258.0,5.0,600.0,120.0,1
15.0,1597.0,153.0,214.0,6.0,1155.0,140.0,1
16.0,3067.0,228.0,96.0,3.0,386.0,64.0,1
13.0,9.0,79.0,243.0,4.0,1299.0,147.0,1
6.0,5140.0,146.0,85.0,3.0,940.0,130.0,1
1.0,1514.0,207.0,80.0,7.0,920.0,170.0,1
14.0,1238.0,60.0,273.0,5.0,1329.0,101.0,1
6.0,4969.0,180.0,16.0,6.0,405.0,67.0,1
1.0,1896.0,261.0,80.0,5.0,895.0,155.0,1
1.0,1548.0,65.0,80.0,1.0,670.0,105.0,1
15.0,2274.0,22.0,79.0,6.0,595.0,275.0,1
8.0,1221.0,104.0,221.0,5.0,1204.0,156.0,1
9.0,596.0,128.0,203.0,4.0,1210.0,37.0,1
14.0,371.0,96.0,217.0,1.0,995.0,332.0,1
15.0,3067.0,172.0,75.0,4.0,1245.0,90.0,1
5.0,2312.0,261.0,14.0,5.0,1319.0,308.0,1
1.0,1371.0,80.0,290.0,4.0,820.0,65.0,1
5.0,1420.0,159.0,71.0,5.0,1048.0,139.0,1
16.0,5912.0,208.0,43.0,1.0,606.0,86.0,1
6.0,5178.0,275.0,16.0,1.0,530.0,80.0,1
2.0,51.0,14.0,98.0,4.0,990.0,56.0,1
14.0,787.0,60.0,16.0,6.0,1070.0,83.0,1
14.0,612.0,217.0,16.0,1.0,795.0,215.0,1
9.0,104.0,161.0,128.0,7.0,394.0,30.0,1
0.0,3703.0,197.0,107.0,7.0,925.0,62.0,1
5.0,2157.0,261.0,252.0,6.0,686.0,131.0,1
5.0,1484.0,85.0,96.0,7.0,1055.0,115.0,1
10.0,4395.0,33.0,159.0,5.0,620.0,130.0,1
8.0,618.0,184.0,198.0,7.0,805.0,135.0,1
5.0,2354.0,154.0,16.0,7.0,1435.0,250.0,1
13.0,246.0,208.0,43.0,3.0,1183.0,98.0,1
15.0,1723.0,253.0,243.0,4.0,1015.0,85.0,1
6.0,5339.0,16.0,41.0,5.0,555.0,100.0,1
11.0,6503.0,148.0,134.0,4.0,890.0,106.0,1
8.0,1271.0,173.0,76.0,6.0,1246.0,137.0,1
15.0,625.0,217.0,79.0,3.0,1255.0,110.0,1
0.0,3932.0,71.0,247.0,3.0,560.0,56.0,1
1.0,1538.0,44.0,80.0,4.0,810.0,180.0,1
12.0,6984.0,208.0,244.0,4.0,1079.0,176.0,1
14.0,1163.0,221.0,60.0,6.0,830.0,92.0,1
15.0,796.0,202.0,153.0,3.0,980.0,85.0,1
13.0,690.0,208.0,159.0,1.0,1020.0,136.0,1
6.0,5404.0,16.0,19.0,5.0,825.0,58.0,1
15.0,2353.0,79.0,173.0,7.0,800.0,210.0,1
15.0,2022.0,154.0,129.0,4.0,755.0,190.0,1
13.0,149.0,79.0,280.0,7.0,688.0,118.0,1
14.0,1244.0,217.0,78.0,7.0,587.0,251.0,1
6.0,5386.0,41.0,16.0,5.0,620.0,89.0,1
14.0,641.0,217.0,207.0,6.0,525.0,74.0,1
16.0,2984.0,135.0,75.0,3.0,1170.0,68.0,1
10.0,4329.0,148.0,71.0,7.0,1020.0,145.0,1
12.0,6690.0,232.0,214.0,7.0,734.0,45.0,1
1.0,1132.0,80.0,277.0,1.0,870.0,135.0,1
1.0,1130.0,243.0,80.0,7.0,750.0,175.0,1
11.0,6530.0,197.0,76.0,3.0,1155.0,117.0,1
16.0,2573.0,135.0,33.0,1.0,450.0,111.0,1
9.0,303.0,128.0,161.0,7.0,535.0,37.0,1
14.0,740.0,260.0,216.0,4.0,820.0,244.0,1
15.0,607.0,175.0,153.0,7.0,890.0,245.0,1
1.0,826.0,261.0,80.0,3.0,500.0,170.0,1
12.0,6534.0,137.0,79.0,5.0,815.0,89.0,1
6.0,4968.0,132.0,16.0,7.0,1090.0,64.0,1
14.0,1532.0,252.0,60.0,3.0,1340.0,280.0,1
5.0,2755.0,71.0,277.0,6.0,670.0,123.0,1
10.0,3535.0,80.0,162.0,7.0,1320.0,65.0,1
15.0,637.0,217.0,268.0,3.0,675.0,175.0,1
12.0,6423.0,214.0,252.0,5.0,1050.0,52.0,1
13.0,840.0,154.0,208.0,4.0,720.0,244.0,1
0.0,4021.0,159.0,54.0,5.0,939.0,145.0,1
15.0,1071.0,264.0,258.0,5.0,925.0,75.0,1
16.0,2269.0,116.0,135.0,4.0,535.0,81.0,1
3.0,174.0,258.0,148.0,6.0,1345.0,316.0,1
8.0,88.0,16.0,104.0,5.0,1154.0,110.0,1
10.0,3395.0,80.0,41.0,4.0,1080.0,75.0,1
1.0,875.0,159.0,183.0,5.0,900.0,205.0,1
15.0,2196.0,129.0,75.0,6.0,900.0,60.0,1
14.0,1465.0,216.0,16.0,7.0,580.0,143.0,1
16.0,2384.0,256.0,135.0,5.0,360.0,55.0,1
5.0,1049.0,16.0,244.0,6.0,660.0,163.0,1
15.0,1651.0,280.0,2.0,6.0,700.0,60.0,1
15.0,580.0,217.0,253.0,1.0,885.0,125.0,1
12.0,4442.0,261.0,102.0,7.0,1299.0,102.0,1
13.0,471.0,279.0,79.0,3.0,400.0,110.0,1
13.0,670.0,198.0,134.0,4.0,768.0,147.0,1
10.0,3921.0,177.0,208.0,7.0,990.0,115.0,1
17.0,2791.0,153.0,100.0,5.0,1295.0,63.0,1
14.0,480.0,85.0,217.0,4.0,1060.0,267.0,1
10.0,3978.0,56.0,208.0,4.0,675.0,70.0,1
15.0,1624.0,79.0,205.0,5.0,1140.0,80.0,1
1.0,782.0,208.0,277.0,5.0,1045.0,160.0,1
15.0,375.0,217.0,243.0,5.0,450.0,70.0,1
4.0,744.0,135.0,58.0,1.0,780.0,158.0,1
5.0,2515.0,16.0,217.0,7.0,1140.0,262.0,1
1.0,1871.0,80.0,153.0,4.0,660.0,180.0,1
5.0,1271.0,16.0,61.0,6.0,886.0,94.0,1
12.0,6250.0,214.0,232.0,5.0,790.0,38.0,1
1.0,2238.0,208.0,183.0,6.0,740.0,185.0,1
13.0,215.0,173.0,79.0,3.0,926.0,249.0,1
5.0,1911.0,16.0,80.0,7.0,1042.0,148.0,1
15.0,2819.0,277.0,104.0,6.0,450.0,60.0,1
10.0,3767.0,261.0,208.0,4.0,955.0,200.0,1
5.0,1700.0,16.0,35.0,1.0,525.0,160.0,1
8.0,492.0,173.0,45.0,1.0,927.0,128.0,1
5.0,1559.0,197.0,154.0,7.0,690.0,240.0,1
15.0,621.0,75.0,129.0,6.0,1020.0,65.0,1
15.0,527.0,104.0,277.0,7.0,645.0,60.0,1
8.0,786.0,159.0,215.0,6.0,1181.0,82.0,1
14.0,89.0,214.0,217.0,4.0,1080.0,148.0,1
10.0,3939.0,33.0,208.0,1.0,360.0,105.0,1
1.0,824.0,104.0,148.0,3.0,1195.0,175.0,1
7.0,371.0,35.0,184.0,5.0,703.0,165.0,1
15.0,663.0,175.0,43.0,7.0,1100.0,85.0,1
10.0,4041.0,32.0,208.0,5.0,995.0,55.0,1
5.0,2623.0,197.0,173.0,5.0,785.0,190.0,1
1.0,1303.0,277.0,80.0,5.0,500.0,170.0,1
12.0,6250.0,214.0,232.0,3.0,790.0,38.0,1
12.0,7044.0,205.0,79.0,3.0,679.0,97.0,1
1.0,2483.0,80.0,154.0,6.0,1245.0,200.0,1
12.0,6603.0,79.0,2.0,4.0,816.0,74.0,1
15.0,1502.0,261.0,153.0,7.0,1220.0,80.0,1
6.0,5435.0,188.0,16.0,7.0,360.0,98.0,1
15.0,961.0,202.0,129.0,3.0,735.0,220.0,1
5.0,1245.0,85.0,139.0,6.0,1050.0,70.0,1
14.0,1967.0,229.0,60.0,5.0,480.0,161.0,1
1.0,8.0,128.0,80.0,3.0,1100.0,425.0,1
12.0,6555.0,79.0,114.0,3.0,504.0,58.0,1
8.0,300.0,79.0,16.0,3.0,380.0,167.0,1
8.0,276.0,16.0,35.0,5.0,1260.0,147.0,1
15.0,2449.0,129.0,244.0,5.0,530.0,55.0,1
14.0,2033.0,35.0,78.0,3.0,720.0,92.0,1
14.0,1177.0,60.0,147.0,4.0,795.0,81.0,1
16.0,5942.0,48.0,208.0,4.0,1119.0,97.0,1
5.0,11.0,16.0,173.0,3.0,960.0,89.0,1
2.0,673.0,79.0,252.0,7.0,1055.0,177.0,1
12.0,7050.0,110.0,79.0,4.0,788.0,92.0,1
4.0,669.0,253.0,135.0,4.0,520.0,226.0,1
9.0,35.0,217.0,128.0,7.0,480.0,400.0,1
14.0,1576.0,60.0,96.0,1.0,680.0,106.0,1
10.0,2810.0,256.0,80.0,1.0,375.0,60.0,1
6.0,4982.0,16.0,118.0,4.0,600.0,154.0,1
1.0,1709.0,159.0,183.0,4.0,1200.0,185.0,1
0.0,4061.0,20.0,85.0,4.0,995.0,100.0,1
14.0,1453.0,60.0,198.0,6.0,795.0,123.0,1
5.0,1528.0,33.0,85.0,7.0,375.0,128.0,1
16.0,2548.0,135.0,71.0,5.0,1195.0,138.0,1
1.0,2036.0,80.0,172.0,5.0,1015.0,95.0,1
15.0,1103.0,153.0,214.0,7.0,530.0,140.0,1
13.0,48.0,61.0,208.0,5.0,425.0,84.0,1
16.0,2642.0,135.0,204.0,6.0,545.0,80.0,1
12.0,4694.0,153.0,261.0,5.0,1275.0,88.0,1
5.0,2336.0,148.0,197.0,1.0,955.0,210.0,1
13.0,655.0,208.0,198.0,7.0,1269.0,145.0,1
13.0,806.0,154.0,253.0,3.0,835.0,85.0,1
0.0,4138.0,43.0,85.0,5.0,380.0,85.0,1
10.0,2765.0,80.0,84.0,1.0,470.0,110.0,1
15.0,165.0,252.0,268.0,6.0,780.0,220.0,1
1.0,661.0,177.0,80.0,5.0,1095.0,110.0,1
15.0,2012.0,44.0,217.0,7.0,785.0,80.0,1
5.0,2349.0,16.0,253.0,7.0,905.0,319.0,1
2.0,690.0,252.0,111.0,3.0,720.0,63.0,1
16.0,2970.0,155.0,135.0,3.0,645.0,95.0,1
12.0,7767.0,235.0,261.0,4.0,485.0,65.0,1
6.0,5142.0,16.0,138.0,3.0,572.0,80.0,1
10.0,3232.0,80.0,254.0,7.0,860.0,75.0,1
16.0,2276.0,135.0,71.0,5.0,1010.0,135.0,1
1.0,1617.0,78.0,80.0,1.0,1016.0,215.0,1
13.0,440.0,79.0,208.0,7.0,900.0,141.0,1
15.0,3586.0,243.0,258.0,4.0,1185.0,80.0,1
15.0,523.0,153.0,34.0,1.0,955.0,105.0,1
5.0,2950.0,153.0,197.0,3.0,1155.0,188.0,1
10.0,4267.0,208.0,94.0,3.0,1255.0,70.0,1
15.0,1264.0,129.0,175.0,1.0,1005.0,145.0,1
11.0,6575.0,177.0,172.0,5.0,565.0,95.0,1
1.0,1954.0,154.0,253.0,4.0,890.0,80.0,1
2.0,502.0,252.0,264.0,3.0,390.0,161.0,1
4.0,1661.0,217.0,135.0,4.0,860.0,154.0,1
5.0,2151.0,16.0,147.0,1.0,570.0,75.0,1
15.0,956.0,43.0,175.0,3.0,1055.0,115.0,1
16.0,2066.0,234.0,135.0,6.0,845.0,199.0,1
13.0,302.0,208.0,12.0,4.0,1080.0,115.0,1
6.0,5512.0,27.0,16.0,6.0,600.0,57.0,1
13.0,365.0,208.0,264.0,3.0,595.0,269.0,1
15.0,1914.0,12.0,104.0,3.0,440.0,200.0,1
16.0,3122.0,198.0,135.0,4.0,440.0,72.0,1
14.0,1267.0,159.0,216.0,5.0,360.0,57.0,1
15.0,2406.0,173.0,216.0,6.0,935.0,150.0,1
14.0,2133.0,35.0,159.0,4.0,900.0,76.0,1
5.0,2690.0,197.0,60.0,3.0,1145.0,143.0,1
13.0,303.0,148.0,253.0,6.0,360.0,404.0,1
17.0,2736.0,217.0,280.0,6.0,668.0,49.0,1
15.0,1686.0,104.0,277.0,7.0,1075.0,60.0,1
0.0,4315.0,197.0,117.0,7.0,925.0,66.0,1
14.0,1293.0,35.0,216.0,3.0,390.0,93.0,1
8.0,1625.0,216.0,173.0,3.0,500.0,169.0,1
13.0,291.0,134.0,262.0,6.0,1020.0,351.0,1
4.0,183.0,35.0,135.0,7.0,1130.0,265.0,1
15.0,3394.0,172.0,104.0,4.0,1055.0,180.0,1
3.0,336.0,173.0,134.0,5.0,465.0,120.0,1
5.0,2069.0,234.0,16.0,3.0,415.0,125.0,1
6.0,7104.0,61.0,134.0,5.0,620.0,73.0,1
17.0,7281.0,147.0,134.0,5.0,589.0,107.0,1
14.0,2118.0,159.0,35.0,5.0,480.0,64.0,1
12.0,7032.0,292.0,154.0,6.0,925.0,80.0,1
11.0,6296.0,71.0,233.0,3.0,915.0,88.0,1
15.0,465.0,277.0,233.0,4.0,1000.0,105.0,1
10.0,4044.0,290.0,208.0,1.0,1070.0,115.0,1
0.0,4276.0,162.0,16.0,5.0,761.0,99.0,1
5.0,2982.0,177.0,78.0,4.0,895.0,125.0,1
2.0,67.0,257.0,149.0,6.0,1125.0,39.0,1
16.0,5925.0,208.0,54.0,6.0,840.0,126.0,1
15.0,949.0,202.0,44.0,4.0,920.0,65.0,1
0.0,3936.0,117.0,85.0,6.0,430.0,80.0,1
5.0,2007.0,60.0,197.0,5.0,495.0,180.0,1
15.0,1477.0,221.0,217.0,6.0,960.0,295.0,1
3.0,421.0,35.0,213.0,6.0,580.0,195.0,1
10.0,3640.0,61.0,183.0,1.0,425.0,170.0,1
10.0,2832.0,223.0,80.0,1.0,945.0,125.0,1
15.0,1434.0,129.0,202.0,7.0,1145.0,260.0,1
11.0,6638.0,85.0,69.0,4.0,1300.0,80.0,1
1.0,2264.0,80.0,233.0,7.0,1175.0,150.0,1
15.0,1078.0,44.0,202.0,4.0,655.0,70.0,1
12.0,6662.0,253.0,194.0,6.0,982.0,43.0,1
6.0,5169.0,130.0,16.0,1.0,360.0,151.0,1
2.0,648.0,252.0,280.0,7.0,715.0,173.0,1
6.0,4966.0,16.0,215.0,4.0,505.0,98.0,1
6.0,5079.0,169.0,16.0,7.0,360.0,85.0,1
14.0,1979.0,228.0,216.0,5.0,1070.0,97.0,1
3.0,1219.0,35.0,43.0,4.0,1230.0,89.0,1
15.0,29.0,268.0,75.0,7.0,685.0,105.0,1
13.0,603.0,78.0,208.0,5.0,420.0,127.0,1
11.0,6401.0,71.0,177.0,1.0,455.0,103.0,1
14.0,1453.0,60.0,198.0,7.0,795.0,123.0,1
8.0,309.0,16.0,79.0,7.0,1340.0,215.0,1
15.0,960.0,175.0,280.0,7.0,1145.0,240.0,1
5.0,2183.0,198.0,159.0,1.0,690.0,167.0,1
12.0,6812.0,265.0,208.0,6.0,567.0,58.0,1
0.0,4116.0,121.0,85.0,4.0,752.0,116.0,1
16.0,3152.0,135.0,13.0,7.0,690.0,93.0,1
5.0,2268.0,159.0,241.0,7.0,599.0,199.0,1
2.0,143.0,214.0,14.0,7.0,1330.0,242.0,1
15.0,2895.0,209.0,147.0,4.0,500.0,105.0,1
12.0,3047.0,184.0,221.0,1.0,940.0,85.0,1
12.0,6226.0,253.0,262.0,5.0,762.0,43.0,1
5.0,1477.0,208.0,16.0,5.0,420.0,125.0,1
4.0,540.0,233.0,96.0,1.0,1065.0,105.0,1
4.0,1572.0,18.0,135.0,5.0,667.0,56.0,1
2.0,195.0,14.0,98.0,4.0,1435.0,56.0,1
15.0,1525.0,33.0,153.0,3.0,590.0,260.0,1
16.0,2843.0,78.0,58.0,4.0,880.0,70.0,1
6.0,7094.0,134.0,229.0,3.0,1324.0,92.0,1
5.0,1069.0,233.0,16.0,3.0,1110.0,93.0,1
1.0,1871.0,213.0,80.0,4.0,475.0,190.0,1
15.0,3510.0,173.0,175.0,3.0,1040.0,175.0,1
6.0,4969.0,180.0,16.0,5.0,450.0,65.0,1
4.0,397.0,135.0,153.0,7.0,1065.0,205.0,1
2.0,2.0,252.0,78.0,7.0,855.0,284.0,1
5.0,2313.0,221.0,16.0,6.0,1132.0,118.0,1
12.0,6869.0,208.0,85.0,6.0,805.0,76.0,1
12.0,3045.0,184.0,221.0,7.0,470.0,86.0,1
13.0,510.0,153.0,253.0,5.0,360.0,95.0,1
15.0,3332.0,252.0,202.0,6.0,485.0,125.0,1
15.0,1098.0,173.0,43.0,7.0,715.0,155.0,1
12.0,6369.0,57.0,154.0,4.0,360.0,40.0,1
10.0,2863.0,80.0,71.0,5.0,740.0,130.0,1
14.0,944.0,60.0,58.0,5.0,790.0,100.0,1
4.0,310.0,135.0,96.0,3.0,1140.0,207.0,1
12.0,6296.0,207.0,79.0,3.0,681.0,137.0,1
16.0,3008.0,135.0,134.0,7.0,615.0,164.0,1
12.0,6289.0,153.0,227.0,4.0,1024.0,60.0,1
8.0,810.0,35.0,45.0,3.0,990.0,85.0,1
4.0,1777.0,216.0,135.0,5.0,470.0,225.0,1
15.0,980.0,153.0,217.0,6.0,1020.0,70.0,1
10.0,4001.0,107.0,208.0,1.0,690.0,95.0,1
14.0,1972.0,241.0,60.0,1.0,725.0,113.0,1
6.0,5344.0,288.0,16.0,3.0,859.0,78.0,1
15.0,702.0,198.0,129.0,5.0,1045.0,75.0,1
2.0,480.0,252.0,243.0,6.0,545.0,161.0,1
15.0,518.0,264.0,79.0,3.0,640.0,135.0,1
15.0,2121.0,262.0,252.0,7.0,420.0,115.0,1
6.0,5178.0,16.0,290.0,3.0,665.0,122.0,1
15.0,2384.0,33.0,233.0,1.0,500.0,85.0,1
15.0,2698.0,22.0,104.0,4.0,485.0,195.0,1
5.0,1222.0,236.0,261.0,4.0,795.0,83.0,1
5.0,2840.0,153.0,261.0,6.0,833.0,82.0,1
16.0,3074.0,96.0,228.0,5.0,515.0,74.0,1
5.0,2238.0,16.0,78.0,4.0,800.0,99.0,1
12.0,6247.0,100.0,154.0,7.0,721.0,75.0,1
10.0,3956.0,56.0,208.0,5.0,515.0,65.0,1
16.0,2081.0,65.0,135.0,6.0,360.0,135.0,1
2.0,882.0,150.0,252.0,7.0,565.0,337.0,1
6.0,5082.0,16.0,32.0,7.0,523.0,112.0,1
3.0,1206.0,241.0,130.0,3.0,650.0,160.0,1
10.0,4064.0,208.0,58.0,7.0,815.0,80.0,1
6.0,5175.0,190.0,16.0,1.0,940.0,75.0,1
16.0,5937.0,208.0,218.0,6.0,493.0,49.0,1
9.0,10.0,128.0,154.0,1.0,480.0,325.0,1
1.0,1765.0,134.0,260.0,4.0,475.0,230.0,1
15.0,30.0,217.0,175.0,5.0,1060.0,200.0,1
12.0,6298.0,236.0,253.0,4.0,805.0,67.0,1
8.0,430.0,16.0,184.0,3.0,1075.0,125.0,1
11.0,6562.0,208.0,148.0,1.0,1080.0,142.0,1
15.0,2010.0,104.0,172.0,4.0,755.0,210.0,1
17.0,2630.0,60.0,134.0,7.0,970.0,83.0,1
16.0,2155.0,197.0,96.0,5.0,550.0,149.0,1
5.0,2450.0,16.0,139.0,4.0,597.0,105.0,1
13.0,920.0,135.0,208.0,3.0,480.0,154.0,1
10.0,4419.0,233.0,78.0,1.0,370.0,65.0,1
7.0,772.0,153.0,79.0,5.0,497.0,108.0,1
5.0,2145.0,228.0,16.0,4.0,420.0,179.0,1
15.0,422.0,182.0,45.0,1.0,485.0,100.0,1
13.0,322.0,253.0,252.0,1.0,636.0,134.0,1
16.0,2864.0,58.0,238.0,1.0,735.0,59.0,1
5.0,2101.0,16.0,280.0,6.0,1193.0,252.0,1
12.0,6293.0,107.0,79.0,3.0,398.0,102.0,1
16.0,2080.0,2.0,135.0,1.0,978.0,119.0,1
15.0,425.0,173.0,216.0,1.0,1015.0,150.0,1
10.0,3229.0,80.0,155.0,7.0,1270.0,70.0,1
0.0,4009.0,142.0,85.0,6.0,741.0,96.0,1
6.0,5371.0,275.0,16.0,7.0,699.0,74.0,1
1.0,180.0,154.0,148.0,7.0,985.0,310.0,1
1.0,440.0,91.0,80.0,1.0,905.0,100.0,1
10.0,2988.0,80.0,11.0,7.0,1130.0,130.0,1
6.0,5013.0,177.0,41.0,7.0,860.0,75.0,1
10.0,4164.0,61.0,208.0,1.0,1055.0,90.0,1
16.0,3065.0,96.0,54.0,1.0,563.0,146.0,1
13.0,502.0,208.0,159.0,5.0,1085.0,135.0,1
15.0,1332.0,217.0,204.0,7.0,835.0,120.0,1
6.0,5425.0,87.0,16.0,3.0,553.0,71.0,1
15.0,305.0,129.0,162.0,7.0,695.0,70.0,1
5.0,303.0,173.0,261.0,4.0,430.0,304.0,1
15.0,973.0,79.0,33.0,1.0,635.0,145.0,1
15.0,704.0,34.0,261.0,7.0,645.0,60.0,1
8.0,887.0,45.0,184.0,7.0,440.0,125.0,1
0.0,3857.0,16.0,204.0,5.0,954.0,141.0,1
4.0,1541.0,135.0,18.0,3.0,860.0,52.0,1
6.0,7320.0,256.0,177.0,4.0,390.0,66.0,1
5.0,2495.0,16.0,268.0,1.0,735.0,104.0,1
5.0,734.0,172.0,16.0,5.0,350.0,129.0,1
6.0,4999.0,78.0,35.0,4.0,715.0,93.0,1
2.0,851.0,252.0,128.0,1.0,540.0,376.0,1
12.0,6865.0,187.0,79.0,1.0,906.0,140.0,1
15.0,49.0,253.0,217.0,3.0,625.0,115.0,1
4.0,329.0,60.0,96.0,6.0,395.0,105.0,1
6.0,5477.0,177.0,146.0,6.0,1170.0,58.0,1
15.0,2688.0,252.0,262.0,7.0,465.0,105.0,1
4.0,1435.0,96.0,217.0,7.0,720.0,332.0,1
3.0,348.0,267.0,148.0,4.0,1036.0,164.0,1
5.0,1521.0,85.0,277.0,6.0,1040.0,158.0,1
12.0,7006.0,214.0,154.0,5.0,453.0,138.0,1
0.0,4246.0,85.0,139.0,3.0,735.0,73.0,1
2.0,877.0,214.0,128.0,7.0,455.0,360.0,1
4.0,542.0,135.0,261.0,5.0,580.0,196.0,1
5.0,2071.0,261.0,217.0,5.0,666.0,97.0,1
5.0,2231.0,85.0,18.0,3.0,1200.0,203.0,1
4.0,408.0,135.0,96.0,1.0,470.0,206.0,1
14.0,1467.0,216.0,16.0,1.0,700.0,142.0,1
15.0,1108.0,104.0,79.0,5.0,1075.0,280.0,1
5.0,1686.0,16.0,159.0,5.0,520.0,150.0,1
12.0,6944.0,57.0,154.0,5.0,890.0,40.0,1
5.0,2925.0,197.0,264.0,1.0,1045.0,237.0,1
15.0,215.0,44.0,262.0,7.0,865.0,80.0,1
15.0,1031.0,243.0,262.0,3.0,470.0,100.0,1
10.0,2787.0,165.0,80.0,6.0,935.0,80.0,1
9.0,265.0,203.0,128.0,4.0,1110.0,34.0,1
12.0,6521.0,154.0,258.0,4.0,1335.0,69.0,1
16.0,2993.0,96.0,197.0,6.0,700.0,182.0,1
8.0,1278.0,285.0,173.0,1.0,738.0,97.0,1
15.0,1923.0,2.0,261.0,5.0,990.0,95.0,1
15.0,264.0,268.0,277.0,5.0,590.0,135.0,1
1.0,863.0,183.0,260.0,3.0,760.0,145.0,1
15.0,599.0,217.0,262.0,1.0,425.0,130.0,1
7.0,374.0,79.0,184.0,3.0,905.0,132.0,1
15.0,347.0,75.0,244.0,7.0,880.0,60.0,1
14.0,1085.0,60.0,173.0,7.0,885.0,102.0,1
14.0,158.0,217.0,268.0,3.0,590.0,180.0,1
2.0,64.0,151.0,252.0,4.0,1082.0,113.0,1
8.0,1469.0,175.0,173.0,6.0,1199.0,156.0,1
10.0,3951.0,208.0,254.0,5.0,1235.0,100.0,1
2.0,515.0,264.0,252.0,5.0,420.0,173.0,1
11.0,6432.0,197.0,58.0,5.0,605.0,112.0,1
14.0,801.0,60.0,173.0,1.0,470.0,97.0,1
5.0,2422.0,183.0,197.0,4.0,785.0,231.0,1
15.0,44.0,172.0,175.0,5.0,1215.0,80.0,1
12.0,6301.0,236.0,154.0,5.0,393.0,86.0,1
1.0,154.0,208.0,35.0,4.0,1070.0,135.0,1
10.0,3243.0,80.0,146.0,3.0,1355.0,75.0,1
3.0,698.0,104.0,78.0,3.0,684.0,136.0,1
5.0,2144.0,85.0,78.0,6.0,1055.0,100.0,1
14.0,1721.0,58.0,60.0,3.0,935.0,99.0,1
6.0,7101.0,42.0,134.0,7.0,857.0,110.0,1
12.0,6343.0,264.0,253.0,1.0,633.0,85.0,1
10.0,4482.0,233.0,78.0,1.0,500.0,60.0,1
0.0,4085.0,148.0,43.0,3.0,475.0,104.0,1
13.0,140.0,253.0,264.0,3.0,1225.0,92.0,1
16.0,2898.0,135.0,204.0,6.0,1275.0,83.0,1
4.0,1450.0,58.0,159.0,5.0,940.0,91.0,1
6.0,5422.0,79.0,177.0,7.0,940.0,130.0,1
15.0,1268.0,184.0,153.0,4.0,640.0,240.0,1
1.0,1145.0,45.0,80.0,1.0,555.0,220.0,1
13.0,938.0,79.0,208.0,5.0,955.0,144.0,1
8.0,985.0,221.0,16.0,5.0,842.0,113.0,1
1.0,1649.0,80.0,207.0,6.0,795.0,190.0,1
5.0,1202.0,213.0,16.0,1.0,738.0,112.0,1
16.0,5892.0,208.0,132.0,7.0,1150.0,99.0,1
9.0,17.0,153.0,128.0,3.0,100.0,380.0,1
15.0,327.0,44.0,153.0,3.0,545.0,60.0,1
8.0,782.0,159.0,215.0,3.0,480.0,81.0,1
0.0,3684.0,221.0,148.0,6.0,380.0,106.0,1
14.0,1809.0,221.0,60.0,4.0,550.0,98.0,1
3.0,1418.0,147.0,35.0,7.0,770.0,145.0,1
13.0,580.0,208.0,45.0,7.0,675.0,114.0,1
17.0,2866.0,217.0,103.0,4.0,1360.0,58.0,1
11.0,6641.0,120.0,85.0,3.0,757.0,112.0,1
16.0,2298.0,139.0,96.0,4.0,1155.0,118.0,1
14.0,1509.0,277.0,60.0,6.0,515.0,100.0,1
12.0,4621.0,79.0,261.0,1.0,780.0,90.0,1
5.0,1470.0,16.0,60.0,3.0,1365.0,65.0,1
13.0,17.0,208.0,214.0,3.0,595.0,277.0,1
15.0,1079.0,75.0,244.0,5.0,1035.0,65.0,1
15.0,1110.0,175.0,154.0,6.0,605.0,280.0,1
5.0,2746.0,139.0,197.0,1.0,942.0,108.0,1
16.0,2319.0,96.0,182.0,7.0,860.0,69.0,1
10.0,3625.0,183.0,223.0,4.0,1235.0,105.0,1
16.0,3092.0,172.0,96.0,3.0,856.0,164.0,1
12.0,4553.0,154.0,153.0,5.0,375.0,70.0,1
0.0,3888.0,177.0,33.0,7.0,855.0,63.0,1
1.0,430.0,80.0,268.0,5.0,430.0,90.0,1
16.0,2289.0,135.0,91.0,7.0,1050.0,130.0,1
8.0,896.0,139.0,159.0,7.0,962.0,117.0,1
5.0,1212.0,154.0,197.0,5.0,380.0,220.0,1
5.0,1545.0,78.0,85.0,5.0,450.0,100.0,1
16.0,2356.0,27.0,135.0,4.0,900.0,112.0,1
15.0,1095.0,61.0,45.0,5.0,1085.0,70.0,1
15.0,1235.0,33.0,45.0,1.0,580.0,95.0,1
10.0,3954.0,208.0,117.0,1.0,545.0,55.0,1
5.0,2674.0,173.0,78.0,4.0,1015.0,122.0,1
5.0,1546.0,217.0,16.0,3.0,720.0,220.0,1
16.0,2589.0,58.0,172.0,5.0,1245.0,127.0,1
12.0,6911.0,184.0,208.0,3.0,631.0,44.0,1
4.0,568.0,96.0,153.0,7.0,515.0,340.0,1
15.0,1967.0,75.0,13.0,6.0,760.0,70.0,1
15.0,1687.0,268.0,79.0,4.0,365.0,150.0,1
10.0,4650.0,159.0,16.0,5.0,360.0,150.0,1
17.0,2881.0,248.0,217.0,1.0,750.0,95.0,1
17.0,2614.0,60.0,96.0,4.0,1280.0,100.0,1
0.0,3844.0,197.0,61.0,4.0,790.0,110.0,1
4.0,1406.0,104.0,135.0,5.0,540.0,164.0,1
16.0,2919.0,158.0,135.0,1.0,345.0,58.0,1
5.0,2488.0,277.0,71.0,5.0,808.0,132.0,1
5.0,1228.0,16.0,139.0,7.0,966.0,99.0,1
5.0,2460.0,16.0,238.0,6.0,772.0,128.0,1
4.0,1101.0,35.0,96.0,5.0,1140.0,93.0,1
13.0,954.0,154.0,253.0,4.0,400.0,85.0,1
1.0,474.0,80.0,16.0,1.0,775.0,120.0,1
13.0,330.0,243.0,208.0,5.0,544.0,241.0,1
5.0,2468.0,252.0,16.0,3.0,1375.0,279.0,1
15.0,705.0,205.0,268.0,5.0,1030.0,70.0,1
6.0,4994.0,16.0,130.0,3.0,851.0,142.0,1
15.0,2806.0,258.0,44.0,6.0,790.0,60.0,1
16.0,2262.0,205.0,135.0,4.0,1085.0,139.0,1
15.0,2792.0,79.0,217.0,6.0,875.0,120.0,1
5.0,2193.0,85.0,33.0,3.0,1310.0,99.0,1
0.0,3993.0,197.0,112.0,7.0,1180.0,74.0,1
5.0,2575.0,16.0,177.0,5.0,555.0,99.0,1
5.0,1049.0,16.0,244.0,3.0,660.0,163.0,1
6.0,5530.0,123.0,16.0,1.0,667.0,75.0,1
5.0,1604.0,261.0,33.0,7.0,1030.0,193.0,1
15.0,1161.0,129.0,153.0,3.0,1110.0,205.0,1
5.0,1183.0,209.0,16.0,1.0,405.0,135.0,1
10.0,4225.0,117.0,208.0,5.0,800.0,65.0,1
5.0,1054.0,197.0,16.0,7.0,1030.0,158.0,1
12.0,6327.0,243.0,154.0,3.0,801.0,44.0,1
15.0,785.0,27.0,75.0,4.0,460.0,115.0,1
1.0,526.0,253.0,80.0,1.0,360.0,215.0,1
15.0,1138.0,147.0,27.0,1.0,820.0,75.0,1
12.0,6707.0,85.0,79.0,4.0,984.0,200.0,1
5.0,2006.0,213.0,22.0,5.0,1180.0,170.0,1
3.0,1783.0,148.0,173.0,5.0,830.0,176.0,1
6.0,7305.0,132.0,177.0,1.0,385.0,67.0,1
7.0,762.0,153.0,79.0,7.0,587.0,110.0,1
0.0,3986.0,99.0,197.0,6.0,660.0,66.0,1
16.0,2731.0,135.0,256.0,3.0,1130.0,55.0,1
12.0,6511.0,154.0,100.0,4.0,1256.0,57.0,1
12.0,6355.0,246.0,154.0,5.0,1034.0,46.0,1
12.0,6964.0,214.0,252.0,4.0,440.0,50.0,1
15.0,2313.0,216.0,173.0,6.0,720.0,160.0,1
16.0,2648.0,91.0,135.0,6.0,670.0,114.0,1
13.0,601.0,154.0,153.0,6.0,1210.0,70.0,1
5.0,325.0,139.0,85.0,3.0,475.0,81.0,1
10.0,3299.0,80.0,170.0,6.0,1220.0,75.0,1
0.0,4018.0,85.0,92.0,4.0,1170.0,60.0,1
14.0,1181.0,213.0,60.0,1.0,720.0,113.0,1
14.0,18.0,252.0,217.0,4.0,1050.0,166.0,1
0.0,3763.0,108.0,177.0,3.0,697.0,67.0,1
17.0,2635.0,74.0,60.0,5.0,1014.0,94.0,1
15.0,1514.0,154.0,79.0,5.0,1100.0,135.0,1
10.0,4365.0,132.0,208.0,7.0,925.0,130.0,1
12.0,6736.0,230.0,79.0,7.0,545.0,76.0,1
5.0,1577.0,261.0,16.0,6.0,838.0,222.0,1
14.0,204.0,217.0,2.0,4.0,795.0,71.0,1
5.0,26.0,85.0,16.0,3.0,990.0,134.0,1
5.0,2305.0,197.0,253.0,6.0,545.0,259.0,1
10.0,4298.0,208.0,187.0,3.0,570.0,55.0,1
15.0,3482.0,173.0,141.0,6.0,755.0,145.0,1
3.0,527.0,96.0,173.0,5.0,550.0,176.0,1
5.0,650.0,175.0,16.0,4.0,570.0,111.0,1
8.0,672.0,173.0,184.0,3.0,455.0,176.0,1
6.0,5432.0,162.0,177.0,7.0,1035.0,55.0,1
1.0,480.0,243.0,80.0,3.0,1070.0,165.0,1
5.0,2514.0,85.0,119.0,4.0,610.0,59.0,1
10.0,3756.0,208.0,261.0,5.0,775.0,210.0,1
14.0,1526.0,60.0,273.0,3.0,564.0,104.0,1
10.0,2717.0,239.0,80.0,3.0,445.0,85.0,1
8.0,923.0,172.0,16.0,3.0,390.0,125.0,1
5.0,1202.0,213.0,16.0,3.0,738.0,112.0,1
2.0,636.0,252.0,217.0,7.0,750.0,163.0,1
13.0,260.0,134.0,173.0,4.0,1316.0,139.0,1
1.0,815.0,18.0,80.0,1.0,785.0,65.0,1
5.0,2467.0,60.0,85.0,7.0,980.0,110.0,1
15.0,206.0,202.0,243.0,4.0,885.0,85.0,1
6.0,5202.0,16.0,58.0,4.0,445.0,104.0,1
5.0,1661.0,16.0,213.0,3.0,567.0,121.0,1
4.0,1492.0,135.0,61.0,4.0,1165.0,153.0,1
16.0,2217.0,35.0,58.0,4.0,585.0,123.0,1
5.0,1037.0,129.0,16.0,3.0,765.0,126.0,1
15.0,639.0,75.0,129.0,6.0,1080.0,65.0,1
16.0,2758.0,91.0,135.0,7.0,989.0,106.0,1
4.0,332.0,135.0,159.0,5.0,478.0,206.0,1
3.0,471.0,35.0,258.0,1.0,985.0,398.0,1
12.0,4697.0,177.0,204.0,1.0,555.0,106.0,1
4.0,323.0,135.0,198.0,6.0,805.0,62.0,1
15.0,2712.0,134.0,175.0,7.0,1040.0,130.0,1
15.0,3579.0,243.0,253.0,7.0,1145.0,90.0,1
16.0,2753.0,96.0,162.0,5.0,1160.0,200.0,1
7.0,765.0,18.0,79.0,3.0,380.0,133.0,1
7.0,231.0,33.0,79.0,4.0,880.0,173.0,1
12.0,6991.0,208.0,65.0,7.0,716.0,153.0,1
4.0,374.0,243.0,135.0,4.0,708.0,186.0,1
1.0,2317.0,208.0,80.0,6.0,635.0,155.0,1
1.0,1518.0,252.0,80.0,7.0,655.0,235.0,1
1.0,1331.0,172.0,80.0,4.0,365.0,105.0,1
15.0,1976.0,268.0,85.0,4.0,535.0,90.0,1
10.0,3701.0,78.0,208.0,4.0,945.0,125.0,1
0.0,4219.0,85.0,175.0,6.0,1170.0,79.0,1
0.0,4361.0,221.0,177.0,3.0,710.0,135.0,1
15.0,32.0,131.0,129.0,3.0,750.0,60.0,1
11.0,6439.0,71.0,135.0,4.0,990.0,173.0,1
1.0,1091.0,268.0,80.0,3.0,795.0,115.0,1
12.0,4523.0,261.0,34.0,1.0,950.0,68.0,1
15.0,3128.0,153.0,43.0,6.0,930.0,260.0,1
15.0,313.0,175.0,243.0,4.0,1145.0,275.0,1
15.0,1722.0,175.0,182.0,6.0,550.0,125.0,1
0.0,3764.0,187.0,85.0,6.0,625.0,97.0,1
5.0,1003.0,16.0,184.0,5.0,885.0,125.0,1
3.0,1320.0,45.0,35.0,3.0,363.0,77.0,1
12.0,6241.0,44.0,253.0,7.0,653.0,84.0,1
12.0,6405.0,214.0,253.0,3.0,360.0,105.0,1
5.0,2938.0,16.0,78.0,4.0,385.0,94.0,1
14.0,455.0,217.0,261.0,5.0,510.0,97.0,1
5.0,2853.0,132.0,16.0,3.0,390.0,80.0,1
16.0,2882.0,135.0,33.0,4.0,1045.0,108.0,1
12.0,6708.0,253.0,210.0,4.0,1065.0,115.0,1
11.0,6418.0,56.0,85.0,1.0,605.0,94.0,1
4.0,1893.0,262.0,135.0,6.0,740.0,215.0,1
6.0,7098.0,208.0,120.0,5.0,526.0,102.0,1
12.0,6843.0,86.0,72.0,1.0,346.0,32.0,1
4.0,218.0,96.0,277.0,5.0,550.0,194.0,1
5.0,2430.0,85.0,117.0,4.0,730.0,81.0,1
5.0,1780.0,16.0,76.0,5.0,1155.0,99.0,1
15.0,3421.0,209.0,45.0,1.0,465.0,55.0,1
14.0,1430.0,147.0,60.0,3.0,1035.0,79.0,1
14.0,2170.0,78.0,159.0,4.0,720.0,70.0,1
5.0,1723.0,35.0,85.0,3.0,864.0,136.0,1
16.0,2872.0,13.0,135.0,7.0,470.0,94.0,1
15.0,15.0,129.0,173.0,7.0,685.0,125.0,1
4.0,172.0,154.0,58.0,5.0,1410.0,257.0,1
2.0,67.0,151.0,257.0,5.0,1022.0,55.0,1
6.0,5507.0,53.0,16.0,3.0,360.0,102.0,1
1.0,1164.0,80.0,198.0,4.0,420.0,80.0,1
16.0,5948.0,237.0,134.0,7.0,371.0,65.0,1
8.0,850.0,173.0,16.0,4.0,895.0,95.0,1
15.0,838.0,79.0,217.0,4.0,1075.0,120.0,1
14.0,1495.0,12.0,60.0,4.0,495.0,144.0,1
5.0,1512.0,16.0,208.0,4.0,885.0,131.0,1
5.0,2662.0,154.0,148.0,7.0,480.0,325.0,1
17.0,1017.0,128.0,161.0,6.0,1040.0,37.0,1
12.0,4795.0,261.0,264.0,5.0,593.0,116.0,1
1.0,1130.0,243.0,80.0,3.0,750.0,175.0,1
1.0,1521.0,172.0,208.0,3.0,1010.0,95.0,1
3.0,553.0,96.0,241.0,4.0,489.0,195.0,1
12.0,6687.0,194.0,253.0,7.0,698.0,37.0,1
10.0,4320.0,204.0,208.0,3.0,1025.0,135.0,1
10.0,2778.0,285.0,80.0,5.0,500.0,160.0,1
1.0,851.0,279.0,208.0,3.0,390.0,120.0,1
10.0,4230.0,136.0,208.0,3.0,620.0,110.0,1
15.0,754.0,243.0,153.0,1.0,1000.0,70.0,1
6.0,5515.0,157.0,177.0,4.0,740.0,87.0,1
8.0,850.0,97.0,173.0,3.0,785.0,65.0,1
10.0,4167.0,208.0,61.0,4.0,1180.0,75.0,1
14.0,1488.0,60.0,35.0,3.0,970.0,120.0,1
8.0,906.0,16.0,215.0,3.0,1265.0,89.0,1
11.0,6563.0,71.0,177.0,6.0,1050.0,97.0,1
15.0,1868.0,175.0,251.0,5.0,500.0,65.0,1
3.0,66.0,148.0,43.0,1.0,725.0,79.0,1
14.0,2130.0,159.0,35.0,7.0,840.0,66.0,1
5.0,2648.0,16.0,43.0,4.0,536.0,135.0,1
17.0,1048.0,161.0,128.0,5.0,435.0,29.0,1
13.0,947.0,134.0,173.0,4.0,1055.0,145.0,1
5.0,2398.0,241.0,197.0,7.0,940.0,221.0,1
13.0,903.0,134.0,79.0,4.0,980.0,239.0,1
4.0,1664.0,58.0,35.0,6.0,520.0,97.0,1
3.0,934.0,160.0,208.0,5.0,654.0,231.0,1
8.0,930.0,16.0,147.0,4.0,535.0,68.0,1
10.0,3295.0,80.0,47.0,6.0,845.0,135.0,1
12.0,6923.0,253.0,6.0,4.0,1140.0,79.0,1
5.0,1044.0,43.0,16.0,7.0,977.0,137.0,1
11.0,6493.0,120.0,85.0,7.0,435.0,125.0,1
5.0,1407.0,177.0,198.0,4.0,875.0,81.0,1
3.0,321.0,134.0,202.0,7.0,1131.0,354.0,1
6.0,7093.0,61.0,134.0,1.0,867.0,84.0,1
13.0,408.0,264.0,79.0,3.0,804.0,139.0,1
15.0,844.0,233.0,33.0,4.0,670.0,95.0,1
5.0,1440.0,16.0,221.0,1.0,649.0,101.0,1
10.0,4011.0,147.0,208.0,4.0,775.0,165.0,1
9.0,118.0,128.0,150.0,5.0,451.0,42.0,1
11.0,6280.0,94.0,71.0,5.0,510.0,54.0,1
14.0,1210.0,80.0,216.0,4.0,390.0,185.0,1
4.0,469.0,253.0,135.0,4.0,360.0,225.0,1
14.0,1741.0,78.0,277.0,3.0,905.0,143.0,1
12.0,6291.0,91.0,154.0,1.0,958.0,137.0,1
5.0,16.0,154.0,16.0,3.0,470.0,251.0,1
15.0,2522.0,173.0,175.0,6.0,1190.0,175.0,1
5.0,1686.0,16.0,159.0,6.0,520.0,150.0,1
1.0,1538.0,80.0,18.0,7.0,1160.0,55.0,1
14.0,526.0,172.0,217.0,1.0,900.0,171.0,1
12.0,4830.0,196.0,261.0,4.0,785.0,82.0,1
15.0,1108.0,104.0,79.0,7.0,1075.0,280.0,1
9.0,360.0,128.0,143.0,7.0,1036.0,51.0,1
16.0,2741.0,71.0,96.0,7.0,1079.0,125.0,1
5.0,1077.0,197.0,280.0,6.0,675.0,200.0,1
3.0,600.0,148.0,229.0,5.0,570.0,81.0,1
15.0,2610.0,243.0,175.0,1.0,1020.0,235.0,1
15.0,1267.0,198.0,175.0,6.0,475.0,135.0,1
0.0,4001.0,208.0,177.0,6.0,390.0,115.0,1
6.0,5181.0,16.0,188.0,6.0,612.0,110.0,1
15.0,848.0,202.0,154.0,3.0,840.0,70.0,1
14.0,1972.0,60.0,96.0,1.0,914.0,107.0,1
15.0,1425.0,33.0,104.0,7.0,1105.0,130.0,1
15.0,2119.0,264.0,262.0,1.0,885.0,90.0,1
7.0,770.0,153.0,79.0,4.0,933.0,111.0,1
12.0,6581.0,227.0,79.0,7.0,1000.0,123.0,1
17.0,7307.0,54.0,134.0,4.0,876.0,91.0,1
14.0,329.0,264.0,217.0,7.0,975.0,75.0,1
6.0,5299.0,16.0,91.0,1.0,683.0,209.0,1
10.0,3291.0,284.0,80.0,6.0,1095.0,50.0,1
4.0,1590.0,135.0,183.0,1.0,450.0,143.0,1
6.0,5262.0,78.0,35.0,7.0,835.0,93.0,1
4.0,45.0,96.0,183.0,5.0,990.0,190.0,1
10.0,3799.0,2.0,208.0,7.0,475.0,160.0,1
14.0,930.0,60.0,209.0,4.0,1185.0,64.0,1
15.0,807.0,34.0,111.0,3.0,715.0,65.0,1
12.0,4680.0,261.0,93.0,7.0,692.0,115.0,1
10.0,3247.0,80.0,162.0,1.0,1050.0,70.0,1
6.0,5507.0,53.0,16.0,4.0,360.0,102.0,1
6.0,7304.0,16.0,245.0,6.0,993.0,69.0,1
6.0,5435.0,188.0,16.0,5.0,360.0,98.0,1
4.0,1847.0,173.0,58.0,5.0,1075.0,140.0,1
17.0,2730.0,217.0,160.0,7.0,670.0,85.0,1
15.0,2004.0,45.0,175.0,3.0,645.0,130.0,1
2.0,95.0,252.0,14.0,3.0,700.0,229.0,1
13.0,304.0,173.0,134.0,3.0,993.0,132.0,1
12.0,6575.0,179.0,253.0,1.0,621.0,75.0,1
1.0,2527.0,27.0,80.0,6.0,715.0,130.0,1
0.0,3876.0,204.0,16.0,7.0,796.0,121.0,1
10.0,3052.0,154.0,236.0,7.0,1030.0,90.0,1
16.0,5942.0,208.0,48.0,4.0,961.0,70.0,1
7.0,623.0,79.0,85.0,3.0,650.0,164.0,1
3.0,152.0,241.0,148.0,7.0,953.0,167.0,1
15.0,203.0,153.0,172.0,3.0,1115.0,160.0,1
10.0,3626.0,223.0,183.0,6.0,740.0,110.0,1
14.0,1021.0,60.0,277.0,7.0,691.0,103.0,1
5.0,2472.0,277.0,16.0,5.0,740.0,94.0,1
4.0,1134.0,80.0,96.0,7.0,614.0,201.0,1
5.0,2921.0,197.0,154.0,5.0,555.0,250.0,1
15.0,341.0,18.0,79.0,6.0,390.0,140.0,1
5.0,1485.0,159.0,173.0,5.0,1163.0,171.0,1
12.0,4513.0,204.0,177.0,1.0,725.0,94.0,1
9.0,36.0,128.0,217.0,5.0,905.0,354.0,1
3.0,506.0,104.0,96.0,7.0,810.0,183.0,1
13.0,723.0,79.0,258.0,6.0,1154.0,163.0,1
6.0,5507.0,53.0,16.0,7.0,360.0,102.0,1
14.0,1109.0,60.0,147.0,5.0,895.0,82.0,1
16.0,2109.0,96.0,85.0,1.0,870.0,119.0,1
16.0,5981.0,208.0,204.0,5.0,715.0,133.0,1
15.0,3395.0,153.0,277.0,1.0,990.0,250.0,1
15.0,2630.0,85.0,175.0,5.0,630.0,70.0,1
10.0,3029.0,154.0,79.0,7.0,1125.0,140.0,1
5.0,8.0,135.0,16.0,5.0,955.0,132.0,1
14.0,1894.0,213.0,216.0,6.0,470.0,156.0,1
14.0,1118.0,60.0,229.0,4.0,1090.0,129.0,1
15.0,3415.0,243.0,244.0,1.0,570.0,155.0,1
10.0,3366.0,47.0,80.0,3.0,365.0,185.0,1
14.0,1186.0,177.0,60.0,3.0,765.0,93.0,1
4.0,1093.0,61.0,135.0,5.0,365.0,168.0,1
17.0,1011.0,150.0,128.0,3.0,505.0,40.0,1
15.0,1856.0,172.0,173.0,5.0,630.0,165.0,1
8.0,1203.0,175.0,241.0,4.0,830.0,164.0,1
2.0,731.0,252.0,14.0,6.0,1320.0,215.0,1
6.0,5046.0,16.0,11.0,5.0,615.0,69.0,1
7.0,868.0,217.0,79.0,1.0,465.0,105.0,1
5.0,1828.0,16.0,175.0,7.0,900.0,117.0,1
2.0,627.0,153.0,31.0,6.0,825.0,164.0,1
5.0,1195.0,85.0,22.0,1.0,845.0,104.0,1
13.0,740.0,202.0,79.0,6.0,360.0,146.0,1
10.0,3680.0,183.0,120.0,6.0,660.0,125.0,1
10.0,2864.0,254.0,80.0,7.0,355.0,90.0,1
12.0,7801.0,261.0,282.0,7.0,495.0,60.0,1
12.0,6338.0,243.0,154.0,5.0,1041.0,42.0,1
12.0,7788.0,261.0,271.0,3.0,685.0,78.0,1
5.0,1224.0,262.0,261.0,6.0,780.0,95.0,1
12.0,6710.0,261.0,208.0,6.0,490.0,188.0,1
16.0,2157.0,147.0,135.0,7.0,930.0,149.0,1
12.0,3076.0,139.0,184.0,4.0,1217.0,63.0,1
1.0,2350.0,80.0,208.0,4.0,780.0,140.0,1
3.0,120.0,198.0,148.0,4.0,1089.0,169.0,1
14.0,342.0,217.0,153.0,6.0,1075.0,69.0,1
16.0,5899.0,58.0,208.0,7.0,410.0,87.0,1
5.0,1241.0,121.0,16.0,3.0,383.0,63.0,1
3.0,923.0,35.0,208.0,3.0,1170.0,169.0,1
6.0,7324.0,16.0,278.0,7.0,900.0,64.0,1
5.0,1831.0,261.0,173.0,3.0,605.0,257.0,1
5.0,1100.0,261.0,216.0,1.0,595.0,261.0,1
16.0,2592.0,139.0,135.0,6.0,727.0,152.0,1
3.0,723.0,148.0,37.0,3.0,1425.0,216.0,1
15.0,3137.0,153.0,268.0,7.0,1060.0,185.0,1
13.0,640.0,208.0,216.0,3.0,1260.0,119.0,1
5.0,2916.0,18.0,197.0,1.0,1065.0,161.0,1
6.0,5126.0,16.0,19.0,5.0,1152.0,61.0,1
5.0,2095.0,147.0,16.0,4.0,1165.0,82.0,1
17.0,2986.0,217.0,244.0,1.0,959.0,122.0,1
15.0,996.0,131.0,244.0,5.0,1090.0,55.0,1
1.0,1915.0,80.0,261.0,3.0,735.0,175.0,1
6.0,5088.0,16.0,132.0,5.0,600.0,67.0,1
10.0,2852.0,254.0,80.0,7.0,460.0,95.0,1
13.0,732.0,252.0,208.0,3.0,370.0,242.0,1
12.0,6536.0,154.0,153.0,1.0,960.0,80.0,1
3.0,1011.0,35.0,148.0,6.0,650.0,66.0,1
15.0,1834.0,204.0,217.0,6.0,935.0,150.0,1
15.0,2197.0,35.0,216.0,7.0,1180.0,100.0,1
13.0,503.0,80.0,79.0,5.0,716.0,128.0,1
12.0,6818.0,85.0,208.0,3.0,405.0,71.0,1
14.0,2049.0,35.0,78.0,4.0,1200.0,91.0,1
8.0,529.0,16.0,177.0,5.0,1103.0,81.0,1
9.0,117.0,150.0,128.0,5.0,523.0,42.0,1
15.0,388.0,243.0,202.0,5.0,565.0,90.0,1
16.0,2267.0,58.0,117.0,4.0,1255.0,82.0,1
15.0,778.0,153.0,258.0,4.0,660.0,90.0,1
15.0,912.0,104.0,173.0,7.0,1100.0,60.0,1
15.0,3334.0,258.0,264.0,4.0,1250.0,75.0,1
5.0,1546.0,217.0,16.0,6.0,720.0,218.0,1
12.0,4719.0,261.0,160.0,4.0,515.0,113.0,1
14.0,1452.0,147.0,60.0,7.0,420.0,83.0,1
10.0,4313.0,61.0,208.0,5.0,905.0,85.0,1
6.0,5241.0,16.0,52.0,5.0,1150.0,53.0,1
14.0,957.0,221.0,60.0,3.0,430.0,96.0,1
15.0,3498.0,154.0,268.0,1.0,840.0,205.0,1
0.0,3724.0,85.0,117.0,1.0,525.0,88.0,1
16.0,2782.0,135.0,285.0,7.0,1180.0,118.0,1
10.0,4567.0,159.0,33.0,5.0,500.0,155.0,1
10.0,2980.0,70.0,80.0,1.0,425.0,150.0,1
5.0,2003.0,205.0,197.0,6.0,436.0,74.0,1
6.0,7118.0,273.0,134.0,1.0,857.0,79.0,1
14.0,488.0,217.0,79.0,6.0,795.0,109.0,1
12.0,6312.0,227.0,154.0,7.0,463.0,52.0,1
15.0,3142.0,75.0,244.0,7.0,760.0,65.0,1
14.0,2178.0,78.0,159.0,7.0,960.0,76.0,1
15.0,685.0,205.0,268.0,1.0,375.0,70.0,1
7.0,261.0,264.0,79.0,5.0,900.0,136.0,1
14.0,1997.0,208.0,60.0,5.0,360.0,118.0,1
5.0,1755.0,16.0,154.0,1.0,665.0,305.0,1
1.0,369.0,80.0,2.0,1.0,765.0,110.0,1
7.0,844.0,252.0,79.0,7.0,530.0,151.0,1
13.0,55.0,253.0,150.0,4.0,987.0,336.0,1
15.0,288.0,75.0,2.0,4.0,935.0,110.0,1
12.0,4789.0,154.0,243.0,3.0,1120.0,45.0,1
15.0,215.0,217.0,44.0,3.0,815.0,85.0,1
6.0,5235.0,16.0,41.0,5.0,933.0,96.0,1
4.0,709.0,135.0,214.0,3.0,1065.0,282.0,1
2.0,50.0,249.0,39.0,4.0,1033.0,43.0,1
15.0,919.0,173.0,45.0,3.0,445.0,125.0,1
4.0,1105.0,35.0,96.0,3.0,1005.0,92.0,1
16.0,2024.0,135.0,41.0,5.0,1285.0,59.0,1
6.0,7361.0,16.0,71.0,5.0,1225.0,88.0,1
5.0,2459.0,16.0,205.0,7.0,1129.0,153.0,1
0.0,3980.0,177.0,195.0,6.0,1145.0,104.0,1
1.0,2410.0,154.0,80.0,4.0,370.0,185.0,1
12.0,4632.0,261.0,196.0,5.0,669.0,91.0,1
5.0,1048.0,85.0,233.0,1.0,1050.0,105.0,1
0.0,3681.0,0.0,85.0,6.0,981.0,112.0,1
14.0,789.0,216.0,233.0,5.0,1105.0,95.0,1
15.0,1537.0,243.0,175.0,3.0,840.0,235.0,1
16.0,2885.0,135.0,65.0,3.0,550.0,141.0,1
12.0,7765.0,220.0,261.0,4.0,735.0,53.0,1
10.0,4346.0,238.0,208.0,4.0,1005.0,125.0,1
15.0,1447.0,75.0,204.0,6.0,895.0,50.0,1
15.0,2254.0,44.0,202.0,4.0,905.0,70.0,1
12.0,6467.0,79.0,179.0,5.0,1107.0,170.0,1
15.0,817.0,217.0,44.0,5.0,440.0,85.0,1
10.0,4327.0,208.0,281.0,4.0,1105.0,65.0,1
1.0,2355.0,208.0,80.0,3.0,1265.0,150.0,1
15.0,470.0,79.0,154.0,7.0,805.0,155.0,1
15.0,2118.0,2.0,243.0,7.0,1040.0,115.0,1
15.0,134.0,243.0,79.0,3.0,395.0,140.0,1
6.0,5185.0,16.0,251.0,5.0,801.0,78.0,1
14.0,414.0,253.0,60.0,1.0,440.0,285.0,1
1.0,2465.0,35.0,80.0,7.0,805.0,265.0,1
10.0,4212.0,208.0,43.0,6.0,720.0,95.0,1
5.0,2020.0,154.0,177.0,3.0,743.0,221.0,1
15.0,642.0,261.0,214.0,7.0,510.0,130.0,1
17.0,2856.0,217.0,103.0,1.0,660.0,69.0,1
12.0,6854.0,253.0,6.0,4.0,562.0,78.0,1
15.0,1925.0,258.0,214.0,6.0,540.0,110.0,1
14.0,1416.0,154.0,216.0,3.0,835.0,298.0,1
10.0,2847.0,54.0,80.0,4.0,740.0,190.0,1
15.0,1179.0,79.0,244.0,6.0,615.0,130.0,1
14.0,2173.0,159.0,78.0,7.0,720.0,71.0,1
1.0,789.0,208.0,79.0,5.0,880.0,155.0,1
15.0,42.0,217.0,129.0,4.0,750.0,150.0,1
8.0,448.0,16.0,198.0,3.0,525.0,105.0,1
13.0,732.0,208.0,147.0,4.0,792.0,147.0,1
6.0,5337.0,16.0,81.0,1.0,815.0,56.0,1
15.0,3073.0,45.0,243.0,4.0,510.0,360.0,1
3.0,1251.0,35.0,134.0,7.0,509.0,102.0,1
0.0,4243.0,152.0,85.0,7.0,810.0,53.0,1
11.0,6404.0,78.0,35.0,3.0,475.0,93.0,1
5.0,1147.0,16.0,213.0,4.0,820.0,105.0,1
3.0,371.0,159.0,104.0,3.0,360.0,174.0,1
0.0,3692.0,107.0,85.0,1.0,375.0,130.0,1
5.0,1667.0,154.0,197.0,4.0,915.0,212.0,1
15.0,372.0,172.0,268.0,1.0,875.0,55.0,1
6.0,5170.0,16.0,278.0,3.0,782.0,59.0,1
6.0,5221.0,104.0,275.0,4.0,415.0,84.0,1
12.0,6447.0,132.0,79.0,5.0,495.0,197.0,1
1.0,1980.0,80.0,173.0,5.0,595.0,140.0,1
0.0,4377.0,85.0,245.0,6.0,605.0,134.0,1
13.0,871.0,172.0,79.0,4.0,372.0,118.0,1
0.0,4063.0,148.0,221.0,4.0,1230.0,127.0,1
15.0,967.0,198.0,33.0,3.0,575.0,85.0,1
1.0,2400.0,154.0,80.0,5.0,20.0,165.0,1
5.0,2635.0,139.0,16.0,7.0,485.0,110.0,1
12.0,6840.0,253.0,246.0,4.0,529.0,81.0,1
5.0,1053.0,172.0,16.0,3.0,765.0,120.0,1
5.0,1461.0,241.0,85.0,1.0,710.0,170.0,1
1.0,1186.0,268.0,208.0,6.0,1210.0,65.0,1
6.0,5100.0,16.0,157.0,1.0,976.0,72.0,1
4.0,568.0,96.0,153.0,1.0,525.0,352.0,1
15.0,1745.0,243.0,262.0,6.0,1140.0,95.0,1
15.0,2015.0,243.0,175.0,3.0,445.0,240.0,1
1.0,1871.0,213.0,80.0,1.0,475.0,190.0,1
12.0,6275.0,111.0,252.0,4.0,890.0,72.0,1
15.0,1006.0,18.0,33.0,1.0,910.0,115.0,1
1.0,1517.0,244.0,80.0,7.0,820.0,70.0,1
15.0,1926.0,217.0,45.0,3.0,700.0,255.0,1
15.0,1449.0,221.0,277.0,6.0,770.0,155.0,1
5.0,1143.0,54.0,16.0,4.0,330.0,72.0,1
12.0,6322.0,243.0,154.0,7.0,588.0,45.0,1
4.0,362.0,58.0,217.0,6.0,1050.0,262.0,1
15.0,298.0,236.0,154.0,3.0,525.0,85.0,1
3.0,523.0,96.0,173.0,6.0,680.0,165.0,1
9.0,30.0,203.0,252.0,4.0,970.0,325.0,1
15.0,1097.0,217.0,44.0,3.0,1125.0,85.0,1
14.0,1273.0,216.0,80.0,4.0,695.0,226.0,1
15.0,678.0,262.0,243.0,1.0,595.0,85.0,1
9.0,280.0,203.0,150.0,7.0,935.0,32.0,1
14.0,1663.0,228.0,60.0,5.0,1020.0,134.0,1
13.0,725.0,208.0,217.0,7.0,542.0,238.0,1
5.0,12.0,173.0,16.0,6.0,870.0,95.0,1
15.0,687.0,153.0,258.0,3.0,1105.0,80.0,1
16.0,2562.0,135.0,75.0,1.0,1050.0,61.0,1
15.0,2866.0,253.0,264.0,6.0,440.0,85.0,1
10.0,4634.0,159.0,233.0,7.0,960.0,110.0,1
7.0,484.0,217.0,184.0,5.0,1085.0,198.0,1
14.0,1989.0,60.0,241.0,1.0,565.0,118.0,1
8.0,483.0,45.0,173.0,3.0,1218.0,141.0,1
1.0,298.0,128.0,154.0,5.0,1335.0,305.0,1
3.0,747.0,22.0,173.0,3.0,996.0,179.0,1
3.0,1436.0,160.0,253.0,4.0,1060.0,81.0,1
5.0,5.0,85.0,45.0,5.0,850.0,96.0,1
15.0,2010.0,104.0,172.0,7.0,755.0,210.0,1
15.0,2642.0,104.0,277.0,5.0,1220.0,60.0,1
5.0,1842.0,244.0,16.0,3.0,330.0,142.0,1
5.0,420.0,16.0,217.0,7.0,811.0,257.0,1
6.0,7133.0,208.0,245.0,5.0,1200.0,124.0,1
13.0,21.0,79.0,202.0,4.0,1145.0,168.0,1
5.0,2718.0,173.0,16.0,3.0,1110.0,100.0,1
15.0,193.0,45.0,217.0,3.0,1115.0,320.0,1
5.0,1139.0,234.0,16.0,7.0,1047.0,116.0,1
14.0,1746.0,173.0,216.0,3.0,475.0,142.0,1
8.0,755.0,45.0,132.0,3.0,630.0,110.0,1
12.0,6985.0,79.0,230.0,3.0,1167.0,70.0,1
14.0,1702.0,60.0,22.0,3.0,980.0,114.0,1
10.0,4152.0,21.0,208.0,3.0,370.0,60.0,1
8.0,145.0,85.0,16.0,6.0,1075.0,132.0,1
13.0,70.0,79.0,134.0,5.0,1170.0,198.0,1
12.0,4596.0,261.0,232.0,1.0,680.0,97.0,1
1.0,1855.0,159.0,268.0,3.0,510.0,170.0,1
5.0,2457.0,119.0,197.0,3.0,615.0,90.0,1
15.0,729.0,217.0,153.0,1.0,415.0,65.0,1
5.0,1185.0,96.0,261.0,5.0,1044.0,314.0,1
8.0,186.0,16.0,78.0,3.0,615.0,105.0,1
1.0,1004.0,183.0,78.0,3.0,815.0,145.0,1
12.0,4557.0,261.0,114.0,3.0,826.0,64.0,1
15.0,3420.0,217.0,153.0,1.0,465.0,65.0,1
10.0,4140.0,208.0,172.0,3.0,665.0,90.0,1
13.0,221.0,208.0,135.0,7.0,493.0,164.0,1
15.0,3598.0,252.0,217.0,7.0,1175.0,170.0,1
15.0,2905.0,2.0,243.0,6.0,1035.0,115.0,1
12.0,4729.0,179.0,261.0,1.0,370.0,112.0,1
15.0,2173.0,22.0,45.0,6.0,715.0,70.0,1
8.0,265.0,184.0,78.0,1.0,611.0,109.0,1
15.0,41.0,75.0,129.0,1.0,990.0,65.0,1
5.0,2229.0,85.0,183.0,5.0,1200.0,185.0,1
15.0,781.0,262.0,207.0,1.0,495.0,75.0,1
10.0,3235.0,80.0,5.0,1.0,745.0,40.0,1
16.0,2812.0,13.0,135.0,4.0,813.0,95.0,1
0.0,3754.0,85.0,250.0,3.0,648.0,81.0,1
5.0,1774.0,267.0,16.0,7.0,1149.0,103.0,1
16.0,3120.0,135.0,162.0,4.0,790.0,76.0,1
5.0,2206.0,87.0,16.0,4.0,1042.0,78.0,1
7.0,650.0,253.0,79.0,7.0,380.0,150.0,1
1.0,1441.0,80.0,253.0,5.0,715.0,240.0,1
10.0,4246.0,139.0,208.0,3.0,1055.0,75.0,1
8.0,539.0,217.0,16.0,7.0,845.0,203.0,1
15.0,1199.0,27.0,175.0,1.0,655.0,115.0,1
4.0,539.0,183.0,96.0,7.0,1015.0,185.0,1
15.0,2926.0,18.0,75.0,6.0,490.0,55.0,1
15.0,1029.0,264.0,202.0,1.0,1000.0,80.0,1
5.0,1085.0,197.0,14.0,5.0,930.0,357.0,1
12.0,6752.0,109.0,208.0,3.0,1202.0,63.0,1
12.0,6873.0,227.0,79.0,7.0,446.0,131.0,1
17.0,1027.0,203.0,128.0,7.0,890.0,32.0,1
12.0,6839.0,208.0,177.0,7.0,966.0,103.0,1
1.0,1007.0,183.0,217.0,3.0,1015.0,320.0,1
12.0,6837.0,83.0,79.0,3.0,588.0,62.0,1
13.0,799.0,58.0,208.0,3.0,1001.0,88.0,1
5.0,2930.0,214.0,197.0,6.0,745.0,199.0,1
12.0,4452.0,184.0,177.0,6.0,660.0,115.0,1
4.0,1844.0,135.0,58.0,4.0,870.0,162.0,1
10.0,3276.0,84.0,80.0,3.0,905.0,120.0,1
5.0,1781.0,253.0,154.0,6.0,1080.0,85.0,1
14.0,281.0,217.0,258.0,7.0,875.0,114.0,1
1.0,1487.0,78.0,208.0,4.0,515.0,130.0,1
11.0,6450.0,172.0,71.0,7.0,455.0,107.0,1
5.0,2121.0,85.0,217.0,5.0,1170.0,270.0,1
16.0,3001.0,96.0,121.0,5.0,905.0,118.0,1
10.0,3236.0,118.0,80.0,3.0,730.0,50.0,1
15.0,1456.0,154.0,91.0,6.0,620.0,110.0,1
8.0,562.0,16.0,32.0,6.0,610.0,107.0,1
15.0,669.0,261.0,154.0,1.0,450.0,125.0,1
14.0,962.0,79.0,216.0,3.0,680.0,208.0,1
12.0,6742.0,79.0,58.0,3.0,606.0,172.0,1
14.0,1800.0,60.0,35.0,7.0,585.0,134.0,1
15.0,1033.0,264.0,258.0,7.0,1215.0,75.0,1
15.0,3232.0,147.0,104.0,6.0,450.0,70.0,1
5.0,2940.0,202.0,261.0,5.0,365.0,108.0,1
14.0,1401.0,60.0,104.0,1.0,975.0,120.0,1
14.0,1429.0,159.0,60.0,3.0,525.0,127.0,1
8.0,1154.0,139.0,241.0,4.0,965.0,146.0,1
15.0,3325.0,159.0,45.0,5.0,715.0,75.0,1
5.0,1036.0,261.0,16.0,5.0,912.0,223.0,1
4.0,768.0,96.0,153.0,5.0,450.0,342.0,1
1.0,117.0,148.0,154.0,5.0,825.0,370.0,1
11.0,6295.0,147.0,71.0,5.0,500.0,124.0,1
10.0,3017.0,236.0,154.0,6.0,865.0,90.0,1
16.0,2941.0,80.0,135.0,1.0,670.0,64.0,1
16.0,2516.0,58.0,238.0,3.0,965.0,60.0,1
6.0,5034.0,287.0,16.0,4.0,695.0,80.0,1
0.0,4091.0,17.0,197.0,6.0,555.0,73.0,1
5.0,1438.0,16.0,78.0,7.0,1295.0,100.0,1
4.0,379.0,135.0,244.0,7.0,770.0,58.0,1
5.0,2241.0,261.0,154.0,7.0,910.0,115.0,1
1.0,201.0,148.0,154.0,3.0,390.0,385.0,1
16.0,2723.0,135.0,204.0,4.0,450.0,85.0,1
1.0,162.0,128.0,154.0,3.0,810.0,330.0,1
16.0,3004.0,135.0,184.0,5.0,775.0,153.0,1
4.0,398.0,79.0,135.0,6.0,510.0,139.0,1
15.0,2885.0,153.0,79.0,3.0,365.0,115.0,1
14.0,1814.0,277.0,60.0,7.0,620.0,101.0,1
14.0,1223.0,273.0,78.0,4.0,370.0,82.0,1
12.0,6915.0,208.0,162.0,6.0,825.0,109.0,1
0.0,4104.0,18.0,177.0,1.0,709.0,110.0,1
13.0,8.0,253.0,148.0,6.0,568.0,344.0,1
14.0,1940.0,60.0,12.0,4.0,1335.0,112.0,1
8.0,573.0,184.0,217.0,5.0,540.0,240.0,1
10.0,2715.0,80.0,158.0,5.0,630.0,75.0,1
15.0,733.0,154.0,153.0,1.0,890.0,60.0,1
14.0,567.0,154.0,217.0,7.0,390.0,80.0,1
15.0,2175.0,154.0,202.0,7.0,950.0,70.0,1
15.0,1001.0,75.0,198.0,5.0,1005.0,80.0,1
12.0,6812.0,208.0,265.0,1.0,490.0,51.0,1
4.0,1197.0,35.0,96.0,4.0,1065.0,97.0,1
5.0,1463.0,78.0,197.0,4.0,1205.0,174.0,1
12.0,4473.0,261.0,2.0,7.0,910.0,105.0,1
13.0,16.0,208.0,45.0,5.0,797.0,114.0,1
15.0,952.0,153.0,175.0,3.0,1155.0,205.0,1
1.0,1521.0,208.0,280.0,5.0,1155.0,225.0,1
10.0,4188.0,208.0,0.0,4.0,945.0,115.0,1
14.0,977.0,216.0,213.0,6.0,735.0,159.0,1
14.0,623.0,268.0,217.0,6.0,880.0,203.0,1
15.0,2269.0,173.0,43.0,6.0,450.0,155.0,1
8.0,732.0,197.0,184.0,4.0,1013.0,76.0,1
14.0,1019.0,60.0,183.0,7.0,600.0,131.0,1
6.0,5434.0,275.0,16.0,7.0,910.0,74.0,1
1.0,1985.0,216.0,260.0,6.0,430.0,230.0,1
8.0,1016.0,35.0,173.0,1.0,703.0,205.0,1
15.0,270.0,153.0,129.0,7.0,665.0,180.0,1
0.0,3829.0,85.0,56.0,3.0,940.0,102.0,1
6.0,5306.0,121.0,16.0,4.0,764.0,80.0,1
6.0,5273.0,85.0,147.0,4.0,1205.0,146.0,1
8.0,1411.0,48.0,241.0,6.0,425.0,174.0,1
12.0,4695.0,261.0,153.0,4.0,1005.0,81.0,1
2.0,852.0,128.0,252.0,5.0,865.0,337.0,1
9.0,195.0,203.0,128.0,5.0,1140.0,33.0,1
17.0,2704.0,234.0,60.0,6.0,960.0,81.0,1
6.0,5323.0,78.0,35.0,4.0,1135.0,92.0,1
13.0,128.0,208.0,216.0,5.0,793.0,131.0,1
16.0,3040.0,135.0,27.0,1.0,529.0,90.0,1
15.0,774.0,221.0,175.0,5.0,1080.0,95.0,1
15.0,1195.0,214.0,153.0,6.0,420.0,125.0,1
3.0,611.0,148.0,147.0,4.0,480.0,154.0,1
7.0,724.0,79.0,78.0,1.0,705.0,193.0,1
1.0,1139.0,85.0,80.0,6.0,1020.0,185.0,1
5.0,2758.0,154.0,253.0,5.0,965.0,75.0,1
10.0,3351.0,80.0,155.0,4.0,870.0,70.0,1
3.0,77.0,148.0,213.0,3.0,542.0,181.0,1
10.0,4578.0,60.0,159.0,3.0,530.0,115.0,1
15.0,827.0,79.0,279.0,3.0,1090.0,90.0,1
11.0,6555.0,177.0,45.0,7.0,828.0,122.0,1
11.0,6667.0,85.0,21.0,4.0,840.0,55.0,1
12.0,6582.0,227.0,253.0,1.0,653.0,91.0,1
5.0,1515.0,106.0,16.0,7.0,700.0,134.0,1
8.0,1216.0,267.0,175.0,5.0,1163.0,166.0,1
10.0,2781.0,80.0,119.0,4.0,1170.0,145.0,1
14.0,1809.0,60.0,241.0,6.0,710.0,123.0,1
15.0,2786.0,34.0,202.0,1.0,560.0,100.0,1
15.0,31.0,155.0,75.0,3.0,750.0,65.0,1
5.0,2365.0,154.0,128.0,1.0,525.0,350.0,1
15.0,759.0,258.0,207.0,1.0,425.0,70.0,1
6.0,5198.0,130.0,16.0,5.0,1140.0,156.0,1
1.0,1755.0,80.0,178.0,5.0,575.0,95.0,1
12.0,6273.0,252.0,111.0,6.0,623.0,58.0,1
13.0,106.0,154.0,208.0,6.0,513.0,244.0,1
15.0,1531.0,197.0,268.0,6.0,485.0,95.0,1
8.0,1629.0,216.0,173.0,5.0,778.0,155.0,1
15.0,1411.0,202.0,44.0,4.0,1000.0,65.0,1
6.0,5446.0,288.0,16.0,3.0,615.0,74.0,1
10.0,3064.0,243.0,154.0,4.0,1195.0,45.0,1
10.0,3727.0,208.0,162.0,6.0,1305.0,110.0,1
5.0,1805.0,85.0,173.0,1.0,1055.0,160.0,1
6.0,5111.0,16.0,27.0,3.0,510.0,63.0,1
15.0,1489.0,141.0,213.0,4.0,735.0,180.0,1
4.0,1800.0,104.0,96.0,4.0,1050.0,177.0,1
0.0,3939.0,177.0,84.0,1.0,555.0,101.0,1
5.0,1125.0,16.0,186.0,3.0,536.0,98.0,1
2.0,354.0,252.0,202.0,6.0,1225.0,124.0,1
0.0,4039.0,121.0,16.0,3.0,455.0,85.0,1
5.0,1199.0,16.0,268.0,1.0,920.0,107.0,1
10.0,4113.0,61.0,208.0,1.0,835.0,85.0,1
14.0,1604.0,216.0,35.0,3.0,675.0,75.0,1
5.0,1539.0,78.0,16.0,7.0,960.0,119.0,1
15.0,1100.0,228.0,45.0,5.0,805.0,80.0,1
5.0,2332.0,162.0,16.0,7.0,531.0,93.0,1
6.0,5096.0,41.0,16.0,1.0,784.0,94.0,1
14.0,966.0,78.0,60.0,5.0,559.0,101.0,1
10.0,3369.0,80.0,84.0,1.0,760.0,115.0,1
15.0,546.0,252.0,111.0,7.0,1005.0,60.0,1
12.0,6678.0,194.0,253.0,3.0,886.0,37.0,1
12.0,6810.0,214.0,252.0,3.0,1305.0,49.0,1
3.0,75.0,273.0,148.0,3.0,1013.0,85.0,1
13.0,894.0,79.0,154.0,1.0,371.0,159.0,1
5.0,2517.0,85.0,153.0,3.0,1185.0,278.0,1
6.0,5186.0,35.0,78.0,4.0,995.0,110.0,1
3.0,687.0,35.0,78.0,4.0,925.0,99.0,1
7.0,580.0,261.0,79.0,3.0,1025.0,85.0,1
12.0,4473.0,261.0,2.0,3.0,910.0,100.0,1
0.0,3783.0,61.0,177.0,1.0,1080.0,107.0,1
14.0,401.0,216.0,253.0,3.0,1080.0,385.0,1
5.0,1096.0,16.0,268.0,4.0,1312.0,111.0,1
1.0,1488.0,79.0,183.0,7.0,1435.0,220.0,1
1.0,1607.0,279.0,80.0,3.0,770.0,70.0,1
2.0,676.0,252.0,79.0,3.0,460.0,155.0,1
1.0,1983.0,148.0,183.0,7.0,870.0,210.0,1
6.0,5284.0,132.0,16.0,6.0,680.0,60.0,1
12.0,6867.0,79.0,18.0,1.0,614.0,124.0,1
15.0,1094.0,217.0,91.0,3.0,660.0,70.0,1
14.0,221.0,236.0,217.0,7.0,590.0,101.0,1
12.0,6811.0,154.0,236.0,7.0,1346.0,85.0,1
15.0,744.0,91.0,129.0,4.0,1005.0,105.0,1
16.0,2041.0,135.0,184.0,7.0,685.0,140.0,1
5.0,1559.0,154.0,128.0,7.0,885.0,366.0,1
4.0,709.0,135.0,214.0,4.0,1065.0,282.0,1
13.0,271.0,79.0,207.0,7.0,1300.0,143.0,1
7.0,377.0,35.0,184.0,1.0,360.0,165.0,1
10.0,4344.0,85.0,208.0,4.0,1000.0,80.0,1
15.0,736.0,129.0,175.0,1.0,1095.0,150.0,1
5.0,2991.0,261.0,264.0,4.0,1305.0,117.0,1
2.0,233.0,243.0,252.0,3.0,1025.0,170.0,1
1.0,117.0,148.0,154.0,3.0,825.0,370.0,1
12.0,4790.0,34.0,261.0,6.0,792.0,73.0,1
0.0,3694.0,85.0,175.0,1.0,935.0,71.0,1
6.0,5128.0,16.0,180.0,6.0,840.0,59.0,1
15.0,1057.0,111.0,202.0,5.0,465.0,135.0,1
1.0,1698.0,261.0,80.0,1.0,365.0,170.0,1
15.0,258.0,153.0,154.0,7.0,1045.0,70.0,1
1.0,1532.0,153.0,80.0,4.0,1120.0,140.0,1
12.0,4591.0,224.0,261.0,6.0,390.0,96.0,1
15.0,929.0,12.0,45.0,7.0,1175.0,75.0,1
2.0,467.0,154.0,252.0,5.0,810.0,155.0,1
15.0,2741.0,45.0,268.0,6.0,1025.0,145.0,1
14.0,2045.0,35.0,78.0,3.0,1080.0,97.0,1
1.0,2222.0,80.0,16.0,1.0,945.0,125.0,1
1.0,1026.0,80.0,172.0,3.0,425.0,95.0,1
1.0,528.0,154.0,183.0,7.0,360.0,280.0,1
5.0,69.0,16.0,183.0,1.0,1045.0,115.0,1
16.0,2452.0,96.0,268.0,6.0,735.0,160.0,1
14.0,511.0,217.0,205.0,7.0,605.0,165.0,1
5.0,2415.0,148.0,104.0,6.0,595.0,183.0,1
15.0,1627.0,175.0,205.0,6.0,1025.0,90.0,1
11.0,6598.0,172.0,159.0,7.0,1110.0,168.0,1
1.0,657.0,80.0,2.0,4.0,1320.0,110.0,1
15.0,1664.0,258.0,154.0,7.0,730.0,70.0,1
12.0,4784.0,261.0,197.0,3.0,1185.0,162.0,1
6.0,5379.0,16.0,162.0,7.0,1035.0,102.0,1
5.0,2608.0,264.0,197.0,1.0,747.0,212.0,1
17.0,7245.0,228.0,134.0,7.0,861.0,104.0,1
10.0,3935.0,172.0,208.0,6.0,540.0,90.0,1
15.0,1921.0,33.0,233.0,1.0,645.0,80.0,1
13.0,315.0,80.0,79.0,1.0,560.0,136.0,1
5.0,2505.0,197.0,253.0,3.0,1290.0,247.0,1
16.0,2188.0,234.0,96.0,1.0,775.0,90.0,1
16.0,3043.0,61.0,96.0,7.0,660.0,97.0,1
15.0,31.0,129.0,131.0,1.0,930.0,60.0,1
1.0,502.0,80.0,241.0,7.0,555.0,145.0,1
12.0,6267.0,100.0,253.0,6.0,1176.0,54.0,1
14.0,61.0,60.0,277.0,5.0,780.0,99.0,1
12.0,6556.0,79.0,279.0,5.0,1016.0,89.0,1
5.0,2290.0,16.0,139.0,1.0,520.0,107.0,1
12.0,4485.0,99.0,197.0,3.0,1020.0,66.0,1
14.0,1456.0,78.0,173.0,1.0,615.0,142.0,1
8.0,1626.0,173.0,216.0,4.0,1047.0,140.0,1
14.0,1703.0,78.0,104.0,6.0,510.0,162.0,1
3.0,1324.0,45.0,35.0,4.0,730.0,76.0,1
6.0,7101.0,42.0,134.0,3.0,336.0,110.0,1
15.0,340.0,264.0,217.0,1.0,890.0,70.0,1
14.0,879.0,135.0,60.0,7.0,730.0,145.0,1
16.0,2308.0,135.0,38.0,6.0,920.0,63.0,1
6.0,5402.0,147.0,85.0,4.0,720.0,150.0,1
14.0,739.0,216.0,221.0,1.0,940.0,72.0,1
15.0,528.0,153.0,139.0,3.0,610.0,215.0,1
1.0,1796.0,198.0,208.0,7.0,665.0,140.0,1
8.0,300.0,79.0,16.0,4.0,400.0,170.0,1
12.0,4801.0,135.0,261.0,4.0,850.0,195.0,1
8.0,278.0,16.0,35.0,3.0,984.0,146.0,1
8.0,421.0,223.0,16.0,5.0,1090.0,70.0,1
12.0,6506.0,154.0,34.0,3.0,509.0,119.0,1
10.0,2963.0,56.0,80.0,3.0,360.0,140.0,1
13.0,202.0,253.0,154.0,7.0,507.0,95.0,1
12.0,6987.0,33.0,208.0,6.0,1087.0,107.0,1
15.0,1235.0,172.0,33.0,4.0,460.0,95.0,1
1.0,1262.0,264.0,208.0,6.0,1035.0,225.0,1
15.0,184.0,104.0,216.0,7.0,1150.0,165.0,1
12.0,6541.0,79.0,29.0,7.0,610.0,95.0,1
3.0,120.0,198.0,148.0,7.0,1089.0,169.0,1
12.0,7027.0,79.0,261.0,5.0,921.0,85.0,1
5.0,1162.0,33.0,16.0,7.0,390.0,90.0,1
5.0,2428.0,173.0,85.0,4.0,1100.0,160.0,1
5.0,1243.0,85.0,268.0,4.0,1195.0,111.0,1
16.0,2107.0,85.0,96.0,1.0,1031.0,109.0,1
0.0,3711.0,229.0,85.0,5.0,741.0,142.0,1
3.0,635.0,35.0,253.0,7.0,1085.0,406.0,1
14.0,976.0,60.0,134.0,5.0,1350.0,85.0,1
6.0,7131.0,47.0,134.0,1.0,855.0,83.0,1
3.0,204.0,253.0,160.0,5.0,420.0,82.0,1
4.0,1027.0,135.0,60.0,3.0,750.0,141.0,1
12.0,6821.0,231.0,253.0,3.0,603.0,69.0,1
5.0,1816.0,79.0,16.0,1.0,633.0,172.0,1
5.0,2224.0,213.0,16.0,1.0,405.0,124.0,1
16.0,2965.0,96.0,197.0,7.0,840.0,194.0,1
16.0,2784.0,135.0,162.0,7.0,1015.0,78.0,1
10.0,4002.0,208.0,290.0,6.0,935.0,110.0,1
1.0,1479.0,16.0,80.0,3.0,845.0,150.0,1
11.0,6641.0,120.0,85.0,6.0,757.0,112.0,1
5.0,2323.0,85.0,217.0,3.0,725.0,265.0,1
17.0,1962.0,143.0,128.0,5.0,1165.0,47.0,1
10.0,4469.0,78.0,33.0,6.0,735.0,120.0,1
8.0,256.0,106.0,16.0,3.0,1089.0,125.0,1
5.0,2238.0,16.0,78.0,7.0,800.0,97.0,1
1.0,1554.0,244.0,80.0,1.0,965.0,70.0,1
8.0,668.0,130.0,16.0,6.0,1109.0,150.0,1
2.0,65.0,226.0,149.0,3.0,698.0,42.0,1
15.0,930.0,262.0,44.0,3.0,755.0,70.0,1
14.0,195.0,216.0,217.0,3.0,415.0,317.0,1
15.0,791.0,217.0,154.0,1.0,1090.0,85.0,1
6.0,5060.0,132.0,16.0,1.0,927.0,56.0,1
3.0,1252.0,134.0,35.0,4.0,530.0,85.0,1
15.0,146.0,202.0,153.0,7.0,795.0,85.0,1
6.0,5356.0,16.0,52.0,7.0,1310.0,51.0,1
16.0,3094.0,135.0,121.0,7.0,635.0,121.0,1
5.0,1848.0,85.0,159.0,3.0,445.0,121.0,1
1.0,1546.0,264.0,80.0,4.0,1015.0,165.0,1
12.0,6821.0,253.0,231.0,1.0,515.0,64.0,1
0.0,3806.0,136.0,177.0,3.0,1000.0,88.0,1
0.0,4124.0,71.0,96.0,4.0,815.0,126.0,1
16.0,2869.0,96.0,71.0,3.0,1200.0,132.0,1
6.0,5071.0,132.0,16.0,4.0,500.0,70.0,1
14.0,231.0,217.0,85.0,1.0,595.0,238.0,1
1.0,1364.0,154.0,208.0,3.0,420.0,250.0,1
10.0,3661.0,183.0,139.0,7.0,900.0,165.0,1
0.0,4041.0,177.0,279.0,1.0,820.0,86.0,1
12.0,6694.0,253.0,6.0,3.0,1360.0,79.0,1
14.0,230.0,258.0,217.0,1.0,592.0,107.0,1
15.0,1122.0,202.0,153.0,1.0,665.0,85.0,1
11.0,6313.0,71.0,133.0,6.0,685.0,47.0,1
8.0,73.0,16.0,104.0,5.0,769.0,110.0,1
11.0,6303.0,78.0,268.0,1.0,410.0,142.0,1
8.0,492.0,173.0,45.0,6.0,960.0,130.0,1
16.0,5955.0,47.0,208.0,4.0,605.0,128.0,1
2.0,691.0,111.0,252.0,3.0,825.0,62.0,1
15.0,493.0,91.0,75.0,6.0,455.0,90.0,1
10.0,2710.0,290.0,80.0,6.0,420.0,75.0,1
15.0,1748.0,262.0,214.0,3.0,1200.0,90.0,1
11.0,6272.0,71.0,61.0,7.0,985.0,50.0,1
5.0,2408.0,172.0,197.0,4.0,1021.0,89.0,1
8.0,1579.0,286.0,16.0,5.0,675.0,85.0,1
13.0,120.0,253.0,134.0,5.0,590.0,308.0,1
2.0,536.0,252.0,207.0,3.0,1250.0,148.0,1
15.0,1118.0,45.0,33.0,5.0,800.0,120.0,1
8.0,1420.0,139.0,277.0,3.0,667.0,137.0,1
15.0,1381.0,85.0,175.0,3.0,790.0,65.0,1
16.0,2349.0,184.0,135.0,4.0,435.0,186.0,1
8.0,691.0,267.0,16.0,4.0,674.0,96.0,1
0.0,4341.0,233.0,277.0,7.0,860.0,120.0,1
4.0,444.0,135.0,208.0,7.0,1138.0,155.0,1
6.0,7133.0,208.0,245.0,6.0,1200.0,124.0,1
8.0,586.0,119.0,45.0,7.0,1060.0,105.0,1
8.0,1086.0,139.0,173.0,6.0,495.0,140.0,1
16.0,5928.0,157.0,208.0,3.0,946.0,89.0,1
17.0,2841.0,217.0,292.0,3.0,585.0,79.0,1
12.0,7755.0,49.0,261.0,3.0,546.0,74.0,1
10.0,2929.0,80.0,41.0,5.0,945.0,80.0,1
15.0,826.0,153.0,214.0,7.0,795.0,140.0,1
13.0,955.0,253.0,243.0,1.0,985.0,97.0,1
6.0,5615.0,177.0,190.0,3.0,1175.0,74.0,1
15.0,432.0,153.0,139.0,7.0,830.0,215.0,1
15.0,598.0,153.0,43.0,1.0,985.0,260.0,1
17.0,2735.0,91.0,217.0,5.0,370.0,80.0,1
17.0,2824.0,217.0,280.0,5.0,974.0,45.0,1
5.0,2045.0,78.0,85.0,6.0,1035.0,103.0,1
16.0,2710.0,58.0,78.0,3.0,1150.0,75.0,1
10.0,4371.0,205.0,208.0,7.0,800.0,95.0,1
10.0,4213.0,208.0,43.0,4.0,505.0,95.0,1
14.0,1275.0,78.0,173.0,5.0,910.0,141.0,1
16.0,3066.0,234.0,96.0,3.0,360.0,69.0,1
10.0,3378.0,116.0,80.0,3.0,655.0,110.0,1
8.0,822.0,35.0,45.0,3.0,1240.0,92.0,1
2.0,152.0,206.0,211.0,7.0,804.0,44.0,1
15.0,1338.0,159.0,175.0,5.0,1085.0,160.0,1
14.0,231.0,34.0,217.0,5.0,420.0,126.0,1
0.0,4053.0,245.0,159.0,1.0,764.0,130.0,1
6.0,5605.0,237.0,16.0,5.0,360.0,86.0,1
13.0,489.0,71.0,208.0,1.0,489.0,83.0,1
0.0,3980.0,223.0,177.0,4.0,985.0,91.0,1
0.0,3890.0,85.0,142.0,4.0,625.0,86.0,1
15.0,249.0,244.0,75.0,1.0,800.0,60.0,1
1.0,276.0,154.0,183.0,6.0,1340.0,280.0,1
15.0,1147.0,258.0,214.0,5.0,480.0,110.0,1
0.0,4193.0,71.0,285.0,4.0,980.0,60.0,1
10.0,2806.0,80.0,120.0,3.0,795.0,145.0,1
13.0,256.0,79.0,208.0,5.0,1174.0,144.0,1
15.0,1126.0,217.0,79.0,3.0,550.0,110.0,1
12.0,4777.0,224.0,261.0,1.0,795.0,90.0,1
5.0,2622.0,217.0,85.0,3.0,910.0,230.0,1
12.0,6880.0,79.0,261.0,6.0,495.0,101.0,1
15.0,1107.0,268.0,173.0,4.0,485.0,140.0,1
13.0,202.0,253.0,154.0,5.0,500.0,95.0,1
1.0,1642.0,268.0,78.0,5.0,740.0,110.0,1
6.0,5063.0,16.0,205.0,5.0,951.0,150.0,1
3.0,421.0,35.0,213.0,5.0,580.0,195.0,1
14.0,1890.0,60.0,96.0,6.0,1090.0,118.0,1
12.0,4558.0,34.0,261.0,5.0,713.0,72.0,1
12.0,6305.0,227.0,154.0,4.0,1109.0,47.0,1
1.0,1827.0,18.0,80.0,4.0,915.0,65.0,1
8.0,182.0,16.0,78.0,4.0,1333.0,102.0,1
15.0,15.0,129.0,173.0,5.0,685.0,125.0,1
3.0,1133.0,273.0,148.0,4.0,360.0,85.0,1
5.0,2219.0,197.0,18.0,7.0,865.0,164.0,1
4.0,793.0,173.0,96.0,6.0,1105.0,151.0,1
16.0,2130.0,205.0,96.0,6.0,446.0,164.0,1
12.0,6283.0,154.0,144.0,6.0,1195.0,52.0,1
8.0,785.0,215.0,159.0,6.0,1085.0,74.0,1
12.0,6417.0,263.0,154.0,7.0,698.0,57.0,1
12.0,6533.0,117.0,208.0,6.0,865.0,60.0,1
15.0,2706.0,18.0,175.0,1.0,545.0,155.0,1
17.0,1025.0,150.0,128.0,4.0,845.0,40.0,1
16.0,2399.0,135.0,41.0,1.0,780.0,61.0,1
15.0,28.0,175.0,58.0,1.0,1095.0,75.0,1
6.0,7395.0,216.0,71.0,5.0,795.0,116.0,1
15.0,2361.0,79.0,280.0,6.0,1180.0,115.0,1
15.0,683.0,87.0,173.0,1.0,530.0,65.0,1
14.0,400.0,61.0,217.0,4.0,465.0,274.0,1
15.0,857.0,153.0,262.0,4.0,1265.0,90.0,1
12.0,4571.0,261.0,100.0,3.0,915.0,95.0,1
10.0,3980.0,208.0,136.0,3.0,875.0,120.0,1
15.0,1089.0,217.0,153.0,3.0,600.0,70.0,1
0.0,4072.0,177.0,288.0,7.0,875.0,84.0,1
3.0,1402.0,18.0,104.0,7.0,715.0,150.0,1
5.0,1799.0,16.0,228.0,4.0,574.0,150.0,1
15.0,350.0,173.0,141.0,3.0,735.0,145.0,1
10.0,4414.0,233.0,148.0,5.0,370.0,95.0,1
14.0,369.0,135.0,217.0,7.0,900.0,172.0,1
0.0,4310.0,177.0,16.0,3.0,460.0,90.0,1
15.0,1599.0,268.0,27.0,5.0,910.0,75.0,1
5.0,2931.0,159.0,85.0,3.0,365.0,118.0,1
7.0,320.0,184.0,78.0,1.0,495.0,110.0,1
5.0,2100.0,16.0,35.0,6.0,830.0,150.0,1
12.0,6665.0,65.0,79.0,7.0,1018.0,42.0,1
10.0,4145.0,61.0,148.0,7.0,725.0,110.0,1
15.0,1097.0,2.0,217.0,5.0,1010.0,80.0,1
2.0,537.0,207.0,252.0,1.0,380.0,166.0,1
15.0,3846.0,85.0,268.0,5.0,1095.0,105.0,1
2.0,76.0,149.0,252.0,7.0,795.0,134.0,1
6.0,5560.0,27.0,16.0,4.0,1020.0,74.0,1
1.0,2345.0,208.0,80.0,7.0,1030.0,155.0,1
16.0,2509.0,268.0,135.0,3.0,880.0,118.0,1
5.0,1389.0,35.0,159.0,1.0,870.0,70.0,1
12.0,6643.0,79.0,230.0,6.0,776.0,69.0,1
6.0,5413.0,17.0,16.0,7.0,390.0,138.0,1
5.0,1151.0,253.0,128.0,6.0,1060.0,330.0,1
10.0,3121.0,154.0,258.0,5.0,760.0,75.0,1
16.0,2336.0,135.0,136.0,5.0,865.0,98.0,1
15.0,1717.0,18.0,75.0,3.0,955.0,55.0,1
16.0,2937.0,177.0,135.0,3.0,1080.0,100.0,1
14.0,1183.0,216.0,80.0,1.0,845.0,232.0,1
17.0,1011.0,128.0,203.0,5.0,570.0,35.0,1
12.0,4695.0,208.0,261.0,5.0,805.0,205.0,1
1.0,2448.0,154.0,80.0,1.0,825.0,180.0,1
15.0,663.0,154.0,175.0,1.0,720.0,230.0,1
12.0,6740.0,57.0,154.0,7.0,677.0,40.0,1
12.0,6940.0,139.0,208.0,3.0,729.0,76.0,1
6.0,5155.0,177.0,132.0,1.0,880.0,58.0,1
14.0,2042.0,78.0,35.0,7.0,1050.0,92.0,1
8.0,1072.0,48.0,277.0,5.0,520.0,151.0,1
5.0,2829.0,16.0,252.0,5.0,1145.0,335.0,1
9.0,111.0,143.0,203.0,4.0,504.0,37.0,1
16.0,2089.0,78.0,58.0,6.0,630.0,68.0,1
12.0,7778.0,255.0,261.0,5.0,1280.0,73.0,1
17.0,7254.0,208.0,245.0,7.0,474.0,120.0,1
14.0,12.0,217.0,148.0,3.0,595.0,292.0,1
1.0,1825.0,208.0,253.0,3.0,985.0,280.0,1
14.0,1400.0,60.0,33.0,3.0,1200.0,88.0,1
12.0,6258.0,79.0,88.0,3.0,679.0,45.0,1
0.0,4041.0,177.0,279.0,3.0,820.0,86.0,1
12.0,6830.0,34.0,154.0,7.0,1215.0,129.0,1
10.0,3342.0,80.0,68.0,7.0,735.0,80.0,1
4.0,173.0,154.0,128.0,4.0,985.0,345.0,1
15.0,2206.0,217.0,244.0,4.0,1195.0,125.0,1
5.0,1431.0,78.0,177.0,1.0,695.0,150.0,1
16.0,2352.0,96.0,205.0,7.0,480.0,202.0,1
12.0,6411.0,154.0,248.0,4.0,781.0,61.0,1
15.0,3926.0,172.0,153.0,3.0,890.0,195.0,1
1.0,643.0,183.0,208.0,6.0,455.0,200.0,1
16.0,3133.0,96.0,60.0,3.0,400.0,130.0,1
1.0,1436.0,80.0,60.0,7.0,700.0,135.0,1
1.0,742.0,80.0,159.0,3.0,985.0,205.0,1
3.0,30.0,148.0,238.0,6.0,1350.0,81.0,1
15.0,1750.0,141.0,213.0,6.0,825.0,180.0,1
5.0,2646.0,217.0,16.0,1.0,420.0,208.0,1
17.0,2931.0,217.0,261.0,7.0,510.0,100.0,1
15.0,1930.0,44.0,153.0,3.0,975.0,65.0,1
5.0,2215.0,85.0,79.0,4.0,525.0,203.0,1
15.0,3308.0,75.0,18.0,6.0,990.0,55.0,1
12.0,6821.0,231.0,253.0,7.0,588.0,69.0,1
9.0,595.0,203.0,128.0,6.0,1275.0,33.0,1
15.0,1391.0,217.0,184.0,6.0,810.0,200.0,1
8.0,109.0,16.0,80.0,3.0,1335.0,142.0,1
3.0,766.0,37.0,173.0,6.0,240.0,169.0,1
15.0,1120.0,280.0,154.0,1.0,880.0,90.0,1
0.0,3718.0,54.0,85.0,7.0,420.0,135.0,1
10.0,4347.0,85.0,208.0,1.0,615.0,85.0,1
6.0,5264.0,16.0,101.0,4.0,775.0,72.0,1
5.0,724.0,264.0,16.0,5.0,660.0,254.0,1
13.0,507.0,208.0,80.0,5.0,396.0,158.0,1
15.0,770.0,262.0,252.0,4.0,1075.0,115.0,1
8.0,561.0,32.0,16.0,6.0,395.0,112.0,1
5.0,1632.0,198.0,261.0,4.0,1100.0,219.0,1
15.0,2561.0,173.0,12.0,6.0,1105.0,160.0,1
2.0,118.0,14.0,252.0,7.0,600.0,205.0,1
10.0,3156.0,154.0,242.0,7.0,600.0,120.0,1
11.0,6378.0,71.0,159.0,4.0,450.0,124.0,1
12.0,7811.0,110.0,261.0,7.0,840.0,122.0,1
3.0,199.0,148.0,153.0,5.0,1255.0,355.0,1
6.0,5525.0,58.0,16.0,3.0,732.0,112.0,1
10.0,2873.0,80.0,188.0,1.0,550.0,65.0,1
16.0,3134.0,96.0,33.0,5.0,895.0,150.0,1
2.0,673.0,79.0,252.0,1.0,1055.0,177.0,1
14.0,1848.0,197.0,216.0,4.0,405.0,160.0,1
17.0,2967.0,253.0,153.0,4.0,720.0,92.0,1
8.0,318.0,16.0,60.0,4.0,1340.0,70.0,1
14.0,2177.0,159.0,78.0,3.0,840.0,72.0,1
12.0,6367.0,69.0,208.0,7.0,370.0,97.0,1
5.0,1102.0,85.0,119.0,4.0,1175.0,58.0,1
15.0,1279.0,217.0,45.0,1.0,410.0,255.0,1
12.0,4645.0,40.0,261.0,4.0,385.0,73.0,1
15.0,1929.0,154.0,79.0,4.0,360.0,135.0,1
15.0,1030.0,251.0,173.0,1.0,990.0,125.0,1
4.0,769.0,153.0,96.0,1.0,480.0,287.0,1
12.0,4845.0,205.0,261.0,5.0,819.0,155.0,1
3.0,479.0,35.0,154.0,7.0,1165.0,390.0,1
1.0,1673.0,16.0,80.0,6.0,565.0,155.0,1
5.0,2608.0,197.0,96.0,5.0,1135.0,168.0,1
15.0,2346.0,277.0,104.0,6.0,645.0,60.0,1
10.0,4532.0,33.0,78.0,3.0,660.0,95.0,1
15.0,337.0,214.0,2.0,5.0,680.0,155.0,1
5.0,1439.0,78.0,16.0,3.0,780.0,122.0,1
8.0,995.0,184.0,35.0,5.0,465.0,133.0,1
12.0,6343.0,253.0,264.0,3.0,476.0,91.0,1
17.0,2631.0,60.0,245.0,5.0,564.0,64.0,1
12.0,4821.0,232.0,261.0,7.0,810.0,95.0,1
8.0,406.0,16.0,139.0,5.0,837.0,93.0,1
8.0,1297.0,173.0,84.0,6.0,775.0,180.0,1
5.0,1416.0,79.0,16.0,7.0,70.0,161.0,1
1.0,203.0,183.0,154.0,4.0,885.0,350.0,1
15.0,758.0,162.0,175.0,5.0,460.0,100.0,1
5.0,2839.0,78.0,16.0,5.0,419.0,135.0,1
6.0,5332.0,146.0,16.0,1.0,1025.0,89.0,1
14.0,35.0,16.0,217.0,4.0,1065.0,264.0,1
6.0,5094.0,138.0,16.0,3.0,1079.0,100.0,1
15.0,2812.0,175.0,172.0,4.0,920.0,95.0,1
6.0,5023.0,16.0,146.0,3.0,975.0,84.0,1
15.0,851.0,104.0,147.0,3.0,665.0,75.0,1
14.0,35.0,217.0,154.0,3.0,1270.0,87.0,1
9.0,148.0,128.0,150.0,4.0,776.0,43.0,1
10.0,4279.0,208.0,119.0,3.0,1065.0,55.0,1
6.0,5385.0,60.0,177.0,5.0,395.0,119.0,1
15.0,702.0,129.0,154.0,5.0,1150.0,225.0,1
8.0,1438.0,173.0,197.0,5.0,706.0,209.0,1
7.0,825.0,79.0,172.0,3.0,635.0,95.0,1
5.0,1329.0,85.0,183.0,3.0,840.0,180.0,1
10.0,3002.0,243.0,154.0,1.0,1095.0,45.0,1
5.0,2675.0,78.0,173.0,6.0,975.0,144.0,1
17.0,2608.0,60.0,33.0,3.0,595.0,96.0,1
3.0,27.0,42.0,148.0,5.0,762.0,77.0,1
16.0,3002.0,135.0,33.0,5.0,625.0,108.0,1
5.0,2046.0,217.0,16.0,3.0,998.0,212.0,1
13.0,299.0,79.0,172.0,3.0,606.0,104.0,1
17.0,2876.0,246.0,217.0,3.0,760.0,89.0,1
3.0,674.0,154.0,148.0,4.0,910.0,311.0,1
5.0,1756.0,244.0,197.0,1.0,380.0,168.0,1
1.0,628.0,183.0,35.0,5.0,1150.0,185.0,1
12.0,4718.0,112.0,197.0,5.0,1018.0,71.0,1
3.0,45.0,238.0,148.0,1.0,360.0,83.0,1
5.0,1080.0,16.0,60.0,1.0,905.0,77.0,1
0.0,3666.0,279.0,197.0,1.0,697.0,123.0,1
5.0,2665.0,78.0,173.0,3.0,425.0,151.0,1
14.0,73.0,217.0,252.0,7.0,1075.0,184.0,1
6.0,5359.0,16.0,190.0,6.0,975.0,83.0,1
15.0,1886.0,22.0,175.0,6.0,470.0,160.0,1
10.0,4013.0,157.0,208.0,1.0,350.0,95.0,1
14.0,431.0,153.0,216.0,4.0,1355.0,267.0,1
12.0,6836.0,212.0,208.0,1.0,360.0,78.0,1
6.0,4963.0,177.0,288.0,6.0,875.0,88.0,1
12.0,6597.0,79.0,18.0,3.0,754.0,128.0,1
9.0,187.0,150.0,128.0,7.0,881.0,42.0,1
2.0,562.0,214.0,154.0,5.0,590.0,137.0,1
12.0,6852.0,172.0,134.0,5.0,742.0,141.0,1
17.0,1027.0,203.0,128.0,3.0,890.0,32.0,1
1.0,1426.0,80.0,244.0,4.0,925.0,70.0,1
0.0,4225.0,152.0,85.0,7.0,1030.0,56.0,1
15.0,2035.0,252.0,79.0,6.0,990.0,160.0,1
12.0,4452.0,261.0,168.0,3.0,1310.0,91.0,1
1.0,1558.0,80.0,279.0,3.0,655.0,60.0,1
0.0,4175.0,148.0,139.0,6.0,1125.0,190.0,1
12.0,4753.0,197.0,192.0,1.0,680.0,95.0,1
13.0,367.0,135.0,79.0,1.0,695.0,156.0,1
8.0,43.0,175.0,16.0,4.0,1042.0,118.0,1
8.0,1209.0,173.0,234.0,5.0,1265.0,108.0,1
17.0,2643.0,60.0,177.0,7.0,1355.0,116.0,1
16.0,2556.0,197.0,96.0,3.0,1110.0,153.0,1
6.0,4982.0,16.0,118.0,6.0,600.0,154.0,1
2.0,686.0,214.0,208.0,5.0,610.0,244.0,1
14.0,751.0,216.0,183.0,5.0,935.0,171.0,1
1.0,559.0,16.0,80.0,1.0,1085.0,155.0,1
5.0,2879.0,159.0,104.0,1.0,640.0,199.0,1
1.0,1349.0,204.0,80.0,5.0,1100.0,60.0,1
1.0,1888.0,80.0,147.0,3.0,410.0,125.0,1
12.0,6250.0,232.0,214.0,7.0,849.0,45.0,1
5.0,1864.0,197.0,78.0,7.0,785.0,141.0,1
13.0,673.0,159.0,208.0,7.0,600.0,157.0,1
12.0,6967.0,51.0,6.0,4.0,1092.0,28.0,1
16.0,2274.0,135.0,172.0,4.0,880.0,115.0,1
15.0,1752.0,253.0,243.0,3.0,530.0,85.0,1
5.0,1475.0,197.0,2.0,6.0,700.0,170.0,1
15.0,771.0,45.0,153.0,1.0,790.0,330.0,1
16.0,5948.0,58.0,208.0,1.0,806.0,87.0,1
13.0,642.0,148.0,253.0,3.0,664.0,401.0,1
15.0,792.0,147.0,45.0,5.0,635.0,110.0,1
8.0,230.0,234.0,16.0,6.0,653.0,105.0,1
4.0,366.0,252.0,135.0,3.0,810.0,249.0,1
17.0,2959.0,236.0,217.0,7.0,1150.0,105.0,1
5.0,2342.0,16.0,96.0,5.0,1295.0,133.0,1
12.0,6261.0,208.0,195.0,3.0,1081.0,48.0,1
1.0,1175.0,80.0,197.0,1.0,945.0,145.0,1
14.0,995.0,234.0,60.0,4.0,420.0,76.0,1
5.0,2967.0,16.0,243.0,7.0,660.0,294.0,1
15.0,1568.0,268.0,45.0,7.0,995.0,115.0,1
5.0,2573.0,16.0,183.0,6.0,450.0,115.0,1
14.0,944.0,135.0,60.0,1.0,525.0,144.0,1
15.0,1067.0,202.0,243.0,3.0,360.0,85.0,1
15.0,1675.0,261.0,214.0,7.0,1115.0,125.0,1
15.0,961.0,202.0,129.0,4.0,735.0,220.0,1
5.0,1482.0,261.0,264.0,1.0,905.0,109.0,1
4.0,550.0,96.0,18.0,3.0,1125.0,256.0,1
2.0,635.0,217.0,252.0,3.0,1020.0,185.0,1
5.0,2135.0,221.0,16.0,3.0,465.0,133.0,1
1.0,1904.0,208.0,183.0,7.0,1005.0,185.0,1
0.0,4393.0,247.0,71.0,6.0,450.0,61.0,1
5.0,2800.0,197.0,45.0,5.0,615.0,144.0,1
14.0,881.0,208.0,60.0,3.0,455.0,114.0,1
12.0,7051.0,264.0,253.0,6.0,634.0,85.0,1
7.0,403.0,79.0,154.0,3.0,525.0,146.0,1
4.0,739.0,135.0,243.0,1.0,565.0,208.0,1
14.0,1665.0,60.0,268.0,6.0,1000.0,121.0,1
8.0,1218.0,175.0,267.0,7.0,420.0,154.0,1
12.0,6831.0,208.0,65.0,7.0,587.0,153.0,1
12.0,6276.0,247.0,208.0,7.0,1166.0,50.0,1
8.0,586.0,119.0,45.0,1.0,1035.0,85.0,1
5.0,2297.0,16.0,198.0,4.0,823.0,97.0,1
12.0,7770.0,255.0,261.0,7.0,465.0,84.0,1
13.0,209.0,134.0,154.0,3.0,890.0,351.0,1
13.0,404.0,253.0,134.0,5.0,1397.0,306.0,1
10.0,3269.0,118.0,80.0,3.0,940.0,45.0,1
16.0,2536.0,16.0,96.0,7.0,600.0,139.0,1
15.0,1269.0,204.0,217.0,6.0,460.0,155.0,1
5.0,2083.0,261.0,153.0,7.0,1200.0,87.0,1
16.0,2858.0,165.0,135.0,4.0,490.0,74.0,1
8.0,648.0,213.0,45.0,4.0,695.0,135.0,1
16.0,2841.0,135.0,76.0,3.0,810.0,139.0,1
5.0,1704.0,104.0,85.0,1.0,1069.0,184.0,1
12.0,6285.0,179.0,79.0,3.0,360.0,155.0,1
14.0,2029.0,35.0,78.0,4.0,600.0,91.0,1
15.0,962.0,197.0,79.0,1.0,985.0,135.0,1
0.0,4015.0,85.0,56.0,7.0,1200.0,105.0,1
10.0,3851.0,208.0,16.0,6.0,635.0,120.0,1
5.0,1787.0,45.0,197.0,7.0,1110.0,168.0,1
1.0,1742.0,280.0,80.0,7.0,695.0,130.0,1
15.0,807.0,202.0,34.0,3.0,545.0,90.0,1
8.0,228.0,45.0,183.0,1.0,570.0,157.0,1
4.0,667.0,135.0,252.0,7.0,1045.0,277.0,1
6.0,5485.0,174.0,16.0,5.0,645.0,130.0,1
12.0,4762.0,227.0,261.0,6.0,390.0,102.0,1
6.0,5283.0,16.0,138.0,5.0,885.0,78.0,1
14.0,1914.0,60.0,208.0,3.0,455.0,120.0,1
15.0,1478.0,2.0,202.0,6.0,560.0,155.0,1
5.0,1370.0,159.0,35.0,3.0,390.0,69.0,1
15.0,2807.0,153.0,2.0,3.0,725.0,85.0,1
17.0,2628.0,120.0,60.0,1.0,770.0,54.0,1
9.0,107.0,150.0,128.0,3.0,373.0,42.0,1
16.0,3078.0,135.0,234.0,4.0,835.0,159.0,1
12.0,6518.0,208.0,136.0,3.0,496.0,114.0,1
12.0,3077.0,139.0,184.0,3.0,437.0,63.0,1
5.0,2329.0,16.0,252.0,7.0,1310.0,336.0,1
15.0,1224.0,277.0,221.0,5.0,1200.0,140.0,1
6.0,5609.0,233.0,177.0,6.0,710.0,128.0,1
6.0,5218.0,16.0,279.0,7.0,550.0,133.0,1
3.0,194.0,153.0,148.0,1.0,840.0,293.0,1
15.0,528.0,153.0,139.0,1.0,610.0,215.0,1
4.0,174.0,128.0,264.0,4.0,840.0,335.0,1
6.0,5410.0,237.0,16.0,6.0,932.0,93.0,1
4.0,458.0,135.0,78.0,7.0,775.0,165.0,1
15.0,890.0,243.0,253.0,5.0,1215.0,90.0,1
15.0,2915.0,153.0,202.0,6.0,1045.0,95.0,1
3.0,768.0,225.0,173.0,7.0,262.0,180.0,1
15.0,609.0,154.0,253.0,3.0,545.0,80.0,1
5.0,1281.0,16.0,177.0,4.0,875.0,85.0,1
11.0,6315.0,233.0,173.0,4.0,420.0,120.0,1
5.0,1248.0,16.0,221.0,1.0,585.0,107.0,1
15.0,863.0,129.0,204.0,4.0,480.0,80.0,1
0.0,3987.0,285.0,177.0,4.0,480.0,89.0,1
5.0,1310.0,139.0,85.0,4.0,1040.0,85.0,1
15.0,667.0,147.0,45.0,4.0,790.0,110.0,1
3.0,81.0,148.0,104.0,5.0,899.0,192.0,1
15.0,257.0,147.0,129.0,7.0,930.0,150.0,1
4.0,726.0,207.0,135.0,1.0,737.0,181.0,1
13.0,200.0,208.0,35.0,4.0,1265.0,138.0,1
1.0,2325.0,208.0,80.0,6.0,760.0,150.0,1
5.0,1942.0,16.0,96.0,1.0,755.0,142.0,1
1.0,985.0,78.0,183.0,4.0,910.0,165.0,1
5.0,1514.0,16.0,106.0,1.0,965.0,115.0,1
14.0,683.0,261.0,217.0,4.0,815.0,95.0,1
6.0,5028.0,162.0,16.0,4.0,896.0,92.0,1
0.0,4030.0,148.0,42.0,6.0,840.0,100.0,1
1.0,1587.0,177.0,80.0,6.0,665.0,100.0,1
6.0,5393.0,180.0,16.0,4.0,330.0,57.0,1
1.0,329.0,159.0,208.0,5.0,765.0,155.0,1
14.0,2176.0,78.0,159.0,1.0,900.0,81.0,1
6.0,4978.0,101.0,16.0,7.0,1135.0,98.0,1
12.0,6960.0,79.0,230.0,5.0,643.0,69.0,1
15.0,40.0,173.0,87.0,4.0,765.0,75.0,1
14.0,1187.0,60.0,269.0,6.0,585.0,220.0,1
15.0,1869.0,33.0,104.0,6.0,570.0,130.0,1
4.0,15.0,96.0,128.0,5.0,710.0,655.0,1
12.0,6375.0,208.0,63.0,5.0,717.0,81.0,1
1.0,558.0,80.0,96.0,4.0,690.0,215.0,1
15.0,1416.0,175.0,22.0,6.0,1015.0,125.0,1
1.0,1918.0,208.0,96.0,5.0,1110.0,145.0,1
14.0,632.0,217.0,221.0,4.0,605.0,243.0,1
12.0,4645.0,40.0,261.0,5.0,385.0,73.0,1
10.0,3657.0,183.0,221.0,6.0,525.0,160.0,1
10.0,4045.0,208.0,77.0,7.0,960.0,55.0,1
17.0,2610.0,60.0,96.0,1.0,725.0,113.0,1
16.0,2110.0,65.0,135.0,3.0,1031.0,129.0,1
12.0,6985.0,79.0,230.0,5.0,1167.0,70.0,1
9.0,263.0,143.0,128.0,5.0,972.0,49.0,1
0.0,3727.0,177.0,27.0,5.0,575.0,62.0,1
6.0,5438.0,162.0,177.0,7.0,700.0,62.0,1
12.0,4840.0,28.0,261.0,4.0,385.0,80.0,1
6.0,5073.0,16.0,190.0,5.0,590.0,85.0,1
14.0,204.0,217.0,2.0,5.0,795.0,71.0,1
12.0,6719.0,196.0,79.0,4.0,1007.0,119.0,1
0.0,3994.0,197.0,240.0,1.0,860.0,50.0,1
8.0,95.0,16.0,233.0,1.0,535.0,75.0,1
15.0,2012.0,129.0,104.0,3.0,1195.0,135.0,1
12.0,6707.0,79.0,15.0,3.0,1165.0,47.0,1
16.0,2789.0,42.0,96.0,1.0,633.0,77.0,1
15.0,2879.0,253.0,154.0,4.0,570.0,80.0,1
7.0,451.0,159.0,184.0,7.0,719.0,140.0,1
15.0,2291.0,153.0,236.0,5.0,480.0,75.0,1
10.0,4512.0,290.0,159.0,5.0,430.0,175.0,1
15.0,1669.0,217.0,258.0,3.0,600.0,120.0,1
15.0,2785.0,216.0,35.0,7.0,910.0,75.0,1
5.0,2269.0,16.0,173.0,1.0,720.0,87.0,1
5.0,1666.0,16.0,223.0,1.0,900.0,75.0,1
12.0,4604.0,258.0,261.0,7.0,610.0,107.0,1
10.0,4114.0,221.0,208.0,3.0,360.0,105.0,1
16.0,5994.0,208.0,290.0,1.0,502.0,106.0,1
12.0,4536.0,261.0,208.0,4.0,826.0,189.0,1
10.0,3630.0,33.0,183.0,4.0,860.0,140.0,1
15.0,372.0,172.0,268.0,4.0,875.0,55.0,1
14.0,1576.0,60.0,96.0,7.0,680.0,106.0,1
12.0,6548.0,139.0,208.0,4.0,1150.0,75.0,1
5.0,1809.0,197.0,79.0,6.0,695.0,127.0,1
15.0,1222.0,262.0,44.0,4.0,1025.0,70.0,1
15.0,1091.0,91.0,153.0,3.0,470.0,115.0,1
5.0,1076.0,148.0,244.0,5.0,1205.0,267.0,1
0.0,4333.0,16.0,254.0,5.0,1165.0,114.0,1
15.0,156.0,197.0,175.0,1.0,430.0,100.0,1
14.0,359.0,197.0,60.0,5.0,420.0,158.0,1
15.0,1942.0,262.0,217.0,6.0,790.0,105.0,1
13.0,62.0,161.0,253.0,7.0,868.0,319.0,1
8.0,587.0,45.0,119.0,7.0,1295.0,105.0,1
6.0,5209.0,47.0,16.0,1.0,827.0,74.0,1
13.0,698.0,208.0,119.0,4.0,1160.0,54.0,1
1.0,2019.0,159.0,268.0,7.0,1150.0,170.0,1
10.0,3249.0,254.0,80.0,7.0,540.0,95.0,1
16.0,2741.0,71.0,96.0,3.0,1079.0,125.0,1
8.0,1150.0,139.0,241.0,7.0,454.0,156.0,1
1.0,2422.0,154.0,80.0,3.0,495.0,180.0,1
12.0,6426.0,253.0,262.0,1.0,648.0,45.0,1
6.0,5597.0,11.0,16.0,5.0,507.0,71.0,1
6.0,5526.0,106.0,16.0,3.0,865.0,135.0,1
10.0,3364.0,275.0,80.0,3.0,1020.0,150.0,1
1.0,272.0,253.0,183.0,6.0,1255.0,315.0,1
0.0,3666.0,279.0,197.0,4.0,697.0,123.0,1
12.0,6243.0,154.0,153.0,4.0,685.0,80.0,1
6.0,5395.0,10.0,16.0,7.0,684.0,100.0,1
7.0,318.0,184.0,78.0,7.0,1199.0,110.0,1
5.0,2061.0,216.0,16.0,1.0,390.0,140.0,1
3.0,271.0,153.0,44.0,6.0,1177.0,63.0,1
1.0,1844.0,153.0,183.0,6.0,830.0,265.0,1
6.0,5569.0,101.0,16.0,6.0,875.0,89.0,1
13.0,641.0,45.0,208.0,6.0,538.0,132.0,1
5.0,2611.0,16.0,80.0,6.0,505.0,160.0,1
15.0,3768.0,207.0,202.0,5.0,495.0,75.0,1
5.0,2076.0,173.0,159.0,7.0,645.0,154.0,1
13.0,724.0,79.0,172.0,7.0,1228.0,102.0,1
3.0,217.0,148.0,160.0,3.0,1020.0,380.0,1
10.0,3288.0,80.0,254.0,7.0,560.0,75.0,1
3.0,768.0,225.0,173.0,1.0,262.0,180.0,1
12.0,6718.0,290.0,79.0,1.0,806.0,123.0,1
3.0,765.0,173.0,37.0,6.0,1395.0,150.0,1
1.0,2527.0,80.0,261.0,7.0,895.0,170.0,1
13.0,342.0,79.0,35.0,4.0,996.0,224.0,1
12.0,6297.0,227.0,79.0,1.0,684.0,131.0,1
11.0,6655.0,177.0,33.0,1.0,540.0,63.0,1
5.0,2912.0,16.0,208.0,7.0,1041.0,134.0,1
1.0,1660.0,80.0,139.0,6.0,455.0,120.0,1
17.0,2711.0,217.0,100.0,1.0,650.0,103.0,1
12.0,4471.0,197.0,135.0,4.0,425.0,171.0,1
13.0,435.0,134.0,153.0,4.0,765.0,322.0,1
8.0,996.0,35.0,184.0,3.0,408.0,162.0,1
10.0,3323.0,80.0,118.0,6.0,645.0,50.0,1
3.0,142.0,213.0,148.0,6.0,605.0,149.0,1
3.0,39.0,148.0,213.0,3.0,1120.0,183.0,1
13.0,192.0,208.0,45.0,3.0,1268.0,111.0,1
17.0,7244.0,229.0,208.0,3.0,1048.0,172.0,1
14.0,1181.0,213.0,60.0,7.0,720.0,113.0,1
2.0,603.0,153.0,252.0,6.0,420.0,160.0,1
4.0,597.0,135.0,153.0,6.0,1275.0,198.0,1
16.0,3066.0,234.0,96.0,5.0,360.0,69.0,1
15.0,524.0,75.0,172.0,3.0,410.0,85.0,1
15.0,517.0,85.0,217.0,1.0,855.0,280.0,1
2.0,688.0,214.0,258.0,3.0,940.0,104.0,1
13.0,612.0,208.0,78.0,7.0,716.0,111.0,1
15.0,3072.0,217.0,261.0,6.0,1165.0,95.0,1
6.0,5452.0,35.0,78.0,5.0,1175.0,109.0,1
2.0,606.0,252.0,153.0,5.0,595.0,149.0,1
15.0,41.0,252.0,2.0,7.0,560.0,165.0,1
1.0,1803.0,80.0,153.0,5.0,1015.0,175.0,1
12.0,6572.0,243.0,154.0,6.0,688.0,45.0,1
16.0,2265.0,41.0,135.0,4.0,589.0,69.0,1
5.0,2111.0,16.0,80.0,3.0,885.0,145.0,1
13.0,473.0,208.0,264.0,7.0,1208.0,267.0,1
14.0,714.0,80.0,216.0,1.0,785.0,189.0,1
15.0,2640.0,214.0,34.0,1.0,705.0,65.0,1
15.0,679.0,182.0,277.0,6.0,420.0,220.0,1
15.0,777.0,243.0,262.0,3.0,1210.0,95.0,1
13.0,761.0,208.0,253.0,3.0,485.0,285.0,1
17.0,1041.0,128.0,143.0,5.0,950.0,49.0,1
15.0,2120.0,268.0,2.0,6.0,945.0,165.0,1
15.0,1920.0,104.0,175.0,5.0,900.0,195.0,1
4.0,1849.0,104.0,135.0,1.0,720.0,171.0,1
12.0,6854.0,253.0,6.0,3.0,562.0,78.0,1
12.0,6621.0,111.0,79.0,5.0,691.0,134.0,1
15.0,1683.0,243.0,258.0,3.0,390.0,90.0,1
10.0,2741.0,80.0,158.0,3.0,910.0,75.0,1
5.0,1244.0,129.0,16.0,5.0,375.0,130.0,1
16.0,3051.0,147.0,135.0,3.0,410.0,146.0,1
10.0,4016.0,208.0,109.0,6.0,560.0,55.0,1
6.0,5099.0,116.0,16.0,3.0,823.0,80.0,1
14.0,2118.0,159.0,35.0,4.0,480.0,64.0,1
1.0,312.0,217.0,80.0,4.0,640.0,135.0,1
15.0,595.0,236.0,175.0,5.0,600.0,230.0,1
16.0,2038.0,195.0,58.0,4.0,960.0,78.0,1
6.0,5013.0,268.0,177.0,7.0,685.0,74.0,1
15.0,2513.0,214.0,172.0,6.0,555.0,200.0,1
12.0,4626.0,253.0,154.0,7.0,420.0,75.0,1
1.0,1580.0,80.0,78.0,4.0,985.0,155.0,1
15.0,1296.0,129.0,243.0,3.0,620.0,210.0,1
3.0,495.0,35.0,79.0,7.0,435.0,280.0,1
15.0,31.0,155.0,75.0,4.0,750.0,65.0,1
1.0,1998.0,80.0,104.0,1.0,840.0,155.0,1
15.0,403.0,79.0,172.0,3.0,1040.0,95.0,1
5.0,2460.0,16.0,238.0,5.0,772.0,128.0,1
10.0,3082.0,243.0,154.0,5.0,1020.0,45.0,1
12.0,6470.0,154.0,261.0,3.0,1211.0,110.0,1
15.0,1999.0,33.0,147.0,4.0,695.0,85.0,1
13.0,16.0,243.0,208.0,6.0,378.0,244.0,1
8.0,1034.0,221.0,241.0,4.0,1172.0,162.0,1
1.0,2160.0,183.0,16.0,4.0,1295.0,120.0,1
16.0,2256.0,19.0,96.0,7.0,715.0,105.0,1
1.0,728.0,153.0,80.0,5.0,425.0,160.0,1
12.0,6526.0,154.0,217.0,5.0,523.0,77.0,1
12.0,4460.0,46.0,261.0,6.0,690.0,71.0,1
5.0,2037.0,45.0,85.0,3.0,765.0,95.0,1
13.0,988.0,84.0,79.0,6.0,379.0,123.0,1
12.0,6862.0,171.0,208.0,5.0,1213.0,72.0,1
12.0,4482.0,184.0,197.0,5.0,1004.0,75.0,1
14.0,926.0,60.0,208.0,3.0,590.0,134.0,1
10.0,3272.0,218.0,80.0,1.0,455.0,135.0,1
5.0,2761.0,216.0,16.0,5.0,690.0,149.0,1
8.0,354.0,16.0,159.0,7.0,890.0,130.0,1
10.0,2731.0,71.0,80.0,7.0,360.0,165.0,1
15.0,852.0,252.0,217.0,3.0,750.0,170.0,1
8.0,1464.0,173.0,175.0,6.0,841.0,163.0,1
13.0,499.0,173.0,134.0,7.0,1118.0,130.0,1
13.0,609.0,208.0,253.0,4.0,716.0,289.0,1
15.0,2953.0,258.0,217.0,6.0,1135.0,110.0,1
15.0,1747.0,131.0,129.0,3.0,600.0,60.0,1
7.0,226.0,79.0,175.0,7.0,900.0,135.0,1
10.0,4150.0,285.0,208.0,7.0,755.0,105.0,1
13.0,76.0,128.0,253.0,5.0,1329.0,299.0,1
11.0,6461.0,35.0,148.0,3.0,450.0,87.0,1
1.0,1280.0,258.0,80.0,4.0,380.0,215.0,1
10.0,4051.0,208.0,33.0,1.0,1085.0,90.0,1
13.0,875.0,136.0,79.0,4.0,399.0,101.0,1
15.0,3421.0,61.0,175.0,5.0,660.0,70.0,1
5.0,201.0,16.0,173.0,1.0,480.0,86.0,1
15.0,1581.0,154.0,202.0,1.0,680.0,75.0,1
17.0,2942.0,60.0,234.0,5.0,865.0,63.0,1
16.0,2250.0,228.0,96.0,6.0,854.0,85.0,1
13.0,26.0,154.0,148.0,7.0,700.0,334.0,1
12.0,4789.0,154.0,243.0,5.0,1120.0,45.0,1
13.0,765.0,79.0,154.0,6.0,1181.0,166.0,1
15.0,108.0,175.0,162.0,1.0,1035.0,105.0,1
15.0,156.0,175.0,45.0,5.0,555.0,110.0,1
5.0,1057.0,172.0,85.0,3.0,1040.0,117.0,1
13.0,418.0,243.0,79.0,1.0,492.0,148.0,1
14.0,1268.0,216.0,260.0,7.0,465.0,226.0,1
15.0,1308.0,129.0,268.0,4.0,930.0,115.0,1
15.0,3320.0,33.0,45.0,5.0,1145.0,100.0,1
3.0,1069.0,148.0,18.0,4.0,1230.0,261.0,1
10.0,2822.0,80.0,275.0,4.0,810.0,120.0,1
15.0,1577.0,129.0,217.0,5.0,435.0,180.0,1
0.0,3804.0,58.0,16.0,1.0,335.0,128.0,1
14.0,127.0,184.0,217.0,3.0,420.0,249.0,1
13.0,823.0,35.0,134.0,1.0,851.0,114.0,1
6.0,5126.0,16.0,19.0,6.0,1152.0,61.0,1
15.0,380.0,129.0,279.0,3.0,1210.0,80.0,1
5.0,2589.0,16.0,172.0,4.0,540.0,148.0,1
5.0,1666.0,61.0,16.0,3.0,746.0,101.0,1
1.0,1887.0,80.0,153.0,6.0,395.0,175.0,1
5.0,1453.0,159.0,197.0,3.0,370.0,184.0,1
5.0,1671.0,139.0,197.0,3.0,1160.0,114.0,1
0.0,3988.0,85.0,237.0,3.0,910.0,95.0,1
15.0,1242.0,279.0,217.0,7.0,660.0,165.0,1
13.0,36.0,253.0,35.0,6.0,360.0,342.0,1
5.0,1754.0,154.0,16.0,4.0,690.0,260.0,1
10.0,4648.0,233.0,159.0,5.0,1040.0,100.0,1
2.0,631.0,280.0,252.0,4.0,1005.0,190.0,1
1.0,2057.0,208.0,260.0,7.0,495.0,270.0,1
8.0,939.0,147.0,16.0,5.0,775.0,75.0,1
11.0,6281.0,135.0,71.0,7.0,700.0,137.0,1
6.0,7387.0,71.0,268.0,7.0,970.0,89.0,1
8.0,876.0,197.0,16.0,3.0,947.0,146.0,1
3.0,1783.0,148.0,173.0,6.0,830.0,176.0,1
2.0,623.0,153.0,214.0,3.0,985.0,143.0,1
5.0,1742.0,217.0,261.0,6.0,1056.0,96.0,1
1.0,1041.0,35.0,208.0,6.0,425.0,190.0,1
15.0,2885.0,153.0,79.0,5.0,365.0,115.0,1
15.0,1606.0,111.0,252.0,6.0,1035.0,65.0,1
5.0,1080.0,16.0,60.0,5.0,905.0,77.0,1
6.0,7301.0,16.0,116.0,1.0,777.0,81.0,1
8.0,261.0,184.0,78.0,5.0,485.0,115.0,1
13.0,373.0,159.0,208.0,4.0,420.0,157.0,1
13.0,33.0,79.0,264.0,7.0,540.0,157.0,1
14.0,678.0,217.0,34.0,3.0,1270.0,130.0,1
12.0,6533.0,137.0,79.0,5.0,1030.0,89.0,1
0.0,4171.0,85.0,25.0,1.0,865.0,83.0,1
3.0,162.0,241.0,148.0,3.0,360.0,156.0,1
10.0,2849.0,80.0,242.0,3.0,885.0,110.0,1
14.0,614.0,153.0,217.0,3.0,760.0,70.0,1
16.0,2081.0,65.0,135.0,7.0,360.0,135.0,1
14.0,488.0,217.0,79.0,1.0,795.0,109.0,1
8.0,406.0,16.0,139.0,6.0,837.0,93.0,1
4.0,17.0,96.0,154.0,7.0,790.0,355.0,1
8.0,715.0,48.0,159.0,1.0,390.0,98.0,1
12.0,6466.0,154.0,261.0,1.0,464.0,112.0,1
10.0,3278.0,80.0,38.0,4.0,930.0,95.0,1
5.0,2324.0,16.0,45.0,1.0,515.0,117.0,1
15.0,840.0,153.0,22.0,7.0,565.0,295.0,1
14.0,680.0,217.0,60.0,7.0,390.0,225.0,1
15.0,41.0,252.0,2.0,5.0,560.0,165.0,1
15.0,1100.0,251.0,175.0,3.0,1055.0,75.0,1
15.0,1657.0,75.0,172.0,5.0,625.0,85.0,1
15.0,2012.0,236.0,258.0,7.0,620.0,60.0,1
12.0,6658.0,253.0,214.0,3.0,1355.0,100.0,1
13.0,796.0,134.0,153.0,7.0,497.0,319.0,1
13.0,22.0,154.0,148.0,6.0,510.0,329.0,1
15.0,3575.0,33.0,172.0,7.0,1030.0,105.0,1
12.0,4740.0,154.0,153.0,6.0,675.0,68.0,1
14.0,183.0,207.0,217.0,5.0,390.0,75.0,1
15.0,773.0,129.0,244.0,3.0,1230.0,55.0,1
17.0,2733.0,217.0,227.0,4.0,950.0,90.0,1
15.0,938.0,154.0,262.0,7.0,1040.0,80.0,1
5.0,1529.0,148.0,153.0,5.0,630.0,352.0,1
10.0,2768.0,121.0,80.0,7.0,1025.0,170.0,1
15.0,1001.0,198.0,104.0,5.0,1110.0,105.0,1
10.0,3055.0,154.0,243.0,5.0,540.0,50.0,1
12.0,6508.0,18.0,253.0,7.0,1097.0,238.0,1
6.0,5073.0,16.0,190.0,4.0,590.0,85.0,1
5.0,2575.0,120.0,16.0,7.0,423.0,92.0,1
5.0,1322.0,198.0,16.0,4.0,975.0,93.0,1
2.0,864.0,203.0,214.0,5.0,780.0,310.0,1
2.0,44.0,23.0,14.0,3.0,866.0,69.0,1
13.0,398.0,214.0,253.0,6.0,360.0,105.0,1
15.0,881.0,258.0,243.0,6.0,1180.0,75.0,1
15.0,1381.0,75.0,18.0,3.0,1065.0,55.0,1
15.0,2597.0,129.0,204.0,6.0,1060.0,80.0,1
8.0,1483.0,85.0,173.0,5.0,1188.0,156.0,1
12.0,6574.0,232.0,79.0,1.0,688.0,136.0,1
13.0,227.0,79.0,154.0,6.0,691.0,156.0,1
1.0,544.0,80.0,173.0,7.0,860.0,145.0,1
5.0,1621.0,85.0,277.0,7.0,824.0,167.0,1
2.0,312.0,252.0,253.0,6.0,735.0,128.0,1
8.0,1002.0,174.0,173.0,5.0,653.0,148.0,1
12.0,6628.0,79.0,27.0,3.0,656.0,147.0,1
15.0,1597.0,61.0,153.0,6.0,1020.0,285.0,1
15.0,3246.0,153.0,243.0,6.0,925.0,65.0,1
10.0,4069.0,32.0,208.0,7.0,390.0,50.0,1
15.0,823.0,280.0,154.0,7.0,620.0,90.0,1
16.0,2358.0,135.0,85.0,6.0,980.0,175.0,1
5.0,2089.0,197.0,264.0,7.0,585.0,242.0,1
4.0,9.0,35.0,96.0,1.0,450.0,77.0,1
15.0,1268.0,35.0,45.0,4.0,405.0,110.0,1
4.0,377.0,241.0,96.0,1.0,885.0,164.0,1
16.0,2157.0,96.0,147.0,4.0,750.0,154.0,1
12.0,4884.0,261.0,137.0,5.0,823.0,57.0,1
14.0,973.0,54.0,60.0,1.0,959.0,63.0,1
9.0,205.0,203.0,128.0,4.0,364.0,33.0,1
15.0,109.0,79.0,252.0,4.0,515.0,185.0,1
11.0,6631.0,35.0,148.0,5.0,840.0,84.0,1
5.0,1897.0,197.0,244.0,1.0,1050.0,183.0,1
15.0,347.0,244.0,243.0,7.0,970.0,185.0,1
6.0,5008.0,71.0,96.0,3.0,450.0,118.0,1
15.0,895.0,79.0,207.0,4.0,1230.0,140.0,1
8.0,308.0,79.0,16.0,1.0,1005.0,170.0,1
6.0,5380.0,146.0,16.0,3.0,942.0,86.0,1
15.0,3664.0,45.0,22.0,1.0,715.0,65.0,1
7.0,146.0,79.0,129.0,7.0,707.0,137.0,1
6.0,7086.0,76.0,134.0,4.0,360.0,90.0,1
12.0,4596.0,261.0,232.0,4.0,680.0,97.0,1
15.0,851.0,104.0,147.0,4.0,665.0,75.0,1
9.0,114.0,128.0,203.0,6.0,394.0,36.0,1
1.0,1989.0,198.0,80.0,7.0,1140.0,95.0,1
10.0,4371.0,205.0,208.0,3.0,800.0,95.0,1
5.0,1673.0,16.0,183.0,7.0,886.0,114.0,1
15.0,1426.0,268.0,75.0,3.0,365.0,110.0,1
7.0,496.0,48.0,79.0,1.0,375.0,202.0,1
7.0,780.0,153.0,79.0,7.0,1195.0,105.0,1
15.0,1860.0,162.0,129.0,3.0,935.0,85.0,1
1.0,1615.0,22.0,80.0,3.0,360.0,260.0,1
15.0,1382.0,27.0,45.0,3.0,920.0,115.0,1
15.0,1592.0,173.0,87.0,5.0,1030.0,70.0,1
10.0,4174.0,43.0,208.0,3.0,390.0,120.0,1
11.0,6503.0,148.0,134.0,5.0,890.0,106.0,1
0.0,3666.0,197.0,29.0,4.0,905.0,88.0,1
16.0,2552.0,117.0,58.0,4.0,965.0,78.0,1
11.0,6662.0,85.0,109.0,5.0,730.0,54.0,1
0.0,4087.0,148.0,209.0,4.0,1200.0,125.0,1
5.0,684.0,16.0,71.0,3.0,595.0,97.0,1
0.0,3710.0,247.0,85.0,4.0,480.0,70.0,1
1.0,817.0,33.0,80.0,6.0,370.0,130.0,1
6.0,5343.0,119.0,16.0,6.0,365.0,130.0,1
5.0,2450.0,16.0,139.0,3.0,597.0,105.0,1
4.0,1694.0,154.0,135.0,7.0,1100.0,184.0,1
1.0,1622.0,214.0,80.0,4.0,740.0,220.0,1
5.0,1625.0,45.0,16.0,3.0,360.0,120.0,1
15.0,1165.0,217.0,162.0,4.0,965.0,160.0,1
16.0,2792.0,135.0,279.0,3.0,540.0,83.0,1
6.0,5008.0,71.0,96.0,1.0,450.0,118.0,1
13.0,109.0,208.0,197.0,7.0,865.0,93.0,1
15.0,638.0,173.0,184.0,5.0,990.0,175.0,1
10.0,4296.0,45.0,148.0,1.0,855.0,80.0,1
13.0,926.0,154.0,253.0,5.0,960.0,89.0,1
17.0,7250.0,208.0,54.0,5.0,840.0,122.0,1
9.0,26.0,128.0,214.0,3.0,940.0,325.0,1
12.0,6260.0,208.0,265.0,3.0,715.0,51.0,1
0.0,4186.0,92.0,85.0,7.0,921.0,66.0,1
6.0,5208.0,78.0,35.0,1.0,535.0,93.0,1
1.0,2258.0,80.0,221.0,4.0,490.0,150.0,1
3.0,46.0,173.0,148.0,5.0,638.0,142.0,1
15.0,807.0,207.0,202.0,4.0,435.0,75.0,1
5.0,519.0,230.0,197.0,7.0,405.0,100.0,1
13.0,56.0,150.0,253.0,3.0,828.0,312.0,1
1.0,2431.0,154.0,153.0,7.0,870.0,70.0,1
5.0,1282.0,261.0,214.0,4.0,516.0,131.0,1
12.0,6345.0,224.0,253.0,3.0,360.0,125.0,1
13.0,869.0,79.0,253.0,1.0,494.0,176.0,1
17.0,2634.0,60.0,209.0,1.0,453.0,65.0,1
5.0,1573.0,159.0,177.0,5.0,655.0,181.0,1
5.0,1593.0,85.0,139.0,7.0,830.0,72.0,1
15.0,1006.0,79.0,2.0,7.0,560.0,70.0,1
10.0,2851.0,80.0,54.0,7.0,875.0,140.0,1
6.0,5292.0,78.0,22.0,4.0,953.0,80.0,1
16.0,5942.0,208.0,204.0,6.0,1220.0,136.0,1
15.0,1234.0,202.0,243.0,4.0,745.0,85.0,1
12.0,7775.0,261.0,255.0,5.0,1290.0,79.0,1
1.0,1538.0,80.0,18.0,5.0,1160.0,55.0,1
7.0,793.0,79.0,214.0,1.0,1000.0,166.0,1
6.0,5353.0,16.0,146.0,7.0,1154.0,90.0,1
12.0,6568.0,243.0,154.0,6.0,379.0,52.0,1
8.0,779.0,16.0,153.0,6.0,1330.0,284.0,1
10.0,4250.0,20.0,208.0,4.0,410.0,135.0,1
1.0,875.0,159.0,183.0,1.0,900.0,205.0,1
13.0,822.0,134.0,233.0,1.0,1060.0,71.0,1
14.0,1926.0,173.0,78.0,5.0,445.0,122.0,1
6.0,5432.0,162.0,177.0,5.0,1035.0,55.0,1
15.0,1681.0,175.0,214.0,3.0,530.0,280.0,1
2.0,699.0,111.0,252.0,6.0,420.0,67.0,1
17.0,1027.0,203.0,128.0,4.0,890.0,32.0,1
16.0,5952.0,27.0,208.0,7.0,1023.0,136.0,1
10.0,3346.0,251.0,80.0,1.0,725.0,150.0,1
10.0,3327.0,146.0,80.0,3.0,955.0,95.0,1
8.0,675.0,184.0,173.0,4.0,925.0,164.0,1
11.0,6289.0,78.0,35.0,7.0,1015.0,101.0,1
6.0,7082.0,134.0,35.0,1.0,626.0,87.0,1
15.0,7.0,129.0,104.0,5.0,595.0,135.0,1
14.0,569.0,243.0,217.0,3.0,755.0,76.0,1
5.0,1897.0,216.0,197.0,5.0,867.0,181.0,1
5.0,2544.0,197.0,172.0,7.0,1150.0,92.0,1
14.0,2129.0,35.0,159.0,1.0,780.0,85.0,1
5.0,30.0,197.0,148.0,3.0,615.0,164.0,1
3.0,742.0,260.0,173.0,6.0,361.0,184.0,1
15.0,317.0,34.0,153.0,7.0,655.0,100.0,1
1.0,1876.0,183.0,159.0,3.0,1120.0,175.0,1
13.0,928.0,214.0,208.0,3.0,675.0,241.0,1
5.0,95.0,148.0,261.0,1.0,960.0,330.0,1
15.0,268.0,153.0,175.0,4.0,920.0,215.0,1
0.0,4207.0,76.0,197.0,7.0,1140.0,122.0,1
12.0,6649.0,235.0,79.0,1.0,935.0,70.0,1
10.0,4652.0,16.0,159.0,5.0,390.0,120.0,1
14.0,1489.0,35.0,60.0,5.0,1145.0,147.0,1
4.0,1476.0,135.0,216.0,4.0,602.0,192.0,1
12.0,6469.0,253.0,24.0,1.0,904.0,74.0,1
13.0,35.0,253.0,203.0,6.0,563.0,315.0,1
14.0,1937.0,216.0,213.0,3.0,605.0,175.0,1
5.0,1596.0,85.0,172.0,1.0,1060.0,125.0,1
3.0,1327.0,35.0,45.0,3.0,1060.0,92.0,1
11.0,6401.0,71.0,177.0,4.0,455.0,103.0,1
8.0,829.0,267.0,184.0,5.0,1102.0,160.0,1
5.0,1270.0,268.0,16.0,4.0,530.0,95.0,1
12.0,6653.0,253.0,191.0,4.0,874.0,40.0,1
12.0,7791.0,271.0,261.0,1.0,909.0,66.0,1
15.0,1235.0,154.0,202.0,4.0,1050.0,75.0,1
16.0,5899.0,58.0,208.0,1.0,405.0,87.0,1
3.0,594.0,173.0,130.0,6.0,734.0,155.0,1
1.0,1361.0,80.0,65.0,6.0,570.0,115.0,1
4.0,1183.0,96.0,208.0,7.0,806.0,150.0,1
13.0,617.0,208.0,264.0,7.0,925.0,277.0,1
12.0,4487.0,135.0,261.0,1.0,405.0,199.0,1
5.0,49.0,71.0,16.0,5.0,985.0,95.0,1
12.0,7813.0,137.0,220.0,7.0,990.0,25.0,1
4.0,547.0,208.0,135.0,7.0,830.0,154.0,1
3.0,734.0,260.0,35.0,3.0,825.0,249.0,1
12.0,6289.0,227.0,153.0,4.0,944.0,60.0,1
12.0,7030.0,187.0,208.0,7.0,799.0,57.0,1
15.0,754.0,153.0,198.0,3.0,1095.0,195.0,1
15.0,2198.0,204.0,268.0,1.0,425.0,80.0,1
13.0,31.0,154.0,134.0,5.0,792.0,293.0,1
12.0,6962.0,107.0,208.0,4.0,1112.0,108.0,1
4.0,1045.0,58.0,135.0,5.0,360.0,190.0,1
6.0,5014.0,16.0,130.0,7.0,590.0,149.0,1
10.0,3980.0,208.0,136.0,1.0,875.0,120.0,1
11.0,6602.0,78.0,147.0,1.0,503.0,128.0,1
5.0,1178.0,16.0,121.0,6.0,1135.0,58.0,1
12.0,4518.0,261.0,79.0,4.0,760.0,83.0,1
10.0,3758.0,18.0,208.0,4.0,705.0,155.0,1
0.0,4176.0,117.0,197.0,7.0,1024.0,76.0,1
2.0,35.0,35.0,214.0,4.0,985.0,388.0,1
8.0,918.0,184.0,197.0,7.0,1255.0,75.0,1
0.0,3654.0,197.0,106.0,7.0,1160.0,90.0,1
12.0,4651.0,99.0,197.0,1.0,320.0,62.0,1
5.0,1881.0,16.0,18.0,6.0,1145.0,161.0,1
0.0,4136.0,85.0,142.0,6.0,1065.0,86.0,1
14.0,1792.0,60.0,177.0,4.0,680.0,108.0,1
14.0,204.0,154.0,153.0,3.0,450.0,63.0,1
12.0,6229.0,34.0,253.0,6.0,830.0,105.0,1
16.0,2613.0,96.0,61.0,3.0,1170.0,117.0,1
15.0,3159.0,172.0,243.0,3.0,1200.0,220.0,1
15.0,1803.0,175.0,154.0,6.0,720.0,280.0,1
16.0,2772.0,91.0,135.0,3.0,920.0,122.0,1
1.0,499.0,22.0,80.0,5.0,795.0,250.0,1
15.0,1635.0,175.0,153.0,6.0,995.0,250.0,1
10.0,4568.0,33.0,78.0,3.0,985.0,95.0,1
15.0,752.0,129.0,79.0,4.0,395.0,155.0,1
1.0,149.0,134.0,154.0,4.0,550.0,350.0,1
12.0,6625.0,46.0,79.0,4.0,611.0,96.0,1
15.0,2031.0,153.0,2.0,1.0,875.0,80.0,1
12.0,6320.0,243.0,154.0,1.0,439.0,46.0,1
5.0,2306.0,162.0,16.0,4.0,330.0,97.0,1
10.0,2837.0,80.0,239.0,3.0,580.0,85.0,1
0.0,4288.0,197.0,164.0,5.0,910.0,81.0,1
12.0,6594.0,79.0,221.0,4.0,810.0,175.0,1
12.0,6700.0,164.0,79.0,4.0,780.0,92.0,1
6.0,5063.0,16.0,205.0,4.0,951.0,150.0,1
15.0,1779.0,175.0,205.0,7.0,800.0,90.0,1
9.0,189.0,150.0,128.0,5.0,958.0,42.0,1
15.0,130.0,2.0,280.0,1.0,635.0,70.0,1
13.0,538.0,153.0,154.0,3.0,1235.0,83.0,1
13.0,956.0,79.0,208.0,5.0,712.0,144.0,1
15.0,2176.0,153.0,44.0,3.0,1215.0,60.0,1
16.0,2741.0,71.0,96.0,4.0,1079.0,125.0,1
0.0,4047.0,288.0,177.0,1.0,990.0,91.0,1
5.0,2925.0,35.0,197.0,4.0,857.0,198.0,1
1.0,791.0,159.0,80.0,5.0,1229.0,245.0,1
0.0,3659.0,12.0,16.0,3.0,345.0,183.0,1
17.0,1047.0,128.0,203.0,4.0,945.0,35.0,1
5.0,1295.0,221.0,16.0,4.0,733.0,112.0,1
14.0,1135.0,216.0,198.0,4.0,1085.0,207.0,1
0.0,4053.0,245.0,159.0,7.0,764.0,130.0,1
15.0,2290.0,153.0,79.0,7.0,1220.0,110.0,1
16.0,2190.0,182.0,96.0,5.0,401.0,79.0,1
3.0,237.0,261.0,160.0,3.0,1090.0,109.0,1
14.0,807.0,78.0,217.0,3.0,420.0,320.0,1
8.0,688.0,136.0,16.0,5.0,748.0,122.0,1
13.0,180.0,253.0,35.0,7.0,1367.0,340.0,1
5.0,2282.0,197.0,61.0,3.0,1150.0,113.0,1
5.0,2108.0,79.0,197.0,3.0,802.0,115.0,1
4.0,17.0,96.0,154.0,4.0,790.0,355.0,1
16.0,2246.0,135.0,16.0,4.0,445.0,118.0,1
1.0,2453.0,80.0,154.0,5.0,915.0,200.0,1
1.0,1241.0,221.0,80.0,3.0,415.0,205.0,1
16.0,2671.0,22.0,96.0,5.0,633.0,57.0,1
6.0,5584.0,16.0,19.0,4.0,605.0,61.0,1
16.0,2946.0,147.0,96.0,3.0,375.0,132.0,1
5.0,1912.0,16.0,234.0,4.0,1290.0,101.0,1
9.0,240.0,161.0,128.0,6.0,1060.0,30.0,1
2.0,221.0,253.0,252.0,4.0,1245.0,122.0,1
12.0,4499.0,34.0,261.0,6.0,540.0,65.0,1
6.0,5185.0,16.0,251.0,1.0,801.0,78.0,1
15.0,1581.0,154.0,202.0,3.0,680.0,75.0,1
10.0,4318.0,208.0,45.0,1.0,845.0,115.0,1
0.0,3755.0,272.0,85.0,5.0,360.0,120.0,1
10.0,3612.0,27.0,183.0,7.0,370.0,115.0,1
5.0,1941.0,71.0,217.0,7.0,575.0,258.0,1
15.0,1783.0,33.0,61.0,5.0,1200.0,70.0,1
14.0,983.0,208.0,60.0,7.0,1079.0,115.0,1
16.0,5959.0,285.0,208.0,1.0,703.0,102.0,1
15.0,124.0,217.0,251.0,6.0,945.0,205.0,1
3.0,595.0,130.0,173.0,6.0,934.0,166.0,1
13.0,15.0,148.0,253.0,7.0,870.0,405.0,1
10.0,4027.0,208.0,290.0,4.0,1280.0,105.0,1
5.0,2845.0,85.0,253.0,3.0,725.0,324.0,1
14.0,2123.0,35.0,159.0,1.0,600.0,79.0,1
15.0,1499.0,175.0,268.0,4.0,530.0,70.0,1
14.0,541.0,80.0,153.0,1.0,450.0,178.0,1
10.0,4140.0,208.0,172.0,5.0,665.0,90.0,1
5.0,2519.0,175.0,16.0,6.0,820.0,117.0,1
15.0,2959.0,22.0,173.0,5.0,420.0,185.0,1
6.0,5211.0,78.0,268.0,3.0,752.0,143.0,1
15.0,526.0,44.0,202.0,7.0,955.0,70.0,1
1.0,154.0,208.0,35.0,1.0,1070.0,135.0,1
1.0,1857.0,45.0,260.0,1.0,485.0,225.0,1
14.0,786.0,183.0,60.0,5.0,1030.0,125.0,1
13.0,947.0,134.0,173.0,7.0,1055.0,145.0,1
0.0,4063.0,148.0,221.0,6.0,1230.0,127.0,1
4.0,1.0,135.0,128.0,7.0,565.0,505.0,1
10.0,2706.0,119.0,80.0,1.0,760.0,170.0,1
5.0,2806.0,253.0,197.0,5.0,360.0,222.0,1
8.0,268.0,78.0,184.0,5.0,1079.0,131.0,1
6.0,5532.0,47.0,16.0,1.0,330.0,64.0,1
10.0,4035.0,208.0,193.0,7.0,1120.0,80.0,1
5.0,428.0,260.0,16.0,4.0,985.0,236.0,1
15.0,406.0,217.0,216.0,4.0,685.0,270.0,1
13.0,645.0,260.0,208.0,4.0,938.0,320.0,1
7.0,479.0,184.0,153.0,1.0,880.0,235.0,1
8.0,1156.0,241.0,139.0,7.0,985.0,150.0,1
12.0,6996.0,79.0,124.0,3.0,1172.0,46.0,1
16.0,2057.0,58.0,273.0,4.0,925.0,77.0,1
12.0,6878.0,258.0,79.0,5.0,689.0,145.0,1
10.0,2816.0,181.0,80.0,1.0,460.0,100.0,1
12.0,6563.0,79.0,15.0,5.0,732.0,44.0,1
12.0,6482.0,79.0,65.0,1.0,600.0,38.0,1
4.0,151.0,233.0,135.0,3.0,365.0,180.0,1
6.0,5485.0,174.0,16.0,7.0,645.0,130.0,1
4.0,477.0,241.0,96.0,3.0,666.0,169.0,1
1.0,500.0,243.0,80.0,1.0,875.0,175.0,1
3.0,567.0,272.0,104.0,5.0,929.0,191.0,1
5.0,2288.0,16.0,35.0,1.0,750.0,153.0,1
0.0,4237.0,148.0,43.0,6.0,847.0,102.0,1
16.0,5999.0,208.0,279.0,7.0,716.0,117.0,1
10.0,3325.0,84.0,80.0,4.0,360.0,130.0,1
6.0,5331.0,177.0,162.0,1.0,890.0,54.0,1
1.0,1915.0,172.0,80.0,5.0,570.0,105.0,1
3.0,1759.0,104.0,260.0,6.0,907.0,150.0,1
16.0,2959.0,135.0,80.0,7.0,1045.0,68.0,1
16.0,3120.0,135.0,162.0,6.0,834.0,71.0,1
13.0,269.0,234.0,208.0,1.0,1011.0,135.0,1
6.0,5498.0,16.0,101.0,4.0,884.0,75.0,1
10.0,3741.0,208.0,96.0,3.0,1200.0,120.0,1
14.0,1621.0,96.0,60.0,3.0,780.0,118.0,1
8.0,718.0,159.0,48.0,7.0,1199.0,96.0,1
15.0,2045.0,153.0,236.0,6.0,665.0,80.0,1
14.0,158.0,217.0,268.0,1.0,590.0,180.0,1
10.0,2973.0,80.0,190.0,3.0,1105.0,90.0,1
5.0,2152.0,147.0,16.0,7.0,1080.0,89.0,1
15.0,792.0,33.0,147.0,7.0,465.0,85.0,1
15.0,300.0,262.0,153.0,7.0,635.0,80.0,1
5.0,1589.0,85.0,33.0,3.0,745.0,105.0,1
17.0,2746.0,217.0,248.0,5.0,878.0,99.0,1
14.0,517.0,207.0,217.0,1.0,990.0,77.0,1
12.0,6944.0,57.0,154.0,4.0,890.0,40.0,1
1.0,1295.0,173.0,154.0,6.0,775.0,335.0,1
8.0,890.0,154.0,184.0,5.0,450.0,240.0,1
14.0,763.0,216.0,183.0,1.0,580.0,179.0,1
6.0,5275.0,101.0,16.0,6.0,360.0,86.0,1
0.0,4081.0,148.0,233.0,1.0,565.0,130.0,1
5.0,2537.0,35.0,173.0,1.0,880.0,204.0,1
10.0,3319.0,80.0,113.0,1.0,600.0,45.0,1
14.0,1777.0,35.0,60.0,6.0,1015.0,145.0,1
10.0,3214.0,259.0,80.0,3.0,545.0,60.0,1
15.0,811.0,252.0,172.0,5.0,630.0,205.0,1
4.0,60.0,135.0,96.0,7.0,725.0,210.0,1
1.0,6.0,203.0,80.0,7.0,1080.0,420.0,1
6.0,5428.0,158.0,177.0,6.0,380.0,83.0,1
9.0,335.0,203.0,128.0,7.0,980.0,34.0,1
14.0,436.0,217.0,280.0,4.0,668.0,48.0,1
5.0,2805.0,154.0,198.0,3.0,718.0,222.0,1
6.0,5336.0,157.0,16.0,3.0,830.0,93.0,1
17.0,7289.0,16.0,134.0,4.0,360.0,100.0,1
17.0,2657.0,58.0,60.0,3.0,1199.0,97.0,1
15.0,3.0,75.0,129.0,5.0,450.0,60.0,1
15.0,2116.0,277.0,33.0,3.0,780.0,110.0,1
14.0,92.0,217.0,214.0,7.0,1080.0,163.0,1
6.0,5295.0,16.0,287.0,3.0,986.0,64.0,1
10.0,3935.0,172.0,208.0,7.0,540.0,90.0,1
15.0,1544.0,236.0,153.0,6.0,670.0,75.0,1
0.0,3814.0,197.0,58.0,3.0,800.0,117.0,1
1.0,1091.0,268.0,80.0,7.0,795.0,115.0,1
1.0,454.0,208.0,233.0,4.0,880.0,110.0,1
16.0,2633.0,135.0,280.0,6.0,730.0,155.0,1
15.0,755.0,228.0,45.0,3.0,500.0,80.0,1
8.0,732.0,197.0,184.0,7.0,1013.0,76.0,1
7.0,322.0,184.0,78.0,3.0,871.0,108.0,1
15.0,1546.0,153.0,233.0,5.0,625.0,265.0,1
5.0,2735.0,197.0,128.0,5.0,705.0,535.0,1
4.0,1693.0,178.0,135.0,4.0,980.0,79.0,1
12.0,6238.0,153.0,100.0,5.0,1247.0,78.0,1
0.0,4302.0,58.0,85.0,3.0,725.0,60.0,1
15.0,1065.0,35.0,45.0,7.0,545.0,90.0,1
15.0,411.0,153.0,253.0,1.0,840.0,95.0,1
1.0,885.0,18.0,80.0,3.0,1110.0,70.0,1
16.0,2372.0,116.0,135.0,3.0,870.0,80.0,1
13.0,604.0,208.0,78.0,1.0,477.0,111.0,1
5.0,2359.0,60.0,16.0,7.0,930.0,87.0,1
16.0,3025.0,33.0,135.0,5.0,898.0,129.0,1
10.0,4351.0,208.0,166.0,4.0,1170.0,70.0,1
5.0,2514.0,268.0,85.0,3.0,400.0,100.0,1
5.0,78.0,173.0,148.0,5.0,840.0,165.0,1
13.0,795.0,277.0,134.0,5.0,1135.0,135.0,1
1.0,630.0,173.0,148.0,4.0,720.0,150.0,1
13.0,756.0,253.0,79.0,1.0,348.0,158.0,1
1.0,162.0,128.0,154.0,1.0,810.0,330.0,1
15.0,1584.0,43.0,45.0,5.0,1040.0,70.0,1
15.0,1956.0,244.0,217.0,5.0,1130.0,150.0,1
15.0,3073.0,228.0,45.0,4.0,385.0,90.0,1
5.0,2081.0,175.0,16.0,6.0,1065.0,119.0,1
12.0,6528.0,217.0,154.0,3.0,1203.0,81.0,1
15.0,922.0,264.0,217.0,4.0,540.0,75.0,1
5.0,2752.0,277.0,159.0,4.0,775.0,158.0,1
5.0,2584.0,268.0,261.0,7.0,480.0,200.0,1
14.0,630.0,262.0,217.0,5.0,598.0,107.0,1
6.0,5502.0,16.0,288.0,4.0,893.0,77.0,1
12.0,4495.0,112.0,197.0,4.0,1140.0,80.0,1
6.0,5485.0,16.0,288.0,3.0,822.0,72.0,1
15.0,738.0,217.0,33.0,3.0,620.0,195.0,1
5.0,1872.0,277.0,16.0,1.0,380.0,90.0,1
1.0,2200.0,153.0,80.0,3.0,850.0,165.0,1
6.0,5139.0,47.0,16.0,5.0,900.0,75.0,1
16.0,3060.0,135.0,204.0,5.0,605.0,80.0,1
10.0,4120.0,208.0,285.0,6.0,1090.0,95.0,1
15.0,2181.0,236.0,217.0,4.0,900.0,100.0,1
12.0,6939.0,214.0,252.0,3.0,530.0,49.0,1
12.0,6854.0,253.0,6.0,7.0,561.0,78.0,1
13.0,990.0,208.0,134.0,6.0,1098.0,114.0,1
14.0,1511.0,217.0,154.0,4.0,1085.0,86.0,1
16.0,5903.0,121.0,208.0,3.0,1068.0,124.0,1
12.0,4448.0,261.0,114.0,1.0,690.0,67.0,1
17.0,7283.0,244.0,208.0,5.0,466.0,160.0,1
11.0,6554.0,172.0,197.0,7.0,550.0,89.0,1
10.0,4604.0,159.0,233.0,5.0,1265.0,100.0,1
15.0,2461.0,13.0,75.0,3.0,830.0,65.0,1
8.0,892.0,154.0,184.0,5.0,720.0,240.0,1
12.0,4883.0,261.0,28.0,6.0,1185.0,84.0,1
5.0,2008.0,79.0,197.0,7.0,1070.0,117.0,1
1.0,2353.0,208.0,80.0,4.0,1180.0,150.0,1
15.0,760.0,175.0,253.0,5.0,530.0,300.0,1
13.0,609.0,78.0,208.0,5.0,579.0,132.0,1
16.0,3083.0,135.0,184.0,4.0,445.0,153.0,1
1.0,1287.0,80.0,207.0,7.0,580.0,190.0,1
1.0,1077.0,80.0,253.0,4.0,470.0,230.0,1
5.0,2169.0,16.0,173.0,7.0,660.0,94.0,1
11.0,6465.0,120.0,85.0,7.0,1018.0,112.0,1
15.0,530.0,79.0,175.0,4.0,750.0,140.0,1
15.0,1475.0,217.0,2.0,6.0,795.0,65.0,1
3.0,430.0,173.0,35.0,4.0,595.0,164.0,1
13.0,646.0,208.0,96.0,6.0,793.0,137.0,1
15.0,220.0,27.0,129.0,4.0,380.0,115.0,1
13.0,366.0,153.0,134.0,1.0,816.0,269.0,1
14.0,204.0,154.0,153.0,1.0,450.0,63.0,1
8.0,1118.0,173.0,159.0,7.0,480.0,146.0,1
12.0,6555.0,79.0,114.0,6.0,505.0,57.0,1
4.0,325.0,96.0,58.0,5.0,865.0,96.0,1
1.0,1936.0,154.0,253.0,4.0,725.0,90.0,1
0.0,4259.0,222.0,85.0,4.0,375.0,95.0,1
8.0,703.0,16.0,76.0,4.0,992.0,91.0,1
5.0,2570.0,154.0,261.0,6.0,375.0,119.0,1
4.0,1581.0,252.0,14.0,5.0,795.0,219.0,1
17.0,2901.0,54.0,60.0,6.0,660.0,69.0,1
15.0,523.0,153.0,34.0,3.0,955.0,105.0,1
14.0,2022.0,78.0,35.0,1.0,450.0,84.0,1
6.0,7368.0,190.0,177.0,4.0,680.0,82.0,1
15.0,324.0,175.0,104.0,7.0,910.0,185.0,1
15.0,3415.0,244.0,75.0,1.0,870.0,60.0,1
14.0,1592.0,16.0,216.0,7.0,390.0,117.0,1
15.0,1447.0,204.0,79.0,6.0,970.0,100.0,1
14.0,948.0,233.0,60.0,5.0,1070.0,64.0,1
12.0,6376.0,230.0,79.0,4.0,956.0,72.0,1
12.0,6411.0,154.0,248.0,1.0,781.0,61.0,1
17.0,7282.0,273.0,134.0,3.0,1194.0,77.0,1
14.0,1631.0,60.0,277.0,7.0,569.0,102.0,1
16.0,2320.0,135.0,91.0,5.0,1280.0,118.0,1
0.0,3719.0,195.0,85.0,4.0,830.0,88.0,1
12.0,4536.0,236.0,261.0,6.0,615.0,80.0,1
6.0,5444.0,204.0,16.0,1.0,945.0,127.0,1
12.0,6710.0,261.0,208.0,3.0,490.0,188.0,1
1.0,1929.0,253.0,154.0,7.0,455.0,90.0,1
0.0,4162.0,85.0,238.0,4.0,1045.0,79.0,1
4.0,1103.0,208.0,96.0,4.0,720.0,128.0,1
15.0,2697.0,198.0,129.0,4.0,810.0,70.0,1
1.0,2227.0,148.0,153.0,5.0,1165.0,360.0,1
15.0,2709.0,182.0,216.0,6.0,1145.0,100.0,1
15.0,637.0,258.0,217.0,4.0,480.0,105.0,1
10.0,3264.0,80.0,290.0,5.0,495.0,65.0,1
5.0,2519.0,175.0,16.0,5.0,820.0,117.0,1
1.0,1374.0,208.0,183.0,6.0,850.0,185.0,1
15.0,3408.0,262.0,153.0,3.0,1070.0,80.0,1
5.0,2479.0,184.0,16.0,5.0,573.0,122.0,1
3.0,75.0,273.0,148.0,5.0,1013.0,85.0,1
2.0,698.0,252.0,111.0,6.0,1380.0,57.0,1
4.0,32.0,198.0,135.0,5.0,810.0,75.0,1
0.0,4139.0,197.0,117.0,3.0,1185.0,78.0,1
14.0,221.0,236.0,217.0,6.0,590.0,101.0,1
13.0,659.0,208.0,96.0,7.0,420.0,119.0,1
15.0,722.0,173.0,175.0,4.0,1235.0,170.0,1
16.0,2461.0,146.0,135.0,1.0,723.0,77.0,1
12.0,6390.0,253.0,264.0,4.0,611.0,85.0,1
15.0,3664.0,45.0,22.0,3.0,715.0,65.0,1
15.0,42.0,217.0,129.0,3.0,750.0,150.0,1
10.0,3255.0,80.0,223.0,5.0,1170.0,100.0,1
15.0,1589.0,172.0,252.0,5.0,890.0,255.0,1
9.0,117.0,150.0,128.0,4.0,523.0,42.0,1
12.0,6363.0,154.0,246.0,6.0,1354.0,41.0,1
7.0,672.0,79.0,173.0,4.0,1075.0,205.0,1
10.0,3675.0,61.0,183.0,5.0,1100.0,170.0,1
15.0,3249.0,153.0,2.0,5.0,1260.0,80.0,1
15.0,448.0,153.0,175.0,1.0,1045.0,210.0,1
15.0,28.0,75.0,172.0,1.0,860.0,85.0,1
11.0,6345.0,120.0,16.0,7.0,585.0,105.0,1
5.0,1750.0,153.0,197.0,1.0,683.0,197.0,1
1.0,876.0,208.0,35.0,3.0,395.0,135.0,1
15.0,2038.0,175.0,61.0,3.0,805.0,65.0,1
3.0,439.0,35.0,173.0,3.0,960.0,192.0,1
7.0,305.0,79.0,111.0,7.0,1285.0,142.0,1
0.0,3967.0,148.0,12.0,6.0,1310.0,95.0,1
0.0,3726.0,84.0,85.0,4.0,617.0,113.0,1
15.0,1151.0,277.0,175.0,3.0,1195.0,165.0,1
4.0,1832.0,135.0,159.0,5.0,715.0,199.0,1
6.0,5399.0,16.0,84.0,5.0,498.0,136.0,1
15.0,2512.0,175.0,35.0,6.0,535.0,135.0,1
15.0,909.0,45.0,251.0,4.0,595.0,115.0,1
16.0,2173.0,16.0,135.0,6.0,915.0,134.0,1
15.0,167.0,153.0,13.0,1.0,715.0,125.0,1
0.0,4246.0,139.0,85.0,4.0,608.0,80.0,1
4.0,1671.0,35.0,58.0,6.0,375.0,126.0,1
10.0,4518.0,61.0,159.0,7.0,1115.0,105.0,1
16.0,5928.0,157.0,208.0,1.0,946.0,89.0,1
9.0,278.0,128.0,150.0,3.0,977.0,43.0,1
5.0,2459.0,16.0,205.0,4.0,1129.0,153.0,1
16.0,2433.0,135.0,155.0,5.0,685.0,89.0,1
8.0,1006.0,35.0,241.0,7.0,672.0,221.0,1
8.0,1218.0,175.0,267.0,3.0,420.0,154.0,1
14.0,815.0,228.0,60.0,7.0,490.0,142.0,1
15.0,1633.0,153.0,280.0,7.0,385.0,75.0,1
8.0,226.0,184.0,153.0,5.0,1060.0,250.0,1
13.0,798.0,154.0,253.0,3.0,1167.0,87.0,1
12.0,6971.0,79.0,280.0,6.0,838.0,118.0,1
1.0,2065.0,80.0,79.0,4.0,525.0,125.0,1
5.0,1624.0,16.0,45.0,5.0,1065.0,114.0,1
12.0,6716.0,69.0,208.0,4.0,370.0,97.0,1
13.0,97.0,253.0,135.0,6.0,654.0,236.0,1
15.0,3567.0,75.0,279.0,1.0,550.0,60.0,1
2.0,582.0,214.0,264.0,4.0,425.0,144.0,1
12.0,4574.0,153.0,261.0,1.0,480.0,88.0,1
0.0,3872.0,33.0,85.0,6.0,943.0,115.0,1
0.0,4212.0,152.0,85.0,3.0,495.0,63.0,1
4.0,599.0,135.0,79.0,3.0,855.0,149.0,1
15.0,1715.0,252.0,202.0,4.0,640.0,125.0,1
15.0,302.0,129.0,75.0,7.0,540.0,60.0,1
15.0,2734.0,221.0,277.0,7.0,410.0,155.0,1
6.0,7139.0,42.0,134.0,6.0,862.0,110.0,1
6.0,5484.0,87.0,16.0,7.0,420.0,80.0,1
12.0,4818.0,261.0,79.0,3.0,585.0,85.0,1
12.0,6377.0,79.0,67.0,6.0,692.0,60.0,1
4.0,159.0,78.0,135.0,5.0,1175.0,205.0,1
11.0,6734.0,119.0,85.0,6.0,614.0,61.0,1
14.0,1809.0,60.0,241.0,7.0,710.0,123.0,1
9.0,9.0,154.0,128.0,5.0,1030.0,355.0,1
15.0,1546.0,153.0,233.0,3.0,625.0,265.0,1
15.0,957.0,43.0,217.0,5.0,825.0,310.0,1
15.0,3311.0,79.0,33.0,1.0,890.0,145.0,1
14.0,154.0,243.0,216.0,1.0,525.0,302.0,1
12.0,6633.0,79.0,280.0,3.0,1280.0,114.0,1
15.0,1259.0,244.0,75.0,5.0,695.0,60.0,1
5.0,2513.0,197.0,16.0,4.0,380.0,167.0,1
17.0,2925.0,246.0,217.0,7.0,1038.0,127.0,1
12.0,4440.0,261.0,135.0,6.0,580.0,180.0,1
5.0,1518.0,173.0,16.0,3.0,330.0,84.0,1
12.0,6237.0,100.0,153.0,7.0,887.0,80.0,1
5.0,2221.0,197.0,154.0,4.0,1310.0,236.0,1
15.0,1296.0,129.0,243.0,4.0,620.0,210.0,1
16.0,2920.0,135.0,290.0,1.0,955.0,86.0,1
15.0,30.0,129.0,75.0,5.0,810.0,55.0,1
3.0,326.0,104.0,22.0,7.0,1123.0,172.0,1
4.0,500.0,135.0,139.0,3.0,1150.0,141.0,1
15.0,769.0,58.0,45.0,5.0,595.0,75.0,1
13.0,940.0,79.0,208.0,1.0,830.0,149.0,1
12.0,4685.0,230.0,197.0,7.0,600.0,90.0,1
5.0,2823.0,197.0,173.0,1.0,605.0,192.0,1
15.0,3425.0,217.0,91.0,4.0,900.0,65.0,1
15.0,598.0,202.0,153.0,4.0,865.0,85.0,1
5.0,2841.0,16.0,116.0,5.0,585.0,89.0,1
16.0,2418.0,135.0,156.0,3.0,1170.0,50.0,1
0.0,4008.0,42.0,148.0,3.0,360.0,100.0,1
15.0,861.0,154.0,202.0,7.0,1225.0,70.0,1
16.0,2089.0,96.0,78.0,4.0,530.0,79.0,1
12.0,4692.0,261.0,204.0,1.0,590.0,135.0,1
12.0,6301.0,236.0,154.0,3.0,393.0,86.0,1
15.0,1409.0,262.0,44.0,7.0,1145.0,70.0,1
1.0,1501.0,80.0,2.0,6.0,1155.0,110.0,1
6.0,7066.0,47.0,208.0,4.0,1012.0,128.0,1
15.0,1027.0,198.0,277.0,4.0,800.0,85.0,1
15.0,518.0,172.0,45.0,5.0,1045.0,140.0,1
4.0,675.0,221.0,135.0,4.0,1060.0,190.0,1
16.0,2788.0,71.0,96.0,4.0,380.0,112.0,1
5.0,1131.0,18.0,16.0,5.0,1113.0,136.0,1
5.0,1248.0,135.0,16.0,3.0,350.0,130.0,1
5.0,1100.0,261.0,216.0,5.0,595.0,261.0,1
12.0,6605.0,29.0,79.0,5.0,1215.0,102.0,1
6.0,5368.0,180.0,16.0,3.0,1040.0,78.0,1
12.0,4728.0,261.0,179.0,1.0,674.0,105.0,1
16.0,3080.0,96.0,42.0,4.0,1265.0,77.0,1
10.0,2813.0,80.0,230.0,5.0,735.0,145.0,1
15.0,1253.0,147.0,277.0,1.0,410.0,55.0,1
12.0,6264.0,253.0,100.0,1.0,765.0,62.0,1
14.0,1402.0,241.0,60.0,4.0,1155.0,113.0,1
16.0,2981.0,41.0,135.0,4.0,730.0,64.0,1
10.0,4338.0,208.0,85.0,5.0,940.0,80.0,1
13.0,155.0,208.0,253.0,7.0,1260.0,295.0,1
17.0,2829.0,217.0,280.0,7.0,1186.0,46.0,1
4.0,1649.0,104.0,135.0,7.0,375.0,162.0,1
11.0,6371.0,16.0,157.0,5.0,815.0,72.0,1
4.0,244.0,135.0,58.0,3.0,975.0,162.0,1
12.0,6677.0,79.0,100.0,6.0,1127.0,152.0,1
1.0,1121.0,80.0,243.0,7.0,1120.0,195.0,1
15.0,237.0,236.0,261.0,4.0,565.0,80.0,1
4.0,696.0,153.0,135.0,6.0,870.0,171.0,1
6.0,5431.0,195.0,16.0,7.0,410.0,137.0,1
5.0,2478.0,261.0,34.0,4.0,1202.0,72.0,1
13.0,927.0,268.0,253.0,7.0,1136.0,264.0,1
12.0,6269.0,208.0,152.0,6.0,1116.0,49.0,1
5.0,1790.0,244.0,16.0,5.0,803.0,135.0,1
5.0,1572.0,277.0,16.0,7.0,587.0,93.0,1
10.0,4593.0,159.0,233.0,7.0,820.0,105.0,1
8.0,1078.0,173.0,130.0,6.0,650.0,152.0,1
10.0,4511.0,159.0,35.0,3.0,835.0,65.0,1
5.0,2977.0,208.0,16.0,7.0,615.0,123.0,1
3.0,1423.0,214.0,160.0,4.0,875.0,132.0,1
5.0,2254.0,16.0,61.0,3.0,970.0,95.0,1
0.0,4238.0,43.0,148.0,6.0,979.0,113.0,1
4.0,408.0,135.0,96.0,7.0,470.0,198.0,1
3.0,117.0,148.0,198.0,4.0,415.0,204.0,1
3.0,1218.0,43.0,35.0,5.0,1102.0,83.0,1
4.0,499.0,135.0,79.0,6.0,730.0,146.0,1
16.0,5936.0,208.0,17.0,6.0,484.0,50.0,1
13.0,153.0,208.0,253.0,4.0,1121.0,297.0,1
13.0,425.0,134.0,244.0,5.0,495.0,239.0,1
15.0,735.0,79.0,214.0,4.0,515.0,175.0,1
11.0,6438.0,71.0,45.0,5.0,555.0,91.0,1
16.0,2206.0,13.0,135.0,1.0,688.0,92.0,1
5.0,1829.0,119.0,85.0,3.0,400.0,70.0,1
4.0,44.0,183.0,96.0,4.0,815.0,178.0,1
10.0,3288.0,80.0,254.0,1.0,560.0,75.0,1
10.0,2890.0,114.0,80.0,7.0,705.0,120.0,1
3.0,421.0,35.0,213.0,3.0,580.0,195.0,1
13.0,62.0,161.0,253.0,6.0,874.0,319.0,1
16.0,2950.0,197.0,96.0,5.0,1001.0,165.0,1
14.0,1118.0,172.0,60.0,5.0,835.0,130.0,1
14.0,1585.0,216.0,173.0,1.0,690.0,154.0,1
6.0,5011.0,85.0,52.0,6.0,520.0,110.0,1
16.0,2334.0,135.0,245.0,3.0,850.0,121.0,1
5.0,18.0,85.0,159.0,6.0,825.0,110.0,1
16.0,2006.0,120.0,96.0,3.0,363.0,89.0,1
6.0,5163.0,16.0,97.0,6.0,1135.0,116.0,1
1.0,549.0,104.0,208.0,3.0,450.0,195.0,1
15.0,258.0,154.0,261.0,3.0,1140.0,105.0,1
13.0,388.0,277.0,79.0,3.0,449.0,247.0,1
5.0,2370.0,159.0,213.0,4.0,1079.0,190.0,1
12.0,6455.0,292.0,154.0,6.0,721.0,80.0,1
12.0,6444.0,154.0,263.0,3.0,786.0,56.0,1
13.0,311.0,96.0,79.0,3.0,475.0,279.0,1
1.0,1938.0,197.0,183.0,4.0,365.0,225.0,1
1.0,642.0,244.0,80.0,4.0,1040.0,70.0,1
13.0,580.0,208.0,45.0,1.0,689.0,114.0,1
6.0,5390.0,87.0,16.0,5.0,941.0,78.0,1
12.0,4537.0,217.0,261.0,3.0,740.0,97.0,1
5.0,2683.0,78.0,183.0,5.0,419.0,159.0,1
14.0,758.0,208.0,216.0,4.0,710.0,115.0,1
14.0,2127.0,35.0,159.0,5.0,720.0,72.0,1
16.0,2317.0,135.0,120.0,7.0,845.0,140.0,1
6.0,5113.0,81.0,16.0,5.0,620.0,60.0,1
0.0,4171.0,85.0,25.0,5.0,865.0,83.0,1
15.0,1741.0,241.0,45.0,1.0,1060.0,140.0,1
16.0,2234.0,135.0,198.0,6.0,1285.0,54.0,1
12.0,6617.0,204.0,79.0,6.0,579.0,106.0,1
8.0,965.0,7.0,16.0,1.0,1097.0,120.0,1
7.0,773.0,79.0,153.0,6.0,1095.0,118.0,1
15.0,3506.0,217.0,202.0,5.0,430.0,125.0,1
5.0,2093.0,197.0,264.0,4.0,705.0,237.0,1
1.0,860.0,183.0,148.0,1.0,1045.0,185.0,1
12.0,6849.0,214.0,232.0,3.0,671.0,38.0,1
15.0,2372.0,236.0,153.0,7.0,1090.0,70.0,1
7.0,382.0,79.0,104.0,4.0,1035.0,224.0,1
8.0,61.0,16.0,154.0,6.0,1335.0,320.0,1
12.0,6735.0,196.0,79.0,6.0,793.0,112.0,1
6.0,5129.0,35.0,78.0,5.0,455.0,108.0,1
15.0,867.0,153.0,170.0,5.0,855.0,125.0,1
16.0,2526.0,119.0,58.0,4.0,585.0,58.0,1
11.0,6425.0,197.0,71.0,1.0,910.0,119.0,1
1.0,1593.0,173.0,183.0,7.0,720.0,65.0,1
6.0,7078.0,238.0,134.0,6.0,851.0,80.0,1
12.0,6833.0,214.0,252.0,7.0,583.0,54.0,1
15.0,1373.0,262.0,217.0,6.0,430.0,110.0,1
14.0,1033.0,22.0,60.0,1.0,1025.0,132.0,1
10.0,3613.0,183.0,27.0,4.0,1170.0,125.0,1
15.0,1544.0,153.0,129.0,6.0,775.0,180.0,1
15.0,3073.0,228.0,45.0,5.0,385.0,90.0,1
5.0,1084.0,197.0,78.0,3.0,911.0,140.0,1
5.0,2638.0,16.0,78.0,5.0,560.0,108.0,1
1.0,1008.0,80.0,132.0,7.0,885.0,95.0,1
10.0,4573.0,290.0,159.0,3.0,610.0,180.0,1
12.0,6838.0,246.0,253.0,5.0,1080.0,80.0,1
1.0,813.0,18.0,154.0,7.0,735.0,195.0,1
15.0,618.0,33.0,154.0,3.0,635.0,290.0,1
1.0,2024.0,80.0,33.0,7.0,730.0,100.0,1
15.0,219.0,262.0,153.0,5.0,385.0,80.0,1
4.0,360.0,96.0,244.0,5.0,565.0,280.0,1
17.0,7272.0,60.0,208.0,4.0,541.0,129.0,1
14.0,526.0,217.0,236.0,1.0,1065.0,108.0,1
15.0,3421.0,61.0,175.0,3.0,660.0,70.0,1
4.0,229.0,79.0,96.0,3.0,505.0,225.0,1
8.0,263.0,184.0,78.0,7.0,870.0,109.0,1
5.0,2037.0,45.0,85.0,7.0,765.0,95.0,1
15.0,908.0,172.0,175.0,4.0,525.0,80.0,1
12.0,6844.0,208.0,85.0,3.0,964.0,76.0,1
16.0,3140.0,244.0,135.0,1.0,445.0,59.0,1
10.0,4229.0,221.0,208.0,4.0,915.0,100.0,1
11.0,6354.0,216.0,71.0,5.0,640.0,127.0,1
15.0,595.0,175.0,251.0,7.0,985.0,65.0,1
10.0,3695.0,148.0,209.0,6.0,1045.0,90.0,1
15.0,201.0,75.0,129.0,5.0,390.0,60.0,1
16.0,2130.0,205.0,96.0,5.0,440.0,167.0,1
15.0,2885.0,243.0,262.0,4.0,750.0,95.0,1
15.0,729.0,202.0,264.0,3.0,635.0,85.0,1
16.0,2000.0,135.0,261.0,4.0,685.0,203.0,1
10.0,4138.0,221.0,208.0,4.0,1175.0,105.0,1
16.0,2724.0,135.0,118.0,3.0,1140.0,73.0,1
5.0,2085.0,241.0,159.0,6.0,540.0,165.0,1
14.0,369.0,217.0,262.0,5.0,1060.0,118.0,1
16.0,5896.0,152.0,208.0,4.0,929.0,71.0,1
10.0,3242.0,256.0,80.0,4.0,575.0,60.0,1
15.0,384.0,268.0,175.0,1.0,540.0,60.0,1
14.0,1221.0,104.0,78.0,6.0,840.0,146.0,1
15.0,2772.0,244.0,33.0,6.0,635.0,125.0,1
15.0,918.0,173.0,216.0,7.0,620.0,145.0,1
12.0,6697.0,145.0,79.0,7.0,1031.0,73.0,1
15.0,941.0,141.0,45.0,3.0,745.0,75.0,1
15.0,431.0,182.0,217.0,3.0,775.0,360.0,1
16.0,2621.0,251.0,58.0,4.0,575.0,67.0,1
15.0,2529.0,79.0,154.0,3.0,455.0,160.0,1
8.0,1033.0,241.0,221.0,5.0,1074.0,150.0,1
1.0,1521.0,172.0,208.0,5.0,1010.0,95.0,1
16.0,2431.0,139.0,135.0,4.0,665.0,154.0,1
1.0,1053.0,268.0,208.0,3.0,705.0,75.0,1
15.0,2556.0,141.0,173.0,6.0,525.0,170.0,1
14.0,1484.0,173.0,78.0,1.0,710.0,123.0,1
16.0,2035.0,135.0,221.0,1.0,455.0,158.0,1
4.0,1594.0,154.0,135.0,6.0,565.0,195.0,1
10.0,3667.0,183.0,285.0,4.0,695.0,130.0,1
14.0,202.0,217.0,2.0,4.0,595.0,78.0,1
15.0,257.0,175.0,104.0,3.0,545.0,185.0,1
15.0,157.0,33.0,277.0,5.0,1105.0,105.0,1
1.0,1886.0,260.0,183.0,1.0,735.0,165.0,1
16.0,2680.0,2.0,135.0,5.0,375.0,124.0,1
10.0,3647.0,183.0,147.0,1.0,1050.0,75.0,1
5.0,2398.0,241.0,197.0,3.0,940.0,221.0,1
14.0,734.0,60.0,216.0,3.0,1075.0,99.0,1
15.0,780.0,153.0,268.0,3.0,450.0,190.0,1
12.0,6511.0,280.0,154.0,4.0,1059.0,93.0,1
6.0,5448.0,180.0,16.0,7.0,789.0,76.0,1
12.0,6964.0,214.0,252.0,6.0,440.0,50.0,1
8.0,1120.0,139.0,104.0,5.0,655.0,162.0,1
15.0,1629.0,44.0,217.0,6.0,770.0,80.0,1
12.0,6432.0,177.0,208.0,4.0,1108.0,107.0,1
10.0,4364.0,208.0,71.0,6.0,1255.0,75.0,1
10.0,4536.0,233.0,78.0,7.0,1080.0,60.0,1
1.0,1507.0,213.0,80.0,1.0,1095.0,190.0,1
12.0,4623.0,261.0,204.0,5.0,827.0,135.0,1
5.0,1581.0,280.0,16.0,6.0,495.0,205.0,1
5.0,1560.0,252.0,71.0,7.0,740.0,257.0,1
14.0,1126.0,60.0,80.0,7.0,885.0,175.0,1
5.0,1094.0,16.0,197.0,3.0,1135.0,165.0,1
0.0,3714.0,84.0,85.0,6.0,820.0,115.0,1
15.0,2670.0,261.0,217.0,7.0,465.0,105.0,1
15.0,703.0,79.0,262.0,5.0,545.0,160.0,1
6.0,5582.0,69.0,16.0,5.0,685.0,90.0,1
0.0,4152.0,233.0,61.0,1.0,722.0,110.0,1
15.0,2169.0,175.0,104.0,6.0,860.0,185.0,1
3.0,364.0,213.0,159.0,4.0,1059.0,159.0,1
8.0,174.0,241.0,16.0,3.0,922.0,104.0,1
15.0,2118.0,2.0,243.0,5.0,1040.0,115.0,1
8.0,536.0,16.0,177.0,7.0,540.0,79.0,1
13.0,703.0,153.0,79.0,1.0,1065.0,118.0,1
16.0,2138.0,290.0,96.0,4.0,630.0,170.0,1
2.0,152.0,211.0,14.0,3.0,895.0,86.0,1
2.0,42.0,23.0,14.0,5.0,543.0,68.0,1
13.0,129.0,208.0,154.0,6.0,1256.0,272.0,1
5.0,2250.0,153.0,197.0,3.0,950.0,187.0,1
10.0,3329.0,80.0,38.0,6.0,625.0,95.0,1
5.0,2444.0,71.0,35.0,3.0,1135.0,124.0,1
8.0,111.0,16.0,134.0,7.0,1255.0,103.0,1
15.0,1497.0,104.0,45.0,3.0,745.0,155.0,1
15.0,827.0,2.0,79.0,5.0,980.0,80.0,1
15.0,118.0,217.0,182.0,4.0,765.0,285.0,1
12.0,7026.0,154.0,100.0,7.0,816.0,67.0,1
17.0,2620.0,33.0,60.0,3.0,1149.0,80.0,1
10.0,4132.0,208.0,172.0,5.0,420.0,90.0,1
1.0,1206.0,217.0,208.0,4.0,1040.0,200.0,1
1.0,2412.0,154.0,80.0,3.0,410.0,185.0,1
8.0,967.0,7.0,16.0,5.0,360.0,135.0,1
10.0,3711.0,208.0,162.0,4.0,910.0,115.0,1
0.0,3776.0,238.0,16.0,6.0,450.0,151.0,1
3.0,1011.0,35.0,148.0,4.0,650.0,66.0,1
15.0,102.0,243.0,2.0,4.0,985.0,100.0,1
5.0,420.0,260.0,16.0,3.0,580.0,238.0,1
7.0,451.0,159.0,184.0,3.0,719.0,140.0,1
1.0,1475.0,233.0,80.0,4.0,620.0,190.0,1
11.0,6619.0,159.0,139.0,3.0,520.0,155.0,1
10.0,3233.0,80.0,68.0,1.0,480.0,80.0,1
10.0,4591.0,159.0,197.0,5.0,660.0,180.0,1
16.0,2346.0,135.0,132.0,4.0,960.0,101.0,1
5.0,2161.0,216.0,16.0,4.0,1140.0,150.0,1
1.0,740.0,154.0,153.0,4.0,1010.0,75.0,1
13.0,575.0,45.0,208.0,5.0,706.0,132.0,1
5.0,1519.0,61.0,154.0,5.0,1105.0,310.0,1
6.0,7068.0,134.0,121.0,6.0,1048.0,88.0,1
10.0,3671.0,183.0,275.0,7.0,665.0,85.0,1
12.0,6232.0,100.0,153.0,3.0,365.0,77.0,1
8.0,828.0,184.0,267.0,7.0,850.0,160.0,1
6.0,7333.0,71.0,96.0,7.0,815.0,120.0,1
10.0,2960.0,80.0,256.0,1.0,845.0,55.0,1
14.0,1663.0,60.0,268.0,3.0,1210.0,121.0,1
4.0,1493.0,173.0,96.0,6.0,840.0,160.0,1
4.0,1727.0,45.0,135.0,6.0,345.0,190.0,1
5.0,2890.0,16.0,76.0,4.0,515.0,102.0,1
5.0,2551.0,159.0,213.0,6.0,625.0,183.0,1
0.0,4219.0,237.0,85.0,3.0,1030.0,100.0,1
15.0,2012.0,129.0,104.0,4.0,1195.0,135.0,1
16.0,2097.0,135.0,65.0,1.0,905.0,139.0,1
14.0,1032.0,16.0,60.0,5.0,1076.0,86.0,1
4.0,333.0,159.0,135.0,4.0,405.0,235.0,1
15.0,954.0,104.0,147.0,5.0,1155.0,75.0,1
15.0,103.0,18.0,91.0,7.0,525.0,100.0,1
15.0,1537.0,111.0,153.0,1.0,575.0,140.0,1
15.0,1615.0,175.0,45.0,3.0,1155.0,110.0,1
4.0,1121.0,35.0,96.0,4.0,390.0,81.0,1
15.0,1856.0,172.0,173.0,3.0,630.0,165.0,1
15.0,2116.0,277.0,33.0,1.0,780.0,110.0,1
3.0,347.0,148.0,267.0,6.0,809.0,182.0,1
8.0,962.0,35.0,48.0,4.0,1199.0,109.0,1
6.0,5447.0,251.0,16.0,5.0,633.0,90.0,1
12.0,3099.0,184.0,139.0,5.0,460.0,64.0,1
4.0,310.0,135.0,96.0,7.0,1140.0,207.0,1
6.0,5087.0,172.0,16.0,1.0,577.0,121.0,1
10.0,2724.0,80.0,181.0,4.0,610.0,85.0,1
13.0,962.0,61.0,79.0,1.0,938.0,202.0,1
15.0,1587.0,175.0,217.0,1.0,1030.0,240.0,1
16.0,2372.0,116.0,135.0,1.0,870.0,80.0,1
13.0,958.0,252.0,208.0,7.0,497.0,240.0,1
1.0,1900.0,80.0,78.0,3.0,1295.0,155.0,1
16.0,3097.0,139.0,135.0,6.0,930.0,147.0,1
8.0,901.0,215.0,16.0,3.0,360.0,123.0,1
9.0,185.0,203.0,128.0,6.0,675.0,34.0,1
13.0,468.0,252.0,253.0,3.0,360.0,130.0,1
10.0,4669.0,159.0,16.0,6.0,930.0,165.0,1
5.0,2844.0,85.0,78.0,5.0,915.0,90.0,1
15.0,512.0,243.0,153.0,7.0,465.0,70.0,1
2.0,857.0,252.0,203.0,5.0,500.0,375.0,1
15.0,840.0,45.0,277.0,5.0,1175.0,155.0,1
6.0,7068.0,121.0,134.0,6.0,1165.0,82.0,1
15.0,135.0,129.0,75.0,6.0,480.0,55.0,1
17.0,1929.0,128.0,161.0,3.0,1240.0,37.0,1
3.0,1069.0,148.0,18.0,5.0,1230.0,261.0,1
1.0,2337.0,208.0,80.0,5.0,940.0,155.0,1
6.0,5586.0,16.0,101.0,4.0,965.0,76.0,1
15.0,1209.0,202.0,264.0,6.0,850.0,80.0,1
7.0,564.0,243.0,79.0,7.0,908.0,135.0,1
4.0,1097.0,135.0,153.0,1.0,440.0,204.0,1
4.0,1019.0,277.0,96.0,6.0,445.0,153.0,1
5.0,519.0,230.0,197.0,4.0,405.0,100.0,1
15.0,1590.0,172.0,45.0,3.0,820.0,140.0,1
1.0,1948.0,80.0,216.0,6.0,615.0,185.0,1
15.0,1843.0,207.0,262.0,4.0,780.0,80.0,1
15.0,1747.0,129.0,175.0,5.0,695.0,145.0,1
12.0,6829.0,262.0,253.0,5.0,362.0,48.0,1
1.0,375.0,80.0,91.0,5.0,1320.0,100.0,1
16.0,3085.0,228.0,96.0,6.0,594.0,62.0,1
3.0,42.0,148.0,273.0,4.0,740.0,68.0,1
3.0,704.0,260.0,148.0,7.0,685.0,243.0,1
15.0,136.0,153.0,252.0,3.0,750.0,165.0,1
1.0,1475.0,80.0,153.0,7.0,800.0,190.0,1
5.0,1738.0,267.0,16.0,7.0,953.0,98.0,1
14.0,1869.0,60.0,33.0,1.0,1080.0,87.0,1
1.0,491.0,204.0,80.0,6.0,635.0,60.0,1
10.0,4045.0,208.0,77.0,4.0,960.0,55.0,1
5.0,1421.0,85.0,277.0,3.0,600.0,168.0,1
12.0,4586.0,207.0,261.0,3.0,600.0,112.0,1
5.0,1216.0,261.0,35.0,4.0,1030.0,275.0,1
15.0,1685.0,258.0,243.0,5.0,1225.0,75.0,1
14.0,1631.0,78.0,60.0,5.0,419.0,95.0,1
15.0,3145.0,253.0,217.0,6.0,1080.0,115.0,1
5.0,303.0,173.0,261.0,1.0,430.0,304.0,1
16.0,2484.0,96.0,172.0,5.0,772.0,197.0,1
5.0,2784.0,184.0,197.0,4.0,1004.0,75.0,1
13.0,345.0,208.0,198.0,3.0,582.0,146.0,1
3.0,1005.0,35.0,148.0,4.0,441.0,75.0,1
5.0,2492.0,268.0,16.0,1.0,819.0,98.0,1
10.0,4055.0,208.0,33.0,5.0,1005.0,90.0,1
16.0,5915.0,208.0,99.0,1.0,491.0,113.0,1
3.0,402.0,198.0,35.0,1.0,879.0,189.0,1
5.0,2019.0,159.0,197.0,5.0,1100.0,195.0,1
15.0,1510.0,45.0,159.0,1.0,540.0,70.0,1
11.0,6771.0,85.0,273.0,5.0,460.0,87.0,1
15.0,2370.0,33.0,154.0,6.0,1055.0,285.0,1
15.0,1482.0,43.0,173.0,4.0,400.0,170.0,1
5.0,2338.0,16.0,78.0,6.0,740.0,99.0,1
1.0,2401.0,80.0,154.0,7.0,390.0,210.0,1
14.0,936.0,217.0,197.0,5.0,990.0,181.0,1
5.0,14.0,153.0,16.0,7.0,487.0,223.0,1
12.0,6482.0,194.0,79.0,4.0,360.0,146.0,1
16.0,5998.0,132.0,208.0,5.0,918.0,119.0,1
10.0,4200.0,139.0,208.0,3.0,755.0,70.0,1
3.0,1402.0,18.0,104.0,6.0,715.0,150.0,1
11.0,6672.0,132.0,177.0,1.0,710.0,65.0,1
14.0,1952.0,183.0,60.0,6.0,1155.0,125.0,1
4.0,57.0,96.0,173.0,3.0,870.0,174.0,1
10.0,2817.0,94.0,80.0,4.0,1030.0,130.0,1
12.0,7812.0,261.0,235.0,4.0,1185.0,59.0,1
0.0,4245.0,175.0,85.0,1.0,840.0,87.0,1
16.0,2478.0,120.0,96.0,4.0,1130.0,102.0,1
6.0,5034.0,287.0,16.0,6.0,695.0,80.0,1
6.0,5393.0,58.0,16.0,7.0,335.0,109.0,1
5.0,2205.0,175.0,16.0,1.0,360.0,120.0,1
5.0,25.0,16.0,233.0,4.0,975.0,83.0,1
15.0,759.0,175.0,241.0,3.0,1105.0,170.0,1
10.0,4152.0,21.0,208.0,7.0,370.0,60.0,1
16.0,2366.0,71.0,96.0,5.0,795.0,123.0,1
12.0,6472.0,2.0,154.0,1.0,661.0,125.0,1
12.0,6678.0,194.0,253.0,5.0,886.0,37.0,1
14.0,1433.0,35.0,60.0,6.0,375.0,152.0,1
15.0,1225.0,170.0,129.0,1.0,1090.0,80.0,1
1.0,1991.0,78.0,80.0,1.0,710.0,210.0,1
10.0,4212.0,208.0,43.0,1.0,720.0,95.0,1
5.0,1862.0,261.0,85.0,4.0,420.0,219.0,1
5.0,2690.0,197.0,60.0,7.0,1145.0,143.0,1
0.0,3955.0,155.0,177.0,3.0,355.0,119.0,1
5.0,1910.0,80.0,16.0,5.0,945.0,121.0,1
15.0,3773.0,261.0,153.0,1.0,415.0,85.0,1
3.0,178.0,217.0,148.0,6.0,855.0,277.0,1
1.0,1167.0,233.0,80.0,5.0,465.0,195.0,1
5.0,1240.0,16.0,251.0,4.0,1221.0,78.0,1
3.0,1282.0,234.0,35.0,7.0,974.0,89.0,1
17.0,7246.0,208.0,12.0,3.0,966.0,110.0,1
10.0,4154.0,61.0,208.0,5.0,435.0,85.0,1
3.0,1200.0,241.0,43.0,6.0,1235.0,162.0,1
5.0,2262.0,85.0,216.0,5.0,1055.0,118.0,1
13.0,251.0,134.0,214.0,4.0,1060.0,348.0,1
15.0,1289.0,175.0,159.0,7.0,1195.0,125.0,1
0.0,4339.0,233.0,277.0,4.0,580.0,120.0,1
12.0,6567.0,208.0,65.0,3.0,1210.0,153.0,1
15.0,530.0,129.0,79.0,5.0,635.0,150.0,1
1.0,2585.0,35.0,183.0,3.0,495.0,220.0,1
1.0,413.0,208.0,264.0,4.0,845.0,255.0,1
12.0,6834.0,236.0,253.0,6.0,1045.0,69.0,1
1.0,1637.0,173.0,208.0,5.0,390.0,185.0,1
13.0,595.0,79.0,253.0,3.0,1134.0,168.0,1
6.0,7320.0,256.0,177.0,6.0,390.0,66.0,1
13.0,481.0,208.0,80.0,4.0,1230.0,151.0,1
13.0,362.0,208.0,16.0,7.0,360.0,121.0,1
1.0,1843.0,208.0,252.0,6.0,530.0,270.0,1
12.0,6454.0,65.0,208.0,1.0,461.0,147.0,1
16.0,2149.0,75.0,135.0,3.0,390.0,58.0,1
13.0,734.0,208.0,221.0,5.0,785.0,87.0,1
15.0,1374.0,2.0,154.0,6.0,1070.0,125.0,1
6.0,5067.0,16.0,190.0,7.0,665.0,84.0,1
12.0,6602.0,262.0,253.0,6.0,1258.0,43.0,1
12.0,6626.0,79.0,227.0,4.0,693.0,133.0,1
12.0,6999.0,170.0,79.0,3.0,848.0,118.0,1
1.0,1605.0,208.0,243.0,1.0,1000.0,270.0,1
15.0,1228.0,154.0,244.0,5.0,780.0,165.0,1
6.0,5480.0,16.0,169.0,4.0,1237.0,81.0,1
15.0,776.0,184.0,173.0,5.0,1135.0,165.0,1
5.0,1320.0,16.0,60.0,3.0,1140.0,81.0,1
15.0,1385.0,153.0,175.0,3.0,865.0,220.0,1
14.0,117.0,253.0,153.0,5.0,1135.0,88.0,1
9.0,169.0,150.0,203.0,6.0,760.0,31.0,1
10.0,4599.0,159.0,197.0,6.0,375.0,175.0,1
16.0,5995.0,29.0,208.0,7.0,877.0,125.0,1
8.0,20.0,16.0,175.0,1.0,945.0,115.0,1
5.0,1291.0,177.0,16.0,7.0,1032.0,88.0,1
14.0,1093.0,216.0,208.0,3.0,830.0,139.0,1
15.0,3334.0,258.0,264.0,3.0,1250.0,75.0,1
10.0,2780.0,80.0,68.0,4.0,945.0,80.0,1
13.0,261.0,154.0,173.0,1.0,515.0,286.0,1
0.0,3671.0,85.0,82.0,3.0,730.0,119.0,1
1.0,451.0,233.0,208.0,3.0,500.0,135.0,1
17.0,1025.0,150.0,128.0,1.0,845.0,40.0,1
15.0,2631.0,153.0,262.0,7.0,1145.0,95.0,1
5.0,1053.0,172.0,16.0,7.0,765.0,120.0,1
15.0,1420.0,207.0,258.0,7.0,1215.0,65.0,1
1.0,1328.0,262.0,80.0,4.0,740.0,200.0,1
16.0,5993.0,43.0,208.0,7.0,1190.0,116.0,1
5.0,1376.0,159.0,35.0,3.0,570.0,74.0,1
16.0,2262.0,205.0,135.0,5.0,1085.0,139.0,1
10.0,2714.0,245.0,80.0,5.0,975.0,180.0,1
10.0,2709.0,80.0,218.0,5.0,895.0,110.0,1
15.0,332.0,214.0,217.0,6.0,925.0,155.0,1
15.0,822.0,45.0,175.0,5.0,1045.0,125.0,1
15.0,294.0,205.0,175.0,5.0,695.0,80.0,1
1.0,1348.0,35.0,183.0,4.0,850.0,215.0,1
8.0,642.0,16.0,184.0,6.0,625.0,128.0,1
12.0,4672.0,44.0,261.0,7.0,430.0,114.0,1
12.0,6581.0,79.0,65.0,7.0,1219.0,35.0,1
6.0,7354.0,16.0,101.0,5.0,650.0,76.0,1
10.0,4629.0,233.0,159.0,5.0,360.0,95.0,1
15.0,2254.0,44.0,202.0,3.0,905.0,70.0,1
15.0,1084.0,175.0,233.0,7.0,855.0,110.0,1
16.0,2631.0,135.0,158.0,1.0,885.0,54.0,1
10.0,3901.0,221.0,208.0,4.0,630.0,95.0,1
3.0,76.0,213.0,148.0,3.0,768.0,160.0,1
15.0,1440.0,175.0,202.0,4.0,910.0,300.0,1
16.0,2960.0,96.0,60.0,6.0,730.0,110.0,1
4.0,482.0,135.0,35.0,4.0,795.0,218.0,1
12.0,6533.0,79.0,137.0,4.0,906.0,98.0,1
15.0,912.0,79.0,104.0,7.0,720.0,230.0,1
15.0,2706.0,175.0,45.0,3.0,735.0,110.0,1
4.0,1138.0,80.0,96.0,4.0,919.0,190.0,1
14.0,1435.0,60.0,16.0,4.0,800.0,82.0,1
10.0,3313.0,195.0,80.0,5.0,860.0,155.0,1
15.0,2674.0,217.0,262.0,7.0,470.0,130.0,1
4.0,1599.0,96.0,135.0,1.0,381.0,254.0,1
8.0,212.0,241.0,184.0,1.0,739.0,181.0,1
3.0,571.0,130.0,213.0,6.0,1250.0,169.0,1
11.0,6463.0,35.0,71.0,3.0,620.0,160.0,1
1.0,730.0,208.0,104.0,5.0,935.0,180.0,1
15.0,1714.0,277.0,61.0,3.0,950.0,135.0,1
0.0,4185.0,177.0,80.0,4.0,560.0,107.0,1
1.0,788.0,183.0,270.0,6.0,775.0,155.0,1
12.0,6544.0,15.0,79.0,1.0,682.0,45.0,1
10.0,3901.0,221.0,208.0,5.0,630.0,95.0,1
3.0,1784.0,173.0,148.0,7.0,954.0,155.0,1
2.0,509.0,264.0,252.0,6.0,840.0,168.0,1
14.0,1823.0,60.0,213.0,5.0,1205.0,111.0,1
10.0,3082.0,243.0,154.0,7.0,1020.0,45.0,1
10.0,4091.0,208.0,33.0,4.0,545.0,90.0,1
14.0,81.0,217.0,45.0,5.0,590.0,257.0,1
6.0,7126.0,43.0,134.0,4.0,622.0,74.0,1
1.0,144.0,154.0,134.0,3.0,865.0,290.0,1
11.0,6670.0,228.0,85.0,7.0,520.0,142.0,1
1.0,1468.0,80.0,177.0,6.0,535.0,85.0,1
17.0,2715.0,280.0,217.0,1.0,960.0,50.0,1
15.0,220.0,129.0,170.0,7.0,530.0,85.0,1
8.0,1096.0,173.0,139.0,6.0,480.0,140.0,1
12.0,4762.0,227.0,261.0,5.0,390.0,102.0,1
16.0,2265.0,41.0,135.0,1.0,589.0,69.0,1
11.0,6758.0,85.0,285.0,3.0,910.0,95.0,1
10.0,3867.0,85.0,208.0,3.0,475.0,95.0,1
13.0,509.0,79.0,252.0,5.0,1299.0,183.0,1
15.0,910.0,153.0,33.0,3.0,680.0,210.0,1
6.0,5150.0,290.0,16.0,3.0,605.0,109.0,1
17.0,7306.0,273.0,134.0,3.0,618.0,77.0,1
15.0,1017.0,172.0,79.0,3.0,580.0,120.0,1
13.0,781.0,79.0,154.0,5.0,830.0,152.0,1
14.0,490.0,207.0,217.0,7.0,765.0,70.0,1
15.0,470.0,228.0,45.0,7.0,520.0,80.0,1
12.0,6544.0,15.0,79.0,6.0,686.0,45.0,1
1.0,817.0,33.0,80.0,4.0,370.0,130.0,1
1.0,589.0,234.0,80.0,6.0,800.0,210.0,1
0.0,3971.0,16.0,136.0,5.0,915.0,148.0,1
8.0,1438.0,173.0,197.0,3.0,706.0,209.0,1
0.0,3826.0,85.0,229.0,5.0,600.0,116.0,1
1.0,1898.0,91.0,80.0,7.0,720.0,100.0,1
1.0,453.0,80.0,214.0,1.0,765.0,255.0,1
5.0,420.0,260.0,16.0,7.0,580.0,238.0,1
1.0,1494.0,18.0,80.0,5.0,540.0,65.0,1
0.0,4239.0,142.0,85.0,4.0,360.0,97.0,1
12.0,6960.0,230.0,79.0,5.0,738.0,69.0,1
15.0,923.0,277.0,45.0,7.0,630.0,130.0,1
6.0,5381.0,177.0,162.0,6.0,570.0,56.0,1
15.0,1021.0,33.0,198.0,1.0,520.0,95.0,1
14.0,1640.0,173.0,60.0,4.0,315.0,97.0,1
4.0,259.0,78.0,135.0,7.0,735.0,208.0,1
14.0,1484.0,173.0,78.0,7.0,710.0,123.0,1
0.0,4013.0,78.0,71.0,4.0,810.0,100.0,1
4.0,620.0,18.0,135.0,7.0,1158.0,57.0,1
13.0,695.0,159.0,208.0,5.0,1204.0,165.0,1
12.0,4594.0,56.0,197.0,1.0,420.0,63.0,1
9.0,146.0,128.0,203.0,5.0,520.0,37.0,1
14.0,685.0,253.0,217.0,1.0,550.0,115.0,1
2.0,623.0,153.0,214.0,6.0,985.0,143.0,1
14.0,1488.0,154.0,60.0,7.0,465.0,265.0,1
6.0,5382.0,85.0,278.0,3.0,1195.0,100.0,1
4.0,511.0,135.0,178.0,3.0,1255.0,73.0,1
7.0,652.0,253.0,79.0,5.0,890.0,147.0,1
16.0,2714.0,45.0,96.0,7.0,1005.0,85.0,1
15.0,343.0,154.0,91.0,7.0,615.0,110.0,1
6.0,5163.0,58.0,16.0,3.0,964.0,120.0,1
15.0,521.0,18.0,75.0,1.0,570.0,55.0,1
5.0,2794.0,16.0,216.0,1.0,580.0,135.0,1
15.0,1067.0,202.0,243.0,1.0,360.0,85.0,1
6.0,5314.0,85.0,80.0,5.0,725.0,191.0,1
3.0,81.0,148.0,104.0,7.0,899.0,192.0,1
12.0,6373.0,154.0,246.0,3.0,628.0,40.0,1
1.0,1307.0,33.0,154.0,3.0,1030.0,260.0,1
10.0,4525.0,159.0,290.0,4.0,890.0,220.0,1
11.0,6449.0,120.0,16.0,5.0,743.0,106.0,1
2.0,663.0,80.0,252.0,3.0,1135.0,270.0,1
1.0,1693.0,173.0,80.0,5.0,1040.0,175.0,1
0.0,3839.0,85.0,33.0,5.0,1033.0,105.0,1
15.0,3144.0,175.0,2.0,7.0,1020.0,195.0,1
15.0,524.0,172.0,139.0,5.0,520.0,80.0,1
15.0,2631.0,153.0,262.0,5.0,1145.0,95.0,1
1.0,532.0,153.0,80.0,4.0,50.0,145.0,1
16.0,2911.0,43.0,58.0,3.0,840.0,55.0,1
5.0,1440.0,16.0,221.0,4.0,649.0,101.0,1
15.0,1727.0,141.0,104.0,3.0,650.0,185.0,1
10.0,3023.0,154.0,243.0,6.0,1020.0,45.0,1
1.0,728.0,153.0,80.0,1.0,425.0,160.0,1
13.0,449.0,208.0,243.0,5.0,595.0,260.0,1
5.0,2001.0,35.0,16.0,5.0,810.0,173.0,1
2.0,483.0,243.0,252.0,3.0,750.0,175.0,1
17.0,2830.0,60.0,58.0,3.0,1329.0,95.0,1
10.0,2754.0,158.0,80.0,6.0,440.0,90.0,1
10.0,4100.0,285.0,208.0,3.0,420.0,110.0,1
3.0,693.0,78.0,173.0,7.0,800.0,134.0,1
5.0,1429.0,148.0,153.0,7.0,423.0,357.0,1
13.0,615.0,78.0,208.0,4.0,688.0,127.0,1
11.0,6518.0,109.0,71.0,4.0,886.0,54.0,1
15.0,1158.0,264.0,217.0,4.0,1125.0,75.0,1
14.0,1455.0,277.0,60.0,7.0,420.0,100.0,1
10.0,2786.0,116.0,80.0,1.0,415.0,110.0,1
15.0,1249.0,104.0,173.0,6.0,1010.0,60.0,1
5.0,1849.0,61.0,16.0,6.0,896.0,104.0,1
10.0,2917.0,80.0,61.0,7.0,1045.0,140.0,1
15.0,1253.0,147.0,277.0,4.0,410.0,55.0,1
13.0,515.0,208.0,262.0,4.0,1230.0,272.0,1
0.0,4315.0,76.0,197.0,7.0,807.0,118.0,1
15.0,1001.0,214.0,172.0,5.0,530.0,200.0,1
13.0,972.0,253.0,208.0,4.0,604.0,256.0,1
16.0,5970.0,208.0,139.0,1.0,457.0,55.0,1
16.0,2169.0,96.0,61.0,4.0,385.0,114.0,1
8.0,56.0,154.0,16.0,3.0,770.0,250.0,1
10.0,3065.0,154.0,243.0,4.0,455.0,45.0,1
15.0,894.0,75.0,198.0,4.0,420.0,80.0,1
4.0,633.0,159.0,135.0,4.0,345.0,235.0,1
7.0,652.0,253.0,79.0,7.0,890.0,147.0,1
0.0,4283.0,61.0,71.0,4.0,1130.0,49.0,1
13.0,683.0,159.0,208.0,1.0,838.0,158.0,1
0.0,3829.0,0.0,85.0,3.0,747.0,113.0,1
4.0,174.0,128.0,264.0,7.0,840.0,335.0,1
14.0,662.0,217.0,264.0,6.0,895.0,78.0,1
3.0,120.0,198.0,148.0,1.0,1089.0,169.0,1
5.0,2259.0,197.0,261.0,6.0,675.0,173.0,1
14.0,1168.0,60.0,221.0,7.0,795.0,83.0,1
10.0,3904.0,208.0,58.0,4.0,1025.0,80.0,1
7.0,533.0,79.0,175.0,3.0,510.0,138.0,1
13.0,460.0,253.0,153.0,4.0,1264.0,94.0,1
12.0,3067.0,268.0,184.0,4.0,745.0,77.0,1
12.0,6466.0,144.0,154.0,3.0,300.0,53.0,1
5.0,1989.0,216.0,85.0,4.0,430.0,103.0,1
5.0,2592.0,217.0,197.0,7.0,980.0,185.0,1
13.0,891.0,148.0,154.0,3.0,398.0,380.0,1
10.0,3709.0,16.0,208.0,5.0,845.0,125.0,1
1.0,1600.0,80.0,78.0,4.0,555.0,164.0,1
12.0,6355.0,246.0,154.0,1.0,1034.0,46.0,1
8.0,373.0,159.0,16.0,5.0,528.0,162.0,1
0.0,4083.0,84.0,177.0,7.0,990.0,102.0,1
15.0,3325.0,159.0,45.0,3.0,715.0,75.0,1
14.0,1089.0,216.0,147.0,6.0,940.0,137.0,1
12.0,4713.0,230.0,261.0,7.0,370.0,104.0,1
5.0,1801.0,16.0,18.0,5.0,1315.0,163.0,1
12.0,6524.0,253.0,214.0,7.0,1011.0,100.0,1
16.0,3015.0,68.0,135.0,3.0,340.0,59.0,1
5.0,2997.0,148.0,214.0,7.0,1110.0,382.0,1
13.0,689.0,159.0,208.0,7.0,1024.0,166.0,1
5.0,2557.0,148.0,243.0,6.0,1105.0,384.0,1
15.0,637.0,175.0,221.0,5.0,1030.0,80.0,1
15.0,957.0,44.0,262.0,7.0,1100.0,75.0,1
15.0,2349.0,202.0,44.0,1.0,740.0,65.0,1
14.0,1401.0,60.0,104.0,5.0,975.0,120.0,1
15.0,403.0,79.0,172.0,1.0,1040.0,95.0,1
10.0,4375.0,78.0,233.0,5.0,385.0,65.0,1
6.0,7125.0,134.0,43.0,1.0,760.0,69.0,1
5.0,1609.0,197.0,79.0,5.0,860.0,123.0,1
13.0,541.0,35.0,208.0,7.0,922.0,168.0,1
15.0,682.0,18.0,79.0,1.0,370.0,140.0,1
14.0,1465.0,216.0,16.0,3.0,580.0,143.0,1
15.0,2129.0,173.0,61.0,6.0,1080.0,135.0,1
15.0,413.0,154.0,33.0,5.0,775.0,230.0,1
15.0,3918.0,216.0,104.0,6.0,1075.0,175.0,1
15.0,1229.0,35.0,45.0,5.0,825.0,90.0,1
15.0,1945.0,252.0,79.0,4.0,365.0,160.0,1
12.0,6423.0,253.0,264.0,6.0,508.0,91.0,1
6.0,5202.0,16.0,58.0,7.0,445.0,104.0,1
15.0,3585.0,173.0,228.0,1.0,510.0,155.0,1
15.0,142.0,22.0,45.0,3.0,1030.0,80.0,1
14.0,1790.0,153.0,60.0,4.0,850.0,248.0,1
15.0,592.0,153.0,261.0,6.0,780.0,80.0,1
0.0,4300.0,223.0,177.0,7.0,681.0,93.0,1
1.0,21.0,148.0,154.0,6.0,1150.0,385.0,1
4.0,1048.0,135.0,104.0,4.0,465.0,143.0,1
5.0,1500.0,172.0,85.0,4.0,485.0,115.0,1
15.0,1459.0,244.0,175.0,6.0,480.0,155.0,1
1.0,554.0,253.0,208.0,3.0,855.0,260.0,1
15.0,1612.0,216.0,221.0,6.0,510.0,75.0,1
2.0,114.0,14.0,252.0,3.0,150.0,200.0,1
15.0,3658.0,45.0,233.0,3.0,440.0,65.0,1
12.0,6834.0,236.0,253.0,1.0,1046.0,69.0,1
14.0,1876.0,216.0,35.0,4.0,915.0,76.0,1
14.0,1085.0,153.0,60.0,4.0,390.0,245.0,1
16.0,2212.0,135.0,41.0,5.0,1100.0,61.0,1
1.0,1119.0,78.0,183.0,6.0,800.0,160.0,1
14.0,590.0,217.0,172.0,7.0,595.0,160.0,1
15.0,2993.0,184.0,45.0,3.0,780.0,120.0,1
15.0,760.0,154.0,91.0,3.0,845.0,110.0,1
14.0,1495.0,12.0,60.0,7.0,495.0,144.0,1
1.0,1218.0,214.0,80.0,7.0,510.0,225.0,1
15.0,3101.0,268.0,154.0,3.0,690.0,250.0,1
10.0,4022.0,208.0,147.0,3.0,805.0,145.0,1
15.0,1078.0,44.0,202.0,7.0,655.0,70.0,1
1.0,1959.0,35.0,183.0,4.0,1060.0,225.0,1
1.0,1975.0,233.0,208.0,5.0,675.0,130.0,1
12.0,6682.0,246.0,79.0,1.0,360.0,142.0,1
5.0,1705.0,134.0,16.0,5.0,460.0,124.0,1
12.0,6429.0,204.0,208.0,7.0,505.0,124.0,1
15.0,765.0,262.0,175.0,1.0,830.0,245.0,1
15.0,2445.0,44.0,217.0,4.0,1210.0,80.0,1
15.0,871.0,243.0,253.0,1.0,1030.0,90.0,1
13.0,317.0,134.0,233.0,6.0,742.0,73.0,1
7.0,135.0,80.0,79.0,3.0,847.0,120.0,1
14.0,1626.0,60.0,159.0,1.0,375.0,100.0,1
15.0,3341.0,175.0,197.0,7.0,995.0,85.0,1
13.0,741.0,174.0,208.0,4.0,1001.0,130.0,1
0.0,4018.0,85.0,92.0,6.0,1170.0,60.0,1
12.0,6836.0,212.0,208.0,7.0,360.0,78.0,1
12.0,6828.0,236.0,253.0,4.0,386.0,69.0,1
5.0,1620.0,16.0,234.0,4.0,811.0,89.0,1
4.0,196.0,153.0,135.0,3.0,405.0,177.0,1
10.0,4371.0,208.0,205.0,1.0,675.0,95.0,1
16.0,2119.0,172.0,135.0,1.0,625.0,118.0,1
3.0,493.0,35.0,252.0,7.0,1060.0,377.0,1
15.0,1021.0,175.0,33.0,7.0,410.0,85.0,1
15.0,1157.0,45.0,43.0,7.0,595.0,65.0,1
0.0,4206.0,136.0,16.0,5.0,1035.0,135.0,1
15.0,830.0,264.0,202.0,5.0,1285.0,80.0,1
16.0,5939.0,208.0,218.0,3.0,1024.0,50.0,1
10.0,4144.0,208.0,62.0,6.0,985.0,50.0,1
5.0,1544.0,261.0,16.0,1.0,585.0,220.0,1
16.0,2641.0,172.0,135.0,3.0,695.0,118.0,1
12.0,6859.0,214.0,79.0,5.0,1052.0,149.0,1
8.0,895.0,159.0,139.0,6.0,591.0,137.0,1
16.0,2308.0,135.0,38.0,7.0,920.0,68.0,1
1.0,1626.0,80.0,33.0,6.0,1225.0,100.0,1
13.0,733.0,79.0,253.0,1.0,824.0,165.0,1
8.0,334.0,16.0,216.0,4.0,851.0,119.0,1
6.0,7360.0,177.0,233.0,4.0,510.0,114.0,1
5.0,2798.0,16.0,229.0,3.0,875.0,149.0,1
3.0,1292.0,221.0,35.0,3.0,565.0,93.0,1
5.0,1375.0,35.0,159.0,6.0,450.0,76.0,1
12.0,6274.0,208.0,130.0,3.0,961.0,125.0,1
3.0,55.0,42.0,148.0,3.0,1141.0,89.0,1
10.0,2730.0,146.0,80.0,7.0,1100.0,95.0,1
16.0,2850.0,68.0,135.0,1.0,951.0,69.0,1
15.0,1590.0,207.0,153.0,5.0,415.0,60.0,1
12.0,6510.0,154.0,262.0,6.0,1070.0,81.0,1
15.0,2105.0,104.0,198.0,4.0,910.0,135.0,1
15.0,1854.0,217.0,172.0,3.0,700.0,155.0,1
16.0,2622.0,135.0,47.0,4.0,635.0,129.0,1
6.0,7131.0,134.0,47.0,6.0,737.0,87.0,1
6.0,4979.0,278.0,16.0,1.0,360.0,67.0,1
16.0,2736.0,285.0,96.0,1.0,825.0,117.0,1
12.0,6862.0,208.0,171.0,4.0,1067.0,60.0,1
1.0,522.0,214.0,80.0,5.0,945.0,215.0,1
8.0,573.0,184.0,217.0,4.0,540.0,240.0,1
13.0,727.0,134.0,277.0,4.0,1324.0,145.0,1
15.0,3496.0,162.0,217.0,7.0,420.0,195.0,1
15.0,2613.0,202.0,243.0,3.0,565.0,85.0,1
14.0,701.0,216.0,154.0,4.0,1080.0,369.0,1
16.0,2470.0,135.0,197.0,7.0,479.0,163.0,1
5.0,1401.0,35.0,16.0,1.0,360.0,190.0,1
13.0,402.0,173.0,79.0,7.0,436.0,246.0,1
5.0,2857.0,16.0,153.0,7.0,965.0,276.0,1
14.0,1089.0,216.0,147.0,5.0,940.0,136.0,1
5.0,1826.0,104.0,16.0,5.0,880.0,120.0,1
1.0,1659.0,208.0,172.0,7.0,1225.0,85.0,1
6.0,5169.0,16.0,91.0,1.0,551.0,208.0,1
10.0,3967.0,208.0,205.0,7.0,470.0,95.0,1
13.0,268.0,205.0,79.0,7.0,392.0,106.0,1
13.0,730.0,208.0,45.0,7.0,1115.0,112.0,1
10.0,2877.0,80.0,120.0,7.0,1205.0,145.0,1
10.0,4305.0,208.0,139.0,3.0,1170.0,60.0,1
12.0,6699.0,79.0,91.0,7.0,1017.0,102.0,1
16.0,2425.0,135.0,38.0,4.0,1105.0,70.0,1
3.0,61.0,148.0,104.0,6.0,772.0,184.0,1
15.0,2371.0,104.0,45.0,3.0,1060.0,150.0,1
4.0,196.0,153.0,135.0,4.0,405.0,177.0,1
15.0,3245.0,258.0,252.0,6.0,910.0,130.0,1
6.0,5142.0,10.0,16.0,4.0,345.0,119.0,1
14.0,1488.0,60.0,35.0,5.0,970.0,120.0,1
15.0,978.0,173.0,175.0,3.0,645.0,170.0,1
1.0,2058.0,80.0,260.0,4.0,795.0,265.0,1
11.0,6585.0,17.0,85.0,1.0,1100.0,85.0,1
1.0,1281.0,35.0,80.0,5.0,925.0,265.0,1
15.0,692.0,153.0,207.0,7.0,1025.0,55.0,1
1.0,271.0,183.0,154.0,1.0,640.0,345.0,1
6.0,5413.0,17.0,16.0,5.0,390.0,138.0,1
17.0,1024.0,150.0,128.0,7.0,609.0,40.0,1
15.0,661.0,175.0,209.0,1.0,780.0,120.0,1
5.0,2522.0,197.0,79.0,4.0,1320.0,124.0,1
6.0,5337.0,81.0,16.0,6.0,837.0,61.0,1
0.0,3805.0,58.0,177.0,5.0,435.0,144.0,1
16.0,2565.0,60.0,135.0,4.0,1105.0,175.0,1
10.0,2918.0,80.0,129.0,7.0,1365.0,60.0,1
12.0,6504.0,208.0,247.0,7.0,427.0,41.0,1
9.0,202.0,128.0,143.0,4.0,355.0,49.0,1
15.0,1615.0,197.0,79.0,4.0,400.0,140.0,1
10.0,2833.0,80.0,56.0,3.0,475.0,115.0,1
12.0,6908.0,2.0,253.0,7.0,425.0,167.0,1
2.0,642.0,252.0,217.0,3.0,1210.0,164.0,1
12.0,6904.0,252.0,214.0,5.0,991.0,48.0,1
1.0,551.0,132.0,80.0,1.0,680.0,130.0,1
12.0,6446.0,154.0,263.0,7.0,980.0,56.0,1
0.0,3978.0,177.0,285.0,1.0,855.0,78.0,1
5.0,1254.0,223.0,16.0,5.0,390.0,83.0,1
0.0,4308.0,85.0,234.0,4.0,845.0,106.0,1
8.0,1460.0,173.0,175.0,1.0,980.0,160.0,1
12.0,6943.0,253.0,194.0,4.0,1191.0,43.0,1
1.0,1260.0,183.0,159.0,3.0,1335.0,160.0,1
5.0,2935.0,85.0,197.0,4.0,925.0,118.0,1
15.0,143.0,175.0,243.0,5.0,935.0,275.0,1
17.0,7242.0,60.0,208.0,3.0,1150.0,130.0,1
1.0,349.0,80.0,264.0,3.0,1160.0,195.0,1
12.0,7756.0,49.0,261.0,7.0,1087.0,68.0,1
15.0,351.0,153.0,243.0,7.0,660.0,65.0,1
1.0,720.0,80.0,159.0,6.0,665.0,195.0,1
15.0,2675.0,154.0,153.0,7.0,805.0,65.0,1
14.0,1057.0,22.0,60.0,5.0,885.0,136.0,1
8.0,181.0,16.0,241.0,5.0,1051.0,96.0,1
15.0,598.0,79.0,111.0,5.0,515.0,150.0,1
10.0,3297.0,80.0,285.0,6.0,605.0,115.0,1
8.0,857.0,16.0,173.0,3.0,1115.0,87.0,1
5.0,1505.0,85.0,173.0,7.0,735.0,160.0,1
14.0,1241.0,216.0,277.0,5.0,720.0,159.0,1
12.0,6649.0,235.0,79.0,7.0,935.0,70.0,1
10.0,4588.0,159.0,197.0,3.0,865.0,180.0,1
15.0,1772.0,253.0,243.0,3.0,365.0,85.0,1
10.0,4337.0,33.0,208.0,4.0,1205.0,95.0,1
1.0,1067.0,80.0,244.0,5.0,1270.0,65.0,1
16.0,3017.0,288.0,135.0,6.0,390.0,112.0,1
5.0,1901.0,35.0,16.0,3.0,510.0,186.0,1
15.0,1642.0,243.0,258.0,3.0,1020.0,80.0,1
10.0,3761.0,261.0,208.0,6.0,690.0,190.0,1
8.0,897.0,159.0,139.0,1.0,1019.0,135.0,1
6.0,5467.0,27.0,16.0,5.0,540.0,61.0,1
14.0,1942.0,60.0,43.0,4.0,564.0,98.0,1
15.0,384.0,175.0,134.0,5.0,630.0,105.0,1
4.0,1088.0,135.0,85.0,6.0,785.0,166.0,1
8.0,1581.0,30.0,16.0,6.0,704.0,94.0,1
16.0,2216.0,147.0,96.0,6.0,670.0,129.0,1
17.0,2849.0,217.0,292.0,4.0,1360.0,66.0,1
15.0,2102.0,217.0,228.0,5.0,760.0,290.0,1
5.0,1983.0,221.0,16.0,3.0,582.0,108.0,1
10.0,3614.0,58.0,183.0,6.0,390.0,185.0,1
3.0,423.0,35.0,213.0,5.0,400.0,195.0,1
13.0,152.0,253.0,208.0,3.0,1125.0,255.0,1
12.0,6515.0,253.0,163.0,3.0,441.0,87.0,1
1.0,59.0,148.0,253.0,5.0,420.0,405.0,1
12.0,4662.0,2.0,261.0,6.0,360.0,99.0,1
6.0,5081.0,290.0,16.0,1.0,752.0,110.0,1
10.0,2924.0,41.0,80.0,5.0,725.0,90.0,1
9.0,280.0,203.0,150.0,6.0,935.0,32.0,1
15.0,851.0,147.0,153.0,7.0,775.0,310.0,1
12.0,6237.0,153.0,100.0,1.0,999.0,88.0,1
12.0,7782.0,271.0,261.0,7.0,561.0,67.0,1
8.0,819.0,45.0,35.0,4.0,630.0,79.0,1
11.0,6256.0,197.0,33.0,4.0,805.0,135.0,1
1.0,1057.0,80.0,236.0,5.0,1135.0,220.0,1
8.0,138.0,147.0,45.0,1.0,948.0,116.0,1
15.0,563.0,129.0,68.0,4.0,1050.0,50.0,1
12.0,4848.0,192.0,197.0,1.0,661.0,82.0,1
9.0,201.0,143.0,128.0,4.0,433.0,49.0,1
15.0,3567.0,279.0,217.0,5.0,635.0,165.0,1
4.0,310.0,135.0,96.0,6.0,1143.0,199.0,1
5.0,2252.0,205.0,197.0,5.0,661.0,84.0,1
13.0,451.0,153.0,253.0,3.0,1204.0,103.0,1
10.0,4232.0,208.0,43.0,3.0,1275.0,95.0,1
11.0,6755.0,35.0,233.0,4.0,450.0,140.0,1
15.0,718.0,182.0,175.0,1.0,1005.0,165.0,1
10.0,2908.0,94.0,80.0,3.0,675.0,130.0,1
12.0,6853.0,72.0,208.0,1.0,607.0,68.0,1
15.0,2955.0,79.0,262.0,6.0,785.0,160.0,1
4.0,383.0,35.0,135.0,1.0,990.0,267.0,1
14.0,57.0,153.0,217.0,4.0,390.0,74.0,1
12.0,6688.0,58.0,208.0,7.0,980.0,87.0,1
3.0,1133.0,273.0,148.0,6.0,360.0,85.0,1
1.0,1309.0,45.0,80.0,5.0,620.0,220.0,1
1.0,1014.0,252.0,208.0,7.0,890.0,240.0,1
9.0,378.0,161.0,128.0,6.0,1260.0,30.0,1
13.0,694.0,208.0,159.0,3.0,1260.0,119.0,1
5.0,698.0,22.0,16.0,1.0,767.0,168.0,1
0.0,4262.0,250.0,85.0,5.0,1020.0,84.0,1
15.0,3854.0,217.0,214.0,5.0,395.0,175.0,1
12.0,7764.0,220.0,261.0,5.0,567.0,61.0,1
1.0,1930.0,183.0,35.0,5.0,935.0,190.0,1
13.0,53.0,148.0,154.0,6.0,695.0,375.0,1
14.0,595.0,172.0,217.0,1.0,360.0,174.0,1
6.0,5444.0,16.0,130.0,3.0,1222.0,137.0,1
14.0,1401.0,208.0,60.0,7.0,730.0,113.0,1
0.0,3825.0,254.0,177.0,1.0,1020.0,66.0,1
14.0,57.0,217.0,197.0,6.0,585.0,189.0,1
3.0,378.0,104.0,159.0,7.0,1091.0,169.0,1
14.0,282.0,217.0,258.0,1.0,500.0,117.0,1
15.0,317.0,217.0,198.0,7.0,880.0,175.0,1
12.0,4646.0,261.0,268.0,1.0,585.0,165.0,1
5.0,1764.0,197.0,78.0,5.0,600.0,143.0,1
15.0,1983.0,243.0,217.0,6.0,515.0,70.0,1
14.0,1610.0,60.0,233.0,6.0,978.0,52.0,1
16.0,2183.0,139.0,135.0,4.0,555.0,159.0,1
12.0,6705.0,65.0,208.0,1.0,833.0,146.0,1
10.0,3115.0,258.0,154.0,3.0,610.0,75.0,1
12.0,3046.0,221.0,184.0,7.0,645.0,91.0,1
6.0,5251.0,32.0,16.0,1.0,966.0,104.0,1
15.0,1848.0,172.0,33.0,1.0,1030.0,90.0,1
1.0,1056.0,279.0,80.0,3.0,360.0,70.0,1
1.0,1767.0,80.0,227.0,5.0,770.0,190.0,1
12.0,6711.0,79.0,218.0,3.0,1168.0,121.0,1
8.0,1467.0,175.0,173.0,4.0,984.0,158.0,1
12.0,6633.0,79.0,280.0,6.0,985.0,117.0,1
15.0,519.0,173.0,33.0,3.0,850.0,120.0,1
3.0,596.0,173.0,130.0,4.0,989.0,151.0,1
6.0,5527.0,16.0,36.0,5.0,915.0,70.0,1
1.0,1339.0,208.0,243.0,3.0,1215.0,260.0,1
15.0,1501.0,217.0,243.0,6.0,880.0,70.0,1
6.0,5223.0,278.0,16.0,4.0,763.0,76.0,1
5.0,1678.0,16.0,177.0,3.0,960.0,87.0,1
5.0,684.0,16.0,71.0,6.0,595.0,97.0,1
14.0,1118.0,172.0,60.0,1.0,835.0,130.0,1
5.0,1789.0,16.0,172.0,6.0,1315.0,147.0,1
12.0,6520.0,208.0,171.0,5.0,785.0,60.0,1
15.0,1592.0,43.0,104.0,4.0,715.0,190.0,1
1.0,1433.0,183.0,198.0,3.0,640.0,130.0,1
12.0,6361.0,99.0,79.0,6.0,727.0,118.0,1
0.0,3920.0,16.0,247.0,1.0,570.0,119.0,1
11.0,6488.0,177.0,216.0,6.0,560.0,142.0,1
15.0,370.0,154.0,79.0,4.0,620.0,135.0,1
12.0,4809.0,71.0,58.0,4.0,665.0,70.0,1
5.0,1791.0,16.0,277.0,6.0,850.0,89.0,1
6.0,5528.0,16.0,200.0,7.0,1231.0,73.0,1
1.0,658.0,80.0,76.0,3.0,1145.0,130.0,1
4.0,12.0,128.0,154.0,7.0,1295.0,335.0,1
10.0,3611.0,183.0,27.0,1.0,675.0,125.0,1
5.0,1589.0,216.0,85.0,3.0,575.0,121.0,1
1.0,620.0,80.0,244.0,6.0,855.0,65.0,1
6.0,5436.0,188.0,177.0,4.0,1022.0,68.0,1
2.0,220.0,252.0,253.0,6.0,445.0,126.0,1
16.0,3121.0,162.0,135.0,5.0,893.0,82.0,1
16.0,2187.0,96.0,197.0,3.0,390.0,192.0,1
15.0,146.0,153.0,216.0,3.0,915.0,280.0,1
17.0,2733.0,217.0,227.0,1.0,950.0,90.0,1
6.0,4974.0,16.0,237.0,1.0,825.0,82.0,1
13.0,264.0,79.0,216.0,6.0,609.0,215.0,1
5.0,1379.0,35.0,159.0,3.0,570.0,74.0,1
4.0,1581.0,96.0,252.0,4.0,530.0,384.0,1
12.0,7029.0,261.0,253.0,4.0,671.0,143.0,1
13.0,125.0,134.0,79.0,5.0,1125.0,240.0,1
13.0,88.0,253.0,96.0,4.0,850.0,337.0,1
12.0,6880.0,261.0,79.0,4.0,629.0,85.0,1
5.0,159.0,159.0,85.0,3.0,540.0,124.0,1
16.0,2479.0,135.0,84.0,1.0,865.0,128.0,1
11.0,6450.0,71.0,174.0,5.0,665.0,80.0,1
11.0,6456.0,157.0,16.0,5.0,935.0,90.0,1
9.0,10.0,128.0,154.0,7.0,480.0,325.0,1
6.0,5275.0,101.0,16.0,3.0,360.0,86.0,1
1.0,1698.0,80.0,78.0,6.0,645.0,160.0,1
16.0,2261.0,135.0,10.0,6.0,1290.0,45.0,1
5.0,2799.0,197.0,217.0,4.0,875.0,201.0,1
0.0,3691.0,16.0,238.0,6.0,1305.0,125.0,1
15.0,541.0,154.0,258.0,5.0,1030.0,65.0,1
8.0,806.0,45.0,139.0,5.0,523.0,109.0,1
5.0,2364.0,128.0,154.0,5.0,845.0,325.0,1
8.0,855.0,16.0,173.0,5.0,1175.0,94.0,1
15.0,933.0,45.0,129.0,4.0,620.0,220.0,1
14.0,1024.0,260.0,216.0,7.0,940.0,241.0,1
8.0,1277.0,173.0,285.0,7.0,607.0,96.0,1
17.0,2978.0,253.0,153.0,4.0,420.0,85.0,1
10.0,3224.0,120.0,80.0,3.0,1025.0,195.0,1
6.0,5346.0,205.0,16.0,4.0,835.0,135.0,1
4.0,521.0,16.0,135.0,1.0,560.0,147.0,1
1.0,2350.0,80.0,208.0,6.0,780.0,140.0,1
5.0,2098.0,244.0,16.0,3.0,1052.0,137.0,1
16.0,2165.0,38.0,135.0,6.0,808.0,72.0,1
5.0,2305.0,197.0,253.0,1.0,545.0,259.0,1
16.0,3050.0,135.0,147.0,7.0,1165.0,119.0,1
5.0,1893.0,85.0,16.0,7.0,535.0,134.0,1
10.0,3738.0,208.0,96.0,7.0,875.0,144.0,1
0.0,4013.0,78.0,71.0,3.0,810.0,100.0,1
15.0,1255.0,153.0,244.0,5.0,960.0,155.0,1
5.0,2426.0,104.0,16.0,7.0,455.0,124.0,1
4.0,323.0,135.0,198.0,3.0,805.0,67.0,1
3.0,459.0,35.0,104.0,7.0,1185.0,201.0,1
17.0,2807.0,217.0,264.0,5.0,570.0,79.0,1
12.0,4826.0,261.0,258.0,3.0,515.0,124.0,1
8.0,528.0,177.0,16.0,6.0,1157.0,77.0,1
8.0,140.0,16.0,85.0,7.0,540.0,113.0,1
3.0,746.0,260.0,173.0,5.0,980.0,187.0,1
10.0,3833.0,208.0,16.0,1.0,760.0,120.0,1
1.0,1295.0,173.0,154.0,1.0,775.0,335.0,1
5.0,2024.0,16.0,45.0,4.0,1155.0,116.0,1
5.0,1245.0,85.0,139.0,3.0,1050.0,70.0,1
12.0,6471.0,79.0,65.0,7.0,1260.0,33.0,1
12.0,6252.0,253.0,244.0,4.0,861.0,198.0,1
12.0,6635.0,55.0,253.0,7.0,880.0,59.0,1
12.0,6280.0,65.0,208.0,3.0,833.0,146.0,1
4.0,133.0,159.0,135.0,7.0,885.0,244.0,1
15.0,1025.0,217.0,91.0,4.0,500.0,70.0,1
1.0,2541.0,139.0,80.0,1.0,680.0,150.0,1
8.0,959.0,45.0,104.0,5.0,1006.0,158.0,1
1.0,1383.0,197.0,80.0,5.0,525.0,155.0,1
15.0,370.0,258.0,154.0,5.0,520.0,70.0,1
15.0,454.0,33.0,175.0,5.0,700.0,90.0,1
4.0,1726.0,96.0,243.0,4.0,869.0,357.0,1
15.0,1223.0,236.0,79.0,6.0,750.0,130.0,1
1.0,280.0,154.0,183.0,4.0,550.0,285.0,1
8.0,271.0,35.0,16.0,1.0,726.0,175.0,1
0.0,3992.0,157.0,177.0,4.0,480.0,85.0,1
1.0,1263.0,183.0,135.0,4.0,455.0,175.0,1
10.0,4519.0,78.0,33.0,7.0,520.0,120.0,1
4.0,1128.0,96.0,35.0,5.0,815.0,65.0,1
12.0,6668.0,137.0,79.0,6.0,458.0,102.0,1
15.0,2038.0,268.0,175.0,1.0,710.0,60.0,1
7.0,619.0,139.0,79.0,1.0,988.0,167.0,1
7.0,234.0,264.0,79.0,6.0,626.0,129.0,1
16.0,2539.0,234.0,135.0,5.0,1082.0,200.0,1
3.0,701.0,148.0,260.0,4.0,360.0,218.0,1
4.0,683.0,35.0,135.0,1.0,440.0,268.0,1
17.0,2824.0,194.0,217.0,4.0,745.0,106.0,1
1.0,1455.0,183.0,253.0,7.0,930.0,375.0,1
5.0,2099.0,16.0,172.0,3.0,455.0,142.0,1
15.0,3403.0,129.0,2.0,5.0,405.0,135.0,1
15.0,143.0,243.0,202.0,5.0,1120.0,90.0,1
5.0,1507.0,16.0,261.0,7.0,730.0,252.0,1
7.0,451.0,159.0,184.0,6.0,719.0,140.0,1
3.0,597.0,130.0,173.0,4.0,1180.0,165.0,1
5.0,1549.0,16.0,253.0,4.0,668.0,330.0,1
6.0,5444.0,204.0,16.0,7.0,945.0,127.0,1
1.0,1361.0,132.0,80.0,7.0,385.0,135.0,1
2.0,30.0,214.0,35.0,6.0,420.0,320.0,1
5.0,1695.0,43.0,16.0,5.0,711.0,139.0,1
12.0,6582.0,253.0,51.0,7.0,960.0,93.0,1
1.0,33.0,148.0,154.0,4.0,475.0,380.0,1
13.0,229.0,134.0,243.0,6.0,497.0,333.0,1
9.0,106.0,128.0,203.0,4.0,317.0,36.0,1
12.0,6862.0,208.0,171.0,7.0,1071.0,59.0,1
6.0,7323.0,32.0,16.0,6.0,360.0,115.0,1
12.0,7772.0,261.0,255.0,5.0,660.0,83.0,1
10.0,3781.0,162.0,208.0,4.0,350.0,105.0,1
15.0,1004.0,204.0,153.0,4.0,670.0,170.0,1
8.0,372.0,16.0,159.0,5.0,1098.0,130.0,1
16.0,2633.0,41.0,135.0,3.0,671.0,69.0,1
1.0,827.0,208.0,258.0,4.0,1140.0,280.0,1
8.0,431.0,184.0,16.0,4.0,385.0,129.0,1
1.0,349.0,104.0,80.0,7.0,950.0,195.0,1
5.0,1040.0,65.0,16.0,7.0,400.0,169.0,1
1.0,2097.0,80.0,244.0,3.0,635.0,65.0,1
5.0,2477.0,197.0,154.0,6.0,875.0,232.0,1
15.0,2762.0,243.0,244.0,6.0,680.0,155.0,1
13.0,345.0,208.0,198.0,1.0,582.0,146.0,1
13.0,925.0,134.0,154.0,3.0,1315.0,351.0,1
1.0,1504.0,183.0,22.0,7.0,645.0,175.0,1
5.0,1939.0,78.0,16.0,7.0,1200.0,125.0,1
1.0,2350.0,80.0,208.0,7.0,780.0,140.0,1
15.0,928.0,61.0,153.0,7.0,480.0,280.0,1
13.0,450.0,264.0,79.0,7.0,677.0,139.0,1
15.0,1678.0,35.0,79.0,1.0,495.0,295.0,1
15.0,3425.0,252.0,261.0,4.0,575.0,110.0,1
17.0,2904.0,162.0,60.0,5.0,442.0,117.0,1
5.0,2233.0,16.0,27.0,4.0,1170.0,59.0,1
3.0,465.0,35.0,241.0,5.0,505.0,220.0,1
5.0,1207.0,16.0,43.0,1.0,935.0,123.0,1
17.0,1023.0,128.0,150.0,3.0,545.0,40.0,1
15.0,2033.0,129.0,87.0,6.0,755.0,90.0,1
12.0,4484.0,153.0,154.0,5.0,1180.0,75.0,1
6.0,5104.0,32.0,16.0,7.0,719.0,104.0,1
0.0,4106.0,33.0,16.0,5.0,560.0,80.0,1
6.0,5125.0,16.0,58.0,7.0,715.0,103.0,1
11.0,6774.0,22.0,78.0,4.0,735.0,88.0,1
15.0,1060.0,202.0,154.0,4.0,1215.0,75.0,1
5.0,1198.0,241.0,85.0,3.0,500.0,174.0,1
1.0,1380.0,80.0,139.0,5.0,950.0,120.0,1
1.0,1925.0,80.0,261.0,3.0,1065.0,170.0,1
6.0,5289.0,205.0,16.0,3.0,642.0,137.0,1
12.0,7040.0,79.0,110.0,7.0,1160.0,89.0,1
12.0,4643.0,261.0,177.0,4.0,523.0,188.0,1
1.0,634.0,241.0,208.0,7.0,410.0,190.0,1
15.0,1143.0,268.0,153.0,6.0,900.0,230.0,1
11.0,6315.0,233.0,173.0,5.0,420.0,120.0,1
6.0,5098.0,16.0,138.0,5.0,971.0,81.0,1
3.0,1108.0,233.0,148.0,6.0,930.0,92.0,1
10.0,4647.0,233.0,159.0,5.0,700.0,95.0,1
15.0,3331.0,18.0,153.0,4.0,1195.0,185.0,1
13.0,219.0,134.0,253.0,5.0,887.0,368.0,1
8.0,23.0,175.0,16.0,7.0,627.0,106.0,1
1.0,482.0,80.0,139.0,4.0,670.0,125.0,1
8.0,550.0,16.0,43.0,4.0,915.0,123.0,1
15.0,1956.0,198.0,129.0,1.0,945.0,75.0,1
15.0,327.0,258.0,44.0,7.0,460.0,60.0,1
16.0,3091.0,80.0,135.0,6.0,985.0,64.0,1
6.0,5026.0,16.0,0.0,3.0,1215.0,112.0,1
5.0,1245.0,85.0,139.0,7.0,1050.0,70.0,1
10.0,4527.0,78.0,233.0,6.0,990.0,65.0,1
14.0,2021.0,35.0,78.0,3.0,360.0,96.0,1
14.0,1587.0,216.0,60.0,6.0,1105.0,124.0,1
10.0,3079.0,154.0,243.0,4.0,1185.0,45.0,1
15.0,894.0,198.0,277.0,4.0,525.0,85.0,1
10.0,3732.0,197.0,208.0,7.0,920.0,95.0,1
15.0,767.0,268.0,162.0,4.0,635.0,65.0,1
14.0,1232.0,104.0,78.0,4.0,1085.0,144.0,1
12.0,4777.0,261.0,2.0,3.0,1005.0,102.0,1
16.0,2726.0,16.0,96.0,7.0,480.0,120.0,1
15.0,1235.0,154.0,202.0,5.0,1050.0,75.0,1
5.0,2548.0,241.0,159.0,5.0,847.0,163.0,1
6.0,5383.0,272.0,16.0,1.0,430.0,160.0,1
0.0,4274.0,13.0,177.0,3.0,355.0,120.0,1
16.0,2289.0,135.0,91.0,6.0,1100.0,125.0,1
15.0,1655.0,33.0,175.0,4.0,450.0,90.0,1
15.0,770.0,217.0,243.0,1.0,910.0,70.0,1
4.0,241.0,135.0,18.0,3.0,780.0,51.0,1
15.0,3586.0,45.0,243.0,7.0,975.0,360.0,1
15.0,744.0,91.0,129.0,7.0,1005.0,105.0,1
8.0,1228.0,139.0,267.0,6.0,763.0,138.0,1
17.0,2827.0,177.0,217.0,7.0,870.0,214.0,1
15.0,1294.0,217.0,261.0,3.0,1130.0,95.0,1
10.0,3240.0,162.0,80.0,7.0,1145.0,75.0,1
2.0,861.0,214.0,203.0,5.0,600.0,368.0,1
5.0,2526.0,104.0,16.0,7.0,400.0,123.0,1
15.0,607.0,209.0,45.0,3.0,625.0,55.0,1
12.0,6232.0,153.0,100.0,3.0,513.0,88.0,1
2.0,115.0,252.0,14.0,6.0,1110.0,223.0,1
0.0,4078.0,16.0,60.0,5.0,450.0,93.0,1
13.0,532.0,79.0,208.0,6.0,360.0,144.0,1
12.0,6650.0,253.0,191.0,4.0,1297.0,36.0,1
15.0,3.0,75.0,129.0,3.0,450.0,60.0,1
15.0,2357.0,261.0,79.0,5.0,545.0,90.0,1
8.0,821.0,45.0,35.0,6.0,1050.0,85.0,1
5.0,1449.0,134.0,16.0,7.0,380.0,129.0,1
6.0,4982.0,16.0,118.0,3.0,600.0,154.0,1
16.0,3002.0,135.0,33.0,4.0,625.0,108.0,1
15.0,1392.0,214.0,153.0,3.0,540.0,125.0,1
12.0,6387.0,253.0,227.0,4.0,1283.0,77.0,1
1.0,1406.0,205.0,80.0,3.0,360.0,125.0,1
15.0,271.0,243.0,33.0,4.0,700.0,220.0,1
13.0,19.0,148.0,253.0,3.0,1152.0,403.0,1
15.0,2788.0,154.0,153.0,7.0,1235.0,60.0,1
5.0,1160.0,243.0,261.0,3.0,785.0,112.0,1
6.0,7104.0,61.0,134.0,6.0,624.0,73.0,1
5.0,2301.0,35.0,16.0,5.0,1110.0,186.0,1
12.0,6510.0,262.0,154.0,3.0,1176.0,83.0,1
15.0,2689.0,262.0,243.0,7.0,420.0,85.0,1
15.0,239.0,45.0,154.0,7.0,505.0,360.0,1
10.0,3781.0,162.0,208.0,3.0,350.0,105.0,1
11.0,6434.0,22.0,71.0,5.0,630.0,135.0,1
1.0,1204.0,80.0,233.0,7.0,860.0,150.0,1
14.0,1168.0,60.0,221.0,3.0,795.0,83.0,1
4.0,259.0,78.0,135.0,4.0,735.0,208.0,1
15.0,825.0,45.0,182.0,1.0,420.0,75.0,1
2.0,564.0,214.0,154.0,5.0,700.0,140.0,1
4.0,1496.0,153.0,135.0,1.0,60.0,162.0,1
11.0,6512.0,178.0,177.0,5.0,707.0,118.0,1
13.0,888.0,253.0,154.0,5.0,665.0,95.0,1
4.0,1501.0,96.0,104.0,3.0,1145.0,189.0,1
4.0,542.0,135.0,261.0,1.0,595.0,196.0,1
5.0,1243.0,85.0,268.0,3.0,1195.0,111.0,1
4.0,137.0,154.0,203.0,4.0,1025.0,345.0,1
1.0,1885.0,80.0,100.0,5.0,660.0,215.0,1
13.0,249.0,134.0,208.0,1.0,1033.0,139.0,1
5.0,19.0,159.0,85.0,5.0,635.0,127.0,1
6.0,5499.0,35.0,78.0,7.0,1055.0,110.0,1
14.0,86.0,205.0,217.0,5.0,360.0,175.0,1
5.0,2374.0,198.0,85.0,4.0,1058.0,151.0,1
4.0,1689.0,135.0,243.0,7.0,1100.0,210.0,1
5.0,1824.0,16.0,45.0,1.0,895.0,107.0,1
10.0,4285.0,208.0,60.0,6.0,470.0,115.0,1
8.0,446.0,16.0,198.0,5.0,729.0,99.0,1
14.0,287.0,217.0,258.0,7.0,1060.0,117.0,1
8.0,331.0,216.0,16.0,6.0,355.0,140.0,1
6.0,5071.0,132.0,16.0,7.0,500.0,70.0,1
16.0,3008.0,135.0,134.0,6.0,615.0,164.0,1
15.0,2397.0,173.0,175.0,3.0,425.0,175.0,1
1.0,447.0,60.0,80.0,3.0,1045.0,185.0,1
13.0,435.0,134.0,153.0,5.0,765.0,322.0,1
10.0,2938.0,118.0,80.0,7.0,805.0,50.0,1
4.0,196.0,153.0,135.0,1.0,405.0,177.0,1
15.0,505.0,243.0,217.0,3.0,795.0,70.0,1
15.0,863.0,129.0,204.0,5.0,480.0,80.0,1
6.0,5505.0,121.0,16.0,6.0,840.0,77.0,1
1.0,6.0,203.0,80.0,1.0,1080.0,420.0,1
15.0,108.0,175.0,162.0,5.0,1035.0,105.0,1
11.0,6313.0,71.0,133.0,5.0,810.0,49.0,1
12.0,6378.0,253.0,65.0,6.0,772.0,146.0,1
5.0,1887.0,229.0,16.0,7.0,1069.0,196.0,1
3.0,1216.0,43.0,35.0,1.0,835.0,78.0,1
15.0,1669.0,155.0,2.0,4.0,450.0,65.0,1
15.0,2177.0,262.0,207.0,7.0,1200.0,75.0,1
4.0,516.0,96.0,198.0,1.0,645.0,206.0,1
10.0,4342.0,234.0,208.0,7.0,540.0,135.0,1
15.0,384.0,175.0,134.0,7.0,630.0,105.0,1
12.0,6437.0,163.0,214.0,4.0,548.0,82.0,1
8.0,1097.0,139.0,173.0,7.0,920.0,135.0,1
1.0,708.0,18.0,80.0,3.0,360.0,60.0,1
1.0,2549.0,148.0,173.0,6.0,1169.0,185.0,1
17.0,7289.0,16.0,134.0,5.0,360.0,100.0,1
16.0,2323.0,12.0,58.0,3.0,370.0,102.0,1
15.0,1847.0,33.0,277.0,7.0,585.0,105.0,1
12.0,6291.0,154.0,91.0,4.0,761.0,111.0,1
14.0,498.0,79.0,60.0,7.0,55.0,179.0,1
15.0,1497.0,45.0,43.0,7.0,935.0,70.0,1
2.0,630.0,252.0,217.0,1.0,615.0,169.0,1
8.0,224.0,184.0,153.0,4.0,455.0,250.0,1
7.0,100.0,79.0,197.0,3.0,947.0,113.0,1
13.0,45.0,154.0,203.0,6.0,513.0,347.0,1
5.0,221.0,78.0,16.0,4.0,1080.0,115.0,1
11.0,6376.0,159.0,71.0,3.0,1170.0,148.0,1
6.0,5498.0,162.0,16.0,7.0,670.0,97.0,1
8.0,225.0,153.0,184.0,4.0,1420.0,208.0,1
13.0,83.0,134.0,154.0,7.0,553.0,346.0,1
1.0,1341.0,208.0,253.0,6.0,435.0,285.0,1
15.0,1587.0,45.0,175.0,7.0,930.0,125.0,1
17.0,2972.0,153.0,253.0,6.0,905.0,92.0,1
15.0,3763.0,261.0,79.0,4.0,600.0,90.0,1
5.0,2957.0,33.0,85.0,4.0,825.0,105.0,1
11.0,6662.0,109.0,85.0,4.0,810.0,60.0,1
8.0,453.0,198.0,16.0,6.0,605.0,81.0,1
1.0,1525.0,154.0,253.0,7.0,1025.0,80.0,1
17.0,7266.0,208.0,172.0,1.0,917.0,88.0,1
4.0,40.0,154.0,96.0,7.0,410.0,314.0,1
2.0,609.0,153.0,252.0,4.0,1135.0,159.0,1
10.0,4328.0,208.0,162.0,4.0,690.0,110.0,1
2.0,64.0,226.0,289.0,6.0,928.0,32.0,1
17.0,2629.0,33.0,60.0,3.0,870.0,75.0,1
1.0,2097.0,204.0,80.0,7.0,520.0,65.0,1
12.0,6573.0,126.0,79.0,7.0,776.0,57.0,1
15.0,2982.0,33.0,85.0,1.0,700.0,95.0,1
5.0,1753.0,197.0,252.0,4.0,680.0,223.0,1
5.0,5.0,85.0,45.0,1.0,850.0,96.0,1
4.0,606.0,135.0,277.0,6.0,960.0,125.0,1
17.0,7293.0,76.0,134.0,1.0,624.0,76.0,1
1.0,1322.0,80.0,85.0,7.0,435.0,160.0,1
6.0,5215.0,167.0,16.0,6.0,761.0,89.0,1
6.0,5413.0,17.0,16.0,4.0,390.0,138.0,1
16.0,2448.0,162.0,135.0,1.0,420.0,85.0,1
9.0,261.0,143.0,128.0,4.0,1040.0,49.0,1
15.0,2616.0,172.0,75.0,7.0,1180.0,90.0,1
10.0,4654.0,159.0,16.0,6.0,585.0,165.0,1
15.0,1180.0,202.0,207.0,7.0,860.0,70.0,1
4.0,1606.0,243.0,135.0,3.0,585.0,187.0,1
5.0,2310.0,16.0,139.0,7.0,888.0,99.0,1
1.0,2050.0,208.0,183.0,6.0,650.0,190.0,1
1.0,222.0,154.0,35.0,3.0,445.0,320.0,1
5.0,1836.0,85.0,45.0,4.0,945.0,104.0,1
6.0,7097.0,61.0,208.0,4.0,360.0,82.0,1
12.0,6666.0,34.0,253.0,7.0,477.0,112.0,1
15.0,269.0,173.0,12.0,3.0,1210.0,160.0,1
17.0,1037.0,128.0,161.0,7.0,830.0,37.0,1
7.0,130.0,79.0,80.0,1.0,635.0,112.0,1
10.0,4647.0,233.0,159.0,6.0,700.0,95.0,1
10.0,4188.0,208.0,0.0,3.0,945.0,115.0,1
10.0,3332.0,155.0,80.0,1.0,350.0,70.0,1
12.0,6301.0,154.0,227.0,1.0,701.0,50.0,1
12.0,6668.0,79.0,99.0,4.0,608.0,113.0,1
12.0,6309.0,244.0,154.0,5.0,853.0,197.0,1
10.0,3135.0,258.0,154.0,6.0,1195.0,75.0,1
0.0,4162.0,109.0,85.0,7.0,915.0,62.0,1
10.0,3957.0,177.0,208.0,4.0,730.0,110.0,1
2.0,69.0,252.0,151.0,6.0,1130.0,132.0,1
17.0,2897.0,83.0,217.0,3.0,1095.0,113.0,1
10.0,4256.0,208.0,52.0,5.0,475.0,95.0,1
14.0,1724.0,78.0,228.0,4.0,1275.0,71.0,1
6.0,5095.0,33.0,16.0,3.0,860.0,71.0,1
16.0,2572.0,135.0,54.0,4.0,820.0,131.0,1
11.0,6681.0,85.0,21.0,4.0,1040.0,56.0,1
16.0,2517.0,245.0,96.0,4.0,1160.0,127.0,1
15.0,3079.0,268.0,175.0,7.0,1025.0,60.0,1
5.0,348.0,172.0,16.0,1.0,668.0,122.0,1
15.0,862.0,175.0,33.0,4.0,640.0,80.0,1
15.0,315.0,139.0,217.0,7.0,910.0,245.0,1
1.0,160.0,243.0,148.0,5.0,460.0,315.0,1
1.0,696.0,80.0,183.0,4.0,1015.0,165.0,1
14.0,1772.0,182.0,60.0,3.0,360.0,152.0,1
15.0,719.0,45.0,173.0,3.0,1005.0,140.0,1
5.0,348.0,16.0,209.0,5.0,900.0,101.0,1
4.0,1428.0,60.0,135.0,3.0,360.0,180.0,1
15.0,1765.0,252.0,153.0,7.0,965.0,145.0,1
13.0,444.0,208.0,174.0,4.0,797.0,104.0,1
17.0,2695.0,217.0,100.0,1.0,889.0,105.0,1
15.0,1747.0,129.0,175.0,1.0,695.0,145.0,1
8.0,289.0,16.0,129.0,6.0,900.0,139.0,1
15.0,2812.0,2.0,217.0,4.0,1150.0,75.0,1
3.0,399.0,159.0,173.0,6.0,1265.0,165.0,1
8.0,177.0,16.0,241.0,1.0,779.0,106.0,1
1.0,1832.0,208.0,241.0,7.0,1215.0,164.0,1
15.0,2526.0,44.0,202.0,5.0,465.0,75.0,1
1.0,1264.0,79.0,80.0,6.0,440.0,125.0,1
9.0,508.0,161.0,203.0,3.0,550.0,43.0,1
15.0,44.0,129.0,75.0,5.0,1020.0,60.0,1
13.0,50.0,277.0,208.0,7.0,871.0,170.0,1
6.0,5012.0,16.0,136.0,6.0,1296.0,139.0,1
16.0,2218.0,96.0,234.0,6.0,1125.0,76.0,1
9.0,6.0,128.0,153.0,3.0,490.0,345.0,1
10.0,3673.0,183.0,60.0,5.0,1005.0,125.0,1
15.0,2655.0,153.0,44.0,3.0,490.0,65.0,1
2.0,669.0,18.0,252.0,5.0,1095.0,254.0,1
1.0,860.0,183.0,148.0,4.0,1045.0,185.0,1
15.0,563.0,129.0,68.0,3.0,1050.0,50.0,1
15.0,1453.0,172.0,202.0,6.0,855.0,245.0,1
15.0,2092.0,45.0,172.0,3.0,455.0,180.0,1
5.0,1938.0,16.0,78.0,7.0,980.0,106.0,1
5.0,1842.0,244.0,16.0,4.0,330.0,142.0,1
12.0,4888.0,268.0,197.0,7.0,549.0,96.0,1
1.0,1173.0,268.0,80.0,3.0,495.0,115.0,1
8.0,464.0,16.0,45.0,5.0,810.0,104.0,1
11.0,6628.0,80.0,71.0,6.0,420.0,131.0,1
2.0,635.0,217.0,252.0,5.0,1020.0,185.0,1
5.0,669.0,16.0,241.0,7.0,1319.0,101.0,1
15.0,1156.0,175.0,33.0,4.0,985.0,85.0,1
15.0,2381.0,159.0,175.0,5.0,1165.0,160.0,1
3.0,133.0,148.0,241.0,5.0,415.0,192.0,1
3.0,619.0,148.0,147.0,7.0,1250.0,157.0,1
8.0,200.0,48.0,16.0,5.0,360.0,120.0,1
1.0,1646.0,80.0,183.0,7.0,650.0,155.0,1
17.0,2871.0,292.0,217.0,5.0,684.0,67.0,1
5.0,1692.0,277.0,85.0,5.0,632.0,158.0,1
4.0,1884.0,96.0,269.0,6.0,560.0,259.0,1
4.0,1649.0,104.0,135.0,1.0,375.0,164.0,1
0.0,4034.0,43.0,85.0,6.0,925.0,75.0,1
3.0,1259.0,35.0,134.0,7.0,630.0,99.0,1
15.0,1162.0,147.0,216.0,3.0,900.0,135.0,1
15.0,489.0,173.0,104.0,3.0,950.0,55.0,1
15.0,678.0,243.0,153.0,1.0,705.0,70.0,1
15.0,1175.0,236.0,217.0,4.0,620.0,100.0,1
5.0,1587.0,16.0,172.0,4.0,1139.0,148.0,1
10.0,4291.0,208.0,139.0,5.0,970.0,60.0,1
3.0,1125.0,233.0,104.0,5.0,645.0,120.0,1
1.0,1415.0,80.0,253.0,3.0,1155.0,235.0,1
12.0,6231.0,214.0,93.0,4.0,795.0,36.0,1
15.0,506.0,264.0,258.0,7.0,1110.0,75.0,1
10.0,3479.0,80.0,162.0,7.0,505.0,70.0,1
16.0,2017.0,96.0,221.0,4.0,505.0,111.0,1
0.0,3920.0,16.0,247.0,5.0,570.0,119.0,1
13.0,705.0,134.0,208.0,1.0,360.0,131.0,1
5.0,2757.0,253.0,154.0,7.0,838.0,84.0,1
10.0,4012.0,208.0,177.0,3.0,580.0,110.0,1
14.0,2179.0,159.0,78.0,4.0,900.0,78.0,1
6.0,5295.0,287.0,16.0,5.0,1078.0,74.0,1
4.0,623.0,135.0,198.0,5.0,870.0,67.0,1
0.0,4291.0,285.0,177.0,7.0,750.0,84.0,1
12.0,6567.0,85.0,208.0,6.0,1136.0,78.0,1
15.0,1166.0,22.0,45.0,3.0,955.0,75.0,1
0.0,3850.0,85.0,221.0,4.0,445.0,68.0,1
6.0,4981.0,121.0,16.0,4.0,990.0,61.0,1
11.0,6466.0,71.0,159.0,3.0,555.0,122.0,1
12.0,4442.0,79.0,261.0,5.0,1155.0,89.0,1
8.0,716.0,159.0,48.0,4.0,670.0,96.0,1
12.0,7764.0,261.0,220.0,1.0,485.0,67.0,1
4.0,172.0,128.0,154.0,1.0,890.0,335.0,1
12.0,6438.0,114.0,79.0,5.0,378.0,60.0,1
13.0,623.0,78.0,208.0,4.0,952.0,125.0,1
4.0,1778.0,244.0,135.0,4.0,660.0,56.0,1
7.0,498.0,48.0,79.0,5.0,1135.0,199.0,1
5.0,2218.0,197.0,85.0,4.0,690.0,110.0,1
15.0,2520.0,241.0,216.0,6.0,885.0,165.0,1
14.0,307.0,277.0,60.0,4.0,930.0,100.0,1
5.0,2724.0,29.0,197.0,7.0,390.0,79.0,1
4.0,53.0,154.0,135.0,1.0,880.0,190.0,1
17.0,7306.0,134.0,273.0,3.0,509.0,72.0,1
6.0,7111.0,148.0,134.0,6.0,604.0,81.0,1
1.0,1277.0,45.0,80.0,3.0,775.0,220.0,1
15.0,3915.0,18.0,129.0,1.0,375.0,50.0,1
4.0,1434.0,217.0,96.0,3.0,720.0,276.0,1
12.0,6249.0,154.0,100.0,5.0,1142.0,74.0,1
12.0,6508.0,253.0,18.0,4.0,656.0,203.0,1
4.0,355.0,213.0,96.0,7.0,1010.0,168.0,1
3.0,1219.0,35.0,43.0,3.0,1230.0,89.0,1
4.0,444.0,135.0,208.0,5.0,1138.0,155.0,1
12.0,6532.0,58.0,79.0,6.0,480.0,206.0,1
1.0,2495.0,80.0,154.0,7.0,1350.0,200.0,1
0.0,3714.0,84.0,85.0,5.0,820.0,115.0,1
6.0,5037.0,116.0,16.0,5.0,945.0,86.0,1
6.0,5391.0,19.0,16.0,3.0,770.0,69.0,1
6.0,5391.0,19.0,16.0,5.0,770.0,69.0,1
15.0,2020.0,34.0,214.0,1.0,1085.0,75.0,1
17.0,2727.0,217.0,91.0,7.0,590.0,80.0,1
15.0,1930.0,153.0,129.0,3.0,1070.0,175.0,1
2.0,566.0,214.0,154.0,3.0,1250.0,130.0,1
14.0,540.0,217.0,80.0,3.0,480.0,138.0,1
1.0,1738.0,260.0,216.0,3.0,1200.0,250.0,1
1.0,2211.0,80.0,214.0,4.0,1280.0,245.0,1
12.0,6431.0,154.0,244.0,4.0,853.0,163.0,1
15.0,3341.0,129.0,175.0,4.0,815.0,145.0,1
10.0,2829.0,80.0,223.0,7.0,715.0,100.0,1
16.0,2332.0,96.0,121.0,3.0,1165.0,118.0,1
15.0,1440.0,175.0,202.0,7.0,910.0,300.0,1
15.0,1003.0,277.0,129.0,1.0,920.0,145.0,1
15.0,1980.0,277.0,147.0,4.0,415.0,50.0,1
15.0,663.0,175.0,43.0,5.0,1100.0,85.0,1
5.0,2023.0,35.0,85.0,1.0,537.0,148.0,1
14.0,329.0,264.0,217.0,3.0,975.0,75.0,1
10.0,3214.0,259.0,80.0,4.0,545.0,60.0,1
14.0,8.0,60.0,208.0,4.0,455.0,120.0,1
5.0,1548.0,85.0,159.0,3.0,1055.0,118.0,1
0.0,3684.0,148.0,42.0,6.0,540.0,109.0,1
15.0,444.0,91.0,217.0,6.0,685.0,80.0,1
10.0,4177.0,208.0,21.0,4.0,925.0,50.0,1
1.0,1705.0,16.0,80.0,1.0,635.0,155.0,1
15.0,1678.0,236.0,252.0,5.0,815.0,115.0,1
17.0,7291.0,159.0,134.0,5.0,550.0,83.0,1
15.0,23.0,129.0,131.0,5.0,805.0,60.0,1
15.0,1540.0,217.0,2.0,7.0,1225.0,65.0,1
1.0,1159.0,80.0,65.0,5.0,1090.0,115.0,1
10.0,4206.0,62.0,208.0,4.0,485.0,65.0,1
14.0,1869.0,273.0,60.0,4.0,1145.0,133.0,1
2.0,638.0,252.0,217.0,4.0,935.0,178.0,1
13.0,711.0,216.0,208.0,5.0,765.0,144.0,1
0.0,4303.0,172.0,177.0,5.0,670.0,84.0,1
12.0,4691.0,197.0,61.0,6.0,935.0,108.0,1
15.0,2918.0,279.0,129.0,6.0,1070.0,95.0,1
12.0,6332.0,214.0,93.0,1.0,930.0,36.0,1
15.0,3412.0,175.0,173.0,4.0,420.0,160.0,1
1.0,1425.0,268.0,208.0,6.0,365.0,75.0,1
12.0,6522.0,217.0,154.0,1.0,929.0,81.0,1
5.0,1836.0,139.0,85.0,3.0,805.0,70.0,1
14.0,1866.0,60.0,234.0,7.0,1075.0,62.0,1
6.0,7097.0,238.0,134.0,7.0,612.0,80.0,1
15.0,2612.0,79.0,279.0,6.0,1045.0,90.0,1
10.0,3225.0,56.0,80.0,6.0,620.0,130.0,1
12.0,6739.0,119.0,79.0,6.0,971.0,189.0,1
8.0,759.0,132.0,173.0,3.0,715.0,105.0,1
13.0,265.0,221.0,154.0,4.0,1096.0,330.0,1
13.0,206.0,208.0,173.0,1.0,547.0,166.0,1
15.0,1815.0,173.0,18.0,7.0,710.0,175.0,1
16.0,2621.0,251.0,58.0,1.0,575.0,67.0,1
3.0,1323.0,35.0,45.0,6.0,600.0,91.0,1
15.0,2254.0,44.0,202.0,1.0,905.0,70.0,1
0.0,3695.0,197.0,193.0,3.0,615.0,70.0,1
15.0,528.0,153.0,139.0,5.0,610.0,215.0,1
10.0,4518.0,61.0,159.0,5.0,1115.0,105.0,1
5.0,2587.0,241.0,85.0,5.0,959.0,171.0,1
8.0,717.0,48.0,159.0,5.0,847.0,87.0,1
6.0,5078.0,41.0,177.0,3.0,390.0,76.0,1
17.0,2945.0,60.0,54.0,1.0,679.0,59.0,1
3.0,1058.0,221.0,148.0,4.0,625.0,79.0,1
15.0,967.0,104.0,198.0,3.0,485.0,130.0,1
0.0,3931.0,171.0,197.0,4.0,388.0,102.0,1
13.0,240.0,134.0,243.0,5.0,1080.0,342.0,1
11.0,6521.0,233.0,159.0,5.0,773.0,96.0,1
10.0,4548.0,159.0,61.0,7.0,779.0,121.0,1
15.0,674.0,146.0,173.0,4.0,620.0,100.0,1
5.0,2540.0,79.0,71.0,7.0,360.0,155.0,1
7.0,128.0,79.0,80.0,7.0,420.0,110.0,1
1.0,1868.0,80.0,16.0,4.0,615.0,125.0,1
10.0,2805.0,239.0,80.0,7.0,635.0,85.0,1
16.0,2139.0,135.0,91.0,3.0,535.0,120.0,1
10.0,4298.0,208.0,187.0,1.0,570.0,55.0,1
12.0,6258.0,79.0,88.0,1.0,679.0,45.0,1
1.0,1509.0,147.0,80.0,5.0,921.0,175.0,1
14.0,1710.0,60.0,173.0,3.0,782.0,98.0,1
16.0,2621.0,96.0,251.0,5.0,400.0,145.0,1
1.0,1053.0,268.0,208.0,7.0,705.0,75.0,1
12.0,7021.0,154.0,214.0,4.0,1280.0,141.0,1
4.0,194.0,154.0,135.0,5.0,405.0,192.0,1
14.0,1972.0,241.0,60.0,7.0,725.0,113.0,1
14.0,595.0,172.0,217.0,5.0,360.0,174.0,1
14.0,1926.0,173.0,78.0,6.0,445.0,122.0,1
15.0,1170.0,175.0,197.0,5.0,900.0,85.0,1
0.0,3679.0,281.0,85.0,7.0,1023.0,77.0,1
15.0,3741.0,258.0,153.0,6.0,1025.0,85.0,1
12.0,6685.0,124.0,79.0,7.0,495.0,50.0,1
5.0,2233.0,16.0,27.0,3.0,1170.0,59.0,1
1.0,343.0,159.0,208.0,4.0,1030.0,175.0,1
10.0,4272.0,281.0,208.0,5.0,870.0,75.0,1
12.0,7774.0,261.0,255.0,4.0,920.0,81.0,1
15.0,121.0,154.0,175.0,3.0,1080.0,230.0,1
15.0,307.0,253.0,154.0,5.0,975.0,75.0,1
1.0,1482.0,183.0,35.0,6.0,610.0,185.0,1
17.0,7294.0,247.0,208.0,3.0,334.0,46.0,1
12.0,6919.0,82.0,208.0,3.0,910.0,90.0,1
5.0,1715.0,18.0,16.0,7.0,968.0,136.0,1
5.0,2009.0,184.0,197.0,7.0,901.0,78.0,1
5.0,1168.0,154.0,104.0,3.0,1360.0,285.0,1
14.0,1750.0,153.0,216.0,4.0,890.0,276.0,1
12.0,6966.0,252.0,253.0,1.0,604.0,131.0,1
14.0,342.0,217.0,153.0,1.0,1075.0,69.0,1
5.0,2237.0,16.0,147.0,4.0,1232.0,72.0,1
15.0,1122.0,79.0,202.0,4.0,515.0,175.0,1
4.0,732.0,135.0,159.0,5.0,1135.0,193.0,1
10.0,4695.0,159.0,35.0,5.0,960.0,70.0,1
10.0,4296.0,208.0,45.0,4.0,655.0,115.0,1
1.0,1833.0,96.0,80.0,5.0,725.0,245.0,1
7.0,173.0,79.0,280.0,3.0,1267.0,112.0,1
14.0,1707.0,268.0,60.0,7.0,450.0,109.0,1
6.0,5238.0,16.0,121.0,7.0,906.0,59.0,1
15.0,1165.0,202.0,217.0,7.0,750.0,115.0,1
15.0,219.0,153.0,175.0,5.0,495.0,215.0,1
16.0,3021.0,233.0,135.0,1.0,895.0,179.0,1
1.0,1967.0,208.0,173.0,7.0,1160.0,160.0,1
5.0,2362.0,154.0,148.0,7.0,960.0,318.0,1
15.0,380.0,197.0,175.0,5.0,830.0,90.0,1
12.0,6696.0,199.0,79.0,3.0,961.0,54.0,1
15.0,957.0,147.0,104.0,3.0,510.0,70.0,1
15.0,1763.0,277.0,216.0,5.0,665.0,150.0,1
9.0,29.0,252.0,203.0,7.0,630.0,370.0,1
13.0,217.0,134.0,253.0,4.0,540.0,368.0,1
7.0,561.0,79.0,243.0,1.0,790.0,137.0,1
10.0,3478.0,162.0,80.0,6.0,605.0,80.0,1
10.0,4117.0,278.0,208.0,5.0,370.0,110.0,1
1.0,1418.0,243.0,80.0,7.0,450.0,175.0,1
12.0,6991.0,208.0,65.0,4.0,715.0,154.0,1
6.0,5153.0,200.0,16.0,1.0,832.0,87.0,1
12.0,6547.0,135.0,208.0,1.0,385.0,151.0,1
9.0,301.0,143.0,128.0,1.0,887.0,49.0,1
3.0,745.0,173.0,260.0,7.0,855.0,159.0,1
10.0,2854.0,80.0,118.0,3.0,1100.0,50.0,1
8.0,298.0,129.0,16.0,5.0,639.0,112.0,1
7.0,419.0,79.0,154.0,5.0,1275.0,149.0,1
14.0,614.0,153.0,217.0,5.0,760.0,70.0,1
15.0,2254.0,153.0,44.0,7.0,820.0,65.0,1
5.0,2514.0,268.0,85.0,5.0,400.0,100.0,1
13.0,250.0,214.0,134.0,4.0,445.0,298.0,1
10.0,4612.0,159.0,233.0,7.0,900.0,110.0,1
15.0,1250.0,33.0,58.0,6.0,1000.0,85.0,1
3.0,1085.0,148.0,60.0,4.0,990.0,131.0,1
1.0,744.0,80.0,159.0,4.0,1035.0,210.0,1
3.0,1203.0,43.0,241.0,4.0,420.0,186.0,1
12.0,4448.0,261.0,114.0,4.0,690.0,67.0,1
4.0,628.0,96.0,79.0,7.0,530.0,272.0,1
11.0,6662.0,85.0,109.0,4.0,730.0,54.0,1
10.0,4025.0,208.0,240.0,4.0,695.0,70.0,1
3.0,330.0,173.0,22.0,3.0,1215.0,149.0,1
15.0,3061.0,159.0,175.0,1.0,360.0,150.0,1
9.0,324.0,161.0,128.0,6.0,1370.0,30.0,1
1.0,399.0,216.0,80.0,1.0,695.0,235.0,1
10.0,3058.0,236.0,154.0,3.0,1145.0,90.0,1
17.0,2653.0,60.0,18.0,7.0,965.0,189.0,1
1.0,2162.0,80.0,213.0,6.0,835.0,150.0,1
15.0,134.0,79.0,277.0,3.0,630.0,210.0,1
14.0,1715.0,78.0,104.0,3.0,885.0,154.0,1
6.0,5404.0,16.0,19.0,3.0,825.0,58.0,1
13.0,484.0,79.0,78.0,6.0,645.0,196.0,1
17.0,2612.0,54.0,60.0,4.0,1087.0,69.0,1
4.0,93.0,253.0,135.0,1.0,745.0,225.0,1
3.0,1053.0,148.0,221.0,7.0,915.0,107.0,1
15.0,1099.0,44.0,202.0,1.0,540.0,70.0,1
14.0,113.0,216.0,153.0,6.0,950.0,338.0,1
13.0,893.0,35.0,253.0,3.0,370.0,410.0,1
5.0,1795.0,16.0,264.0,7.0,655.0,305.0,1
5.0,1241.0,121.0,16.0,6.0,383.0,63.0,1
11.0,6276.0,69.0,85.0,6.0,390.0,79.0,1
4.0,1779.0,135.0,244.0,1.0,1050.0,59.0,1
15.0,1684.0,262.0,243.0,3.0,965.0,85.0,1
15.0,126.0,104.0,33.0,7.0,1080.0,145.0,1
15.0,641.0,216.0,104.0,7.0,1155.0,180.0,1
4.0,558.0,135.0,78.0,7.0,1000.0,169.0,1
6.0,5002.0,201.0,16.0,1.0,825.0,100.0,1
5.0,2945.0,197.0,135.0,6.0,1020.0,185.0,1
12.0,6811.0,154.0,236.0,6.0,1346.0,83.0,1
12.0,4481.0,261.0,34.0,4.0,615.0,68.0,1
0.0,3753.0,184.0,177.0,7.0,660.0,115.0,1
12.0,6517.0,280.0,154.0,3.0,388.0,95.0,1
12.0,6383.0,246.0,253.0,7.0,1181.0,80.0,1
2.0,623.0,153.0,214.0,7.0,985.0,143.0,1
13.0,341.0,205.0,208.0,7.0,1126.0,91.0,1
17.0,2978.0,253.0,153.0,7.0,420.0,85.0,1
10.0,2786.0,116.0,80.0,6.0,415.0,110.0,1
13.0,137.0,134.0,154.0,7.0,1134.0,356.0,1
16.0,3098.0,120.0,96.0,3.0,625.0,90.0,1
12.0,6746.0,79.0,230.0,3.0,1307.0,70.0,1
1.0,1389.0,33.0,80.0,4.0,585.0,130.0,1
10.0,4373.0,62.0,208.0,6.0,555.0,55.0,1
8.0,726.0,80.0,184.0,6.0,360.0,135.0,1
11.0,6258.0,233.0,159.0,3.0,615.0,106.0,1
15.0,1138.0,147.0,27.0,5.0,820.0,75.0,1
13.0,37.0,173.0,253.0,7.0,393.0,369.0,1
16.0,3039.0,280.0,135.0,3.0,836.0,139.0,1
15.0,3766.0,216.0,228.0,5.0,440.0,70.0,1
8.0,268.0,78.0,184.0,6.0,1079.0,129.0,1
1.0,1548.0,65.0,80.0,3.0,670.0,105.0,1
5.0,1762.0,33.0,85.0,4.0,375.0,126.0,1
16.0,2675.0,96.0,209.0,5.0,690.0,76.0,1
12.0,6323.0,279.0,208.0,1.0,788.0,113.0,1
5.0,1502.0,153.0,16.0,6.0,837.0,238.0,1
12.0,7004.0,248.0,253.0,3.0,567.0,66.0,1
1.0,2023.0,172.0,80.0,6.0,805.0,95.0,1
13.0,916.0,252.0,134.0,7.0,470.0,299.0,1
12.0,4794.0,207.0,261.0,1.0,365.0,104.0,1
1.0,383.0,268.0,80.0,1.0,1005.0,115.0,1
10.0,4216.0,208.0,204.0,7.0,520.0,135.0,1
4.0,1405.0,58.0,277.0,5.0,535.0,150.0,1
15.0,1751.0,129.0,268.0,5.0,390.0,115.0,1
15.0,3846.0,268.0,279.0,7.0,1175.0,75.0,1
14.0,144.0,243.0,216.0,5.0,690.0,305.0,1
15.0,2539.0,216.0,173.0,3.0,845.0,160.0,1
9.0,529.0,203.0,128.0,3.0,781.0,34.0,1
5.0,109.0,16.0,173.0,5.0,1085.0,94.0,1
4.0,1703.0,154.0,96.0,4.0,515.0,318.0,1
6.0,7066.0,208.0,47.0,1.0,807.0,109.0,1
15.0,1163.0,204.0,79.0,3.0,1080.0,100.0,1
4.0,608.0,214.0,135.0,7.0,740.0,235.0,1
10.0,4504.0,159.0,35.0,1.0,750.0,65.0,1
12.0,6372.0,154.0,246.0,5.0,821.0,39.0,1
7.0,115.0,197.0,79.0,7.0,1160.0,126.0,1
16.0,5950.0,33.0,208.0,4.0,596.0,99.0,1
15.0,2597.0,243.0,129.0,6.0,730.0,180.0,1
5.0,1606.0,154.0,85.0,5.0,545.0,270.0,1
1.0,2222.0,80.0,16.0,7.0,945.0,125.0,1
10.0,4406.0,148.0,233.0,4.0,479.0,111.0,1
15.0,378.0,277.0,244.0,7.0,880.0,180.0,1
15.0,1669.0,2.0,217.0,3.0,490.0,75.0,1
11.0,6340.0,96.0,177.0,5.0,370.0,187.0,1
5.0,1900.0,172.0,16.0,4.0,415.0,134.0,1
1.0,567.0,80.0,253.0,3.0,1065.0,230.0,1
13.0,134.0,253.0,208.0,5.0,522.0,263.0,1
5.0,1259.0,221.0,16.0,6.0,875.0,121.0,1
12.0,4624.0,100.0,261.0,1.0,385.0,104.0,1
16.0,2784.0,135.0,162.0,1.0,992.0,78.0,1
16.0,3067.0,228.0,96.0,5.0,386.0,64.0,1
6.0,5339.0,278.0,16.0,1.0,435.0,77.0,1
15.0,2379.0,207.0,262.0,1.0,680.0,80.0,1
16.0,2575.0,197.0,135.0,1.0,1000.0,177.0,1
12.0,6355.0,246.0,154.0,3.0,1034.0,46.0,1
6.0,5037.0,16.0,157.0,5.0,1150.0,78.0,1
15.0,752.0,79.0,264.0,1.0,520.0,155.0,1
14.0,88.0,217.0,214.0,1.0,675.0,169.0,1
5.0,2448.0,71.0,241.0,3.0,1225.0,137.0,1
17.0,1048.0,128.0,143.0,5.0,510.0,49.0,1
7.0,608.0,79.0,139.0,3.0,895.0,139.0,1
8.0,463.0,45.0,16.0,7.0,1160.0,125.0,1
0.0,3824.0,197.0,290.0,7.0,1165.0,127.0,1
6.0,5289.0,205.0,16.0,7.0,642.0,137.0,1
1.0,866.0,183.0,216.0,6.0,1330.0,159.0,1
5.0,2943.0,96.0,16.0,4.0,765.0,146.0,1
10.0,3652.0,251.0,183.0,5.0,890.0,155.0,1
3.0,25.0,148.0,104.0,4.0,575.0,189.0,1
12.0,4626.0,253.0,154.0,5.0,420.0,75.0,1
5.0,1285.0,16.0,213.0,3.0,1076.0,110.0,1
10.0,2740.0,158.0,80.0,7.0,1010.0,85.0,1
15.0,1795.0,264.0,258.0,7.0,1275.0,75.0,1
12.0,4845.0,205.0,261.0,1.0,819.0,155.0,1
3.0,209.0,148.0,160.0,1.0,785.0,368.0,1
4.0,702.0,96.0,253.0,5.0,955.0,381.0,1
9.0,138.0,128.0,150.0,6.0,687.0,43.0,1
2.0,76.0,149.0,252.0,6.0,795.0,134.0,1
4.0,778.0,244.0,135.0,4.0,1100.0,65.0,1
12.0,6703.0,208.0,177.0,7.0,1265.0,100.0,1
2.0,625.0,153.0,214.0,7.0,705.0,140.0,1
13.0,133.0,79.0,80.0,3.0,831.0,113.0,1
5.0,2204.0,154.0,261.0,7.0,790.0,114.0,1
14.0,450.0,221.0,217.0,5.0,670.0,279.0,1
15.0,2397.0,18.0,202.0,5.0,885.0,240.0,1
16.0,2443.0,234.0,58.0,7.0,887.0,82.0,1
12.0,6314.0,55.0,253.0,5.0,360.0,65.0,1
1.0,1701.0,18.0,80.0,4.0,730.0,65.0,1
4.0,497.0,135.0,153.0,7.0,555.0,197.0,1
12.0,6273.0,252.0,111.0,5.0,623.0,58.0,1
14.0,583.0,80.0,217.0,6.0,500.0,172.0,1
1.0,1817.0,183.0,253.0,4.0,1235.0,380.0,1
2.0,304.0,252.0,253.0,5.0,385.0,133.0,1
15.0,748.0,262.0,79.0,4.0,360.0,145.0,1
1.0,1622.0,214.0,80.0,5.0,740.0,220.0,1
5.0,1664.0,268.0,197.0,3.0,460.0,96.0,1
5.0,1122.0,241.0,16.0,3.0,670.0,105.0,1
15.0,1654.0,2.0,154.0,3.0,1255.0,125.0,1
14.0,186.0,217.0,243.0,3.0,1075.0,70.0,1
4.0,368.0,217.0,58.0,7.0,740.0,224.0,1
15.0,852.0,252.0,217.0,7.0,750.0,170.0,1
4.0,624.0,58.0,96.0,3.0,1170.0,94.0,1
5.0,1952.0,16.0,33.0,7.0,735.0,67.0,1
15.0,1847.0,33.0,277.0,5.0,585.0,105.0,1
15.0,1148.0,129.0,175.0,1.0,400.0,150.0,1
12.0,4735.0,153.0,154.0,1.0,773.0,74.0,1
13.0,889.0,154.0,253.0,3.0,506.0,96.0,1
13.0,137.0,258.0,79.0,6.0,677.0,153.0,1
5.0,1042.0,264.0,16.0,1.0,525.0,247.0,1
4.0,386.0,264.0,96.0,7.0,960.0,299.0,1
13.0,758.0,253.0,79.0,5.0,515.0,149.0,1
7.0,173.0,80.0,79.0,4.0,1163.0,119.0,1
15.0,1103.0,217.0,153.0,6.0,495.0,65.0,1
5.0,73.0,148.0,16.0,6.0,1155.0,175.0,1
0.0,3691.0,16.0,238.0,4.0,1305.0,125.0,1
6.0,4954.0,41.0,16.0,6.0,882.0,88.0,1
12.0,6728.0,79.0,184.0,4.0,1175.0,143.0,1
15.0,1568.0,268.0,45.0,5.0,995.0,115.0,1
16.0,2492.0,233.0,96.0,3.0,1193.0,97.0,1
15.0,2713.0,209.0,45.0,4.0,1165.0,55.0,1
6.0,5189.0,16.0,275.0,1.0,600.0,74.0,1
16.0,2549.0,96.0,71.0,4.0,389.0,131.0,1
12.0,6534.0,137.0,79.0,1.0,815.0,89.0,1
16.0,2009.0,41.0,135.0,6.0,430.0,69.0,1
16.0,2525.0,135.0,116.0,4.0,430.0,73.0,1
4.0,1136.0,80.0,96.0,1.0,780.0,208.0,1
15.0,1257.0,173.0,153.0,6.0,985.0,325.0,1
6.0,5408.0,85.0,273.0,7.0,1310.0,79.0,1
13.0,457.0,134.0,16.0,3.0,520.0,115.0,1
15.0,353.0,236.0,34.0,7.0,1095.0,65.0,1
10.0,3904.0,208.0,58.0,3.0,1025.0,80.0,1
12.0,6449.0,58.0,208.0,7.0,930.0,88.0,1
12.0,4740.0,154.0,153.0,4.0,675.0,68.0,1
5.0,2685.0,159.0,173.0,4.0,415.0,170.0,1
14.0,685.0,217.0,96.0,3.0,800.0,280.0,1
16.0,5946.0,251.0,208.0,7.0,802.0,83.0,1
13.0,622.0,197.0,208.0,1.0,882.0,86.0,1
15.0,4.0,91.0,217.0,3.0,575.0,80.0,1
14.0,578.0,217.0,277.0,6.0,595.0,238.0,1
12.0,6932.0,208.0,212.0,4.0,795.0,80.0,1
1.0,1596.0,214.0,80.0,4.0,360.0,225.0,1
15.0,3674.0,252.0,34.0,1.0,1020.0,75.0,1
5.0,2347.0,159.0,16.0,3.0,900.0,163.0,1
15.0,1174.0,45.0,58.0,3.0,1195.0,75.0,1
12.0,6281.0,79.0,236.0,4.0,1309.0,139.0,1
7.0,330.0,184.0,35.0,3.0,1195.0,126.0,1
4.0,233.0,159.0,135.0,5.0,1139.0,237.0,1
12.0,4858.0,261.0,46.0,1.0,920.0,77.0,1
13.0,579.0,79.0,28.0,6.0,685.0,93.0,1
2.0,303.0,253.0,252.0,5.0,605.0,125.0,1
16.0,2249.0,135.0,177.0,4.0,600.0,86.0,1
1.0,2356.0,80.0,208.0,6.0,905.0,140.0,1
6.0,7101.0,208.0,71.0,4.0,709.0,72.0,1
6.0,5560.0,27.0,16.0,3.0,1020.0,74.0,1
7.0,783.0,79.0,153.0,7.0,595.0,113.0,1
14.0,231.0,34.0,217.0,4.0,420.0,126.0,1
15.0,1588.0,253.0,79.0,6.0,425.0,155.0,1
1.0,710.0,80.0,159.0,7.0,555.0,200.0,1
8.0,607.0,184.0,78.0,7.0,1155.0,105.0,1
15.0,521.0,268.0,175.0,1.0,780.0,60.0,1
6.0,7131.0,134.0,47.0,5.0,737.0,87.0,1
1.0,1258.0,154.0,268.0,4.0,415.0,215.0,1
10.0,4372.0,22.0,208.0,4.0,430.0,170.0,1
4.0,1450.0,58.0,159.0,1.0,940.0,91.0,1
15.0,579.0,154.0,202.0,5.0,385.0,80.0,1
11.0,6554.0,268.0,78.0,6.0,864.0,121.0,1
16.0,2605.0,135.0,75.0,5.0,530.0,63.0,1
15.0,488.0,268.0,233.0,7.0,1080.0,110.0,1
15.0,425.0,244.0,173.0,4.0,780.0,145.0,1
6.0,5026.0,16.0,0.0,5.0,1215.0,112.0,1
6.0,5184.0,16.0,132.0,3.0,900.0,62.0,1
13.0,366.0,153.0,134.0,5.0,816.0,269.0,1
15.0,2854.0,79.0,217.0,6.0,990.0,115.0,1
15.0,3862.0,277.0,104.0,5.0,500.0,55.0,1
15.0,1482.0,43.0,173.0,1.0,400.0,170.0,1
10.0,3609.0,183.0,16.0,6.0,835.0,120.0,1
10.0,2841.0,80.0,84.0,3.0,555.0,110.0,1
2.0,65.0,226.0,149.0,1.0,698.0,42.0,1
11.0,6368.0,268.0,71.0,5.0,732.0,83.0,1
15.0,1118.0,91.0,154.0,4.0,1135.0,130.0,1
3.0,240.0,160.0,202.0,1.0,415.0,78.0,1
8.0,525.0,45.0,277.0,3.0,937.0,148.0,1
1.0,1964.0,253.0,80.0,7.0,625.0,215.0,1
1.0,1952.0,80.0,173.0,5.0,925.0,145.0,1
15.0,1006.0,79.0,2.0,1.0,560.0,70.0,1
12.0,6252.0,210.0,253.0,1.0,516.0,117.0,1
15.0,1172.0,197.0,217.0,4.0,960.0,210.0,1
12.0,6442.0,227.0,154.0,5.0,555.0,47.0,1
10.0,3629.0,183.0,33.0,4.0,420.0,145.0,1
6.0,5064.0,16.0,58.0,7.0,825.0,109.0,1
3.0,1423.0,214.0,160.0,3.0,875.0,132.0,1
5.0,1143.0,54.0,16.0,5.0,330.0,72.0,1
15.0,2678.0,268.0,216.0,7.0,970.0,130.0,1
15.0,120.0,85.0,175.0,7.0,1150.0,80.0,1
14.0,1461.0,234.0,60.0,4.0,1074.0,81.0,1
14.0,1457.0,60.0,104.0,1.0,805.0,119.0,1
16.0,2083.0,216.0,58.0,5.0,790.0,80.0,1
5.0,2135.0,221.0,16.0,5.0,465.0,135.0,1
5.0,1540.0,35.0,71.0,5.0,1040.0,155.0,1
5.0,1733.0,148.0,261.0,7.0,1145.0,332.0,1
4.0,93.0,253.0,135.0,7.0,745.0,225.0,1
15.0,1326.0,175.0,154.0,3.0,530.0,275.0,1
17.0,2601.0,58.0,60.0,3.0,390.0,102.0,1
16.0,2868.0,268.0,96.0,7.0,1020.0,145.0,1
15.0,1577.0,129.0,217.0,3.0,435.0,180.0,1
6.0,5173.0,16.0,27.0,5.0,570.0,58.0,1
16.0,5944.0,223.0,208.0,1.0,1001.0,139.0,1
1.0,428.0,80.0,233.0,3.0,960.0,150.0,1
17.0,7242.0,208.0,247.0,6.0,1280.0,40.0,1
4.0,278.0,244.0,135.0,3.0,345.0,54.0,1
5.0,2594.0,16.0,216.0,3.0,960.0,127.0,1
6.0,5079.0,169.0,16.0,4.0,360.0,85.0,1
14.0,85.0,217.0,45.0,4.0,975.0,251.0,1
1.0,1165.0,216.0,80.0,5.0,905.0,235.0,1
15.0,24.0,173.0,129.0,3.0,595.0,160.0,1
5.0,1752.0,16.0,134.0,4.0,1310.0,109.0,1
15.0,458.0,202.0,207.0,3.0,420.0,70.0,1
4.0,1136.0,80.0,96.0,7.0,780.0,214.0,1
16.0,3151.0,96.0,285.0,6.0,540.0,126.0,1
5.0,1095.0,204.0,16.0,6.0,345.0,127.0,1
15.0,680.0,75.0,18.0,5.0,525.0,55.0,1
15.0,289.0,217.0,253.0,3.0,435.0,130.0,1
17.0,2604.0,60.0,120.0,3.0,590.0,56.0,1
12.0,6275.0,252.0,111.0,5.0,800.0,58.0,1
1.0,1922.0,2.0,80.0,5.0,425.0,105.0,1
14.0,1420.0,216.0,60.0,3.0,330.0,102.0,1
5.0,1584.0,264.0,148.0,7.0,820.0,315.0,1
13.0,916.0,252.0,134.0,6.0,470.0,296.0,1
6.0,5472.0,87.0,16.0,5.0,608.0,69.0,1
17.0,2816.0,100.0,217.0,4.0,390.0,96.0,1
10.0,3367.0,80.0,155.0,3.0,525.0,70.0,1
5.0,1590.0,16.0,245.0,3.0,815.0,63.0,1
5.0,1159.0,186.0,16.0,6.0,1023.0,101.0,1
11.0,6627.0,157.0,16.0,7.0,375.0,88.0,1
5.0,2958.0,85.0,184.0,7.0,735.0,75.0,1
15.0,1950.0,261.0,175.0,7.0,940.0,195.0,1
1.0,1871.0,213.0,80.0,7.0,475.0,190.0,1
12.0,6497.0,79.0,162.0,6.0,656.0,125.0,1
0.0,4152.0,233.0,61.0,4.0,722.0,110.0,1
1.0,2093.0,159.0,183.0,1.0,690.0,190.0,1
8.0,1585.0,30.0,16.0,4.0,1060.0,94.0,1
10.0,3014.0,100.0,154.0,3.0,350.0,65.0,1
5.0,2633.0,175.0,16.0,4.0,992.0,120.0,1
5.0,1567.0,16.0,243.0,3.0,1140.0,291.0,1
2.0,64.0,151.0,252.0,1.0,1082.0,113.0,1
2.0,565.0,154.0,214.0,7.0,1050.0,147.0,1
5.0,1809.0,241.0,197.0,5.0,455.0,224.0,1
6.0,4962.0,138.0,16.0,1.0,828.0,95.0,1
15.0,2892.0,175.0,172.0,7.0,1025.0,90.0,1
1.0,858.0,183.0,216.0,1.0,460.0,160.0,1
12.0,4455.0,197.0,99.0,5.0,1320.0,65.0,1
15.0,1618.0,268.0,216.0,5.0,970.0,130.0,1
5.0,1805.0,85.0,173.0,5.0,1055.0,160.0,1
1.0,406.0,208.0,18.0,4.0,1085.0,170.0,1
13.0,783.0,134.0,2.0,7.0,1060.0,263.0,1
2.0,20.0,252.0,208.0,4.0,520.0,235.0,1
0.0,4060.0,75.0,177.0,7.0,990.0,89.0,1
5.0,2521.0,159.0,241.0,6.0,636.0,196.0,1
5.0,1764.0,197.0,78.0,6.0,600.0,143.0,1
16.0,2500.0,91.0,135.0,7.0,765.0,115.0,1
14.0,1996.0,260.0,216.0,6.0,585.0,238.0,1
14.0,704.0,217.0,60.0,3.0,800.0,234.0,1
8.0,1451.0,213.0,130.0,1.0,908.0,166.0,1
15.0,3839.0,253.0,217.0,5.0,785.0,115.0,1
15.0,372.0,268.0,79.0,3.0,960.0,150.0,1
17.0,7238.0,208.0,147.0,3.0,360.0,135.0,1
5.0,2676.0,16.0,43.0,7.0,1229.0,125.0,1
0.0,3730.0,16.0,162.0,3.0,685.0,106.0,1
14.0,985.0,198.0,60.0,6.0,360.0,108.0,1
14.0,1089.0,216.0,147.0,7.0,940.0,136.0,1
6.0,4999.0,35.0,78.0,5.0,575.0,109.0,1
11.0,6303.0,268.0,78.0,5.0,540.0,121.0,1
12.0,6880.0,79.0,261.0,7.0,495.0,101.0,1
12.0,6506.0,91.0,154.0,4.0,360.0,137.0,1
15.0,196.0,252.0,79.0,7.0,670.0,160.0,1
14.0,1014.0,60.0,208.0,7.0,971.0,124.0,1
15.0,1273.0,244.0,75.0,7.0,840.0,55.0,1
0.0,3865.0,43.0,85.0,6.0,1040.0,75.0,1
0.0,4219.0,237.0,85.0,6.0,1030.0,100.0,1
5.0,1823.0,16.0,147.0,4.0,1166.0,79.0,1
15.0,2545.0,216.0,79.0,4.0,1110.0,275.0,1
17.0,2833.0,217.0,44.0,3.0,510.0,89.0,1
10.0,3388.0,285.0,80.0,1.0,975.0,155.0,1
2.0,457.0,154.0,252.0,5.0,1050.0,165.0,1
12.0,6824.0,231.0,253.0,6.0,1160.0,69.0,1
16.0,2175.0,33.0,135.0,1.0,375.0,134.0,1
8.0,1135.0,277.0,238.0,4.0,1196.0,158.0,1
1.0,1879.0,277.0,183.0,4.0,585.0,65.0,1
13.0,322.0,264.0,253.0,7.0,469.0,103.0,1
12.0,6433.0,80.0,154.0,7.0,1160.0,205.0,1
2.0,470.0,252.0,154.0,5.0,910.0,157.0,1
12.0,4676.0,33.0,197.0,6.0,360.0,144.0,1
1.0,1827.0,18.0,80.0,7.0,915.0,65.0,1
0.0,4102.0,16.0,121.0,3.0,665.0,62.0,1
10.0,3224.0,120.0,80.0,7.0,1025.0,195.0,1
16.0,2202.0,60.0,96.0,7.0,650.0,102.0,1
0.0,3798.0,85.0,0.0,6.0,630.0,92.0,1
12.0,7028.0,79.0,244.0,7.0,630.0,128.0,1
0.0,3719.0,85.0,43.0,3.0,1050.0,80.0,1
1.0,1353.0,148.0,80.0,6.0,1020.0,255.0,1
13.0,144.0,253.0,79.0,5.0,420.0,165.0,1
15.0,952.0,258.0,153.0,7.0,1035.0,90.0,1
5.0,1943.0,96.0,16.0,6.0,363.0,156.0,1
15.0,464.0,216.0,175.0,4.0,575.0,150.0,1
12.0,6881.0,262.0,79.0,1.0,687.0,137.0,1
2.0,8.0,252.0,96.0,3.0,550.0,313.0,1
10.0,4130.0,174.0,208.0,5.0,1035.0,135.0,1
4.0,1597.0,135.0,207.0,7.0,1270.0,212.0,1
12.0,3076.0,184.0,205.0,5.0,1255.0,84.0,1
4.0,482.0,135.0,35.0,7.0,795.0,218.0,1
12.0,3072.0,139.0,184.0,7.0,610.0,63.0,1
2.0,887.0,202.0,150.0,7.0,465.0,338.0,1
8.0,366.0,16.0,159.0,7.0,798.0,120.0,1
5.0,1802.0,264.0,16.0,6.0,405.0,264.0,1
17.0,2725.0,91.0,217.0,7.0,1110.0,91.0,1
5.0,1489.0,16.0,54.0,3.0,970.0,75.0,1
1.0,386.0,208.0,159.0,7.0,535.0,120.0,1
17.0,7301.0,134.0,233.0,7.0,506.0,72.0,1
1.0,866.0,183.0,216.0,7.0,1330.0,159.0,1
12.0,4520.0,261.0,102.0,3.0,1031.0,104.0,1
13.0,358.0,79.0,159.0,6.0,494.0,225.0,1
14.0,1979.0,228.0,216.0,1.0,1070.0,97.0,1
2.0,504.0,252.0,264.0,5.0,505.0,162.0,1
16.0,5942.0,208.0,48.0,5.0,961.0,70.0,1
5.0,2509.0,85.0,80.0,3.0,920.0,191.0,1
5.0,2169.0,16.0,173.0,4.0,660.0,94.0,1
4.0,347.0,208.0,135.0,6.0,480.0,163.0,1
6.0,4941.0,69.0,16.0,1.0,1075.0,94.0,1
13.0,375.0,79.0,262.0,4.0,1116.0,158.0,1
1.0,1134.0,80.0,104.0,3.0,1200.0,155.0,1
12.0,4490.0,261.0,224.0,7.0,1192.0,93.0,1
13.0,360.0,208.0,134.0,3.0,666.0,109.0,1
14.0,39.0,216.0,154.0,4.0,830.0,359.0,1
5.0,1812.0,264.0,16.0,7.0,465.0,250.0,1
11.0,6645.0,85.0,157.0,5.0,825.0,79.0,1
14.0,2172.0,78.0,159.0,4.0,780.0,85.0,1
5.0,2075.0,43.0,16.0,4.0,1098.0,147.0,1
15.0,1691.0,45.0,22.0,3.0,930.0,70.0,1
11.0,6602.0,78.0,147.0,3.0,503.0,128.0,1
0.0,4184.0,244.0,177.0,5.0,975.0,115.0,1
12.0,4728.0,261.0,179.0,4.0,674.0,105.0,1
1.0,1297.0,183.0,260.0,5.0,625.0,155.0,1
14.0,951.0,78.0,173.0,5.0,719.0,139.0,1
6.0,5243.0,16.0,180.0,1.0,950.0,57.0,1
11.0,6481.0,33.0,177.0,3.0,1025.0,66.0,1
15.0,388.0,243.0,202.0,4.0,565.0,90.0,1
1.0,74.0,154.0,134.0,7.0,1365.0,280.0,1
14.0,1491.0,96.0,60.0,5.0,1109.0,126.0,1
13.0,682.0,208.0,159.0,5.0,785.0,132.0,1
5.0,2749.0,16.0,253.0,1.0,1055.0,325.0,1
5.0,1580.0,253.0,85.0,3.0,345.0,270.0,1
0.0,3975.0,112.0,197.0,5.0,305.0,68.0,1
2.0,864.0,203.0,214.0,3.0,780.0,310.0,1
4.0,254.0,253.0,58.0,4.0,735.0,270.0,1
0.0,3820.0,21.0,85.0,3.0,814.0,56.0,1
5.0,2071.0,252.0,261.0,1.0,430.0,131.0,1
8.0,865.0,16.0,173.0,7.0,530.0,91.0,1
1.0,1947.0,277.0,183.0,6.0,915.0,60.0,1
16.0,5922.0,208.0,117.0,7.0,1075.0,52.0,1
15.0,3510.0,173.0,175.0,7.0,1040.0,175.0,1
4.0,218.0,96.0,277.0,6.0,545.0,187.0,1
15.0,540.0,243.0,217.0,5.0,595.0,70.0,1
6.0,4959.0,16.0,4.0,5.0,1236.0,55.0,1
15.0,2892.0,175.0,172.0,4.0,1025.0,90.0,1
12.0,3074.0,205.0,184.0,6.0,957.0,81.0,1
16.0,2120.0,184.0,135.0,7.0,855.0,170.0,1
14.0,2040.0,78.0,35.0,7.0,990.0,91.0,1
4.0,1881.0,96.0,252.0,5.0,1080.0,370.0,1
5.0,1478.0,177.0,35.0,6.0,1150.0,169.0,1
3.0,157.0,148.0,173.0,5.0,1195.0,173.0,1
16.0,5957.0,117.0,208.0,5.0,872.0,60.0,1
15.0,337.0,2.0,173.0,3.0,920.0,200.0,1
15.0,997.0,243.0,217.0,5.0,485.0,70.0,1
8.0,933.0,147.0,16.0,3.0,642.0,73.0,1
1.0,1186.0,268.0,208.0,3.0,1210.0,65.0,1
12.0,4446.0,261.0,28.0,1.0,915.0,80.0,1
5.0,1169.0,104.0,154.0,6.0,445.0,350.0,1
12.0,4483.0,84.0,197.0,3.0,900.0,70.0,1
6.0,5056.0,16.0,251.0,4.0,515.0,93.0,1
15.0,44.0,75.0,172.0,4.0,1105.0,85.0,1
16.0,2374.0,75.0,135.0,7.0,780.0,65.0,1
17.0,2677.0,60.0,251.0,3.0,790.0,88.0,1
16.0,5950.0,43.0,134.0,7.0,366.0,74.0,1
10.0,4636.0,233.0,159.0,5.0,1100.0,100.0,1
15.0,179.0,18.0,45.0,1.0,960.0,180.0,1
5.0,1408.0,79.0,197.0,5.0,375.0,129.0,1
15.0,2987.0,45.0,182.0,3.0,715.0,75.0,1
5.0,1101.0,135.0,16.0,3.0,565.0,123.0,1
15.0,242.0,221.0,153.0,5.0,950.0,310.0,1
10.0,4689.0,159.0,58.0,3.0,875.0,110.0,1
1.0,133.0,148.0,154.0,3.0,930.0,390.0,1
5.0,1092.0,277.0,85.0,3.0,385.0,169.0,1
13.0,440.0,264.0,79.0,6.0,405.0,150.0,1
14.0,24.0,217.0,154.0,4.0,515.0,85.0,1
3.0,471.0,35.0,258.0,7.0,985.0,398.0,1
15.0,151.0,243.0,217.0,1.0,925.0,70.0,1
15.0,1185.0,79.0,45.0,3.0,995.0,200.0,1
8.0,216.0,241.0,184.0,1.0,1094.0,181.0,1
5.0,2472.0,277.0,16.0,7.0,740.0,94.0,1
1.0,1354.0,153.0,183.0,6.0,370.0,265.0,1
17.0,7308.0,134.0,147.0,6.0,1012.0,116.0,1
16.0,2560.0,170.0,135.0,7.0,1008.0,87.0,1
15.0,425.0,216.0,182.0,7.0,1190.0,80.0,1
0.0,4026.0,85.0,247.0,5.0,530.0,58.0,1
15.0,2552.0,236.0,153.0,3.0,380.0,80.0,1
15.0,537.0,207.0,262.0,7.0,1145.0,80.0,1
1.0,1538.0,80.0,18.0,3.0,1160.0,55.0,1
14.0,488.0,154.0,217.0,1.0,590.0,81.0,1
5.0,400.0,16.0,197.0,7.0,725.0,160.0,1
6.0,5242.0,290.0,177.0,1.0,700.0,66.0,1
3.0,680.0,78.0,35.0,4.0,600.0,80.0,1
5.0,2314.0,16.0,22.0,1.0,1065.0,150.0,1
5.0,2231.0,159.0,85.0,3.0,985.0,123.0,1
1.0,1574.0,153.0,80.0,1.0,685.0,155.0,1
15.0,1671.0,104.0,12.0,4.0,770.0,185.0,1
13.0,73.0,253.0,128.0,1.0,529.0,316.0,1
13.0,812.0,79.0,80.0,1.0,646.0,119.0,1
15.0,598.0,214.0,202.0,1.0,735.0,100.0,1
5.0,2528.0,267.0,16.0,7.0,804.0,101.0,1
8.0,563.0,32.0,16.0,6.0,692.0,98.0,1
5.0,1182.0,261.0,268.0,4.0,1198.0,166.0,1
10.0,3081.0,243.0,154.0,4.0,380.0,45.0,1
5.0,1871.0,34.0,261.0,3.0,390.0,70.0,1
16.0,2639.0,279.0,135.0,1.0,885.0,90.0,1
14.0,1401.0,208.0,60.0,1.0,730.0,113.0,1
16.0,2198.0,135.0,69.0,3.0,850.0,136.0,1
8.0,1035.0,241.0,221.0,6.0,495.0,149.0,1
3.0,290.0,160.0,252.0,5.0,430.0,163.0,1
14.0,1157.0,85.0,216.0,1.0,425.0,99.0,1
6.0,4946.0,4.0,16.0,1.0,360.0,50.0,1
11.0,6600.0,268.0,148.0,6.0,640.0,145.0,1
5.0,1524.0,244.0,16.0,3.0,480.0,139.0,1
5.0,1258.0,16.0,147.0,3.0,645.0,77.0,1
15.0,582.0,111.0,252.0,5.0,1090.0,65.0,1
10.0,4387.0,78.0,233.0,1.0,810.0,65.0,1
10.0,2948.0,80.0,156.0,5.0,660.0,70.0,1
13.0,796.0,233.0,134.0,3.0,373.0,69.0,1
10.0,4111.0,208.0,60.0,3.0,1200.0,115.0,1
10.0,3272.0,218.0,80.0,6.0,455.0,135.0,1
12.0,6594.0,221.0,79.0,4.0,1138.0,229.0,1
3.0,347.0,148.0,267.0,3.0,809.0,182.0,1
6.0,5513.0,177.0,180.0,1.0,860.0,65.0,1
15.0,1509.0,172.0,173.0,5.0,1070.0,160.0,1
1.0,1246.0,80.0,183.0,4.0,850.0,160.0,1
4.0,1850.0,135.0,233.0,1.0,765.0,150.0,1
5.0,2373.0,16.0,183.0,3.0,595.0,120.0,1
15.0,1083.0,217.0,153.0,3.0,735.0,65.0,1
12.0,4872.0,261.0,34.0,3.0,1306.0,69.0,1
5.0,2042.0,16.0,96.0,4.0,1145.0,145.0,1
5.0,2191.0,16.0,277.0,6.0,746.0,85.0,1
7.0,294.0,79.0,268.0,7.0,640.0,121.0,1
1.0,1794.0,80.0,18.0,4.0,770.0,60.0,1
6.0,5372.0,279.0,16.0,4.0,914.0,115.0,1
16.0,2498.0,2.0,135.0,3.0,880.0,119.0,1
5.0,258.0,253.0,197.0,1.0,500.0,217.0,1
8.0,509.0,184.0,159.0,3.0,904.0,134.0,1
17.0,7256.0,134.0,139.0,1.0,734.0,104.0,1
15.0,572.0,264.0,253.0,3.0,455.0,85.0,1
6.0,5090.0,16.0,195.0,4.0,1135.0,132.0,1
11.0,6517.0,139.0,159.0,5.0,705.0,122.0,1
3.0,920.0,208.0,35.0,3.0,420.0,131.0,1
4.0,282.0,135.0,35.0,4.0,470.0,218.0,1
12.0,4517.0,261.0,217.0,5.0,599.0,101.0,1
15.0,2866.0,153.0,79.0,6.0,655.0,110.0,1
8.0,193.0,78.0,16.0,1.0,968.0,120.0,1
15.0,1359.0,153.0,243.0,6.0,1135.0,65.0,1
15.0,1817.0,2.0,252.0,6.0,1015.0,195.0,1
1.0,495.0,183.0,80.0,7.0,400.0,195.0,1
13.0,123.0,208.0,154.0,4.0,920.0,281.0,1
8.0,220.0,184.0,153.0,6.0,1270.0,244.0,1
15.0,1138.0,251.0,153.0,5.0,1015.0,270.0,1
8.0,785.0,215.0,159.0,7.0,1085.0,74.0,1
6.0,5183.0,16.0,278.0,1.0,1008.0,61.0,1
1.0,272.0,253.0,183.0,7.0,1255.0,315.0,1
16.0,2573.0,135.0,33.0,3.0,450.0,111.0,1
5.0,158.0,85.0,159.0,6.0,1185.0,115.0,1
6.0,5012.0,16.0,136.0,3.0,1296.0,139.0,1
1.0,1877.0,60.0,80.0,7.0,1160.0,180.0,1
3.0,1297.0,35.0,221.0,7.0,420.0,109.0,1
0.0,3980.0,223.0,177.0,1.0,985.0,91.0,1
10.0,2732.0,181.0,80.0,1.0,725.0,90.0,1
15.0,201.0,173.0,22.0,1.0,690.0,155.0,1
15.0,761.0,154.0,253.0,6.0,755.0,80.0,1
1.0,592.0,65.0,80.0,7.0,460.0,115.0,1
6.0,5587.0,16.0,158.0,5.0,930.0,108.0,1
10.0,3631.0,183.0,33.0,6.0,745.0,150.0,1
10.0,4387.0,78.0,233.0,3.0,810.0,65.0,1
8.0,94.0,233.0,16.0,5.0,912.0,86.0,1
5.0,2060.0,183.0,16.0,5.0,964.0,121.0,1
10.0,3627.0,183.0,223.0,7.0,660.0,110.0,1
15.0,313.0,175.0,243.0,3.0,1145.0,275.0,1
15.0,824.0,243.0,253.0,3.0,1085.0,90.0,1
4.0,767.0,135.0,252.0,7.0,900.0,281.0,1
15.0,1930.0,262.0,44.0,7.0,885.0,70.0,1
0.0,4153.0,171.0,85.0,7.0,495.0,59.0,1
16.0,2261.0,135.0,10.0,5.0,1290.0,50.0,1
16.0,5995.0,29.0,208.0,1.0,879.0,124.0,1
8.0,895.0,159.0,139.0,4.0,604.0,137.0,1
15.0,118.0,217.0,182.0,5.0,765.0,285.0,1
2.0,67.0,252.0,151.0,3.0,915.0,127.0,1
16.0,2304.0,135.0,116.0,7.0,770.0,71.0,1
15.0,1945.0,79.0,198.0,4.0,620.0,155.0,1
15.0,2395.0,153.0,262.0,6.0,990.0,90.0,1
12.0,6817.0,252.0,214.0,6.0,1060.0,46.0,1
15.0,1763.0,216.0,233.0,4.0,845.0,80.0,1
15.0,651.0,217.0,45.0,6.0,700.0,260.0,1
1.0,371.0,159.0,208.0,4.0,1235.0,150.0,1
12.0,4752.0,2.0,261.0,7.0,1135.0,93.0,1
1.0,1057.0,80.0,236.0,4.0,1135.0,220.0,1
15.0,2278.0,198.0,79.0,7.0,1075.0,180.0,1
9.0,116.0,128.0,203.0,1.0,480.0,37.0,1
7.0,659.0,197.0,79.0,7.0,612.0,130.0,1
14.0,679.0,268.0,217.0,3.0,430.0,227.0,1
12.0,4763.0,261.0,227.0,3.0,1290.0,98.0,1
6.0,5224.0,190.0,16.0,1.0,805.0,76.0,1
12.0,4701.0,261.0,154.0,1.0,585.0,119.0,1
10.0,3994.0,240.0,208.0,6.0,795.0,75.0,1
11.0,6354.0,216.0,71.0,7.0,640.0,127.0,1
13.0,544.0,153.0,253.0,6.0,983.0,103.0,1
14.0,662.0,79.0,217.0,1.0,733.0,112.0,1
17.0,2652.0,138.0,60.0,3.0,770.0,66.0,1
1.0,22.0,154.0,148.0,1.0,900.0,315.0,1
11.0,6445.0,85.0,17.0,4.0,920.0,87.0,1
3.0,742.0,260.0,173.0,1.0,361.0,184.0,1
0.0,3886.0,84.0,16.0,7.0,330.0,135.0,1
6.0,5164.0,16.0,47.0,3.0,1077.0,63.0,1
7.0,589.0,79.0,261.0,6.0,1270.0,85.0,1
1.0,1017.0,80.0,252.0,7.0,1295.0,260.0,1
14.0,569.0,217.0,173.0,7.0,955.0,234.0,1
10.0,4188.0,208.0,0.0,7.0,945.0,115.0,1
8.0,468.0,16.0,45.0,6.0,1080.0,100.0,1
4.0,175.0,264.0,128.0,5.0,540.0,345.0,1
16.0,3055.0,245.0,135.0,4.0,1064.0,156.0,1
15.0,3508.0,217.0,18.0,3.0,1165.0,125.0,1
1.0,836.0,80.0,78.0,4.0,510.0,160.0,1
7.0,847.0,139.0,79.0,1.0,405.0,169.0,1
12.0,6488.0,208.0,80.0,6.0,390.0,153.0,1
11.0,6596.0,177.0,139.0,7.0,865.0,84.0,1
10.0,3131.0,154.0,258.0,6.0,1095.0,75.0,1
14.0,1785.0,60.0,198.0,4.0,675.0,123.0,1
15.0,1620.0,217.0,243.0,6.0,645.0,75.0,1
12.0,6377.0,67.0,79.0,3.0,770.0,55.0,1
5.0,1206.0,16.0,76.0,6.0,1315.0,100.0,1
17.0,7295.0,247.0,208.0,4.0,1036.0,49.0,1
1.0,795.0,159.0,183.0,1.0,810.0,195.0,1
16.0,2791.0,135.0,71.0,4.0,815.0,135.0,1
4.0,468.0,96.0,153.0,4.0,1125.0,346.0,1
15.0,130.0,2.0,280.0,4.0,635.0,70.0,1
5.0,2539.0,78.0,16.0,4.0,600.0,110.0,1
15.0,282.0,154.0,91.0,1.0,1000.0,110.0,1
8.0,1180.0,43.0,173.0,1.0,1000.0,165.0,1
1.0,682.0,183.0,148.0,5.0,895.0,185.0,1
5.0,2237.0,16.0,147.0,3.0,1232.0,72.0,1
12.0,4591.0,224.0,261.0,4.0,390.0,96.0,1
15.0,2514.0,33.0,277.0,6.0,560.0,105.0,1
5.0,1938.0,16.0,78.0,5.0,980.0,106.0,1
1.0,1096.0,243.0,208.0,3.0,380.0,250.0,1
12.0,6923.0,253.0,6.0,5.0,1140.0,79.0,1
16.0,2529.0,96.0,42.0,6.0,460.0,79.0,1
1.0,841.0,260.0,183.0,4.0,805.0,165.0,1
15.0,2963.0,253.0,243.0,1.0,705.0,85.0,1
12.0,4694.0,153.0,261.0,4.0,1275.0,88.0,1
15.0,128.0,175.0,154.0,5.0,420.0,270.0,1
10.0,3020.0,100.0,154.0,3.0,555.0,65.0,1
5.0,1197.0,154.0,203.0,3.0,525.0,351.0,1
5.0,1773.0,16.0,183.0,6.0,965.0,115.0,1
6.0,5490.0,158.0,16.0,5.0,969.0,102.0,1
10.0,2791.0,80.0,116.0,1.0,535.0,90.0,1
8.0,726.0,80.0,184.0,1.0,360.0,135.0,1
5.0,1252.0,16.0,71.0,4.0,1291.0,88.0,1
10.0,2924.0,41.0,80.0,6.0,725.0,90.0,1
13.0,716.0,207.0,79.0,7.0,875.0,132.0,1
15.0,3504.0,198.0,75.0,3.0,570.0,90.0,1
14.0,865.0,216.0,173.0,7.0,1240.0,154.0,1
13.0,760.0,253.0,208.0,6.0,812.0,263.0,1
17.0,2604.0,60.0,120.0,4.0,590.0,56.0,1
5.0,1720.0,183.0,71.0,1.0,760.0,158.0,1
1.0,421.0,80.0,18.0,7.0,525.0,60.0,1
14.0,707.0,216.0,208.0,3.0,1075.0,150.0,1
12.0,6312.0,227.0,154.0,1.0,446.0,52.0,1
13.0,787.0,253.0,243.0,5.0,1348.0,91.0,1
14.0,1509.0,277.0,60.0,4.0,515.0,100.0,1
15.0,596.0,45.0,228.0,3.0,1000.0,70.0,1
13.0,933.0,134.0,233.0,3.0,1320.0,71.0,1
13.0,355.0,16.0,208.0,3.0,576.0,133.0,1
5.0,721.0,197.0,16.0,5.0,1116.0,155.0,1
17.0,2735.0,217.0,160.0,4.0,520.0,82.0,1
12.0,4536.0,236.0,261.0,7.0,623.0,86.0,1
8.0,529.0,16.0,177.0,4.0,1103.0,81.0,1
15.0,2510.0,258.0,154.0,6.0,1160.0,70.0,1
0.0,4292.0,167.0,148.0,6.0,890.0,110.0,1
3.0,1226.0,233.0,35.0,1.0,1020.0,101.0,1
17.0,1024.0,150.0,128.0,4.0,609.0,40.0,1
7.0,769.0,79.0,153.0,5.0,404.0,113.0,1
4.0,199.0,135.0,79.0,4.0,440.0,157.0,1
1.0,1898.0,91.0,80.0,5.0,720.0,100.0,1
4.0,337.0,60.0,96.0,3.0,900.0,120.0,1
5.0,2770.0,177.0,197.0,1.0,965.0,129.0,1
6.0,5394.0,16.0,187.0,4.0,1310.0,119.0,1
15.0,1047.0,153.0,264.0,5.0,1250.0,65.0,1
12.0,4784.0,236.0,261.0,3.0,983.0,80.0,1
2.0,563.0,154.0,214.0,4.0,510.0,147.0,1
15.0,518.0,79.0,172.0,3.0,870.0,90.0,1
15.0,1636.0,129.0,75.0,4.0,375.0,60.0,1
10.0,3844.0,208.0,16.0,3.0,495.0,120.0,1
10.0,4129.0,62.0,208.0,7.0,1075.0,65.0,1
15.0,1755.0,258.0,154.0,3.0,1200.0,70.0,1
12.0,4513.0,204.0,177.0,3.0,725.0,94.0,1
15.0,870.0,18.0,155.0,5.0,655.0,70.0,1
12.0,6610.0,79.0,114.0,4.0,855.0,53.0,1
4.0,1166.0,208.0,96.0,7.0,630.0,130.0,1
10.0,3355.0,80.0,165.0,6.0,590.0,85.0,1
16.0,2153.0,96.0,33.0,1.0,600.0,157.0,1
13.0,250.0,214.0,134.0,3.0,445.0,298.0,1
8.0,88.0,16.0,104.0,7.0,1199.0,101.0,1
11.0,6479.0,238.0,148.0,5.0,925.0,103.0,1
8.0,113.0,16.0,80.0,1.0,901.0,146.0,1
5.0,1437.0,45.0,85.0,7.0,995.0,99.0,1
6.0,7078.0,134.0,238.0,1.0,755.0,73.0,1
15.0,782.0,175.0,134.0,4.0,840.0,110.0,1
10.0,3851.0,208.0,16.0,1.0,635.0,120.0,1
0.0,3906.0,247.0,71.0,4.0,714.0,61.0,1
1.0,1096.0,243.0,208.0,6.0,380.0,250.0,1
13.0,220.0,253.0,134.0,7.0,980.0,303.0,1
15.0,885.0,262.0,154.0,5.0,520.0,80.0,1
8.0,316.0,16.0,60.0,4.0,1070.0,69.0,1
6.0,7135.0,134.0,54.0,6.0,481.0,101.0,1
17.0,7247.0,134.0,16.0,4.0,737.0,116.0,1
15.0,1031.0,243.0,262.0,1.0,470.0,100.0,1
14.0,273.0,207.0,217.0,3.0,600.0,72.0,1
3.0,1304.0,134.0,148.0,7.0,451.0,73.0,1
5.0,1884.0,277.0,71.0,6.0,490.0,133.0,1
5.0,1174.0,16.0,43.0,1.0,645.0,132.0,1
0.0,4067.0,85.0,285.0,4.0,1160.0,98.0,1
12.0,6753.0,57.0,154.0,5.0,1172.0,39.0,1
4.0,159.0,78.0,135.0,3.0,1175.0,205.0,1
10.0,3608.0,16.0,183.0,1.0,1000.0,120.0,1
15.0,2855.0,155.0,75.0,4.0,1050.0,65.0,1
10.0,3306.0,47.0,80.0,5.0,670.0,180.0,1
14.0,718.0,35.0,216.0,1.0,930.0,111.0,1
17.0,7210.0,134.0,147.0,3.0,515.0,117.0,1
1.0,559.0,16.0,80.0,3.0,1085.0,155.0,1
16.0,2678.0,135.0,68.0,6.0,580.0,61.0,1
9.0,165.0,203.0,128.0,6.0,806.0,34.0,1
13.0,301.0,79.0,153.0,7.0,676.0,122.0,1
6.0,5579.0,121.0,16.0,1.0,1064.0,66.0,1
14.0,1789.0,60.0,153.0,5.0,680.0,292.0,1
15.0,3401.0,244.0,33.0,3.0,880.0,125.0,1
2.0,568.0,214.0,154.0,1.0,1070.0,135.0,1
13.0,139.0,154.0,198.0,6.0,1118.0,214.0,1
6.0,5145.0,279.0,16.0,6.0,653.0,117.0,1
15.0,9.0,75.0,129.0,3.0,540.0,60.0,1
12.0,4778.0,261.0,205.0,7.0,1215.0,143.0,1
4.0,675.0,221.0,135.0,5.0,1060.0,190.0,1
12.0,4683.0,93.0,261.0,1.0,780.0,107.0,1
13.0,955.0,253.0,243.0,5.0,970.0,97.0,1
15.0,1812.0,216.0,35.0,5.0,745.0,80.0,1
11.0,6611.0,233.0,177.0,6.0,435.0,139.0,1
4.0,211.0,96.0,135.0,4.0,465.0,248.0,1
15.0,237.0,214.0,236.0,3.0,465.0,80.0,1
13.0,902.0,79.0,134.0,4.0,645.0,197.0,1
10.0,4582.0,159.0,60.0,3.0,510.0,125.0,1
0.0,3674.0,177.0,187.0,5.0,1160.0,90.0,1
16.0,2598.0,135.0,172.0,5.0,1050.0,115.0,1
15.0,494.0,268.0,129.0,7.0,635.0,130.0,1
10.0,3984.0,208.0,76.0,7.0,515.0,70.0,1
15.0,2970.0,139.0,175.0,4.0,450.0,60.0,1
15.0,1079.0,233.0,277.0,7.0,715.0,115.0,1
14.0,578.0,217.0,277.0,5.0,595.0,238.0,1
1.0,539.0,80.0,153.0,6.0,1095.0,180.0,1
6.0,5295.0,287.0,16.0,3.0,1078.0,74.0,1
0.0,3655.0,197.0,279.0,3.0,545.0,127.0,1
12.0,6867.0,79.0,18.0,4.0,614.0,124.0,1
14.0,965.0,216.0,253.0,5.0,845.0,380.0,1
1.0,548.0,154.0,208.0,7.0,360.0,240.0,1
15.0,1396.0,202.0,153.0,7.0,1210.0,85.0,1
15.0,3768.0,207.0,202.0,3.0,495.0,75.0,1
3.0,1422.0,160.0,214.0,7.0,680.0,143.0,1
1.0,454.0,208.0,233.0,6.0,880.0,110.0,1
1.0,664.0,104.0,148.0,5.0,705.0,170.0,1
0.0,3714.0,85.0,61.0,5.0,1035.0,68.0,1
13.0,926.0,154.0,253.0,4.0,990.0,89.0,1
5.0,1759.0,215.0,16.0,5.0,973.0,115.0,1
1.0,1820.0,135.0,80.0,5.0,725.0,65.0,1
10.0,4267.0,208.0,94.0,6.0,1140.0,70.0,1
8.0,486.0,173.0,45.0,5.0,455.0,128.0,1
14.0,1468.0,78.0,43.0,7.0,980.0,72.0,1
13.0,650.0,22.0,134.0,4.0,360.0,94.0,1
5.0,109.0,16.0,173.0,7.0,1085.0,94.0,1
5.0,2088.0,258.0,197.0,5.0,723.0,231.0,1
12.0,4534.0,261.0,244.0,4.0,880.0,160.0,1
4.0,1626.0,96.0,243.0,4.0,520.0,374.0,1
12.0,4586.0,261.0,205.0,7.0,830.0,144.0,1
15.0,52.0,104.0,129.0,1.0,995.0,180.0,1
14.0,1525.0,60.0,79.0,1.0,564.0,223.0,1
3.0,440.0,173.0,35.0,5.0,1145.0,165.0,1
6.0,5086.0,16.0,27.0,7.0,930.0,55.0,1
2.0,80.0,14.0,252.0,4.0,630.0,200.0,1
8.0,790.0,268.0,16.0,7.0,608.0,89.0,1
15.0,3673.0,258.0,153.0,3.0,1285.0,75.0,1
15.0,2383.0,173.0,79.0,1.0,880.0,260.0,1
15.0,1812.0,172.0,175.0,5.0,425.0,90.0,1
15.0,2186.0,79.0,173.0,6.0,625.0,210.0,1
6.0,5250.0,78.0,35.0,1.0,595.0,94.0,1
13.0,966.0,154.0,134.0,3.0,370.0,292.0,1
5.0,2582.0,173.0,22.0,1.0,1100.0,154.0,1
6.0,5393.0,16.0,157.0,5.0,513.0,76.0,1
5.0,264.0,217.0,197.0,4.0,850.0,185.0,1
16.0,3104.0,69.0,135.0,4.0,1075.0,171.0,1
5.0,1631.0,78.0,177.0,1.0,1040.0,150.0,1
10.0,2735.0,80.0,162.0,4.0,405.0,70.0,1
10.0,3213.0,162.0,80.0,6.0,785.0,80.0,1
0.0,3978.0,177.0,285.0,7.0,855.0,78.0,1
11.0,6344.0,71.0,197.0,4.0,1165.0,134.0,1
2.0,642.0,252.0,217.0,7.0,1210.0,164.0,1
2.0,873.0,203.0,14.0,4.0,980.0,353.0,1
5.0,2372.0,277.0,16.0,3.0,989.0,95.0,1
9.0,126.0,128.0,203.0,4.0,670.0,37.0,1
6.0,4973.0,101.0,16.0,6.0,510.0,97.0,1
15.0,2020.0,111.0,34.0,1.0,945.0,60.0,1
6.0,7310.0,205.0,85.0,3.0,1072.0,118.0,1
15.0,1566.0,172.0,214.0,7.0,900.0,245.0,1
1.0,2162.0,80.0,213.0,3.0,835.0,150.0,1
1.0,2167.0,154.0,80.0,1.0,610.0,180.0,1
4.0,1770.0,173.0,58.0,7.0,755.0,141.0,1
15.0,610.0,236.0,243.0,7.0,1175.0,85.0,1
8.0,94.0,233.0,16.0,4.0,945.0,85.0,1
6.0,5136.0,16.0,288.0,4.0,572.0,78.0,1
5.0,2478.0,261.0,34.0,3.0,1202.0,72.0,1
12.0,4466.0,261.0,80.0,1.0,510.0,160.0,1
15.0,1648.0,153.0,244.0,6.0,600.0,160.0,1
1.0,1487.0,208.0,236.0,1.0,640.0,255.0,1
5.0,503.0,16.0,172.0,4.0,948.0,137.0,1
0.0,4387.0,66.0,177.0,7.0,990.0,75.0,1
5.0,2829.0,16.0,252.0,7.0,1145.0,336.0,1
10.0,4103.0,162.0,208.0,6.0,1055.0,120.0,1
15.0,1309.0,217.0,153.0,6.0,905.0,70.0,1
4.0,1495.0,135.0,154.0,5.0,580.0,221.0,1
17.0,2633.0,134.0,60.0,3.0,1083.0,90.0,1
15.0,765.0,262.0,175.0,4.0,830.0,245.0,1
16.0,2982.0,58.0,78.0,5.0,1005.0,72.0,1
10.0,3029.0,154.0,79.0,6.0,1125.0,140.0,1
2.0,482.0,252.0,243.0,4.0,940.0,160.0,1
5.0,1103.0,261.0,214.0,1.0,692.0,121.0,1
10.0,2894.0,184.0,80.0,7.0,555.0,165.0,1
5.0,1569.0,234.0,16.0,7.0,738.0,111.0,1
10.0,3676.0,183.0,61.0,6.0,685.0,160.0,1
15.0,29.0,268.0,75.0,1.0,685.0,105.0,1
1.0,346.0,208.0,159.0,3.0,1175.0,120.0,1
15.0,669.0,202.0,252.0,7.0,645.0,120.0,1
13.0,615.0,78.0,208.0,5.0,688.0,127.0,1
10.0,4157.0,33.0,208.0,6.0,1120.0,105.0,1
3.0,270.0,44.0,153.0,1.0,975.0,65.0,1
6.0,5434.0,275.0,16.0,3.0,910.0,74.0,1
5.0,2945.0,197.0,135.0,5.0,1020.0,181.0,1
15.0,815.0,251.0,277.0,3.0,685.0,125.0,1
5.0,1169.0,104.0,154.0,3.0,445.0,350.0,1
15.0,1633.0,153.0,280.0,4.0,385.0,75.0,1
0.0,3719.0,85.0,43.0,7.0,1050.0,80.0,1
6.0,7371.0,177.0,256.0,4.0,565.0,74.0,1
0.0,3914.0,85.0,171.0,1.0,1045.0,54.0,1
11.0,6527.0,78.0,148.0,7.0,365.0,82.0,1
16.0,2559.0,135.0,158.0,7.0,585.0,53.0,1
12.0,6645.0,191.0,253.0,3.0,1216.0,33.0,1
15.0,2061.0,251.0,268.0,6.0,605.0,70.0,1
14.0,738.0,221.0,216.0,5.0,1065.0,76.0,1
11.0,6536.0,197.0,71.0,3.0,1155.0,119.0,1
6.0,7110.0,229.0,134.0,6.0,1144.0,107.0,1
2.0,465.0,154.0,252.0,5.0,920.0,165.0,1
9.0,25.0,214.0,128.0,6.0,605.0,365.0,1
15.0,1235.0,45.0,2.0,5.0,770.0,280.0,1
14.0,285.0,217.0,258.0,7.0,1265.0,118.0,1
2.0,62.0,151.0,252.0,1.0,818.0,112.0,1
15.0,1566.0,75.0,172.0,7.0,785.0,85.0,1
15.0,2206.0,262.0,217.0,1.0,1000.0,110.0,1
16.0,3052.0,68.0,135.0,5.0,710.0,62.0,1
16.0,2498.0,2.0,135.0,1.0,880.0,119.0,1
10.0,2871.0,146.0,80.0,7.0,505.0,95.0,1
15.0,1136.0,154.0,253.0,7.0,455.0,80.0,1
3.0,51.0,42.0,148.0,5.0,670.0,75.0,1
10.0,2920.0,62.0,80.0,6.0,440.0,145.0,1
7.0,618.0,217.0,79.0,1.0,545.0,105.0,1
15.0,1663.0,277.0,216.0,3.0,445.0,150.0,1
16.0,5981.0,208.0,204.0,6.0,715.0,133.0,1
14.0,583.0,217.0,111.0,1.0,686.0,176.0,1
2.0,366.0,252.0,262.0,7.0,405.0,106.0,1
3.0,1282.0,234.0,35.0,3.0,974.0,89.0,1
4.0,1581.0,252.0,14.0,4.0,795.0,219.0,1
6.0,5580.0,268.0,78.0,7.0,420.0,123.0,1
15.0,957.0,44.0,262.0,3.0,1100.0,75.0,1
12.0,4589.0,261.0,160.0,4.0,669.0,116.0,1
15.0,1070.0,268.0,175.0,5.0,590.0,60.0,1
5.0,2586.0,16.0,159.0,7.0,1060.0,144.0,1
12.0,4504.0,261.0,28.0,7.0,1027.0,82.0,1
6.0,7309.0,16.0,52.0,7.0,735.0,47.0,1
10.0,2883.0,80.0,129.0,7.0,1080.0,70.0,1
15.0,1395.0,75.0,268.0,7.0,1100.0,100.0,1
7.0,665.0,79.0,253.0,4.0,995.0,160.0,1
2.0,658.0,258.0,18.0,4.0,535.0,199.0,1
9.0,8.0,128.0,153.0,5.0,1375.0,345.0,1
13.0,712.0,154.0,253.0,7.0,1215.0,84.0,1
13.0,812.0,111.0,79.0,4.0,373.0,133.0,1
1.0,2530.0,183.0,153.0,4.0,1170.0,335.0,1
16.0,2984.0,135.0,75.0,5.0,1170.0,68.0,1
6.0,4966.0,16.0,215.0,7.0,505.0,98.0,1
17.0,1048.0,161.0,128.0,3.0,435.0,29.0,1
7.0,412.0,154.0,79.0,4.0,1125.0,131.0,1
16.0,2841.0,76.0,58.0,5.0,1040.0,53.0,1
10.0,3212.0,80.0,162.0,4.0,690.0,70.0,1
14.0,1513.0,60.0,217.0,4.0,779.0,276.0,1
6.0,5292.0,195.0,78.0,7.0,745.0,115.0,1
10.0,4153.0,20.0,208.0,3.0,830.0,135.0,1
0.0,4336.0,108.0,177.0,7.0,990.0,65.0,1
10.0,4095.0,208.0,221.0,5.0,610.0,85.0,1
10.0,3877.0,216.0,208.0,1.0,635.0,145.0,1
5.0,1597.0,197.0,258.0,1.0,545.0,255.0,1
15.0,1848.0,172.0,33.0,5.0,1030.0,90.0,1
16.0,3106.0,135.0,41.0,4.0,720.0,59.0,1
10.0,3718.0,16.0,208.0,7.0,1065.0,130.0,1
5.0,2645.0,85.0,253.0,7.0,1160.0,321.0,1
10.0,4616.0,233.0,159.0,5.0,490.0,90.0,1
12.0,4651.0,99.0,197.0,3.0,320.0,62.0,1
13.0,945.0,208.0,154.0,1.0,715.0,275.0,1
12.0,4518.0,261.0,79.0,1.0,760.0,83.0,1
13.0,382.0,208.0,134.0,3.0,529.0,113.0,1
9.0,204.0,161.0,128.0,7.0,820.0,32.0,1
15.0,1328.0,217.0,207.0,5.0,1200.0,70.0,1
14.0,1764.0,60.0,78.0,3.0,1077.0,74.0,1
7.0,725.0,79.0,243.0,6.0,1270.0,139.0,1
6.0,5014.0,136.0,16.0,4.0,330.0,132.0,1
8.0,305.0,79.0,16.0,7.0,745.0,165.0,1
1.0,1598.0,252.0,80.0,6.0,830.0,230.0,1
0.0,4226.0,71.0,209.0,3.0,690.0,99.0,1
0.0,4116.0,121.0,85.0,7.0,752.0,116.0,1
5.0,2615.0,16.0,217.0,3.0,990.0,257.0,1
13.0,556.0,154.0,253.0,7.0,675.0,91.0,1
3.0,591.0,130.0,173.0,3.0,390.0,164.0,1
13.0,471.0,34.0,208.0,7.0,407.0,198.0,1
1.0,642.0,244.0,80.0,5.0,1040.0,70.0,1
12.0,6395.0,33.0,208.0,6.0,865.0,105.0,1
16.0,2726.0,16.0,96.0,3.0,480.0,123.0,1
15.0,1235.0,2.0,154.0,3.0,960.0,125.0,1
11.0,6756.0,233.0,268.0,3.0,620.0,147.0,1
1.0,1787.0,148.0,277.0,7.0,1020.0,185.0,1
4.0,47.0,135.0,154.0,6.0,1150.0,218.0,1
12.0,6553.0,253.0,179.0,5.0,1050.0,98.0,1
15.0,1057.0,79.0,129.0,7.0,1015.0,140.0,1
10.0,3277.0,80.0,5.0,6.0,1215.0,40.0,1
2.0,889.0,243.0,203.0,1.0,570.0,350.0,1
10.0,2983.0,70.0,80.0,5.0,970.0,155.0,1
15.0,673.0,244.0,131.0,1.0,450.0,55.0,1
10.0,4295.0,208.0,109.0,6.0,1050.0,60.0,1
17.0,2827.0,177.0,217.0,5.0,870.0,214.0,1
15.0,757.0,154.0,262.0,1.0,855.0,80.0,1
12.0,6469.0,93.0,253.0,6.0,498.0,95.0,1
11.0,6677.0,61.0,78.0,4.0,1045.0,77.0,1
10.0,2925.0,41.0,80.0,3.0,525.0,90.0,1
14.0,1019.0,228.0,60.0,3.0,385.0,143.0,1
1.0,1871.0,80.0,153.0,3.0,660.0,180.0,1
12.0,6810.0,210.0,214.0,6.0,1201.0,54.0,1
12.0,6869.0,79.0,114.0,5.0,1224.0,53.0,1
15.0,663.0,175.0,43.0,4.0,1100.0,85.0,1
2.0,672.0,252.0,79.0,7.0,785.0,155.0,1
1.0,1659.0,233.0,208.0,7.0,1100.0,135.0,1
12.0,4765.0,153.0,154.0,7.0,360.0,75.0,1
13.0,936.0,79.0,134.0,3.0,686.0,195.0,1
15.0,655.0,153.0,280.0,3.0,630.0,75.0,1
15.0,1339.0,217.0,262.0,6.0,835.0,125.0,1
15.0,389.0,198.0,33.0,5.0,785.0,85.0,1
10.0,3674.0,60.0,183.0,4.0,1155.0,130.0,1
15.0,871.0,217.0,243.0,3.0,995.0,65.0,1
5.0,2147.0,182.0,16.0,3.0,420.0,184.0,1
11.0,6354.0,71.0,94.0,7.0,810.0,59.0,1
3.0,621.0,148.0,129.0,1.0,710.0,244.0,1
15.0,916.0,79.0,129.0,3.0,1210.0,140.0,1
0.0,3875.0,121.0,85.0,3.0,360.0,115.0,1
15.0,2466.0,202.0,207.0,5.0,1045.0,70.0,1
7.0,724.0,79.0,78.0,4.0,705.0,193.0,1
0.0,3703.0,197.0,107.0,1.0,925.0,62.0,1
10.0,4671.0,16.0,159.0,7.0,1125.0,145.0,1
5.0,2951.0,197.0,29.0,1.0,1050.0,89.0,1
8.0,367.0,159.0,16.0,5.0,958.0,159.0,1
3.0,242.0,160.0,202.0,4.0,1257.0,75.0,1
15.0,258.0,153.0,154.0,1.0,1045.0,70.0,1
15.0,2524.0,175.0,129.0,3.0,1240.0,170.0,1
15.0,1566.0,45.0,18.0,5.0,510.0,235.0,1
15.0,463.0,79.0,153.0,6.0,730.0,120.0,1
12.0,7802.0,282.0,261.0,6.0,736.0,63.0,1
1.0,425.0,208.0,252.0,6.0,940.0,270.0,1
0.0,4024.0,152.0,85.0,5.0,920.0,56.0,1
7.0,451.0,159.0,184.0,1.0,719.0,140.0,1
5.0,1968.0,197.0,184.0,1.0,1030.0,73.0,1
12.0,6424.0,184.0,208.0,3.0,783.0,50.0,1
4.0,58.0,79.0,135.0,3.0,695.0,139.0,1
8.0,722.0,198.0,45.0,6.0,1032.0,139.0,1
11.0,6659.0,197.0,111.0,7.0,690.0,200.0,1
5.0,1821.0,183.0,148.0,7.0,420.0,176.0,1
14.0,957.0,221.0,60.0,5.0,430.0,96.0,1
4.0,1789.0,85.0,135.0,4.0,1067.0,193.0,1
5.0,1758.0,54.0,16.0,4.0,390.0,75.0,1
15.0,298.0,236.0,154.0,7.0,525.0,85.0,1
5.0,2542.0,16.0,96.0,3.0,895.0,143.0,1
5.0,1855.0,16.0,154.0,4.0,814.0,298.0,1
12.0,6445.0,154.0,280.0,5.0,1275.0,80.0,1
8.0,1179.0,241.0,119.0,5.0,1140.0,162.0,1
3.0,98.0,79.0,148.0,5.0,59.0,213.0,1
1.0,1192.0,80.0,209.0,5.0,815.0,160.0,1
5.0,1219.0,85.0,197.0,7.0,575.0,130.0,1
15.0,533.0,153.0,236.0,5.0,520.0,75.0,1
14.0,2118.0,159.0,35.0,3.0,480.0,64.0,1
12.0,6898.0,184.0,208.0,5.0,981.0,50.0,1
12.0,6556.0,79.0,279.0,6.0,987.0,93.0,1
5.0,2086.0,16.0,159.0,3.0,760.0,139.0,1
6.0,4947.0,16.0,47.0,1.0,905.0,64.0,1
10.0,4496.0,159.0,61.0,5.0,1199.0,116.0,1
1.0,1575.0,80.0,253.0,7.0,1285.0,235.0,1
17.0,7278.0,208.0,273.0,4.0,998.0,99.0,1
12.0,4591.0,261.0,244.0,1.0,595.0,165.0,1
5.0,2403.0,85.0,104.0,4.0,620.0,191.0,1
5.0,2048.0,85.0,159.0,1.0,600.0,108.0,1
5.0,1438.0,16.0,78.0,3.0,1295.0,100.0,1
15.0,201.0,75.0,129.0,4.0,390.0,60.0,1
12.0,4776.0,261.0,224.0,5.0,916.0,99.0,1
5.0,2615.0,16.0,217.0,7.0,990.0,257.0,1
1.0,1912.0,80.0,173.0,1.0,675.0,145.0,1
13.0,473.0,45.0,208.0,4.0,994.0,136.0,1
4.0,529.0,79.0,96.0,7.0,1110.0,215.0,1
6.0,4942.0,147.0,78.0,1.0,360.0,112.0,1
12.0,6858.0,243.0,79.0,4.0,1046.0,134.0,1
5.0,2001.0,16.0,147.0,1.0,1044.0,70.0,1
12.0,6549.0,232.0,253.0,7.0,1219.0,101.0,1
1.0,395.0,183.0,80.0,4.0,645.0,200.0,1
2.0,560.0,214.0,154.0,6.0,400.0,137.0,1
15.0,922.0,264.0,217.0,5.0,540.0,75.0,1
12.0,4600.0,253.0,261.0,1.0,613.0,117.0,1
6.0,5446.0,288.0,16.0,4.0,615.0,74.0,1
5.0,2225.0,45.0,16.0,7.0,825.0,123.0,1
1.0,1657.0,148.0,183.0,4.0,965.0,210.0,1
11.0,6376.0,159.0,71.0,4.0,1170.0,148.0,1
0.0,3980.0,223.0,177.0,6.0,985.0,91.0,1
12.0,6693.0,172.0,134.0,1.0,742.0,141.0,1
15.0,465.0,243.0,172.0,1.0,420.0,190.0,1
1.0,1874.0,80.0,96.0,5.0,575.0,200.0,1
15.0,3511.0,261.0,252.0,5.0,1080.0,135.0,1
15.0,340.0,202.0,264.0,7.0,780.0,80.0,1
3.0,154.0,173.0,148.0,7.0,745.0,152.0,1
11.0,6637.0,177.0,290.0,7.0,865.0,76.0,1
16.0,3119.0,135.0,190.0,5.0,599.0,76.0,1
15.0,680.0,75.0,18.0,7.0,525.0,55.0,1
10.0,3064.0,243.0,154.0,3.0,1195.0,45.0,1
10.0,3232.0,80.0,254.0,1.0,860.0,75.0,1
2.0,755.0,268.0,252.0,6.0,1080.0,268.0,1
15.0,944.0,170.0,153.0,5.0,995.0,145.0,1
0.0,3967.0,148.0,12.0,3.0,1310.0,95.0,1
6.0,5163.0,58.0,16.0,6.0,964.0,120.0,1
0.0,3875.0,121.0,85.0,1.0,360.0,115.0,1
10.0,4634.0,159.0,233.0,6.0,960.0,110.0,1
5.0,1828.0,16.0,175.0,1.0,900.0,117.0,1
0.0,4208.0,85.0,229.0,5.0,1065.0,117.0,1
5.0,1751.0,197.0,153.0,7.0,540.0,213.0,1
1.0,1723.0,45.0,183.0,3.0,370.0,160.0,1
0.0,4302.0,85.0,54.0,4.0,830.0,127.0,1
5.0,2511.0,16.0,80.0,6.0,580.0,150.0,1
5.0,2699.0,197.0,217.0,1.0,685.0,204.0,1
12.0,6502.0,208.0,85.0,4.0,806.0,76.0,1
14.0,1859.0,172.0,60.0,6.0,435.0,133.0,1
11.0,6382.0,21.0,85.0,3.0,420.0,60.0,1
14.0,1271.0,35.0,216.0,3.0,750.0,94.0,1
4.0,1580.0,252.0,96.0,5.0,450.0,305.0,1
17.0,7246.0,172.0,208.0,1.0,648.0,87.0,1
6.0,7138.0,182.0,134.0,3.0,1145.0,110.0,1
5.0,2379.0,251.0,16.0,6.0,431.0,89.0,1
17.0,2854.0,103.0,217.0,5.0,465.0,71.0,1
12.0,4698.0,67.0,261.0,3.0,778.0,73.0,1
10.0,3025.0,154.0,243.0,1.0,400.0,45.0,1
15.0,1672.0,153.0,175.0,6.0,415.0,215.0,1
13.0,73.0,243.0,253.0,1.0,382.0,103.0,1
5.0,1053.0,16.0,209.0,4.0,991.0,96.0,1
15.0,370.0,258.0,154.0,4.0,520.0,70.0,1
12.0,6284.0,154.0,144.0,3.0,1352.0,59.0,1
16.0,2001.0,172.0,96.0,6.0,780.0,174.0,1
8.0,1006.0,35.0,241.0,1.0,672.0,221.0,1
5.0,1001.0,35.0,16.0,3.0,660.0,176.0,1
10.0,4482.0,233.0,78.0,7.0,500.0,60.0,1
14.0,816.0,60.0,174.0,5.0,1189.0,84.0,1
14.0,2143.0,35.0,159.0,7.0,1200.0,74.0,1
15.0,1162.0,216.0,175.0,4.0,1065.0,140.0,1
1.0,24.0,253.0,148.0,3.0,425.0,325.0,1
15.0,1021.0,198.0,129.0,5.0,640.0,75.0,1
17.0,2859.0,103.0,217.0,7.0,680.0,65.0,1
1.0,761.0,208.0,268.0,1.0,725.0,65.0,1
1.0,1209.0,80.0,258.0,4.0,745.0,230.0,1
1.0,372.0,260.0,277.0,3.0,1245.0,180.0,1
5.0,2288.0,16.0,35.0,3.0,750.0,153.0,1
13.0,276.0,208.0,16.0,6.0,360.0,121.0,1
10.0,2704.0,80.0,195.0,4.0,700.0,130.0,1
15.0,669.0,202.0,252.0,3.0,645.0,120.0,1
13.0,32.0,214.0,79.0,3.0,360.0,146.0,1
13.0,671.0,217.0,253.0,7.0,376.0,138.0,1
13.0,168.0,79.0,45.0,6.0,755.0,200.0,1
0.0,3826.0,85.0,229.0,1.0,600.0,116.0,1
1.0,2059.0,80.0,261.0,4.0,1255.0,170.0,1
5.0,1822.0,85.0,35.0,3.0,1300.0,119.0,1
12.0,6232.0,100.0,153.0,7.0,365.0,77.0,1
12.0,6825.0,253.0,231.0,6.0,1294.0,63.0,1
0.0,3930.0,164.0,197.0,4.0,1016.0,84.0,1
15.0,912.0,104.0,173.0,5.0,1100.0,60.0,1
8.0,734.0,197.0,184.0,7.0,752.0,72.0,1
1.0,2033.0,80.0,252.0,7.0,1220.0,255.0,1
15.0,2383.0,173.0,79.0,5.0,880.0,260.0,1
5.0,2223.0,261.0,154.0,6.0,522.0,116.0,1
10.0,3232.0,80.0,254.0,4.0,860.0,75.0,1
4.0,1714.0,135.0,262.0,6.0,555.0,249.0,1
4.0,390.0,261.0,135.0,4.0,756.0,180.0,1
1.0,1602.0,91.0,80.0,7.0,360.0,100.0,1
12.0,6585.0,208.0,72.0,4.0,998.0,57.0,1
10.0,4057.0,273.0,208.0,6.0,720.0,135.0,1
14.0,196.0,216.0,217.0,6.0,615.0,330.0,1
6.0,5447.0,251.0,16.0,7.0,680.0,93.0,1
14.0,1766.0,60.0,78.0,1.0,890.0,80.0,1
4.0,697.0,135.0,153.0,4.0,885.0,207.0,1
8.0,281.0,35.0,16.0,5.0,360.0,180.0,1
6.0,5233.0,41.0,16.0,5.0,345.0,97.0,1
5.0,1155.0,16.0,147.0,7.0,1312.0,71.0,1
15.0,2993.0,184.0,45.0,4.0,780.0,120.0,1
5.0,336.0,129.0,16.0,3.0,650.0,124.0,1
1.0,802.0,264.0,80.0,1.0,580.0,170.0,1
15.0,4.0,129.0,75.0,1.0,420.0,60.0,1
1.0,1308.0,154.0,18.0,5.0,765.0,175.0,1
0.0,4300.0,223.0,177.0,5.0,681.0,93.0,1
13.0,84.0,154.0,148.0,5.0,360.0,334.0,1
10.0,3070.0,243.0,154.0,5.0,790.0,45.0,1
15.0,2038.0,75.0,268.0,1.0,585.0,95.0,1
12.0,6608.0,79.0,230.0,6.0,880.0,62.0,1
0.0,4202.0,74.0,16.0,1.0,910.0,90.0,1
15.0,1636.0,75.0,204.0,5.0,455.0,50.0,1
3.0,723.0,148.0,37.0,4.0,1425.0,216.0,1
15.0,1211.0,79.0,154.0,6.0,1135.0,160.0,1
2.0,225.0,253.0,214.0,5.0,1220.0,103.0,1
12.0,6918.0,63.0,208.0,7.0,360.0,82.0,1
10.0,4280.0,132.0,208.0,4.0,420.0,130.0,1
13.0,330.0,243.0,208.0,3.0,544.0,241.0,1
8.0,290.0,129.0,16.0,3.0,365.0,112.0,1
14.0,1770.0,60.0,35.0,7.0,860.0,120.0,1
17.0,2966.0,153.0,253.0,7.0,570.0,95.0,1
15.0,2942.0,173.0,12.0,6.0,565.0,160.0,1
0.0,4147.0,85.0,43.0,7.0,825.0,75.0,1
17.0,7285.0,134.0,209.0,3.0,745.0,56.0,1
0.0,3986.0,197.0,139.0,5.0,800.0,111.0,1
8.0,303.0,16.0,79.0,7.0,610.0,215.0,1
12.0,6674.0,100.0,79.0,5.0,370.0,134.0,1
15.0,274.0,141.0,173.0,5.0,430.0,170.0,1
15.0,2978.0,134.0,175.0,3.0,545.0,125.0,1
0.0,4051.0,139.0,177.0,7.0,1060.0,90.0,1
10.0,4318.0,208.0,45.0,4.0,845.0,115.0,1
5.0,2135.0,221.0,16.0,4.0,465.0,133.0,1
17.0,7254.0,139.0,134.0,6.0,1156.0,93.0,1
15.0,1655.0,33.0,175.0,5.0,450.0,90.0,1
4.0,526.0,135.0,45.0,3.0,975.0,171.0,1
12.0,6508.0,253.0,18.0,3.0,656.0,203.0,1
14.0,2168.0,78.0,159.0,4.0,660.0,68.0,1
13.0,453.0,45.0,79.0,1.0,884.0,251.0,1
5.0,1547.0,159.0,16.0,5.0,420.0,164.0,1
12.0,4644.0,197.0,112.0,1.0,550.0,75.0,1
4.0,1649.0,104.0,135.0,3.0,375.0,164.0,1
7.0,400.0,154.0,79.0,6.0,545.0,140.0,1
16.0,2064.0,139.0,96.0,4.0,826.0,120.0,1
2.0,66.0,14.0,50.0,3.0,925.0,53.0,1
1.0,2545.0,205.0,80.0,7.0,490.0,130.0,1
9.0,145.0,203.0,128.0,3.0,585.0,34.0,1
0.0,4273.0,121.0,16.0,1.0,515.0,84.0,1
10.0,3351.0,80.0,155.0,6.0,870.0,70.0,1
6.0,5032.0,16.0,70.0,7.0,790.0,43.0,1
17.0,2863.0,217.0,103.0,4.0,1255.0,62.0,1
14.0,786.0,183.0,60.0,7.0,1030.0,125.0,1
14.0,639.0,217.0,207.0,5.0,1259.0,71.0,1
10.0,4652.0,16.0,159.0,3.0,390.0,120.0,1
15.0,266.0,175.0,268.0,7.0,580.0,65.0,1
6.0,5037.0,16.0,157.0,7.0,1150.0,78.0,1
14.0,928.0,60.0,208.0,5.0,868.0,120.0,1
15.0,1434.0,175.0,268.0,3.0,890.0,65.0,1
9.0,11.0,253.0,128.0,7.0,520.0,335.0,1
17.0,2946.0,280.0,217.0,4.0,1070.0,51.0,1
15.0,941.0,141.0,45.0,1.0,745.0,75.0,1
5.0,2341.0,197.0,205.0,7.0,1175.0,71.0,1
17.0,2681.0,60.0,267.0,3.0,564.0,107.0,1
17.0,2973.0,253.0,153.0,4.0,1045.0,87.0,1
10.0,4597.0,233.0,159.0,1.0,870.0,90.0,1
15.0,1273.0,75.0,204.0,7.0,925.0,50.0,1
1.0,1634.0,208.0,268.0,7.0,1095.0,65.0,1
16.0,2755.0,135.0,91.0,6.0,935.0,113.0,1
15.0,1264.0,79.0,129.0,3.0,770.0,140.0,1
1.0,1522.0,253.0,208.0,3.0,1435.0,240.0,1
6.0,5408.0,85.0,273.0,4.0,1310.0,79.0,1
14.0,987.0,216.0,173.0,3.0,480.0,163.0,1
6.0,5075.0,16.0,135.0,4.0,548.0,142.0,1
12.0,4740.0,154.0,153.0,5.0,675.0,68.0,1
16.0,2965.0,96.0,197.0,3.0,840.0,194.0,1
14.0,490.0,207.0,217.0,3.0,765.0,70.0,1
11.0,6556.0,71.0,198.0,7.0,905.0,140.0,1
5.0,28.0,173.0,16.0,6.0,750.0,97.0,1
16.0,2692.0,135.0,158.0,7.0,1280.0,53.0,1
8.0,478.0,16.0,45.0,4.0,1335.0,104.0,1
6.0,5394.0,16.0,187.0,6.0,1310.0,119.0,1
16.0,2884.0,135.0,75.0,3.0,930.0,58.0,1
5.0,1228.0,16.0,139.0,6.0,966.0,99.0,1
6.0,5373.0,16.0,273.0,3.0,925.0,130.0,1
16.0,2142.0,204.0,96.0,6.0,444.0,184.0,1
4.0,741.0,135.0,18.0,4.0,715.0,49.0,1
0.0,3753.0,177.0,147.0,5.0,870.0,104.0,1
3.0,440.0,173.0,35.0,4.0,1145.0,165.0,1
13.0,205.0,35.0,134.0,5.0,500.0,107.0,1
1.0,1923.0,253.0,154.0,5.0,755.0,85.0,1
10.0,3304.0,118.0,80.0,7.0,1175.0,50.0,1
6.0,5010.0,16.0,201.0,7.0,1002.0,82.0,1
14.0,155.0,216.0,243.0,7.0,1075.0,356.0,1
15.0,1097.0,173.0,2.0,1.0,845.0,255.0,1
15.0,639.0,261.0,79.0,6.0,725.0,90.0,1
0.0,4290.0,247.0,16.0,1.0,635.0,118.0,1
1.0,1330.0,80.0,178.0,1.0,795.0,95.0,1
14.0,954.0,104.0,216.0,6.0,465.0,156.0,1
4.0,89.0,135.0,96.0,6.0,360.0,192.0,1
8.0,55.0,16.0,154.0,4.0,535.0,320.0,1
14.0,864.0,147.0,216.0,5.0,400.0,126.0,1
14.0,145.0,264.0,217.0,7.0,765.0,76.0,1
15.0,1052.0,153.0,205.0,1.0,985.0,160.0,1
1.0,1088.0,33.0,159.0,3.0,420.0,125.0,1
1.0,1299.0,183.0,260.0,3.0,1115.0,150.0,1
15.0,100.0,141.0,104.0,7.0,460.0,185.0,1
12.0,6672.0,208.0,265.0,5.0,1028.0,51.0,1
5.0,95.0,148.0,261.0,3.0,960.0,330.0,1
12.0,6293.0,107.0,79.0,7.0,400.0,105.0,1
0.0,4156.0,147.0,177.0,5.0,715.0,118.0,1
6.0,7073.0,134.0,47.0,4.0,1320.0,81.0,1
16.0,2788.0,16.0,135.0,6.0,740.0,137.0,1
14.0,880.0,216.0,35.0,5.0,1365.0,72.0,1
2.0,505.0,264.0,252.0,5.0,1200.0,163.0,1
6.0,5560.0,27.0,16.0,7.0,1020.0,74.0,1
15.0,539.0,175.0,61.0,7.0,1205.0,70.0,1
6.0,5372.0,279.0,16.0,5.0,914.0,115.0,1
1.0,244.0,154.0,173.0,6.0,530.0,275.0,1
2.0,35.0,35.0,214.0,6.0,985.0,388.0,1
5.0,1453.0,159.0,197.0,7.0,370.0,184.0,1
13.0,269.0,234.0,208.0,4.0,1011.0,135.0,1
17.0,2980.0,217.0,205.0,4.0,805.0,159.0,1
5.0,2042.0,16.0,96.0,3.0,1145.0,145.0,1
17.0,1002.0,203.0,128.0,6.0,480.0,32.0,1
0.0,3988.0,171.0,85.0,6.0,812.0,53.0,1
16.0,2484.0,172.0,58.0,7.0,935.0,112.0,1
6.0,5148.0,16.0,275.0,7.0,900.0,70.0,1
12.0,4469.0,196.0,261.0,7.0,535.0,82.0,1
15.0,1747.0,131.0,129.0,1.0,600.0,60.0,1
10.0,2779.0,80.0,121.0,1.0,800.0,130.0,1
16.0,2639.0,279.0,135.0,7.0,918.0,94.0,1
17.0,2602.0,245.0,60.0,3.0,420.0,72.0,1
1.0,2464.0,207.0,80.0,7.0,530.0,175.0,1
15.0,667.0,45.0,141.0,4.0,935.0,60.0,1
15.0,833.0,154.0,175.0,7.0,1140.0,230.0,1
12.0,7774.0,255.0,261.0,4.0,1078.0,77.0,1
15.0,1794.0,262.0,44.0,6.0,840.0,70.0,1
6.0,5423.0,16.0,19.0,3.0,898.0,59.0,1
17.0,2671.0,60.0,177.0,5.0,1052.0,110.0,1
3.0,7.0,43.0,148.0,5.0,1018.0,92.0,1
15.0,1753.0,147.0,104.0,7.0,665.0,70.0,1
1.0,620.0,91.0,80.0,5.0,640.0,105.0,1
4.0,442.0,135.0,279.0,7.0,1270.0,83.0,1
10.0,4657.0,16.0,159.0,3.0,780.0,125.0,1
9.0,373.0,128.0,161.0,5.0,847.0,38.0,1
5.0,1112.0,221.0,16.0,3.0,345.0,131.0,1
16.0,5958.0,164.0,208.0,1.0,360.0,96.0,1
1.0,522.0,214.0,80.0,7.0,945.0,215.0,1
12.0,4586.0,207.0,261.0,5.0,600.0,112.0,1
14.0,1093.0,216.0,208.0,4.0,830.0,139.0,1
16.0,2476.0,96.0,71.0,4.0,809.0,128.0,1
15.0,593.0,141.0,45.0,4.0,1180.0,70.0,1
15.0,1591.0,216.0,35.0,4.0,380.0,80.0,1
4.0,132.0,243.0,135.0,1.0,400.0,190.0,1
12.0,6745.0,44.0,79.0,3.0,483.0,136.0,1
10.0,3070.0,243.0,154.0,7.0,790.0,45.0,1
16.0,2133.0,135.0,65.0,3.0,1285.0,138.0,1
4.0,1646.0,135.0,208.0,7.0,630.0,144.0,1
3.0,137.0,148.0,241.0,4.0,926.0,198.0,1
16.0,2940.0,96.0,85.0,3.0,520.0,137.0,1
12.0,6616.0,79.0,83.0,3.0,857.0,62.0,1
15.0,485.0,153.0,268.0,6.0,700.0,195.0,1
15.0,1884.0,252.0,153.0,5.0,570.0,150.0,1
2.0,7.0,96.0,252.0,3.0,1110.0,375.0,1
13.0,84.0,154.0,148.0,4.0,360.0,334.0,1
14.0,1567.0,60.0,198.0,3.0,565.0,123.0,1
15.0,2912.0,268.0,33.0,6.0,830.0,60.0,1
16.0,2771.0,135.0,205.0,4.0,1044.0,129.0,1
1.0,2001.0,147.0,80.0,4.0,1085.0,175.0,1
5.0,2383.0,16.0,147.0,7.0,725.0,72.0,1
13.0,350.0,208.0,234.0,4.0,792.0,119.0,1
3.0,19.0,42.0,148.0,3.0,360.0,84.0,1
10.0,3910.0,208.0,69.0,6.0,900.0,85.0,1
2.0,51.0,98.0,39.0,5.0,1088.0,87.0,1
10.0,4390.0,159.0,85.0,1.0,1070.0,130.0,1
5.0,1240.0,16.0,251.0,3.0,1221.0,78.0,1
5.0,2471.0,261.0,217.0,4.0,1200.0,100.0,1
15.0,519.0,33.0,154.0,5.0,940.0,285.0,1
13.0,602.0,208.0,78.0,1.0,418.0,111.0,1
9.0,226.0,128.0,203.0,5.0,889.0,39.0,1
10.0,3343.0,68.0,80.0,3.0,845.0,80.0,1
10.0,4141.0,208.0,172.0,4.0,1045.0,100.0,1
10.0,3627.0,183.0,223.0,5.0,660.0,110.0,1
5.0,2477.0,154.0,203.0,1.0,1062.0,352.0,1
2.0,108.0,14.0,252.0,5.0,30.0,202.0,1
2.0,151.0,206.0,14.0,3.0,606.0,89.0,1
1.0,1578.0,80.0,268.0,3.0,865.0,95.0,1
16.0,2128.0,58.0,35.0,5.0,460.0,95.0,1
12.0,6244.0,253.0,179.0,3.0,1360.0,75.0,1
15.0,1122.0,202.0,153.0,4.0,665.0,85.0,1
3.0,1227.0,35.0,233.0,4.0,1210.0,123.0,1
13.0,96.0,214.0,253.0,4.0,577.0,117.0,1
5.0,2490.0,214.0,197.0,7.0,410.0,196.0,1
5.0,2487.0,16.0,197.0,3.0,890.0,160.0,1
15.0,201.0,129.0,173.0,5.0,475.0,125.0,1
1.0,1592.0,80.0,173.0,3.0,745.0,145.0,1
17.0,2942.0,71.0,60.0,3.0,729.0,86.0,1
11.0,6569.0,195.0,71.0,3.0,480.0,89.0,1
15.0,51.0,162.0,75.0,7.0,1045.0,70.0,1
17.0,7290.0,208.0,177.0,4.0,501.0,100.0,1
2.0,374.0,252.0,262.0,1.0,905.0,105.0,1
15.0,291.0,207.0,153.0,6.0,540.0,60.0,1
12.0,6622.0,79.0,114.0,5.0,936.0,53.0,1
4.0,522.0,198.0,135.0,5.0,1125.0,70.0,1
9.0,35.0,217.0,128.0,6.0,480.0,400.0,1
15.0,169.0,175.0,45.0,5.0,1230.0,105.0,1
1.0,402.0,80.0,60.0,3.0,805.0,135.0,1
0.0,3917.0,42.0,148.0,6.0,976.0,103.0,1
12.0,6544.0,79.0,15.0,1.0,606.0,45.0,1
13.0,72.0,128.0,253.0,7.0,471.0,316.0,1
1.0,704.0,80.0,159.0,4.0,435.0,194.0,1
3.0,196.0,153.0,148.0,6.0,1337.0,281.0,1
10.0,3955.0,208.0,56.0,5.0,430.0,60.0,1
12.0,6304.0,79.0,28.0,1.0,919.0,86.0,1
1.0,768.0,154.0,268.0,4.0,995.0,210.0,1
1.0,1502.0,208.0,277.0,3.0,685.0,155.0,1
8.0,660.0,130.0,16.0,3.0,435.0,145.0,1
0.0,4286.0,119.0,85.0,1.0,614.0,61.0,1
5.0,1265.0,16.0,177.0,1.0,1040.0,89.0,1
5.0,1445.0,78.0,85.0,3.0,360.0,102.0,1
13.0,735.0,79.0,253.0,6.0,940.0,165.0,1
15.0,315.0,153.0,184.0,5.0,1100.0,200.0,1
3.0,547.0,96.0,213.0,7.0,1049.0,173.0,1
6.0,5032.0,16.0,70.0,5.0,790.0,43.0,1
15.0,851.0,153.0,154.0,4.0,935.0,65.0,1
6.0,7360.0,177.0,233.0,5.0,510.0,114.0,1
17.0,7285.0,209.0,208.0,3.0,835.0,141.0,1
16.0,2026.0,268.0,96.0,1.0,595.0,137.0,1
13.0,673.0,208.0,80.0,1.0,742.0,159.0,1
13.0,336.0,79.0,84.0,7.0,1049.0,99.0,1
16.0,5927.0,136.0,208.0,4.0,435.0,110.0,1
1.0,689.0,80.0,261.0,1.0,600.0,170.0,1
4.0,1827.0,243.0,96.0,6.0,470.0,308.0,1
15.0,47.0,75.0,129.0,7.0,1080.0,65.0,1
3.0,1417.0,18.0,160.0,7.0,1050.0,195.0,1
10.0,4576.0,159.0,60.0,6.0,375.0,120.0,1
15.0,742.0,261.0,79.0,7.0,1120.0,80.0,1
10.0,2794.0,116.0,80.0,7.0,1020.0,110.0,1
10.0,4223.0,238.0,208.0,5.0,360.0,125.0,1
5.0,155.0,148.0,104.0,1.0,930.0,205.0,1
13.0,691.0,159.0,208.0,3.0,1083.0,165.0,1
2.0,313.0,253.0,252.0,1.0,1050.0,120.0,1
10.0,3758.0,18.0,208.0,7.0,705.0,155.0,1
0.0,3868.0,85.0,281.0,3.0,930.0,68.0,1
15.0,2814.0,277.0,141.0,6.0,1120.0,150.0,1
15.0,1115.0,175.0,197.0,5.0,565.0,85.0,1
13.0,866.0,153.0,208.0,4.0,981.0,218.0,1
17.0,7290.0,208.0,177.0,5.0,501.0,100.0,1
17.0,2749.0,217.0,246.0,3.0,1069.0,90.0,1
12.0,6264.0,253.0,100.0,3.0,765.0,62.0,1
6.0,5584.0,19.0,16.0,6.0,700.0,67.0,1
4.0,615.0,135.0,80.0,4.0,465.0,71.0,1
3.0,18.0,104.0,148.0,4.0,616.0,158.0,1
15.0,179.0,18.0,45.0,5.0,960.0,180.0,1
6.0,5592.0,16.0,47.0,4.0,595.0,73.0,1
11.0,6256.0,197.0,33.0,5.0,805.0,135.0,1
12.0,6930.0,214.0,79.0,7.0,869.0,152.0,1
16.0,2352.0,96.0,205.0,3.0,480.0,211.0,1
16.0,2926.0,16.0,58.0,7.0,1065.0,104.0,1
13.0,787.0,253.0,243.0,6.0,1348.0,91.0,1
1.0,1447.0,208.0,198.0,4.0,855.0,150.0,1
2.0,638.0,252.0,217.0,7.0,935.0,178.0,1
10.0,2721.0,80.0,1.0,3.0,1065.0,50.0,1
1.0,1172.0,217.0,208.0,6.0,565.0,205.0,1
1.0,1990.0,183.0,173.0,6.0,965.0,60.0,1
14.0,846.0,60.0,216.0,4.0,785.0,101.0,1
13.0,98.0,153.0,79.0,3.0,719.0,117.0,1
1.0,1649.0,80.0,207.0,3.0,795.0,190.0,1
10.0,2767.0,80.0,288.0,1.0,630.0,105.0,1
17.0,1053.0,203.0,161.0,7.0,715.0,45.0,1
15.0,3659.0,27.0,75.0,3.0,820.0,120.0,1
14.0,495.0,79.0,217.0,3.0,900.0,112.0,1
10.0,3308.0,71.0,80.0,3.0,605.0,165.0,1
3.0,1278.0,234.0,35.0,6.0,402.0,93.0,1
5.0,2442.0,16.0,96.0,3.0,835.0,136.0,1
13.0,527.0,208.0,45.0,7.0,445.0,113.0,1
14.0,889.0,60.0,138.0,5.0,1210.0,60.0,1
15.0,185.0,45.0,22.0,4.0,520.0,65.0,1
6.0,7099.0,208.0,71.0,4.0,415.0,68.0,1
3.0,422.0,213.0,35.0,7.0,640.0,173.0,1
0.0,3966.0,71.0,134.0,5.0,1135.0,95.0,1
5.0,2145.0,228.0,16.0,3.0,420.0,179.0,1
5.0,1653.0,197.0,252.0,1.0,420.0,225.0,1
5.0,1154.0,16.0,148.0,4.0,1300.0,135.0,1
15.0,2383.0,79.0,243.0,3.0,1050.0,150.0,1
1.0,1492.0,253.0,80.0,6.0,730.0,210.0,1
14.0,1270.0,221.0,216.0,1.0,460.0,80.0,1
10.0,2902.0,80.0,242.0,7.0,655.0,110.0,1
15.0,3011.0,75.0,198.0,6.0,675.0,80.0,1
2.0,565.0,154.0,214.0,5.0,1050.0,147.0,1
3.0,458.0,104.0,35.0,7.0,1165.0,177.0,1
10.0,4675.0,78.0,233.0,4.0,525.0,65.0,1
5.0,1944.0,244.0,85.0,3.0,990.0,177.0,1
5.0,2963.0,197.0,16.0,5.0,860.0,151.0,1
2.0,4.0,252.0,78.0,6.0,520.0,298.0,1
7.0,762.0,153.0,79.0,1.0,587.0,110.0,1
5.0,2566.0,244.0,148.0,6.0,535.0,218.0,1
10.0,3771.0,208.0,135.0,7.0,470.0,165.0,1
15.0,425.0,175.0,129.0,5.0,505.0,170.0,1
6.0,4944.0,48.0,85.0,3.0,815.0,70.0,1
5.0,2135.0,16.0,213.0,3.0,655.0,107.0,1
12.0,6636.0,224.0,79.0,4.0,712.0,131.0,1
15.0,1556.0,221.0,173.0,6.0,1020.0,140.0,1
10.0,3274.0,285.0,80.0,3.0,1115.0,155.0,1
12.0,6973.0,111.0,252.0,7.0,530.0,72.0,1
16.0,2419.0,60.0,58.0,3.0,385.0,92.0,1
15.0,1772.0,253.0,243.0,1.0,365.0,85.0,1
8.0,29.0,175.0,16.0,7.0,395.0,125.0,1
14.0,1783.0,60.0,153.0,4.0,480.0,301.0,1
5.0,2509.0,117.0,85.0,7.0,726.0,78.0,1
16.0,3073.0,119.0,96.0,3.0,1130.0,115.0,1
9.0,18.0,128.0,153.0,6.0,925.0,345.0,1
13.0,260.0,134.0,173.0,3.0,1316.0,139.0,1
6.0,5190.0,16.0,275.0,1.0,970.0,66.0,1
1.0,1277.0,45.0,80.0,1.0,775.0,220.0,1
11.0,6667.0,21.0,85.0,4.0,920.0,62.0,1
15.0,3333.0,75.0,170.0,3.0,1090.0,70.0,1
3.0,693.0,78.0,173.0,4.0,800.0,134.0,1
15.0,1383.0,79.0,139.0,4.0,850.0,140.0,1
12.0,6640.0,24.0,253.0,1.0,431.0,79.0,1
1.0,1462.0,208.0,96.0,4.0,530.0,125.0,1
15.0,775.0,175.0,153.0,4.0,980.0,250.0,1
5.0,2114.0,252.0,197.0,5.0,770.0,202.0,1
3.0,1275.0,35.0,173.0,5.0,420.0,194.0,1
15.0,3037.0,277.0,141.0,6.0,490.0,155.0,1
15.0,2655.0,44.0,202.0,7.0,575.0,75.0,1
12.0,6250.0,214.0,232.0,6.0,799.0,38.0,1
6.0,5409.0,16.0,256.0,4.0,1152.0,123.0,1
11.0,6504.0,58.0,85.0,1.0,1067.0,58.0,1
12.0,6865.0,187.0,79.0,3.0,906.0,140.0,1
1.0,252.0,154.0,183.0,6.0,875.0,280.0,1
4.0,378.0,244.0,135.0,3.0,410.0,61.0,1
12.0,6601.0,252.0,253.0,5.0,1185.0,122.0,1
5.0,1110.0,85.0,233.0,4.0,825.0,103.0,1
6.0,7094.0,134.0,229.0,6.0,1330.0,92.0,1
13.0,722.0,214.0,208.0,7.0,543.0,241.0,1
8.0,481.0,45.0,173.0,4.0,420.0,140.0,1
13.0,928.0,214.0,208.0,1.0,679.0,241.0,1
1.0,1895.0,159.0,183.0,6.0,360.0,190.0,1
3.0,676.0,154.0,148.0,5.0,1260.0,311.0,1
5.0,2406.0,197.0,139.0,7.0,1160.0,98.0,1
14.0,752.0,35.0,216.0,3.0,990.0,101.0,1
3.0,1115.0,234.0,173.0,4.0,1042.0,123.0,1
15.0,1398.0,33.0,58.0,7.0,700.0,85.0,1
6.0,7393.0,78.0,71.0,5.0,375.0,98.0,1
5.0,1321.0,85.0,277.0,5.0,530.0,171.0,1
15.0,3089.0,277.0,129.0,6.0,910.0,150.0,1
10.0,4176.0,61.0,208.0,4.0,360.0,80.0,1
15.0,3007.0,253.0,243.0,6.0,470.0,85.0,1
3.0,593.0,130.0,173.0,7.0,670.0,163.0,1
4.0,16.0,154.0,96.0,6.0,625.0,312.0,1
12.0,4712.0,243.0,154.0,5.0,570.0,49.0,1
5.0,245.0,148.0,154.0,7.0,1140.0,390.0,1
6.0,5027.0,187.0,16.0,6.0,360.0,130.0,1
15.0,3110.0,243.0,202.0,3.0,880.0,85.0,1
8.0,312.0,60.0,16.0,3.0,722.0,78.0,1
15.0,1587.0,244.0,33.0,4.0,590.0,125.0,1
4.0,1495.0,135.0,154.0,1.0,580.0,221.0,1
1.0,1686.0,208.0,233.0,3.0,455.0,110.0,1
5.0,2680.0,252.0,85.0,7.0,1405.0,249.0,1
15.0,2714.0,173.0,27.0,4.0,505.0,95.0,1
11.0,6255.0,71.0,85.0,7.0,710.0,85.0,1
6.0,5460.0,190.0,16.0,3.0,360.0,77.0,1
11.0,6280.0,71.0,221.0,5.0,680.0,71.0,1
12.0,6533.0,79.0,137.0,3.0,906.0,98.0,1
15.0,3050.0,243.0,262.0,1.0,820.0,95.0,1
15.0,1876.0,175.0,233.0,6.0,1015.0,110.0,1
15.0,577.0,277.0,43.0,7.0,525.0,160.0,1
3.0,375.0,159.0,104.0,6.0,577.0,186.0,1
12.0,6342.0,243.0,154.0,5.0,1280.0,48.0,1
12.0,7776.0,261.0,235.0,3.0,820.0,59.0,1
6.0,5355.0,290.0,85.0,3.0,1056.0,128.0,1
3.0,465.0,35.0,241.0,6.0,505.0,220.0,1
12.0,6987.0,208.0,33.0,3.0,984.0,85.0,1
15.0,2349.0,175.0,202.0,4.0,530.0,300.0,1
10.0,4263.0,285.0,208.0,7.0,1185.0,115.0,1
5.0,2253.0,197.0,252.0,3.0,1055.0,223.0,1
17.0,2734.0,217.0,160.0,3.0,1068.0,80.0,1
12.0,4448.0,261.0,114.0,3.0,690.0,67.0,1
1.0,461.0,22.0,183.0,5.0,880.0,195.0,1
16.0,2485.0,209.0,135.0,5.0,360.0,201.0,1
12.0,6682.0,246.0,79.0,5.0,360.0,142.0,1
13.0,760.0,253.0,208.0,1.0,792.0,253.0,1
4.0,221.0,16.0,135.0,4.0,1019.0,141.0,1
13.0,259.0,173.0,79.0,6.0,695.0,249.0,1
4.0,62.0,135.0,96.0,7.0,865.0,210.0,1
1.0,1682.0,80.0,177.0,1.0,765.0,85.0,1
16.0,3066.0,234.0,96.0,4.0,360.0,69.0,1
0.0,3727.0,177.0,27.0,1.0,575.0,62.0,1
16.0,2945.0,135.0,221.0,6.0,1002.0,153.0,1
15.0,511.0,175.0,35.0,3.0,985.0,140.0,1
3.0,738.0,37.0,148.0,1.0,675.0,229.0,1
4.0,133.0,159.0,135.0,4.0,885.0,244.0,1
12.0,7014.0,232.0,253.0,5.0,355.0,101.0,1
10.0,2817.0,94.0,80.0,5.0,1030.0,130.0,1
0.0,3998.0,275.0,16.0,4.0,338.0,68.0,1
15.0,957.0,147.0,104.0,5.0,510.0,70.0,1
5.0,2806.0,197.0,183.0,3.0,750.0,214.0,1
14.0,1825.0,35.0,216.0,4.0,1110.0,106.0,1
15.0,2383.0,79.0,243.0,4.0,1050.0,150.0,1
12.0,6411.0,248.0,154.0,7.0,869.0,61.0,1
15.0,776.0,184.0,173.0,3.0,1135.0,165.0,1
15.0,1691.0,58.0,45.0,4.0,830.0,75.0,1
0.0,3758.0,85.0,187.0,5.0,915.0,88.0,1
15.0,2032.0,253.0,264.0,4.0,770.0,85.0,1
15.0,998.0,154.0,202.0,5.0,480.0,80.0,1
12.0,6737.0,79.0,100.0,5.0,1290.0,148.0,1
15.0,257.0,175.0,104.0,5.0,545.0,185.0,1
5.0,2392.0,217.0,197.0,3.0,742.0,187.0,1
2.0,4.0,252.0,78.0,1.0,520.0,298.0,1
1.0,1561.0,208.0,253.0,6.0,1125.0,285.0,1
13.0,790.0,253.0,153.0,6.0,498.0,94.0,1
12.0,7796.0,261.0,271.0,3.0,1290.0,71.0,1
13.0,865.0,35.0,208.0,1.0,475.0,171.0,1
14.0,1785.0,33.0,60.0,5.0,475.0,75.0,1
8.0,331.0,216.0,16.0,1.0,355.0,140.0,1
10.0,4423.0,148.0,233.0,4.0,1190.0,115.0,1
1.0,1955.0,78.0,80.0,1.0,1090.0,215.0,1
12.0,6247.0,100.0,154.0,5.0,719.0,72.0,1
12.0,6831.0,208.0,65.0,1.0,588.0,153.0,1
4.0,33.0,135.0,198.0,4.0,930.0,66.0,1
8.0,687.0,16.0,136.0,5.0,1255.0,143.0,1
1.0,322.0,80.0,27.0,6.0,1200.0,90.0,1
14.0,2027.0,35.0,78.0,1.0,540.0,93.0,1
10.0,3258.0,223.0,80.0,1.0,1060.0,125.0,1
12.0,4611.0,244.0,261.0,7.0,360.0,175.0,1
12.0,6294.0,79.0,83.0,7.0,962.0,63.0,1
15.0,461.0,216.0,147.0,1.0,790.0,150.0,1
12.0,6604.0,79.0,16.0,3.0,611.0,174.0,1
15.0,2841.0,85.0,79.0,6.0,830.0,205.0,1
12.0,6579.0,15.0,79.0,3.0,947.0,48.0,1
12.0,7034.0,253.0,214.0,3.0,780.0,107.0,1
5.0,1277.0,16.0,54.0,6.0,1300.0,71.0,1
11.0,6521.0,233.0,159.0,1.0,773.0,96.0,1
2.0,876.0,128.0,214.0,6.0,755.0,330.0,1
8.0,425.0,223.0,16.0,3.0,664.0,68.0,1
6.0,5441.0,71.0,135.0,5.0,555.0,175.0,1
0.0,3719.0,85.0,43.0,4.0,1050.0,80.0,1
5.0,2361.0,216.0,16.0,6.0,540.0,145.0,1
11.0,6362.0,71.0,119.0,1.0,975.0,72.0,1
3.0,744.0,260.0,173.0,5.0,684.0,184.0,1
15.0,1118.0,33.0,129.0,5.0,885.0,135.0,1
15.0,831.0,217.0,214.0,7.0,820.0,175.0,1
5.0,1871.0,261.0,217.0,4.0,520.0,102.0,1
5.0,2765.0,85.0,233.0,1.0,615.0,107.0,1
4.0,1507.0,277.0,135.0,1.0,550.0,138.0,1
5.0,66.0,277.0,16.0,3.0,807.0,99.0,1
13.0,634.0,78.0,208.0,7.0,751.0,124.0,1
16.0,2701.0,135.0,2.0,1.0,1080.0,135.0,1
13.0,463.0,208.0,197.0,3.0,1315.0,93.0,1
1.0,1002.0,79.0,80.0,5.0,365.0,125.0,1
3.0,199.0,148.0,153.0,7.0,1255.0,355.0,1
1.0,2549.0,148.0,173.0,3.0,1169.0,185.0,1
8.0,521.0,45.0,277.0,1.0,566.0,148.0,1
14.0,940.0,243.0,217.0,5.0,980.0,75.0,1
17.0,2829.0,217.0,280.0,5.0,1186.0,46.0,1
4.0,1823.0,135.0,198.0,1.0,630.0,65.0,1
2.0,691.0,111.0,252.0,6.0,825.0,62.0,1
15.0,326.0,153.0,33.0,5.0,480.0,210.0,1
5.0,2502.0,173.0,71.0,7.0,494.0,131.0,1
16.0,5902.0,218.0,208.0,7.0,360.0,63.0,1
3.0,167.0,148.0,277.0,4.0,1020.0,187.0,1
15.0,1687.0,79.0,261.0,5.0,480.0,90.0,1
11.0,6315.0,173.0,233.0,4.0,565.0,110.0,1
15.0,160.0,104.0,79.0,1.0,510.0,280.0,1
15.0,2108.0,33.0,277.0,5.0,965.0,105.0,1
14.0,2191.0,159.0,78.0,3.0,1260.0,74.0,1
13.0,748.0,79.0,136.0,7.0,1168.0,82.0,1
15.0,2605.0,243.0,253.0,6.0,450.0,100.0,1
15.0,815.0,251.0,277.0,4.0,685.0,125.0,1
12.0,6760.0,79.0,224.0,5.0,925.0,152.0,1
5.0,2679.0,134.0,16.0,4.0,1132.0,123.0,1
11.0,6591.0,78.0,139.0,7.0,890.0,128.0,1
10.0,2731.0,71.0,80.0,5.0,360.0,165.0,1
3.0,1432.0,160.0,253.0,5.0,1215.0,82.0,1
14.0,1811.0,35.0,216.0,3.0,510.0,98.0,1
1.0,494.0,80.0,45.0,6.0,1155.0,165.0,1
5.0,1492.0,217.0,197.0,4.0,475.0,184.0,1
16.0,2271.0,172.0,135.0,5.0,1022.0,119.0,1
14.0,625.0,217.0,202.0,4.0,875.0,119.0,1
3.0,1259.0,35.0,134.0,1.0,630.0,99.0,1
12.0,4815.0,252.0,261.0,3.0,690.0,117.0,1
5.0,108.0,173.0,16.0,3.0,930.0,93.0,1
10.0,4001.0,107.0,208.0,6.0,690.0,95.0,1
16.0,5949.0,208.0,228.0,7.0,527.0,133.0,1
12.0,6756.0,44.0,253.0,7.0,1240.0,79.0,1
6.0,5389.0,215.0,16.0,4.0,1137.0,116.0,1
5.0,2402.0,183.0,85.0,7.0,1060.0,187.0,1
1.0,447.0,60.0,80.0,4.0,1045.0,185.0,1
17.0,2748.0,217.0,248.0,5.0,667.0,105.0,1
16.0,2074.0,54.0,96.0,4.0,992.0,118.0,1
15.0,3584.0,154.0,79.0,6.0,985.0,135.0,1
6.0,4941.0,16.0,138.0,5.0,1245.0,80.0,1
15.0,770.0,243.0,262.0,5.0,950.0,95.0,1
16.0,2980.0,135.0,285.0,1.0,810.0,118.0,1
15.0,827.0,182.0,216.0,4.0,420.0,95.0,1
14.0,1558.0,217.0,60.0,6.0,15.0,222.0,1
5.0,2652.0,277.0,159.0,7.0,933.0,157.0,1
6.0,5393.0,16.0,157.0,4.0,513.0,76.0,1
5.0,1564.0,197.0,78.0,5.0,665.0,139.0,1
2.0,514.0,252.0,264.0,4.0,990.0,157.0,1
5.0,2257.0,261.0,252.0,6.0,1005.0,130.0,1
5.0,1303.0,85.0,104.0,4.0,450.0,192.0,1
3.0,336.0,173.0,134.0,1.0,465.0,120.0,1
8.0,1179.0,241.0,119.0,4.0,1140.0,162.0,1
15.0,3481.0,22.0,277.0,1.0,445.0,195.0,1
6.0,5039.0,16.0,146.0,3.0,570.0,85.0,1
15.0,981.0,44.0,202.0,1.0,1045.0,75.0,1
1.0,1020.0,80.0,198.0,1.0,710.0,80.0,1
6.0,7130.0,245.0,208.0,4.0,397.0,150.0,1
1.0,492.0,80.0,268.0,6.0,1045.0,95.0,1
14.0,1086.0,173.0,60.0,1.0,1035.0,98.0,1
14.0,1465.0,216.0,16.0,5.0,580.0,143.0,1
15.0,1202.0,175.0,79.0,3.0,1145.0,170.0,1
5.0,349.0,16.0,275.0,3.0,1149.0,64.0,1
3.0,1202.0,173.0,35.0,7.0,835.0,168.0,1
10.0,3261.0,162.0,80.0,7.0,1085.0,80.0,1
17.0,2689.0,138.0,60.0,4.0,965.0,68.0,1
14.0,220.0,243.0,217.0,7.0,385.0,84.0,1
15.0,3110.0,175.0,217.0,4.0,635.0,240.0,1
3.0,682.0,78.0,35.0,5.0,720.0,83.0,1
5.0,2844.0,85.0,78.0,7.0,915.0,90.0,1
16.0,2274.0,135.0,172.0,5.0,880.0,115.0,1
6.0,5059.0,16.0,290.0,5.0,1230.0,121.0,1
1.0,504.0,80.0,198.0,5.0,1115.0,80.0,1
5.0,2748.0,16.0,22.0,5.0,450.0,142.0,1
15.0,1686.0,182.0,216.0,3.0,750.0,100.0,1
10.0,4650.0,159.0,16.0,3.0,360.0,150.0,1
15.0,3119.0,175.0,233.0,6.0,620.0,115.0,1
8.0,1492.0,173.0,61.0,1.0,709.0,130.0,1
10.0,2810.0,256.0,80.0,4.0,375.0,60.0,1
12.0,6616.0,83.0,79.0,5.0,945.0,60.0,1
14.0,1831.0,60.0,183.0,3.0,700.0,132.0,1
15.0,257.0,104.0,147.0,1.0,825.0,75.0,1
1.0,867.0,208.0,79.0,3.0,1165.0,160.0,1
0.0,3903.0,12.0,85.0,3.0,965.0,113.0,1
1.0,1152.0,198.0,80.0,5.0,550.0,100.0,1
6.0,5593.0,91.0,16.0,6.0,802.0,177.0,1
4.0,89.0,135.0,96.0,7.0,360.0,192.0,1
1.0,2450.0,154.0,80.0,7.0,915.0,175.0,1
1.0,1509.0,80.0,18.0,7.0,1086.0,60.0,1
0.0,4374.0,85.0,12.0,3.0,1035.0,95.0,1
15.0,498.0,207.0,153.0,4.0,1090.0,60.0,1
3.0,1009.0,35.0,148.0,7.0,885.0,80.0,1
3.0,1282.0,234.0,35.0,5.0,974.0,89.0,1
12.0,4860.0,261.0,208.0,6.0,1025.0,189.0,1
5.0,2186.0,16.0,159.0,4.0,820.0,135.0,1
12.0,7035.0,154.0,214.0,6.0,763.0,141.0,1
6.0,5438.0,162.0,177.0,1.0,700.0,62.0,1
13.0,293.0,208.0,217.0,6.0,925.0,229.0,1
15.0,620.0,236.0,153.0,6.0,820.0,75.0,1
13.0,998.0,173.0,208.0,6.0,417.0,178.0,1
13.0,158.0,214.0,253.0,3.0,1109.0,108.0,1
8.0,492.0,173.0,45.0,3.0,955.0,128.0,1
4.0,1120.0,96.0,35.0,3.0,510.0,90.0,1
13.0,707.0,208.0,79.0,5.0,360.0,160.0,1
12.0,6828.0,236.0,253.0,5.0,386.0,69.0,1
1.0,1687.0,148.0,183.0,6.0,1199.0,200.0,1
14.0,1972.0,241.0,60.0,6.0,725.0,113.0,1
11.0,6365.0,17.0,85.0,7.0,972.0,78.0,1
15.0,909.0,87.0,45.0,3.0,380.0,130.0,1
4.0,1047.0,208.0,135.0,5.0,915.0,172.0,1
4.0,1069.0,153.0,96.0,1.0,900.0,292.0,1
15.0,3408.0,262.0,153.0,1.0,1070.0,80.0,1
6.0,5393.0,180.0,16.0,3.0,330.0,57.0,1
17.0,2615.0,234.0,60.0,5.0,560.0,85.0,1
14.0,1471.0,60.0,277.0,3.0,1200.0,104.0,1
14.0,1527.0,273.0,60.0,5.0,705.0,129.0,1
1.0,1917.0,148.0,173.0,3.0,935.0,185.0,1
12.0,6767.0,230.0,79.0,6.0,444.0,76.0,1
9.0,108.0,128.0,150.0,1.0,302.0,41.0,1
7.0,110.0,79.0,197.0,7.0,400.0,117.0,1
4.0,401.0,139.0,135.0,1.0,1070.0,152.0,1
12.0,4452.0,261.0,168.0,4.0,1310.0,91.0,1
9.0,31.0,153.0,203.0,7.0,1045.0,375.0,1
0.0,3879.0,16.0,109.0,3.0,788.0,95.0,1
13.0,317.0,79.0,134.0,5.0,1073.0,201.0,1
2.0,80.0,14.0,252.0,6.0,630.0,200.0,1
16.0,2563.0,96.0,268.0,5.0,385.0,172.0,1
14.0,1675.0,96.0,60.0,3.0,620.0,116.0,1
13.0,658.0,258.0,79.0,4.0,380.0,156.0,1
7.0,783.0,79.0,153.0,3.0,595.0,113.0,1
15.0,978.0,253.0,264.0,3.0,1000.0,80.0,1
15.0,1882.0,79.0,217.0,6.0,1145.0,120.0,1
13.0,395.0,252.0,253.0,5.0,450.0,136.0,1
5.0,1831.0,261.0,173.0,1.0,605.0,257.0,1
15.0,1923.0,2.0,261.0,4.0,990.0,95.0,1
6.0,5362.0,16.0,94.0,6.0,600.0,93.0,1
12.0,6616.0,83.0,79.0,6.0,952.0,60.0,1
14.0,1107.0,60.0,80.0,4.0,1210.0,174.0,1
3.0,1290.0,221.0,35.0,3.0,431.0,94.0,1
15.0,126.0,33.0,58.0,5.0,1200.0,85.0,1
15.0,37.0,153.0,91.0,1.0,555.0,100.0,1
17.0,2856.0,217.0,103.0,4.0,660.0,69.0,1
13.0,451.0,153.0,253.0,5.0,1204.0,103.0,1
0.0,3832.0,84.0,177.0,6.0,683.0,95.0,1
10.0,4406.0,148.0,233.0,1.0,479.0,111.0,1
4.0,1832.0,135.0,159.0,3.0,715.0,199.0,1
12.0,6485.0,253.0,227.0,7.0,1104.0,79.0,1
15.0,1425.0,58.0,33.0,1.0,1030.0,100.0,1
5.0,2998.0,214.0,148.0,4.0,400.0,319.0,1
5.0,1221.0,85.0,182.0,6.0,1160.0,113.0,1
0.0,4332.0,177.0,16.0,4.0,716.0,88.0,1
5.0,2822.0,217.0,85.0,3.0,733.0,232.0,1
1.0,554.0,253.0,208.0,7.0,855.0,260.0,1
10.0,4316.0,208.0,279.0,3.0,735.0,120.0,1
15.0,1031.0,243.0,262.0,7.0,470.0,100.0,1
15.0,693.0,217.0,202.0,7.0,790.0,125.0,1
2.0,114.0,14.0,252.0,1.0,150.0,200.0,1
15.0,1100.0,45.0,251.0,7.0,915.0,110.0,1
10.0,3636.0,60.0,183.0,4.0,835.0,135.0,1
15.0,1174.0,33.0,45.0,3.0,1005.0,100.0,1
6.0,5157.0,16.0,290.0,5.0,513.0,127.0,1
1.0,1638.0,80.0,22.0,4.0,1210.0,190.0,1
5.0,1195.0,85.0,22.0,7.0,845.0,104.0,1
13.0,79.0,253.0,128.0,5.0,1140.0,333.0,1
3.0,526.0,173.0,96.0,5.0,1052.0,153.0,1
15.0,2086.0,104.0,45.0,6.0,1120.0,150.0,1
10.0,4437.0,159.0,61.0,6.0,480.0,120.0,1
12.0,4839.0,2.0,261.0,6.0,660.0,94.0,1
10.0,4485.0,159.0,85.0,7.0,890.0,125.0,1
16.0,2010.0,251.0,58.0,4.0,1035.0,67.0,1
12.0,4474.0,192.0,197.0,4.0,410.0,82.0,1
4.0,1181.0,96.0,208.0,7.0,870.0,157.0,1
13.0,743.0,79.0,111.0,1.0,685.0,151.0,1
15.0,607.0,45.0,43.0,5.0,715.0,65.0,1
15.0,860.0,217.0,264.0,4.0,1055.0,70.0,1
5.0,519.0,230.0,197.0,1.0,405.0,100.0,1
12.0,6342.0,154.0,243.0,4.0,1205.0,47.0,1
1.0,656.0,80.0,45.0,7.0,1275.0,160.0,1
7.0,404.0,154.0,79.0,3.0,660.0,134.0,1
12.0,6820.0,231.0,253.0,4.0,360.0,78.0,1
10.0,3754.0,208.0,18.0,3.0,510.0,165.0,1
15.0,735.0,134.0,79.0,3.0,360.0,240.0,1
5.0,151.0,134.0,16.0,4.0,748.0,124.0,1
15.0,1236.0,75.0,170.0,6.0,1045.0,70.0,1
11.0,6658.0,61.0,78.0,6.0,390.0,81.0,1
8.0,906.0,16.0,215.0,4.0,1265.0,89.0,1
15.0,2553.0,243.0,236.0,7.0,430.0,90.0,1
15.0,885.0,154.0,2.0,7.0,625.0,105.0,1
5.0,2064.0,197.0,78.0,7.0,1055.0,148.0,1
15.0,1170.0,217.0,175.0,1.0,605.0,205.0,1
1.0,708.0,18.0,80.0,7.0,360.0,60.0,1
16.0,2516.0,238.0,96.0,7.0,1055.0,87.0,1
5.0,1198.0,241.0,85.0,7.0,500.0,174.0,1
12.0,6715.0,79.0,196.0,5.0,1304.0,135.0,1
6.0,5264.0,16.0,101.0,7.0,775.0,72.0,1
10.0,4684.0,78.0,233.0,1.0,660.0,65.0,1
12.0,6641.0,79.0,114.0,7.0,1117.0,52.0,1
15.0,439.0,244.0,75.0,7.0,565.0,60.0,1
8.0,1626.0,173.0,216.0,5.0,1047.0,140.0,1
8.0,727.0,184.0,80.0,3.0,535.0,150.0,1
14.0,2043.0,35.0,78.0,5.0,1020.0,95.0,1
5.0,201.0,16.0,173.0,5.0,480.0,86.0,1
1.0,530.0,268.0,80.0,4.0,1080.0,120.0,1
15.0,700.0,44.0,258.0,5.0,1185.0,65.0,1
0.0,3721.0,171.0,85.0,6.0,420.0,59.0,1
12.0,4721.0,204.0,261.0,6.0,1055.0,144.0,1
14.0,1288.0,233.0,216.0,1.0,430.0,82.0,1
16.0,2081.0,65.0,135.0,5.0,360.0,137.0,1
5.0,2498.0,214.0,197.0,4.0,885.0,199.0,1
16.0,2342.0,135.0,221.0,6.0,1183.0,158.0,1
5.0,1460.0,16.0,60.0,5.0,745.0,69.0,1
7.0,720.0,79.0,78.0,1.0,990.0,193.0,1
6.0,4988.0,16.0,33.0,5.0,600.0,74.0,1
16.0,3053.0,135.0,80.0,6.0,960.0,63.0,1
11.0,6669.0,18.0,177.0,1.0,970.0,106.0,1
15.0,1348.0,129.0,154.0,6.0,690.0,225.0,1
1.0,1820.0,135.0,80.0,6.0,725.0,65.0,1
1.0,773.0,241.0,208.0,6.0,690.0,185.0,1
2.0,137.0,214.0,14.0,1.0,1065.0,235.0,1
1.0,2287.0,80.0,88.0,3.0,730.0,140.0,1
15.0,20.0,75.0,155.0,3.0,740.0,65.0,1
13.0,347.0,154.0,35.0,3.0,515.0,326.0,1
15.0,2206.0,262.0,217.0,3.0,1000.0,110.0,1
15.0,413.0,258.0,154.0,4.0,675.0,70.0,1
11.0,6574.0,148.0,58.0,1.0,1075.0,131.0,1
15.0,3110.0,217.0,243.0,3.0,845.0,70.0,1
15.0,1466.0,277.0,213.0,3.0,1220.0,50.0,1
6.0,5239.0,16.0,237.0,3.0,970.0,83.0,1
11.0,6403.0,148.0,268.0,3.0,1195.0,175.0,1
14.0,2034.0,78.0,35.0,4.0,810.0,83.0,1
1.0,1877.0,80.0,153.0,4.0,1360.0,190.0,1
13.0,177.0,35.0,253.0,4.0,682.0,408.0,1
4.0,799.0,135.0,79.0,6.0,525.0,153.0,1
15.0,459.0,207.0,79.0,1.0,390.0,135.0,1
15.0,1944.0,243.0,202.0,7.0,415.0,95.0,1
1.0,728.0,80.0,159.0,4.0,755.0,200.0,1
12.0,6637.0,187.0,79.0,7.0,1171.0,140.0,1
2.0,99.0,252.0,14.0,1.0,780.0,221.0,1
15.0,2439.0,111.0,79.0,1.0,915.0,130.0,1
10.0,4156.0,273.0,208.0,7.0,1120.0,140.0,1
12.0,7788.0,261.0,271.0,5.0,685.0,78.0,1
5.0,385.0,76.0,16.0,7.0,1146.0,109.0,1
14.0,1153.0,216.0,80.0,7.0,575.0,225.0,1
5.0,1424.0,16.0,45.0,4.0,820.0,105.0,1
5.0,1252.0,16.0,71.0,7.0,1291.0,88.0,1
8.0,1178.0,119.0,241.0,1.0,935.0,164.0,1
16.0,3062.0,147.0,96.0,1.0,818.0,138.0,1
15.0,2887.0,202.0,264.0,5.0,940.0,80.0,1
15.0,3094.0,253.0,153.0,6.0,870.0,95.0,1
15.0,914.0,154.0,258.0,7.0,960.0,65.0,1
15.0,1051.0,45.0,87.0,4.0,1145.0,150.0,1
9.0,21.0,252.0,128.0,3.0,560.0,375.0,1
5.0,1809.0,197.0,79.0,7.0,695.0,127.0,1
10.0,4212.0,208.0,43.0,7.0,720.0,95.0,1
8.0,440.0,16.0,184.0,7.0,1345.0,127.0,1
12.0,7761.0,261.0,89.0,3.0,1005.0,69.0,1
8.0,764.0,16.0,213.0,5.0,615.0,112.0,1
0.0,4114.0,195.0,85.0,7.0,625.0,87.0,1
13.0,722.0,214.0,208.0,1.0,530.0,240.0,1
5.0,2317.0,85.0,153.0,5.0,715.0,272.0,1
13.0,562.0,253.0,214.0,4.0,635.0,116.0,1
11.0,6286.0,159.0,71.0,5.0,629.0,145.0,1
13.0,465.0,277.0,79.0,6.0,952.0,248.0,1
5.0,2684.0,183.0,78.0,6.0,633.0,146.0,1
5.0,2219.0,197.0,18.0,4.0,865.0,164.0,1
1.0,1372.0,183.0,233.0,4.0,1015.0,125.0,1
3.0,526.0,173.0,96.0,4.0,1052.0,153.0,1
12.0,4651.0,197.0,205.0,1.0,445.0,74.0,1
12.0,6695.0,79.0,91.0,4.0,606.0,109.0,1
16.0,5941.0,279.0,208.0,1.0,360.0,113.0,1
16.0,2715.0,135.0,47.0,7.0,820.0,131.0,1
16.0,2940.0,96.0,85.0,5.0,520.0,137.0,1
4.0,1104.0,96.0,208.0,3.0,720.0,154.0,1
12.0,4540.0,261.0,196.0,5.0,585.0,92.0,1
15.0,1438.0,175.0,277.0,6.0,965.0,160.0,1
15.0,894.0,75.0,198.0,5.0,420.0,80.0,1
1.0,1720.0,252.0,80.0,5.0,505.0,230.0,1
5.0,1495.0,16.0,97.0,7.0,580.0,124.0,1
15.0,1043.0,45.0,22.0,5.0,1060.0,65.0,1
12.0,7020.0,79.0,65.0,4.0,1215.0,35.0,1
6.0,5472.0,87.0,16.0,6.0,608.0,69.0,1
16.0,2494.0,208.0,96.0,3.0,1065.0,137.0,1
5.0,2806.0,253.0,197.0,6.0,360.0,222.0,1
14.0,367.0,78.0,217.0,6.0,630.0,309.0,1
15.0,1327.0,243.0,202.0,6.0,815.0,90.0,1
5.0,2954.0,217.0,71.0,1.0,754.0,211.0,1
15.0,1622.0,153.0,43.0,7.0,985.0,260.0,1
12.0,6887.0,208.0,171.0,6.0,967.0,60.0,1
5.0,1940.0,253.0,148.0,5.0,690.0,340.0,1
15.0,3096.0,162.0,268.0,6.0,900.0,70.0,1
16.0,2261.0,135.0,10.0,4.0,1290.0,50.0,1
10.0,3357.0,190.0,80.0,3.0,360.0,115.0,1
4.0,296.0,153.0,135.0,4.0,595.0,180.0,1
0.0,3676.0,71.0,85.0,6.0,710.0,83.0,1
5.0,1246.0,60.0,85.0,7.0,765.0,110.0,1
11.0,6769.0,120.0,16.0,6.0,495.0,108.0,1
10.0,2899.0,288.0,80.0,3.0,1070.0,135.0,1
2.0,245.0,154.0,252.0,3.0,1260.0,160.0,1
15.0,1656.0,34.0,214.0,4.0,610.0,75.0,1
6.0,5526.0,106.0,16.0,5.0,865.0,135.0,1
5.0,1206.0,16.0,76.0,5.0,1315.0,100.0,1
12.0,6426.0,253.0,262.0,4.0,648.0,45.0,1
15.0,588.0,175.0,221.0,1.0,455.0,75.0,1
1.0,2346.0,80.0,208.0,3.0,755.0,135.0,1
15.0,1103.0,217.0,153.0,5.0,495.0,65.0,1
10.0,3524.0,58.0,80.0,7.0,960.0,185.0,1
15.0,1044.0,221.0,153.0,7.0,495.0,310.0,1
15.0,1234.0,214.0,202.0,3.0,615.0,100.0,1
10.0,4077.0,0.0,208.0,5.0,365.0,140.0,1
15.0,464.0,175.0,85.0,3.0,695.0,65.0,1
15.0,2950.0,202.0,18.0,6.0,705.0,205.0,1
16.0,2950.0,197.0,96.0,1.0,1001.0,165.0,1
4.0,1567.0,172.0,135.0,5.0,505.0,118.0,1
6.0,5431.0,195.0,16.0,3.0,410.0,137.0,1
16.0,2354.0,135.0,251.0,1.0,506.0,138.0,1
13.0,643.0,96.0,208.0,3.0,762.0,153.0,1
11.0,6440.0,120.0,71.0,4.0,1085.0,92.0,1
5.0,2568.0,252.0,16.0,5.0,370.0,284.0,1
16.0,2992.0,135.0,177.0,3.0,855.0,85.0,1
1.0,1504.0,183.0,22.0,3.0,645.0,175.0,1
13.0,630.0,198.0,79.0,1.0,899.0,180.0,1
5.0,2458.0,213.0,159.0,5.0,445.0,169.0,1
15.0,2621.0,18.0,154.0,5.0,1110.0,205.0,1
1.0,258.0,153.0,148.0,3.0,485.0,300.0,1
16.0,2737.0,121.0,96.0,5.0,1052.0,117.0,1
6.0,7347.0,136.0,16.0,5.0,783.0,124.0,1
17.0,1044.0,143.0,128.0,7.0,580.0,47.0,1
15.0,138.0,153.0,79.0,7.0,375.0,115.0,1
12.0,4699.0,195.0,197.0,1.0,540.0,66.0,1
7.0,373.0,184.0,79.0,4.0,1139.0,153.0,1
16.0,2627.0,16.0,135.0,5.0,1110.0,135.0,1
1.0,645.0,260.0,183.0,1.0,555.0,165.0,1
8.0,1596.0,277.0,116.0,3.0,999.0,95.0,1
14.0,944.0,60.0,58.0,3.0,790.0,100.0,1
1.0,1905.0,78.0,80.0,5.0,600.0,225.0,1
5.0,2359.0,60.0,16.0,3.0,930.0,88.0,1
0.0,3742.0,209.0,148.0,6.0,820.0,105.0,1
3.0,1227.0,35.0,233.0,5.0,1210.0,123.0,1
4.0,1504.0,277.0,58.0,4.0,735.0,140.0,1
12.0,6665.0,79.0,93.0,4.0,1101.0,171.0,1
3.0,505.0,96.0,104.0,4.0,795.0,176.0,1
15.0,786.0,43.0,277.0,5.0,455.0,175.0,1
15.0,1656.0,258.0,154.0,7.0,780.0,70.0,1
17.0,2648.0,217.0,153.0,6.0,405.0,68.0,1
5.0,2739.0,78.0,16.0,6.0,479.0,127.0,1
15.0,149.0,221.0,216.0,6.0,920.0,85.0,1
6.0,5071.0,132.0,16.0,1.0,500.0,70.0,1
0.0,4314.0,85.0,209.0,5.0,420.0,114.0,1
5.0,125.0,16.0,154.0,6.0,960.0,306.0,1
10.0,3373.0,68.0,80.0,1.0,495.0,80.0,1
15.0,660.0,79.0,173.0,5.0,1020.0,210.0,1
2.0,560.0,214.0,154.0,3.0,400.0,137.0,1
5.0,2305.0,172.0,197.0,6.0,405.0,90.0,1
5.0,2803.0,71.0,173.0,5.0,560.0,132.0,1
12.0,6379.0,248.0,154.0,1.0,557.0,62.0,1
12.0,6511.0,154.0,100.0,5.0,1256.0,57.0,1
14.0,2186.0,78.0,159.0,7.0,1200.0,83.0,1
4.0,1496.0,153.0,135.0,6.0,60.0,160.0,1
5.0,2454.0,154.0,16.0,4.0,1365.0,252.0,1
13.0,341.0,234.0,208.0,5.0,413.0,134.0,1
1.0,192.0,154.0,35.0,3.0,1265.0,315.0,1
5.0,2892.0,243.0,16.0,7.0,460.0,243.0,1
6.0,7383.0,61.0,16.0,7.0,420.0,115.0,1
14.0,1286.0,198.0,216.0,4.0,790.0,159.0,1
15.0,1509.0,153.0,172.0,1.0,745.0,175.0,1
11.0,6669.0,18.0,177.0,4.0,970.0,106.0,1
10.0,4306.0,234.0,208.0,1.0,995.0,135.0,1
3.0,490.0,79.0,35.0,5.0,1399.0,221.0,1
5.0,2661.0,16.0,177.0,5.0,460.0,91.0,1
15.0,2834.0,202.0,153.0,6.0,490.0,85.0,1
15.0,1013.0,217.0,18.0,5.0,640.0,125.0,1
15.0,588.0,175.0,221.0,3.0,455.0,75.0,1
5.0,1976.0,173.0,159.0,5.0,1199.0,155.0,1
15.0,351.0,243.0,79.0,7.0,755.0,135.0,1
11.0,6652.0,71.0,85.0,7.0,600.0,84.0,1
4.0,206.0,135.0,277.0,1.0,795.0,125.0,1
15.0,2155.0,217.0,43.0,6.0,815.0,245.0,1
10.0,3234.0,5.0,80.0,4.0,815.0,45.0,1
5.0,1051.0,16.0,85.0,6.0,825.0,120.0,1
13.0,339.0,35.0,79.0,4.0,456.0,283.0,1
0.0,4371.0,85.0,109.0,6.0,940.0,51.0,1
12.0,7048.0,79.0,136.0,6.0,612.0,80.0,1
11.0,6318.0,71.0,120.0,5.0,915.0,77.0,1
13.0,259.0,173.0,79.0,5.0,695.0,253.0,1
8.0,939.0,147.0,16.0,1.0,775.0,75.0,1
0.0,3906.0,247.0,71.0,5.0,714.0,61.0,1
1.0,368.0,18.0,208.0,7.0,515.0,160.0,1
8.0,101.0,16.0,80.0,1.0,635.0,151.0,1
5.0,1842.0,16.0,61.0,6.0,595.0,111.0,1
10.0,3365.0,155.0,80.0,4.0,630.0,65.0,1
6.0,5241.0,16.0,52.0,7.0,1150.0,53.0,1
13.0,660.0,153.0,79.0,3.0,501.0,121.0,1
8.0,119.0,16.0,277.0,4.0,721.0,89.0,1
17.0,2621.0,134.0,60.0,5.0,825.0,91.0,1
10.0,3352.0,80.0,290.0,1.0,680.0,70.0,1
2.0,631.0,280.0,252.0,6.0,1005.0,190.0,1
15.0,3766.0,216.0,228.0,4.0,440.0,70.0,1
16.0,2758.0,91.0,135.0,5.0,989.0,106.0,1
15.0,827.0,18.0,91.0,3.0,825.0,100.0,1
15.0,3926.0,172.0,153.0,5.0,890.0,195.0,1
12.0,6816.0,254.0,79.0,5.0,405.0,131.0,1
14.0,815.0,228.0,60.0,6.0,490.0,142.0,1
14.0,343.0,135.0,217.0,5.0,480.0,186.0,1
16.0,5929.0,0.0,208.0,6.0,469.0,136.0,1
1.0,2034.0,217.0,80.0,3.0,1050.0,130.0,1
7.0,421.0,16.0,79.0,4.0,966.0,204.0,1
15.0,3142.0,75.0,244.0,5.0,760.0,65.0,1
6.0,4961.0,16.0,105.0,4.0,895.0,71.0,1
16.0,2453.0,135.0,38.0,3.0,575.0,71.0,1
13.0,976.0,79.0,134.0,7.0,948.0,202.0,1
13.0,416.0,280.0,79.0,6.0,835.0,110.0,1
16.0,2258.0,19.0,135.0,5.0,990.0,152.0,1
5.0,1524.0,16.0,45.0,4.0,730.0,109.0,1
12.0,6907.0,208.0,84.0,7.0,1085.0,76.0,1
9.0,397.0,150.0,128.0,4.0,1248.0,42.0,1
15.0,924.0,45.0,79.0,6.0,775.0,255.0,1
15.0,1326.0,175.0,154.0,4.0,530.0,275.0,1
12.0,6546.0,214.0,179.0,1.0,433.0,61.0,1
12.0,3044.0,221.0,184.0,6.0,1115.0,91.0,1
4.0,1850.0,135.0,233.0,3.0,765.0,150.0,1
10.0,4476.0,78.0,148.0,6.0,715.0,65.0,1
12.0,6693.0,172.0,208.0,3.0,1013.0,92.0,1
5.0,2887.0,16.0,2.0,7.0,1182.0,225.0,1
12.0,4739.0,261.0,202.0,3.0,905.0,122.0,1
15.0,1099.0,44.0,202.0,7.0,540.0,70.0,1
10.0,4658.0,159.0,16.0,6.0,745.0,155.0,1
4.0,306.0,96.0,60.0,1.0,735.0,122.0,1
5.0,1855.0,16.0,154.0,5.0,814.0,298.0,1
4.0,763.0,135.0,198.0,1.0,1000.0,67.0,1
12.0,6693.0,187.0,208.0,7.0,1109.0,56.0,1
15.0,1867.0,45.0,251.0,6.0,1105.0,110.0,1
15.0,851.0,147.0,153.0,1.0,775.0,310.0,1
0.0,4340.0,277.0,233.0,6.0,725.0,110.0,1
1.0,2287.0,279.0,80.0,6.0,595.0,75.0,1
10.0,4376.0,233.0,148.0,4.0,860.0,99.0,1
10.0,3533.0,80.0,58.0,4.0,465.0,150.0,1
5.0,2589.0,16.0,172.0,5.0,540.0,148.0,1
8.0,961.0,48.0,35.0,5.0,1060.0,98.0,1
13.0,605.0,78.0,208.0,3.0,465.0,132.0,1
5.0,2958.0,60.0,85.0,3.0,571.0,119.0,1
15.0,1591.0,216.0,35.0,3.0,380.0,80.0,1
15.0,225.0,172.0,184.0,5.0,910.0,80.0,1
8.0,844.0,173.0,16.0,7.0,875.0,93.0,1
1.0,1494.0,80.0,104.0,7.0,660.0,155.0,1
7.0,145.0,129.0,79.0,4.0,949.0,141.0,1
3.0,620.0,129.0,148.0,7.0,420.0,199.0,1
5.0,2728.0,261.0,197.0,4.0,587.0,168.0,1
15.0,2760.0,79.0,153.0,6.0,470.0,120.0,1
5.0,1709.0,197.0,79.0,4.0,435.0,135.0,1
5.0,2626.0,104.0,16.0,7.0,340.0,118.0,1
15.0,2992.0,205.0,268.0,1.0,750.0,70.0,1
3.0,740.0,225.0,148.0,7.0,363.0,237.0,1
9.0,7.0,153.0,128.0,6.0,540.0,385.0,1
17.0,7258.0,273.0,208.0,6.0,450.0,140.0,1
15.0,3307.0,175.0,243.0,7.0,530.0,275.0,1
10.0,4589.0,197.0,159.0,4.0,1020.0,165.0,1
8.0,1418.0,241.0,48.0,7.0,1008.0,149.0,1
3.0,623.0,148.0,129.0,5.0,1230.0,253.0,1
10.0,3910.0,208.0,69.0,4.0,900.0,85.0,1
15.0,2117.0,277.0,182.0,5.0,625.0,175.0,1
16.0,2350.0,184.0,135.0,4.0,1050.0,172.0,1
15.0,2275.0,104.0,45.0,6.0,465.0,150.0,1
13.0,204.0,252.0,253.0,7.0,918.0,126.0,1
1.0,694.0,80.0,18.0,4.0,1225.0,55.0,1
15.0,795.0,277.0,172.0,5.0,840.0,175.0,1
17.0,7256.0,134.0,139.0,6.0,737.0,104.0,1
15.0,1104.0,243.0,253.0,4.0,895.0,90.0,1
10.0,2709.0,80.0,218.0,7.0,895.0,110.0,1
5.0,2825.0,35.0,197.0,6.0,1090.0,207.0,1
1.0,324.0,80.0,33.0,4.0,1315.0,95.0,1
13.0,7.0,148.0,253.0,5.0,490.0,404.0,1
17.0,2724.0,18.0,60.0,6.0,710.0,151.0,1
1.0,1036.0,183.0,45.0,7.0,730.0,150.0,1
5.0,1880.0,253.0,16.0,4.0,1360.0,271.0,1
12.0,6257.0,79.0,34.0,1.0,906.0,122.0,1
15.0,1458.0,244.0,129.0,4.0,1120.0,50.0,1
5.0,2145.0,228.0,16.0,7.0,420.0,179.0,1
16.0,2469.0,135.0,68.0,1.0,475.0,65.0,1
1.0,1019.0,60.0,80.0,7.0,400.0,185.0,1
11.0,6574.0,148.0,58.0,7.0,1075.0,131.0,1
10.0,4320.0,204.0,208.0,5.0,1025.0,135.0,1
12.0,7047.0,79.0,83.0,7.0,1305.0,64.0,1
1.0,1599.0,76.0,80.0,5.0,430.0,175.0,1
15.0,3425.0,252.0,261.0,5.0,575.0,110.0,1
12.0,6481.0,79.0,136.0,5.0,1301.0,77.0,1
5.0,2813.0,119.0,197.0,5.0,469.0,101.0,1
14.0,1434.0,183.0,60.0,7.0,380.0,126.0,1
16.0,2143.0,121.0,135.0,7.0,360.0,159.0,1
5.0,2747.0,159.0,16.0,3.0,1140.0,174.0,1
8.0,770.0,153.0,16.0,7.0,1359.0,230.0,1
14.0,1177.0,60.0,147.0,3.0,795.0,81.0,1
12.0,6437.0,214.0,252.0,3.0,780.0,50.0,1
10.0,4091.0,208.0,33.0,6.0,545.0,90.0,1
15.0,1100.0,228.0,45.0,3.0,805.0,80.0,1
9.0,344.0,161.0,128.0,5.0,775.0,32.0,1
16.0,2928.0,135.0,279.0,1.0,599.0,83.0,1
0.0,4380.0,229.0,85.0,3.0,983.0,135.0,1
15.0,51.0,162.0,75.0,1.0,1045.0,70.0,1
5.0,2988.0,173.0,71.0,4.0,970.0,133.0,1
10.0,3378.0,116.0,80.0,1.0,655.0,110.0,1
9.0,145.0,203.0,128.0,6.0,585.0,34.0,1
12.0,4609.0,261.0,18.0,4.0,590.0,170.0,1
15.0,3322.0,141.0,104.0,5.0,915.0,190.0,1
14.0,1471.0,60.0,277.0,6.0,1200.0,104.0,1
16.0,2056.0,172.0,96.0,4.0,635.0,165.0,1
1.0,353.0,159.0,208.0,6.0,1180.0,155.0,1
13.0,940.0,79.0,208.0,3.0,830.0,149.0,1
13.0,419.0,233.0,134.0,6.0,855.0,63.0,1
13.0,201.0,35.0,134.0,3.0,360.0,103.0,1
13.0,653.0,217.0,208.0,5.0,767.0,204.0,1
13.0,998.0,173.0,208.0,1.0,419.0,178.0,1
10.0,3636.0,60.0,183.0,6.0,835.0,135.0,1
13.0,79.0,253.0,128.0,4.0,1140.0,333.0,1
15.0,49.0,217.0,2.0,3.0,830.0,65.0,1
10.0,4208.0,45.0,208.0,3.0,1155.0,145.0,1
12.0,6678.0,194.0,253.0,4.0,886.0,37.0,1
4.0,327.0,243.0,96.0,6.0,1290.0,292.0,1
16.0,2544.0,75.0,135.0,4.0,570.0,65.0,1
15.0,29.0,175.0,268.0,1.0,595.0,65.0,1
10.0,4169.0,208.0,234.0,6.0,1135.0,120.0,1
15.0,3748.0,217.0,258.0,7.0,785.0,115.0,1
13.0,77.0,253.0,128.0,3.0,990.0,344.0,1
4.0,186.0,264.0,96.0,7.0,465.0,310.0,1
12.0,6872.0,79.0,217.0,3.0,620.0,124.0,1
5.0,1682.0,16.0,27.0,5.0,870.0,55.0,1
5.0,1061.0,154.0,173.0,5.0,625.0,276.0,1
14.0,1475.0,216.0,16.0,3.0,1230.0,138.0,1
1.0,1145.0,80.0,44.0,4.0,785.0,205.0,1
0.0,3979.0,43.0,148.0,3.0,575.0,100.0,1
12.0,6370.0,207.0,253.0,4.0,1130.0,85.0,1
1.0,1214.0,268.0,159.0,6.0,665.0,145.0,1
11.0,6564.0,208.0,71.0,6.0,950.0,73.0,1
15.0,3425.0,91.0,75.0,1.0,985.0,95.0,1
13.0,69.0,154.0,161.0,5.0,848.0,365.0,1
0.0,3726.0,84.0,85.0,5.0,617.0,113.0,1
13.0,366.0,153.0,134.0,7.0,799.0,268.0,1
13.0,721.0,79.0,253.0,3.0,678.0,174.0,1
15.0,1218.0,2.0,153.0,1.0,410.0,100.0,1
5.0,1781.0,253.0,154.0,7.0,1080.0,85.0,1
0.0,3814.0,197.0,58.0,6.0,800.0,117.0,1
10.0,3639.0,183.0,60.0,5.0,1290.0,125.0,1
7.0,799.0,79.0,214.0,4.0,1090.0,165.0,1
0.0,3992.0,157.0,177.0,3.0,480.0,85.0,1
14.0,1759.0,35.0,216.0,4.0,1050.0,103.0,1
15.0,1830.0,198.0,129.0,6.0,670.0,75.0,1
15.0,371.0,61.0,173.0,1.0,1010.0,135.0,1
15.0,245.0,45.0,217.0,4.0,440.0,320.0,1
16.0,2437.0,233.0,135.0,6.0,530.0,184.0,1
14.0,2032.0,78.0,35.0,5.0,750.0,84.0,1
5.0,1619.0,85.0,154.0,5.0,950.0,300.0,1
16.0,2841.0,135.0,76.0,4.0,810.0,139.0,1
1.0,614.0,183.0,159.0,7.0,965.0,180.0,1
16.0,5978.0,134.0,43.0,3.0,1102.0,69.0,1
17.0,2731.0,280.0,217.0,6.0,866.0,54.0,1
15.0,1783.0,147.0,33.0,4.0,1130.0,95.0,1
6.0,5552.0,16.0,285.0,4.0,950.0,55.0,1
15.0,1686.0,216.0,104.0,5.0,875.0,175.0,1
14.0,680.0,60.0,96.0,4.0,800.0,114.0,1
11.0,6468.0,148.0,35.0,6.0,1135.0,95.0,1
15.0,2439.0,34.0,111.0,3.0,870.0,65.0,1
6.0,5435.0,188.0,16.0,1.0,360.0,98.0,1
5.0,1240.0,16.0,251.0,6.0,1221.0,78.0,1
15.0,2019.0,202.0,154.0,6.0,740.0,75.0,1
15.0,2771.0,217.0,172.0,6.0,990.0,150.0,1
15.0,53.0,280.0,153.0,7.0,470.0,75.0,1
4.0,194.0,203.0,154.0,6.0,1330.0,335.0,1
15.0,657.0,236.0,154.0,5.0,1175.0,85.0,1
8.0,1225.0,104.0,221.0,3.0,915.0,159.0,1
13.0,587.0,253.0,264.0,1.0,1087.0,93.0,1
5.0,2832.0,261.0,145.0,5.0,1195.0,62.0,1
9.0,260.0,128.0,143.0,4.0,891.0,52.0,1
8.0,119.0,16.0,277.0,1.0,721.0,89.0,1
0.0,3894.0,197.0,76.0,6.0,610.0,112.0,1
15.0,1107.0,162.0,268.0,4.0,390.0,70.0,1
1.0,1184.0,208.0,96.0,3.0,735.0,145.0,1
3.0,58.0,173.0,148.0,3.0,1255.0,140.0,1
1.0,2015.0,85.0,183.0,7.0,895.0,190.0,1
16.0,5995.0,208.0,29.0,3.0,717.0,134.0,1
5.0,1804.0,104.0,85.0,4.0,900.0,194.0,1
13.0,48.0,61.0,208.0,1.0,425.0,84.0,1
15.0,399.0,153.0,264.0,1.0,465.0,60.0,1
10.0,3629.0,183.0,33.0,1.0,420.0,145.0,1
1.0,2325.0,208.0,80.0,3.0,760.0,150.0,1
14.0,2141.0,35.0,159.0,4.0,1140.0,81.0,1
11.0,6548.0,221.0,148.0,1.0,1025.0,95.0,1
2.0,38.0,252.0,197.0,5.0,747.0,203.0,1
0.0,3951.0,184.0,177.0,7.0,1000.0,127.0,1
15.0,1414.0,131.0,244.0,3.0,420.0,55.0,1
5.0,1099.0,22.0,173.0,5.0,450.0,182.0,1
1.0,1065.0,80.0,258.0,7.0,1270.0,225.0,1
9.0,101.0,143.0,128.0,6.0,383.0,49.0,1
15.0,477.0,43.0,175.0,7.0,440.0,115.0,1
10.0,3621.0,183.0,209.0,1.0,665.0,135.0,1
5.0,2855.0,71.0,277.0,7.0,970.0,124.0,1
6.0,5486.0,16.0,97.0,1.0,897.0,118.0,1
5.0,2135.0,16.0,213.0,7.0,655.0,107.0,1
12.0,6542.0,83.0,79.0,5.0,696.0,58.0,1
8.0,36.0,16.0,175.0,5.0,1110.0,113.0,1
17.0,2856.0,217.0,103.0,6.0,660.0,69.0,1
6.0,4953.0,285.0,16.0,5.0,917.0,68.0,1
3.0,1115.0,234.0,173.0,1.0,1042.0,123.0,1
6.0,5346.0,205.0,16.0,3.0,835.0,135.0,1
15.0,3771.0,175.0,221.0,3.0,710.0,75.0,1
13.0,899.0,253.0,252.0,5.0,1065.0,133.0,1
5.0,1717.0,16.0,79.0,7.0,660.0,207.0,1
0.0,4124.0,71.0,251.0,7.0,810.0,45.0,1
6.0,7092.0,134.0,182.0,6.0,1323.0,91.0,1
1.0,285.0,154.0,161.0,4.0,985.0,355.0,1
15.0,1174.0,18.0,129.0,4.0,800.0,45.0,1
3.0,1061.0,148.0,18.0,3.0,475.0,257.0,1
16.0,2978.0,41.0,135.0,5.0,490.0,71.0,1
13.0,662.0,253.0,197.0,1.0,636.0,228.0,1
15.0,45.0,228.0,175.0,5.0,695.0,165.0,1
13.0,438.0,154.0,208.0,4.0,1058.0,239.0,1
13.0,411.0,252.0,253.0,6.0,1180.0,125.0,1
5.0,1794.0,16.0,216.0,5.0,1295.0,126.0,1
1.0,1296.0,80.0,16.0,1.0,565.0,120.0,1
10.0,2767.0,80.0,288.0,7.0,630.0,105.0,1
6.0,5239.0,16.0,237.0,5.0,970.0,83.0,1
15.0,28.0,129.0,75.0,7.0,780.0,55.0,1
15.0,1083.0,197.0,217.0,1.0,540.0,220.0,1
7.0,772.0,153.0,79.0,3.0,497.0,108.0,1
16.0,2095.0,221.0,135.0,5.0,362.0,206.0,1
15.0,225.0,184.0,45.0,1.0,1015.0,115.0,1
1.0,2410.0,154.0,80.0,5.0,370.0,185.0,1
8.0,56.0,154.0,16.0,1.0,717.0,238.0,1
1.0,443.0,183.0,198.0,6.0,1360.0,125.0,1
3.0,53.0,238.0,148.0,7.0,707.0,73.0,1
10.0,4106.0,119.0,208.0,1.0,650.0,65.0,1
11.0,6457.0,71.0,184.0,5.0,565.0,88.0,1
11.0,6283.0,85.0,71.0,7.0,935.0,79.0,1
1.0,268.0,252.0,148.0,5.0,435.0,315.0,1
15.0,684.0,217.0,154.0,4.0,1055.0,80.0,1
15.0,1174.0,18.0,129.0,3.0,800.0,45.0,1
0.0,3696.0,268.0,16.0,6.0,1075.0,100.0,1
3.0,422.0,213.0,35.0,6.0,640.0,173.0,1
15.0,414.0,268.0,153.0,3.0,925.0,225.0,1
10.0,3670.0,275.0,183.0,6.0,775.0,85.0,1
12.0,4703.0,261.0,154.0,7.0,1010.0,114.0,1
1.0,884.0,268.0,78.0,7.0,450.0,115.0,1
15.0,1450.0,217.0,91.0,7.0,655.0,70.0,1
6.0,5289.0,205.0,16.0,4.0,642.0,137.0,1
0.0,4011.0,148.0,58.0,6.0,1075.0,131.0,1
15.0,3320.0,153.0,198.0,7.0,685.0,200.0,1
13.0,422.0,28.0,79.0,1.0,451.0,94.0,1
12.0,6634.0,208.0,205.0,4.0,437.0,90.0,1
5.0,2182.0,264.0,197.0,3.0,875.0,214.0,1
15.0,907.0,244.0,45.0,5.0,650.0,190.0,1
7.0,465.0,219.0,184.0,4.0,723.0,168.0,1
10.0,3977.0,208.0,56.0,1.0,580.0,65.0,1
12.0,6932.0,208.0,212.0,7.0,795.0,80.0,1
13.0,444.0,208.0,174.0,3.0,797.0,104.0,1
3.0,915.0,148.0,208.0,1.0,821.0,159.0,1
13.0,354.0,243.0,79.0,3.0,894.0,141.0,1
15.0,863.0,204.0,172.0,3.0,585.0,70.0,1
13.0,625.0,78.0,208.0,1.0,1003.0,136.0,1
5.0,301.0,60.0,16.0,3.0,430.0,91.0,1
15.0,1216.0,153.0,173.0,4.0,630.0,265.0,1
15.0,1564.0,141.0,175.0,6.0,445.0,155.0,1
1.0,2401.0,80.0,154.0,4.0,390.0,205.0,1
12.0,6846.0,246.0,253.0,5.0,751.0,80.0,1
12.0,4601.0,137.0,261.0,3.0,490.0,56.0,1
15.0,3157.0,175.0,243.0,4.0,705.0,275.0,1
13.0,355.0,208.0,135.0,6.0,1256.0,162.0,1
1.0,1635.0,148.0,260.0,5.0,905.0,250.0,1
12.0,4486.0,177.0,84.0,1.0,865.0,100.0,1
12.0,7048.0,136.0,79.0,3.0,782.0,90.0,1
5.0,117.0,16.0,277.0,7.0,1066.0,90.0,1
16.0,5949.0,42.0,208.0,6.0,360.0,159.0,1
12.0,6505.0,163.0,253.0,6.0,315.0,95.0,1
4.0,89.0,135.0,96.0,4.0,360.0,200.0,1
5.0,1684.0,258.0,16.0,7.0,1360.0,262.0,1
14.0,2026.0,78.0,35.0,7.0,570.0,81.0,1
14.0,395.0,153.0,80.0,3.0,705.0,158.0,1
3.0,217.0,148.0,160.0,4.0,1020.0,380.0,1
5.0,1630.0,184.0,85.0,1.0,1100.0,80.0,1
3.0,1103.0,148.0,233.0,7.0,557.0,108.0,1
12.0,4810.0,280.0,261.0,4.0,750.0,110.0,1
13.0,828.0,79.0,96.0,4.0,1060.0,226.0,1
4.0,866.0,252.0,135.0,3.0,1430.0,237.0,1
4.0,1762.0,197.0,135.0,3.0,555.0,179.0,1
1.0,1044.0,183.0,233.0,5.0,635.0,120.0,1
14.0,1123.0,172.0,60.0,5.0,435.0,133.0,1
8.0,1229.0,267.0,139.0,5.0,925.0,139.0,1
12.0,6880.0,261.0,79.0,1.0,629.0,85.0,1
6.0,7347.0,136.0,16.0,4.0,783.0,124.0,1
1.0,696.0,80.0,183.0,3.0,1015.0,165.0,1
12.0,6240.0,253.0,207.0,4.0,1205.0,76.0,1
15.0,1400.0,79.0,175.0,1.0,375.0,145.0,1
15.0,1177.0,58.0,45.0,6.0,1020.0,75.0,1
15.0,1050.0,233.0,45.0,1.0,840.0,60.0,1
13.0,296.0,79.0,236.0,6.0,1138.0,145.0,1
0.0,3976.0,85.0,281.0,4.0,1295.0,69.0,1
10.0,2946.0,156.0,80.0,3.0,435.0,80.0,1
14.0,645.0,207.0,217.0,7.0,1150.0,72.0,1
1.0,1695.0,80.0,217.0,6.0,495.0,155.0,1
12.0,6956.0,79.0,132.0,4.0,1170.0,146.0,1
15.0,698.0,154.0,129.0,5.0,1050.0,180.0,1
10.0,3730.0,96.0,208.0,4.0,1115.0,170.0,1
1.0,583.0,183.0,268.0,5.0,885.0,170.0,1
13.0,81.0,154.0,128.0,1.0,530.0,344.0,1
5.0,1981.0,197.0,177.0,6.0,390.0,125.0,1
17.0,2927.0,60.0,71.0,1.0,1073.0,91.0,1
12.0,7026.0,100.0,154.0,1.0,909.0,71.0,1
15.0,2619.0,258.0,153.0,1.0,685.0,80.0,1
9.0,167.0,150.0,128.0,3.0,698.0,42.0,1
15.0,884.0,277.0,22.0,4.0,1125.0,165.0,1
2.0,29.0,208.0,252.0,6.0,1185.0,275.0,1
4.0,600.0,104.0,96.0,4.0,405.0,170.0,1
16.0,2925.0,96.0,251.0,4.0,920.0,139.0,1
1.0,1492.0,80.0,173.0,6.0,1120.0,140.0,1
12.0,4716.0,160.0,261.0,6.0,410.0,110.0,1
6.0,5317.0,16.0,27.0,7.0,810.0,54.0,1
6.0,4971.0,205.0,16.0,5.0,1048.0,142.0,1
14.0,1075.0,216.0,60.0,5.0,505.0,112.0,1
10.0,3254.0,80.0,129.0,7.0,1010.0,70.0,1
15.0,1423.0,45.0,209.0,3.0,1145.0,50.0,1
1.0,1057.0,80.0,236.0,3.0,1135.0,220.0,1
4.0,1088.0,135.0,85.0,4.0,785.0,164.0,1
13.0,803.0,233.0,134.0,5.0,622.0,68.0,1
12.0,6370.0,207.0,253.0,5.0,1130.0,85.0,1
14.0,1276.0,216.0,139.0,1.0,1075.0,127.0,1
10.0,2958.0,129.0,80.0,1.0,615.0,65.0,1
16.0,2797.0,228.0,96.0,7.0,1019.0,91.0,1
15.0,650.0,2.0,175.0,4.0,405.0,165.0,1
5.0,2746.0,139.0,197.0,5.0,942.0,108.0,1
15.0,2882.0,27.0,147.0,5.0,695.0,70.0,1
5.0,2452.0,198.0,159.0,4.0,420.0,175.0,1
5.0,1069.0,233.0,16.0,7.0,1110.0,93.0,1
12.0,4742.0,230.0,197.0,1.0,940.0,92.0,1
15.0,691.0,198.0,75.0,3.0,985.0,85.0,1
1.0,530.0,268.0,80.0,5.0,1080.0,120.0,1
2.0,683.0,208.0,214.0,3.0,1020.0,265.0,1
5.0,55.0,16.0,45.0,1.0,455.0,105.0,1
15.0,3138.0,243.0,244.0,4.0,900.0,155.0,1
16.0,2345.0,96.0,268.0,5.0,565.0,187.0,1
1.0,1646.0,279.0,80.0,3.0,500.0,80.0,1
6.0,5280.0,290.0,177.0,1.0,1010.0,68.0,1
5.0,2708.0,104.0,71.0,4.0,465.0,151.0,1
8.0,850.0,97.0,173.0,1.0,785.0,65.0,1
15.0,143.0,243.0,202.0,4.0,1120.0,90.0,1
12.0,6603.0,2.0,79.0,4.0,925.0,76.0,1
5.0,2628.0,177.0,162.0,5.0,1160.0,53.0,1
13.0,138.0,79.0,159.0,5.0,800.0,219.0,1
3.0,37.0,148.0,277.0,5.0,470.0,176.0,1
15.0,429.0,253.0,154.0,4.0,655.0,80.0,1
16.0,2203.0,279.0,135.0,5.0,650.0,89.0,1
8.0,96.0,233.0,16.0,5.0,375.0,85.0,1
13.0,799.0,58.0,208.0,4.0,1001.0,88.0,1
17.0,7280.0,208.0,233.0,6.0,1110.0,115.0,1
15.0,6.0,68.0,129.0,1.0,375.0,50.0,1
8.0,829.0,267.0,184.0,7.0,1110.0,160.0,1
15.0,302.0,75.0,204.0,7.0,620.0,50.0,1
15.0,914.0,129.0,154.0,4.0,825.0,225.0,1
14.0,639.0,208.0,217.0,4.0,1020.0,233.0,1
15.0,765.0,262.0,175.0,7.0,830.0,245.0,1
1.0,303.0,159.0,208.0,7.0,435.0,165.0,1
12.0,6643.0,230.0,79.0,4.0,879.0,77.0,1
0.0,4007.0,208.0,177.0,1.0,670.0,110.0,1
12.0,4605.0,195.0,197.0,7.0,710.0,75.0,1
0.0,3652.0,16.0,273.0,5.0,595.0,138.0,1
0.0,4173.0,285.0,85.0,7.0,1018.0,106.0,1
1.0,546.0,80.0,183.0,7.0,1185.0,160.0,1
13.0,394.0,153.0,208.0,4.0,399.0,216.0,1
14.0,497.0,96.0,60.0,4.0,1050.0,122.0,1
5.0,413.0,159.0,16.0,5.0,900.0,163.0,1
5.0,1471.0,16.0,204.0,6.0,990.0,146.0,1
15.0,1045.0,243.0,262.0,4.0,1260.0,95.0,1
5.0,1753.0,197.0,252.0,6.0,680.0,223.0,1
13.0,339.0,35.0,79.0,7.0,474.0,287.0,1
12.0,6447.0,132.0,79.0,4.0,495.0,197.0,1
15.0,250.0,268.0,205.0,4.0,590.0,75.0,1
14.0,1490.0,60.0,159.0,6.0,971.0,109.0,1
1.0,2265.0,216.0,208.0,7.0,450.0,160.0,1
16.0,2347.0,197.0,135.0,7.0,555.0,177.0,1
6.0,7131.0,134.0,47.0,3.0,737.0,87.0,1
11.0,6677.0,61.0,78.0,7.0,1045.0,77.0,1
3.0,576.0,173.0,272.0,4.0,705.0,155.0,1
10.0,4657.0,16.0,159.0,5.0,780.0,125.0,1
10.0,4265.0,254.0,208.0,3.0,890.0,100.0,1
5.0,690.0,60.0,16.0,7.0,790.0,85.0,1
8.0,76.0,104.0,16.0,3.0,1015.0,116.0,1
3.0,420.0,213.0,35.0,5.0,825.0,177.0,1
14.0,1521.0,60.0,79.0,3.0,465.0,225.0,1
16.0,2429.0,135.0,170.0,4.0,698.0,84.0,1
5.0,332.0,213.0,16.0,4.0,657.0,107.0,1
10.0,4265.0,254.0,208.0,5.0,890.0,100.0,1
15.0,1006.0,18.0,33.0,3.0,910.0,115.0,1
5.0,1935.0,85.0,33.0,1.0,440.0,115.0,1
13.0,726.0,202.0,79.0,3.0,885.0,149.0,1
8.0,1099.0,139.0,173.0,4.0,1199.0,140.0,1
15.0,1223.0,79.0,35.0,6.0,975.0,225.0,1
4.0,545.0,96.0,233.0,1.0,915.0,100.0,1
1.0,238.0,154.0,260.0,6.0,1435.0,390.0,1
10.0,4057.0,273.0,208.0,7.0,720.0,135.0,1
15.0,1475.0,153.0,217.0,6.0,635.0,70.0,1
15.0,1827.0,207.0,202.0,7.0,1260.0,75.0,1
11.0,6742.0,85.0,251.0,7.0,720.0,89.0,1
15.0,1069.0,175.0,61.0,3.0,635.0,65.0,1
15.0,1440.0,175.0,202.0,3.0,910.0,300.0,1
14.0,31.0,203.0,217.0,7.0,1410.0,344.0,1
12.0,6338.0,243.0,154.0,4.0,1041.0,42.0,1
9.0,261.0,143.0,128.0,6.0,1040.0,49.0,1
15.0,513.0,153.0,264.0,7.0,905.0,65.0,1
5.0,2277.0,177.0,80.0,4.0,1165.0,103.0,1
15.0,344.0,2.0,153.0,7.0,430.0,100.0,1
15.0,807.0,202.0,34.0,7.0,545.0,90.0,1
2.0,861.0,214.0,203.0,7.0,600.0,368.0,1
1.0,1776.0,80.0,216.0,4.0,405.0,185.0,1
4.0,326.0,135.0,45.0,7.0,771.0,167.0,1
6.0,5216.0,268.0,78.0,4.0,1195.0,122.0,1
15.0,1566.0,18.0,75.0,1.0,710.0,55.0,1
12.0,4441.0,261.0,102.0,7.0,602.0,107.0,1
8.0,816.0,35.0,45.0,4.0,750.0,88.0,1
5.0,2762.0,223.0,16.0,3.0,955.0,79.0,1
12.0,7027.0,79.0,261.0,7.0,918.0,88.0,1
13.0,544.0,153.0,253.0,1.0,987.0,103.0,1
1.0,329.0,159.0,208.0,4.0,765.0,155.0,1
6.0,5479.0,158.0,16.0,4.0,360.0,120.0,1
16.0,2901.0,209.0,135.0,7.0,1015.0,209.0,1
1.0,1860.0,183.0,173.0,1.0,600.0,65.0,1
2.0,45.0,14.0,23.0,7.0,1118.0,77.0,1
5.0,1693.0,264.0,16.0,3.0,815.0,259.0,1
3.0,132.0,241.0,148.0,1.0,1055.0,164.0,1
16.0,2247.0,58.0,197.0,5.0,1240.0,122.0,1
10.0,3358.0,290.0,80.0,3.0,480.0,75.0,1
15.0,1414.0,153.0,264.0,5.0,905.0,65.0,1
16.0,2533.0,85.0,96.0,1.0,685.0,104.0,1
5.0,1580.0,253.0,16.0,4.0,360.0,270.0,1
10.0,3699.0,183.0,71.0,7.0,1290.0,160.0,1
13.0,915.0,134.0,253.0,6.0,972.0,363.0,1
12.0,6269.0,252.0,253.0,7.0,994.0,125.0,1
7.0,473.0,241.0,184.0,5.0,708.0,181.0,1
10.0,4227.0,84.0,208.0,5.0,675.0,80.0,1
15.0,2153.0,258.0,243.0,6.0,705.0,80.0,1
7.0,130.0,79.0,80.0,6.0,635.0,112.0,1
5.0,1452.0,16.0,71.0,3.0,855.0,85.0,1
5.0,314.0,16.0,261.0,3.0,845.0,255.0,1
15.0,3597.0,175.0,173.0,7.0,1185.0,160.0,1
4.0,581.0,58.0,153.0,6.0,755.0,268.0,1
15.0,596.0,45.0,228.0,1.0,1000.0,70.0,1
15.0,313.0,175.0,243.0,5.0,1145.0,275.0,1
12.0,4517.0,28.0,261.0,3.0,465.0,83.0,1
3.0,703.0,148.0,260.0,3.0,420.0,227.0,1
15.0,317.0,79.0,34.0,7.0,505.0,125.0,1
14.0,1273.0,216.0,80.0,3.0,695.0,226.0,1
14.0,1212.0,213.0,78.0,3.0,430.0,136.0,1
15.0,1594.0,236.0,79.0,5.0,795.0,130.0,1
4.0,1183.0,96.0,208.0,5.0,795.0,150.0,1
12.0,6485.0,253.0,227.0,5.0,1114.0,79.0,1
15.0,3843.0,262.0,44.0,1.0,485.0,70.0,1
1.0,1218.0,214.0,80.0,5.0,510.0,225.0,1
5.0,1988.0,153.0,177.0,5.0,750.0,196.0,1
15.0,1202.0,104.0,22.0,4.0,800.0,185.0,1
1.0,2404.0,153.0,154.0,3.0,540.0,65.0,1
15.0,998.0,175.0,45.0,3.0,985.0,110.0,1
15.0,1357.0,262.0,207.0,5.0,360.0,80.0,1
1.0,1281.0,35.0,80.0,6.0,925.0,265.0,1
14.0,371.0,217.0,262.0,7.0,1265.0,122.0,1
5.0,1065.0,214.0,261.0,4.0,995.0,105.0,1
15.0,841.0,279.0,268.0,6.0,900.0,70.0,1
5.0,2025.0,45.0,16.0,5.0,675.0,117.0,1
1.0,1924.0,258.0,80.0,1.0,605.0,205.0,1
0.0,3716.0,247.0,197.0,4.0,420.0,99.0,1
3.0,74.0,148.0,42.0,5.0,1005.0,82.0,1
12.0,7794.0,261.0,271.0,7.0,1005.0,71.0,1
1.0,1935.0,80.0,18.0,6.0,970.0,60.0,1
15.0,944.0,207.0,217.0,7.0,460.0,70.0,1
16.0,2179.0,223.0,135.0,5.0,900.0,102.0,1
1.0,672.0,269.0,183.0,7.0,920.0,180.0,1
10.0,3948.0,205.0,208.0,6.0,1030.0,105.0,1
15.0,177.0,214.0,153.0,6.0,710.0,125.0,1
5.0,1829.0,119.0,85.0,7.0,400.0,70.0,1
10.0,3943.0,208.0,279.0,6.0,520.0,120.0,1
15.0,824.0,221.0,217.0,7.0,835.0,300.0,1
12.0,6360.0,253.0,207.0,7.0,1024.0,76.0,1
15.0,380.0,175.0,146.0,7.0,950.0,125.0,1
4.0,1541.0,135.0,18.0,1.0,860.0,52.0,1
15.0,1783.0,45.0,104.0,5.0,835.0,160.0,1
10.0,2946.0,156.0,80.0,1.0,435.0,80.0,1
12.0,4841.0,261.0,2.0,7.0,1190.0,102.0,1
13.0,510.0,153.0,253.0,6.0,360.0,95.0,1
15.0,1256.0,34.0,202.0,4.0,1135.0,105.0,1
15.0,1368.0,129.0,18.0,7.0,530.0,45.0,1
5.0,2367.0,16.0,243.0,4.0,502.0,290.0,1
5.0,2486.0,16.0,159.0,5.0,940.0,134.0,1
14.0,317.0,258.0,217.0,5.0,592.0,107.0,1
1.0,477.0,80.0,2.0,7.0,845.0,110.0,1
15.0,2201.0,243.0,45.0,3.0,730.0,290.0,1
12.0,6361.0,79.0,65.0,1.0,1017.0,33.0,1
12.0,6346.0,248.0,253.0,7.0,809.0,65.0,1
5.0,2685.0,159.0,173.0,3.0,415.0,170.0,1
1.0,177.0,148.0,253.0,4.0,1079.0,401.0,1
5.0,1890.0,16.0,268.0,4.0,818.0,102.0,1
10.0,4130.0,174.0,208.0,3.0,1035.0,135.0,1
14.0,1769.0,159.0,60.0,6.0,1137.0,128.0,1
0.0,3703.0,119.0,197.0,1.0,810.0,96.0,1
1.0,2023.0,172.0,80.0,3.0,805.0,95.0,1
6.0,4998.0,290.0,16.0,4.0,360.0,119.0,1
0.0,3895.0,247.0,85.0,7.0,930.0,63.0,1
12.0,6681.0,290.0,79.0,6.0,565.0,123.0,1
7.0,510.0,243.0,79.0,5.0,390.0,143.0,1
15.0,221.0,79.0,217.0,3.0,585.0,120.0,1
14.0,1223.0,78.0,213.0,3.0,520.0,157.0,1
17.0,1908.0,203.0,128.0,5.0,1240.0,32.0,1
10.0,3225.0,56.0,80.0,4.0,620.0,130.0,1
17.0,2686.0,251.0,60.0,3.0,1198.0,93.0,1
1.0,826.0,261.0,80.0,4.0,500.0,170.0,1
6.0,5032.0,70.0,16.0,4.0,858.0,50.0,1
14.0,1890.0,213.0,60.0,1.0,900.0,112.0,1
10.0,3693.0,234.0,183.0,4.0,895.0,160.0,1
12.0,6518.0,136.0,208.0,6.0,636.0,109.0,1
13.0,212.0,253.0,214.0,6.0,1344.0,111.0,1
8.0,853.0,16.0,173.0,7.0,625.0,90.0,1
5.0,2007.0,60.0,197.0,6.0,495.0,180.0,1
5.0,2029.0,262.0,197.0,7.0,400.0,217.0,1
15.0,1715.0,261.0,34.0,3.0,495.0,70.0,1
5.0,1024.0,22.0,16.0,6.0,365.0,175.0,1
13.0,690.0,208.0,159.0,4.0,1020.0,136.0,1
5.0,2757.0,253.0,154.0,1.0,838.0,84.0,1
6.0,5003.0,16.0,52.0,1.0,967.0,51.0,1
5.0,1375.0,35.0,159.0,4.0,450.0,76.0,1
1.0,2028.0,268.0,159.0,1.0,480.0,140.0,1
10.0,4330.0,208.0,71.0,4.0,800.0,75.0,1
13.0,36.0,253.0,243.0,1.0,360.0,94.0,1
5.0,1671.0,139.0,197.0,4.0,1160.0,114.0,1
1.0,343.0,208.0,18.0,7.0,1195.0,170.0,1
10.0,3308.0,71.0,80.0,4.0,605.0,165.0,1
0.0,4305.0,54.0,16.0,4.0,1010.0,85.0,1
14.0,2184.0,78.0,159.0,4.0,1140.0,85.0,1
1.0,1221.0,173.0,208.0,7.0,1140.0,175.0,1
0.0,3668.0,285.0,159.0,4.0,360.0,131.0,1
14.0,1989.0,233.0,60.0,4.0,435.0,65.0,1
5.0,1274.0,197.0,96.0,5.0,920.0,164.0,1
4.0,822.0,198.0,135.0,7.0,992.0,81.0,1
15.0,1016.0,129.0,131.0,4.0,1055.0,60.0,1
15.0,242.0,173.0,221.0,3.0,785.0,135.0,1
14.0,255.0,243.0,217.0,6.0,595.0,76.0,1
8.0,511.0,184.0,159.0,5.0,1130.0,129.0,1
15.0,706.0,85.0,45.0,4.0,435.0,95.0,1
4.0,1693.0,178.0,135.0,1.0,980.0,79.0,1
15.0,1808.0,262.0,264.0,6.0,420.0,90.0,1
11.0,6621.0,157.0,85.0,4.0,379.0,86.0,1
16.0,2585.0,268.0,96.0,5.0,370.0,137.0,1
12.0,6820.0,231.0,253.0,7.0,360.0,77.0,1
1.0,1600.0,80.0,78.0,1.0,555.0,164.0,1
5.0,1058.0,16.0,268.0,7.0,1155.0,111.0,1
10.0,4292.0,238.0,208.0,7.0,1155.0,130.0,1
16.0,2387.0,120.0,135.0,5.0,835.0,178.0,1
17.0,7291.0,159.0,134.0,1.0,550.0,83.0,1
12.0,6544.0,15.0,79.0,7.0,683.0,45.0,1
7.0,148.0,79.0,129.0,7.0,1150.0,137.0,1
15.0,1308.0,129.0,268.0,5.0,930.0,115.0,1
14.0,1437.0,45.0,60.0,3.0,835.0,89.0,1
16.0,2220.0,256.0,135.0,6.0,420.0,62.0,1
6.0,5302.0,256.0,16.0,1.0,425.0,113.0,1
8.0,199.0,78.0,16.0,6.0,880.0,120.0,1
12.0,6234.0,80.0,154.0,6.0,796.0,205.0,1
0.0,3939.0,177.0,84.0,6.0,555.0,101.0,1
10.0,4076.0,99.0,208.0,1.0,370.0,130.0,1
13.0,219.0,134.0,253.0,4.0,887.0,368.0,1
5.0,1001.0,35.0,16.0,4.0,660.0,176.0,1
1.0,1766.0,260.0,134.0,7.0,780.0,245.0,1
3.0,459.0,35.0,104.0,6.0,1185.0,201.0,1
12.0,6247.0,100.0,154.0,3.0,719.0,72.0,1
12.0,3045.0,184.0,221.0,4.0,470.0,86.0,1
14.0,4.0,208.0,217.0,3.0,430.0,244.0,1
5.0,2674.0,173.0,78.0,5.0,1015.0,122.0,1
10.0,3382.0,80.0,56.0,5.0,1150.0,120.0,1
6.0,5269.0,78.0,71.0,4.0,1085.0,99.0,1
14.0,1455.0,277.0,60.0,1.0,420.0,100.0,1
12.0,6623.0,253.0,179.0,4.0,1213.0,96.0,1
15.0,694.0,2.0,175.0,5.0,715.0,160.0,1
15.0,567.0,35.0,216.0,4.0,860.0,100.0,1
14.0,1511.0,217.0,154.0,7.0,1085.0,86.0,1
15.0,770.0,75.0,91.0,7.0,735.0,105.0,1
9.0,520.0,128.0,203.0,3.0,580.0,37.0,1
17.0,2627.0,85.0,60.0,6.0,1025.0,113.0,1
13.0,599.0,253.0,243.0,7.0,1208.0,85.0,1
9.0,241.0,143.0,128.0,6.0,1256.0,49.0,1
5.0,1290.0,16.0,85.0,5.0,1305.0,123.0,1
14.0,2169.0,159.0,78.0,3.0,600.0,77.0,1
13.0,185.0,216.0,253.0,4.0,377.0,389.0,1
10.0,4370.0,208.0,181.0,3.0,1140.0,110.0,1
10.0,2827.0,80.0,54.0,6.0,510.0,145.0,1
5.0,2411.0,16.0,80.0,5.0,655.0,158.0,1
14.0,651.0,253.0,216.0,1.0,825.0,312.0,1
5.0,2688.0,173.0,78.0,4.0,835.0,119.0,1
1.0,1669.0,80.0,264.0,6.0,525.0,195.0,1
11.0,6468.0,148.0,35.0,7.0,1135.0,95.0,1
9.0,398.0,128.0,150.0,4.0,1175.0,43.0,1
2.0,11.0,96.0,252.0,6.0,450.0,375.0,1
1.0,415.0,197.0,208.0,5.0,560.0,85.0,1
15.0,2528.0,173.0,221.0,5.0,620.0,135.0,1
6.0,5246.0,52.0,16.0,7.0,733.0,57.0,1
6.0,5328.0,121.0,16.0,4.0,582.0,65.0,1
15.0,3491.0,170.0,129.0,3.0,580.0,80.0,1
5.0,1229.0,16.0,213.0,4.0,1330.0,108.0,1
1.0,501.0,27.0,80.0,1.0,415.0,130.0,1
3.0,1226.0,233.0,35.0,7.0,1020.0,101.0,1
6.0,5485.0,16.0,288.0,5.0,822.0,72.0,1
6.0,5593.0,91.0,16.0,7.0,802.0,177.0,1
1.0,1980.0,80.0,173.0,4.0,595.0,140.0,1
1.0,353.0,159.0,208.0,4.0,1180.0,155.0,1
5.0,2925.0,197.0,264.0,4.0,1045.0,237.0,1
5.0,2029.0,197.0,277.0,5.0,795.0,189.0,1
14.0,230.0,217.0,85.0,3.0,810.0,228.0,1
14.0,703.0,216.0,221.0,5.0,1100.0,89.0,1
13.0,745.0,159.0,79.0,4.0,888.0,276.0,1
0.0,3653.0,135.0,16.0,4.0,766.0,132.0,1
1.0,1839.0,80.0,244.0,6.0,470.0,60.0,1
6.0,5150.0,290.0,16.0,4.0,605.0,109.0,1
8.0,817.0,45.0,35.0,5.0,1285.0,80.0,1
5.0,2167.0,85.0,208.0,4.0,920.0,81.0,1
15.0,1180.0,2.0,75.0,3.0,1215.0,90.0,1
4.0,440.0,261.0,135.0,1.0,470.0,178.0,1
15.0,856.0,129.0,79.0,7.0,850.0,150.0,1
16.0,2793.0,135.0,172.0,5.0,835.0,113.0,1
3.0,572.0,213.0,130.0,6.0,435.0,158.0,1
0.0,4399.0,107.0,197.0,1.0,665.0,66.0,1
1.0,2428.0,80.0,18.0,6.0,900.0,60.0,1
5.0,82.0,261.0,148.0,5.0,665.0,276.0,1
12.0,6534.0,79.0,137.0,6.0,689.0,100.0,1
10.0,4035.0,208.0,193.0,3.0,1120.0,80.0,1
15.0,1058.0,217.0,244.0,7.0,670.0,125.0,1
14.0,1511.0,217.0,154.0,1.0,1085.0,86.0,1
5.0,115.0,16.0,197.0,4.0,1050.0,164.0,1
5.0,1439.0,78.0,16.0,7.0,780.0,120.0,1
0.0,4002.0,177.0,27.0,7.0,1180.0,65.0,1
14.0,769.0,216.0,35.0,7.0,855.0,82.0,1
3.0,584.0,104.0,130.0,7.0,1034.0,173.0,1
14.0,703.0,216.0,221.0,1.0,1100.0,89.0,1
5.0,2217.0,85.0,153.0,7.0,515.0,285.0,1
15.0,1099.0,172.0,268.0,1.0,990.0,55.0,1
5.0,1762.0,33.0,85.0,3.0,375.0,126.0,1
15.0,2900.0,258.0,207.0,3.0,1235.0,70.0,1
14.0,1578.0,60.0,216.0,3.0,875.0,99.0,1
2.0,366.0,252.0,262.0,4.0,405.0,106.0,1
5.0,465.0,85.0,261.0,4.0,725.0,244.0,1
12.0,6725.0,79.0,224.0,4.0,1292.0,146.0,1
14.0,1488.0,60.0,35.0,1.0,970.0,120.0,1
5.0,2991.0,177.0,261.0,3.0,1120.0,205.0,1
5.0,2752.0,277.0,159.0,1.0,775.0,158.0,1
16.0,2791.0,135.0,71.0,3.0,815.0,135.0,1
15.0,1136.0,153.0,154.0,1.0,365.0,65.0,1
16.0,2860.0,184.0,135.0,7.0,630.0,170.0,1
15.0,2459.0,204.0,79.0,5.0,390.0,100.0,1
15.0,770.0,243.0,262.0,3.0,950.0,95.0,1
5.0,1898.0,104.0,159.0,3.0,1139.0,181.0,1
13.0,646.0,208.0,96.0,5.0,792.0,141.0,1
10.0,3928.0,273.0,208.0,6.0,430.0,145.0,1
1.0,1467.0,198.0,80.0,6.0,400.0,100.0,1
10.0,3900.0,208.0,22.0,1.0,725.0,125.0,1
12.0,6688.0,136.0,79.0,1.0,595.0,96.0,1
5.0,2898.0,119.0,85.0,5.0,729.0,58.0,1
15.0,115.0,261.0,111.0,7.0,1040.0,115.0,1
12.0,4629.0,224.0,261.0,3.0,390.0,90.0,1
10.0,3932.0,254.0,208.0,5.0,485.0,95.0,1
5.0,1978.0,213.0,16.0,7.0,1130.0,118.0,1
15.0,1199.0,204.0,129.0,5.0,375.0,85.0,1
12.0,6604.0,261.0,79.0,1.0,447.0,98.0,1
14.0,480.0,85.0,217.0,5.0,1060.0,267.0,1
7.0,789.0,79.0,153.0,4.0,1285.0,113.0,1
10.0,3920.0,109.0,208.0,5.0,705.0,60.0,1
17.0,2704.0,234.0,60.0,7.0,960.0,81.0,1
13.0,875.0,79.0,252.0,7.0,510.0,183.0,1
12.0,6287.0,227.0,153.0,4.0,587.0,60.0,1
3.0,1441.0,253.0,160.0,5.0,1202.0,80.0,1
2.0,515.0,264.0,252.0,1.0,420.0,173.0,1
14.0,574.0,262.0,217.0,5.0,750.0,104.0,1
7.0,671.0,173.0,79.0,6.0,1017.0,239.0,1
5.0,424.0,260.0,16.0,3.0,922.0,243.0,1
15.0,1500.0,35.0,216.0,1.0,425.0,100.0,1
6.0,7316.0,177.0,135.0,5.0,825.0,103.0,1
14.0,69.0,35.0,153.0,4.0,1075.0,365.0,1
1.0,1543.0,33.0,80.0,1.0,515.0,130.0,1
5.0,1997.0,16.0,233.0,4.0,766.0,79.0,1
1.0,180.0,154.0,148.0,4.0,985.0,310.0,1
8.0,342.0,16.0,216.0,5.0,961.0,123.0,1
0.0,4188.0,16.0,238.0,4.0,1065.0,124.0,1
10.0,3628.0,33.0,183.0,3.0,540.0,140.0,1
8.0,1206.0,234.0,173.0,3.0,420.0,131.0,1
4.0,1143.0,16.0,96.0,1.0,873.0,147.0,1
4.0,8.0,96.0,35.0,6.0,1110.0,67.0,1
6.0,5311.0,215.0,16.0,6.0,485.0,122.0,1
1.0,1076.0,268.0,78.0,7.0,900.0,115.0,1
15.0,36.0,68.0,129.0,4.0,830.0,50.0,1
9.0,102.0,128.0,143.0,5.0,305.0,49.0,1
14.0,2144.0,159.0,35.0,4.0,1260.0,69.0,1
10.0,4296.0,45.0,148.0,5.0,855.0,80.0,1
15.0,1824.0,175.0,197.0,5.0,705.0,90.0,1
17.0,7216.0,208.0,177.0,3.0,501.0,100.0,1
6.0,5496.0,53.0,16.0,7.0,1020.0,104.0,1
9.0,391.0,143.0,128.0,3.0,1221.0,49.0,1
1.0,1710.0,80.0,134.0,7.0,1270.0,155.0,1
1.0,393.0,80.0,79.0,1.0,405.0,125.0,1
1.0,879.0,279.0,80.0,6.0,425.0,70.0,1
16.0,2350.0,58.0,184.0,7.0,1005.0,77.0,1
13.0,494.0,84.0,208.0,7.0,360.0,80.0,1
5.0,1499.0,22.0,104.0,3.0,485.0,196.0,1
5.0,2149.0,85.0,252.0,3.0,515.0,302.0,1
10.0,4665.0,159.0,16.0,4.0,495.0,165.0,1
13.0,610.0,208.0,78.0,6.0,665.0,111.0,1
5.0,1499.0,22.0,104.0,4.0,485.0,196.0,1
9.0,392.0,128.0,143.0,3.0,1141.0,51.0,1
5.0,1004.0,16.0,76.0,3.0,670.0,97.0,1
6.0,5327.0,177.0,132.0,4.0,570.0,62.0,1
13.0,475.0,60.0,208.0,3.0,360.0,133.0,1
5.0,1661.0,16.0,213.0,7.0,567.0,121.0,1
1.0,1472.0,80.0,16.0,5.0,700.0,125.0,1
12.0,6277.0,252.0,111.0,6.0,1299.0,58.0,1
10.0,2736.0,155.0,80.0,4.0,800.0,65.0,1
0.0,4224.0,85.0,152.0,4.0,935.0,49.0,1
10.0,3729.0,216.0,208.0,4.0,1185.0,145.0,1
1.0,1396.0,236.0,80.0,3.0,710.0,190.0,1
13.0,616.0,208.0,78.0,3.0,840.0,111.0,1
5.0,2300.0,16.0,35.0,1.0,980.0,154.0,1
6.0,5599.0,178.0,177.0,7.0,987.0,113.0,1
8.0,551.0,43.0,16.0,1.0,1087.0,133.0,1
2.0,501.0,264.0,252.0,3.0,600.0,168.0,1
15.0,1973.0,277.0,244.0,6.0,935.0,175.0,1
12.0,6908.0,2.0,253.0,6.0,430.0,162.0,1
15.0,984.0,204.0,172.0,6.0,880.0,65.0,1
5.0,1085.0,197.0,14.0,3.0,930.0,357.0,1
1.0,1930.0,183.0,35.0,1.0,935.0,190.0,1
2.0,606.0,252.0,153.0,7.0,595.0,149.0,1
13.0,889.0,154.0,253.0,1.0,506.0,96.0,1
11.0,6368.0,71.0,273.0,1.0,920.0,98.0,1
3.0,418.0,213.0,35.0,6.0,420.0,172.0,1
15.0,2.0,129.0,75.0,1.0,390.0,55.0,1
10.0,3753.0,197.0,208.0,4.0,480.0,95.0,1
0.0,3832.0,177.0,60.0,4.0,870.0,101.0,1
15.0,1072.0,252.0,2.0,7.0,795.0,165.0,1
5.0,2653.0,159.0,277.0,1.0,695.0,181.0,1
10.0,3356.0,80.0,71.0,1.0,575.0,130.0,1
5.0,1681.0,96.0,85.0,4.0,1182.0,120.0,1
9.0,343.0,128.0,161.0,1.0,710.0,37.0,1
6.0,5325.0,169.0,16.0,4.0,827.0,97.0,1
15.0,268.0,153.0,175.0,3.0,920.0,215.0,1
12.0,6379.0,248.0,154.0,3.0,557.0,62.0,1
1.0,1499.0,80.0,258.0,7.0,885.0,230.0,1
11.0,6585.0,85.0,134.0,5.0,1290.0,101.0,1
15.0,1205.0,258.0,154.0,6.0,650.0,70.0,1
15.0,1136.0,154.0,253.0,1.0,455.0,80.0,1
12.0,7044.0,79.0,205.0,4.0,509.0,84.0,1
16.0,2470.0,197.0,96.0,4.0,677.0,162.0,1
15.0,1472.0,217.0,61.0,5.0,675.0,215.0,1
10.0,3903.0,69.0,208.0,4.0,1075.0,120.0,1
5.0,1243.0,85.0,268.0,5.0,1195.0,111.0,1
13.0,294.0,253.0,45.0,7.0,920.0,309.0,1
5.0,1600.0,16.0,35.0,5.0,455.0,153.0,1
15.0,1001.0,75.0,198.0,3.0,1005.0,80.0,1
10.0,4312.0,109.0,208.0,5.0,425.0,60.0,1
4.0,1599.0,96.0,135.0,4.0,375.0,248.0,1
8.0,428.0,16.0,223.0,5.0,610.0,79.0,1
5.0,2957.0,33.0,85.0,1.0,825.0,105.0,1
0.0,4287.0,85.0,22.0,5.0,630.0,108.0,1
6.0,7101.0,208.0,71.0,5.0,709.0,72.0,1
15.0,30.0,217.0,175.0,3.0,1060.0,200.0,1
15.0,1006.0,34.0,79.0,3.0,420.0,110.0,1
15.0,1292.0,217.0,79.0,6.0,460.0,115.0,1
1.0,335.0,208.0,213.0,7.0,1060.0,185.0,1
10.0,4532.0,78.0,148.0,7.0,840.0,80.0,1
0.0,3736.0,66.0,177.0,7.0,680.0,75.0,1
4.0,5.0,135.0,198.0,4.0,1105.0,71.0,1
3.0,422.0,213.0,35.0,5.0,640.0,173.0,1
14.0,1042.0,277.0,216.0,6.0,855.0,149.0,1
12.0,4585.0,261.0,114.0,3.0,1206.0,64.0,1
12.0,4637.0,153.0,154.0,3.0,976.0,73.0,1
14.0,997.0,60.0,54.0,4.0,868.0,54.0,1
16.0,2207.0,136.0,135.0,5.0,990.0,106.0,1
0.0,3768.0,90.0,85.0,7.0,515.0,98.0,1
6.0,5238.0,16.0,121.0,3.0,906.0,59.0,1
15.0,541.0,154.0,258.0,1.0,1030.0,65.0,1
10.0,3237.0,121.0,80.0,4.0,700.0,170.0,1
16.0,2991.0,162.0,135.0,6.0,742.0,80.0,1
1.0,1924.0,258.0,80.0,3.0,605.0,205.0,1
15.0,852.0,217.0,44.0,7.0,1005.0,85.0,1
14.0,520.0,217.0,236.0,1.0,505.0,109.0,1
12.0,6397.0,248.0,154.0,6.0,1039.0,65.0,1
12.0,6342.0,243.0,154.0,4.0,1280.0,48.0,1
3.0,417.0,35.0,213.0,6.0,1245.0,191.0,1
14.0,1587.0,216.0,60.0,4.0,1105.0,121.0,1
12.0,7774.0,261.0,255.0,1.0,920.0,81.0,1
15.0,1458.0,153.0,244.0,5.0,815.0,160.0,1
4.0,1172.0,96.0,35.0,3.0,870.0,70.0,1
0.0,4113.0,78.0,139.0,3.0,890.0,121.0,1
14.0,2123.0,35.0,159.0,7.0,600.0,79.0,1
15.0,3853.0,228.0,277.0,7.0,540.0,200.0,1
13.0,703.0,214.0,208.0,6.0,680.0,238.0,1
6.0,7341.0,204.0,16.0,1.0,405.0,130.0,1
12.0,6499.0,258.0,154.0,4.0,652.0,79.0,1
11.0,6310.0,71.0,216.0,6.0,1135.0,107.0,1
17.0,2640.0,60.0,268.0,1.0,875.0,123.0,1
17.0,1964.0,128.0,143.0,1.0,1095.0,49.0,1
5.0,1042.0,264.0,16.0,5.0,525.0,247.0,1
15.0,634.0,45.0,251.0,5.0,1100.0,110.0,1
15.0,1824.0,45.0,209.0,4.0,510.0,50.0,1
13.0,675.0,208.0,79.0,5.0,527.0,170.0,1
10.0,3903.0,69.0,208.0,7.0,1075.0,120.0,1
7.0,454.0,184.0,159.0,6.0,485.0,134.0,1
13.0,390.0,135.0,79.0,7.0,1134.0,161.0,1
4.0,1880.0,252.0,96.0,7.0,970.0,298.0,1
2.0,860.0,128.0,252.0,5.0,550.0,340.0,1
8.0,494.0,60.0,45.0,7.0,439.0,86.0,1
5.0,2650.0,261.0,45.0,3.0,1034.0,252.0,1
1.0,263.0,134.0,154.0,4.0,865.0,350.0,1
15.0,1398.0,277.0,33.0,4.0,610.0,115.0,1
1.0,1367.0,132.0,80.0,5.0,1025.0,130.0,1
6.0,5558.0,85.0,216.0,3.0,915.0,120.0,1
4.0,1590.0,135.0,183.0,3.0,450.0,143.0,1
5.0,1493.0,85.0,172.0,7.0,723.0,130.0,1
8.0,477.0,45.0,16.0,7.0,768.0,125.0,1
17.0,2696.0,154.0,153.0,3.0,800.0,65.0,1
15.0,831.0,175.0,244.0,7.0,485.0,185.0,1
4.0,269.0,253.0,135.0,3.0,15.0,205.0,1
1.0,1900.0,264.0,80.0,7.0,950.0,170.0,1
14.0,1766.0,60.0,78.0,6.0,890.0,80.0,1
5.0,1650.0,153.0,197.0,1.0,558.0,192.0,1
5.0,1998.0,16.0,197.0,6.0,810.0,162.0,1
15.0,132.0,253.0,154.0,4.0,1080.0,75.0,1
15.0,2810.0,44.0,262.0,4.0,500.0,80.0,1
12.0,6876.0,214.0,79.0,6.0,684.0,146.0,1
16.0,2569.0,135.0,170.0,5.0,895.0,86.0,1
6.0,5224.0,190.0,16.0,7.0,805.0,76.0,1
15.0,3658.0,79.0,258.0,7.0,705.0,165.0,1
3.0,39.0,148.0,213.0,4.0,1120.0,183.0,1
5.0,49.0,71.0,16.0,7.0,985.0,95.0,1
15.0,1202.0,104.0,22.0,5.0,800.0,185.0,1
15.0,44.0,129.0,75.0,1.0,1020.0,60.0,1
6.0,5142.0,16.0,138.0,4.0,572.0,80.0,1
10.0,3651.0,183.0,285.0,4.0,1255.0,130.0,1
12.0,4659.0,28.0,261.0,4.0,778.0,80.0,1
1.0,1139.0,85.0,80.0,5.0,1020.0,185.0,1
14.0,1993.0,228.0,60.0,4.0,1135.0,136.0,1
1.0,1007.0,183.0,217.0,6.0,1015.0,320.0,1
0.0,3969.0,16.0,130.0,3.0,735.0,148.0,1
16.0,2662.0,135.0,61.0,7.0,806.0,146.0,1
5.0,2945.0,197.0,135.0,1.0,1020.0,185.0,1
15.0,757.0,154.0,262.0,4.0,855.0,80.0,1
5.0,1705.0,134.0,16.0,1.0,460.0,124.0,1
4.0,484.0,104.0,58.0,5.0,780.0,165.0,1
0.0,3883.0,136.0,197.0,6.0,450.0,115.0,1
15.0,130.0,154.0,202.0,5.0,790.0,75.0,1
15.0,1059.0,175.0,79.0,6.0,540.0,165.0,1
15.0,3768.0,207.0,202.0,4.0,495.0,75.0,1
15.0,2091.0,129.0,268.0,6.0,855.0,115.0,1
15.0,760.0,228.0,175.0,3.0,390.0,165.0,1
1.0,1894.0,253.0,154.0,1.0,585.0,90.0,1
15.0,1404.0,216.0,277.0,6.0,475.0,180.0,1
5.0,1446.0,217.0,16.0,4.0,500.0,211.0,1
9.0,342.0,128.0,143.0,6.0,498.0,50.0,1
7.0,728.0,79.0,78.0,7.0,450.0,196.0,1
0.0,4003.0,27.0,177.0,7.0,685.0,74.0,1
15.0,2113.0,216.0,35.0,5.0,490.0,90.0,1
5.0,1792.0,243.0,16.0,3.0,1365.0,236.0,1
16.0,2764.0,96.0,268.0,5.0,1020.0,175.0,1
15.0,483.0,253.0,153.0,6.0,995.0,90.0,1
15.0,1592.0,173.0,87.0,4.0,1030.0,70.0,1
14.0,1698.0,60.0,228.0,6.0,1326.0,108.0,1
6.0,7304.0,186.0,16.0,5.0,890.0,102.0,1
10.0,4223.0,238.0,208.0,4.0,360.0,125.0,1
14.0,1772.0,60.0,80.0,6.0,569.0,175.0,1
3.0,509.0,96.0,104.0,4.0,929.0,183.0,1
5.0,1442.0,16.0,197.0,7.0,520.0,175.0,1
9.0,155.0,203.0,128.0,1.0,519.0,34.0,1
12.0,4621.0,261.0,236.0,1.0,921.0,88.0,1
10.0,4200.0,139.0,208.0,7.0,755.0,70.0,1
5.0,2279.0,159.0,104.0,6.0,895.0,198.0,1
16.0,2505.0,234.0,96.0,5.0,1030.0,85.0,1
13.0,355.0,16.0,208.0,5.0,576.0,133.0,1
14.0,1024.0,260.0,216.0,4.0,940.0,244.0,1
11.0,6747.0,234.0,148.0,5.0,795.0,85.0,1
14.0,1182.0,60.0,159.0,5.0,866.0,107.0,1
13.0,684.0,208.0,159.0,6.0,819.0,139.0,1
8.0,1255.0,277.0,139.0,6.0,740.0,136.0,1
6.0,7346.0,16.0,121.0,3.0,1070.0,60.0,1
1.0,355.0,80.0,207.0,1.0,1010.0,195.0,1
5.0,2500.0,74.0,16.0,7.0,707.0,88.0,1
16.0,2882.0,33.0,96.0,4.0,1180.0,122.0,1
4.0,535.0,58.0,154.0,1.0,1015.0,297.0,1
12.0,6986.0,208.0,281.0,5.0,510.0,60.0,1
17.0,2912.0,227.0,217.0,6.0,709.0,67.0,1
12.0,6346.0,248.0,253.0,5.0,811.0,61.0,1
3.0,45.0,238.0,148.0,4.0,360.0,83.0,1
1.0,2015.0,85.0,183.0,6.0,895.0,190.0,1
5.0,1923.0,35.0,85.0,6.0,742.0,142.0,1
12.0,6986.0,281.0,208.0,3.0,656.0,79.0,1
15.0,520.0,241.0,173.0,3.0,670.0,50.0,1
3.0,454.0,104.0,35.0,7.0,720.0,182.0,1
13.0,431.0,61.0,208.0,3.0,592.0,78.0,1
6.0,7134.0,134.0,85.0,1.0,1024.0,97.0,1
14.0,1435.0,78.0,60.0,4.0,640.0,90.0,1
3.0,591.0,130.0,173.0,5.0,390.0,164.0,1
5.0,1696.0,16.0,22.0,1.0,577.0,150.0,1
6.0,4973.0,16.0,288.0,5.0,660.0,76.0,1
6.0,5572.0,120.0,16.0,5.0,585.0,88.0,1
15.0,1584.0,43.0,45.0,4.0,1040.0,70.0,1
10.0,4344.0,85.0,208.0,6.0,1000.0,80.0,1
15.0,779.0,45.0,173.0,4.0,390.0,140.0,1
1.0,1898.0,91.0,80.0,6.0,720.0,100.0,1
14.0,342.0,217.0,153.0,3.0,1075.0,69.0,1
5.0,2922.0,217.0,85.0,7.0,425.0,230.0,1
15.0,5.0,129.0,198.0,1.0,565.0,60.0,1
16.0,2457.0,96.0,234.0,5.0,502.0,94.0,1
15.0,1715.0,18.0,75.0,7.0,1195.0,55.0,1
15.0,42.0,75.0,155.0,1.0,1070.0,65.0,1
1.0,2395.0,60.0,80.0,4.0,945.0,180.0,1
5.0,1062.0,173.0,154.0,3.0,1090.0,346.0,1
1.0,1374.0,208.0,183.0,7.0,850.0,185.0,1
3.0,355.0,148.0,44.0,4.0,735.0,366.0,1
14.0,614.0,153.0,217.0,4.0,760.0,70.0,1
1.0,599.0,159.0,183.0,1.0,630.0,195.0,1
13.0,181.0,35.0,253.0,5.0,881.0,408.0,1
6.0,5307.0,16.0,129.0,5.0,831.0,136.0,1
4.0,1881.0,96.0,252.0,3.0,1080.0,370.0,1
13.0,333.0,221.0,208.0,5.0,447.0,102.0,1
17.0,7272.0,60.0,208.0,3.0,541.0,129.0,1
10.0,3542.0,58.0,80.0,1.0,400.0,185.0,1
2.0,36.0,252.0,197.0,4.0,425.0,199.0,1
3.0,151.0,148.0,213.0,3.0,960.0,188.0,1
6.0,7356.0,16.0,187.0,5.0,512.0,118.0,1
15.0,3158.0,147.0,45.0,6.0,785.0,110.0,1
17.0,7288.0,16.0,208.0,5.0,888.0,129.0,1
6.0,5314.0,85.0,80.0,3.0,725.0,191.0,1
5.0,1850.0,153.0,197.0,6.0,810.0,185.0,1
6.0,5391.0,16.0,19.0,3.0,682.0,61.0,1
6.0,5561.0,16.0,120.0,4.0,575.0,81.0,1
16.0,2360.0,96.0,85.0,1.0,420.0,119.0,1
5.0,1890.0,16.0,268.0,1.0,825.0,104.0,1
15.0,1314.0,261.0,217.0,6.0,695.0,100.0,1
12.0,6593.0,79.0,28.0,4.0,490.0,95.0,1
13.0,339.0,35.0,79.0,6.0,477.0,283.0,1
15.0,1996.0,154.0,153.0,6.0,890.0,65.0,1
13.0,436.0,264.0,208.0,7.0,508.0,232.0,1
8.0,887.0,184.0,217.0,6.0,545.0,240.0,1
15.0,1147.0,154.0,258.0,3.0,395.0,65.0,1
12.0,4634.0,160.0,261.0,7.0,602.0,120.0,1
11.0,6462.0,148.0,35.0,4.0,910.0,102.0,1
1.0,1629.0,80.0,243.0,5.0,630.0,195.0,1
15.0,3742.0,277.0,33.0,5.0,1080.0,110.0,1
10.0,4119.0,208.0,162.0,3.0,490.0,115.0,1
16.0,2563.0,96.0,268.0,4.0,385.0,172.0,1
17.0,7259.0,228.0,208.0,5.0,748.0,167.0,1
4.0,689.0,85.0,135.0,6.0,365.0,183.0,1
5.0,2760.0,183.0,16.0,3.0,820.0,120.0,1
11.0,6451.0,71.0,197.0,4.0,430.0,133.0,1
1.0,154.0,208.0,35.0,3.0,1070.0,135.0,1
14.0,569.0,217.0,173.0,4.0,955.0,234.0,1
1.0,2332.0,208.0,216.0,6.0,750.0,115.0,1
5.0,1272.0,16.0,267.0,7.0,525.0,102.0,1
4.0,391.0,183.0,135.0,5.0,875.0,171.0,1
6.0,5076.0,204.0,16.0,5.0,648.0,125.0,1
15.0,111.0,2.0,217.0,6.0,915.0,75.0,1
5.0,1004.0,16.0,76.0,6.0,670.0,97.0,1
11.0,6405.0,120.0,16.0,4.0,370.0,93.0,1
3.0,582.0,104.0,130.0,3.0,505.0,165.0,1
1.0,283.0,154.0,128.0,1.0,625.0,365.0,1
12.0,6603.0,2.0,79.0,1.0,925.0,76.0,1
14.0,1105.0,12.0,60.0,4.0,885.0,134.0,1
6.0,5149.0,16.0,275.0,1.0,660.0,67.0,1
13.0,247.0,153.0,79.0,4.0,792.0,114.0,1
2.0,30.0,214.0,35.0,1.0,420.0,320.0,1
15.0,1300.0,91.0,18.0,6.0,870.0,85.0,1
15.0,2876.0,61.0,277.0,6.0,415.0,135.0,1
16.0,2104.0,68.0,135.0,6.0,510.0,64.0,1
0.0,4035.0,184.0,71.0,7.0,1035.0,81.0,1
12.0,4526.0,79.0,261.0,7.0,1040.0,90.0,1
15.0,1092.0,268.0,129.0,1.0,475.0,135.0,1
14.0,14.0,252.0,217.0,5.0,510.0,166.0,1
15.0,1596.0,75.0,279.0,6.0,1165.0,55.0,1
1.0,556.0,208.0,104.0,3.0,1150.0,175.0,1
12.0,4680.0,261.0,93.0,4.0,692.0,115.0,1
11.0,6522.0,216.0,177.0,5.0,365.0,178.0,1
5.0,2112.0,27.0,16.0,5.0,330.0,58.0,1
1.0,492.0,44.0,80.0,5.0,695.0,180.0,1
12.0,4839.0,261.0,2.0,4.0,510.0,104.0,1
6.0,7118.0,134.0,273.0,7.0,761.0,74.0,1
12.0,6850.0,171.0,208.0,5.0,519.0,79.0,1
15.0,39.0,75.0,129.0,3.0,960.0,60.0,1
15.0,1458.0,207.0,153.0,3.0,725.0,55.0,1
12.0,4593.0,79.0,261.0,6.0,880.0,89.0,1
14.0,1755.0,216.0,78.0,7.0,1264.0,56.0,1
4.0,57.0,96.0,173.0,7.0,870.0,174.0,1
5.0,2512.0,16.0,208.0,4.0,970.0,123.0,1
15.0,1487.0,12.0,153.0,1.0,805.0,350.0,1
13.0,228.0,79.0,80.0,3.0,493.0,119.0,1
14.0,1411.0,60.0,213.0,4.0,710.0,121.0,1
1.0,1.0,148.0,154.0,7.0,550.0,385.0,1
14.0,641.0,80.0,217.0,7.0,370.0,157.0,1
13.0,593.0,79.0,264.0,5.0,1276.0,144.0,1
9.0,20.0,128.0,262.0,5.0,855.0,310.0,1
10.0,3398.0,156.0,80.0,6.0,755.0,75.0,1
14.0,1029.0,60.0,183.0,6.0,865.0,120.0,1
13.0,908.0,79.0,208.0,4.0,755.0,143.0,1
15.0,3094.0,153.0,184.0,6.0,1000.0,205.0,1
14.0,1242.0,217.0,78.0,3.0,795.0,248.0,1
7.0,382.0,79.0,104.0,1.0,1035.0,224.0,1
14.0,1419.0,216.0,154.0,1.0,580.0,370.0,1
3.0,1082.0,60.0,148.0,5.0,659.0,107.0,1
13.0,441.0,45.0,79.0,6.0,583.0,253.0,1
16.0,2549.0,71.0,135.0,3.0,880.0,159.0,1
1.0,1185.0,80.0,214.0,6.0,570.0,245.0,1
16.0,2563.0,268.0,135.0,4.0,525.0,127.0,1
15.0,2357.0,35.0,216.0,4.0,1040.0,105.0,1
4.0,522.0,198.0,135.0,3.0,1125.0,70.0,1
11.0,6523.0,148.0,234.0,3.0,1210.0,101.0,1
10.0,3227.0,80.0,284.0,3.0,1025.0,45.0,1
1.0,1951.0,27.0,80.0,4.0,1045.0,130.0,1
2.0,884.0,150.0,214.0,3.0,565.0,335.0,1
0.0,3721.0,85.0,76.0,3.0,520.0,60.0,1
14.0,1211.0,78.0,213.0,1.0,1055.0,151.0,1
13.0,933.0,134.0,233.0,4.0,1320.0,71.0,1
15.0,1434.0,268.0,129.0,1.0,980.0,135.0,1
14.0,1631.0,60.0,277.0,6.0,569.0,102.0,1
13.0,216.0,253.0,264.0,5.0,526.0,100.0,1
14.0,14.0,217.0,148.0,5.0,805.0,286.0,1
10.0,3859.0,135.0,208.0,3.0,405.0,155.0,1
14.0,752.0,35.0,216.0,1.0,990.0,101.0,1
0.0,4001.0,208.0,177.0,3.0,390.0,115.0,1
15.0,1231.0,141.0,277.0,3.0,420.0,185.0,1
15.0,2118.0,2.0,243.0,3.0,1040.0,115.0,1
11.0,6652.0,71.0,85.0,4.0,600.0,84.0,1
15.0,3836.0,175.0,261.0,5.0,530.0,215.0,1
5.0,1969.0,16.0,173.0,5.0,540.0,98.0,1
1.0,436.0,264.0,80.0,7.0,650.0,170.0,1
1.0,1139.0,85.0,80.0,1.0,1020.0,185.0,1
6.0,7096.0,273.0,134.0,6.0,1192.0,79.0,1
10.0,3955.0,208.0,56.0,1.0,430.0,60.0,1
1.0,1827.0,18.0,80.0,5.0,915.0,65.0,1
15.0,1370.0,172.0,202.0,7.0,815.0,245.0,1
14.0,1617.0,60.0,172.0,4.0,970.0,152.0,1
1.0,1975.0,233.0,208.0,4.0,675.0,130.0,1
0.0,4172.0,177.0,139.0,7.0,525.0,85.0,1
0.0,3982.0,94.0,85.0,6.0,420.0,95.0,1
15.0,2621.0,155.0,18.0,7.0,1015.0,70.0,1
6.0,4946.0,4.0,16.0,6.0,405.0,55.0,1
13.0,221.0,208.0,135.0,4.0,491.0,164.0,1
11.0,6318.0,71.0,120.0,3.0,915.0,77.0,1
12.0,6279.0,253.0,264.0,1.0,907.0,85.0,1
3.0,217.0,148.0,160.0,7.0,1020.0,380.0,1
4.0,380.0,153.0,58.0,1.0,915.0,235.0,1
12.0,4773.0,224.0,261.0,3.0,990.0,93.0,1
6.0,5423.0,16.0,19.0,7.0,898.0,59.0,1
15.0,350.0,175.0,173.0,3.0,485.0,155.0,1
1.0,1245.0,173.0,183.0,4.0,1080.0,70.0,1
6.0,5113.0,16.0,81.0,4.0,590.0,65.0,1
4.0,702.0,96.0,253.0,4.0,955.0,381.0,1
8.0,273.0,35.0,16.0,7.0,510.0,180.0,1
16.0,2881.0,135.0,33.0,6.0,771.0,103.0,1
8.0,1072.0,48.0,277.0,3.0,520.0,151.0,1
0.0,3760.0,16.0,130.0,7.0,1060.0,143.0,1
3.0,81.0,148.0,104.0,3.0,899.0,192.0,1
14.0,128.0,258.0,217.0,6.0,965.0,107.0,1
15.0,188.0,104.0,217.0,3.0,975.0,315.0,1
3.0,1212.0,43.0,35.0,4.0,425.0,86.0,1
6.0,5049.0,200.0,16.0,7.0,1072.0,97.0,1
15.0,1255.0,153.0,244.0,3.0,960.0,155.0,1
5.0,2311.0,16.0,80.0,3.0,740.0,150.0,1
6.0,5508.0,135.0,71.0,4.0,700.0,139.0,1
1.0,415.0,197.0,208.0,6.0,560.0,85.0,1
15.0,30.0,217.0,175.0,1.0,1060.0,200.0,1
15.0,1155.0,207.0,217.0,1.0,375.0,70.0,1
5.0,2712.0,16.0,208.0,7.0,1155.0,137.0,1
15.0,145.0,202.0,44.0,5.0,520.0,65.0,1
4.0,521.0,16.0,135.0,6.0,535.0,144.0,1
16.0,2986.0,135.0,60.0,7.0,620.0,134.0,1
15.0,2581.0,147.0,104.0,6.0,1075.0,70.0,1
15.0,719.0,198.0,75.0,5.0,1245.0,85.0,1
10.0,4128.0,174.0,208.0,6.0,770.0,135.0,1
13.0,323.0,216.0,79.0,5.0,415.0,271.0,1
4.0,175.0,264.0,128.0,4.0,540.0,345.0,1
5.0,1922.0,184.0,85.0,3.0,410.0,75.0,1
2.0,485.0,243.0,252.0,3.0,1150.0,170.0,1
5.0,2086.0,16.0,159.0,7.0,760.0,139.0,1
6.0,5511.0,16.0,116.0,6.0,1295.0,83.0,1
1.0,1946.0,183.0,277.0,3.0,790.0,60.0,1
3.0,766.0,37.0,173.0,5.0,240.0,169.0,1
15.0,2230.0,173.0,27.0,6.0,500.0,95.0,1
5.0,1459.0,71.0,79.0,3.0,560.0,197.0,1
15.0,2.0,75.0,170.0,1.0,475.0,75.0,1
8.0,1209.0,173.0,234.0,4.0,1265.0,108.0,1
1.0,740.0,154.0,153.0,3.0,1010.0,75.0,1
15.0,789.0,43.0,45.0,6.0,705.0,70.0,1
8.0,371.0,159.0,16.0,6.0,1054.0,156.0,1
1.0,1821.0,183.0,153.0,1.0,485.0,330.0,1
17.0,2766.0,217.0,244.0,7.0,795.0,127.0,1
14.0,1452.0,200.0,60.0,1.0,440.0,56.0,1
14.0,1429.0,159.0,60.0,5.0,525.0,127.0,1
15.0,983.0,216.0,277.0,3.0,455.0,180.0,1
5.0,2736.0,217.0,177.0,7.0,550.0,182.0,1
13.0,230.0,153.0,79.0,5.0,915.0,117.0,1
15.0,774.0,216.0,221.0,3.0,980.0,70.0,1
0.0,4299.0,197.0,76.0,4.0,925.0,112.0,1
12.0,6433.0,154.0,100.0,7.0,1377.0,58.0,1
5.0,1200.0,16.0,35.0,7.0,595.0,163.0,1
5.0,2748.0,16.0,22.0,3.0,450.0,142.0,1
8.0,484.0,173.0,45.0,3.0,750.0,126.0,1
16.0,5996.0,208.0,43.0,3.0,1010.0,89.0,1
11.0,6589.0,197.0,198.0,6.0,865.0,169.0,1
12.0,4881.0,184.0,177.0,5.0,390.0,115.0,1
1.0,1436.0,135.0,80.0,1.0,550.0,75.0,1
1.0,1154.0,227.0,80.0,1.0,410.0,170.0,1
12.0,6507.0,258.0,79.0,1.0,1043.0,146.0,1
13.0,591.0,45.0,208.0,3.0,1176.0,135.0,1
14.0,180.0,217.0,243.0,5.0,520.0,72.0,1
5.0,2025.0,45.0,16.0,7.0,675.0,117.0,1
0.0,4005.0,16.0,279.0,3.0,960.0,130.0,1
2.0,61.0,149.0,291.0,6.0,616.0,62.0,1
15.0,653.0,202.0,154.0,5.0,415.0,75.0,1
15.0,294.0,205.0,175.0,3.0,695.0,80.0,1
8.0,51.0,16.0,154.0,7.0,1199.0,320.0,1
14.0,2174.0,78.0,159.0,1.0,840.0,80.0,1
10.0,4027.0,208.0,290.0,7.0,1280.0,105.0,1
2.0,520.0,252.0,44.0,5.0,940.0,144.0,1
16.0,2948.0,135.0,184.0,3.0,955.0,150.0,1
14.0,2020.0,78.0,35.0,5.0,390.0,79.0,1
12.0,6333.0,243.0,154.0,1.0,894.0,42.0,1
10.0,4084.0,208.0,99.0,3.0,860.0,110.0,1
10.0,3260.0,76.0,80.0,5.0,765.0,170.0,1
8.0,1423.0,277.0,139.0,6.0,845.0,136.0,1
12.0,6590.0,177.0,79.0,5.0,832.0,169.0,1
10.0,3705.0,78.0,208.0,3.0,1100.0,135.0,1
1.0,1137.0,208.0,198.0,1.0,475.0,140.0,1
1.0,404.0,183.0,173.0,3.0,385.0,60.0,1
15.0,630.0,217.0,258.0,4.0,1195.0,120.0,1
8.0,450.0,16.0,198.0,4.0,1007.0,98.0,1
16.0,2159.0,177.0,135.0,1.0,900.0,104.0,1
12.0,6486.0,67.0,79.0,1.0,1021.0,55.0,1
12.0,6862.0,208.0,171.0,3.0,1067.0,60.0,1
6.0,7359.0,96.0,85.0,6.0,753.0,119.0,1
10.0,4310.0,60.0,208.0,5.0,670.0,125.0,1
1.0,303.0,159.0,208.0,1.0,435.0,165.0,1
4.0,1821.0,135.0,264.0,5.0,880.0,218.0,1
5.0,1038.0,16.0,139.0,6.0,1325.0,98.0,1
9.0,235.0,203.0,128.0,5.0,1092.0,34.0,1
15.0,359.0,280.0,153.0,3.0,1005.0,80.0,1
15.0,225.0,277.0,268.0,4.0,705.0,145.0,1
15.0,2010.0,172.0,175.0,4.0,930.0,80.0,1
17.0,2911.0,217.0,227.0,3.0,660.0,70.0,1
8.0,205.0,16.0,48.0,5.0,1250.0,106.0,1
14.0,4.0,208.0,217.0,4.0,430.0,244.0,1
0.0,4029.0,71.0,121.0,5.0,1230.0,73.0,1
13.0,424.0,277.0,134.0,5.0,540.0,135.0,1
16.0,2537.0,216.0,58.0,3.0,1045.0,80.0,1
13.0,122.0,134.0,208.0,7.0,1245.0,131.0,1
3.0,332.0,173.0,22.0,1.0,765.0,155.0,1
10.0,4028.0,147.0,208.0,3.0,1035.0,170.0,1
5.0,2377.0,208.0,16.0,4.0,510.0,119.0,1
1.0,705.0,159.0,80.0,7.0,365.0,250.0,1
15.0,1680.0,2.0,153.0,7.0,1020.0,95.0,1
5.0,2808.0,104.0,71.0,7.0,935.0,158.0,1
4.0,1475.0,135.0,80.0,4.0,1270.0,64.0,1
1.0,1789.0,136.0,80.0,4.0,400.0,85.0,1
4.0,734.0,217.0,96.0,6.0,490.0,272.0,1
0.0,3717.0,129.0,16.0,5.0,576.0,116.0,1
12.0,6550.0,280.0,79.0,4.0,445.0,116.0,1
16.0,2204.0,135.0,41.0,5.0,860.0,59.0,1
5.0,2058.0,173.0,148.0,7.0,1125.0,156.0,1
1.0,1740.0,264.0,80.0,3.0,450.0,175.0,1
11.0,6551.0,33.0,71.0,3.0,720.0,81.0,1
17.0,7249.0,208.0,209.0,7.0,680.0,120.0,1
10.0,2845.0,71.0,80.0,1.0,1100.0,165.0,1
3.0,1710.0,173.0,78.0,3.0,1130.0,116.0,1
12.0,6866.0,208.0,16.0,7.0,991.0,115.0,1
12.0,6759.0,162.0,208.0,3.0,371.0,115.0,1
6.0,5185.0,16.0,251.0,7.0,801.0,78.0,1
15.0,2027.0,129.0,45.0,4.0,725.0,170.0,1
5.0,2670.0,16.0,106.0,1.0,538.0,123.0,1
15.0,2311.0,202.0,44.0,6.0,950.0,65.0,1
16.0,2561.0,223.0,135.0,1.0,728.0,100.0,1
15.0,2553.0,243.0,236.0,5.0,430.0,90.0,1
1.0,810.0,208.0,78.0,3.0,815.0,105.0,1
15.0,2356.0,2.0,202.0,3.0,490.0,155.0,1
14.0,945.0,0.0,60.0,1.0,525.0,106.0,1
15.0,176.0,45.0,244.0,1.0,630.0,240.0,1
5.0,1492.0,217.0,197.0,6.0,475.0,184.0,1
11.0,6498.0,208.0,16.0,3.0,350.0,128.0,1
6.0,5238.0,16.0,121.0,6.0,906.0,59.0,1
5.0,1509.0,197.0,79.0,5.0,555.0,125.0,1
15.0,731.0,79.0,216.0,1.0,670.0,220.0,1
15.0,2004.0,153.0,33.0,3.0,1105.0,210.0,1
15.0,2614.0,153.0,172.0,7.0,460.0,165.0,1
10.0,3274.0,285.0,80.0,6.0,1115.0,155.0,1
4.0,767.0,135.0,252.0,6.0,890.0,276.0,1
15.0,1082.0,243.0,129.0,5.0,805.0,180.0,1
5.0,2736.0,217.0,177.0,4.0,550.0,182.0,1
15.0,3052.0,22.0,45.0,7.0,875.0,70.0,1
16.0,2074.0,54.0,96.0,7.0,992.0,118.0,1
16.0,2057.0,58.0,273.0,7.0,925.0,77.0,1
15.0,3762.0,258.0,207.0,5.0,1100.0,70.0,1
15.0,51.0,75.0,129.0,6.0,1140.0,65.0,1
5.0,2216.0,153.0,85.0,3.0,1420.0,229.0,1
16.0,3026.0,135.0,172.0,4.0,945.0,114.0,1
5.0,400.0,16.0,197.0,1.0,725.0,160.0,1
15.0,3504.0,173.0,233.0,3.0,1000.0,100.0,1
15.0,2842.0,277.0,198.0,6.0,1135.0,100.0,1
8.0,641.0,79.0,184.0,6.0,892.0,143.0,1
8.0,332.0,16.0,216.0,7.0,525.0,121.0,1
5.0,2514.0,268.0,85.0,4.0,400.0,100.0,1
12.0,4838.0,261.0,99.0,3.0,829.0,134.0,1
11.0,6756.0,233.0,268.0,1.0,620.0,147.0,1
14.0,274.0,261.0,217.0,4.0,440.0,102.0,1
15.0,670.0,129.0,79.0,6.0,925.0,155.0,1
5.0,328.0,146.0,16.0,7.0,370.0,83.0,1
15.0,867.0,170.0,75.0,3.0,1120.0,65.0,1
15.0,746.0,175.0,253.0,3.0,1145.0,305.0,1
12.0,6557.0,214.0,179.0,6.0,926.0,61.0,1
6.0,5302.0,16.0,174.0,7.0,655.0,114.0,1
12.0,4572.0,261.0,214.0,5.0,1300.0,114.0,1
0.0,3891.0,85.0,238.0,5.0,630.0,80.0,1
5.0,1398.0,159.0,35.0,5.0,1230.0,74.0,1
8.0,170.0,241.0,16.0,6.0,686.0,109.0,1
12.0,6839.0,205.0,208.0,3.0,879.0,96.0,1
0.0,4175.0,148.0,139.0,5.0,1115.0,190.0,1
16.0,2530.0,120.0,96.0,3.0,855.0,104.0,1
10.0,3192.0,258.0,154.0,4.0,500.0,80.0,1
11.0,6562.0,208.0,148.0,5.0,1080.0,142.0,1
8.0,632.0,76.0,45.0,5.0,760.0,81.0,1
14.0,1040.0,45.0,60.0,4.0,535.0,96.0,1
8.0,137.0,45.0,147.0,1.0,625.0,115.0,1
13.0,163.0,35.0,154.0,7.0,419.0,397.0,1
5.0,1760.0,16.0,175.0,3.0,580.0,120.0,1
1.0,1155.0,35.0,80.0,3.0,695.0,265.0,1
15.0,754.0,243.0,153.0,4.0,1000.0,70.0,1
15.0,588.0,175.0,221.0,4.0,455.0,75.0,1
1.0,1766.0,260.0,134.0,1.0,780.0,245.0,1
15.0,1134.0,175.0,207.0,3.0,705.0,265.0,1
10.0,3355.0,80.0,165.0,7.0,590.0,85.0,1
5.0,2435.0,78.0,277.0,6.0,595.0,140.0,1
1.0,415.0,208.0,252.0,5.0,700.0,255.0,1
5.0,2154.0,154.0,16.0,5.0,375.0,252.0,1
3.0,921.0,35.0,208.0,4.0,390.0,169.0,1
5.0,1636.0,85.0,45.0,6.0,1175.0,99.0,1
3.0,746.0,260.0,173.0,1.0,980.0,187.0,1
4.0,1598.0,264.0,135.0,6.0,405.0,202.0,1
6.0,5161.0,52.0,16.0,4.0,460.0,59.0,1
14.0,1238.0,60.0,273.0,4.0,1329.0,101.0,1
10.0,4230.0,136.0,208.0,5.0,620.0,110.0,1
15.0,460.0,214.0,175.0,1.0,445.0,240.0,1
1.0,1855.0,159.0,268.0,1.0,510.0,170.0,1
3.0,1245.0,35.0,60.0,7.0,535.0,144.0,1
5.0,2717.0,177.0,154.0,1.0,825.0,259.0,1
5.0,734.0,172.0,16.0,6.0,350.0,129.0,1
16.0,3009.0,96.0,184.0,5.0,894.0,144.0,1
8.0,777.0,16.0,153.0,7.0,635.0,285.0,1
9.0,303.0,128.0,161.0,6.0,535.0,37.0,1
13.0,44.0,203.0,154.0,3.0,815.0,330.0,1
6.0,5533.0,215.0,16.0,3.0,633.0,112.0,1
13.0,333.0,208.0,172.0,4.0,595.0,97.0,1
9.0,103.0,128.0,161.0,1.0,331.0,35.0,1
6.0,5083.0,177.0,146.0,6.0,580.0,61.0,1
6.0,7324.0,16.0,278.0,6.0,900.0,64.0,1
2.0,114.0,14.0,252.0,5.0,150.0,200.0,1
14.0,1731.0,216.0,208.0,1.0,695.0,141.0,1
13.0,310.0,79.0,159.0,3.0,665.0,223.0,1
5.0,322.0,153.0,148.0,3.0,1319.0,291.0,1
15.0,277.0,154.0,172.0,3.0,435.0,190.0,1
8.0,1155.0,241.0,139.0,1.0,955.0,150.0,1
16.0,2929.0,279.0,135.0,1.0,730.0,91.0,1
12.0,6845.0,246.0,253.0,4.0,940.0,80.0,1
15.0,1301.0,251.0,277.0,6.0,705.0,125.0,1
14.0,1101.0,60.0,80.0,1.0,680.0,170.0,1
12.0,6404.0,93.0,253.0,5.0,645.0,90.0,1
10.0,2840.0,109.0,80.0,3.0,860.0,160.0,1
6.0,5333.0,177.0,180.0,3.0,1190.0,68.0,1
1.0,1495.0,147.0,80.0,1.0,425.0,175.0,1
15.0,162.0,139.0,153.0,5.0,405.0,250.0,1
4.0,1881.0,96.0,252.0,6.0,1080.0,360.0,1
15.0,153.0,79.0,139.0,3.0,610.0,145.0,1
0.0,4254.0,268.0,233.0,3.0,1050.0,120.0,1
14.0,612.0,214.0,217.0,7.0,525.0,148.0,1
5.0,1401.0,35.0,16.0,4.0,360.0,190.0,1
9.0,8.0,128.0,153.0,4.0,1375.0,345.0,1
14.0,1663.0,60.0,268.0,6.0,1210.0,121.0,1
6.0,5005.0,177.0,79.0,4.0,815.0,155.0,1
1.0,19.0,148.0,154.0,3.0,635.0,375.0,1
6.0,5280.0,290.0,177.0,5.0,1010.0,68.0,1
5.0,1540.0,35.0,71.0,4.0,1040.0,155.0,1
10.0,4288.0,85.0,208.0,6.0,1225.0,80.0,1
12.0,6280.0,264.0,253.0,5.0,734.0,85.0,1
13.0,82.0,128.0,154.0,6.0,805.0,322.0,1
15.0,678.0,262.0,243.0,5.0,595.0,85.0,1
0.0,3890.0,82.0,85.0,7.0,390.0,112.0,1
17.0,1047.0,128.0,203.0,3.0,945.0,35.0,1
15.0,115.0,214.0,153.0,7.0,1205.0,125.0,1
9.0,35.0,217.0,128.0,4.0,480.0,400.0,1
14.0,87.0,252.0,216.0,3.0,695.0,303.0,1
14.0,1250.0,173.0,216.0,1.0,725.0,143.0,1
5.0,19.0,159.0,85.0,6.0,635.0,127.0,1
12.0,6516.0,253.0,163.0,7.0,1287.0,87.0,1
12.0,6731.0,184.0,79.0,1.0,511.0,185.0,1
15.0,568.0,217.0,154.0,3.0,590.0,90.0,1
16.0,2145.0,205.0,135.0,4.0,840.0,139.0,1
0.0,3959.0,85.0,175.0,1.0,455.0,87.0,1
3.0,283.0,153.0,160.0,6.0,906.0,66.0,1
14.0,1269.0,60.0,233.0,6.0,575.0,50.0,1
11.0,6672.0,177.0,268.0,4.0,860.0,73.0,1
13.0,597.0,208.0,197.0,4.0,1205.0,93.0,1
14.0,2182.0,78.0,159.0,1.0,1080.0,84.0,1
14.0,622.0,217.0,153.0,3.0,965.0,70.0,1
6.0,7332.0,33.0,16.0,5.0,1095.0,76.0,1
4.0,34.0,18.0,135.0,1.0,810.0,60.0,1
10.0,4093.0,117.0,208.0,7.0,420.0,65.0,1
15.0,635.0,209.0,173.0,7.0,1085.0,125.0,1
15.0,1134.0,207.0,262.0,3.0,880.0,80.0,1
13.0,828.0,79.0,96.0,7.0,1062.0,223.0,1
5.0,1474.0,197.0,153.0,4.0,680.0,212.0,1
6.0,5318.0,16.0,157.0,4.0,1305.0,80.0,1
5.0,1875.0,22.0,197.0,4.0,857.0,183.0,1
12.0,4680.0,280.0,261.0,4.0,508.0,115.0,1
15.0,2020.0,111.0,34.0,7.0,945.0,60.0,1
12.0,6371.0,110.0,79.0,7.0,448.0,92.0,1
8.0,865.0,16.0,173.0,4.0,530.0,90.0,1
5.0,1635.0,147.0,16.0,3.0,919.0,78.0,1
15.0,995.0,159.0,175.0,4.0,640.0,155.0,1
8.0,1099.0,139.0,173.0,6.0,960.0,135.0,1
8.0,923.0,172.0,16.0,4.0,390.0,125.0,1
11.0,6463.0,35.0,71.0,4.0,620.0,160.0,1
12.0,4823.0,261.0,100.0,4.0,751.0,95.0,1
15.0,580.0,268.0,172.0,7.0,635.0,65.0,1
12.0,6648.0,208.0,72.0,7.0,715.0,57.0,1
12.0,7812.0,261.0,235.0,6.0,1185.0,59.0,1
5.0,1938.0,16.0,78.0,1.0,980.0,106.0,1
5.0,1049.0,16.0,244.0,4.0,660.0,163.0,1
1.0,652.0,80.0,234.0,1.0,535.0,155.0,1
13.0,171.0,134.0,233.0,6.0,510.0,72.0,1
13.0,937.0,134.0,79.0,5.0,1050.0,240.0,1
10.0,3807.0,208.0,16.0,1.0,360.0,120.0,1
17.0,7239.0,22.0,208.0,1.0,874.0,162.0,1
1.0,428.0,80.0,233.0,4.0,960.0,150.0,1
5.0,1979.0,16.0,119.0,5.0,574.0,120.0,1
12.0,6264.0,100.0,253.0,1.0,855.0,57.0,1
1.0,1009.0,136.0,80.0,5.0,1080.0,80.0,1
0.0,4120.0,215.0,16.0,1.0,800.0,124.0,1
8.0,759.0,132.0,173.0,4.0,715.0,105.0,1
16.0,3138.0,135.0,244.0,5.0,615.0,59.0,1
15.0,479.0,217.0,18.0,5.0,905.0,135.0,1
1.0,2287.0,80.0,88.0,6.0,730.0,140.0,1
12.0,6492.0,79.0,64.0,3.0,1169.0,81.0,1
15.0,324.0,79.0,172.0,5.0,620.0,90.0,1
17.0,7251.0,177.0,208.0,1.0,875.0,108.0,1
17.0,2748.0,280.0,217.0,7.0,540.0,60.0,1
5.0,2463.0,233.0,16.0,1.0,885.0,93.0,1
10.0,2764.0,180.0,80.0,3.0,1030.0,130.0,1
3.0,442.0,277.0,35.0,3.0,360.0,167.0,1
10.0,4202.0,208.0,0.0,7.0,1205.0,110.0,1
16.0,2431.0,58.0,139.0,1.0,575.0,59.0,1
0.0,4008.0,209.0,148.0,7.0,380.0,94.0,1
11.0,6280.0,71.0,221.0,7.0,680.0,71.0,1
8.0,1120.0,139.0,104.0,7.0,655.0,162.0,1
14.0,1521.0,60.0,79.0,5.0,465.0,225.0,1
8.0,471.0,45.0,16.0,3.0,1095.0,120.0,1
8.0,708.0,76.0,16.0,1.0,440.0,114.0,1
15.0,1809.0,153.0,243.0,6.0,635.0,70.0,1
0.0,4124.0,71.0,96.0,3.0,815.0,126.0,1
6.0,5260.0,16.0,53.0,3.0,597.0,100.0,1
13.0,212.0,111.0,79.0,4.0,816.0,129.0,1
5.0,2219.0,159.0,197.0,3.0,695.0,185.0,1
14.0,1788.0,60.0,208.0,3.0,1345.0,123.0,1
6.0,5316.0,70.0,16.0,5.0,360.0,44.0,1
10.0,3282.0,80.0,146.0,5.0,760.0,80.0,1
15.0,614.0,45.0,213.0,4.0,1030.0,150.0,1
0.0,3808.0,32.0,85.0,6.0,395.0,87.0,1
5.0,342.0,16.0,33.0,7.0,1243.0,71.0,1
10.0,4400.0,233.0,78.0,6.0,900.0,59.0,1
3.0,262.0,160.0,262.0,5.0,420.0,83.0,1
5.0,1076.0,148.0,244.0,7.0,1205.0,267.0,1
13.0,808.0,154.0,253.0,5.0,768.0,92.0,1
0.0,3817.0,177.0,119.0,5.0,510.0,108.0,1
16.0,5972.0,208.0,237.0,3.0,1180.0,95.0,1
3.0,358.0,44.0,148.0,7.0,1290.0,301.0,1
15.0,1425.0,262.0,153.0,5.0,455.0,80.0,1
14.0,277.0,217.0,135.0,3.0,1190.0,155.0,1
4.0,390.0,261.0,135.0,1.0,775.0,180.0,1
11.0,6562.0,208.0,148.0,7.0,1080.0,142.0,1
15.0,171.0,252.0,268.0,7.0,745.0,225.0,1
15.0,609.0,217.0,154.0,4.0,490.0,85.0,1
5.0,1969.0,16.0,173.0,6.0,540.0,98.0,1
10.0,4200.0,139.0,208.0,4.0,755.0,70.0,1
12.0,6288.0,154.0,194.0,3.0,715.0,65.0,1
1.0,33.0,148.0,154.0,3.0,475.0,380.0,1
15.0,704.0,175.0,134.0,5.0,1030.0,105.0,1
1.0,1082.0,153.0,208.0,3.0,740.0,220.0,1
8.0,71.0,16.0,104.0,6.0,856.0,111.0,1
5.0,2062.0,85.0,213.0,4.0,720.0,182.0,1
15.0,648.0,217.0,252.0,7.0,925.0,190.0,1
13.0,249.0,134.0,208.0,4.0,1033.0,139.0,1
17.0,2640.0,60.0,268.0,5.0,875.0,123.0,1
12.0,7050.0,110.0,79.0,1.0,788.0,92.0,1
15.0,1848.0,33.0,233.0,7.0,1150.0,85.0,1
1.0,1228.0,280.0,208.0,5.0,790.0,200.0,1
16.0,5927.0,136.0,208.0,7.0,441.0,110.0,1
5.0,412.0,16.0,35.0,5.0,1290.0,148.0,1
11.0,6556.0,198.0,71.0,4.0,1010.0,124.0,1
10.0,4011.0,147.0,208.0,3.0,775.0,165.0,1
5.0,1311.0,85.0,79.0,7.0,955.0,194.0,1
15.0,901.0,153.0,2.0,3.0,1080.0,85.0,1
14.0,1411.0,22.0,60.0,1.0,500.0,143.0,1
15.0,590.0,154.0,153.0,4.0,620.0,60.0,1
15.0,1018.0,202.0,214.0,7.0,1115.0,100.0,1
15.0,778.0,205.0,153.0,3.0,555.0,190.0,1
12.0,4673.0,111.0,261.0,4.0,986.0,99.0,1
13.0,549.0,216.0,208.0,1.0,585.0,144.0,1
15.0,45.0,228.0,175.0,7.0,695.0,165.0,1
3.0,180.0,217.0,148.0,7.0,1395.0,270.0,1
7.0,721.0,78.0,79.0,5.0,525.0,248.0,1
12.0,6547.0,135.0,208.0,4.0,385.0,151.0,1
11.0,6735.0,35.0,233.0,7.0,580.0,142.0,1
12.0,6384.0,253.0,264.0,7.0,511.0,92.0,1
15.0,561.0,154.0,175.0,4.0,835.0,240.0,1
13.0,449.0,208.0,243.0,3.0,595.0,260.0,1
14.0,734.0,60.0,216.0,7.0,1075.0,99.0,1
2.0,345.0,202.0,252.0,6.0,1020.0,120.0,1
0.0,3724.0,0.0,85.0,1.0,360.0,115.0,1
15.0,318.0,173.0,129.0,7.0,395.0,160.0,1
10.0,3961.0,71.0,208.0,4.0,660.0,80.0,1
13.0,333.0,221.0,208.0,4.0,447.0,102.0,1
14.0,90.0,16.0,217.0,6.0,690.0,261.0,1
15.0,590.0,154.0,153.0,3.0,620.0,60.0,1
12.0,6621.0,79.0,187.0,7.0,972.0,113.0,1
5.0,1942.0,16.0,96.0,7.0,755.0,142.0,1
12.0,6410.0,44.0,253.0,1.0,1069.0,77.0,1
5.0,1208.0,261.0,71.0,3.0,838.0,203.0,1
15.0,960.0,243.0,45.0,5.0,400.0,295.0,1
5.0,1672.0,277.0,16.0,5.0,435.0,102.0,1
6.0,5116.0,146.0,16.0,5.0,623.0,91.0,1
4.0,463.0,208.0,135.0,1.0,335.0,164.0,1
11.0,6308.0,177.0,96.0,1.0,525.0,161.0,1
12.0,6331.0,65.0,253.0,3.0,408.0,184.0,1
16.0,2209.0,121.0,135.0,5.0,1125.0,154.0,1
4.0,32.0,198.0,135.0,3.0,810.0,75.0,1
8.0,676.0,173.0,184.0,4.0,645.0,171.0,1
8.0,446.0,16.0,198.0,3.0,729.0,99.0,1
15.0,3842.0,153.0,217.0,4.0,365.0,70.0,1
15.0,2763.0,264.0,258.0,6.0,895.0,75.0,1
15.0,33.0,22.0,33.0,7.0,715.0,160.0,1
5.0,1557.0,85.0,172.0,7.0,1191.0,134.0,1
1.0,1285.0,80.0,264.0,4.0,890.0,195.0,1
14.0,1737.0,78.0,60.0,1.0,730.0,85.0,1
10.0,2898.0,80.0,1.0,4.0,580.0,50.0,1
8.0,983.0,221.0,16.0,4.0,660.0,114.0,1
1.0,1634.0,208.0,268.0,4.0,1095.0,65.0,1
13.0,523.0,107.0,79.0,3.0,817.0,108.0,1
8.0,264.0,78.0,184.0,1.0,820.0,125.0,1
12.0,7799.0,64.0,261.0,6.0,360.0,89.0,1
0.0,3688.0,16.0,12.0,6.0,1235.0,140.0,1
13.0,455.0,253.0,153.0,5.0,1361.0,94.0,1
16.0,2165.0,38.0,135.0,3.0,808.0,74.0,1
5.0,1091.0,261.0,264.0,1.0,1010.0,113.0,1
8.0,114.0,80.0,16.0,6.0,1113.0,122.0,1
15.0,422.0,182.0,45.0,3.0,485.0,100.0,1
5.0,2027.0,16.0,104.0,5.0,885.0,114.0,1
6.0,7094.0,134.0,229.0,5.0,1324.0,92.0,1
10.0,2986.0,80.0,11.0,3.0,765.0,130.0,1
17.0,2935.0,264.0,217.0,1.0,1070.0,81.0,1
12.0,6437.0,163.0,214.0,6.0,553.0,82.0,1
7.0,630.0,79.0,195.0,1.0,942.0,119.0,1
15.0,1093.0,45.0,104.0,4.0,510.0,160.0,1
12.0,4700.0,261.0,79.0,7.0,663.0,87.0,1
5.0,2994.0,213.0,16.0,3.0,975.0,114.0,1
5.0,2410.0,80.0,16.0,3.0,570.0,127.0,1
12.0,4457.0,197.0,216.0,5.0,840.0,161.0,1
15.0,796.0,202.0,153.0,4.0,980.0,85.0,1
5.0,1463.0,78.0,197.0,5.0,1205.0,174.0,1
6.0,5156.0,146.0,16.0,3.0,850.0,85.0,1
15.0,2194.0,214.0,79.0,7.0,1160.0,145.0,1
13.0,356.0,79.0,244.0,4.0,1173.0,131.0,1
14.0,365.0,45.0,217.0,4.0,400.0,320.0,1
4.0,1145.0,16.0,96.0,4.0,1169.0,150.0,1
1.0,1981.0,80.0,280.0,6.0,850.0,145.0,1
5.0,1275.0,148.0,261.0,1.0,565.0,325.0,1
4.0,232.0,135.0,159.0,5.0,575.0,202.0,1
10.0,4436.0,78.0,148.0,6.0,595.0,65.0,1
14.0,1897.0,197.0,60.0,5.0,1035.0,148.0,1
15.0,895.0,33.0,79.0,5.0,1070.0,185.0,1
1.0,1092.0,154.0,208.0,7.0,1390.0,240.0,1
4.0,1776.0,135.0,216.0,7.0,1130.0,190.0,1
1.0,2256.0,264.0,80.0,6.0,800.0,170.0,1
16.0,2883.0,35.0,58.0,1.0,830.0,122.0,1
11.0,6295.0,71.0,251.0,5.0,675.0,53.0,1
8.0,619.0,198.0,184.0,7.0,1080.0,135.0,1
13.0,412.0,244.0,134.0,3.0,714.0,201.0,1
1.0,2298.0,183.0,268.0,5.0,1255.0,165.0,1
5.0,2584.0,261.0,236.0,1.0,695.0,91.0,1
15.0,1325.0,146.0,175.0,7.0,740.0,120.0,1
15.0,2097.0,172.0,268.0,3.0,1080.0,55.0,1
17.0,2661.0,60.0,18.0,5.0,1220.0,188.0,1
6.0,5612.0,176.0,16.0,4.0,370.0,68.0,1
15.0,595.0,175.0,251.0,3.0,985.0,65.0,1
5.0,1757.0,16.0,264.0,3.0,500.0,305.0,1
15.0,1162.0,129.0,147.0,1.0,695.0,115.0,1
11.0,6321.0,238.0,148.0,4.0,660.0,87.0,1
4.0,40.0,154.0,96.0,5.0,415.0,317.0,1
0.0,3815.0,177.0,184.0,7.0,520.0,108.0,1
12.0,6641.0,114.0,79.0,7.0,1197.0,54.0,1
8.0,342.0,16.0,216.0,3.0,961.0,123.0,1
4.0,190.0,135.0,183.0,7.0,1155.0,143.0,1
1.0,1901.0,268.0,80.0,1.0,575.0,115.0,1
4.0,1185.0,96.0,208.0,1.0,1005.0,158.0,1
6.0,5308.0,27.0,16.0,3.0,1080.0,72.0,1
8.0,473.0,45.0,16.0,3.0,450.0,130.0,1
14.0,714.0,80.0,216.0,4.0,785.0,189.0,1
0.0,3664.0,171.0,85.0,1.0,915.0,62.0,1
5.0,1283.0,16.0,175.0,3.0,1040.0,116.0,1
10.0,4340.0,208.0,84.0,5.0,1015.0,80.0,1
3.0,520.0,173.0,96.0,3.0,485.0,145.0,1
13.0,150.0,253.0,208.0,7.0,992.0,254.0,1
12.0,6346.0,253.0,248.0,6.0,710.0,65.0,1
15.0,1413.0,2.0,155.0,5.0,1110.0,55.0,1
8.0,63.0,134.0,16.0,4.0,662.0,115.0,1
12.0,6281.0,58.0,79.0,4.0,1142.0,206.0,1
16.0,5912.0,208.0,139.0,7.0,580.0,54.0,1
1.0,1901.0,268.0,80.0,6.0,575.0,115.0,1
14.0,1083.0,78.0,147.0,4.0,850.0,122.0,1
6.0,5175.0,16.0,33.0,4.0,1130.0,70.0,1
15.0,181.0,129.0,153.0,4.0,615.0,205.0,1
0.0,3764.0,85.0,272.0,3.0,845.0,104.0,1
10.0,4522.0,148.0,78.0,1.0,509.0,91.0,1
10.0,3757.0,244.0,208.0,5.0,1090.0,160.0,1
5.0,1512.0,16.0,208.0,5.0,885.0,131.0,1
5.0,1469.0,16.0,173.0,5.0,1215.0,85.0,1
15.0,1228.0,154.0,244.0,3.0,780.0,165.0,1
5.0,2088.0,197.0,216.0,7.0,1135.0,155.0,1
8.0,93.0,16.0,233.0,3.0,1095.0,80.0,1
16.0,2848.0,147.0,96.0,7.0,1091.0,139.0,1
15.0,1138.0,147.0,27.0,3.0,820.0,75.0,1
1.0,399.0,216.0,80.0,4.0,695.0,235.0,1
15.0,3341.0,175.0,197.0,3.0,995.0,85.0,1
15.0,491.0,45.0,141.0,7.0,1235.0,60.0,1
15.0,856.0,129.0,79.0,5.0,850.0,150.0,1
5.0,2852.0,74.0,16.0,3.0,1080.0,99.0,1
15.0,3950.0,45.0,244.0,5.0,1145.0,245.0,1
15.0,541.0,154.0,258.0,4.0,1030.0,65.0,1
15.0,960.0,228.0,175.0,4.0,1005.0,165.0,1
12.0,4487.0,261.0,252.0,3.0,585.0,135.0,1
15.0,1648.0,129.0,198.0,6.0,980.0,60.0,1
10.0,2731.0,71.0,80.0,1.0,360.0,165.0,1
16.0,2943.0,135.0,178.0,6.0,860.0,70.0,1
1.0,763.0,80.0,178.0,7.0,1240.0,90.0,1
15.0,326.0,277.0,213.0,3.0,1035.0,55.0,1
7.0,795.0,79.0,214.0,3.0,760.0,164.0,1
10.0,3649.0,183.0,71.0,6.0,680.0,160.0,1
12.0,4673.0,111.0,261.0,5.0,986.0,99.0,1
16.0,5924.0,136.0,208.0,4.0,360.0,110.0,1
10.0,4281.0,208.0,94.0,1.0,710.0,65.0,1
9.0,258.0,128.0,150.0,3.0,737.0,43.0,1
0.0,4084.0,85.0,142.0,5.0,1315.0,87.0,1
5.0,1740.0,153.0,261.0,4.0,650.0,83.0,1
10.0,2732.0,181.0,80.0,4.0,725.0,90.0,1
0.0,3662.0,56.0,197.0,3.0,1020.0,75.0,1
8.0,65.0,134.0,16.0,7.0,1178.0,117.0,1
5.0,2581.0,251.0,16.0,1.0,360.0,84.0,1
1.0,1034.0,79.0,80.0,1.0,640.0,120.0,1
16.0,2449.0,177.0,135.0,3.0,999.0,106.0,1
15.0,3512.0,79.0,268.0,5.0,555.0,120.0,1
3.0,472.0,258.0,35.0,7.0,1260.0,319.0,1
5.0,1659.0,16.0,54.0,4.0,1226.0,73.0,1
10.0,2903.0,288.0,80.0,7.0,420.0,140.0,1
13.0,956.0,208.0,45.0,5.0,985.0,113.0,1
4.0,460.0,96.0,244.0,4.0,1175.0,276.0,1
16.0,5997.0,208.0,56.0,4.0,730.0,54.0,1
5.0,1965.0,162.0,177.0,4.0,415.0,60.0,1
5.0,2895.0,173.0,148.0,7.0,540.0,155.0,1
4.0,1046.0,135.0,208.0,4.0,1045.0,153.0,1
9.0,304.0,161.0,128.0,4.0,600.0,30.0,1
1.0,39.0,253.0,128.0,1.0,495.0,345.0,1
15.0,229.0,217.0,2.0,3.0,935.0,65.0,1
15.0,2439.0,111.0,79.0,4.0,915.0,130.0,1
5.0,2736.0,177.0,159.0,4.0,880.0,160.0,1
6.0,5142.0,16.0,138.0,7.0,572.0,80.0,1
14.0,256.0,154.0,217.0,5.0,755.0,81.0,1
13.0,330.0,243.0,208.0,4.0,544.0,241.0,1
16.0,2615.0,68.0,135.0,4.0,1025.0,72.0,1
0.0,4246.0,85.0,139.0,4.0,735.0,73.0,1
10.0,4481.0,78.0,233.0,3.0,899.0,66.0,1
0.0,4060.0,85.0,71.0,6.0,935.0,77.0,1
12.0,6503.0,253.0,93.0,7.0,1200.0,92.0,1
15.0,1762.0,79.0,85.0,1.0,620.0,170.0,1
1.0,810.0,208.0,78.0,1.0,815.0,105.0,1
1.0,868.0,183.0,78.0,6.0,1215.0,140.0,1
10.0,3931.0,205.0,208.0,4.0,410.0,100.0,1
4.0,1594.0,154.0,135.0,4.0,560.0,197.0,1
1.0,467.0,78.0,208.0,6.0,600.0,130.0,1
15.0,2175.0,12.0,173.0,7.0,470.0,195.0,1
15.0,284.0,175.0,205.0,7.0,450.0,85.0,1
7.0,128.0,79.0,80.0,1.0,420.0,110.0,1
12.0,4838.0,261.0,99.0,4.0,829.0,134.0,1
17.0,2766.0,217.0,244.0,3.0,795.0,127.0,1
10.0,2806.0,80.0,120.0,4.0,795.0,145.0,1
12.0,4804.0,100.0,261.0,5.0,811.0,101.0,1
15.0,744.0,91.0,129.0,1.0,1005.0,105.0,1
10.0,3356.0,80.0,71.0,7.0,575.0,130.0,1
6.0,5127.0,16.0,132.0,4.0,764.0,56.0,1
12.0,4653.0,99.0,261.0,7.0,1053.0,145.0,1
5.0,2939.0,78.0,16.0,3.0,345.0,120.0,1
15.0,40.0,87.0,129.0,3.0,810.0,120.0,1
3.0,705.0,148.0,260.0,1.0,540.0,232.0,1
10.0,2840.0,109.0,80.0,6.0,860.0,160.0,1
15.0,691.0,279.0,79.0,4.0,1170.0,105.0,1
15.0,215.0,217.0,44.0,5.0,815.0,85.0,1
2.0,659.0,217.0,214.0,6.0,665.0,180.0,1
3.0,430.0,173.0,35.0,7.0,595.0,164.0,1
8.0,164.0,260.0,16.0,1.0,995.0,248.0,1
3.0,581.0,130.0,213.0,1.0,860.0,170.0,1
12.0,4451.0,261.0,67.0,3.0,677.0,75.0,1
12.0,6449.0,58.0,208.0,6.0,933.0,87.0,1
10.0,4662.0,159.0,16.0,7.0,1185.0,165.0,1
4.0,362.0,58.0,217.0,3.0,1053.0,265.0,1
15.0,1326.0,154.0,258.0,7.0,710.0,65.0,1
15.0,1515.0,154.0,175.0,6.0,745.0,240.0,1
15.0,1423.0,141.0,45.0,3.0,1040.0,70.0,1
10.0,3054.0,154.0,246.0,7.0,460.0,40.0,1
4.0,599.0,135.0,79.0,1.0,855.0,149.0,1
12.0,4843.0,261.0,127.0,5.0,905.0,84.0,1
13.0,263.0,154.0,253.0,7.0,1349.0,84.0,1
10.0,3305.0,80.0,158.0,7.0,1170.0,75.0,1
6.0,5454.0,87.0,16.0,1.0,817.0,72.0,1
8.0,1100.0,61.0,241.0,1.0,440.0,159.0,1
12.0,6307.0,236.0,79.0,4.0,708.0,134.0,1
13.0,619.0,208.0,197.0,7.0,984.0,93.0,1
15.0,1230.0,268.0,129.0,6.0,1080.0,135.0,1
6.0,5409.0,157.0,16.0,7.0,1001.0,88.0,1
12.0,4765.0,153.0,154.0,4.0,360.0,75.0,1
13.0,500.0,253.0,217.0,7.0,769.0,119.0,1
15.0,2810.0,44.0,262.0,7.0,500.0,80.0,1
14.0,277.0,111.0,217.0,5.0,905.0,156.0,1
16.0,2392.0,132.0,135.0,6.0,390.0,117.0,1
8.0,448.0,16.0,198.0,5.0,525.0,105.0,1
6.0,5015.0,16.0,132.0,3.0,1373.0,55.0,1
16.0,3010.0,58.0,216.0,3.0,990.0,77.0,1
15.0,2786.0,34.0,202.0,3.0,560.0,100.0,1
8.0,140.0,16.0,85.0,1.0,540.0,113.0,1
0.0,4314.0,85.0,209.0,1.0,420.0,114.0,1
6.0,7320.0,256.0,177.0,3.0,390.0,66.0,1
1.0,1255.0,80.0,252.0,1.0,990.0,260.0,1
2.0,463.0,154.0,252.0,5.0,1170.0,162.0,1
5.0,242.0,183.0,85.0,7.0,807.0,188.0,1
15.0,2020.0,34.0,214.0,7.0,1085.0,75.0,1
6.0,5547.0,47.0,16.0,5.0,617.0,69.0,1
16.0,5912.0,208.0,43.0,3.0,606.0,86.0,1
1.0,1009.0,136.0,80.0,3.0,1080.0,80.0,1
8.0,1292.0,119.0,173.0,6.0,760.0,155.0,1
2.0,347.0,202.0,252.0,6.0,420.0,120.0,1
17.0,2750.0,244.0,217.0,6.0,930.0,147.0,1
13.0,579.0,79.0,28.0,5.0,689.0,93.0,1
3.0,470.0,241.0,35.0,7.0,1170.0,171.0,1
15.0,30.0,129.0,75.0,7.0,810.0,55.0,1
15.0,225.0,268.0,172.0,5.0,820.0,65.0,1
1.0,741.0,159.0,80.0,7.0,740.0,245.0,1
15.0,1441.0,154.0,202.0,3.0,435.0,75.0,1
0.0,4296.0,85.0,25.0,4.0,1310.0,85.0,1
13.0,620.0,208.0,78.0,5.0,961.0,111.0,1
4.0,335.0,243.0,135.0,4.0,890.0,182.0,1
15.0,2466.0,207.0,217.0,4.0,1135.0,70.0,1
0.0,4061.0,20.0,85.0,3.0,995.0,100.0,1
8.0,983.0,221.0,16.0,3.0,660.0,114.0,1
1.0,1530.0,183.0,159.0,1.0,870.0,179.0,1
1.0,866.0,183.0,216.0,4.0,1330.0,159.0,1
15.0,917.0,154.0,236.0,3.0,420.0,80.0,1
3.0,458.0,104.0,35.0,5.0,1165.0,177.0,1
3.0,985.0,148.0,104.0,7.0,1090.0,193.0,1
4.0,678.0,244.0,135.0,3.0,925.0,64.0,1
1.0,2050.0,208.0,183.0,3.0,650.0,190.0,1
3.0,204.0,160.0,148.0,4.0,556.0,314.0,1
15.0,1079.0,141.0,45.0,4.0,515.0,70.0,1
5.0,2103.0,16.0,153.0,4.0,580.0,281.0,1
1.0,2347.0,208.0,80.0,1.0,1085.0,150.0,1
5.0,2565.0,16.0,214.0,3.0,520.0,337.0,1
6.0,4962.0,138.0,16.0,7.0,828.0,95.0,1
16.0,2396.0,96.0,85.0,4.0,1035.0,125.0,1
13.0,934.0,128.0,154.0,7.0,420.0,335.0,1
15.0,2839.0,268.0,173.0,6.0,605.0,140.0,1
0.0,4199.0,177.0,87.0,7.0,1175.0,85.0,1
3.0,120.0,198.0,148.0,5.0,1089.0,169.0,1
12.0,6226.0,262.0,253.0,7.0,849.0,45.0,1
10.0,3453.0,80.0,184.0,7.0,560.0,135.0,1
5.0,2361.0,216.0,16.0,3.0,540.0,145.0,1
6.0,5243.0,16.0,180.0,7.0,950.0,57.0,1
5.0,1940.0,253.0,148.0,1.0,690.0,340.0,1
3.0,1282.0,234.0,35.0,1.0,974.0,89.0,1
15.0,1686.0,277.0,27.0,3.0,1160.0,85.0,1
13.0,550.0,253.0,243.0,6.0,630.0,96.0,1
10.0,3535.0,80.0,162.0,4.0,1320.0,65.0,1
10.0,4476.0,78.0,148.0,7.0,715.0,65.0,1
6.0,5128.0,16.0,180.0,4.0,840.0,59.0,1
12.0,4646.0,261.0,268.0,7.0,585.0,165.0,1
3.0,1304.0,134.0,148.0,1.0,451.0,73.0,1
15.0,882.0,45.0,209.0,4.0,855.0,50.0,1
1.0,1587.0,177.0,80.0,7.0,665.0,100.0,1
6.0,5213.0,16.0,190.0,7.0,1155.0,85.0,1
15.0,55.0,75.0,129.0,5.0,1200.0,60.0,1
15.0,1525.0,153.0,44.0,1.0,760.0,65.0,1
13.0,465.0,79.0,28.0,3.0,1305.0,93.0,1
6.0,5096.0,41.0,16.0,3.0,784.0,94.0,1
12.0,6999.0,79.0,24.0,7.0,1096.0,152.0,1
5.0,377.0,22.0,85.0,7.0,355.0,130.0,1
15.0,2449.0,146.0,129.0,4.0,410.0,85.0,1
10.0,4160.0,61.0,208.0,4.0,565.0,90.0,1
15.0,1128.0,33.0,18.0,3.0,1070.0,140.0,1
11.0,6600.0,268.0,148.0,3.0,640.0,145.0,1
17.0,2821.0,217.0,280.0,3.0,596.0,58.0,1
0.0,3770.0,193.0,85.0,7.0,635.0,85.0,1
12.0,6567.0,85.0,208.0,4.0,1139.0,80.0,1
15.0,1664.0,217.0,45.0,4.0,1000.0,250.0,1
15.0,960.0,175.0,280.0,5.0,1145.0,240.0,1
15.0,1748.0,243.0,262.0,1.0,1075.0,95.0,1
10.0,4080.0,208.0,99.0,4.0,575.0,120.0,1
13.0,353.0,154.0,153.0,3.0,380.0,80.0,1
10.0,3365.0,155.0,80.0,5.0,630.0,65.0,1
5.0,2765.0,233.0,85.0,1.0,762.0,118.0,1
15.0,1678.0,236.0,252.0,3.0,815.0,115.0,1
5.0,1077.0,96.0,197.0,7.0,480.0,196.0,1
17.0,2838.0,217.0,24.0,7.0,1080.0,92.0,1
10.0,4365.0,132.0,208.0,6.0,925.0,130.0,1
10.0,4076.0,99.0,208.0,3.0,370.0,130.0,1
8.0,198.0,16.0,78.0,1.0,827.0,101.0,1
1.0,1686.0,208.0,233.0,5.0,455.0,110.0,1
12.0,6540.0,79.0,227.0,6.0,545.0,133.0,1
15.0,1839.0,134.0,175.0,5.0,395.0,120.0,1
1.0,470.0,100.0,80.0,3.0,810.0,195.0,1
15.0,380.0,79.0,197.0,1.0,620.0,125.0,1
4.0,1503.0,154.0,96.0,7.0,935.0,309.0,1
0.0,3807.0,85.0,171.0,5.0,735.0,52.0,1
7.0,674.0,79.0,173.0,7.0,640.0,212.0,1
1.0,1770.0,80.0,96.0,1.0,835.0,215.0,1
0.0,4212.0,152.0,85.0,1.0,495.0,63.0,1
5.0,2615.0,16.0,217.0,1.0,990.0,257.0,1
10.0,4256.0,208.0,52.0,7.0,475.0,95.0,1
5.0,1007.0,172.0,16.0,4.0,1068.0,124.0,1
13.0,117.0,208.0,252.0,6.0,1222.0,276.0,1
1.0,1839.0,80.0,244.0,5.0,470.0,60.0,1
15.0,3762.0,75.0,91.0,3.0,650.0,105.0,1
16.0,2894.0,68.0,135.0,1.0,795.0,65.0,1
15.0,1091.0,91.0,153.0,4.0,470.0,115.0,1
5.0,2336.0,197.0,184.0,7.0,1180.0,72.0,1
1.0,1472.0,80.0,16.0,3.0,700.0,125.0,1
15.0,3763.0,261.0,79.0,7.0,600.0,90.0,1
15.0,1828.0,79.0,175.0,6.0,440.0,140.0,1
10.0,3620.0,209.0,183.0,6.0,445.0,155.0,1
1.0,1925.0,80.0,261.0,5.0,1065.0,170.0,1
13.0,481.0,208.0,80.0,7.0,1246.0,151.0,1
10.0,3655.0,183.0,234.0,3.0,1220.0,140.0,1
0.0,4097.0,177.0,279.0,4.0,1165.0,85.0,1
10.0,4327.0,281.0,193.0,5.0,1255.0,45.0,1
15.0,1311.0,61.0,277.0,4.0,450.0,135.0,1
13.0,442.0,197.0,208.0,5.0,838.0,83.0,1
11.0,6590.0,134.0,71.0,4.0,415.0,110.0,1
15.0,136.0,153.0,252.0,1.0,750.0,165.0,1
13.0,628.0,243.0,208.0,4.0,827.0,238.0,1
1.0,1143.0,277.0,80.0,5.0,360.0,170.0,1
5.0,1446.0,217.0,16.0,5.0,500.0,211.0,1
13.0,433.0,134.0,18.0,7.0,496.0,229.0,1
12.0,6455.0,292.0,154.0,7.0,722.0,80.0,1
8.0,1146.0,173.0,69.0,4.0,955.0,113.0,1
15.0,1255.0,217.0,153.0,4.0,915.0,70.0,1
2.0,80.0,14.0,252.0,1.0,630.0,200.0,1
8.0,500.0,159.0,184.0,5.0,719.0,143.0,1
1.0,1009.0,136.0,80.0,7.0,1080.0,80.0,1
14.0,524.0,217.0,236.0,1.0,880.0,110.0,1
1.0,2515.0,268.0,183.0,4.0,380.0,160.0,1
1.0,1510.0,183.0,148.0,7.0,695.0,170.0,1
0.0,3866.0,279.0,177.0,3.0,735.0,81.0,1
15.0,3142.0,75.0,244.0,4.0,760.0,65.0,1
16.0,2091.0,71.0,135.0,7.0,395.0,162.0,1
1.0,630.0,173.0,148.0,1.0,720.0,150.0,1
0.0,4145.0,109.0,85.0,7.0,810.0,60.0,1
16.0,2421.0,217.0,135.0,1.0,595.0,154.0,1
5.0,1263.0,16.0,184.0,1.0,793.0,124.0,1
1.0,399.0,80.0,253.0,7.0,945.0,240.0,1
6.0,5410.0,237.0,16.0,5.0,932.0,93.0,1
17.0,2833.0,280.0,217.0,5.0,405.0,47.0,1
5.0,1279.0,177.0,153.0,6.0,840.0,226.0,1
1.0,810.0,253.0,208.0,7.0,385.0,255.0,1
10.0,3202.0,54.0,80.0,5.0,1120.0,190.0,1
5.0,2387.0,184.0,16.0,5.0,350.0,129.0,1
8.0,1141.0,104.0,0.0,6.0,480.0,173.0,1
8.0,460.0,16.0,45.0,3.0,530.0,106.0,1
1.0,563.0,80.0,244.0,1.0,1060.0,65.0,1
10.0,2832.0,223.0,80.0,6.0,945.0,125.0,1
14.0,1926.0,173.0,78.0,3.0,445.0,122.0,1
15.0,1498.0,236.0,153.0,5.0,1250.0,70.0,1
1.0,386.0,268.0,208.0,4.0,405.0,80.0,1
15.0,1677.0,58.0,153.0,4.0,995.0,290.0,1
11.0,6265.0,132.0,85.0,7.0,610.0,117.0,1
15.0,28.0,75.0,172.0,5.0,860.0,85.0,1
4.0,197.0,135.0,153.0,4.0,720.0,202.0,1
5.0,1105.0,16.0,261.0,1.0,445.0,253.0,1
15.0,174.0,262.0,79.0,5.0,785.0,140.0,1
16.0,2368.0,244.0,135.0,7.0,1140.0,58.0,1
5.0,2891.0,261.0,264.0,1.0,660.0,115.0,1
1.0,2530.0,183.0,153.0,5.0,1170.0,335.0,1
16.0,2691.0,96.0,45.0,4.0,1318.0,62.0,1
0.0,4098.0,233.0,148.0,7.0,420.0,135.0,1
5.0,1482.0,261.0,264.0,4.0,905.0,109.0,1
15.0,947.0,253.0,217.0,4.0,1200.0,110.0,1
8.0,418.0,45.0,229.0,3.0,1285.0,84.0,1
6.0,5547.0,16.0,288.0,1.0,726.0,73.0,1
5.0,1496.0,197.0,159.0,7.0,780.0,168.0,1
10.0,3653.0,183.0,251.0,3.0,705.0,155.0,1
13.0,96.0,214.0,253.0,3.0,577.0,117.0,1
5.0,2616.0,153.0,85.0,6.0,590.0,240.0,1
14.0,498.0,79.0,60.0,1.0,55.0,179.0,1
6.0,5474.0,16.0,94.0,7.0,895.0,84.0,1
10.0,3003.0,79.0,154.0,5.0,795.0,150.0,1
8.0,523.0,45.0,277.0,3.0,1225.0,150.0,1
12.0,6457.0,264.0,253.0,1.0,888.0,80.0,1
16.0,2768.0,58.0,12.0,7.0,755.0,73.0,1
5.0,2584.0,268.0,261.0,6.0,480.0,202.0,1
5.0,2708.0,104.0,71.0,7.0,465.0,151.0,1
5.0,2944.0,85.0,96.0,3.0,420.0,107.0,1
12.0,4773.0,224.0,261.0,7.0,990.0,93.0,1
14.0,865.0,216.0,173.0,6.0,1240.0,154.0,1
3.0,334.0,173.0,134.0,7.0,885.0,120.0,1
6.0,7327.0,16.0,87.0,5.0,790.0,62.0,1
2.0,564.0,214.0,154.0,4.0,700.0,140.0,1
16.0,3025.0,33.0,135.0,3.0,898.0,129.0,1
1.0,1041.0,208.0,258.0,4.0,610.0,280.0,1
4.0,2.0,128.0,135.0,3.0,1150.0,455.0,1
13.0,484.0,79.0,78.0,1.0,653.0,196.0,1
13.0,752.0,79.0,45.0,7.0,508.0,201.0,1
5.0,2069.0,234.0,16.0,5.0,415.0,125.0,1
15.0,1013.0,75.0,13.0,4.0,940.0,70.0,1
0.0,3662.0,197.0,33.0,6.0,1145.0,138.0,1
0.0,3660.0,177.0,221.0,7.0,855.0,112.0,1
8.0,823.0,45.0,35.0,3.0,750.0,75.0,1
10.0,2733.0,80.0,116.0,5.0,1220.0,90.0,1
3.0,1757.0,104.0,260.0,6.0,530.0,146.0,1
12.0,4835.0,137.0,261.0,4.0,1090.0,53.0,1
14.0,1251.0,78.0,217.0,5.0,1020.0,307.0,1
5.0,1604.0,264.0,261.0,4.0,785.0,108.0,1
15.0,2287.0,216.0,233.0,3.0,1145.0,85.0,1
17.0,2609.0,120.0,60.0,4.0,686.0,55.0,1
3.0,293.0,252.0,160.0,1.0,871.0,149.0,1
13.0,930.0,243.0,253.0,1.0,985.0,100.0,1
17.0,2849.0,217.0,292.0,7.0,1360.0,66.0,1
13.0,345.0,216.0,208.0,4.0,446.0,142.0,1
14.0,1400.0,60.0,33.0,5.0,1200.0,88.0,1
6.0,5002.0,201.0,16.0,7.0,825.0,100.0,1
15.0,2888.0,213.0,141.0,3.0,820.0,160.0,1
16.0,2238.0,121.0,96.0,4.0,660.0,108.0,1
12.0,6834.0,236.0,253.0,7.0,1050.0,69.0,1
8.0,340.0,16.0,216.0,1.0,675.0,117.0,1
1.0,2442.0,80.0,197.0,7.0,1065.0,145.0,1
5.0,1787.0,197.0,243.0,5.0,1290.0,238.0,1
16.0,5952.0,27.0,208.0,4.0,1015.0,134.0,1
16.0,2830.0,135.0,146.0,4.0,1192.0,75.0,1
5.0,1105.0,16.0,261.0,4.0,445.0,253.0,1
5.0,125.0,16.0,154.0,3.0,960.0,306.0,1
12.0,6461.0,292.0,140.0,6.0,1285.0,27.0,1
10.0,2868.0,187.0,80.0,1.0,1015.0,135.0,1
1.0,1195.0,234.0,80.0,4.0,1080.0,210.0,1
3.0,364.0,213.0,159.0,3.0,1059.0,159.0,1
15.0,1587.0,217.0,44.0,5.0,1235.0,85.0,1
13.0,833.0,34.0,79.0,7.0,450.0,110.0,1
6.0,5040.0,41.0,177.0,5.0,995.0,76.0,1
9.0,506.0,128.0,203.0,3.0,860.0,39.0,1
9.0,509.0,128.0,161.0,3.0,485.0,37.0,1
2.0,730.0,14.0,252.0,1.0,365.0,205.0,1
6.0,5434.0,16.0,285.0,1.0,1025.0,53.0,1
15.0,827.0,91.0,2.0,3.0,895.0,55.0,1
1.0,1506.0,183.0,35.0,3.0,820.0,185.0,1
5.0,2014.0,71.0,159.0,5.0,915.0,118.0,1
4.0,1757.0,135.0,16.0,1.0,795.0,121.0,1
3.0,12.0,104.0,148.0,3.0,720.0,169.0,1
5.0,2107.0,197.0,208.0,5.0,1185.0,82.0,1
6.0,5431.0,195.0,16.0,5.0,410.0,137.0,1
7.0,260.0,79.0,264.0,6.0,780.0,140.0,1
5.0,117.0,16.0,277.0,1.0,1066.0,90.0,1
14.0,400.0,61.0,217.0,3.0,465.0,274.0,1
6.0,5073.0,16.0,190.0,3.0,590.0,85.0,1
3.0,77.0,148.0,213.0,6.0,542.0,181.0,1
14.0,1787.0,43.0,60.0,3.0,705.0,113.0,1
12.0,4534.0,261.0,244.0,3.0,880.0,160.0,1
6.0,5609.0,177.0,205.0,4.0,830.0,107.0,1
14.0,1766.0,60.0,78.0,7.0,890.0,80.0,1
15.0,1166.0,22.0,45.0,4.0,955.0,75.0,1
15.0,767.0,85.0,268.0,3.0,555.0,105.0,1
6.0,5075.0,174.0,16.0,3.0,375.0,133.0,1
13.0,866.0,153.0,208.0,6.0,979.0,218.0,1
0.0,3654.0,197.0,106.0,4.0,1160.0,90.0,1
5.0,1413.0,85.0,16.0,7.0,1230.0,128.0,1
8.0,660.0,130.0,16.0,7.0,431.0,149.0,1
5.0,1835.0,16.0,261.0,3.0,1290.0,257.0,1
5.0,1197.0,154.0,203.0,6.0,525.0,351.0,1
1.0,1945.0,16.0,183.0,3.0,1110.0,130.0,1
9.0,2.0,128.0,154.0,6.0,905.0,325.0,1
11.0,6652.0,71.0,85.0,3.0,600.0,84.0,1
1.0,726.0,80.0,159.0,4.0,690.0,195.0,1
15.0,1174.0,18.0,129.0,7.0,800.0,45.0,1
14.0,723.0,216.0,208.0,4.0,950.0,145.0,1
10.0,4194.0,21.0,208.0,1.0,1060.0,60.0,1
13.0,89.0,228.0,208.0,5.0,390.0,165.0,1
8.0,95.0,16.0,233.0,4.0,535.0,78.0,1
15.0,3508.0,253.0,217.0,7.0,965.0,115.0,1
5.0,2842.0,16.0,96.0,4.0,515.0,136.0,1
13.0,192.0,208.0,45.0,5.0,1268.0,111.0,1
14.0,1695.0,60.0,241.0,3.0,870.0,114.0,1
10.0,2743.0,101.0,80.0,6.0,370.0,195.0,1
3.0,53.0,238.0,148.0,4.0,707.0,73.0,1
15.0,1627.0,33.0,175.0,6.0,900.0,90.0,1
15.0,3403.0,45.0,35.0,3.0,880.0,80.0,1
8.0,9.0,173.0,260.0,3.0,695.0,159.0,1
6.0,5028.0,162.0,16.0,3.0,896.0,92.0,1
10.0,4636.0,233.0,159.0,1.0,1100.0,100.0,1
15.0,288.0,43.0,175.0,4.0,620.0,105.0,1
12.0,6847.0,246.0,253.0,5.0,1240.0,80.0,1
2.0,323.0,258.0,252.0,4.0,405.0,129.0,1
7.0,516.0,214.0,79.0,6.0,660.0,142.0,1
15.0,1198.0,217.0,243.0,3.0,755.0,70.0,1
14.0,256.0,217.0,216.0,3.0,955.0,258.0,1
15.0,143.0,202.0,214.0,3.0,1235.0,100.0,1
3.0,288.0,160.0,153.0,7.0,1200.0,65.0,1
1.0,1406.0,80.0,132.0,6.0,540.0,95.0,1
4.0,1420.0,135.0,16.0,1.0,630.0,124.0,1
2.0,694.0,252.0,111.0,4.0,1080.0,60.0,1
13.0,323.0,216.0,79.0,7.0,480.0,270.0,1
10.0,3769.0,16.0,208.0,4.0,570.0,125.0,1
10.0,4107.0,208.0,61.0,1.0,505.0,75.0,1
5.0,1706.0,154.0,85.0,7.0,693.0,267.0,1
5.0,671.0,85.0,241.0,6.0,605.0,173.0,1
10.0,3930.0,208.0,205.0,6.0,1250.0,95.0,1
9.0,513.0,128.0,161.0,1.0,605.0,37.0,1
15.0,2175.0,12.0,173.0,3.0,470.0,195.0,1
14.0,1792.0,174.0,60.0,4.0,520.0,102.0,1
0.0,3969.0,16.0,130.0,1.0,735.0,148.0,1
16.0,3075.0,96.0,228.0,5.0,760.0,59.0,1
1.0,1861.0,78.0,80.0,3.0,910.0,210.0,1
14.0,1223.0,273.0,78.0,5.0,370.0,82.0,1
12.0,7002.0,154.0,252.0,4.0,1260.0,164.0,1
1.0,1347.0,80.0,258.0,3.0,590.0,225.0,1
1.0,389.0,80.0,2.0,6.0,1055.0,110.0,1
13.0,902.0,79.0,134.0,5.0,645.0,197.0,1
4.0,170.0,135.0,253.0,4.0,545.0,255.0,1
13.0,580.0,208.0,45.0,6.0,689.0,114.0,1
15.0,1884.0,153.0,217.0,7.0,755.0,70.0,1
16.0,2057.0,273.0,96.0,3.0,1030.0,82.0,1
0.0,4176.0,197.0,82.0,7.0,1190.0,61.0,1
16.0,2467.0,116.0,135.0,4.0,1085.0,81.0,1
14.0,1291.0,60.0,277.0,4.0,990.0,107.0,1
15.0,1474.0,2.0,217.0,4.0,1245.0,75.0,1
15.0,1027.0,198.0,277.0,7.0,800.0,85.0,1
0.0,4151.0,61.0,233.0,5.0,857.0,93.0,1
7.0,416.0,154.0,79.0,5.0,390.0,140.0,1
15.0,633.0,153.0,264.0,6.0,630.0,65.0,1
13.0,660.0,153.0,79.0,6.0,498.0,121.0,1
14.0,7.0,217.0,208.0,5.0,970.0,199.0,1
14.0,524.0,35.0,217.0,1.0,590.0,354.0,1
13.0,189.0,208.0,243.0,4.0,507.0,259.0,1
15.0,637.0,258.0,217.0,3.0,480.0,105.0,1
12.0,6509.0,280.0,154.0,5.0,486.0,95.0,1
15.0,575.0,153.0,262.0,6.0,840.0,90.0,1
15.0,1029.0,153.0,154.0,4.0,1285.0,65.0,1
15.0,1539.0,262.0,79.0,6.0,370.0,150.0,1
13.0,543.0,35.0,208.0,5.0,1045.0,172.0,1
2.0,18.0,252.0,173.0,7.0,525.0,322.0,1
5.0,1382.0,159.0,35.0,5.0,750.0,67.0,1
4.0,1767.0,135.0,252.0,7.0,580.0,277.0,1
11.0,6309.0,157.0,85.0,7.0,1032.0,87.0,1
12.0,6952.0,208.0,152.0,4.0,958.0,49.0,1
15.0,758.0,162.0,175.0,1.0,460.0,100.0,1
15.0,186.0,129.0,146.0,1.0,960.0,65.0,1
1.0,1506.0,183.0,35.0,7.0,820.0,185.0,1
0.0,3651.0,106.0,85.0,1.0,982.0,47.0,1
1.0,1328.0,262.0,80.0,7.0,740.0,200.0,1
3.0,62.0,148.0,273.0,1.0,888.0,78.0,1
6.0,5114.0,16.0,237.0,4.0,1296.0,82.0,1
0.0,3964.0,12.0,148.0,4.0,365.0,90.0,1
4.0,1143.0,16.0,96.0,4.0,873.0,147.0,1
0.0,3749.0,130.0,16.0,5.0,915.0,162.0,1
9.0,392.0,128.0,143.0,4.0,1141.0,51.0,1
6.0,5026.0,97.0,16.0,3.0,1045.0,125.0,1
12.0,6252.0,253.0,244.0,7.0,861.0,202.0,1
1.0,1218.0,214.0,80.0,3.0,510.0,225.0,1
15.0,1345.0,162.0,75.0,1.0,575.0,65.0,1
13.0,228.0,217.0,79.0,7.0,754.0,106.0,1
1.0,812.0,252.0,80.0,6.0,435.0,235.0,1
6.0,7366.0,177.0,190.0,5.0,570.0,82.0,1
16.0,2771.0,139.0,135.0,6.0,1070.0,157.0,1
3.0,1243.0,35.0,60.0,6.0,900.0,137.0,1
10.0,2767.0,80.0,288.0,6.0,630.0,105.0,1
15.0,1162.0,18.0,129.0,4.0,610.0,50.0,1
15.0,3033.0,173.0,268.0,6.0,560.0,160.0,1
13.0,56.0,253.0,96.0,6.0,1350.0,329.0,1
15.0,692.0,202.0,252.0,5.0,1210.0,120.0,1
17.0,2839.0,217.0,103.0,7.0,587.0,65.0,1
15.0,698.0,258.0,154.0,7.0,950.0,70.0,1
15.0,391.0,217.0,236.0,1.0,670.0,115.0,1
11.0,6569.0,71.0,60.0,1.0,675.0,89.0,1
8.0,68.0,16.0,134.0,3.0,1043.0,100.0,1
12.0,4675.0,261.0,44.0,7.0,915.0,115.0,1
0.0,4322.0,33.0,197.0,4.0,480.0,144.0,1
6.0,4983.0,130.0,16.0,4.0,1023.0,156.0,1
5.0,2311.0,16.0,80.0,1.0,740.0,150.0,1
1.0,1205.0,216.0,80.0,7.0,500.0,240.0,1
15.0,1548.0,252.0,202.0,4.0,930.0,125.0,1
15.0,3599.0,268.0,153.0,7.0,765.0,230.0,1
14.0,659.0,216.0,253.0,6.0,600.0,390.0,1
15.0,1836.0,33.0,209.0,3.0,1205.0,95.0,1
1.0,1505.0,80.0,243.0,6.0,1035.0,190.0,1
10.0,2754.0,158.0,80.0,7.0,440.0,90.0,1
13.0,599.0,79.0,207.0,5.0,1154.0,145.0,1
15.0,1286.0,172.0,153.0,4.0,425.0,195.0,1
6.0,5063.0,16.0,205.0,3.0,951.0,150.0,1
15.0,736.0,129.0,175.0,5.0,1095.0,150.0,1
6.0,5271.0,16.0,290.0,7.0,970.0,116.0,1
5.0,1107.0,216.0,261.0,7.0,1030.0,311.0,1
0.0,4250.0,139.0,148.0,5.0,750.0,145.0,1
0.0,3825.0,254.0,177.0,5.0,1020.0,66.0,1
15.0,2697.0,45.0,27.0,4.0,620.0,135.0,1
15.0,2198.0,204.0,268.0,3.0,425.0,80.0,1
10.0,4636.0,233.0,159.0,7.0,1100.0,100.0,1
2.0,509.0,264.0,252.0,5.0,840.0,168.0,1
5.0,11.0,16.0,173.0,6.0,960.0,89.0,1
1.0,1665.0,80.0,243.0,5.0,1220.0,185.0,1
5.0,2008.0,79.0,197.0,1.0,1070.0,117.0,1
15.0,3668.0,207.0,202.0,3.0,845.0,75.0,1
16.0,2077.0,96.0,245.0,5.0,990.0,141.0,1
14.0,337.0,153.0,217.0,7.0,590.0,73.0,1
8.0,672.0,173.0,184.0,4.0,455.0,176.0,1
6.0,5467.0,27.0,16.0,6.0,540.0,61.0,1
6.0,5319.0,16.0,288.0,7.0,1155.0,77.0,1
1.0,417.0,33.0,80.0,4.0,1170.0,125.0,1
8.0,429.0,223.0,16.0,5.0,360.0,69.0,1
17.0,2926.0,217.0,246.0,6.0,510.0,94.0,1
10.0,3921.0,177.0,208.0,3.0,990.0,115.0,1
1.0,2167.0,154.0,80.0,6.0,610.0,180.0,1
15.0,2201.0,243.0,45.0,5.0,730.0,290.0,1
15.0,2010.0,175.0,79.0,4.0,1045.0,165.0,1
15.0,3415.0,243.0,244.0,7.0,570.0,155.0,1
17.0,2766.0,227.0,217.0,7.0,600.0,67.0,1
15.0,1016.0,197.0,175.0,3.0,715.0,100.0,1
12.0,6385.0,154.0,248.0,3.0,628.0,54.0,1
12.0,4486.0,177.0,84.0,4.0,865.0,100.0,1
12.0,4566.0,261.0,232.0,7.0,1304.0,93.0,1
15.0,384.0,268.0,175.0,4.0,540.0,60.0,1
6.0,4955.0,190.0,16.0,6.0,640.0,74.0,1
16.0,5891.0,208.0,17.0,4.0,1022.0,50.0,1
8.0,1244.0,106.0,173.0,7.0,428.0,174.0,1
12.0,6523.0,217.0,154.0,4.0,345.0,85.0,1
1.0,2206.0,80.0,134.0,4.0,1040.0,160.0,1
14.0,2126.0,159.0,35.0,3.0,720.0,65.0,1
0.0,4085.0,148.0,43.0,1.0,475.0,104.0,1
12.0,6225.0,84.0,79.0,4.0,1143.0,114.0,1
15.0,1856.0,172.0,173.0,7.0,630.0,165.0,1
1.0,1912.0,217.0,80.0,3.0,425.0,140.0,1
13.0,2.0,128.0,208.0,6.0,1035.0,484.0,1
16.0,5940.0,208.0,48.0,6.0,1085.0,70.0,1
1.0,1292.0,264.0,80.0,3.0,530.0,170.0,1
12.0,4648.0,111.0,261.0,7.0,1095.0,92.0,1
6.0,5312.0,16.0,285.0,4.0,535.0,61.0,1
14.0,439.0,216.0,153.0,6.0,1085.0,338.0,1
15.0,149.0,175.0,221.0,6.0,760.0,75.0,1
16.0,2474.0,135.0,33.0,4.0,930.0,113.0,1
15.0,561.0,175.0,12.0,4.0,1230.0,115.0,1
13.0,59.0,79.0,253.0,7.0,360.0,163.0,1
6.0,7107.0,159.0,134.0,6.0,1167.0,84.0,1
5.0,1260.0,261.0,96.0,6.0,605.0,273.0,1
12.0,4611.0,261.0,253.0,3.0,510.0,133.0,1
16.0,2392.0,132.0,135.0,4.0,390.0,119.0,1
5.0,2194.0,16.0,216.0,7.0,655.0,133.0,1
1.0,577.0,148.0,208.0,4.0,870.0,180.0,1
8.0,1581.0,30.0,16.0,7.0,704.0,94.0,1
5.0,431.0,16.0,60.0,7.0,970.0,80.0,1
12.0,6692.0,154.0,243.0,4.0,611.0,46.0,1
12.0,3094.0,184.0,205.0,3.0,852.0,80.0,1
8.0,556.0,16.0,43.0,5.0,1255.0,119.0,1
5.0,314.0,16.0,261.0,5.0,845.0,255.0,1
10.0,3808.0,208.0,2.0,6.0,645.0,180.0,1
12.0,4677.0,261.0,44.0,1.0,690.0,120.0,1
16.0,2844.0,58.0,78.0,5.0,705.0,70.0,1
4.0,606.0,135.0,277.0,5.0,960.0,128.0,1
15.0,2786.0,202.0,207.0,7.0,635.0,70.0,1
13.0,673.0,208.0,80.0,3.0,742.0,159.0,1
8.0,1588.0,173.0,30.0,6.0,869.0,147.0,1
4.0,1727.0,45.0,135.0,5.0,345.0,208.0,1
15.0,100.0,141.0,104.0,5.0,460.0,185.0,1
13.0,115.0,208.0,197.0,3.0,739.0,93.0,1
5.0,1785.0,159.0,173.0,4.0,625.0,178.0,1
6.0,5371.0,16.0,254.0,4.0,825.0,117.0,1
10.0,3965.0,208.0,84.0,4.0,745.0,75.0,1
0.0,4295.0,148.0,167.0,1.0,750.0,110.0,1
10.0,3512.0,184.0,80.0,3.0,360.0,165.0,1
15.0,1392.0,44.0,202.0,3.0,790.0,70.0,1
4.0,1140.0,80.0,96.0,5.0,1070.0,192.0,1
10.0,4163.0,85.0,208.0,1.0,940.0,85.0,1
5.0,1781.0,253.0,154.0,3.0,1080.0,85.0,1
6.0,7135.0,54.0,134.0,1.0,609.0,90.0,1
9.0,40.0,203.0,214.0,6.0,855.0,315.0,1
14.0,1511.0,159.0,60.0,7.0,680.0,124.0,1
12.0,6703.0,16.0,208.0,1.0,405.0,117.0,1
5.0,2243.0,96.0,16.0,6.0,690.0,144.0,1
14.0,654.0,217.0,264.0,4.0,685.0,86.0,1
12.0,7053.0,208.0,69.0,7.0,1144.0,82.0,1
16.0,2793.0,135.0,172.0,3.0,835.0,113.0,1
10.0,2842.0,80.0,101.0,6.0,705.0,150.0,1
1.0,1999.0,96.0,183.0,4.0,985.0,205.0,1
8.0,261.0,184.0,78.0,7.0,485.0,115.0,1
14.0,945.0,0.0,60.0,5.0,525.0,106.0,1
5.0,1440.0,241.0,16.0,5.0,480.0,114.0,1
12.0,6679.0,65.0,208.0,6.0,360.0,146.0,1
16.0,2545.0,12.0,58.0,1.0,1020.0,87.0,1
8.0,1178.0,119.0,241.0,6.0,935.0,164.0,1
15.0,542.0,175.0,221.0,1.0,420.0,80.0,1
15.0,307.0,154.0,217.0,1.0,1080.0,80.0,1
5.0,1196.0,203.0,154.0,7.0,826.0,314.0,1
17.0,7245.0,134.0,228.0,7.0,752.0,74.0,1
15.0,581.0,153.0,147.0,1.0,555.0,240.0,1
16.0,5940.0,238.0,208.0,4.0,793.0,121.0,1
12.0,6735.0,79.0,196.0,7.0,640.0,133.0,1
4.0,239.0,183.0,96.0,4.0,430.0,170.0,1
10.0,3944.0,148.0,45.0,4.0,1049.0,76.0,1
0.0,3681.0,0.0,85.0,4.0,981.0,112.0,1
5.0,2123.0,35.0,85.0,7.0,340.0,144.0,1
10.0,3287.0,41.0,80.0,4.0,825.0,90.0,1
12.0,6957.0,79.0,184.0,6.0,606.0,143.0,1
10.0,3215.0,80.0,129.0,4.0,635.0,65.0,1
10.0,3386.0,56.0,80.0,6.0,975.0,130.0,1
6.0,5200.0,177.0,16.0,3.0,1185.0,83.0,1
15.0,1762.0,202.0,79.0,5.0,370.0,155.0,1
12.0,6922.0,79.0,199.0,4.0,1294.0,56.0,1
15.0,2021.0,233.0,33.0,1.0,905.0,95.0,1
10.0,4117.0,278.0,208.0,6.0,370.0,110.0,1
14.0,57.0,153.0,217.0,1.0,390.0,74.0,1
6.0,5048.0,278.0,16.0,7.0,697.0,73.0,1
15.0,1472.0,154.0,217.0,5.0,505.0,75.0,1
15.0,3071.0,258.0,44.0,5.0,565.0,60.0,1
12.0,4854.0,261.0,137.0,1.0,1010.0,55.0,1
6.0,5396.0,115.0,16.0,4.0,1076.0,93.0,1
14.0,1296.0,268.0,60.0,4.0,360.0,113.0,1
14.0,1420.0,216.0,60.0,4.0,330.0,102.0,1
7.0,479.0,184.0,153.0,7.0,880.0,235.0,1
15.0,1217.0,154.0,129.0,5.0,555.0,185.0,1
11.0,6314.0,147.0,78.0,7.0,1115.0,114.0,1
15.0,824.0,217.0,243.0,3.0,1050.0,65.0,1
0.0,4271.0,85.0,119.0,6.0,725.0,50.0,1
0.0,4145.0,85.0,92.0,4.0,940.0,59.0,1
13.0,670.0,198.0,134.0,3.0,768.0,147.0,1
12.0,4874.0,197.0,112.0,5.0,915.0,78.0,1
13.0,699.0,134.0,260.0,6.0,497.0,222.0,1
17.0,2620.0,33.0,60.0,4.0,1149.0,80.0,1
4.0,620.0,18.0,135.0,3.0,1158.0,57.0,1
16.0,2197.0,58.0,195.0,3.0,1035.0,92.0,1
10.0,2982.0,80.0,118.0,5.0,730.0,50.0,1
3.0,607.0,229.0,148.0,5.0,695.0,74.0,1
3.0,190.0,153.0,148.0,3.0,657.0,300.0,1
12.0,6425.0,244.0,79.0,4.0,946.0,131.0,1
12.0,6268.0,280.0,253.0,3.0,702.0,138.0,1
12.0,4479.0,80.0,261.0,5.0,1125.0,168.0,1
12.0,6385.0,154.0,248.0,1.0,628.0,54.0,1
14.0,1170.0,60.0,221.0,1.0,895.0,87.0,1
5.0,2102.0,153.0,16.0,4.0,1410.0,224.0,1
12.0,6935.0,262.0,6.0,1.0,417.0,64.0,1
1.0,753.0,159.0,80.0,5.0,860.0,245.0,1
14.0,590.0,217.0,172.0,1.0,595.0,160.0,1
13.0,565.0,253.0,154.0,5.0,1287.0,90.0,1
13.0,5.0,148.0,253.0,3.0,430.0,404.0,1
1.0,1416.0,280.0,80.0,1.0,870.0,130.0,1
6.0,7093.0,134.0,61.0,3.0,754.0,80.0,1
14.0,1510.0,60.0,216.0,1.0,454.0,97.0,1
15.0,801.0,217.0,45.0,6.0,415.0,255.0,1
7.0,261.0,264.0,79.0,3.0,900.0,136.0,1
4.0,1057.0,159.0,58.0,3.0,970.0,99.0,1
4.0,1033.0,159.0,135.0,6.0,642.0,243.0,1
11.0,6589.0,197.0,198.0,1.0,865.0,169.0,1
7.0,505.0,159.0,79.0,4.0,520.0,272.0,1
14.0,913.0,234.0,60.0,3.0,330.0,72.0,1
15.0,3596.0,241.0,173.0,5.0,465.0,45.0,1
12.0,4673.0,111.0,261.0,6.0,986.0,99.0,1
15.0,860.0,217.0,264.0,1.0,1055.0,70.0,1
12.0,6301.0,258.0,154.0,7.0,393.0,77.0,1
15.0,948.0,243.0,258.0,3.0,1230.0,80.0,1
12.0,6282.0,144.0,154.0,1.0,741.0,56.0,1
2.0,314.0,252.0,253.0,4.0,1070.0,127.0,1
5.0,1097.0,139.0,16.0,3.0,1027.0,102.0,1
8.0,738.0,197.0,184.0,4.0,360.0,70.0,1
12.0,7794.0,261.0,271.0,4.0,1005.0,71.0,1
8.0,734.0,197.0,184.0,6.0,752.0,72.0,1
4.0,796.0,153.0,135.0,3.0,1022.0,172.0,1
13.0,107.0,208.0,154.0,7.0,785.0,276.0,1
14.0,1586.0,60.0,216.0,6.0,1334.0,93.0,1
13.0,595.0,205.0,79.0,3.0,1012.0,104.0,1
15.0,1566.0,12.0,45.0,1.0,380.0,95.0,1
9.0,40.0,203.0,214.0,4.0,855.0,315.0,1
2.0,672.0,252.0,79.0,6.0,785.0,155.0,1
8.0,1271.0,173.0,76.0,3.0,1246.0,133.0,1
14.0,16.0,253.0,217.0,3.0,725.0,116.0,1
5.0,1478.0,177.0,35.0,3.0,1150.0,169.0,1
10.0,3503.0,80.0,58.0,1.0,860.0,150.0,1
5.0,1116.0,16.0,54.0,3.0,891.0,74.0,1
15.0,1471.0,45.0,43.0,6.0,930.0,70.0,1
4.0,1019.0,277.0,96.0,1.0,410.0,155.0,1
16.0,2285.0,182.0,58.0,5.0,1037.0,107.0,1
4.0,556.0,154.0,58.0,5.0,645.0,262.0,1
16.0,2767.0,12.0,58.0,1.0,860.0,95.0,1
15.0,1202.0,175.0,79.0,4.0,1145.0,170.0,1
1.0,1386.0,252.0,208.0,4.0,740.0,250.0,1
12.0,4654.0,127.0,261.0,7.0,375.0,69.0,1
3.0,559.0,130.0,277.0,7.0,480.0,174.0,1
11.0,6619.0,159.0,139.0,1.0,520.0,155.0,1
10.0,3603.0,183.0,54.0,3.0,1275.0,100.0,1
15.0,857.0,153.0,262.0,5.0,1265.0,90.0,1
12.0,4719.0,168.0,261.0,4.0,328.0,87.0,1
5.0,54.0,45.0,16.0,4.0,1125.0,123.0,1
5.0,2132.0,208.0,197.0,1.0,552.0,91.0,1
2.0,12.0,252.0,35.0,1.0,530.0,316.0,1
15.0,910.0,27.0,75.0,3.0,1115.0,115.0,1
5.0,2265.0,16.0,177.0,1.0,755.0,88.0,1
16.0,5903.0,54.0,208.0,6.0,1060.0,147.0,1
5.0,1948.0,85.0,159.0,1.0,720.0,108.0,1
9.0,16.0,128.0,243.0,5.0,790.0,325.0,1
6.0,5421.0,285.0,16.0,1.0,532.0,78.0,1
12.0,4694.0,154.0,153.0,6.0,1170.0,70.0,1
8.0,778.0,153.0,16.0,4.0,810.0,230.0,1
15.0,1370.0,217.0,252.0,4.0,1220.0,190.0,1
15.0,961.0,205.0,217.0,1.0,435.0,180.0,1
4.0,289.0,85.0,135.0,1.0,885.0,187.0,1
8.0,281.0,35.0,16.0,6.0,360.0,185.0,1
15.0,221.0,79.0,217.0,1.0,585.0,120.0,1
15.0,618.0,33.0,154.0,4.0,635.0,290.0,1
12.0,6710.0,208.0,71.0,1.0,816.0,76.0,1
15.0,1121.0,61.0,153.0,4.0,905.0,285.0,1
6.0,5429.0,16.0,188.0,7.0,1238.0,97.0,1
8.0,481.0,45.0,173.0,7.0,420.0,140.0,1
13.0,112.0,207.0,79.0,5.0,365.0,139.0,1
3.0,30.0,148.0,238.0,4.0,1350.0,81.0,1
5.0,1745.0,78.0,85.0,4.0,665.0,95.0,1
10.0,3840.0,208.0,16.0,6.0,855.0,120.0,1
10.0,3097.0,246.0,154.0,5.0,700.0,45.0,1
5.0,155.0,148.0,104.0,4.0,930.0,205.0,1
15.0,587.0,79.0,45.0,5.0,1105.0,200.0,1
15.0,2397.0,172.0,75.0,7.0,685.0,95.0,1
0.0,4102.0,16.0,121.0,5.0,665.0,62.0,1
16.0,2050.0,135.0,234.0,7.0,1135.0,158.0,1
14.0,621.0,217.0,202.0,3.0,650.0,123.0,1
15.0,806.0,202.0,214.0,1.0,395.0,105.0,1
14.0,2189.0,159.0,78.0,7.0,1200.0,77.0,1
14.0,569.0,243.0,217.0,6.0,755.0,76.0,1
14.0,1273.0,216.0,80.0,5.0,695.0,226.0,1
15.0,2098.0,104.0,141.0,5.0,1185.0,165.0,1
5.0,2573.0,16.0,183.0,5.0,450.0,115.0,1
6.0,5434.0,275.0,16.0,6.0,910.0,74.0,1
1.0,821.0,148.0,104.0,7.0,935.0,205.0,1
1.0,669.0,60.0,80.0,7.0,750.0,175.0,1
15.0,397.0,139.0,153.0,7.0,1055.0,255.0,1
8.0,696.0,16.0,267.0,6.0,610.0,90.0,1
1.0,1822.0,80.0,76.0,5.0,875.0,130.0,1
9.0,202.0,128.0,143.0,1.0,355.0,49.0,1
5.0,1769.0,16.0,173.0,4.0,420.0,82.0,1
10.0,3989.0,76.0,208.0,1.0,670.0,75.0,1
1.0,1546.0,264.0,80.0,3.0,1015.0,165.0,1
0.0,4055.0,197.0,82.0,1.0,830.0,58.0,1
10.0,3081.0,243.0,154.0,7.0,380.0,45.0,1
15.0,2536.0,35.0,216.0,6.0,765.0,105.0,1
1.0,1970.0,80.0,33.0,6.0,1090.0,100.0,1
4.0,1597.0,135.0,207.0,4.0,1270.0,212.0,1
15.0,567.0,35.0,216.0,1.0,860.0,100.0,1
5.0,2691.0,197.0,183.0,7.0,450.0,220.0,1
0.0,4244.0,85.0,21.0,5.0,735.0,53.0,1
0.0,4036.0,71.0,78.0,1.0,690.0,86.0,1
1.0,581.0,78.0,268.0,7.0,430.0,140.0,1
10.0,2867.0,80.0,290.0,6.0,985.0,70.0,1
12.0,4440.0,261.0,135.0,5.0,580.0,180.0,1
15.0,333.0,45.0,173.0,7.0,465.0,145.0,1
14.0,113.0,216.0,153.0,7.0,950.0,338.0,1
13.0,293.0,253.0,154.0,3.0,580.0,97.0,1
10.0,2887.0,80.0,56.0,3.0,620.0,120.0,1
3.0,1065.0,148.0,18.0,5.0,756.0,252.0,1
0.0,3721.0,85.0,76.0,5.0,520.0,60.0,1
12.0,6294.0,83.0,79.0,4.0,1059.0,63.0,1
12.0,6935.0,262.0,6.0,3.0,417.0,64.0,1
5.0,1252.0,16.0,71.0,5.0,1291.0,88.0,1
1.0,1065.0,80.0,258.0,4.0,1270.0,225.0,1
12.0,6826.0,253.0,207.0,1.0,484.0,74.0,1
16.0,2437.0,96.0,233.0,4.0,389.0,104.0,1
8.0,934.0,16.0,147.0,7.0,1109.0,66.0,1
11.0,6296.0,184.0,71.0,5.0,720.0,83.0,1
5.0,1876.0,173.0,159.0,7.0,895.0,154.0,1
12.0,4483.0,84.0,197.0,1.0,900.0,70.0,1
1.0,705.0,80.0,227.0,3.0,605.0,190.0,1
11.0,6762.0,204.0,197.0,4.0,435.0,129.0,1
11.0,6315.0,233.0,173.0,1.0,420.0,120.0,1
1.0,588.0,260.0,183.0,4.0,905.0,170.0,1
10.0,3677.0,61.0,183.0,4.0,890.0,170.0,1
12.0,4729.0,179.0,261.0,3.0,370.0,112.0,1
5.0,1256.0,71.0,35.0,5.0,915.0,127.0,1
6.0,5412.0,16.0,256.0,6.0,515.0,125.0,1
2.0,151.0,211.0,206.0,4.0,516.0,45.0,1
5.0,2353.0,159.0,277.0,1.0,1055.0,183.0,1
13.0,944.0,154.0,208.0,6.0,423.0,242.0,1
12.0,7800.0,282.0,261.0,7.0,390.0,55.0,1
1.0,2364.0,80.0,208.0,6.0,1040.0,145.0,1
7.0,796.0,214.0,79.0,6.0,904.0,143.0,1
10.0,3026.0,194.0,154.0,5.0,405.0,70.0,1
3.0,597.0,130.0,173.0,6.0,1180.0,165.0,1
14.0,936.0,217.0,197.0,6.0,990.0,181.0,1
1.0,2028.0,268.0,159.0,5.0,480.0,140.0,1
15.0,868.0,205.0,153.0,5.0,965.0,185.0,1
5.0,1838.0,16.0,78.0,1.0,1040.0,106.0,1
14.0,1884.0,277.0,216.0,6.0,720.0,151.0,1
5.0,1235.0,96.0,261.0,4.0,420.0,327.0,1
12.0,6970.0,262.0,253.0,1.0,1022.0,43.0,1
12.0,6892.0,214.0,252.0,5.0,942.0,50.0,1
16.0,5979.0,107.0,208.0,5.0,886.0,96.0,1
10.0,3267.0,80.0,162.0,1.0,990.0,70.0,1
5.0,141.0,148.0,183.0,7.0,898.0,199.0,1
16.0,2327.0,136.0,135.0,6.0,390.0,105.0,1
1.0,1124.0,183.0,159.0,4.0,585.0,165.0,1
8.0,849.0,16.0,173.0,1.0,990.0,90.0,1
14.0,29.0,217.0,154.0,3.0,890.0,86.0,1
5.0,2748.0,16.0,22.0,1.0,450.0,142.0,1
8.0,820.0,35.0,45.0,7.0,630.0,90.0,1
13.0,202.0,253.0,154.0,4.0,500.0,95.0,1
5.0,1659.0,268.0,16.0,7.0,1007.0,101.0,1
12.0,6354.0,154.0,246.0,4.0,520.0,44.0,1
1.0,1517.0,244.0,80.0,1.0,820.0,70.0,1
1.0,2435.0,208.0,217.0,6.0,815.0,235.0,1
11.0,6697.0,233.0,71.0,5.0,660.0,99.0,1
1.0,1888.0,80.0,147.0,7.0,410.0,125.0,1
14.0,1032.0,60.0,0.0,3.0,1215.0,100.0,1
15.0,1229.0,35.0,45.0,7.0,825.0,90.0,1
4.0,1420.0,135.0,16.0,6.0,630.0,119.0,1
13.0,763.0,79.0,243.0,1.0,695.0,149.0,1
13.0,525.0,79.0,217.0,5.0,1310.0,121.0,1
4.0,532.0,135.0,159.0,4.0,810.0,203.0,1
15.0,311.0,217.0,252.0,1.0,540.0,190.0,1
12.0,4604.0,261.0,79.0,1.0,830.0,83.0,1
15.0,607.0,175.0,153.0,1.0,890.0,245.0,1
13.0,140.0,253.0,264.0,5.0,1225.0,92.0,1
15.0,511.0,175.0,35.0,1.0,985.0,140.0,1
6.0,7111.0,134.0,148.0,3.0,495.0,75.0,1
13.0,375.0,135.0,79.0,1.0,910.0,154.0,1
2.0,755.0,268.0,252.0,3.0,1080.0,268.0,1
12.0,6688.0,136.0,79.0,6.0,589.0,96.0,1
1.0,1391.0,221.0,80.0,7.0,1095.0,195.0,1
1.0,759.0,159.0,80.0,5.0,935.0,250.0,1
14.0,788.0,233.0,216.0,1.0,1070.0,93.0,1
4.0,1497.0,135.0,153.0,7.0,970.0,205.0,1
10.0,2729.0,80.0,1.0,3.0,745.0,50.0,1
0.0,3872.0,33.0,85.0,4.0,943.0,115.0,1
15.0,1199.0,204.0,129.0,3.0,375.0,85.0,1
15.0,912.0,173.0,228.0,4.0,1185.0,155.0,1
1.0,2413.0,80.0,154.0,4.0,565.0,200.0,1
4.0,433.0,159.0,135.0,6.0,800.0,241.0,1
0.0,3864.0,177.0,254.0,1.0,880.0,72.0,1
15.0,204.0,45.0,268.0,3.0,1155.0,145.0,1
5.0,1772.0,85.0,148.0,5.0,1042.0,118.0,1
2.0,62.0,98.0,14.0,1.0,360.0,70.0,1
15.0,1684.0,277.0,79.0,1.0,540.0,250.0,1
14.0,1041.0,269.0,60.0,7.0,1060.0,230.0,1
4.0,576.0,96.0,241.0,4.0,785.0,190.0,1
6.0,4978.0,16.0,101.0,5.0,1035.0,74.0,1
15.0,1546.0,243.0,153.0,5.0,520.0,70.0,1
10.0,3070.0,243.0,154.0,3.0,790.0,45.0,1
5.0,2302.0,277.0,177.0,1.0,1034.0,126.0,1
15.0,938.0,217.0,154.0,7.0,990.0,80.0,1
10.0,3877.0,216.0,208.0,5.0,635.0,145.0,1
10.0,3748.0,208.0,197.0,4.0,360.0,85.0,1
1.0,517.0,80.0,258.0,6.0,450.0,230.0,1
14.0,1097.0,35.0,216.0,7.0,1245.0,87.0,1
14.0,20.0,217.0,128.0,7.0,715.0,403.0,1
6.0,4944.0,85.0,48.0,1.0,730.0,58.0,1
3.0,689.0,35.0,78.0,4.0,1050.0,102.0,1
12.0,4882.0,197.0,56.0,3.0,620.0,72.0,1
15.0,574.0,202.0,252.0,7.0,950.0,125.0,1
1.0,2455.0,208.0,217.0,1.0,450.0,240.0,1
6.0,5087.0,16.0,172.0,1.0,455.0,142.0,1
15.0,1095.0,61.0,45.0,1.0,1085.0,70.0,1
5.0,1080.0,16.0,60.0,6.0,905.0,77.0,1
1.0,1467.0,80.0,91.0,7.0,550.0,105.0,1
11.0,6474.0,197.0,148.0,7.0,915.0,183.0,1
1.0,2202.0,183.0,80.0,3.0,1235.0,190.0,1
15.0,2941.0,79.0,175.0,6.0,670.0,140.0,1
3.0,447.0,35.0,277.0,3.0,1075.0,205.0,1
6.0,5278.0,16.0,27.0,6.0,870.0,52.0,1
10.0,4634.0,159.0,233.0,3.0,960.0,110.0,1
8.0,1748.0,221.0,173.0,7.0,1061.0,140.0,1
15.0,2990.0,258.0,264.0,1.0,390.0,75.0,1
16.0,2086.0,135.0,244.0,7.0,970.0,59.0,1
5.0,1524.0,16.0,45.0,1.0,730.0,109.0,1
15.0,3322.0,141.0,104.0,3.0,915.0,190.0,1
5.0,105.0,85.0,16.0,6.0,930.0,132.0,1
5.0,2346.0,214.0,16.0,1.0,380.0,279.0,1
0.0,4270.0,221.0,177.0,3.0,1052.0,137.0,1
15.0,784.0,154.0,2.0,3.0,910.0,105.0,1
13.0,638.0,208.0,198.0,7.0,853.0,137.0,1
17.0,7266.0,221.0,208.0,6.0,989.0,100.0,1
3.0,633.0,35.0,253.0,1.0,555.0,400.0,1
6.0,7360.0,146.0,177.0,4.0,390.0,64.0,1
13.0,647.0,134.0,253.0,5.0,1167.0,368.0,1
10.0,4568.0,33.0,78.0,7.0,985.0,95.0,1
15.0,3658.0,217.0,175.0,4.0,1105.0,200.0,1
15.0,2102.0,264.0,217.0,5.0,595.0,70.0,1
12.0,6543.0,208.0,139.0,7.0,1058.0,57.0,1
6.0,5447.0,251.0,16.0,1.0,633.0,90.0,1
16.0,2218.0,96.0,234.0,3.0,1125.0,85.0,1
7.0,71.0,85.0,79.0,4.0,385.0,189.0,1
12.0,6856.0,79.0,61.0,4.0,859.0,156.0,1
2.0,558.0,252.0,227.0,5.0,780.0,158.0,1
2.0,44.0,23.0,14.0,7.0,866.0,69.0,1
6.0,5222.0,48.0,16.0,3.0,1105.0,111.0,1
12.0,6837.0,79.0,83.0,3.0,500.0,62.0,1
5.0,1530.0,16.0,85.0,7.0,885.0,120.0,1
6.0,5232.0,16.0,52.0,5.0,1221.0,48.0,1
4.0,287.0,96.0,264.0,1.0,520.0,385.0,1
15.0,3915.0,18.0,129.0,4.0,375.0,50.0,1
4.0,391.0,183.0,135.0,6.0,910.0,172.0,1
8.0,90.0,233.0,16.0,3.0,1210.0,85.0,1
1.0,1743.0,85.0,80.0,5.0,705.0,185.0,1
15.0,570.0,153.0,253.0,5.0,1140.0,95.0,1
15.0,1413.0,2.0,155.0,7.0,1110.0,55.0,1
5.0,1688.0,182.0,85.0,5.0,540.0,140.0,1
17.0,2609.0,60.0,33.0,6.0,800.0,90.0,1
15.0,1003.0,277.0,129.0,4.0,920.0,145.0,1
13.0,676.0,208.0,159.0,4.0,600.0,132.0,1
14.0,480.0,217.0,44.0,6.0,1085.0,87.0,1
5.0,1429.0,148.0,153.0,5.0,423.0,357.0,1
4.0,570.0,135.0,253.0,1.0,1060.0,259.0,1
15.0,1097.0,173.0,2.0,7.0,845.0,255.0,1
15.0,500.0,243.0,129.0,3.0,530.0,180.0,1
5.0,2135.0,16.0,213.0,1.0,655.0,107.0,1
15.0,3763.0,45.0,12.0,3.0,1080.0,70.0,1
6.0,5484.0,16.0,285.0,5.0,605.0,67.0,1
13.0,907.0,208.0,253.0,6.0,1050.0,292.0,1
15.0,3157.0,175.0,243.0,5.0,705.0,275.0,1
6.0,5336.0,157.0,16.0,7.0,830.0,93.0,1
3.0,1304.0,134.0,148.0,5.0,451.0,73.0,1
12.0,6735.0,196.0,79.0,7.0,799.0,112.0,1
5.0,2059.0,16.0,244.0,7.0,1313.0,167.0,1
5.0,1555.0,16.0,154.0,5.0,500.0,308.0,1
12.0,6989.0,236.0,79.0,7.0,708.0,134.0,1
6.0,7366.0,177.0,190.0,1.0,570.0,82.0,1
10.0,3245.0,80.0,157.0,4.0,535.0,125.0,1
5.0,2614.0,252.0,197.0,1.0,900.0,195.0,1
6.0,5399.0,84.0,16.0,7.0,606.0,126.0,1
10.0,3079.0,154.0,243.0,6.0,1185.0,45.0,1
14.0,1822.0,60.0,35.0,3.0,695.0,122.0,1
6.0,5588.0,275.0,16.0,3.0,1061.0,76.0,1
12.0,6826.0,194.0,253.0,1.0,370.0,35.0,1
16.0,2833.0,135.0,146.0,1.0,629.0,69.0,1
6.0,5346.0,16.0,272.0,1.0,1076.0,136.0,1
14.0,430.0,216.0,153.0,5.0,1245.0,335.0,1
10.0,4182.0,208.0,0.0,5.0,540.0,115.0,1
8.0,492.0,173.0,45.0,4.0,927.0,128.0,1
12.0,6998.0,84.0,208.0,5.0,1125.0,81.0,1
15.0,2892.0,241.0,175.0,1.0,870.0,180.0,1
11.0,6638.0,85.0,69.0,6.0,1035.0,79.0,1
14.0,1178.0,60.0,45.0,4.0,795.0,83.0,1
5.0,1639.0,78.0,16.0,7.0,840.0,123.0,1
1.0,1505.0,80.0,243.0,3.0,1035.0,190.0,1
1.0,1434.0,80.0,173.0,4.0,380.0,145.0,1
12.0,6844.0,99.0,208.0,6.0,809.0,112.0,1
5.0,2722.0,217.0,85.0,1.0,30.0,228.0,1
12.0,7801.0,282.0,261.0,3.0,570.0,60.0,1
3.0,687.0,35.0,78.0,6.0,925.0,99.0,1
6.0,4991.0,16.0,174.0,1.0,505.0,115.0,1
17.0,7250.0,238.0,208.0,6.0,443.0,117.0,1
0.0,3903.0,12.0,85.0,1.0,965.0,113.0,1
0.0,4391.0,85.0,233.0,5.0,450.0,105.0,1
15.0,16.0,153.0,154.0,5.0,825.0,65.0,1
15.0,2990.0,258.0,264.0,4.0,390.0,75.0,1
15.0,1533.0,91.0,244.0,4.0,1160.0,75.0,1
7.0,765.0,79.0,153.0,6.0,493.0,114.0,1
0.0,4029.0,71.0,121.0,3.0,1230.0,73.0,1
5.0,1250.0,16.0,241.0,7.0,1145.0,110.0,1
12.0,4502.0,136.0,177.0,7.0,690.0,88.0,1
16.0,2922.0,135.0,119.0,4.0,1195.0,153.0,1
17.0,7307.0,54.0,134.0,5.0,876.0,91.0,1
15.0,1739.0,202.0,153.0,4.0,465.0,85.0,1
15.0,2826.0,129.0,198.0,6.0,615.0,60.0,1
14.0,1430.0,60.0,238.0,5.0,1194.0,101.0,1
0.0,4122.0,279.0,177.0,4.0,980.0,78.0,1
8.0,605.0,241.0,45.0,6.0,760.0,137.0,1
14.0,198.0,60.0,243.0,6.0,1095.0,319.0,1
16.0,2130.0,205.0,96.0,7.0,446.0,164.0,1
1.0,686.0,80.0,96.0,6.0,1135.0,195.0,1
0.0,3977.0,85.0,195.0,1.0,750.0,90.0,1
15.0,1945.0,79.0,198.0,1.0,620.0,155.0,1
15.0,2461.0,13.0,75.0,4.0,830.0,65.0,1
9.0,10.0,128.0,154.0,6.0,480.0,325.0,1
15.0,29.0,175.0,268.0,4.0,595.0,65.0,1
4.0,1576.0,258.0,135.0,4.0,375.0,228.0,1
6.0,5114.0,41.0,16.0,7.0,1091.0,99.0,1
13.0,433.0,134.0,18.0,4.0,506.0,229.0,1
12.0,6881.0,262.0,79.0,6.0,693.0,137.0,1
6.0,7309.0,190.0,16.0,5.0,555.0,73.0,1
13.0,558.0,79.0,277.0,5.0,759.0,203.0,1
6.0,5379.0,54.0,85.0,6.0,760.0,139.0,1
15.0,1629.0,202.0,44.0,6.0,680.0,65.0,1
5.0,1929.0,16.0,252.0,3.0,600.0,340.0,1
10.0,3353.0,80.0,13.0,4.0,1045.0,70.0,1
15.0,3067.0,175.0,172.0,3.0,1135.0,90.0,1
10.0,4187.0,84.0,208.0,4.0,390.0,85.0,1
16.0,3159.0,135.0,244.0,6.0,1188.0,54.0,1
4.0,379.0,135.0,244.0,3.0,805.0,58.0,1
15.0,426.0,154.0,79.0,6.0,825.0,135.0,1
15.0,2539.0,33.0,216.0,1.0,635.0,115.0,1
5.0,592.0,16.0,154.0,4.0,900.0,305.0,1
12.0,4846.0,136.0,177.0,7.0,1000.0,88.0,1
1.0,1794.0,100.0,80.0,7.0,405.0,195.0,1
2.0,890.0,203.0,243.0,6.0,860.0,312.0,1
15.0,771.0,45.0,153.0,3.0,790.0,330.0,1
10.0,3357.0,190.0,80.0,7.0,360.0,115.0,1
15.0,2453.0,207.0,217.0,1.0,800.0,65.0,1
5.0,1422.0,18.0,85.0,4.0,525.0,170.0,1
14.0,660.0,205.0,217.0,4.0,885.0,171.0,1
15.0,2119.0,264.0,262.0,4.0,885.0,90.0,1
11.0,6453.0,71.0,234.0,5.0,1135.0,91.0,1
5.0,2248.0,85.0,159.0,5.0,925.0,112.0,1
15.0,3157.0,175.0,243.0,1.0,705.0,275.0,1
5.0,1096.0,241.0,16.0,4.0,1141.0,110.0,1
12.0,4615.0,197.0,28.0,4.0,700.0,130.0,1
14.0,1825.0,35.0,216.0,5.0,1110.0,106.0,1
10.0,4018.0,208.0,238.0,5.0,550.0,100.0,1
5.0,2232.0,208.0,197.0,3.0,475.0,94.0,1
6.0,4973.0,101.0,16.0,1.0,510.0,97.0,1
5.0,1237.0,234.0,16.0,4.0,890.0,110.0,1
12.0,3049.0,184.0,221.0,3.0,695.0,85.0,1
16.0,2641.0,172.0,135.0,5.0,695.0,118.0,1
5.0,2805.0,154.0,198.0,5.0,718.0,222.0,1
15.0,2811.0,261.0,252.0,6.0,510.0,140.0,1
5.0,1866.0,16.0,132.0,5.0,1210.0,50.0,1
8.0,20.0,16.0,175.0,4.0,945.0,115.0,1
5.0,1050.0,177.0,16.0,3.0,855.0,85.0,1
6.0,5421.0,16.0,115.0,3.0,655.0,77.0,1
11.0,6698.0,208.0,197.0,6.0,732.0,93.0,1
6.0,7324.0,16.0,278.0,3.0,900.0,64.0,1
10.0,3794.0,208.0,91.0,6.0,675.0,200.0,1
8.0,801.0,45.0,35.0,1.0,870.0,80.0,1
8.0,473.0,45.0,16.0,1.0,450.0,120.0,1
17.0,2817.0,154.0,153.0,7.0,1195.0,64.0,1
6.0,5075.0,16.0,135.0,1.0,548.0,142.0,1
1.0,578.0,80.0,244.0,6.0,895.0,65.0,1
3.0,1004.0,148.0,35.0,7.0,567.0,70.0,1
1.0,1065.0,205.0,80.0,7.0,1095.0,115.0,1
0.0,3760.0,16.0,130.0,6.0,1060.0,143.0,1
1.0,335.0,159.0,208.0,1.0,900.0,170.0,1
14.0,2170.0,78.0,159.0,5.0,720.0,70.0,1
12.0,6957.0,170.0,79.0,4.0,530.0,118.0,1
11.0,6259.0,159.0,233.0,6.0,735.0,117.0,1
10.0,4537.0,233.0,148.0,6.0,1030.0,105.0,1
6.0,5409.0,16.0,256.0,3.0,1152.0,123.0,1
15.0,1838.0,262.0,214.0,5.0,475.0,100.0,1
13.0,461.0,134.0,153.0,4.0,1020.0,325.0,1
0.0,4206.0,136.0,16.0,3.0,1035.0,135.0,1
15.0,1441.0,202.0,214.0,6.0,545.0,105.0,1
15.0,595.0,258.0,236.0,4.0,520.0,55.0,1
1.0,1616.0,261.0,80.0,4.0,755.0,155.0,1
5.0,1702.0,153.0,16.0,6.0,415.0,225.0,1
14.0,1645.0,78.0,277.0,5.0,1170.0,144.0,1
15.0,1979.0,243.0,258.0,4.0,530.0,80.0,1
15.0,1504.0,243.0,258.0,6.0,490.0,85.0,1
15.0,811.0,252.0,172.0,1.0,630.0,205.0,1
16.0,2980.0,135.0,285.0,4.0,810.0,118.0,1
5.0,2720.0,208.0,85.0,1.0,981.0,83.0,1
11.0,6273.0,78.0,61.0,5.0,1250.0,89.0,1
1.0,2160.0,183.0,16.0,7.0,1295.0,120.0,1
15.0,3655.0,22.0,277.0,7.0,860.0,195.0,1
10.0,4126.0,208.0,278.0,7.0,1225.0,115.0,1
15.0,758.0,75.0,162.0,3.0,380.0,60.0,1
10.0,2932.0,41.0,80.0,3.0,1060.0,90.0,1
12.0,6564.0,65.0,79.0,5.0,389.0,49.0,1
6.0,5283.0,275.0,16.0,4.0,755.0,74.0,1
16.0,5929.0,208.0,136.0,4.0,740.0,114.0,1
2.0,502.0,252.0,264.0,6.0,390.0,161.0,1
5.0,1234.0,261.0,264.0,3.0,520.0,122.0,1
13.0,357.0,45.0,208.0,6.0,904.0,130.0,1
15.0,1414.0,217.0,153.0,3.0,870.0,65.0,1
10.0,3607.0,183.0,16.0,3.0,445.0,120.0,1
15.0,2063.0,79.0,268.0,7.0,555.0,120.0,1
15.0,793.0,175.0,146.0,7.0,660.0,120.0,1
11.0,6556.0,198.0,71.0,3.0,1010.0,124.0,1
11.0,6549.0,178.0,177.0,3.0,345.0,118.0,1
15.0,414.0,45.0,268.0,1.0,805.0,145.0,1
14.0,2169.0,159.0,78.0,7.0,600.0,77.0,1
0.0,3674.0,177.0,187.0,4.0,1160.0,90.0,1
13.0,853.0,243.0,253.0,6.0,709.0,100.0,1
1.0,2202.0,183.0,80.0,4.0,1235.0,190.0,1
3.0,1010.0,148.0,35.0,4.0,839.0,78.0,1
0.0,4084.0,85.0,142.0,4.0,1315.0,87.0,1
14.0,2042.0,78.0,35.0,3.0,1050.0,92.0,1
16.0,5916.0,208.0,48.0,4.0,1280.0,70.0,1
6.0,4948.0,16.0,58.0,5.0,1055.0,111.0,1
13.0,245.0,79.0,258.0,5.0,728.0,166.0,1
15.0,644.0,44.0,258.0,4.0,990.0,65.0,1
11.0,6541.0,197.0,111.0,4.0,1050.0,195.0,1
12.0,4522.0,261.0,29.0,5.0,1035.0,124.0,1
13.0,464.0,214.0,208.0,1.0,802.0,238.0,1
14.0,1811.0,216.0,198.0,6.0,700.0,195.0,1
1.0,1383.0,80.0,280.0,4.0,730.0,145.0,1
3.0,24.0,277.0,148.0,5.0,691.0,153.0,1
12.0,6275.0,252.0,111.0,3.0,800.0,58.0,1
5.0,1158.0,221.0,16.0,7.0,650.0,113.0,1
5.0,2231.0,159.0,85.0,4.0,985.0,123.0,1
15.0,215.0,217.0,44.0,7.0,815.0,85.0,1
10.0,2741.0,80.0,158.0,6.0,910.0,75.0,1
7.0,572.0,261.0,79.0,7.0,470.0,82.0,1
15.0,1465.0,104.0,18.0,6.0,845.0,195.0,1
6.0,7369.0,256.0,177.0,1.0,695.0,68.0,1
15.0,1192.0,43.0,45.0,6.0,465.0,75.0,1
6.0,5315.0,47.0,16.0,5.0,1075.0,78.0,1
7.0,572.0,261.0,79.0,4.0,470.0,82.0,1
10.0,3667.0,183.0,285.0,7.0,695.0,130.0,1
1.0,1461.0,173.0,80.0,6.0,415.0,185.0,1
6.0,5207.0,52.0,16.0,1.0,400.0,52.0,1
5.0,1292.0,243.0,16.0,4.0,663.0,247.0,1
12.0,7023.0,208.0,61.0,7.0,667.0,67.0,1
15.0,1109.0,173.0,153.0,1.0,815.0,325.0,1
15.0,1587.0,175.0,217.0,7.0,1030.0,240.0,1
5.0,2739.0,78.0,16.0,3.0,479.0,127.0,1
10.0,4490.0,35.0,159.0,4.0,1145.0,85.0,1
3.0,661.0,273.0,173.0,7.0,420.0,178.0,1
5.0,1819.0,85.0,154.0,7.0,1195.0,314.0,1
15.0,545.0,207.0,262.0,4.0,515.0,80.0,1
9.0,2.0,128.0,154.0,7.0,905.0,325.0,1
15.0,1047.0,209.0,175.0,7.0,990.0,135.0,1
1.0,1875.0,80.0,217.0,3.0,1150.0,160.0,1
1.0,1382.0,183.0,96.0,5.0,1255.0,170.0,1
8.0,1016.0,35.0,173.0,4.0,698.0,192.0,1
7.0,225.0,175.0,79.0,3.0,360.0,157.0,1
5.0,2154.0,154.0,16.0,4.0,375.0,252.0,1
0.0,3929.0,197.0,99.0,7.0,560.0,74.0,1
15.0,1170.0,202.0,217.0,1.0,400.0,115.0,1
0.0,3982.0,94.0,85.0,1.0,420.0,95.0,1
4.0,15.0,96.0,128.0,1.0,710.0,655.0,1
13.0,958.0,252.0,208.0,5.0,500.0,241.0,1
12.0,6437.0,163.0,214.0,1.0,548.0,82.0,1
15.0,2038.0,91.0,75.0,1.0,405.0,95.0,1
1.0,460.0,80.0,61.0,3.0,565.0,135.0,1
1.0,1290.0,270.0,183.0,1.0,1050.0,185.0,1
13.0,663.0,78.0,79.0,4.0,1044.0,246.0,1
5.0,2776.0,177.0,198.0,7.0,1180.0,77.0,1
4.0,1770.0,173.0,58.0,4.0,755.0,141.0,1
12.0,6268.0,280.0,253.0,5.0,702.0,138.0,1
5.0,2506.0,197.0,177.0,4.0,980.0,120.0,1
6.0,5573.0,16.0,290.0,7.0,905.0,122.0,1
13.0,199.0,173.0,208.0,7.0,866.0,173.0,1
0.0,4307.0,85.0,71.0,7.0,635.0,76.0,1
16.0,5933.0,208.0,162.0,5.0,499.0,107.0,1
5.0,1453.0,197.0,252.0,4.0,585.0,223.0,1
6.0,5521.0,285.0,16.0,4.0,697.0,63.0,1
15.0,1166.0,22.0,45.0,1.0,955.0,75.0,1
13.0,866.0,153.0,208.0,3.0,981.0,218.0,1
5.0,349.0,16.0,275.0,7.0,1149.0,64.0,1
14.0,1569.0,216.0,45.0,1.0,1085.0,59.0,1
14.0,963.0,139.0,60.0,4.0,420.0,102.0,1
14.0,654.0,217.0,264.0,5.0,685.0,86.0,1
14.0,152.0,217.0,268.0,4.0,1185.0,171.0,1
1.0,606.0,80.0,260.0,6.0,965.0,265.0,1
15.0,704.0,236.0,34.0,1.0,500.0,65.0,1
14.0,1210.0,80.0,216.0,3.0,390.0,185.0,1
5.0,577.0,148.0,260.0,6.0,495.0,244.0,1
4.0,1728.0,135.0,280.0,7.0,1095.0,165.0,1
15.0,2198.0,58.0,45.0,7.0,720.0,75.0,1
2.0,2.0,252.0,78.0,4.0,855.0,284.0,1
5.0,2376.0,264.0,197.0,7.0,470.0,220.0,1
13.0,558.0,79.0,277.0,4.0,759.0,203.0,1
10.0,2704.0,80.0,195.0,5.0,700.0,130.0,1
6.0,5366.0,254.0,16.0,5.0,360.0,119.0,1
5.0,2096.0,197.0,159.0,5.0,600.0,166.0,1
2.0,67.0,151.0,257.0,3.0,1022.0,55.0,1
3.0,231.0,261.0,160.0,1.0,420.0,117.0,1
15.0,1317.0,175.0,173.0,6.0,600.0,160.0,1
6.0,5374.0,16.0,87.0,5.0,510.0,78.0,1
12.0,6653.0,253.0,191.0,1.0,874.0,40.0,1
1.0,1552.0,173.0,183.0,4.0,510.0,60.0,1
4.0,1496.0,153.0,135.0,3.0,60.0,162.0,1
10.0,2768.0,121.0,80.0,1.0,1025.0,170.0,1
17.0,2642.0,177.0,60.0,3.0,865.0,101.0,1
0.0,4114.0,85.0,229.0,7.0,840.0,118.0,1
8.0,233.0,16.0,234.0,4.0,835.0,87.0,1
12.0,4678.0,44.0,261.0,7.0,790.0,110.0,1
6.0,5193.0,16.0,74.0,4.0,960.0,83.0,1
13.0,18.0,154.0,79.0,6.0,360.0,146.0,1
15.0,2056.0,264.0,253.0,6.0,1125.0,85.0,1
12.0,6344.0,24.0,154.0,7.0,1201.0,47.0,1
1.0,1072.0,91.0,80.0,4.0,990.0,105.0,1
5.0,1174.0,16.0,43.0,6.0,645.0,132.0,1
10.0,4506.0,35.0,159.0,4.0,1055.0,84.0,1
3.0,233.0,261.0,160.0,5.0,690.0,109.0,1
16.0,3082.0,251.0,96.0,5.0,1085.0,122.0,1
17.0,2791.0,153.0,100.0,7.0,1295.0,63.0,1
15.0,2961.0,173.0,79.0,4.0,1030.0,255.0,1
15.0,759.0,217.0,2.0,7.0,675.0,65.0,1
12.0,6829.0,253.0,232.0,7.0,562.0,94.0,1
16.0,2162.0,135.0,279.0,5.0,970.0,84.0,1
15.0,498.0,207.0,153.0,1.0,1090.0,60.0,1
5.0,2356.0,233.0,85.0,1.0,355.0,125.0,1
12.0,6564.0,65.0,79.0,4.0,389.0,49.0,1
13.0,344.0,214.0,253.0,1.0,455.0,118.0,1
1.0,1285.0,134.0,80.0,1.0,690.0,205.0,1
5.0,2652.0,277.0,159.0,6.0,933.0,157.0,1
1.0,1551.0,159.0,33.0,3.0,1135.0,155.0,1
6.0,5590.0,290.0,177.0,1.0,390.0,66.0,1
16.0,2652.0,157.0,135.0,4.0,360.0,159.0,1
13.0,200.0,208.0,35.0,5.0,1265.0,138.0,1
15.0,689.0,216.0,173.0,3.0,1110.0,165.0,1
13.0,988.0,84.0,79.0,1.0,379.0,127.0,1
15.0,782.0,154.0,175.0,5.0,445.0,240.0,1
15.0,3503.0,175.0,79.0,4.0,900.0,165.0,1
10.0,3959.0,162.0,208.0,5.0,635.0,110.0,1
13.0,673.0,159.0,208.0,6.0,600.0,160.0,1
15.0,549.0,79.0,217.0,7.0,1300.0,120.0,1
15.0,1115.0,45.0,175.0,5.0,465.0,130.0,1
5.0,1081.0,16.0,213.0,4.0,1172.0,110.0,1
1.0,1069.0,233.0,80.0,4.0,1120.0,190.0,1
1.0,593.0,208.0,217.0,4.0,965.0,235.0,1
1.0,1007.0,183.0,217.0,7.0,1015.0,320.0,1
5.0,1112.0,221.0,16.0,4.0,345.0,131.0,1
16.0,3082.0,251.0,96.0,7.0,1090.0,122.0,1
2.0,374.0,252.0,262.0,4.0,905.0,105.0,1
5.0,2690.0,197.0,60.0,4.0,1145.0,143.0,1
5.0,1655.0,16.0,154.0,6.0,575.0,305.0,1
17.0,7211.0,134.0,228.0,3.0,1036.0,79.0,1
15.0,657.0,214.0,236.0,7.0,1075.0,75.0,1
2.0,871.0,128.0,14.0,7.0,1325.0,356.0,1
13.0,306.0,154.0,45.0,5.0,650.0,303.0,1
14.0,1120.0,173.0,60.0,5.0,623.0,96.0,1
1.0,682.0,183.0,148.0,6.0,895.0,185.0,1
8.0,683.0,16.0,136.0,3.0,625.0,148.0,1
3.0,1218.0,43.0,35.0,7.0,1102.0,83.0,1
14.0,1291.0,35.0,60.0,5.0,775.0,147.0,1
12.0,7776.0,235.0,261.0,3.0,913.0,67.0,1
12.0,6841.0,208.0,82.0,5.0,1318.0,87.0,1
15.0,9.0,268.0,45.0,4.0,835.0,115.0,1
14.0,2181.0,159.0,78.0,7.0,960.0,76.0,1
12.0,6679.0,253.0,55.0,7.0,1296.0,52.0,1
5.0,2080.0,252.0,85.0,4.0,565.0,260.0,1
5.0,1514.0,16.0,106.0,4.0,965.0,115.0,1
5.0,1399.0,35.0,159.0,7.0,1170.0,73.0,1
5.0,1669.0,16.0,173.0,7.0,1140.0,95.0,1
15.0,1746.0,45.0,58.0,7.0,500.0,75.0,1
3.0,283.0,153.0,160.0,3.0,906.0,66.0,1
15.0,1931.0,75.0,244.0,4.0,1145.0,60.0,1
4.0,269.0,253.0,135.0,1.0,15.0,205.0,1
6.0,5289.0,16.0,146.0,7.0,885.0,85.0,1
12.0,6480.0,292.0,154.0,6.0,455.0,80.0,1
15.0,742.0,243.0,217.0,3.0,835.0,70.0,1
15.0,130.0,154.0,202.0,7.0,790.0,75.0,1
10.0,3220.0,223.0,80.0,4.0,840.0,125.0,1
5.0,2181.0,16.0,198.0,4.0,1045.0,100.0,1
1.0,812.0,252.0,80.0,4.0,435.0,235.0,1
1.0,312.0,217.0,80.0,7.0,640.0,135.0,1
8.0,128.0,277.0,16.0,1.0,754.0,95.0,1
7.0,532.0,175.0,79.0,7.0,1130.0,157.0,1
1.0,865.0,18.0,80.0,6.0,655.0,65.0,1
1.0,1210.0,208.0,35.0,3.0,725.0,125.0,1
8.0,103.0,16.0,80.0,1.0,535.0,142.0,1
9.0,342.0,128.0,143.0,5.0,498.0,50.0,1
5.0,2801.0,45.0,197.0,1.0,865.0,166.0,1
3.0,282.0,160.0,153.0,7.0,794.0,67.0,1
10.0,4412.0,159.0,85.0,1.0,745.0,125.0,1
12.0,7813.0,232.0,261.0,6.0,420.0,95.0,1
10.0,2983.0,70.0,80.0,7.0,970.0,155.0,1
5.0,1493.0,96.0,85.0,3.0,562.0,121.0,1
3.0,148.0,213.0,148.0,7.0,1205.0,152.0,1
15.0,49.0,129.0,173.0,5.0,1205.0,125.0,1
16.0,2528.0,182.0,58.0,6.0,365.0,117.0,1
14.0,1538.0,60.0,35.0,5.0,1335.0,120.0,1
6.0,5296.0,251.0,16.0,1.0,909.0,91.0,1
2.0,87.0,252.0,14.0,4.0,600.0,218.0,1
16.0,5973.0,152.0,208.0,5.0,340.0,71.0,1
15.0,2588.0,277.0,104.0,6.0,525.0,60.0,1
6.0,4942.0,147.0,78.0,5.0,360.0,112.0,1
5.0,2553.0,85.0,198.0,5.0,525.0,170.0,1
13.0,954.0,16.0,134.0,7.0,586.0,115.0,1
12.0,6288.0,194.0,154.0,3.0,806.0,68.0,1
8.0,400.0,16.0,139.0,4.0,1335.0,102.0,1
13.0,864.0,154.0,153.0,5.0,1358.0,81.0,1
2.0,602.0,252.0,153.0,3.0,460.0,142.0,1
5.0,1401.0,35.0,16.0,6.0,360.0,190.0,1
5.0,1334.0,16.0,234.0,5.0,452.0,94.0,1
13.0,725.0,208.0,217.0,4.0,540.0,237.0,1
12.0,4692.0,261.0,204.0,7.0,590.0,135.0,1
17.0,1015.0,128.0,203.0,3.0,835.0,35.0,1
14.0,2028.0,78.0,35.0,6.0,630.0,79.0,1
6.0,5193.0,221.0,71.0,7.0,700.0,71.0,1
11.0,6515.0,147.0,159.0,3.0,995.0,147.0,1
11.0,6438.0,71.0,45.0,1.0,555.0,91.0,1
12.0,6239.0,208.0,117.0,7.0,1021.0,52.0,1
0.0,3703.0,197.0,107.0,4.0,925.0,62.0,1
15.0,789.0,184.0,153.0,6.0,895.0,245.0,1
5.0,2611.0,16.0,80.0,4.0,505.0,160.0,1
3.0,107.0,43.0,148.0,4.0,350.0,83.0,1
5.0,1051.0,16.0,85.0,4.0,825.0,120.0,1
16.0,2227.0,268.0,135.0,5.0,870.0,118.0,1
4.0,1174.0,208.0,96.0,4.0,1100.0,132.0,1
8.0,982.0,16.0,221.0,7.0,530.0,95.0,1
4.0,1807.0,277.0,135.0,4.0,1126.0,144.0,1
12.0,6443.0,208.0,204.0,3.0,496.0,130.0,1
10.0,3668.0,285.0,183.0,1.0,875.0,125.0,1
12.0,7761.0,261.0,89.0,5.0,1005.0,69.0,1
13.0,97.0,253.0,135.0,3.0,647.0,239.0,1
6.0,5612.0,176.0,16.0,1.0,370.0,68.0,1
12.0,6409.0,154.0,248.0,3.0,1185.0,54.0,1
15.0,3833.0,75.0,279.0,7.0,965.0,55.0,1
1.0,1155.0,35.0,80.0,1.0,695.0,265.0,1
16.0,2191.0,96.0,182.0,6.0,1290.0,62.0,1
8.0,308.0,79.0,16.0,5.0,1005.0,170.0,1
15.0,1149.0,217.0,197.0,5.0,680.0,190.0,1
16.0,2304.0,135.0,116.0,6.0,770.0,66.0,1
15.0,1326.0,175.0,154.0,1.0,530.0,275.0,1
0.0,3830.0,16.0,238.0,3.0,585.0,126.0,1
10.0,3618.0,275.0,183.0,1.0,1100.0,80.0,1
5.0,2373.0,16.0,183.0,5.0,595.0,120.0,1
15.0,2274.0,154.0,262.0,6.0,990.0,80.0,1
13.0,118.0,154.0,253.0,7.0,920.0,83.0,1
16.0,2570.0,135.0,41.0,7.0,1175.0,61.0,1
4.0,1046.0,135.0,208.0,5.0,1045.0,153.0,1
1.0,1277.0,45.0,80.0,4.0,775.0,220.0,1
17.0,7307.0,54.0,134.0,1.0,876.0,91.0,1
5.0,1396.0,159.0,35.0,4.0,1170.0,76.0,1
14.0,1040.0,60.0,269.0,7.0,705.0,211.0,1
5.0,1248.0,135.0,16.0,1.0,350.0,130.0,1
12.0,7048.0,136.0,79.0,5.0,782.0,90.0,1
14.0,198.0,60.0,243.0,1.0,1095.0,319.0,1
15.0,1174.0,129.0,33.0,7.0,870.0,105.0,1
17.0,2667.0,60.0,244.0,3.0,595.0,201.0,1
14.0,873.0,221.0,60.0,3.0,630.0,92.0,1
7.0,857.0,79.0,217.0,7.0,790.0,108.0,1
5.0,320.0,262.0,16.0,3.0,702.0,265.0,1
0.0,4173.0,85.0,281.0,6.0,1165.0,76.0,1
16.0,2697.0,135.0,178.0,6.0,690.0,68.0,1
6.0,5189.0,16.0,275.0,7.0,600.0,74.0,1
5.0,1164.0,172.0,16.0,3.0,995.0,122.0,1
4.0,294.0,154.0,135.0,1.0,490.0,189.0,1
12.0,6982.0,67.0,79.0,3.0,579.0,59.0,1
15.0,3949.0,33.0,61.0,3.0,700.0,70.0,1
15.0,1127.0,75.0,268.0,1.0,465.0,100.0,1
16.0,2325.0,96.0,120.0,7.0,990.0,104.0,1
15.0,2927.0,277.0,61.0,3.0,580.0,135.0,1
16.0,2518.0,96.0,205.0,5.0,809.0,195.0,1
15.0,62.0,153.0,202.0,7.0,1135.0,90.0,1
5.0,2420.0,198.0,16.0,3.0,450.0,98.0,1
13.0,333.0,221.0,208.0,3.0,447.0,102.0,1
10.0,4535.0,61.0,159.0,7.0,475.0,105.0,1
0.0,3932.0,71.0,247.0,6.0,560.0,56.0,1
0.0,3917.0,42.0,148.0,3.0,976.0,103.0,1
8.0,1090.0,173.0,139.0,5.0,1243.0,140.0,1
15.0,3101.0,154.0,258.0,4.0,845.0,65.0,1
12.0,6592.0,18.0,208.0,6.0,825.0,155.0,1
5.0,2405.0,85.0,184.0,7.0,515.0,75.0,1
15.0,1599.0,27.0,129.0,5.0,1010.0,115.0,1
4.0,110.0,58.0,96.0,3.0,1015.0,103.0,1
15.0,3341.0,175.0,197.0,5.0,995.0,85.0,1
6.0,5109.0,41.0,16.0,6.0,490.0,98.0,1
15.0,2592.0,175.0,216.0,6.0,450.0,125.0,1
6.0,5315.0,47.0,16.0,3.0,1075.0,78.0,1
1.0,2473.0,183.0,80.0,6.0,920.0,200.0,1
15.0,16.0,75.0,13.0,5.0,680.0,70.0,1
16.0,2248.0,177.0,96.0,5.0,1120.0,153.0,1
1.0,438.0,277.0,183.0,6.0,1190.0,65.0,1
10.0,3002.0,243.0,154.0,3.0,1095.0,45.0,1
5.0,1060.0,173.0,154.0,7.0,430.0,340.0,1
8.0,428.0,16.0,223.0,4.0,610.0,79.0,1
5.0,2956.0,243.0,148.0,7.0,390.0,325.0,1
1.0,1462.0,208.0,96.0,6.0,530.0,125.0,1
14.0,706.0,208.0,216.0,4.0,840.0,122.0,1
11.0,6280.0,94.0,71.0,3.0,510.0,54.0,1
7.0,626.0,85.0,79.0,6.0,974.0,191.0,1
15.0,961.0,217.0,207.0,3.0,590.0,75.0,1
1.0,557.0,183.0,208.0,6.0,660.0,190.0,1
1.0,821.0,148.0,104.0,5.0,935.0,205.0,1
7.0,575.0,79.0,261.0,5.0,900.0,83.0,1
5.0,2709.0,71.0,104.0,3.0,555.0,149.0,1
15.0,4.0,91.0,217.0,1.0,575.0,80.0,1
15.0,1398.0,33.0,58.0,5.0,700.0,85.0,1
1.0,1588.0,80.0,198.0,1.0,1015.0,80.0,1
5.0,1406.0,154.0,85.0,3.0,1379.0,261.0,1
5.0,1549.0,16.0,253.0,7.0,668.0,330.0,1
1.0,2583.0,80.0,79.0,4.0,930.0,125.0,1
5.0,1818.0,173.0,16.0,4.0,570.0,93.0,1
14.0,1712.0,16.0,60.0,4.0,645.0,76.0,1
4.0,119.0,277.0,96.0,3.0,959.0,164.0,1
1.0,1607.0,279.0,80.0,6.0,770.0,70.0,1
5.0,1860.0,183.0,16.0,6.0,1050.0,129.0,1
16.0,5905.0,208.0,195.0,3.0,484.0,48.0,1
15.0,3147.0,217.0,154.0,4.0,530.0,85.0,1
1.0,1951.0,27.0,80.0,3.0,1045.0,130.0,1
14.0,373.0,148.0,60.0,6.0,1109.0,131.0,1
8.0,876.0,197.0,16.0,6.0,964.0,148.0,1
11.0,6320.0,16.0,120.0,5.0,1135.0,86.0,1
13.0,89.0,228.0,208.0,6.0,390.0,165.0,1
0.0,4119.0,78.0,139.0,3.0,1260.0,123.0,1
1.0,874.0,154.0,208.0,7.0,725.0,245.0,1
5.0,2690.0,197.0,60.0,6.0,1145.0,143.0,1
8.0,1270.0,76.0,173.0,3.0,390.0,146.0,1
4.0,394.0,154.0,135.0,6.0,700.0,189.0,1
11.0,6489.0,80.0,71.0,4.0,688.0,127.0,1
5.0,2196.0,197.0,159.0,4.0,920.0,165.0,1
5.0,1559.0,154.0,128.0,4.0,885.0,366.0,1
8.0,790.0,268.0,16.0,5.0,608.0,94.0,1
11.0,6604.0,172.0,71.0,4.0,690.0,112.0,1
12.0,6880.0,79.0,261.0,3.0,500.0,101.0,1
16.0,5959.0,285.0,208.0,4.0,703.0,102.0,1
5.0,2614.0,252.0,197.0,3.0,900.0,195.0,1
13.0,621.0,78.0,208.0,1.0,877.0,128.0,1
15.0,1649.0,175.0,172.0,6.0,465.0,90.0,1
8.0,70.0,104.0,16.0,4.0,1181.0,114.0,1
4.0,1647.0,208.0,135.0,7.0,1155.0,162.0,1
16.0,2163.0,279.0,135.0,5.0,1080.0,94.0,1
14.0,17.0,148.0,217.0,7.0,990.0,340.0,1
15.0,833.0,154.0,175.0,4.0,1140.0,230.0,1
10.0,3203.0,80.0,13.0,1.0,390.0,75.0,1
12.0,7775.0,261.0,255.0,6.0,1290.0,79.0,1
8.0,485.0,45.0,173.0,3.0,878.0,142.0,1
6.0,5615.0,177.0,190.0,4.0,1175.0,74.0,1
0.0,3660.0,80.0,177.0,1.0,695.0,95.0,1
14.0,987.0,216.0,173.0,5.0,480.0,163.0,1
5.0,1383.0,35.0,159.0,7.0,690.0,73.0,1
15.0,2568.0,214.0,202.0,6.0,505.0,105.0,1
4.0,1572.0,18.0,135.0,7.0,667.0,54.0,1
14.0,277.0,217.0,135.0,5.0,1190.0,155.0,1
5.0,2407.0,197.0,208.0,3.0,780.0,81.0,1
13.0,532.0,79.0,208.0,5.0,360.0,141.0,1
10.0,2912.0,118.0,80.0,1.0,580.0,50.0,1
1.0,499.0,22.0,80.0,4.0,795.0,250.0,1
4.0,476.0,260.0,96.0,7.0,800.0,250.0,1
13.0,948.0,154.0,79.0,7.0,972.0,142.0,1
15.0,1752.0,243.0,91.0,7.0,640.0,105.0,1
15.0,2978.0,134.0,175.0,5.0,545.0,125.0,1
15.0,2038.0,75.0,268.0,5.0,585.0,95.0,1
15.0,313.0,173.0,45.0,4.0,830.0,125.0,1
12.0,6893.0,6.0,253.0,5.0,360.0,82.0,1
13.0,805.0,79.0,253.0,7.0,983.0,165.0,1
2.0,138.0,14.0,208.0,7.0,1405.0,345.0,1
10.0,4122.0,278.0,208.0,6.0,985.0,120.0,1
13.0,415.0,79.0,253.0,7.0,606.0,174.0,1
8.0,278.0,16.0,35.0,4.0,984.0,146.0,1
5.0,95.0,148.0,261.0,6.0,960.0,330.0,1
3.0,985.0,148.0,104.0,5.0,1090.0,193.0,1
17.0,7277.0,16.0,134.0,4.0,835.0,110.0,1
11.0,6770.0,139.0,78.0,3.0,370.0,100.0,1
12.0,6636.0,79.0,58.0,1.0,1050.0,165.0,1
15.0,3833.0,279.0,217.0,5.0,1045.0,165.0,1
10.0,3903.0,69.0,208.0,1.0,1075.0,120.0,1
12.0,6289.0,227.0,153.0,1.0,944.0,60.0,1
1.0,524.0,244.0,80.0,5.0,745.0,70.0,1
5.0,2417.0,85.0,153.0,7.0,950.0,278.0,1
1.0,2036.0,65.0,80.0,7.0,790.0,110.0,1
15.0,1149.0,217.0,197.0,7.0,680.0,190.0,1
3.0,521.0,96.0,173.0,7.0,420.0,170.0,1
15.0,1192.0,45.0,251.0,6.0,575.0,115.0,1
15.0,28.0,45.0,87.0,1.0,510.0,145.0,1
7.0,427.0,16.0,79.0,5.0,1135.0,210.0,1
15.0,2314.0,202.0,243.0,6.0,785.0,80.0,1
12.0,7036.0,253.0,207.0,7.0,1265.0,76.0,1
10.0,3308.0,71.0,80.0,5.0,605.0,165.0,1
3.0,337.0,134.0,173.0,5.0,1250.0,133.0,1
10.0,3348.0,80.0,254.0,6.0,1205.0,75.0,1
1.0,1895.0,159.0,183.0,1.0,360.0,190.0,1
5.0,2013.0,148.0,71.0,5.0,1060.0,149.0,1
0.0,4169.0,42.0,85.0,4.0,970.0,127.0,1
10.0,2898.0,80.0,1.0,1.0,580.0,50.0,1
0.0,4148.0,33.0,71.0,1.0,495.0,73.0,1
14.0,1947.0,78.0,104.0,3.0,1160.0,155.0,1
0.0,3751.0,85.0,94.0,5.0,545.0,98.0,1
10.0,3906.0,208.0,273.0,5.0,1125.0,115.0,1
6.0,7372.0,116.0,177.0,6.0,385.0,83.0,1
1.0,1306.0,243.0,80.0,5.0,960.0,170.0,1
16.0,5987.0,20.0,208.0,3.0,1059.0,144.0,1
10.0,4377.0,35.0,148.0,7.0,545.0,80.0,1
16.0,2307.0,96.0,268.0,4.0,1255.0,179.0,1
5.0,1760.0,16.0,175.0,5.0,580.0,120.0,1
10.0,3562.0,58.0,80.0,7.0,1100.0,185.0,1
4.0,1181.0,96.0,208.0,4.0,870.0,157.0,1
3.0,463.0,35.0,241.0,3.0,990.0,216.0,1
13.0,60.0,150.0,154.0,4.0,806.0,324.0,1
5.0,2217.0,85.0,153.0,3.0,515.0,285.0,1
5.0,108.0,173.0,16.0,5.0,930.0,93.0,1
5.0,1569.0,16.0,173.0,1.0,905.0,90.0,1
5.0,2772.0,197.0,230.0,3.0,1325.0,99.0,1
16.0,2298.0,139.0,96.0,3.0,1155.0,118.0,1
16.0,2321.0,71.0,135.0,6.0,720.0,157.0,1
15.0,2879.0,153.0,111.0,1.0,770.0,150.0,1
14.0,365.0,217.0,262.0,1.0,650.0,123.0,1
6.0,4973.0,101.0,16.0,4.0,510.0,97.0,1
14.0,989.0,60.0,104.0,6.0,480.0,121.0,1
5.0,2882.0,177.0,78.0,5.0,1145.0,121.0,1
10.0,3928.0,273.0,208.0,4.0,430.0,145.0,1
9.0,48.0,128.0,202.0,1.0,875.0,310.0,1
10.0,2743.0,101.0,80.0,7.0,370.0,195.0,1
1.0,802.0,264.0,80.0,6.0,580.0,170.0,1
12.0,6444.0,263.0,154.0,4.0,873.0,57.0,1
15.0,519.0,241.0,173.0,5.0,770.0,50.0,1
5.0,2402.0,183.0,85.0,3.0,1060.0,187.0,1
5.0,2731.0,234.0,16.0,7.0,645.0,108.0,1
12.0,6321.0,154.0,243.0,4.0,452.0,46.0,1
16.0,2202.0,60.0,96.0,5.0,650.0,105.0,1
16.0,2580.0,184.0,96.0,1.0,580.0,127.0,1
15.0,2710.0,233.0,268.0,5.0,1060.0,140.0,1
15.0,3024.0,45.0,173.0,6.0,990.0,145.0,1
12.0,4749.0,261.0,207.0,3.0,913.0,98.0,1
13.0,258.0,79.0,208.0,3.0,1302.0,136.0,1
12.0,4497.0,18.0,261.0,4.0,850.0,169.0,1
1.0,1803.0,80.0,153.0,6.0,1015.0,175.0,1
15.0,704.0,34.0,261.0,5.0,645.0,60.0,1
6.0,4943.0,16.0,275.0,7.0,515.0,76.0,1
1.0,1646.0,80.0,183.0,6.0,650.0,155.0,1
17.0,2934.0,24.0,217.0,5.0,380.0,92.0,1
13.0,875.0,79.0,252.0,4.0,510.0,183.0,1
14.0,1800.0,213.0,60.0,7.0,390.0,112.0,1
12.0,6621.0,111.0,79.0,1.0,691.0,134.0,1
3.0,510.0,104.0,96.0,6.0,1290.0,163.0,1
9.0,17.0,153.0,128.0,5.0,100.0,380.0,1
13.0,95.0,96.0,253.0,1.0,1100.0,387.0,1
1.0,1538.0,44.0,80.0,1.0,810.0,180.0,1
10.0,4246.0,139.0,208.0,5.0,1055.0,75.0,1
10.0,3534.0,162.0,80.0,5.0,390.0,80.0,1
14.0,1822.0,16.0,60.0,6.0,550.0,91.0,1
15.0,2097.0,172.0,268.0,5.0,1080.0,55.0,1
10.0,3267.0,80.0,162.0,3.0,990.0,70.0,1
10.0,3934.0,208.0,107.0,3.0,1240.0,100.0,1
6.0,5100.0,16.0,157.0,5.0,976.0,72.0,1
5.0,2816.0,153.0,85.0,4.0,360.0,233.0,1
13.0,640.0,208.0,216.0,5.0,1260.0,119.0,1
15.0,1847.0,175.0,33.0,1.0,480.0,85.0,1
14.0,45.0,217.0,150.0,6.0,690.0,399.0,1
2.0,620.0,214.0,153.0,4.0,1055.0,128.0,1
11.0,6453.0,71.0,234.0,3.0,1135.0,91.0,1
6.0,7083.0,208.0,71.0,1.0,975.0,69.0,1
5.0,1775.0,159.0,177.0,6.0,975.0,190.0,1
3.0,602.0,148.0,229.0,1.0,750.0,73.0,1
1.0,745.0,159.0,80.0,6.0,795.0,250.0,1
8.0,706.0,76.0,16.0,5.0,1118.0,99.0,1
12.0,6356.0,253.0,261.0,7.0,1215.0,102.0,1
12.0,3117.0,48.0,184.0,7.0,1120.0,84.0,1
6.0,5007.0,16.0,256.0,6.0,655.0,112.0,1
11.0,6552.0,52.0,85.0,4.0,590.0,99.0,1
9.0,19.0,262.0,128.0,7.0,565.0,340.0,1
1.0,1619.0,147.0,80.0,6.0,645.0,175.0,1
6.0,5024.0,16.0,11.0,4.0,1055.0,54.0,1
14.0,14.0,217.0,148.0,7.0,805.0,286.0,1
5.0,2142.0,16.0,96.0,3.0,980.0,139.0,1
14.0,2036.0,78.0,35.0,4.0,870.0,85.0,1
14.0,1440.0,33.0,60.0,3.0,360.0,74.0,1
12.0,4731.0,179.0,261.0,7.0,790.0,104.0,1
15.0,3333.0,75.0,170.0,5.0,1090.0,70.0,1
1.0,369.0,80.0,2.0,3.0,765.0,110.0,1
15.0,2459.0,262.0,243.0,4.0,655.0,85.0,1
0.0,4012.0,85.0,218.0,7.0,920.0,89.0,1
17.0,2612.0,54.0,60.0,1.0,1087.0,69.0,1
10.0,3241.0,162.0,80.0,4.0,1025.0,80.0,1
15.0,1434.0,129.0,202.0,3.0,1145.0,260.0,1
14.0,1996.0,260.0,216.0,7.0,585.0,238.0,1
15.0,1148.0,129.0,175.0,3.0,400.0,150.0,1
16.0,2967.0,135.0,155.0,1.0,530.0,94.0,1
13.0,170.0,154.0,253.0,5.0,1060.0,89.0,1
12.0,6522.0,154.0,217.0,3.0,761.0,79.0,1
3.0,493.0,35.0,252.0,4.0,1060.0,377.0,1
5.0,1949.0,233.0,16.0,7.0,360.0,87.0,1
11.0,6473.0,35.0,148.0,3.0,1050.0,100.0,1
15.0,3150.0,45.0,173.0,4.0,790.0,145.0,1
10.0,4001.0,107.0,208.0,5.0,690.0,95.0,1
14.0,2033.0,35.0,78.0,6.0,720.0,92.0,1
13.0,748.0,154.0,79.0,6.0,879.0,141.0,1
15.0,3059.0,214.0,261.0,1.0,985.0,105.0,1
15.0,601.0,258.0,153.0,5.0,1210.0,80.0,1
10.0,4067.0,234.0,208.0,4.0,360.0,140.0,1
16.0,5928.0,157.0,208.0,7.0,946.0,89.0,1
1.0,1155.0,35.0,80.0,4.0,695.0,265.0,1
15.0,1382.0,236.0,153.0,4.0,455.0,80.0,1
17.0,2972.0,153.0,253.0,1.0,905.0,92.0,1
11.0,6259.0,197.0,61.0,7.0,555.0,109.0,1
16.0,2131.0,135.0,68.0,6.0,1285.0,54.0,1
1.0,1499.0,80.0,258.0,1.0,885.0,230.0,1
13.0,598.0,79.0,172.0,4.0,764.0,97.0,1
8.0,845.0,16.0,173.0,5.0,1129.0,86.0,1
12.0,4451.0,261.0,67.0,6.0,677.0,75.0,1
8.0,607.0,184.0,78.0,5.0,1155.0,111.0,1
16.0,2573.0,33.0,96.0,3.0,590.0,127.0,1
5.0,1768.0,154.0,197.0,6.0,30.0,220.0,1
6.0,7120.0,159.0,134.0,4.0,1001.0,84.0,1
12.0,6944.0,57.0,154.0,1.0,890.0,40.0,1
5.0,2259.0,197.0,261.0,5.0,675.0,174.0,1
5.0,41.0,197.0,154.0,4.0,1170.0,244.0,1
5.0,1271.0,16.0,61.0,5.0,886.0,94.0,1
15.0,359.0,264.0,253.0,7.0,1145.0,80.0,1
5.0,1678.0,16.0,177.0,7.0,960.0,87.0,1
12.0,4824.0,261.0,65.0,6.0,1015.0,97.0,1
8.0,993.0,184.0,35.0,7.0,1130.0,140.0,1
17.0,2773.0,217.0,227.0,1.0,520.0,67.0,1
12.0,6748.0,57.0,154.0,1.0,1041.0,39.0,1
10.0,4022.0,208.0,147.0,1.0,805.0,145.0,1
14.0,2116.0,159.0,35.0,5.0,420.0,65.0,1
15.0,993.0,217.0,79.0,3.0,940.0,105.0,1
1.0,2364.0,80.0,208.0,3.0,1040.0,145.0,1
2.0,691.0,111.0,252.0,7.0,825.0,62.0,1
5.0,1272.0,16.0,267.0,4.0,525.0,102.0,1
15.0,1385.0,44.0,153.0,3.0,770.0,60.0,1
10.0,3265.0,129.0,80.0,7.0,360.0,70.0,1
15.0,1509.0,172.0,173.0,4.0,1070.0,160.0,1
14.0,304.0,217.0,60.0,1.0,675.0,234.0,1
6.0,5399.0,84.0,16.0,1.0,606.0,126.0,1
15.0,2921.0,236.0,34.0,6.0,900.0,70.0,1
6.0,5133.0,16.0,41.0,4.0,1135.0,97.0,1
15.0,1854.0,217.0,172.0,5.0,700.0,155.0,1
3.0,3.0,43.0,148.0,7.0,1093.0,94.0,1
0.0,4073.0,109.0,16.0,1.0,1020.0,109.0,1
10.0,4190.0,61.0,208.0,3.0,670.0,85.0,1
1.0,1394.0,80.0,104.0,3.0,540.0,155.0,1
16.0,2971.0,96.0,60.0,7.0,487.0,129.0,1
10.0,3562.0,58.0,80.0,4.0,1100.0,185.0,1
16.0,2112.0,268.0,96.0,5.0,745.0,149.0,1
5.0,1251.0,264.0,16.0,7.0,1295.0,245.0,1
6.0,5316.0,70.0,16.0,1.0,360.0,44.0,1
15.0,3320.0,198.0,33.0,4.0,1035.0,85.0,1
1.0,1214.0,268.0,159.0,3.0,665.0,145.0,1
6.0,5075.0,16.0,135.0,6.0,548.0,142.0,1
12.0,6260.0,208.0,265.0,5.0,715.0,51.0,1
15.0,359.0,264.0,253.0,5.0,1145.0,80.0,1
15.0,182.0,153.0,202.0,6.0,665.0,95.0,1
12.0,6942.0,79.0,65.0,5.0,676.0,38.0,1
16.0,2634.0,131.0,135.0,1.0,1014.0,86.0,1
15.0,1330.0,214.0,262.0,1.0,425.0,85.0,1
12.0,7026.0,100.0,154.0,7.0,907.0,71.0,1
3.0,56.0,148.0,42.0,4.0,559.0,76.0,1
14.0,910.0,60.0,45.0,3.0,1070.0,79.0,1
10.0,4331.0,208.0,33.0,7.0,430.0,90.0,1
12.0,6541.0,79.0,29.0,6.0,615.0,95.0,1
4.0,361.0,217.0,135.0,6.0,360.0,148.0,1
11.0,6485.0,148.0,35.0,4.0,750.0,78.0,1
9.0,48.0,128.0,202.0,4.0,875.0,310.0,1
5.0,2855.0,71.0,277.0,3.0,970.0,124.0,1
15.0,3150.0,45.0,173.0,7.0,790.0,145.0,1
1.0,890.0,80.0,268.0,6.0,690.0,95.0,1
17.0,7252.0,208.0,17.0,5.0,601.0,50.0,1
15.0,1533.0,2.0,91.0,4.0,1085.0,55.0,1
12.0,6531.0,248.0,253.0,7.0,1257.0,61.0,1
5.0,1026.0,85.0,16.0,6.0,721.0,129.0,1
1.0,1826.0,227.0,80.0,5.0,885.0,170.0,1
15.0,520.0,241.0,173.0,4.0,670.0,50.0,1
15.0,429.0,79.0,175.0,4.0,990.0,145.0,1
8.0,348.0,267.0,45.0,6.0,1007.0,134.0,1
15.0,2119.0,264.0,262.0,3.0,885.0,90.0,1
5.0,2534.0,213.0,159.0,5.0,947.0,171.0,1
5.0,348.0,172.0,16.0,6.0,668.0,122.0,1
5.0,2753.0,159.0,277.0,3.0,470.0,188.0,1
5.0,2896.0,16.0,184.0,6.0,500.0,126.0,1
13.0,452.0,79.0,134.0,5.0,826.0,198.0,1
14.0,630.0,262.0,217.0,1.0,598.0,107.0,1
12.0,6439.0,72.0,86.0,3.0,1401.0,38.0,1
5.0,2580.0,253.0,16.0,4.0,520.0,271.0,1
17.0,2649.0,154.0,153.0,5.0,570.0,63.0,1
15.0,1717.0,18.0,75.0,5.0,955.0,55.0,1
15.0,1294.0,154.0,217.0,5.0,965.0,80.0,1
6.0,5527.0,36.0,16.0,5.0,1010.0,78.0,1
15.0,1513.0,217.0,18.0,6.0,1020.0,135.0,1
8.0,930.0,16.0,147.0,1.0,545.0,67.0,1
14.0,1124.0,60.0,159.0,3.0,1205.0,110.0,1
4.0,620.0,18.0,135.0,4.0,1158.0,57.0,1
5.0,2309.0,234.0,16.0,7.0,1140.0,115.0,1
16.0,2216.0,147.0,96.0,1.0,678.0,132.0,1
1.0,583.0,183.0,268.0,4.0,885.0,170.0,1
14.0,365.0,45.0,217.0,1.0,400.0,320.0,1
12.0,6665.0,65.0,79.0,6.0,1019.0,40.0,1
8.0,277.0,35.0,16.0,7.0,1117.0,178.0,1
14.0,1290.0,80.0,216.0,1.0,1065.0,179.0,1
6.0,5589.0,278.0,16.0,7.0,1094.0,80.0,1
12.0,6825.0,261.0,253.0,5.0,1039.0,131.0,1
5.0,1794.0,16.0,216.0,3.0,1295.0,124.0,1
3.0,44.0,148.0,273.0,5.0,455.0,69.0,1
5.0,1479.0,177.0,153.0,1.0,570.0,234.0,1
12.0,6410.0,44.0,253.0,5.0,1069.0,77.0,1
12.0,4826.0,261.0,258.0,1.0,515.0,124.0,1
15.0,530.0,79.0,175.0,5.0,750.0,140.0,1
1.0,1253.0,183.0,154.0,5.0,1255.0,355.0,1
10.0,3343.0,68.0,80.0,6.0,845.0,80.0,1
10.0,2809.0,80.0,146.0,7.0,1080.0,80.0,1
15.0,30.0,216.0,129.0,3.0,600.0,240.0,1
13.0,368.0,198.0,134.0,1.0,470.0,145.0,1
12.0,6396.0,51.0,253.0,5.0,554.0,98.0,1
13.0,95.0,96.0,253.0,7.0,1100.0,387.0,1
10.0,4146.0,148.0,61.0,4.0,895.0,125.0,1
17.0,1037.0,143.0,128.0,6.0,755.0,47.0,1
8.0,1050.0,0.0,173.0,3.0,1123.0,156.0,1
15.0,863.0,129.0,204.0,3.0,480.0,80.0,1
12.0,6954.0,261.0,79.0,7.0,1174.0,88.0,1
15.0,490.0,205.0,175.0,1.0,915.0,80.0,1
15.0,1337.0,79.0,198.0,3.0,1145.0,155.0,1
8.0,649.0,119.0,45.0,1.0,365.0,90.0,1
1.0,1259.0,80.0,79.0,7.0,755.0,125.0,1
15.0,2198.0,261.0,236.0,1.0,1040.0,85.0,1
1.0,2411.0,80.0,154.0,5.0,475.0,205.0,1
9.0,378.0,161.0,128.0,4.0,1260.0,30.0,1
1.0,1483.0,233.0,80.0,4.0,915.0,195.0,1
7.0,448.0,79.0,216.0,5.0,640.0,209.0,1
13.0,404.0,253.0,134.0,6.0,1386.0,309.0,1
14.0,3.0,217.0,208.0,7.0,595.0,205.0,1
12.0,6435.0,154.0,279.0,3.0,766.0,174.0,1
5.0,725.0,253.0,261.0,4.0,360.0,113.0,1
3.0,321.0,134.0,202.0,4.0,1131.0,354.0,1
17.0,2624.0,43.0,60.0,6.0,705.0,115.0,1
8.0,816.0,35.0,45.0,1.0,750.0,88.0,1
6.0,5287.0,10.0,16.0,5.0,880.0,97.0,1
14.0,1630.0,60.0,159.0,7.0,1095.0,115.0,1
12.0,4844.0,261.0,230.0,7.0,1025.0,99.0,1
16.0,2621.0,251.0,58.0,7.0,620.0,65.0,1
5.0,2914.0,252.0,197.0,6.0,435.0,195.0,1
12.0,6522.0,217.0,154.0,6.0,934.0,81.0,1
12.0,6482.0,122.0,79.0,3.0,450.0,112.0,1
12.0,6289.0,153.0,227.0,1.0,1024.0,60.0,1
10.0,4116.0,208.0,177.0,7.0,840.0,110.0,1
13.0,101.0,208.0,154.0,1.0,425.0,276.0,1
6.0,4982.0,16.0,118.0,5.0,600.0,154.0,1
15.0,817.0,217.0,44.0,4.0,440.0,85.0,1
8.0,77.0,16.0,104.0,5.0,525.0,113.0,1
13.0,220.0,208.0,214.0,6.0,725.0,279.0,1
10.0,4025.0,208.0,240.0,3.0,695.0,70.0,1
15.0,1802.0,236.0,154.0,6.0,930.0,80.0,1
12.0,6850.0,208.0,171.0,6.0,370.0,60.0,1
1.0,1461.0,80.0,253.0,7.0,605.0,240.0,1
16.0,2705.0,135.0,116.0,1.0,985.0,73.0,1
0.0,3751.0,238.0,85.0,6.0,375.0,103.0,1
15.0,44.0,172.0,175.0,3.0,1215.0,80.0,1
5.0,2543.0,96.0,16.0,4.0,820.0,150.0,1
4.0,1831.0,213.0,135.0,3.0,365.0,163.0,1
8.0,254.0,106.0,16.0,6.0,360.0,134.0,1
8.0,755.0,45.0,132.0,1.0,625.0,115.0,1
4.0,1461.0,58.0,173.0,1.0,875.0,144.0,1
16.0,2764.0,96.0,268.0,6.0,1015.0,166.0,1
10.0,3230.0,80.0,283.0,3.0,575.0,55.0,1
2.0,313.0,253.0,252.0,6.0,1050.0,120.0,1
5.0,2490.0,214.0,197.0,4.0,410.0,196.0,1
6.0,5106.0,138.0,16.0,1.0,988.0,96.0,1
15.0,2453.0,217.0,205.0,3.0,960.0,155.0,1
1.0,1627.0,80.0,172.0,6.0,565.0,90.0,1
12.0,7806.0,261.0,64.0,3.0,669.0,89.0,1
2.0,627.0,153.0,31.0,1.0,825.0,164.0,1
12.0,6322.0,154.0,243.0,3.0,512.0,47.0,1
15.0,2031.0,252.0,153.0,1.0,700.0,150.0,1
0.0,3763.0,108.0,177.0,7.0,697.0,67.0,1
13.0,192.0,119.0,208.0,6.0,360.0,56.0,1
14.0,1972.0,60.0,96.0,3.0,914.0,107.0,1
6.0,5261.0,177.0,290.0,5.0,570.0,70.0,1
14.0,1703.0,228.0,78.0,3.0,370.0,87.0,1
4.0,1726.0,96.0,243.0,3.0,869.0,357.0,1
14.0,1645.0,78.0,277.0,7.0,1170.0,144.0,1
12.0,6334.0,80.0,208.0,4.0,1242.0,134.0,1
3.0,1069.0,148.0,18.0,7.0,1230.0,261.0,1
15.0,863.0,129.0,204.0,1.0,480.0,80.0,1
14.0,1184.0,45.0,216.0,4.0,1110.0,68.0,1
9.0,301.0,143.0,128.0,5.0,887.0,49.0,1
15.0,167.0,202.0,153.0,5.0,600.0,85.0,1
5.0,2326.0,104.0,16.0,5.0,530.0,115.0,1
0.0,3762.0,16.0,215.0,1.0,915.0,102.0,1
1.0,1900.0,264.0,80.0,3.0,950.0,170.0,1
15.0,459.0,79.0,205.0,4.0,620.0,80.0,1
15.0,767.0,244.0,153.0,3.0,905.0,175.0,1
5.0,1909.0,16.0,74.0,5.0,580.0,92.0,1
5.0,2298.0,267.0,16.0,6.0,420.0,105.0,1
5.0,2029.0,197.0,277.0,1.0,795.0,189.0,1
13.0,885.0,153.0,253.0,6.0,455.0,108.0,1
10.0,4590.0,197.0,159.0,5.0,375.0,164.0,1
10.0,3016.0,243.0,154.0,1.0,475.0,40.0,1
5.0,1463.0,78.0,197.0,3.0,1205.0,174.0,1
15.0,553.0,175.0,22.0,3.0,985.0,125.0,1
13.0,651.0,208.0,243.0,7.0,1208.0,272.0,1
13.0,35.0,253.0,203.0,4.0,562.0,315.0,1
14.0,1517.0,22.0,78.0,1.0,375.0,81.0,1
15.0,3843.0,217.0,43.0,1.0,760.0,245.0,1
16.0,5989.0,238.0,208.0,7.0,602.0,121.0,1
15.0,996.0,129.0,131.0,4.0,1005.0,60.0,1
5.0,2517.0,85.0,153.0,4.0,1185.0,278.0,1
14.0,1944.0,135.0,60.0,5.0,1050.0,144.0,1
12.0,6386.0,253.0,34.0,5.0,959.0,92.0,1
15.0,1047.0,175.0,153.0,7.0,1095.0,250.0,1
15.0,2807.0,2.0,129.0,1.0,895.0,120.0,1
12.0,4725.0,261.0,160.0,7.0,1010.0,112.0,1
1.0,1147.0,80.0,217.0,1.0,1015.0,155.0,1
17.0,7241.0,233.0,208.0,3.0,570.0,140.0,1
1.0,2223.0,159.0,268.0,5.0,990.0,170.0,1
15.0,264.0,277.0,104.0,3.0,815.0,60.0,1
10.0,3010.0,246.0,154.0,4.0,1075.0,45.0,1
0.0,3899.0,85.0,94.0,4.0,1190.0,93.0,1
0.0,4076.0,25.0,85.0,7.0,745.0,99.0,1
16.0,3133.0,61.0,135.0,7.0,375.0,187.0,1
5.0,1333.0,16.0,261.0,6.0,1130.0,255.0,1
12.0,6519.0,154.0,258.0,6.0,995.0,69.0,1
5.0,1771.0,148.0,183.0,7.0,645.0,194.0,1
12.0,6338.0,154.0,243.0,7.0,983.0,45.0,1
13.0,116.0,154.0,208.0,1.0,776.0,242.0,1
3.0,9.0,148.0,104.0,4.0,940.0,199.0,1
1.0,2362.0,80.0,208.0,1.0,965.0,145.0,1
1.0,12.0,253.0,148.0,4.0,565.0,334.0,1
12.0,4527.0,197.0,33.0,4.0,625.0,133.0,1
14.0,1430.0,147.0,60.0,1.0,1035.0,79.0,1
8.0,965.0,7.0,16.0,4.0,1075.0,145.0,1
1.0,298.0,128.0,154.0,4.0,1335.0,305.0,1
5.0,2466.0,213.0,85.0,7.0,827.0,178.0,1
1.0,740.0,154.0,153.0,1.0,1010.0,75.0,1
16.0,2342.0,135.0,221.0,4.0,960.0,158.0,1
12.0,6966.0,253.0,227.0,3.0,886.0,79.0,1
10.0,2825.0,80.0,279.0,1.0,455.0,60.0,1
7.0,321.0,78.0,184.0,1.0,710.0,130.0,1
8.0,328.0,253.0,16.0,3.0,1439.0,270.0,1
5.0,2501.0,173.0,177.0,5.0,1050.0,134.0,1
1.0,1588.0,244.0,80.0,3.0,890.0,70.0,1
14.0,632.0,44.0,217.0,6.0,410.0,87.0,1
15.0,530.0,79.0,175.0,3.0,750.0,140.0,1
10.0,3002.0,243.0,154.0,6.0,1095.0,45.0,1
6.0,5545.0,16.0,115.0,3.0,1295.0,75.0,1
15.0,3843.0,44.0,217.0,3.0,580.0,85.0,1
15.0,1956.0,198.0,129.0,5.0,945.0,75.0,1
16.0,3011.0,134.0,135.0,1.0,875.0,201.0,1
13.0,453.0,45.0,79.0,7.0,877.0,249.0,1
15.0,3059.0,214.0,261.0,7.0,985.0,105.0,1
8.0,161.0,16.0,260.0,6.0,550.0,209.0,1
16.0,3015.0,68.0,135.0,6.0,350.0,57.0,1
13.0,861.0,35.0,134.0,4.0,1159.0,111.0,1
6.0,5141.0,16.0,200.0,6.0,590.0,83.0,1
3.0,32.0,148.0,238.0,3.0,805.0,77.0,1
14.0,2021.0,35.0,78.0,5.0,360.0,96.0,1
3.0,157.0,148.0,173.0,7.0,1195.0,173.0,1
16.0,2957.0,80.0,135.0,4.0,784.0,67.0,1
15.0,2697.0,12.0,45.0,7.0,510.0,75.0,1
15.0,3507.0,258.0,154.0,5.0,610.0,70.0,1
15.0,912.0,264.0,79.0,4.0,485.0,140.0,1
10.0,3629.0,183.0,33.0,7.0,420.0,145.0,1
13.0,132.0,208.0,233.0,1.0,852.0,115.0,1
0.0,3669.0,177.0,135.0,3.0,560.0,120.0,1
1.0,1467.0,80.0,91.0,4.0,550.0,105.0,1
14.0,366.0,262.0,217.0,7.0,971.0,106.0,1
6.0,7105.0,229.0,134.0,5.0,856.0,114.0,1
15.0,2207.0,268.0,75.0,6.0,910.0,105.0,1
5.0,1757.0,16.0,264.0,4.0,500.0,305.0,1
15.0,3586.0,45.0,243.0,4.0,975.0,360.0,1
12.0,6866.0,16.0,208.0,7.0,1206.0,129.0,1
13.0,523.0,79.0,217.0,6.0,906.0,117.0,1
15.0,1818.0,175.0,268.0,6.0,1175.0,70.0,1
1.0,462.0,198.0,183.0,4.0,760.0,105.0,1
13.0,345.0,208.0,198.0,6.0,585.0,144.0,1
5.0,2446.0,268.0,85.0,1.0,630.0,94.0,1
1.0,351.0,80.0,153.0,4.0,1260.0,170.0,1
3.0,350.0,44.0,148.0,6.0,430.0,314.0,1
12.0,6581.0,79.0,65.0,5.0,1258.0,33.0,1
6.0,5244.0,16.0,157.0,7.0,650.0,78.0,1
8.0,451.0,198.0,16.0,1.0,803.0,81.0,1
5.0,1688.0,85.0,177.0,4.0,720.0,125.0,1
4.0,41.0,96.0,154.0,6.0,920.0,360.0,1
6.0,5124.0,16.0,186.0,5.0,985.0,93.0,1
8.0,355.0,159.0,16.0,5.0,794.0,155.0,1
12.0,7012.0,208.0,184.0,5.0,1034.0,42.0,1
10.0,4609.0,159.0,85.0,6.0,550.0,130.0,1
5.0,46.0,35.0,16.0,1.0,735.0,176.0,1
14.0,270.0,135.0,217.0,5.0,360.0,172.0,1
15.0,6.0,2.0,252.0,3.0,610.0,200.0,1
1.0,1710.0,80.0,134.0,4.0,1270.0,155.0,1
1.0,2455.0,208.0,217.0,6.0,450.0,240.0,1
15.0,151.0,217.0,261.0,5.0,1085.0,95.0,1
15.0,1751.0,61.0,45.0,4.0,705.0,70.0,1
8.0,149.0,85.0,16.0,7.0,1165.0,124.0,1
15.0,815.0,172.0,268.0,1.0,440.0,65.0,1
15.0,1221.0,104.0,228.0,7.0,700.0,180.0,1
13.0,688.0,208.0,159.0,3.0,961.0,135.0,1
13.0,208.0,154.0,45.0,7.0,1360.0,299.0,1
15.0,525.0,75.0,172.0,1.0,980.0,85.0,1
6.0,7130.0,245.0,208.0,3.0,397.0,150.0,1
13.0,332.0,262.0,208.0,3.0,797.0,243.0,1
14.0,1540.0,217.0,60.0,7.0,465.0,226.0,1
4.0,53.0,154.0,135.0,5.0,880.0,190.0,1
3.0,324.0,104.0,22.0,3.0,670.0,171.0,1
12.0,6466.0,144.0,154.0,6.0,300.0,53.0,1
5.0,1386.0,159.0,35.0,1.0,870.0,66.0,1
2.0,108.0,14.0,252.0,6.0,30.0,202.0,1
10.0,4313.0,61.0,208.0,4.0,905.0,85.0,1
8.0,476.0,16.0,45.0,6.0,896.0,105.0,1
0.0,3853.0,193.0,85.0,7.0,1045.0,85.0,1
13.0,778.0,22.0,134.0,3.0,599.0,92.0,1
13.0,758.0,79.0,136.0,1.0,810.0,82.0,1
5.0,1482.0,145.0,261.0,5.0,795.0,63.0,1
5.0,1450.0,153.0,197.0,1.0,60.0,186.0,1
1.0,2400.0,154.0,80.0,4.0,20.0,165.0,1
5.0,1730.0,16.0,54.0,4.0,725.0,69.0,1
5.0,2006.0,213.0,22.0,6.0,1180.0,170.0,1
16.0,2083.0,216.0,58.0,4.0,790.0,80.0,1
15.0,1587.0,75.0,244.0,7.0,500.0,65.0,1
5.0,1967.0,85.0,208.0,1.0,450.0,80.0,1
5.0,2908.0,154.0,139.0,5.0,1335.0,241.0,1
12.0,6886.0,114.0,79.0,6.0,485.0,56.0,1
13.0,181.0,35.0,253.0,3.0,889.0,408.0,1
17.0,7298.0,244.0,208.0,6.0,488.0,160.0,1
5.0,2650.0,261.0,45.0,7.0,1034.0,252.0,1
4.0,362.0,58.0,217.0,5.0,1053.0,265.0,1
12.0,6754.0,79.0,135.0,6.0,511.0,143.0,1
5.0,2573.0,16.0,183.0,3.0,450.0,115.0,1
17.0,2830.0,60.0,58.0,7.0,1329.0,95.0,1
14.0,645.0,207.0,217.0,5.0,1150.0,72.0,1
2.0,61.0,291.0,50.0,7.0,721.0,52.0,1
12.0,6479.0,221.0,79.0,5.0,950.0,229.0,1
14.0,634.0,258.0,217.0,4.0,750.0,105.0,1
11.0,6642.0,209.0,148.0,4.0,627.0,93.0,1
5.0,309.0,33.0,16.0,4.0,562.0,68.0,1
5.0,1427.0,85.0,16.0,5.0,1170.0,138.0,1
5.0,2446.0,268.0,85.0,7.0,630.0,94.0,1
14.0,273.0,217.0,135.0,6.0,810.0,154.0,1
15.0,2812.0,172.0,2.0,5.0,1050.0,135.0,1
13.0,900.0,243.0,253.0,6.0,626.0,101.0,1
15.0,227.0,243.0,258.0,7.0,535.0,80.0,1
12.0,4613.0,197.0,99.0,1.0,930.0,62.0,1
17.0,2973.0,253.0,153.0,3.0,1045.0,87.0,1
3.0,364.0,213.0,159.0,7.0,1059.0,159.0,1
15.0,732.0,277.0,43.0,5.0,865.0,160.0,1
1.0,572.0,153.0,208.0,6.0,590.0,215.0,1
1.0,788.0,183.0,270.0,3.0,775.0,155.0,1
7.0,401.0,79.0,154.0,1.0,420.0,145.0,1
5.0,1004.0,279.0,16.0,3.0,420.0,122.0,1
15.0,785.0,27.0,75.0,7.0,460.0,115.0,1
10.0,4021.0,208.0,62.0,5.0,720.0,50.0,1
13.0,270.0,79.0,173.0,7.0,773.0,203.0,1
10.0,4522.0,148.0,78.0,5.0,509.0,91.0,1
12.0,6369.0,280.0,253.0,3.0,367.0,133.0,1
14.0,307.0,277.0,60.0,3.0,930.0,100.0,1
6.0,5182.0,115.0,16.0,6.0,375.0,75.0,1
1.0,567.0,80.0,253.0,4.0,1065.0,230.0,1
11.0,6303.0,78.0,268.0,4.0,410.0,142.0,1
12.0,7771.0,261.0,255.0,7.0,590.0,86.0,1
3.0,9.0,148.0,104.0,7.0,940.0,199.0,1
5.0,2539.0,78.0,16.0,3.0,600.0,110.0,1
17.0,2836.0,44.0,217.0,4.0,985.0,92.0,1
17.0,7278.0,147.0,208.0,5.0,700.0,156.0,1
14.0,1433.0,60.0,154.0,6.0,600.0,331.0,1
14.0,454.0,217.0,261.0,4.0,1270.0,99.0,1
5.0,2121.0,85.0,217.0,4.0,1170.0,270.0,1
10.0,3289.0,80.0,223.0,6.0,490.0,105.0,1
5.0,2855.0,71.0,277.0,1.0,970.0,124.0,1
6.0,5261.0,177.0,290.0,4.0,570.0,70.0,1
15.0,2189.0,228.0,216.0,5.0,1195.0,85.0,1
12.0,7779.0,261.0,255.0,7.0,1020.0,81.0,1
1.0,1184.0,208.0,96.0,5.0,735.0,145.0,1
13.0,863.0,148.0,253.0,4.0,1049.0,407.0,1
7.0,795.0,79.0,214.0,1.0,760.0,164.0,1
4.0,190.0,135.0,183.0,4.0,1155.0,143.0,1
5.0,1248.0,135.0,16.0,5.0,350.0,130.0,1
9.0,263.0,143.0,128.0,7.0,972.0,49.0,1
14.0,1740.0,43.0,216.0,1.0,1098.0,92.0,1
5.0,342.0,16.0,33.0,6.0,1243.0,71.0,1
1.0,1132.0,80.0,277.0,6.0,870.0,135.0,1
6.0,5529.0,16.0,36.0,4.0,1243.0,67.0,1
2.0,588.0,214.0,264.0,4.0,1170.0,141.0,1
12.0,6359.0,279.0,154.0,7.0,1089.0,204.0,1
5.0,2145.0,228.0,16.0,5.0,420.0,179.0,1
15.0,1118.0,129.0,91.0,1.0,1055.0,120.0,1
3.0,547.0,96.0,213.0,6.0,1049.0,173.0,1
5.0,2166.0,184.0,16.0,1.0,410.0,134.0,1
12.0,6258.0,79.0,88.0,4.0,679.0,45.0,1
2.0,73.0,257.0,149.0,1.0,365.0,42.0,1
15.0,505.0,243.0,217.0,7.0,795.0,70.0,1
1.0,528.0,154.0,183.0,5.0,360.0,280.0,1
13.0,520.0,197.0,208.0,1.0,360.0,84.0,1
0.0,3768.0,90.0,85.0,3.0,515.0,98.0,1
6.0,5095.0,33.0,16.0,1.0,860.0,70.0,1
11.0,6593.0,85.0,17.0,6.0,1195.0,95.0,1
2.0,62.0,257.0,151.0,7.0,722.0,53.0,1
10.0,4374.0,208.0,62.0,3.0,1085.0,50.0,1
0.0,4257.0,35.0,233.0,5.0,735.0,135.0,1
15.0,47.0,79.0,204.0,7.0,825.0,85.0,1
10.0,3252.0,190.0,80.0,4.0,910.0,110.0,1
13.0,888.0,253.0,154.0,6.0,655.0,90.0,1
14.0,957.0,221.0,60.0,7.0,430.0,97.0,1
15.0,1458.0,262.0,207.0,4.0,620.0,75.0,1
15.0,293.0,243.0,202.0,7.0,995.0,85.0,1
4.0,1192.0,96.0,35.0,7.0,1170.0,74.0,1
0.0,4302.0,85.0,54.0,6.0,830.0,127.0,1
12.0,4611.0,261.0,253.0,7.0,510.0,133.0,1
4.0,1646.0,135.0,208.0,1.0,630.0,149.0,1
15.0,1011.0,202.0,79.0,6.0,670.0,145.0,1
15.0,389.0,129.0,198.0,4.0,695.0,60.0,1
0.0,4233.0,177.0,71.0,1.0,505.0,85.0,1
17.0,2871.0,292.0,217.0,7.0,684.0,67.0,1
16.0,3159.0,159.0,58.0,7.0,785.0,100.0,1
10.0,2778.0,285.0,80.0,3.0,500.0,160.0,1
5.0,2892.0,243.0,16.0,5.0,460.0,243.0,1
16.0,2443.0,96.0,234.0,7.0,780.0,82.0,1
15.0,837.0,243.0,217.0,7.0,1190.0,70.0,1
1.0,616.0,80.0,85.0,4.0,535.0,150.0,1
10.0,2872.0,80.0,155.0,6.0,705.0,70.0,1
1.0,634.0,241.0,208.0,6.0,410.0,190.0,1
11.0,6680.0,85.0,120.0,5.0,605.0,113.0,1
6.0,5109.0,41.0,16.0,5.0,490.0,98.0,1
12.0,6519.0,258.0,154.0,5.0,1085.0,76.0,1
3.0,503.0,96.0,104.0,6.0,586.0,197.0,1
5.0,2738.0,16.0,78.0,5.0,500.0,102.0,1
11.0,6421.0,96.0,71.0,6.0,385.0,140.0,1
14.0,601.0,153.0,217.0,1.0,690.0,70.0,1
8.0,1185.0,277.0,119.0,6.0,740.0,160.0,1
1.0,1130.0,243.0,80.0,1.0,750.0,175.0,1
5.0,1911.0,16.0,80.0,3.0,1042.0,146.0,1
15.0,1256.0,202.0,44.0,4.0,1215.0,65.0,1
13.0,277.0,173.0,154.0,7.0,1146.0,330.0,1
2.0,561.0,154.0,214.0,4.0,370.0,147.0,1
10.0,2834.0,80.0,181.0,5.0,1160.0,85.0,1
15.0,2049.0,280.0,243.0,1.0,1085.0,75.0,1
10.0,2899.0,288.0,80.0,4.0,1070.0,135.0,1
6.0,5103.0,177.0,41.0,6.0,1165.0,73.0,1
14.0,1232.0,78.0,22.0,3.0,1275.0,70.0,1
5.0,1603.0,16.0,153.0,4.0,1320.0,286.0,1
5.0,1948.0,85.0,159.0,7.0,720.0,108.0,1
8.0,251.0,16.0,106.0,3.0,1325.0,122.0,1
15.0,1082.0,129.0,268.0,7.0,1130.0,115.0,1
16.0,3023.0,96.0,209.0,4.0,895.0,79.0,1
8.0,118.0,277.0,16.0,3.0,654.0,95.0,1
14.0,2030.0,78.0,35.0,4.0,690.0,84.0,1
1.0,2202.0,183.0,80.0,5.0,1235.0,190.0,1
14.0,1278.0,173.0,78.0,4.0,1100.0,124.0,1
15.0,1235.0,172.0,33.0,7.0,460.0,95.0,1
14.0,1684.0,104.0,60.0,4.0,505.0,115.0,1
15.0,1879.0,45.0,228.0,6.0,930.0,70.0,1
10.0,3904.0,208.0,58.0,6.0,1025.0,80.0,1
15.0,1615.0,253.0,153.0,1.0,665.0,90.0,1
0.0,4156.0,177.0,184.0,5.0,865.0,108.0,1
15.0,389.0,129.0,198.0,7.0,695.0,60.0,1
2.0,731.0,135.0,252.0,6.0,1105.0,285.0,1
15.0,274.0,173.0,139.0,4.0,635.0,150.0,1
14.0,1787.0,183.0,60.0,6.0,690.0,124.0,1
15.0,1394.0,252.0,202.0,7.0,1215.0,125.0,1
12.0,4663.0,29.0,197.0,3.0,660.0,83.0,1
14.0,239.0,253.0,217.0,5.0,935.0,115.0,1
4.0,723.0,135.0,198.0,7.0,700.0,60.0,1
3.0,21.0,148.0,277.0,3.0,1170.0,191.0,1
12.0,6455.0,154.0,292.0,1.0,576.0,70.0,1
7.0,511.0,79.0,252.0,6.0,1270.0,174.0,1
12.0,4628.0,261.0,224.0,3.0,1310.0,101.0,1
4.0,514.0,135.0,221.0,4.0,598.0,162.0,1
13.0,353.0,154.0,153.0,1.0,380.0,80.0,1
12.0,4776.0,261.0,224.0,6.0,916.0,99.0,1
5.0,1865.0,76.0,16.0,4.0,410.0,110.0,1
12.0,4611.0,244.0,261.0,3.0,360.0,175.0,1
13.0,365.0,85.0,208.0,1.0,470.0,85.0,1
15.0,784.0,154.0,2.0,5.0,910.0,105.0,1
12.0,6378.0,246.0,253.0,7.0,500.0,80.0,1
13.0,393.0,22.0,208.0,6.0,510.0,159.0,1
16.0,2111.0,268.0,135.0,7.0,600.0,124.0,1
10.0,3205.0,80.0,251.0,1.0,520.0,120.0,1
10.0,4648.0,233.0,159.0,3.0,1040.0,100.0,1
5.0,2333.0,197.0,261.0,1.0,1030.0,184.0,1
1.0,949.0,173.0,183.0,4.0,1015.0,65.0,1
12.0,4543.0,261.0,204.0,3.0,1200.0,135.0,1
7.0,363.0,251.0,79.0,6.0,993.0,175.0,1
0.0,3663.0,61.0,71.0,5.0,705.0,57.0,1
5.0,1597.0,197.0,258.0,3.0,545.0,255.0,1
17.0,2705.0,96.0,60.0,1.0,925.0,120.0,1
3.0,554.0,241.0,96.0,5.0,729.0,170.0,1
15.0,3341.0,129.0,175.0,1.0,815.0,145.0,1
1.0,692.0,183.0,96.0,4.0,715.0,185.0,1
6.0,5136.0,16.0,288.0,7.0,572.0,78.0,1
10.0,2703.0,80.0,190.0,6.0,565.0,90.0,1
14.0,2136.0,159.0,35.0,5.0,1020.0,72.0,1
10.0,4186.0,166.0,208.0,6.0,425.0,70.0,1
8.0,425.0,223.0,16.0,6.0,669.0,62.0,1
7.0,370.0,79.0,184.0,5.0,630.0,133.0,1
11.0,6351.0,71.0,177.0,3.0,1050.0,99.0,1
12.0,4745.0,261.0,207.0,6.0,672.0,107.0,1
17.0,7251.0,208.0,228.0,3.0,527.0,127.0,1
10.0,3656.0,221.0,183.0,7.0,1040.0,170.0,1
1.0,588.0,260.0,183.0,7.0,905.0,170.0,1
13.0,730.0,208.0,45.0,6.0,1168.0,112.0,1
4.0,304.0,96.0,214.0,5.0,585.0,377.0,1
15.0,2163.0,258.0,44.0,6.0,1170.0,60.0,1
15.0,2979.0,172.0,175.0,4.0,1145.0,80.0,1
14.0,1494.0,60.0,12.0,6.0,705.0,122.0,1
14.0,2176.0,78.0,159.0,5.0,900.0,81.0,1
15.0,1156.0,264.0,175.0,5.0,595.0,235.0,1
1.0,17.0,148.0,253.0,7.0,1165.0,400.0,1
5.0,115.0,16.0,197.0,7.0,1050.0,164.0,1
14.0,1274.0,182.0,216.0,5.0,420.0,93.0,1
4.0,61.0,96.0,135.0,5.0,830.0,239.0,1
17.0,2888.0,217.0,18.0,3.0,790.0,133.0,1
6.0,5283.0,275.0,16.0,1.0,755.0,74.0,1
16.0,5908.0,285.0,208.0,1.0,374.0,112.0,1
15.0,897.0,217.0,264.0,3.0,445.0,80.0,1
10.0,2824.0,80.0,288.0,3.0,1200.0,105.0,1
15.0,2198.0,261.0,236.0,5.0,1040.0,85.0,1
14.0,1784.0,153.0,60.0,1.0,680.0,249.0,1
2.0,669.0,18.0,252.0,6.0,1095.0,254.0,1
15.0,691.0,79.0,217.0,4.0,1245.0,115.0,1
7.0,71.0,85.0,79.0,3.0,385.0,189.0,1
4.0,793.0,173.0,96.0,5.0,1106.0,154.0,1
8.0,1042.0,104.0,61.0,6.0,919.0,158.0,1
10.0,4668.0,16.0,159.0,1.0,690.0,135.0,1
12.0,6531.0,253.0,248.0,3.0,1100.0,65.0,1
5.0,1123.0,261.0,85.0,4.0,520.0,216.0,1
15.0,3659.0,173.0,33.0,3.0,660.0,115.0,1
6.0,5336.0,157.0,16.0,4.0,830.0,93.0,1
12.0,6687.0,253.0,194.0,7.0,627.0,46.0,1
3.0,53.0,238.0,148.0,1.0,707.0,73.0,1
16.0,2335.0,58.0,172.0,7.0,740.0,119.0,1
7.0,566.0,243.0,79.0,7.0,547.0,136.0,1
15.0,380.0,253.0,79.0,5.0,370.0,155.0,1
2.0,50.0,39.0,14.0,6.0,1126.0,111.0,1
6.0,5395.0,10.0,16.0,5.0,684.0,100.0,1
13.0,893.0,35.0,253.0,5.0,370.0,410.0,1
5.0,2276.0,173.0,159.0,7.0,420.0,150.0,1
6.0,7114.0,134.0,148.0,5.0,1020.0,96.0,1
15.0,1051.0,12.0,45.0,4.0,1035.0,75.0,1
5.0,3.0,261.0,148.0,4.0,515.0,285.0,1
15.0,1070.0,175.0,43.0,4.0,680.0,85.0,1
15.0,2341.0,243.0,172.0,6.0,495.0,190.0,1
5.0,1268.0,228.0,16.0,5.0,764.0,177.0,1
3.0,1254.0,134.0,35.0,1.0,980.0,90.0,1
6.0,7338.0,275.0,177.0,5.0,1040.0,96.0,1
0.0,4298.0,177.0,116.0,3.0,575.0,80.0,1
7.0,426.0,79.0,16.0,4.0,1145.0,164.0,1
14.0,1710.0,60.0,173.0,1.0,782.0,98.0,1
6.0,7339.0,16.0,205.0,6.0,690.0,146.0,1
15.0,3008.0,91.0,75.0,6.0,1200.0,85.0,1
5.0,2364.0,128.0,154.0,6.0,845.0,325.0,1
12.0,6602.0,253.0,262.0,7.0,1208.0,42.0,1
15.0,2442.0,18.0,154.0,1.0,480.0,205.0,1
5.0,1409.0,197.0,79.0,4.0,810.0,129.0,1
11.0,6298.0,71.0,85.0,4.0,801.0,84.0,1
5.0,1533.0,221.0,85.0,5.0,1165.0,80.0,1
5.0,2333.0,197.0,261.0,7.0,1030.0,184.0,1
6.0,4995.0,16.0,188.0,1.0,960.0,97.0,1
5.0,1517.0,16.0,79.0,6.0,500.0,213.0,1
14.0,647.0,85.0,217.0,6.0,460.0,277.0,1
16.0,2459.0,60.0,135.0,5.0,755.0,170.0,1
12.0,6503.0,253.0,93.0,5.0,1194.0,89.0,1
3.0,702.0,260.0,148.0,3.0,550.0,238.0,1
12.0,6958.0,185.0,208.0,3.0,627.0,53.0,1
5.0,1031.0,139.0,16.0,1.0,742.0,102.0,1
16.0,5920.0,208.0,58.0,3.0,1031.0,76.0,1
12.0,4785.0,251.0,197.0,7.0,800.0,125.0,1
11.0,6346.0,71.0,16.0,7.0,575.0,105.0,1
14.0,1920.0,241.0,216.0,4.0,480.0,155.0,1
17.0,2831.0,244.0,217.0,3.0,1125.0,154.0,1
14.0,1183.0,216.0,80.0,5.0,845.0,232.0,1
5.0,1060.0,173.0,154.0,1.0,430.0,340.0,1
6.0,7088.0,134.0,237.0,4.0,1121.0,60.0,1
15.0,3320.0,198.0,33.0,1.0,1035.0,85.0,1
15.0,638.0,241.0,173.0,5.0,910.0,50.0,1
1.0,1928.0,154.0,253.0,3.0,595.0,100.0,1
5.0,2015.0,134.0,16.0,7.0,970.0,125.0,1
12.0,6680.0,227.0,79.0,1.0,997.0,123.0,1
5.0,1062.0,173.0,154.0,1.0,1090.0,346.0,1
8.0,738.0,197.0,184.0,7.0,360.0,74.0,1
15.0,981.0,44.0,202.0,7.0,1045.0,75.0,1
12.0,6237.0,153.0,100.0,5.0,999.0,88.0,1
14.0,1854.0,60.0,228.0,4.0,870.0,110.0,1
15.0,3082.0,153.0,172.0,6.0,495.0,170.0,1
11.0,6612.0,273.0,148.0,5.0,1045.0,102.0,1
1.0,1032.0,80.0,172.0,3.0,720.0,90.0,1
10.0,4204.0,208.0,205.0,3.0,910.0,95.0,1
5.0,1611.0,16.0,223.0,3.0,1373.0,75.0,1
0.0,4059.0,85.0,152.0,4.0,1290.0,41.0,1
9.0,227.0,150.0,128.0,7.0,667.0,42.0,1
4.0,1889.0,135.0,262.0,4.0,900.0,254.0,1
12.0,6449.0,208.0,261.0,6.0,1020.0,210.0,1
16.0,3134.0,96.0,33.0,1.0,895.0,150.0,1
13.0,534.0,79.0,45.0,5.0,754.0,201.0,1
15.0,1420.0,207.0,258.0,5.0,1215.0,65.0,1
1.0,581.0,268.0,154.0,7.0,560.0,255.0,1
1.0,2127.0,216.0,183.0,7.0,365.0,175.0,1
8.0,875.0,16.0,197.0,1.0,819.0,154.0,1
6.0,5283.0,16.0,138.0,7.0,885.0,78.0,1
15.0,3926.0,172.0,153.0,4.0,890.0,195.0,1
16.0,2504.0,96.0,182.0,5.0,460.0,82.0,1
6.0,5145.0,279.0,16.0,1.0,653.0,117.0,1
14.0,630.0,262.0,217.0,4.0,598.0,107.0,1
1.0,2050.0,208.0,183.0,5.0,650.0,190.0,1
16.0,2906.0,197.0,58.0,5.0,835.0,105.0,1
11.0,6265.0,85.0,238.0,5.0,825.0,81.0,1
11.0,6657.0,148.0,197.0,5.0,490.0,210.0,1
6.0,5217.0,132.0,16.0,5.0,632.0,58.0,1
10.0,4335.0,208.0,119.0,3.0,510.0,55.0,1
1.0,556.0,208.0,104.0,4.0,1150.0,175.0,1
0.0,4283.0,61.0,71.0,3.0,1130.0,49.0,1
0.0,3921.0,177.0,58.0,7.0,855.0,116.0,1
14.0,71.0,217.0,252.0,7.0,675.0,190.0,1
15.0,3487.0,147.0,27.0,6.0,740.0,75.0,1
1.0,832.0,80.0,172.0,3.0,670.0,90.0,1
3.0,324.0,104.0,22.0,1.0,670.0,171.0,1
8.0,1007.0,241.0,35.0,7.0,840.0,175.0,1
16.0,2388.0,65.0,135.0,5.0,510.0,134.0,1
10.0,3001.0,154.0,79.0,4.0,570.0,140.0,1
13.0,593.0,35.0,79.0,5.0,1071.0,289.0,1
3.0,296.0,160.0,252.0,3.0,1189.0,160.0,1
5.0,2530.0,197.0,35.0,1.0,600.0,162.0,1
6.0,5563.0,190.0,16.0,7.0,1025.0,81.0,1
6.0,5349.0,247.0,85.0,1.0,1043.0,67.0,1
5.0,1564.0,197.0,78.0,4.0,665.0,139.0,1
7.0,769.0,79.0,153.0,1.0,404.0,113.0,1
14.0,1105.0,12.0,60.0,7.0,885.0,134.0,1
12.0,6287.0,227.0,153.0,3.0,587.0,60.0,1
3.0,407.0,35.0,217.0,3.0,460.0,347.0,1
1.0,690.0,183.0,233.0,4.0,1235.0,120.0,1
12.0,6380.0,253.0,34.0,4.0,651.0,92.0,1
1.0,1147.0,173.0,80.0,7.0,845.0,175.0,1
16.0,2696.0,76.0,58.0,3.0,365.0,54.0,1
15.0,2254.0,244.0,153.0,4.0,730.0,180.0,1
15.0,1116.0,22.0,153.0,4.0,810.0,355.0,1
13.0,34.0,203.0,253.0,4.0,840.0,288.0,1
15.0,3590.0,202.0,154.0,6.0,1125.0,75.0,1
16.0,2641.0,96.0,172.0,4.0,515.0,207.0,1
15.0,925.0,79.0,197.0,7.0,1140.0,120.0,1
5.0,1391.0,35.0,159.0,4.0,930.0,69.0,1
15.0,2882.0,27.0,147.0,7.0,695.0,70.0,1
8.0,495.0,45.0,60.0,1.0,515.0,85.0,1
1.0,504.0,80.0,198.0,4.0,1115.0,80.0,1
15.0,2706.0,175.0,45.0,1.0,735.0,110.0,1
16.0,2505.0,234.0,96.0,1.0,1030.0,85.0,1
10.0,4114.0,221.0,208.0,6.0,360.0,105.0,1
5.0,670.0,60.0,16.0,7.0,855.0,80.0,1
15.0,1894.0,45.0,175.0,6.0,865.0,125.0,1
8.0,1079.0,130.0,173.0,7.0,837.0,170.0,1
12.0,6462.0,154.0,262.0,5.0,1353.0,79.0,1
12.0,6831.0,208.0,65.0,4.0,588.0,153.0,1
15.0,2189.0,228.0,216.0,4.0,1195.0,85.0,1
16.0,2010.0,251.0,58.0,5.0,1035.0,67.0,1
6.0,5611.0,157.0,16.0,6.0,375.0,85.0,1
8.0,1097.0,139.0,173.0,1.0,920.0,135.0,1
14.0,1728.0,173.0,60.0,4.0,835.0,96.0,1
5.0,2042.0,16.0,96.0,5.0,1145.0,145.0,1
10.0,4357.0,208.0,117.0,7.0,1030.0,60.0,1
15.0,2006.0,277.0,221.0,4.0,620.0,140.0,1
15.0,2158.0,45.0,221.0,6.0,595.0,60.0,1
15.0,961.0,207.0,202.0,5.0,625.0,75.0,1
16.0,2954.0,135.0,190.0,6.0,1125.0,75.0,1
5.0,1628.0,16.0,175.0,3.0,1295.0,117.0,1
16.0,2076.0,96.0,139.0,7.0,1200.0,142.0,1
5.0,1292.0,243.0,16.0,3.0,663.0,247.0,1
15.0,2807.0,205.0,79.0,5.0,440.0,100.0,1
5.0,1838.0,245.0,16.0,7.0,918.0,75.0,1
14.0,1880.0,173.0,78.0,1.0,810.0,123.0,1
10.0,4148.0,205.0,208.0,3.0,595.0,95.0,1
10.0,3702.0,208.0,79.0,7.0,735.0,160.0,1
13.0,112.0,79.0,277.0,3.0,626.0,206.0,1
6.0,5550.0,11.0,16.0,5.0,895.0,67.0,1
4.0,586.0,135.0,173.0,6.0,455.0,128.0,1
0.0,4310.0,177.0,16.0,1.0,460.0,90.0,1
1.0,1176.0,183.0,45.0,5.0,1295.0,144.0,1
14.0,1972.0,60.0,96.0,7.0,914.0,107.0,1
16.0,5905.0,0.0,208.0,4.0,360.0,136.0,1
12.0,6643.0,230.0,79.0,1.0,879.0,77.0,1
11.0,6476.0,148.0,197.0,4.0,680.0,200.0,1
16.0,5972.0,208.0,237.0,7.0,1182.0,95.0,1
12.0,4662.0,2.0,261.0,4.0,360.0,99.0,1
1.0,1974.0,154.0,33.0,5.0,615.0,235.0,1
5.0,2327.0,16.0,104.0,6.0,1147.0,118.0,1
0.0,4212.0,85.0,285.0,3.0,620.0,100.0,1
3.0,376.0,104.0,159.0,4.0,762.0,168.0,1
5.0,1765.0,148.0,253.0,5.0,615.0,387.0,1
10.0,3939.0,33.0,208.0,6.0,360.0,105.0,1
15.0,674.0,129.0,146.0,7.0,530.0,65.0,1
1.0,1650.0,280.0,80.0,6.0,625.0,130.0,1
10.0,3485.0,80.0,162.0,7.0,600.0,65.0,1
12.0,6622.0,79.0,114.0,4.0,936.0,53.0,1
3.0,219.0,148.0,60.0,1.0,490.0,121.0,1
6.0,5161.0,52.0,16.0,1.0,460.0,59.0,1
5.0,2605.0,197.0,253.0,1.0,1045.0,245.0,1
14.0,1453.0,60.0,198.0,3.0,795.0,123.0,1
5.0,2061.0,216.0,16.0,7.0,390.0,140.0,1
5.0,2728.0,236.0,261.0,4.0,385.0,92.0,1
14.0,1562.0,216.0,35.0,7.0,735.0,75.0,1
15.0,260.0,253.0,153.0,3.0,1215.0,85.0,1
0.0,4356.0,123.0,177.0,4.0,420.0,55.0,1
1.0,343.0,159.0,208.0,7.0,1030.0,175.0,1
12.0,6321.0,154.0,243.0,5.0,452.0,46.0,1
5.0,2419.0,159.0,197.0,6.0,866.0,189.0,1
5.0,2618.0,173.0,16.0,6.0,1050.0,101.0,1
16.0,2771.0,135.0,205.0,3.0,1044.0,129.0,1
5.0,2742.0,16.0,96.0,3.0,585.0,143.0,1
3.0,490.0,79.0,35.0,4.0,1399.0,221.0,1
4.0,1143.0,16.0,96.0,3.0,873.0,147.0,1
1.0,1279.0,80.0,217.0,1.0,790.0,160.0,1
10.0,3985.0,208.0,240.0,3.0,505.0,70.0,1
16.0,2837.0,172.0,58.0,3.0,1189.0,103.0,1
5.0,2585.0,16.0,223.0,3.0,505.0,80.0,1
15.0,1021.0,198.0,129.0,3.0,640.0,75.0,1
5.0,1865.0,16.0,241.0,6.0,575.0,115.0,1
10.0,4110.0,174.0,208.0,3.0,450.0,145.0,1
15.0,2640.0,34.0,153.0,3.0,855.0,100.0,1
4.0,232.0,135.0,159.0,3.0,575.0,202.0,1
10.0,2708.0,71.0,80.0,5.0,960.0,165.0,1
6.0,5117.0,81.0,16.0,6.0,330.0,70.0,1
15.0,1919.0,45.0,277.0,5.0,440.0,150.0,1
12.0,6570.0,79.0,132.0,3.0,628.0,148.0,1
15.0,1363.0,268.0,153.0,7.0,1130.0,230.0,1
1.0,2464.0,207.0,80.0,4.0,530.0,175.0,1
16.0,5896.0,208.0,152.0,7.0,789.0,53.0,1
6.0,5244.0,16.0,157.0,5.0,650.0,78.0,1
1.0,1475.0,233.0,80.0,1.0,620.0,190.0,1
12.0,6373.0,154.0,246.0,6.0,628.0,40.0,1
13.0,381.0,22.0,208.0,4.0,380.0,161.0,1
4.0,186.0,264.0,96.0,3.0,465.0,313.0,1
1.0,537.0,183.0,279.0,6.0,1190.0,185.0,1
5.0,1784.0,16.0,134.0,4.0,980.0,110.0,1
16.0,2950.0,197.0,96.0,3.0,1001.0,165.0,1
12.0,7762.0,261.0,89.0,7.0,1304.0,72.0,1
1.0,546.0,197.0,80.0,1.0,975.0,150.0,1
15.0,56.0,68.0,129.0,5.0,1125.0,50.0,1
0.0,4373.0,85.0,42.0,4.0,605.0,104.0,1
3.0,686.0,78.0,35.0,3.0,940.0,84.0,1
12.0,4830.0,196.0,261.0,6.0,785.0,82.0,1
15.0,3403.0,45.0,35.0,7.0,880.0,80.0,1
6.0,5560.0,27.0,16.0,1.0,1020.0,74.0,1
0.0,3787.0,247.0,16.0,5.0,1030.0,123.0,1
10.0,3192.0,258.0,154.0,7.0,500.0,80.0,1
6.0,7369.0,256.0,177.0,3.0,695.0,68.0,1
6.0,5415.0,52.0,16.0,1.0,657.0,53.0,1
5.0,1926.0,104.0,16.0,6.0,838.0,120.0,1
1.0,2243.0,221.0,80.0,6.0,745.0,190.0,1
1.0,2438.0,80.0,79.0,6.0,1050.0,125.0,1
15.0,16.0,153.0,154.0,1.0,825.0,65.0,1
10.0,3936.0,45.0,208.0,4.0,1045.0,150.0,1
14.0,721.0,60.0,183.0,3.0,1080.0,125.0,1
5.0,1994.0,217.0,148.0,3.0,485.0,279.0,1
2.0,183.0,14.0,98.0,4.0,610.0,61.0,1
5.0,2543.0,16.0,267.0,4.0,1015.0,94.0,1
0.0,4295.0,148.0,167.0,5.0,750.0,110.0,1
12.0,6326.0,253.0,24.0,3.0,1095.0,67.0,1
5.0,1132.0,16.0,120.0,3.0,1215.0,78.0,1
5.0,1698.0,147.0,16.0,3.0,330.0,80.0,1
5.0,1752.0,16.0,134.0,3.0,1310.0,109.0,1
15.0,3492.0,258.0,243.0,5.0,1035.0,80.0,1
6.0,7123.0,42.0,134.0,6.0,331.0,110.0,1
13.0,503.0,79.0,153.0,3.0,880.0,123.0,1
4.0,795.0,135.0,154.0,7.0,940.0,225.0,1
6.0,5400.0,174.0,16.0,7.0,1035.0,137.0,1
15.0,735.0,134.0,79.0,5.0,360.0,240.0,1
10.0,2821.0,80.0,266.0,7.0,610.0,50.0,1
15.0,1268.0,35.0,45.0,3.0,405.0,110.0,1
5.0,268.0,183.0,148.0,1.0,885.0,190.0,1
15.0,1201.0,61.0,175.0,7.0,660.0,70.0,1
5.0,566.0,16.0,209.0,5.0,748.0,95.0,1
15.0,49.0,2.0,75.0,4.0,925.0,100.0,1
1.0,759.0,159.0,80.0,4.0,935.0,250.0,1
11.0,6776.0,173.0,233.0,7.0,845.0,105.0,1
15.0,2029.0,155.0,75.0,3.0,1155.0,60.0,1
12.0,6312.0,227.0,154.0,5.0,446.0,52.0,1
2.0,490.0,252.0,243.0,7.0,647.0,157.0,1
8.0,43.0,175.0,16.0,1.0,1042.0,118.0,1
4.0,444.0,135.0,208.0,3.0,1138.0,155.0,1
12.0,6406.0,253.0,93.0,3.0,647.0,92.0,1
10.0,3658.0,120.0,183.0,5.0,430.0,135.0,1
14.0,680.0,217.0,60.0,1.0,390.0,225.0,1
12.0,6271.0,109.0,208.0,1.0,535.0,63.0,1
12.0,6229.0,252.0,253.0,3.0,604.0,131.0,1
4.0,685.0,214.0,96.0,5.0,1285.0,289.0,1
1.0,1140.0,244.0,80.0,4.0,360.0,65.0,1
1.0,2022.0,260.0,208.0,7.0,510.0,305.0,1
15.0,2397.0,175.0,172.0,5.0,570.0,90.0,1
10.0,3381.0,80.0,146.0,6.0,475.0,80.0,1
14.0,1181.0,60.0,135.0,3.0,890.0,170.0,1
10.0,4199.0,94.0,208.0,6.0,375.0,85.0,1
2.0,665.0,80.0,252.0,7.0,420.0,267.0,1
0.0,4177.0,148.0,58.0,6.0,547.0,142.0,1
1.0,1905.0,78.0,80.0,6.0,600.0,225.0,1
0.0,3753.0,177.0,147.0,6.0,870.0,104.0,1
16.0,2561.0,223.0,135.0,6.0,735.0,99.0,1
1.0,1056.0,279.0,80.0,5.0,360.0,70.0,1
1.0,1396.0,80.0,209.0,3.0,1070.0,160.0,1
15.0,2749.0,75.0,129.0,6.0,900.0,65.0,1
12.0,7016.0,208.0,130.0,1.0,435.0,121.0,1
5.0,1632.0,261.0,243.0,4.0,1310.0,119.0,1
1.0,1865.0,80.0,44.0,3.0,1205.0,205.0,1
17.0,7250.0,208.0,54.0,1.0,840.0,122.0,1
5.0,105.0,85.0,16.0,5.0,930.0,132.0,1
12.0,6973.0,111.0,252.0,5.0,530.0,72.0,1
17.0,2605.0,200.0,60.0,4.0,330.0,62.0,1
1.0,415.0,208.0,252.0,3.0,700.0,255.0,1
16.0,2636.0,244.0,135.0,7.0,720.0,58.0,1
1.0,1091.0,80.0,243.0,7.0,960.0,185.0,1
1.0,590.0,243.0,208.0,3.0,885.0,235.0,1
5.0,2975.0,16.0,244.0,3.0,905.0,166.0,1
5.0,2208.0,16.0,134.0,1.0,730.0,105.0,1
16.0,2719.0,118.0,135.0,5.0,390.0,60.0,1
5.0,69.0,16.0,183.0,5.0,1045.0,115.0,1
0.0,3868.0,12.0,85.0,5.0,765.0,119.0,1
1.0,351.0,80.0,153.0,6.0,1260.0,170.0,1
14.0,148.0,61.0,217.0,4.0,1070.0,259.0,1
15.0,1717.0,202.0,18.0,1.0,600.0,205.0,1
6.0,5413.0,17.0,16.0,3.0,390.0,138.0,1
1.0,937.0,35.0,183.0,7.0,420.0,215.0,1
12.0,4728.0,261.0,179.0,7.0,674.0,105.0,1
1.0,1886.0,260.0,183.0,4.0,735.0,165.0,1
10.0,4529.0,35.0,148.0,7.0,1110.0,90.0,1
9.0,242.0,128.0,143.0,3.0,1176.0,51.0,1
2.0,699.0,111.0,252.0,7.0,420.0,67.0,1
12.0,6245.0,179.0,253.0,3.0,360.0,81.0,1
15.0,826.0,261.0,217.0,7.0,1195.0,100.0,1
7.0,374.0,79.0,184.0,5.0,905.0,132.0,1
6.0,5427.0,16.0,115.0,4.0,1152.0,77.0,1
5.0,1888.0,153.0,177.0,6.0,480.0,190.0,1
11.0,6427.0,273.0,85.0,1.0,990.0,100.0,1
12.0,6966.0,253.0,227.0,4.0,886.0,79.0,1
3.0,92.0,261.0,148.0,6.0,1392.0,248.0,1
13.0,967.0,134.0,154.0,3.0,994.0,348.0,1
12.0,7008.0,214.0,154.0,4.0,653.0,138.0,1
2.0,307.0,253.0,252.0,7.0,550.0,129.0,1
15.0,2871.0,244.0,75.0,4.0,990.0,55.0,1
1.0,371.0,159.0,208.0,7.0,1235.0,150.0,1
0.0,3807.0,121.0,85.0,1.0,571.0,114.0,1
15.0,1029.0,264.0,202.0,5.0,1000.0,80.0,1
1.0,880.0,80.0,205.0,4.0,1290.0,105.0,1
10.0,3257.0,80.0,184.0,5.0,755.0,145.0,1
16.0,5891.0,208.0,17.0,5.0,1022.0,50.0,1
4.0,46.0,154.0,135.0,5.0,750.0,193.0,1
1.0,1505.0,80.0,243.0,4.0,1035.0,190.0,1
16.0,2437.0,96.0,233.0,1.0,389.0,104.0,1
1.0,1978.0,80.0,277.0,5.0,1096.0,135.0,1
10.0,4469.0,148.0,78.0,3.0,625.0,80.0,1
13.0,342.0,79.0,35.0,1.0,996.0,224.0,1
12.0,6643.0,79.0,230.0,1.0,782.0,69.0,1
12.0,6927.0,79.0,127.0,5.0,681.0,116.0,1
6.0,4991.0,200.0,16.0,6.0,380.0,81.0,1
15.0,441.0,217.0,243.0,5.0,595.0,75.0,1
10.0,3342.0,80.0,68.0,4.0,735.0,80.0,1
10.0,2850.0,242.0,80.0,5.0,960.0,100.0,1
1.0,2086.0,183.0,148.0,5.0,1150.0,170.0,1
14.0,943.0,209.0,60.0,3.0,420.0,85.0,1
5.0,1448.0,18.0,85.0,4.0,990.0,171.0,1
8.0,240.0,234.0,16.0,4.0,1185.0,110.0,1
3.0,522.0,173.0,96.0,1.0,645.0,151.0,1
8.0,417.0,229.0,45.0,4.0,1072.0,97.0,1
4.0,1676.0,135.0,216.0,5.0,970.0,184.0,1
15.0,1012.0,258.0,44.0,6.0,595.0,60.0,1
1.0,1019.0,60.0,80.0,1.0,400.0,185.0,1
0.0,4060.0,75.0,177.0,1.0,990.0,89.0,1
8.0,366.0,16.0,159.0,4.0,796.0,121.0,1
12.0,6277.0,154.0,252.0,6.0,980.0,165.0,1
5.0,1460.0,16.0,60.0,4.0,745.0,69.0,1
13.0,375.0,135.0,79.0,3.0,910.0,156.0,1
1.0,2212.0,80.0,264.0,4.0,630.0,195.0,1
13.0,685.0,159.0,208.0,1.0,900.0,154.0,1
14.0,185.0,217.0,104.0,4.0,970.0,250.0,1
15.0,945.0,233.0,217.0,5.0,785.0,305.0,1
3.0,139.0,148.0,241.0,7.0,990.0,203.0,1
0.0,4223.0,85.0,109.0,3.0,1055.0,58.0,1
13.0,669.0,159.0,208.0,5.0,360.0,150.0,1
15.0,1.0,129.0,68.0,3.0,500.0,50.0,1
3.0,934.0,160.0,208.0,7.0,654.0,231.0,1
5.0,2601.0,16.0,74.0,3.0,960.0,80.0,1
12.0,6999.0,170.0,79.0,7.0,847.0,118.0,1
11.0,6333.0,238.0,85.0,4.0,931.0,86.0,1
1.0,1662.0,153.0,208.0,7.0,970.0,210.0,1
9.0,105.0,203.0,128.0,7.0,381.0,33.0,1
5.0,1648.0,183.0,177.0,4.0,745.0,157.0,1
8.0,442.0,184.0,104.0,6.0,540.0,189.0,1
0.0,4302.0,85.0,54.0,1.0,830.0,127.0,1
4.0,1854.0,96.0,213.0,5.0,955.0,182.0,1
15.0,2030.0,233.0,277.0,4.0,485.0,115.0,1
8.0,36.0,16.0,175.0,3.0,1110.0,113.0,1
4.0,499.0,135.0,79.0,5.0,715.0,154.0,1
11.0,6527.0,148.0,238.0,7.0,525.0,102.0,1
1.0,1856.0,183.0,134.0,3.0,665.0,145.0,1
5.0,2931.0,159.0,85.0,6.0,365.0,118.0,1
1.0,623.0,45.0,80.0,3.0,1000.0,220.0,1
10.0,2723.0,13.0,80.0,6.0,895.0,65.0,1
4.0,241.0,135.0,18.0,4.0,780.0,51.0,1
14.0,399.0,60.0,153.0,7.0,800.0,298.0,1
5.0,1856.0,183.0,148.0,1.0,990.0,183.0,1
13.0,336.0,154.0,79.0,1.0,781.0,145.0,1
12.0,6846.0,253.0,246.0,3.0,652.0,76.0,1
3.0,67.0,43.0,148.0,7.0,841.0,87.0,1
12.0,6377.0,67.0,79.0,1.0,770.0,55.0,1
10.0,2797.0,80.0,108.0,3.0,515.0,60.0,1
16.0,2433.0,135.0,155.0,6.0,685.0,84.0,1
10.0,4095.0,208.0,221.0,7.0,610.0,85.0,1
0.0,3660.0,80.0,177.0,4.0,695.0,95.0,1
11.0,6457.0,71.0,184.0,6.0,565.0,88.0,1
5.0,2405.0,85.0,184.0,4.0,515.0,75.0,1
12.0,4862.0,280.0,261.0,7.0,1142.0,110.0,1
12.0,4557.0,261.0,114.0,7.0,826.0,64.0,1
10.0,4619.0,159.0,233.0,6.0,535.0,110.0,1
15.0,304.0,27.0,129.0,6.0,1015.0,115.0,1
1.0,76.0,154.0,134.0,1.0,570.0,285.0,1
4.0,1589.0,135.0,243.0,7.0,870.0,210.0,1
15.0,767.0,268.0,162.0,5.0,635.0,65.0,1
8.0,443.0,104.0,184.0,6.0,833.0,198.0,1
0.0,4120.0,16.0,215.0,7.0,660.0,109.0,1
5.0,2616.0,153.0,85.0,7.0,590.0,240.0,1
7.0,841.0,79.0,252.0,4.0,990.0,175.0,1
15.0,109.0,79.0,252.0,3.0,515.0,185.0,1
8.0,435.0,252.0,184.0,1.0,551.0,225.0,1
15.0,979.0,129.0,18.0,1.0,530.0,45.0,1
5.0,1254.0,223.0,16.0,7.0,390.0,83.0,1
0.0,4315.0,76.0,197.0,5.0,807.0,118.0,1
12.0,4535.0,214.0,261.0,4.0,1092.0,108.0,1
16.0,3029.0,172.0,135.0,1.0,1090.0,118.0,1
5.0,697.0,16.0,223.0,3.0,1045.0,78.0,1
16.0,2333.0,135.0,85.0,6.0,445.0,177.0,1
17.0,1047.0,128.0,203.0,1.0,945.0,35.0,1
15.0,607.0,45.0,43.0,1.0,715.0,65.0,1
6.0,5175.0,190.0,16.0,3.0,940.0,75.0,1
15.0,3228.0,129.0,175.0,6.0,915.0,145.0,1
5.0,2230.0,16.0,172.0,3.0,647.0,138.0,1
3.0,420.0,213.0,35.0,7.0,825.0,177.0,1
6.0,5409.0,157.0,16.0,6.0,1001.0,88.0,1
15.0,326.0,154.0,153.0,1.0,395.0,60.0,1
6.0,5016.0,16.0,47.0,4.0,815.0,58.0,1
1.0,389.0,80.0,2.0,7.0,1055.0,110.0,1
1.0,2411.0,80.0,154.0,7.0,475.0,205.0,1
16.0,2498.0,2.0,135.0,4.0,880.0,119.0,1
12.0,6443.0,204.0,154.0,7.0,663.0,192.0,1
14.0,1774.0,183.0,60.0,4.0,1155.0,124.0,1
0.0,4186.0,85.0,195.0,6.0,1045.0,87.0,1
12.0,6365.0,208.0,195.0,6.0,961.0,47.0,1
10.0,2901.0,80.0,155.0,4.0,1110.0,70.0,1
6.0,7085.0,121.0,134.0,5.0,618.0,82.0,1
5.0,2978.0,243.0,261.0,5.0,993.0,108.0,1
11.0,6774.0,78.0,22.0,6.0,660.0,79.0,1
10.0,2920.0,62.0,80.0,1.0,440.0,145.0,1
1.0,1495.0,147.0,80.0,4.0,425.0,175.0,1
0.0,4361.0,221.0,177.0,7.0,710.0,135.0,1
14.0,1656.0,43.0,60.0,1.0,385.0,116.0,1
6.0,5206.0,52.0,16.0,1.0,811.0,58.0,1
15.0,2233.0,173.0,175.0,6.0,720.0,170.0,1
16.0,2985.0,96.0,85.0,4.0,1260.0,124.0,1
13.0,170.0,154.0,253.0,3.0,1060.0,89.0,1
16.0,2563.0,268.0,135.0,1.0,525.0,127.0,1
5.0,1064.0,16.0,186.0,6.0,1250.0,92.0,1
0.0,4332.0,177.0,16.0,1.0,716.0,88.0,1
1.0,1287.0,80.0,207.0,6.0,580.0,190.0,1
0.0,3681.0,85.0,82.0,3.0,1175.0,124.0,1
8.0,65.0,134.0,16.0,4.0,1178.0,117.0,1
15.0,1160.0,170.0,153.0,6.0,675.0,145.0,1
1.0,848.0,2.0,80.0,3.0,860.0,100.0,1
15.0,1635.0,45.0,61.0,6.0,840.0,80.0,1
6.0,5327.0,177.0,132.0,6.0,570.0,62.0,1
6.0,4950.0,16.0,157.0,3.0,730.0,74.0,1
17.0,2933.0,2.0,217.0,7.0,370.0,76.0,1
12.0,4447.0,153.0,154.0,5.0,1060.0,75.0,1
5.0,1481.0,148.0,217.0,7.0,1185.0,358.0,1
0.0,4003.0,177.0,204.0,6.0,815.0,101.0,1
5.0,749.0,145.0,261.0,4.0,420.0,57.0,1
15.0,3159.0,172.0,243.0,4.0,1200.0,220.0,1
15.0,2807.0,153.0,2.0,5.0,725.0,85.0,1
12.0,6964.0,214.0,252.0,1.0,440.0,50.0,1
15.0,2964.0,202.0,44.0,1.0,1050.0,65.0,1
15.0,1434.0,175.0,268.0,4.0,890.0,65.0,1
16.0,3124.0,78.0,58.0,3.0,615.0,70.0,1
15.0,1022.0,79.0,153.0,3.0,1035.0,115.0,1
13.0,380.0,198.0,134.0,4.0,1058.0,153.0,1
13.0,798.0,154.0,253.0,4.0,1167.0,87.0,1
15.0,2005.0,153.0,61.0,4.0,615.0,230.0,1
6.0,5095.0,16.0,33.0,5.0,815.0,66.0,1
8.0,177.0,16.0,241.0,4.0,789.0,93.0,1
5.0,335.0,60.0,16.0,6.0,1022.0,88.0,1
15.0,2015.0,243.0,175.0,5.0,445.0,240.0,1
5.0,2961.0,16.0,74.0,3.0,1295.0,77.0,1
6.0,5602.0,19.0,16.0,1.0,991.0,65.0,1
17.0,2827.0,177.0,217.0,1.0,870.0,214.0,1
1.0,1247.0,35.0,208.0,1.0,510.0,180.0,1
12.0,6846.0,253.0,246.0,4.0,652.0,76.0,1
15.0,587.0,79.0,45.0,3.0,1105.0,200.0,1
4.0,574.0,135.0,221.0,5.0,1135.0,157.0,1
15.0,386.0,216.0,277.0,1.0,625.0,175.0,1
13.0,329.0,84.0,79.0,7.0,950.0,120.0,1
16.0,2925.0,96.0,251.0,5.0,920.0,139.0,1
14.0,996.0,60.0,221.0,7.0,590.0,87.0,1
12.0,6997.0,184.0,208.0,1.0,360.0,44.0,1
1.0,806.0,79.0,80.0,4.0,720.0,115.0,1
17.0,2652.0,60.0,162.0,3.0,880.0,131.0,1
1.0,1442.0,208.0,78.0,1.0,1000.0,105.0,1
12.0,6434.0,248.0,154.0,7.0,392.0,62.0,1
16.0,2747.0,96.0,33.0,5.0,1200.0,155.0,1
4.0,1130.0,80.0,96.0,6.0,420.0,195.0,1
1.0,1159.0,80.0,65.0,1.0,1090.0,115.0,1
12.0,7801.0,282.0,261.0,7.0,570.0,60.0,1
16.0,5999.0,208.0,279.0,3.0,715.0,118.0,1
15.0,380.0,146.0,129.0,5.0,1100.0,85.0,1
1.0,669.0,60.0,80.0,6.0,750.0,175.0,1
5.0,2776.0,177.0,198.0,3.0,1180.0,77.0,1
12.0,6297.0,227.0,79.0,5.0,684.0,131.0,1
3.0,681.0,35.0,78.0,3.0,580.0,101.0,1
5.0,2382.0,183.0,148.0,7.0,1140.0,180.0,1
16.0,2870.0,58.0,35.0,5.0,690.0,94.0,1
10.0,3020.0,100.0,154.0,5.0,555.0,65.0,1
11.0,6354.0,71.0,94.0,1.0,810.0,59.0,1
16.0,2837.0,172.0,58.0,7.0,1189.0,103.0,1
16.0,2320.0,135.0,91.0,3.0,1280.0,118.0,1
15.0,2882.0,147.0,277.0,4.0,850.0,55.0,1
2.0,15.0,35.0,252.0,1.0,1095.0,379.0,1
17.0,2876.0,246.0,217.0,5.0,760.0,89.0,1
10.0,2755.0,32.0,80.0,4.0,925.0,135.0,1
15.0,1308.0,268.0,241.0,5.0,1070.0,145.0,1
15.0,3333.0,18.0,75.0,1.0,1010.0,55.0,1
4.0,1054.0,96.0,213.0,4.0,695.0,178.0,1
12.0,6876.0,214.0,79.0,4.0,683.0,145.0,1
12.0,7767.0,110.0,235.0,7.0,393.0,77.0,1
4.0,197.0,135.0,153.0,1.0,720.0,202.0,1
5.0,2597.0,234.0,16.0,3.0,340.0,109.0,1
12.0,4884.0,261.0,137.0,7.0,823.0,57.0,1
3.0,90.0,202.0,148.0,5.0,1285.0,317.0,1
15.0,826.0,261.0,217.0,3.0,1195.0,100.0,1
10.0,3306.0,47.0,80.0,7.0,670.0,180.0,1
16.0,2517.0,245.0,96.0,7.0,1148.0,127.0,1
10.0,4199.0,94.0,208.0,3.0,375.0,85.0,1
7.0,173.0,79.0,280.0,4.0,1270.0,113.0,1
16.0,2385.0,38.0,135.0,4.0,1013.0,82.0,1
15.0,2871.0,75.0,2.0,5.0,1070.0,115.0,1
8.0,942.0,238.0,45.0,1.0,360.0,83.0,1
10.0,4430.0,233.0,78.0,3.0,815.0,55.0,1
15.0,2879.0,154.0,153.0,1.0,675.0,60.0,1
1.0,2355.0,208.0,80.0,6.0,1265.0,150.0,1
12.0,6302.0,154.0,227.0,7.0,879.0,49.0,1
5.0,1687.0,197.0,243.0,3.0,550.0,233.0,1
16.0,2865.0,184.0,135.0,6.0,335.0,172.0,1
14.0,1137.0,216.0,198.0,7.0,1195.0,192.0,1
15.0,1453.0,202.0,243.0,6.0,1005.0,85.0,1
10.0,4100.0,285.0,208.0,6.0,420.0,110.0,1
15.0,1113.0,159.0,175.0,1.0,795.0,155.0,1
5.0,1831.0,214.0,261.0,6.0,360.0,107.0,1
14.0,1225.0,45.0,60.0,4.0,1040.0,87.0,1
12.0,6576.0,135.0,79.0,6.0,532.0,159.0,1
2.0,477.0,154.0,252.0,1.0,380.0,165.0,1
15.0,8.0,131.0,129.0,5.0,385.0,60.0,1
15.0,1221.0,221.0,175.0,5.0,1140.0,110.0,1
15.0,735.0,79.0,214.0,3.0,515.0,175.0,1
5.0,61.0,148.0,16.0,3.0,1005.0,170.0,1
6.0,5522.0,136.0,16.0,3.0,400.0,129.0,1
10.0,3702.0,208.0,79.0,5.0,735.0,160.0,1
10.0,3221.0,184.0,80.0,4.0,925.0,165.0,1
14.0,2127.0,35.0,159.0,6.0,720.0,72.0,1
5.0,2179.0,78.0,261.0,3.0,1050.0,295.0,1
13.0,828.0,79.0,96.0,3.0,1060.0,226.0,1
10.0,4152.0,21.0,208.0,1.0,370.0,60.0,1
0.0,4350.0,16.0,121.0,3.0,1315.0,56.0,1
15.0,3333.0,131.0,18.0,3.0,920.0,60.0,1
2.0,522.0,252.0,44.0,3.0,470.0,145.0,1
1.0,558.0,80.0,96.0,1.0,690.0,215.0,1
8.0,170.0,241.0,16.0,1.0,686.0,109.0,1
5.0,1859.0,148.0,16.0,6.0,495.0,163.0,1
15.0,943.0,268.0,172.0,4.0,425.0,70.0,1
10.0,4293.0,52.0,208.0,7.0,660.0,105.0,1
1.0,452.0,183.0,35.0,4.0,405.0,180.0,1
5.0,1893.0,85.0,16.0,6.0,535.0,133.0,1
5.0,2087.0,16.0,241.0,1.0,810.0,99.0,1
6.0,5075.0,174.0,16.0,4.0,375.0,133.0,1
15.0,448.0,153.0,175.0,3.0,1045.0,210.0,1
1.0,1056.0,279.0,80.0,7.0,360.0,70.0,1
16.0,2974.0,135.0,172.0,5.0,630.0,113.0,1
12.0,4599.0,197.0,112.0,6.0,1180.0,74.0,1
12.0,6628.0,79.0,27.0,7.0,656.0,147.0,1
15.0,2798.0,228.0,277.0,3.0,1055.0,200.0,1
1.0,835.0,139.0,80.0,4.0,900.0,145.0,1
13.0,272.0,253.0,154.0,3.0,442.0,92.0,1
13.0,594.0,61.0,208.0,3.0,425.0,84.0,1
15.0,2015.0,175.0,182.0,7.0,840.0,125.0,1
0.0,3730.0,16.0,162.0,1.0,685.0,106.0,1
12.0,4736.0,197.0,221.0,5.0,955.0,120.0,1
12.0,6631.0,208.0,184.0,4.0,634.0,42.0,1
0.0,3932.0,71.0,247.0,1.0,560.0,56.0,1
7.0,318.0,184.0,78.0,5.0,1199.0,110.0,1
12.0,6817.0,44.0,79.0,4.0,483.0,136.0,1
13.0,692.0,243.0,79.0,7.0,1043.0,139.0,1
9.0,374.0,161.0,128.0,7.0,913.0,32.0,1
10.0,3972.0,281.0,208.0,5.0,530.0,85.0,1
1.0,1918.0,277.0,208.0,3.0,950.0,170.0,1
1.0,1945.0,16.0,183.0,7.0,1110.0,130.0,1
0.0,4167.0,16.0,177.0,4.0,645.0,91.0,1
7.0,479.0,184.0,153.0,4.0,880.0,235.0,1
4.0,118.0,96.0,277.0,4.0,725.0,180.0,1
11.0,6331.0,21.0,85.0,6.0,495.0,63.0,1
10.0,3634.0,60.0,183.0,1.0,580.0,135.0,1
15.0,693.0,217.0,202.0,1.0,790.0,125.0,1
1.0,202.0,154.0,183.0,7.0,430.0,285.0,1
8.0,67.0,134.0,16.0,7.0,913.0,115.0,1
12.0,7765.0,220.0,261.0,6.0,735.0,53.0,1
5.0,2345.0,71.0,153.0,4.0,555.0,269.0,1
6.0,5330.0,132.0,16.0,7.0,860.0,73.0,1
12.0,6505.0,163.0,253.0,5.0,315.0,95.0,1
17.0,2916.0,227.0,217.0,4.0,1000.0,83.0,1
14.0,711.0,216.0,154.0,4.0,960.0,363.0,1
14.0,1559.0,221.0,216.0,1.0,570.0,74.0,1
12.0,4450.0,137.0,261.0,5.0,810.0,51.0,1
0.0,4334.0,71.0,147.0,1.0,810.0,113.0,1
12.0,6475.0,154.0,292.0,3.0,976.0,70.0,1
16.0,2658.0,80.0,58.0,5.0,1160.0,147.0,1
3.0,908.0,208.0,148.0,5.0,675.0,125.0,1
13.0,647.0,134.0,253.0,3.0,1167.0,368.0,1
11.0,6264.0,22.0,71.0,6.0,345.0,133.0,1
5.0,1694.0,16.0,216.0,4.0,445.0,120.0,1
5.0,2584.0,268.0,261.0,4.0,480.0,202.0,1
10.0,4316.0,208.0,279.0,5.0,735.0,120.0,1
14.0,1435.0,78.0,60.0,5.0,640.0,90.0,1
11.0,6356.0,177.0,233.0,5.0,1132.0,111.0,1
1.0,1352.0,18.0,80.0,6.0,420.0,65.0,1
10.0,4320.0,204.0,208.0,4.0,1025.0,135.0,1
1.0,1486.0,153.0,80.0,5.0,495.0,160.0,1
10.0,4217.0,204.0,208.0,7.0,690.0,125.0,1
14.0,1670.0,16.0,60.0,6.0,835.0,78.0,1
13.0,454.0,161.0,79.0,6.0,1268.0,415.0,1
13.0,604.0,208.0,78.0,3.0,477.0,111.0,1
15.0,117.0,243.0,262.0,7.0,535.0,95.0,1
12.0,6747.0,262.0,253.0,4.0,644.0,48.0,1
1.0,1494.0,80.0,104.0,5.0,660.0,155.0,1
8.0,557.0,43.0,16.0,5.0,360.0,135.0,1
15.0,871.0,243.0,253.0,5.0,1030.0,90.0,1
1.0,2036.0,65.0,80.0,4.0,790.0,110.0,1
15.0,1151.0,277.0,175.0,7.0,1195.0,165.0,1
1.0,399.0,80.0,253.0,4.0,945.0,240.0,1
4.0,611.0,96.0,135.0,1.0,330.0,233.0,1
11.0,6726.0,60.0,71.0,1.0,800.0,105.0,1
16.0,2470.0,135.0,197.0,4.0,490.0,162.0,1
12.0,4884.0,261.0,137.0,3.0,823.0,57.0,1
15.0,1132.0,18.0,217.0,3.0,410.0,160.0,1
0.0,3718.0,92.0,85.0,5.0,350.0,65.0,1
15.0,1434.0,175.0,268.0,5.0,890.0,65.0,1
12.0,6504.0,247.0,208.0,1.0,555.0,47.0,1
0.0,4016.0,175.0,85.0,6.0,971.0,84.0,1
15.0,51.0,162.0,75.0,4.0,1045.0,70.0,1
13.0,160.0,79.0,205.0,1.0,824.0,88.0,1
15.0,647.0,217.0,79.0,3.0,360.0,105.0,1
15.0,32.0,129.0,75.0,1.0,840.0,55.0,1
11.0,6491.0,159.0,147.0,5.0,830.0,169.0,1
10.0,2830.0,223.0,80.0,6.0,385.0,125.0,1
15.0,910.0,33.0,27.0,7.0,1040.0,50.0,1
15.0,249.0,244.0,75.0,3.0,800.0,60.0,1
15.0,380.0,253.0,79.0,4.0,370.0,155.0,1
5.0,2709.0,71.0,104.0,4.0,555.0,149.0,1
11.0,6375.0,16.0,120.0,1.0,1040.0,73.0,1
15.0,1763.0,216.0,233.0,5.0,845.0,80.0,1
3.0,1264.0,18.0,35.0,6.0,985.0,218.0,1
16.0,5989.0,208.0,247.0,1.0,628.0,43.0,1
1.0,1931.0,253.0,154.0,5.0,875.0,80.0,1
3.0,454.0,104.0,35.0,4.0,720.0,182.0,1
6.0,5489.0,16.0,115.0,1.0,776.0,69.0,1
6.0,7108.0,229.0,134.0,4.0,330.0,114.0,1
6.0,5168.0,16.0,19.0,6.0,757.0,56.0,1
16.0,3151.0,285.0,135.0,1.0,710.0,139.0,1
15.0,1156.0,33.0,87.0,7.0,1105.0,80.0,1
15.0,1057.0,44.0,153.0,1.0,720.0,60.0,1
17.0,2956.0,2.0,217.0,7.0,930.0,76.0,1
10.0,4500.0,290.0,159.0,4.0,1075.0,180.0,1
5.0,2795.0,261.0,243.0,4.0,905.0,108.0,1
2.0,373.0,262.0,252.0,4.0,780.0,110.0,1
12.0,4847.0,240.0,197.0,5.0,450.0,52.0,1
6.0,5075.0,174.0,16.0,1.0,375.0,133.0,1
2.0,507.0,264.0,252.0,6.0,960.0,165.0,1
1.0,728.0,80.0,159.0,7.0,755.0,200.0,1
12.0,6355.0,154.0,246.0,4.0,966.0,44.0,1
0.0,4399.0,107.0,197.0,3.0,665.0,66.0,1
6.0,4990.0,27.0,16.0,4.0,840.0,67.0,1
17.0,2894.0,217.0,83.0,3.0,596.0,113.0,1
15.0,860.0,184.0,217.0,4.0,840.0,235.0,1
5.0,1434.0,16.0,146.0,5.0,1365.0,79.0,1
3.0,424.0,213.0,35.0,4.0,1202.0,170.0,1
4.0,754.0,96.0,213.0,4.0,780.0,172.0,1
16.0,2916.0,135.0,205.0,6.0,545.0,124.0,1
1.0,434.0,80.0,279.0,1.0,925.0,60.0,1
15.0,225.0,277.0,268.0,3.0,705.0,145.0,1
8.0,510.0,159.0,184.0,6.0,974.0,145.0,1
10.0,2759.0,80.0,68.0,4.0,890.0,80.0,1
14.0,868.0,147.0,216.0,1.0,1030.0,129.0,1
1.0,1637.0,208.0,280.0,3.0,565.0,235.0,1
14.0,1521.0,45.0,60.0,5.0,325.0,83.0,1
1.0,8.0,128.0,80.0,7.0,1100.0,425.0,1
1.0,726.0,91.0,80.0,3.0,465.0,105.0,1
15.0,1440.0,243.0,153.0,4.0,1230.0,70.0,1
1.0,841.0,260.0,183.0,5.0,805.0,165.0,1
9.0,546.0,128.0,203.0,7.0,1008.0,37.0,1
1.0,608.0,243.0,80.0,4.0,385.0,185.0,1
4.0,1187.0,96.0,208.0,4.0,1155.0,160.0,1
5.0,1604.0,261.0,33.0,5.0,1030.0,193.0,1
6.0,5371.0,16.0,254.0,3.0,825.0,117.0,1
5.0,2537.0,35.0,173.0,5.0,880.0,204.0,1
12.0,6843.0,86.0,72.0,6.0,345.0,32.0,1
9.0,132.0,203.0,143.0,1.0,569.0,36.0,1
8.0,649.0,45.0,213.0,7.0,505.0,150.0,1
3.0,371.0,159.0,104.0,1.0,360.0,174.0,1
8.0,135.0,16.0,277.0,4.0,610.0,90.0,1
10.0,4227.0,84.0,208.0,1.0,675.0,80.0,1
0.0,3874.0,16.0,268.0,3.0,735.0,104.0,1
4.0,1586.0,135.0,173.0,6.0,1130.0,130.0,1
13.0,839.0,208.0,154.0,4.0,1122.0,270.0,1
14.0,7.0,252.0,217.0,3.0,685.0,167.0,1
15.0,1340.0,79.0,258.0,6.0,785.0,165.0,1
1.0,620.0,80.0,244.0,7.0,855.0,65.0,1
10.0,3330.0,254.0,80.0,5.0,960.0,85.0,1
14.0,1295.0,78.0,147.0,4.0,1195.0,127.0,1
15.0,759.0,2.0,79.0,3.0,770.0,75.0,1
0.0,3934.0,279.0,177.0,3.0,380.0,83.0,1
15.0,1217.0,277.0,45.0,4.0,1100.0,130.0,1
12.0,6527.0,79.0,199.0,1.0,689.0,56.0,1
1.0,2023.0,172.0,80.0,7.0,805.0,95.0,1
3.0,191.0,148.0,153.0,3.0,435.0,349.0,1
14.0,1167.0,221.0,60.0,7.0,935.0,92.0,1
6.0,5113.0,16.0,81.0,7.0,590.0,65.0,1
1.0,1687.0,148.0,183.0,4.0,1199.0,200.0,1
16.0,2572.0,135.0,54.0,3.0,820.0,131.0,1
5.0,2016.0,79.0,16.0,7.0,960.0,173.0,1
12.0,6829.0,262.0,253.0,3.0,362.0,48.0,1
16.0,2764.0,96.0,268.0,4.0,1020.0,175.0,1
5.0,1211.0,85.0,197.0,1.0,445.0,125.0,1
0.0,3914.0,139.0,85.0,1.0,900.0,83.0,1
6.0,4971.0,205.0,16.0,3.0,1048.0,142.0,1
13.0,170.0,154.0,253.0,1.0,1060.0,89.0,1
5.0,2621.0,261.0,154.0,3.0,1205.0,122.0,1
6.0,4996.0,16.0,54.0,6.0,891.0,73.0,1
15.0,301.0,217.0,264.0,7.0,555.0,80.0,1
1.0,1259.0,18.0,80.0,7.0,630.0,70.0,1
17.0,2635.0,74.0,60.0,7.0,1014.0,94.0,1
14.0,1823.0,60.0,213.0,3.0,1205.0,111.0,1
16.0,2436.0,147.0,135.0,4.0,695.0,149.0,1
14.0,956.0,104.0,216.0,1.0,705.0,158.0,1
7.0,225.0,79.0,262.0,1.0,505.0,154.0,1
17.0,2773.0,217.0,227.0,7.0,520.0,67.0,1
6.0,7136.0,134.0,159.0,5.0,497.0,75.0,1
5.0,2588.0,16.0,262.0,6.0,510.0,327.0,1
16.0,3125.0,41.0,135.0,3.0,945.0,74.0,1
5.0,2709.0,71.0,104.0,7.0,555.0,149.0,1
15.0,2276.0,153.0,261.0,7.0,400.0,80.0,1
12.0,6330.0,207.0,253.0,4.0,360.0,85.0,1
15.0,2095.0,75.0,162.0,5.0,495.0,60.0,1
8.0,870.0,197.0,16.0,5.0,1084.0,151.0,1
16.0,2789.0,42.0,96.0,7.0,573.0,74.0,1
2.0,867.0,252.0,203.0,4.0,985.0,369.0,1
6.0,5571.0,16.0,256.0,4.0,1000.0,114.0,1
12.0,4715.0,197.0,112.0,4.0,1305.0,75.0,1
15.0,1118.0,129.0,91.0,7.0,1055.0,120.0,1
1.0,2423.0,208.0,172.0,7.0,870.0,90.0,1
5.0,1279.0,177.0,153.0,7.0,840.0,226.0,1
12.0,6301.0,154.0,227.0,6.0,691.0,50.0,1
14.0,1027.0,173.0,216.0,3.0,835.0,145.0,1
5.0,571.0,16.0,269.0,5.0,600.0,226.0,1
0.0,3708.0,198.0,16.0,6.0,900.0,92.0,1
1.0,1352.0,80.0,204.0,5.0,535.0,55.0,1
12.0,6518.0,136.0,208.0,1.0,636.0,109.0,1
15.0,2850.0,173.0,251.0,6.0,515.0,130.0,1
13.0,603.0,78.0,208.0,3.0,420.0,127.0,1
14.0,187.0,243.0,217.0,4.0,1145.0,77.0,1
15.0,961.0,207.0,202.0,4.0,625.0,75.0,1
1.0,2238.0,208.0,183.0,5.0,740.0,185.0,1
15.0,204.0,45.0,268.0,7.0,1155.0,145.0,1
16.0,3120.0,135.0,162.0,5.0,790.0,76.0,1
16.0,2370.0,96.0,197.0,6.0,560.0,197.0,1
12.0,4694.0,153.0,261.0,7.0,1275.0,88.0,1
15.0,1678.0,236.0,252.0,7.0,815.0,115.0,1
1.0,1700.0,135.0,183.0,5.0,620.0,140.0,1
1.0,662.0,80.0,85.0,3.0,1180.0,155.0,1
1.0,1341.0,208.0,253.0,4.0,435.0,285.0,1
5.0,1432.0,45.0,177.0,5.0,375.0,147.0,1
17.0,1036.0,128.0,143.0,1.0,680.0,49.0,1
15.0,718.0,175.0,258.0,5.0,1145.0,295.0,1
13.0,981.0,134.0,135.0,1.0,499.0,206.0,1
4.0,1087.0,173.0,135.0,6.0,395.0,150.0,1
14.0,395.0,153.0,80.0,1.0,705.0,158.0,1
13.0,88.0,253.0,96.0,6.0,854.0,341.0,1
14.0,638.0,217.0,207.0,5.0,890.0,74.0,1
10.0,2788.0,80.0,180.0,5.0,1160.0,105.0,1
13.0,191.0,173.0,208.0,6.0,650.0,174.0,1
12.0,6987.0,208.0,33.0,6.0,965.0,85.0,1
5.0,2437.0,60.0,16.0,1.0,360.0,82.0,1
8.0,778.0,153.0,16.0,1.0,785.0,230.0,1
16.0,2250.0,58.0,228.0,1.0,675.0,92.0,1
15.0,1043.0,58.0,45.0,7.0,955.0,75.0,1
4.0,233.0,159.0,135.0,3.0,1139.0,237.0,1
5.0,1163.0,96.0,85.0,4.0,420.0,128.0,1
1.0,580.0,79.0,208.0,6.0,1030.0,145.0,1
1.0,1684.0,33.0,159.0,4.0,1060.0,125.0,1
11.0,6484.0,16.0,120.0,5.0,1319.0,90.0,1
5.0,2119.0,159.0,197.0,7.0,485.0,192.0,1
17.0,2672.0,60.0,138.0,6.0,870.0,57.0,1
1.0,655.0,148.0,269.0,6.0,540.0,250.0,1
2.0,55.0,39.0,14.0,5.0,671.0,111.0,1
1.0,1154.0,80.0,136.0,7.0,765.0,75.0,1
3.0,82.0,252.0,148.0,7.0,1307.0,301.0,1
17.0,2653.0,209.0,60.0,3.0,825.0,85.0,1
13.0,679.0,159.0,208.0,4.0,720.0,158.0,1
1.0,1660.0,80.0,139.0,1.0,455.0,120.0,1
5.0,2074.0,173.0,197.0,4.0,728.0,207.0,1
1.0,1904.0,208.0,183.0,3.0,1005.0,185.0,1
5.0,1146.0,16.0,54.0,4.0,1366.0,64.0,1
14.0,865.0,216.0,173.0,4.0,1240.0,154.0,1
1.0,2094.0,80.0,173.0,4.0,1040.0,150.0,1
2.0,15.0,35.0,252.0,4.0,1095.0,379.0,1
15.0,655.0,153.0,280.0,1.0,630.0,75.0,1
0.0,4363.0,221.0,71.0,1.0,700.0,80.0,1
12.0,4677.0,261.0,44.0,4.0,690.0,120.0,1
5.0,2555.0,159.0,213.0,4.0,419.0,186.0,1
17.0,2762.0,280.0,217.0,7.0,480.0,54.0,1
14.0,1886.0,216.0,35.0,5.0,1035.0,79.0,1
15.0,857.0,45.0,141.0,3.0,715.0,60.0,1
4.0,798.0,96.0,253.0,5.0,525.0,401.0,1
14.0,486.0,217.0,79.0,5.0,585.0,109.0,1
5.0,3.0,261.0,148.0,6.0,515.0,285.0,1
11.0,6256.0,197.0,33.0,3.0,805.0,135.0,1
15.0,1099.0,202.0,172.0,7.0,645.0,200.0,1
8.0,984.0,16.0,221.0,6.0,630.0,98.0,1
15.0,1587.0,217.0,44.0,4.0,1235.0,85.0,1
15.0,1013.0,214.0,217.0,3.0,395.0,155.0,1
6.0,5130.0,16.0,223.0,4.0,505.0,80.0,1
11.0,6315.0,173.0,233.0,5.0,565.0,110.0,1
15.0,1691.0,175.0,58.0,5.0,665.0,75.0,1
15.0,394.0,236.0,153.0,7.0,550.0,80.0,1
8.0,849.0,16.0,173.0,5.0,991.0,90.0,1
14.0,1993.0,228.0,60.0,5.0,1135.0,136.0,1
16.0,2536.0,16.0,96.0,3.0,600.0,142.0,1
1.0,607.0,35.0,208.0,1.0,1035.0,185.0,1
5.0,730.0,54.0,16.0,1.0,1085.0,85.0,1
1.0,836.0,80.0,78.0,1.0,510.0,160.0,1
16.0,3094.0,135.0,121.0,5.0,635.0,121.0,1
10.0,2746.0,38.0,80.0,5.0,745.0,95.0,1
5.0,2211.0,16.0,80.0,4.0,810.0,145.0,1
15.0,718.0,182.0,175.0,3.0,1005.0,165.0,1
5.0,1828.0,16.0,175.0,3.0,900.0,117.0,1
15.0,2987.0,45.0,182.0,1.0,715.0,75.0,1
0.0,3862.0,244.0,177.0,5.0,345.0,119.0,1
15.0,1633.0,280.0,175.0,4.0,545.0,200.0,1
1.0,2352.0,80.0,208.0,7.0,845.0,135.0,1
5.0,2965.0,148.0,253.0,5.0,435.0,385.0,1
3.0,61.0,148.0,104.0,3.0,772.0,184.0,1
8.0,1743.0,173.0,221.0,1.0,669.0,133.0,1
14.0,1995.0,139.0,60.0,4.0,1035.0,94.0,1
13.0,263.0,198.0,154.0,7.0,1159.0,261.0,1
7.0,327.0,35.0,184.0,1.0,1055.0,164.0,1
10.0,3355.0,80.0,165.0,5.0,590.0,85.0,1
12.0,6960.0,230.0,79.0,7.0,738.0,69.0,1
1.0,1426.0,80.0,244.0,7.0,925.0,70.0,1
1.0,1415.0,277.0,80.0,7.0,990.0,170.0,1
1.0,202.0,154.0,183.0,5.0,430.0,285.0,1
12.0,4703.0,261.0,154.0,6.0,1010.0,114.0,1
2.0,184.0,98.0,14.0,7.0,720.0,67.0,1
1.0,2211.0,80.0,214.0,7.0,1280.0,245.0,1
1.0,1820.0,135.0,80.0,4.0,725.0,65.0,1
13.0,360.0,208.0,134.0,6.0,670.0,110.0,1
12.0,6937.0,79.0,83.0,7.0,708.0,64.0,1
11.0,6319.0,35.0,233.0,3.0,1125.0,149.0,1
11.0,6680.0,17.0,85.0,5.0,420.0,79.0,1
14.0,652.0,217.0,264.0,7.0,525.0,81.0,1
12.0,6534.0,137.0,79.0,7.0,813.0,89.0,1
16.0,2827.0,170.0,135.0,5.0,325.0,85.0,1
3.0,462.0,241.0,35.0,1.0,657.0,179.0,1
5.0,1236.0,221.0,85.0,3.0,1165.0,80.0,1
15.0,309.0,277.0,172.0,1.0,500.0,175.0,1
15.0,1067.0,202.0,243.0,4.0,360.0,85.0,1
15.0,1657.0,91.0,244.0,3.0,375.0,80.0,1
13.0,614.0,208.0,78.0,4.0,785.0,105.0,1
10.0,2811.0,80.0,13.0,1.0,800.0,70.0,1
15.0,3323.0,252.0,202.0,3.0,1275.0,120.0,1
1.0,462.0,183.0,78.0,7.0,980.0,145.0,1
2.0,372.0,252.0,262.0,7.0,1195.0,106.0,1
5.0,1029.0,76.0,16.0,5.0,807.0,108.0,1
16.0,2575.0,197.0,135.0,4.0,1000.0,177.0,1
1.0,1120.0,208.0,268.0,4.0,840.0,65.0,1
10.0,3303.0,80.0,187.0,3.0,1115.0,115.0,1
1.0,548.0,208.0,35.0,1.0,775.0,135.0,1
15.0,2675.0,141.0,175.0,7.0,405.0,155.0,1
14.0,735.0,216.0,60.0,4.0,935.0,108.0,1
15.0,2993.0,184.0,45.0,1.0,780.0,120.0,1
1.0,598.0,80.0,233.0,3.0,1175.0,150.0,1
12.0,6373.0,246.0,154.0,7.0,693.0,48.0,1
5.0,1016.0,16.0,175.0,4.0,465.0,109.0,1
5.0,1277.0,16.0,54.0,3.0,1300.0,71.0,1
10.0,3673.0,183.0,60.0,4.0,1005.0,125.0,1
16.0,2536.0,58.0,16.0,1.0,450.0,117.0,1
14.0,794.0,183.0,216.0,5.0,975.0,174.0,1
1.0,2066.0,65.0,80.0,7.0,970.0,110.0,1
10.0,3603.0,183.0,54.0,6.0,1275.0,100.0,1
5.0,2269.0,16.0,173.0,7.0,720.0,87.0,1
14.0,1415.0,238.0,60.0,6.0,505.0,129.0,1
8.0,9.0,173.0,260.0,6.0,700.0,159.0,1
6.0,7118.0,134.0,273.0,4.0,753.0,74.0,1
1.0,1642.0,268.0,78.0,4.0,740.0,110.0,1
7.0,589.0,79.0,261.0,7.0,1270.0,85.0,1
4.0,1880.0,252.0,96.0,4.0,970.0,298.0,1
11.0,6552.0,52.0,85.0,1.0,590.0,99.0,1
11.0,6569.0,195.0,71.0,6.0,480.0,89.0,1
13.0,819.0,96.0,208.0,4.0,420.0,162.0,1
3.0,347.0,148.0,267.0,1.0,809.0,182.0,1
15.0,734.0,79.0,172.0,5.0,385.0,105.0,1
16.0,2430.0,18.0,135.0,6.0,570.0,54.0,1
9.0,47.0,202.0,128.0,7.0,535.0,335.0,1
16.0,2828.0,75.0,135.0,5.0,1140.0,62.0,1
0.0,3843.0,85.0,21.0,5.0,840.0,53.0,1
10.0,2929.0,80.0,41.0,7.0,945.0,80.0,1
5.0,2906.0,177.0,85.0,3.0,828.0,116.0,1
1.0,1921.0,96.0,183.0,7.0,360.0,185.0,1
0.0,3977.0,85.0,195.0,5.0,750.0,90.0,1
1.0,480.0,243.0,80.0,1.0,1070.0,165.0,1
16.0,2678.0,135.0,68.0,7.0,580.0,61.0,1
13.0,203.0,35.0,208.0,1.0,360.0,171.0,1
4.0,733.0,159.0,135.0,1.0,449.0,240.0,1
15.0,2004.0,175.0,79.0,1.0,745.0,160.0,1
4.0,687.0,173.0,135.0,4.0,885.0,149.0,1
8.0,518.0,61.0,16.0,5.0,1112.0,107.0,1
15.0,1172.0,264.0,202.0,3.0,1180.0,80.0,1
13.0,254.0,79.0,208.0,5.0,1045.0,144.0,1
17.0,7252.0,208.0,17.0,1.0,601.0,50.0,1
3.0,191.0,148.0,153.0,1.0,435.0,349.0,1
6.0,5172.0,85.0,204.0,7.0,1185.0,160.0,1
15.0,127.0,104.0,175.0,5.0,495.0,195.0,1
1.0,1204.0,2.0,80.0,7.0,640.0,100.0,1
14.0,1940.0,135.0,60.0,1.0,730.0,145.0,1
16.0,2896.0,146.0,135.0,3.0,944.0,76.0,1
10.0,3926.0,208.0,265.0,3.0,775.0,50.0,1
11.0,6776.0,173.0,233.0,1.0,845.0,105.0,1
6.0,4948.0,186.0,16.0,3.0,890.0,101.0,1
10.0,4579.0,159.0,60.0,5.0,945.0,125.0,1
12.0,4476.0,261.0,111.0,5.0,915.0,106.0,1
5.0,1970.0,16.0,43.0,1.0,815.0,122.0,1
15.0,1486.0,217.0,253.0,5.0,1125.0,125.0,1
17.0,2669.0,177.0,60.0,6.0,766.0,100.0,1
5.0,1658.0,159.0,197.0,4.0,610.0,190.0,1
15.0,1857.0,85.0,175.0,6.0,555.0,75.0,1
14.0,4.0,208.0,217.0,7.0,430.0,244.0,1
15.0,607.0,175.0,153.0,5.0,890.0,245.0,1
2.0,533.0,207.0,252.0,3.0,620.0,161.0,1
1.0,1031.0,104.0,80.0,3.0,1105.0,195.0,1
0.0,3682.0,82.0,85.0,1.0,814.0,111.0,1
13.0,556.0,154.0,253.0,4.0,718.0,92.0,1
6.0,4944.0,48.0,85.0,1.0,815.0,70.0,1
6.0,5072.0,16.0,32.0,5.0,891.0,105.0,1
1.0,2303.0,208.0,80.0,1.0,420.0,155.0,1
10.0,2729.0,80.0,1.0,7.0,745.0,50.0,1
4.0,1426.0,96.0,243.0,7.0,1055.0,374.0,1
10.0,2869.0,80.0,68.0,5.0,1085.0,80.0,1
15.0,3920.0,204.0,79.0,3.0,755.0,100.0,1
14.0,374.0,60.0,148.0,6.0,785.0,119.0,1
14.0,74.0,216.0,252.0,1.0,1070.0,368.0,1
15.0,3247.0,280.0,154.0,4.0,1100.0,95.0,1
15.0,187.0,217.0,104.0,1.0,570.0,250.0,1
1.0,1433.0,22.0,183.0,3.0,380.0,205.0,1
17.0,2667.0,60.0,244.0,1.0,595.0,201.0,1
1.0,1132.0,262.0,80.0,7.0,500.0,200.0,1
1.0,1073.0,136.0,80.0,5.0,690.0,80.0,1
1.0,488.0,252.0,80.0,6.0,370.0,230.0,1
15.0,1793.0,153.0,207.0,6.0,765.0,55.0,1
10.0,4041.0,208.0,32.0,6.0,920.0,50.0,1
0.0,3662.0,197.0,33.0,5.0,1145.0,138.0,1
16.0,2906.0,197.0,58.0,3.0,835.0,105.0,1
12.0,6718.0,79.0,290.0,5.0,618.0,102.0,1
13.0,510.0,153.0,253.0,4.0,360.0,95.0,1
13.0,736.0,253.0,153.0,6.0,360.0,98.0,1
16.0,3143.0,58.0,213.0,5.0,520.0,169.0,1
13.0,125.0,134.0,79.0,3.0,1125.0,240.0,1
10.0,3357.0,190.0,80.0,1.0,360.0,115.0,1
15.0,2821.0,175.0,85.0,6.0,660.0,65.0,1
1.0,2050.0,208.0,183.0,7.0,650.0,190.0,1
15.0,1127.0,18.0,75.0,3.0,390.0,55.0,1
5.0,2239.0,78.0,16.0,7.0,1260.0,121.0,1
11.0,6566.0,234.0,148.0,3.0,375.0,85.0,1
17.0,2696.0,154.0,153.0,5.0,800.0,65.0,1
15.0,2027.0,85.0,79.0,5.0,1115.0,200.0,1
0.0,3806.0,177.0,147.0,4.0,1140.0,105.0,1
15.0,1532.0,153.0,202.0,3.0,1260.0,85.0,1
3.0,408.0,217.0,35.0,7.0,750.0,291.0,1
10.0,3048.0,154.0,243.0,4.0,1240.0,45.0,1
0.0,4276.0,162.0,16.0,1.0,761.0,99.0,1
6.0,7350.0,177.0,204.0,4.0,1165.0,90.0,1
15.0,398.0,45.0,22.0,6.0,685.0,65.0,1
5.0,1316.0,79.0,16.0,6.0,707.0,173.0,1
5.0,1646.0,217.0,16.0,4.0,50.0,212.0,1
0.0,3715.0,175.0,85.0,3.0,1100.0,86.0,1
16.0,2956.0,135.0,18.0,4.0,1380.0,45.0,1
10.0,2882.0,155.0,80.0,3.0,1205.0,65.0,1
14.0,881.0,60.0,104.0,3.0,705.0,127.0,1
5.0,2076.0,173.0,159.0,5.0,645.0,154.0,1
11.0,6301.0,71.0,80.0,7.0,855.0,160.0,1
12.0,6546.0,214.0,179.0,3.0,433.0,61.0,1
8.0,765.0,213.0,16.0,4.0,1007.0,107.0,1
15.0,1027.0,184.0,172.0,3.0,455.0,95.0,1
15.0,2121.0,262.0,252.0,5.0,420.0,115.0,1
15.0,229.0,217.0,2.0,1.0,935.0,65.0,1
16.0,5946.0,251.0,208.0,6.0,808.0,84.0,1
13.0,294.0,253.0,45.0,3.0,862.0,309.0,1
13.0,106.0,154.0,208.0,5.0,515.0,243.0,1
15.0,1254.0,280.0,79.0,1.0,390.0,115.0,1
16.0,2997.0,197.0,96.0,4.0,360.0,158.0,1
8.0,985.0,221.0,16.0,1.0,842.0,114.0,1
13.0,137.0,134.0,154.0,3.0,1130.0,350.0,1
5.0,208.0,183.0,148.0,4.0,730.0,180.0,1
15.0,1839.0,175.0,217.0,3.0,485.0,245.0,1
15.0,1921.0,33.0,233.0,3.0,645.0,80.0,1
11.0,6515.0,147.0,159.0,1.0,995.0,147.0,1
12.0,4612.0,261.0,2.0,4.0,656.0,102.0,1
14.0,1682.0,104.0,60.0,7.0,390.0,115.0,1
12.0,6752.0,208.0,109.0,5.0,1060.0,55.0,1
15.0,3243.0,213.0,141.0,1.0,460.0,160.0,1
15.0,679.0,244.0,217.0,6.0,960.0,155.0,1
10.0,2863.0,80.0,71.0,3.0,740.0,130.0,1
10.0,4529.0,35.0,148.0,6.0,1110.0,90.0,1
12.0,6815.0,253.0,51.0,1.0,712.0,93.0,1
8.0,119.0,16.0,277.0,3.0,721.0,89.0,1
15.0,1847.0,277.0,233.0,4.0,775.0,105.0,1
16.0,2109.0,96.0,85.0,5.0,870.0,119.0,1
16.0,2449.0,177.0,135.0,4.0,999.0,106.0,1
15.0,326.0,33.0,277.0,4.0,840.0,105.0,1
15.0,1022.0,79.0,153.0,1.0,1035.0,115.0,1
14.0,944.0,60.0,58.0,4.0,790.0,100.0,1
11.0,6548.0,148.0,221.0,3.0,885.0,108.0,1
8.0,201.0,16.0,48.0,5.0,803.0,95.0,1
7.0,533.0,79.0,175.0,4.0,510.0,138.0,1
14.0,2031.0,35.0,78.0,4.0,660.0,92.0,1
15.0,646.0,175.0,58.0,7.0,840.0,70.0,1
16.0,2936.0,135.0,10.0,5.0,942.0,56.0,1
8.0,872.0,197.0,16.0,4.0,665.0,146.0,1
3.0,1327.0,35.0,45.0,5.0,1060.0,92.0,1
5.0,1766.0,16.0,106.0,6.0,1248.0,116.0,1
15.0,3419.0,277.0,216.0,4.0,1105.0,150.0,1
0.0,4275.0,188.0,16.0,7.0,955.0,100.0,1
12.0,6988.0,65.0,79.0,4.0,844.0,40.0,1
17.0,7212.0,134.0,238.0,5.0,1040.0,71.0,1
13.0,590.0,208.0,22.0,1.0,821.0,129.0,1
1.0,939.0,233.0,183.0,5.0,805.0,130.0,1
14.0,1586.0,147.0,60.0,3.0,1195.0,88.0,1
10.0,3237.0,121.0,80.0,1.0,700.0,170.0,1
13.0,369.0,79.0,214.0,3.0,705.0,178.0,1
16.0,2347.0,197.0,135.0,6.0,630.0,174.0,1
5.0,2913.0,197.0,85.0,4.0,615.0,105.0,1
5.0,1664.0,268.0,197.0,5.0,460.0,96.0,1
5.0,1856.0,183.0,148.0,4.0,990.0,183.0,1
6.0,5289.0,16.0,146.0,1.0,885.0,85.0,1
16.0,3038.0,135.0,33.0,5.0,1201.0,113.0,1
1.0,1775.0,80.0,264.0,7.0,675.0,195.0,1
0.0,4258.0,85.0,222.0,6.0,1180.0,71.0,1
12.0,4754.0,207.0,261.0,5.0,780.0,104.0,1
15.0,1990.0,45.0,213.0,6.0,1075.0,150.0,1
6.0,5140.0,146.0,85.0,4.0,940.0,130.0,1
16.0,2284.0,135.0,285.0,7.0,1032.0,114.0,1
16.0,3004.0,184.0,58.0,7.0,960.0,73.0,1
12.0,6336.0,253.0,236.0,4.0,544.0,58.0,1
17.0,2829.0,160.0,217.0,7.0,990.0,82.0,1
10.0,4094.0,208.0,273.0,5.0,525.0,110.0,1
15.0,2.0,129.0,75.0,3.0,390.0,55.0,1
16.0,3113.0,205.0,96.0,3.0,988.0,172.0,1
11.0,6430.0,16.0,120.0,7.0,890.0,92.0,1
15.0,2810.0,44.0,262.0,3.0,500.0,80.0,1
8.0,635.0,45.0,76.0,5.0,952.0,89.0,1
6.0,5482.0,69.0,16.0,5.0,955.0,90.0,1
7.0,328.0,184.0,35.0,3.0,822.0,133.0,1
13.0,124.0,154.0,208.0,3.0,1113.0,237.0,1
1.0,8.0,128.0,80.0,5.0,1100.0,425.0,1
1.0,1358.0,208.0,35.0,4.0,1340.0,130.0,1
10.0,2756.0,285.0,80.0,5.0,685.0,155.0,1
10.0,2845.0,71.0,80.0,4.0,1100.0,165.0,1
4.0,1517.0,197.0,135.0,4.0,380.0,182.0,1
1.0,1192.0,80.0,209.0,4.0,815.0,160.0,1
7.0,780.0,153.0,79.0,5.0,1195.0,105.0,1
11.0,6570.0,208.0,148.0,7.0,687.0,149.0,1
3.0,65.0,238.0,148.0,3.0,939.0,81.0,1
16.0,3060.0,135.0,204.0,1.0,605.0,80.0,1
1.0,941.0,159.0,183.0,6.0,425.0,195.0,1
10.0,2985.0,11.0,80.0,1.0,380.0,175.0,1
15.0,795.0,204.0,129.0,5.0,1075.0,80.0,1
3.0,12.0,104.0,148.0,4.0,720.0,169.0,1
1.0,555.0,61.0,80.0,3.0,420.0,180.0,1
1.0,502.0,80.0,241.0,4.0,555.0,145.0,1
16.0,2423.0,27.0,135.0,1.0,990.0,114.0,1
5.0,2849.0,85.0,252.0,5.0,1175.0,305.0,1
5.0,2799.0,197.0,217.0,3.0,875.0,201.0,1
1.0,1851.0,78.0,183.0,1.0,365.0,160.0,1
11.0,6274.0,197.0,82.0,1.0,675.0,57.0,1
2.0,533.0,207.0,252.0,5.0,620.0,161.0,1
10.0,4662.0,159.0,16.0,5.0,1185.0,165.0,1
1.0,1069.0,233.0,80.0,6.0,1120.0,190.0,1
1.0,1231.0,216.0,208.0,6.0,990.0,150.0,1
12.0,6749.0,230.0,79.0,1.0,362.0,76.0,1
15.0,3668.0,202.0,214.0,5.0,945.0,100.0,1
11.0,6747.0,234.0,148.0,3.0,795.0,85.0,1
14.0,371.0,217.0,262.0,5.0,1265.0,122.0,1
3.0,688.0,78.0,35.0,7.0,1080.0,83.0,1
5.0,1542.0,252.0,148.0,1.0,395.0,322.0,1
15.0,174.0,44.0,262.0,3.0,675.0,80.0,1
15.0,130.0,280.0,154.0,3.0,730.0,95.0,1
6.0,4975.0,16.0,71.0,6.0,445.0,85.0,1
1.0,1430.0,80.0,277.0,7.0,475.0,135.0,1
3.0,1251.0,35.0,134.0,1.0,509.0,102.0,1
7.0,452.0,184.0,159.0,4.0,1199.0,135.0,1
10.0,2992.0,73.0,80.0,3.0,745.0,115.0,1
16.0,3089.0,60.0,58.0,1.0,850.0,90.0,1
10.0,4651.0,16.0,159.0,1.0,545.0,135.0,1
14.0,192.0,173.0,217.0,5.0,1040.0,288.0,1
12.0,3062.0,184.0,268.0,6.0,778.0,74.0,1
12.0,6838.0,253.0,246.0,7.0,968.0,78.0,1
1.0,890.0,80.0,268.0,5.0,690.0,95.0,1
9.0,279.0,150.0,203.0,3.0,849.0,31.0,1
12.0,4517.0,28.0,261.0,7.0,465.0,83.0,1
7.0,404.0,154.0,79.0,4.0,660.0,134.0,1
15.0,1847.0,277.0,233.0,7.0,775.0,105.0,1
0.0,4104.0,18.0,177.0,7.0,709.0,110.0,1
14.0,1928.0,216.0,228.0,3.0,1240.0,62.0,1
14.0,2129.0,35.0,159.0,3.0,780.0,85.0,1
5.0,1830.0,214.0,261.0,4.0,805.0,105.0,1
1.0,2037.0,33.0,183.0,3.0,360.0,135.0,1
15.0,2291.0,153.0,236.0,7.0,480.0,75.0,1
15.0,3585.0,173.0,228.0,7.0,510.0,155.0,1
2.0,754.0,252.0,268.0,1.0,675.0,225.0,1
10.0,3362.0,155.0,80.0,7.0,970.0,65.0,1
15.0,185.0,139.0,45.0,5.0,395.0,100.0,1
12.0,7053.0,162.0,208.0,6.0,868.0,112.0,1
1.0,2039.0,183.0,208.0,3.0,1255.0,190.0,1
10.0,3266.0,41.0,80.0,3.0,640.0,85.0,1
1.0,30.0,154.0,148.0,6.0,1425.0,314.0,1
16.0,3081.0,42.0,96.0,4.0,373.0,77.0,1
4.0,60.0,135.0,96.0,6.0,725.0,205.0,1
12.0,6387.0,253.0,227.0,7.0,1318.0,79.0,1
16.0,2318.0,135.0,16.0,4.0,1060.0,124.0,1
12.0,4839.0,2.0,261.0,1.0,660.0,94.0,1
14.0,351.0,217.0,197.0,7.0,790.0,186.0,1
8.0,1944.0,184.0,104.0,7.0,935.0,189.0,1
13.0,748.0,154.0,79.0,5.0,861.0,141.0,1
1.0,1831.0,183.0,277.0,6.0,1335.0,60.0,1
8.0,1950.0,104.0,16.0,7.0,1125.0,115.0,1
1.0,632.0,80.0,35.0,1.0,1100.0,200.0,1
15.0,49.0,75.0,129.0,5.0,1110.0,60.0,1
0.0,4191.0,139.0,197.0,7.0,580.0,111.0,1
8.0,619.0,198.0,184.0,3.0,1080.0,135.0,1
5.0,2034.0,16.0,197.0,4.0,1220.0,163.0,1
13.0,933.0,134.0,233.0,5.0,1320.0,71.0,1
6.0,5432.0,162.0,177.0,1.0,1035.0,55.0,1
15.0,1731.0,198.0,154.0,6.0,630.0,260.0,1
12.0,6475.0,154.0,292.0,5.0,976.0,70.0,1
12.0,4458.0,46.0,261.0,5.0,395.0,75.0,1
15.0,225.0,268.0,172.0,4.0,820.0,65.0,1
16.0,2795.0,279.0,135.0,6.0,549.0,87.0,1
5.0,1512.0,16.0,208.0,1.0,885.0,131.0,1
12.0,6906.0,56.0,79.0,6.0,989.0,133.0,1
14.0,1225.0,45.0,60.0,5.0,1040.0,87.0,1
13.0,260.0,252.0,134.0,4.0,784.0,296.0,1
4.0,1790.0,135.0,183.0,5.0,810.0,146.0,1
0.0,4321.0,116.0,177.0,7.0,985.0,84.0,1
5.0,2125.0,45.0,16.0,5.0,750.0,119.0,1
0.0,3822.0,85.0,174.0,6.0,600.0,88.0,1
3.0,1062.0,18.0,148.0,7.0,790.0,220.0,1
6.0,5368.0,180.0,16.0,1.0,1040.0,78.0,1
4.0,332.0,135.0,159.0,6.0,479.0,201.0,1
12.0,4553.0,154.0,153.0,7.0,375.0,70.0,1
8.0,1482.0,173.0,85.0,4.0,986.0,162.0,1
11.0,6746.0,74.0,16.0,6.0,910.0,90.0,1
13.0,636.0,208.0,221.0,4.0,391.0,88.0,1
14.0,367.0,217.0,262.0,6.0,875.0,118.0,1
0.0,3871.0,85.0,273.0,3.0,615.0,82.0,1
15.0,2643.0,154.0,280.0,4.0,460.0,80.0,1
5.0,1012.0,135.0,16.0,6.0,420.0,130.0,1
1.0,375.0,80.0,91.0,7.0,1320.0,100.0,1
12.0,7037.0,67.0,79.0,3.0,378.0,69.0,1
5.0,1184.0,16.0,261.0,3.0,646.0,262.0,1
2.0,460.0,252.0,154.0,6.0,600.0,154.0,1
12.0,4549.0,230.0,261.0,1.0,755.0,98.0,1
12.0,6388.0,79.0,56.0,5.0,968.0,109.0,1
15.0,1838.0,262.0,214.0,3.0,475.0,100.0,1
3.0,173.0,148.0,258.0,6.0,1075.0,397.0,1
13.0,626.0,208.0,216.0,4.0,1086.0,129.0,1
15.0,829.0,153.0,79.0,7.0,1105.0,115.0,1
15.0,1968.0,175.0,129.0,5.0,1155.0,170.0,1
11.0,6698.0,208.0,197.0,4.0,732.0,93.0,1
14.0,2158.0,78.0,159.0,4.0,360.0,60.0,1
10.0,2787.0,165.0,80.0,7.0,935.0,80.0,1
5.0,2489.0,16.0,198.0,7.0,587.0,108.0,1
16.0,5929.0,136.0,208.0,3.0,884.0,110.0,1
15.0,1052.0,258.0,153.0,7.0,865.0,85.0,1
12.0,6719.0,196.0,79.0,3.0,1007.0,119.0,1
15.0,969.0,45.0,182.0,6.0,565.0,80.0,1
15.0,595.0,175.0,251.0,1.0,985.0,65.0,1
10.0,4578.0,60.0,159.0,7.0,530.0,115.0,1
1.0,1511.0,173.0,80.0,3.0,630.0,185.0,1
15.0,3058.0,243.0,258.0,7.0,1080.0,80.0,1
8.0,876.0,197.0,16.0,4.0,947.0,146.0,1
0.0,3707.0,285.0,177.0,6.0,1065.0,84.0,1
14.0,49.0,153.0,78.0,1.0,720.0,267.0,1
13.0,332.0,262.0,208.0,5.0,797.0,243.0,1
12.0,4569.0,197.0,99.0,1.0,825.0,62.0,1
16.0,2692.0,135.0,158.0,5.0,1280.0,53.0,1
15.0,282.0,253.0,154.0,5.0,890.0,75.0,1
5.0,2892.0,243.0,16.0,1.0,460.0,243.0,1
8.0,450.0,16.0,198.0,3.0,1007.0,98.0,1
1.0,2021.0,208.0,260.0,5.0,920.0,275.0,1
16.0,2107.0,85.0,96.0,7.0,1031.0,109.0,1
3.0,616.0,147.0,148.0,1.0,1029.0,140.0,1
15.0,2660.0,280.0,154.0,3.0,480.0,90.0,1
8.0,132.0,277.0,16.0,4.0,380.0,95.0,1
4.0,1512.0,258.0,135.0,3.0,740.0,220.0,1
16.0,2035.0,135.0,221.0,5.0,455.0,158.0,1
14.0,61.0,35.0,60.0,7.0,570.0,148.0,1
7.0,794.0,214.0,79.0,4.0,515.0,143.0,1
10.0,4395.0,33.0,159.0,7.0,620.0,130.0,1
16.0,5915.0,99.0,208.0,3.0,633.0,112.0,1
14.0,2041.0,35.0,78.0,6.0,960.0,92.0,1
13.0,587.0,253.0,264.0,7.0,1087.0,93.0,1
4.0,393.0,173.0,96.0,6.0,480.0,149.0,1
5.0,1944.0,244.0,85.0,4.0,990.0,177.0,1
11.0,6453.0,251.0,71.0,6.0,1035.0,48.0,1
12.0,6641.0,114.0,79.0,5.0,1192.0,54.0,1
6.0,5440.0,16.0,115.0,7.0,898.0,76.0,1
15.0,2198.0,58.0,45.0,4.0,720.0,75.0,1
10.0,2748.0,80.0,121.0,5.0,475.0,125.0,1
10.0,3104.0,154.0,258.0,5.0,675.0,75.0,1
14.0,2028.0,78.0,35.0,5.0,630.0,79.0,1
5.0,1034.0,213.0,16.0,6.0,1061.0,119.0,1
5.0,2355.0,16.0,154.0,4.0,1215.0,307.0,1
6.0,7076.0,245.0,134.0,1.0,615.0,95.0,1
12.0,4665.0,261.0,137.0,5.0,1290.0,54.0,1
3.0,600.0,148.0,229.0,3.0,570.0,81.0,1
1.0,1821.0,183.0,153.0,7.0,485.0,330.0,1
3.0,294.0,160.0,252.0,5.0,665.0,161.0,1
16.0,2426.0,208.0,96.0,1.0,660.0,127.0,1
5.0,1565.0,85.0,16.0,4.0,930.0,132.0,1
5.0,2674.0,173.0,78.0,1.0,1015.0,122.0,1
14.0,660.0,205.0,217.0,3.0,885.0,171.0,1
13.0,176.0,208.0,134.0,4.0,964.0,117.0,1
14.0,1855.0,228.0,60.0,6.0,1020.0,134.0,1
15.0,1336.0,243.0,91.0,6.0,735.0,105.0,1
3.0,592.0,173.0,130.0,7.0,470.0,152.0,1
15.0,2934.0,87.0,129.0,6.0,970.0,115.0,1
15.0,1522.0,228.0,104.0,6.0,890.0,205.0,1
12.0,6463.0,262.0,154.0,1.0,375.0,95.0,1
1.0,1689.0,216.0,183.0,5.0,685.0,170.0,1
10.0,4250.0,20.0,208.0,7.0,410.0,135.0,1
14.0,1899.0,78.0,60.0,3.0,945.0,90.0,1
12.0,7775.0,261.0,255.0,4.0,1290.0,79.0,1
12.0,6583.0,65.0,79.0,6.0,601.0,49.0,1
15.0,764.0,173.0,22.0,7.0,1065.0,155.0,1
1.0,1433.0,183.0,198.0,4.0,640.0,130.0,1
14.0,1007.0,200.0,60.0,3.0,1075.0,63.0,1
7.0,791.0,79.0,214.0,1.0,503.0,169.0,1
0.0,3730.0,16.0,162.0,4.0,685.0,106.0,1
8.0,1204.0,241.0,175.0,5.0,656.0,174.0,1
12.0,4484.0,154.0,243.0,6.0,1290.0,46.0,1
0.0,3866.0,279.0,177.0,5.0,735.0,81.0,1
5.0,2452.0,198.0,159.0,1.0,420.0,175.0,1
5.0,1892.0,277.0,85.0,7.0,693.0,163.0,1
6.0,7118.0,134.0,273.0,5.0,753.0,74.0,1
14.0,1885.0,216.0,104.0,4.0,470.0,180.0,1
1.0,1917.0,148.0,173.0,7.0,935.0,185.0,1
3.0,915.0,148.0,208.0,6.0,821.0,159.0,1
16.0,2760.0,135.0,197.0,3.0,810.0,159.0,1
12.0,6364.0,19.0,208.0,7.0,461.0,109.0,1
5.0,1125.0,16.0,186.0,4.0,536.0,98.0,1
16.0,2327.0,136.0,135.0,1.0,390.0,107.0,1
1.0,1684.0,33.0,159.0,3.0,1060.0,125.0,1
3.0,1757.0,104.0,260.0,7.0,530.0,146.0,1
5.0,1269.0,33.0,16.0,6.0,777.0,69.0,1
5.0,1119.0,16.0,234.0,7.0,1000.0,94.0,1
4.0,1030.0,58.0,35.0,3.0,925.0,97.0,1
1.0,878.0,80.0,96.0,3.0,975.0,210.0,1
12.0,3076.0,184.0,205.0,4.0,1255.0,84.0,1
10.0,3696.0,209.0,148.0,3.0,870.0,80.0,1
5.0,2229.0,85.0,183.0,6.0,1200.0,185.0,1
5.0,2043.0,96.0,16.0,4.0,435.0,161.0,1
6.0,5408.0,85.0,273.0,3.0,1310.0,79.0,1
11.0,6637.0,177.0,290.0,4.0,865.0,76.0,1
14.0,1451.0,60.0,253.0,4.0,455.0,342.0,1
1.0,1063.0,208.0,154.0,4.0,515.0,270.0,1
17.0,2689.0,60.0,251.0,4.0,1074.0,93.0,1
8.0,773.0,153.0,16.0,6.0,480.0,229.0,1
16.0,2364.0,96.0,268.0,7.0,885.0,167.0,1
1.0,732.0,236.0,80.0,3.0,420.0,200.0,1
10.0,4419.0,233.0,78.0,5.0,370.0,65.0,1
8.0,148.0,16.0,85.0,4.0,1013.0,116.0,1
5.0,2808.0,104.0,71.0,4.0,935.0,158.0,1
12.0,6405.0,154.0,144.0,7.0,1184.0,52.0,1
14.0,1079.0,78.0,147.0,4.0,705.0,123.0,1
13.0,202.0,253.0,154.0,1.0,500.0,95.0,1
12.0,6622.0,79.0,114.0,1.0,936.0,53.0,1
0.0,3830.0,16.0,238.0,5.0,585.0,126.0,1
12.0,7812.0,261.0,235.0,3.0,1185.0,59.0,1
5.0,1374.0,159.0,35.0,4.0,510.0,71.0,1
12.0,6404.0,93.0,253.0,7.0,637.0,87.0,1
14.0,2169.0,159.0,78.0,5.0,600.0,77.0,1
12.0,4524.0,196.0,261.0,4.0,1050.0,83.0,1
6.0,5316.0,70.0,16.0,3.0,360.0,44.0,1
13.0,453.0,79.0,34.0,4.0,1112.0,126.0,1
4.0,282.0,135.0,35.0,3.0,470.0,218.0,1
15.0,1968.0,35.0,175.0,4.0,1015.0,170.0,1
15.0,857.0,268.0,153.0,5.0,1130.0,230.0,1
1.0,560.0,208.0,78.0,5.0,1250.0,105.0,1
1.0,2344.0,80.0,208.0,3.0,690.0,135.0,1
6.0,5416.0,158.0,16.0,3.0,575.0,101.0,1
15.0,1228.0,154.0,244.0,4.0,780.0,165.0,1
4.0,45.0,96.0,183.0,1.0,990.0,190.0,1
5.0,1087.0,184.0,16.0,4.0,1105.0,135.0,1
4.0,1441.0,135.0,18.0,4.0,1165.0,60.0,1
5.0,1305.0,85.0,173.0,7.0,600.0,159.0,1
14.0,1429.0,60.0,16.0,3.0,706.0,84.0,1
4.0,682.0,135.0,35.0,1.0,965.0,221.0,1
15.0,660.0,217.0,261.0,5.0,770.0,100.0,1
1.0,865.0,18.0,80.0,4.0,655.0,65.0,1
1.0,1124.0,183.0,159.0,1.0,585.0,165.0,1
5.0,2643.0,96.0,16.0,4.0,937.0,155.0,1
0.0,3863.0,147.0,177.0,1.0,465.0,120.0,1
6.0,5477.0,205.0,177.0,3.0,990.0,100.0,1
6.0,5491.0,201.0,16.0,5.0,360.0,98.0,1
15.0,588.0,175.0,221.0,7.0,455.0,75.0,1
8.0,752.0,132.0,45.0,4.0,995.0,110.0,1
13.0,447.0,216.0,253.0,4.0,1091.0,389.0,1
12.0,6340.0,19.0,208.0,5.0,981.0,109.0,1
15.0,453.0,175.0,43.0,5.0,1230.0,85.0,1
8.0,1628.0,173.0,216.0,6.0,1135.0,141.0,1
1.0,1349.0,80.0,100.0,4.0,1210.0,215.0,1
3.0,128.0,148.0,42.0,6.0,1360.0,73.0,1
15.0,3509.0,79.0,216.0,1.0,1080.0,210.0,1
1.0,1235.0,35.0,80.0,3.0,1015.0,270.0,1
0.0,3721.0,171.0,85.0,7.0,420.0,59.0,1
17.0,1003.0,203.0,128.0,6.0,632.0,32.0,1
15.0,370.0,154.0,79.0,1.0,620.0,135.0,1
1.0,982.0,183.0,78.0,3.0,1100.0,145.0,1
5.0,2760.0,183.0,16.0,7.0,815.0,120.0,1
5.0,79.0,148.0,173.0,5.0,985.0,187.0,1
10.0,3238.0,59.0,80.0,6.0,725.0,55.0,1
15.0,40.0,45.0,173.0,5.0,595.0,140.0,1
1.0,1081.0,35.0,208.0,7.0,1180.0,170.0,1
14.0,1488.0,154.0,60.0,3.0,465.0,265.0,1
16.0,2629.0,121.0,58.0,1.0,1005.0,87.0,1
12.0,6507.0,258.0,79.0,5.0,1046.0,146.0,1
13.0,530.0,208.0,197.0,3.0,391.0,94.0,1
0.0,3784.0,177.0,66.0,6.0,1185.0,78.0,1
11.0,6490.0,159.0,233.0,3.0,620.0,123.0,1
9.0,277.0,150.0,128.0,3.0,1050.0,42.0,1
5.0,1224.0,262.0,261.0,7.0,780.0,95.0,1
13.0,605.0,78.0,208.0,4.0,465.0,132.0,1
16.0,2163.0,279.0,135.0,4.0,1080.0,94.0,1
15.0,3742.0,277.0,33.0,4.0,1080.0,110.0,1
17.0,7239.0,22.0,208.0,5.0,874.0,162.0,1
8.0,465.0,45.0,16.0,6.0,565.0,122.0,1
10.0,3011.0,154.0,100.0,1.0,470.0,60.0,1
14.0,1411.0,22.0,60.0,5.0,500.0,143.0,1
10.0,3606.0,16.0,183.0,3.0,590.0,130.0,1
5.0,1716.0,79.0,16.0,4.0,525.0,178.0,1
10.0,3297.0,80.0,285.0,5.0,605.0,115.0,1
5.0,1127.0,16.0,213.0,4.0,900.0,111.0,1
12.0,4684.0,197.0,166.0,5.0,1325.0,45.0,1
1.0,893.0,60.0,80.0,7.0,460.0,165.0,1
15.0,1013.0,18.0,75.0,3.0,855.0,55.0,1
7.0,358.0,79.0,277.0,5.0,700.0,204.0,1
1.0,1376.0,183.0,80.0,5.0,970.0,200.0,1
11.0,6556.0,71.0,198.0,5.0,905.0,135.0,1
15.0,367.0,33.0,87.0,7.0,470.0,80.0,1
15.0,593.0,45.0,139.0,7.0,1270.0,110.0,1
0.0,3997.0,187.0,177.0,3.0,375.0,96.0,1
3.0,251.0,202.0,160.0,7.0,969.0,76.0,1
15.0,1953.0,79.0,175.0,6.0,1085.0,135.0,1
5.0,2447.0,159.0,16.0,3.0,960.0,162.0,1
12.0,4608.0,261.0,252.0,5.0,905.0,130.0,1
4.0,5.0,135.0,198.0,3.0,1105.0,71.0,1
6.0,5196.0,205.0,85.0,7.0,615.0,119.0,1
12.0,4815.0,252.0,261.0,5.0,690.0,117.0,1
9.0,132.0,203.0,143.0,6.0,569.0,36.0,1
1.0,1151.0,208.0,268.0,4.0,1190.0,70.0,1
16.0,2920.0,135.0,290.0,5.0,955.0,86.0,1
4.0,1144.0,96.0,16.0,4.0,705.0,160.0,1
1.0,1555.0,183.0,260.0,7.0,1180.0,145.0,1
14.0,799.0,216.0,173.0,6.0,1095.0,164.0,1
5.0,2922.0,217.0,85.0,6.0,425.0,230.0,1
7.0,262.0,79.0,264.0,7.0,495.0,143.0,1
15.0,194.0,216.0,221.0,1.0,585.0,80.0,1
5.0,1237.0,234.0,16.0,1.0,890.0,110.0,1
12.0,4548.0,205.0,197.0,4.0,550.0,75.0,1
5.0,1718.0,173.0,16.0,1.0,510.0,108.0,1
16.0,3151.0,285.0,135.0,5.0,710.0,139.0,1
2.0,890.0,203.0,243.0,7.0,860.0,312.0,1
15.0,3333.0,18.0,75.0,5.0,1010.0,55.0,1
15.0,1949.0,104.0,277.0,1.0,395.0,60.0,1
12.0,6422.0,69.0,208.0,7.0,1013.0,97.0,1
1.0,415.0,208.0,252.0,7.0,700.0,255.0,1
13.0,628.0,208.0,78.0,5.0,1260.0,102.0,1
0.0,4245.0,175.0,85.0,3.0,840.0,87.0,1
14.0,75.0,148.0,217.0,3.0,599.0,338.0,1
1.0,551.0,132.0,80.0,7.0,680.0,130.0,1
12.0,4580.0,154.0,261.0,7.0,678.0,107.0,1
15.0,429.0,253.0,154.0,3.0,655.0,80.0,1
4.0,1815.0,205.0,135.0,3.0,360.0,138.0,1
15.0,339.0,202.0,243.0,1.0,635.0,90.0,1
8.0,335.0,216.0,16.0,7.0,706.0,138.0,1
15.0,129.0,217.0,261.0,7.0,550.0,100.0,1
1.0,817.0,80.0,44.0,1.0,565.0,205.0,1
15.0,174.0,2.0,153.0,5.0,525.0,100.0,1
5.0,1476.0,213.0,85.0,6.0,942.0,178.0,1
15.0,389.0,33.0,233.0,5.0,900.0,80.0,1
15.0,1587.0,175.0,217.0,5.0,1030.0,240.0,1
15.0,2274.0,280.0,154.0,6.0,925.0,90.0,1
6.0,5380.0,146.0,16.0,7.0,942.0,86.0,1
16.0,2228.0,177.0,96.0,7.0,865.0,162.0,1
1.0,1481.0,204.0,80.0,5.0,835.0,60.0,1
4.0,76.0,173.0,96.0,6.0,1035.0,166.0,1
2.0,325.0,258.0,252.0,5.0,745.0,127.0,1
5.0,22.0,252.0,16.0,5.0,701.0,284.0,1
12.0,4705.0,261.0,80.0,3.0,855.0,160.0,1
15.0,5.0,198.0,173.0,5.0,655.0,95.0,1
5.0,1899.0,16.0,33.0,5.0,910.0,67.0,1
15.0,396.0,202.0,44.0,4.0,450.0,65.0,1
15.0,1015.0,228.0,173.0,7.0,820.0,190.0,1
5.0,2381.0,16.0,241.0,3.0,657.0,102.0,1
1.0,1812.0,183.0,154.0,6.0,1170.0,355.0,1
15.0,756.0,172.0,75.0,5.0,495.0,95.0,1
16.0,2399.0,135.0,41.0,7.0,780.0,61.0,1
15.0,1131.0,154.0,129.0,3.0,1180.0,180.0,1
14.0,1463.0,60.0,253.0,6.0,1090.0,349.0,1
5.0,2738.0,16.0,78.0,1.0,500.0,102.0,1
15.0,2978.0,33.0,173.0,7.0,750.0,105.0,1
0.0,4287.0,85.0,22.0,4.0,630.0,108.0,1
16.0,2811.0,135.0,190.0,6.0,785.0,70.0,1
10.0,3096.0,243.0,154.0,7.0,1255.0,50.0,1
4.0,1605.0,135.0,154.0,6.0,716.0,215.0,1
11.0,6652.0,85.0,17.0,3.0,735.0,88.0,1
12.0,6321.0,243.0,154.0,4.0,526.0,45.0,1
13.0,671.0,217.0,253.0,6.0,384.0,138.0,1
12.0,6882.0,262.0,79.0,5.0,1048.0,134.0,1
15.0,930.0,262.0,44.0,4.0,755.0,70.0,1
14.0,2037.0,35.0,78.0,7.0,840.0,94.0,1
5.0,2965.0,148.0,253.0,6.0,435.0,385.0,1
8.0,553.0,43.0,16.0,6.0,772.0,137.0,1
5.0,1130.0,177.0,16.0,1.0,945.0,85.0,1
8.0,359.0,159.0,16.0,6.0,360.0,160.0,1
1.0,14.0,203.0,154.0,3.0,1365.0,300.0,1
13.0,230.0,153.0,79.0,7.0,919.0,117.0,1
7.0,797.0,79.0,214.0,4.0,1270.0,162.0,1
17.0,2836.0,44.0,217.0,1.0,985.0,92.0,1
15.0,2963.0,253.0,243.0,4.0,705.0,85.0,1
13.0,538.0,153.0,154.0,5.0,1235.0,83.0,1
0.0,3669.0,177.0,135.0,1.0,560.0,120.0,1
12.0,6239.0,208.0,117.0,6.0,1020.0,52.0,1
5.0,2128.0,173.0,85.0,4.0,825.0,160.0,1
16.0,2470.0,135.0,197.0,3.0,479.0,168.0,1
10.0,3503.0,80.0,58.0,6.0,860.0,150.0,1
8.0,184.0,16.0,78.0,4.0,455.0,101.0,1
10.0,3204.0,80.0,256.0,5.0,475.0,55.0,1
9.0,168.0,128.0,150.0,6.0,625.0,43.0,1
12.0,4577.0,157.0,197.0,5.0,1130.0,130.0,1
16.0,2501.0,135.0,91.0,1.0,690.0,118.0,1
10.0,3261.0,162.0,80.0,3.0,1085.0,80.0,1
15.0,430.0,173.0,27.0,3.0,970.0,95.0,1
6.0,7382.0,116.0,16.0,6.0,654.0,80.0,1
13.0,498.0,79.0,80.0,1.0,1082.0,119.0,1
1.0,1636.0,80.0,205.0,4.0,785.0,105.0,1
4.0,332.0,135.0,159.0,3.0,478.0,206.0,1
15.0,1392.0,44.0,202.0,7.0,790.0,70.0,1
14.0,24.0,217.0,154.0,5.0,515.0,85.0,1
16.0,2645.0,204.0,135.0,4.0,655.0,84.0,1
6.0,5387.0,16.0,121.0,7.0,590.0,64.0,1
12.0,6247.0,154.0,100.0,1.0,628.0,69.0,1
15.0,1684.0,277.0,79.0,5.0,540.0,250.0,1
10.0,3017.0,236.0,154.0,3.0,865.0,90.0,1
15.0,1497.0,198.0,104.0,1.0,545.0,105.0,1
8.0,850.0,173.0,16.0,7.0,895.0,93.0,1
16.0,5950.0,237.0,134.0,5.0,370.0,65.0,1
8.0,897.0,159.0,139.0,7.0,1019.0,135.0,1
5.0,1510.0,79.0,85.0,5.0,685.0,170.0,1
0.0,4399.0,107.0,197.0,7.0,665.0,66.0,1
16.0,2916.0,205.0,96.0,3.0,701.0,168.0,1
12.0,6540.0,29.0,79.0,1.0,400.0,107.0,1
16.0,5894.0,134.0,16.0,6.0,1323.0,112.0,1
15.0,3595.0,228.0,104.0,4.0,495.0,205.0,1
14.0,1882.0,60.0,234.0,4.0,1345.0,63.0,1
17.0,2937.0,60.0,268.0,1.0,679.0,120.0,1
2.0,689.0,18.0,258.0,7.0,480.0,236.0,1
2.0,108.0,14.0,252.0,4.0,30.0,202.0,1
15.0,2116.0,172.0,154.0,4.0,995.0,225.0,1
1.0,1072.0,91.0,80.0,5.0,990.0,105.0,1
1.0,1267.0,173.0,183.0,1.0,875.0,65.0,1
13.0,533.0,134.0,79.0,4.0,1311.0,248.0,1
2.0,73.0,257.0,149.0,4.0,365.0,42.0,1
1.0,318.0,80.0,78.0,7.0,1110.0,160.0,1
1.0,1298.0,80.0,45.0,3.0,985.0,170.0,1
16.0,2821.0,209.0,58.0,7.0,540.0,107.0,1
8.0,271.0,35.0,16.0,4.0,713.0,176.0,1
11.0,6655.0,205.0,177.0,7.0,360.0,114.0,1
3.0,1133.0,273.0,148.0,7.0,360.0,85.0,1
15.0,1599.0,27.0,129.0,1.0,1010.0,115.0,1
2.0,858.0,203.0,252.0,7.0,820.0,333.0,1
15.0,1081.0,129.0,279.0,6.0,820.0,85.0,1
13.0,307.0,45.0,154.0,6.0,1024.0,354.0,1
12.0,6373.0,246.0,154.0,6.0,693.0,48.0,1
2.0,521.0,44.0,252.0,5.0,1130.0,156.0,1
15.0,1698.0,228.0,45.0,6.0,410.0,90.0,1
11.0,6388.0,71.0,277.0,6.0,970.0,138.0,1
15.0,786.0,277.0,104.0,5.0,660.0,60.0,1
5.0,2095.0,147.0,16.0,6.0,1165.0,82.0,1
5.0,1437.0,45.0,85.0,4.0,995.0,101.0,1
11.0,6425.0,197.0,71.0,4.0,910.0,119.0,1
13.0,300.0,236.0,79.0,5.0,448.0,140.0,1
4.0,496.0,153.0,135.0,1.0,695.0,177.0,1
12.0,4488.0,111.0,261.0,7.0,605.0,96.0,1
15.0,3119.0,233.0,216.0,6.0,820.0,80.0,1
5.0,1656.0,16.0,228.0,5.0,895.0,145.0,1
0.0,3792.0,85.0,171.0,1.0,830.0,46.0,1
0.0,4275.0,188.0,16.0,3.0,955.0,100.0,1
5.0,2093.0,197.0,264.0,5.0,705.0,237.0,1
4.0,1422.0,198.0,135.0,1.0,647.0,73.0,1
15.0,469.0,258.0,207.0,1.0,965.0,70.0,1
12.0,4729.0,179.0,261.0,6.0,370.0,112.0,1
5.0,303.0,173.0,261.0,5.0,430.0,304.0,1
17.0,1026.0,128.0,150.0,1.0,785.0,40.0,1
15.0,9.0,268.0,45.0,3.0,835.0,115.0,1
6.0,5189.0,16.0,275.0,3.0,600.0,74.0,1
16.0,5956.0,58.0,208.0,4.0,1129.0,89.0,1
10.0,3939.0,33.0,208.0,5.0,360.0,105.0,1
6.0,7138.0,182.0,134.0,7.0,1147.0,110.0,1
5.0,2011.0,16.0,80.0,5.0,957.0,148.0,1
1.0,1132.0,80.0,277.0,5.0,870.0,135.0,1
15.0,1003.0,104.0,277.0,4.0,825.0,60.0,1
16.0,2416.0,96.0,245.0,6.0,545.0,155.0,1
12.0,6519.0,154.0,258.0,1.0,980.0,74.0,1
1.0,1959.0,35.0,183.0,1.0,1060.0,225.0,1
14.0,1897.0,60.0,16.0,5.0,1340.0,67.0,1
0.0,4186.0,92.0,85.0,1.0,921.0,66.0,1
0.0,3800.0,215.0,16.0,3.0,1050.0,124.0,1
6.0,5306.0,121.0,16.0,1.0,764.0,80.0,1
15.0,497.0,45.0,233.0,5.0,760.0,65.0,1
16.0,2679.0,96.0,147.0,5.0,485.0,154.0,1
15.0,436.0,153.0,34.0,6.0,530.0,110.0,1
10.0,2801.0,254.0,80.0,3.0,1055.0,90.0,1
15.0,595.0,258.0,236.0,1.0,520.0,55.0,1
1.0,1504.0,183.0,22.0,4.0,645.0,175.0,1
12.0,6228.0,91.0,79.0,5.0,453.0,116.0,1
15.0,353.0,34.0,111.0,4.0,1240.0,65.0,1
11.0,6274.0,197.0,82.0,4.0,675.0,57.0,1
5.0,1768.0,154.0,197.0,3.0,30.0,220.0,1
12.0,6899.0,208.0,184.0,7.0,438.0,42.0,1
1.0,1637.0,208.0,280.0,6.0,565.0,235.0,1
5.0,5.0,85.0,45.0,4.0,850.0,98.0,1
15.0,964.0,252.0,175.0,5.0,445.0,240.0,1
5.0,1243.0,85.0,268.0,7.0,1195.0,111.0,1
15.0,1237.0,175.0,58.0,1.0,420.0,75.0,1
12.0,6489.0,55.0,253.0,6.0,577.0,65.0,1
5.0,2748.0,16.0,22.0,4.0,450.0,142.0,1
11.0,6340.0,96.0,177.0,1.0,370.0,187.0,1
8.0,525.0,45.0,277.0,7.0,937.0,148.0,1
6.0,5270.0,16.0,215.0,3.0,1007.0,93.0,1
1.0,368.0,18.0,208.0,6.0,515.0,160.0,1
16.0,3050.0,135.0,147.0,4.0,1165.0,119.0,1
13.0,837.0,80.0,253.0,3.0,390.0,241.0,1
4.0,1893.0,262.0,135.0,1.0,750.0,217.0,1
15.0,477.0,175.0,252.0,7.0,530.0,285.0,1
16.0,2817.0,135.0,131.0,5.0,685.0,66.0,1
15.0,611.0,264.0,258.0,4.0,850.0,75.0,1
10.0,3825.0,261.0,208.0,4.0,430.0,200.0,1
4.0,337.0,60.0,96.0,5.0,900.0,120.0,1
6.0,5035.0,16.0,190.0,4.0,1052.0,80.0,1
6.0,5522.0,16.0,27.0,5.0,630.0,56.0,1
15.0,730.0,129.0,277.0,6.0,565.0,120.0,1
14.0,1979.0,228.0,216.0,3.0,1070.0,97.0,1
5.0,1597.0,216.0,197.0,5.0,370.0,180.0,1
1.0,1098.0,280.0,80.0,4.0,490.0,130.0,1
7.0,478.0,153.0,184.0,4.0,1040.0,205.0,1
15.0,1633.0,280.0,175.0,3.0,545.0,200.0,1
12.0,6951.0,107.0,79.0,6.0,1028.0,102.0,1
15.0,1489.0,198.0,75.0,1.0,1100.0,90.0,1
15.0,3040.0,233.0,33.0,6.0,950.0,95.0,1
1.0,949.0,173.0,183.0,1.0,1015.0,65.0,1
12.0,6382.0,253.0,34.0,7.0,495.0,94.0,1
1.0,1137.0,208.0,198.0,6.0,475.0,140.0,1
10.0,3900.0,208.0,22.0,6.0,725.0,125.0,1
14.0,371.0,217.0,262.0,3.0,1265.0,122.0,1
0.0,3729.0,85.0,121.0,7.0,1170.0,104.0,1
5.0,1967.0,85.0,208.0,4.0,450.0,80.0,1
4.0,1558.0,264.0,135.0,3.0,710.0,186.0,1
16.0,5926.0,230.0,208.0,3.0,836.0,124.0,1
15.0,1741.0,241.0,45.0,7.0,1060.0,140.0,1
12.0,6225.0,208.0,84.0,4.0,1034.0,74.0,1
15.0,1334.0,233.0,175.0,3.0,430.0,125.0,1
1.0,378.0,208.0,159.0,1.0,665.0,125.0,1
10.0,4013.0,157.0,208.0,4.0,350.0,95.0,1
15.0,115.0,79.0,261.0,4.0,915.0,90.0,1
0.0,4335.0,85.0,117.0,6.0,730.0,81.0,1
12.0,4654.0,127.0,261.0,1.0,375.0,69.0,1
14.0,1071.0,216.0,260.0,5.0,580.0,229.0,1
1.0,1049.0,45.0,183.0,1.0,930.0,175.0,1
15.0,1097.0,2.0,217.0,3.0,1010.0,80.0,1
13.0,17.0,119.0,208.0,5.0,480.0,62.0,1
14.0,1792.0,174.0,60.0,5.0,520.0,102.0,1
1.0,1383.0,197.0,80.0,6.0,525.0,155.0,1
14.0,647.0,85.0,217.0,3.0,460.0,277.0,1
16.0,2231.0,146.0,135.0,5.0,360.0,77.0,1
3.0,127.0,238.0,148.0,1.0,435.0,78.0,1
1.0,589.0,234.0,80.0,1.0,800.0,210.0,1
0.0,3687.0,139.0,177.0,5.0,735.0,92.0,1
4.0,547.0,208.0,135.0,5.0,830.0,154.0,1
15.0,3144.0,2.0,214.0,4.0,1180.0,190.0,1
12.0,4647.0,261.0,122.0,7.0,671.0,89.0,1
16.0,2056.0,172.0,135.0,6.0,622.0,119.0,1
6.0,5187.0,16.0,27.0,6.0,750.0,58.0,1
12.0,4597.0,79.0,261.0,1.0,435.0,97.0,1
17.0,1962.0,143.0,128.0,4.0,1165.0,47.0,1
4.0,470.0,96.0,260.0,6.0,450.0,218.0,1
1.0,1304.0,80.0,16.0,3.0,1150.0,120.0,1
0.0,4200.0,285.0,71.0,4.0,355.0,64.0,1
17.0,2627.0,85.0,60.0,3.0,1025.0,113.0,1
7.0,107.0,197.0,79.0,7.0,851.0,124.0,1
12.0,3097.0,205.0,184.0,5.0,667.0,81.0,1
15.0,2550.0,79.0,153.0,5.0,1305.0,120.0,1
12.0,6958.0,185.0,208.0,1.0,627.0,53.0,1
5.0,1775.0,159.0,177.0,5.0,975.0,190.0,1
14.0,740.0,260.0,216.0,3.0,820.0,244.0,1
0.0,3653.0,16.0,135.0,5.0,645.0,151.0,1
8.0,993.0,184.0,35.0,4.0,1130.0,134.0,1
17.0,2821.0,217.0,280.0,7.0,596.0,58.0,1
15.0,127.0,104.0,175.0,3.0,495.0,195.0,1
15.0,2371.0,104.0,45.0,5.0,1060.0,150.0,1
5.0,2957.0,33.0,85.0,3.0,825.0,105.0,1
10.0,3853.0,16.0,208.0,6.0,360.0,115.0,1
1.0,1082.0,153.0,208.0,1.0,740.0,220.0,1
14.0,1052.0,233.0,60.0,7.0,435.0,65.0,1
14.0,1163.0,221.0,60.0,1.0,830.0,91.0,1
13.0,453.0,79.0,34.0,7.0,1112.0,126.0,1
5.0,1435.0,209.0,16.0,5.0,583.0,115.0,1
5.0,1667.0,154.0,197.0,6.0,915.0,212.0,1
16.0,2760.0,135.0,197.0,4.0,810.0,159.0,1
14.0,836.0,216.0,147.0,5.0,1095.0,142.0,1
3.0,609.0,229.0,148.0,6.0,860.0,82.0,1
6.0,7074.0,208.0,12.0,1.0,660.0,111.0,1
8.0,319.0,60.0,16.0,1.0,994.0,74.0,1
14.0,1291.0,35.0,60.0,3.0,775.0,147.0,1
12.0,4542.0,261.0,137.0,6.0,1220.0,54.0,1
12.0,6970.0,262.0,253.0,7.0,1029.0,43.0,1
15.0,1518.0,253.0,264.0,6.0,1095.0,80.0,1
14.0,1242.0,217.0,78.0,4.0,795.0,248.0,1
15.0,719.0,173.0,198.0,7.0,1175.0,110.0,1
3.0,45.0,238.0,148.0,3.0,360.0,83.0,1
15.0,1217.0,277.0,45.0,7.0,1100.0,130.0,1
9.0,117.0,150.0,128.0,1.0,523.0,42.0,1
14.0,1705.0,22.0,60.0,4.0,1150.0,134.0,1
2.0,5.0,78.0,154.0,5.0,550.0,354.0,1
13.0,198.0,243.0,253.0,7.0,1206.0,100.0,1
1.0,518.0,183.0,148.0,7.0,425.0,165.0,1
15.0,126.0,104.0,33.0,4.0,1080.0,145.0,1
12.0,4551.0,232.0,261.0,1.0,385.0,101.0,1
4.0,556.0,154.0,58.0,7.0,645.0,260.0,1
12.0,6618.0,253.0,248.0,7.0,934.0,68.0,1
5.0,2792.0,243.0,16.0,4.0,825.0,250.0,1
5.0,1567.0,16.0,243.0,5.0,1140.0,293.0,1
12.0,6542.0,79.0,83.0,1.0,606.0,64.0,1
5.0,1783.0,261.0,153.0,7.0,821.0,85.0,1
15.0,1753.0,173.0,61.0,4.0,850.0,135.0,1
1.0,1391.0,221.0,80.0,1.0,1095.0,195.0,1
14.0,1118.0,60.0,229.0,6.0,1090.0,129.0,1
10.0,3632.0,60.0,183.0,4.0,350.0,120.0,1
5.0,2516.0,153.0,85.0,4.0,1006.0,236.0,1
0.0,4299.0,197.0,76.0,1.0,925.0,112.0,1
5.0,1830.0,214.0,261.0,1.0,805.0,105.0,1
5.0,2175.0,197.0,80.0,5.0,865.0,150.0,1
11.0,6607.0,47.0,85.0,4.0,756.0,123.0,1
1.0,144.0,154.0,134.0,4.0,865.0,290.0,1
12.0,6402.0,253.0,93.0,6.0,962.0,92.0,1
12.0,6258.0,79.0,88.0,7.0,684.0,45.0,1
3.0,233.0,261.0,160.0,6.0,690.0,109.0,1
5.0,2604.0,154.0,261.0,1.0,984.0,111.0,1
13.0,375.0,79.0,262.0,7.0,1122.0,158.0,1
16.0,2207.0,136.0,135.0,3.0,990.0,106.0,1
15.0,327.0,153.0,252.0,7.0,635.0,165.0,1
5.0,2723.0,197.0,173.0,4.0,1160.0,189.0,1
2.0,70.0,149.0,257.0,3.0,1335.0,42.0,1
15.0,759.0,207.0,217.0,3.0,520.0,65.0,1
13.0,847.0,253.0,134.0,7.0,770.0,310.0,1
17.0,2639.0,134.0,60.0,3.0,1187.0,104.0,1
4.0,1694.0,154.0,135.0,5.0,1100.0,184.0,1
6.0,5565.0,16.0,116.0,3.0,890.0,89.0,1
12.0,6664.0,196.0,79.0,7.0,517.0,123.0,1
6.0,5340.0,237.0,16.0,5.0,1078.0,96.0,1
15.0,3249.0,153.0,2.0,7.0,1260.0,80.0,1
5.0,17.0,16.0,154.0,5.0,1136.0,304.0,1
15.0,283.0,268.0,79.0,3.0,1130.0,150.0,1
15.0,160.0,79.0,262.0,7.0,705.0,160.0,1
12.0,6466.0,154.0,261.0,5.0,464.0,112.0,1
10.0,2932.0,41.0,80.0,7.0,1060.0,90.0,1
12.0,7004.0,253.0,248.0,4.0,463.0,65.0,1
16.0,2631.0,135.0,158.0,7.0,885.0,54.0,1
13.0,698.0,208.0,119.0,3.0,1160.0,54.0,1
10.0,3533.0,80.0,58.0,1.0,465.0,150.0,1
12.0,4575.0,204.0,261.0,7.0,390.0,142.0,1
12.0,4456.0,261.0,168.0,5.0,667.0,91.0,1
5.0,1819.0,85.0,154.0,3.0,1195.0,314.0,1
10.0,4013.0,157.0,208.0,3.0,350.0,95.0,1
5.0,685.0,241.0,85.0,7.0,828.0,171.0,1
0.0,3946.0,177.0,223.0,3.0,570.0,86.0,1
15.0,5.0,75.0,129.0,4.0,480.0,60.0,1
1.0,18.0,253.0,148.0,7.0,1380.0,329.0,1
15.0,290.0,139.0,217.0,6.0,895.0,245.0,1
15.0,1458.0,129.0,146.0,3.0,1205.0,70.0,1
12.0,4559.0,261.0,137.0,7.0,680.0,58.0,1
0.0,3922.0,85.0,228.0,5.0,945.0,118.0,1
4.0,1143.0,16.0,96.0,5.0,873.0,147.0,1
12.0,6578.0,79.0,29.0,5.0,842.0,94.0,1
0.0,3692.0,85.0,61.0,3.0,615.0,65.0,1
15.0,461.0,216.0,147.0,3.0,790.0,150.0,1
8.0,1282.0,106.0,277.0,7.0,919.0,166.0,1
15.0,1073.0,153.0,243.0,3.0,1105.0,65.0,1
10.0,2889.0,80.0,68.0,4.0,630.0,80.0,1
12.0,6395.0,208.0,34.0,5.0,1200.0,223.0,1
4.0,1427.0,135.0,60.0,3.0,1165.0,142.0,1
12.0,6867.0,65.0,208.0,7.0,1018.0,147.0,1
16.0,3001.0,96.0,121.0,6.0,905.0,111.0,1
12.0,4602.0,102.0,261.0,1.0,1020.0,95.0,1
13.0,239.0,154.0,253.0,6.0,637.0,91.0,1
16.0,2613.0,96.0,61.0,6.0,1000.0,96.0,1
15.0,731.0,154.0,79.0,4.0,440.0,140.0,1
10.0,4511.0,159.0,35.0,6.0,825.0,60.0,1
5.0,2350.0,214.0,16.0,7.0,722.0,278.0,1
2.0,602.0,252.0,153.0,4.0,460.0,142.0,1
15.0,1599.0,154.0,268.0,5.0,560.0,205.0,1
10.0,4388.0,148.0,35.0,5.0,955.0,80.0,1
6.0,4973.0,16.0,288.0,1.0,660.0,76.0,1
1.0,1292.0,264.0,80.0,7.0,530.0,170.0,1
14.0,1434.0,60.0,45.0,1.0,585.0,86.0,1
5.0,10.0,277.0,16.0,5.0,1135.0,98.0,1
10.0,3376.0,80.0,195.0,7.0,1095.0,130.0,1
4.0,1142.0,96.0,16.0,1.0,510.0,173.0,1
15.0,2265.0,111.0,34.0,7.0,710.0,60.0,1
5.0,1706.0,154.0,85.0,4.0,688.0,267.0,1
15.0,526.0,35.0,175.0,4.0,550.0,170.0,1
5.0,2695.0,78.0,183.0,3.0,940.0,159.0,1
16.0,2711.0,58.0,159.0,5.0,515.0,84.0,1
1.0,1776.0,80.0,216.0,1.0,405.0,185.0,1
15.0,2679.0,172.0,153.0,7.0,445.0,195.0,1
5.0,2176.0,173.0,159.0,6.0,560.0,159.0,1
15.0,32.0,131.0,129.0,4.0,750.0,60.0,1
5.0,2285.0,16.0,135.0,4.0,1150.0,145.0,1
12.0,7052.0,79.0,34.0,4.0,502.0,128.0,1
15.0,2794.0,129.0,202.0,7.0,635.0,255.0,1
10.0,4484.0,159.0,33.0,4.0,660.0,160.0,1
13.0,910.0,79.0,208.0,1.0,517.0,143.0,1
11.0,6611.0,233.0,177.0,5.0,435.0,139.0,1
10.0,2715.0,80.0,158.0,7.0,630.0,75.0,1
12.0,6939.0,179.0,214.0,7.0,335.0,74.0,1
4.0,1461.0,58.0,173.0,6.0,745.0,137.0,1
0.0,3709.0,134.0,85.0,4.0,1160.0,94.0,1
5.0,1212.0,203.0,154.0,3.0,1355.0,310.0,1
16.0,2047.0,80.0,135.0,3.0,990.0,65.0,1
15.0,2713.0,173.0,209.0,3.0,1035.0,110.0,1
5.0,1977.0,208.0,16.0,7.0,1083.0,126.0,1
14.0,403.0,217.0,253.0,5.0,525.0,130.0,1
8.0,677.0,184.0,173.0,4.0,977.0,164.0,1
16.0,3053.0,96.0,85.0,7.0,780.0,116.0,1
10.0,3353.0,80.0,13.0,7.0,1045.0,70.0,1
13.0,460.0,253.0,153.0,5.0,1264.0,94.0,1
5.0,571.0,16.0,269.0,4.0,600.0,226.0,1
10.0,4195.0,208.0,177.0,5.0,1275.0,110.0,1
1.0,437.0,78.0,183.0,5.0,670.0,160.0,1
5.0,1973.0,16.0,183.0,4.0,1160.0,124.0,1
15.0,1813.0,141.0,277.0,6.0,1155.0,190.0,1
3.0,558.0,277.0,130.0,3.0,702.0,158.0,1
15.0,264.0,277.0,104.0,5.0,815.0,60.0,1
4.0,555.0,58.0,253.0,5.0,535.0,324.0,1
1.0,1137.0,208.0,198.0,4.0,475.0,140.0,1
10.0,3867.0,85.0,208.0,4.0,475.0,95.0,1
8.0,61.0,16.0,154.0,4.0,1330.0,320.0,1
5.0,2648.0,16.0,43.0,7.0,536.0,135.0,1
5.0,1617.0,54.0,16.0,4.0,445.0,80.0,1
1.0,2328.0,80.0,208.0,5.0,475.0,140.0,1
6.0,5145.0,279.0,16.0,7.0,653.0,117.0,1
5.0,2975.0,209.0,16.0,1.0,729.0,120.0,1
0.0,3717.0,16.0,134.0,5.0,820.0,110.0,1
1.0,1978.0,178.0,80.0,5.0,951.0,95.0,1
0.0,4085.0,148.0,43.0,5.0,475.0,104.0,1
15.0,1112.0,252.0,261.0,4.0,1095.0,110.0,1
10.0,2721.0,80.0,1.0,6.0,1065.0,50.0,1
13.0,6.0,253.0,148.0,7.0,425.0,335.0,1
15.0,271.0,236.0,243.0,5.0,585.0,85.0,1
4.0,461.0,217.0,135.0,3.0,675.0,154.0,1
8.0,676.0,173.0,184.0,1.0,610.0,166.0,1
14.0,1410.0,16.0,216.0,5.0,1175.0,129.0,1
5.0,2204.0,154.0,261.0,1.0,790.0,114.0,1
12.0,6729.0,79.0,290.0,3.0,1171.0,100.0,1
5.0,1051.0,16.0,85.0,5.0,825.0,120.0,1
1.0,815.0,80.0,91.0,4.0,900.0,105.0,1
16.0,5900.0,208.0,71.0,3.0,895.0,69.0,1
10.0,3482.0,162.0,80.0,6.0,695.0,70.0,1
4.0,752.0,135.0,261.0,5.0,1300.0,196.0,1
0.0,4034.0,43.0,85.0,7.0,925.0,75.0,1
17.0,2807.0,217.0,264.0,4.0,570.0,79.0,1
4.0,1120.0,96.0,35.0,6.0,495.0,80.0,1
6.0,4953.0,285.0,16.0,6.0,917.0,68.0,1
15.0,1131.0,258.0,154.0,1.0,1085.0,70.0,1
2.0,516.0,252.0,264.0,3.0,1110.0,160.0,1
15.0,2697.0,198.0,129.0,3.0,810.0,70.0,1
1.0,1659.0,233.0,208.0,5.0,1100.0,135.0,1
11.0,6510.0,251.0,85.0,5.0,1155.0,95.0,1
13.0,203.0,208.0,197.0,4.0,530.0,94.0,1
15.0,2714.0,173.0,27.0,3.0,505.0,95.0,1
5.0,2909.0,197.0,268.0,1.0,925.0,96.0,1
5.0,1084.0,197.0,78.0,6.0,911.0,140.0,1
3.0,95.0,148.0,202.0,6.0,779.0,389.0,1
13.0,28.0,154.0,148.0,5.0,980.0,320.0,1
11.0,6543.0,27.0,159.0,1.0,885.0,148.0,1
15.0,938.0,45.0,217.0,5.0,755.0,320.0,1
9.0,529.0,203.0,128.0,5.0,781.0,34.0,1
15.0,437.0,175.0,236.0,5.0,705.0,265.0,1
10.0,3989.0,76.0,208.0,6.0,670.0,75.0,1
6.0,7104.0,61.0,134.0,3.0,620.0,73.0,1
8.0,516.0,61.0,16.0,6.0,380.0,108.0,1
5.0,320.0,262.0,16.0,4.0,702.0,265.0,1
5.0,2176.0,173.0,159.0,7.0,560.0,159.0,1
5.0,1179.0,268.0,16.0,1.0,434.0,99.0,1
3.0,1249.0,35.0,134.0,6.0,375.0,100.0,1
15.0,1807.0,243.0,79.0,6.0,390.0,145.0,1
13.0,853.0,243.0,253.0,4.0,708.0,99.0,1
12.0,6954.0,261.0,79.0,3.0,1174.0,88.0,1
15.0,1209.0,134.0,79.0,6.0,415.0,240.0,1
10.0,3126.0,258.0,154.0,5.0,1025.0,75.0,1
15.0,1229.0,45.0,33.0,4.0,950.0,120.0,1
2.0,363.0,262.0,252.0,3.0,1055.0,115.0,1
15.0,237.0,214.0,236.0,1.0,465.0,80.0,1
14.0,1700.0,60.0,22.0,7.0,870.0,110.0,1
9.0,122.0,128.0,143.0,4.0,462.0,50.0,1
14.0,1524.0,79.0,60.0,6.0,625.0,188.0,1
11.0,6423.0,76.0,85.0,7.0,335.0,75.0,1
12.0,6652.0,253.0,191.0,4.0,568.0,40.0,1
15.0,607.0,175.0,153.0,4.0,890.0,245.0,1
15.0,1123.0,175.0,104.0,1.0,720.0,180.0,1
5.0,2744.0,197.0,277.0,6.0,1135.0,185.0,1
5.0,1107.0,216.0,261.0,1.0,1030.0,311.0,1
12.0,4520.0,261.0,102.0,5.0,1031.0,104.0,1
10.0,3033.0,154.0,246.0,1.0,630.0,40.0,1
10.0,3453.0,80.0,184.0,4.0,560.0,135.0,1
8.0,1491.0,61.0,173.0,1.0,741.0,139.0,1
12.0,6247.0,227.0,79.0,6.0,444.0,131.0,1
7.0,770.0,153.0,79.0,5.0,933.0,111.0,1
6.0,5175.0,190.0,16.0,5.0,940.0,75.0,1
1.0,2081.0,173.0,80.0,1.0,465.0,180.0,1
6.0,5033.0,273.0,16.0,4.0,940.0,148.0,1
10.0,3972.0,193.0,281.0,4.0,460.0,45.0,1
12.0,6504.0,208.0,247.0,6.0,427.0,41.0,1
2.0,672.0,252.0,79.0,3.0,785.0,155.0,1
13.0,725.0,208.0,217.0,5.0,540.0,237.0,1
11.0,6316.0,139.0,233.0,3.0,1035.0,105.0,1
15.0,1156.0,33.0,87.0,4.0,1105.0,80.0,1
1.0,578.0,80.0,244.0,7.0,895.0,65.0,1
5.0,1283.0,16.0,175.0,6.0,970.0,116.0,1
0.0,4303.0,172.0,177.0,1.0,670.0,84.0,1
4.0,1789.0,85.0,135.0,5.0,1067.0,193.0,1
5.0,1860.0,183.0,16.0,1.0,1050.0,130.0,1
16.0,2009.0,41.0,135.0,3.0,430.0,70.0,1
16.0,5997.0,208.0,56.0,7.0,737.0,54.0,1
12.0,6256.0,139.0,208.0,6.0,799.0,76.0,1
4.0,1186.0,208.0,96.0,5.0,1019.0,136.0,1
1.0,1159.0,204.0,80.0,5.0,975.0,65.0,1
14.0,1490.0,60.0,159.0,1.0,971.0,109.0,1
15.0,631.0,172.0,217.0,6.0,925.0,185.0,1
1.0,1008.0,243.0,80.0,5.0,515.0,180.0,1
5.0,377.0,22.0,85.0,4.0,355.0,130.0,1
5.0,2133.0,197.0,16.0,4.0,930.0,154.0,1
10.0,3314.0,109.0,80.0,3.0,375.0,165.0,1
13.0,742.0,252.0,79.0,5.0,1025.0,160.0,1
13.0,936.0,79.0,134.0,7.0,693.0,195.0,1
15.0,2098.0,104.0,141.0,4.0,1185.0,165.0,1
3.0,381.0,159.0,104.0,5.0,1109.0,185.0,1
4.0,689.0,85.0,135.0,1.0,366.0,189.0,1
15.0,512.0,243.0,153.0,1.0,465.0,70.0,1
15.0,205.0,175.0,233.0,4.0,565.0,110.0,1
4.0,741.0,135.0,18.0,7.0,710.0,44.0,1
7.0,455.0,159.0,184.0,3.0,1080.0,139.0,1
6.0,5128.0,16.0,180.0,1.0,840.0,59.0,1
14.0,1769.0,159.0,60.0,5.0,1137.0,128.0,1
2.0,457.0,154.0,252.0,4.0,1050.0,165.0,1
15.0,941.0,45.0,58.0,4.0,850.0,75.0,1
6.0,7314.0,16.0,278.0,7.0,1155.0,67.0,1
11.0,6598.0,172.0,159.0,3.0,1110.0,168.0,1
17.0,7289.0,247.0,208.0,7.0,761.0,44.0,1
4.0,1086.0,135.0,173.0,3.0,960.0,134.0,1
11.0,6425.0,197.0,71.0,7.0,910.0,119.0,1
5.0,1830.0,261.0,148.0,4.0,1020.0,271.0,1
5.0,2649.0,96.0,197.0,5.0,1095.0,197.0,1
1.0,2088.0,183.0,159.0,4.0,660.0,180.0,1
3.0,97.0,148.0,79.0,4.0,1270.0,272.0,1
1.0,1602.0,91.0,80.0,1.0,360.0,100.0,1
11.0,6744.0,78.0,61.0,4.0,537.0,92.0,1
15.0,46.0,129.0,75.0,1.0,1050.0,55.0,1
10.0,3209.0,80.0,285.0,5.0,910.0,120.0,1
2.0,865.0,252.0,150.0,1.0,520.0,376.0,1
8.0,95.0,16.0,233.0,3.0,535.0,78.0,1
12.0,6655.0,208.0,86.0,3.0,900.0,71.0,1
15.0,937.0,79.0,33.0,6.0,855.0,145.0,1
5.0,1254.0,16.0,209.0,3.0,580.0,108.0,1
1.0,543.0,213.0,208.0,7.0,410.0,195.0,1
8.0,1134.0,238.0,277.0,3.0,449.0,184.0,1
12.0,6249.0,280.0,154.0,7.0,1068.0,93.0,1
5.0,2114.0,252.0,197.0,3.0,770.0,202.0,1
12.0,4744.0,202.0,261.0,5.0,992.0,103.0,1
7.0,861.0,79.0,217.0,4.0,1271.0,108.0,1
17.0,2658.0,33.0,60.0,3.0,675.0,75.0,1
12.0,4613.0,197.0,99.0,6.0,930.0,62.0,1
5.0,1128.0,209.0,16.0,5.0,1041.0,122.0,1
14.0,1026.0,277.0,60.0,6.0,815.0,97.0,1
12.0,6440.0,154.0,65.0,5.0,905.0,131.0,1
1.0,1607.0,80.0,217.0,1.0,900.0,155.0,1
15.0,538.0,262.0,252.0,6.0,1080.0,115.0,1
10.0,4497.0,33.0,78.0,5.0,1100.0,90.0,1
15.0,1499.0,279.0,129.0,4.0,740.0,95.0,1
1.0,1871.0,80.0,153.0,1.0,660.0,180.0,1
16.0,2453.0,135.0,38.0,1.0,575.0,71.0,1
6.0,7137.0,134.0,47.0,7.0,1043.0,87.0,1
10.0,4055.0,208.0,33.0,1.0,1005.0,90.0,1
16.0,2488.0,135.0,60.0,7.0,990.0,138.0,1
14.0,959.0,60.0,104.0,5.0,1329.0,115.0,1
1.0,785.0,80.0,198.0,4.0,1305.0,75.0,1
10.0,3060.0,154.0,100.0,6.0,840.0,60.0,1
4.0,720.0,79.0,58.0,6.0,675.0,157.0,1
1.0,554.0,253.0,208.0,1.0,855.0,260.0,1
1.0,2212.0,80.0,264.0,5.0,630.0,195.0,1
13.0,111.0,253.0,154.0,7.0,785.0,91.0,1
14.0,1278.0,173.0,78.0,3.0,1100.0,124.0,1
15.0,2823.0,129.0,153.0,7.0,610.0,205.0,1
5.0,329.0,147.0,16.0,5.0,846.0,78.0,1
16.0,5919.0,134.0,47.0,1.0,491.0,85.0,1
12.0,6990.0,218.0,79.0,6.0,525.0,157.0,1
6.0,7091.0,134.0,245.0,1.0,1025.0,105.0,1
3.0,1275.0,35.0,173.0,3.0,420.0,194.0,1
10.0,4389.0,35.0,148.0,3.0,840.0,75.0,1
17.0,2722.0,114.0,217.0,4.0,735.0,92.0,1
15.0,2001.0,129.0,154.0,6.0,965.0,225.0,1
5.0,2920.0,198.0,85.0,4.0,675.0,148.0,1
14.0,307.0,277.0,60.0,1.0,930.0,100.0,1
15.0,2735.0,153.0,253.0,6.0,680.0,105.0,1
14.0,1780.0,60.0,78.0,5.0,1331.0,71.0,1
15.0,2816.0,44.0,202.0,6.0,1140.0,70.0,1
10.0,3031.0,154.0,243.0,1.0,870.0,45.0,1
8.0,274.0,16.0,35.0,1.0,889.0,146.0,1
14.0,1007.0,60.0,221.0,3.0,1199.0,81.0,1
12.0,6453.0,154.0,217.0,3.0,1290.0,72.0,1
12.0,6439.0,208.0,72.0,7.0,1315.0,58.0,1
5.0,1244.0,129.0,16.0,6.0,375.0,130.0,1
10.0,3268.0,5.0,80.0,3.0,410.0,45.0,1
3.0,520.0,173.0,96.0,7.0,485.0,145.0,1
10.0,4473.0,159.0,35.0,3.0,1050.0,65.0,1
15.0,3403.0,2.0,45.0,5.0,510.0,220.0,1
1.0,1196.0,154.0,208.0,3.0,585.0,245.0,1
1.0,264.0,154.0,35.0,3.0,780.0,325.0,1
1.0,1209.0,80.0,258.0,6.0,745.0,230.0,1
2.0,86.0,14.0,252.0,1.0,750.0,205.0,1
4.0,221.0,16.0,135.0,3.0,1019.0,141.0,1
0.0,4226.0,71.0,209.0,1.0,690.0,99.0,1
15.0,1631.0,244.0,91.0,6.0,500.0,90.0,1
5.0,2509.0,85.0,80.0,7.0,920.0,191.0,1
15.0,792.0,33.0,147.0,3.0,465.0,85.0,1
15.0,2397.0,202.0,243.0,4.0,1035.0,85.0,1
8.0,691.0,267.0,16.0,3.0,674.0,96.0,1
12.0,4608.0,80.0,261.0,3.0,760.0,168.0,1
12.0,6370.0,253.0,232.0,4.0,1265.0,91.0,1
15.0,2379.0,262.0,214.0,7.0,790.0,90.0,1
0.0,4193.0,71.0,285.0,7.0,980.0,60.0,1
15.0,771.0,202.0,44.0,7.0,1100.0,65.0,1
12.0,6410.0,44.0,253.0,6.0,1045.0,79.0,1
6.0,5053.0,16.0,287.0,5.0,1245.0,65.0,1
15.0,870.0,2.0,75.0,5.0,395.0,100.0,1
3.0,260.0,160.0,104.0,6.0,1285.0,276.0,1
13.0,340.0,79.0,216.0,1.0,1062.0,213.0,1
1.0,2305.0,208.0,80.0,1.0,485.0,150.0,1
15.0,1104.0,243.0,253.0,7.0,895.0,90.0,1
16.0,2373.0,135.0,18.0,4.0,485.0,53.0,1
10.0,4320.0,204.0,208.0,6.0,1025.0,135.0,1
7.0,170.0,280.0,79.0,6.0,465.0,108.0,1
5.0,1674.0,173.0,197.0,4.0,925.0,216.0,1
15.0,242.0,173.0,221.0,7.0,785.0,135.0,1
5.0,2258.0,233.0,197.0,6.0,385.0,184.0,1
5.0,2890.0,16.0,76.0,1.0,515.0,102.0,1
15.0,3762.0,91.0,243.0,1.0,715.0,115.0,1
15.0,647.0,79.0,279.0,1.0,490.0,90.0,1
9.0,520.0,128.0,203.0,1.0,580.0,37.0,1
15.0,1868.0,251.0,27.0,4.0,650.0,70.0,1
1.0,375.0,80.0,91.0,3.0,1320.0,100.0,1
10.0,4202.0,208.0,0.0,3.0,1205.0,110.0,1
16.0,2860.0,184.0,135.0,1.0,630.0,172.0,1
14.0,829.0,85.0,60.0,1.0,390.0,103.0,1
12.0,4824.0,261.0,65.0,7.0,1015.0,97.0,1
15.0,418.0,236.0,214.0,4.0,585.0,95.0,1
2.0,82.0,14.0,252.0,5.0,570.0,200.0,1
12.0,6878.0,258.0,79.0,4.0,689.0,145.0,1
15.0,2855.0,155.0,75.0,3.0,1050.0,65.0,1
15.0,2669.0,129.0,2.0,7.0,680.0,135.0,1
4.0,322.0,198.0,135.0,7.0,490.0,68.0,1
12.0,6753.0,57.0,154.0,7.0,1173.0,39.0,1
5.0,1383.0,35.0,159.0,4.0,690.0,73.0,1
15.0,1461.0,79.0,153.0,4.0,365.0,120.0,1
11.0,6297.0,159.0,139.0,7.0,920.0,157.0,1
1.0,252.0,154.0,183.0,7.0,875.0,280.0,1
8.0,349.0,45.0,267.0,1.0,816.0,151.0,1
11.0,6572.0,61.0,85.0,3.0,1060.0,65.0,1
16.0,2777.0,41.0,135.0,5.0,870.0,65.0,1
17.0,7290.0,177.0,208.0,5.0,636.0,107.0,1
7.0,510.0,243.0,79.0,4.0,390.0,143.0,1
12.0,7787.0,261.0,220.0,4.0,1310.0,55.0,1
0.0,3806.0,177.0,147.0,7.0,1140.0,105.0,1
8.0,55.0,16.0,154.0,6.0,540.0,315.0,1
14.0,1550.0,217.0,60.0,6.0,950.0,225.0,1
11.0,6327.0,71.0,119.0,5.0,565.0,74.0,1
1.0,457.0,183.0,268.0,7.0,545.0,165.0,1
14.0,662.0,217.0,264.0,4.0,895.0,78.0,1
1.0,2473.0,183.0,80.0,7.0,920.0,200.0,1
15.0,533.0,153.0,236.0,7.0,520.0,75.0,1
15.0,229.0,217.0,2.0,5.0,935.0,65.0,1
16.0,2023.0,221.0,135.0,4.0,700.0,194.0,1
15.0,112.0,217.0,2.0,1.0,525.0,65.0,1
12.0,4740.0,154.0,153.0,7.0,675.0,68.0,1
14.0,678.0,217.0,34.0,4.0,1270.0,130.0,1
15.0,1339.0,173.0,172.0,6.0,520.0,185.0,1
12.0,6988.0,65.0,79.0,3.0,844.0,40.0,1
10.0,3884.0,58.0,208.0,4.0,360.0,85.0,1
15.0,375.0,217.0,243.0,3.0,450.0,70.0,1
1.0,971.0,16.0,183.0,4.0,380.0,110.0,1
3.0,15.0,148.0,104.0,5.0,995.0,195.0,1
16.0,2208.0,172.0,96.0,1.0,380.0,157.0,1
12.0,6482.0,79.0,65.0,6.0,618.0,38.0,1
10.0,4388.0,148.0,35.0,7.0,955.0,80.0,1
6.0,7090.0,71.0,208.0,5.0,650.0,81.0,1
1.0,1126.0,79.0,183.0,3.0,530.0,225.0,1
15.0,784.0,154.0,2.0,7.0,910.0,105.0,1
15.0,1724.0,262.0,207.0,6.0,1155.0,75.0,1
1.0,25.0,35.0,154.0,5.0,435.0,390.0,1
1.0,1492.0,253.0,80.0,1.0,730.0,210.0,1
17.0,7235.0,134.0,12.0,6.0,495.0,70.0,1
10.0,3970.0,208.0,45.0,6.0,465.0,115.0,1
0.0,4264.0,16.0,54.0,7.0,891.0,74.0,1
12.0,4750.0,261.0,127.0,4.0,1201.0,79.0,1
2.0,132.0,14.0,214.0,5.0,55.0,215.0,1
12.0,6831.0,208.0,65.0,6.0,587.0,153.0,1
4.0,692.0,96.0,173.0,5.0,665.0,173.0,1
15.0,1731.0,154.0,202.0,6.0,805.0,75.0,1
15.0,894.0,209.0,45.0,7.0,845.0,55.0,1
1.0,557.0,183.0,208.0,1.0,660.0,190.0,1
15.0,237.0,261.0,45.0,7.0,740.0,245.0,1
5.0,2832.0,264.0,261.0,1.0,989.0,106.0,1
1.0,1032.0,80.0,172.0,1.0,720.0,90.0,1
10.0,4096.0,208.0,107.0,6.0,525.0,105.0,1
15.0,2620.0,214.0,258.0,5.0,870.0,105.0,1
5.0,1965.0,177.0,277.0,6.0,540.0,112.0,1
15.0,1815.0,153.0,243.0,3.0,950.0,65.0,1
17.0,2945.0,60.0,54.0,5.0,679.0,59.0,1
1.0,662.0,172.0,80.0,1.0,1020.0,105.0,1
15.0,3322.0,104.0,277.0,7.0,1140.0,65.0,1
16.0,2424.0,71.0,96.0,7.0,963.0,125.0,1
10.0,3608.0,16.0,183.0,4.0,1000.0,120.0,1
5.0,1387.0,35.0,159.0,3.0,810.0,72.0,1
5.0,1231.0,261.0,198.0,4.0,835.0,194.0,1
5.0,1724.0,16.0,45.0,4.0,965.0,110.0,1
2.0,686.0,214.0,208.0,3.0,610.0,244.0,1
1.0,1049.0,45.0,183.0,6.0,930.0,175.0,1
15.0,1363.0,104.0,45.0,7.0,530.0,155.0,1
5.0,2555.0,159.0,213.0,6.0,419.0,186.0,1
8.0,36.0,16.0,175.0,7.0,1113.0,106.0,1
7.0,777.0,79.0,153.0,3.0,800.0,112.0,1
1.0,1914.0,80.0,147.0,3.0,850.0,130.0,1
3.0,686.0,78.0,35.0,1.0,940.0,84.0,1
0.0,4309.0,85.0,56.0,4.0,745.0,104.0,1
15.0,3915.0,175.0,35.0,4.0,695.0,135.0,1
15.0,2552.0,153.0,129.0,6.0,490.0,170.0,1
14.0,1775.0,216.0,78.0,4.0,1065.0,55.0,1
16.0,2333.0,135.0,85.0,5.0,445.0,177.0,1
16.0,2979.0,172.0,135.0,3.0,768.0,124.0,1
15.0,538.0,91.0,243.0,6.0,875.0,115.0,1
8.0,1035.0,241.0,221.0,7.0,516.0,149.0,1
8.0,1099.0,139.0,173.0,5.0,1199.0,140.0,1
15.0,612.0,45.0,61.0,6.0,1115.0,80.0,1
5.0,1014.0,16.0,22.0,6.0,1293.0,146.0,1
10.0,4180.0,208.0,60.0,1.0,685.0,115.0,1
3.0,17.0,148.0,104.0,5.0,650.0,183.0,1
8.0,268.0,78.0,184.0,7.0,1079.0,129.0,1
0.0,4005.0,279.0,16.0,4.0,1060.0,129.0,1
13.0,485.0,79.0,262.0,5.0,1305.0,157.0,1
16.0,5903.0,208.0,99.0,6.0,1220.0,113.0,1
11.0,6362.0,71.0,119.0,4.0,975.0,72.0,1
6.0,5016.0,256.0,16.0,7.0,606.0,104.0,1
5.0,1953.0,184.0,197.0,3.0,1140.0,83.0,1
5.0,1920.0,154.0,177.0,4.0,465.0,221.0,1
16.0,2379.0,96.0,251.0,4.0,1229.0,147.0,1
15.0,2545.0,216.0,79.0,5.0,1110.0,275.0,1
10.0,2782.0,157.0,80.0,6.0,385.0,160.0,1
5.0,1261.0,54.0,16.0,4.0,510.0,86.0,1
5.0,2532.0,173.0,35.0,1.0,665.0,172.0,1
1.0,2206.0,80.0,134.0,3.0,1040.0,160.0,1
5.0,1024.0,16.0,60.0,7.0,585.0,85.0,1
0.0,3675.0,85.0,12.0,3.0,840.0,99.0,1
15.0,767.0,75.0,244.0,5.0,810.0,65.0,1
12.0,6327.0,243.0,154.0,7.0,811.0,44.0,1
13.0,464.0,208.0,84.0,3.0,1260.0,82.0,1
15.0,3312.0,172.0,184.0,1.0,575.0,85.0,1
8.0,782.0,215.0,173.0,5.0,596.0,125.0,1
14.0,1527.0,273.0,60.0,3.0,705.0,129.0,1
1.0,1561.0,208.0,253.0,5.0,1125.0,285.0,1
1.0,1526.0,80.0,173.0,4.0,1235.0,135.0,1
12.0,7044.0,79.0,205.0,5.0,509.0,84.0,1
14.0,2169.0,159.0,78.0,1.0,600.0,77.0,1
1.0,1952.0,2.0,80.0,3.0,715.0,100.0,1
12.0,6412.0,253.0,93.0,3.0,1360.0,92.0,1
15.0,1392.0,44.0,202.0,5.0,790.0,70.0,1
10.0,2725.0,80.0,47.0,6.0,1175.0,135.0,1
3.0,194.0,153.0,148.0,3.0,840.0,293.0,1
8.0,1032.0,221.0,241.0,5.0,510.0,189.0,1
15.0,3595.0,228.0,104.0,3.0,495.0,205.0,1
12.0,4441.0,102.0,261.0,4.0,735.0,95.0,1
13.0,22.0,154.0,148.0,1.0,510.0,329.0,1
15.0,293.0,243.0,202.0,3.0,995.0,85.0,1
10.0,3859.0,135.0,208.0,1.0,405.0,155.0,1
15.0,634.0,45.0,251.0,7.0,1100.0,110.0,1
12.0,6950.0,227.0,79.0,7.0,688.0,128.0,1
1.0,160.0,243.0,148.0,4.0,460.0,315.0,1
4.0,368.0,217.0,58.0,3.0,740.0,224.0,1
0.0,4028.0,233.0,85.0,1.0,568.0,117.0,1
11.0,6693.0,85.0,251.0,6.0,920.0,87.0,1
1.0,2585.0,35.0,183.0,7.0,495.0,220.0,1
1.0,1072.0,80.0,216.0,4.0,1205.0,180.0,1
5.0,2446.0,268.0,85.0,3.0,630.0,94.0,1
16.0,2830.0,135.0,146.0,7.0,1192.0,75.0,1
15.0,411.0,253.0,79.0,5.0,960.0,150.0,1
12.0,6480.0,140.0,292.0,5.0,346.0,34.0,1
15.0,1308.0,268.0,241.0,3.0,1070.0,145.0,1
15.0,2812.0,172.0,2.0,7.0,1050.0,135.0,1
5.0,1827.0,16.0,104.0,5.0,668.0,120.0,1
13.0,910.0,79.0,208.0,5.0,517.0,143.0,1
15.0,2850.0,175.0,153.0,6.0,720.0,245.0,1
1.0,1845.0,183.0,260.0,6.0,720.0,145.0,1
15.0,1956.0,129.0,244.0,3.0,1055.0,55.0,1
14.0,817.0,208.0,216.0,6.0,450.0,120.0,1
1.0,1373.0,183.0,80.0,5.0,740.0,195.0,1
12.0,6965.0,208.0,18.0,3.0,496.0,165.0,1
5.0,2610.0,80.0,16.0,1.0,420.0,130.0,1
12.0,4458.0,46.0,261.0,1.0,395.0,75.0,1
5.0,2405.0,85.0,184.0,6.0,515.0,75.0,1
5.0,2356.0,233.0,85.0,4.0,355.0,125.0,1
2.0,9.0,173.0,252.0,4.0,500.0,385.0,1
11.0,6610.0,159.0,172.0,6.0,445.0,210.0,1
10.0,4215.0,33.0,208.0,4.0,930.0,105.0,1
16.0,2748.0,135.0,190.0,3.0,965.0,79.0,1
11.0,6548.0,148.0,221.0,6.0,885.0,108.0,1
15.0,1678.0,35.0,79.0,4.0,495.0,295.0,1
10.0,3628.0,33.0,183.0,6.0,540.0,140.0,1
5.0,314.0,183.0,16.0,7.0,678.0,117.0,1
6.0,5195.0,16.0,167.0,6.0,650.0,86.0,1
6.0,7332.0,16.0,33.0,5.0,1050.0,68.0,1
16.0,2945.0,135.0,27.0,3.0,855.0,93.0,1
3.0,593.0,130.0,173.0,1.0,670.0,163.0,1
12.0,4870.0,261.0,79.0,7.0,1210.0,83.0,1
8.0,1082.0,173.0,268.0,6.0,946.0,149.0,1
17.0,7306.0,134.0,273.0,4.0,509.0,72.0,1
5.0,2557.0,148.0,243.0,5.0,1150.0,390.0,1
15.0,1253.0,277.0,213.0,1.0,490.0,55.0,1
16.0,2572.0,135.0,54.0,5.0,820.0,131.0,1
15.0,2620.0,258.0,217.0,7.0,1000.0,110.0,1
16.0,2650.0,96.0,184.0,3.0,580.0,147.0,1
5.0,1647.0,159.0,16.0,4.0,660.0,159.0,1
11.0,6481.0,33.0,177.0,4.0,1025.0,66.0,1
15.0,1149.0,217.0,197.0,4.0,680.0,190.0,1
1.0,1152.0,198.0,80.0,7.0,550.0,100.0,1
9.0,183.0,128.0,161.0,4.0,936.0,37.0,1
14.0,156.0,217.0,268.0,7.0,790.0,173.0,1
5.0,1044.0,43.0,16.0,3.0,977.0,137.0,1
15.0,3484.0,262.0,243.0,4.0,1270.0,80.0,1
10.0,3693.0,234.0,183.0,3.0,895.0,160.0,1
3.0,69.0,273.0,148.0,7.0,860.0,78.0,1
5.0,1865.0,16.0,241.0,4.0,575.0,115.0,1
7.0,138.0,79.0,80.0,7.0,955.0,108.0,1
16.0,2940.0,96.0,85.0,6.0,518.0,129.0,1
3.0,985.0,148.0,104.0,4.0,1090.0,193.0,1
5.0,1666.0,61.0,16.0,5.0,746.0,101.0,1
6.0,5346.0,205.0,16.0,7.0,835.0,135.0,1
12.0,6990.0,218.0,79.0,5.0,524.0,157.0,1
10.0,3156.0,154.0,242.0,4.0,600.0,120.0,1
15.0,1357.0,207.0,153.0,3.0,475.0,60.0,1
5.0,2699.0,197.0,217.0,5.0,685.0,204.0,1
12.0,4484.0,153.0,154.0,6.0,1180.0,75.0,1
5.0,2774.0,197.0,177.0,4.0,795.0,122.0,1
17.0,2623.0,60.0,71.0,3.0,965.0,89.0,1
16.0,2777.0,41.0,135.0,1.0,870.0,65.0,1
6.0,5423.0,288.0,16.0,1.0,701.0,82.0,1
15.0,41.0,75.0,129.0,3.0,990.0,65.0,1
1.0,2324.0,80.0,208.0,5.0,445.0,140.0,1
10.0,3972.0,281.0,208.0,7.0,530.0,85.0,1
16.0,2466.0,170.0,135.0,7.0,1144.0,84.0,1
0.0,4077.0,195.0,85.0,5.0,1100.0,88.0,1
1.0,627.0,35.0,183.0,3.0,550.0,210.0,1
12.0,6979.0,135.0,208.0,3.0,742.0,153.0,1
15.0,2353.0,79.0,173.0,1.0,800.0,210.0,1
0.0,3788.0,197.0,82.0,4.0,1325.0,55.0,1
15.0,479.0,18.0,75.0,5.0,1125.0,55.0,1
5.0,1262.0,173.0,22.0,1.0,675.0,154.0,1
9.0,203.0,128.0,161.0,7.0,755.0,37.0,1
1.0,269.0,148.0,252.0,3.0,1125.0,385.0,1
1.0,721.0,80.0,91.0,4.0,815.0,105.0,1
14.0,94.0,197.0,217.0,7.0,1076.0,206.0,1
14.0,2142.0,159.0,35.0,7.0,1200.0,75.0,1
6.0,5187.0,16.0,27.0,3.0,750.0,58.0,1
0.0,4159.0,85.0,69.0,4.0,610.0,80.0,1
15.0,316.0,45.0,146.0,4.0,730.0,165.0,1
5.0,341.0,16.0,285.0,3.0,1225.0,55.0,1
16.0,2148.0,33.0,96.0,7.0,725.0,129.0,1
15.0,3681.0,153.0,253.0,6.0,850.0,95.0,1
6.0,5075.0,174.0,16.0,7.0,375.0,133.0,1
0.0,3844.0,197.0,61.0,1.0,790.0,110.0,1
10.0,3066.0,243.0,154.0,4.0,615.0,50.0,1
5.0,1935.0,85.0,33.0,5.0,440.0,115.0,1
6.0,5374.0,16.0,87.0,7.0,510.0,78.0,1
6.0,5209.0,47.0,16.0,3.0,827.0,74.0,1
1.0,1587.0,177.0,80.0,4.0,665.0,100.0,1
5.0,2109.0,184.0,16.0,7.0,904.0,123.0,1
3.0,670.0,154.0,148.0,4.0,450.0,309.0,1
3.0,437.0,35.0,173.0,3.0,1180.0,190.0,1
15.0,1649.0,75.0,18.0,6.0,710.0,50.0,1
17.0,2773.0,280.0,217.0,7.0,405.0,47.0,1
12.0,6710.0,208.0,71.0,5.0,805.0,76.0,1
12.0,4883.0,261.0,28.0,7.0,1290.0,81.0,1
6.0,5196.0,85.0,205.0,1.0,520.0,125.0,1
14.0,358.0,60.0,197.0,5.0,1335.0,158.0,1
12.0,6583.0,65.0,79.0,1.0,600.0,49.0,1
5.0,2397.0,71.0,183.0,6.0,560.0,167.0,1
12.0,6845.0,253.0,246.0,5.0,850.0,82.0,1
14.0,1079.0,78.0,147.0,3.0,705.0,123.0,1
15.0,1427.0,33.0,198.0,1.0,940.0,95.0,1
7.0,857.0,79.0,217.0,4.0,790.0,108.0,1
1.0,1619.0,147.0,80.0,3.0,645.0,175.0,1
4.0,172.0,128.0,154.0,7.0,890.0,335.0,1
6.0,5381.0,177.0,162.0,3.0,570.0,56.0,1
5.0,28.0,173.0,16.0,7.0,750.0,97.0,1
8.0,254.0,106.0,16.0,7.0,360.0,130.0,1
15.0,3025.0,141.0,173.0,6.0,755.0,175.0,1
16.0,2773.0,135.0,146.0,7.0,840.0,74.0,1
1.0,1798.0,154.0,253.0,3.0,1145.0,85.0,1
1.0,1106.0,80.0,35.0,5.0,480.0,210.0,1
12.0,6335.0,243.0,154.0,7.0,994.0,41.0,1
3.0,437.0,35.0,173.0,7.0,1180.0,190.0,1
5.0,1679.0,71.0,253.0,7.0,560.0,317.0,1
14.0,1022.0,60.0,234.0,7.0,1220.0,68.0,1
15.0,448.0,153.0,175.0,5.0,1045.0,210.0,1
16.0,2260.0,96.0,71.0,3.0,925.0,129.0,1
17.0,2824.0,217.0,280.0,4.0,974.0,45.0,1
16.0,3119.0,135.0,190.0,7.0,599.0,71.0,1
5.0,1524.0,16.0,45.0,3.0,730.0,109.0,1
14.0,621.0,217.0,202.0,7.0,650.0,123.0,1
6.0,5319.0,16.0,288.0,3.0,1155.0,77.0,1
6.0,5254.0,16.0,174.0,3.0,895.0,110.0,1
10.0,2787.0,165.0,80.0,3.0,935.0,80.0,1
15.0,738.0,217.0,33.0,1.0,620.0,195.0,1
12.0,6818.0,208.0,56.0,1.0,477.0,56.0,1
0.0,4291.0,285.0,177.0,4.0,750.0,84.0,1
6.0,5297.0,16.0,177.0,4.0,1130.0,84.0,1
15.0,1963.0,216.0,173.0,6.0,595.0,165.0,1
2.0,510.0,252.0,264.0,6.0,630.0,163.0,1
5.0,1041.0,16.0,214.0,7.0,1130.0,334.0,1
5.0,1689.0,216.0,85.0,1.0,755.0,108.0,1
15.0,327.0,175.0,134.0,4.0,1230.0,110.0,1
4.0,175.0,264.0,128.0,1.0,540.0,345.0,1
12.0,6723.0,18.0,253.0,5.0,455.0,238.0,1
15.0,3758.0,153.0,216.0,6.0,845.0,285.0,1
5.0,2153.0,197.0,252.0,7.0,860.0,220.0,1
0.0,4145.0,85.0,92.0,5.0,940.0,59.0,1
5.0,1984.0,16.0,221.0,6.0,503.0,107.0,1
10.0,4619.0,159.0,233.0,4.0,535.0,110.0,1
13.0,527.0,208.0,45.0,1.0,427.0,113.0,1
0.0,3775.0,12.0,85.0,1.0,330.0,120.0,1
5.0,1229.0,16.0,213.0,7.0,1330.0,106.0,1
10.0,3019.0,154.0,100.0,3.0,1260.0,60.0,1
15.0,1458.0,244.0,129.0,7.0,1120.0,50.0,1
15.0,1430.0,175.0,216.0,6.0,825.0,125.0,1
15.0,785.0,27.0,75.0,1.0,460.0,115.0,1
12.0,4537.0,217.0,261.0,5.0,740.0,97.0,1
4.0,298.0,79.0,135.0,4.0,785.0,138.0,1
0.0,3891.0,175.0,85.0,6.0,420.0,84.0,1
15.0,1851.0,207.0,202.0,3.0,360.0,80.0,1
1.0,658.0,80.0,76.0,5.0,1145.0,130.0,1
4.0,325.0,96.0,58.0,7.0,855.0,96.0,1
16.0,3088.0,172.0,58.0,7.0,717.0,107.0,1
1.0,1646.0,279.0,80.0,7.0,500.0,80.0,1
12.0,6709.0,79.0,194.0,3.0,1102.0,160.0,1
14.0,1637.0,159.0,60.0,5.0,1027.0,128.0,1
14.0,721.0,60.0,183.0,7.0,1080.0,125.0,1
15.0,669.0,154.0,202.0,7.0,540.0,75.0,1
5.0,1598.0,104.0,159.0,1.0,830.0,176.0,1
17.0,2999.0,134.0,60.0,1.0,565.0,115.0,1
8.0,667.0,16.0,130.0,4.0,610.0,146.0,1
12.0,6340.0,208.0,19.0,5.0,786.0,105.0,1
1.0,513.0,277.0,260.0,5.0,435.0,165.0,1
16.0,3078.0,135.0,234.0,3.0,835.0,159.0,1
5.0,2371.0,197.0,262.0,6.0,1035.0,239.0,1
12.0,4605.0,197.0,195.0,7.0,615.0,64.0,1
13.0,515.0,208.0,262.0,7.0,1230.0,272.0,1
0.0,3829.0,85.0,56.0,6.0,940.0,102.0,1
5.0,1079.0,16.0,61.0,4.0,455.0,95.0,1
8.0,994.0,35.0,184.0,5.0,1056.0,159.0,1
12.0,6281.0,18.0,208.0,5.0,829.0,155.0,1
2.0,98.0,14.0,252.0,7.0,1025.0,205.0,1
15.0,44.0,75.0,172.0,3.0,1105.0,85.0,1
14.0,94.0,217.0,214.0,3.0,1280.0,166.0,1
15.0,1279.0,173.0,129.0,3.0,1125.0,155.0,1
14.0,1462.0,60.0,234.0,1.0,971.0,62.0,1
1.0,1887.0,80.0,153.0,3.0,395.0,175.0,1
5.0,1962.0,85.0,216.0,5.0,430.0,110.0,1
12.0,6434.0,154.0,244.0,3.0,632.0,163.0,1
13.0,478.0,253.0,214.0,7.0,526.0,116.0,1
4.0,170.0,135.0,253.0,5.0,545.0,255.0,1
10.0,3912.0,208.0,69.0,4.0,1135.0,90.0,1
8.0,996.0,35.0,184.0,6.0,415.0,160.0,1
12.0,4852.0,197.0,184.0,5.0,905.0,69.0,1
5.0,2766.0,197.0,172.0,1.0,610.0,91.0,1
5.0,1534.0,244.0,16.0,7.0,648.0,142.0,1
8.0,950.0,104.0,45.0,1.0,430.0,145.0,1
12.0,7779.0,255.0,261.0,3.0,1170.0,75.0,1
10.0,4074.0,290.0,208.0,1.0,940.0,105.0,1
13.0,701.0,79.0,2.0,3.0,1159.0,83.0,1
15.0,2713.0,209.0,45.0,3.0,1165.0,55.0,1
15.0,3915.0,175.0,35.0,1.0,695.0,135.0,1
1.0,496.0,208.0,78.0,3.0,380.0,99.0,1
12.0,6625.0,79.0,46.0,1.0,475.0,110.0,1
15.0,908.0,175.0,173.0,1.0,635.0,155.0,1
15.0,1920.0,175.0,197.0,3.0,1070.0,90.0,1
15.0,1983.0,217.0,197.0,6.0,670.0,190.0,1
10.0,3204.0,80.0,256.0,1.0,475.0,55.0,1
8.0,1482.0,173.0,85.0,5.0,986.0,162.0,1
12.0,6714.0,79.0,177.0,3.0,1157.0,134.0,1
15.0,45.0,228.0,175.0,4.0,695.0,165.0,1
15.0,3008.0,154.0,91.0,6.0,1010.0,110.0,1
3.0,496.0,79.0,35.0,6.0,655.0,223.0,1
13.0,350.0,208.0,234.0,3.0,792.0,119.0,1
12.0,6932.0,208.0,212.0,1.0,795.0,80.0,1
2.0,322.0,252.0,258.0,7.0,405.0,128.0,1
1.0,1970.0,80.0,33.0,1.0,1090.0,100.0,1
3.0,62.0,148.0,273.0,7.0,888.0,78.0,1
15.0,1747.0,175.0,85.0,1.0,875.0,65.0,1
15.0,1915.0,22.0,45.0,5.0,375.0,80.0,1
13.0,263.0,198.0,154.0,6.0,1168.0,262.0,1
13.0,288.0,208.0,173.0,7.0,822.0,166.0,1
13.0,922.0,208.0,134.0,3.0,360.0,108.0,1
4.0,561.0,244.0,96.0,7.0,385.0,209.0,1
17.0,7244.0,229.0,208.0,5.0,1048.0,172.0,1
5.0,2389.0,85.0,197.0,4.0,514.0,126.0,1
15.0,1950.0,261.0,175.0,1.0,940.0,195.0,1
0.0,4306.0,85.0,250.0,1.0,880.0,76.0,1
15.0,223.0,175.0,277.0,1.0,455.0,165.0,1
11.0,6657.0,148.0,197.0,6.0,490.0,210.0,1
4.0,510.0,135.0,96.0,5.0,530.0,206.0,1
16.0,2540.0,33.0,135.0,1.0,515.0,132.0,1
1.0,341.0,159.0,208.0,3.0,960.0,180.0,1
13.0,781.0,172.0,79.0,4.0,730.0,114.0,1
5.0,1806.0,154.0,85.0,3.0,805.0,270.0,1
17.0,2704.0,60.0,200.0,7.0,1100.0,62.0,1
12.0,6971.0,79.0,280.0,7.0,837.0,118.0,1
7.0,376.0,79.0,184.0,7.0,1070.0,133.0,1
12.0,7765.0,261.0,220.0,1.0,660.0,60.0,1
5.0,2967.0,16.0,243.0,5.0,660.0,294.0,1
7.0,106.0,79.0,197.0,3.0,635.0,116.0,1
3.0,1188.0,267.0,35.0,3.0,945.0,176.0,1
11.0,6415.0,71.0,22.0,4.0,660.0,119.0,1
12.0,7053.0,208.0,69.0,6.0,1087.0,82.0,1
15.0,1151.0,277.0,175.0,4.0,1195.0,165.0,1
5.0,1807.0,71.0,252.0,7.0,560.0,309.0,1
1.0,1093.0,96.0,80.0,6.0,450.0,250.0,1
3.0,597.0,130.0,173.0,5.0,1180.0,165.0,1
15.0,37.0,75.0,129.0,1.0,930.0,60.0,1
10.0,2890.0,114.0,80.0,5.0,705.0,120.0,1
14.0,401.0,216.0,253.0,5.0,1080.0,385.0,1
3.0,621.0,148.0,129.0,5.0,710.0,244.0,1
11.0,6382.0,21.0,85.0,4.0,420.0,60.0,1
13.0,303.0,148.0,253.0,3.0,360.0,404.0,1
15.0,899.0,153.0,202.0,7.0,660.0,90.0,1
15.0,1159.0,261.0,202.0,7.0,1205.0,125.0,1
1.0,2033.0,33.0,80.0,3.0,990.0,125.0,1
13.0,591.0,45.0,208.0,5.0,1176.0,135.0,1
6.0,5219.0,78.0,147.0,5.0,1210.0,126.0,1
17.0,1037.0,128.0,161.0,4.0,830.0,37.0,1
4.0,1140.0,80.0,96.0,7.0,1070.0,198.0,1
6.0,5419.0,204.0,85.0,1.0,360.0,150.0,1
12.0,7799.0,64.0,261.0,5.0,360.0,89.0,1
16.0,5943.0,208.0,218.0,3.0,1205.0,49.0,1
3.0,8.0,148.0,43.0,1.0,865.0,91.0,1
12.0,6571.0,214.0,179.0,5.0,1135.0,61.0,1
11.0,6523.0,148.0,234.0,7.0,1210.0,101.0,1
8.0,1743.0,173.0,221.0,4.0,669.0,133.0,1
12.0,4828.0,253.0,261.0,4.0,1092.0,108.0,1
0.0,4277.0,177.0,13.0,4.0,820.0,120.0,1
5.0,1626.0,104.0,16.0,5.0,1049.0,125.0,1
13.0,357.0,45.0,208.0,3.0,905.0,130.0,1
5.0,2766.0,197.0,172.0,4.0,610.0,91.0,1
9.0,262.0,128.0,143.0,3.0,960.0,51.0,1
5.0,1659.0,268.0,16.0,5.0,1007.0,102.0,1
15.0,47.0,204.0,75.0,7.0,1000.0,55.0,1
1.0,461.0,22.0,183.0,4.0,880.0,195.0,1
14.0,1850.0,213.0,60.0,3.0,1020.0,112.0,1
14.0,719.0,216.0,35.0,7.0,1095.0,93.0,1
16.0,2046.0,10.0,135.0,3.0,375.0,62.0,1
2.0,344.0,252.0,202.0,4.0,850.0,123.0,1
1.0,1486.0,153.0,80.0,4.0,495.0,160.0,1
5.0,150.0,16.0,134.0,3.0,590.0,118.0,1
16.0,5986.0,99.0,208.0,5.0,360.0,112.0,1
10.0,4093.0,193.0,117.0,5.0,405.0,50.0,1
17.0,7250.0,208.0,54.0,4.0,840.0,122.0,1
15.0,1857.0,261.0,217.0,6.0,795.0,95.0,1
0.0,3941.0,148.0,238.0,7.0,1275.0,125.0,1
10.0,4256.0,208.0,52.0,3.0,475.0,95.0,1
14.0,77.0,35.0,217.0,7.0,980.0,353.0,1
1.0,1363.0,233.0,183.0,6.0,420.0,130.0,1
15.0,2173.0,45.0,217.0,6.0,815.0,325.0,1
12.0,6677.0,79.0,100.0,5.0,1102.0,147.0,1
5.0,1690.0,16.0,22.0,4.0,745.0,141.0,1
0.0,4116.0,85.0,43.0,5.0,935.0,78.0,1
5.0,2781.0,139.0,197.0,5.0,730.0,116.0,1
8.0,687.0,16.0,136.0,7.0,1255.0,143.0,1
1.0,1120.0,208.0,268.0,5.0,840.0,65.0,1
3.0,735.0,148.0,37.0,7.0,355.0,215.0,1
3.0,18.0,104.0,148.0,6.0,616.0,158.0,1
16.0,2592.0,96.0,139.0,1.0,633.0,134.0,1
13.0,417.0,153.0,208.0,1.0,887.0,214.0,1
15.0,789.0,175.0,43.0,6.0,530.0,85.0,1
8.0,227.0,153.0,184.0,3.0,430.0,208.0,1
14.0,2028.0,78.0,35.0,1.0,630.0,79.0,1
6.0,5238.0,16.0,121.0,1.0,906.0,59.0,1
9.0,106.0,128.0,203.0,1.0,317.0,36.0,1
15.0,35.0,129.0,198.0,3.0,995.0,65.0,1
6.0,7374.0,85.0,35.0,5.0,1180.0,118.0,1
15.0,264.0,79.0,268.0,1.0,385.0,120.0,1
10.0,2926.0,52.0,80.0,6.0,990.0,140.0,1
14.0,1105.0,12.0,60.0,6.0,885.0,134.0,1
14.0,1047.0,78.0,60.0,4.0,1035.0,92.0,1
14.0,1616.0,60.0,96.0,6.0,590.0,115.0,1
15.0,630.0,217.0,258.0,5.0,1195.0,120.0,1
8.0,704.0,76.0,16.0,7.0,652.0,99.0,1
15.0,1180.0,252.0,202.0,7.0,700.0,125.0,1
14.0,49.0,153.0,78.0,6.0,720.0,267.0,1
14.0,551.0,214.0,217.0,6.0,690.0,148.0,1
1.0,1351.0,208.0,154.0,7.0,810.0,270.0,1
17.0,7282.0,273.0,134.0,5.0,1194.0,77.0,1
6.0,5450.0,180.0,16.0,6.0,865.0,64.0,1
15.0,922.0,262.0,264.0,1.0,425.0,90.0,1
0.0,3980.0,223.0,177.0,5.0,985.0,91.0,1
0.0,3855.0,42.0,85.0,3.0,734.0,131.0,1
5.0,1264.0,217.0,261.0,5.0,870.0,99.0,1
14.0,1640.0,60.0,96.0,1.0,468.0,102.0,1
15.0,1181.0,129.0,217.0,5.0,795.0,175.0,1
15.0,3601.0,12.0,277.0,1.0,655.0,205.0,1
15.0,1134.0,139.0,175.0,4.0,670.0,60.0,1
5.0,378.0,16.0,209.0,5.0,1155.0,105.0,1
14.0,1614.0,173.0,216.0,3.0,615.0,139.0,1
0.0,4289.0,112.0,197.0,6.0,655.0,80.0,1
15.0,2004.0,154.0,153.0,5.0,1005.0,65.0,1
10.0,3665.0,221.0,183.0,4.0,390.0,180.0,1
5.0,1775.0,177.0,217.0,5.0,1170.0,214.0,1
5.0,1631.0,78.0,177.0,5.0,1040.0,150.0,1
4.0,298.0,79.0,135.0,5.0,785.0,138.0,1
4.0,1046.0,135.0,208.0,7.0,1045.0,153.0,1
12.0,4558.0,34.0,261.0,4.0,713.0,72.0,1
3.0,1103.0,148.0,233.0,4.0,557.0,108.0,1
10.0,3693.0,234.0,183.0,5.0,895.0,160.0,1
15.0,638.0,241.0,173.0,3.0,910.0,50.0,1
15.0,653.0,154.0,33.0,3.0,520.0,230.0,1
14.0,5.0,217.0,208.0,6.0,800.0,201.0,1
12.0,6823.0,208.0,209.0,6.0,797.0,123.0,1
3.0,371.0,159.0,104.0,7.0,360.0,174.0,1
8.0,114.0,80.0,16.0,7.0,1115.0,120.0,1
12.0,6563.0,79.0,15.0,6.0,730.0,44.0,1
15.0,1091.0,91.0,153.0,5.0,470.0,115.0,1
15.0,561.0,153.0,154.0,5.0,740.0,65.0,1
5.0,2235.0,197.0,107.0,3.0,1170.0,60.0,1
4.0,485.0,214.0,96.0,5.0,460.0,307.0,1
5.0,2616.0,153.0,85.0,5.0,590.0,240.0,1
15.0,2450.0,153.0,264.0,5.0,840.0,70.0,1
3.0,1909.0,35.0,148.0,7.0,935.0,82.0,1
15.0,3157.0,182.0,175.0,1.0,565.0,165.0,1
15.0,2770.0,173.0,45.0,6.0,1145.0,125.0,1
11.0,6682.0,45.0,71.0,4.0,671.0,109.0,1
6.0,5417.0,16.0,84.0,7.0,959.0,131.0,1
2.0,694.0,252.0,111.0,7.0,1080.0,60.0,1
15.0,1920.0,175.0,197.0,5.0,1070.0,90.0,1
14.0,5.0,264.0,217.0,4.0,600.0,75.0,1
2.0,67.0,257.0,149.0,7.0,1125.0,39.0,1
15.0,1091.0,75.0,91.0,4.0,400.0,110.0,1
5.0,1975.0,197.0,16.0,7.0,610.0,150.0,1
17.0,2681.0,71.0,60.0,4.0,419.0,86.0,1
16.0,2806.0,96.0,172.0,3.0,886.0,194.0,1
6.0,5030.0,11.0,16.0,7.0,985.0,61.0,1
1.0,526.0,80.0,277.0,7.0,745.0,135.0,1
8.0,77.0,16.0,104.0,4.0,525.0,113.0,1
15.0,587.0,79.0,45.0,4.0,1105.0,200.0,1
15.0,882.0,209.0,147.0,4.0,930.0,105.0,1
16.0,5987.0,20.0,208.0,1.0,1059.0,144.0,1
3.0,1148.0,173.0,42.0,5.0,1085.0,166.0,1
2.0,233.0,243.0,252.0,5.0,1025.0,170.0,1
8.0,1467.0,175.0,173.0,5.0,984.0,158.0,1
11.0,6697.0,71.0,109.0,1.0,810.0,51.0,1
14.0,952.0,104.0,216.0,3.0,360.0,157.0,1
5.0,1086.0,177.0,16.0,1.0,555.0,84.0,1
15.0,18.0,277.0,61.0,6.0,1055.0,135.0,1
1.0,351.0,80.0,153.0,5.0,1260.0,170.0,1
4.0,1597.0,135.0,207.0,5.0,1270.0,212.0,1
10.0,2813.0,80.0,230.0,4.0,735.0,145.0,1
1.0,1775.0,241.0,80.0,6.0,475.0,185.0,1
5.0,2089.0,197.0,264.0,1.0,585.0,242.0,1
14.0,1754.0,78.0,216.0,1.0,930.0,85.0,1
6.0,7325.0,16.0,27.0,4.0,1050.0,57.0,1
10.0,3337.0,10.0,80.0,5.0,685.0,75.0,1
13.0,643.0,208.0,214.0,5.0,904.0,280.0,1
3.0,250.0,160.0,202.0,1.0,1090.0,77.0,1
12.0,6708.0,253.0,210.0,1.0,1065.0,115.0,1
0.0,4300.0,223.0,177.0,4.0,681.0,93.0,1
8.0,68.0,16.0,134.0,1.0,1043.0,100.0,1
12.0,6622.0,114.0,79.0,7.0,1023.0,57.0,1
3.0,1206.0,241.0,130.0,7.0,650.0,160.0,1
12.0,6935.0,6.0,51.0,3.0,496.0,27.0,1
13.0,309.0,96.0,208.0,6.0,1020.0,158.0,1
10.0,3263.0,80.0,118.0,5.0,1295.0,50.0,1
0.0,3663.0,61.0,71.0,1.0,705.0,57.0,1
14.0,2134.0,159.0,35.0,1.0,960.0,74.0,1
5.0,1985.0,76.0,16.0,3.0,350.0,114.0,1
15.0,1667.0,264.0,262.0,7.0,745.0,90.0,1
5.0,2590.0,261.0,217.0,4.0,840.0,98.0,1
17.0,2871.0,292.0,217.0,6.0,684.0,67.0,1
16.0,3106.0,135.0,41.0,5.0,720.0,59.0,1
15.0,779.0,173.0,104.0,7.0,560.0,60.0,1
8.0,425.0,223.0,16.0,4.0,664.0,68.0,1
12.0,4440.0,261.0,135.0,3.0,580.0,180.0,1
10.0,2769.0,80.0,254.0,5.0,950.0,75.0,1
13.0,95.0,96.0,253.0,6.0,1098.0,384.0,1
16.0,2604.0,135.0,279.0,4.0,885.0,85.0,1
12.0,6383.0,246.0,253.0,5.0,1176.0,80.0,1
13.0,225.0,134.0,253.0,5.0,1331.0,362.0,1
12.0,6289.0,227.0,153.0,6.0,941.0,60.0,1
5.0,1023.0,16.0,267.0,3.0,821.0,92.0,1
13.0,71.0,148.0,154.0,7.0,520.0,380.0,1
5.0,242.0,183.0,85.0,4.0,807.0,188.0,1
12.0,4762.0,227.0,261.0,1.0,390.0,102.0,1
10.0,3394.0,41.0,80.0,5.0,1195.0,90.0,1
14.0,1286.0,198.0,216.0,3.0,790.0,159.0,1
15.0,2984.0,154.0,258.0,3.0,480.0,65.0,1
5.0,1937.0,45.0,85.0,6.0,365.0,103.0,1
4.0,1759.0,264.0,135.0,4.0,885.0,183.0,1
8.0,509.0,184.0,159.0,1.0,904.0,133.0,1
14.0,1032.0,16.0,60.0,4.0,1076.0,86.0,1
0.0,3845.0,20.0,85.0,5.0,360.0,105.0,1
0.0,3678.0,112.0,197.0,7.0,785.0,65.0,1
15.0,1710.0,217.0,268.0,1.0,1090.0,175.0,1
6.0,5514.0,16.0,176.0,3.0,821.0,73.0,1
1.0,454.0,208.0,233.0,3.0,880.0,110.0,1
0.0,3826.0,85.0,229.0,7.0,600.0,116.0,1
9.0,595.0,203.0,128.0,7.0,1275.0,33.0,1
12.0,6578.0,79.0,29.0,7.0,837.0,94.0,1
2.0,872.0,14.0,203.0,6.0,610.0,368.0,1
6.0,5169.0,16.0,91.0,4.0,551.0,208.0,1
4.0,297.0,135.0,153.0,4.0,650.0,203.0,1
12.0,4834.0,154.0,153.0,4.0,1079.0,70.0,1
8.0,537.0,177.0,16.0,6.0,594.0,76.0,1
0.0,4361.0,177.0,244.0,5.0,824.0,126.0,1
13.0,930.0,243.0,253.0,3.0,985.0,100.0,1
5.0,2367.0,16.0,243.0,7.0,502.0,290.0,1
15.0,34.0,75.0,162.0,5.0,955.0,60.0,1
15.0,1243.0,268.0,175.0,4.0,1155.0,60.0,1
6.0,5512.0,16.0,186.0,1.0,770.0,88.0,1
12.0,6282.0,154.0,144.0,1.0,665.0,54.0,1
15.0,3232.0,147.0,104.0,4.0,450.0,70.0,1
8.0,1188.0,173.0,187.0,5.0,465.0,167.0,1
5.0,430.0,260.0,16.0,6.0,1063.0,248.0,1
10.0,4360.0,208.0,85.0,7.0,580.0,85.0,1
11.0,6593.0,134.0,85.0,3.0,1021.0,114.0,1
15.0,1491.0,154.0,236.0,7.0,985.0,75.0,1
8.0,509.0,184.0,159.0,5.0,904.0,134.0,1
15.0,1503.0,139.0,79.0,5.0,1135.0,180.0,1
17.0,2848.0,217.0,292.0,6.0,875.0,71.0,1
16.0,2404.0,229.0,58.0,1.0,840.0,113.0,1
9.0,190.0,161.0,128.0,1.0,1001.0,30.0,1
15.0,706.0,45.0,233.0,3.0,555.0,65.0,1
6.0,7065.0,76.0,208.0,7.0,1133.0,83.0,1
5.0,2953.0,85.0,261.0,3.0,1034.0,239.0,1
16.0,2439.0,12.0,58.0,4.0,610.0,89.0,1
1.0,270.0,128.0,154.0,1.0,500.0,330.0,1
14.0,1632.0,60.0,159.0,7.0,1326.0,97.0,1
5.0,1964.0,16.0,261.0,7.0,1025.0,253.0,1
14.0,956.0,104.0,216.0,6.0,705.0,159.0,1
14.0,1987.0,60.0,241.0,3.0,465.0,113.0,1
15.0,736.0,129.0,175.0,7.0,1095.0,150.0,1
6.0,5479.0,158.0,16.0,6.0,360.0,120.0,1
15.0,848.0,202.0,154.0,1.0,840.0,70.0,1
3.0,671.0,148.0,154.0,5.0,460.0,366.0,1
14.0,1951.0,43.0,60.0,4.0,510.0,118.0,1
2.0,511.0,264.0,252.0,1.0,1080.0,170.0,1
15.0,2642.0,104.0,277.0,4.0,1220.0,60.0,1
10.0,3317.0,80.0,259.0,1.0,460.0,60.0,1
15.0,1762.0,202.0,79.0,4.0,370.0,155.0,1
4.0,1779.0,135.0,244.0,7.0,1050.0,59.0,1
14.0,602.0,217.0,153.0,7.0,595.0,80.0,1
5.0,2782.0,177.0,78.0,7.0,505.0,119.0,1
5.0,2287.0,85.0,16.0,6.0,1060.0,130.0,1
8.0,71.0,16.0,104.0,5.0,865.0,110.0,1
6.0,5455.0,251.0,16.0,4.0,756.0,94.0,1
8.0,891.0,184.0,154.0,3.0,1255.0,275.0,1
10.0,2940.0,1.0,80.0,6.0,395.0,50.0,1
0.0,4230.0,109.0,85.0,3.0,480.0,64.0,1
12.0,6606.0,79.0,187.0,4.0,688.0,120.0,1
6.0,5104.0,32.0,16.0,3.0,719.0,104.0,1
8.0,1453.0,213.0,130.0,6.0,767.0,163.0,1
15.0,3950.0,45.0,244.0,7.0,1145.0,245.0,1
15.0,824.0,104.0,216.0,5.0,535.0,170.0,1
16.0,2809.0,135.0,68.0,7.0,941.0,59.0,1
3.0,420.0,213.0,35.0,6.0,825.0,177.0,1
11.0,6401.0,133.0,71.0,5.0,360.0,53.0,1
0.0,4154.0,85.0,26.0,4.0,1295.0,126.0,1
0.0,4044.0,85.0,174.0,6.0,840.0,92.0,1
12.0,6260.0,265.0,208.0,3.0,796.0,58.0,1
14.0,396.0,153.0,217.0,5.0,1180.0,68.0,1
6.0,7389.0,216.0,71.0,5.0,1066.0,126.0,1
15.0,607.0,173.0,209.0,3.0,490.0,110.0,1
15.0,588.0,45.0,173.0,7.0,720.0,140.0,1
1.0,654.0,80.0,35.0,5.0,605.0,205.0,1
10.0,4312.0,109.0,208.0,6.0,425.0,60.0,1
15.0,551.0,175.0,241.0,7.0,645.0,175.0,1
12.0,6482.0,99.0,79.0,6.0,380.0,128.0,1
11.0,6631.0,35.0,148.0,7.0,840.0,84.0,1
11.0,6344.0,71.0,197.0,3.0,1165.0,134.0,1
13.0,271.0,79.0,207.0,4.0,1294.0,145.0,1
5.0,2160.0,183.0,16.0,4.0,1130.0,124.0,1
1.0,1820.0,135.0,80.0,1.0,725.0,65.0,1
5.0,2803.0,71.0,173.0,3.0,560.0,132.0,1
10.0,4695.0,159.0,35.0,1.0,960.0,70.0,1
15.0,614.0,45.0,213.0,3.0,1030.0,150.0,1
5.0,1386.0,159.0,35.0,3.0,870.0,66.0,1
16.0,3134.0,96.0,33.0,4.0,895.0,150.0,1
12.0,6512.0,16.0,79.0,7.0,535.0,214.0,1
15.0,1138.0,27.0,251.0,5.0,855.0,70.0,1
14.0,1050.0,233.0,60.0,3.0,360.0,57.0,1
13.0,277.0,173.0,154.0,6.0,1140.0,331.0,1
6.0,5225.0,205.0,85.0,7.0,360.0,129.0,1
15.0,993.0,79.0,134.0,5.0,1075.0,185.0,1
15.0,1128.0,18.0,91.0,5.0,1235.0,100.0,1
5.0,1775.0,159.0,177.0,7.0,975.0,190.0,1
1.0,335.0,208.0,213.0,6.0,1060.0,185.0,1
8.0,656.0,244.0,16.0,4.0,375.0,131.0,1
12.0,6491.0,130.0,208.0,5.0,510.0,156.0,1
3.0,71.0,148.0,277.0,4.0,820.0,180.0,1
15.0,729.0,236.0,202.0,5.0,545.0,55.0,1
4.0,1812.0,135.0,205.0,7.0,1260.0,129.0,1
17.0,2651.0,84.0,217.0,7.0,470.0,205.0,1
3.0,12.0,104.0,148.0,7.0,720.0,169.0,1
15.0,2280.0,233.0,104.0,5.0,650.0,125.0,1
12.0,7767.0,110.0,235.0,5.0,393.0,77.0,1
16.0,3021.0,233.0,135.0,4.0,895.0,179.0,1
0.0,4291.0,285.0,177.0,3.0,750.0,84.0,1
16.0,2935.0,10.0,135.0,5.0,1025.0,58.0,1
4.0,1662.0,135.0,241.0,6.0,1170.0,126.0,1
15.0,3408.0,153.0,280.0,7.0,1180.0,70.0,1
15.0,1143.0,45.0,27.0,6.0,695.0,135.0,1
1.0,1099.0,139.0,80.0,7.0,475.0,150.0,1
6.0,7091.0,245.0,134.0,7.0,1154.0,97.0,1
1.0,2347.0,208.0,80.0,3.0,1085.0,150.0,1
17.0,2944.0,60.0,209.0,7.0,710.0,72.0,1
13.0,89.0,208.0,154.0,7.0,558.0,274.0,1
8.0,772.0,16.0,153.0,5.0,1198.0,285.0,1
14.0,968.0,260.0,60.0,5.0,940.0,226.0,1
15.0,532.0,217.0,175.0,4.0,375.0,200.0,1
5.0,2810.0,104.0,177.0,5.0,998.0,162.0,1
10.0,3331.0,80.0,120.0,1.0,505.0,145.0,1
13.0,686.0,208.0,159.0,7.0,903.0,135.0,1
12.0,4588.0,253.0,261.0,5.0,1000.0,109.0,1
5.0,2338.0,16.0,78.0,5.0,740.0,99.0,1
1.0,1226.0,183.0,159.0,6.0,1220.0,165.0,1
13.0,448.0,262.0,79.0,1.0,876.0,144.0,1
10.0,3704.0,91.0,208.0,3.0,400.0,175.0,1
15.0,1345.0,75.0,2.0,7.0,665.0,110.0,1
1.0,1832.0,227.0,208.0,4.0,800.0,245.0,1
15.0,1325.0,175.0,45.0,4.0,895.0,110.0,1
15.0,1592.0,87.0,33.0,7.0,1070.0,95.0,1
6.0,5272.0,190.0,177.0,4.0,390.0,76.0,1
5.0,2406.0,253.0,197.0,3.0,725.0,229.0,1
5.0,1988.0,153.0,177.0,4.0,750.0,196.0,1
12.0,6655.0,208.0,86.0,7.0,903.0,71.0,1
14.0,2049.0,35.0,78.0,3.0,1200.0,91.0,1
4.0,373.0,60.0,96.0,1.0,570.0,103.0,1
15.0,3052.0,22.0,45.0,4.0,875.0,70.0,1
15.0,2697.0,129.0,244.0,1.0,905.0,55.0,1
15.0,3051.0,154.0,262.0,6.0,1110.0,80.0,1
15.0,1201.0,45.0,61.0,7.0,545.0,80.0,1
15.0,6.0,75.0,2.0,5.0,535.0,110.0,1
5.0,1644.0,16.0,60.0,5.0,1040.0,79.0,1
1.0,552.0,253.0,183.0,1.0,360.0,315.0,1
5.0,2154.0,154.0,16.0,3.0,375.0,252.0,1
17.0,2888.0,217.0,18.0,7.0,790.0,133.0,1
0.0,4278.0,13.0,177.0,1.0,965.0,120.0,1
12.0,6579.0,15.0,79.0,7.0,951.0,48.0,1
6.0,5154.0,16.0,278.0,7.0,1308.0,64.0,1
16.0,5891.0,208.0,17.0,3.0,1022.0,50.0,1
0.0,3714.0,84.0,85.0,4.0,820.0,115.0,1
16.0,2946.0,147.0,96.0,5.0,375.0,132.0,1
16.0,2967.0,135.0,155.0,4.0,530.0,94.0,1
15.0,455.0,202.0,2.0,4.0,1110.0,135.0,1
10.0,4469.0,78.0,33.0,1.0,735.0,120.0,1
10.0,2772.0,290.0,80.0,4.0,1140.0,75.0,1
16.0,2132.0,135.0,162.0,3.0,460.0,78.0,1
14.0,1819.0,35.0,216.0,3.0,630.0,90.0,1
1.0,1462.0,172.0,208.0,4.0,385.0,95.0,1
12.0,6461.0,154.0,292.0,3.0,1265.0,67.0,1
12.0,6228.0,91.0,79.0,4.0,453.0,116.0,1
10.0,2811.0,80.0,13.0,7.0,800.0,70.0,1
6.0,5090.0,288.0,16.0,3.0,935.0,83.0,1
5.0,2365.0,154.0,128.0,6.0,525.0,350.0,1
15.0,1600.0,35.0,45.0,4.0,1095.0,100.0,1
5.0,2640.0,153.0,261.0,7.0,995.0,77.0,1
14.0,2126.0,159.0,35.0,4.0,720.0,65.0,1
10.0,3190.0,154.0,258.0,7.0,510.0,75.0,1
16.0,5975.0,84.0,208.0,4.0,510.0,81.0,1
3.0,271.0,153.0,44.0,5.0,1177.0,63.0,1
6.0,5536.0,256.0,177.0,7.0,1020.0,65.0,1
5.0,2762.0,223.0,16.0,6.0,955.0,79.0,1
17.0,7237.0,84.0,208.0,1.0,896.0,79.0,1
5.0,2147.0,159.0,16.0,6.0,780.0,158.0,1
3.0,576.0,173.0,272.0,6.0,705.0,155.0,1
11.0,6552.0,85.0,216.0,5.0,740.0,105.0,1
10.0,4340.0,208.0,84.0,1.0,1015.0,80.0,1
15.0,1955.0,175.0,85.0,3.0,935.0,70.0,1
15.0,3306.0,153.0,139.0,5.0,1035.0,215.0,1
13.0,253.0,208.0,79.0,3.0,1144.0,161.0,1
1.0,1507.0,213.0,80.0,7.0,1095.0,190.0,1
5.0,2069.0,16.0,173.0,1.0,595.0,104.0,1
5.0,2100.0,16.0,35.0,5.0,830.0,150.0,1
1.0,2096.0,80.0,45.0,5.0,725.0,170.0,1
1.0,560.0,236.0,208.0,5.0,830.0,235.0,1
9.0,104.0,161.0,128.0,6.0,394.0,30.0,1
14.0,46.0,44.0,217.0,5.0,745.0,85.0,1
13.0,100.0,253.0,134.0,1.0,702.0,313.0,1
14.0,953.0,216.0,60.0,1.0,820.0,110.0,1
5.0,1238.0,18.0,16.0,1.0,785.0,132.0,1
1.0,555.0,80.0,244.0,5.0,590.0,70.0,1
5.0,1178.0,16.0,121.0,3.0,1135.0,58.0,1
4.0,14.0,128.0,96.0,7.0,1180.0,570.0,1
14.0,1079.0,78.0,147.0,1.0,705.0,123.0,1
15.0,1280.0,262.0,44.0,6.0,1095.0,70.0,1
5.0,2257.0,261.0,252.0,4.0,1005.0,130.0,1
5.0,2085.0,241.0,159.0,4.0,540.0,165.0,1
2.0,660.0,252.0,80.0,4.0,420.0,230.0,1
12.0,6938.0,44.0,79.0,7.0,920.0,141.0,1
16.0,5995.0,208.0,29.0,7.0,715.0,134.0,1
13.0,180.0,264.0,253.0,4.0,1220.0,91.0,1
16.0,3038.0,135.0,33.0,4.0,1201.0,113.0,1
8.0,183.0,78.0,16.0,5.0,360.0,123.0,1
15.0,3762.0,91.0,243.0,5.0,715.0,115.0,1
5.0,2123.0,35.0,85.0,5.0,340.0,144.0,1
4.0,677.0,216.0,135.0,3.0,742.0,218.0,1
10.0,3334.0,80.0,114.0,3.0,605.0,135.0,1
1.0,1363.0,233.0,183.0,3.0,420.0,130.0,1
9.0,119.0,150.0,128.0,1.0,598.0,42.0,1
5.0,1504.0,172.0,85.0,5.0,360.0,118.0,1
8.0,739.0,184.0,197.0,4.0,629.0,73.0,1
5.0,377.0,22.0,85.0,3.0,355.0,130.0,1
15.0,2095.0,75.0,162.0,3.0,495.0,60.0,1
15.0,1949.0,277.0,27.0,4.0,480.0,85.0,1
0.0,3981.0,71.0,197.0,1.0,800.0,130.0,1
1.0,1511.0,173.0,80.0,1.0,630.0,185.0,1
12.0,4670.0,279.0,261.0,3.0,1058.0,154.0,1
0.0,4103.0,238.0,16.0,5.0,1053.0,145.0,1
1.0,1644.0,153.0,80.0,5.0,915.0,160.0,1
1.0,1391.0,221.0,80.0,6.0,1095.0,195.0,1
12.0,6719.0,79.0,196.0,1.0,855.0,126.0,1
10.0,3611.0,183.0,27.0,5.0,675.0,125.0,1
16.0,2038.0,195.0,58.0,7.0,960.0,78.0,1
14.0,739.0,216.0,221.0,3.0,940.0,72.0,1
16.0,2438.0,58.0,12.0,5.0,505.0,70.0,1
5.0,2144.0,85.0,78.0,4.0,1055.0,100.0,1
15.0,158.0,2.0,75.0,6.0,415.0,100.0,1
5.0,1899.0,33.0,16.0,7.0,952.0,72.0,1
6.0,7119.0,238.0,134.0,4.0,370.0,80.0,1
15.0,598.0,172.0,79.0,1.0,420.0,120.0,1
16.0,3075.0,96.0,228.0,7.0,760.0,59.0,1
3.0,434.0,173.0,35.0,5.0,965.0,164.0,1
1.0,1209.0,80.0,258.0,5.0,745.0,230.0,1
15.0,978.0,253.0,264.0,1.0,1000.0,80.0,1
6.0,7344.0,186.0,16.0,5.0,1108.0,101.0,1
15.0,256.0,44.0,217.0,1.0,455.0,85.0,1
3.0,1411.0,173.0,18.0,5.0,775.0,169.0,1
13.0,227.0,79.0,154.0,3.0,707.0,156.0,1
15.0,1715.0,261.0,34.0,4.0,495.0,70.0,1
10.0,4372.0,22.0,208.0,3.0,430.0,170.0,1
4.0,658.0,135.0,78.0,5.0,1145.0,168.0,1
15.0,3504.0,75.0,18.0,5.0,685.0,55.0,1
4.0,1701.0,96.0,104.0,5.0,410.0,178.0,1
4.0,294.0,154.0,135.0,7.0,490.0,187.0,1
0.0,3862.0,244.0,177.0,3.0,345.0,119.0,1
16.0,5941.0,279.0,208.0,4.0,360.0,113.0,1
15.0,761.0,217.0,154.0,6.0,695.0,85.0,1
1.0,427.0,18.0,154.0,4.0,1120.0,195.0,1
5.0,2477.0,154.0,203.0,6.0,1062.0,352.0,1
1.0,1121.0,135.0,80.0,5.0,990.0,75.0,1
13.0,347.0,154.0,35.0,5.0,515.0,326.0,1
13.0,103.0,79.0,262.0,5.0,733.0,162.0,1
13.0,312.0,134.0,22.0,3.0,1035.0,82.0,1
11.0,6547.0,119.0,78.0,4.0,1040.0,105.0,1
10.0,4493.0,268.0,148.0,5.0,620.0,155.0,1
0.0,3700.0,129.0,16.0,6.0,765.0,123.0,1
16.0,3004.0,184.0,58.0,1.0,960.0,73.0,1
5.0,1799.0,16.0,228.0,1.0,574.0,150.0,1
8.0,1417.0,106.0,241.0,6.0,856.0,178.0,1
1.0,1637.0,208.0,280.0,4.0,565.0,235.0,1
13.0,43.0,79.0,128.0,1.0,714.0,458.0,1
12.0,6644.0,280.0,79.0,1.0,333.0,112.0,1
6.0,5346.0,205.0,16.0,1.0,835.0,135.0,1
4.0,1435.0,96.0,217.0,5.0,720.0,332.0,1
9.0,296.0,128.0,203.0,5.0,759.0,38.0,1
12.0,4808.0,154.0,253.0,5.0,1094.0,71.0,1
15.0,1684.0,79.0,214.0,5.0,705.0,175.0,1
15.0,226.0,216.0,182.0,7.0,665.0,80.0,1
10.0,3070.0,243.0,154.0,6.0,790.0,45.0,1
12.0,6412.0,253.0,93.0,5.0,1360.0,92.0,1
17.0,2904.0,162.0,60.0,6.0,442.0,117.0,1
10.0,3615.0,183.0,58.0,3.0,520.0,170.0,1
5.0,26.0,85.0,16.0,1.0,990.0,134.0,1
11.0,6575.0,177.0,172.0,1.0,565.0,95.0,1
1.0,1943.0,253.0,154.0,4.0,1150.0,80.0,1
13.0,37.0,253.0,203.0,1.0,855.0,335.0,1
4.0,1712.0,260.0,135.0,5.0,1032.0,288.0,1
12.0,6982.0,56.0,208.0,7.0,449.0,63.0,1
1.0,1673.0,16.0,80.0,1.0,565.0,155.0,1
4.0,338.0,96.0,183.0,5.0,390.0,187.0,1
14.0,986.0,104.0,78.0,3.0,420.0,145.0,1
13.0,341.0,234.0,208.0,1.0,413.0,134.0,1
17.0,2727.0,227.0,217.0,1.0,405.0,66.0,1
15.0,2547.0,173.0,241.0,7.0,590.0,50.0,1
15.0,958.0,279.0,75.0,4.0,1015.0,60.0,1
12.0,4594.0,56.0,197.0,3.0,420.0,63.0,1
15.0,2461.0,75.0,18.0,5.0,920.0,50.0,1
15.0,2745.0,209.0,33.0,7.0,770.0,125.0,1
15.0,6.0,75.0,2.0,1.0,535.0,110.0,1
14.0,1214.0,60.0,85.0,4.0,600.0,117.0,1
13.0,360.0,208.0,134.0,4.0,666.0,109.0,1
5.0,1374.0,159.0,35.0,1.0,510.0,71.0,1
15.0,1147.0,258.0,214.0,3.0,480.0,110.0,1
15.0,2537.0,253.0,175.0,3.0,1040.0,245.0,1
15.0,551.0,175.0,241.0,1.0,645.0,175.0,1
15.0,684.0,217.0,154.0,7.0,1055.0,80.0,1
10.0,3202.0,54.0,80.0,7.0,1120.0,190.0,1
8.0,405.0,139.0,16.0,5.0,1122.0,94.0,1
17.0,7267.0,229.0,208.0,4.0,420.0,177.0,1
14.0,1491.0,96.0,60.0,4.0,1109.0,126.0,1
5.0,2164.0,2.0,197.0,3.0,850.0,158.0,1
0.0,4120.0,215.0,16.0,4.0,800.0,124.0,1
15.0,3049.0,216.0,173.0,6.0,475.0,160.0,1
1.0,2417.0,80.0,154.0,7.0,640.0,205.0,1
15.0,658.0,175.0,141.0,6.0,1140.0,125.0,1
14.0,800.0,173.0,60.0,3.0,1150.0,98.0,1
15.0,42.0,75.0,155.0,3.0,1070.0,65.0,1
17.0,2650.0,54.0,60.0,5.0,770.0,66.0,1
1.0,2024.0,80.0,33.0,1.0,730.0,100.0,1
5.0,2913.0,197.0,85.0,1.0,615.0,105.0,1
13.0,676.0,208.0,159.0,7.0,600.0,132.0,1
12.0,6346.0,253.0,248.0,4.0,712.0,72.0,1
15.0,327.0,258.0,44.0,1.0,460.0,60.0,1
15.0,3320.0,198.0,33.0,3.0,1035.0,85.0,1
10.0,4001.0,107.0,208.0,7.0,690.0,95.0,1
9.0,155.0,203.0,128.0,7.0,519.0,34.0,1
7.0,612.0,79.0,139.0,6.0,1150.0,140.0,1
5.0,2313.0,221.0,16.0,3.0,1132.0,118.0,1
5.0,2688.0,173.0,78.0,1.0,835.0,119.0,1
14.0,1157.0,216.0,241.0,6.0,600.0,188.0,1
5.0,2559.0,85.0,268.0,7.0,535.0,119.0,1
14.0,1496.0,253.0,60.0,7.0,810.0,287.0,1
1.0,576.0,80.0,136.0,3.0,960.0,75.0,1
1.0,1356.0,198.0,80.0,1.0,490.0,105.0,1
6.0,5076.0,204.0,16.0,6.0,648.0,125.0,1
16.0,5936.0,17.0,208.0,6.0,562.0,55.0,1
15.0,2982.0,268.0,217.0,3.0,1115.0,215.0,1
8.0,123.0,16.0,277.0,7.0,1265.0,88.0,1
1.0,2057.0,208.0,260.0,4.0,495.0,270.0,1
15.0,4.0,217.0,253.0,7.0,680.0,140.0,1
5.0,1269.0,33.0,16.0,7.0,777.0,69.0,1
16.0,2334.0,135.0,245.0,7.0,850.0,121.0,1
3.0,177.0,148.0,217.0,1.0,580.0,340.0,1
15.0,1907.0,175.0,172.0,7.0,755.0,90.0,1
6.0,5491.0,201.0,16.0,7.0,360.0,98.0,1
6.0,5488.0,115.0,16.0,6.0,505.0,86.0,1
15.0,1180.0,252.0,202.0,1.0,700.0,125.0,1
10.0,3728.0,96.0,208.0,7.0,960.0,165.0,1
6.0,5064.0,16.0,58.0,6.0,825.0,109.0,1
15.0,2297.0,277.0,33.0,3.0,420.0,115.0,1
13.0,945.0,208.0,154.0,4.0,715.0,275.0,1
8.0,1277.0,173.0,285.0,5.0,606.0,96.0,1
12.0,6399.0,208.0,172.0,1.0,360.0,88.0,1
10.0,4366.0,208.0,71.0,5.0,1000.0,75.0,1
15.0,978.0,175.0,253.0,5.0,790.0,300.0,1
7.0,846.0,252.0,79.0,7.0,651.0,150.0,1
16.0,2484.0,96.0,172.0,3.0,772.0,197.0,1
1.0,1789.0,80.0,243.0,6.0,535.0,190.0,1
15.0,2964.0,202.0,44.0,3.0,1050.0,65.0,1
11.0,6523.0,148.0,234.0,5.0,1210.0,101.0,1
1.0,1619.0,147.0,80.0,1.0,645.0,175.0,1
12.0,6515.0,253.0,163.0,7.0,436.0,87.0,1
16.0,2999.0,58.0,184.0,7.0,1260.0,77.0,1
15.0,1751.0,268.0,61.0,5.0,540.0,75.0,1
12.0,6383.0,253.0,246.0,3.0,1065.0,82.0,1
8.0,895.0,159.0,139.0,3.0,604.0,137.0,1
4.0,625.0,96.0,58.0,1.0,385.0,100.0,1
7.0,843.0,79.0,252.0,1.0,1090.0,177.0,1
15.0,2927.0,277.0,61.0,4.0,580.0,135.0,1
5.0,1097.0,139.0,16.0,7.0,1027.0,102.0,1
10.0,3934.0,208.0,107.0,7.0,1240.0,100.0,1
10.0,3984.0,208.0,76.0,5.0,515.0,70.0,1
13.0,814.0,154.0,79.0,4.0,689.0,145.0,1
15.0,2010.0,175.0,79.0,5.0,1045.0,165.0,1
13.0,756.0,253.0,79.0,4.0,348.0,158.0,1
15.0,1945.0,252.0,79.0,3.0,365.0,160.0,1
12.0,6957.0,170.0,79.0,6.0,507.0,118.0,1
15.0,1481.0,79.0,243.0,1.0,520.0,145.0,1
15.0,833.0,154.0,175.0,5.0,1140.0,230.0,1
4.0,1426.0,96.0,243.0,6.0,1049.0,364.0,1
9.0,242.0,128.0,143.0,5.0,1176.0,51.0,1
12.0,7053.0,208.0,69.0,5.0,1158.0,82.0,1
2.0,584.0,214.0,264.0,3.0,945.0,145.0,1
3.0,1421.0,214.0,160.0,6.0,450.0,135.0,1
15.0,1256.0,175.0,261.0,3.0,850.0,215.0,1
10.0,4117.0,278.0,208.0,1.0,370.0,110.0,1
15.0,581.0,153.0,147.0,4.0,555.0,240.0,1
13.0,251.0,134.0,214.0,3.0,1060.0,348.0,1
15.0,685.0,175.0,22.0,1.0,560.0,125.0,1
1.0,399.0,80.0,253.0,3.0,945.0,240.0,1
9.0,36.0,128.0,217.0,4.0,905.0,354.0,1
12.0,6255.0,44.0,253.0,3.0,535.0,82.0,1
13.0,679.0,208.0,243.0,7.0,940.0,267.0,1
2.0,631.0,280.0,252.0,7.0,1005.0,190.0,1
13.0,779.0,79.0,153.0,5.0,1124.0,121.0,1
16.0,2670.0,209.0,96.0,4.0,800.0,87.0,1
17.0,2677.0,60.0,251.0,5.0,790.0,88.0,1
13.0,16.0,243.0,208.0,5.0,378.0,244.0,1
14.0,1768.0,60.0,78.0,4.0,990.0,80.0,1
6.0,5495.0,16.0,32.0,5.0,1305.0,105.0,1
4.0,254.0,253.0,58.0,5.0,735.0,270.0,1
15.0,187.0,217.0,104.0,5.0,570.0,250.0,1
15.0,2908.0,2.0,154.0,6.0,560.0,125.0,1
1.0,2256.0,264.0,80.0,3.0,800.0,170.0,1
1.0,1175.0,80.0,197.0,3.0,945.0,145.0,1
14.0,450.0,221.0,217.0,4.0,670.0,279.0,1
15.0,259.0,253.0,264.0,7.0,530.0,85.0,1
14.0,117.0,253.0,153.0,4.0,1135.0,88.0,1
1.0,1012.0,183.0,78.0,7.0,1330.0,140.0,1
6.0,5276.0,52.0,16.0,7.0,520.0,60.0,1
12.0,4451.0,261.0,67.0,7.0,677.0,75.0,1
16.0,3001.0,96.0,121.0,1.0,905.0,118.0,1
1.0,1274.0,264.0,80.0,6.0,890.0,175.0,1
3.0,1295.0,35.0,221.0,3.0,1195.0,105.0,1
5.0,1763.0,78.0,197.0,1.0,826.0,174.0,1
1.0,1554.0,244.0,80.0,6.0,965.0,70.0,1
1.0,1576.0,18.0,80.0,6.0,1005.0,65.0,1
12.0,4649.0,46.0,261.0,4.0,1057.0,73.0,1
1.0,1802.0,244.0,80.0,1.0,1005.0,70.0,1
13.0,967.0,134.0,154.0,6.0,978.0,349.0,1
12.0,6490.0,236.0,154.0,3.0,909.0,86.0,1
7.0,404.0,154.0,79.0,5.0,660.0,134.0,1
10.0,3919.0,162.0,208.0,4.0,840.0,115.0,1
12.0,6956.0,79.0,132.0,3.0,1170.0,146.0,1
17.0,7283.0,208.0,60.0,5.0,669.0,106.0,1
12.0,6369.0,34.0,79.0,1.0,606.0,108.0,1
14.0,567.0,154.0,217.0,1.0,390.0,80.0,1
1.0,2428.0,80.0,18.0,5.0,900.0,60.0,1
3.0,741.0,173.0,260.0,3.0,420.0,157.0,1
4.0,301.0,96.0,104.0,1.0,809.0,179.0,1
14.0,1774.0,60.0,85.0,6.0,1335.0,98.0,1
15.0,359.0,153.0,264.0,4.0,1055.0,65.0,1
1.0,827.0,35.0,208.0,7.0,965.0,180.0,1
4.0,349.0,253.0,96.0,3.0,450.0,321.0,1
3.0,467.0,35.0,241.0,1.0,685.0,213.0,1
15.0,2804.0,216.0,213.0,6.0,870.0,170.0,1
6.0,5172.0,85.0,204.0,4.0,1185.0,160.0,1
10.0,4214.0,172.0,208.0,6.0,1175.0,95.0,1
13.0,46.0,203.0,154.0,7.0,1310.0,313.0,1
12.0,4658.0,261.0,40.0,3.0,675.0,81.0,1
15.0,1847.0,175.0,33.0,3.0,480.0,85.0,1
3.0,109.0,43.0,148.0,3.0,485.0,84.0,1
15.0,1441.0,202.0,214.0,5.0,545.0,105.0,1
15.0,2038.0,75.0,268.0,4.0,585.0,95.0,1
14.0,524.0,35.0,217.0,3.0,590.0,354.0,1
12.0,6633.0,79.0,280.0,7.0,1280.0,114.0,1
15.0,313.0,45.0,58.0,3.0,990.0,75.0,1
17.0,7258.0,273.0,208.0,5.0,410.0,140.0,1
17.0,7214.0,208.0,209.0,3.0,1031.0,121.0,1
1.0,519.0,208.0,154.0,3.0,1020.0,260.0,1
15.0,1815.0,173.0,18.0,5.0,710.0,175.0,1
15.0,983.0,216.0,277.0,5.0,455.0,180.0,1
15.0,1051.0,12.0,45.0,1.0,1035.0,75.0,1
4.0,1493.0,173.0,96.0,1.0,719.0,155.0,1
12.0,7015.0,208.0,162.0,7.0,1200.0,109.0,1
15.0,1914.0,12.0,104.0,7.0,440.0,200.0,1
12.0,7767.0,235.0,261.0,7.0,485.0,65.0,1
15.0,2020.0,214.0,262.0,5.0,1125.0,85.0,1
17.0,2681.0,71.0,60.0,6.0,419.0,86.0,1
0.0,4350.0,16.0,121.0,7.0,1315.0,56.0,1
6.0,5577.0,94.0,16.0,4.0,658.0,86.0,1
13.0,836.0,208.0,35.0,7.0,1105.0,136.0,1
10.0,2934.0,157.0,80.0,6.0,745.0,150.0,1
10.0,3382.0,80.0,56.0,4.0,1150.0,120.0,1
14.0,1630.0,60.0,159.0,5.0,1095.0,115.0,1
10.0,4485.0,159.0,85.0,1.0,890.0,125.0,1
12.0,6469.0,24.0,253.0,1.0,999.0,76.0,1
3.0,907.0,148.0,208.0,4.0,535.0,164.0,1
15.0,710.0,258.0,18.0,4.0,1100.0,200.0,1
14.0,741.0,216.0,260.0,6.0,1065.0,224.0,1
14.0,1915.0,60.0,233.0,4.0,1080.0,49.0,1
12.0,6950.0,217.0,79.0,3.0,770.0,103.0,1
1.0,544.0,80.0,173.0,6.0,860.0,145.0,1
15.0,3567.0,18.0,75.0,1.0,475.0,55.0,1
15.0,842.0,79.0,197.0,1.0,780.0,120.0,1
4.0,1779.0,135.0,244.0,3.0,1050.0,59.0,1
5.0,1911.0,134.0,16.0,4.0,875.0,120.0,1
10.0,2769.0,80.0,254.0,6.0,950.0,75.0,1
4.0,133.0,159.0,135.0,5.0,885.0,244.0,1
2.0,41.0,14.0,23.0,6.0,420.0,77.0,1
16.0,2903.0,158.0,135.0,5.0,480.0,64.0,1
5.0,2415.0,148.0,104.0,4.0,595.0,183.0,1
12.0,4525.0,172.0,197.0,5.0,735.0,85.0,1
13.0,72.0,253.0,35.0,3.0,953.0,340.0,1
16.0,2526.0,119.0,58.0,1.0,585.0,58.0,1
14.0,396.0,80.0,153.0,6.0,1040.0,176.0,1
15.0,1060.0,202.0,154.0,3.0,1215.0,75.0,1
3.0,135.0,148.0,241.0,7.0,700.0,188.0,1
16.0,2408.0,96.0,61.0,5.0,515.0,118.0,1
14.0,1880.0,173.0,78.0,7.0,810.0,123.0,1
8.0,1218.0,175.0,267.0,1.0,420.0,154.0,1
7.0,510.0,243.0,79.0,1.0,390.0,143.0,1
12.0,4566.0,261.0,232.0,3.0,1304.0,93.0,1
5.0,1899.0,33.0,16.0,3.0,952.0,72.0,1
1.0,885.0,18.0,80.0,7.0,1110.0,70.0,1
17.0,2829.0,217.0,280.0,6.0,1186.0,46.0,1
6.0,5488.0,115.0,16.0,5.0,505.0,86.0,1
16.0,5946.0,251.0,208.0,1.0,806.0,82.0,1
14.0,1615.0,60.0,172.0,5.0,695.0,158.0,1
10.0,3360.0,68.0,80.0,1.0,995.0,80.0,1
12.0,6327.0,243.0,154.0,5.0,801.0,44.0,1
5.0,2656.0,198.0,159.0,4.0,1030.0,170.0,1
15.0,3768.0,217.0,207.0,4.0,460.0,70.0,1
10.0,4668.0,16.0,159.0,6.0,690.0,135.0,1
5.0,2021.0,85.0,217.0,7.0,940.0,270.0,1
0.0,3871.0,85.0,273.0,7.0,615.0,82.0,1
4.0,683.0,35.0,135.0,7.0,439.0,266.0,1
11.0,6290.0,251.0,71.0,7.0,834.0,51.0,1
15.0,654.0,217.0,154.0,3.0,860.0,85.0,1
12.0,6835.0,154.0,262.0,5.0,524.0,83.0,1
13.0,702.0,35.0,208.0,6.0,813.0,168.0,1
12.0,6588.0,262.0,6.0,4.0,1277.0,59.0,1
15.0,1422.0,243.0,253.0,1.0,410.0,100.0,1
16.0,2484.0,172.0,58.0,4.0,935.0,112.0,1
2.0,730.0,14.0,252.0,7.0,365.0,205.0,1
16.0,2916.0,205.0,96.0,1.0,701.0,168.0,1
16.0,2056.0,172.0,96.0,3.0,635.0,165.0,1
14.0,658.0,253.0,216.0,7.0,665.0,315.0,1
5.0,2166.0,184.0,16.0,3.0,410.0,134.0,1
15.0,598.0,79.0,111.0,4.0,515.0,150.0,1
12.0,4620.0,127.0,261.0,7.0,1040.0,77.0,1
15.0,598.0,111.0,214.0,5.0,635.0,70.0,1
1.0,1112.0,183.0,96.0,3.0,605.0,170.0,1
14.0,270.0,217.0,153.0,3.0,520.0,71.0,1
5.0,2109.0,184.0,16.0,3.0,904.0,123.0,1
15.0,2852.0,172.0,268.0,6.0,910.0,60.0,1
5.0,2574.0,104.0,159.0,3.0,657.0,182.0,1
5.0,1746.0,217.0,16.0,4.0,840.0,220.0,1
14.0,800.0,173.0,60.0,6.0,1150.0,98.0,1
12.0,6416.0,24.0,253.0,4.0,723.0,72.0,1
15.0,1920.0,175.0,197.0,7.0,1070.0,90.0,1
14.0,1252.0,147.0,78.0,1.0,450.0,103.0,1
15.0,2198.0,268.0,58.0,5.0,540.0,95.0,1
15.0,1392.0,153.0,44.0,7.0,695.0,70.0,1
1.0,1857.0,45.0,260.0,3.0,485.0,225.0,1
13.0,215.0,173.0,79.0,6.0,944.0,251.0,1
2.0,881.0,202.0,203.0,3.0,465.0,334.0,1
8.0,417.0,229.0,45.0,3.0,1072.0,97.0,1
12.0,6954.0,79.0,261.0,1.0,1060.0,88.0,1
3.0,435.0,35.0,173.0,3.0,820.0,193.0,1
13.0,122.0,85.0,134.0,6.0,1110.0,90.0,1
12.0,4442.0,261.0,102.0,5.0,1299.0,102.0,1
13.0,967.0,134.0,154.0,7.0,978.0,351.0,1
6.0,5529.0,16.0,36.0,7.0,1243.0,67.0,1
1.0,1144.0,217.0,208.0,7.0,680.0,205.0,1
10.0,3638.0,183.0,61.0,1.0,425.0,160.0,1
15.0,1334.0,175.0,262.0,5.0,530.0,285.0,1
11.0,6503.0,148.0,134.0,7.0,890.0,106.0,1
11.0,6643.0,35.0,78.0,5.0,395.0,110.0,1
11.0,6424.0,80.0,177.0,1.0,990.0,92.0,1
0.0,4075.0,209.0,85.0,3.0,559.0,121.0,1
14.0,705.0,60.0,217.0,5.0,1069.0,275.0,1
14.0,704.0,217.0,60.0,4.0,800.0,234.0,1
13.0,424.0,277.0,134.0,6.0,540.0,135.0,1
10.0,3799.0,2.0,208.0,4.0,475.0,160.0,1
15.0,134.0,79.0,277.0,5.0,630.0,210.0,1
15.0,1613.0,244.0,75.0,6.0,1050.0,60.0,1
14.0,1163.0,221.0,60.0,3.0,830.0,92.0,1
17.0,2670.0,60.0,177.0,7.0,1189.0,110.0,1
16.0,3045.0,96.0,139.0,5.0,920.0,134.0,1
5.0,2418.0,85.0,241.0,7.0,480.0,180.0,1
1.0,785.0,80.0,198.0,5.0,1305.0,75.0,1
15.0,775.0,175.0,153.0,5.0,980.0,250.0,1
0.0,4399.0,107.0,197.0,6.0,665.0,66.0,1
4.0,410.0,135.0,96.0,4.0,1245.0,194.0,1
12.0,4557.0,261.0,114.0,6.0,826.0,64.0,1
11.0,6327.0,60.0,71.0,4.0,420.0,101.0,1
4.0,438.0,96.0,183.0,5.0,760.0,182.0,1
6.0,5281.0,16.0,48.0,3.0,1220.0,98.0,1
13.0,268.0,205.0,79.0,3.0,393.0,107.0,1
15.0,837.0,252.0,262.0,3.0,950.0,105.0,1
10.0,3368.0,162.0,80.0,7.0,510.0,80.0,1
12.0,4781.0,261.0,18.0,5.0,872.0,177.0,1
15.0,425.0,35.0,175.0,4.0,360.0,175.0,1
8.0,476.0,16.0,45.0,5.0,896.0,105.0,1
16.0,2409.0,58.0,172.0,4.0,1092.0,124.0,1
10.0,2920.0,62.0,80.0,4.0,440.0,145.0,1
15.0,1252.0,79.0,262.0,7.0,1185.0,165.0,1
15.0,754.0,243.0,153.0,7.0,1000.0,70.0,1
9.0,278.0,128.0,150.0,6.0,977.0,43.0,1
15.0,844.0,33.0,129.0,3.0,735.0,130.0,1
17.0,2735.0,217.0,160.0,1.0,520.0,82.0,1
7.0,561.0,79.0,243.0,4.0,790.0,137.0,1
4.0,223.0,252.0,135.0,1.0,375.0,245.0,1
14.0,1437.0,45.0,60.0,1.0,835.0,89.0,1
0.0,4219.0,237.0,85.0,1.0,1030.0,100.0,1
15.0,2697.0,45.0,27.0,3.0,620.0,135.0,1
8.0,467.0,45.0,16.0,4.0,884.0,121.0,1
15.0,1155.0,172.0,33.0,1.0,775.0,85.0,1
1.0,563.0,290.0,80.0,6.0,930.0,75.0,1
14.0,1768.0,60.0,78.0,3.0,990.0,80.0,1
15.0,599.0,217.0,262.0,4.0,425.0,130.0,1
6.0,7123.0,134.0,47.0,6.0,491.0,87.0,1
12.0,4666.0,100.0,261.0,3.0,985.0,101.0,1
1.0,868.0,183.0,78.0,3.0,1215.0,140.0,1
4.0,720.0,79.0,58.0,5.0,585.0,163.0,1
15.0,474.0,33.0,153.0,1.0,865.0,260.0,1
4.0,363.0,217.0,58.0,3.0,485.0,225.0,1
5.0,1150.0,128.0,154.0,5.0,480.0,328.0,1
1.0,1092.0,154.0,208.0,3.0,1390.0,240.0,1
15.0,20.0,129.0,75.0,1.0,660.0,55.0,1
17.0,2946.0,217.0,177.0,7.0,1189.0,176.0,1
15.0,2970.0,139.0,175.0,5.0,450.0,60.0,1
6.0,7389.0,216.0,71.0,7.0,1066.0,126.0,1
17.0,2681.0,71.0,60.0,5.0,419.0,86.0,1
1.0,669.0,60.0,80.0,3.0,750.0,175.0,1
7.0,724.0,79.0,78.0,3.0,705.0,193.0,1
4.0,1592.0,96.0,173.0,4.0,479.0,173.0,1
16.0,2284.0,135.0,285.0,3.0,1030.0,114.0,1
7.0,788.0,153.0,79.0,4.0,1099.0,110.0,1
16.0,2159.0,177.0,135.0,4.0,900.0,104.0,1
6.0,5190.0,16.0,275.0,6.0,965.0,66.0,1
15.0,860.0,184.0,217.0,1.0,840.0,235.0,1
13.0,192.0,264.0,208.0,5.0,838.0,237.0,1
1.0,971.0,16.0,183.0,3.0,380.0,110.0,1
14.0,907.0,60.0,277.0,7.0,880.0,103.0,1
6.0,5263.0,16.0,130.0,6.0,513.0,147.0,1
1.0,558.0,80.0,96.0,7.0,690.0,215.0,1
8.0,783.0,215.0,159.0,4.0,484.0,80.0,1
5.0,2382.0,183.0,148.0,5.0,1140.0,180.0,1
5.0,1395.0,35.0,159.0,1.0,1050.0,73.0,1
15.0,760.0,175.0,253.0,3.0,530.0,300.0,1
5.0,1018.0,198.0,16.0,4.0,675.0,92.0,1
15.0,132.0,154.0,217.0,5.0,1185.0,75.0,1
10.0,4277.0,71.0,148.0,5.0,775.0,120.0,1
3.0,921.0,35.0,208.0,3.0,390.0,169.0,1
11.0,6564.0,22.0,71.0,3.0,1045.0,140.0,1
12.0,6546.0,214.0,179.0,5.0,433.0,61.0,1
4.0,4.0,198.0,135.0,4.0,925.0,76.0,1
5.0,1470.0,16.0,60.0,4.0,1365.0,65.0,1
10.0,3084.0,243.0,154.0,3.0,525.0,50.0,1
1.0,1348.0,35.0,183.0,3.0,850.0,215.0,1
5.0,2162.0,85.0,216.0,6.0,1185.0,106.0,1
12.0,4858.0,261.0,46.0,7.0,920.0,77.0,1
12.0,6307.0,79.0,85.0,1.0,1063.0,162.0,1
6.0,7125.0,43.0,134.0,1.0,870.0,74.0,1
8.0,684.0,136.0,16.0,5.0,380.0,126.0,1
15.0,3050.0,243.0,262.0,5.0,820.0,95.0,1
1.0,1698.0,80.0,78.0,3.0,645.0,160.0,1
13.0,464.0,208.0,84.0,5.0,1260.0,82.0,1
10.0,3317.0,80.0,259.0,7.0,460.0,60.0,1
5.0,1410.0,79.0,85.0,6.0,835.0,168.0,1
15.0,958.0,258.0,243.0,5.0,510.0,75.0,1
15.0,1622.0,202.0,153.0,7.0,865.0,85.0,1
7.0,421.0,16.0,79.0,3.0,966.0,204.0,1
5.0,1134.0,197.0,119.0,6.0,430.0,85.0,1
1.0,555.0,61.0,80.0,7.0,420.0,180.0,1
14.0,310.0,153.0,60.0,3.0,575.0,248.0,1
12.0,6600.0,122.0,79.0,5.0,450.0,112.0,1
8.0,1219.0,267.0,175.0,6.0,740.0,166.0,1
8.0,849.0,16.0,173.0,7.0,990.0,90.0,1
15.0,622.0,175.0,58.0,4.0,500.0,70.0,1
9.0,398.0,128.0,150.0,5.0,1175.0,43.0,1
0.0,3929.0,21.0,197.0,5.0,445.0,106.0,1
1.0,1031.0,104.0,80.0,4.0,1105.0,195.0,1
12.0,6840.0,246.0,253.0,4.0,639.0,80.0,1
1.0,637.0,183.0,198.0,3.0,965.0,130.0,1
12.0,6877.0,79.0,254.0,7.0,984.0,97.0,1
15.0,2812.0,45.0,175.0,3.0,820.0,125.0,1
10.0,3391.0,283.0,80.0,3.0,365.0,60.0,1
16.0,2268.0,135.0,213.0,5.0,655.0,148.0,1
3.0,691.0,35.0,78.0,7.0,1230.0,99.0,1
6.0,5101.0,16.0,138.0,4.0,1140.0,88.0,1
11.0,6283.0,85.0,71.0,4.0,935.0,79.0,1
3.0,15.0,148.0,104.0,3.0,995.0,195.0,1
15.0,1361.0,154.0,253.0,5.0,980.0,75.0,1
14.0,794.0,183.0,216.0,6.0,975.0,174.0,1
15.0,257.0,104.0,147.0,7.0,825.0,75.0,1
15.0,1334.0,233.0,175.0,7.0,430.0,125.0,1
15.0,1242.0,155.0,75.0,7.0,490.0,60.0,1
0.0,3672.0,155.0,177.0,4.0,705.0,117.0,1
15.0,1203.0,175.0,154.0,6.0,430.0,275.0,1
12.0,6866.0,16.0,208.0,4.0,1200.0,129.0,1
14.0,285.0,217.0,258.0,3.0,1265.0,118.0,1
10.0,2850.0,242.0,80.0,6.0,960.0,100.0,1
16.0,2768.0,58.0,12.0,1.0,755.0,73.0,1
11.0,6514.0,221.0,197.0,1.0,776.0,149.0,1
15.0,1656.0,261.0,34.0,7.0,515.0,70.0,1
14.0,506.0,35.0,217.0,1.0,370.0,364.0,1
6.0,5328.0,16.0,27.0,6.0,690.0,58.0,1
15.0,845.0,216.0,173.0,5.0,420.0,165.0,1
9.0,308.0,128.0,150.0,4.0,1132.0,43.0,1
12.0,4632.0,261.0,196.0,7.0,669.0,91.0,1
9.0,188.0,128.0,150.0,3.0,884.0,44.0,1
12.0,6558.0,236.0,79.0,3.0,365.0,129.0,1
1.0,1827.0,18.0,80.0,6.0,915.0,65.0,1
11.0,6635.0,35.0,148.0,7.0,615.0,86.0,1
12.0,4692.0,261.0,204.0,3.0,590.0,135.0,1
11.0,6709.0,71.0,268.0,7.0,1230.0,95.0,1
4.0,1853.0,58.0,241.0,6.0,490.0,161.0,1
9.0,218.0,128.0,150.0,1.0,352.0,41.0,1
0.0,4250.0,139.0,148.0,7.0,750.0,145.0,1
8.0,22.0,16.0,175.0,3.0,610.0,121.0,1
5.0,2403.0,85.0,104.0,7.0,620.0,191.0,1
6.0,5233.0,41.0,16.0,4.0,345.0,97.0,1
6.0,5132.0,11.0,16.0,5.0,570.0,72.0,1
6.0,4946.0,4.0,16.0,5.0,360.0,50.0,1
15.0,181.0,153.0,264.0,3.0,730.0,70.0,1
15.0,641.0,216.0,104.0,5.0,1155.0,180.0,1
0.0,4209.0,177.0,116.0,5.0,875.0,79.0,1
1.0,1205.0,216.0,80.0,5.0,500.0,240.0,1
3.0,636.0,253.0,35.0,6.0,1273.0,320.0,1
12.0,6573.0,79.0,126.0,3.0,687.0,51.0,1
5.0,2978.0,243.0,261.0,7.0,993.0,108.0,1
12.0,6601.0,253.0,194.0,7.0,1365.0,43.0,1
5.0,2756.0,16.0,148.0,4.0,450.0,135.0,1
12.0,6706.0,208.0,16.0,7.0,1265.0,105.0,1
15.0,617.0,175.0,172.0,7.0,1185.0,90.0,1
16.0,2448.0,162.0,135.0,7.0,420.0,84.0,1
11.0,6546.0,85.0,171.0,7.0,940.0,59.0,1
1.0,1886.0,183.0,173.0,4.0,900.0,60.0,1
10.0,3638.0,183.0,61.0,4.0,425.0,160.0,1
17.0,2649.0,154.0,153.0,7.0,570.0,63.0,1
12.0,6943.0,253.0,194.0,3.0,1191.0,43.0,1
11.0,6334.0,78.0,71.0,1.0,375.0,106.0,1
15.0,2060.0,154.0,280.0,6.0,660.0,80.0,1
12.0,4704.0,261.0,79.0,5.0,1017.0,83.0,1
16.0,2183.0,139.0,135.0,1.0,555.0,159.0,1
10.0,3880.0,208.0,135.0,3.0,930.0,165.0,1
5.0,466.0,198.0,16.0,5.0,825.0,90.0,1
12.0,7052.0,79.0,34.0,3.0,502.0,128.0,1
15.0,216.0,154.0,217.0,7.0,645.0,75.0,1
5.0,2097.0,16.0,183.0,5.0,730.0,112.0,1
6.0,5270.0,16.0,215.0,4.0,1007.0,93.0,1
12.0,7042.0,79.0,254.0,7.0,1173.0,105.0,1
5.0,2947.0,159.0,16.0,4.0,1260.0,153.0,1
10.0,2897.0,108.0,80.0,1.0,930.0,65.0,1
1.0,1952.0,80.0,173.0,6.0,925.0,145.0,1
15.0,2038.0,45.0,129.0,5.0,1060.0,220.0,1
12.0,6928.0,79.0,99.0,1.0,986.0,107.0,1
7.0,516.0,79.0,159.0,6.0,915.0,220.0,1
4.0,701.0,96.0,104.0,6.0,690.0,170.0,1
6.0,5030.0,16.0,11.0,3.0,895.0,57.0,1
6.0,5236.0,288.0,177.0,1.0,685.0,93.0,1
6.0,7305.0,132.0,177.0,4.0,385.0,67.0,1
1.0,519.0,208.0,154.0,5.0,1020.0,260.0,1
1.0,851.0,208.0,197.0,6.0,560.0,90.0,1
12.0,6553.0,179.0,253.0,7.0,1176.0,98.0,1
14.0,198.0,60.0,243.0,5.0,1095.0,319.0,1
6.0,7349.0,204.0,177.0,6.0,375.0,93.0,1
12.0,6987.0,208.0,33.0,4.0,984.0,85.0,1
0.0,4389.0,82.0,197.0,5.0,410.0,60.0,1
3.0,335.0,134.0,173.0,1.0,530.0,137.0,1
15.0,3067.0,175.0,172.0,4.0,1135.0,90.0,1
15.0,1930.0,44.0,153.0,1.0,975.0,65.0,1
16.0,2812.0,13.0,135.0,1.0,813.0,95.0,1
1.0,1391.0,221.0,80.0,3.0,1095.0,195.0,1
1.0,1204.0,80.0,233.0,6.0,860.0,150.0,1
5.0,2736.0,177.0,159.0,1.0,880.0,160.0,1
0.0,3695.0,197.0,193.0,7.0,615.0,70.0,1
15.0,637.0,258.0,217.0,1.0,480.0,105.0,1
4.0,50.0,58.0,96.0,5.0,885.0,109.0,1
6.0,5083.0,177.0,146.0,4.0,580.0,61.0,1
5.0,2481.0,209.0,16.0,3.0,345.0,120.0,1
6.0,5326.0,278.0,16.0,4.0,990.0,72.0,1
15.0,2835.0,154.0,268.0,6.0,465.0,210.0,1
10.0,4567.0,159.0,33.0,6.0,500.0,155.0,1
4.0,149.0,104.0,135.0,1.0,902.0,167.0,1
5.0,1137.0,16.0,2.0,5.0,654.0,215.0,1
10.0,2783.0,80.0,108.0,3.0,845.0,60.0,1
15.0,28.0,45.0,87.0,3.0,510.0,145.0,1
0.0,4303.0,177.0,27.0,6.0,855.0,60.0,1
0.0,4273.0,121.0,16.0,6.0,515.0,84.0,1
12.0,6841.0,209.0,208.0,6.0,1065.0,141.0,1
10.0,2876.0,242.0,80.0,1.0,735.0,95.0,1
6.0,4985.0,16.0,162.0,7.0,829.0,100.0,1
4.0,349.0,253.0,96.0,7.0,450.0,318.0,1
10.0,2857.0,80.0,146.0,6.0,850.0,80.0,1
13.0,47.0,154.0,203.0,6.0,861.0,349.0,1
11.0,6596.0,177.0,139.0,3.0,865.0,84.0,1
1.0,732.0,80.0,159.0,4.0,815.0,205.0,1
15.0,353.0,236.0,34.0,3.0,1095.0,65.0,1
14.0,304.0,217.0,60.0,3.0,675.0,234.0,1
14.0,1559.0,216.0,104.0,6.0,710.0,168.0,1
10.0,4134.0,22.0,208.0,7.0,710.0,165.0,1
15.0,59.0,79.0,13.0,4.0,1010.0,70.0,1
11.0,6295.0,71.0,251.0,7.0,675.0,53.0,1
4.0,594.0,154.0,135.0,4.0,1020.0,189.0,1
3.0,1276.0,173.0,35.0,5.0,661.0,162.0,1
15.0,709.0,58.0,175.0,4.0,655.0,75.0,1
11.0,6583.0,175.0,197.0,7.0,985.0,96.0,1
3.0,904.0,148.0,35.0,5.0,774.0,64.0,1
14.0,490.0,217.0,79.0,6.0,955.0,105.0,1
0.0,4079.0,254.0,177.0,7.0,695.0,68.0,1
17.0,7254.0,208.0,245.0,5.0,466.0,120.0,1
4.0,1079.0,135.0,244.0,5.0,900.0,60.0,1
13.0,781.0,79.0,154.0,4.0,830.0,152.0,1
0.0,4387.0,66.0,177.0,1.0,990.0,75.0,1
1.0,1747.0,78.0,80.0,4.0,835.0,220.0,1
15.0,1508.0,252.0,175.0,6.0,750.0,245.0,1
3.0,151.0,148.0,213.0,7.0,960.0,188.0,1
14.0,250.0,243.0,217.0,6.0,390.0,84.0,1
17.0,2911.0,217.0,227.0,1.0,660.0,70.0,1
13.0,374.0,197.0,208.0,5.0,475.0,85.0,1
5.0,2482.0,197.0,85.0,7.0,1205.0,105.0,1
14.0,956.0,104.0,216.0,5.0,705.0,159.0,1
14.0,18.0,252.0,217.0,7.0,1050.0,166.0,1
8.0,961.0,173.0,48.0,6.0,920.0,132.0,1
13.0,248.0,208.0,85.0,3.0,1120.0,85.0,1
8.0,791.0,16.0,268.0,1.0,937.0,103.0,1
4.0,510.0,135.0,96.0,7.0,525.0,198.0,1
15.0,131.0,175.0,141.0,7.0,1180.0,125.0,1
3.0,708.0,260.0,148.0,7.0,893.0,246.0,1
14.0,270.0,135.0,217.0,4.0,360.0,172.0,1
12.0,4569.0,56.0,197.0,1.0,717.0,63.0,1
5.0,1201.0,85.0,261.0,6.0,505.0,251.0,1
1.0,1530.0,183.0,159.0,6.0,870.0,179.0,1
1.0,1264.0,80.0,18.0,5.0,685.0,55.0,1
1.0,1853.0,80.0,65.0,4.0,870.0,115.0,1
16.0,3009.0,96.0,184.0,7.0,894.0,144.0,1
5.0,1719.0,85.0,154.0,3.0,730.0,305.0,1
15.0,957.0,43.0,217.0,7.0,825.0,310.0,1
15.0,2892.0,241.0,175.0,3.0,870.0,180.0,1
6.0,5222.0,16.0,41.0,3.0,1310.0,98.0,1
12.0,6375.0,208.0,63.0,3.0,717.0,81.0,1
15.0,1662.0,251.0,45.0,4.0,740.0,85.0,1
16.0,2064.0,139.0,96.0,1.0,826.0,120.0,1
6.0,5406.0,71.0,78.0,4.0,957.0,87.0,1
10.0,4343.0,208.0,85.0,7.0,405.0,85.0,1
4.0,525.0,96.0,58.0,4.0,585.0,110.0,1
11.0,6606.0,85.0,21.0,4.0,1165.0,56.0,1
3.0,682.0,78.0,35.0,1.0,720.0,83.0,1
15.0,236.0,173.0,172.0,7.0,950.0,185.0,1
15.0,1751.0,129.0,268.0,4.0,390.0,115.0,1
0.0,3669.0,254.0,177.0,1.0,390.0,75.0,1
15.0,1018.0,154.0,202.0,4.0,1005.0,75.0,1
16.0,2979.0,172.0,135.0,1.0,768.0,124.0,1
5.0,2413.0,71.0,241.0,5.0,555.0,155.0,1
8.0,35.0,175.0,16.0,7.0,953.0,112.0,1
4.0,1181.0,96.0,208.0,5.0,870.0,157.0,1
16.0,2163.0,279.0,135.0,1.0,1080.0,94.0,1
16.0,3073.0,58.0,119.0,5.0,1040.0,60.0,1
3.0,279.0,153.0,160.0,1.0,500.0,65.0,1
10.0,2726.0,80.0,41.0,6.0,720.0,80.0,1
8.0,687.0,16.0,136.0,6.0,1255.0,143.0,1
15.0,47.0,204.0,75.0,3.0,1000.0,55.0,1
13.0,58.0,238.0,208.0,3.0,444.0,121.0,1
12.0,4688.0,261.0,202.0,6.0,1203.0,123.0,1
4.0,550.0,96.0,18.0,4.0,1125.0,263.0,1
15.0,3023.0,153.0,243.0,6.0,725.0,70.0,1
5.0,2840.0,153.0,261.0,7.0,833.0,82.0,1
1.0,1402.0,80.0,60.0,4.0,1190.0,140.0,1
5.0,2700.0,258.0,197.0,3.0,390.0,228.0,1
16.0,2636.0,244.0,135.0,4.0,720.0,58.0,1
10.0,3732.0,197.0,208.0,3.0,920.0,95.0,1
4.0,251.0,18.0,96.0,6.0,605.0,212.0,1
8.0,1420.0,139.0,277.0,7.0,667.0,137.0,1
12.0,4816.0,261.0,79.0,5.0,920.0,88.0,1
13.0,599.0,79.0,207.0,4.0,1152.0,145.0,1
12.0,6554.0,79.0,99.0,1.0,810.0,107.0,1
0.0,4053.0,245.0,159.0,6.0,769.0,130.0,1
16.0,2896.0,146.0,135.0,7.0,944.0,76.0,1
5.0,1155.0,16.0,147.0,3.0,1312.0,71.0,1
15.0,1155.0,207.0,217.0,5.0,375.0,70.0,1
1.0,1139.0,85.0,80.0,4.0,1020.0,185.0,1
1.0,1935.0,80.0,18.0,1.0,970.0,60.0,1
13.0,896.0,208.0,134.0,5.0,787.0,119.0,1
13.0,748.0,154.0,79.0,3.0,861.0,141.0,1
15.0,3403.0,2.0,45.0,1.0,510.0,220.0,1
13.0,952.0,217.0,134.0,4.0,589.0,255.0,1
15.0,11.0,75.0,129.0,4.0,570.0,60.0,1
10.0,3306.0,47.0,80.0,3.0,670.0,180.0,1
4.0,1723.0,135.0,207.0,5.0,585.0,215.0,1
10.0,4160.0,61.0,208.0,1.0,565.0,90.0,1
5.0,2547.0,159.0,16.0,6.0,1020.0,164.0,1
12.0,6279.0,253.0,264.0,5.0,907.0,85.0,1
15.0,1089.0,153.0,261.0,4.0,640.0,80.0,1
8.0,1090.0,173.0,139.0,4.0,1243.0,139.0,1
12.0,6703.0,16.0,208.0,5.0,420.0,117.0,1
15.0,326.0,154.0,153.0,3.0,395.0,60.0,1
15.0,3252.0,261.0,252.0,1.0,790.0,130.0,1
5.0,1093.0,16.0,134.0,3.0,435.0,100.0,1
3.0,1256.0,134.0,35.0,5.0,660.0,85.0,1
1.0,2334.0,80.0,208.0,5.0,630.0,135.0,1
5.0,1877.0,16.0,223.0,7.0,1233.0,81.0,1
5.0,1926.0,104.0,16.0,1.0,838.0,120.0,1
12.0,6286.0,227.0,153.0,6.0,769.0,60.0,1
14.0,1055.0,221.0,60.0,3.0,1155.0,92.0,1
5.0,2920.0,198.0,85.0,3.0,675.0,148.0,1
5.0,1024.0,16.0,60.0,3.0,585.0,85.0,1
6.0,7079.0,85.0,134.0,6.0,864.0,90.0,1
15.0,822.0,175.0,202.0,3.0,1145.0,295.0,1
16.0,5891.0,17.0,208.0,7.0,1100.0,60.0,1
7.0,363.0,251.0,79.0,5.0,993.0,175.0,1
15.0,633.0,217.0,153.0,6.0,595.0,70.0,1
3.0,1244.0,60.0,35.0,7.0,1075.0,127.0,1
15.0,1927.0,85.0,217.0,6.0,975.0,280.0,1
6.0,4983.0,130.0,16.0,3.0,1023.0,156.0,1
6.0,5300.0,16.0,245.0,5.0,505.0,67.0,1
5.0,1009.0,197.0,16.0,7.0,550.0,154.0,1
14.0,1262.0,183.0,216.0,4.0,360.0,169.0,1
14.0,486.0,217.0,79.0,1.0,585.0,109.0,1
15.0,782.0,154.0,175.0,1.0,445.0,240.0,1
5.0,2533.0,35.0,173.0,3.0,420.0,205.0,1
12.0,7029.0,253.0,261.0,6.0,469.0,107.0,1
15.0,1264.0,44.0,153.0,3.0,475.0,60.0,1
8.0,604.0,241.0,45.0,7.0,1113.0,137.0,1
5.0,2739.0,78.0,16.0,5.0,479.0,127.0,1
5.0,2300.0,16.0,35.0,5.0,980.0,154.0,1
12.0,6524.0,214.0,232.0,5.0,1280.0,38.0,1
15.0,1554.0,253.0,154.0,6.0,655.0,80.0,1
15.0,1952.0,154.0,79.0,7.0,690.0,135.0,1
14.0,181.0,104.0,217.0,3.0,1030.0,305.0,1
6.0,5302.0,256.0,16.0,4.0,425.0,113.0,1
6.0,7328.0,16.0,120.0,6.0,575.0,83.0,1
7.0,350.0,79.0,215.0,5.0,650.0,215.0,1
15.0,312.0,173.0,12.0,4.0,535.0,160.0,1
12.0,6240.0,224.0,253.0,1.0,1045.0,125.0,1
14.0,158.0,217.0,268.0,5.0,590.0,180.0,1
15.0,3400.0,33.0,147.0,6.0,570.0,85.0,1
5.0,123.0,148.0,16.0,3.0,945.0,171.0,1
10.0,2700.0,239.0,80.0,7.0,855.0,85.0,1
16.0,2364.0,96.0,268.0,4.0,885.0,167.0,1
5.0,670.0,60.0,16.0,4.0,855.0,80.0,1
10.0,4180.0,208.0,60.0,7.0,685.0,115.0,1
11.0,6320.0,16.0,120.0,3.0,1135.0,86.0,1
15.0,774.0,268.0,205.0,5.0,1235.0,75.0,1
16.0,2484.0,172.0,58.0,5.0,935.0,112.0,1
5.0,698.0,22.0,16.0,6.0,767.0,168.0,1
15.0,1300.0,79.0,2.0,6.0,695.0,75.0,1
15.0,3403.0,45.0,35.0,1.0,880.0,80.0,1
14.0,1602.0,60.0,233.0,3.0,1189.0,48.0,1
12.0,6992.0,154.0,57.0,1.0,483.0,43.0,1
7.0,376.0,79.0,184.0,3.0,1070.0,133.0,1
1.0,674.0,208.0,183.0,4.0,335.0,185.0,1
6.0,5306.0,16.0,247.0,7.0,905.0,111.0,1
10.0,4005.0,107.0,208.0,1.0,1080.0,100.0,1
1.0,2515.0,268.0,183.0,3.0,380.0,160.0,1
12.0,4831.0,154.0,243.0,6.0,650.0,46.0,1
8.0,1121.0,104.0,139.0,7.0,758.0,166.0,1
4.0,1105.0,35.0,96.0,7.0,1005.0,92.0,1
12.0,6988.0,79.0,65.0,6.0,765.0,35.0,1
6.0,5425.0,87.0,16.0,4.0,553.0,71.0,1
6.0,7066.0,47.0,208.0,7.0,1012.0,128.0,1
1.0,2001.0,147.0,80.0,3.0,1085.0,175.0,1
11.0,6342.0,290.0,16.0,4.0,966.0,113.0,1
5.0,2812.0,16.0,208.0,4.0,630.0,132.0,1
5.0,1658.0,159.0,197.0,7.0,610.0,190.0,1
15.0,2450.0,280.0,153.0,3.0,795.0,80.0,1
12.0,6535.0,24.0,253.0,5.0,999.0,76.0,1
13.0,604.0,208.0,135.0,7.0,1260.0,167.0,1
15.0,244.0,175.0,154.0,7.0,880.0,280.0,1
13.0,528.0,208.0,216.0,3.0,536.0,121.0,1
15.0,3601.0,12.0,277.0,7.0,655.0,205.0,1
4.0,41.0,96.0,154.0,4.0,915.0,370.0,1
13.0,760.0,253.0,208.0,4.0,792.0,253.0,1
5.0,1900.0,172.0,16.0,7.0,415.0,134.0,1
13.0,69.0,79.0,154.0,3.0,635.0,155.0,1
12.0,6820.0,231.0,253.0,6.0,360.0,77.0,1
5.0,2167.0,85.0,208.0,6.0,920.0,81.0,1
13.0,415.0,79.0,253.0,5.0,616.0,174.0,1
15.0,1030.0,153.0,251.0,7.0,570.0,215.0,1
12.0,4495.0,112.0,197.0,3.0,1140.0,80.0,1
13.0,517.0,134.0,79.0,6.0,743.0,233.0,1
16.0,2821.0,209.0,58.0,3.0,388.0,107.0,1
1.0,1172.0,217.0,208.0,4.0,565.0,205.0,1
15.0,2807.0,207.0,153.0,1.0,630.0,60.0,1
12.0,6441.0,76.0,79.0,4.0,978.0,186.0,1
0.0,4307.0,85.0,71.0,4.0,635.0,76.0,1
0.0,3983.0,85.0,61.0,6.0,725.0,58.0,1
12.0,6233.0,214.0,93.0,5.0,1275.0,36.0,1
14.0,14.0,217.0,148.0,6.0,805.0,286.0,1
3.0,74.0,148.0,42.0,7.0,1005.0,82.0,1
15.0,3836.0,154.0,153.0,1.0,805.0,65.0,1
1.0,1039.0,16.0,183.0,5.0,785.0,105.0,1
15.0,684.0,217.0,154.0,5.0,1055.0,80.0,1
1.0,1371.0,134.0,80.0,5.0,615.0,215.0,1
10.0,4664.0,58.0,159.0,6.0,535.0,95.0,1
5.0,2515.0,147.0,16.0,1.0,1006.0,84.0,1
15.0,1130.0,139.0,175.0,3.0,1125.0,60.0,1
10.0,4333.0,148.0,221.0,7.0,895.0,105.0,1
1.0,1587.0,80.0,18.0,4.0,815.0,55.0,1
12.0,6605.0,79.0,29.0,1.0,1035.0,94.0,1
15.0,1426.0,75.0,155.0,5.0,495.0,65.0,1
11.0,6270.0,78.0,148.0,6.0,1000.0,92.0,1
15.0,2861.0,22.0,45.0,6.0,905.0,70.0,1
11.0,6682.0,71.0,205.0,3.0,820.0,130.0,1
4.0,128.0,135.0,198.0,1.0,450.0,68.0,1
1.0,2060.0,252.0,208.0,3.0,360.0,245.0,1
14.0,1882.0,172.0,60.0,5.0,1106.0,130.0,1
15.0,189.0,217.0,258.0,5.0,1060.0,115.0,1
6.0,5146.0,16.0,180.0,5.0,1125.0,57.0,1
10.0,4081.0,208.0,139.0,5.0,820.0,60.0,1
15.0,3341.0,129.0,175.0,5.0,815.0,145.0,1
14.0,1602.0,277.0,60.0,7.0,1035.0,102.0,1
16.0,5970.0,281.0,208.0,5.0,385.0,79.0,1
5.0,2338.0,16.0,78.0,7.0,740.0,99.0,1
15.0,3307.0,22.0,175.0,3.0,395.0,160.0,1
13.0,791.0,153.0,79.0,7.0,366.0,120.0,1
15.0,1636.0,129.0,75.0,1.0,375.0,60.0,1
13.0,419.0,79.0,214.0,5.0,1299.0,177.0,1
12.0,6297.0,208.0,17.0,6.0,715.0,50.0,1
6.0,7099.0,208.0,71.0,1.0,415.0,68.0,1
10.0,3828.0,208.0,78.0,6.0,740.0,110.0,1
15.0,1544.0,129.0,244.0,6.0,1100.0,55.0,1
14.0,2161.0,159.0,78.0,1.0,360.0,59.0,1
6.0,5567.0,16.0,162.0,7.0,600.0,112.0,1
5.0,2809.0,71.0,104.0,5.0,675.0,147.0,1
8.0,274.0,16.0,35.0,5.0,891.0,144.0,1
5.0,1265.0,74.0,16.0,5.0,910.0,90.0,1
1.0,1083.0,134.0,80.0,6.0,390.0,210.0,1
11.0,6363.0,134.0,71.0,1.0,675.0,104.0,1
15.0,1167.0,214.0,79.0,3.0,780.0,145.0,1
15.0,1697.0,153.0,79.0,7.0,430.0,115.0,1
12.0,6504.0,208.0,247.0,3.0,425.0,41.0,1
1.0,735.0,78.0,183.0,1.0,1090.0,160.0,1
12.0,6965.0,208.0,18.0,5.0,496.0,165.0,1
1.0,823.0,80.0,280.0,5.0,1015.0,140.0,1
12.0,6231.0,214.0,93.0,5.0,795.0,36.0,1
12.0,6498.0,154.0,280.0,4.0,976.0,78.0,1
1.0,517.0,80.0,258.0,1.0,450.0,230.0,1
15.0,1741.0,241.0,45.0,3.0,1060.0,140.0,1
9.0,514.0,161.0,128.0,6.0,670.0,32.0,1
5.0,2867.0,177.0,85.0,6.0,1135.0,113.0,1
5.0,1583.0,241.0,71.0,7.0,365.0,145.0,1
17.0,7210.0,134.0,147.0,6.0,515.0,117.0,1
6.0,7078.0,238.0,134.0,7.0,858.0,80.0,1
5.0,2932.0,264.0,261.0,6.0,617.0,107.0,1
14.0,1463.0,60.0,253.0,7.0,1090.0,349.0,1
4.0,322.0,198.0,135.0,4.0,490.0,70.0,1
5.0,1139.0,16.0,27.0,5.0,1245.0,54.0,1
1.0,1185.0,233.0,80.0,3.0,380.0,200.0,1
10.0,3253.0,80.0,59.0,5.0,640.0,55.0,1
1.0,1331.0,80.0,244.0,3.0,525.0,70.0,1
1.0,939.0,233.0,183.0,6.0,805.0,130.0,1
7.0,450.0,184.0,159.0,1.0,844.0,135.0,1
10.0,4137.0,208.0,22.0,1.0,895.0,125.0,1
14.0,221.0,236.0,217.0,1.0,590.0,101.0,1
15.0,2472.0,85.0,268.0,6.0,850.0,105.0,1
8.0,510.0,159.0,184.0,4.0,975.0,145.0,1
12.0,6734.0,79.0,56.0,3.0,692.0,111.0,1
15.0,3067.0,233.0,175.0,5.0,1040.0,130.0,1
16.0,2767.0,12.0,58.0,7.0,860.0,95.0,1
5.0,1800.0,147.0,16.0,4.0,450.0,90.0,1
16.0,2611.0,251.0,135.0,4.0,1125.0,144.0,1
12.0,7021.0,280.0,154.0,3.0,1059.0,93.0,1
4.0,696.0,153.0,135.0,5.0,870.0,173.0,1
5.0,2953.0,85.0,261.0,1.0,1034.0,239.0,1
6.0,5222.0,48.0,16.0,4.0,1105.0,111.0,1
0.0,4151.0,61.0,233.0,3.0,857.0,93.0,1
15.0,485.0,44.0,153.0,6.0,605.0,60.0,1
9.0,313.0,128.0,161.0,6.0,1051.0,37.0,1
1.0,1625.0,260.0,80.0,1.0,510.0,325.0,1
3.0,904.0,208.0,148.0,6.0,550.0,122.0,1
13.0,146.0,253.0,79.0,6.0,988.0,150.0,1
13.0,294.0,253.0,45.0,4.0,862.0,309.0,1
5.0,1301.0,139.0,16.0,4.0,360.0,105.0,1
14.0,1274.0,216.0,139.0,4.0,610.0,137.0,1
1.0,85.0,148.0,253.0,1.0,930.0,400.0,1
17.0,2614.0,60.0,96.0,5.0,1280.0,100.0,1
1.0,1373.0,183.0,80.0,1.0,740.0,195.0,1
12.0,7046.0,83.0,79.0,4.0,480.0,76.0,1
15.0,742.0,79.0,268.0,5.0,1225.0,120.0,1
5.0,1766.0,16.0,106.0,7.0,1248.0,116.0,1
17.0,1024.0,128.0,161.0,5.0,669.0,37.0,1
15.0,1615.0,79.0,253.0,5.0,515.0,175.0,1
13.0,618.0,217.0,208.0,6.0,599.0,202.0,1
15.0,2927.0,277.0,61.0,5.0,580.0,135.0,1
14.0,662.0,217.0,264.0,3.0,895.0,78.0,1
3.0,262.0,160.0,262.0,3.0,420.0,83.0,1
12.0,4700.0,261.0,79.0,4.0,663.0,87.0,1
5.0,1013.0,85.0,16.0,7.0,1170.0,130.0,1
6.0,7068.0,134.0,121.0,3.0,1057.0,88.0,1
3.0,583.0,130.0,104.0,5.0,525.0,179.0,1
4.0,393.0,173.0,96.0,5.0,480.0,151.0,1
11.0,6266.0,134.0,85.0,5.0,573.0,107.0,1
14.0,1473.0,228.0,216.0,4.0,690.0,93.0,1
1.0,1152.0,80.0,35.0,4.0,705.0,200.0,1
5.0,511.0,16.0,147.0,6.0,510.0,77.0,1
12.0,4826.0,99.0,261.0,1.0,390.0,145.0,1
16.0,2619.0,290.0,135.0,4.0,1067.0,95.0,1
15.0,1057.0,111.0,202.0,1.0,465.0,135.0,1
14.0,1790.0,60.0,277.0,3.0,1340.0,97.0,1
15.0,1229.0,33.0,217.0,5.0,1040.0,240.0,1
17.0,2973.0,253.0,153.0,5.0,1045.0,87.0,1
16.0,2609.0,96.0,184.0,5.0,1175.0,159.0,1
12.0,6639.0,46.0,79.0,5.0,1006.0,104.0,1
12.0,4665.0,261.0,137.0,3.0,1290.0,54.0,1
15.0,380.0,146.0,129.0,4.0,1100.0,85.0,1
11.0,6370.0,85.0,238.0,5.0,460.0,83.0,1
15.0,1677.0,58.0,153.0,1.0,995.0,290.0,1
13.0,477.0,134.0,198.0,5.0,1007.0,171.0,1
11.0,6368.0,71.0,273.0,7.0,920.0,98.0,1
2.0,312.0,253.0,227.0,5.0,910.0,84.0,1
8.0,528.0,177.0,16.0,3.0,1159.0,76.0,1
0.0,4161.0,177.0,18.0,1.0,565.0,117.0,1
12.0,4778.0,252.0,261.0,3.0,1005.0,113.0,1
16.0,3033.0,135.0,13.0,5.0,860.0,96.0,1
14.0,144.0,243.0,216.0,7.0,690.0,305.0,1
15.0,654.0,217.0,154.0,1.0,860.0,85.0,1
7.0,557.0,79.0,243.0,1.0,510.0,142.0,1
16.0,2977.0,96.0,78.0,3.0,1310.0,70.0,1
12.0,6430.0,153.0,154.0,4.0,800.0,80.0,1
11.0,6460.0,148.0,35.0,4.0,600.0,89.0,1
15.0,1167.0,79.0,277.0,4.0,1020.0,205.0,1
8.0,59.0,16.0,154.0,7.0,676.0,320.0,1
15.0,277.0,154.0,172.0,1.0,435.0,190.0,1
14.0,85.0,217.0,45.0,5.0,1035.0,249.0,1
12.0,6838.0,253.0,246.0,1.0,968.0,82.0,1
17.0,2608.0,60.0,33.0,1.0,595.0,96.0,1
0.0,4262.0,250.0,85.0,3.0,1020.0,84.0,1
15.0,1785.0,197.0,175.0,6.0,840.0,90.0,1
16.0,2450.0,135.0,244.0,5.0,1385.0,53.0,1
14.0,359.0,197.0,60.0,7.0,420.0,158.0,1
15.0,1536.0,33.0,45.0,6.0,1035.0,100.0,1
11.0,6611.0,177.0,205.0,1.0,555.0,119.0,1
14.0,1507.0,60.0,217.0,4.0,577.0,279.0,1
12.0,6887.0,153.0,154.0,7.0,1120.0,80.0,1
1.0,2423.0,213.0,208.0,1.0,690.0,190.0,1
10.0,4576.0,159.0,60.0,3.0,375.0,120.0,1
12.0,6958.0,185.0,208.0,4.0,627.0,53.0,1
10.0,4139.0,208.0,234.0,4.0,650.0,115.0,1
11.0,6341.0,85.0,17.0,3.0,545.0,97.0,1
15.0,15.0,75.0,129.0,5.0,600.0,60.0,1
5.0,1145.0,16.0,198.0,5.0,445.0,100.0,1
15.0,960.0,175.0,280.0,4.0,1145.0,240.0,1
8.0,318.0,16.0,60.0,3.0,1340.0,70.0,1
2.0,368.0,252.0,262.0,3.0,630.0,106.0,1
0.0,3750.0,85.0,152.0,5.0,830.0,50.0,1
12.0,6865.0,79.0,102.0,3.0,1114.0,138.0,1
14.0,1232.0,78.0,22.0,5.0,1275.0,70.0,1
8.0,982.0,16.0,221.0,5.0,525.0,100.0,1
4.0,422.0,198.0,135.0,1.0,568.0,72.0,1
16.0,2669.0,96.0,172.0,3.0,1215.0,201.0,1
3.0,1402.0,18.0,104.0,3.0,715.0,150.0,1
10.0,3271.0,218.0,80.0,4.0,1030.0,130.0,1
12.0,6442.0,154.0,204.0,1.0,781.0,162.0,1
3.0,1206.0,241.0,130.0,5.0,650.0,160.0,1
1.0,1487.0,78.0,208.0,7.0,515.0,130.0,1
8.0,501.0,184.0,159.0,5.0,495.0,124.0,1
10.0,3965.0,208.0,84.0,3.0,745.0,75.0,1
6.0,4978.0,101.0,16.0,4.0,1135.0,98.0,1
10.0,3614.0,58.0,183.0,7.0,390.0,185.0,1
15.0,533.0,153.0,236.0,4.0,520.0,75.0,1
8.0,316.0,16.0,60.0,1.0,1061.0,63.0,1
15.0,2290.0,153.0,79.0,4.0,1220.0,110.0,1
6.0,5580.0,268.0,78.0,3.0,420.0,123.0,1
14.0,735.0,216.0,60.0,6.0,935.0,108.0,1
9.0,157.0,203.0,128.0,1.0,735.0,34.0,1
5.0,325.0,139.0,85.0,1.0,475.0,81.0,1
15.0,311.0,204.0,217.0,1.0,420.0,155.0,1
15.0,1979.0,243.0,258.0,1.0,530.0,80.0,1
1.0,2401.0,80.0,154.0,1.0,390.0,205.0,1
10.0,2862.0,80.0,84.0,4.0,860.0,110.0,1
6.0,7098.0,208.0,120.0,3.0,526.0,102.0,1
12.0,6243.0,154.0,153.0,5.0,685.0,80.0,1
5.0,1417.0,16.0,79.0,4.0,1045.0,202.0,1
15.0,2004.0,79.0,154.0,3.0,880.0,155.0,1
12.0,6327.0,243.0,154.0,6.0,804.0,44.0,1
12.0,6457.0,253.0,264.0,6.0,765.0,91.0,1
12.0,6938.0,79.0,114.0,6.0,1004.0,53.0,1
15.0,802.0,153.0,217.0,3.0,960.0,70.0,1
15.0,484.0,217.0,79.0,5.0,775.0,105.0,1
1.0,1180.0,80.0,234.0,1.0,820.0,155.0,1
12.0,6615.0,79.0,122.0,3.0,677.0,120.0,1
13.0,569.0,277.0,208.0,4.0,694.0,171.0,1
3.0,133.0,148.0,241.0,6.0,415.0,192.0,1
5.0,1490.0,197.0,85.0,4.0,395.0,114.0,1
5.0,466.0,198.0,16.0,6.0,825.0,92.0,1
2.0,315.0,253.0,252.0,5.0,420.0,124.0,1
4.0,498.0,79.0,135.0,3.0,860.0,138.0,1
14.0,1492.0,60.0,43.0,5.0,990.0,106.0,1
15.0,2648.0,216.0,35.0,7.0,440.0,85.0,1
10.0,2816.0,181.0,80.0,7.0,460.0,100.0,1
15.0,42.0,129.0,75.0,5.0,990.0,55.0,1
6.0,5204.0,254.0,16.0,5.0,603.0,107.0,1
12.0,6593.0,79.0,28.0,7.0,499.0,95.0,1
5.0,2877.0,208.0,16.0,6.0,742.0,123.0,1
14.0,1511.0,159.0,60.0,3.0,680.0,124.0,1
11.0,6452.0,85.0,134.0,3.0,620.0,96.0,1
15.0,784.0,2.0,170.0,5.0,1110.0,60.0,1
13.0,388.0,277.0,79.0,5.0,449.0,247.0,1
15.0,196.0,252.0,79.0,5.0,670.0,160.0,1
15.0,3854.0,217.0,214.0,3.0,395.0,175.0,1
6.0,5615.0,177.0,190.0,5.0,1175.0,74.0,1
13.0,560.0,253.0,261.0,1.0,790.0,112.0,1
1.0,1314.0,198.0,183.0,1.0,1085.0,110.0,1
5.0,2467.0,85.0,208.0,4.0,1165.0,92.0,1
16.0,3122.0,198.0,135.0,5.0,440.0,72.0,1
8.0,259.0,16.0,106.0,4.0,610.0,122.0,1
14.0,1109.0,60.0,147.0,4.0,895.0,82.0,1
15.0,2995.0,264.0,153.0,6.0,760.0,65.0,1
16.0,5976.0,208.0,157.0,4.0,963.0,72.0,1
11.0,6306.0,85.0,84.0,3.0,935.0,117.0,1
4.0,1087.0,173.0,135.0,1.0,385.0,150.0,1
15.0,1201.0,79.0,253.0,7.0,835.0,165.0,1
5.0,248.0,243.0,85.0,4.0,790.0,265.0,1
1.0,1241.0,221.0,80.0,6.0,415.0,205.0,1
14.0,930.0,60.0,209.0,3.0,1185.0,64.0,1
7.0,428.0,79.0,16.0,4.0,800.0,168.0,1
1.0,524.0,80.0,85.0,4.0,885.0,155.0,1
15.0,5.0,173.0,228.0,3.0,840.0,155.0,1
5.0,2246.0,128.0,252.0,6.0,1345.0,339.0,1
7.0,766.0,153.0,79.0,6.0,420.0,110.0,1
16.0,5995.0,208.0,29.0,1.0,717.0,134.0,1
15.0,525.0,175.0,139.0,7.0,1215.0,50.0,1
7.0,844.0,252.0,79.0,4.0,530.0,151.0,1
11.0,6351.0,71.0,177.0,5.0,1050.0,99.0,1
3.0,620.0,129.0,148.0,1.0,420.0,199.0,1
5.0,2088.0,258.0,197.0,1.0,723.0,231.0,1
1.0,1536.0,80.0,27.0,4.0,575.0,95.0,1
15.0,289.0,217.0,253.0,1.0,435.0,130.0,1
16.0,2795.0,279.0,135.0,5.0,567.0,89.0,1
16.0,2330.0,170.0,135.0,1.0,810.0,86.0,1
8.0,1435.0,215.0,35.0,4.0,381.0,89.0,1
14.0,231.0,217.0,85.0,4.0,595.0,238.0,1
14.0,1415.0,238.0,60.0,5.0,505.0,129.0,1
14.0,2120.0,159.0,35.0,3.0,540.0,75.0,1
16.0,2148.0,33.0,96.0,4.0,725.0,129.0,1
10.0,3930.0,208.0,205.0,7.0,1250.0,95.0,1
0.0,4076.0,25.0,85.0,5.0,745.0,99.0,1
0.0,3822.0,85.0,174.0,3.0,600.0,88.0,1
10.0,3957.0,177.0,208.0,3.0,730.0,110.0,1
6.0,4958.0,16.0,33.0,6.0,1045.0,69.0,1
5.0,2977.0,208.0,16.0,6.0,615.0,123.0,1
5.0,1192.0,262.0,261.0,7.0,385.0,103.0,1
15.0,498.0,207.0,153.0,7.0,1090.0,60.0,1
14.0,944.0,135.0,60.0,3.0,525.0,144.0,1
2.0,477.0,154.0,252.0,3.0,380.0,165.0,1
4.0,1016.0,241.0,58.0,1.0,760.0,148.0,1
3.0,1790.0,78.0,35.0,6.0,390.0,85.0,1
14.0,1894.0,213.0,216.0,7.0,470.0,156.0,1
1.0,436.0,80.0,104.0,1.0,1015.0,155.0,1
14.0,1184.0,45.0,216.0,5.0,1110.0,68.0,1
5.0,1305.0,85.0,173.0,5.0,600.0,159.0,1
13.0,540.0,253.0,134.0,1.0,544.0,306.0,1
13.0,405.0,79.0,264.0,7.0,927.0,147.0,1
0.0,3929.0,197.0,99.0,5.0,560.0,74.0,1
14.0,1135.0,228.0,216.0,5.0,930.0,99.0,1
12.0,4618.0,261.0,34.0,4.0,1079.0,66.0,1
6.0,7076.0,245.0,134.0,4.0,615.0,95.0,1
3.0,1122.0,104.0,234.0,4.0,805.0,129.0,1
14.0,1761.0,35.0,60.0,3.0,675.0,143.0,1
15.0,3403.0,129.0,2.0,7.0,405.0,135.0,1
4.0,658.0,135.0,78.0,7.0,1145.0,168.0,1
15.0,870.0,2.0,75.0,3.0,395.0,100.0,1
16.0,5957.0,117.0,208.0,3.0,872.0,60.0,1
1.0,1575.0,80.0,253.0,4.0,1285.0,235.0,1
13.0,546.0,217.0,253.0,1.0,661.0,138.0,1
5.0,2089.0,197.0,264.0,4.0,585.0,242.0,1
8.0,1625.0,216.0,173.0,5.0,500.0,169.0,1
10.0,3716.0,16.0,208.0,5.0,980.0,125.0,1
13.0,117.0,147.0,208.0,4.0,1039.0,161.0,1
4.0,504.0,96.0,60.0,4.0,400.0,118.0,1
8.0,511.0,184.0,159.0,6.0,1130.0,129.0,1
15.0,1410.0,173.0,45.0,6.0,810.0,125.0,1
12.0,4639.0,208.0,261.0,5.0,970.0,205.0,1
3.0,464.0,241.0,35.0,3.0,779.0,178.0,1
4.0,1607.0,277.0,135.0,3.0,710.0,141.0,1
10.0,2754.0,158.0,80.0,3.0,440.0,90.0,1
10.0,2890.0,114.0,80.0,1.0,705.0,120.0,1
5.0,2088.0,197.0,216.0,5.0,1135.0,155.0,1
10.0,3643.0,147.0,183.0,7.0,715.0,80.0,1
13.0,272.0,253.0,154.0,1.0,442.0,92.0,1
12.0,6431.0,154.0,244.0,3.0,853.0,163.0,1
6.0,5267.0,48.0,16.0,3.0,420.0,129.0,1
15.0,2038.0,268.0,175.0,3.0,710.0,60.0,1
5.0,2458.0,213.0,159.0,4.0,445.0,169.0,1
10.0,3729.0,216.0,208.0,5.0,1185.0,145.0,1
15.0,2983.0,111.0,202.0,1.0,1050.0,130.0,1
15.0,1746.0,45.0,58.0,3.0,500.0,75.0,1
5.0,1656.0,18.0,16.0,5.0,656.0,134.0,1
8.0,297.0,16.0,129.0,3.0,997.0,139.0,1
10.0,3373.0,68.0,80.0,7.0,495.0,80.0,1
2.0,52.0,39.0,98.0,4.0,1220.0,80.0,1
6.0,7073.0,134.0,47.0,7.0,1319.0,81.0,1
7.0,371.0,79.0,154.0,7.0,1000.0,142.0,1
1.0,732.0,80.0,159.0,3.0,815.0,205.0,1
12.0,4883.0,18.0,261.0,4.0,1139.0,169.0,1
12.0,6624.0,79.0,236.0,7.0,1296.0,139.0,1
3.0,16.0,104.0,148.0,3.0,850.0,170.0,1
15.0,3753.0,253.0,153.0,5.0,1265.0,80.0,1
15.0,680.0,258.0,214.0,1.0,815.0,105.0,1
12.0,6489.0,253.0,55.0,1.0,466.0,55.0,1
10.0,4355.0,204.0,208.0,5.0,400.0,135.0,1
15.0,2030.0,233.0,277.0,5.0,485.0,115.0,1
4.0,1028.0,60.0,135.0,6.0,990.0,170.0,1
15.0,3567.0,75.0,279.0,3.0,550.0,60.0,1
3.0,350.0,44.0,148.0,7.0,430.0,314.0,1
13.0,451.0,153.0,253.0,4.0,1204.0,103.0,1
13.0,545.0,35.0,208.0,7.0,1147.0,171.0,1
13.0,310.0,79.0,159.0,4.0,665.0,223.0,1
11.0,6358.0,162.0,85.0,3.0,365.0,131.0,1
11.0,6324.0,233.0,148.0,6.0,975.0,120.0,1
15.0,3590.0,214.0,202.0,6.0,985.0,105.0,1
16.0,5904.0,42.0,208.0,5.0,748.0,159.0,1
15.0,755.0,244.0,131.0,7.0,1080.0,55.0,1
15.0,2201.0,45.0,228.0,7.0,1235.0,70.0,1
0.0,4317.0,177.0,155.0,4.0,820.0,120.0,1
12.0,6612.0,261.0,79.0,7.0,360.0,93.0,1
6.0,5218.0,273.0,16.0,6.0,345.0,158.0,1
5.0,1668.0,16.0,54.0,5.0,1145.0,79.0,1
8.0,1119.0,159.0,173.0,6.0,666.0,175.0,1
14.0,1190.0,198.0,60.0,4.0,775.0,106.0,1
12.0,4591.0,224.0,261.0,1.0,390.0,96.0,1
15.0,357.0,27.0,45.0,7.0,730.0,110.0,1
15.0,351.0,43.0,153.0,7.0,495.0,310.0,1
17.0,2638.0,60.0,101.0,6.0,1220.0,56.0,1
12.0,6365.0,195.0,208.0,5.0,1038.0,61.0,1
1.0,488.0,252.0,80.0,1.0,370.0,230.0,1
7.0,192.0,76.0,79.0,4.0,375.0,189.0,1
3.0,1187.0,35.0,267.0,4.0,700.0,201.0,1
12.0,6323.0,208.0,244.0,7.0,1255.0,176.0,1
14.0,1776.0,104.0,60.0,1.0,1005.0,117.0,1
14.0,191.0,217.0,243.0,3.0,1195.0,74.0,1
6.0,5046.0,11.0,16.0,3.0,710.0,62.0,1
4.0,238.0,96.0,183.0,7.0,484.0,192.0,1
12.0,3064.0,184.0,268.0,1.0,360.0,76.0,1
10.0,3074.0,154.0,236.0,3.0,365.0,90.0,1
4.0,724.0,58.0,96.0,5.0,385.0,83.0,1
14.0,652.0,217.0,264.0,3.0,525.0,81.0,1
3.0,567.0,272.0,104.0,4.0,929.0,191.0,1
5.0,1654.0,16.0,76.0,1.0,1010.0,96.0,1
0.0,3913.0,155.0,177.0,1.0,965.0,115.0,1
8.0,865.0,16.0,173.0,1.0,530.0,91.0,1
1.0,1694.0,80.0,33.0,7.0,840.0,100.0,1
9.0,148.0,128.0,150.0,6.0,776.0,43.0,1
2.0,112.0,14.0,252.0,7.0,90.0,200.0,1
0.0,4073.0,109.0,16.0,5.0,1020.0,109.0,1
10.0,2791.0,80.0,116.0,3.0,535.0,90.0,1
6.0,4975.0,71.0,16.0,6.0,575.0,100.0,1
4.0,1861.0,217.0,135.0,3.0,982.0,153.0,1
6.0,4985.0,200.0,16.0,5.0,702.0,87.0,1
6.0,7098.0,120.0,208.0,6.0,713.0,125.0,1
5.0,2381.0,244.0,16.0,7.0,400.0,138.0,1
1.0,562.0,268.0,183.0,7.0,1050.0,160.0,1
12.0,6616.0,79.0,83.0,1.0,857.0,62.0,1
5.0,2717.0,177.0,154.0,6.0,825.0,259.0,1
5.0,1689.0,216.0,85.0,5.0,755.0,108.0,1
15.0,3950.0,45.0,244.0,3.0,1145.0,245.0,1
15.0,2603.0,202.0,79.0,6.0,425.0,155.0,1
1.0,633.0,260.0,80.0,3.0,790.0,310.0,1
8.0,1584.0,16.0,30.0,3.0,970.0,110.0,1
2.0,17.0,183.0,252.0,7.0,495.0,400.0,1
15.0,981.0,153.0,44.0,3.0,950.0,65.0,1
5.0,2824.0,197.0,233.0,5.0,1145.0,146.0,1
10.0,4096.0,208.0,107.0,7.0,525.0,105.0,1
17.0,7214.0,134.0,172.0,6.0,740.0,169.0,1
15.0,1910.0,154.0,244.0,6.0,665.0,165.0,1
12.0,6579.0,15.0,79.0,1.0,947.0,48.0,1
14.0,973.0,54.0,60.0,3.0,959.0,63.0,1
10.0,3979.0,71.0,208.0,7.0,1200.0,90.0,1
5.0,123.0,148.0,16.0,1.0,945.0,171.0,1
17.0,2724.0,18.0,60.0,1.0,710.0,151.0,1
16.0,2131.0,135.0,68.0,5.0,1285.0,59.0,1
12.0,6379.0,248.0,154.0,6.0,549.0,66.0,1
12.0,6557.0,252.0,214.0,6.0,701.0,48.0,1
15.0,1254.0,79.0,45.0,6.0,535.0,205.0,1
15.0,1992.0,217.0,264.0,1.0,635.0,80.0,1
5.0,1465.0,148.0,253.0,4.0,1035.0,395.0,1
15.0,301.0,264.0,262.0,4.0,600.0,85.0,1
14.0,1047.0,78.0,60.0,3.0,1035.0,92.0,1
15.0,3664.0,129.0,45.0,4.0,450.0,170.0,1
8.0,74.0,104.0,16.0,4.0,767.0,117.0,1
3.0,644.0,253.0,148.0,3.0,675.0,321.0,1
15.0,1419.0,204.0,153.0,1.0,1040.0,170.0,1
15.0,1657.0,75.0,172.0,1.0,625.0,85.0,1
6.0,4986.0,177.0,60.0,5.0,1195.0,101.0,1
15.0,3491.0,170.0,129.0,1.0,580.0,80.0,1
15.0,2575.0,217.0,2.0,6.0,650.0,70.0,1
14.0,1731.0,216.0,208.0,3.0,695.0,141.0,1
12.0,7038.0,6.0,253.0,7.0,767.0,78.0,1
8.0,1134.0,238.0,277.0,5.0,449.0,184.0,1
12.0,6882.0,262.0,79.0,3.0,1048.0,134.0,1
14.0,665.0,264.0,217.0,4.0,1140.0,77.0,1
15.0,30.0,129.0,75.0,3.0,810.0,55.0,1
1.0,1839.0,204.0,80.0,1.0,360.0,60.0,1
5.0,1825.0,45.0,16.0,1.0,510.0,120.0,1
1.0,2411.0,80.0,154.0,1.0,475.0,205.0,1
3.0,600.0,148.0,229.0,7.0,570.0,81.0,1
13.0,527.0,208.0,45.0,4.0,427.0,113.0,1
0.0,4052.0,177.0,208.0,5.0,525.0,116.0,1
10.0,2797.0,80.0,108.0,1.0,515.0,60.0,1
2.0,531.0,207.0,252.0,7.0,1035.0,162.0,1
17.0,2617.0,177.0,60.0,3.0,455.0,102.0,1
10.0,4434.0,85.0,159.0,7.0,900.0,105.0,1
14.0,189.0,262.0,217.0,6.0,598.0,107.0,1
3.0,217.0,148.0,160.0,5.0,1020.0,380.0,1
12.0,4642.0,204.0,261.0,7.0,815.0,144.0,1
15.0,3494.0,153.0,154.0,4.0,400.0,65.0,1
15.0,1801.0,162.0,75.0,6.0,1155.0,65.0,1
4.0,503.0,154.0,96.0,1.0,850.0,309.0,1
5.0,342.0,16.0,33.0,3.0,1243.0,71.0,1
11.0,6409.0,96.0,71.0,1.0,1056.0,139.0,1
5.0,2186.0,16.0,159.0,1.0,820.0,135.0,1
1.0,1741.0,159.0,33.0,1.0,915.0,160.0,1
1.0,482.0,80.0,139.0,1.0,670.0,125.0,1
1.0,2243.0,221.0,80.0,5.0,745.0,190.0,1
14.0,1401.0,208.0,60.0,4.0,730.0,113.0,1
15.0,1286.0,172.0,153.0,3.0,425.0,195.0,1
14.0,729.0,216.0,80.0,1.0,1085.0,234.0,1
14.0,1788.0,60.0,208.0,4.0,1345.0,123.0,1
16.0,2421.0,217.0,135.0,3.0,595.0,154.0,1
9.0,242.0,128.0,143.0,6.0,1176.0,51.0,1
15.0,3833.0,279.0,217.0,4.0,1045.0,165.0,1
6.0,7118.0,273.0,134.0,4.0,857.0,79.0,1
0.0,3893.0,109.0,16.0,4.0,360.0,115.0,1
15.0,1254.0,280.0,79.0,6.0,390.0,115.0,1
13.0,468.0,252.0,253.0,1.0,360.0,130.0,1
5.0,2053.0,205.0,16.0,3.0,412.0,153.0,1
0.0,3823.0,197.0,221.0,7.0,825.0,126.0,1
4.0,1428.0,60.0,135.0,4.0,360.0,180.0,1
15.0,2794.0,129.0,202.0,3.0,635.0,255.0,1
16.0,2179.0,223.0,135.0,4.0,900.0,102.0,1
13.0,524.0,208.0,35.0,4.0,365.0,139.0,1
11.0,6344.0,197.0,204.0,3.0,1305.0,132.0,1
14.0,1465.0,228.0,216.0,3.0,440.0,82.0,1
15.0,1832.0,153.0,264.0,6.0,735.0,65.0,1
12.0,6682.0,246.0,79.0,6.0,360.0,142.0,1
12.0,6359.0,279.0,154.0,1.0,1091.0,204.0,1
5.0,2915.0,16.0,217.0,4.0,520.0,270.0,1
6.0,5601.0,81.0,16.0,4.0,1040.0,74.0,1
4.0,210.0,135.0,96.0,4.0,945.0,207.0,1
6.0,5139.0,47.0,16.0,1.0,900.0,75.0,1
1.0,1194.0,183.0,22.0,5.0,1235.0,175.0,1
3.0,1322.0,45.0,35.0,6.0,515.0,77.0,1
14.0,1444.0,147.0,60.0,6.0,645.0,83.0,1
12.0,6663.0,93.0,79.0,5.0,861.0,145.0,1
3.0,673.0,148.0,154.0,6.0,665.0,367.0,1
15.0,497.0,228.0,45.0,4.0,650.0,80.0,1
2.0,742.0,252.0,16.0,3.0,560.0,289.0,1
10.0,3337.0,10.0,80.0,7.0,685.0,75.0,1
16.0,2042.0,135.0,27.0,6.0,1140.0,94.0,1
8.0,184.0,16.0,78.0,6.0,455.0,101.0,1
8.0,586.0,119.0,45.0,3.0,1060.0,95.0,1
7.0,366.0,79.0,184.0,3.0,400.0,133.0,1
12.0,6572.0,214.0,154.0,3.0,653.0,138.0,1
12.0,6908.0,2.0,253.0,4.0,408.0,167.0,1
15.0,988.0,45.0,204.0,3.0,1040.0,205.0,1
7.0,672.0,79.0,173.0,5.0,990.0,205.0,1
17.0,2829.0,160.0,217.0,1.0,990.0,82.0,1
15.0,1488.0,175.0,61.0,6.0,700.0,65.0,1
5.0,1872.0,277.0,16.0,3.0,380.0,90.0,1
15.0,1587.0,75.0,244.0,1.0,500.0,65.0,1
17.0,2855.0,217.0,103.0,4.0,880.0,66.0,1
12.0,7038.0,6.0,253.0,4.0,765.0,78.0,1
12.0,4503.0,197.0,29.0,4.0,790.0,80.0,1
17.0,2638.0,71.0,60.0,7.0,1084.0,86.0,1
14.0,29.0,60.0,16.0,7.0,560.0,79.0,1
1.0,902.0,183.0,80.0,1.0,810.0,195.0,1
12.0,6295.0,134.0,65.0,7.0,1130.0,230.0,1
12.0,7797.0,261.0,271.0,4.0,474.0,72.0,1
2.0,365.0,262.0,252.0,5.0,560.0,115.0,1
5.0,1609.0,197.0,79.0,1.0,860.0,123.0,1
8.0,405.0,139.0,16.0,7.0,1120.0,94.0,1
10.0,3547.0,80.0,58.0,7.0,720.0,150.0,1
14.0,1029.0,60.0,183.0,3.0,865.0,120.0,1
2.0,108.0,14.0,252.0,3.0,30.0,202.0,1
9.0,277.0,150.0,128.0,1.0,1050.0,42.0,1
12.0,7772.0,261.0,255.0,6.0,660.0,83.0,1
12.0,7761.0,89.0,261.0,1.0,1029.0,66.0,1
10.0,4085.0,0.0,208.0,6.0,755.0,140.0,1
5.0,2267.0,22.0,16.0,7.0,1087.0,168.0,1
10.0,4018.0,208.0,238.0,3.0,550.0,100.0,1
14.0,1471.0,208.0,60.0,3.0,970.0,111.0,1
10.0,3218.0,146.0,80.0,1.0,580.0,95.0,1
17.0,7267.0,229.0,208.0,3.0,420.0,177.0,1
3.0,110.0,198.0,148.0,5.0,385.0,163.0,1
6.0,5276.0,52.0,16.0,5.0,520.0,60.0,1
16.0,2065.0,135.0,234.0,7.0,600.0,153.0,1
0.0,3890.0,85.0,142.0,1.0,625.0,86.0,1
1.0,1415.0,277.0,80.0,6.0,990.0,170.0,1
3.0,309.0,134.0,104.0,3.0,886.0,157.0,1
4.0,1770.0,173.0,58.0,6.0,755.0,139.0,1
14.0,1226.0,96.0,60.0,4.0,495.0,125.0,1
1.0,2321.0,208.0,80.0,4.0,700.0,150.0,1
5.0,2173.0,16.0,183.0,1.0,650.0,115.0,1
12.0,6477.0,154.0,262.0,7.0,759.0,83.0,1
15.0,2542.0,261.0,111.0,6.0,1055.0,110.0,1
7.0,144.0,79.0,129.0,1.0,910.0,139.0,1
6.0,5176.0,288.0,177.0,5.0,370.0,88.0,1
1.0,1132.0,262.0,80.0,5.0,500.0,200.0,1
5.0,1248.0,16.0,221.0,3.0,585.0,107.0,1
13.0,425.0,134.0,244.0,7.0,495.0,239.0,1
5.0,1237.0,16.0,268.0,4.0,1048.0,103.0,1
1.0,1709.0,159.0,183.0,5.0,1200.0,185.0,1
15.0,823.0,262.0,252.0,4.0,790.0,110.0,1
10.0,3696.0,209.0,148.0,7.0,870.0,80.0,1
8.0,984.0,16.0,221.0,4.0,625.0,104.0,1
12.0,6282.0,154.0,144.0,6.0,670.0,53.0,1
1.0,710.0,80.0,159.0,1.0,555.0,200.0,1
5.0,1448.0,85.0,159.0,5.0,1300.0,106.0,1
15.0,413.0,258.0,154.0,7.0,675.0,70.0,1
10.0,4084.0,208.0,99.0,5.0,860.0,110.0,1
13.0,271.0,79.0,207.0,5.0,1294.0,145.0,1
17.0,2667.0,101.0,60.0,1.0,450.0,63.0,1
3.0,382.0,104.0,159.0,4.0,1220.0,161.0,1
12.0,6710.0,208.0,71.0,4.0,805.0,76.0,1
4.0,211.0,96.0,135.0,1.0,465.0,248.0,1
12.0,4547.0,261.0,253.0,3.0,1300.0,134.0,1
15.0,59.0,13.0,75.0,3.0,1170.0,65.0,1
10.0,3643.0,147.0,183.0,1.0,715.0,80.0,1
15.0,439.0,131.0,244.0,7.0,485.0,55.0,1
15.0,386.0,216.0,277.0,4.0,625.0,175.0,1
15.0,863.0,198.0,129.0,1.0,385.0,75.0,1
10.0,4371.0,208.0,205.0,6.0,675.0,95.0,1
6.0,7122.0,223.0,134.0,5.0,500.0,127.0,1
6.0,5474.0,16.0,94.0,5.0,895.0,84.0,1
0.0,4397.0,285.0,16.0,7.0,532.0,78.0,1
6.0,5334.0,16.0,4.0,5.0,574.0,62.0,1
15.0,759.0,207.0,217.0,7.0,520.0,65.0,1
14.0,639.0,217.0,207.0,3.0,1259.0,71.0,1
5.0,1161.0,16.0,264.0,3.0,1140.0,306.0,1
8.0,82.0,104.0,16.0,1.0,857.0,116.0,1
15.0,484.0,217.0,79.0,7.0,775.0,105.0,1
7.0,371.0,184.0,79.0,6.0,865.0,155.0,1
4.0,397.0,135.0,153.0,5.0,1065.0,205.0,1
13.0,537.0,35.0,253.0,4.0,479.0,410.0,1
14.0,2121.0,35.0,159.0,5.0,540.0,81.0,1
15.0,199.0,217.0,262.0,4.0,1190.0,125.0,1
11.0,6552.0,85.0,216.0,7.0,740.0,105.0,1
5.0,2782.0,198.0,177.0,5.0,370.0,83.0,1
1.0,1509.0,147.0,80.0,3.0,921.0,175.0,1
8.0,1590.0,16.0,116.0,3.0,675.0,87.0,1
12.0,6970.0,253.0,262.0,5.0,957.0,44.0,1
7.0,674.0,79.0,173.0,3.0,640.0,212.0,1
15.0,568.0,27.0,217.0,3.0,375.0,240.0,1
13.0,316.0,79.0,134.0,4.0,764.0,195.0,1
1.0,742.0,80.0,159.0,4.0,985.0,205.0,1
10.0,4413.0,159.0,290.0,4.0,1090.0,220.0,1
11.0,6360.0,174.0,85.0,1.0,370.0,107.0,1
10.0,4393.0,35.0,148.0,7.0,670.0,70.0,1
15.0,1149.0,44.0,217.0,1.0,515.0,80.0,1
10.0,3202.0,54.0,80.0,6.0,1120.0,190.0,1
8.0,521.0,45.0,277.0,6.0,566.0,148.0,1
15.0,903.0,204.0,172.0,5.0,920.0,65.0,1
6.0,5494.0,16.0,279.0,5.0,815.0,129.0,1
3.0,1293.0,35.0,221.0,6.0,982.0,106.0,1
15.0,2117.0,277.0,182.0,1.0,625.0,175.0,1
1.0,1184.0,208.0,96.0,1.0,735.0,145.0,1
1.0,1786.0,277.0,148.0,3.0,800.0,160.0,1
15.0,653.0,154.0,33.0,4.0,520.0,230.0,1
11.0,6363.0,71.0,172.0,1.0,820.0,125.0,1
5.0,1589.0,85.0,33.0,4.0,745.0,105.0,1
6.0,5135.0,16.0,87.0,3.0,898.0,75.0,1
11.0,6314.0,147.0,78.0,5.0,1115.0,114.0,1
16.0,2498.0,2.0,135.0,7.0,880.0,119.0,1
15.0,2459.0,79.0,153.0,1.0,455.0,120.0,1
5.0,2988.0,173.0,71.0,7.0,970.0,133.0,1
10.0,4205.0,208.0,22.0,3.0,1240.0,130.0,1
12.0,6226.0,253.0,262.0,6.0,793.0,42.0,1
6.0,5442.0,177.0,178.0,4.0,826.0,131.0,1
17.0,2874.0,217.0,24.0,4.0,885.0,91.0,1
15.0,1851.0,207.0,202.0,4.0,360.0,80.0,1
13.0,172.0,253.0,35.0,4.0,511.0,338.0,1
4.0,605.0,204.0,135.0,1.0,380.0,80.0,1
1.0,1876.0,183.0,159.0,4.0,1120.0,175.0,1
7.0,359.0,277.0,79.0,1.0,1069.0,232.0,1
6.0,5589.0,278.0,16.0,5.0,1094.0,80.0,1
14.0,1250.0,173.0,216.0,6.0,725.0,143.0,1
9.0,47.0,202.0,128.0,3.0,535.0,335.0,1
11.0,6543.0,27.0,159.0,3.0,885.0,148.0,1
13.0,845.0,243.0,208.0,4.0,686.0,234.0,1
15.0,1155.0,172.0,33.0,5.0,775.0,85.0,1
16.0,3051.0,147.0,135.0,1.0,410.0,146.0,1
14.0,2179.0,159.0,78.0,3.0,900.0,78.0,1
5.0,630.0,85.0,78.0,3.0,835.0,95.0,1
0.0,3923.0,135.0,177.0,6.0,360.0,95.0,1
15.0,829.0,153.0,79.0,5.0,1105.0,115.0,1
15.0,180.0,253.0,154.0,5.0,1250.0,75.0,1
8.0,1001.0,173.0,174.0,3.0,480.0,138.0,1
3.0,767.0,173.0,225.0,5.0,1413.0,160.0,1
14.0,88.0,217.0,214.0,7.0,675.0,169.0,1
13.0,612.0,208.0,78.0,4.0,725.0,111.0,1
1.0,1970.0,79.0,80.0,5.0,865.0,115.0,1
12.0,6304.0,28.0,79.0,3.0,1031.0,92.0,1
3.0,648.0,253.0,148.0,5.0,1350.0,318.0,1
10.0,3039.0,154.0,100.0,6.0,550.0,60.0,1
13.0,81.0,154.0,128.0,5.0,530.0,334.0,1
10.0,3739.0,208.0,96.0,4.0,680.0,130.0,1
5.0,1515.0,106.0,16.0,4.0,700.0,134.0,1
4.0,741.0,135.0,18.0,1.0,715.0,49.0,1
9.0,277.0,150.0,128.0,7.0,1050.0,42.0,1
15.0,628.0,27.0,153.0,5.0,970.0,255.0,1
14.0,282.0,217.0,258.0,4.0,500.0,117.0,1
10.0,4006.0,208.0,52.0,4.0,855.0,95.0,1
15.0,674.0,129.0,146.0,3.0,530.0,65.0,1
1.0,504.0,258.0,80.0,6.0,740.0,205.0,1
2.0,622.0,214.0,153.0,7.0,810.0,129.0,1
15.0,1752.0,75.0,18.0,4.0,1010.0,55.0,1
5.0,1663.0,261.0,243.0,5.0,677.0,114.0,1
1.0,1304.0,279.0,80.0,6.0,1030.0,70.0,1
1.0,496.0,208.0,78.0,1.0,380.0,99.0,1
12.0,6547.0,135.0,208.0,5.0,385.0,151.0,1
15.0,3753.0,253.0,153.0,4.0,1265.0,80.0,1
5.0,2725.0,197.0,261.0,7.0,865.0,169.0,1
16.0,5993.0,43.0,208.0,5.0,1192.0,116.0,1
1.0,563.0,80.0,244.0,7.0,1060.0,65.0,1
15.0,1156.0,33.0,87.0,5.0,1105.0,80.0,1
5.0,2168.0,154.0,197.0,7.0,725.0,225.0,1
10.0,3799.0,2.0,208.0,6.0,475.0,160.0,1
6.0,7072.0,134.0,182.0,4.0,745.0,89.0,1
15.0,1072.0,75.0,18.0,5.0,1220.0,55.0,1
6.0,5215.0,167.0,16.0,4.0,761.0,89.0,1
6.0,7082.0,134.0,35.0,7.0,616.0,87.0,1
12.0,4442.0,79.0,261.0,4.0,1155.0,89.0,1
4.0,754.0,96.0,213.0,6.0,780.0,162.0,1
5.0,1576.0,214.0,16.0,4.0,1375.0,268.0,1
17.0,1047.0,161.0,128.0,1.0,890.0,29.0,1
8.0,563.0,32.0,16.0,4.0,692.0,98.0,1
12.0,6284.0,214.0,154.0,5.0,1152.0,138.0,1
14.0,1790.0,60.0,277.0,7.0,1340.0,97.0,1
14.0,977.0,216.0,213.0,3.0,735.0,159.0,1
5.0,2551.0,159.0,213.0,3.0,725.0,182.0,1
6.0,5441.0,71.0,135.0,4.0,555.0,175.0,1
8.0,519.0,16.0,61.0,7.0,1260.0,90.0,1
16.0,5903.0,208.0,99.0,4.0,1205.0,113.0,1
17.0,2708.0,153.0,154.0,3.0,1090.0,70.0,1
1.0,1462.0,208.0,96.0,3.0,530.0,125.0,1
1.0,808.0,80.0,135.0,4.0,725.0,65.0,1
0.0,4381.0,85.0,106.0,4.0,1175.0,47.0,1
5.0,2778.0,261.0,177.0,4.0,830.0,182.0,1
1.0,1787.0,148.0,277.0,4.0,1020.0,185.0,1
14.0,660.0,205.0,217.0,1.0,885.0,171.0,1
15.0,20.0,153.0,243.0,3.0,890.0,65.0,1
0.0,4361.0,177.0,244.0,6.0,824.0,126.0,1
12.0,4529.0,205.0,261.0,7.0,380.0,155.0,1
5.0,1492.0,217.0,197.0,1.0,475.0,184.0,1
15.0,901.0,153.0,2.0,1.0,1080.0,85.0,1
1.0,1877.0,80.0,153.0,7.0,1360.0,190.0,1
15.0,1156.0,202.0,264.0,3.0,490.0,80.0,1
15.0,1134.0,159.0,45.0,7.0,440.0,70.0,1
11.0,6344.0,71.0,197.0,6.0,1165.0,134.0,1
15.0,1932.0,45.0,159.0,6.0,1125.0,65.0,1
4.0,1573.0,18.0,135.0,4.0,420.0,57.0,1
5.0,2671.0,78.0,173.0,3.0,839.0,139.0,1
14.0,1428.0,173.0,60.0,5.0,420.0,98.0,1
13.0,323.0,216.0,79.0,1.0,415.0,271.0,1
15.0,2885.0,262.0,214.0,5.0,870.0,90.0,1
1.0,2.0,154.0,148.0,5.0,560.0,332.0,1
12.0,7034.0,172.0,253.0,1.0,497.0,238.0,1
11.0,6279.0,71.0,216.0,4.0,675.0,99.0,1
4.0,169.0,153.0,96.0,6.0,697.0,284.0,1
2.0,555.0,227.0,252.0,7.0,985.0,170.0,1
12.0,6822.0,231.0,253.0,3.0,845.0,69.0,1
8.0,468.0,16.0,45.0,1.0,1080.0,100.0,1
10.0,3924.0,279.0,208.0,7.0,1195.0,110.0,1
5.0,2880.0,253.0,16.0,4.0,720.0,279.0,1
15.0,812.0,45.0,228.0,7.0,465.0,70.0,1
0.0,3865.0,85.0,218.0,7.0,1195.0,94.0,1
1.0,1716.0,217.0,80.0,1.0,585.0,140.0,1
4.0,822.0,198.0,135.0,1.0,992.0,81.0,1
3.0,683.0,35.0,78.0,4.0,660.0,101.0,1
15.0,12.0,173.0,129.0,1.0,395.0,160.0,1
2.0,233.0,243.0,252.0,7.0,1025.0,170.0,1
11.0,6336.0,78.0,148.0,3.0,865.0,100.0,1
14.0,258.0,217.0,216.0,5.0,1425.0,254.0,1
10.0,4204.0,208.0,205.0,4.0,910.0,95.0,1
5.0,2093.0,197.0,264.0,3.0,705.0,237.0,1
16.0,2564.0,96.0,197.0,4.0,925.0,187.0,1
15.0,763.0,207.0,202.0,5.0,1005.0,75.0,1
5.0,2153.0,197.0,252.0,1.0,860.0,220.0,1
14.0,569.0,217.0,173.0,5.0,955.0,234.0,1
16.0,2141.0,238.0,58.0,4.0,405.0,79.0,1
2.0,69.0,151.0,149.0,4.0,1237.0,64.0,1
15.0,2544.0,173.0,233.0,6.0,725.0,95.0,1
14.0,1630.0,60.0,159.0,4.0,1095.0,115.0,1
5.0,2600.0,197.0,45.0,6.0,1140.0,147.0,1
15.0,628.0,153.0,236.0,4.0,1145.0,80.0,1
16.0,2545.0,12.0,58.0,3.0,1020.0,87.0,1
13.0,559.0,159.0,208.0,3.0,751.0,158.0,1
5.0,1163.0,96.0,85.0,3.0,420.0,128.0,1
15.0,694.0,262.0,243.0,4.0,415.0,85.0,1
5.0,2325.0,45.0,16.0,1.0,900.0,123.0,1
8.0,1468.0,173.0,175.0,7.0,1248.0,165.0,1
14.0,797.0,216.0,154.0,1.0,455.0,365.0,1
12.0,4517.0,261.0,217.0,1.0,599.0,101.0,1
17.0,2830.0,60.0,58.0,5.0,1329.0,95.0,1
15.0,1952.0,154.0,79.0,5.0,690.0,135.0,1
8.0,558.0,16.0,43.0,6.0,615.0,122.0,1
4.0,154.0,96.0,213.0,1.0,569.0,197.0,1
15.0,2885.0,262.0,214.0,3.0,870.0,90.0,1
4.0,420.0,264.0,135.0,4.0,777.0,188.0,1
7.0,322.0,184.0,78.0,4.0,871.0,108.0,1
1.0,85.0,148.0,253.0,5.0,930.0,400.0,1
15.0,3408.0,202.0,44.0,5.0,875.0,65.0,1
5.0,2314.0,16.0,22.0,6.0,1065.0,150.0,1
13.0,581.0,79.0,134.0,3.0,517.0,198.0,1
6.0,5092.0,16.0,101.0,7.0,1230.0,74.0,1
1.0,2349.0,208.0,80.0,5.0,1130.0,155.0,1
8.0,1438.0,173.0,197.0,1.0,706.0,209.0,1
13.0,683.0,159.0,208.0,5.0,838.0,158.0,1
4.0,1504.0,277.0,58.0,6.0,775.0,141.0,1
10.0,4190.0,61.0,208.0,1.0,670.0,85.0,1
8.0,755.0,45.0,132.0,4.0,630.0,110.0,1
6.0,5130.0,27.0,16.0,7.0,480.0,83.0,1
12.0,6590.0,91.0,79.0,6.0,451.0,116.0,1
10.0,3386.0,56.0,80.0,7.0,975.0,130.0,1
4.0,739.0,135.0,243.0,7.0,565.0,203.0,1
5.0,1423.0,268.0,16.0,6.0,750.0,100.0,1
10.0,3296.0,68.0,80.0,1.0,600.0,80.0,1
12.0,6903.0,251.0,208.0,6.0,931.0,89.0,1
12.0,6907.0,208.0,84.0,5.0,1080.0,74.0,1
10.0,4011.0,147.0,208.0,1.0,775.0,165.0,1
5.0,2155.0,16.0,154.0,6.0,1038.0,301.0,1
12.0,4707.0,236.0,261.0,4.0,1080.0,80.0,1
12.0,6997.0,184.0,208.0,4.0,360.0,44.0,1
5.0,1317.0,16.0,79.0,6.0,975.0,205.0,1
0.0,4242.0,85.0,152.0,7.0,739.0,44.0,1
1.0,855.0,104.0,80.0,1.0,820.0,195.0,1
0.0,3817.0,177.0,119.0,7.0,510.0,108.0,1
14.0,718.0,35.0,216.0,3.0,930.0,111.0,1
7.0,510.0,79.0,159.0,5.0,645.0,221.0,1
7.0,618.0,217.0,79.0,6.0,545.0,105.0,1
10.0,4014.0,208.0,139.0,4.0,610.0,60.0,1
13.0,376.0,208.0,216.0,6.0,364.0,125.0,1
1.0,644.0,80.0,60.0,6.0,915.0,140.0,1
13.0,420.0,208.0,238.0,4.0,1080.0,98.0,1
17.0,2945.0,134.0,60.0,6.0,505.0,98.0,1
8.0,920.0,16.0,172.0,7.0,1255.0,134.0,1
16.0,2433.0,135.0,155.0,4.0,685.0,89.0,1
8.0,657.0,16.0,244.0,4.0,620.0,165.0,1
4.0,1142.0,96.0,16.0,5.0,510.0,174.0,1
15.0,229.0,217.0,2.0,7.0,935.0,65.0,1
14.0,220.0,243.0,217.0,1.0,385.0,84.0,1
15.0,1884.0,153.0,217.0,1.0,755.0,70.0,1
6.0,5060.0,132.0,16.0,7.0,927.0,56.0,1
12.0,6638.0,235.0,79.0,7.0,460.0,85.0,1
12.0,6860.0,79.0,2.0,7.0,490.0,73.0,1
1.0,1158.0,243.0,80.0,5.0,650.0,170.0,1
12.0,6476.0,252.0,154.0,4.0,927.0,149.0,1
6.0,5549.0,16.0,19.0,4.0,1005.0,57.0,1
12.0,4471.0,135.0,197.0,5.0,630.0,168.0,1
8.0,131.0,16.0,277.0,5.0,1335.0,87.0,1
15.0,3146.0,262.0,264.0,6.0,1135.0,85.0,1
0.0,3726.0,84.0,85.0,3.0,617.0,113.0,1
14.0,1270.0,216.0,35.0,3.0,615.0,88.0,1
15.0,526.0,175.0,217.0,3.0,695.0,240.0,1
15.0,3230.0,45.0,147.0,1.0,780.0,130.0,1
15.0,2448.0,45.0,228.0,6.0,1105.0,70.0,1
0.0,3713.0,85.0,109.0,3.0,1170.0,61.0,1
14.0,1177.0,159.0,60.0,6.0,605.0,132.0,1
0.0,3662.0,56.0,197.0,1.0,1020.0,75.0,1
5.0,1128.0,209.0,16.0,4.0,1041.0,122.0,1
15.0,2480.0,202.0,207.0,6.0,540.0,75.0,1
2.0,326.0,252.0,258.0,5.0,775.0,127.0,1
10.0,3909.0,285.0,208.0,1.0,925.0,110.0,1
5.0,1609.0,197.0,79.0,6.0,860.0,123.0,1
2.0,529.0,44.0,252.0,5.0,660.0,159.0,1
15.0,288.0,172.0,75.0,3.0,815.0,90.0,1
1.0,1334.0,260.0,35.0,7.0,880.0,245.0,1
0.0,4184.0,177.0,221.0,3.0,1132.0,116.0,1
12.0,7008.0,252.0,214.0,4.0,510.0,48.0,1
5.0,1104.0,128.0,261.0,6.0,1335.0,372.0,1
15.0,2892.0,175.0,172.0,5.0,1025.0,90.0,1
15.0,1566.0,214.0,262.0,7.0,1055.0,85.0,1
14.0,204.0,153.0,217.0,5.0,595.0,72.0,1
6.0,5042.0,177.0,216.0,4.0,540.0,140.0,1
5.0,2381.0,16.0,241.0,7.0,657.0,102.0,1
15.0,2078.0,154.0,258.0,6.0,805.0,65.0,1
5.0,2530.0,46.0,197.0,4.0,360.0,138.0,1
14.0,1930.0,241.0,216.0,7.0,855.0,158.0,1
15.0,754.0,153.0,198.0,7.0,1095.0,195.0,1
7.0,269.0,264.0,79.0,4.0,1208.0,127.0,1
10.0,2755.0,32.0,80.0,3.0,925.0,135.0,1
2.0,191.0,14.0,98.0,4.0,1140.0,56.0,1
16.0,2167.0,135.0,280.0,7.0,583.0,153.0,1
17.0,1003.0,203.0,128.0,7.0,632.0,32.0,1
15.0,518.0,79.0,172.0,4.0,870.0,90.0,1
5.0,1983.0,16.0,223.0,4.0,740.0,70.0,1
4.0,299.0,135.0,79.0,7.0,1255.0,149.0,1
3.0,595.0,130.0,173.0,7.0,934.0,166.0,1
6.0,5512.0,27.0,16.0,4.0,600.0,57.0,1
4.0,173.0,154.0,128.0,5.0,985.0,345.0,1
12.0,6277.0,154.0,252.0,3.0,980.0,164.0,1
15.0,1618.0,75.0,268.0,1.0,845.0,100.0,1
8.0,764.0,16.0,213.0,1.0,615.0,112.0,1
13.0,833.0,34.0,79.0,3.0,445.0,110.0,1
10.0,3869.0,208.0,244.0,1.0,885.0,175.0,1
14.0,1850.0,213.0,60.0,4.0,1020.0,112.0,1
8.0,855.0,16.0,173.0,6.0,1175.0,90.0,1
1.0,1508.0,264.0,80.0,4.0,1110.0,160.0,1
4.0,154.0,96.0,213.0,7.0,569.0,187.0,1
5.0,183.0,148.0,252.0,5.0,450.0,380.0,1
7.0,720.0,79.0,78.0,7.0,990.0,193.0,1
12.0,6544.0,79.0,15.0,7.0,607.0,45.0,1
16.0,5983.0,134.0,47.0,4.0,491.0,85.0,1
10.0,2753.0,80.0,32.0,7.0,780.0,120.0,1
17.0,7244.0,208.0,229.0,1.0,825.0,127.0,1
6.0,5176.0,288.0,177.0,6.0,370.0,88.0,1
16.0,2518.0,96.0,205.0,1.0,809.0,195.0,1
3.0,509.0,96.0,104.0,1.0,929.0,183.0,1
1.0,593.0,208.0,217.0,6.0,965.0,235.0,1
15.0,1982.0,75.0,170.0,7.0,770.0,70.0,1
14.0,221.0,217.0,35.0,6.0,805.0,287.0,1
12.0,6326.0,253.0,24.0,6.0,1097.0,68.0,1
5.0,150.0,16.0,134.0,6.0,590.0,118.0,1
6.0,7114.0,134.0,148.0,4.0,1020.0,96.0,1
10.0,3918.0,208.0,76.0,6.0,1070.0,70.0,1
4.0,220.0,135.0,217.0,7.0,540.0,174.0,1
13.0,472.0,262.0,208.0,1.0,376.0,245.0,1
14.0,1950.0,60.0,43.0,5.0,1205.0,106.0,1
15.0,1163.0,204.0,79.0,1.0,1080.0,100.0,1
0.0,4034.0,43.0,85.0,3.0,925.0,75.0,1
11.0,6771.0,85.0,273.0,4.0,460.0,87.0,1
0.0,3961.0,238.0,16.0,3.0,741.0,136.0,1
14.0,2158.0,78.0,159.0,3.0,360.0,60.0,1
9.0,107.0,150.0,128.0,6.0,373.0,42.0,1
1.0,1181.0,78.0,183.0,3.0,1010.0,170.0,1
6.0,5315.0,47.0,16.0,1.0,1075.0,78.0,1
12.0,7762.0,261.0,89.0,5.0,1304.0,72.0,1
12.0,6401.0,93.0,253.0,4.0,385.0,96.0,1
4.0,1016.0,241.0,58.0,3.0,760.0,148.0,1
14.0,1274.0,216.0,139.0,7.0,610.0,137.0,1
13.0,408.0,79.0,173.0,7.0,1056.0,212.0,1
12.0,6279.0,253.0,264.0,3.0,907.0,85.0,1
1.0,1335.0,78.0,80.0,4.0,440.0,215.0,1
12.0,6473.0,140.0,154.0,7.0,870.0,65.0,1
10.0,2786.0,116.0,80.0,3.0,415.0,110.0,1
2.0,658.0,258.0,18.0,3.0,535.0,199.0,1
15.0,1669.0,155.0,2.0,1.0,450.0,65.0,1
4.0,1889.0,135.0,262.0,1.0,900.0,254.0,1
11.0,6761.0,71.0,135.0,1.0,825.0,172.0,1
4.0,326.0,135.0,45.0,5.0,770.0,167.0,1
14.0,1762.0,197.0,216.0,6.0,780.0,150.0,1
16.0,5997.0,56.0,208.0,7.0,819.0,65.0,1
15.0,467.0,153.0,204.0,7.0,1150.0,140.0,1
4.0,687.0,173.0,135.0,6.0,890.0,147.0,1
0.0,4159.0,85.0,69.0,1.0,610.0,80.0,1
10.0,2948.0,80.0,156.0,7.0,660.0,70.0,1
5.0,1831.0,261.0,173.0,7.0,605.0,257.0,1
15.0,1133.0,170.0,75.0,7.0,640.0,70.0,1
13.0,845.0,243.0,208.0,1.0,686.0,234.0,1
14.0,1521.0,60.0,79.0,6.0,465.0,225.0,1
4.0,763.0,135.0,198.0,4.0,1000.0,67.0,1
13.0,446.0,172.0,208.0,3.0,816.0,90.0,1
15.0,11.0,75.0,129.0,1.0,570.0,60.0,1
5.0,1129.0,16.0,209.0,4.0,1307.0,98.0,1
16.0,2268.0,135.0,213.0,4.0,655.0,148.0,1
15.0,683.0,173.0,104.0,4.0,680.0,60.0,1
1.0,1019.0,60.0,80.0,5.0,400.0,185.0,1
4.0,1111.0,96.0,35.0,3.0,615.0,63.0,1
1.0,1158.0,243.0,80.0,1.0,650.0,170.0,1
3.0,32.0,148.0,238.0,7.0,805.0,77.0,1
2.0,875.0,252.0,161.0,4.0,1005.0,373.0,1
12.0,6742.0,15.0,79.0,6.0,498.0,55.0,1
5.0,1324.0,16.0,234.0,1.0,585.0,103.0,1
15.0,783.0,217.0,91.0,7.0,1205.0,65.0,1
1.0,1310.0,80.0,134.0,1.0,420.0,160.0,1
5.0,1918.0,197.0,22.0,3.0,840.0,157.0,1
12.0,4608.0,80.0,261.0,7.0,760.0,168.0,1
15.0,1153.0,207.0,153.0,3.0,935.0,55.0,1
5.0,2296.0,197.0,159.0,7.0,1035.0,168.0,1
16.0,2221.0,96.0,177.0,5.0,720.0,177.0,1
5.0,2530.0,197.0,35.0,4.0,600.0,162.0,1
7.0,282.0,79.0,268.0,4.0,1140.0,119.0,1
1.0,2320.0,80.0,208.0,3.0,345.0,140.0,1
12.0,6670.0,248.0,253.0,3.0,413.0,65.0,1
5.0,1829.0,119.0,85.0,4.0,400.0,70.0,1
5.0,1834.0,16.0,172.0,1.0,880.0,134.0,1
12.0,4551.0,232.0,261.0,4.0,385.0,101.0,1
15.0,2655.0,153.0,44.0,5.0,490.0,65.0,1
14.0,1605.0,35.0,216.0,3.0,810.0,104.0,1
4.0,1787.0,135.0,80.0,3.0,955.0,70.0,1
15.0,5.0,75.0,129.0,3.0,480.0,60.0,1
10.0,4675.0,78.0,233.0,3.0,525.0,65.0,1
16.0,2392.0,132.0,135.0,1.0,390.0,119.0,1
15.0,1535.0,207.0,262.0,6.0,915.0,80.0,1
12.0,3062.0,184.0,268.0,3.0,778.0,74.0,1
16.0,2820.0,131.0,135.0,3.0,780.0,74.0,1
3.0,331.0,22.0,173.0,5.0,522.0,178.0,1
7.0,428.0,79.0,16.0,7.0,800.0,168.0,1
16.0,2128.0,58.0,35.0,4.0,460.0,95.0,1
5.0,2865.0,43.0,16.0,4.0,370.0,154.0,1
15.0,2623.0,159.0,45.0,6.0,445.0,70.0,1
3.0,118.0,198.0,148.0,7.0,610.0,164.0,1
17.0,2823.0,217.0,280.0,1.0,790.0,56.0,1
15.0,3949.0,104.0,33.0,3.0,580.0,145.0,1
12.0,6490.0,154.0,236.0,5.0,780.0,85.0,1
3.0,3.0,43.0,148.0,5.0,1093.0,94.0,1
12.0,4851.0,61.0,197.0,3.0,1150.0,116.0,1
5.0,1820.0,154.0,177.0,6.0,100.0,216.0,1
5.0,2792.0,243.0,16.0,3.0,825.0,250.0,1
4.0,216.0,96.0,198.0,5.0,1200.0,214.0,1
12.0,6429.0,253.0,153.0,5.0,511.0,94.0,1
5.0,1009.0,197.0,16.0,3.0,550.0,154.0,1
1.0,298.0,128.0,154.0,3.0,1335.0,305.0,1
15.0,137.0,244.0,129.0,4.0,395.0,50.0,1
3.0,417.0,35.0,213.0,3.0,1245.0,191.0,1
16.0,5976.0,157.0,208.0,4.0,1127.0,89.0,1
5.0,1431.0,78.0,177.0,4.0,695.0,150.0,1
5.0,2298.0,267.0,16.0,5.0,420.0,105.0,1
1.0,556.0,208.0,104.0,6.0,1150.0,175.0,1
11.0,6477.0,71.0,290.0,4.0,915.0,122.0,1
16.0,5904.0,208.0,42.0,3.0,540.0,120.0,1
14.0,1509.0,241.0,60.0,3.0,510.0,111.0,1
8.0,891.0,184.0,154.0,7.0,1259.0,275.0,1
11.0,6350.0,84.0,197.0,4.0,1020.0,66.0,1
11.0,6321.0,238.0,148.0,3.0,660.0,87.0,1
15.0,678.0,243.0,153.0,3.0,705.0,70.0,1
1.0,1720.0,80.0,134.0,6.0,910.0,160.0,1
14.0,2138.0,159.0,35.0,5.0,1080.0,75.0,1
15.0,168.0,18.0,258.0,1.0,475.0,235.0,1
17.0,7250.0,54.0,208.0,1.0,1061.0,142.0,1
15.0,1499.0,279.0,129.0,5.0,740.0,95.0,1
14.0,1107.0,60.0,80.0,3.0,1210.0,174.0,1
14.0,1853.0,216.0,45.0,3.0,1235.0,49.0,1
5.0,1094.0,16.0,197.0,4.0,1135.0,165.0,1
6.0,5477.0,177.0,146.0,7.0,1170.0,58.0,1
13.0,643.0,208.0,214.0,7.0,910.0,280.0,1
15.0,783.0,264.0,217.0,1.0,1045.0,75.0,1
9.0,122.0,128.0,143.0,1.0,462.0,50.0,1
15.0,1256.0,202.0,44.0,3.0,1215.0,65.0,1
8.0,783.0,215.0,159.0,1.0,484.0,80.0,1
6.0,5466.0,16.0,180.0,5.0,1245.0,62.0,1
5.0,1150.0,128.0,154.0,1.0,480.0,328.0,1
10.0,3994.0,240.0,208.0,7.0,795.0,75.0,1
1.0,1294.0,135.0,183.0,6.0,1075.0,140.0,1
12.0,7771.0,261.0,255.0,5.0,590.0,86.0,1
15.0,831.0,216.0,175.0,4.0,380.0,135.0,1
3.0,1783.0,148.0,173.0,3.0,830.0,176.0,1
1.0,1030.0,198.0,80.0,1.0,835.0,100.0,1
6.0,5196.0,85.0,205.0,4.0,520.0,125.0,1
10.0,4068.0,208.0,195.0,3.0,1270.0,50.0,1
15.0,3832.0,45.0,22.0,4.0,490.0,70.0,1
10.0,4327.0,281.0,193.0,4.0,1255.0,45.0,1
15.0,2044.0,268.0,35.0,6.0,945.0,155.0,1
6.0,7088.0,134.0,237.0,7.0,1123.0,60.0,1
14.0,156.0,217.0,268.0,1.0,790.0,173.0,1
11.0,6450.0,71.0,174.0,1.0,665.0,80.0,1
15.0,738.0,79.0,252.0,7.0,1230.0,190.0,1
1.0,1283.0,183.0,208.0,5.0,1160.0,195.0,1
5.0,1578.0,16.0,134.0,4.0,910.0,112.0,1
15.0,1663.0,277.0,216.0,5.0,445.0,150.0,1
12.0,4537.0,217.0,261.0,1.0,740.0,97.0,1
14.0,1567.0,134.0,60.0,5.0,420.0,87.0,1
1.0,712.0,80.0,159.0,7.0,605.0,195.0,1
5.0,2314.0,16.0,22.0,4.0,1065.0,150.0,1
8.0,654.0,244.0,16.0,5.0,760.0,131.0,1
2.0,620.0,214.0,153.0,7.0,1055.0,128.0,1
16.0,2072.0,234.0,135.0,1.0,375.0,199.0,1
11.0,6399.0,16.0,132.0,7.0,1130.0,69.0,1
13.0,497.0,208.0,135.0,3.0,1081.0,164.0,1
8.0,341.0,216.0,16.0,7.0,1115.0,142.0,1
4.0,618.0,96.0,277.0,3.0,420.0,179.0,1
14.0,867.0,273.0,216.0,3.0,445.0,84.0,1
2.0,317.0,227.0,253.0,7.0,1050.0,91.0,1
10.0,3682.0,183.0,177.0,7.0,1240.0,155.0,1
1.0,1896.0,80.0,251.0,7.0,1160.0,115.0,1
16.0,2736.0,135.0,285.0,5.0,604.0,118.0,1
15.0,921.0,45.0,241.0,3.0,1145.0,165.0,1
1.0,1845.0,183.0,260.0,7.0,720.0,145.0,1
3.0,219.0,148.0,60.0,5.0,490.0,121.0,1
2.0,689.0,258.0,214.0,4.0,640.0,110.0,1
12.0,4743.0,58.0,197.0,1.0,400.0,135.0,1
10.0,2711.0,80.0,47.0,1.0,450.0,130.0,1
12.0,6541.0,29.0,79.0,7.0,791.0,102.0,1
14.0,88.0,16.0,217.0,5.0,465.0,269.0,1
7.0,268.0,79.0,264.0,1.0,1085.0,143.0,1
12.0,6923.0,6.0,253.0,3.0,1240.0,78.0,1
5.0,2983.0,85.0,195.0,7.0,1200.0,85.0,1
13.0,907.0,208.0,253.0,3.0,1025.0,292.0,1
4.0,787.0,96.0,264.0,5.0,1020.0,375.0,1
1.0,1465.0,208.0,241.0,4.0,665.0,170.0,1
3.0,17.0,148.0,104.0,3.0,650.0,183.0,1
16.0,2564.0,96.0,197.0,1.0,925.0,187.0,1
16.0,2176.0,135.0,2.0,5.0,565.0,134.0,1
5.0,1198.0,241.0,85.0,4.0,500.0,174.0,1
17.0,7261.0,244.0,134.0,6.0,996.0,190.0,1
15.0,6.0,68.0,129.0,3.0,375.0,50.0,1
10.0,2796.0,119.0,80.0,3.0,350.0,175.0,1
10.0,4146.0,148.0,61.0,7.0,895.0,125.0,1
14.0,1041.0,269.0,60.0,6.0,1060.0,229.0,1
6.0,5310.0,11.0,16.0,5.0,813.0,67.0,1
10.0,4139.0,208.0,234.0,5.0,650.0,115.0,1
17.0,2818.0,217.0,84.0,4.0,1190.0,179.0,1
12.0,6719.0,196.0,79.0,1.0,1007.0,119.0,1
15.0,1999.0,33.0,147.0,5.0,695.0,85.0,1
5.0,1623.0,35.0,85.0,3.0,1108.0,147.0,1
4.0,383.0,35.0,135.0,4.0,994.0,267.0,1
5.0,2534.0,213.0,159.0,4.0,947.0,171.0,1
15.0,43.0,129.0,198.0,4.0,1110.0,60.0,1
15.0,1570.0,104.0,153.0,6.0,470.0,340.0,1
14.0,1455.0,277.0,60.0,4.0,420.0,100.0,1
2.0,458.0,252.0,154.0,4.0,540.0,154.0,1
3.0,1007.0,35.0,148.0,1.0,552.0,70.0,1
5.0,1139.0,16.0,27.0,4.0,1245.0,54.0,1
16.0,3000.0,135.0,41.0,5.0,640.0,61.0,1
12.0,4624.0,100.0,261.0,4.0,385.0,104.0,1
0.0,3808.0,32.0,85.0,3.0,395.0,87.0,1
3.0,595.0,130.0,173.0,3.0,934.0,166.0,1
14.0,1940.0,60.0,12.0,7.0,1335.0,112.0,1
3.0,1293.0,35.0,221.0,4.0,982.0,106.0,1
16.0,3066.0,234.0,96.0,1.0,360.0,69.0,1
5.0,1862.0,85.0,216.0,3.0,835.0,99.0,1
5.0,1695.0,43.0,16.0,4.0,711.0,139.0,1
16.0,2996.0,135.0,162.0,7.0,635.0,73.0,1
7.0,720.0,79.0,78.0,6.0,990.0,193.0,1
8.0,521.0,45.0,277.0,7.0,566.0,148.0,1
6.0,5151.0,278.0,16.0,3.0,870.0,76.0,1
1.0,2307.0,208.0,80.0,7.0,545.0,155.0,1
15.0,1466.0,27.0,277.0,5.0,1055.0,80.0,1
12.0,4504.0,261.0,28.0,5.0,1027.0,82.0,1
12.0,6233.0,154.0,214.0,5.0,1070.0,141.0,1
6.0,5121.0,12.0,16.0,4.0,1060.0,168.0,1
16.0,3096.0,135.0,61.0,4.0,455.0,144.0,1
12.0,7010.0,184.0,208.0,7.0,782.0,50.0,1
1.0,1686.0,208.0,233.0,1.0,455.0,110.0,1
5.0,1687.0,197.0,243.0,4.0,550.0,233.0,1
0.0,4081.0,148.0,233.0,7.0,565.0,130.0,1
16.0,2783.0,285.0,135.0,1.0,363.0,142.0,1
5.0,2427.0,16.0,104.0,5.0,1215.0,111.0,1
1.0,409.0,172.0,80.0,7.0,1155.0,100.0,1
15.0,1228.0,202.0,154.0,3.0,680.0,70.0,1
4.0,278.0,244.0,135.0,5.0,345.0,54.0,1
3.0,472.0,258.0,35.0,3.0,1260.0,319.0,1
12.0,4785.0,251.0,197.0,4.0,800.0,125.0,1
12.0,6694.0,253.0,6.0,4.0,1360.0,79.0,1
15.0,2835.0,268.0,45.0,6.0,820.0,115.0,1
11.0,6363.0,134.0,71.0,4.0,675.0,104.0,1
14.0,1670.0,60.0,228.0,1.0,975.0,110.0,1
15.0,2097.0,214.0,202.0,5.0,500.0,100.0,1
7.0,374.0,79.0,184.0,4.0,905.0,132.0,1
10.0,4020.0,238.0,208.0,1.0,740.0,125.0,1
15.0,490.0,175.0,129.0,5.0,1025.0,170.0,1
1.0,2402.0,18.0,208.0,6.0,1045.0,165.0,1
14.0,1212.0,213.0,78.0,6.0,430.0,136.0,1
14.0,796.0,154.0,216.0,3.0,670.0,305.0,1
7.0,326.0,184.0,35.0,3.0,470.0,133.0,1
0.0,3781.0,16.0,136.0,3.0,522.0,160.0,1
15.0,815.0,172.0,268.0,5.0,440.0,65.0,1
5.0,423.0,16.0,260.0,1.0,655.0,211.0,1
5.0,566.0,16.0,209.0,6.0,748.0,95.0,1
9.0,117.0,150.0,128.0,3.0,523.0,42.0,1
5.0,1133.0,16.0,71.0,6.0,1130.0,90.0,1
16.0,2319.0,96.0,182.0,4.0,860.0,69.0,1
15.0,681.0,45.0,33.0,4.0,1110.0,125.0,1
10.0,4080.0,208.0,99.0,7.0,575.0,120.0,1
4.0,93.0,253.0,135.0,6.0,740.0,225.0,1
15.0,2619.0,258.0,153.0,5.0,685.0,80.0,1
4.0,1511.0,135.0,264.0,1.0,1050.0,222.0,1
0.0,3955.0,155.0,177.0,4.0,355.0,119.0,1
14.0,489.0,60.0,79.0,5.0,1095.0,235.0,1
2.0,152.0,211.0,14.0,4.0,895.0,86.0,1
15.0,3034.0,261.0,202.0,6.0,565.0,130.0,1
9.0,362.0,128.0,143.0,4.0,1100.0,51.0,1
16.0,2459.0,60.0,135.0,1.0,755.0,170.0,1
15.0,2032.0,253.0,264.0,5.0,770.0,85.0,1
1.0,1482.0,183.0,35.0,4.0,610.0,185.0,1
5.0,1590.0,16.0,245.0,6.0,815.0,63.0,1
16.0,2088.0,170.0,135.0,5.0,651.0,84.0,1
1.0,510.0,217.0,208.0,4.0,860.0,210.0,1
1.0,185.0,148.0,154.0,5.0,1260.0,380.0,1
12.0,7766.0,220.0,261.0,4.0,1095.0,53.0,1
15.0,2850.0,202.0,264.0,6.0,1005.0,80.0,1
1.0,1264.0,80.0,18.0,4.0,685.0,55.0,1
15.0,598.0,202.0,153.0,1.0,865.0,85.0,1
5.0,2416.0,153.0,85.0,5.0,857.0,236.0,1
11.0,6629.0,85.0,134.0,1.0,450.0,98.0,1
8.0,642.0,16.0,184.0,5.0,625.0,128.0,1
1.0,2031.0,80.0,153.0,1.0,920.0,175.0,1
15.0,1127.0,18.0,75.0,5.0,390.0,55.0,1
12.0,6337.0,114.0,79.0,4.0,783.0,57.0,1
15.0,1520.0,204.0,45.0,6.0,770.0,165.0,1
15.0,1325.0,146.0,175.0,5.0,740.0,120.0,1
13.0,973.0,208.0,253.0,6.0,900.0,267.0,1
5.0,1922.0,184.0,85.0,7.0,410.0,75.0,1
12.0,4780.0,261.0,122.0,6.0,1207.0,85.0,1
0.0,3652.0,16.0,273.0,4.0,595.0,138.0,1
5.0,2480.0,252.0,85.0,1.0,360.0,253.0,1
15.0,1074.0,221.0,153.0,6.0,540.0,310.0,1
15.0,782.0,175.0,134.0,5.0,840.0,110.0,1
5.0,1640.0,16.0,85.0,1.0,595.0,127.0,1
4.0,360.0,96.0,244.0,6.0,569.0,271.0,1
5.0,142.0,253.0,85.0,5.0,547.0,273.0,1
5.0,1303.0,85.0,104.0,7.0,450.0,192.0,1
1.0,488.0,252.0,80.0,5.0,370.0,230.0,1
14.0,1840.0,60.0,221.0,5.0,1090.0,89.0,1
6.0,5075.0,16.0,135.0,3.0,548.0,142.0,1
16.0,2366.0,71.0,96.0,4.0,795.0,123.0,1
15.0,809.0,216.0,233.0,1.0,450.0,90.0,1
10.0,3649.0,183.0,71.0,3.0,680.0,160.0,1
1.0,1199.0,173.0,80.0,5.0,1175.0,175.0,1
4.0,1407.0,135.0,258.0,1.0,550.0,258.0,1
16.0,2538.0,18.0,135.0,4.0,450.0,56.0,1
15.0,1209.0,79.0,214.0,6.0,570.0,175.0,1
1.0,455.0,208.0,154.0,4.0,905.0,265.0,1
14.0,1434.0,60.0,45.0,4.0,585.0,86.0,1
5.0,1894.0,60.0,16.0,5.0,1090.0,88.0,1
15.0,1385.0,44.0,153.0,7.0,770.0,60.0,1
4.0,223.0,252.0,135.0,5.0,375.0,245.0,1
16.0,2025.0,135.0,2.0,3.0,880.0,131.0,1
16.0,2274.0,135.0,172.0,1.0,880.0,115.0,1
10.0,3869.0,208.0,244.0,3.0,885.0,175.0,1
4.0,449.0,253.0,96.0,6.0,700.0,320.0,1
15.0,1400.0,175.0,12.0,4.0,605.0,110.0,1
16.0,5983.0,134.0,33.0,1.0,507.0,118.0,1
4.0,558.0,135.0,78.0,4.0,975.0,169.0,1
1.0,1086.0,80.0,132.0,4.0,1175.0,95.0,1
12.0,4616.0,197.0,58.0,3.0,915.0,115.0,1
13.0,496.0,253.0,217.0,4.0,1259.0,120.0,1
15.0,2200.0,35.0,216.0,3.0,610.0,100.0,1
12.0,6596.0,179.0,253.0,5.0,925.0,100.0,1
12.0,7010.0,208.0,18.0,4.0,929.0,165.0,1
16.0,2848.0,147.0,96.0,1.0,1090.0,139.0,1
15.0,1410.0,170.0,75.0,6.0,415.0,70.0,1
9.0,146.0,128.0,203.0,6.0,520.0,37.0,1
15.0,700.0,44.0,258.0,7.0,1185.0,65.0,1
1.0,263.0,134.0,154.0,1.0,865.0,350.0,1
12.0,4535.0,214.0,261.0,3.0,1092.0,108.0,1
5.0,314.0,16.0,261.0,6.0,845.0,255.0,1
14.0,285.0,217.0,258.0,4.0,1265.0,118.0,1
15.0,2044.0,264.0,79.0,6.0,515.0,140.0,1
6.0,5514.0,176.0,16.0,6.0,860.0,78.0,1
14.0,739.0,216.0,221.0,7.0,940.0,72.0,1
15.0,1109.0,153.0,214.0,3.0,995.0,140.0,1
5.0,1542.0,252.0,148.0,3.0,395.0,320.0,1
15.0,693.0,217.0,202.0,5.0,790.0,125.0,1
8.0,962.0,35.0,48.0,3.0,1199.0,109.0,1
5.0,2046.0,217.0,16.0,5.0,998.0,212.0,1
10.0,4227.0,84.0,208.0,7.0,675.0,80.0,1
1.0,1268.0,183.0,78.0,6.0,720.0,140.0,1
1.0,419.0,35.0,80.0,7.0,385.0,270.0,1
12.0,6665.0,79.0,93.0,7.0,1110.0,171.0,1
13.0,269.0,234.0,208.0,5.0,1011.0,135.0,1
17.0,2980.0,264.0,217.0,1.0,625.0,75.0,1
11.0,6599.0,268.0,71.0,5.0,960.0,72.0,1
13.0,164.0,208.0,173.0,3.0,457.0,162.0,1
0.0,3850.0,106.0,85.0,5.0,360.0,48.0,1
4.0,246.0,135.0,208.0,5.0,960.0,156.0,1
4.0,1704.0,135.0,204.0,5.0,1265.0,81.0,1
10.0,3377.0,283.0,80.0,7.0,1015.0,60.0,1
2.0,871.0,128.0,14.0,5.0,1325.0,356.0,1
1.0,517.0,80.0,258.0,4.0,450.0,230.0,1
15.0,1932.0,258.0,236.0,6.0,465.0,55.0,1
6.0,5331.0,58.0,177.0,4.0,705.0,124.0,1
14.0,1277.0,139.0,216.0,5.0,785.0,104.0,1
12.0,4685.0,230.0,197.0,5.0,600.0,90.0,1
6.0,5201.0,16.0,12.0,5.0,890.0,137.0,1
15.0,3405.0,153.0,207.0,4.0,860.0,55.0,1
12.0,4871.0,29.0,261.0,6.0,400.0,121.0,1
12.0,6754.0,65.0,79.0,6.0,381.0,49.0,1
15.0,732.0,277.0,43.0,1.0,865.0,160.0,1
8.0,896.0,139.0,159.0,4.0,962.0,117.0,1
15.0,658.0,258.0,264.0,6.0,650.0,75.0,1
8.0,122.0,277.0,16.0,1.0,931.0,95.0,1
17.0,2878.0,280.0,217.0,5.0,685.0,51.0,1
14.0,460.0,217.0,139.0,3.0,595.0,207.0,1
14.0,149.0,217.0,61.0,6.0,599.0,226.0,1
14.0,1532.0,252.0,60.0,4.0,1340.0,280.0,1
9.0,19.0,262.0,128.0,4.0,565.0,340.0,1
11.0,6342.0,290.0,16.0,3.0,966.0,113.0,1
3.0,615.0,148.0,147.0,3.0,830.0,160.0,1
13.0,38.0,208.0,197.0,1.0,360.0,94.0,1
0.0,3768.0,90.0,85.0,5.0,515.0,98.0,1
0.0,3650.0,279.0,16.0,3.0,750.0,112.0,1
0.0,3865.0,85.0,218.0,3.0,1195.0,94.0,1
15.0,120.0,85.0,175.0,3.0,1150.0,80.0,1
5.0,1237.0,234.0,16.0,6.0,890.0,110.0,1
1.0,1619.0,147.0,80.0,5.0,645.0,175.0,1
11.0,6450.0,71.0,174.0,3.0,665.0,80.0,1
15.0,460.0,221.0,45.0,3.0,1000.0,70.0,1
10.0,3378.0,116.0,80.0,7.0,655.0,110.0,1
10.0,2830.0,223.0,80.0,3.0,385.0,125.0,1
14.0,758.0,208.0,216.0,5.0,710.0,115.0,1
8.0,1420.0,139.0,277.0,1.0,667.0,137.0,1
12.0,6601.0,253.0,194.0,4.0,1355.0,43.0,1
12.0,4815.0,252.0,261.0,7.0,690.0,117.0,1
12.0,6408.0,93.0,253.0,3.0,901.0,87.0,1
15.0,1099.0,172.0,268.0,5.0,990.0,55.0,1
1.0,1332.0,80.0,16.0,5.0,1230.0,115.0,1
1.0,815.0,18.0,80.0,3.0,785.0,65.0,1
4.0,1421.0,58.0,79.0,6.0,540.0,195.0,1
5.0,1510.0,85.0,35.0,5.0,1060.0,119.0,1
1.0,1389.0,33.0,80.0,7.0,585.0,130.0,1
13.0,733.0,79.0,253.0,7.0,815.0,163.0,1
14.0,11.0,208.0,60.0,4.0,570.0,108.0,1
15.0,3484.0,262.0,243.0,7.0,1270.0,80.0,1
13.0,234.0,205.0,208.0,4.0,360.0,96.0,1
13.0,184.0,253.0,216.0,4.0,550.0,335.0,1
15.0,2038.0,61.0,45.0,1.0,960.0,70.0,1
0.0,3742.0,209.0,148.0,1.0,820.0,105.0,1
8.0,145.0,85.0,16.0,1.0,1015.0,123.0,1
10.0,4350.0,208.0,21.0,6.0,1125.0,55.0,1
2.0,371.0,262.0,252.0,5.0,420.0,112.0,1
5.0,150.0,16.0,134.0,4.0,590.0,118.0,1
16.0,3074.0,96.0,228.0,3.0,515.0,74.0,1
17.0,1011.0,150.0,128.0,5.0,505.0,40.0,1
2.0,866.0,150.0,252.0,3.0,840.0,337.0,1
8.0,27.0,175.0,16.0,4.0,711.0,109.0,1
10.0,4187.0,84.0,208.0,7.0,390.0,85.0,1
16.0,2374.0,75.0,135.0,4.0,780.0,65.0,1
12.0,6947.0,214.0,252.0,7.0,697.0,54.0,1
15.0,396.0,202.0,44.0,3.0,450.0,65.0,1
10.0,3260.0,76.0,80.0,4.0,765.0,170.0,1
1.0,643.0,183.0,208.0,4.0,455.0,200.0,1
10.0,3772.0,208.0,261.0,4.0,505.0,215.0,1
14.0,638.0,217.0,207.0,3.0,890.0,74.0,1
15.0,841.0,75.0,279.0,6.0,810.0,55.0,1
5.0,2127.0,16.0,104.0,3.0,450.0,110.0,1
17.0,7265.0,221.0,208.0,5.0,821.0,93.0,1
14.0,1103.0,60.0,80.0,6.0,785.0,169.0,1
3.0,83.0,148.0,252.0,7.0,795.0,374.0,1
0.0,3752.0,3.0,197.0,7.0,410.0,76.0,1
15.0,2117.0,277.0,182.0,3.0,625.0,175.0,1
6.0,7124.0,134.0,238.0,4.0,1330.0,73.0,1
10.0,3752.0,208.0,58.0,4.0,1285.0,75.0,1
8.0,649.0,119.0,45.0,5.0,365.0,95.0,1
10.0,3156.0,154.0,242.0,6.0,600.0,120.0,1
15.0,501.0,153.0,175.0,4.0,650.0,220.0,1
8.0,1271.0,173.0,76.0,4.0,1246.0,133.0,1
14.0,1467.0,216.0,16.0,6.0,700.0,142.0,1
5.0,2122.0,85.0,35.0,3.0,455.0,127.0,1
1.0,1789.0,136.0,80.0,5.0,400.0,85.0,1
15.0,1891.0,264.0,253.0,6.0,960.0,80.0,1
1.0,1873.0,173.0,183.0,3.0,1220.0,65.0,1
0.0,4259.0,222.0,85.0,6.0,375.0,95.0,1
1.0,4.0,154.0,148.0,3.0,745.0,335.0,1
15.0,3109.0,217.0,153.0,6.0,1210.0,65.0,1
10.0,3951.0,208.0,254.0,3.0,1235.0,100.0,1
1.0,1099.0,80.0,2.0,7.0,615.0,115.0,1
12.0,4623.0,262.0,261.0,3.0,615.0,98.0,1
15.0,3056.0,182.0,45.0,7.0,1140.0,95.0,1
16.0,2473.0,182.0,96.0,3.0,960.0,87.0,1
5.0,2102.0,153.0,16.0,3.0,1410.0,224.0,1
13.0,339.0,35.0,79.0,1.0,456.0,283.0,1
5.0,2602.0,198.0,16.0,5.0,900.0,92.0,1
5.0,2120.0,208.0,85.0,6.0,420.0,90.0,1
7.0,373.0,184.0,79.0,5.0,1139.0,153.0,1
8.0,185.0,78.0,16.0,4.0,1136.0,126.0,1
15.0,3927.0,217.0,175.0,6.0,560.0,205.0,1
16.0,2104.0,68.0,135.0,1.0,495.0,65.0,1
15.0,2288.0,236.0,243.0,6.0,910.0,85.0,1
15.0,2615.0,45.0,18.0,6.0,605.0,235.0,1
6.0,5066.0,288.0,16.0,4.0,551.0,74.0,1
10.0,4298.0,208.0,187.0,7.0,570.0,55.0,1
16.0,2825.0,96.0,33.0,5.0,1095.0,157.0,1
1.0,2483.0,80.0,154.0,5.0,1245.0,200.0,1
16.0,2246.0,135.0,16.0,6.0,482.0,113.0,1
5.0,302.0,16.0,215.0,3.0,1290.0,96.0,1
4.0,481.0,58.0,153.0,1.0,525.0,269.0,1
10.0,4237.0,208.0,195.0,3.0,1065.0,55.0,1
15.0,1426.0,75.0,155.0,4.0,495.0,65.0,1
15.0,3658.0,44.0,217.0,1.0,930.0,85.0,1
6.0,5212.0,177.0,87.0,4.0,570.0,87.0,1
6.0,5310.0,16.0,11.0,1.0,735.0,51.0,1
8.0,1283.0,277.0,106.0,4.0,723.0,161.0,1
15.0,380.0,253.0,79.0,1.0,370.0,155.0,1
10.0,3073.0,154.0,243.0,6.0,1120.0,45.0,1
5.0,1496.0,197.0,159.0,6.0,780.0,168.0,1
0.0,4185.0,221.0,177.0,4.0,430.0,143.0,1
14.0,1592.0,16.0,216.0,1.0,390.0,115.0,1
1.0,1083.0,134.0,80.0,1.0,390.0,210.0,1
6.0,5136.0,101.0,16.0,7.0,420.0,97.0,1
15.0,1762.0,79.0,85.0,5.0,620.0,170.0,1
10.0,3908.0,69.0,208.0,7.0,360.0,105.0,1
13.0,562.0,253.0,214.0,3.0,635.0,116.0,1
10.0,4249.0,22.0,208.0,5.0,960.0,165.0,1
16.0,2144.0,96.0,238.0,1.0,1020.0,84.0,1
2.0,641.0,217.0,252.0,7.0,420.0,188.0,1
15.0,2968.0,243.0,202.0,5.0,1165.0,85.0,1
14.0,1297.0,60.0,260.0,1.0,590.0,209.0,1
1.0,530.0,80.0,277.0,5.0,1260.0,130.0,1
5.0,1816.0,79.0,16.0,6.0,633.0,172.0,1
15.0,661.0,217.0,79.0,5.0,410.0,110.0,1
0.0,3993.0,197.0,112.0,5.0,1180.0,74.0,1
16.0,2812.0,13.0,135.0,6.0,808.0,94.0,1
16.0,5932.0,208.0,42.0,1.0,1020.0,120.0,1
3.0,264.0,160.0,262.0,7.0,1025.0,81.0,1
0.0,3667.0,85.0,106.0,7.0,910.0,47.0,1
7.0,825.0,79.0,172.0,1.0,635.0,95.0,1
13.0,819.0,96.0,208.0,7.0,432.0,152.0,1
16.0,2710.0,78.0,96.0,7.0,1260.0,70.0,1
8.0,1625.0,216.0,173.0,7.0,500.0,169.0,1
5.0,2982.0,177.0,78.0,1.0,895.0,125.0,1
0.0,4389.0,82.0,197.0,1.0,410.0,60.0,1
13.0,77.0,253.0,128.0,7.0,990.0,344.0,1
15.0,868.0,205.0,153.0,1.0,965.0,185.0,1
13.0,176.0,208.0,134.0,5.0,964.0,117.0,1
15.0,132.0,154.0,217.0,4.0,1185.0,75.0,1
5.0,1669.0,16.0,173.0,6.0,1140.0,95.0,1
3.0,242.0,160.0,202.0,7.0,1257.0,75.0,1
6.0,5061.0,254.0,16.0,7.0,907.0,109.0,1
1.0,1406.0,205.0,80.0,1.0,360.0,125.0,1
4.0,697.0,135.0,153.0,1.0,885.0,207.0,1
9.0,6.0,128.0,153.0,5.0,490.0,345.0,1
17.0,2912.0,227.0,217.0,5.0,709.0,66.0,1
12.0,4721.0,261.0,160.0,6.0,1200.0,113.0,1
12.0,6945.0,204.0,79.0,3.0,1019.0,99.0,1
12.0,4512.0,261.0,253.0,7.0,1005.0,122.0,1
2.0,676.0,252.0,79.0,1.0,460.0,155.0,1
15.0,571.0,175.0,61.0,6.0,1140.0,65.0,1
0.0,3787.0,247.0,71.0,6.0,1030.0,61.0,1
4.0,1011.0,96.0,135.0,4.0,530.0,255.0,1
17.0,2718.0,194.0,217.0,4.0,360.0,145.0,1
3.0,595.0,130.0,173.0,4.0,934.0,166.0,1
16.0,2643.0,96.0,16.0,7.0,809.0,157.0,1
9.0,5.0,153.0,128.0,5.0,1045.0,405.0,1
0.0,3894.0,197.0,76.0,3.0,610.0,112.0,1
8.0,949.0,45.0,238.0,4.0,1300.0,70.0,1
6.0,5484.0,16.0,285.0,1.0,605.0,67.0,1
15.0,637.0,268.0,175.0,1.0,940.0,60.0,1
7.0,572.0,261.0,79.0,5.0,470.0,82.0,1
6.0,5521.0,16.0,10.0,5.0,810.0,104.0,1
6.0,7110.0,134.0,229.0,3.0,1020.0,92.0,1
12.0,6869.0,79.0,114.0,3.0,1224.0,53.0,1
15.0,2690.0,79.0,261.0,7.0,705.0,90.0,1
15.0,3122.0,79.0,2.0,6.0,1075.0,75.0,1
1.0,1069.0,233.0,80.0,3.0,1120.0,190.0,1
1.0,739.0,159.0,80.0,5.0,670.0,245.0,1
2.0,153.0,211.0,206.0,3.0,1177.0,45.0,1
15.0,2102.0,258.0,264.0,4.0,495.0,75.0,1
15.0,500.0,243.0,129.0,5.0,530.0,180.0,1
10.0,3612.0,27.0,183.0,1.0,370.0,115.0,1
11.0,6681.0,216.0,85.0,7.0,878.0,117.0,1
10.0,4272.0,281.0,208.0,7.0,870.0,75.0,1
12.0,4710.0,80.0,261.0,3.0,500.0,168.0,1
0.0,3703.0,119.0,197.0,4.0,810.0,96.0,1
15.0,1142.0,45.0,35.0,7.0,715.0,80.0,1
6.0,7327.0,16.0,87.0,3.0,790.0,62.0,1
15.0,174.0,44.0,262.0,1.0,675.0,80.0,1
10.0,2739.0,80.0,170.0,1.0,1005.0,75.0,1
12.0,4441.0,102.0,261.0,3.0,735.0,95.0,1
16.0,2542.0,58.0,182.0,4.0,705.0,88.0,1
1.0,1395.0,277.0,80.0,7.0,865.0,170.0,1
5.0,1785.0,159.0,173.0,7.0,625.0,178.0,1
15.0,1482.0,43.0,173.0,7.0,400.0,170.0,1
1.0,2493.0,22.0,80.0,4.0,1055.0,255.0,1
15.0,31.0,129.0,131.0,7.0,930.0,60.0,1
6.0,5132.0,16.0,11.0,4.0,490.0,55.0,1
5.0,1058.0,16.0,268.0,6.0,1155.0,111.0,1
13.0,525.0,96.0,79.0,1.0,1027.0,268.0,1
15.0,161.0,175.0,129.0,7.0,645.0,170.0,1
14.0,1850.0,60.0,22.0,6.0,1194.0,108.0,1
8.0,1120.0,139.0,104.0,4.0,655.0,162.0,1
12.0,6285.0,179.0,79.0,4.0,360.0,155.0,1
0.0,3934.0,279.0,177.0,1.0,380.0,83.0,1
16.0,5944.0,139.0,134.0,4.0,602.0,95.0,1
1.0,280.0,154.0,183.0,5.0,550.0,285.0,1
15.0,2819.0,277.0,104.0,3.0,450.0,60.0,1
17.0,2833.0,217.0,44.0,5.0,510.0,89.0,1
17.0,2662.0,268.0,60.0,1.0,770.0,111.0,1
3.0,1225.0,35.0,233.0,7.0,855.0,123.0,1
16.0,3007.0,134.0,135.0,7.0,710.0,209.0,1
13.0,134.0,253.0,208.0,1.0,522.0,263.0,1
10.0,3015.0,154.0,243.0,6.0,715.0,45.0,1
5.0,1081.0,16.0,213.0,7.0,1172.0,110.0,1
12.0,6343.0,253.0,264.0,4.0,476.0,91.0,1
12.0,4483.0,84.0,197.0,7.0,900.0,70.0,1
5.0,2054.0,223.0,16.0,5.0,330.0,75.0,1
13.0,18.0,79.0,45.0,7.0,618.0,199.0,1
14.0,1980.0,216.0,228.0,5.0,945.0,68.0,1
5.0,1771.0,148.0,183.0,4.0,645.0,194.0,1
15.0,1815.0,18.0,153.0,7.0,855.0,185.0,1
1.0,1998.0,80.0,104.0,4.0,840.0,155.0,1
5.0,2772.0,177.0,197.0,5.0,1120.0,131.0,1
2.0,10.0,252.0,173.0,3.0,1365.0,317.0,1
14.0,1996.0,260.0,216.0,4.0,585.0,238.0,1
7.0,330.0,184.0,35.0,4.0,1195.0,126.0,1
16.0,5896.0,152.0,208.0,7.0,932.0,71.0,1
13.0,455.0,253.0,153.0,7.0,1362.0,93.0,1
4.0,369.0,153.0,96.0,5.0,1340.0,275.0,1
6.0,5057.0,58.0,16.0,6.0,850.0,115.0,1
15.0,3067.0,233.0,175.0,7.0,1040.0,130.0,1
5.0,1148.0,16.0,245.0,3.0,1140.0,65.0,1
12.0,6229.0,253.0,18.0,1.0,965.0,203.0,1
11.0,6481.0,33.0,177.0,1.0,1025.0,66.0,1
0.0,4302.0,85.0,54.0,7.0,830.0,127.0,1
13.0,458.0,154.0,221.0,1.0,600.0,276.0,1
15.0,168.0,18.0,258.0,5.0,475.0,235.0,1
13.0,570.0,208.0,80.0,7.0,587.0,153.0,1
5.0,2065.0,16.0,87.0,3.0,660.0,75.0,1
5.0,2676.0,16.0,43.0,4.0,1229.0,125.0,1
4.0,1859.0,78.0,135.0,1.0,935.0,212.0,1
10.0,2910.0,180.0,80.0,3.0,780.0,130.0,1
17.0,7286.0,208.0,273.0,3.0,1086.0,101.0,1
16.0,2320.0,135.0,91.0,4.0,1280.0,118.0,1
10.0,3893.0,208.0,216.0,6.0,425.0,120.0,1
10.0,2749.0,80.0,76.0,5.0,545.0,135.0,1
12.0,6950.0,217.0,79.0,1.0,770.0,103.0,1
6.0,5026.0,97.0,16.0,7.0,1045.0,125.0,1
1.0,2001.0,80.0,204.0,7.0,1250.0,55.0,1
17.0,2746.0,217.0,248.0,1.0,878.0,99.0,1
15.0,842.0,79.0,197.0,3.0,780.0,120.0,1
17.0,1929.0,128.0,161.0,5.0,1240.0,37.0,1
6.0,5004.0,201.0,16.0,6.0,992.0,97.0,1
6.0,5398.0,19.0,16.0,6.0,840.0,76.0,1
15.0,3341.0,91.0,129.0,1.0,625.0,100.0,1
16.0,5983.0,254.0,208.0,7.0,1025.0,95.0,1
1.0,1656.0,80.0,251.0,7.0,950.0,115.0,1
6.0,7370.0,177.0,190.0,1.0,875.0,77.0,1
8.0,354.0,16.0,159.0,6.0,884.0,130.0,1
3.0,1410.0,18.0,173.0,7.0,925.0,142.0,1
11.0,6544.0,148.0,43.0,7.0,1020.0,115.0,1
15.0,3312.0,75.0,172.0,1.0,460.0,90.0,1
15.0,860.0,45.0,184.0,4.0,745.0,125.0,1
10.0,4591.0,159.0,197.0,1.0,660.0,180.0,1
5.0,2261.0,233.0,85.0,6.0,975.0,115.0,1
6.0,5612.0,16.0,201.0,5.0,590.0,89.0,1
5.0,1098.0,16.0,221.0,7.0,735.0,100.0,1
5.0,2727.0,16.0,104.0,1.0,735.0,115.0,1
4.0,535.0,58.0,154.0,5.0,1015.0,297.0,1
1.0,1251.0,80.0,172.0,7.0,1310.0,85.0,1
4.0,87.0,58.0,96.0,7.0,462.0,78.0,1
13.0,338.0,79.0,80.0,5.0,1228.0,119.0,1
4.0,1448.0,135.0,104.0,5.0,625.0,147.0,1
15.0,2027.0,217.0,129.0,3.0,490.0,145.0,1
5.0,1547.0,159.0,16.0,3.0,420.0,164.0,1
15.0,460.0,221.0,45.0,7.0,1000.0,70.0,1
12.0,3110.0,184.0,48.0,6.0,475.0,78.0,1
9.0,353.0,128.0,161.0,3.0,875.0,38.0,1
15.0,1181.0,61.0,268.0,3.0,570.0,90.0,1
5.0,1727.0,16.0,104.0,1.0,575.0,129.0,1
1.0,604.0,80.0,251.0,1.0,720.0,125.0,1
14.0,1702.0,60.0,22.0,4.0,980.0,114.0,1
12.0,6932.0,212.0,208.0,7.0,902.0,78.0,1
1.0,1981.0,16.0,80.0,7.0,705.0,150.0,1
10.0,2708.0,71.0,80.0,4.0,960.0,165.0,1
5.0,2801.0,45.0,197.0,6.0,865.0,166.0,1
15.0,1656.0,34.0,214.0,5.0,610.0,75.0,1
10.0,4332.0,208.0,273.0,5.0,925.0,110.0,1
5.0,1851.0,197.0,153.0,5.0,425.0,213.0,1
1.0,1292.0,264.0,80.0,1.0,530.0,170.0,1
4.0,1626.0,96.0,243.0,7.0,520.0,364.0,1
5.0,2082.0,16.0,215.0,7.0,837.0,96.0,1
1.0,1491.0,216.0,80.0,3.0,995.0,240.0,1
16.0,5947.0,208.0,76.0,5.0,623.0,60.0,1
12.0,6325.0,154.0,243.0,5.0,666.0,46.0,1
0.0,4266.0,107.0,197.0,5.0,518.0,67.0,1
0.0,3723.0,16.0,84.0,6.0,1290.0,144.0,1
11.0,6288.0,61.0,197.0,1.0,1026.0,134.0,1
14.0,543.0,80.0,153.0,6.0,900.0,176.0,1
15.0,1525.0,202.0,252.0,1.0,950.0,125.0,1
6.0,5451.0,16.0,288.0,6.0,988.0,77.0,1
17.0,1037.0,143.0,128.0,1.0,755.0,47.0,1
16.0,2990.0,204.0,135.0,6.0,890.0,77.0,1
12.0,6631.0,184.0,208.0,7.0,695.0,50.0,1
6.0,5136.0,101.0,16.0,3.0,420.0,97.0,1
12.0,6461.0,292.0,140.0,7.0,1411.0,27.0,1
1.0,855.0,104.0,80.0,3.0,820.0,195.0,1
13.0,739.0,173.0,79.0,3.0,430.0,256.0,1
15.0,662.0,45.0,277.0,6.0,540.0,155.0,1
5.0,2640.0,153.0,261.0,5.0,995.0,77.0,1
6.0,7127.0,132.0,134.0,4.0,1106.0,105.0,1
4.0,373.0,60.0,96.0,5.0,570.0,103.0,1
12.0,6581.0,79.0,65.0,3.0,1258.0,33.0,1
2.0,524.0,252.0,44.0,4.0,1167.0,147.0,1
13.0,10.0,253.0,148.0,4.0,641.0,348.0,1
1.0,541.0,16.0,80.0,5.0,930.0,155.0,1
5.0,689.0,16.0,234.0,7.0,1160.0,96.0,1
9.0,205.0,203.0,128.0,1.0,364.0,33.0,1
5.0,2879.0,159.0,104.0,3.0,640.0,199.0,1
16.0,2865.0,184.0,135.0,1.0,335.0,174.0,1
7.0,377.0,184.0,79.0,3.0,510.0,155.0,1
9.0,19.0,262.0,128.0,6.0,565.0,340.0,1
16.0,2938.0,135.0,132.0,5.0,1170.0,103.0,1
1.0,1599.0,80.0,135.0,6.0,610.0,70.0,1
14.0,498.0,79.0,60.0,6.0,55.0,179.0,1
14.0,660.0,205.0,217.0,7.0,885.0,171.0,1
14.0,1842.0,147.0,216.0,4.0,645.0,121.0,1
15.0,712.0,134.0,175.0,3.0,1215.0,120.0,1
13.0,442.0,208.0,22.0,5.0,990.0,128.0,1
13.0,988.0,84.0,79.0,4.0,379.0,127.0,1
1.0,1180.0,80.0,234.0,7.0,820.0,155.0,1
5.0,2114.0,252.0,197.0,7.0,770.0,202.0,1
10.0,3287.0,41.0,80.0,1.0,825.0,90.0,1
15.0,1146.0,213.0,141.0,6.0,1070.0,160.0,1
15.0,345.0,198.0,33.0,7.0,515.0,85.0,1
0.0,3964.0,12.0,148.0,1.0,365.0,90.0,1
15.0,1069.0,175.0,61.0,4.0,635.0,65.0,1
13.0,516.0,217.0,253.0,4.0,1241.0,125.0,1
1.0,813.0,18.0,154.0,3.0,735.0,195.0,1
15.0,146.0,202.0,153.0,4.0,795.0,85.0,1
16.0,2507.0,251.0,135.0,5.0,518.0,152.0,1
8.0,192.0,16.0,78.0,7.0,1000.0,99.0,1
5.0,1187.0,85.0,16.0,1.0,450.0,141.0,1
5.0,2416.0,153.0,85.0,6.0,857.0,236.0,1
12.0,6261.0,195.0,208.0,3.0,1160.0,60.0,1
16.0,2848.0,147.0,96.0,4.0,1100.0,139.0,1
15.0,1107.0,162.0,268.0,5.0,390.0,70.0,1
10.0,3637.0,183.0,251.0,7.0,1275.0,155.0,1
1.0,1158.0,80.0,244.0,1.0,990.0,70.0,1
5.0,1059.0,16.0,12.0,7.0,575.0,140.0,1
5.0,1481.0,148.0,217.0,4.0,1185.0,358.0,1
15.0,1141.0,75.0,162.0,1.0,670.0,60.0,1
15.0,2049.0,129.0,153.0,3.0,810.0,205.0,1
1.0,1176.0,183.0,45.0,3.0,1295.0,144.0,1
15.0,995.0,159.0,175.0,5.0,640.0,155.0,1
15.0,174.0,153.0,44.0,3.0,590.0,65.0,1
15.0,540.0,217.0,221.0,1.0,760.0,240.0,1
15.0,2254.0,79.0,175.0,4.0,1235.0,130.0,1
8.0,782.0,159.0,215.0,1.0,480.0,81.0,1
16.0,5896.0,208.0,152.0,6.0,804.0,53.0,1
1.0,1975.0,233.0,208.0,3.0,675.0,130.0,1
16.0,2474.0,135.0,33.0,1.0,930.0,113.0,1
5.0,1024.0,22.0,16.0,3.0,365.0,175.0,1
1.0,1140.0,80.0,16.0,5.0,475.0,125.0,1
14.0,75.0,148.0,217.0,1.0,599.0,338.0,1
15.0,534.0,217.0,279.0,1.0,1005.0,135.0,1
3.0,209.0,148.0,160.0,6.0,785.0,368.0,1
2.0,641.0,217.0,252.0,3.0,420.0,188.0,1
12.0,6500.0,258.0,154.0,3.0,393.0,77.0,1
15.0,556.0,207.0,262.0,5.0,1060.0,80.0,1
3.0,503.0,96.0,104.0,3.0,586.0,197.0,1
0.0,4084.0,85.0,142.0,7.0,1315.0,87.0,1
17.0,2695.0,217.0,100.0,4.0,889.0,105.0,1
16.0,2336.0,135.0,136.0,3.0,865.0,98.0,1
16.0,2551.0,147.0,135.0,6.0,1060.0,147.0,1
10.0,3830.0,208.0,135.0,3.0,720.0,165.0,1
5.0,1450.0,153.0,197.0,3.0,60.0,181.0,1
16.0,2923.0,58.0,16.0,7.0,920.0,112.0,1
8.0,417.0,229.0,45.0,5.0,1072.0,97.0,1
1.0,1878.0,80.0,204.0,1.0,735.0,55.0,1
5.0,46.0,35.0,16.0,7.0,735.0,176.0,1
15.0,767.0,262.0,79.0,3.0,1110.0,140.0,1
4.0,532.0,135.0,159.0,1.0,810.0,203.0,1
14.0,540.0,217.0,80.0,5.0,480.0,138.0,1
5.0,2074.0,173.0,197.0,1.0,728.0,207.0,1
2.0,731.0,135.0,252.0,7.0,1105.0,285.0,1
13.0,129.0,208.0,154.0,5.0,1227.0,272.0,1
17.0,2856.0,217.0,103.0,7.0,660.0,69.0,1
2.0,303.0,253.0,252.0,3.0,605.0,125.0,1
5.0,2287.0,85.0,16.0,4.0,1060.0,130.0,1
1.0,335.0,208.0,213.0,3.0,1060.0,185.0,1
4.0,638.0,96.0,183.0,7.0,1227.0,194.0,1
2.0,43.0,14.0,23.0,4.0,742.0,77.0,1
5.0,2916.0,18.0,197.0,4.0,1065.0,161.0,1
11.0,6570.0,208.0,148.0,5.0,687.0,149.0,1
15.0,2201.0,258.0,243.0,7.0,620.0,80.0,1
0.0,4322.0,197.0,166.0,7.0,680.0,52.0,1
14.0,1586.0,147.0,60.0,4.0,1195.0,88.0,1
9.0,208.0,128.0,150.0,1.0,656.0,43.0,1
5.0,1650.0,197.0,216.0,4.0,925.0,165.0,1
15.0,909.0,45.0,251.0,3.0,595.0,115.0,1
1.0,271.0,183.0,154.0,5.0,640.0,345.0,1
1.0,676.0,80.0,60.0,3.0,1095.0,140.0,1
15.0,794.0,35.0,217.0,4.0,690.0,365.0,1
1.0,719.0,183.0,277.0,1.0,1080.0,60.0,1
2.0,300.0,252.0,253.0,6.0,1225.0,133.0,1
12.0,6765.0,46.0,79.0,4.0,826.0,104.0,1
14.0,1731.0,216.0,208.0,5.0,695.0,141.0,1
8.0,641.0,79.0,184.0,5.0,873.0,145.0,1
12.0,6822.0,253.0,231.0,5.0,712.0,69.0,1
0.0,4193.0,71.0,285.0,5.0,980.0,60.0,1
15.0,375.0,217.0,243.0,4.0,450.0,70.0,1
11.0,6368.0,71.0,273.0,4.0,920.0,98.0,1
13.0,736.0,253.0,153.0,3.0,360.0,98.0,1
6.0,5081.0,290.0,16.0,5.0,752.0,110.0,1
10.0,3928.0,273.0,208.0,5.0,430.0,145.0,1
5.0,1876.0,173.0,159.0,5.0,895.0,154.0,1
14.0,1759.0,35.0,216.0,7.0,1050.0,103.0,1
5.0,1838.0,245.0,16.0,1.0,918.0,75.0,1
12.0,6305.0,154.0,227.0,3.0,1004.0,54.0,1
10.0,2827.0,80.0,54.0,5.0,510.0,145.0,1
16.0,2380.0,135.0,19.0,5.0,780.0,121.0,1
8.0,656.0,244.0,16.0,5.0,375.0,131.0,1
2.0,36.0,252.0,197.0,6.0,425.0,199.0,1
14.0,1494.0,60.0,12.0,1.0,705.0,122.0,1
5.0,108.0,173.0,16.0,7.0,930.0,93.0,1
1.0,499.0,22.0,80.0,1.0,795.0,250.0,1
5.0,1423.0,268.0,16.0,4.0,750.0,100.0,1
14.0,1288.0,233.0,216.0,5.0,430.0,82.0,1
15.0,1497.0,198.0,104.0,7.0,545.0,105.0,1
15.0,955.0,172.0,45.0,4.0,640.0,140.0,1
1.0,1973.0,183.0,80.0,6.0,1165.0,195.0,1
14.0,274.0,261.0,217.0,3.0,440.0,102.0,1
0.0,3960.0,85.0,121.0,4.0,855.0,109.0,1
6.0,5067.0,16.0,190.0,4.0,665.0,84.0,1
13.0,9.0,79.0,243.0,3.0,1299.0,147.0,1
13.0,367.0,135.0,79.0,3.0,695.0,156.0,1
17.0,2610.0,60.0,96.0,3.0,725.0,113.0,1
17.0,7271.0,134.0,221.0,4.0,510.0,58.0,1
10.0,3672.0,251.0,183.0,7.0,435.0,155.0,1
15.0,5.0,173.0,228.0,7.0,840.0,155.0,1
5.0,1584.0,264.0,148.0,1.0,820.0,315.0,1
0.0,4286.0,119.0,85.0,4.0,614.0,61.0,1
3.0,506.0,104.0,96.0,3.0,810.0,183.0,1
16.0,5997.0,56.0,208.0,5.0,812.0,65.0,1
5.0,1626.0,104.0,16.0,1.0,1049.0,125.0,1
4.0,358.0,135.0,78.0,4.0,660.0,167.0,1
17.0,2630.0,60.0,134.0,3.0,970.0,83.0,1
15.0,838.0,172.0,79.0,4.0,985.0,115.0,1
5.0,2024.0,16.0,45.0,6.0,1155.0,116.0,1
16.0,2171.0,135.0,209.0,4.0,1175.0,163.0,1
14.0,1437.0,60.0,154.0,1.0,1000.0,324.0,1
8.0,254.0,106.0,16.0,3.0,360.0,134.0,1
5.0,78.0,173.0,148.0,4.0,840.0,165.0,1
15.0,2693.0,153.0,91.0,7.0,995.0,100.0,1
3.0,78.0,173.0,148.0,4.0,1130.0,154.0,1
5.0,1785.0,159.0,173.0,6.0,625.0,178.0,1
12.0,6726.0,79.0,145.0,6.0,695.0,93.0,1
1.0,1071.0,177.0,80.0,6.0,895.0,100.0,1
12.0,4703.0,172.0,261.0,6.0,865.0,162.0,1
15.0,3244.0,243.0,18.0,3.0,890.0,160.0,1
15.0,24.0,233.0,173.0,4.0,460.0,105.0,1
12.0,7032.0,292.0,154.0,7.0,931.0,80.0,1
15.0,389.0,244.0,129.0,4.0,610.0,50.0,1
3.0,1310.0,134.0,148.0,5.0,1180.0,83.0,1
5.0,1977.0,208.0,16.0,1.0,1083.0,126.0,1
1.0,2094.0,197.0,80.0,6.0,835.0,155.0,1
12.0,6697.0,145.0,79.0,5.0,1032.0,73.0,1
15.0,869.0,13.0,79.0,7.0,540.0,80.0,1
8.0,656.0,244.0,16.0,7.0,375.0,138.0,1
10.0,3716.0,16.0,208.0,4.0,980.0,125.0,1
15.0,829.0,79.0,253.0,7.0,1305.0,175.0,1
5.0,1210.0,261.0,35.0,1.0,600.0,274.0,1
11.0,6706.0,85.0,234.0,7.0,625.0,101.0,1
15.0,414.0,153.0,262.0,7.0,1065.0,90.0,1
8.0,672.0,173.0,184.0,5.0,455.0,176.0,1
15.0,764.0,173.0,22.0,1.0,1065.0,155.0,1
12.0,6246.0,100.0,154.0,4.0,607.0,70.0,1
5.0,1702.0,153.0,16.0,5.0,415.0,225.0,1
15.0,2459.0,79.0,153.0,4.0,455.0,120.0,1
6.0,5101.0,16.0,138.0,3.0,1140.0,88.0,1
13.0,886.0,253.0,153.0,3.0,758.0,104.0,1
16.0,5948.0,58.0,208.0,6.0,805.0,87.0,1
16.0,2280.0,135.0,223.0,3.0,1165.0,86.0,1
5.0,1624.0,16.0,45.0,4.0,1065.0,114.0,1
14.0,1124.0,60.0,159.0,6.0,1205.0,110.0,1
5.0,1700.0,16.0,35.0,5.0,525.0,160.0,1
15.0,981.0,111.0,153.0,7.0,770.0,140.0,1
17.0,2868.0,292.0,217.0,7.0,966.0,66.0,1
10.0,4309.0,273.0,208.0,4.0,810.0,130.0,1
6.0,5572.0,16.0,41.0,3.0,725.0,94.0,1
15.0,1914.0,12.0,104.0,4.0,440.0,200.0,1
4.0,1427.0,135.0,60.0,5.0,1165.0,142.0,1
4.0,696.0,153.0,135.0,4.0,870.0,173.0,1
17.0,2715.0,280.0,217.0,4.0,960.0,50.0,1
3.0,1004.0,148.0,35.0,3.0,567.0,70.0,1
13.0,342.0,243.0,79.0,4.0,688.0,142.0,1
14.0,1764.0,60.0,78.0,4.0,1077.0,74.0,1
10.0,3779.0,208.0,198.0,6.0,1165.0,140.0,1
6.0,5189.0,285.0,16.0,1.0,450.0,77.0,1
15.0,528.0,139.0,45.0,4.0,1035.0,95.0,1
5.0,1461.0,241.0,85.0,3.0,710.0,170.0,1
5.0,22.0,252.0,16.0,6.0,701.0,284.0,1
10.0,3067.0,154.0,194.0,5.0,605.0,65.0,1
13.0,377.0,79.0,204.0,7.0,1238.0,98.0,1
7.0,575.0,79.0,261.0,1.0,900.0,83.0,1
12.0,6614.0,79.0,224.0,5.0,746.0,153.0,1
14.0,610.0,217.0,16.0,6.0,610.0,226.0,1
2.0,115.0,252.0,14.0,7.0,1110.0,223.0,1
16.0,3125.0,41.0,135.0,5.0,945.0,74.0,1
14.0,1637.0,159.0,60.0,3.0,1027.0,128.0,1
11.0,6692.0,135.0,148.0,4.0,485.0,214.0,1
14.0,89.0,214.0,217.0,3.0,1080.0,148.0,1
5.0,2800.0,197.0,45.0,3.0,615.0,148.0,1
2.0,6.0,154.0,78.0,1.0,785.0,294.0,1
1.0,1019.0,60.0,80.0,3.0,400.0,185.0,1
13.0,408.0,264.0,79.0,4.0,804.0,139.0,1
15.0,1137.0,202.0,153.0,6.0,1135.0,85.0,1
12.0,6954.0,279.0,79.0,6.0,794.0,106.0,1
15.0,2629.0,153.0,236.0,6.0,1230.0,75.0,1
14.0,1924.0,16.0,60.0,3.0,550.0,91.0,1
1.0,2548.0,173.0,148.0,5.0,955.0,160.0,1
10.0,3928.0,273.0,208.0,7.0,430.0,145.0,1
12.0,6831.0,65.0,208.0,5.0,712.0,146.0,1
3.0,301.0,134.0,160.0,1.0,740.0,339.0,1
15.0,3575.0,153.0,207.0,5.0,1270.0,55.0,1
1.0,1494.0,18.0,80.0,6.0,540.0,65.0,1
6.0,5540.0,256.0,16.0,6.0,732.0,103.0,1
14.0,1131.0,134.0,60.0,6.0,420.0,87.0,1
1.0,745.0,159.0,80.0,5.0,795.0,250.0,1
5.0,2379.0,251.0,16.0,1.0,431.0,91.0,1
14.0,1869.0,60.0,33.0,5.0,1340.0,78.0,1
10.0,3690.0,183.0,58.0,6.0,1200.0,175.0,1
3.0,219.0,148.0,60.0,3.0,490.0,121.0,1
12.0,7003.0,252.0,154.0,1.0,414.0,156.0,1
10.0,3025.0,154.0,243.0,3.0,400.0,45.0,1
2.0,592.0,214.0,227.0,5.0,940.0,137.0,1
13.0,33.0,79.0,264.0,4.0,541.0,157.0,1
5.0,2020.0,154.0,177.0,7.0,743.0,221.0,1
8.0,113.0,16.0,80.0,3.0,901.0,146.0,1
10.0,3337.0,10.0,80.0,4.0,685.0,75.0,1
7.0,371.0,184.0,79.0,5.0,865.0,155.0,1
13.0,6.0,253.0,148.0,4.0,425.0,335.0,1
1.0,1574.0,153.0,80.0,6.0,685.0,155.0,1
14.0,1663.0,228.0,60.0,1.0,1020.0,134.0,1
5.0,2629.0,16.0,252.0,1.0,500.0,331.0,1
13.0,653.0,217.0,208.0,7.0,770.0,201.0,1
12.0,6932.0,212.0,208.0,6.0,906.0,78.0,1
11.0,6554.0,78.0,268.0,4.0,751.0,143.0,1
1.0,734.0,183.0,78.0,6.0,895.0,145.0,1
12.0,6590.0,79.0,177.0,3.0,610.0,136.0,1
15.0,237.0,45.0,104.0,3.0,1140.0,160.0,1
8.0,1452.0,130.0,213.0,7.0,965.0,179.0,1
5.0,1129.0,16.0,209.0,5.0,1307.0,98.0,1
14.0,987.0,216.0,173.0,4.0,480.0,163.0,1
12.0,4643.0,261.0,177.0,7.0,523.0,188.0,1
15.0,1937.0,202.0,243.0,6.0,895.0,85.0,1
0.0,4391.0,171.0,85.0,1.0,351.0,59.0,1
8.0,688.0,136.0,16.0,3.0,748.0,122.0,1
12.0,6706.0,65.0,208.0,7.0,831.0,146.0,1
3.0,455.0,35.0,104.0,6.0,865.0,201.0,1
10.0,3528.0,184.0,80.0,7.0,1090.0,160.0,1
1.0,726.0,91.0,80.0,7.0,465.0,105.0,1
13.0,815.0,79.0,154.0,7.0,1300.0,157.0,1
6.0,5231.0,16.0,47.0,5.0,1373.0,54.0,1
1.0,1472.0,80.0,16.0,4.0,700.0,125.0,1
12.0,7779.0,261.0,255.0,3.0,1020.0,81.0,1
14.0,541.0,80.0,153.0,6.0,450.0,178.0,1
1.0,1747.0,80.0,258.0,3.0,1045.0,230.0,1
15.0,862.0,33.0,173.0,4.0,750.0,105.0,1
14.0,20.0,217.0,128.0,1.0,715.0,403.0,1
13.0,203.0,208.0,22.0,7.0,633.0,129.0,1
15.0,1199.0,204.0,129.0,4.0,375.0,85.0,1
0.0,4055.0,197.0,82.0,4.0,830.0,58.0,1
1.0,704.0,80.0,159.0,3.0,435.0,194.0,1
15.0,674.0,146.0,173.0,1.0,620.0,100.0,1
7.0,834.0,79.0,85.0,3.0,1150.0,162.0,1
14.0,1876.0,216.0,35.0,7.0,915.0,76.0,1
12.0,4608.0,80.0,261.0,4.0,760.0,168.0,1
5.0,2615.0,16.0,217.0,5.0,990.0,257.0,1
12.0,6574.0,79.0,204.0,5.0,1045.0,89.0,1
1.0,1448.0,208.0,78.0,3.0,640.0,105.0,1
13.0,132.0,214.0,208.0,6.0,381.0,234.0,1
3.0,916.0,208.0,148.0,7.0,960.0,137.0,1
5.0,2941.0,16.0,244.0,7.0,825.0,164.0,1
10.0,3972.0,193.0,281.0,5.0,460.0,45.0,1
5.0,1953.0,197.0,252.0,5.0,1295.0,223.0,1
16.0,3092.0,135.0,172.0,4.0,715.0,113.0,1
10.0,4572.0,58.0,159.0,6.0,660.0,95.0,1
13.0,373.0,159.0,208.0,3.0,420.0,157.0,1
13.0,755.0,173.0,134.0,7.0,545.0,131.0,1
16.0,2238.0,121.0,96.0,3.0,660.0,108.0,1
12.0,6246.0,100.0,154.0,7.0,604.0,66.0,1
16.0,2376.0,135.0,136.0,4.0,1095.0,101.0,1
6.0,5381.0,177.0,162.0,5.0,570.0,56.0,1
6.0,5509.0,16.0,279.0,5.0,650.0,130.0,1
12.0,6728.0,34.0,79.0,5.0,832.0,108.0,1
5.0,1831.0,214.0,261.0,7.0,360.0,107.0,1
0.0,4001.0,177.0,75.0,4.0,565.0,96.0,1
14.0,1800.0,213.0,60.0,3.0,390.0,112.0,1
10.0,4662.0,159.0,16.0,6.0,1120.0,165.0,1
17.0,7237.0,84.0,208.0,3.0,901.0,79.0,1
15.0,264.0,79.0,268.0,4.0,385.0,120.0,1
6.0,5474.0,16.0,94.0,3.0,895.0,84.0,1
4.0,1767.0,135.0,252.0,3.0,580.0,282.0,1
9.0,354.0,161.0,128.0,1.0,941.0,32.0,1
1.0,452.0,183.0,35.0,7.0,405.0,180.0,1
11.0,6766.0,195.0,159.0,5.0,1015.0,143.0,1
0.0,3878.0,71.0,247.0,3.0,1230.0,56.0,1
13.0,112.0,207.0,79.0,6.0,367.0,139.0,1
14.0,601.0,153.0,217.0,5.0,690.0,70.0,1
6.0,7395.0,216.0,71.0,1.0,795.0,116.0,1
15.0,381.0,162.0,75.0,7.0,660.0,65.0,1
13.0,844.0,252.0,253.0,5.0,728.0,136.0,1
14.0,224.0,34.0,217.0,3.0,807.0,118.0,1
15.0,2049.0,153.0,280.0,1.0,925.0,70.0,1
1.0,1514.0,207.0,80.0,6.0,920.0,170.0,1
17.0,7268.0,54.0,208.0,7.0,422.0,144.0,1
15.0,3597.0,175.0,173.0,4.0,1185.0,160.0,1
1.0,472.0,261.0,80.0,5.0,1050.0,150.0,1
12.0,6444.0,154.0,263.0,5.0,786.0,56.0,1
4.0,1401.0,96.0,104.0,6.0,525.0,185.0,1
1.0,10.0,154.0,148.0,6.0,1290.0,305.0,1
2.0,6.0,154.0,78.0,7.0,785.0,294.0,1
15.0,1140.0,277.0,129.0,4.0,410.0,145.0,1
14.0,29.0,217.0,154.0,5.0,890.0,86.0,1
1.0,436.0,80.0,104.0,5.0,1015.0,155.0,1
10.0,3366.0,47.0,80.0,6.0,365.0,185.0,1
6.0,5248.0,16.0,200.0,3.0,735.0,70.0,1
15.0,2552.0,236.0,153.0,7.0,380.0,80.0,1
13.0,40.0,153.0,134.0,5.0,1386.0,272.0,1
5.0,2065.0,16.0,87.0,4.0,660.0,75.0,1
4.0,45.0,96.0,183.0,7.0,995.0,190.0,1
0.0,4307.0,85.0,71.0,6.0,635.0,76.0,1
15.0,536.0,153.0,268.0,4.0,1155.0,185.0,1
14.0,1702.0,277.0,60.0,4.0,815.0,97.0,1
17.0,2857.0,217.0,103.0,6.0,980.0,60.0,1
16.0,3062.0,135.0,147.0,1.0,595.0,116.0,1
10.0,3015.0,154.0,243.0,4.0,715.0,45.0,1
10.0,4306.0,234.0,208.0,7.0,995.0,135.0,1
15.0,901.0,153.0,2.0,4.0,1080.0,85.0,1
10.0,3670.0,275.0,183.0,4.0,775.0,85.0,1
15.0,1548.0,252.0,202.0,7.0,930.0,125.0,1
3.0,448.0,277.0,35.0,1.0,760.0,166.0,1
0.0,3751.0,119.0,85.0,7.0,505.0,63.0,1
5.0,2670.0,16.0,106.0,5.0,538.0,123.0,1
4.0,35.0,135.0,18.0,7.0,925.0,52.0,1
15.0,2397.0,243.0,280.0,7.0,1145.0,70.0,1
3.0,310.0,104.0,134.0,5.0,685.0,144.0,1
11.0,6322.0,177.0,61.0,7.0,860.0,93.0,1
1.0,442.0,253.0,183.0,4.0,765.0,320.0,1
13.0,778.0,22.0,134.0,7.0,608.0,87.0,1
12.0,4519.0,197.0,230.0,5.0,540.0,95.0,1
11.0,6414.0,21.0,85.0,1.0,355.0,58.0,1
10.0,2774.0,80.0,68.0,7.0,1355.0,75.0,1
4.0,318.0,96.0,277.0,3.0,1215.0,186.0,1
16.0,2228.0,177.0,96.0,3.0,865.0,162.0,1
6.0,5031.0,177.0,205.0,6.0,555.0,109.0,1
10.0,3677.0,61.0,183.0,6.0,890.0,170.0,1
12.0,6609.0,152.0,208.0,7.0,1093.0,71.0,1
5.0,2939.0,78.0,16.0,4.0,345.0,120.0,1
10.0,3732.0,197.0,208.0,1.0,920.0,95.0,1
1.0,731.0,159.0,80.0,3.0,615.0,255.0,1
4.0,1712.0,260.0,135.0,7.0,1032.0,288.0,1
1.0,179.0,148.0,253.0,4.0,595.0,390.0,1
14.0,996.0,60.0,221.0,1.0,590.0,87.0,1
9.0,335.0,203.0,128.0,3.0,980.0,34.0,1
14.0,113.0,216.0,153.0,3.0,950.0,338.0,1
10.0,4582.0,159.0,60.0,7.0,510.0,125.0,1
10.0,2943.0,80.0,71.0,5.0,390.0,130.0,1
5.0,2422.0,183.0,197.0,1.0,785.0,231.0,1
15.0,3331.0,153.0,253.0,7.0,1285.0,95.0,1
6.0,5548.0,16.0,52.0,5.0,650.0,53.0,1
10.0,3058.0,236.0,154.0,6.0,1145.0,90.0,1
9.0,324.0,161.0,128.0,5.0,1370.0,30.0,1
1.0,1843.0,208.0,252.0,3.0,530.0,270.0,1
3.0,1440.0,160.0,253.0,4.0,951.0,79.0,1
5.0,2842.0,16.0,96.0,5.0,515.0,136.0,1
16.0,3025.0,33.0,135.0,6.0,904.0,127.0,1
16.0,5896.0,152.0,208.0,1.0,929.0,71.0,1
8.0,785.0,215.0,159.0,4.0,1077.0,82.0,1
4.0,438.0,96.0,183.0,3.0,760.0,182.0,1
13.0,536.0,208.0,159.0,4.0,420.0,132.0,1
10.0,3999.0,99.0,208.0,3.0,1000.0,130.0,1
16.0,3044.0,205.0,135.0,4.0,955.0,139.0,1
13.0,897.0,35.0,134.0,3.0,570.0,111.0,1
6.0,5080.0,188.0,16.0,5.0,686.0,93.0,1
12.0,6398.0,280.0,253.0,6.0,923.0,138.0,1
1.0,1716.0,80.0,45.0,3.0,840.0,165.0,1
1.0,1477.0,80.0,18.0,4.0,625.0,55.0,1
15.0,1498.0,236.0,153.0,7.0,1250.0,70.0,1
10.0,3066.0,243.0,154.0,1.0,615.0,50.0,1
5.0,2297.0,16.0,198.0,1.0,823.0,97.0,1
6.0,7331.0,120.0,16.0,1.0,686.0,89.0,1
3.0,681.0,35.0,78.0,1.0,580.0,101.0,1
13.0,565.0,253.0,154.0,4.0,1216.0,90.0,1
12.0,6503.0,253.0,93.0,3.0,1194.0,89.0,1
16.0,2258.0,19.0,135.0,4.0,990.0,152.0,1
6.0,5478.0,16.0,47.0,3.0,1150.0,66.0,1
3.0,667.0,43.0,173.0,5.0,553.0,167.0,1
10.0,3344.0,80.0,223.0,3.0,815.0,100.0,1
11.0,6444.0,19.0,85.0,5.0,750.0,110.0,1
12.0,7052.0,83.0,79.0,7.0,366.0,76.0,1
10.0,4026.0,117.0,193.0,4.0,1195.0,40.0,1
15.0,1760.0,279.0,268.0,7.0,975.0,70.0,1
15.0,1095.0,45.0,173.0,7.0,1185.0,140.0,1
12.0,6696.0,199.0,79.0,5.0,961.0,54.0,1
1.0,442.0,253.0,183.0,5.0,765.0,320.0,1
6.0,5044.0,87.0,16.0,3.0,330.0,68.0,1
5.0,2004.0,104.0,85.0,7.0,740.0,187.0,1
13.0,582.0,208.0,277.0,6.0,1130.0,159.0,1
16.0,5974.0,208.0,20.0,5.0,1160.0,105.0,1
15.0,2697.0,12.0,45.0,3.0,510.0,75.0,1
8.0,272.0,16.0,35.0,7.0,540.0,146.0,1
6.0,5335.0,4.0,16.0,1.0,1015.0,61.0,1
3.0,580.0,213.0,130.0,3.0,1101.0,159.0,1
1.0,1060.0,268.0,159.0,5.0,1145.0,135.0,1
15.0,914.0,129.0,154.0,1.0,825.0,225.0,1
12.0,6447.0,2.0,154.0,7.0,530.0,123.0,1
5.0,2518.0,173.0,16.0,4.0,990.0,100.0,1
15.0,1494.0,175.0,221.0,6.0,460.0,80.0,1
1.0,846.0,269.0,183.0,7.0,535.0,180.0,1
15.0,411.0,153.0,253.0,3.0,840.0,95.0,1
0.0,3859.0,16.0,204.0,3.0,681.0,145.0,1
2.0,517.0,264.0,252.0,1.0,480.0,173.0,1
11.0,6607.0,47.0,85.0,3.0,756.0,123.0,1
3.0,151.0,148.0,213.0,5.0,960.0,188.0,1
12.0,6882.0,262.0,79.0,7.0,1051.0,139.0,1
14.0,953.0,216.0,60.0,7.0,820.0,110.0,1
5.0,1206.0,16.0,76.0,7.0,1315.0,100.0,1
6.0,7089.0,134.0,237.0,5.0,1325.0,57.0,1
15.0,843.0,45.0,268.0,4.0,650.0,145.0,1
8.0,739.0,184.0,197.0,5.0,629.0,73.0,1
5.0,1690.0,16.0,22.0,7.0,745.0,141.0,1
12.0,6337.0,114.0,79.0,6.0,783.0,57.0,1
4.0,786.0,135.0,173.0,1.0,815.0,130.0,1
9.0,187.0,150.0,128.0,1.0,881.0,42.0,1
10.0,4659.0,16.0,159.0,5.0,930.0,130.0,1
15.0,1141.0,45.0,35.0,7.0,980.0,85.0,1
0.0,4102.0,16.0,121.0,4.0,665.0,62.0,1
8.0,170.0,241.0,16.0,7.0,686.0,109.0,1
13.0,387.0,197.0,79.0,3.0,1115.0,133.0,1
14.0,1198.0,213.0,78.0,7.0,720.0,132.0,1
16.0,2278.0,135.0,205.0,5.0,930.0,128.0,1
17.0,2704.0,60.0,200.0,3.0,1100.0,62.0,1
14.0,1718.0,78.0,273.0,4.0,1280.0,67.0,1
1.0,1221.0,173.0,208.0,6.0,1140.0,175.0,1
1.0,1517.0,80.0,2.0,5.0,945.0,110.0,1
5.0,2535.0,159.0,198.0,6.0,720.0,206.0,1
16.0,5925.0,107.0,208.0,3.0,786.0,96.0,1
12.0,4695.0,208.0,261.0,1.0,805.0,205.0,1
17.0,2696.0,154.0,153.0,4.0,800.0,65.0,1
9.0,514.0,161.0,128.0,5.0,670.0,32.0,1
15.0,3073.0,243.0,202.0,4.0,720.0,85.0,1
13.0,412.0,244.0,134.0,1.0,714.0,201.0,1
9.0,117.0,150.0,128.0,6.0,523.0,42.0,1
5.0,2449.0,261.0,202.0,5.0,676.0,121.0,1
13.0,671.0,217.0,253.0,3.0,377.0,138.0,1
12.0,6542.0,83.0,79.0,7.0,704.0,58.0,1
8.0,277.0,35.0,16.0,5.0,1117.0,178.0,1
0.0,3682.0,82.0,85.0,4.0,814.0,111.0,1
13.0,721.0,79.0,253.0,6.0,684.0,176.0,1
15.0,407.0,104.0,147.0,3.0,415.0,70.0,1
11.0,6343.0,85.0,22.0,3.0,915.0,105.0,1
8.0,794.0,268.0,16.0,3.0,1065.0,90.0,1
15.0,648.0,217.0,252.0,1.0,925.0,190.0,1
4.0,220.0,135.0,217.0,1.0,540.0,179.0,1
5.0,2223.0,14.0,261.0,4.0,85.0,270.0,1
4.0,783.0,35.0,135.0,3.0,610.0,260.0,1
5.0,1409.0,197.0,79.0,3.0,810.0,129.0,1
6.0,4985.0,16.0,162.0,5.0,829.0,100.0,1
12.0,6294.0,83.0,79.0,3.0,1059.0,63.0,1
5.0,2446.0,268.0,85.0,5.0,630.0,94.0,1
4.0,1006.0,135.0,277.0,1.0,670.0,122.0,1
17.0,1023.0,128.0,150.0,5.0,545.0,40.0,1
0.0,4015.0,85.0,56.0,4.0,1200.0,105.0,1
15.0,774.0,175.0,268.0,5.0,1140.0,65.0,1
15.0,380.0,129.0,279.0,4.0,1210.0,80.0,1
4.0,783.0,35.0,135.0,6.0,625.0,259.0,1
12.0,6456.0,136.0,79.0,5.0,1216.0,94.0,1
8.0,455.0,198.0,16.0,5.0,1155.0,80.0,1
15.0,3504.0,75.0,18.0,1.0,685.0,55.0,1
12.0,7766.0,220.0,261.0,1.0,1095.0,53.0,1
10.0,3035.0,154.0,246.0,6.0,1290.0,40.0,1
2.0,690.0,252.0,111.0,6.0,720.0,63.0,1
15.0,2353.0,79.0,173.0,3.0,800.0,210.0,1
3.0,675.0,148.0,154.0,7.0,990.0,379.0,1
5.0,2015.0,134.0,16.0,1.0,970.0,124.0,1
15.0,1929.0,154.0,79.0,5.0,360.0,135.0,1
1.0,475.0,96.0,208.0,3.0,445.0,175.0,1
14.0,1616.0,60.0,96.0,3.0,590.0,115.0,1
1.0,1707.0,153.0,154.0,6.0,985.0,70.0,1
0.0,4069.0,197.0,205.0,3.0,1030.0,75.0,1
14.0,1775.0,216.0,78.0,1.0,1065.0,55.0,1
5.0,1268.0,16.0,87.0,5.0,986.0,76.0,1
10.0,3310.0,80.0,56.0,7.0,830.0,120.0,1
12.0,6336.0,253.0,236.0,7.0,535.0,58.0,1
12.0,4781.0,261.0,18.0,4.0,872.0,177.0,1
11.0,6541.0,197.0,111.0,5.0,1050.0,195.0,1
5.0,1016.0,16.0,175.0,5.0,465.0,109.0,1
13.0,134.0,253.0,208.0,3.0,522.0,263.0,1
14.0,1686.0,277.0,216.0,4.0,595.0,146.0,1
3.0,634.0,253.0,35.0,4.0,835.0,320.0,1
6.0,5182.0,115.0,16.0,1.0,375.0,75.0,1
15.0,1550.0,154.0,79.0,6.0,450.0,140.0,1
17.0,2733.0,217.0,227.0,7.0,950.0,66.0,1
5.0,2027.0,16.0,104.0,6.0,885.0,116.0,1
13.0,506.0,253.0,217.0,3.0,360.0,120.0,1
12.0,6995.0,208.0,109.0,1.0,785.0,51.0,1
1.0,546.0,197.0,80.0,4.0,975.0,150.0,1
5.0,2259.0,22.0,197.0,3.0,495.0,190.0,1
12.0,6977.0,208.0,261.0,6.0,1220.0,207.0,1
1.0,2547.0,148.0,173.0,3.0,720.0,180.0,1
10.0,3453.0,80.0,184.0,5.0,560.0,135.0,1
5.0,1573.0,159.0,177.0,4.0,655.0,181.0,1
1.0,428.0,135.0,80.0,7.0,840.0,70.0,1
13.0,575.0,45.0,208.0,4.0,706.0,132.0,1
15.0,3.0,75.0,129.0,4.0,450.0,60.0,1
1.0,1344.0,80.0,268.0,6.0,825.0,95.0,1
10.0,4396.0,233.0,78.0,5.0,435.0,65.0,1
12.0,6957.0,170.0,79.0,7.0,527.0,118.0,1
15.0,3141.0,45.0,147.0,7.0,665.0,130.0,1
12.0,6586.0,227.0,79.0,3.0,360.0,131.0,1
5.0,2191.0,16.0,277.0,3.0,746.0,85.0,1
12.0,6815.0,51.0,253.0,7.0,864.0,85.0,1
14.0,544.0,243.0,217.0,3.0,595.0,76.0,1
15.0,1128.0,216.0,33.0,5.0,955.0,145.0,1
6.0,5105.0,147.0,85.0,3.0,530.0,148.0,1
8.0,345.0,216.0,16.0,3.0,781.0,134.0,1
10.0,3534.0,162.0,80.0,3.0,390.0,80.0,1
1.0,1526.0,80.0,173.0,5.0,1235.0,135.0,1
16.0,2766.0,158.0,135.0,4.0,964.0,64.0,1
16.0,2629.0,121.0,58.0,3.0,1005.0,87.0,1
13.0,852.0,253.0,243.0,5.0,748.0,96.0,1
12.0,6988.0,65.0,79.0,7.0,844.0,40.0,1
12.0,6910.0,34.0,79.0,5.0,1142.0,108.0,1
5.0,1632.0,198.0,261.0,3.0,1100.0,219.0,1
5.0,2083.0,261.0,153.0,6.0,1200.0,87.0,1
4.0,582.0,135.0,35.0,4.0,1125.0,225.0,1
8.0,31.0,175.0,16.0,3.0,1120.0,115.0,1
0.0,3804.0,58.0,16.0,5.0,335.0,128.0,1
5.0,1160.0,261.0,139.0,6.0,1020.0,193.0,1
13.0,751.0,204.0,79.0,7.0,1016.0,101.0,1
4.0,669.0,253.0,135.0,5.0,520.0,226.0,1
16.0,2631.0,135.0,158.0,5.0,885.0,54.0,1
1.0,1314.0,198.0,183.0,4.0,1085.0,110.0,1
16.0,3049.0,35.0,58.0,1.0,1070.0,122.0,1
4.0,1492.0,135.0,61.0,3.0,1165.0,153.0,1
16.0,2573.0,135.0,33.0,7.0,450.0,106.0,1
13.0,931.0,253.0,154.0,6.0,1150.0,90.0,1
12.0,3076.0,139.0,184.0,3.0,1217.0,63.0,1
13.0,627.0,78.0,208.0,7.0,1060.0,135.0,1
15.0,3920.0,204.0,79.0,4.0,755.0,100.0,1
5.0,2916.0,18.0,197.0,7.0,1065.0,161.0,1
10.0,2879.0,80.0,290.0,3.0,1170.0,70.0,1
5.0,2453.0,159.0,277.0,7.0,839.0,182.0,1
2.0,61.0,291.0,50.0,4.0,721.0,52.0,1
16.0,2684.0,177.0,135.0,3.0,390.0,104.0,1
5.0,22.0,252.0,16.0,4.0,701.0,284.0,1
5.0,1439.0,16.0,135.0,4.0,960.0,139.0,1
3.0,204.0,253.0,160.0,4.0,420.0,82.0,1
10.0,3905.0,76.0,208.0,7.0,475.0,80.0,1
11.0,6577.0,148.0,208.0,4.0,585.0,177.0,1
15.0,3836.0,154.0,153.0,4.0,805.0,65.0,1
6.0,5587.0,16.0,158.0,3.0,930.0,108.0,1
0.0,4330.0,233.0,148.0,7.0,975.0,120.0,1
5.0,2616.0,153.0,85.0,4.0,590.0,240.0,1
15.0,1123.0,175.0,104.0,5.0,720.0,180.0,1
14.0,1842.0,216.0,228.0,5.0,825.0,64.0,1
13.0,187.0,134.0,253.0,3.0,391.0,368.0,1
11.0,6461.0,35.0,148.0,7.0,450.0,87.0,1
17.0,1014.0,203.0,128.0,5.0,1020.0,32.0,1
5.0,1606.0,154.0,85.0,6.0,545.0,270.0,1
1.0,708.0,80.0,159.0,7.0,495.0,195.0,1
12.0,6390.0,253.0,264.0,1.0,617.0,85.0,1
1.0,1298.0,80.0,45.0,5.0,985.0,170.0,1
15.0,1481.0,79.0,243.0,4.0,520.0,145.0,1
15.0,713.0,204.0,172.0,7.0,585.0,70.0,1
16.0,2200.0,135.0,204.0,7.0,700.0,73.0,1
5.0,2036.0,85.0,45.0,4.0,450.0,95.0,1
6.0,5337.0,16.0,81.0,4.0,815.0,56.0,1
5.0,2630.0,197.0,35.0,4.0,420.0,166.0,1
6.0,5465.0,85.0,48.0,3.0,1295.0,64.0,1
3.0,326.0,104.0,22.0,3.0,1123.0,172.0,1
15.0,411.0,216.0,153.0,3.0,635.0,350.0,1
1.0,162.0,128.0,154.0,6.0,810.0,330.0,1
12.0,6519.0,258.0,154.0,1.0,1085.0,76.0,1
15.0,2055.0,217.0,162.0,6.0,945.0,160.0,1
14.0,191.0,216.0,217.0,7.0,935.0,320.0,1
5.0,2273.0,16.0,183.0,6.0,1315.0,117.0,1
13.0,876.0,252.0,79.0,7.0,683.0,156.0,1
14.0,1024.0,260.0,216.0,6.0,940.0,241.0,1
12.0,4453.0,261.0,214.0,4.0,1010.0,112.0,1
12.0,7006.0,214.0,154.0,7.0,442.0,138.0,1
4.0,1544.0,135.0,58.0,5.0,625.0,158.0,1
10.0,3482.0,162.0,80.0,5.0,695.0,70.0,1
5.0,1568.0,154.0,197.0,5.0,1130.0,209.0,1
5.0,1985.0,76.0,16.0,1.0,350.0,114.0,1
16.0,3046.0,177.0,96.0,5.0,775.0,155.0,1
12.0,6968.0,79.0,280.0,5.0,915.0,118.0,1
15.0,1180.0,207.0,217.0,3.0,960.0,75.0,1
1.0,1747.0,78.0,80.0,6.0,835.0,220.0,1
14.0,846.0,60.0,216.0,1.0,785.0,101.0,1
5.0,1180.0,261.0,173.0,1.0,1019.0,254.0,1
12.0,6253.0,244.0,253.0,4.0,462.0,235.0,1
15.0,3494.0,153.0,154.0,5.0,400.0,65.0,1
12.0,6273.0,111.0,252.0,1.0,700.0,72.0,1
12.0,6721.0,208.0,91.0,7.0,1145.0,194.0,1
3.0,325.0,22.0,104.0,1.0,440.0,197.0,1
8.0,443.0,104.0,184.0,7.0,725.0,196.0,1
5.0,2769.0,16.0,173.0,1.0,1025.0,91.0,1
7.0,214.0,79.0,18.0,7.0,1185.0,124.0,1
1.0,379.0,80.0,264.0,3.0,1100.0,195.0,1
15.0,1289.0,217.0,244.0,4.0,800.0,125.0,1
1.0,1467.0,198.0,80.0,5.0,400.0,100.0,1
15.0,3506.0,217.0,202.0,4.0,430.0,125.0,1
14.0,630.0,217.0,221.0,7.0,815.0,229.0,1
14.0,2038.0,78.0,35.0,4.0,930.0,88.0,1
3.0,747.0,173.0,260.0,6.0,1220.0,157.0,1
12.0,4510.0,261.0,79.0,6.0,660.0,95.0,1
6.0,4990.0,27.0,16.0,3.0,840.0,67.0,1
5.0,2029.0,197.0,277.0,3.0,795.0,189.0,1
10.0,3219.0,80.0,129.0,4.0,520.0,65.0,1
15.0,617.0,61.0,175.0,7.0,1140.0,75.0,1
17.0,7286.0,208.0,273.0,5.0,1086.0,101.0,1
15.0,107.0,175.0,216.0,5.0,375.0,125.0,1
14.0,1290.0,216.0,159.0,7.0,1370.0,50.0,1
1.0,589.0,80.0,204.0,6.0,1000.0,55.0,1
6.0,5146.0,16.0,180.0,7.0,1125.0,57.0,1
5.0,2962.0,154.0,148.0,3.0,1290.0,316.0,1
12.0,3047.0,184.0,221.0,3.0,940.0,85.0,1
5.0,1749.0,16.0,253.0,5.0,1145.0,332.0,1
1.0,457.0,183.0,268.0,4.0,545.0,165.0,1
5.0,1964.0,16.0,261.0,4.0,1025.0,253.0,1
10.0,4329.0,148.0,71.0,4.0,1020.0,145.0,1
10.0,3717.0,135.0,208.0,7.0,1130.0,155.0,1
13.0,188.0,208.0,277.0,7.0,812.0,163.0,1
12.0,4644.0,197.0,112.0,5.0,550.0,75.0,1
5.0,1072.0,198.0,16.0,6.0,1125.0,93.0,1
6.0,5310.0,16.0,11.0,7.0,735.0,51.0,1
0.0,4223.0,85.0,109.0,5.0,1055.0,58.0,1
15.0,2012.0,236.0,258.0,5.0,620.0,60.0,1
5.0,1278.0,16.0,175.0,1.0,730.0,115.0,1
5.0,1644.0,16.0,60.0,4.0,1040.0,79.0,1
5.0,2444.0,153.0,71.0,3.0,684.0,226.0,1
5.0,1550.0,153.0,197.0,1.0,420.0,193.0,1
15.0,1967.0,252.0,202.0,6.0,1150.0,125.0,1
14.0,239.0,217.0,85.0,5.0,1180.0,220.0,1
16.0,2585.0,96.0,208.0,7.0,1010.0,154.0,1
4.0,1644.0,135.0,262.0,6.0,1255.0,244.0,1
15.0,2603.0,79.0,85.0,6.0,675.0,170.0,1
0.0,3988.0,85.0,237.0,6.0,910.0,95.0,1
1.0,2463.0,208.0,172.0,1.0,490.0,90.0,1
3.0,733.0,35.0,260.0,7.0,475.0,237.0,1
12.0,4652.0,112.0,197.0,3.0,655.0,80.0,1
14.0,1737.0,78.0,60.0,7.0,730.0,85.0,1
15.0,160.0,262.0,207.0,5.0,835.0,75.0,1
15.0,2036.0,27.0,173.0,1.0,530.0,90.0,1
15.0,2529.0,217.0,184.0,7.0,765.0,205.0,1
17.0,2697.0,217.0,160.0,3.0,1266.0,82.0,1
5.0,1249.0,229.0,16.0,3.0,360.0,192.0,1
1.0,1879.0,277.0,183.0,5.0,585.0,65.0,1
5.0,2753.0,159.0,277.0,5.0,470.0,188.0,1
16.0,2673.0,85.0,135.0,6.0,712.0,172.0,1
10.0,2862.0,80.0,84.0,1.0,860.0,110.0,1
9.0,166.0,128.0,203.0,7.0,740.0,38.0,1
12.0,4590.0,261.0,79.0,6.0,510.0,85.0,1
5.0,1052.0,87.0,16.0,6.0,715.0,73.0,1
4.0,446.0,135.0,208.0,4.0,705.0,154.0,1
3.0,190.0,153.0,148.0,7.0,657.0,300.0,1
11.0,6513.0,85.0,69.0,5.0,825.0,76.0,1
16.0,2077.0,96.0,245.0,7.0,982.0,141.0,1
6.0,7129.0,42.0,134.0,6.0,1162.0,101.0,1
10.0,4319.0,208.0,132.0,1.0,790.0,105.0,1
10.0,4484.0,159.0,33.0,1.0,660.0,160.0,1
15.0,2807.0,2.0,129.0,7.0,895.0,120.0,1
7.0,765.0,18.0,79.0,6.0,380.0,133.0,1
17.0,7247.0,134.0,16.0,6.0,737.0,116.0,1
9.0,256.0,128.0,203.0,4.0,610.0,37.0,1
12.0,4720.0,197.0,112.0,6.0,790.0,75.0,1
11.0,6498.0,208.0,16.0,7.0,350.0,128.0,1
10.0,2909.0,80.0,285.0,3.0,1110.0,115.0,1
1.0,1255.0,80.0,252.0,5.0,990.0,260.0,1
10.0,2723.0,13.0,80.0,7.0,895.0,65.0,1
14.0,522.0,96.0,217.0,5.0,390.0,345.0,1
15.0,400.0,175.0,205.0,3.0,1240.0,90.0,1
5.0,2350.0,214.0,16.0,4.0,722.0,278.0,1
15.0,468.0,111.0,34.0,7.0,410.0,65.0,1
13.0,502.0,208.0,159.0,7.0,1085.0,135.0,1
4.0,545.0,96.0,233.0,7.0,920.0,100.0,1
5.0,2406.0,197.0,139.0,5.0,1160.0,98.0,1
15.0,2690.0,261.0,202.0,7.0,825.0,125.0,1
1.0,732.0,80.0,159.0,6.0,815.0,205.0,1
1.0,1975.0,233.0,208.0,1.0,675.0,130.0,1
5.0,1650.0,153.0,197.0,6.0,558.0,192.0,1
11.0,6599.0,268.0,71.0,4.0,960.0,72.0,1
15.0,525.0,154.0,18.0,5.0,580.0,170.0,1
1.0,1073.0,80.0,79.0,4.0,825.0,120.0,1
12.0,6604.0,79.0,16.0,4.0,611.0,174.0,1
15.0,3659.0,27.0,75.0,4.0,820.0,120.0,1
12.0,6390.0,253.0,264.0,3.0,611.0,85.0,1
15.0,767.0,244.0,153.0,5.0,905.0,175.0,1
15.0,377.0,91.0,217.0,5.0,1040.0,75.0,1
6.0,5271.0,16.0,290.0,1.0,970.0,116.0,1
13.0,27.0,148.0,154.0,5.0,930.0,383.0,1
8.0,407.0,139.0,16.0,3.0,776.0,93.0,1
1.0,2200.0,153.0,80.0,4.0,850.0,165.0,1
13.0,81.0,154.0,128.0,6.0,545.0,334.0,1
13.0,972.0,253.0,208.0,1.0,604.0,256.0,1
6.0,5473.0,16.0,158.0,3.0,1227.0,107.0,1
0.0,3750.0,85.0,152.0,1.0,830.0,50.0,1
5.0,1448.0,85.0,159.0,7.0,1300.0,106.0,1
12.0,4576.0,197.0,157.0,5.0,925.0,120.0,1
15.0,462.0,264.0,253.0,7.0,500.0,80.0,1
5.0,2001.0,35.0,16.0,1.0,810.0,173.0,1
15.0,878.0,175.0,244.0,3.0,1090.0,185.0,1
17.0,2878.0,217.0,91.0,4.0,790.0,75.0,1
15.0,882.0,209.0,147.0,1.0,930.0,105.0,1
13.0,438.0,154.0,208.0,5.0,1058.0,239.0,1
4.0,596.0,153.0,135.0,5.0,765.0,178.0,1
15.0,2891.0,175.0,134.0,1.0,360.0,105.0,1
4.0,348.0,96.0,253.0,1.0,1080.0,385.0,1
13.0,866.0,153.0,208.0,1.0,1095.0,218.0,1
1.0,1505.0,80.0,243.0,7.0,1035.0,190.0,1
12.0,6748.0,57.0,154.0,6.0,1030.0,39.0,1
15.0,1344.0,104.0,228.0,6.0,870.0,180.0,1
14.0,997.0,221.0,60.0,4.0,730.0,93.0,1
15.0,568.0,27.0,217.0,7.0,375.0,240.0,1
15.0,653.0,154.0,33.0,1.0,520.0,230.0,1
15.0,102.0,253.0,243.0,7.0,875.0,85.0,1
1.0,2431.0,80.0,154.0,6.0,740.0,200.0,1
15.0,131.0,175.0,141.0,3.0,1180.0,125.0,1
8.0,722.0,198.0,45.0,4.0,1032.0,139.0,1
14.0,256.0,217.0,216.0,5.0,955.0,258.0,1
14.0,1522.0,60.0,216.0,3.0,980.0,107.0,1
1.0,485.0,208.0,279.0,3.0,1235.0,115.0,1
6.0,5173.0,16.0,27.0,3.0,570.0,59.0,1
16.0,2972.0,135.0,279.0,7.0,1180.0,93.0,1
12.0,6560.0,279.0,79.0,7.0,788.0,105.0,1
14.0,1526.0,79.0,60.0,7.0,725.0,183.0,1
1.0,1099.0,139.0,80.0,3.0,475.0,150.0,1
15.0,1385.0,153.0,175.0,7.0,865.0,220.0,1
12.0,6844.0,85.0,208.0,7.0,455.0,85.0,1
12.0,4703.0,172.0,261.0,4.0,865.0,162.0,1
1.0,2202.0,183.0,80.0,6.0,1235.0,190.0,1
1.0,1832.0,227.0,208.0,1.0,800.0,245.0,1
8.0,234.0,234.0,16.0,7.0,385.0,107.0,1
14.0,358.0,60.0,197.0,4.0,1335.0,158.0,1
11.0,6706.0,85.0,234.0,5.0,625.0,101.0,1
6.0,5020.0,16.0,17.0,4.0,1079.0,131.0,1
5.0,2270.0,85.0,148.0,4.0,930.0,130.0,1
12.0,4628.0,261.0,224.0,4.0,1310.0,101.0,1
15.0,2264.0,45.0,182.0,5.0,575.0,75.0,1
4.0,209.0,135.0,214.0,5.0,1270.0,274.0,1
15.0,885.0,262.0,154.0,7.0,520.0,80.0,1
16.0,2473.0,182.0,96.0,5.0,960.0,87.0,1
12.0,4788.0,268.0,197.0,7.0,755.0,97.0,1
3.0,338.0,173.0,134.0,3.0,1220.0,120.0,1
14.0,1761.0,35.0,60.0,7.0,675.0,143.0,1
12.0,6408.0,93.0,253.0,7.0,894.0,87.0,1
8.0,242.0,16.0,213.0,7.0,1265.0,107.0,1
15.0,1775.0,233.0,216.0,5.0,855.0,80.0,1
15.0,2377.0,221.0,173.0,4.0,375.0,150.0,1
1.0,1093.0,96.0,80.0,4.0,450.0,250.0,1
1.0,1672.0,80.0,183.0,7.0,1110.0,155.0,1
16.0,2790.0,135.0,290.0,1.0,606.0,81.0,1
0.0,4198.0,78.0,148.0,1.0,660.0,75.0,1
2.0,42.0,23.0,14.0,6.0,543.0,68.0,1
4.0,1014.0,80.0,135.0,5.0,430.0,66.0,1
16.0,2541.0,58.0,60.0,3.0,465.0,88.0,1
8.0,221.0,184.0,16.0,3.0,1000.0,124.0,1
13.0,8.0,264.0,253.0,4.0,405.0,101.0,1
13.0,759.0,208.0,253.0,1.0,540.0,290.0,1
5.0,1496.0,79.0,197.0,5.0,550.0,121.0,1
10.0,3779.0,208.0,198.0,3.0,1165.0,140.0,1
17.0,2697.0,18.0,217.0,4.0,1124.0,156.0,1
14.0,1723.0,60.0,104.0,6.0,1100.0,122.0,1
12.0,4627.0,127.0,261.0,5.0,785.0,77.0,1
13.0,968.0,153.0,208.0,7.0,1419.0,210.0,1
6.0,5254.0,16.0,174.0,4.0,895.0,110.0,1
0.0,4172.0,177.0,139.0,6.0,525.0,85.0,1
14.0,912.0,60.0,45.0,7.0,1205.0,83.0,1
4.0,480.0,153.0,58.0,1.0,677.0,233.0,1
15.0,2505.0,33.0,173.0,6.0,1000.0,105.0,1
9.0,240.0,161.0,128.0,5.0,1060.0,30.0,1
0.0,4069.0,197.0,205.0,5.0,1030.0,75.0,1
5.0,2488.0,277.0,71.0,7.0,808.0,132.0,1
15.0,588.0,221.0,45.0,3.0,625.0,60.0,1
15.0,20.0,45.0,129.0,4.0,465.0,225.0,1
12.0,6257.0,208.0,99.0,6.0,875.0,113.0,1
13.0,199.0,173.0,208.0,3.0,863.0,177.0,1
6.0,5611.0,16.0,115.0,3.0,505.0,78.0,1
15.0,516.0,159.0,45.0,6.0,930.0,60.0,1
13.0,143.0,277.0,208.0,1.0,380.0,170.0,1
1.0,1002.0,80.0,268.0,4.0,600.0,95.0,1
5.0,1480.0,253.0,16.0,1.0,435.0,269.0,1
7.0,290.0,79.0,268.0,7.0,905.0,115.0,1
5.0,2570.0,154.0,261.0,5.0,375.0,119.0,1
1.0,735.0,78.0,183.0,4.0,1090.0,160.0,1
5.0,2058.0,173.0,148.0,3.0,1125.0,156.0,1
12.0,4454.0,102.0,197.0,5.0,840.0,160.0,1
15.0,468.0,111.0,34.0,4.0,410.0,65.0,1
7.0,373.0,184.0,79.0,7.0,1139.0,153.0,1
15.0,1318.0,75.0,91.0,6.0,690.0,105.0,1
11.0,6577.0,148.0,208.0,6.0,585.0,177.0,1
1.0,2065.0,178.0,80.0,6.0,380.0,95.0,1
8.0,1945.0,16.0,104.0,7.0,560.0,112.0,1
12.0,6589.0,154.0,280.0,7.0,1280.0,80.0,1
9.0,18.0,128.0,153.0,5.0,925.0,345.0,1
4.0,1431.0,35.0,58.0,5.0,1070.0,126.0,1
10.0,2935.0,195.0,80.0,1.0,390.0,160.0,1
12.0,6972.0,24.0,154.0,1.0,550.0,52.0,1
10.0,3267.0,80.0,162.0,4.0,990.0,70.0,1
16.0,5999.0,279.0,208.0,5.0,863.0,117.0,1
1.0,576.0,80.0,136.0,1.0,960.0,75.0,1
10.0,4035.0,208.0,193.0,6.0,1120.0,80.0,1
15.0,1216.0,33.0,85.0,4.0,1200.0,95.0,1
15.0,1118.0,91.0,154.0,7.0,1135.0,130.0,1
5.0,1959.0,148.0,173.0,3.0,495.0,188.0,1
12.0,6480.0,140.0,292.0,1.0,346.0,34.0,1
12.0,6712.0,79.0,83.0,4.0,1308.0,62.0,1
15.0,950.0,244.0,75.0,1.0,840.0,55.0,1
0.0,3857.0,16.0,204.0,1.0,954.0,141.0,1
15.0,1945.0,252.0,79.0,1.0,365.0,160.0,1
10.0,4277.0,71.0,148.0,6.0,775.0,120.0,1
1.0,1106.0,80.0,35.0,7.0,480.0,210.0,1
15.0,3420.0,217.0,153.0,3.0,465.0,65.0,1
0.0,4244.0,85.0,21.0,1.0,735.0,53.0,1
2.0,324.0,252.0,258.0,6.0,570.0,131.0,1
16.0,2510.0,58.0,182.0,3.0,479.0,92.0,1
10.0,4432.0,78.0,33.0,5.0,1015.0,120.0,1
0.0,4079.0,254.0,177.0,3.0,695.0,68.0,1
11.0,6769.0,16.0,132.0,1.0,672.0,72.0,1
1.0,1875.0,80.0,217.0,5.0,1150.0,160.0,1
14.0,1223.0,273.0,78.0,1.0,370.0,82.0,1
15.0,413.0,258.0,154.0,3.0,675.0,70.0,1
5.0,2449.0,33.0,261.0,7.0,450.0,240.0,1
1.0,705.0,159.0,80.0,3.0,365.0,250.0,1
5.0,1453.0,197.0,252.0,3.0,585.0,223.0,1
10.0,3181.0,258.0,154.0,5.0,775.0,75.0,1
6.0,5218.0,16.0,279.0,3.0,550.0,133.0,1
10.0,2742.0,290.0,80.0,6.0,595.0,75.0,1
14.0,966.0,60.0,33.0,3.0,707.0,88.0,1
13.0,622.0,197.0,208.0,5.0,882.0,86.0,1
10.0,3206.0,113.0,80.0,4.0,675.0,55.0,1
15.0,226.0,173.0,216.0,1.0,495.0,145.0,1
0.0,4341.0,233.0,277.0,4.0,860.0,120.0,1
2.0,124.0,98.0,252.0,4.0,525.0,225.0,1
5.0,1824.0,16.0,45.0,7.0,895.0,107.0,1
12.0,4685.0,230.0,197.0,4.0,600.0,90.0,1
4.0,460.0,96.0,244.0,3.0,1175.0,276.0,1
12.0,6860.0,2.0,79.0,5.0,604.0,76.0,1
7.0,265.0,264.0,79.0,4.0,405.0,145.0,1
12.0,6660.0,154.0,100.0,7.0,985.0,73.0,1
14.0,92.0,197.0,217.0,1.0,880.0,204.0,1
16.0,2204.0,135.0,41.0,3.0,860.0,59.0,1
8.0,192.0,16.0,78.0,4.0,995.0,101.0,1
0.0,4270.0,221.0,177.0,4.0,1052.0,137.0,1
8.0,120.0,80.0,16.0,7.0,535.0,125.0,1
6.0,5137.0,16.0,41.0,7.0,1220.0,97.0,1
3.0,24.0,277.0,148.0,1.0,691.0,153.0,1
3.0,1245.0,35.0,60.0,5.0,535.0,144.0,1
15.0,795.0,204.0,129.0,3.0,1075.0,80.0,1
1.0,1002.0,80.0,268.0,5.0,600.0,95.0,1
2.0,754.0,252.0,268.0,5.0,675.0,225.0,1
5.0,1979.0,27.0,16.0,3.0,405.0,69.0,1
15.0,940.0,175.0,205.0,5.0,635.0,85.0,1
8.0,841.0,16.0,173.0,7.0,1137.0,86.0,1
16.0,2417.0,204.0,135.0,6.0,475.0,84.0,1
5.0,2686.0,16.0,159.0,7.0,1120.0,136.0,1
6.0,5236.0,288.0,177.0,7.0,685.0,93.0,1
16.0,2635.0,182.0,58.0,7.0,598.0,110.0,1
1.0,522.0,214.0,80.0,1.0,945.0,215.0,1
14.0,1983.0,60.0,16.0,1.0,480.0,90.0,1
14.0,254.0,217.0,216.0,7.0,480.0,263.0,1
10.0,2967.0,80.0,41.0,4.0,845.0,80.0,1
15.0,2903.0,75.0,198.0,5.0,885.0,80.0,1
4.0,414.0,80.0,135.0,5.0,581.0,62.0,1
8.0,762.0,16.0,213.0,5.0,757.0,108.0,1
1.0,5.0,80.0,128.0,5.0,820.0,520.0,1
0.0,3769.0,234.0,148.0,5.0,1120.0,120.0,1
5.0,1425.0,16.0,277.0,4.0,1145.0,94.0,1
14.0,1815.0,216.0,60.0,6.0,705.0,109.0,1
5.0,1009.0,197.0,16.0,4.0,550.0,154.0,1
3.0,708.0,260.0,148.0,4.0,893.0,246.0,1
5.0,2855.0,71.0,277.0,5.0,970.0,124.0,1
7.0,465.0,219.0,184.0,7.0,723.0,168.0,1
5.0,1097.0,139.0,16.0,5.0,1027.0,102.0,1
10.0,3013.0,79.0,154.0,6.0,1185.0,155.0,1
5.0,1614.0,104.0,148.0,1.0,746.0,179.0,1
10.0,3781.0,162.0,208.0,1.0,350.0,105.0,1
9.0,123.0,128.0,161.0,3.0,456.0,36.0,1
10.0,2947.0,108.0,80.0,7.0,1105.0,65.0,1
14.0,2171.0,159.0,78.0,7.0,660.0,76.0,1
15.0,35.0,75.0,129.0,3.0,900.0,65.0,1
0.0,4359.0,240.0,197.0,6.0,590.0,50.0,1
1.0,2428.0,154.0,80.0,1.0,540.0,190.0,1
13.0,82.0,154.0,148.0,6.0,1360.0,320.0,1
1.0,1517.0,244.0,80.0,6.0,820.0,70.0,1
0.0,3748.0,177.0,108.0,7.0,565.0,79.0,1
3.0,38.0,148.0,238.0,3.0,1200.0,86.0,1
5.0,1235.0,261.0,34.0,7.0,680.0,71.0,1
5.0,2098.0,16.0,61.0,6.0,1310.0,98.0,1
4.0,1704.0,135.0,204.0,4.0,1265.0,81.0,1
0.0,3820.0,85.0,221.0,7.0,925.0,66.0,1
0.0,4062.0,147.0,177.0,5.0,1065.0,118.0,1
3.0,24.0,277.0,148.0,6.0,691.0,153.0,1
14.0,1684.0,104.0,60.0,3.0,505.0,115.0,1
3.0,1439.0,253.0,160.0,4.0,1079.0,80.0,1
15.0,1003.0,104.0,277.0,5.0,825.0,60.0,1
5.0,1230.0,16.0,197.0,7.0,615.0,176.0,1
14.0,1543.0,60.0,252.0,3.0,1085.0,352.0,1
10.0,4049.0,208.0,139.0,6.0,895.0,60.0,1
16.0,5992.0,208.0,273.0,4.0,530.0,100.0,1
10.0,3031.0,154.0,243.0,5.0,870.0,45.0,1
12.0,3111.0,48.0,184.0,5.0,640.0,84.0,1
12.0,6537.0,208.0,185.0,3.0,1075.0,51.0,1
12.0,6325.0,154.0,243.0,1.0,666.0,46.0,1
15.0,682.0,217.0,279.0,5.0,625.0,140.0,1
12.0,4816.0,261.0,79.0,4.0,920.0,88.0,1
5.0,2360.0,183.0,16.0,1.0,770.0,117.0,1
15.0,922.0,262.0,264.0,5.0,425.0,90.0,1
12.0,6827.0,208.0,177.0,3.0,1266.0,100.0,1
5.0,2195.0,139.0,154.0,7.0,1115.0,277.0,1
10.0,3655.0,183.0,234.0,4.0,1220.0,140.0,1
12.0,4574.0,153.0,261.0,4.0,480.0,88.0,1
15.0,1030.0,251.0,173.0,4.0,990.0,125.0,1
1.0,20.0,253.0,148.0,4.0,885.0,325.0,1
10.0,3027.0,154.0,194.0,7.0,1200.0,65.0,1
16.0,2353.0,135.0,16.0,7.0,1265.0,108.0,1
16.0,2098.0,68.0,135.0,4.0,670.0,62.0,1
2.0,605.0,153.0,252.0,4.0,790.0,164.0,1
15.0,960.0,228.0,175.0,5.0,1005.0,165.0,1
4.0,734.0,217.0,96.0,4.0,465.0,273.0,1
6.0,4997.0,16.0,41.0,6.0,1031.0,93.0,1
5.0,427.0,16.0,260.0,5.0,1049.0,214.0,1
7.0,400.0,154.0,79.0,3.0,545.0,140.0,1
11.0,6382.0,85.0,132.0,3.0,520.0,122.0,1
5.0,64.0,153.0,16.0,4.0,742.0,232.0,1
0.0,4099.0,16.0,279.0,3.0,650.0,125.0,1
14.0,366.0,262.0,217.0,3.0,971.0,106.0,1
15.0,2349.0,12.0,175.0,5.0,410.0,145.0,1
1.0,2435.0,208.0,217.0,5.0,815.0,235.0,1
5.0,1411.0,85.0,79.0,1.0,715.0,190.0,1
11.0,6681.0,85.0,21.0,3.0,1040.0,56.0,1
11.0,6468.0,148.0,35.0,4.0,1135.0,95.0,1
5.0,1234.0,261.0,264.0,4.0,520.0,122.0,1
15.0,60.0,129.0,75.0,3.0,1260.0,55.0,1
5.0,2352.0,213.0,16.0,5.0,886.0,113.0,1
1.0,2065.0,80.0,79.0,6.0,525.0,125.0,1
10.0,4261.0,279.0,208.0,7.0,880.0,115.0,1
15.0,1532.0,146.0,45.0,7.0,865.0,130.0,1
14.0,1129.0,234.0,60.0,5.0,1190.0,78.0,1
0.0,3850.0,85.0,221.0,5.0,445.0,68.0,1
15.0,1931.0,216.0,268.0,1.0,885.0,160.0,1
4.0,1554.0,96.0,213.0,1.0,460.0,178.0,1
1.0,2352.0,80.0,208.0,5.0,845.0,135.0,1
12.0,6379.0,154.0,248.0,4.0,470.0,61.0,1
5.0,2801.0,45.0,197.0,3.0,865.0,170.0,1
15.0,582.0,111.0,252.0,1.0,1090.0,65.0,1
0.0,3895.0,247.0,85.0,6.0,930.0,63.0,1
1.0,2031.0,80.0,153.0,3.0,920.0,175.0,1
15.0,598.0,79.0,111.0,1.0,515.0,150.0,1
2.0,11.0,96.0,252.0,7.0,450.0,375.0,1
2.0,495.0,243.0,252.0,3.0,510.0,183.0,1
1.0,22.0,154.0,148.0,5.0,900.0,315.0,1
17.0,2850.0,292.0,217.0,5.0,1155.0,70.0,1
10.0,3048.0,154.0,243.0,7.0,1240.0,45.0,1
1.0,1602.0,91.0,80.0,6.0,360.0,100.0,1
15.0,2622.0,35.0,216.0,7.0,1220.0,100.0,1
16.0,2339.0,58.0,117.0,5.0,910.0,83.0,1
0.0,3786.0,177.0,108.0,4.0,1160.0,74.0,1
15.0,1949.0,104.0,277.0,4.0,395.0,60.0,1
5.0,2561.0,216.0,16.0,1.0,615.0,150.0,1
15.0,822.0,35.0,45.0,5.0,920.0,90.0,1
16.0,3043.0,61.0,96.0,1.0,660.0,99.0,1
15.0,2022.0,153.0,154.0,5.0,660.0,70.0,1
15.0,668.0,175.0,18.0,5.0,920.0,170.0,1
1.0,394.0,208.0,159.0,4.0,435.0,120.0,1
12.0,6424.0,208.0,184.0,6.0,715.0,42.0,1
13.0,723.0,80.0,79.0,5.0,938.0,128.0,1
9.0,167.0,150.0,128.0,7.0,698.0,42.0,1
6.0,5250.0,78.0,35.0,3.0,595.0,94.0,1
12.0,6505.0,163.0,253.0,7.0,315.0,95.0,1
5.0,1231.0,214.0,261.0,6.0,627.0,103.0,1
5.0,1878.0,245.0,16.0,5.0,453.0,80.0,1
15.0,1930.0,262.0,44.0,4.0,885.0,70.0,1
10.0,4243.0,233.0,208.0,5.0,400.0,140.0,1
2.0,867.0,252.0,203.0,7.0,985.0,369.0,1
8.0,482.0,173.0,45.0,6.0,1059.0,126.0,1
12.0,6764.0,164.0,79.0,1.0,408.0,97.0,1
1.0,823.0,136.0,80.0,5.0,885.0,80.0,1
12.0,6325.0,154.0,243.0,3.0,666.0,46.0,1
8.0,94.0,233.0,16.0,1.0,944.0,77.0,1
5.0,680.0,16.0,96.0,7.0,515.0,136.0,1
14.0,945.0,60.0,147.0,4.0,700.0,85.0,1
14.0,74.0,216.0,252.0,4.0,1070.0,368.0,1
8.0,377.0,184.0,277.0,1.0,905.0,160.0,1
5.0,1395.0,35.0,159.0,3.0,1050.0,73.0,1
11.0,6322.0,177.0,61.0,3.0,860.0,93.0,1
13.0,980.0,208.0,153.0,5.0,501.0,246.0,1
5.0,2415.0,148.0,104.0,5.0,595.0,183.0,1
14.0,27.0,173.0,217.0,1.0,435.0,298.0,1
12.0,6497.0,79.0,162.0,4.0,651.0,125.0,1
15.0,1769.0,233.0,33.0,1.0,440.0,95.0,1
10.0,4260.0,45.0,208.0,7.0,360.0,140.0,1
14.0,371.0,96.0,217.0,7.0,995.0,332.0,1
0.0,4315.0,76.0,197.0,4.0,807.0,118.0,1
14.0,493.0,217.0,79.0,6.0,1190.0,110.0,1
16.0,2576.0,135.0,27.0,7.0,660.0,93.0,1
17.0,7304.0,134.0,147.0,4.0,737.0,116.0,1
1.0,1225.0,65.0,80.0,7.0,360.0,120.0,1
3.0,440.0,173.0,35.0,6.0,1145.0,165.0,1
0.0,4223.0,85.0,109.0,1.0,1055.0,58.0,1
15.0,2372.0,236.0,153.0,4.0,1090.0,70.0,1
6.0,5104.0,32.0,16.0,1.0,719.0,104.0,1
7.0,400.0,154.0,79.0,5.0,545.0,140.0,1
13.0,342.0,79.0,35.0,5.0,996.0,224.0,1
13.0,909.0,208.0,79.0,1.0,910.0,170.0,1
6.0,5125.0,16.0,58.0,1.0,715.0,103.0,1
4.0,1603.0,135.0,18.0,3.0,1075.0,58.0,1
12.0,6663.0,93.0,79.0,1.0,889.0,145.0,1
5.0,332.0,213.0,16.0,6.0,657.0,107.0,1
15.0,1590.0,153.0,172.0,1.0,505.0,165.0,1
12.0,6671.0,55.0,253.0,4.0,1051.0,59.0,1
12.0,6327.0,154.0,243.0,5.0,731.0,48.0,1
8.0,161.0,16.0,260.0,7.0,550.0,209.0,1
16.0,2149.0,42.0,96.0,7.0,745.0,94.0,1
16.0,2333.0,135.0,85.0,3.0,445.0,177.0,1
10.0,4366.0,208.0,71.0,4.0,1000.0,75.0,1
10.0,4263.0,285.0,208.0,5.0,1185.0,115.0,1
5.0,1561.0,216.0,16.0,1.0,840.0,147.0,1
10.0,4220.0,208.0,33.0,6.0,620.0,90.0,1
16.0,2514.0,131.0,135.0,1.0,485.0,70.0,1
5.0,1477.0,208.0,16.0,6.0,420.0,125.0,1
7.0,789.0,79.0,153.0,5.0,1285.0,113.0,1
12.0,6673.0,194.0,253.0,3.0,561.0,44.0,1
1.0,1606.0,80.0,61.0,7.0,860.0,140.0,1
15.0,1440.0,202.0,243.0,7.0,1120.0,85.0,1
5.0,8.0,135.0,16.0,4.0,955.0,132.0,1
17.0,7296.0,134.0,22.0,6.0,750.0,73.0,1
13.0,261.0,253.0,154.0,6.0,369.0,95.0,1
6.0,5100.0,132.0,16.0,4.0,788.0,70.0,1
16.0,2562.0,135.0,75.0,4.0,1050.0,61.0,1
10.0,3024.0,154.0,236.0,6.0,750.0,90.0,1
15.0,525.0,75.0,172.0,4.0,980.0,85.0,1
5.0,2600.0,197.0,45.0,5.0,1140.0,143.0,1
1.0,1807.0,96.0,80.0,5.0,575.0,260.0,1
5.0,2469.0,16.0,173.0,6.0,845.0,91.0,1
6.0,7387.0,71.0,268.0,1.0,970.0,89.0,1
12.0,6643.0,230.0,79.0,3.0,879.0,77.0,1
12.0,6396.0,253.0,44.0,4.0,808.0,69.0,1
15.0,2640.0,153.0,262.0,5.0,925.0,90.0,1
1.0,2088.0,183.0,159.0,7.0,660.0,180.0,1
15.0,2987.0,45.0,182.0,7.0,715.0,75.0,1
14.0,351.0,217.0,197.0,1.0,790.0,186.0,1
6.0,5240.0,245.0,16.0,1.0,602.0,73.0,1
2.0,563.0,154.0,214.0,3.0,510.0,147.0,1
3.0,620.0,129.0,148.0,6.0,420.0,199.0,1
8.0,518.0,61.0,16.0,7.0,1118.0,107.0,1
6.0,5101.0,16.0,138.0,6.0,1140.0,88.0,1
0.0,4056.0,197.0,251.0,1.0,940.0,119.0,1
5.0,1250.0,172.0,16.0,7.0,910.0,120.0,1
15.0,541.0,258.0,252.0,3.0,1120.0,130.0,1
1.0,1112.0,183.0,96.0,6.0,605.0,170.0,1
3.0,375.0,159.0,104.0,1.0,577.0,186.0,1
3.0,686.0,78.0,35.0,7.0,940.0,84.0,1
16.0,5979.0,208.0,107.0,5.0,762.0,96.0,1
0.0,3684.0,221.0,148.0,7.0,380.0,106.0,1
10.0,2992.0,73.0,80.0,7.0,745.0,115.0,1
6.0,5086.0,16.0,27.0,4.0,930.0,55.0,1
1.0,1826.0,80.0,136.0,6.0,1225.0,70.0,1
5.0,328.0,146.0,16.0,3.0,370.0,83.0,1
3.0,376.0,104.0,159.0,5.0,762.0,168.0,1
14.0,2160.0,78.0,159.0,4.0,420.0,81.0,1
15.0,3846.0,85.0,268.0,3.0,1095.0,105.0,1
15.0,1715.0,154.0,18.0,5.0,885.0,170.0,1
11.0,6391.0,45.0,177.0,4.0,1030.0,160.0,1
12.0,4604.0,258.0,261.0,4.0,610.0,107.0,1
12.0,6635.0,55.0,253.0,4.0,888.0,59.0,1
6.0,5103.0,177.0,41.0,7.0,1165.0,73.0,1
3.0,572.0,213.0,130.0,4.0,435.0,158.0,1
10.0,4077.0,0.0,208.0,6.0,365.0,140.0,1
0.0,4264.0,223.0,16.0,7.0,709.0,70.0,1
10.0,4063.0,117.0,208.0,3.0,640.0,60.0,1
0.0,4399.0,107.0,197.0,4.0,665.0,66.0,1
1.0,850.0,183.0,134.0,6.0,1255.0,150.0,1
5.0,1969.0,16.0,173.0,7.0,540.0,98.0,1
10.0,4353.0,208.0,58.0,5.0,1170.0,80.0,1
12.0,4450.0,137.0,261.0,3.0,810.0,51.0,1
1.0,2423.0,213.0,208.0,4.0,690.0,190.0,1
1.0,581.0,78.0,268.0,1.0,430.0,140.0,1
12.0,4719.0,168.0,261.0,3.0,328.0,87.0,1
5.0,1493.0,85.0,172.0,1.0,723.0,130.0,1
10.0,3257.0,80.0,184.0,4.0,755.0,145.0,1
15.0,840.0,79.0,217.0,4.0,375.0,120.0,1
1.0,621.0,197.0,80.0,5.0,425.0,165.0,1
12.0,4824.0,261.0,65.0,3.0,1015.0,97.0,1
10.0,4312.0,109.0,208.0,3.0,425.0,60.0,1
13.0,244.0,79.0,208.0,6.0,626.0,143.0,1
15.0,2498.0,244.0,131.0,6.0,1040.0,55.0,1
15.0,973.0,45.0,159.0,4.0,1060.0,75.0,1
5.0,2253.0,197.0,252.0,1.0,1055.0,223.0,1
16.0,2770.0,135.0,213.0,5.0,825.0,144.0,1
5.0,2346.0,214.0,16.0,6.0,380.0,279.0,1
10.0,3025.0,154.0,243.0,7.0,400.0,45.0,1
13.0,296.0,79.0,236.0,7.0,1148.0,145.0,1
5.0,2299.0,16.0,85.0,5.0,1000.0,125.0,1
13.0,119.0,253.0,154.0,5.0,973.0,93.0,1
13.0,914.0,253.0,134.0,1.0,471.0,303.0,1
3.0,1276.0,173.0,35.0,1.0,661.0,162.0,1
1.0,312.0,80.0,241.0,1.0,890.0,145.0,1
13.0,34.0,253.0,148.0,3.0,1354.0,337.0,1
15.0,404.0,277.0,104.0,7.0,1180.0,55.0,1
8.0,189.0,78.0,16.0,1.0,765.0,118.0,1
15.0,497.0,228.0,45.0,1.0,650.0,80.0,1
6.0,5011.0,85.0,52.0,3.0,520.0,110.0,1
16.0,2546.0,58.0,197.0,5.0,1000.0,124.0,1
15.0,598.0,111.0,214.0,1.0,635.0,70.0,1
5.0,221.0,78.0,16.0,1.0,1080.0,115.0,1
9.0,10.0,128.0,154.0,3.0,480.0,325.0,1
11.0,6443.0,71.0,33.0,1.0,990.0,69.0,1
2.0,244.0,252.0,154.0,3.0,420.0,155.0,1
14.0,61.0,60.0,277.0,3.0,780.0,99.0,1
6.0,7367.0,177.0,275.0,5.0,865.0,89.0,1
8.0,102.0,16.0,80.0,1.0,986.0,147.0,1
12.0,6702.0,79.0,99.0,7.0,1236.0,111.0,1
12.0,6369.0,280.0,253.0,7.0,387.0,133.0,1
16.0,3151.0,285.0,135.0,3.0,710.0,139.0,1
1.0,161.0,154.0,203.0,6.0,1035.0,360.0,1
15.0,546.0,79.0,252.0,5.0,855.0,185.0,1
1.0,353.0,159.0,208.0,3.0,1180.0,155.0,1
15.0,3946.0,252.0,217.0,4.0,535.0,170.0,1
15.0,1944.0,202.0,252.0,3.0,545.0,125.0,1
5.0,1881.0,16.0,18.0,3.0,1145.0,161.0,1
0.0,4114.0,85.0,229.0,3.0,840.0,118.0,1
7.0,516.0,214.0,79.0,7.0,660.0,142.0,1
1.0,1637.0,173.0,208.0,3.0,390.0,185.0,1
14.0,399.0,60.0,153.0,1.0,800.0,298.0,1
3.0,37.0,148.0,277.0,6.0,470.0,176.0,1
11.0,6492.0,148.0,273.0,7.0,1305.0,92.0,1
1.0,1494.0,80.0,104.0,4.0,660.0,155.0,1
5.0,1440.0,241.0,16.0,1.0,480.0,114.0,1
10.0,3906.0,208.0,273.0,6.0,1125.0,115.0,1
15.0,170.0,153.0,217.0,4.0,875.0,70.0,1
5.0,1476.0,213.0,85.0,1.0,942.0,178.0,1
14.0,14.0,252.0,217.0,4.0,510.0,166.0,1
10.0,4031.0,181.0,208.0,4.0,410.0,115.0,1
15.0,1414.0,244.0,75.0,3.0,505.0,55.0,1
15.0,2181.0,236.0,217.0,1.0,900.0,100.0,1
9.0,9.0,154.0,128.0,1.0,1030.0,355.0,1
12.0,4440.0,261.0,135.0,4.0,580.0,180.0,1
0.0,4143.0,85.0,234.0,3.0,443.0,112.0,1
4.0,611.0,96.0,135.0,4.0,330.0,233.0,1
10.0,4414.0,233.0,148.0,3.0,370.0,95.0,1
15.0,3586.0,45.0,243.0,1.0,975.0,360.0,1
16.0,3103.0,273.0,58.0,4.0,1105.0,72.0,1
14.0,1155.0,216.0,183.0,1.0,460.0,180.0,1
5.0,1670.0,261.0,214.0,3.0,1220.0,123.0,1
5.0,2462.0,154.0,148.0,1.0,810.0,330.0,1
14.0,938.0,241.0,60.0,1.0,510.0,111.0,1
15.0,3830.0,268.0,216.0,1.0,615.0,130.0,1
6.0,5034.0,287.0,16.0,7.0,695.0,80.0,1
15.0,45.0,175.0,268.0,3.0,830.0,65.0,1
10.0,2875.0,80.0,290.0,3.0,1335.0,60.0,1
4.0,1810.0,262.0,135.0,1.0,360.0,220.0,1
12.0,6846.0,246.0,253.0,4.0,751.0,80.0,1
15.0,490.0,175.0,129.0,7.0,1025.0,170.0,1
2.0,65.0,149.0,14.0,4.0,780.0,107.0,1
6.0,5339.0,16.0,41.0,1.0,555.0,100.0,1
0.0,3930.0,197.0,21.0,3.0,1160.0,87.0,1
11.0,6397.0,273.0,148.0,1.0,370.0,90.0,1
3.0,1695.0,35.0,173.0,5.0,360.0,192.0,1
5.0,1758.0,54.0,16.0,1.0,390.0,75.0,1
5.0,328.0,146.0,16.0,5.0,370.0,83.0,1
15.0,28.0,35.0,45.0,3.0,365.0,110.0,1
13.0,623.0,78.0,208.0,5.0,952.0,125.0,1
0.0,3830.0,16.0,238.0,7.0,585.0,126.0,1
3.0,75.0,273.0,148.0,6.0,1013.0,85.0,1
12.0,6656.0,79.0,33.0,5.0,639.0,150.0,1
13.0,390.0,135.0,79.0,4.0,1137.0,162.0,1
10.0,4592.0,197.0,159.0,5.0,810.0,165.0,1
5.0,2513.0,197.0,16.0,6.0,380.0,167.0,1
1.0,1386.0,252.0,208.0,1.0,740.0,250.0,1
15.0,2992.0,268.0,33.0,4.0,845.0,60.0,1
14.0,1463.0,104.0,60.0,6.0,895.0,119.0,1
0.0,3982.0,94.0,85.0,4.0,420.0,95.0,1
4.0,1645.0,58.0,135.0,7.0,1077.0,190.0,1
8.0,149.0,85.0,16.0,5.0,1169.0,124.0,1
15.0,3659.0,173.0,33.0,4.0,660.0,115.0,1
7.0,557.0,79.0,243.0,6.0,510.0,142.0,1
15.0,259.0,172.0,173.0,7.0,1070.0,160.0,1
5.0,2867.0,177.0,85.0,7.0,1135.0,113.0,1
14.0,374.0,60.0,148.0,1.0,785.0,119.0,1
1.0,1406.0,80.0,132.0,3.0,540.0,95.0,1
5.0,1469.0,16.0,173.0,7.0,1215.0,85.0,1
15.0,1570.0,154.0,2.0,6.0,770.0,105.0,1
1.0,410.0,183.0,33.0,7.0,1305.0,135.0,1
9.0,236.0,128.0,203.0,6.0,1027.0,37.0,1
5.0,2432.0,85.0,241.0,5.0,1180.0,178.0,1
12.0,6386.0,253.0,34.0,1.0,959.0,92.0,1
12.0,6302.0,227.0,154.0,5.0,971.0,44.0,1
2.0,73.0,149.0,14.0,4.0,455.0,107.0,1
1.0,1382.0,183.0,96.0,3.0,1255.0,170.0,1
15.0,1118.0,45.0,33.0,4.0,800.0,120.0,1
8.0,276.0,16.0,35.0,4.0,1260.0,147.0,1
15.0,1585.0,175.0,61.0,5.0,390.0,70.0,1
8.0,868.0,197.0,16.0,5.0,420.0,156.0,1
5.0,2317.0,85.0,153.0,1.0,715.0,272.0,1
15.0,1200.0,154.0,280.0,6.0,1090.0,75.0,1
6.0,5012.0,16.0,136.0,5.0,1296.0,139.0,1
16.0,2855.0,132.0,135.0,7.0,745.0,114.0,1
16.0,2094.0,85.0,96.0,1.0,385.0,97.0,1
11.0,6257.0,197.0,71.0,7.0,535.0,120.0,1
3.0,677.0,148.0,154.0,7.0,1119.0,376.0,1
13.0,17.0,119.0,208.0,4.0,480.0,62.0,1
0.0,4153.0,171.0,85.0,1.0,495.0,59.0,1
8.0,145.0,85.0,16.0,5.0,1015.0,123.0,1
17.0,2658.0,162.0,60.0,6.0,665.0,109.0,1
6.0,5127.0,101.0,16.0,5.0,635.0,89.0,1
12.0,6940.0,208.0,139.0,1.0,585.0,54.0,1
2.0,661.0,80.0,252.0,3.0,830.0,262.0,1
15.0,1222.0,262.0,44.0,3.0,1025.0,70.0,1
5.0,1500.0,172.0,85.0,3.0,485.0,115.0,1
5.0,1215.0,35.0,261.0,7.0,1050.0,329.0,1
6.0,5422.0,79.0,177.0,6.0,940.0,130.0,1
5.0,1142.0,213.0,159.0,4.0,1150.0,172.0,1
6.0,5250.0,78.0,35.0,5.0,595.0,94.0,1
6.0,4991.0,200.0,16.0,5.0,380.0,81.0,1
11.0,6458.0,233.0,35.0,4.0,765.0,124.0,1
15.0,3415.0,268.0,35.0,5.0,1080.0,155.0,1
10.0,4297.0,187.0,208.0,3.0,655.0,55.0,1
3.0,195.0,148.0,153.0,5.0,1140.0,359.0,1
5.0,1008.0,16.0,233.0,4.0,675.0,85.0,1
8.0,185.0,78.0,16.0,3.0,1136.0,126.0,1
16.0,2069.0,135.0,165.0,7.0,920.0,71.0,1
1.0,2331.0,208.0,80.0,4.0,820.0,150.0,1
5.0,1496.0,197.0,159.0,3.0,780.0,168.0,1
1.0,2060.0,252.0,208.0,6.0,360.0,245.0,1
12.0,4614.0,79.0,261.0,6.0,625.0,97.0,1
15.0,2278.0,45.0,198.0,7.0,930.0,180.0,1
15.0,787.0,258.0,217.0,5.0,1270.0,105.0,1
12.0,6691.0,79.0,221.0,1.0,810.0,175.0,1
14.0,1240.0,216.0,22.0,4.0,1235.0,59.0,1
5.0,1027.0,252.0,128.0,4.0,1035.0,371.0,1
15.0,1155.0,207.0,217.0,4.0,375.0,70.0,1
15.0,1490.0,243.0,217.0,6.0,1130.0,70.0,1
6.0,4975.0,16.0,71.0,7.0,445.0,85.0,1
15.0,907.0,75.0,244.0,4.0,560.0,65.0,1
10.0,4275.0,195.0,208.0,7.0,360.0,55.0,1
12.0,6724.0,79.0,18.0,3.0,614.0,124.0,1
16.0,2822.0,135.0,121.0,3.0,1195.0,128.0,1
15.0,1979.0,243.0,258.0,5.0,530.0,80.0,1
12.0,6242.0,79.0,205.0,3.0,623.0,84.0,1
14.0,1602.0,277.0,60.0,4.0,1035.0,102.0,1
12.0,6347.0,208.0,17.0,7.0,903.0,50.0,1
6.0,7316.0,177.0,135.0,4.0,825.0,103.0,1
12.0,6548.0,208.0,139.0,5.0,1003.0,56.0,1
10.0,4095.0,208.0,221.0,3.0,610.0,85.0,1
6.0,5178.0,275.0,16.0,3.0,530.0,80.0,1
15.0,236.0,173.0,172.0,3.0,950.0,185.0,1
15.0,2005.0,33.0,147.0,5.0,1105.0,85.0,1
1.0,407.0,208.0,268.0,6.0,405.0,65.0,1
16.0,2865.0,184.0,135.0,4.0,335.0,174.0,1
15.0,372.0,268.0,79.0,1.0,960.0,150.0,1
3.0,728.0,37.0,148.0,6.0,335.0,231.0,1
16.0,3107.0,58.0,119.0,4.0,1250.0,60.0,1
0.0,3978.0,177.0,285.0,3.0,855.0,78.0,1
12.0,4649.0,46.0,261.0,3.0,1057.0,73.0,1
12.0,6635.0,253.0,55.0,6.0,765.0,55.0,1
1.0,568.0,208.0,104.0,1.0,440.0,170.0,1
15.0,1546.0,79.0,243.0,3.0,410.0,150.0,1
7.0,413.0,79.0,154.0,1.0,790.0,142.0,1
7.0,178.0,280.0,79.0,5.0,643.0,107.0,1
5.0,1542.0,252.0,148.0,6.0,395.0,322.0,1
15.0,452.0,75.0,18.0,4.0,490.0,55.0,1
12.0,6477.0,262.0,154.0,1.0,879.0,83.0,1
1.0,1967.0,208.0,173.0,4.0,1160.0,160.0,1
13.0,893.0,35.0,253.0,1.0,370.0,410.0,1
12.0,7021.0,153.0,154.0,4.0,1075.0,80.0,1
12.0,4778.0,261.0,205.0,4.0,1215.0,143.0,1
15.0,3038.0,228.0,45.0,6.0,1025.0,85.0,1
15.0,968.0,262.0,44.0,4.0,1240.0,70.0,1
17.0,2978.0,253.0,153.0,5.0,420.0,85.0,1
17.0,2879.0,217.0,24.0,3.0,1260.0,90.0,1
7.0,262.0,268.0,79.0,3.0,375.0,144.0,1
7.0,784.0,153.0,79.0,6.0,698.0,112.0,1
10.0,4230.0,136.0,208.0,1.0,620.0,110.0,1
5.0,1305.0,85.0,173.0,4.0,600.0,159.0,1
8.0,785.0,173.0,215.0,1.0,948.0,102.0,1
1.0,1802.0,80.0,233.0,6.0,1185.0,150.0,1
1.0,1796.0,198.0,208.0,4.0,665.0,140.0,1
13.0,845.0,243.0,208.0,5.0,686.0,234.0,1
15.0,1385.0,44.0,153.0,1.0,770.0,60.0,1
15.0,6.0,75.0,2.0,7.0,535.0,110.0,1
16.0,2079.0,135.0,170.0,3.0,540.0,86.0,1
12.0,3062.0,184.0,268.0,4.0,778.0,74.0,1
12.0,6322.0,154.0,243.0,5.0,512.0,47.0,1
5.0,1523.0,35.0,85.0,5.0,988.0,140.0,1
15.0,143.0,243.0,202.0,3.0,1120.0,90.0,1
12.0,6264.0,253.0,100.0,5.0,765.0,62.0,1
17.0,2631.0,96.0,60.0,7.0,375.0,115.0,1
15.0,269.0,173.0,12.0,7.0,1210.0,160.0,1
5.0,2449.0,261.0,202.0,4.0,676.0,121.0,1
3.0,152.0,241.0,148.0,4.0,953.0,167.0,1
5.0,576.0,260.0,148.0,4.0,865.0,260.0,1
12.0,6357.0,79.0,88.0,5.0,1300.0,46.0,1
16.0,2316.0,2.0,135.0,1.0,670.0,117.0,1
17.0,2862.0,103.0,217.0,4.0,1075.0,63.0,1
5.0,1538.0,16.0,78.0,5.0,1220.0,99.0,1
1.0,510.0,217.0,208.0,5.0,860.0,210.0,1
13.0,339.0,79.0,252.0,7.0,693.0,183.0,1
1.0,1039.0,16.0,183.0,7.0,785.0,105.0,1
1.0,2001.0,147.0,80.0,7.0,1085.0,175.0,1
1.0,889.0,183.0,208.0,7.0,910.0,205.0,1
11.0,6482.0,71.0,233.0,6.0,1140.0,92.0,1
4.0,1041.0,243.0,135.0,1.0,505.0,185.0,1
16.0,2786.0,58.0,183.0,7.0,510.0,172.0,1
1.0,333.0,159.0,208.0,4.0,840.0,165.0,1
3.0,64.0,277.0,148.0,5.0,585.0,145.0,1
16.0,2265.0,41.0,135.0,6.0,585.0,67.0,1
15.0,2445.0,258.0,44.0,4.0,1130.0,60.0,1
15.0,1177.0,262.0,153.0,6.0,455.0,80.0,1
14.0,191.0,216.0,217.0,4.0,935.0,320.0,1
10.0,2711.0,80.0,47.0,6.0,450.0,130.0,1
15.0,1067.0,202.0,243.0,7.0,360.0,85.0,1
4.0,1.0,135.0,128.0,3.0,565.0,505.0,1
11.0,6524.0,148.0,78.0,6.0,1230.0,101.0,1
15.0,148.0,129.0,131.0,6.0,500.0,60.0,1
14.0,1800.0,60.0,35.0,1.0,585.0,134.0,1
2.0,477.0,154.0,252.0,4.0,380.0,165.0,1
16.0,2944.0,135.0,177.0,6.0,995.0,88.0,1
11.0,6588.0,85.0,47.0,5.0,615.0,116.0,1
2.0,691.0,111.0,252.0,4.0,825.0,62.0,1
17.0,2615.0,18.0,60.0,7.0,425.0,157.0,1
12.0,6464.0,253.0,232.0,4.0,769.0,95.0,1
1.0,2404.0,153.0,154.0,7.0,540.0,65.0,1
5.0,2187.0,159.0,147.0,7.0,1155.0,170.0,1
2.0,62.0,149.0,257.0,5.0,632.0,43.0,1
12.0,4570.0,262.0,261.0,5.0,1092.0,99.0,1
6.0,5213.0,16.0,190.0,6.0,1155.0,85.0,1
1.0,1413.0,80.0,153.0,5.0,465.0,175.0,1
15.0,55.0,75.0,129.0,7.0,1200.0,60.0,1
0.0,4247.0,250.0,85.0,5.0,760.0,80.0,1
4.0,1836.0,135.0,216.0,1.0,750.0,194.0,1
5.0,1034.0,213.0,16.0,3.0,1061.0,119.0,1
0.0,4177.0,148.0,58.0,3.0,547.0,142.0,1
1.0,406.0,268.0,208.0,5.0,954.0,80.0,1
16.0,2234.0,96.0,76.0,4.0,495.0,122.0,1
14.0,374.0,80.0,60.0,7.0,515.0,144.0,1
15.0,729.0,217.0,153.0,4.0,415.0,65.0,1
15.0,2356.0,2.0,202.0,1.0,490.0,155.0,1
11.0,6612.0,273.0,148.0,7.0,1045.0,102.0,1
1.0,1900.0,264.0,80.0,6.0,950.0,170.0,1
12.0,6765.0,79.0,46.0,6.0,685.0,113.0,1
0.0,3671.0,85.0,82.0,6.0,730.0,119.0,1
14.0,2044.0,78.0,35.0,4.0,1110.0,86.0,1
8.0,367.0,159.0,16.0,4.0,958.0,159.0,1
6.0,5556.0,41.0,16.0,1.0,960.0,95.0,1
8.0,936.0,16.0,147.0,3.0,856.0,64.0,1
6.0,5189.0,285.0,16.0,4.0,450.0,77.0,1
15.0,723.0,182.0,45.0,5.0,870.0,100.0,1
15.0,42.0,75.0,155.0,4.0,1070.0,65.0,1
6.0,5159.0,177.0,132.0,4.0,1180.0,60.0,1
15.0,1413.0,217.0,2.0,1.0,1010.0,65.0,1
12.0,7789.0,271.0,261.0,7.0,795.0,67.0,1
1.0,2538.0,153.0,208.0,7.0,40.0,200.0,1
14.0,1075.0,216.0,60.0,4.0,505.0,112.0,1
5.0,674.0,269.0,16.0,7.0,952.0,253.0,1
14.0,195.0,216.0,217.0,6.0,415.0,317.0,1
15.0,3414.0,202.0,264.0,1.0,1060.0,80.0,1
5.0,2930.0,214.0,197.0,7.0,745.0,199.0,1
10.0,4344.0,85.0,208.0,3.0,1000.0,80.0,1
10.0,2949.0,80.0,285.0,5.0,760.0,120.0,1
6.0,5591.0,275.0,16.0,4.0,995.0,74.0,1
4.0,619.0,277.0,96.0,4.0,650.0,162.0,1
15.0,1584.0,43.0,45.0,3.0,1040.0,70.0,1
13.0,260.0,252.0,134.0,6.0,786.0,296.0,1
13.0,133.0,153.0,79.0,6.0,592.0,117.0,1
15.0,130.0,154.0,202.0,3.0,790.0,75.0,1
16.0,2616.0,165.0,135.0,5.0,340.0,66.0,1
5.0,1619.0,85.0,154.0,1.0,950.0,300.0,1
13.0,220.0,253.0,134.0,1.0,980.0,303.0,1
15.0,1938.0,202.0,207.0,5.0,470.0,75.0,1
14.0,1275.0,78.0,173.0,1.0,910.0,141.0,1
12.0,4683.0,93.0,261.0,7.0,780.0,107.0,1
12.0,6274.0,208.0,130.0,4.0,961.0,125.0,1
3.0,250.0,160.0,202.0,6.0,1090.0,77.0,1
12.0,6905.0,208.0,279.0,4.0,587.0,116.0,1
8.0,265.0,184.0,78.0,3.0,611.0,109.0,1
16.0,2212.0,135.0,41.0,7.0,1100.0,61.0,1
1.0,1935.0,80.0,18.0,4.0,970.0,60.0,1
1.0,708.0,18.0,80.0,6.0,360.0,60.0,1
5.0,2530.0,197.0,35.0,7.0,600.0,162.0,1
0.0,3729.0,85.0,121.0,6.0,1170.0,104.0,1
5.0,2183.0,198.0,159.0,3.0,690.0,167.0,1
5.0,1740.0,153.0,261.0,3.0,650.0,83.0,1
14.0,623.0,268.0,217.0,1.0,880.0,203.0,1
16.0,3114.0,159.0,58.0,4.0,1079.0,98.0,1
0.0,4333.0,16.0,254.0,6.0,1165.0,114.0,1
15.0,167.0,154.0,262.0,3.0,1270.0,80.0,1
14.0,1883.0,60.0,200.0,4.0,975.0,52.0,1
2.0,851.0,252.0,128.0,7.0,540.0,376.0,1
14.0,1817.0,35.0,216.0,1.0,570.0,95.0,1
14.0,2122.0,159.0,35.0,4.0,600.0,71.0,1
6.0,5016.0,16.0,47.0,6.0,815.0,58.0,1
13.0,528.0,208.0,216.0,5.0,536.0,121.0,1
1.0,2094.0,80.0,173.0,7.0,1040.0,150.0,1
6.0,5482.0,16.0,69.0,1.0,845.0,82.0,1
10.0,3622.0,209.0,183.0,1.0,985.0,155.0,1
17.0,2930.0,261.0,217.0,7.0,645.0,100.0,1
15.0,2129.0,44.0,153.0,6.0,510.0,60.0,1
8.0,221.0,153.0,184.0,3.0,630.0,208.0,1
17.0,2817.0,153.0,217.0,3.0,1300.0,64.0,1
15.0,827.0,33.0,18.0,4.0,655.0,140.0,1
12.0,7771.0,255.0,261.0,3.0,696.0,84.0,1
0.0,4094.0,221.0,197.0,5.0,538.0,162.0,1
12.0,6504.0,247.0,208.0,5.0,555.0,47.0,1
6.0,5093.0,16.0,81.0,6.0,1319.0,60.0,1
17.0,2896.0,217.0,83.0,1.0,965.0,104.0,1
1.0,1506.0,183.0,35.0,4.0,820.0,185.0,1
5.0,1511.0,195.0,85.0,4.0,330.0,80.0,1
10.0,2752.0,80.0,109.0,6.0,640.0,130.0,1
13.0,930.0,243.0,253.0,7.0,976.0,95.0,1
16.0,2003.0,135.0,268.0,4.0,660.0,115.0,1
10.0,3997.0,99.0,208.0,1.0,720.0,115.0,1
10.0,2995.0,84.0,80.0,6.0,1005.0,125.0,1
1.0,1355.0,80.0,217.0,4.0,705.0,155.0,1
5.0,1205.0,197.0,261.0,7.0,430.0,185.0,1
0.0,4161.0,139.0,177.0,5.0,480.0,88.0,1
16.0,2363.0,96.0,290.0,3.0,449.0,209.0,1
7.0,612.0,79.0,139.0,7.0,1150.0,140.0,1
12.0,7006.0,214.0,154.0,4.0,453.0,138.0,1
15.0,377.0,217.0,214.0,5.0,1145.0,175.0,1
14.0,1885.0,216.0,104.0,3.0,470.0,180.0,1
1.0,2270.0,208.0,268.0,7.0,910.0,65.0,1
15.0,2935.0,243.0,2.0,6.0,535.0,105.0,1
0.0,3881.0,129.0,16.0,3.0,1070.0,125.0,1
10.0,2976.0,1.0,80.0,4.0,1065.0,50.0,1
13.0,475.0,60.0,208.0,5.0,360.0,133.0,1
11.0,6375.0,16.0,120.0,7.0,1040.0,73.0,1
1.0,1334.0,260.0,35.0,3.0,880.0,245.0,1
5.0,2242.0,16.0,96.0,7.0,1068.0,134.0,1
0.0,4148.0,275.0,16.0,6.0,450.0,85.0,1
10.0,3638.0,183.0,61.0,7.0,425.0,160.0,1
13.0,94.0,217.0,253.0,7.0,850.0,127.0,1
4.0,224.0,58.0,96.0,4.0,675.0,92.0,1
6.0,7092.0,134.0,182.0,4.0,1323.0,91.0,1
6.0,5060.0,132.0,16.0,5.0,927.0,56.0,1
5.0,115.0,16.0,197.0,5.0,1050.0,164.0,1
4.0,232.0,135.0,159.0,7.0,575.0,197.0,1
1.0,732.0,236.0,80.0,4.0,420.0,200.0,1
15.0,2356.0,75.0,2.0,4.0,405.0,110.0,1
5.0,2339.0,78.0,16.0,3.0,720.0,120.0,1
4.0,291.0,183.0,135.0,4.0,703.0,167.0,1
9.0,11.0,253.0,128.0,3.0,520.0,335.0,1
15.0,1141.0,45.0,35.0,4.0,980.0,85.0,1
0.0,3923.0,135.0,177.0,1.0,360.0,95.0,1
10.0,2805.0,239.0,80.0,3.0,635.0,85.0,1
15.0,1161.0,129.0,153.0,7.0,1110.0,205.0,1
15.0,1300.0,45.0,79.0,6.0,525.0,260.0,1
15.0,987.0,61.0,175.0,5.0,550.0,70.0,1
8.0,1293.0,173.0,119.0,3.0,875.0,150.0,1
16.0,2550.0,135.0,60.0,5.0,855.0,136.0,1
5.0,2278.0,243.0,261.0,5.0,1089.0,111.0,1
1.0,1945.0,16.0,183.0,4.0,1110.0,130.0,1
14.0,1940.0,60.0,12.0,5.0,1335.0,112.0,1
8.0,818.0,35.0,45.0,6.0,1075.0,94.0,1
17.0,1008.0,128.0,203.0,1.0,1080.0,35.0,1
1.0,1330.0,280.0,80.0,1.0,555.0,130.0,1
15.0,1141.0,155.0,75.0,5.0,580.0,65.0,1
12.0,4463.0,117.0,197.0,7.0,400.0,75.0,1
1.0,1367.0,80.0,135.0,4.0,1205.0,70.0,1
15.0,1976.0,268.0,85.0,7.0,535.0,90.0,1
15.0,862.0,33.0,173.0,3.0,750.0,105.0,1
0.0,3722.0,16.0,109.0,4.0,1164.0,106.0,1
10.0,4389.0,35.0,148.0,4.0,840.0,75.0,1
0.0,4043.0,177.0,87.0,7.0,870.0,85.0,1
1.0,1634.0,244.0,208.0,4.0,885.0,160.0,1
17.0,2611.0,60.0,54.0,1.0,985.0,65.0,1
14.0,282.0,217.0,258.0,6.0,500.0,117.0,1
10.0,3798.0,208.0,2.0,5.0,1170.0,190.0,1
15.0,2366.0,153.0,207.0,5.0,715.0,55.0,1
6.0,5029.0,177.0,139.0,6.0,865.0,82.0,1
12.0,6951.0,79.0,107.0,4.0,843.0,82.0,1
1.0,179.0,148.0,253.0,1.0,595.0,390.0,1
17.0,2670.0,60.0,177.0,3.0,1189.0,110.0,1
12.0,4549.0,261.0,253.0,3.0,910.0,125.0,1
10.0,3276.0,84.0,80.0,4.0,905.0,120.0,1
16.0,3025.0,33.0,135.0,7.0,898.0,129.0,1
5.0,1632.0,198.0,261.0,7.0,1100.0,219.0,1
0.0,4357.0,148.0,209.0,6.0,960.0,120.0,1
11.0,6750.0,198.0,197.0,4.0,1080.0,171.0,1
5.0,2974.0,85.0,60.0,7.0,1160.0,116.0,1
10.0,2707.0,80.0,165.0,5.0,825.0,85.0,1
6.0,5598.0,16.0,48.0,1.0,1070.0,99.0,1
6.0,5052.0,16.0,201.0,6.0,1241.0,85.0,1
1.0,2545.0,205.0,80.0,3.0,490.0,130.0,1
12.0,6638.0,235.0,79.0,3.0,480.0,85.0,1
12.0,4855.0,261.0,28.0,5.0,591.0,84.0,1
15.0,3414.0,202.0,264.0,4.0,1060.0,80.0,1
15.0,782.0,154.0,175.0,7.0,445.0,240.0,1
15.0,1466.0,27.0,277.0,3.0,1055.0,80.0,1
14.0,1899.0,78.0,60.0,4.0,945.0,90.0,1
17.0,1036.0,128.0,143.0,7.0,680.0,49.0,1
5.0,28.0,173.0,16.0,4.0,750.0,97.0,1
5.0,1131.0,16.0,245.0,4.0,1366.0,60.0,1
13.0,33.0,79.0,264.0,5.0,541.0,157.0,1
15.0,1029.0,202.0,236.0,3.0,1115.0,50.0,1
11.0,6692.0,148.0,238.0,4.0,800.0,95.0,1
10.0,4070.0,208.0,43.0,3.0,935.0,95.0,1
16.0,2629.0,135.0,121.0,7.0,800.0,120.0,1
15.0,654.0,61.0,217.0,4.0,680.0,270.0,1
5.0,1021.0,16.0,18.0,7.0,975.0,158.0,1
13.0,160.0,79.0,205.0,7.0,813.0,88.0,1
10.0,2890.0,114.0,80.0,4.0,705.0,120.0,1
16.0,2988.0,119.0,58.0,3.0,828.0,72.0,1
10.0,3965.0,208.0,84.0,5.0,745.0,75.0,1
0.0,3808.0,85.0,76.0,4.0,615.0,60.0,1
4.0,350.0,96.0,18.0,1.0,390.0,260.0,1
0.0,3660.0,80.0,177.0,5.0,695.0,95.0,1
13.0,377.0,79.0,204.0,3.0,1239.0,98.0,1
1.0,1847.0,80.0,79.0,4.0,685.0,125.0,1
6.0,5370.0,78.0,22.0,5.0,1320.0,78.0,1
6.0,5600.0,288.0,16.0,3.0,390.0,90.0,1
0.0,3996.0,85.0,32.0,4.0,1190.0,86.0,1
9.0,343.0,128.0,161.0,6.0,710.0,37.0,1
17.0,2626.0,172.0,60.0,6.0,935.0,130.0,1
6.0,7110.0,229.0,134.0,7.0,1144.0,107.0,1
5.0,1505.0,85.0,173.0,3.0,735.0,160.0,1
5.0,1492.0,197.0,35.0,4.0,780.0,170.0,1
5.0,1250.0,172.0,16.0,5.0,910.0,120.0,1
16.0,5949.0,42.0,208.0,1.0,360.0,159.0,1
15.0,1783.0,104.0,147.0,1.0,1025.0,75.0,1
2.0,64.0,226.0,289.0,7.0,928.0,32.0,1
6.0,5498.0,16.0,101.0,1.0,884.0,75.0,1
1.0,879.0,80.0,2.0,4.0,545.0,110.0,1
4.0,218.0,96.0,277.0,3.0,550.0,194.0,1
14.0,456.0,217.0,261.0,6.0,1078.0,97.0,1
15.0,3061.0,159.0,175.0,4.0,360.0,150.0,1
1.0,2038.0,183.0,85.0,1.0,650.0,185.0,1
0.0,4293.0,148.0,43.0,7.0,655.0,125.0,1
12.0,6971.0,280.0,79.0,4.0,986.0,110.0,1
15.0,2061.0,268.0,279.0,6.0,650.0,80.0,1
15.0,410.0,175.0,217.0,1.0,405.0,245.0,1
16.0,3097.0,139.0,135.0,3.0,880.0,149.0,1
12.0,4795.0,261.0,264.0,7.0,593.0,116.0,1
1.0,1697.0,268.0,80.0,7.0,965.0,115.0,1
0.0,4212.0,85.0,285.0,6.0,620.0,100.0,1
15.0,3949.0,175.0,173.0,5.0,900.0,160.0,1
11.0,6481.0,33.0,177.0,5.0,1025.0,66.0,1
6.0,7115.0,134.0,148.0,6.0,1323.0,74.0,1
3.0,164.0,277.0,148.0,6.0,1260.0,152.0,1
3.0,401.0,35.0,198.0,6.0,672.0,229.0,1
2.0,365.0,262.0,252.0,3.0,560.0,115.0,1
15.0,3116.0,217.0,154.0,6.0,540.0,90.0,1
12.0,6835.0,262.0,154.0,6.0,627.0,83.0,1
2.0,328.0,252.0,258.0,6.0,965.0,126.0,1
15.0,1089.0,153.0,261.0,7.0,640.0,80.0,1
12.0,7802.0,282.0,261.0,7.0,736.0,63.0,1
1.0,1012.0,183.0,78.0,5.0,1330.0,140.0,1
1.0,982.0,183.0,78.0,1.0,1100.0,145.0,1
15.0,282.0,253.0,154.0,4.0,890.0,75.0,1
8.0,237.0,16.0,234.0,4.0,1330.0,92.0,1
3.0,681.0,35.0,78.0,7.0,580.0,101.0,1
15.0,1289.0,244.0,175.0,1.0,1010.0,155.0,1
15.0,2542.0,153.0,79.0,6.0,725.0,115.0,1
15.0,747.0,61.0,277.0,1.0,740.0,135.0,1
3.0,608.0,148.0,229.0,5.0,1340.0,74.0,1
15.0,1285.0,253.0,175.0,1.0,435.0,250.0,1
10.0,4074.0,290.0,208.0,7.0,940.0,105.0,1
6.0,5079.0,169.0,16.0,5.0,360.0,85.0,1
6.0,5301.0,47.0,16.0,1.0,766.0,78.0,1
1.0,2464.0,80.0,204.0,3.0,875.0,55.0,1
0.0,4199.0,177.0,87.0,4.0,1175.0,85.0,1
15.0,3942.0,236.0,153.0,6.0,1175.0,70.0,1
5.0,2182.0,264.0,197.0,7.0,875.0,214.0,1
12.0,4694.0,153.0,261.0,3.0,1275.0,88.0,1
10.0,3933.0,136.0,208.0,6.0,1025.0,120.0,1
12.0,6895.0,162.0,79.0,5.0,535.0,156.0,1
5.0,1576.0,214.0,16.0,7.0,1375.0,268.0,1
2.0,92.0,14.0,252.0,7.0,870.0,202.0,1
15.0,1075.0,244.0,91.0,5.0,400.0,90.0,1
16.0,2271.0,172.0,135.0,1.0,1022.0,119.0,1
17.0,2631.0,96.0,60.0,5.0,375.0,115.0,1
13.0,119.0,253.0,154.0,1.0,977.0,93.0,1
16.0,2643.0,96.0,16.0,5.0,809.0,157.0,1
4.0,1850.0,135.0,233.0,7.0,765.0,150.0,1
16.0,2218.0,135.0,234.0,7.0,960.0,159.0,1
9.0,196.0,128.0,203.0,7.0,1135.0,37.0,1
15.0,964.0,175.0,43.0,1.0,840.0,85.0,1
5.0,1905.0,85.0,173.0,3.0,840.0,157.0,1
1.0,1033.0,183.0,208.0,4.0,965.0,210.0,1
5.0,1101.0,135.0,16.0,5.0,565.0,123.0,1
16.0,3036.0,135.0,54.0,3.0,1195.0,131.0,1
16.0,2244.0,221.0,96.0,7.0,756.0,114.0,1
17.0,2674.0,154.0,153.0,3.0,990.0,64.0,1
16.0,2412.0,135.0,204.0,7.0,1175.0,88.0,1
8.0,953.0,104.0,45.0,6.0,631.0,145.0,1
12.0,4583.0,79.0,261.0,5.0,700.0,89.0,1
1.0,1298.0,80.0,45.0,6.0,985.0,170.0,1
2.0,152.0,14.0,206.0,7.0,660.0,94.0,1
4.0,52.0,135.0,154.0,3.0,465.0,221.0,1
2.0,61.0,149.0,291.0,3.0,616.0,62.0,1
15.0,2303.0,198.0,75.0,6.0,1035.0,85.0,1
16.0,5989.0,247.0,208.0,6.0,766.0,44.0,1
1.0,1072.0,80.0,216.0,6.0,1205.0,180.0,1
15.0,1687.0,261.0,217.0,1.0,595.0,100.0,1
12.0,6314.0,55.0,253.0,1.0,360.0,65.0,1
12.0,6290.0,154.0,194.0,1.0,461.0,65.0,1
6.0,4982.0,118.0,16.0,1.0,724.0,134.0,1
13.0,480.0,253.0,221.0,7.0,890.0,297.0,1
10.0,3118.0,236.0,154.0,6.0,480.0,105.0,1
5.0,2014.0,154.0,71.0,3.0,440.0,247.0,1
15.0,3403.0,268.0,75.0,5.0,1155.0,105.0,1
8.0,959.0,45.0,104.0,1.0,1006.0,158.0,1
17.0,7267.0,208.0,16.0,6.0,580.0,115.0,1
4.0,1588.0,243.0,135.0,5.0,770.0,187.0,1
1.0,1237.0,217.0,80.0,1.0,485.0,135.0,1
1.0,644.0,80.0,60.0,3.0,915.0,140.0,1
15.0,1060.0,214.0,202.0,7.0,1075.0,105.0,1
5.0,2198.0,197.0,85.0,6.0,500.0,109.0,1
15.0,425.0,244.0,173.0,3.0,780.0,145.0,1
3.0,1121.0,234.0,104.0,6.0,565.0,136.0,1
5.0,17.0,16.0,154.0,3.0,1136.0,304.0,1
5.0,1617.0,16.0,79.0,4.0,575.0,212.0,1
9.0,189.0,150.0,128.0,7.0,958.0,42.0,1
10.0,4275.0,195.0,208.0,4.0,360.0,55.0,1
15.0,2084.0,173.0,228.0,6.0,1100.0,155.0,1
1.0,2421.0,80.0,154.0,5.0,695.0,195.0,1
10.0,4176.0,61.0,208.0,7.0,360.0,80.0,1
10.0,4296.0,208.0,45.0,3.0,655.0,115.0,1
16.0,2496.0,135.0,251.0,5.0,990.0,125.0,1
6.0,5068.0,146.0,16.0,3.0,543.0,78.0,1
1.0,849.0,183.0,253.0,1.0,485.0,380.0,1
13.0,94.0,217.0,253.0,5.0,859.0,128.0,1
10.0,3584.0,184.0,80.0,3.0,725.0,165.0,1
0.0,3861.0,177.0,244.0,6.0,1165.0,127.0,1
17.0,2730.0,177.0,217.0,5.0,450.0,223.0,1
11.0,6668.0,54.0,159.0,4.0,360.0,118.0,1
13.0,403.0,79.0,264.0,5.0,696.0,157.0,1
12.0,4616.0,197.0,58.0,1.0,915.0,115.0,1
17.0,2903.0,246.0,217.0,1.0,385.0,91.0,1
14.0,2115.0,35.0,159.0,4.0,360.0,70.0,1
0.0,3755.0,85.0,240.0,1.0,515.0,109.0,1
5.0,2925.0,35.0,197.0,1.0,857.0,198.0,1
3.0,41.0,148.0,173.0,6.0,555.0,181.0,1
3.0,661.0,273.0,173.0,1.0,420.0,178.0,1
14.0,1637.0,159.0,60.0,4.0,1027.0,128.0,1
1.0,1920.0,154.0,253.0,6.0,460.0,80.0,1
9.0,197.0,203.0,128.0,4.0,1200.0,33.0,1
16.0,2042.0,135.0,27.0,4.0,1180.0,99.0,1
14.0,251.0,216.0,217.0,3.0,1070.0,324.0,1
10.0,3048.0,154.0,243.0,5.0,1240.0,45.0,1
15.0,668.0,129.0,198.0,7.0,1205.0,60.0,1
12.0,4721.0,204.0,261.0,4.0,1055.0,144.0,1
4.0,1679.0,135.0,244.0,1.0,505.0,57.0,1
8.0,633.0,45.0,76.0,7.0,630.0,90.0,1
14.0,1050.0,60.0,159.0,3.0,480.0,104.0,1
15.0,753.0,146.0,175.0,6.0,585.0,120.0,1
8.0,607.0,253.0,184.0,4.0,732.0,253.0,1
1.0,379.0,80.0,264.0,7.0,1100.0,195.0,1
10.0,3815.0,208.0,79.0,5.0,485.0,160.0,1
10.0,3282.0,80.0,146.0,1.0,760.0,80.0,1
7.0,106.0,79.0,197.0,5.0,635.0,116.0,1
11.0,6371.0,16.0,157.0,3.0,815.0,72.0,1
15.0,1051.0,12.0,45.0,7.0,1035.0,75.0,1
5.0,2225.0,45.0,16.0,6.0,825.0,123.0,1
14.0,1703.0,228.0,78.0,1.0,370.0,87.0,1
8.0,424.0,16.0,223.0,1.0,1045.0,70.0,1
12.0,6532.0,58.0,79.0,4.0,535.0,206.0,1
12.0,6363.0,154.0,246.0,3.0,1361.0,44.0,1
16.0,2663.0,78.0,58.0,7.0,615.0,68.0,1
5.0,1834.0,16.0,172.0,4.0,880.0,134.0,1
3.0,1212.0,43.0,35.0,7.0,425.0,86.0,1
13.0,953.0,134.0,217.0,7.0,1013.0,311.0,1
15.0,1698.0,277.0,172.0,6.0,815.0,180.0,1
1.0,785.0,159.0,80.0,3.0,1060.0,255.0,1
0.0,3806.0,136.0,177.0,1.0,1000.0,88.0,1
8.0,1467.0,175.0,173.0,1.0,984.0,158.0,1
15.0,1095.0,61.0,45.0,7.0,1085.0,70.0,1
15.0,40.0,87.0,129.0,1.0,810.0,120.0,1
16.0,2227.0,268.0,135.0,1.0,870.0,118.0,1
1.0,1223.0,104.0,80.0,7.0,645.0,195.0,1
9.0,1.0,154.0,128.0,6.0,540.0,350.0,1
5.0,1301.0,139.0,16.0,1.0,360.0,105.0,1
6.0,5597.0,11.0,16.0,4.0,507.0,71.0,1
7.0,326.0,184.0,35.0,1.0,470.0,133.0,1
9.0,156.0,128.0,203.0,4.0,454.0,37.0,1
1.0,1501.0,80.0,2.0,5.0,1155.0,110.0,1
2.0,104.0,14.0,252.0,5.0,1140.0,202.0,1
5.0,2219.0,197.0,18.0,5.0,865.0,164.0,1
15.0,2461.0,18.0,277.0,3.0,1000.0,135.0,1
15.0,536.0,153.0,268.0,7.0,1155.0,185.0,1
6.0,7315.0,121.0,16.0,7.0,682.0,58.0,1
10.0,3157.0,242.0,154.0,1.0,805.0,130.0,1
10.0,3815.0,208.0,79.0,1.0,485.0,160.0,1
15.0,3682.0,175.0,182.0,1.0,1080.0,125.0,1
6.0,7077.0,134.0,120.0,6.0,1334.0,59.0,1
12.0,6726.0,145.0,79.0,4.0,806.0,74.0,1
3.0,345.0,148.0,267.0,5.0,477.0,183.0,1
2.0,645.0,217.0,252.0,5.0,725.0,195.0,1
5.0,2367.0,16.0,243.0,6.0,502.0,290.0,1
2.0,357.0,202.0,252.0,6.0,540.0,120.0,1
1.0,1922.0,2.0,80.0,4.0,425.0,105.0,1
13.0,342.0,243.0,79.0,7.0,694.0,142.0,1
13.0,849.0,216.0,154.0,5.0,1105.0,375.0,1
12.0,6525.0,208.0,17.0,7.0,1205.0,50.0,1
15.0,903.0,175.0,104.0,5.0,1135.0,180.0,1
6.0,5037.0,116.0,16.0,7.0,945.0,86.0,1
15.0,2116.0,172.0,154.0,3.0,995.0,225.0,1
7.0,659.0,79.0,253.0,7.0,735.0,157.0,1
8.0,93.0,16.0,233.0,5.0,1095.0,80.0,1
10.0,3115.0,258.0,154.0,5.0,610.0,75.0,1
15.0,294.0,205.0,175.0,7.0,695.0,80.0,1
0.0,3934.0,177.0,221.0,7.0,505.0,120.0,1
1.0,2446.0,154.0,80.0,4.0,775.0,190.0,1
15.0,479.0,214.0,217.0,7.0,665.0,150.0,1
13.0,58.0,238.0,208.0,4.0,444.0,121.0,1
12.0,4652.0,112.0,197.0,5.0,655.0,80.0,1
10.0,4262.0,233.0,208.0,4.0,810.0,140.0,1
11.0,6507.0,177.0,178.0,3.0,1195.0,136.0,1
15.0,1739.0,202.0,153.0,3.0,465.0,85.0,1
5.0,1510.0,85.0,35.0,7.0,1060.0,119.0,1
10.0,3332.0,155.0,80.0,5.0,350.0,70.0,1
15.0,281.0,221.0,216.0,3.0,685.0,80.0,1
15.0,339.0,243.0,153.0,5.0,750.0,70.0,1
7.0,191.0,79.0,76.0,3.0,645.0,155.0,1
5.0,1188.0,198.0,16.0,1.0,1050.0,90.0,1
0.0,4332.0,16.0,238.0,5.0,905.0,118.0,1
16.0,2625.0,135.0,131.0,5.0,912.0,73.0,1
5.0,1415.0,244.0,85.0,6.0,420.0,185.0,1
12.0,6484.0,79.0,17.0,4.0,611.0,140.0,1
15.0,2031.0,153.0,2.0,3.0,875.0,80.0,1
15.0,225.0,172.0,184.0,3.0,910.0,80.0,1
13.0,58.0,208.0,253.0,3.0,604.0,291.0,1
15.0,1202.0,175.0,79.0,5.0,1145.0,170.0,1
14.0,1772.0,60.0,80.0,3.0,569.0,175.0,1
15.0,1071.0,79.0,264.0,4.0,810.0,150.0,1
15.0,7.0,129.0,104.0,1.0,595.0,135.0,1
8.0,1467.0,175.0,173.0,7.0,1005.0,154.0,1
0.0,4184.0,244.0,177.0,4.0,975.0,115.0,1
5.0,1831.0,214.0,261.0,3.0,360.0,107.0,1
5.0,2560.0,183.0,16.0,7.0,1203.0,122.0,1
15.0,1678.0,79.0,236.0,4.0,705.0,145.0,1
16.0,2082.0,135.0,2.0,7.0,685.0,128.0,1
15.0,1264.0,79.0,129.0,1.0,770.0,140.0,1
1.0,1335.0,78.0,80.0,1.0,440.0,215.0,1
10.0,2887.0,80.0,56.0,7.0,620.0,120.0,1
13.0,199.0,173.0,208.0,6.0,860.0,175.0,1
15.0,245.0,217.0,262.0,4.0,665.0,125.0,1
10.0,3957.0,177.0,208.0,6.0,730.0,110.0,1
10.0,3923.0,107.0,208.0,1.0,390.0,105.0,1
1.0,264.0,154.0,35.0,1.0,780.0,325.0,1
1.0,2321.0,208.0,80.0,5.0,700.0,150.0,1
12.0,6606.0,79.0,187.0,7.0,698.0,120.0,1
10.0,4430.0,233.0,78.0,1.0,815.0,55.0,1
10.0,2825.0,80.0,279.0,4.0,455.0,60.0,1
15.0,16.0,33.0,129.0,5.0,440.0,130.0,1
15.0,2380.0,182.0,175.0,6.0,1035.0,165.0,1
5.0,1987.0,197.0,243.0,6.0,695.0,235.0,1
12.0,6951.0,107.0,79.0,1.0,1017.0,102.0,1
15.0,1057.0,153.0,79.0,7.0,810.0,115.0,1
15.0,759.0,207.0,217.0,4.0,520.0,65.0,1
15.0,3655.0,22.0,277.0,3.0,860.0,195.0,1
16.0,2213.0,135.0,290.0,5.0,805.0,85.0,1
5.0,1072.0,198.0,16.0,7.0,1125.0,95.0,1
12.0,6700.0,79.0,164.0,1.0,614.0,80.0,1
1.0,349.0,104.0,80.0,5.0,950.0,195.0,1
2.0,600.0,252.0,153.0,4.0,360.0,143.0,1
5.0,1071.0,184.0,197.0,6.0,400.0,81.0,1
1.0,794.0,153.0,208.0,5.0,1060.0,210.0,1
15.0,1669.0,155.0,2.0,7.0,450.0,65.0,1
1.0,1238.0,252.0,208.0,4.0,525.0,235.0,1
10.0,3743.0,208.0,197.0,6.0,1050.0,95.0,1
14.0,2025.0,35.0,78.0,1.0,480.0,94.0,1
10.0,4488.0,69.0,159.0,3.0,395.0,100.0,1
12.0,4541.0,261.0,280.0,6.0,597.0,110.0,1
2.0,184.0,98.0,14.0,4.0,720.0,67.0,1
10.0,3229.0,80.0,155.0,3.0,1270.0,70.0,1
15.0,668.0,134.0,175.0,3.0,825.0,125.0,1
0.0,3838.0,43.0,85.0,3.0,609.0,85.0,1
5.0,2867.0,177.0,85.0,3.0,1135.0,113.0,1
15.0,288.0,172.0,75.0,5.0,815.0,90.0,1
8.0,958.0,104.0,45.0,6.0,1085.0,149.0,1
5.0,2084.0,197.0,85.0,5.0,1055.0,105.0,1
5.0,1255.0,209.0,16.0,7.0,1134.0,121.0,1
11.0,6436.0,71.0,208.0,7.0,1135.0,90.0,1
14.0,1440.0,60.0,78.0,7.0,580.0,76.0,1
5.0,1179.0,268.0,16.0,3.0,434.0,99.0,1
12.0,4591.0,261.0,244.0,5.0,595.0,165.0,1
8.0,278.0,16.0,35.0,7.0,984.0,146.0,1
12.0,6506.0,154.0,34.0,4.0,509.0,119.0,1
15.0,147.0,173.0,45.0,3.0,1170.0,125.0,1
15.0,646.0,202.0,175.0,4.0,435.0,250.0,1
12.0,4496.0,34.0,261.0,5.0,460.0,65.0,1
1.0,1580.0,80.0,78.0,5.0,985.0,155.0,1
6.0,5286.0,78.0,195.0,4.0,635.0,140.0,1
2.0,65.0,289.0,226.0,4.0,633.0,24.0,1
13.0,789.0,238.0,208.0,6.0,1078.0,117.0,1
15.0,1763.0,277.0,216.0,7.0,665.0,150.0,1
5.0,2053.0,205.0,16.0,1.0,412.0,153.0,1
5.0,1227.0,16.0,33.0,4.0,505.0,77.0,1
16.0,5929.0,208.0,136.0,3.0,740.0,114.0,1
15.0,805.0,198.0,75.0,4.0,415.0,85.0,1
1.0,1150.0,264.0,208.0,4.0,705.0,240.0,1
12.0,6708.0,253.0,210.0,3.0,1065.0,115.0,1
14.0,1566.0,198.0,60.0,5.0,665.0,106.0,1
14.0,1085.0,153.0,60.0,5.0,390.0,245.0,1
15.0,1060.0,202.0,154.0,7.0,1215.0,75.0,1
5.0,2899.0,197.0,217.0,3.0,1040.0,210.0,1
10.0,3653.0,183.0,251.0,1.0,705.0,155.0,1
14.0,621.0,277.0,217.0,7.0,435.0,288.0,1
13.0,680.0,208.0,159.0,4.0,725.0,132.0,1
15.0,795.0,277.0,172.0,4.0,840.0,175.0,1
7.0,489.0,173.0,184.0,6.0,1135.0,167.0,1
15.0,258.0,153.0,154.0,5.0,1045.0,70.0,1
6.0,5267.0,48.0,16.0,4.0,420.0,129.0,1
12.0,7767.0,110.0,235.0,4.0,393.0,77.0,1
5.0,2437.0,60.0,16.0,5.0,360.0,82.0,1
0.0,4086.0,197.0,136.0,6.0,865.0,110.0,1
16.0,2915.0,238.0,58.0,4.0,865.0,64.0,1
15.0,1992.0,244.0,217.0,4.0,515.0,150.0,1
15.0,237.0,45.0,104.0,7.0,1140.0,160.0,1
16.0,2226.0,91.0,135.0,3.0,640.0,110.0,1
10.0,3216.0,129.0,80.0,5.0,730.0,70.0,1
14.0,1967.0,78.0,60.0,7.0,559.0,101.0,1
14.0,880.0,216.0,35.0,3.0,1365.0,72.0,1
12.0,6760.0,79.0,224.0,4.0,925.0,152.0,1
12.0,6408.0,253.0,93.0,7.0,773.0,91.0,1
16.0,2019.0,121.0,135.0,7.0,845.0,154.0,1
2.0,731.0,252.0,14.0,7.0,1320.0,215.0,1
12.0,4828.0,253.0,261.0,1.0,1092.0,108.0,1
1.0,318.0,80.0,78.0,5.0,1110.0,160.0,1
1.0,1606.0,80.0,61.0,4.0,860.0,140.0,1
14.0,1015.0,135.0,60.0,7.0,615.0,142.0,1
1.0,1501.0,80.0,2.0,3.0,1155.0,110.0,1
12.0,6616.0,79.0,83.0,4.0,857.0,62.0,1
13.0,230.0,153.0,79.0,3.0,915.0,117.0,1
15.0,843.0,2.0,217.0,7.0,895.0,75.0,1
10.0,4105.0,60.0,208.0,5.0,450.0,140.0,1
1.0,705.0,159.0,80.0,5.0,365.0,250.0,1
13.0,684.0,208.0,159.0,7.0,840.0,135.0,1
5.0,1987.0,197.0,243.0,1.0,695.0,241.0,1
3.0,589.0,130.0,104.0,4.0,1120.0,179.0,1
15.0,1414.0,75.0,198.0,1.0,580.0,75.0,1
10.0,3244.0,80.0,41.0,7.0,420.0,80.0,1
15.0,1333.0,162.0,153.0,3.0,1010.0,215.0,1
4.0,594.0,154.0,135.0,3.0,1020.0,189.0,1
5.0,1107.0,261.0,236.0,5.0,1310.0,95.0,1
10.0,3371.0,80.0,71.0,7.0,1230.0,130.0,1
15.0,2197.0,35.0,216.0,5.0,1180.0,100.0,1
15.0,3743.0,35.0,268.0,3.0,450.0,195.0,1
10.0,3822.0,208.0,197.0,7.0,655.0,95.0,1
1.0,2402.0,18.0,208.0,3.0,1045.0,165.0,1
1.0,1098.0,280.0,80.0,1.0,490.0,130.0,1
8.0,468.0,16.0,45.0,3.0,1159.0,101.0,1
9.0,260.0,128.0,143.0,3.0,891.0,52.0,1
13.0,682.0,208.0,159.0,4.0,785.0,132.0,1
5.0,1681.0,96.0,85.0,5.0,1182.0,122.0,1
9.0,108.0,128.0,150.0,5.0,302.0,41.0,1
15.0,464.0,228.0,216.0,5.0,460.0,85.0,1
15.0,1228.0,154.0,244.0,7.0,780.0,165.0,1
5.0,1023.0,16.0,267.0,4.0,821.0,92.0,1
0.0,4002.0,177.0,27.0,5.0,1180.0,65.0,1
5.0,1278.0,16.0,175.0,7.0,730.0,115.0,1
6.0,5445.0,85.0,205.0,3.0,940.0,138.0,1
15.0,987.0,61.0,175.0,1.0,550.0,70.0,1
15.0,967.0,198.0,33.0,4.0,575.0,85.0,1
5.0,1100.0,153.0,261.0,5.0,400.0,82.0,1
10.0,4469.0,148.0,78.0,7.0,625.0,80.0,1
12.0,6320.0,243.0,154.0,3.0,439.0,46.0,1
4.0,173.0,154.0,128.0,1.0,985.0,345.0,1
8.0,311.0,60.0,16.0,4.0,400.0,78.0,1
1.0,445.0,78.0,208.0,1.0,360.0,125.0,1
15.0,2057.0,205.0,153.0,6.0,880.0,185.0,1
1.0,1254.0,80.0,35.0,5.0,935.0,210.0,1
16.0,2616.0,165.0,135.0,1.0,340.0,66.0,1
15.0,1385.0,202.0,44.0,7.0,680.0,65.0,1
2.0,689.0,18.0,258.0,5.0,480.0,236.0,1
13.0,469.0,253.0,153.0,4.0,640.0,104.0,1
15.0,3762.0,268.0,75.0,3.0,510.0,110.0,1
0.0,3749.0,130.0,16.0,3.0,915.0,162.0,1
6.0,5263.0,16.0,130.0,1.0,513.0,147.0,1
8.0,989.0,221.0,16.0,1.0,370.0,120.0,1
8.0,517.0,16.0,61.0,5.0,610.0,96.0,1
15.0,42.0,129.0,75.0,4.0,990.0,55.0,1
15.0,1084.0,175.0,233.0,5.0,855.0,110.0,1
16.0,2967.0,135.0,155.0,3.0,570.0,88.0,1
1.0,1135.0,27.0,80.0,7.0,1045.0,130.0,1
9.0,22.0,128.0,252.0,1.0,885.0,335.0,1
14.0,1467.0,216.0,16.0,5.0,700.0,142.0,1
16.0,2452.0,96.0,268.0,5.0,735.0,169.0,1
12.0,6938.0,44.0,79.0,5.0,919.0,141.0,1
10.0,2876.0,242.0,80.0,4.0,735.0,95.0,1
1.0,1910.0,154.0,153.0,6.0,705.0,75.0,1
9.0,520.0,128.0,203.0,4.0,580.0,37.0,1
5.0,1174.0,16.0,43.0,5.0,645.0,132.0,1
11.0,6256.0,197.0,33.0,7.0,805.0,135.0,1
0.0,4381.0,85.0,106.0,5.0,1175.0,47.0,1
12.0,7765.0,220.0,261.0,7.0,735.0,53.0,1
15.0,2351.0,153.0,139.0,6.0,900.0,215.0,1
5.0,1124.0,154.0,253.0,3.0,425.0,82.0,1
17.0,7286.0,208.0,273.0,1.0,1086.0,101.0,1
15.0,3150.0,45.0,173.0,1.0,790.0,145.0,1
4.0,90.0,154.0,96.0,3.0,765.0,321.0,1
4.0,296.0,153.0,135.0,5.0,595.0,180.0,1
15.0,577.0,277.0,43.0,1.0,525.0,160.0,1
3.0,278.0,253.0,104.0,7.0,1375.0,308.0,1
13.0,498.0,79.0,80.0,3.0,1082.0,119.0,1
9.0,165.0,203.0,128.0,5.0,806.0,34.0,1
5.0,2375.0,261.0,253.0,7.0,670.0,127.0,1
12.0,6628.0,79.0,27.0,5.0,656.0,147.0,1
6.0,5020.0,16.0,17.0,5.0,1079.0,131.0,1
15.0,1498.0,44.0,258.0,5.0,1090.0,65.0,1
13.0,797.0,153.0,154.0,5.0,539.0,77.0,1
0.0,4086.0,281.0,197.0,4.0,776.0,100.0,1
0.0,3751.0,238.0,85.0,4.0,375.0,103.0,1
12.0,6829.0,262.0,253.0,1.0,362.0,48.0,1
15.0,2875.0,79.0,207.0,6.0,1215.0,145.0,1
12.0,6759.0,162.0,208.0,1.0,371.0,115.0,1
11.0,6734.0,119.0,85.0,7.0,614.0,61.0,1
15.0,3659.0,33.0,27.0,4.0,745.0,50.0,1
15.0,2740.0,280.0,175.0,6.0,845.0,200.0,1
14.0,985.0,198.0,60.0,1.0,360.0,108.0,1
5.0,2899.0,197.0,217.0,6.0,1040.0,210.0,1
6.0,5258.0,106.0,16.0,6.0,1115.0,133.0,1
14.0,1663.0,60.0,268.0,7.0,1210.0,121.0,1
1.0,269.0,148.0,252.0,5.0,1125.0,385.0,1
12.0,4576.0,197.0,157.0,3.0,925.0,120.0,1
15.0,1525.0,44.0,202.0,5.0,850.0,70.0,1
15.0,3425.0,91.0,75.0,7.0,985.0,95.0,1
4.0,599.0,135.0,79.0,5.0,855.0,149.0,1
15.0,521.0,75.0,268.0,4.0,655.0,95.0,1
15.0,1425.0,153.0,58.0,3.0,575.0,245.0,1
4.0,480.0,153.0,58.0,7.0,677.0,231.0,1
13.0,3.0,203.0,150.0,6.0,985.0,45.0,1
10.0,3216.0,129.0,80.0,6.0,730.0,70.0,1
15.0,631.0,147.0,45.0,6.0,425.0,110.0,1
10.0,4105.0,60.0,208.0,7.0,450.0,140.0,1
10.0,4563.0,61.0,159.0,4.0,340.0,100.0,1
15.0,2194.0,214.0,79.0,5.0,1160.0,145.0,1
15.0,2982.0,33.0,85.0,3.0,700.0,95.0,1
10.0,3287.0,41.0,80.0,6.0,825.0,90.0,1
11.0,6607.0,47.0,85.0,7.0,756.0,123.0,1
17.0,2630.0,58.0,60.0,3.0,830.0,97.0,1
13.0,459.0,208.0,71.0,6.0,1275.0,67.0,1
4.0,296.0,153.0,135.0,3.0,595.0,180.0,1
10.0,3240.0,162.0,80.0,4.0,1145.0,75.0,1
15.0,459.0,207.0,79.0,4.0,390.0,135.0,1
1.0,1216.0,244.0,80.0,4.0,500.0,70.0,1
0.0,3825.0,254.0,177.0,3.0,1020.0,66.0,1
5.0,2958.0,85.0,184.0,4.0,735.0,75.0,1
12.0,6882.0,79.0,262.0,7.0,926.0,155.0,1
8.0,409.0,139.0,16.0,1.0,390.0,104.0,1
15.0,242.0,221.0,153.0,4.0,950.0,310.0,1
5.0,1045.0,139.0,16.0,7.0,865.0,100.0,1
15.0,102.0,2.0,129.0,4.0,1165.0,115.0,1
15.0,2634.0,233.0,216.0,6.0,440.0,75.0,1
14.0,1297.0,60.0,260.0,5.0,590.0,209.0,1
15.0,3494.0,154.0,261.0,5.0,485.0,105.0,1
12.0,6464.0,232.0,253.0,7.0,893.0,101.0,1
4.0,732.0,135.0,159.0,4.0,1135.0,193.0,1
13.0,506.0,253.0,217.0,5.0,360.0,120.0,1
5.0,2700.0,258.0,197.0,4.0,390.0,228.0,1
15.0,3159.0,172.0,243.0,5.0,1200.0,220.0,1
15.0,293.0,202.0,252.0,5.0,1115.0,125.0,1
17.0,7301.0,147.0,208.0,6.0,691.0,156.0,1
5.0,2253.0,197.0,252.0,4.0,1055.0,223.0,1
5.0,1071.0,184.0,197.0,1.0,400.0,83.0,1
13.0,406.0,79.0,159.0,4.0,984.0,215.0,1
10.0,3825.0,261.0,208.0,7.0,430.0,200.0,1
10.0,3367.0,80.0,155.0,7.0,525.0,70.0,1
10.0,3323.0,80.0,118.0,4.0,645.0,50.0,1
12.0,4589.0,261.0,160.0,1.0,669.0,116.0,1
10.0,4185.0,58.0,208.0,3.0,1190.0,100.0,1
1.0,1158.0,243.0,80.0,7.0,650.0,170.0,1
13.0,485.0,79.0,262.0,7.0,1305.0,157.0,1
13.0,224.0,134.0,22.0,1.0,531.0,83.0,1
15.0,794.0,35.0,217.0,1.0,690.0,365.0,1
1.0,1074.0,80.0,16.0,1.0,855.0,125.0,1
5.0,1616.0,79.0,16.0,6.0,440.0,168.0,1
15.0,3494.0,154.0,261.0,1.0,485.0,105.0,1
12.0,7043.0,65.0,79.0,6.0,967.0,40.0,1
5.0,1123.0,261.0,85.0,5.0,520.0,216.0,1
12.0,6358.0,154.0,246.0,5.0,1122.0,44.0,1
15.0,2385.0,217.0,262.0,6.0,520.0,125.0,1
8.0,965.0,7.0,16.0,3.0,1075.0,145.0,1
15.0,1392.0,202.0,2.0,4.0,885.0,130.0,1
14.0,1210.0,80.0,216.0,5.0,390.0,185.0,1
7.0,834.0,79.0,85.0,6.0,1150.0,162.0,1
16.0,2905.0,58.0,197.0,7.0,740.0,123.0,1
1.0,1763.0,183.0,208.0,1.0,800.0,200.0,1
10.0,2737.0,80.0,107.0,3.0,1140.0,125.0,1
1.0,1547.0,277.0,80.0,1.0,586.0,170.0,1
2.0,755.0,268.0,252.0,5.0,1080.0,268.0,1
7.0,421.0,16.0,79.0,1.0,966.0,204.0,1
13.0,452.0,79.0,134.0,3.0,826.0,198.0,1
5.0,2656.0,198.0,159.0,1.0,1030.0,170.0,1
15.0,554.0,241.0,175.0,5.0,495.0,180.0,1
15.0,1015.0,228.0,173.0,3.0,820.0,190.0,1
15.0,641.0,221.0,216.0,1.0,1035.0,90.0,1
1.0,1230.0,252.0,80.0,4.0,1410.0,215.0,1
12.0,4621.0,79.0,261.0,7.0,780.0,90.0,1
12.0,6284.0,154.0,144.0,7.0,1352.0,59.0,1
12.0,6651.0,236.0,154.0,5.0,592.0,86.0,1
8.0,726.0,80.0,184.0,3.0,360.0,135.0,1
7.0,708.0,79.0,241.0,6.0,700.0,217.0,1
11.0,6602.0,147.0,78.0,1.0,720.0,114.0,1
6.0,5516.0,177.0,288.0,7.0,565.0,95.0,1
6.0,7125.0,43.0,134.0,5.0,870.0,74.0,1
13.0,257.0,147.0,208.0,5.0,360.0,156.0,1
10.0,3618.0,275.0,183.0,4.0,1100.0,80.0,1
1.0,2385.0,80.0,135.0,4.0,430.0,75.0,1
5.0,210.0,153.0,148.0,4.0,420.0,295.0,1
0.0,4343.0,228.0,85.0,4.0,985.0,129.0,1
15.0,925.0,280.0,79.0,3.0,990.0,115.0,1
6.0,5317.0,47.0,16.0,5.0,693.0,76.0,1
0.0,3977.0,58.0,85.0,1.0,625.0,60.0,1
12.0,6424.0,208.0,184.0,7.0,714.0,42.0,1
1.0,568.0,208.0,104.0,7.0,440.0,170.0,1
1.0,1483.0,233.0,80.0,7.0,915.0,195.0,1
13.0,572.0,214.0,79.0,4.0,877.0,150.0,1
0.0,4107.0,16.0,87.0,4.0,1290.0,64.0,1
14.0,1048.0,80.0,60.0,1.0,835.0,141.0,1
2.0,64.0,289.0,151.0,1.0,1000.0,40.0,1
0.0,4075.0,85.0,106.0,4.0,725.0,42.0,1
14.0,1995.0,139.0,60.0,1.0,1035.0,94.0,1
5.0,2101.0,16.0,280.0,7.0,1193.0,252.0,1
10.0,4504.0,159.0,35.0,3.0,750.0,65.0,1
16.0,2252.0,234.0,58.0,4.0,406.0,84.0,1
15.0,117.0,280.0,243.0,1.0,495.0,75.0,1
14.0,1741.0,78.0,277.0,5.0,905.0,143.0,1
5.0,2168.0,197.0,22.0,5.0,1150.0,157.0,1
16.0,2322.0,38.0,135.0,6.0,671.0,69.0,1
13.0,407.0,136.0,79.0,3.0,992.0,95.0,1
7.0,403.0,79.0,154.0,1.0,525.0,146.0,1
10.0,3604.0,71.0,183.0,1.0,430.0,170.0,1
6.0,5397.0,101.0,16.0,1.0,1070.0,97.0,1
12.0,6318.0,207.0,253.0,6.0,595.0,85.0,1
17.0,7301.0,172.0,134.0,4.0,492.0,141.0,1
12.0,6909.0,253.0,210.0,6.0,677.0,115.0,1
10.0,3049.0,243.0,154.0,6.0,420.0,50.0,1
11.0,6669.0,177.0,139.0,3.0,1135.0,82.0,1
6.0,4973.0,101.0,16.0,7.0,510.0,97.0,1
3.0,97.0,148.0,79.0,3.0,1270.0,272.0,1
15.0,2539.0,33.0,216.0,5.0,635.0,115.0,1
1.0,1194.0,183.0,22.0,4.0,1235.0,175.0,1
10.0,4025.0,208.0,240.0,5.0,695.0,70.0,1
10.0,3654.0,234.0,183.0,6.0,445.0,160.0,1
3.0,140.0,213.0,148.0,7.0,482.0,148.0,1
5.0,2189.0,85.0,261.0,4.0,1155.0,239.0,1
15.0,1099.0,268.0,251.0,1.0,1080.0,55.0,1
12.0,6942.0,65.0,79.0,4.0,744.0,40.0,1
1.0,2024.0,80.0,33.0,5.0,730.0,100.0,1
12.0,6300.0,100.0,154.0,5.0,360.0,59.0,1
15.0,667.0,129.0,277.0,5.0,500.0,120.0,1
9.0,544.0,128.0,203.0,7.0,966.0,37.0,1
1.0,699.0,251.0,80.0,4.0,1170.0,140.0,1
10.0,2973.0,80.0,190.0,7.0,1105.0,90.0,1
12.0,7042.0,79.0,254.0,4.0,1164.0,105.0,1
12.0,7760.0,89.0,261.0,7.0,852.0,63.0,1
1.0,1871.0,80.0,153.0,5.0,660.0,180.0,1
6.0,5050.0,85.0,48.0,3.0,940.0,56.0,1
5.0,736.0,262.0,16.0,7.0,1375.0,262.0,1
15.0,2343.0,252.0,153.0,6.0,420.0,145.0,1
14.0,307.0,60.0,153.0,3.0,1095.0,300.0,1
13.0,785.0,35.0,79.0,3.0,607.0,287.0,1
14.0,638.0,217.0,207.0,4.0,890.0,74.0,1
5.0,1905.0,85.0,173.0,1.0,840.0,157.0,1
17.0,2639.0,134.0,60.0,4.0,1187.0,104.0,1
12.0,6656.0,145.0,79.0,3.0,429.0,87.0,1
0.0,4389.0,82.0,197.0,6.0,410.0,60.0,1
10.0,4654.0,159.0,16.0,5.0,585.0,165.0,1
15.0,1846.0,79.0,33.0,7.0,1140.0,150.0,1
1.0,1245.0,173.0,183.0,7.0,1080.0,70.0,1
10.0,4497.0,33.0,78.0,3.0,1100.0,90.0,1
1.0,1061.0,148.0,183.0,6.0,430.0,208.0,1
14.0,1539.0,159.0,60.0,3.0,390.0,127.0,1
4.0,194.0,154.0,135.0,4.0,405.0,194.0,1
5.0,66.0,277.0,16.0,4.0,807.0,99.0,1
9.0,15.0,243.0,128.0,1.0,550.0,365.0,1
16.0,3099.0,290.0,135.0,7.0,919.0,101.0,1
3.0,1147.0,42.0,173.0,1.0,566.0,196.0,1
12.0,4692.0,261.0,204.0,4.0,590.0,135.0,1
15.0,46.0,75.0,2.0,7.0,1130.0,110.0,1
12.0,6350.0,253.0,207.0,5.0,724.0,79.0,1
5.0,47.0,16.0,35.0,7.0,1145.0,154.0,1
13.0,679.0,159.0,208.0,3.0,720.0,158.0,1
16.0,2780.0,135.0,209.0,1.0,770.0,159.0,1
5.0,2150.0,252.0,261.0,6.0,623.0,113.0,1
4.0,186.0,264.0,96.0,5.0,465.0,313.0,1
6.0,5341.0,16.0,132.0,7.0,980.0,63.0,1
2.0,129.0,252.0,98.0,4.0,1150.0,235.0,1
1.0,2417.0,80.0,154.0,4.0,640.0,205.0,1
15.0,1714.0,61.0,268.0,4.0,1110.0,90.0,1
10.0,3457.0,58.0,80.0,4.0,705.0,180.0,1
8.0,72.0,104.0,16.0,4.0,455.0,113.0,1
12.0,7802.0,261.0,282.0,3.0,660.0,61.0,1
1.0,1767.0,244.0,80.0,6.0,645.0,70.0,1
13.0,463.0,208.0,197.0,4.0,1315.0,93.0,1
15.0,384.0,268.0,175.0,5.0,540.0,60.0,1
12.0,6449.0,208.0,261.0,5.0,1040.0,210.0,1
10.0,4389.0,35.0,148.0,7.0,840.0,75.0,1
12.0,6326.0,253.0,24.0,7.0,1101.0,68.0,1
15.0,1884.0,252.0,153.0,4.0,570.0,150.0,1
14.0,602.0,217.0,153.0,5.0,595.0,80.0,1
2.0,64.0,149.0,226.0,6.0,842.0,44.0,1
10.0,4631.0,159.0,233.0,6.0,625.0,110.0,1
8.0,1629.0,216.0,173.0,1.0,773.0,167.0,1
15.0,933.0,22.0,45.0,3.0,510.0,75.0,1
10.0,2879.0,80.0,290.0,7.0,1170.0,70.0,1
14.0,2034.0,78.0,35.0,5.0,810.0,83.0,1
1.0,1686.0,208.0,233.0,7.0,455.0,110.0,1
6.0,5199.0,16.0,52.0,4.0,1372.0,40.0,1
5.0,2958.0,60.0,85.0,1.0,571.0,119.0,1
15.0,3601.0,277.0,217.0,5.0,890.0,290.0,1
15.0,128.0,175.0,154.0,1.0,420.0,270.0,1
12.0,6243.0,244.0,154.0,3.0,389.0,201.0,1
3.0,318.0,202.0,134.0,7.0,1365.0,294.0,1
14.0,163.0,243.0,60.0,5.0,675.0,267.0,1
12.0,4672.0,44.0,261.0,5.0,430.0,114.0,1
15.0,50.0,75.0,155.0,3.0,1190.0,65.0,1
15.0,470.0,154.0,258.0,7.0,930.0,65.0,1
10.0,3985.0,208.0,240.0,5.0,505.0,70.0,1
12.0,6743.0,17.0,208.0,3.0,360.0,55.0,1
5.0,1844.0,85.0,78.0,3.0,530.0,97.0,1
8.0,1218.0,175.0,267.0,5.0,420.0,154.0,1
14.0,1181.0,60.0,135.0,6.0,890.0,170.0,1
3.0,1119.0,43.0,104.0,5.0,660.0,184.0,1
17.0,2622.0,60.0,134.0,3.0,705.0,85.0,1
13.0,670.0,198.0,134.0,6.0,769.0,146.0,1
1.0,76.0,154.0,134.0,5.0,570.0,285.0,1
6.0,5062.0,16.0,120.0,3.0,487.0,73.0,1
12.0,4658.0,261.0,40.0,7.0,675.0,81.0,1
15.0,149.0,216.0,277.0,6.0,1030.0,175.0,1
0.0,4149.0,43.0,148.0,4.0,822.0,102.0,1
13.0,634.0,208.0,96.0,6.0,389.0,120.0,1
14.0,1857.0,60.0,173.0,5.0,1340.0,93.0,1
5.0,2263.0,148.0,154.0,4.0,1260.0,388.0,1
5.0,1956.0,79.0,71.0,5.0,825.0,150.0,1
12.0,6996.0,71.0,79.0,5.0,986.0,194.0,1
17.0,2821.0,160.0,217.0,4.0,405.0,87.0,1
3.0,1222.0,233.0,35.0,7.0,535.0,100.0,1
0.0,3725.0,281.0,85.0,1.0,335.0,75.0,1
10.0,4435.0,233.0,78.0,3.0,990.0,60.0,1
1.0,283.0,154.0,128.0,3.0,625.0,365.0,1
4.0,433.0,159.0,135.0,5.0,800.0,243.0,1
14.0,1171.0,60.0,135.0,3.0,460.0,170.0,1
4.0,191.0,183.0,135.0,6.0,470.0,162.0,1
6.0,5387.0,116.0,16.0,1.0,360.0,80.0,1
11.0,6385.0,159.0,71.0,3.0,780.0,143.0,1
15.0,2812.0,175.0,172.0,3.0,920.0,95.0,1
14.0,1296.0,268.0,60.0,6.0,360.0,113.0,1
15.0,208.0,264.0,217.0,5.0,405.0,95.0,1
14.0,49.0,217.0,153.0,1.0,660.0,71.0,1
16.0,2157.0,147.0,135.0,1.0,930.0,149.0,1
13.0,84.0,128.0,154.0,3.0,1299.0,332.0,1
1.0,1548.0,80.0,78.0,4.0,885.0,170.0,1
15.0,3133.0,277.0,104.0,5.0,985.0,60.0,1
13.0,945.0,208.0,154.0,6.0,715.0,284.0,1
6.0,5445.0,182.0,85.0,1.0,749.0,130.0,1
3.0,309.0,134.0,104.0,6.0,886.0,157.0,1
14.0,1784.0,153.0,60.0,4.0,680.0,249.0,1
4.0,390.0,261.0,135.0,3.0,756.0,180.0,1
12.0,6430.0,154.0,244.0,3.0,1110.0,161.0,1
15.0,2926.0,75.0,172.0,6.0,570.0,85.0,1
13.0,795.0,277.0,134.0,4.0,1135.0,135.0,1
17.0,2790.0,217.0,160.0,4.0,920.0,78.0,1
1.0,272.0,253.0,183.0,3.0,1255.0,315.0,1
15.0,1489.0,213.0,277.0,3.0,945.0,55.0,1
12.0,6518.0,136.0,208.0,4.0,636.0,109.0,1
11.0,6552.0,85.0,216.0,3.0,740.0,105.0,1
14.0,644.0,217.0,207.0,6.0,1080.0,71.0,1
13.0,358.0,79.0,159.0,1.0,493.0,225.0,1
10.0,4534.0,159.0,290.0,3.0,420.0,220.0,1
14.0,680.0,60.0,96.0,5.0,800.0,114.0,1
14.0,1014.0,60.0,208.0,5.0,971.0,124.0,1
0.0,3710.0,247.0,85.0,3.0,480.0,70.0,1
1.0,2454.0,154.0,80.0,5.0,1005.0,180.0,1
17.0,2730.0,217.0,160.0,5.0,670.0,85.0,1
0.0,3664.0,85.0,58.0,5.0,1035.0,64.0,1
15.0,1262.0,175.0,217.0,6.0,815.0,240.0,1
15.0,979.0,198.0,129.0,5.0,420.0,75.0,1
15.0,1945.0,79.0,198.0,7.0,620.0,155.0,1
1.0,1767.0,244.0,80.0,3.0,645.0,70.0,1
15.0,1295.0,129.0,18.0,6.0,1110.0,45.0,1
0.0,4039.0,121.0,16.0,6.0,455.0,85.0,1
5.0,1877.0,208.0,16.0,6.0,996.0,124.0,1
12.0,6665.0,79.0,93.0,3.0,1101.0,171.0,1
15.0,571.0,202.0,154.0,6.0,585.0,75.0,1
13.0,379.0,134.0,173.0,5.0,499.0,147.0,1
5.0,1099.0,22.0,173.0,7.0,450.0,182.0,1
13.0,88.0,253.0,96.0,7.0,851.0,343.0,1
14.0,1292.0,277.0,60.0,5.0,1150.0,98.0,1
10.0,3959.0,162.0,208.0,4.0,635.0,110.0,1
3.0,937.0,208.0,160.0,1.0,1055.0,267.0,1
1.0,511.0,80.0,65.0,5.0,690.0,115.0,1
0.0,3817.0,177.0,119.0,1.0,510.0,108.0,1
5.0,1670.0,261.0,214.0,4.0,1220.0,123.0,1
1.0,2362.0,80.0,208.0,7.0,965.0,145.0,1
1.0,2473.0,80.0,154.0,4.0,1120.0,200.0,1
14.0,702.0,217.0,216.0,4.0,705.0,265.0,1
0.0,3807.0,121.0,85.0,5.0,571.0,114.0,1
6.0,5601.0,16.0,81.0,1.0,1017.0,58.0,1
1.0,1374.0,208.0,183.0,3.0,850.0,185.0,1
14.0,1176.0,60.0,35.0,7.0,1083.0,129.0,1
10.0,2927.0,80.0,94.0,3.0,540.0,110.0,1
15.0,706.0,85.0,45.0,1.0,435.0,95.0,1
1.0,395.0,183.0,80.0,7.0,645.0,200.0,1
1.0,2421.0,80.0,154.0,4.0,695.0,195.0,1
14.0,1057.0,22.0,60.0,3.0,885.0,136.0,1
1.0,1843.0,208.0,252.0,4.0,530.0,270.0,1
8.0,1048.0,241.0,78.0,6.0,707.0,133.0,1
13.0,169.0,159.0,208.0,5.0,657.0,157.0,1
15.0,1048.0,45.0,198.0,1.0,620.0,180.0,1
15.0,1977.0,243.0,236.0,6.0,635.0,95.0,1
10.0,4041.0,32.0,208.0,4.0,995.0,55.0,1
10.0,3671.0,183.0,275.0,5.0,665.0,85.0,1
5.0,1406.0,154.0,85.0,7.0,1394.0,265.0,1
5.0,1775.0,159.0,177.0,1.0,975.0,190.0,1
5.0,749.0,145.0,261.0,3.0,420.0,57.0,1
11.0,6369.0,71.0,16.0,4.0,817.0,108.0,1
1.0,1839.0,80.0,244.0,1.0,470.0,60.0,1
12.0,7028.0,65.0,79.0,5.0,460.0,50.0,1
1.0,785.0,159.0,80.0,1.0,1060.0,255.0,1
14.0,2177.0,159.0,78.0,4.0,840.0,72.0,1
16.0,2483.0,158.0,135.0,5.0,1030.0,70.0,1
17.0,1025.0,128.0,161.0,7.0,910.0,37.0,1
17.0,2751.0,217.0,248.0,5.0,1258.0,101.0,1
16.0,2723.0,135.0,204.0,6.0,450.0,80.0,1
13.0,188.0,208.0,277.0,5.0,840.0,163.0,1
15.0,1075.0,91.0,2.0,5.0,450.0,55.0,1
6.0,5391.0,16.0,19.0,4.0,682.0,61.0,1
3.0,363.0,159.0,213.0,7.0,465.0,168.0,1
15.0,1392.0,44.0,202.0,4.0,790.0,70.0,1
9.0,348.0,128.0,150.0,1.0,851.0,44.0,1
13.0,56.0,253.0,96.0,3.0,1350.0,325.0,1
15.0,2885.0,243.0,262.0,3.0,750.0,95.0,1
16.0,2203.0,279.0,135.0,7.0,650.0,87.0,1
0.0,3695.0,197.0,193.0,1.0,615.0,70.0,1
15.0,1500.0,35.0,216.0,3.0,425.0,100.0,1
16.0,2556.0,197.0,96.0,5.0,1110.0,153.0,1
5.0,1009.0,197.0,16.0,6.0,555.0,151.0,1
10.0,3973.0,208.0,279.0,7.0,1045.0,125.0,1
5.0,2079.0,159.0,104.0,4.0,765.0,192.0,1
15.0,337.0,214.0,2.0,3.0,680.0,155.0,1
12.0,4662.0,2.0,261.0,5.0,360.0,99.0,1
5.0,2756.0,16.0,148.0,7.0,450.0,135.0,1
16.0,2993.0,96.0,197.0,1.0,700.0,186.0,1
5.0,2518.0,173.0,16.0,5.0,990.0,100.0,1
0.0,3724.0,85.0,117.0,6.0,525.0,88.0,1
13.0,643.0,208.0,214.0,1.0,909.0,280.0,1
15.0,3242.0,141.0,213.0,3.0,1125.0,180.0,1
6.0,5514.0,16.0,176.0,4.0,821.0,73.0,1
7.0,146.0,79.0,129.0,1.0,707.0,137.0,1
4.0,1.0,135.0,128.0,1.0,565.0,505.0,1
16.0,2059.0,96.0,139.0,7.0,820.0,134.0,1
10.0,3535.0,80.0,162.0,5.0,1320.0,65.0,1
15.0,2812.0,2.0,217.0,5.0,1150.0,75.0,1
15.0,2920.0,154.0,153.0,6.0,665.0,65.0,1
5.0,2112.0,16.0,208.0,4.0,505.0,134.0,1
8.0,934.0,16.0,147.0,3.0,1106.0,66.0,1
15.0,1073.0,236.0,153.0,5.0,1000.0,70.0,1
11.0,6321.0,148.0,78.0,5.0,820.0,100.0,1
14.0,62.0,79.0,60.0,3.0,410.0,189.0,1
15.0,1475.0,262.0,44.0,6.0,450.0,70.0,1
1.0,1383.0,197.0,80.0,1.0,525.0,155.0,1
13.0,16.0,243.0,208.0,3.0,378.0,244.0,1
16.0,2862.0,135.0,184.0,4.0,1195.0,153.0,1
10.0,4321.0,208.0,204.0,6.0,865.0,135.0,1
5.0,1907.0,16.0,198.0,6.0,1312.0,101.0,1
1.0,2093.0,159.0,183.0,3.0,690.0,190.0,1
10.0,3205.0,80.0,251.0,6.0,520.0,120.0,1
12.0,6593.0,28.0,79.0,3.0,612.0,88.0,1
13.0,906.0,253.0,208.0,7.0,665.0,256.0,1
5.0,2621.0,261.0,154.0,6.0,1205.0,122.0,1
0.0,4390.0,56.0,85.0,1.0,375.0,106.0,1
13.0,155.0,197.0,208.0,1.0,1025.0,84.0,1
0.0,3856.0,177.0,58.0,7.0,1139.0,122.0,1
14.0,1884.0,277.0,216.0,5.0,720.0,149.0,1
13.0,326.0,134.0,80.0,6.0,506.0,223.0,1
3.0,263.0,262.0,160.0,5.0,555.0,79.0,1
14.0,1455.0,60.0,253.0,1.0,580.0,349.0,1
16.0,2945.0,135.0,27.0,4.0,855.0,93.0,1
5.0,2231.0,159.0,85.0,5.0,985.0,123.0,1
14.0,1465.0,85.0,216.0,7.0,425.0,99.0,1
12.0,4708.0,154.0,261.0,4.0,1290.0,104.0,1
0.0,4226.0,71.0,209.0,7.0,690.0,99.0,1
6.0,5362.0,256.0,16.0,5.0,345.0,123.0,1
4.0,44.0,183.0,96.0,5.0,815.0,178.0,1
1.0,386.0,208.0,159.0,1.0,535.0,120.0,1
14.0,56.0,208.0,216.0,4.0,360.0,119.0,1
12.0,6814.0,154.0,252.0,5.0,405.0,164.0,1
5.0,2393.0,85.0,197.0,3.0,730.0,122.0,1
1.0,413.0,208.0,264.0,7.0,845.0,255.0,1
8.0,164.0,260.0,16.0,7.0,959.0,248.0,1
15.0,1264.0,79.0,129.0,4.0,770.0,140.0,1
13.0,59.0,253.0,150.0,5.0,536.0,337.0,1
1.0,1943.0,253.0,154.0,5.0,1150.0,80.0,1
14.0,1712.0,16.0,60.0,1.0,645.0,76.0,1
6.0,5205.0,251.0,16.0,1.0,830.0,94.0,1
15.0,918.0,173.0,216.0,5.0,620.0,145.0,1
13.0,370.0,80.0,134.0,5.0,713.0,182.0,1
12.0,6982.0,67.0,79.0,5.0,579.0,59.0,1
9.0,378.0,161.0,128.0,7.0,1260.0,30.0,1
10.0,3827.0,16.0,208.0,3.0,705.0,120.0,1
1.0,1827.0,80.0,262.0,6.0,1030.0,225.0,1
5.0,132.0,253.0,148.0,5.0,390.0,330.0,1
14.0,1195.0,216.0,217.0,3.0,615.0,330.0,1
17.0,2903.0,246.0,217.0,4.0,385.0,91.0,1
14.0,855.0,277.0,78.0,4.0,1095.0,125.0,1
1.0,301.0,159.0,208.0,1.0,370.0,160.0,1
4.0,1407.0,135.0,258.0,4.0,550.0,258.0,1
6.0,5248.0,16.0,200.0,4.0,735.0,70.0,1
12.0,4674.0,44.0,261.0,4.0,995.0,108.0,1
6.0,5339.0,16.0,41.0,3.0,555.0,100.0,1
8.0,420.0,16.0,223.0,6.0,1340.0,75.0,1
13.0,925.0,134.0,154.0,7.0,1315.0,351.0,1
16.0,2268.0,135.0,213.0,7.0,655.0,143.0,1
1.0,632.0,153.0,80.0,1.0,770.0,155.0,1
0.0,4088.0,197.0,71.0,1.0,465.0,114.0,1
10.0,2944.0,170.0,80.0,6.0,1105.0,70.0,1
2.0,75.0,252.0,149.0,5.0,650.0,155.0,1
1.0,1312.0,260.0,22.0,5.0,1140.0,240.0,1
5.0,684.0,16.0,71.0,5.0,595.0,97.0,1
4.0,1844.0,135.0,58.0,5.0,870.0,162.0,1
15.0,1159.0,261.0,202.0,4.0,1205.0,125.0,1
14.0,1950.0,60.0,43.0,6.0,1205.0,106.0,1
15.0,891.0,182.0,173.0,1.0,410.0,200.0,1
4.0,86.0,96.0,58.0,6.0,1230.0,86.0,1
3.0,377.0,159.0,104.0,3.0,809.0,182.0,1
5.0,1290.0,16.0,85.0,7.0,1305.0,123.0,1
15.0,702.0,153.0,2.0,5.0,515.0,80.0,1
16.0,2678.0,135.0,68.0,3.0,580.0,63.0,1
1.0,1292.0,80.0,198.0,7.0,885.0,75.0,1
15.0,3047.0,153.0,217.0,3.0,1010.0,70.0,1
14.0,1444.0,60.0,233.0,7.0,780.0,49.0,1
15.0,1466.0,27.0,277.0,1.0,1055.0,80.0,1
14.0,1460.0,253.0,60.0,5.0,675.0,288.0,1
6.0,5244.0,190.0,16.0,5.0,465.0,81.0,1
10.0,4179.0,193.0,208.0,3.0,585.0,85.0,1
17.0,2603.0,60.0,71.0,7.0,595.0,97.0,1
2.0,189.0,14.0,98.0,3.0,945.0,60.0,1
10.0,3533.0,80.0,58.0,5.0,465.0,150.0,1
5.0,1954.0,16.0,147.0,7.0,810.0,69.0,1
15.0,988.0,45.0,204.0,5.0,1040.0,205.0,1
9.0,148.0,128.0,150.0,3.0,776.0,43.0,1
10.0,4563.0,61.0,159.0,1.0,340.0,100.0,1
4.0,1045.0,58.0,135.0,1.0,360.0,190.0,1
6.0,5145.0,279.0,16.0,3.0,653.0,117.0,1
14.0,2165.0,159.0,78.0,3.0,480.0,72.0,1
14.0,680.0,217.0,60.0,5.0,390.0,225.0,1
14.0,1238.0,80.0,60.0,4.0,1059.0,141.0,1
12.0,4511.0,261.0,111.0,1.0,1010.0,115.0,1
1.0,1041.0,208.0,258.0,3.0,610.0,280.0,1
5.0,2381.0,244.0,16.0,4.0,400.0,138.0,1
0.0,3817.0,177.0,119.0,4.0,510.0,108.0,1
17.0,7244.0,229.0,208.0,4.0,1048.0,172.0,1
12.0,4652.0,112.0,197.0,1.0,655.0,80.0,1
3.0,324.0,104.0,22.0,6.0,670.0,171.0,1
13.0,103.0,79.0,262.0,1.0,733.0,162.0,1
10.0,3235.0,80.0,5.0,6.0,745.0,40.0,1
5.0,2301.0,35.0,16.0,4.0,1110.0,186.0,1
15.0,1201.0,175.0,79.0,7.0,705.0,160.0,1
14.0,1047.0,78.0,60.0,1.0,1035.0,92.0,1
15.0,690.0,45.0,12.0,1.0,750.0,70.0,1
15.0,931.0,45.0,172.0,3.0,990.0,180.0,1
6.0,5419.0,204.0,85.0,4.0,360.0,150.0,1
14.0,407.0,217.0,253.0,6.0,885.0,125.0,1
15.0,2265.0,111.0,34.0,3.0,710.0,60.0,1
0.0,4011.0,152.0,85.0,7.0,625.0,49.0,1
14.0,2033.0,35.0,78.0,7.0,720.0,92.0,1
15.0,3.0,75.0,129.0,7.0,450.0,60.0,1
16.0,2827.0,170.0,135.0,1.0,325.0,85.0,1
1.0,2042.0,80.0,104.0,4.0,385.0,150.0,1
13.0,315.0,79.0,207.0,5.0,707.0,145.0,1
15.0,1930.0,262.0,44.0,3.0,885.0,70.0,1
13.0,783.0,134.0,2.0,6.0,1072.0,263.0,1
16.0,3045.0,96.0,139.0,4.0,920.0,134.0,1
5.0,1059.0,16.0,12.0,4.0,575.0,140.0,1
12.0,3044.0,184.0,84.0,5.0,1250.0,68.0,1
5.0,2322.0,177.0,172.0,1.0,840.0,90.0,1
6.0,5453.0,146.0,16.0,5.0,1105.0,90.0,1
16.0,2382.0,76.0,96.0,4.0,648.0,102.0,1
15.0,1361.0,153.0,154.0,5.0,885.0,65.0,1
13.0,28.0,154.0,148.0,7.0,985.0,320.0,1
12.0,6409.0,154.0,248.0,4.0,1185.0,54.0,1
7.0,499.0,79.0,48.0,3.0,805.0,162.0,1
17.0,7256.0,139.0,134.0,5.0,872.0,102.0,1
9.0,260.0,128.0,143.0,7.0,891.0,52.0,1
10.0,3360.0,68.0,80.0,3.0,995.0,80.0,1
5.0,2768.0,252.0,16.0,5.0,800.0,285.0,1
10.0,3619.0,183.0,275.0,7.0,990.0,85.0,1
0.0,3669.0,254.0,177.0,5.0,390.0,75.0,1
5.0,1715.0,18.0,16.0,3.0,968.0,136.0,1
12.0,4603.0,261.0,177.0,6.0,830.0,188.0,1
5.0,2402.0,183.0,85.0,4.0,1060.0,187.0,1
6.0,5586.0,16.0,101.0,3.0,965.0,76.0,1
16.0,2249.0,135.0,177.0,5.0,600.0,86.0,1
10.0,3636.0,60.0,183.0,7.0,835.0,135.0,1
1.0,1808.0,183.0,79.0,7.0,1235.0,270.0,1
16.0,2520.0,135.0,71.0,1.0,655.0,136.0,1
5.0,1920.0,154.0,177.0,6.0,465.0,221.0,1
8.0,425.0,223.0,16.0,7.0,669.0,62.0,1
13.0,453.0,79.0,34.0,3.0,1112.0,126.0,1
5.0,2530.0,46.0,197.0,1.0,360.0,138.0,1
15.0,1023.0,202.0,2.0,3.0,505.0,135.0,1
0.0,4347.0,197.0,164.0,3.0,1315.0,81.0,1
13.0,320.0,253.0,154.0,4.0,634.0,96.0,1
0.0,3666.0,197.0,29.0,3.0,905.0,88.0,1
11.0,6682.0,71.0,205.0,4.0,820.0,130.0,1
3.0,584.0,104.0,130.0,1.0,1034.0,173.0,1
12.0,4620.0,127.0,261.0,5.0,1040.0,77.0,1
12.0,7050.0,79.0,110.0,5.0,677.0,91.0,1
6.0,5328.0,16.0,27.0,4.0,690.0,58.0,1
10.0,4141.0,208.0,172.0,7.0,1045.0,100.0,1
8.0,314.0,16.0,60.0,1.0,890.0,66.0,1
1.0,1140.0,80.0,16.0,7.0,475.0,125.0,1
4.0,1779.0,135.0,244.0,6.0,1076.0,54.0,1
0.0,3848.0,85.0,27.0,4.0,1175.0,127.0,1
8.0,686.0,136.0,16.0,3.0,1036.0,119.0,1
14.0,2183.0,159.0,78.0,1.0,1020.0,76.0,1
6.0,5078.0,41.0,177.0,5.0,390.0,76.0,1
1.0,633.0,260.0,80.0,4.0,790.0,310.0,1
1.0,1777.0,148.0,173.0,4.0,479.0,180.0,1
10.0,4012.0,208.0,177.0,4.0,580.0,110.0,1
12.0,6267.0,253.0,100.0,4.0,1065.0,56.0,1
1.0,1587.0,80.0,18.0,7.0,815.0,55.0,1
10.0,2733.0,80.0,116.0,3.0,1220.0,90.0,1
16.0,2463.0,58.0,80.0,7.0,740.0,179.0,1
16.0,2558.0,96.0,205.0,5.0,1270.0,202.0,1
13.0,942.0,154.0,208.0,4.0,668.0,242.0,1
6.0,5183.0,16.0,278.0,4.0,1008.0,61.0,1
15.0,3763.0,79.0,45.0,3.0,725.0,200.0,1
15.0,1003.0,2.0,280.0,4.0,1135.0,70.0,1
14.0,2136.0,159.0,35.0,4.0,1020.0,72.0,1
1.0,1022.0,183.0,216.0,3.0,885.0,180.0,1
3.0,262.0,160.0,262.0,6.0,420.0,83.0,1
7.0,784.0,153.0,79.0,5.0,688.0,112.0,1
12.0,6438.0,114.0,79.0,3.0,378.0,60.0,1
15.0,1048.0,198.0,75.0,5.0,765.0,85.0,1
16.0,3024.0,131.0,135.0,3.0,330.0,70.0,1
2.0,636.0,252.0,217.0,6.0,750.0,163.0,1
5.0,2425.0,45.0,16.0,1.0,1050.0,129.0,1
1.0,2299.0,85.0,183.0,7.0,360.0,190.0,1
1.0,1900.0,264.0,80.0,1.0,950.0,170.0,1
1.0,356.0,208.0,159.0,1.0,995.0,130.0,1
15.0,2706.0,175.0,45.0,5.0,735.0,110.0,1
17.0,2748.0,217.0,248.0,6.0,667.0,105.0,1
16.0,2704.0,209.0,96.0,6.0,616.0,77.0,1
15.0,533.0,129.0,153.0,3.0,405.0,205.0,1
13.0,875.0,79.0,252.0,5.0,510.0,183.0,1
3.0,346.0,267.0,148.0,7.0,705.0,159.0,1
8.0,530.0,16.0,177.0,5.0,1260.0,82.0,1
5.0,1274.0,117.0,197.0,7.0,786.0,70.0,1
8.0,215.0,184.0,241.0,5.0,565.0,174.0,1
13.0,265.0,221.0,154.0,3.0,1096.0,330.0,1
12.0,4586.0,207.0,261.0,7.0,600.0,112.0,1
3.0,295.0,252.0,160.0,3.0,1055.0,152.0,1
10.0,3747.0,216.0,208.0,7.0,785.0,145.0,1
8.0,764.0,16.0,213.0,7.0,615.0,112.0,1
15.0,1041.0,153.0,262.0,7.0,995.0,90.0,1
4.0,422.0,198.0,135.0,4.0,568.0,72.0,1
13.0,346.0,208.0,12.0,6.0,965.0,120.0,1
13.0,664.0,253.0,208.0,6.0,360.0,249.0,1
15.0,705.0,279.0,79.0,5.0,790.0,110.0,1
4.0,87.0,58.0,96.0,3.0,450.0,84.0,1
17.0,2831.0,244.0,217.0,5.0,1125.0,154.0,1
15.0,2938.0,175.0,202.0,6.0,1135.0,290.0,1
4.0,1083.0,35.0,135.0,6.0,800.0,260.0,1
14.0,149.0,252.0,217.0,1.0,315.0,166.0,1
2.0,314.0,253.0,227.0,7.0,1240.0,85.0,1
5.0,1757.0,16.0,264.0,5.0,500.0,305.0,1
5.0,2124.0,16.0,45.0,4.0,670.0,115.0,1
5.0,1264.0,261.0,134.0,4.0,1016.0,246.0,1
15.0,1964.0,153.0,243.0,7.0,1140.0,65.0,1
15.0,225.0,172.0,184.0,4.0,910.0,80.0,1
1.0,827.0,208.0,258.0,5.0,1140.0,280.0,1
12.0,6563.0,15.0,79.0,5.0,825.0,45.0,1
12.0,7765.0,261.0,220.0,3.0,660.0,60.0,1
17.0,2648.0,153.0,154.0,4.0,450.0,67.0,1
12.0,4555.0,261.0,207.0,5.0,1220.0,98.0,1
12.0,6349.0,208.0,72.0,5.0,715.0,57.0,1
10.0,4327.0,281.0,193.0,7.0,1255.0,45.0,1
12.0,4774.0,261.0,224.0,5.0,690.0,105.0,1
12.0,6393.0,79.0,107.0,3.0,1233.0,85.0,1
1.0,1533.0,16.0,80.0,3.0,415.0,150.0,1
11.0,6617.0,119.0,85.0,6.0,505.0,63.0,1
12.0,6952.0,79.0,246.0,6.0,558.0,159.0,1
12.0,6425.0,79.0,46.0,6.0,1146.0,109.0,1
17.0,2718.0,194.0,217.0,6.0,360.0,145.0,1
12.0,7043.0,79.0,65.0,5.0,906.0,33.0,1
10.0,3877.0,216.0,208.0,3.0,635.0,145.0,1
12.0,4747.0,154.0,153.0,3.0,877.0,69.0,1
6.0,5187.0,157.0,16.0,7.0,616.0,88.0,1
11.0,6544.0,148.0,43.0,3.0,1020.0,115.0,1
13.0,98.0,153.0,79.0,5.0,721.0,117.0,1
12.0,6533.0,79.0,137.0,1.0,906.0,98.0,1
5.0,2336.0,197.0,184.0,5.0,1180.0,70.0,1
17.0,2822.0,227.0,217.0,7.0,1150.0,83.0,1
6.0,7098.0,120.0,208.0,4.0,714.0,125.0,1
14.0,975.0,60.0,233.0,7.0,875.0,50.0,1
6.0,5253.0,16.0,288.0,3.0,1366.0,68.0,1
10.0,4629.0,233.0,159.0,1.0,360.0,95.0,1
2.0,852.0,128.0,252.0,7.0,865.0,337.0,1
5.0,1197.0,154.0,203.0,7.0,525.0,351.0,1
5.0,1883.0,261.0,153.0,3.0,920.0,85.0,1
6.0,5366.0,254.0,16.0,3.0,360.0,119.0,1
10.0,2708.0,71.0,80.0,7.0,960.0,165.0,1
13.0,724.0,79.0,172.0,4.0,1228.0,102.0,1
15.0,517.0,85.0,217.0,3.0,855.0,280.0,1
6.0,5001.0,16.0,41.0,4.0,815.0,97.0,1
15.0,2803.0,134.0,175.0,4.0,610.0,120.0,1
13.0,891.0,148.0,154.0,4.0,398.0,380.0,1
14.0,1247.0,213.0,216.0,1.0,830.0,157.0,1
5.0,2906.0,177.0,85.0,1.0,828.0,116.0,1
15.0,770.0,262.0,252.0,3.0,1075.0,115.0,1
13.0,882.0,208.0,35.0,6.0,965.0,138.0,1
17.0,2833.0,217.0,44.0,4.0,510.0,89.0,1
13.0,114.0,208.0,173.0,3.0,960.0,163.0,1
5.0,2164.0,2.0,197.0,6.0,850.0,158.0,1
16.0,2240.0,135.0,233.0,5.0,435.0,148.0,1
14.0,547.0,80.0,217.0,7.0,900.0,156.0,1
15.0,198.0,129.0,277.0,4.0,635.0,115.0,1
13.0,527.0,208.0,45.0,3.0,427.0,113.0,1
15.0,23.0,129.0,131.0,7.0,805.0,60.0,1
15.0,3147.0,154.0,258.0,3.0,575.0,65.0,1
13.0,689.0,159.0,208.0,5.0,1025.0,166.0,1
1.0,1074.0,205.0,80.0,4.0,675.0,115.0,1
15.0,2176.0,202.0,217.0,1.0,985.0,115.0,1
14.0,542.0,217.0,80.0,4.0,603.0,149.0,1
5.0,2324.0,16.0,45.0,5.0,515.0,117.0,1
11.0,6466.0,71.0,159.0,5.0,585.0,122.0,1
12.0,6535.0,253.0,24.0,4.0,904.0,74.0,1
15.0,161.0,221.0,175.0,1.0,585.0,90.0,1
8.0,464.0,45.0,229.0,5.0,954.0,83.0,1
4.0,278.0,244.0,135.0,6.0,345.0,52.0,1
15.0,532.0,175.0,141.0,3.0,660.0,130.0,1
17.0,7235.0,12.0,134.0,1.0,602.0,94.0,1
3.0,165.0,148.0,214.0,7.0,1155.0,388.0,1
15.0,944.0,207.0,217.0,5.0,460.0,70.0,1
13.0,587.0,253.0,264.0,5.0,1091.0,93.0,1
7.0,630.0,79.0,195.0,3.0,942.0,119.0,1
6.0,5504.0,180.0,16.0,3.0,653.0,62.0,1
12.0,6531.0,253.0,248.0,5.0,1126.0,65.0,1
0.0,4050.0,85.0,247.0,5.0,830.0,60.0,1
9.0,12.0,128.0,253.0,5.0,830.0,305.0,1
16.0,2132.0,135.0,162.0,4.0,460.0,78.0,1
7.0,420.0,79.0,16.0,4.0,629.0,174.0,1
6.0,5558.0,85.0,216.0,4.0,915.0,120.0,1
0.0,3957.0,17.0,197.0,6.0,360.0,76.0,1
16.0,2959.0,190.0,135.0,3.0,390.0,94.0,1
12.0,6712.0,79.0,83.0,3.0,1308.0,62.0,1
12.0,6260.0,265.0,208.0,7.0,796.0,59.0,1
6.0,5104.0,16.0,32.0,4.0,645.0,104.0,1
5.0,2525.0,197.0,214.0,7.0,555.0,232.0,1
15.0,709.0,175.0,2.0,4.0,705.0,190.0,1
6.0,5611.0,16.0,115.0,1.0,505.0,78.0,1
3.0,1019.0,35.0,148.0,7.0,700.0,68.0,1
5.0,1917.0,16.0,79.0,6.0,905.0,201.0,1
14.0,373.0,60.0,80.0,5.0,1331.0,163.0,1
12.0,4775.0,243.0,154.0,1.0,730.0,49.0,1
8.0,477.0,45.0,16.0,3.0,761.0,125.0,1
8.0,553.0,43.0,16.0,5.0,772.0,137.0,1
12.0,6953.0,208.0,34.0,3.0,740.0,229.0,1
6.0,7138.0,134.0,182.0,3.0,1025.0,91.0,1
15.0,1752.0,18.0,217.0,3.0,1090.0,155.0,1
5.0,697.0,16.0,223.0,5.0,1045.0,78.0,1
8.0,325.0,16.0,253.0,4.0,525.0,342.0,1
1.0,1525.0,154.0,253.0,6.0,1025.0,80.0,1
8.0,1940.0,16.0,173.0,7.0,1040.0,88.0,1
0.0,4239.0,142.0,85.0,7.0,360.0,97.0,1
10.0,3799.0,2.0,208.0,5.0,475.0,160.0,1
0.0,4266.0,107.0,197.0,1.0,518.0,67.0,1
15.0,1886.0,175.0,243.0,6.0,605.0,275.0,1
15.0,3932.0,44.0,202.0,7.0,1010.0,70.0,1
5.0,2216.0,153.0,85.0,6.0,1420.0,228.0,1
3.0,1240.0,60.0,35.0,5.0,420.0,123.0,1
9.0,323.0,128.0,161.0,3.0,1306.0,36.0,1
1.0,1965.0,80.0,253.0,4.0,535.0,240.0,1
0.0,3839.0,33.0,85.0,4.0,1103.0,115.0,1
10.0,2799.0,80.0,283.0,6.0,930.0,50.0,1
16.0,2435.0,135.0,147.0,4.0,492.0,116.0,1
15.0,1447.0,33.0,87.0,6.0,570.0,70.0,1
15.0,1575.0,217.0,252.0,6.0,1075.0,190.0,1
15.0,3485.0,58.0,33.0,5.0,390.0,100.0,1
13.0,551.0,208.0,153.0,5.0,715.0,249.0,1
5.0,1143.0,54.0,16.0,7.0,605.0,77.0,1
14.0,978.0,213.0,216.0,7.0,980.0,153.0,1
6.0,5414.0,78.0,35.0,5.0,415.0,93.0,1
10.0,4285.0,208.0,60.0,7.0,470.0,115.0,1
1.0,1268.0,183.0,78.0,3.0,720.0,140.0,1
15.0,128.0,154.0,253.0,1.0,600.0,80.0,1
6.0,5303.0,101.0,16.0,7.0,987.0,96.0,1
14.0,180.0,217.0,243.0,6.0,520.0,72.0,1
4.0,1836.0,135.0,216.0,3.0,755.0,194.0,1
12.0,6397.0,154.0,248.0,6.0,961.0,54.0,1
5.0,2232.0,208.0,197.0,4.0,475.0,94.0,1
1.0,592.0,80.0,147.0,7.0,685.0,130.0,1
5.0,2312.0,261.0,14.0,7.0,1319.0,308.0,1
5.0,1235.0,96.0,261.0,1.0,420.0,327.0,1
5.0,2330.0,197.0,177.0,6.0,660.0,125.0,1
5.0,2019.0,159.0,197.0,7.0,1100.0,195.0,1
6.0,5007.0,47.0,16.0,1.0,525.0,85.0,1
17.0,2634.0,60.0,209.0,7.0,453.0,65.0,1
5.0,1023.0,76.0,16.0,3.0,657.0,105.0,1
14.0,973.0,54.0,60.0,4.0,959.0,63.0,1
12.0,6948.0,65.0,208.0,7.0,360.0,146.0,1
6.0,7083.0,208.0,71.0,5.0,975.0,69.0,1
5.0,1410.0,79.0,85.0,4.0,966.0,169.0,1
12.0,7001.0,124.0,79.0,1.0,471.0,50.0,1
13.0,736.0,253.0,153.0,7.0,360.0,97.0,1
15.0,1723.0,243.0,217.0,7.0,1125.0,70.0,1
14.0,1698.0,60.0,228.0,5.0,1326.0,108.0,1
12.0,6531.0,248.0,253.0,3.0,1259.0,61.0,1
4.0,1059.0,78.0,135.0,3.0,835.0,206.0,1
4.0,678.0,244.0,135.0,4.0,925.0,64.0,1
6.0,7078.0,134.0,238.0,7.0,755.0,73.0,1
15.0,1419.0,153.0,217.0,4.0,1115.0,65.0,1
14.0,1455.0,277.0,60.0,6.0,420.0,100.0,1
1.0,1416.0,280.0,80.0,4.0,870.0,130.0,1
13.0,197.0,134.0,252.0,5.0,762.0,354.0,1
12.0,6750.0,79.0,15.0,7.0,544.0,45.0,1
10.0,4695.0,159.0,35.0,4.0,960.0,70.0,1
5.0,1946.0,104.0,197.0,1.0,800.0,240.0,1
12.0,3094.0,184.0,205.0,7.0,852.0,80.0,1
15.0,1398.0,277.0,33.0,7.0,610.0,115.0,1
0.0,4061.0,20.0,85.0,5.0,995.0,100.0,1
13.0,138.0,79.0,159.0,1.0,800.0,219.0,1
12.0,6733.0,285.0,79.0,4.0,543.0,214.0,1
15.0,198.0,129.0,277.0,1.0,635.0,115.0,1
3.0,1402.0,18.0,104.0,4.0,715.0,150.0,1
14.0,622.0,217.0,153.0,6.0,965.0,70.0,1
14.0,2045.0,35.0,78.0,7.0,1080.0,97.0,1
15.0,539.0,104.0,175.0,3.0,1035.0,195.0,1
17.0,2617.0,60.0,120.0,4.0,689.0,51.0,1
15.0,1110.0,154.0,153.0,6.0,795.0,65.0,1
6.0,7081.0,134.0,76.0,3.0,755.0,88.0,1
13.0,724.0,79.0,172.0,3.0,1228.0,102.0,1
16.0,3092.0,172.0,96.0,4.0,856.0,164.0,1
5.0,2009.0,197.0,79.0,3.0,1025.0,126.0,1
13.0,722.0,214.0,208.0,4.0,536.0,240.0,1
12.0,4548.0,197.0,102.0,1.0,700.0,159.0,1
10.0,3115.0,258.0,154.0,4.0,610.0,75.0,1
6.0,5334.0,16.0,4.0,3.0,574.0,62.0,1
5.0,2543.0,16.0,267.0,7.0,1015.0,94.0,1
8.0,180.0,241.0,16.0,4.0,1187.0,108.0,1
10.0,3676.0,183.0,61.0,3.0,685.0,160.0,1
1.0,24.0,253.0,148.0,6.0,425.0,325.0,1
16.0,2082.0,135.0,2.0,4.0,685.0,133.0,1
6.0,5111.0,16.0,27.0,4.0,510.0,63.0,1
10.0,3669.0,183.0,221.0,7.0,1290.0,165.0,1
10.0,3055.0,154.0,243.0,3.0,540.0,50.0,1
12.0,4835.0,137.0,261.0,7.0,1090.0,53.0,1
7.0,505.0,159.0,79.0,3.0,520.0,272.0,1
15.0,3814.0,173.0,241.0,7.0,790.0,50.0,1
5.0,19.0,159.0,85.0,1.0,635.0,127.0,1
15.0,1775.0,233.0,216.0,3.0,855.0,80.0,1
4.0,438.0,96.0,183.0,1.0,760.0,182.0,1
15.0,3658.0,44.0,217.0,5.0,930.0,85.0,1
4.0,516.0,96.0,198.0,4.0,645.0,206.0,1
5.0,2975.0,209.0,16.0,3.0,729.0,120.0,1
6.0,5412.0,16.0,256.0,5.0,515.0,125.0,1
10.0,2784.0,80.0,284.0,7.0,585.0,45.0,1
15.0,3920.0,58.0,268.0,7.0,550.0,110.0,1
13.0,729.0,134.0,277.0,7.0,1096.0,146.0,1
6.0,7084.0,76.0,208.0,1.0,617.0,74.0,1
4.0,246.0,135.0,208.0,4.0,960.0,156.0,1
12.0,6404.0,93.0,253.0,6.0,635.0,90.0,1
10.0,4312.0,109.0,208.0,4.0,425.0,60.0,1
15.0,52.0,75.0,172.0,4.0,1225.0,85.0,1
6.0,5520.0,16.0,11.0,4.0,1242.0,56.0,1
1.0,2445.0,80.0,154.0,3.0,855.0,210.0,1
14.0,1252.0,147.0,78.0,4.0,450.0,103.0,1
11.0,6457.0,209.0,71.0,1.0,392.0,121.0,1
10.0,4365.0,132.0,208.0,4.0,925.0,130.0,1
3.0,675.0,148.0,154.0,6.0,990.0,379.0,1
5.0,1110.0,85.0,233.0,3.0,825.0,103.0,1
10.0,3924.0,279.0,208.0,5.0,1195.0,110.0,1
14.0,1285.0,159.0,216.0,6.0,1110.0,71.0,1
12.0,6636.0,224.0,79.0,7.0,703.0,131.0,1
14.0,1774.0,183.0,60.0,1.0,815.0,120.0,1
17.0,7244.0,208.0,229.0,7.0,825.0,127.0,1
15.0,519.0,154.0,2.0,4.0,1130.0,105.0,1
12.0,4709.0,154.0,253.0,3.0,600.0,72.0,1
10.0,3299.0,80.0,170.0,7.0,1220.0,75.0,1
15.0,12.0,173.0,129.0,4.0,395.0,160.0,1
8.0,856.0,173.0,16.0,4.0,1201.0,94.0,1
14.0,718.0,35.0,216.0,5.0,930.0,111.0,1
4.0,1662.0,135.0,241.0,5.0,1160.0,131.0,1
12.0,4855.0,28.0,261.0,6.0,700.0,80.0,1
15.0,705.0,217.0,2.0,4.0,445.0,65.0,1
15.0,1775.0,216.0,228.0,7.0,965.0,70.0,1
8.0,228.0,45.0,183.0,7.0,550.0,162.0,1
5.0,1965.0,177.0,277.0,4.0,540.0,112.0,1
15.0,1783.0,104.0,147.0,7.0,1025.0,75.0,1
12.0,6895.0,162.0,79.0,1.0,535.0,156.0,1
4.0,289.0,85.0,135.0,3.0,885.0,187.0,1
12.0,4581.0,261.0,262.0,7.0,910.0,100.0,1
15.0,3425.0,217.0,91.0,1.0,900.0,65.0,1
13.0,841.0,154.0,253.0,3.0,1298.0,84.0,1
9.0,175.0,203.0,128.0,4.0,545.0,34.0,1
13.0,530.0,205.0,208.0,7.0,653.0,92.0,1
8.0,529.0,16.0,177.0,7.0,1108.0,74.0,1
15.0,1950.0,261.0,175.0,4.0,940.0,195.0,1
4.0,338.0,96.0,183.0,7.0,390.0,181.0,1
14.0,1910.0,60.0,159.0,4.0,595.0,115.0,1
15.0,894.0,45.0,182.0,5.0,935.0,75.0,1
10.0,4589.0,197.0,159.0,1.0,1020.0,165.0,1
1.0,1609.0,96.0,183.0,6.0,835.0,195.0,1
5.0,2090.0,79.0,148.0,5.0,673.0,237.0,1
15.0,317.0,34.0,153.0,3.0,655.0,100.0,1
12.0,6864.0,136.0,208.0,3.0,1075.0,109.0,1
13.0,887.0,253.0,153.0,5.0,1159.0,99.0,1
5.0,2770.0,177.0,197.0,4.0,965.0,129.0,1
0.0,3764.0,85.0,272.0,4.0,845.0,104.0,1
17.0,7212.0,134.0,238.0,1.0,1040.0,71.0,1
1.0,875.0,159.0,183.0,6.0,900.0,205.0,1
11.0,6426.0,205.0,159.0,4.0,425.0,174.0,1
8.0,905.0,215.0,16.0,1.0,653.0,111.0,1
12.0,6529.0,91.0,208.0,6.0,411.0,177.0,1
15.0,115.0,214.0,153.0,4.0,1205.0,125.0,1
15.0,414.0,262.0,264.0,7.0,1180.0,85.0,1
5.0,1921.0,85.0,217.0,4.0,525.0,278.0,1
15.0,3773.0,261.0,153.0,5.0,415.0,85.0,1
12.0,4524.0,196.0,261.0,1.0,1050.0,83.0,1
16.0,2577.0,54.0,135.0,1.0,1040.0,169.0,1
1.0,1495.0,147.0,80.0,6.0,425.0,175.0,1
11.0,6434.0,22.0,71.0,7.0,630.0,135.0,1
14.0,815.0,228.0,60.0,4.0,490.0,142.0,1
12.0,6932.0,212.0,208.0,4.0,902.0,78.0,1
5.0,2224.0,213.0,16.0,5.0,405.0,124.0,1
6.0,7313.0,177.0,256.0,7.0,870.0,78.0,1
5.0,1822.0,80.0,85.0,1.0,1050.0,150.0,1
16.0,2225.0,204.0,135.0,5.0,810.0,84.0,1
5.0,2096.0,197.0,159.0,7.0,600.0,166.0,1
1.0,846.0,269.0,183.0,3.0,535.0,180.0,1
15.0,1682.0,175.0,221.0,6.0,640.0,80.0,1
2.0,108.0,14.0,252.0,1.0,30.0,202.0,1
12.0,4873.0,65.0,261.0,3.0,1140.0,96.0,1
12.0,4631.0,153.0,154.0,7.0,570.0,75.0,1
10.0,4403.0,148.0,233.0,6.0,895.0,110.0,1
5.0,1293.0,223.0,16.0,1.0,790.0,75.0,1
11.0,6578.0,58.0,85.0,4.0,420.0,59.0,1
8.0,1605.0,173.0,80.0,6.0,1115.0,176.0,1
5.0,1772.0,85.0,148.0,1.0,1042.0,118.0,1
16.0,2799.0,135.0,136.0,1.0,540.0,101.0,1
1.0,2222.0,80.0,16.0,3.0,945.0,125.0,1
6.0,7327.0,48.0,16.0,6.0,640.0,110.0,1
13.0,43.0,79.0,128.0,3.0,714.0,458.0,1
15.0,219.0,153.0,175.0,1.0,495.0,215.0,1
17.0,2642.0,177.0,60.0,4.0,865.0,101.0,1
8.0,88.0,16.0,104.0,6.0,1199.0,101.0,1
10.0,2713.0,80.0,146.0,4.0,645.0,75.0,1
3.0,496.0,79.0,35.0,7.0,655.0,223.0,1
5.0,2065.0,22.0,16.0,5.0,435.0,175.0,1
17.0,2725.0,217.0,227.0,7.0,1268.0,67.0,1
10.0,4228.0,208.0,254.0,5.0,760.0,95.0,1
2.0,7.0,96.0,252.0,5.0,1110.0,375.0,1
12.0,6364.0,246.0,154.0,5.0,370.0,48.0,1
17.0,2944.0,18.0,60.0,4.0,425.0,157.0,1
7.0,100.0,79.0,197.0,7.0,947.0,113.0,1
14.0,1587.0,216.0,60.0,7.0,1105.0,121.0,1
5.0,1166.0,241.0,71.0,3.0,730.0,144.0,1
12.0,4784.0,261.0,197.0,4.0,1185.0,162.0,1
0.0,4022.0,177.0,285.0,6.0,1132.0,79.0,1
15.0,896.0,244.0,277.0,7.0,835.0,140.0,1
5.0,2918.0,173.0,16.0,3.0,1230.0,95.0,1
15.0,723.0,233.0,33.0,7.0,1095.0,95.0,1
15.0,1615.0,153.0,175.0,3.0,785.0,215.0,1
15.0,767.0,162.0,75.0,1.0,720.0,65.0,1
16.0,2252.0,234.0,58.0,5.0,406.0,84.0,1
12.0,6300.0,154.0,227.0,7.0,500.0,50.0,1
10.0,3074.0,154.0,236.0,6.0,365.0,90.0,1
10.0,4522.0,148.0,78.0,4.0,509.0,91.0,1
14.0,430.0,216.0,153.0,7.0,1245.0,335.0,1
0.0,3928.0,218.0,85.0,4.0,385.0,93.0,1
1.0,462.0,183.0,78.0,3.0,980.0,145.0,1
5.0,2601.0,16.0,74.0,5.0,960.0,80.0,1
13.0,803.0,252.0,253.0,7.0,596.0,131.0,1
16.0,3052.0,68.0,135.0,1.0,710.0,62.0,1
5.0,1895.0,16.0,135.0,7.0,1290.0,133.0,1
10.0,4196.0,208.0,45.0,4.0,1160.0,120.0,1
15.0,351.0,243.0,79.0,4.0,755.0,135.0,1
12.0,4888.0,268.0,197.0,4.0,549.0,96.0,1
15.0,1199.0,175.0,205.0,4.0,800.0,90.0,1
5.0,2599.0,197.0,217.0,4.0,420.0,212.0,1
1.0,2287.0,279.0,80.0,4.0,595.0,75.0,1
13.0,661.0,159.0,208.0,7.0,552.0,142.0,1
14.0,685.0,253.0,217.0,7.0,550.0,115.0,1
15.0,1734.0,104.0,43.0,6.0,815.0,185.0,1
17.0,2710.0,91.0,217.0,4.0,897.0,82.0,1
5.0,1906.0,154.0,85.0,5.0,1002.0,257.0,1
12.0,6682.0,246.0,79.0,4.0,360.0,142.0,1
10.0,3315.0,80.0,146.0,6.0,400.0,80.0,1
15.0,2038.0,61.0,45.0,5.0,960.0,70.0,1
15.0,1217.0,129.0,277.0,3.0,890.0,120.0,1
0.0,4166.0,58.0,148.0,6.0,1020.0,130.0,1
17.0,7285.0,134.0,209.0,4.0,745.0,56.0,1
5.0,2333.0,197.0,261.0,6.0,1030.0,184.0,1
15.0,2672.0,104.0,45.0,7.0,970.0,155.0,1
13.0,688.0,208.0,159.0,5.0,961.0,135.0,1
14.0,1656.0,60.0,213.0,5.0,564.0,106.0,1
0.0,4389.0,82.0,197.0,7.0,410.0,60.0,1
14.0,1211.0,78.0,213.0,5.0,1055.0,151.0,1
15.0,2254.0,75.0,244.0,7.0,640.0,65.0,1
12.0,6822.0,253.0,231.0,6.0,743.0,69.0,1
17.0,2821.0,160.0,217.0,5.0,405.0,87.0,1
16.0,2565.0,60.0,135.0,3.0,1105.0,175.0,1
12.0,3044.0,184.0,84.0,3.0,1250.0,68.0,1
11.0,6497.0,33.0,177.0,7.0,690.0,69.0,1
8.0,127.0,16.0,277.0,5.0,835.0,87.0,1
16.0,2895.0,135.0,68.0,4.0,700.0,68.0,1
15.0,1612.0,221.0,173.0,6.0,610.0,150.0,1
1.0,1314.0,198.0,183.0,3.0,1085.0,110.0,1
15.0,2357.0,79.0,35.0,4.0,660.0,225.0,1
16.0,2976.0,135.0,172.0,7.0,1275.0,113.0,1
10.0,2725.0,80.0,47.0,7.0,1175.0,135.0,1
15.0,756.0,217.0,153.0,4.0,820.0,65.0,1
1.0,349.0,80.0,264.0,7.0,1160.0,195.0,1
12.0,6618.0,248.0,253.0,1.0,1034.0,61.0,1
0.0,3747.0,177.0,18.0,6.0,820.0,115.0,1
10.0,2854.0,80.0,118.0,1.0,1100.0,50.0,1
1.0,1912.0,217.0,80.0,6.0,425.0,140.0,1
15.0,2904.0,154.0,253.0,4.0,1185.0,75.0,1
10.0,4358.0,139.0,208.0,4.0,965.0,70.0,1
6.0,5415.0,52.0,16.0,3.0,657.0,53.0,1
4.0,544.0,135.0,58.0,7.0,405.0,150.0,1
12.0,4679.0,46.0,261.0,7.0,790.0,71.0,1
5.0,1111.0,16.0,233.0,5.0,1045.0,81.0,1
13.0,484.0,79.0,78.0,7.0,662.0,196.0,1
15.0,3394.0,172.0,104.0,7.0,1055.0,180.0,1
2.0,75.0,252.0,149.0,6.0,650.0,155.0,1
15.0,831.0,175.0,244.0,3.0,485.0,185.0,1
1.0,2448.0,154.0,80.0,7.0,825.0,180.0,1
13.0,730.0,264.0,208.0,4.0,668.0,237.0,1
12.0,6325.0,243.0,154.0,4.0,741.0,45.0,1
1.0,7.0,80.0,203.0,3.0,690.0,510.0,1
1.0,407.0,208.0,268.0,7.0,405.0,65.0,1
10.0,3398.0,156.0,80.0,3.0,755.0,75.0,1
9.0,278.0,128.0,150.0,7.0,977.0,43.0,1
1.0,1258.0,154.0,268.0,6.0,415.0,215.0,1
10.0,3745.0,208.0,216.0,3.0,980.0,115.0,1
0.0,4370.0,16.0,177.0,7.0,1215.0,89.0,1
12.0,6529.0,208.0,195.0,3.0,825.0,47.0,1
8.0,1226.0,221.0,104.0,3.0,1109.0,165.0,1
12.0,6512.0,154.0,65.0,3.0,455.0,126.0,1
14.0,2178.0,78.0,159.0,5.0,960.0,76.0,1
2.0,201.0,258.0,214.0,6.0,1145.0,108.0,1
1.0,2368.0,80.0,208.0,5.0,1090.0,140.0,1
14.0,1700.0,60.0,22.0,4.0,870.0,110.0,1
11.0,6316.0,139.0,233.0,1.0,1035.0,105.0,1
15.0,170.0,153.0,217.0,7.0,875.0,70.0,1
14.0,1125.0,60.0,135.0,5.0,570.0,168.0,1
17.0,2818.0,100.0,217.0,4.0,975.0,99.0,1
5.0,1915.0,16.0,217.0,5.0,1300.0,259.0,1
13.0,299.0,79.0,172.0,7.0,615.0,104.0,1
4.0,518.0,96.0,277.0,5.0,1045.0,182.0,1
5.0,1448.0,18.0,85.0,1.0,990.0,171.0,1
15.0,1155.0,33.0,173.0,7.0,890.0,105.0,1
15.0,653.0,33.0,216.0,1.0,900.0,120.0,1
13.0,728.0,208.0,35.0,6.0,793.0,136.0,1
15.0,317.0,79.0,34.0,3.0,505.0,125.0,1
10.0,3715.0,208.0,216.0,5.0,1295.0,110.0,1
15.0,1810.0,258.0,264.0,6.0,1025.0,75.0,1
15.0,811.0,252.0,172.0,4.0,630.0,205.0,1
6.0,4962.0,138.0,16.0,4.0,828.0,95.0,1
8.0,525.0,45.0,277.0,6.0,937.0,148.0,1
1.0,1879.0,277.0,183.0,3.0,585.0,65.0,1
1.0,633.0,260.0,80.0,7.0,790.0,310.0,1
17.0,2895.0,83.0,217.0,6.0,730.0,109.0,1
13.0,621.0,78.0,208.0,6.0,887.0,128.0,1
12.0,6652.0,253.0,191.0,6.0,578.0,40.0,1
16.0,2372.0,116.0,135.0,5.0,870.0,80.0,1
16.0,2950.0,197.0,96.0,7.0,1001.0,165.0,1
15.0,1488.0,277.0,104.0,6.0,1020.0,60.0,1
0.0,3690.0,152.0,197.0,5.0,405.0,112.0,1
16.0,3097.0,139.0,135.0,7.0,880.0,149.0,1
5.0,1928.0,173.0,85.0,6.0,616.0,163.0,1
12.0,6740.0,57.0,154.0,3.0,670.0,40.0,1
10.0,4573.0,290.0,159.0,4.0,610.0,180.0,1
15.0,685.0,268.0,175.0,3.0,475.0,60.0,1
15.0,119.0,216.0,228.0,3.0,670.0,70.0,1
1.0,309.0,159.0,208.0,6.0,479.0,165.0,1
10.0,4548.0,159.0,61.0,3.0,779.0,121.0,1
15.0,1855.0,221.0,216.0,4.0,455.0,80.0,1
5.0,2717.0,177.0,154.0,4.0,825.0,257.0,1
12.0,6607.0,177.0,79.0,1.0,529.0,169.0,1
1.0,1062.0,172.0,80.0,4.0,855.0,100.0,1
11.0,6437.0,234.0,71.0,1.0,405.0,117.0,1
0.0,3854.0,197.0,58.0,1.0,425.0,115.0,1
16.0,2803.0,135.0,256.0,5.0,1265.0,53.0,1
5.0,2185.0,197.0,99.0,3.0,1165.0,64.0,1
4.0,59.0,135.0,79.0,7.0,1050.0,153.0,1
12.0,6561.0,79.0,122.0,3.0,1293.0,118.0,1
12.0,4602.0,102.0,261.0,7.0,1020.0,95.0,1
12.0,6656.0,79.0,33.0,3.0,639.0,150.0,1
8.0,1453.0,213.0,130.0,5.0,767.0,163.0,1
13.0,559.0,159.0,208.0,1.0,751.0,158.0,1
5.0,2224.0,16.0,45.0,6.0,580.0,119.0,1
15.0,532.0,217.0,175.0,1.0,375.0,200.0,1
6.0,5386.0,41.0,16.0,3.0,620.0,89.0,1
2.0,467.0,154.0,252.0,1.0,810.0,155.0,1
3.0,406.0,243.0,35.0,7.0,845.0,309.0,1
5.0,1436.0,85.0,45.0,7.0,1050.0,98.0,1
14.0,1455.0,277.0,60.0,3.0,420.0,100.0,1
1.0,1847.0,80.0,79.0,1.0,685.0,125.0,1
12.0,6446.0,263.0,154.0,4.0,1087.0,55.0,1
16.0,2278.0,135.0,205.0,4.0,930.0,128.0,1
14.0,1952.0,60.0,43.0,7.0,1335.0,98.0,1
16.0,2828.0,75.0,135.0,3.0,1140.0,62.0,1
15.0,1234.0,202.0,243.0,7.0,745.0,85.0,1
3.0,1440.0,160.0,253.0,6.0,951.0,79.0,1
5.0,1818.0,173.0,16.0,6.0,570.0,93.0,1
6.0,5429.0,16.0,188.0,3.0,1238.0,97.0,1
10.0,3974.0,33.0,208.0,6.0,555.0,100.0,1
13.0,332.0,262.0,208.0,7.0,804.0,242.0,1
5.0,2612.0,197.0,214.0,6.0,1040.0,225.0,1
15.0,345.0,33.0,216.0,7.0,630.0,120.0,1
3.0,286.0,160.0,153.0,7.0,1065.0,67.0,1
15.0,2903.0,45.0,43.0,4.0,1235.0,65.0,1
5.0,1581.0,280.0,16.0,3.0,495.0,205.0,1
5.0,2962.0,154.0,148.0,4.0,1290.0,316.0,1
5.0,2954.0,217.0,71.0,6.0,754.0,211.0,1
1.0,1303.0,277.0,80.0,6.0,500.0,170.0,1
4.0,1585.0,178.0,135.0,6.0,350.0,62.0,1
4.0,1677.0,216.0,135.0,5.0,345.0,219.0,1
1.0,874.0,208.0,35.0,6.0,1150.0,135.0,1
15.0,1639.0,228.0,104.0,6.0,575.0,205.0,1
10.0,3192.0,258.0,154.0,5.0,500.0,80.0,1
2.0,852.0,128.0,252.0,4.0,865.0,337.0,1
10.0,3807.0,208.0,16.0,6.0,360.0,120.0,1
13.0,710.0,153.0,253.0,5.0,1085.0,106.0,1
2.0,530.0,252.0,207.0,7.0,430.0,147.0,1
5.0,2886.0,16.0,159.0,5.0,1240.0,143.0,1
2.0,566.0,214.0,154.0,5.0,1250.0,130.0,1
16.0,2472.0,135.0,147.0,1.0,815.0,123.0,1
8.0,994.0,35.0,184.0,7.0,1056.0,159.0,1
1.0,1512.0,208.0,78.0,4.0,1100.0,105.0,1
13.0,489.0,71.0,208.0,3.0,489.0,83.0,1
16.0,2002.0,158.0,135.0,5.0,670.0,75.0,1
15.0,1324.0,175.0,277.0,4.0,1115.0,155.0,1
12.0,6394.0,102.0,79.0,7.0,428.0,130.0,1
16.0,3103.0,96.0,273.0,3.0,1000.0,71.0,1
4.0,503.0,154.0,96.0,7.0,850.0,309.0,1
15.0,938.0,154.0,262.0,4.0,1040.0,80.0,1
12.0,6351.0,79.0,99.0,6.0,732.0,107.0,1
1.0,427.0,18.0,154.0,7.0,1120.0,195.0,1
16.0,3115.0,228.0,58.0,6.0,370.0,114.0,1
8.0,857.0,16.0,173.0,7.0,1068.0,92.0,1
1.0,2202.0,183.0,80.0,7.0,1235.0,190.0,1
10.0,4231.0,60.0,208.0,3.0,1080.0,145.0,1
15.0,3425.0,217.0,91.0,3.0,900.0,65.0,1
16.0,2580.0,184.0,96.0,5.0,580.0,127.0,1
10.0,4413.0,159.0,290.0,3.0,1090.0,220.0,1
15.0,220.0,27.0,129.0,1.0,380.0,115.0,1
16.0,2415.0,58.0,198.0,4.0,540.0,152.0,1
1.0,2229.0,183.0,80.0,3.0,500.0,200.0,1
10.0,4284.0,94.0,208.0,3.0,810.0,85.0,1
5.0,1208.0,261.0,71.0,6.0,838.0,203.0,1
14.0,630.0,262.0,217.0,7.0,598.0,107.0,1
15.0,1642.0,129.0,33.0,7.0,695.0,105.0,1
15.0,3065.0,204.0,129.0,6.0,990.0,80.0,1
5.0,2404.0,154.0,261.0,6.0,618.0,111.0,1
16.0,2409.0,58.0,172.0,7.0,1092.0,124.0,1
4.0,1585.0,178.0,135.0,4.0,325.0,64.0,1
4.0,226.0,135.0,45.0,6.0,610.0,177.0,1
12.0,6407.0,253.0,111.0,1.0,540.0,121.0,1
12.0,6606.0,79.0,187.0,5.0,688.0,120.0,1
12.0,6857.0,208.0,117.0,1.0,450.0,48.0,1
8.0,821.0,45.0,35.0,7.0,1065.0,85.0,1
3.0,59.0,148.0,173.0,5.0,899.0,179.0,1
0.0,4104.0,177.0,233.0,1.0,860.0,117.0,1
12.0,4637.0,153.0,154.0,1.0,976.0,73.0,1
1.0,505.0,148.0,260.0,6.0,415.0,245.0,1
15.0,697.0,18.0,153.0,4.0,470.0,185.0,1
6.0,5533.0,215.0,16.0,5.0,633.0,112.0,1
10.0,3026.0,194.0,154.0,7.0,405.0,70.0,1
12.0,6485.0,227.0,253.0,4.0,1224.0,91.0,1
14.0,1856.0,173.0,60.0,1.0,525.0,96.0,1
1.0,1900.0,80.0,78.0,7.0,1295.0,155.0,1
13.0,752.0,79.0,45.0,6.0,518.0,201.0,1
1.0,1518.0,252.0,80.0,3.0,655.0,235.0,1
1.0,1225.0,65.0,80.0,5.0,360.0,120.0,1
16.0,3031.0,60.0,135.0,1.0,700.0,176.0,1
16.0,2324.0,58.0,12.0,4.0,1140.0,74.0,1
15.0,2529.0,217.0,184.0,3.0,765.0,205.0,1
10.0,4041.0,208.0,32.0,3.0,920.0,50.0,1
8.0,1423.0,277.0,139.0,7.0,845.0,136.0,1
15.0,550.0,217.0,258.0,1.0,385.0,125.0,1
10.0,4025.0,208.0,240.0,7.0,695.0,70.0,1
10.0,2974.0,1.0,80.0,3.0,500.0,55.0,1
10.0,3672.0,251.0,183.0,5.0,435.0,155.0,1
5.0,2191.0,16.0,277.0,7.0,746.0,85.0,1
16.0,2171.0,135.0,209.0,7.0,1175.0,163.0,1
12.0,6648.0,72.0,208.0,7.0,802.0,68.0,1
13.0,386.0,79.0,35.0,1.0,751.0,226.0,1
12.0,6993.0,79.0,230.0,7.0,973.0,61.0,1
9.0,106.0,128.0,203.0,5.0,317.0,36.0,1
15.0,1647.0,198.0,129.0,6.0,1195.0,70.0,1
5.0,1255.0,209.0,16.0,3.0,1134.0,121.0,1
1.0,1701.0,80.0,243.0,3.0,845.0,190.0,1
11.0,6466.0,71.0,159.0,1.0,585.0,122.0,1
5.0,2380.0,147.0,16.0,1.0,637.0,76.0,1
14.0,1539.0,60.0,252.0,4.0,575.0,351.0,1
6.0,5499.0,78.0,268.0,3.0,1205.0,148.0,1
3.0,586.0,104.0,130.0,3.0,1245.0,167.0,1
12.0,4666.0,100.0,261.0,5.0,985.0,101.0,1
15.0,339.0,252.0,202.0,4.0,475.0,125.0,1
5.0,2613.0,285.0,16.0,3.0,390.0,64.0,1
16.0,2062.0,135.0,165.0,3.0,1175.0,74.0,1
3.0,102.0,148.0,43.0,7.0,1019.0,94.0,1
15.0,690.0,79.0,45.0,5.0,395.0,205.0,1
15.0,1300.0,129.0,198.0,6.0,1120.0,60.0,1
1.0,1504.0,183.0,22.0,6.0,645.0,175.0,1
12.0,7812.0,235.0,110.0,3.0,1259.0,70.0,1
0.0,4285.0,197.0,152.0,4.0,1170.0,103.0,1
8.0,875.0,16.0,197.0,4.0,813.0,154.0,1
5.0,2008.0,79.0,197.0,5.0,1070.0,117.0,1
5.0,1502.0,153.0,16.0,5.0,837.0,238.0,1
15.0,180.0,253.0,154.0,4.0,1250.0,75.0,1
15.0,351.0,153.0,243.0,5.0,660.0,65.0,1
6.0,5312.0,285.0,16.0,3.0,621.0,65.0,1
17.0,2705.0,96.0,60.0,3.0,925.0,120.0,1
14.0,1921.0,60.0,147.0,7.0,1215.0,84.0,1
0.0,4128.0,233.0,22.0,4.0,1140.0,125.0,1
12.0,6601.0,253.0,194.0,5.0,1355.0,43.0,1
10.0,3601.0,183.0,54.0,6.0,780.0,100.0,1
5.0,2895.0,173.0,148.0,6.0,540.0,155.0,1
5.0,1599.0,16.0,221.0,3.0,1319.0,107.0,1
12.0,6423.0,252.0,214.0,7.0,1241.0,46.0,1
12.0,6603.0,2.0,79.0,3.0,925.0,76.0,1
10.0,4586.0,197.0,159.0,5.0,525.0,160.0,1
5.0,1785.0,159.0,173.0,1.0,625.0,178.0,1
5.0,1855.0,16.0,154.0,6.0,814.0,298.0,1
10.0,3948.0,205.0,208.0,5.0,1030.0,105.0,1
0.0,3758.0,85.0,187.0,7.0,915.0,88.0,1
16.0,2426.0,208.0,96.0,4.0,660.0,127.0,1
12.0,6440.0,65.0,154.0,4.0,1127.0,155.0,1
15.0,3052.0,22.0,45.0,3.0,875.0,70.0,1
1.0,553.0,241.0,80.0,4.0,1145.0,175.0,1
0.0,3736.0,66.0,177.0,6.0,680.0,75.0,1
11.0,6581.0,233.0,35.0,1.0,420.0,130.0,1
14.0,1687.0,154.0,60.0,1.0,695.0,268.0,1
5.0,2314.0,16.0,22.0,3.0,1065.0,150.0,1
0.0,3982.0,94.0,85.0,3.0,420.0,95.0,1
16.0,2518.0,96.0,205.0,4.0,809.0,195.0,1
5.0,133.0,148.0,253.0,4.0,1155.0,410.0,1
5.0,1610.0,79.0,85.0,7.0,485.0,169.0,1
8.0,25.0,175.0,16.0,5.0,886.0,112.0,1
10.0,3084.0,243.0,154.0,5.0,525.0,50.0,1
1.0,789.0,208.0,79.0,4.0,880.0,155.0,1
1.0,865.0,18.0,80.0,5.0,655.0,65.0,1
5.0,1739.0,78.0,16.0,3.0,1080.0,115.0,1
5.0,1.0,153.0,148.0,1.0,650.0,310.0,1
1.0,1226.0,183.0,159.0,5.0,1220.0,165.0,1
7.0,266.0,79.0,264.0,4.0,1270.0,140.0,1
13.0,206.0,208.0,173.0,7.0,560.0,164.0,1
15.0,1118.0,33.0,129.0,4.0,885.0,135.0,1
16.0,2596.0,58.0,139.0,4.0,460.0,64.0,1
3.0,101.0,43.0,148.0,4.0,1180.0,87.0,1
13.0,653.0,217.0,208.0,3.0,767.0,204.0,1
5.0,1180.0,261.0,173.0,6.0,1019.0,254.0,1
15.0,20.0,75.0,155.0,5.0,740.0,65.0,1
3.0,306.0,160.0,134.0,1.0,540.0,278.0,1
6.0,5424.0,19.0,16.0,7.0,520.0,71.0,1
10.0,3026.0,194.0,154.0,3.0,405.0,70.0,1
15.0,1717.0,202.0,18.0,4.0,600.0,205.0,1
5.0,1854.0,16.0,61.0,6.0,1146.0,102.0,1
12.0,6831.0,65.0,208.0,4.0,712.0,146.0,1
17.0,1908.0,203.0,128.0,7.0,1240.0,32.0,1
17.0,1004.0,203.0,128.0,5.0,715.0,32.0,1
16.0,2919.0,280.0,135.0,7.0,836.0,139.0,1
1.0,1685.0,80.0,91.0,5.0,985.0,100.0,1
1.0,663.0,148.0,104.0,6.0,455.0,195.0,1
12.0,6366.0,227.0,253.0,4.0,1016.0,91.0,1
16.0,2645.0,204.0,135.0,5.0,655.0,84.0,1
12.0,4496.0,34.0,261.0,4.0,460.0,65.0,1
15.0,851.0,104.0,147.0,5.0,665.0,75.0,1
17.0,2692.0,177.0,60.0,4.0,360.0,105.0,1
9.0,514.0,161.0,128.0,7.0,670.0,32.0,1
5.0,1752.0,16.0,134.0,7.0,1310.0,109.0,1
11.0,6746.0,16.0,74.0,6.0,795.0,80.0,1
15.0,2958.0,75.0,244.0,4.0,530.0,65.0,1
13.0,406.0,79.0,159.0,1.0,984.0,215.0,1
5.0,1467.0,16.0,243.0,1.0,988.0,293.0,1
13.0,90.0,154.0,253.0,4.0,360.0,89.0,1
8.0,829.0,267.0,184.0,3.0,1114.0,160.0,1
4.0,559.0,135.0,264.0,5.0,560.0,218.0,1
6.0,7339.0,16.0,205.0,5.0,690.0,146.0,1
4.0,1437.0,277.0,135.0,7.0,405.0,140.0,1
6.0,7390.0,16.0,205.0,5.0,516.0,156.0,1
15.0,2439.0,34.0,111.0,1.0,870.0,65.0,1
10.0,4417.0,78.0,233.0,4.0,1075.0,65.0,1
16.0,2149.0,75.0,135.0,4.0,390.0,58.0,1
2.0,64.0,149.0,226.0,7.0,842.0,44.0,1
16.0,3056.0,135.0,288.0,5.0,795.0,88.0,1
5.0,2369.0,16.0,173.0,4.0,780.0,87.0,1
16.0,5986.0,208.0,120.0,4.0,690.0,104.0,1
1.0,1040.0,80.0,44.0,7.0,680.0,205.0,1
10.0,4671.0,16.0,159.0,5.0,1125.0,145.0,1
5.0,2530.0,197.0,35.0,5.0,600.0,162.0,1
13.0,62.0,161.0,253.0,4.0,865.0,319.0,1
0.0,3972.0,247.0,85.0,6.0,690.0,68.0,1
15.0,2893.0,173.0,104.0,6.0,1025.0,55.0,1
6.0,5614.0,16.0,174.0,4.0,1247.0,104.0,1
16.0,5952.0,208.0,27.0,5.0,873.0,104.0,1
12.0,6489.0,55.0,253.0,4.0,617.0,65.0,1
15.0,572.0,264.0,253.0,5.0,455.0,85.0,1
15.0,542.0,175.0,221.0,5.0,420.0,80.0,1
14.0,281.0,85.0,217.0,3.0,680.0,263.0,1
12.0,6410.0,44.0,253.0,3.0,1069.0,77.0,1
15.0,1256.0,261.0,34.0,4.0,1040.0,70.0,1
15.0,2459.0,79.0,153.0,5.0,455.0,120.0,1
3.0,672.0,154.0,148.0,5.0,709.0,311.0,1
5.0,1481.0,148.0,217.0,5.0,1185.0,358.0,1
1.0,2096.0,80.0,45.0,7.0,725.0,170.0,1
1.0,1235.0,80.0,264.0,4.0,1280.0,190.0,1
0.0,4032.0,85.0,43.0,7.0,1195.0,80.0,1
14.0,507.0,217.0,153.0,7.0,1185.0,67.0,1
12.0,6990.0,79.0,170.0,3.0,664.0,96.0,1
8.0,258.0,106.0,16.0,7.0,772.0,125.0,1
15.0,460.0,175.0,221.0,7.0,840.0,75.0,1
16.0,2323.0,12.0,58.0,5.0,370.0,102.0,1
10.0,4123.0,208.0,62.0,7.0,1255.0,55.0,1
5.0,2691.0,197.0,183.0,5.0,450.0,220.0,1
2.0,51.0,14.0,98.0,6.0,990.0,56.0,1
17.0,2887.0,217.0,91.0,3.0,1190.0,76.0,1
1.0,2404.0,153.0,154.0,5.0,540.0,65.0,1
13.0,484.0,243.0,79.0,6.0,380.0,149.0,1
0.0,4307.0,85.0,71.0,3.0,635.0,76.0,1
4.0,600.0,104.0,96.0,3.0,405.0,170.0,1
0.0,3887.0,171.0,85.0,7.0,620.0,54.0,1
6.0,7073.0,134.0,47.0,5.0,1320.0,81.0,1
4.0,50.0,58.0,96.0,4.0,885.0,109.0,1
6.0,5502.0,16.0,288.0,5.0,893.0,77.0,1
13.0,9.0,154.0,128.0,6.0,655.0,350.0,1
14.0,1532.0,252.0,60.0,5.0,1340.0,280.0,1
15.0,1566.0,262.0,207.0,5.0,1165.0,75.0,1
6.0,5588.0,275.0,16.0,7.0,1061.0,76.0,1
15.0,1169.0,198.0,129.0,5.0,1090.0,75.0,1
12.0,6637.0,44.0,79.0,6.0,485.0,136.0,1
0.0,3991.0,85.0,175.0,1.0,750.0,73.0,1
3.0,1433.0,253.0,160.0,3.0,750.0,80.0,1
5.0,2450.0,16.0,139.0,1.0,597.0,105.0,1
10.0,3677.0,61.0,183.0,7.0,890.0,170.0,1
9.0,189.0,150.0,128.0,1.0,958.0,42.0,1
6.0,5475.0,70.0,16.0,3.0,1046.0,49.0,1
0.0,3960.0,85.0,121.0,3.0,855.0,109.0,1
15.0,1674.0,214.0,262.0,6.0,825.0,85.0,1
15.0,1916.0,261.0,252.0,6.0,900.0,130.0,1
1.0,2236.0,217.0,80.0,4.0,1160.0,130.0,1
15.0,2776.0,173.0,268.0,6.0,750.0,155.0,1
15.0,2690.0,202.0,44.0,7.0,920.0,65.0,1
10.0,4665.0,159.0,16.0,5.0,495.0,165.0,1
13.0,469.0,253.0,153.0,7.0,648.0,105.0,1
5.0,1951.0,16.0,183.0,3.0,815.0,109.0,1
5.0,2292.0,217.0,197.0,3.0,612.0,198.0,1
1.0,1871.0,80.0,153.0,7.0,660.0,180.0,1
13.0,120.0,253.0,134.0,3.0,590.0,308.0,1
15.0,118.0,217.0,182.0,1.0,765.0,285.0,1
3.0,372.0,104.0,159.0,6.0,585.0,165.0,1
15.0,1640.0,154.0,262.0,6.0,725.0,80.0,1
1.0,1672.0,88.0,80.0,1.0,865.0,125.0,1
2.0,857.0,252.0,203.0,7.0,500.0,375.0,1
0.0,4275.0,188.0,16.0,6.0,955.0,100.0,1
12.0,3061.0,268.0,184.0,3.0,1083.0,72.0,1
5.0,1023.0,76.0,16.0,6.0,657.0,105.0,1
15.0,758.0,162.0,175.0,3.0,460.0,100.0,1
16.0,2547.0,16.0,135.0,3.0,820.0,135.0,1
5.0,2839.0,78.0,16.0,3.0,419.0,135.0,1
5.0,2962.0,154.0,148.0,5.0,1290.0,316.0,1
15.0,51.0,129.0,68.0,4.0,1225.0,50.0,1
0.0,4363.0,221.0,71.0,5.0,700.0,80.0,1
15.0,2658.0,243.0,153.0,7.0,530.0,70.0,1
17.0,2727.0,227.0,217.0,6.0,405.0,66.0,1
14.0,1187.0,159.0,60.0,6.0,390.0,127.0,1
10.0,4116.0,208.0,177.0,5.0,840.0,110.0,1
17.0,2854.0,103.0,217.0,7.0,465.0,71.0,1
5.0,1820.0,154.0,177.0,1.0,100.0,216.0,1
5.0,2725.0,35.0,197.0,5.0,686.0,194.0,1
2.0,633.0,217.0,252.0,7.0,895.0,187.0,1
2.0,345.0,202.0,252.0,5.0,1020.0,120.0,1
10.0,3918.0,208.0,76.0,5.0,1170.0,70.0,1
8.0,103.0,16.0,80.0,6.0,535.0,142.0,1
15.0,315.0,153.0,184.0,4.0,1100.0,200.0,1
5.0,2246.0,128.0,252.0,7.0,1345.0,339.0,1
5.0,1021.0,16.0,18.0,4.0,975.0,158.0,1
6.0,5482.0,16.0,69.0,5.0,845.0,82.0,1
1.0,1180.0,80.0,234.0,3.0,820.0,155.0,1
4.0,1504.0,277.0,58.0,3.0,735.0,140.0,1
5.0,681.0,16.0,245.0,1.0,893.0,67.0,1
1.0,541.0,16.0,80.0,7.0,930.0,155.0,1
5.0,1489.0,184.0,16.0,5.0,740.0,125.0,1
5.0,2922.0,217.0,85.0,1.0,425.0,230.0,1
11.0,6757.0,78.0,35.0,5.0,1075.0,97.0,1
0.0,4331.0,116.0,177.0,7.0,385.0,84.0,1
6.0,5432.0,177.0,288.0,6.0,1175.0,84.0,1
14.0,703.0,216.0,221.0,6.0,1100.0,89.0,1
10.0,3007.0,246.0,154.0,5.0,390.0,45.0,1
12.0,6854.0,6.0,253.0,4.0,663.0,78.0,1
12.0,6479.0,79.0,221.0,3.0,620.0,175.0,1
15.0,2217.0,268.0,216.0,6.0,680.0,135.0,1
15.0,1621.0,2.0,170.0,6.0,1155.0,60.0,1
15.0,1589.0,45.0,172.0,4.0,750.0,175.0,1
15.0,1691.0,45.0,22.0,1.0,930.0,70.0,1
5.0,2052.0,198.0,16.0,5.0,375.0,95.0,1
12.0,4607.0,261.0,172.0,7.0,630.0,142.0,1
13.0,453.0,45.0,79.0,4.0,884.0,249.0,1
15.0,223.0,175.0,277.0,4.0,455.0,165.0,1
14.0,29.0,217.0,154.0,6.0,890.0,86.0,1
5.0,1489.0,16.0,54.0,7.0,970.0,73.0,1
15.0,2459.0,262.0,243.0,5.0,655.0,85.0,1
14.0,733.0,60.0,173.0,6.0,1095.0,100.0,1
10.0,3339.0,80.0,10.0,7.0,920.0,65.0,1
16.0,2423.0,27.0,135.0,5.0,990.0,114.0,1
17.0,2757.0,84.0,217.0,4.0,890.0,185.0,1
5.0,1700.0,16.0,35.0,3.0,525.0,160.0,1
5.0,2359.0,60.0,16.0,1.0,930.0,88.0,1
1.0,1331.0,80.0,244.0,1.0,525.0,70.0,1
8.0,180.0,241.0,16.0,5.0,1187.0,108.0,1
14.0,156.0,202.0,217.0,7.0,555.0,112.0,1
15.0,1084.0,175.0,233.0,1.0,855.0,110.0,1
15.0,661.0,79.0,175.0,5.0,550.0,140.0,1
15.0,3494.0,153.0,154.0,3.0,400.0,65.0,1
5.0,1228.0,16.0,139.0,5.0,966.0,99.0,1
14.0,2191.0,159.0,78.0,4.0,1260.0,74.0,1
5.0,1093.0,16.0,134.0,1.0,435.0,100.0,1
16.0,5935.0,117.0,208.0,3.0,557.0,60.0,1
14.0,544.0,243.0,217.0,1.0,595.0,76.0,1
0.0,4285.0,204.0,197.0,1.0,941.0,131.0,1
16.0,2621.0,251.0,58.0,5.0,575.0,67.0,1
6.0,5198.0,130.0,16.0,7.0,1140.0,156.0,1
15.0,1590.0,172.0,45.0,5.0,820.0,140.0,1
0.0,3739.0,32.0,197.0,3.0,1145.0,95.0,1
15.0,926.0,153.0,129.0,4.0,1170.0,170.0,1
16.0,2722.0,58.0,209.0,3.0,950.0,88.0,1
10.0,2783.0,80.0,108.0,5.0,845.0,60.0,1
5.0,2679.0,134.0,16.0,3.0,1132.0,123.0,1
15.0,311.0,217.0,252.0,3.0,540.0,190.0,1
13.0,270.0,79.0,173.0,3.0,767.0,205.0,1
5.0,79.0,148.0,173.0,1.0,985.0,187.0,1
8.0,793.0,16.0,268.0,6.0,1345.0,102.0,1
12.0,6526.0,154.0,217.0,6.0,505.0,77.0,1
14.0,113.0,216.0,153.0,1.0,950.0,338.0,1
5.0,1271.0,16.0,61.0,3.0,886.0,94.0,1
2.0,200.0,214.0,258.0,7.0,470.0,110.0,1
1.0,1307.0,33.0,154.0,1.0,1030.0,260.0,1
14.0,1899.0,78.0,60.0,5.0,945.0,90.0,1
17.0,2845.0,91.0,217.0,4.0,510.0,99.0,1
3.0,537.0,96.0,277.0,3.0,951.0,179.0,1
7.0,626.0,85.0,79.0,4.0,974.0,191.0,1
9.0,182.0,128.0,143.0,3.0,691.0,51.0,1
15.0,981.0,111.0,153.0,5.0,770.0,140.0,1
8.0,202.0,48.0,16.0,6.0,664.0,109.0,1
10.0,3024.0,154.0,236.0,7.0,750.0,90.0,1
1.0,1008.0,243.0,80.0,7.0,515.0,180.0,1
8.0,162.0,260.0,16.0,5.0,865.0,249.0,1
3.0,1401.0,104.0,18.0,5.0,941.0,189.0,1
10.0,4353.0,208.0,58.0,3.0,1170.0,80.0,1
5.0,2655.0,177.0,252.0,5.0,524.0,291.0,1
15.0,1696.0,233.0,175.0,6.0,505.0,125.0,1
1.0,1030.0,80.0,290.0,5.0,990.0,65.0,1
10.0,3644.0,177.0,183.0,5.0,810.0,145.0,1
17.0,2946.0,217.0,177.0,6.0,959.0,173.0,1
13.0,183.0,173.0,208.0,1.0,540.0,179.0,1
16.0,2935.0,10.0,135.0,4.0,1025.0,58.0,1
17.0,2727.0,227.0,217.0,5.0,405.0,66.0,1
12.0,6591.0,65.0,134.0,5.0,537.0,183.0,1
5.0,1018.0,198.0,16.0,6.0,675.0,92.0,1
15.0,1227.0,216.0,175.0,3.0,750.0,135.0,1
6.0,5609.0,177.0,205.0,6.0,830.0,107.0,1
15.0,696.0,154.0,45.0,3.0,720.0,290.0,1
12.0,6329.0,253.0,6.0,5.0,420.0,86.0,1
10.0,3925.0,157.0,208.0,3.0,910.0,90.0,1
4.0,201.0,96.0,104.0,4.0,1050.0,184.0,1
15.0,3086.0,202.0,252.0,6.0,545.0,130.0,1
8.0,520.0,277.0,45.0,7.0,684.0,130.0,1
0.0,4013.0,78.0,71.0,5.0,810.0,100.0,1
10.0,4514.0,148.0,78.0,4.0,785.0,85.0,1
6.0,5297.0,16.0,177.0,7.0,1130.0,84.0,1
0.0,3757.0,25.0,85.0,1.0,360.0,103.0,1
5.0,2301.0,35.0,16.0,3.0,1110.0,186.0,1
12.0,4588.0,253.0,261.0,7.0,1000.0,109.0,1
5.0,1298.0,150.0,154.0,6.0,1304.0,316.0,1
10.0,3121.0,154.0,258.0,7.0,760.0,75.0,1
6.0,5167.0,177.0,158.0,3.0,1160.0,84.0,1
10.0,2811.0,80.0,13.0,4.0,800.0,70.0,1
13.0,397.0,153.0,208.0,1.0,686.0,225.0,1
7.0,820.0,172.0,79.0,6.0,1106.0,106.0,1
14.0,1645.0,78.0,277.0,3.0,1170.0,144.0,1
3.0,129.0,43.0,148.0,5.0,705.0,75.0,1
16.0,2400.0,135.0,217.0,4.0,970.0,176.0,1
6.0,5134.0,135.0,85.0,3.0,530.0,168.0,1
14.0,2145.0,35.0,159.0,5.0,450.0,74.0,1
6.0,5237.0,35.0,78.0,6.0,875.0,109.0,1
15.0,37.0,153.0,91.0,4.0,555.0,100.0,1
5.0,2551.0,159.0,213.0,1.0,725.0,182.0,1
6.0,5160.0,41.0,16.0,1.0,435.0,102.0,1
5.0,1754.0,154.0,16.0,3.0,690.0,260.0,1
5.0,2939.0,78.0,16.0,5.0,345.0,120.0,1
5.0,1410.0,79.0,85.0,5.0,966.0,169.0,1
5.0,1264.0,261.0,134.0,7.0,1016.0,246.0,1
10.0,4290.0,33.0,208.0,6.0,660.0,95.0,1
1.0,716.0,208.0,173.0,3.0,420.0,155.0,1
16.0,2719.0,118.0,135.0,4.0,390.0,60.0,1
4.0,447.0,208.0,135.0,3.0,645.0,165.0,1
5.0,1703.0,16.0,153.0,4.0,1050.0,274.0,1
5.0,2010.0,80.0,16.0,1.0,870.0,126.0,1
12.0,6436.0,227.0,154.0,5.0,1075.0,47.0,1
10.0,3935.0,172.0,208.0,5.0,540.0,90.0,1
11.0,6391.0,45.0,177.0,5.0,1030.0,160.0,1
2.0,591.0,227.0,214.0,6.0,745.0,149.0,1
10.0,3306.0,47.0,80.0,6.0,670.0,180.0,1
12.0,6569.0,208.0,86.0,7.0,580.0,71.0,1
1.0,2337.0,208.0,80.0,1.0,940.0,155.0,1
15.0,1945.0,175.0,159.0,1.0,1100.0,130.0,1
15.0,1847.0,277.0,233.0,5.0,775.0,105.0,1
16.0,5928.0,42.0,208.0,6.0,1036.0,159.0,1
5.0,2189.0,216.0,85.0,5.0,980.0,120.0,1
12.0,4594.0,197.0,65.0,6.0,565.0,126.0,1
6.0,7110.0,134.0,229.0,5.0,1020.0,92.0,1
10.0,3750.0,197.0,208.0,5.0,1175.0,90.0,1
0.0,3717.0,129.0,16.0,1.0,576.0,116.0,1
1.0,1777.0,148.0,173.0,7.0,479.0,180.0,1
6.0,7074.0,12.0,208.0,1.0,858.0,149.0,1
15.0,2397.0,18.0,202.0,7.0,885.0,240.0,1
15.0,979.0,198.0,129.0,3.0,420.0,75.0,1
13.0,870.0,253.0,148.0,3.0,775.0,351.0,1
14.0,369.0,217.0,262.0,6.0,1076.0,120.0,1
13.0,741.0,174.0,208.0,5.0,1001.0,130.0,1
8.0,262.0,78.0,184.0,5.0,700.0,125.0,1
15.0,1030.0,153.0,251.0,4.0,570.0,215.0,1
16.0,2986.0,60.0,96.0,6.0,890.0,115.0,1
5.0,1416.0,16.0,209.0,5.0,445.0,98.0,1
8.0,649.0,45.0,213.0,6.0,505.0,150.0,1
15.0,418.0,236.0,214.0,3.0,585.0,95.0,1
1.0,1309.0,45.0,80.0,1.0,620.0,220.0,1
15.0,1099.0,172.0,268.0,4.0,990.0,55.0,1
10.0,4389.0,35.0,148.0,1.0,840.0,75.0,1
10.0,3039.0,154.0,100.0,1.0,550.0,60.0,1
5.0,1770.0,261.0,197.0,7.0,1020.0,157.0,1
1.0,2301.0,208.0,80.0,1.0,360.0,150.0,1
15.0,1489.0,141.0,213.0,7.0,735.0,180.0,1
10.0,4650.0,159.0,16.0,1.0,360.0,150.0,1
8.0,716.0,159.0,48.0,5.0,670.0,96.0,1
15.0,2355.0,216.0,241.0,6.0,505.0,185.0,1
1.0,1333.0,35.0,80.0,6.0,1255.0,255.0,1
15.0,1608.0,251.0,268.0,6.0,840.0,70.0,1
12.0,6424.0,208.0,184.0,4.0,715.0,42.0,1
14.0,1582.0,173.0,216.0,1.0,895.0,149.0,1
8.0,1941.0,173.0,16.0,4.0,460.0,94.0,1
13.0,550.0,253.0,243.0,4.0,630.0,96.0,1
16.0,3113.0,205.0,96.0,4.0,988.0,172.0,1
5.0,1562.0,177.0,85.0,1.0,600.0,117.0,1
0.0,3665.0,197.0,29.0,7.0,790.0,80.0,1
7.0,728.0,79.0,78.0,6.0,450.0,196.0,1
8.0,619.0,198.0,184.0,1.0,1080.0,135.0,1
4.0,198.0,79.0,135.0,5.0,360.0,143.0,1
15.0,2907.0,253.0,243.0,6.0,1185.0,85.0,1
15.0,1659.0,61.0,45.0,4.0,400.0,70.0,1
10.0,3779.0,208.0,198.0,4.0,1165.0,140.0,1
14.0,623.0,217.0,202.0,5.0,1080.0,119.0,1
2.0,578.0,214.0,243.0,1.0,625.0,143.0,1
12.0,6575.0,253.0,179.0,7.0,516.0,79.0,1
12.0,6610.0,79.0,114.0,3.0,855.0,53.0,1
1.0,1509.0,147.0,80.0,1.0,921.0,175.0,1
17.0,2855.0,217.0,103.0,7.0,880.0,66.0,1
12.0,6992.0,82.0,208.0,6.0,364.0,90.0,1
3.0,586.0,104.0,130.0,4.0,1245.0,167.0,1
0.0,3732.0,187.0,85.0,3.0,968.0,97.0,1
15.0,919.0,173.0,45.0,4.0,445.0,125.0,1
4.0,201.0,96.0,104.0,7.0,1050.0,184.0,1
15.0,2012.0,258.0,44.0,4.0,700.0,60.0,1
5.0,2072.0,16.0,197.0,1.0,960.0,166.0,1
5.0,1157.0,61.0,16.0,6.0,360.0,110.0,1
5.0,1509.0,197.0,79.0,6.0,555.0,125.0,1
5.0,302.0,16.0,215.0,4.0,1290.0,96.0,1
6.0,4983.0,130.0,16.0,6.0,1023.0,156.0,1
4.0,1102.0,96.0,208.0,7.0,585.0,150.0,1
13.0,90.0,154.0,253.0,6.0,374.0,88.0,1
1.0,1823.0,208.0,213.0,3.0,405.0,175.0,1
16.0,5894.0,208.0,285.0,3.0,1116.0,89.0,1
5.0,1471.0,16.0,204.0,3.0,1151.0,152.0,1
17.0,2757.0,217.0,44.0,5.0,1067.0,87.0,1
16.0,2455.0,96.0,228.0,6.0,1290.0,51.0,1
15.0,1546.0,45.0,85.0,4.0,1185.0,100.0,1
16.0,2824.0,135.0,27.0,7.0,775.0,93.0,1
5.0,1624.0,16.0,45.0,7.0,1065.0,114.0,1
12.0,6426.0,253.0,262.0,7.0,642.0,43.0,1
14.0,1712.0,60.0,78.0,5.0,785.0,74.0,1
16.0,2363.0,96.0,290.0,1.0,455.0,209.0,1
5.0,2891.0,261.0,264.0,4.0,660.0,115.0,1
1.0,619.0,208.0,154.0,6.0,1290.0,265.0,1
8.0,572.0,217.0,184.0,6.0,775.0,195.0,1
10.0,3778.0,208.0,78.0,4.0,550.0,105.0,1
10.0,4357.0,208.0,117.0,6.0,1030.0,60.0,1
16.0,5998.0,56.0,208.0,7.0,1122.0,74.0,1
13.0,154.0,79.0,35.0,7.0,608.0,227.0,1
5.0,1913.0,16.0,213.0,3.0,970.0,110.0,1
15.0,339.0,202.0,243.0,5.0,635.0,90.0,1
8.0,297.0,16.0,129.0,7.0,997.0,139.0,1
5.0,1642.0,16.0,221.0,3.0,1160.0,105.0,1
4.0,1580.0,252.0,96.0,7.0,450.0,305.0,1
4.0,1104.0,96.0,208.0,4.0,720.0,154.0,1
15.0,744.0,91.0,129.0,3.0,1005.0,105.0,1
15.0,164.0,153.0,217.0,3.0,1280.0,60.0,1
10.0,4277.0,71.0,148.0,4.0,775.0,120.0,1
6.0,5452.0,35.0,78.0,3.0,1175.0,109.0,1
12.0,6319.0,221.0,134.0,1.0,1023.0,62.0,1
2.0,143.0,214.0,14.0,4.0,1330.0,242.0,1
8.0,1420.0,139.0,277.0,4.0,667.0,137.0,1
6.0,5263.0,130.0,16.0,5.0,690.0,154.0,1
1.0,745.0,159.0,80.0,1.0,795.0,250.0,1
5.0,1256.0,71.0,35.0,1.0,915.0,127.0,1
0.0,4286.0,119.0,85.0,3.0,614.0,61.0,1
17.0,2832.0,217.0,91.0,3.0,1365.0,69.0,1
1.0,1972.0,208.0,233.0,4.0,1040.0,115.0,1
10.0,4557.0,61.0,159.0,4.0,930.0,105.0,1
0.0,3848.0,85.0,27.0,3.0,1175.0,127.0,1
14.0,1588.0,60.0,228.0,5.0,590.0,122.0,1
12.0,6341.0,243.0,154.0,7.0,1203.0,42.0,1
0.0,3946.0,177.0,223.0,1.0,570.0,86.0,1
8.0,911.0,215.0,16.0,7.0,1186.0,109.0,1
15.0,790.0,79.0,153.0,7.0,465.0,120.0,1
1.0,621.0,197.0,80.0,7.0,425.0,165.0,1
4.0,1562.0,135.0,241.0,5.0,819.0,127.0,1
5.0,2444.0,71.0,35.0,7.0,1135.0,124.0,1
12.0,6699.0,79.0,91.0,3.0,1017.0,102.0,1
15.0,2175.0,12.0,173.0,1.0,470.0,195.0,1
12.0,6434.0,154.0,244.0,7.0,632.0,163.0,1
5.0,2018.0,173.0,16.0,5.0,690.0,93.0,1
15.0,5.0,279.0,75.0,4.0,395.0,60.0,1
5.0,2514.0,268.0,85.0,6.0,400.0,100.0,1
5.0,2518.0,173.0,16.0,6.0,990.0,100.0,1
6.0,5047.0,16.0,204.0,7.0,834.0,138.0,1
1.0,417.0,80.0,18.0,3.0,1350.0,55.0,1
5.0,2535.0,159.0,198.0,7.0,775.0,211.0,1
8.0,140.0,16.0,85.0,3.0,535.0,118.0,1
1.0,1841.0,251.0,80.0,1.0,420.0,150.0,1
15.0,3047.0,217.0,79.0,5.0,1165.0,105.0,1
15.0,1533.0,2.0,91.0,7.0,1085.0,55.0,1
3.0,448.0,277.0,35.0,5.0,760.0,166.0,1
15.0,27.0,45.0,22.0,4.0,1235.0,65.0,1
14.0,1857.0,60.0,173.0,4.0,1340.0,93.0,1
5.0,2352.0,213.0,16.0,6.0,886.0,113.0,1
10.0,3353.0,80.0,13.0,5.0,1045.0,70.0,1
14.0,9.0,217.0,208.0,4.0,1175.0,194.0,1
8.0,1626.0,173.0,216.0,7.0,1126.0,140.0,1
17.0,7307.0,134.0,54.0,5.0,742.0,98.0,1
5.0,2307.0,16.0,162.0,3.0,1150.0,99.0,1
7.0,465.0,219.0,184.0,5.0,723.0,168.0,1
16.0,2105.0,119.0,58.0,5.0,1003.0,57.0,1
15.0,360.0,153.0,91.0,5.0,995.0,100.0,1
11.0,6303.0,268.0,78.0,1.0,540.0,121.0,1
17.0,7308.0,134.0,147.0,3.0,1012.0,117.0,1
15.0,1718.0,153.0,18.0,6.0,1125.0,155.0,1
8.0,61.0,16.0,154.0,3.0,1330.0,320.0,1
6.0,5533.0,215.0,16.0,6.0,633.0,112.0,1
5.0,2492.0,268.0,16.0,4.0,819.0,98.0,1
5.0,2091.0,16.0,277.0,5.0,665.0,92.0,1
1.0,2433.0,80.0,154.0,5.0,800.0,205.0,1
4.0,647.0,208.0,135.0,6.0,1005.0,167.0,1
4.0,747.0,208.0,135.0,5.0,730.0,168.0,1
1.0,857.0,173.0,80.0,5.0,555.0,180.0,1
12.0,4800.0,154.0,243.0,7.0,495.0,46.0,1
5.0,1047.0,16.0,268.0,4.0,665.0,105.0,1
17.0,7246.0,208.0,12.0,4.0,966.0,110.0,1
15.0,1027.0,172.0,75.0,5.0,575.0,95.0,1
14.0,969.0,172.0,60.0,3.0,435.0,133.0,1
7.0,453.0,159.0,184.0,5.0,370.0,135.0,1
1.0,502.0,80.0,241.0,5.0,555.0,145.0,1
12.0,6262.0,164.0,79.0,4.0,1169.0,89.0,1
12.0,4469.0,196.0,261.0,1.0,535.0,82.0,1
15.0,2380.0,175.0,153.0,6.0,1170.0,250.0,1
12.0,6356.0,253.0,261.0,5.0,1195.0,99.0,1
10.0,3284.0,80.0,41.0,6.0,1335.0,75.0,1
15.0,991.0,262.0,44.0,7.0,565.0,70.0,1
15.0,991.0,262.0,44.0,3.0,565.0,70.0,1
6.0,5163.0,58.0,16.0,7.0,964.0,120.0,1
15.0,1286.0,153.0,154.0,5.0,525.0,65.0,1
5.0,2995.0,33.0,16.0,5.0,330.0,67.0,1
15.0,525.0,18.0,75.0,4.0,900.0,55.0,1
15.0,778.0,175.0,205.0,1.0,440.0,90.0,1
14.0,2024.0,78.0,35.0,6.0,510.0,82.0,1
3.0,331.0,22.0,173.0,1.0,522.0,178.0,1
12.0,6232.0,100.0,153.0,1.0,365.0,77.0,1
7.0,412.0,154.0,79.0,3.0,1125.0,131.0,1
15.0,1385.0,175.0,209.0,3.0,1240.0,120.0,1
14.0,632.0,44.0,217.0,7.0,410.0,87.0,1
12.0,6844.0,208.0,85.0,1.0,964.0,76.0,1
15.0,1940.0,253.0,175.0,6.0,560.0,250.0,1
5.0,87.0,148.0,277.0,3.0,1100.0,197.0,1
15.0,1062.0,277.0,251.0,4.0,905.0,130.0,1
2.0,3.0,78.0,252.0,4.0,1065.0,355.0,1
16.0,5950.0,237.0,134.0,6.0,370.0,65.0,1
0.0,3747.0,177.0,18.0,5.0,820.0,115.0,1
7.0,721.0,78.0,79.0,7.0,525.0,248.0,1
10.0,2719.0,80.0,285.0,4.0,475.0,115.0,1
4.0,738.0,135.0,243.0,4.0,750.0,205.0,1
6.0,5387.0,16.0,121.0,4.0,590.0,64.0,1
2.0,453.0,154.0,252.0,6.0,645.0,162.0,1
12.0,6317.0,246.0,154.0,7.0,522.0,48.0,1
11.0,6268.0,69.0,85.0,7.0,926.0,79.0,1
3.0,747.0,22.0,173.0,5.0,996.0,179.0,1
0.0,4334.0,147.0,71.0,3.0,960.0,122.0,1
14.0,1099.0,216.0,147.0,5.0,460.0,143.0,1
10.0,3311.0,80.0,266.0,7.0,495.0,50.0,1
13.0,782.0,2.0,134.0,5.0,485.0,223.0,1
2.0,195.0,14.0,98.0,3.0,1435.0,56.0,1
5.0,1533.0,16.0,135.0,3.0,725.0,128.0,1
1.0,1693.0,173.0,80.0,1.0,1040.0,175.0,1
5.0,1283.0,16.0,175.0,1.0,1040.0,116.0,1
4.0,6.0,135.0,244.0,6.0,932.0,55.0,1
16.0,5993.0,43.0,208.0,4.0,1192.0,116.0,1
15.0,781.0,207.0,175.0,3.0,595.0,235.0,1
8.0,136.0,147.0,45.0,6.0,480.0,115.0,1
14.0,280.0,217.0,258.0,5.0,650.0,117.0,1
1.0,1022.0,183.0,216.0,5.0,885.0,180.0,1
15.0,949.0,202.0,44.0,1.0,920.0,65.0,1
5.0,2887.0,16.0,2.0,5.0,1182.0,225.0,1
14.0,551.0,214.0,217.0,3.0,690.0,148.0,1
3.0,8.0,148.0,43.0,4.0,865.0,91.0,1
15.0,628.0,27.0,153.0,7.0,970.0,255.0,1
14.0,500.0,217.0,139.0,7.0,1175.0,193.0,1
1.0,39.0,253.0,128.0,6.0,495.0,345.0,1
14.0,5.0,264.0,217.0,5.0,600.0,75.0,1
3.0,1085.0,148.0,60.0,7.0,990.0,131.0,1
17.0,7264.0,208.0,229.0,4.0,1205.0,127.0,1
13.0,132.0,214.0,208.0,3.0,381.0,234.0,1
4.0,1400.0,104.0,96.0,4.0,555.0,173.0,1
12.0,6870.0,127.0,79.0,1.0,453.0,113.0,1
10.0,3213.0,162.0,80.0,7.0,785.0,80.0,1
12.0,6764.0,164.0,79.0,6.0,412.0,97.0,1
12.0,4440.0,261.0,135.0,1.0,580.0,180.0,1
1.0,821.0,148.0,104.0,1.0,935.0,205.0,1
12.0,6422.0,208.0,69.0,6.0,843.0,82.0,1
12.0,4714.0,67.0,261.0,5.0,385.0,73.0,1
15.0,185.0,139.0,45.0,4.0,395.0,100.0,1
12.0,6867.0,46.0,79.0,4.0,445.0,107.0,1
5.0,1044.0,43.0,16.0,4.0,977.0,137.0,1
5.0,2656.0,198.0,159.0,5.0,1030.0,170.0,1
10.0,3272.0,218.0,80.0,3.0,455.0,135.0,1
1.0,1914.0,197.0,80.0,1.0,630.0,160.0,1
6.0,5126.0,16.0,19.0,7.0,1152.0,61.0,1
10.0,2875.0,80.0,290.0,4.0,1335.0,60.0,1
6.0,5227.0,16.0,87.0,6.0,1140.0,69.0,1
4.0,89.0,135.0,96.0,5.0,360.0,200.0,1
15.0,1072.0,2.0,75.0,4.0,1045.0,95.0,1
11.0,6528.0,71.0,35.0,7.0,675.0,130.0,1
16.0,2219.0,58.0,285.0,4.0,1000.0,78.0,1
1.0,548.0,208.0,35.0,3.0,775.0,135.0,1
15.0,1923.0,280.0,2.0,3.0,910.0,60.0,1
14.0,1978.0,135.0,60.0,3.0,940.0,148.0,1
6.0,5445.0,85.0,205.0,7.0,940.0,138.0,1
16.0,2641.0,96.0,172.0,5.0,515.0,207.0,1
3.0,139.0,148.0,241.0,3.0,990.0,203.0,1
0.0,4274.0,13.0,177.0,4.0,355.0,120.0,1
17.0,2617.0,60.0,120.0,1.0,689.0,51.0,1
15.0,205.0,175.0,233.0,3.0,565.0,110.0,1
0.0,3807.0,121.0,85.0,4.0,571.0,114.0,1
15.0,272.0,243.0,280.0,4.0,850.0,70.0,1
6.0,5531.0,16.0,146.0,4.0,660.0,88.0,1
12.0,6361.0,99.0,79.0,5.0,726.0,118.0,1
12.0,6345.0,224.0,253.0,6.0,360.0,125.0,1
5.0,1143.0,54.0,16.0,3.0,330.0,72.0,1
12.0,6841.0,204.0,208.0,3.0,1098.0,122.0,1
5.0,1284.0,16.0,207.0,5.0,1204.0,290.0,1
12.0,6380.0,253.0,34.0,1.0,651.0,92.0,1
14.0,335.0,154.0,217.0,6.0,470.0,88.0,1
1.0,179.0,148.0,253.0,5.0,595.0,390.0,1
15.0,491.0,213.0,45.0,4.0,1055.0,145.0,1
1.0,2353.0,96.0,208.0,6.0,1020.0,170.0,1
10.0,4231.0,60.0,208.0,5.0,1080.0,145.0,1
15.0,2964.0,202.0,44.0,7.0,1050.0,65.0,1
0.0,3824.0,197.0,290.0,3.0,1165.0,127.0,1
7.0,510.0,79.0,159.0,4.0,645.0,221.0,1
1.0,1462.0,208.0,96.0,1.0,530.0,125.0,1
8.0,806.0,45.0,139.0,3.0,523.0,109.0,1
5.0,1101.0,135.0,16.0,6.0,565.0,123.0,1
12.0,4575.0,261.0,262.0,6.0,521.0,105.0,1
6.0,5370.0,78.0,22.0,3.0,1320.0,78.0,1
4.0,605.0,204.0,135.0,3.0,380.0,80.0,1
6.0,5295.0,16.0,287.0,7.0,986.0,64.0,1
8.0,122.0,277.0,16.0,5.0,921.0,95.0,1
10.0,4598.0,233.0,159.0,7.0,1215.0,90.0,1
6.0,5176.0,288.0,177.0,4.0,370.0,88.0,1
9.0,304.0,161.0,128.0,1.0,600.0,30.0,1
15.0,240.0,44.0,262.0,5.0,1140.0,75.0,1
17.0,7262.0,134.0,60.0,7.0,1020.0,94.0,1
1.0,1487.0,78.0,208.0,3.0,515.0,130.0,1
15.0,1166.0,45.0,18.0,5.0,1060.0,235.0,1
16.0,2817.0,135.0,131.0,6.0,685.0,61.0,1
12.0,4778.0,261.0,205.0,6.0,1215.0,144.0,1
15.0,526.0,45.0,35.0,1.0,435.0,80.0,1
15.0,1781.0,216.0,35.0,6.0,460.0,80.0,1
5.0,1391.0,35.0,159.0,3.0,930.0,69.0,1
15.0,588.0,221.0,45.0,7.0,625.0,60.0,1
10.0,3937.0,240.0,208.0,5.0,605.0,70.0,1
6.0,7309.0,16.0,52.0,6.0,735.0,47.0,1
13.0,865.0,35.0,208.0,4.0,475.0,171.0,1
15.0,1847.0,33.0,277.0,4.0,585.0,105.0,1
0.0,4266.0,197.0,119.0,4.0,635.0,87.0,1
5.0,1593.0,85.0,139.0,4.0,830.0,72.0,1
4.0,526.0,135.0,45.0,7.0,975.0,171.0,1
1.0,583.0,183.0,268.0,6.0,885.0,170.0,1
11.0,6598.0,172.0,159.0,4.0,1110.0,168.0,1
4.0,1828.0,135.0,280.0,5.0,694.0,160.0,1
11.0,6280.0,71.0,221.0,6.0,680.0,71.0,1
5.0,2306.0,162.0,16.0,3.0,330.0,97.0,1
10.0,3268.0,5.0,80.0,4.0,410.0,45.0,1
15.0,114.0,233.0,175.0,7.0,765.0,125.0,1
12.0,6672.0,265.0,208.0,4.0,1107.0,58.0,1
5.0,2569.0,16.0,173.0,6.0,1290.0,88.0,1
15.0,1227.0,216.0,175.0,7.0,750.0,135.0,1
12.0,6839.0,208.0,177.0,1.0,965.0,101.0,1
5.0,2221.0,197.0,154.0,5.0,1310.0,236.0,1
4.0,706.0,135.0,277.0,3.0,475.0,120.0,1
3.0,1760.0,260.0,104.0,3.0,1162.0,165.0,1
6.0,5424.0,19.0,16.0,4.0,520.0,71.0,1
15.0,960.0,45.0,228.0,1.0,910.0,70.0,1
4.0,236.0,135.0,178.0,3.0,1075.0,76.0,1
5.0,2731.0,85.0,268.0,5.0,445.0,118.0,1
13.0,59.0,79.0,253.0,1.0,362.0,167.0,1
16.0,2198.0,135.0,69.0,4.0,850.0,136.0,1
0.0,3791.0,82.0,197.0,5.0,914.0,60.0,1
15.0,2292.0,202.0,207.0,1.0,580.0,70.0,1
2.0,465.0,154.0,252.0,4.0,920.0,165.0,1
15.0,1678.0,79.0,236.0,7.0,705.0,145.0,1
15.0,1814.0,154.0,198.0,3.0,605.0,215.0,1
13.0,381.0,22.0,208.0,5.0,380.0,161.0,1
1.0,34.0,154.0,148.0,7.0,510.0,322.0,1
11.0,6622.0,177.0,208.0,6.0,1175.0,109.0,1
14.0,1509.0,60.0,217.0,7.0,681.0,278.0,1
5.0,14.0,153.0,16.0,4.0,487.0,223.0,1
0.0,4310.0,177.0,16.0,5.0,460.0,90.0,1
1.0,1060.0,268.0,159.0,3.0,1145.0,135.0,1
15.0,965.0,79.0,173.0,3.0,450.0,210.0,1
14.0,1129.0,234.0,60.0,3.0,1190.0,78.0,1
5.0,1426.0,104.0,16.0,3.0,1130.0,120.0,1
15.0,2523.0,44.0,258.0,1.0,825.0,65.0,1
15.0,50.0,129.0,75.0,7.0,1110.0,60.0,1
15.0,588.0,45.0,173.0,4.0,720.0,140.0,1
4.0,238.0,96.0,183.0,1.0,555.0,203.0,1
16.0,2327.0,136.0,135.0,4.0,390.0,107.0,1
5.0,1834.0,16.0,172.0,3.0,880.0,134.0,1
1.0,369.0,80.0,2.0,7.0,765.0,110.0,1
6.0,7097.0,134.0,238.0,7.0,502.0,73.0,1
6.0,5371.0,275.0,16.0,4.0,699.0,74.0,1
0.0,4116.0,121.0,85.0,6.0,752.0,116.0,1
6.0,7116.0,148.0,134.0,1.0,360.0,81.0,1
13.0,590.0,208.0,22.0,5.0,815.0,129.0,1
1.0,2431.0,154.0,153.0,1.0,870.0,70.0,1
6.0,5605.0,237.0,16.0,7.0,360.0,86.0,1
5.0,1809.0,241.0,197.0,1.0,455.0,224.0,1
5.0,2087.0,16.0,241.0,5.0,810.0,99.0,1
12.0,6447.0,132.0,79.0,6.0,495.0,197.0,1
1.0,592.0,80.0,147.0,5.0,685.0,130.0,1
12.0,4602.0,261.0,102.0,1.0,870.0,102.0,1
13.0,781.0,79.0,154.0,7.0,833.0,154.0,1
4.0,463.0,208.0,135.0,5.0,335.0,164.0,1
3.0,602.0,148.0,229.0,4.0,750.0,73.0,1
1.0,1584.0,153.0,80.0,5.0,360.0,160.0,1
5.0,1293.0,223.0,16.0,3.0,790.0,75.0,1
10.0,2926.0,52.0,80.0,1.0,990.0,140.0,1
5.0,1788.0,177.0,173.0,6.0,510.0,122.0,1
7.0,847.0,139.0,79.0,4.0,405.0,169.0,1
15.0,24.0,129.0,75.0,3.0,720.0,55.0,1
5.0,2863.0,148.0,154.0,4.0,720.0,370.0,1
15.0,1570.0,153.0,154.0,6.0,665.0,70.0,1
13.0,239.0,154.0,253.0,3.0,632.0,97.0,1
10.0,4676.0,148.0,35.0,5.0,685.0,65.0,1
14.0,88.0,217.0,214.0,3.0,675.0,169.0,1
5.0,2552.0,277.0,159.0,5.0,1169.0,162.0,1
12.0,4698.0,67.0,261.0,7.0,778.0,73.0,1
16.0,2875.0,76.0,135.0,1.0,1095.0,165.0,1
3.0,916.0,208.0,148.0,5.0,960.0,137.0,1
12.0,6893.0,6.0,253.0,4.0,360.0,82.0,1
6.0,5254.0,245.0,16.0,7.0,761.0,86.0,1
4.0,559.0,135.0,264.0,4.0,560.0,218.0,1
15.0,2842.0,155.0,18.0,6.0,580.0,70.0,1
10.0,4371.0,208.0,205.0,4.0,675.0,95.0,1
11.0,6718.0,174.0,71.0,5.0,420.0,105.0,1
8.0,63.0,134.0,16.0,1.0,662.0,115.0,1
5.0,2162.0,85.0,216.0,4.0,1290.0,99.0,1
12.0,6256.0,99.0,208.0,3.0,808.0,112.0,1
13.0,136.0,154.0,134.0,5.0,1419.0,286.0,1
2.0,648.0,252.0,280.0,4.0,715.0,173.0,1
12.0,6461.0,154.0,292.0,4.0,1265.0,67.0,1
9.0,155.0,203.0,128.0,5.0,519.0,34.0,1
11.0,6757.0,78.0,35.0,3.0,1075.0,97.0,1
16.0,2696.0,76.0,58.0,6.0,445.0,52.0,1
15.0,1962.0,134.0,175.0,6.0,455.0,120.0,1
5.0,2290.0,16.0,139.0,7.0,520.0,107.0,1
5.0,1954.0,16.0,147.0,5.0,810.0,69.0,1
11.0,6437.0,234.0,71.0,5.0,405.0,117.0,1
15.0,1100.0,45.0,251.0,5.0,915.0,110.0,1
10.0,4029.0,208.0,147.0,3.0,1175.0,145.0,1
15.0,843.0,217.0,153.0,3.0,995.0,65.0,1
2.0,327.0,258.0,252.0,4.0,945.0,123.0,1
5.0,1044.0,43.0,16.0,1.0,977.0,137.0,1
15.0,9.0,198.0,268.0,5.0,705.0,105.0,1
15.0,1217.0,277.0,45.0,1.0,1100.0,130.0,1
1.0,1349.0,80.0,100.0,6.0,1210.0,215.0,1
16.0,2586.0,139.0,96.0,4.0,705.0,118.0,1
15.0,721.0,153.0,207.0,6.0,525.0,55.0,1
12.0,6714.0,79.0,177.0,7.0,1157.0,134.0,1
16.0,2887.0,96.0,45.0,7.0,482.0,67.0,1
14.0,1777.0,35.0,60.0,5.0,1015.0,145.0,1
14.0,1787.0,60.0,198.0,7.0,875.0,124.0,1
10.0,3614.0,58.0,183.0,5.0,390.0,185.0,1
2.0,662.0,252.0,80.0,1.0,730.0,227.0,1
12.0,4757.0,261.0,205.0,1.0,585.0,144.0,1
12.0,4877.0,261.0,46.0,7.0,1290.0,73.0,1
5.0,2149.0,85.0,252.0,4.0,515.0,302.0,1
16.0,2678.0,135.0,68.0,4.0,580.0,63.0,1
15.0,1013.0,13.0,79.0,4.0,1030.0,80.0,1
12.0,4439.0,197.0,192.0,4.0,1035.0,91.0,1
5.0,2038.0,16.0,78.0,1.0,920.0,103.0,1
5.0,1755.0,16.0,154.0,6.0,665.0,305.0,1
1.0,1510.0,183.0,148.0,5.0,695.0,170.0,1
0.0,3822.0,174.0,85.0,1.0,715.0,103.0,1
6.0,5462.0,132.0,16.0,7.0,1008.0,60.0,1
10.0,3006.0,243.0,154.0,3.0,675.0,45.0,1
12.0,6852.0,172.0,134.0,3.0,742.0,141.0,1
15.0,459.0,207.0,79.0,5.0,390.0,135.0,1
6.0,5204.0,16.0,275.0,1.0,820.0,65.0,1
16.0,5921.0,208.0,27.0,6.0,1100.0,104.0,1
2.0,66.0,149.0,252.0,6.0,1200.0,138.0,1
11.0,6271.0,71.0,94.0,5.0,1240.0,61.0,1
5.0,2560.0,183.0,16.0,4.0,1200.0,119.0,1
14.0,904.0,60.0,208.0,1.0,700.0,132.0,1
3.0,12.0,104.0,148.0,1.0,720.0,169.0,1
14.0,705.0,60.0,217.0,4.0,1069.0,275.0,1
16.0,2234.0,16.0,135.0,7.0,865.0,135.0,1
10.0,2802.0,284.0,80.0,4.0,655.0,50.0,1
15.0,45.0,75.0,129.0,4.0,1050.0,65.0,1
13.0,184.0,253.0,216.0,6.0,540.0,335.0,1
1.0,2282.0,253.0,80.0,7.0,795.0,210.0,1
15.0,1601.0,277.0,228.0,1.0,455.0,165.0,1
17.0,2888.0,217.0,18.0,1.0,790.0,133.0,1
9.0,106.0,128.0,203.0,7.0,317.0,36.0,1
15.0,979.0,129.0,18.0,4.0,530.0,45.0,1
1.0,710.0,80.0,159.0,4.0,555.0,200.0,1
14.0,2040.0,78.0,35.0,5.0,990.0,91.0,1
15.0,782.0,175.0,134.0,1.0,840.0,110.0,1
6.0,5575.0,138.0,16.0,1.0,475.0,97.0,1
13.0,76.0,128.0,253.0,3.0,1329.0,299.0,1
13.0,269.0,234.0,208.0,3.0,1011.0,135.0,1
5.0,322.0,153.0,148.0,4.0,1319.0,291.0,1
15.0,1691.0,58.0,45.0,5.0,830.0,75.0,1
0.0,4336.0,108.0,177.0,4.0,990.0,65.0,1
1.0,1157.0,80.0,252.0,1.0,460.0,265.0,1
6.0,4957.0,16.0,190.0,5.0,1366.0,74.0,1
5.0,2532.0,173.0,35.0,7.0,665.0,172.0,1
14.0,1997.0,60.0,104.0,6.0,595.0,128.0,1
16.0,3029.0,172.0,135.0,5.0,1090.0,118.0,1
6.0,5604.0,146.0,177.0,5.0,1000.0,60.0,1
12.0,6352.0,214.0,253.0,1.0,927.0,102.0,1
0.0,3703.0,119.0,197.0,6.0,810.0,96.0,1
14.0,1899.0,60.0,244.0,6.0,1085.0,192.0,1
5.0,242.0,183.0,85.0,3.0,807.0,188.0,1
14.0,1044.0,277.0,216.0,1.0,980.0,149.0,1
10.0,4696.0,148.0,35.0,7.0,1200.0,80.0,1
9.0,188.0,128.0,150.0,6.0,884.0,44.0,1
15.0,2852.0,217.0,172.0,6.0,660.0,155.0,1
1.0,1099.0,139.0,80.0,1.0,475.0,150.0,1
3.0,90.0,202.0,148.0,4.0,1285.0,317.0,1
5.0,1645.0,78.0,85.0,1.0,588.0,99.0,1
2.0,531.0,207.0,252.0,1.0,1035.0,162.0,1
11.0,6706.0,85.0,234.0,4.0,625.0,101.0,1
12.0,6276.0,247.0,208.0,6.0,1153.0,50.0,1
10.0,4020.0,238.0,208.0,4.0,740.0,125.0,1
15.0,40.0,129.0,75.0,3.0,960.0,60.0,1
1.0,2502.0,80.0,33.0,4.0,1025.0,100.0,1
10.0,3794.0,208.0,91.0,7.0,675.0,200.0,1
14.0,1621.0,96.0,60.0,1.0,780.0,118.0,1
10.0,3995.0,76.0,208.0,4.0,1020.0,80.0,1
12.0,6672.0,208.0,265.0,1.0,1028.0,51.0,1
16.0,2827.0,170.0,135.0,4.0,325.0,85.0,1
14.0,542.0,258.0,217.0,1.0,380.0,113.0,1
10.0,2863.0,80.0,71.0,7.0,740.0,130.0,1
13.0,283.0,79.0,111.0,3.0,1144.0,152.0,1
10.0,3041.0,154.0,243.0,4.0,600.0,40.0,1
6.0,7312.0,177.0,256.0,7.0,1160.0,73.0,1
1.0,2493.0,80.0,154.0,6.0,1305.0,205.0,1
8.0,695.0,267.0,16.0,3.0,1061.0,94.0,1
12.0,6993.0,79.0,192.0,6.0,949.0,102.0,1
13.0,127.0,43.0,208.0,1.0,1050.0,116.0,1
1.0,264.0,154.0,35.0,5.0,780.0,325.0,1
8.0,729.0,184.0,80.0,7.0,1260.0,150.0,1
13.0,437.0,79.0,198.0,3.0,1166.0,156.0,1
0.0,4001.0,208.0,177.0,1.0,390.0,115.0,1
1.0,1358.0,208.0,35.0,6.0,1340.0,130.0,1
6.0,5472.0,87.0,16.0,7.0,608.0,69.0,1
5.0,1906.0,154.0,85.0,7.0,1002.0,257.0,1
8.0,708.0,76.0,16.0,7.0,440.0,114.0,1
15.0,145.0,202.0,44.0,4.0,520.0,65.0,1
15.0,1615.0,175.0,45.0,7.0,1155.0,110.0,1
5.0,1454.0,154.0,16.0,5.0,1005.0,251.0,1
11.0,6632.0,78.0,157.0,3.0,959.0,103.0,1
15.0,157.0,85.0,33.0,4.0,1030.0,100.0,1
4.0,1714.0,135.0,262.0,4.0,560.0,254.0,1
13.0,419.0,79.0,214.0,7.0,1295.0,177.0,1
4.0,1487.0,173.0,135.0,6.0,715.0,151.0,1
15.0,837.0,262.0,243.0,7.0,1080.0,85.0,1
16.0,5897.0,208.0,172.0,6.0,1025.0,98.0,1
15.0,578.0,154.0,280.0,3.0,1155.0,75.0,1
1.0,808.0,80.0,135.0,7.0,725.0,65.0,1
8.0,430.0,16.0,184.0,6.0,1075.0,126.0,1
10.0,2941.0,80.0,223.0,7.0,935.0,100.0,1
3.0,1757.0,104.0,260.0,3.0,530.0,146.0,1
3.0,1434.0,160.0,253.0,3.0,614.0,86.0,1
11.0,6288.0,61.0,197.0,7.0,1026.0,134.0,1
14.0,873.0,221.0,60.0,4.0,630.0,92.0,1
15.0,19.0,75.0,129.0,5.0,660.0,65.0,1
13.0,260.0,134.0,173.0,7.0,1316.0,139.0,1
15.0,1503.0,139.0,79.0,7.0,1135.0,180.0,1
5.0,2211.0,16.0,80.0,6.0,810.0,145.0,1
4.0,162.0,207.0,135.0,4.0,405.0,187.0,1
5.0,465.0,85.0,261.0,7.0,725.0,244.0,1
15.0,1846.0,207.0,79.0,7.0,915.0,130.0,1
15.0,1966.0,264.0,262.0,6.0,930.0,90.0,1
1.0,2331.0,208.0,80.0,1.0,820.0,150.0,1
14.0,1406.0,216.0,35.0,7.0,1230.0,73.0,1
0.0,3855.0,42.0,85.0,4.0,734.0,131.0,1
3.0,53.0,238.0,148.0,3.0,707.0,73.0,1
1.0,1196.0,154.0,208.0,6.0,585.0,245.0,1
3.0,1321.0,35.0,45.0,1.0,380.0,89.0,1
13.0,620.0,208.0,78.0,3.0,961.0,111.0,1
4.0,53.0,154.0,135.0,3.0,880.0,190.0,1
13.0,716.0,207.0,79.0,4.0,882.0,132.0,1
14.0,1989.0,60.0,241.0,3.0,565.0,118.0,1
13.0,248.0,208.0,85.0,7.0,1117.0,85.0,1
12.0,4645.0,40.0,261.0,6.0,385.0,73.0,1
13.0,682.0,208.0,159.0,7.0,785.0,132.0,1
14.0,282.0,217.0,258.0,5.0,500.0,117.0,1
9.0,43.0,258.0,128.0,7.0,540.0,340.0,1
1.0,2428.0,154.0,80.0,7.0,540.0,190.0,1
12.0,6845.0,253.0,246.0,6.0,824.0,82.0,1
5.0,2776.0,177.0,198.0,4.0,1180.0,77.0,1
14.0,982.0,60.0,197.0,5.0,880.0,170.0,1
8.0,816.0,35.0,45.0,5.0,750.0,88.0,1
8.0,684.0,136.0,16.0,1.0,378.0,132.0,1
4.0,197.0,135.0,153.0,5.0,720.0,202.0,1
14.0,728.0,80.0,216.0,3.0,915.0,185.0,1
15.0,1427.0,175.0,33.0,3.0,830.0,80.0,1
9.0,227.0,150.0,128.0,5.0,667.0,42.0,1
16.0,2496.0,135.0,251.0,4.0,990.0,125.0,1
6.0,5387.0,116.0,16.0,3.0,360.0,80.0,1
16.0,2661.0,182.0,96.0,3.0,777.0,79.0,1
11.0,6462.0,148.0,35.0,3.0,910.0,102.0,1
14.0,654.0,148.0,217.0,6.0,390.0,349.0,1
15.0,691.0,173.0,198.0,4.0,905.0,110.0,1
1.0,1448.0,208.0,78.0,1.0,640.0,105.0,1
10.0,4485.0,159.0,85.0,4.0,890.0,125.0,1
4.0,1506.0,135.0,277.0,3.0,1160.0,124.0,1
1.0,222.0,154.0,35.0,5.0,445.0,320.0,1
6.0,5399.0,16.0,84.0,4.0,498.0,136.0,1
0.0,4025.0,218.0,85.0,3.0,974.0,86.0,1
15.0,769.0,45.0,104.0,3.0,705.0,160.0,1
16.0,5979.0,208.0,107.0,6.0,769.0,94.0,1
5.0,2059.0,16.0,244.0,4.0,1313.0,167.0,1
15.0,3504.0,213.0,277.0,4.0,425.0,50.0,1
17.0,2680.0,162.0,60.0,4.0,981.0,113.0,1
15.0,1180.0,252.0,202.0,4.0,700.0,125.0,1
1.0,1937.0,35.0,260.0,5.0,515.0,240.0,1
0.0,4244.0,85.0,21.0,7.0,735.0,53.0,1
15.0,636.0,264.0,202.0,1.0,875.0,85.0,1
15.0,2970.0,139.0,175.0,3.0,450.0,60.0,1
0.0,3710.0,85.0,90.0,6.0,630.0,78.0,1
5.0,1092.0,277.0,85.0,4.0,385.0,165.0,1
15.0,1217.0,277.0,45.0,3.0,1100.0,130.0,1
13.0,394.0,153.0,208.0,5.0,399.0,216.0,1
11.0,6327.0,60.0,71.0,7.0,420.0,101.0,1
12.0,6846.0,253.0,246.0,6.0,645.0,76.0,1
7.0,179.0,79.0,280.0,3.0,491.0,114.0,1
1.0,1151.0,197.0,208.0,5.0,1045.0,95.0,1
15.0,943.0,268.0,172.0,1.0,425.0,70.0,1
4.0,1459.0,135.0,264.0,5.0,1255.0,217.0,1
15.0,1537.0,252.0,111.0,3.0,490.0,60.0,1
6.0,4994.0,16.0,130.0,6.0,851.0,142.0,1
16.0,3064.0,54.0,96.0,3.0,740.0,118.0,1
12.0,3049.0,184.0,221.0,4.0,695.0,85.0,1
3.0,1264.0,18.0,35.0,4.0,985.0,218.0,1
6.0,5081.0,290.0,16.0,7.0,752.0,110.0,1
16.0,2710.0,78.0,96.0,5.0,1260.0,70.0,1
0.0,3715.0,175.0,85.0,1.0,1100.0,86.0,1
5.0,2936.0,217.0,177.0,5.0,830.0,180.0,1
0.0,4155.0,16.0,215.0,4.0,1175.0,104.0,1
5.0,1096.0,241.0,16.0,5.0,1141.0,110.0,1
0.0,4176.0,117.0,197.0,5.0,1024.0,76.0,1
6.0,5448.0,180.0,16.0,5.0,789.0,76.0,1
6.0,5274.0,78.0,35.0,4.0,895.0,98.0,1
16.0,2907.0,135.0,158.0,4.0,1180.0,58.0,1
15.0,2592.0,216.0,104.0,6.0,660.0,175.0,1
12.0,6815.0,253.0,51.0,5.0,712.0,93.0,1
1.0,346.0,268.0,208.0,1.0,1035.0,80.0,1
17.0,2694.0,217.0,18.0,3.0,965.0,132.0,1
10.0,2704.0,80.0,195.0,3.0,700.0,130.0,1
13.0,466.0,253.0,79.0,5.0,1055.0,147.0,1
0.0,3730.0,16.0,162.0,5.0,685.0,106.0,1
4.0,491.0,183.0,135.0,5.0,1080.0,173.0,1
16.0,3052.0,68.0,135.0,7.0,703.0,62.0,1
1.0,2033.0,33.0,80.0,6.0,990.0,125.0,1
9.0,205.0,203.0,128.0,3.0,364.0,33.0,1
12.0,6860.0,2.0,79.0,4.0,604.0,76.0,1
15.0,1680.0,153.0,202.0,4.0,1080.0,90.0,1
11.0,6546.0,221.0,85.0,7.0,815.0,70.0,1
15.0,2027.0,217.0,129.0,1.0,490.0,145.0,1
3.0,127.0,238.0,148.0,4.0,435.0,78.0,1
3.0,527.0,96.0,173.0,6.0,550.0,176.0,1
8.0,212.0,241.0,184.0,4.0,739.0,181.0,1
5.0,1781.0,253.0,154.0,4.0,1080.0,85.0,1
1.0,1292.0,80.0,198.0,6.0,885.0,75.0,1
13.0,90.0,253.0,96.0,7.0,530.0,340.0,1
6.0,5181.0,16.0,188.0,4.0,612.0,109.0,1
6.0,5243.0,16.0,180.0,5.0,950.0,57.0,1
5.0,1491.0,16.0,244.0,5.0,1068.0,165.0,1
15.0,453.0,197.0,175.0,4.0,1105.0,90.0,1
4.0,394.0,154.0,135.0,1.0,705.0,191.0,1
12.0,6824.0,253.0,231.0,1.0,953.0,69.0,1
2.0,314.0,253.0,227.0,5.0,1240.0,85.0,1
4.0,282.0,135.0,35.0,6.0,470.0,213.0,1
8.0,103.0,16.0,80.0,3.0,525.0,147.0,1
3.0,744.0,260.0,173.0,3.0,684.0,184.0,1
5.0,1295.0,221.0,16.0,7.0,733.0,112.0,1
15.0,300.0,79.0,197.0,5.0,945.0,120.0,1
10.0,4403.0,148.0,233.0,3.0,895.0,110.0,1
15.0,2001.0,217.0,279.0,6.0,615.0,140.0,1
4.0,481.0,58.0,153.0,7.0,525.0,266.0,1
6.0,5024.0,11.0,16.0,7.0,1137.0,71.0,1
1.0,313.0,159.0,208.0,7.0,545.0,165.0,1
5.0,2792.0,243.0,16.0,6.0,825.0,250.0,1
5.0,1436.0,85.0,45.0,1.0,1050.0,98.0,1
12.0,7049.0,214.0,210.0,3.0,438.0,58.0,1
3.0,712.0,260.0,148.0,4.0,1305.0,236.0,1
4.0,59.0,135.0,79.0,1.0,1050.0,153.0,1
15.0,2887.0,264.0,79.0,7.0,1045.0,135.0,1
15.0,1943.0,268.0,197.0,5.0,1005.0,90.0,1
15.0,1976.0,268.0,85.0,3.0,535.0,90.0,1
12.0,6472.0,2.0,154.0,5.0,661.0,125.0,1
1.0,1825.0,208.0,253.0,6.0,985.0,280.0,1
15.0,2006.0,277.0,221.0,5.0,620.0,140.0,1
1.0,2446.0,154.0,80.0,5.0,775.0,190.0,1
16.0,2394.0,96.0,172.0,7.0,965.0,199.0,1
10.0,3035.0,154.0,246.0,7.0,1290.0,40.0,1
5.0,2231.0,85.0,18.0,6.0,1200.0,203.0,1
13.0,573.0,243.0,253.0,5.0,774.0,101.0,1
8.0,1204.0,241.0,175.0,3.0,656.0,174.0,1
1.0,1709.0,159.0,183.0,3.0,1200.0,185.0,1
6.0,5313.0,95.0,16.0,7.0,360.0,98.0,1
15.0,1814.0,154.0,198.0,5.0,605.0,215.0,1
13.0,144.0,253.0,79.0,6.0,420.0,165.0,1
4.0,757.0,58.0,153.0,4.0,1005.0,268.0,1
5.0,1208.0,261.0,71.0,5.0,838.0,203.0,1
0.0,3916.0,121.0,85.0,3.0,1000.0,115.0,1
6.0,5106.0,138.0,16.0,6.0,1055.0,96.0,1
1.0,1215.0,78.0,80.0,3.0,360.0,210.0,1
11.0,6465.0,120.0,85.0,1.0,1018.0,112.0,1
5.0,669.0,16.0,241.0,4.0,1319.0,101.0,1
5.0,1139.0,234.0,16.0,5.0,1047.0,116.0,1
15.0,114.0,233.0,175.0,5.0,765.0,125.0,1
5.0,1189.0,45.0,261.0,7.0,1070.0,294.0,1
6.0,7066.0,47.0,208.0,3.0,1012.0,128.0,1
1.0,803.0,80.0,183.0,1.0,540.0,155.0,1
5.0,1278.0,16.0,175.0,4.0,730.0,115.0,1
15.0,438.0,33.0,217.0,6.0,645.0,240.0,1
13.0,370.0,80.0,134.0,6.0,719.0,182.0,1
6.0,5521.0,285.0,16.0,7.0,697.0,63.0,1
11.0,6275.0,148.0,233.0,6.0,1142.0,133.0,1
16.0,2931.0,135.0,178.0,4.0,1009.0,74.0,1
17.0,7305.0,134.0,172.0,4.0,506.0,167.0,1
1.0,59.0,148.0,253.0,3.0,420.0,405.0,1
15.0,3491.0,129.0,162.0,5.0,695.0,70.0,1
16.0,5897.0,273.0,208.0,1.0,722.0,138.0,1
12.0,6271.0,208.0,109.0,6.0,401.0,51.0,1
12.0,4746.0,29.0,197.0,1.0,300.0,85.0,1
5.0,1155.0,16.0,147.0,4.0,1312.0,71.0,1
16.0,2658.0,80.0,58.0,4.0,1160.0,147.0,1
5.0,2556.0,197.0,96.0,1.0,780.0,175.0,1
12.0,3072.0,184.0,268.0,1.0,645.0,74.0,1
4.0,1069.0,153.0,96.0,7.0,900.0,292.0,1
17.0,2816.0,100.0,217.0,3.0,390.0,96.0,1
2.0,581.0,264.0,214.0,6.0,405.0,157.0,1
15.0,1003.0,104.0,277.0,1.0,825.0,60.0,1
15.0,3504.0,277.0,198.0,4.0,500.0,105.0,1
15.0,1537.0,153.0,243.0,7.0,750.0,65.0,1
6.0,5148.0,16.0,58.0,6.0,1055.0,110.0,1
12.0,6467.0,79.0,179.0,6.0,1153.0,170.0,1
10.0,4661.0,159.0,16.0,7.0,1020.0,160.0,1
15.0,249.0,154.0,244.0,5.0,490.0,165.0,1
10.0,4430.0,233.0,78.0,7.0,815.0,55.0,1
4.0,320.0,135.0,217.0,5.0,870.0,175.0,1
13.0,848.0,79.0,135.0,5.0,756.0,144.0,1
5.0,1691.0,16.0,277.0,5.0,1370.0,82.0,1
1.0,1263.0,183.0,135.0,6.0,455.0,175.0,1
17.0,2672.0,221.0,60.0,6.0,730.0,93.0,1
16.0,2788.0,60.0,135.0,7.0,1001.0,177.0,1
0.0,3652.0,96.0,16.0,6.0,937.0,155.0,1
15.0,2038.0,45.0,129.0,4.0,1060.0,220.0,1
16.0,3151.0,285.0,135.0,4.0,710.0,139.0,1
12.0,7015.0,208.0,162.0,3.0,1210.0,107.0,1
1.0,627.0,35.0,183.0,6.0,550.0,210.0,1
1.0,476.0,183.0,173.0,5.0,810.0,60.0,1
14.0,491.0,79.0,217.0,3.0,1100.0,117.0,1
7.0,466.0,184.0,219.0,5.0,458.0,165.0,1
11.0,6560.0,208.0,148.0,4.0,360.0,133.0,1
14.0,1497.0,198.0,60.0,1.0,460.0,106.0,1
14.0,658.0,253.0,216.0,3.0,665.0,315.0,1
8.0,1135.0,277.0,238.0,6.0,1189.0,151.0,1
2.0,454.0,252.0,154.0,5.0,360.0,150.0,1
15.0,337.0,2.0,173.0,7.0,920.0,200.0,1
16.0,2434.0,135.0,223.0,1.0,600.0,83.0,1
0.0,3894.0,197.0,76.0,7.0,610.0,112.0,1
5.0,1957.0,261.0,252.0,7.0,1211.0,134.0,1
3.0,133.0,148.0,241.0,3.0,415.0,192.0,1
10.0,3827.0,16.0,208.0,6.0,705.0,120.0,1
17.0,7249.0,208.0,60.0,6.0,666.0,109.0,1
16.0,2670.0,209.0,96.0,6.0,820.0,84.0,1
8.0,926.0,16.0,172.0,7.0,525.0,134.0,1
3.0,241.0,202.0,160.0,5.0,1215.0,76.0,1
13.0,560.0,253.0,261.0,5.0,790.0,112.0,1
14.0,876.0,45.0,60.0,3.0,535.0,96.0,1
17.0,2878.0,280.0,217.0,6.0,685.0,51.0,1
10.0,4186.0,166.0,208.0,3.0,425.0,70.0,1
6.0,7306.0,85.0,147.0,3.0,535.0,148.0,1
1.0,1596.0,214.0,80.0,3.0,360.0,225.0,1
5.0,2356.0,233.0,85.0,6.0,355.0,125.0,1
11.0,6577.0,148.0,208.0,7.0,585.0,177.0,1
6.0,7373.0,177.0,116.0,4.0,1180.0,76.0,1
1.0,817.0,80.0,44.0,3.0,565.0,205.0,1
2.0,371.0,262.0,252.0,6.0,420.0,112.0,1
15.0,1218.0,153.0,202.0,5.0,475.0,90.0,1
8.0,652.0,244.0,16.0,6.0,1025.0,135.0,1
5.0,2157.0,261.0,252.0,1.0,686.0,131.0,1
5.0,2499.0,197.0,217.0,5.0,545.0,207.0,1
12.0,6604.0,79.0,16.0,5.0,611.0,174.0,1
10.0,4593.0,159.0,233.0,6.0,820.0,105.0,1
8.0,23.0,175.0,16.0,1.0,627.0,106.0,1
15.0,1451.0,217.0,27.0,5.0,960.0,195.0,1
17.0,7260.0,208.0,172.0,6.0,1225.0,87.0,1
3.0,65.0,238.0,148.0,4.0,939.0,81.0,1
15.0,1030.0,251.0,173.0,7.0,990.0,125.0,1
12.0,4491.0,243.0,154.0,5.0,1195.0,49.0,1
15.0,2020.0,111.0,34.0,5.0,945.0,60.0,1
3.0,777.0,35.0,153.0,3.0,1176.0,361.0,1
10.0,2965.0,165.0,80.0,7.0,460.0,85.0,1
10.0,4085.0,0.0,208.0,3.0,755.0,140.0,1
6.0,5165.0,16.0,33.0,4.0,450.0,69.0,1
15.0,121.0,154.0,175.0,4.0,1080.0,230.0,1
5.0,1144.0,16.0,182.0,3.0,1233.0,150.0,1
15.0,369.0,202.0,44.0,6.0,785.0,65.0,1
12.0,6585.0,72.0,208.0,6.0,1091.0,68.0,1
10.0,3478.0,162.0,80.0,5.0,605.0,80.0,1
15.0,1715.0,202.0,154.0,7.0,790.0,70.0,1
8.0,100.0,80.0,16.0,7.0,385.0,125.0,1
1.0,1267.0,183.0,260.0,3.0,1000.0,150.0,1
14.0,1670.0,104.0,60.0,1.0,785.0,118.0,1
13.0,220.0,253.0,134.0,4.0,980.0,303.0,1
5.0,2128.0,173.0,85.0,7.0,825.0,160.0,1
12.0,6964.0,232.0,214.0,5.0,345.0,58.0,1
15.0,3165.0,214.0,261.0,5.0,600.0,105.0,1
15.0,1860.0,129.0,170.0,5.0,1055.0,85.0,1
15.0,20.0,153.0,243.0,1.0,890.0,65.0,1
15.0,467.0,172.0,217.0,3.0,950.0,185.0,1
4.0,137.0,135.0,154.0,3.0,865.0,220.0,1
6.0,5156.0,146.0,16.0,4.0,850.0,85.0,1
5.0,1247.0,186.0,16.0,3.0,674.0,101.0,1
3.0,405.0,35.0,243.0,4.0,590.0,378.0,1
14.0,638.0,80.0,217.0,3.0,735.0,162.0,1
6.0,7323.0,32.0,16.0,5.0,360.0,115.0,1
14.0,1702.0,60.0,22.0,7.0,980.0,114.0,1
9.0,236.0,128.0,203.0,5.0,1027.0,37.0,1
16.0,2264.0,16.0,135.0,6.0,460.0,137.0,1
13.0,264.0,79.0,216.0,3.0,609.0,214.0,1
1.0,690.0,183.0,233.0,3.0,1235.0,120.0,1
5.0,1837.0,223.0,16.0,6.0,1103.0,81.0,1
0.0,4272.0,87.0,177.0,5.0,360.0,90.0,1
11.0,6607.0,85.0,119.0,5.0,940.0,59.0,1
16.0,3064.0,54.0,96.0,6.0,722.0,115.0,1
12.0,4618.0,79.0,261.0,7.0,955.0,89.0,1
5.0,2644.0,243.0,197.0,5.0,870.0,222.0,1
12.0,6877.0,254.0,79.0,3.0,1161.0,131.0,1
5.0,2490.0,197.0,16.0,7.0,785.0,153.0,1
6.0,5358.0,16.0,273.0,1.0,785.0,125.0,1
6.0,4992.0,16.0,36.0,4.0,671.0,72.0,1
14.0,1083.0,78.0,147.0,7.0,850.0,123.0,1
5.0,2406.0,253.0,197.0,7.0,725.0,229.0,1
5.0,1269.0,33.0,16.0,1.0,777.0,69.0,1
11.0,6645.0,85.0,157.0,1.0,825.0,79.0,1
11.0,6399.0,16.0,132.0,5.0,1130.0,69.0,1
5.0,2772.0,197.0,230.0,4.0,1325.0,99.0,1
4.0,1661.0,217.0,135.0,5.0,860.0,154.0,1
11.0,6367.0,16.0,71.0,3.0,725.0,87.0,1
14.0,1041.0,269.0,60.0,3.0,1060.0,229.0,1
4.0,1434.0,217.0,96.0,5.0,720.0,276.0,1
15.0,317.0,175.0,79.0,4.0,365.0,170.0,1
15.0,2268.0,217.0,202.0,6.0,1170.0,125.0,1
1.0,730.0,208.0,104.0,4.0,935.0,180.0,1
1.0,863.0,183.0,260.0,1.0,760.0,145.0,1
10.0,2969.0,80.0,1.0,7.0,1255.0,50.0,1
16.0,2464.0,234.0,96.0,4.0,625.0,72.0,1
10.0,2748.0,80.0,121.0,3.0,475.0,125.0,1
13.0,325.0,233.0,208.0,4.0,1077.0,140.0,1
15.0,1117.0,279.0,129.0,1.0,465.0,95.0,1
15.0,2450.0,264.0,253.0,5.0,935.0,80.0,1
10.0,3241.0,162.0,80.0,7.0,1025.0,80.0,1
0.0,4028.0,233.0,85.0,3.0,568.0,117.0,1
12.0,4703.0,261.0,154.0,4.0,1010.0,114.0,1
12.0,6706.0,214.0,79.0,6.0,360.0,146.0,1
2.0,505.0,264.0,252.0,3.0,1200.0,163.0,1
8.0,716.0,48.0,173.0,5.0,801.0,145.0,1
6.0,7106.0,134.0,61.0,3.0,1336.0,75.0,1
16.0,2261.0,135.0,10.0,7.0,1290.0,50.0,1
1.0,1705.0,80.0,197.0,3.0,785.0,135.0,1
2.0,329.0,258.0,252.0,6.0,1135.0,124.0,1
5.0,2227.0,16.0,104.0,3.0,965.0,114.0,1
1.0,1888.0,80.0,147.0,1.0,410.0,125.0,1
8.0,124.0,277.0,16.0,3.0,1125.0,95.0,1
16.0,2533.0,85.0,96.0,3.0,685.0,104.0,1
8.0,926.0,16.0,172.0,6.0,545.0,129.0,1
1.0,1592.0,80.0,173.0,6.0,746.0,145.0,1
17.0,7293.0,134.0,76.0,5.0,503.0,86.0,1
12.0,6672.0,265.0,208.0,5.0,1107.0,58.0,1
17.0,2677.0,245.0,60.0,7.0,667.0,74.0,1
15.0,1252.0,228.0,173.0,3.0,705.0,185.0,1
5.0,1859.0,148.0,16.0,1.0,495.0,163.0,1
17.0,2935.0,264.0,217.0,4.0,1070.0,81.0,1
16.0,3085.0,228.0,96.0,3.0,620.0,68.0,1
6.0,4967.0,16.0,32.0,3.0,1045.0,106.0,1
15.0,647.0,75.0,2.0,4.0,745.0,110.0,1
5.0,2052.0,198.0,16.0,3.0,375.0,95.0,1
15.0,387.0,207.0,217.0,6.0,545.0,65.0,1
15.0,570.0,153.0,253.0,7.0,1140.0,95.0,1
7.0,427.0,16.0,79.0,4.0,1135.0,210.0,1
12.0,6941.0,208.0,65.0,5.0,1079.0,153.0,1
1.0,367.0,104.0,80.0,7.0,505.0,195.0,1
15.0,1715.0,18.0,75.0,5.0,1195.0,55.0,1
10.0,4616.0,233.0,159.0,4.0,490.0,90.0,1
14.0,1069.0,216.0,241.0,1.0,1080.0,181.0,1
4.0,110.0,58.0,96.0,5.0,1016.0,103.0,1
5.0,1217.0,85.0,153.0,1.0,1055.0,270.0,1
5.0,2848.0,104.0,22.0,4.0,725.0,178.0,1
14.0,796.0,154.0,216.0,1.0,670.0,305.0,1
15.0,2748.0,44.0,217.0,7.0,1155.0,80.0,1
12.0,6768.0,99.0,79.0,6.0,1022.0,122.0,1
8.0,331.0,216.0,16.0,3.0,350.0,145.0,1
3.0,1264.0,18.0,35.0,1.0,985.0,218.0,1
9.0,266.0,128.0,203.0,7.0,1045.0,37.0,1
6.0,5046.0,16.0,11.0,1.0,615.0,69.0,1
16.0,5936.0,17.0,208.0,4.0,565.0,55.0,1
15.0,311.0,204.0,217.0,3.0,420.0,155.0,1
16.0,2656.0,16.0,96.0,7.0,1165.0,137.0,1
4.0,1445.0,58.0,135.0,4.0,1255.0,184.0,1
3.0,139.0,148.0,241.0,5.0,990.0,203.0,1
14.0,1157.0,85.0,216.0,5.0,425.0,99.0,1
1.0,324.0,80.0,33.0,6.0,1315.0,95.0,1
8.0,272.0,16.0,35.0,5.0,525.0,147.0,1
5.0,2391.0,16.0,277.0,3.0,910.0,92.0,1
10.0,3926.0,208.0,265.0,4.0,775.0,50.0,1
6.0,5263.0,16.0,130.0,7.0,513.0,147.0,1
1.0,1001.0,208.0,227.0,6.0,970.0,255.0,1
16.0,2075.0,2.0,135.0,3.0,783.0,119.0,1
15.0,406.0,217.0,216.0,5.0,685.0,270.0,1
5.0,2594.0,16.0,216.0,7.0,960.0,129.0,1
0.0,3959.0,85.0,175.0,3.0,455.0,87.0,1
15.0,317.0,175.0,79.0,3.0,365.0,170.0,1
12.0,6705.0,135.0,208.0,6.0,750.0,151.0,1
12.0,4702.0,160.0,261.0,6.0,756.0,105.0,1
13.0,15.0,148.0,253.0,6.0,870.0,403.0,1
1.0,1480.0,35.0,208.0,3.0,645.0,170.0,1
15.0,2801.0,277.0,213.0,5.0,735.0,55.0,1
12.0,4720.0,197.0,112.0,4.0,790.0,75.0,1
14.0,1525.0,60.0,79.0,3.0,564.0,223.0,1
14.0,1033.0,22.0,60.0,7.0,1025.0,132.0,1
15.0,452.0,75.0,18.0,1.0,490.0,55.0,1
4.0,1844.0,135.0,58.0,3.0,870.0,162.0,1
13.0,290.0,262.0,134.0,6.0,450.0,295.0,1
1.0,509.0,85.0,80.0,4.0,385.0,185.0,1
15.0,1202.0,104.0,22.0,3.0,800.0,185.0,1
5.0,2360.0,183.0,16.0,7.0,770.0,120.0,1
12.0,6395.0,208.0,34.0,3.0,1200.0,223.0,1
15.0,1923.0,280.0,2.0,5.0,910.0,60.0,1
8.0,488.0,173.0,45.0,3.0,580.0,126.0,1
3.0,680.0,78.0,35.0,5.0,600.0,80.0,1
15.0,1677.0,154.0,253.0,5.0,1240.0,75.0,1
4.0,361.0,217.0,135.0,4.0,360.0,150.0,1
1.0,857.0,173.0,80.0,3.0,555.0,180.0,1
3.0,670.0,154.0,148.0,3.0,450.0,309.0,1
5.0,2655.0,177.0,252.0,7.0,524.0,291.0,1
0.0,4285.0,204.0,197.0,5.0,941.0,131.0,1
12.0,6452.0,154.0,280.0,7.0,720.0,84.0,1
15.0,1334.0,262.0,217.0,5.0,725.0,105.0,1
13.0,871.0,172.0,79.0,1.0,372.0,118.0,1
15.0,2705.0,45.0,61.0,5.0,1210.0,80.0,1
16.0,3081.0,42.0,96.0,7.0,376.0,74.0,1
14.0,2171.0,159.0,78.0,3.0,660.0,76.0,1
1.0,14.0,203.0,154.0,6.0,1365.0,300.0,1
5.0,1836.0,85.0,45.0,7.0,945.0,104.0,1
15.0,2339.0,198.0,268.0,6.0,795.0,105.0,1
15.0,508.0,173.0,22.0,3.0,575.0,155.0,1
1.0,59.0,148.0,253.0,1.0,420.0,405.0,1
10.0,4322.0,195.0,208.0,4.0,1145.0,65.0,1
17.0,2823.0,217.0,280.0,5.0,790.0,56.0,1
15.0,1124.0,153.0,204.0,4.0,655.0,140.0,1
6.0,7378.0,79.0,71.0,6.0,360.0,157.0,1
10.0,4390.0,159.0,85.0,4.0,1070.0,130.0,1
15.0,826.0,214.0,34.0,7.0,960.0,65.0,1
17.0,7305.0,134.0,172.0,5.0,506.0,167.0,1
17.0,2845.0,91.0,217.0,5.0,510.0,99.0,1
4.0,1695.0,135.0,154.0,6.0,782.0,217.0,1
12.0,6860.0,2.0,79.0,1.0,604.0,76.0,1
5.0,2098.0,244.0,16.0,4.0,1052.0,137.0,1
10.0,4099.0,208.0,20.0,1.0,630.0,110.0,1
6.0,5395.0,10.0,16.0,3.0,684.0,100.0,1
16.0,2710.0,58.0,78.0,5.0,1150.0,75.0,1
1.0,1712.0,207.0,80.0,5.0,695.0,170.0,1
15.0,43.0,75.0,129.0,1.0,1020.0,60.0,1
6.0,7084.0,208.0,76.0,1.0,460.0,66.0,1
6.0,5428.0,158.0,177.0,5.0,380.0,83.0,1
5.0,2074.0,173.0,197.0,5.0,728.0,207.0,1
1.0,270.0,128.0,154.0,5.0,500.0,330.0,1
10.0,4167.0,208.0,61.0,6.0,1180.0,75.0,1
15.0,394.0,268.0,85.0,7.0,1080.0,90.0,1
1.0,1644.0,153.0,80.0,6.0,915.0,160.0,1
5.0,2590.0,261.0,217.0,1.0,840.0,98.0,1
5.0,1645.0,78.0,85.0,5.0,588.0,99.0,1
15.0,2885.0,280.0,243.0,7.0,705.0,75.0,1
16.0,2148.0,33.0,96.0,5.0,725.0,129.0,1
2.0,190.0,98.0,14.0,4.0,1050.0,64.0,1
0.0,3951.0,184.0,177.0,6.0,1000.0,127.0,1
1.0,689.0,209.0,80.0,3.0,380.0,220.0,1
10.0,2744.0,80.0,101.0,4.0,1140.0,150.0,1
13.0,44.0,203.0,154.0,5.0,815.0,330.0,1
15.0,719.0,43.0,45.0,4.0,905.0,70.0,1
10.0,3702.0,208.0,79.0,3.0,735.0,160.0,1
1.0,819.0,205.0,80.0,1.0,935.0,115.0,1
12.0,6416.0,253.0,2.0,4.0,904.0,137.0,1
15.0,136.0,153.0,252.0,5.0,750.0,165.0,1
12.0,6538.0,79.0,137.0,6.0,1144.0,98.0,1
4.0,545.0,96.0,233.0,4.0,915.0,100.0,1
1.0,1716.0,217.0,80.0,6.0,585.0,140.0,1
0.0,3689.0,85.0,175.0,5.0,600.0,85.0,1
15.0,866.0,258.0,154.0,3.0,880.0,70.0,1
1.0,1303.0,277.0,80.0,7.0,500.0,170.0,1
15.0,1031.0,243.0,262.0,5.0,470.0,100.0,1
15.0,2024.0,173.0,233.0,6.0,490.0,95.0,1
11.0,6466.0,71.0,159.0,6.0,585.0,122.0,1
5.0,2336.0,148.0,197.0,4.0,955.0,210.0,1
15.0,3308.0,18.0,202.0,6.0,1070.0,240.0,1
13.0,425.0,134.0,244.0,3.0,495.0,239.0,1
15.0,986.0,264.0,153.0,3.0,1240.0,60.0,1
15.0,1772.0,243.0,280.0,3.0,480.0,70.0,1
15.0,729.0,236.0,202.0,3.0,545.0,55.0,1
1.0,1402.0,80.0,60.0,7.0,1190.0,140.0,1
16.0,2997.0,197.0,96.0,1.0,360.0,158.0,1
12.0,6331.0,65.0,253.0,1.0,408.0,184.0,1
10.0,4271.0,208.0,233.0,3.0,600.0,120.0,1
8.0,259.0,16.0,106.0,1.0,615.0,122.0,1
10.0,4590.0,197.0,159.0,6.0,375.0,164.0,1
16.0,5957.0,208.0,117.0,1.0,789.0,53.0,1
3.0,684.0,78.0,35.0,1.0,855.0,83.0,1
12.0,6758.0,18.0,79.0,7.0,1165.0,137.0,1
17.0,7273.0,60.0,208.0,6.0,539.0,129.0,1
9.0,280.0,203.0,150.0,1.0,935.0,32.0,1
10.0,4237.0,208.0,195.0,7.0,1065.0,55.0,1
12.0,4818.0,261.0,79.0,6.0,585.0,85.0,1
16.0,3127.0,135.0,155.0,4.0,1100.0,100.0,1
1.0,359.0,80.0,264.0,6.0,455.0,195.0,1
10.0,4144.0,208.0,62.0,7.0,995.0,50.0,1
13.0,241.0,208.0,252.0,7.0,715.0,273.0,1
12.0,6337.0,114.0,79.0,1.0,767.0,57.0,1
1.0,114.0,154.0,96.0,6.0,495.0,325.0,1
10.0,4226.0,77.0,208.0,4.0,1040.0,60.0,1
5.0,1156.0,175.0,16.0,4.0,480.0,114.0,1
15.0,3401.0,79.0,244.0,5.0,665.0,130.0,1
10.0,2718.0,84.0,80.0,7.0,605.0,125.0,1
17.0,1027.0,203.0,128.0,1.0,890.0,32.0,1
1.0,1915.0,80.0,261.0,6.0,735.0,175.0,1
13.0,87.0,153.0,154.0,7.0,752.0,79.0,1
10.0,2903.0,288.0,80.0,4.0,420.0,140.0,1
12.0,6282.0,144.0,154.0,5.0,741.0,56.0,1
15.0,1134.0,175.0,207.0,7.0,705.0,265.0,1
15.0,2105.0,198.0,175.0,5.0,1010.0,135.0,1
15.0,758.0,75.0,162.0,1.0,380.0,60.0,1
17.0,7269.0,16.0,134.0,3.0,1158.0,110.0,1
2.0,524.0,252.0,44.0,6.0,1167.0,147.0,1
5.0,2913.0,197.0,85.0,7.0,615.0,105.0,1
8.0,524.0,277.0,45.0,6.0,1125.0,130.0,1
10.0,4528.0,58.0,159.0,4.0,1010.0,100.0,1
12.0,6277.0,154.0,252.0,7.0,985.0,165.0,1
12.0,6563.0,15.0,79.0,4.0,825.0,45.0,1
12.0,6621.0,111.0,79.0,6.0,693.0,136.0,1
3.0,660.0,173.0,273.0,6.0,1180.0,152.0,1
16.0,2294.0,68.0,135.0,4.0,1156.0,62.0,1
14.0,1430.0,147.0,60.0,7.0,1035.0,79.0,1
13.0,315.0,80.0,79.0,3.0,560.0,136.0,1
2.0,665.0,80.0,252.0,3.0,420.0,267.0,1
4.0,417.0,135.0,243.0,1.0,645.0,215.0,1
12.0,4476.0,261.0,111.0,1.0,915.0,106.0,1
12.0,4550.0,205.0,261.0,7.0,1064.0,145.0,1
15.0,388.0,217.0,243.0,3.0,530.0,70.0,1
17.0,7285.0,209.0,208.0,6.0,838.0,141.0,1
5.0,319.0,16.0,233.0,6.0,900.0,87.0,1
0.0,4076.0,25.0,85.0,1.0,745.0,99.0,1
2.0,581.0,264.0,214.0,4.0,405.0,157.0,1
15.0,691.0,198.0,75.0,1.0,985.0,85.0,1
15.0,3920.0,204.0,79.0,7.0,755.0,100.0,1
12.0,3047.0,184.0,221.0,6.0,940.0,85.0,1
7.0,265.0,264.0,79.0,5.0,405.0,145.0,1
15.0,1571.0,79.0,172.0,6.0,675.0,95.0,1
6.0,7350.0,177.0,204.0,7.0,1165.0,90.0,1
16.0,2250.0,228.0,96.0,5.0,797.0,88.0,1
12.0,7030.0,187.0,208.0,1.0,796.0,55.0,1
15.0,532.0,217.0,175.0,3.0,375.0,200.0,1
14.0,722.0,208.0,216.0,1.0,960.0,123.0,1
16.0,5956.0,208.0,117.0,5.0,1280.0,52.0,1
5.0,1604.0,264.0,261.0,3.0,785.0,108.0,1
10.0,4348.0,290.0,208.0,7.0,675.0,105.0,1
13.0,643.0,96.0,208.0,4.0,762.0,153.0,1
12.0,6298.0,153.0,154.0,6.0,791.0,79.0,1
16.0,5997.0,208.0,56.0,5.0,730.0,54.0,1
1.0,324.0,80.0,33.0,3.0,1315.0,95.0,1
12.0,6628.0,27.0,79.0,7.0,902.0,190.0,1
14.0,590.0,217.0,172.0,4.0,595.0,160.0,1
10.0,4176.0,61.0,208.0,1.0,360.0,80.0,1
8.0,428.0,16.0,223.0,3.0,610.0,79.0,1
16.0,2889.0,280.0,135.0,1.0,365.0,139.0,1
4.0,249.0,104.0,135.0,3.0,1075.0,164.0,1
5.0,1684.0,258.0,16.0,3.0,1360.0,262.0,1
12.0,4854.0,261.0,137.0,3.0,1010.0,55.0,1
0.0,4300.0,223.0,177.0,6.0,681.0,93.0,1
0.0,3879.0,16.0,109.0,6.0,788.0,95.0,1
13.0,532.0,79.0,208.0,1.0,368.0,141.0,1
10.0,3720.0,208.0,16.0,7.0,1265.0,120.0,1
5.0,1605.0,85.0,173.0,4.0,500.0,175.0,1
11.0,6776.0,173.0,233.0,6.0,845.0,105.0,1
2.0,688.0,214.0,258.0,7.0,940.0,104.0,1
11.0,6551.0,71.0,33.0,3.0,670.0,70.0,1
12.0,4494.0,28.0,261.0,5.0,1020.0,79.0,1
16.0,3028.0,209.0,96.0,1.0,1005.0,89.0,1
12.0,6695.0,79.0,91.0,7.0,605.0,109.0,1
10.0,3287.0,41.0,80.0,3.0,825.0,90.0,1
15.0,567.0,216.0,277.0,1.0,990.0,175.0,1
14.0,960.0,33.0,60.0,5.0,780.0,74.0,1
17.0,7237.0,208.0,84.0,5.0,790.0,72.0,1
6.0,5068.0,146.0,16.0,4.0,543.0,78.0,1
5.0,2333.0,197.0,261.0,4.0,1030.0,184.0,1
12.0,4792.0,261.0,236.0,3.0,535.0,88.0,1
14.0,287.0,217.0,258.0,6.0,1084.0,116.0,1
12.0,6347.0,208.0,17.0,6.0,905.0,50.0,1
16.0,2886.0,13.0,135.0,5.0,989.0,99.0,1
15.0,250.0,173.0,268.0,3.0,470.0,155.0,1
11.0,6571.0,17.0,85.0,3.0,840.0,81.0,1
17.0,2727.0,217.0,91.0,3.0,590.0,80.0,1
14.0,1125.0,60.0,135.0,7.0,570.0,168.0,1
17.0,7271.0,221.0,134.0,5.0,615.0,62.0,1
4.0,1724.0,205.0,135.0,1.0,420.0,145.0,1
15.0,1784.0,45.0,159.0,6.0,590.0,60.0,1
3.0,49.0,148.0,213.0,4.0,489.0,176.0,1
12.0,4608.0,261.0,252.0,4.0,905.0,130.0,1
14.0,2132.0,159.0,35.0,5.0,900.0,72.0,1
5.0,721.0,197.0,16.0,4.0,1116.0,156.0,1
6.0,4950.0,16.0,157.0,4.0,730.0,74.0,1
12.0,6273.0,111.0,252.0,3.0,700.0,72.0,1
11.0,6520.0,159.0,27.0,4.0,1290.0,165.0,1
1.0,711.0,104.0,208.0,4.0,725.0,200.0,1
15.0,134.0,243.0,79.0,4.0,395.0,140.0,1
0.0,4079.0,254.0,177.0,5.0,695.0,68.0,1
10.0,3515.0,80.0,162.0,6.0,840.0,65.0,1
15.0,1252.0,244.0,79.0,7.0,1075.0,145.0,1
1.0,1204.0,80.0,233.0,5.0,860.0,150.0,1
6.0,5445.0,182.0,85.0,4.0,749.0,130.0,1
1.0,835.0,139.0,80.0,6.0,900.0,145.0,1
5.0,345.0,22.0,173.0,5.0,869.0,171.0,1
6.0,5217.0,132.0,16.0,1.0,632.0,58.0,1
15.0,771.0,202.0,44.0,4.0,1100.0,65.0,1
17.0,7291.0,134.0,159.0,5.0,434.0,75.0,1
15.0,327.0,252.0,175.0,5.0,825.0,250.0,1
0.0,4022.0,87.0,177.0,1.0,980.0,90.0,1
0.0,3755.0,272.0,85.0,3.0,360.0,120.0,1
17.0,7273.0,238.0,208.0,7.0,1143.0,119.0,1
12.0,6697.0,145.0,79.0,3.0,1032.0,73.0,1
13.0,351.0,221.0,208.0,5.0,982.0,103.0,1
5.0,1621.0,85.0,277.0,3.0,824.0,167.0,1
14.0,836.0,216.0,147.0,3.0,1095.0,142.0,1
10.0,3297.0,80.0,285.0,1.0,605.0,115.0,1
13.0,815.0,79.0,154.0,5.0,1290.0,159.0,1
1.0,1800.0,217.0,80.0,5.0,740.0,135.0,1
15.0,160.0,262.0,207.0,4.0,835.0,75.0,1
14.0,127.0,184.0,217.0,4.0,420.0,249.0,1
8.0,511.0,80.0,184.0,4.0,941.0,135.0,1
12.0,4770.0,261.0,67.0,3.0,1303.0,70.0,1
14.0,657.0,216.0,253.0,6.0,460.0,384.0,1
13.0,258.0,79.0,208.0,4.0,1302.0,136.0,1
14.0,801.0,60.0,173.0,3.0,470.0,97.0,1
15.0,723.0,182.0,45.0,1.0,870.0,100.0,1
12.0,6435.0,244.0,154.0,7.0,389.0,201.0,1
1.0,1344.0,80.0,268.0,3.0,825.0,95.0,1
12.0,4616.0,65.0,197.0,6.0,660.0,135.0,1
0.0,3891.0,175.0,85.0,5.0,420.0,84.0,1
15.0,628.0,45.0,27.0,3.0,865.0,135.0,1
9.0,335.0,203.0,128.0,6.0,980.0,34.0,1
15.0,1186.0,173.0,175.0,6.0,1065.0,175.0,1
15.0,204.0,45.0,268.0,5.0,1155.0,145.0,1
9.0,226.0,128.0,203.0,7.0,889.0,39.0,1
6.0,5413.0,17.0,16.0,6.0,390.0,138.0,1
14.0,644.0,217.0,207.0,3.0,1080.0,71.0,1
4.0,35.0,135.0,18.0,3.0,925.0,52.0,1
10.0,3322.0,120.0,80.0,3.0,390.0,200.0,1
4.0,498.0,79.0,135.0,7.0,887.0,138.0,1
2.0,592.0,214.0,227.0,6.0,940.0,137.0,1
12.0,4696.0,202.0,261.0,4.0,609.0,107.0,1
1.0,444.0,244.0,208.0,5.0,435.0,165.0,1
15.0,742.0,261.0,79.0,5.0,1120.0,80.0,1
4.0,682.0,135.0,35.0,7.0,965.0,221.0,1
12.0,6436.0,154.0,2.0,7.0,1234.0,108.0,1
16.0,2464.0,234.0,96.0,5.0,625.0,72.0,1
6.0,7336.0,147.0,85.0,3.0,1099.0,147.0,1
14.0,1195.0,217.0,243.0,7.0,890.0,71.0,1
15.0,1001.0,172.0,75.0,1.0,880.0,95.0,1
9.0,332.0,128.0,143.0,6.0,425.0,50.0,1
6.0,5552.0,16.0,285.0,1.0,950.0,55.0,1
10.0,4303.0,204.0,208.0,4.0,905.0,130.0,1
6.0,7074.0,12.0,208.0,7.0,855.0,149.0,1
15.0,28.0,172.0,175.0,7.0,975.0,85.0,1
14.0,2168.0,78.0,159.0,1.0,660.0,68.0,1
12.0,6972.0,154.0,252.0,6.0,795.0,167.0,1
5.0,2891.0,214.0,261.0,3.0,450.0,113.0,1
16.0,2094.0,85.0,96.0,4.0,385.0,97.0,1
6.0,7375.0,121.0,16.0,3.0,1160.0,73.0,1
2.0,313.0,253.0,252.0,4.0,1050.0,120.0,1
10.0,2805.0,239.0,80.0,6.0,635.0,85.0,1
10.0,2958.0,129.0,80.0,7.0,615.0,65.0,1
17.0,2694.0,217.0,18.0,7.0,965.0,132.0,1
12.0,4778.0,261.0,205.0,5.0,1215.0,143.0,1
5.0,1601.0,35.0,16.0,5.0,885.0,174.0,1
16.0,2665.0,85.0,96.0,5.0,1190.0,109.0,1
3.0,735.0,148.0,37.0,6.0,355.0,215.0,1
5.0,2035.0,184.0,16.0,4.0,990.0,130.0,1
10.0,4567.0,159.0,33.0,7.0,500.0,155.0,1
14.0,2140.0,159.0,35.0,5.0,1140.0,73.0,1
16.0,2437.0,233.0,135.0,7.0,515.0,184.0,1
12.0,6979.0,208.0,107.0,7.0,1021.0,101.0,1
15.0,468.0,34.0,236.0,1.0,555.0,65.0,1
15.0,679.0,277.0,129.0,6.0,670.0,145.0,1
12.0,6670.0,248.0,253.0,1.0,413.0,65.0,1
4.0,1506.0,135.0,277.0,6.0,1160.0,119.0,1
12.0,6302.0,227.0,154.0,3.0,971.0,44.0,1
5.0,2583.0,16.0,261.0,1.0,500.0,265.0,1
12.0,6349.0,205.0,79.0,6.0,999.0,100.0,1
1.0,2556.0,153.0,148.0,1.0,655.0,310.0,1
5.0,2405.0,216.0,85.0,4.0,350.0,115.0,1
15.0,458.0,202.0,207.0,7.0,420.0,70.0,1
8.0,990.0,16.0,221.0,5.0,1040.0,97.0,1
15.0,406.0,252.0,153.0,5.0,360.0,140.0,1
6.0,5343.0,119.0,16.0,5.0,365.0,130.0,1
13.0,181.0,35.0,253.0,1.0,889.0,408.0,1
5.0,2037.0,85.0,172.0,4.0,915.0,131.0,1
16.0,2459.0,60.0,135.0,6.0,755.0,169.0,1
3.0,325.0,22.0,104.0,5.0,440.0,197.0,1
10.0,4084.0,208.0,99.0,1.0,860.0,110.0,1
6.0,7305.0,132.0,177.0,5.0,385.0,67.0,1
10.0,4420.0,35.0,159.0,5.0,360.0,80.0,1
0.0,4081.0,148.0,233.0,3.0,565.0,130.0,1
14.0,75.0,217.0,252.0,5.0,875.0,186.0,1
7.0,847.0,139.0,79.0,7.0,405.0,169.0,1
6.0,5441.0,71.0,135.0,3.0,555.0,175.0,1
6.0,7334.0,27.0,16.0,5.0,960.0,73.0,1
12.0,6523.0,217.0,154.0,7.0,395.0,85.0,1
15.0,140.0,244.0,79.0,7.0,460.0,140.0,1
14.0,680.0,60.0,96.0,3.0,800.0,114.0,1
4.0,1707.0,277.0,135.0,6.0,910.0,139.0,1
15.0,413.0,258.0,154.0,5.0,675.0,70.0,1
5.0,2269.0,16.0,173.0,5.0,720.0,87.0,1
11.0,6399.0,120.0,16.0,4.0,1007.0,88.0,1
3.0,101.0,43.0,148.0,6.0,1180.0,87.0,1
12.0,6566.0,261.0,253.0,4.0,416.0,143.0,1
6.0,5276.0,52.0,16.0,3.0,520.0,60.0,1
3.0,916.0,208.0,148.0,4.0,960.0,137.0,1
14.0,1631.0,60.0,277.0,5.0,569.0,102.0,1
5.0,1675.0,177.0,217.0,3.0,562.0,212.0,1
5.0,1132.0,16.0,120.0,4.0,1215.0,78.0,1
8.0,752.0,132.0,45.0,3.0,995.0,110.0,1
6.0,5447.0,16.0,41.0,6.0,815.0,97.0,1
12.0,6986.0,208.0,281.0,4.0,510.0,60.0,1
13.0,49.0,154.0,203.0,6.0,1011.0,334.0,1
1.0,1669.0,80.0,264.0,3.0,525.0,195.0,1
10.0,4342.0,234.0,208.0,6.0,540.0,135.0,1
15.0,2810.0,262.0,252.0,5.0,605.0,120.0,1
6.0,5171.0,71.0,16.0,4.0,1135.0,98.0,1
17.0,1015.0,150.0,128.0,3.0,765.0,40.0,1
15.0,821.0,153.0,104.0,4.0,575.0,275.0,1
15.0,632.0,175.0,79.0,7.0,1290.0,165.0,1
6.0,5041.0,16.0,177.0,6.0,645.0,85.0,1
15.0,782.0,175.0,134.0,7.0,840.0,110.0,1
14.0,966.0,60.0,33.0,1.0,707.0,88.0,1
15.0,1132.0,18.0,217.0,1.0,410.0,160.0,1
16.0,2125.0,96.0,233.0,5.0,1275.0,104.0,1
0.0,3656.0,197.0,17.0,7.0,625.0,66.0,1
13.0,56.0,150.0,253.0,6.0,830.0,310.0,1
4.0,1834.0,96.0,252.0,6.0,700.0,353.0,1
12.0,6325.0,243.0,154.0,5.0,741.0,45.0,1
17.0,7244.0,208.0,229.0,5.0,825.0,127.0,1
12.0,6456.0,136.0,79.0,3.0,1216.0,94.0,1
13.0,927.0,268.0,253.0,3.0,1163.0,264.0,1
16.0,2758.0,91.0,135.0,4.0,989.0,106.0,1
15.0,663.0,154.0,175.0,3.0,720.0,230.0,1
16.0,2518.0,96.0,205.0,6.0,829.0,186.0,1
15.0,775.0,85.0,175.0,4.0,940.0,65.0,1
1.0,1776.0,80.0,216.0,7.0,405.0,185.0,1
14.0,1718.0,78.0,273.0,3.0,1280.0,67.0,1
4.0,1706.0,18.0,135.0,3.0,952.0,68.0,1
1.0,1235.0,80.0,264.0,3.0,1280.0,190.0,1
16.0,2515.0,135.0,131.0,5.0,1280.0,64.0,1
15.0,1566.0,214.0,262.0,3.0,1055.0,85.0,1
10.0,4149.0,208.0,285.0,4.0,570.0,95.0,1
12.0,6641.0,79.0,114.0,4.0,1112.0,53.0,1
5.0,1594.0,16.0,216.0,7.0,890.0,135.0,1
12.0,6636.0,79.0,58.0,7.0,1052.0,165.0,1
3.0,195.0,148.0,153.0,4.0,1140.0,359.0,1
6.0,5309.0,174.0,16.0,4.0,794.0,131.0,1
10.0,3659.0,183.0,120.0,3.0,1185.0,125.0,1
14.0,1270.0,221.0,216.0,5.0,460.0,80.0,1
1.0,1615.0,22.0,80.0,1.0,360.0,260.0,1
15.0,2198.0,268.0,58.0,4.0,540.0,95.0,1
4.0,193.0,173.0,96.0,5.0,395.0,150.0,1
6.0,5364.0,180.0,177.0,5.0,375.0,76.0,1
10.0,2719.0,80.0,285.0,5.0,475.0,115.0,1
14.0,1475.0,216.0,16.0,7.0,1230.0,138.0,1
5.0,1700.0,16.0,35.0,7.0,525.0,160.0,1
12.0,4520.0,261.0,102.0,7.0,1031.0,104.0,1
17.0,2609.0,60.0,33.0,3.0,800.0,90.0,1
0.0,3779.0,108.0,177.0,6.0,380.0,67.0,1
5.0,1798.0,104.0,159.0,6.0,900.0,179.0,1
12.0,6506.0,91.0,154.0,1.0,360.0,137.0,1
12.0,7017.0,79.0,65.0,5.0,1074.0,33.0,1
15.0,986.0,264.0,153.0,7.0,1240.0,60.0,1
1.0,1218.0,80.0,27.0,4.0,905.0,95.0,1
12.0,6904.0,252.0,214.0,1.0,991.0,48.0,1
8.0,563.0,32.0,16.0,1.0,692.0,98.0,1
6.0,5608.0,115.0,16.0,4.0,757.0,86.0,1
16.0,2038.0,195.0,58.0,5.0,960.0,78.0,1
1.0,1144.0,208.0,268.0,5.0,995.0,70.0,1
5.0,2462.0,154.0,148.0,6.0,810.0,330.0,1
15.0,2264.0,45.0,182.0,7.0,575.0,75.0,1
12.0,6922.0,79.0,199.0,5.0,1294.0,56.0,1
13.0,942.0,154.0,208.0,5.0,668.0,242.0,1
4.0,586.0,135.0,173.0,7.0,465.0,128.0,1
6.0,5357.0,16.0,190.0,1.0,890.0,79.0,1
1.0,1034.0,80.0,135.0,6.0,880.0,65.0,1
12.0,6457.0,253.0,264.0,1.0,765.0,88.0,1
14.0,2184.0,78.0,159.0,5.0,1140.0,85.0,1
13.0,861.0,35.0,134.0,3.0,1159.0,111.0,1
5.0,2694.0,16.0,216.0,7.0,743.0,129.0,1
8.0,82.0,104.0,16.0,3.0,857.0,116.0,1
7.0,624.0,85.0,79.0,7.0,1169.0,192.0,1
15.0,2447.0,202.0,243.0,6.0,1185.0,85.0,1
10.0,3297.0,80.0,285.0,7.0,605.0,115.0,1
5.0,2714.0,252.0,197.0,7.0,500.0,199.0,1
1.0,613.0,148.0,183.0,6.0,1075.0,200.0,1
1.0,546.0,80.0,183.0,4.0,1185.0,160.0,1
10.0,3778.0,208.0,78.0,7.0,550.0,105.0,1
6.0,5210.0,146.0,177.0,3.0,713.0,71.0,1
13.0,525.0,79.0,217.0,7.0,1305.0,121.0,1
17.0,7253.0,208.0,177.0,3.0,737.0,101.0,1
1.0,1910.0,154.0,153.0,1.0,705.0,75.0,1
6.0,5349.0,247.0,85.0,7.0,1043.0,67.0,1
13.0,258.0,79.0,204.0,6.0,1003.0,89.0,1
5.0,2745.0,85.0,253.0,4.0,540.0,332.0,1
1.0,1395.0,277.0,80.0,6.0,865.0,170.0,1
13.0,361.0,159.0,79.0,4.0,480.0,276.0,1
1.0,2258.0,244.0,80.0,6.0,375.0,65.0,1
5.0,1786.0,16.0,159.0,7.0,580.0,148.0,1
14.0,1231.0,85.0,60.0,5.0,1155.0,109.0,1
8.0,207.0,16.0,48.0,1.0,535.0,95.0,1
5.0,2530.0,46.0,197.0,6.0,360.0,138.0,1
14.0,1275.0,78.0,173.0,6.0,910.0,141.0,1
15.0,941.0,45.0,58.0,5.0,850.0,75.0,1
5.0,2298.0,267.0,16.0,3.0,420.0,105.0,1
6.0,5518.0,16.0,285.0,4.0,835.0,57.0,1
15.0,791.0,216.0,217.0,4.0,840.0,340.0,1
15.0,27.0,45.0,22.0,7.0,1235.0,65.0,1
4.0,301.0,96.0,104.0,7.0,809.0,179.0,1
11.0,6386.0,71.0,45.0,1.0,940.0,91.0,1
15.0,3230.0,33.0,129.0,3.0,995.0,130.0,1
0.0,4047.0,177.0,155.0,7.0,1185.0,123.0,1
1.0,2344.0,80.0,208.0,5.0,690.0,135.0,1
6.0,5195.0,16.0,167.0,7.0,650.0,86.0,1
17.0,2888.0,227.0,217.0,5.0,600.0,67.0,1
10.0,3898.0,78.0,208.0,1.0,750.0,125.0,1
15.0,2166.0,202.0,236.0,6.0,545.0,50.0,1
5.0,2898.0,119.0,85.0,4.0,729.0,58.0,1
15.0,1432.0,2.0,217.0,6.0,755.0,75.0,1
8.0,271.0,35.0,16.0,3.0,713.0,176.0,1
0.0,3840.0,21.0,85.0,3.0,920.0,60.0,1
16.0,3084.0,58.0,159.0,3.0,1020.0,97.0,1
12.0,4547.0,208.0,261.0,5.0,1105.0,205.0,1
3.0,635.0,35.0,253.0,5.0,1085.0,406.0,1
12.0,6907.0,135.0,208.0,7.0,733.0,151.0,1
5.0,133.0,148.0,253.0,5.0,1155.0,410.0,1
3.0,420.0,213.0,35.0,1.0,825.0,177.0,1
12.0,6454.0,195.0,208.0,3.0,380.0,55.0,1
14.0,1120.0,173.0,60.0,3.0,623.0,96.0,1
15.0,3110.0,243.0,202.0,4.0,880.0,85.0,1
12.0,7045.0,85.0,208.0,5.0,405.0,71.0,1
12.0,4454.0,102.0,197.0,7.0,840.0,160.0,1
14.0,1721.0,58.0,60.0,7.0,935.0,99.0,1
13.0,114.0,208.0,173.0,6.0,980.0,165.0,1
15.0,831.0,175.0,244.0,4.0,485.0,185.0,1
16.0,3006.0,38.0,135.0,1.0,340.0,70.0,1
5.0,2385.0,35.0,71.0,5.0,365.0,145.0,1
15.0,1475.0,44.0,153.0,6.0,540.0,60.0,1
1.0,411.0,80.0,264.0,4.0,815.0,200.0,1
5.0,2014.0,154.0,71.0,6.0,495.0,247.0,1
0.0,3782.0,85.0,20.0,4.0,880.0,89.0,1
5.0,2381.0,16.0,241.0,5.0,657.0,102.0,1
5.0,1745.0,85.0,197.0,1.0,815.0,113.0,1
5.0,2138.0,16.0,78.0,6.0,860.0,96.0,1
15.0,1770.0,268.0,197.0,7.0,705.0,95.0,1
8.0,708.0,76.0,16.0,5.0,456.0,108.0,1
5.0,1991.0,16.0,277.0,1.0,590.0,100.0,1
11.0,6322.0,177.0,61.0,1.0,860.0,93.0,1
10.0,2826.0,47.0,80.0,6.0,1070.0,180.0,1
10.0,2865.0,80.0,181.0,5.0,880.0,85.0,1
15.0,1050.0,233.0,45.0,5.0,840.0,60.0,1
1.0,623.0,45.0,80.0,6.0,1000.0,220.0,1
10.0,4293.0,52.0,208.0,4.0,660.0,105.0,1
2.0,76.0,149.0,252.0,5.0,795.0,134.0,1
15.0,998.0,175.0,45.0,5.0,985.0,110.0,1
13.0,195.0,153.0,208.0,7.0,1104.0,215.0,1
16.0,2797.0,228.0,96.0,4.0,1019.0,91.0,1
6.0,5467.0,16.0,285.0,5.0,701.0,51.0,1
3.0,1433.0,253.0,160.0,4.0,750.0,80.0,1
14.0,658.0,253.0,216.0,6.0,665.0,315.0,1
15.0,3844.0,175.0,134.0,6.0,485.0,105.0,1
15.0,3567.0,279.0,217.0,4.0,635.0,165.0,1
5.0,2684.0,183.0,78.0,1.0,633.0,146.0,1
15.0,1024.0,217.0,258.0,6.0,1130.0,115.0,1
2.0,866.0,150.0,252.0,7.0,840.0,337.0,1
16.0,2868.0,268.0,96.0,5.0,1020.0,145.0,1
12.0,4475.0,84.0,177.0,5.0,990.0,102.0,1
15.0,1062.0,251.0,45.0,5.0,1060.0,90.0,1
4.0,1120.0,96.0,35.0,1.0,510.0,90.0,1
5.0,1752.0,16.0,134.0,5.0,1310.0,109.0,1
15.0,406.0,153.0,217.0,3.0,525.0,70.0,1
10.0,3678.0,183.0,275.0,5.0,420.0,85.0,1
8.0,335.0,216.0,16.0,3.0,706.0,138.0,1
14.0,1458.0,60.0,148.0,6.0,1329.0,114.0,1
5.0,1274.0,117.0,197.0,4.0,786.0,70.0,1
3.0,1242.0,60.0,35.0,5.0,730.0,121.0,1
8.0,328.0,253.0,16.0,4.0,1439.0,270.0,1
13.0,368.0,198.0,134.0,5.0,470.0,145.0,1
4.0,1459.0,135.0,264.0,4.0,1255.0,217.0,1
15.0,1124.0,153.0,204.0,5.0,655.0,140.0,1
0.0,3986.0,197.0,139.0,4.0,800.0,111.0,1
15.0,2450.0,280.0,153.0,7.0,795.0,80.0,1
5.0,2310.0,16.0,139.0,6.0,888.0,99.0,1
13.0,97.0,253.0,135.0,7.0,667.0,238.0,1
16.0,5907.0,208.0,136.0,3.0,1250.0,116.0,1
7.0,319.0,78.0,184.0,4.0,375.0,130.0,1
15.0,526.0,45.0,35.0,4.0,435.0,80.0,1
6.0,5261.0,33.0,177.0,3.0,450.0,70.0,1
5.0,1484.0,172.0,85.0,5.0,828.0,120.0,1
4.0,228.0,96.0,79.0,7.0,1020.0,270.0,1
14.0,375.0,148.0,60.0,3.0,385.0,120.0,1
15.0,765.0,153.0,262.0,5.0,705.0,95.0,1
16.0,2766.0,158.0,135.0,3.0,964.0,64.0,1
3.0,166.0,214.0,148.0,7.0,1295.0,298.0,1
12.0,6377.0,67.0,79.0,6.0,779.0,55.0,1
5.0,25.0,16.0,233.0,1.0,975.0,83.0,1
5.0,30.0,197.0,148.0,1.0,615.0,164.0,1
15.0,1095.0,45.0,173.0,4.0,1185.0,140.0,1
12.0,6482.0,194.0,79.0,1.0,360.0,146.0,1
5.0,2244.0,243.0,197.0,6.0,395.0,229.0,1
4.0,158.0,135.0,78.0,4.0,895.0,168.0,1
1.0,773.0,241.0,208.0,3.0,690.0,185.0,1
12.0,6699.0,91.0,79.0,3.0,1149.0,108.0,1
10.0,3906.0,208.0,273.0,4.0,1125.0,115.0,1
13.0,75.0,253.0,128.0,7.0,755.0,323.0,1
15.0,1326.0,182.0,175.0,1.0,390.0,165.0,1
14.0,1759.0,216.0,233.0,4.0,1230.0,85.0,1
8.0,376.0,277.0,184.0,6.0,1115.0,165.0,1
5.0,1928.0,173.0,85.0,3.0,616.0,163.0,1
15.0,2866.0,79.0,172.0,6.0,860.0,90.0,1
5.0,2501.0,173.0,177.0,7.0,1050.0,134.0,1
12.0,4477.0,102.0,261.0,5.0,440.0,99.0,1
13.0,410.0,262.0,79.0,5.0,360.0,144.0,1
10.0,4002.0,208.0,290.0,3.0,935.0,110.0,1
1.0,2127.0,216.0,183.0,6.0,365.0,175.0,1
8.0,718.0,159.0,48.0,4.0,1199.0,96.0,1
2.0,9.0,173.0,252.0,6.0,500.0,385.0,1
9.0,1.0,154.0,128.0,1.0,540.0,350.0,1
15.0,2633.0,243.0,253.0,1.0,770.0,90.0,1
1.0,2450.0,154.0,80.0,4.0,915.0,175.0,1
5.0,1672.0,277.0,16.0,3.0,435.0,102.0,1
12.0,4858.0,261.0,46.0,4.0,920.0,77.0,1
12.0,4795.0,46.0,261.0,4.0,470.0,75.0,1
8.0,1439.0,197.0,173.0,3.0,895.0,189.0,1
15.0,519.0,241.0,173.0,7.0,770.0,50.0,1
5.0,2065.0,16.0,87.0,5.0,660.0,75.0,1
14.0,507.0,217.0,153.0,5.0,1185.0,67.0,1
12.0,6404.0,253.0,93.0,4.0,526.0,92.0,1
12.0,6479.0,221.0,79.0,4.0,950.0,229.0,1
5.0,2510.0,80.0,16.0,3.0,495.0,125.0,1
15.0,643.0,262.0,217.0,4.0,1160.0,110.0,1
6.0,5090.0,288.0,16.0,5.0,935.0,83.0,1
2.0,460.0,252.0,154.0,7.0,600.0,154.0,1
14.0,27.0,217.0,154.0,7.0,670.0,92.0,1
5.0,1182.0,252.0,261.0,7.0,955.0,116.0,1
1.0,1602.0,91.0,80.0,4.0,360.0,100.0,1
5.0,2539.0,78.0,16.0,7.0,600.0,110.0,1
16.0,2117.0,162.0,135.0,1.0,565.0,84.0,1
15.0,1311.0,61.0,277.0,1.0,450.0,135.0,1
1.0,1790.0,268.0,78.0,7.0,1215.0,105.0,1
12.0,4583.0,79.0,261.0,3.0,700.0,89.0,1
5.0,2556.0,197.0,96.0,5.0,780.0,175.0,1
5.0,2666.0,173.0,78.0,3.0,480.0,119.0,1
0.0,4252.0,85.0,250.0,4.0,1310.0,84.0,1
15.0,1680.0,202.0,261.0,3.0,1195.0,100.0,1
12.0,6858.0,243.0,79.0,5.0,1046.0,134.0,1
10.0,2794.0,116.0,80.0,3.0,1020.0,110.0,1
13.0,164.0,208.0,173.0,4.0,457.0,162.0,1
8.0,434.0,16.0,184.0,6.0,525.0,124.0,1
12.0,6923.0,6.0,253.0,7.0,1242.0,78.0,1
1.0,2332.0,80.0,208.0,3.0,565.0,135.0,1
15.0,1229.0,45.0,33.0,1.0,950.0,120.0,1
15.0,3152.0,153.0,173.0,6.0,930.0,265.0,1
12.0,6614.0,79.0,224.0,7.0,747.0,153.0,1
6.0,5173.0,16.0,27.0,6.0,570.0,59.0,1
3.0,616.0,147.0,148.0,4.0,1029.0,140.0,1
15.0,1509.0,253.0,264.0,1.0,535.0,85.0,1
15.0,3418.0,216.0,221.0,5.0,425.0,75.0,1
0.0,3980.0,223.0,177.0,3.0,985.0,91.0,1
10.0,3079.0,154.0,243.0,7.0,1185.0,45.0,1
13.0,40.0,153.0,134.0,3.0,1386.0,272.0,1
5.0,1498.0,104.0,159.0,4.0,420.0,174.0,1
16.0,2985.0,96.0,85.0,5.0,1260.0,124.0,1
14.0,1290.0,216.0,159.0,4.0,1370.0,50.0,1
15.0,1198.0,33.0,217.0,1.0,550.0,240.0,1
6.0,7305.0,177.0,268.0,3.0,575.0,71.0,1
1.0,2258.0,244.0,80.0,1.0,375.0,65.0,1
17.0,2723.0,24.0,217.0,4.0,950.0,89.0,1
5.0,2159.0,148.0,173.0,5.0,1130.0,191.0,1
15.0,1160.0,279.0,75.0,6.0,495.0,60.0,1
15.0,1125.0,233.0,277.0,7.0,1130.0,110.0,1
5.0,1421.0,85.0,277.0,1.0,600.0,168.0,1
15.0,126.0,104.0,33.0,5.0,1080.0,145.0,1
3.0,904.0,148.0,35.0,1.0,774.0,64.0,1
6.0,5588.0,275.0,16.0,5.0,1061.0,76.0,1
6.0,4944.0,48.0,85.0,4.0,815.0,70.0,1
13.0,484.0,243.0,79.0,3.0,378.0,149.0,1
12.0,6765.0,79.0,46.0,4.0,687.0,113.0,1
9.0,185.0,203.0,128.0,3.0,675.0,34.0,1
14.0,400.0,217.0,253.0,3.0,680.0,133.0,1
2.0,153.0,211.0,206.0,4.0,1177.0,45.0,1
12.0,6685.0,79.0,34.0,6.0,720.0,126.0,1
15.0,1874.0,33.0,277.0,6.0,820.0,105.0,1
15.0,1118.0,129.0,91.0,5.0,1055.0,120.0,1
0.0,3710.0,85.0,90.0,4.0,630.0,78.0,1
4.0,787.0,96.0,264.0,7.0,1020.0,375.0,1
15.0,3768.0,207.0,202.0,7.0,495.0,75.0,1
10.0,3239.0,61.0,80.0,5.0,560.0,185.0,1
5.0,2762.0,223.0,16.0,1.0,955.0,79.0,1
1.0,1267.0,183.0,260.0,5.0,1000.0,150.0,1
14.0,1634.0,277.0,60.0,7.0,720.0,100.0,1
1.0,457.0,173.0,183.0,7.0,420.0,65.0,1
8.0,360.0,16.0,159.0,5.0,455.0,127.0,1
10.0,3674.0,60.0,183.0,7.0,1155.0,130.0,1
6.0,5152.0,16.0,11.0,3.0,1155.0,61.0,1
5.0,2712.0,16.0,208.0,3.0,1155.0,137.0,1
5.0,2744.0,243.0,197.0,3.0,715.0,219.0,1
7.0,619.0,139.0,79.0,6.0,988.0,167.0,1
10.0,3665.0,221.0,183.0,3.0,390.0,180.0,1
15.0,1044.0,221.0,153.0,5.0,495.0,310.0,1
15.0,470.0,45.0,79.0,7.0,635.0,260.0,1
7.0,671.0,173.0,79.0,5.0,1017.0,239.0,1
14.0,1109.0,148.0,60.0,5.0,720.0,124.0,1
12.0,6639.0,79.0,46.0,7.0,872.0,109.0,1
3.0,58.0,173.0,148.0,4.0,1255.0,140.0,1
4.0,1786.0,18.0,135.0,5.0,495.0,57.0,1
15.0,1642.0,243.0,258.0,1.0,1020.0,80.0,1
15.0,466.0,244.0,243.0,4.0,500.0,185.0,1
15.0,30.0,129.0,75.0,4.0,810.0,55.0,1
5.0,2669.0,78.0,173.0,6.0,660.0,136.0,1
16.0,2865.0,184.0,135.0,3.0,335.0,174.0,1
8.0,355.0,159.0,16.0,1.0,794.0,155.0,1
12.0,6874.0,208.0,164.0,1.0,1040.0,95.0,1
15.0,498.0,207.0,153.0,3.0,1090.0,60.0,1
12.0,4679.0,46.0,261.0,1.0,790.0,71.0,1
0.0,3841.0,42.0,85.0,7.0,510.0,133.0,1
5.0,2958.0,85.0,184.0,5.0,735.0,75.0,1
10.0,3898.0,78.0,208.0,3.0,750.0,125.0,1
16.0,5905.0,0.0,208.0,1.0,360.0,136.0,1
3.0,672.0,154.0,148.0,7.0,709.0,311.0,1
15.0,822.0,45.0,175.0,4.0,1045.0,125.0,1
15.0,802.0,175.0,153.0,4.0,805.0,245.0,1
0.0,4109.0,148.0,233.0,7.0,1142.0,140.0,1
15.0,2354.0,175.0,153.0,6.0,820.0,245.0,1
16.0,2046.0,10.0,135.0,5.0,375.0,62.0,1
10.0,3323.0,80.0,118.0,1.0,645.0,50.0,1
10.0,2786.0,116.0,80.0,4.0,415.0,110.0,1
1.0,528.0,154.0,183.0,1.0,360.0,280.0,1
6.0,5402.0,147.0,85.0,1.0,720.0,150.0,1
11.0,6512.0,177.0,96.0,7.0,870.0,164.0,1
14.0,1427.0,60.0,16.0,4.0,965.0,76.0,1
1.0,1865.0,80.0,44.0,5.0,1205.0,205.0,1
12.0,4574.0,153.0,261.0,7.0,480.0,88.0,1
15.0,770.0,217.0,243.0,3.0,910.0,70.0,1
6.0,5474.0,16.0,94.0,1.0,895.0,84.0,1
12.0,6747.0,262.0,253.0,5.0,644.0,48.0,1
5.0,2589.0,16.0,172.0,3.0,540.0,148.0,1
8.0,110.0,80.0,16.0,7.0,1027.0,125.0,1
8.0,84.0,104.0,16.0,7.0,360.0,120.0,1
14.0,2137.0,35.0,159.0,7.0,1020.0,79.0,1
12.0,4711.0,197.0,290.0,7.0,935.0,109.0,1
4.0,626.0,135.0,45.0,1.0,445.0,173.0,1
5.0,2506.0,197.0,177.0,6.0,980.0,120.0,1
16.0,2650.0,184.0,58.0,5.0,725.0,69.0,1
10.0,4609.0,159.0,85.0,4.0,550.0,130.0,1
15.0,2993.0,184.0,45.0,5.0,780.0,120.0,1
17.0,7263.0,60.0,134.0,1.0,880.0,90.0,1
9.0,258.0,128.0,150.0,7.0,737.0,43.0,1
0.0,4031.0,177.0,155.0,6.0,555.0,122.0,1
5.0,2175.0,197.0,80.0,6.0,865.0,150.0,1
5.0,1385.0,35.0,159.0,1.0,750.0,79.0,1
5.0,2544.0,197.0,172.0,5.0,1150.0,92.0,1
3.0,4.0,148.0,43.0,7.0,565.0,87.0,1
15.0,1199.0,129.0,198.0,5.0,485.0,60.0,1
14.0,625.0,217.0,202.0,3.0,875.0,119.0,1
14.0,595.0,172.0,217.0,4.0,360.0,174.0,1
0.0,3854.0,197.0,58.0,4.0,425.0,115.0,1
1.0,1121.0,80.0,243.0,4.0,1120.0,195.0,1
1.0,1247.0,35.0,208.0,5.0,510.0,180.0,1
17.0,7296.0,22.0,134.0,5.0,858.0,88.0,1
4.0,298.0,79.0,135.0,7.0,815.0,138.0,1
12.0,6679.0,111.0,253.0,7.0,1033.0,131.0,1
11.0,6565.0,71.0,147.0,4.0,1235.0,115.0,1
15.0,122.0,244.0,153.0,5.0,1170.0,180.0,1
0.0,3914.0,139.0,85.0,3.0,900.0,83.0,1
15.0,1977.0,79.0,243.0,6.0,525.0,145.0,1
5.0,2832.0,261.0,145.0,3.0,1195.0,62.0,1
3.0,1250.0,134.0,35.0,7.0,391.0,89.0,1
15.0,1013.0,79.0,175.0,3.0,1075.0,135.0,1
6.0,5115.0,16.0,54.0,4.0,655.0,76.0,1
12.0,6579.0,79.0,15.0,1.0,871.0,44.0,1
5.0,2429.0,16.0,252.0,5.0,900.0,330.0,1
8.0,850.0,173.0,16.0,3.0,895.0,95.0,1
2.0,61.0,252.0,149.0,5.0,470.0,156.0,1
12.0,6919.0,82.0,208.0,6.0,918.0,90.0,1
5.0,1761.0,216.0,16.0,7.0,915.0,143.0,1
13.0,231.0,134.0,243.0,1.0,766.0,347.0,1
14.0,1627.0,96.0,60.0,3.0,895.0,115.0,1
1.0,119.0,96.0,154.0,4.0,1090.0,380.0,1
13.0,319.0,134.0,154.0,6.0,497.0,344.0,1
5.0,1078.0,159.0,198.0,7.0,495.0,220.0,1
12.0,4653.0,99.0,261.0,5.0,1053.0,145.0,1
15.0,2716.0,175.0,134.0,4.0,420.0,105.0,1
1.0,383.0,80.0,280.0,4.0,1170.0,145.0,1
10.0,3931.0,205.0,208.0,6.0,410.0,100.0,1
8.0,198.0,16.0,78.0,3.0,827.0,101.0,1
11.0,6408.0,135.0,71.0,7.0,950.0,145.0,1
5.0,1036.0,261.0,16.0,1.0,912.0,223.0,1
1.0,1371.0,80.0,290.0,7.0,820.0,65.0,1
13.0,340.0,205.0,79.0,6.0,798.0,96.0,1
14.0,1075.0,216.0,60.0,3.0,505.0,112.0,1
5.0,2609.0,85.0,80.0,6.0,735.0,183.0,1
12.0,6522.0,154.0,217.0,7.0,760.0,78.0,1
15.0,3768.0,217.0,207.0,1.0,460.0,70.0,1
0.0,4377.0,85.0,245.0,7.0,605.0,134.0,1
16.0,2144.0,238.0,58.0,3.0,1135.0,67.0,1
5.0,1525.0,16.0,267.0,3.0,1220.0,89.0,1
1.0,1755.0,80.0,178.0,6.0,575.0,95.0,1
3.0,493.0,35.0,252.0,1.0,1060.0,377.0,1
1.0,2548.0,173.0,148.0,4.0,955.0,160.0,1
1.0,1697.0,268.0,80.0,3.0,965.0,115.0,1
17.0,2945.0,60.0,198.0,6.0,675.0,121.0,1
12.0,6406.0,253.0,93.0,5.0,647.0,92.0,1
5.0,1281.0,16.0,177.0,1.0,875.0,85.0,1
6.0,5467.0,27.0,16.0,3.0,540.0,61.0,1
17.0,2734.0,18.0,217.0,5.0,920.0,150.0,1
15.0,1589.0,252.0,202.0,1.0,1055.0,125.0,1
15.0,675.0,175.0,217.0,3.0,810.0,240.0,1
15.0,300.0,268.0,75.0,7.0,1260.0,105.0,1
5.0,1489.0,184.0,16.0,6.0,740.0,125.0,1
8.0,309.0,16.0,79.0,6.0,1340.0,215.0,1
1.0,1295.0,173.0,154.0,7.0,775.0,335.0,1
5.0,321.0,195.0,85.0,7.0,420.0,84.0,1
10.0,3319.0,80.0,113.0,4.0,600.0,45.0,1
4.0,1776.0,135.0,216.0,6.0,1130.0,185.0,1
15.0,1566.0,75.0,172.0,3.0,785.0,85.0,1
14.0,1811.0,35.0,216.0,1.0,510.0,98.0,1
15.0,429.0,79.0,175.0,7.0,990.0,145.0,1
3.0,19.0,42.0,148.0,7.0,360.0,84.0,1
16.0,2722.0,58.0,209.0,5.0,950.0,88.0,1
12.0,6818.0,19.0,208.0,1.0,361.0,109.0,1
15.0,1767.0,18.0,75.0,7.0,570.0,55.0,1
4.0,303.0,96.0,135.0,1.0,645.0,240.0,1
6.0,5018.0,32.0,16.0,7.0,605.0,102.0,1
15.0,176.0,43.0,45.0,7.0,525.0,70.0,1
10.0,3249.0,254.0,80.0,4.0,540.0,95.0,1
12.0,6628.0,79.0,27.0,6.0,670.0,147.0,1
6.0,5400.0,174.0,16.0,1.0,1035.0,137.0,1
12.0,6686.0,65.0,79.0,7.0,1195.0,41.0,1
5.0,2097.0,16.0,183.0,3.0,730.0,112.0,1
15.0,2004.0,45.0,175.0,5.0,645.0,130.0,1
10.0,3711.0,208.0,162.0,3.0,910.0,115.0,1
5.0,2345.0,71.0,153.0,3.0,555.0,269.0,1
11.0,6639.0,85.0,120.0,5.0,950.0,103.0,1
16.0,2620.0,136.0,135.0,7.0,666.0,102.0,1
15.0,2175.0,198.0,154.0,7.0,775.0,260.0,1
13.0,893.0,35.0,253.0,6.0,365.0,413.0,1
3.0,477.0,35.0,154.0,7.0,520.0,391.0,1
10.0,3653.0,183.0,251.0,5.0,705.0,155.0,1
1.0,1367.0,132.0,80.0,1.0,1025.0,130.0,1
12.0,4641.0,261.0,100.0,5.0,1293.0,93.0,1
5.0,2387.0,184.0,16.0,7.0,350.0,129.0,1
10.0,3180.0,258.0,154.0,4.0,860.0,75.0,1
14.0,273.0,217.0,135.0,4.0,810.0,154.0,1
13.0,531.0,208.0,154.0,3.0,621.0,275.0,1
1.0,1477.0,80.0,18.0,3.0,625.0,55.0,1
15.0,1120.0,280.0,154.0,7.0,880.0,90.0,1
14.0,881.0,60.0,104.0,6.0,705.0,127.0,1
10.0,2944.0,170.0,80.0,5.0,1105.0,70.0,1
5.0,1423.0,268.0,16.0,7.0,750.0,100.0,1
0.0,4209.0,177.0,116.0,1.0,875.0,79.0,1
15.0,1156.0,202.0,264.0,7.0,490.0,80.0,1
16.0,2056.0,135.0,172.0,5.0,490.0,113.0,1
15.0,951.0,45.0,175.0,4.0,415.0,130.0,1
4.0,1636.0,135.0,178.0,4.0,715.0,75.0,1
2.0,558.0,252.0,227.0,6.0,780.0,158.0,1
10.0,2720.0,84.0,80.0,4.0,695.0,125.0,1
1.0,2356.0,80.0,208.0,3.0,905.0,140.0,1
4.0,735.0,58.0,154.0,5.0,530.0,299.0,1
15.0,2725.0,221.0,277.0,1.0,420.0,155.0,1
15.0,3843.0,217.0,43.0,5.0,760.0,245.0,1
5.0,1057.0,172.0,85.0,7.0,1040.0,117.0,1
16.0,5987.0,208.0,20.0,1.0,850.0,105.0,1
2.0,502.0,252.0,264.0,5.0,390.0,161.0,1
15.0,1128.0,182.0,216.0,4.0,830.0,95.0,1
10.0,3011.0,154.0,100.0,6.0,470.0,60.0,1
14.0,1749.0,208.0,216.0,3.0,580.0,115.0,1
10.0,3944.0,148.0,45.0,1.0,1049.0,76.0,1
10.0,2917.0,80.0,61.0,3.0,1045.0,140.0,1
17.0,1017.0,128.0,161.0,5.0,1040.0,37.0,1
17.0,7235.0,12.0,134.0,7.0,603.0,94.0,1
13.0,278.0,208.0,233.0,5.0,1148.0,116.0,1
15.0,3481.0,22.0,277.0,4.0,445.0,195.0,1
16.0,2548.0,135.0,71.0,4.0,1195.0,138.0,1
1.0,2352.0,80.0,208.0,4.0,845.0,135.0,1
6.0,5156.0,146.0,16.0,1.0,850.0,85.0,1
15.0,1951.0,175.0,268.0,6.0,615.0,65.0,1
8.0,255.0,16.0,106.0,4.0,933.0,116.0,1
14.0,250.0,243.0,217.0,4.0,390.0,84.0,1
13.0,432.0,79.0,252.0,6.0,949.0,177.0,1
12.0,4881.0,184.0,177.0,7.0,390.0,115.0,1
8.0,78.0,104.0,16.0,6.0,1085.0,122.0,1
15.0,3674.0,252.0,34.0,7.0,1020.0,75.0,1
17.0,2857.0,217.0,103.0,1.0,980.0,60.0,1
10.0,3670.0,275.0,183.0,7.0,775.0,85.0,1
10.0,4306.0,234.0,208.0,6.0,995.0,135.0,1
1.0,1156.0,208.0,183.0,7.0,600.0,185.0,1
8.0,113.0,16.0,80.0,6.0,901.0,146.0,1
10.0,2812.0,80.0,165.0,4.0,995.0,85.0,1
15.0,267.0,217.0,205.0,3.0,625.0,155.0,1
2.0,730.0,252.0,135.0,5.0,680.0,250.0,1
1.0,1832.0,208.0,241.0,3.0,1215.0,164.0,1
13.0,524.0,208.0,35.0,5.0,365.0,139.0,1
16.0,2804.0,135.0,177.0,5.0,1180.0,88.0,1
10.0,2872.0,80.0,155.0,4.0,705.0,70.0,1
15.0,1170.0,202.0,217.0,4.0,400.0,115.0,1
2.0,152.0,14.0,206.0,4.0,660.0,94.0,1
6.0,5242.0,290.0,177.0,4.0,700.0,66.0,1
15.0,1921.0,75.0,27.0,1.0,460.0,90.0,1
13.0,75.0,253.0,128.0,1.0,759.0,319.0,1
16.0,2072.0,234.0,135.0,7.0,375.0,197.0,1
12.0,6522.0,217.0,154.0,5.0,929.0,81.0,1
10.0,2766.0,1.0,80.0,4.0,575.0,50.0,1
16.0,2868.0,268.0,96.0,1.0,1020.0,145.0,1
15.0,871.0,217.0,243.0,7.0,995.0,65.0,1
14.0,1512.0,33.0,60.0,7.0,360.0,74.0,1
16.0,2207.0,136.0,135.0,4.0,990.0,106.0,1
14.0,1675.0,60.0,183.0,5.0,795.0,123.0,1
16.0,2918.0,78.0,96.0,6.0,505.0,64.0,1
11.0,6554.0,268.0,78.0,4.0,864.0,121.0,1
16.0,2174.0,135.0,223.0,4.0,785.0,86.0,1
10.0,4011.0,147.0,208.0,5.0,775.0,165.0,1
13.0,576.0,252.0,79.0,3.0,331.0,159.0,1
14.0,1777.0,35.0,60.0,4.0,1015.0,145.0,1
16.0,2995.0,134.0,135.0,5.0,365.0,211.0,1
12.0,7779.0,261.0,255.0,1.0,1020.0,81.0,1
14.0,652.0,139.0,217.0,3.0,360.0,235.0,1
0.0,4257.0,35.0,233.0,7.0,735.0,135.0,1
12.0,4583.0,79.0,261.0,4.0,700.0,89.0,1
12.0,3046.0,184.0,84.0,4.0,740.0,68.0,1
15.0,1541.0,111.0,214.0,6.0,980.0,65.0,1
16.0,2035.0,251.0,96.0,6.0,730.0,112.0,1
12.0,4464.0,261.0,46.0,6.0,1191.0,80.0,1
15.0,1592.0,43.0,104.0,1.0,715.0,190.0,1
9.0,348.0,128.0,150.0,3.0,851.0,44.0,1
15.0,1122.0,153.0,45.0,7.0,785.0,270.0,1
5.0,2049.0,16.0,253.0,5.0,505.0,334.0,1
8.0,943.0,45.0,238.0,4.0,681.0,71.0,1
4.0,1535.0,96.0,217.0,3.0,405.0,340.0,1
1.0,707.0,159.0,80.0,4.0,420.0,250.0,1
6.0,7093.0,134.0,61.0,6.0,745.0,80.0,1
13.0,627.0,78.0,208.0,3.0,1053.0,132.0,1
0.0,3845.0,20.0,85.0,7.0,360.0,105.0,1
8.0,1098.0,173.0,139.0,6.0,1170.0,139.0,1
1.0,1215.0,78.0,80.0,4.0,360.0,210.0,1
15.0,2903.0,243.0,18.0,5.0,500.0,160.0,1
12.0,6596.0,253.0,179.0,4.0,807.0,96.0,1
0.0,3849.0,85.0,96.0,4.0,1180.0,115.0,1
12.0,4533.0,197.0,34.0,6.0,1030.0,188.0,1
14.0,1439.0,159.0,60.0,7.0,885.0,126.0,1
12.0,7017.0,79.0,65.0,3.0,1074.0,33.0,1
6.0,4978.0,101.0,16.0,5.0,1135.0,98.0,1
0.0,4176.0,117.0,197.0,1.0,1024.0,76.0,1
4.0,1596.0,153.0,135.0,6.0,470.0,173.0,1
6.0,5343.0,119.0,16.0,3.0,365.0,130.0,1
11.0,6429.0,119.0,71.0,7.0,1072.0,68.0,1
5.0,1048.0,85.0,233.0,4.0,1050.0,105.0,1
4.0,449.0,253.0,96.0,4.0,690.0,320.0,1
3.0,50.0,104.0,148.0,5.0,1185.0,165.0,1
15.0,742.0,217.0,261.0,1.0,995.0,95.0,1
0.0,4109.0,148.0,233.0,5.0,1142.0,140.0,1
5.0,2865.0,43.0,16.0,5.0,370.0,154.0,1
15.0,1751.0,61.0,45.0,1.0,705.0,70.0,1
17.0,7295.0,247.0,208.0,3.0,1036.0,49.0,1
4.0,540.0,233.0,96.0,3.0,1060.0,105.0,1
15.0,866.0,258.0,154.0,4.0,880.0,70.0,1
14.0,1112.0,216.0,35.0,5.0,495.0,85.0,1
14.0,1697.0,135.0,60.0,5.0,730.0,145.0,1
14.0,1748.0,153.0,216.0,5.0,695.0,286.0,1
3.0,1416.0,160.0,18.0,7.0,720.0,165.0,1
1.0,4.0,154.0,148.0,5.0,745.0,335.0,1
15.0,128.0,154.0,253.0,3.0,600.0,80.0,1
10.0,3971.0,265.0,208.0,7.0,860.0,60.0,1
13.0,345.0,208.0,198.0,7.0,585.0,143.0,1
3.0,58.0,173.0,148.0,5.0,1255.0,140.0,1
12.0,6879.0,253.0,246.0,7.0,418.0,78.0,1
2.0,64.0,226.0,289.0,4.0,928.0,32.0,1
15.0,760.0,175.0,253.0,4.0,530.0,300.0,1
15.0,3311.0,79.0,33.0,5.0,890.0,145.0,1
16.0,2335.0,172.0,135.0,7.0,828.0,124.0,1
12.0,4490.0,261.0,224.0,5.0,1192.0,93.0,1
8.0,850.0,173.0,16.0,1.0,895.0,93.0,1
1.0,2076.0,153.0,80.0,6.0,570.0,155.0,1
13.0,532.0,208.0,35.0,1.0,605.0,136.0,1
2.0,61.0,149.0,291.0,5.0,616.0,62.0,1
6.0,7320.0,256.0,177.0,7.0,390.0,69.0,1
16.0,2735.0,165.0,135.0,3.0,667.0,69.0,1
15.0,1571.0,175.0,104.0,6.0,975.0,185.0,1
5.0,2409.0,261.0,153.0,3.0,580.0,90.0,1
15.0,1357.0,153.0,162.0,1.0,575.0,180.0,1
10.0,2835.0,80.0,146.0,3.0,995.0,75.0,1
10.0,3042.0,246.0,154.0,3.0,875.0,45.0,1
15.0,2649.0,241.0,175.0,7.0,605.0,180.0,1
1.0,2495.0,85.0,80.0,3.0,1150.0,180.0,1
1.0,203.0,183.0,154.0,6.0,885.0,350.0,1
16.0,2414.0,198.0,58.0,1.0,670.0,133.0,1
14.0,1787.0,43.0,60.0,1.0,705.0,113.0,1
5.0,1163.0,96.0,85.0,1.0,420.0,128.0,1
6.0,5498.0,16.0,101.0,7.0,884.0,75.0,1
10.0,4664.0,58.0,159.0,1.0,535.0,95.0,1
12.0,4481.0,261.0,34.0,6.0,615.0,68.0,1
4.0,1055.0,96.0,154.0,1.0,985.0,368.0,1
6.0,5307.0,129.0,16.0,3.0,937.0,122.0,1
14.0,86.0,217.0,214.0,7.0,525.0,172.0,1
4.0,359.0,78.0,135.0,7.0,1055.0,207.0,1
0.0,4225.0,152.0,85.0,5.0,1030.0,56.0,1
12.0,6290.0,154.0,194.0,4.0,461.0,65.0,1
15.0,2193.0,173.0,233.0,3.0,530.0,95.0,1
15.0,1419.0,153.0,217.0,5.0,1115.0,65.0,1
12.0,6381.0,184.0,208.0,5.0,841.0,50.0,1
15.0,709.0,58.0,175.0,3.0,655.0,75.0,1
4.0,328.0,96.0,60.0,4.0,1065.0,128.0,1
12.0,3067.0,268.0,184.0,5.0,745.0,77.0,1
9.0,374.0,161.0,128.0,6.0,913.0,32.0,1
1.0,2337.0,208.0,80.0,6.0,940.0,155.0,1
1.0,1331.0,80.0,244.0,7.0,525.0,70.0,1
15.0,1662.0,251.0,45.0,5.0,740.0,85.0,1
1.0,1841.0,251.0,80.0,7.0,420.0,150.0,1
4.0,258.0,135.0,78.0,3.0,455.0,175.0,1
7.0,371.0,184.0,79.0,3.0,865.0,155.0,1
3.0,488.0,160.0,35.0,7.0,1252.0,308.0,1
14.0,1606.0,216.0,85.0,3.0,1240.0,108.0,1
0.0,4198.0,78.0,148.0,3.0,660.0,75.0,1
4.0,539.0,183.0,96.0,6.0,985.0,182.0,1
5.0,1972.0,277.0,16.0,3.0,330.0,85.0,1
2.0,878.0,203.0,252.0,5.0,545.0,335.0,1
5.0,2267.0,22.0,16.0,5.0,1087.0,166.0,1
15.0,1069.0,61.0,173.0,3.0,785.0,135.0,1
3.0,16.0,104.0,148.0,5.0,850.0,170.0,1
2.0,730.0,252.0,135.0,3.0,680.0,250.0,1
5.0,1527.0,16.0,104.0,4.0,1035.0,113.0,1
10.0,2810.0,256.0,80.0,6.0,375.0,60.0,1
15.0,11.0,268.0,243.0,4.0,790.0,240.0,1
16.0,2586.0,139.0,96.0,3.0,705.0,118.0,1
14.0,29.0,217.0,154.0,1.0,890.0,86.0,1
14.0,1814.0,277.0,60.0,5.0,620.0,101.0,1
1.0,617.0,80.0,243.0,7.0,755.0,195.0,1
5.0,378.0,16.0,209.0,3.0,1155.0,105.0,1
12.0,7006.0,93.0,214.0,3.0,360.0,41.0,1
1.0,505.0,148.0,260.0,5.0,415.0,245.0,1
10.0,2807.0,80.0,109.0,7.0,1095.0,130.0,1
2.0,633.0,217.0,252.0,1.0,895.0,187.0,1
1.0,1606.0,80.0,61.0,1.0,860.0,140.0,1
5.0,1583.0,241.0,71.0,3.0,365.0,141.0,1
15.0,1722.0,173.0,198.0,6.0,1000.0,115.0,1
1.0,1341.0,208.0,253.0,1.0,435.0,285.0,1
15.0,1559.0,241.0,268.0,6.0,840.0,165.0,1
6.0,5591.0,275.0,16.0,1.0,995.0,74.0,1
13.0,528.0,208.0,216.0,4.0,536.0,121.0,1
10.0,4082.0,208.0,136.0,6.0,1115.0,120.0,1
14.0,1787.0,60.0,198.0,4.0,875.0,124.0,1
17.0,2763.0,217.0,280.0,5.0,876.0,45.0,1
8.0,189.0,78.0,16.0,4.0,761.0,123.0,1
17.0,7256.0,134.0,139.0,3.0,734.0,104.0,1
17.0,2636.0,60.0,74.0,5.0,881.0,93.0,1
15.0,3667.0,147.0,209.0,7.0,430.0,90.0,1
12.0,6288.0,154.0,194.0,1.0,715.0,65.0,1
5.0,315.0,16.0,172.0,6.0,790.0,130.0,1
15.0,268.0,264.0,153.0,5.0,825.0,65.0,1
14.0,1099.0,216.0,147.0,4.0,460.0,143.0,1
10.0,4122.0,278.0,208.0,5.0,985.0,120.0,1
5.0,1446.0,217.0,16.0,7.0,500.0,211.0,1
8.0,1033.0,241.0,221.0,6.0,1163.0,150.0,1
1.0,1254.0,80.0,35.0,7.0,935.0,210.0,1
0.0,4139.0,197.0,117.0,7.0,1185.0,78.0,1
12.0,6371.0,110.0,79.0,3.0,463.0,92.0,1
5.0,1241.0,121.0,16.0,1.0,383.0,63.0,1
0.0,3981.0,197.0,84.0,5.0,935.0,72.0,1
13.0,249.0,134.0,208.0,6.0,1036.0,133.0,1
4.0,197.0,135.0,153.0,7.0,720.0,202.0,1
1.0,695.0,148.0,18.0,1.0,945.0,260.0,1
10.0,4133.0,208.0,221.0,4.0,1000.0,90.0,1
12.0,6818.0,253.0,100.0,7.0,1094.0,59.0,1
6.0,5121.0,12.0,16.0,7.0,1060.0,168.0,1
8.0,795.0,16.0,268.0,5.0,530.0,103.0,1
15.0,804.0,79.0,172.0,4.0,1140.0,95.0,1
15.0,1285.0,175.0,141.0,5.0,840.0,135.0,1
17.0,2860.0,103.0,217.0,4.0,966.0,64.0,1
14.0,1557.0,216.0,104.0,1.0,955.0,169.0,1
16.0,2956.0,135.0,18.0,3.0,1380.0,45.0,1
12.0,6462.0,153.0,154.0,3.0,1075.0,80.0,1
10.0,3604.0,71.0,183.0,5.0,430.0,170.0,1
1.0,1215.0,78.0,80.0,5.0,360.0,210.0,1
5.0,1156.0,175.0,16.0,5.0,480.0,114.0,1
16.0,2069.0,135.0,165.0,5.0,920.0,71.0,1
15.0,1943.0,197.0,79.0,7.0,1120.0,135.0,1
8.0,994.0,35.0,184.0,6.0,1056.0,159.0,1
6.0,5274.0,78.0,35.0,1.0,895.0,98.0,1
15.0,179.0,18.0,45.0,4.0,960.0,180.0,1
16.0,2654.0,135.0,38.0,4.0,1285.0,69.0,1
14.0,1687.0,154.0,60.0,4.0,695.0,268.0,1
15.0,3754.0,209.0,277.0,1.0,545.0,135.0,1
6.0,5210.0,146.0,177.0,1.0,713.0,71.0,1
15.0,755.0,268.0,75.0,5.0,860.0,105.0,1
13.0,411.0,60.0,208.0,4.0,1010.0,130.0,1
6.0,5244.0,190.0,16.0,3.0,465.0,81.0,1
15.0,1917.0,153.0,111.0,6.0,1115.0,150.0,1
15.0,3920.0,268.0,204.0,7.0,635.0,100.0,1
5.0,2017.0,16.0,79.0,6.0,1300.0,218.0,1
2.0,52.0,98.0,14.0,6.0,1340.0,60.0,1
14.0,185.0,236.0,217.0,3.0,755.0,100.0,1
15.0,997.0,243.0,217.0,3.0,485.0,70.0,1
1.0,1432.0,260.0,183.0,1.0,990.0,180.0,1
13.0,497.0,208.0,135.0,4.0,1075.0,164.0,1
14.0,567.0,217.0,173.0,3.0,599.0,246.0,1
17.0,2634.0,60.0,209.0,3.0,453.0,65.0,1
15.0,3063.0,91.0,154.0,6.0,1015.0,130.0,1
14.0,751.0,216.0,183.0,6.0,935.0,173.0,1
15.0,644.0,153.0,44.0,7.0,895.0,70.0,1
12.0,7768.0,255.0,261.0,5.0,360.0,73.0,1
10.0,4059.0,208.0,32.0,3.0,1195.0,50.0,1
6.0,5008.0,16.0,120.0,6.0,890.0,82.0,1
15.0,3601.0,45.0,12.0,3.0,550.0,70.0,1
16.0,2579.0,135.0,244.0,3.0,480.0,59.0,1
14.0,948.0,60.0,58.0,6.0,1189.0,97.0,1
5.0,1539.0,78.0,16.0,6.0,960.0,119.0,1
17.0,2934.0,24.0,217.0,3.0,380.0,92.0,1
15.0,1963.0,35.0,216.0,6.0,460.0,105.0,1
16.0,2723.0,135.0,204.0,1.0,450.0,85.0,1
5.0,1229.0,16.0,213.0,5.0,1330.0,106.0,1
5.0,1465.0,148.0,253.0,7.0,1035.0,395.0,1
11.0,6747.0,234.0,148.0,7.0,795.0,85.0,1
15.0,1370.0,202.0,44.0,3.0,970.0,65.0,1
15.0,1525.0,33.0,153.0,4.0,590.0,260.0,1
9.0,262.0,128.0,143.0,6.0,960.0,51.0,1
5.0,1039.0,198.0,154.0,1.0,450.0,255.0,1
16.0,2405.0,135.0,157.0,1.0,860.0,125.0,1
12.0,6832.0,246.0,253.0,1.0,380.0,88.0,1
15.0,3067.0,233.0,175.0,1.0,1040.0,130.0,1
12.0,6941.0,208.0,65.0,3.0,1079.0,153.0,1
1.0,504.0,80.0,198.0,3.0,1115.0,80.0,1
11.0,6480.0,205.0,71.0,6.0,460.0,106.0,1
5.0,1073.0,197.0,214.0,5.0,705.0,231.0,1
1.0,1843.0,35.0,208.0,5.0,360.0,175.0,1
6.0,5532.0,47.0,16.0,4.0,330.0,64.0,1
3.0,1254.0,134.0,35.0,7.0,980.0,90.0,1
1.0,879.0,279.0,80.0,5.0,425.0,70.0,1
17.0,2975.0,236.0,217.0,6.0,975.0,100.0,1
14.0,220.0,243.0,217.0,5.0,385.0,84.0,1
1.0,442.0,253.0,183.0,1.0,765.0,320.0,1
13.0,668.0,208.0,159.0,7.0,366.0,126.0,1
1.0,1578.0,80.0,268.0,4.0,865.0,95.0,1
1.0,1740.0,264.0,80.0,7.0,465.0,175.0,1
5.0,1741.0,261.0,111.0,7.0,694.0,109.0,1
6.0,5218.0,273.0,16.0,7.0,345.0,158.0,1
15.0,1333.0,162.0,153.0,1.0,1010.0,215.0,1
15.0,3915.0,129.0,33.0,7.0,450.0,105.0,1
3.0,433.0,35.0,173.0,6.0,670.0,191.0,1
10.0,3218.0,146.0,80.0,7.0,580.0,95.0,1
12.0,6381.0,184.0,208.0,3.0,841.0,50.0,1
6.0,5397.0,16.0,10.0,5.0,1245.0,102.0,1
1.0,1610.0,268.0,208.0,6.0,525.0,75.0,1
15.0,978.0,253.0,264.0,5.0,1000.0,80.0,1
12.0,6307.0,79.0,85.0,3.0,1063.0,162.0,1
15.0,23.0,217.0,91.0,3.0,455.0,65.0,1
1.0,1965.0,80.0,253.0,7.0,535.0,240.0,1
12.0,6818.0,19.0,208.0,4.0,361.0,109.0,1
1.0,437.0,78.0,183.0,1.0,670.0,160.0,1
12.0,4757.0,261.0,205.0,6.0,585.0,144.0,1
4.0,46.0,154.0,135.0,3.0,750.0,193.0,1
12.0,3044.0,221.0,184.0,3.0,1119.0,91.0,1
15.0,861.0,35.0,216.0,7.0,800.0,100.0,1
4.0,60.0,135.0,96.0,1.0,725.0,210.0,1
15.0,372.0,175.0,172.0,4.0,755.0,90.0,1
15.0,1246.0,217.0,268.0,3.0,410.0,175.0,1
8.0,226.0,184.0,153.0,3.0,1060.0,250.0,1
5.0,2667.0,16.0,243.0,6.0,1294.0,289.0,1
10.0,4088.0,208.0,99.0,4.0,1240.0,115.0,1
5.0,109.0,16.0,173.0,6.0,1085.0,94.0,1
5.0,2062.0,85.0,213.0,1.0,720.0,182.0,1
15.0,1694.0,2.0,79.0,6.0,610.0,80.0,1
7.0,770.0,153.0,79.0,3.0,933.0,111.0,1
15.0,1826.0,207.0,153.0,7.0,530.0,60.0,1
15.0,526.0,45.0,35.0,3.0,435.0,80.0,1
5.0,2772.0,197.0,230.0,5.0,1325.0,99.0,1
10.0,3752.0,208.0,58.0,6.0,1285.0,75.0,1
4.0,787.0,96.0,264.0,6.0,1020.0,365.0,1
11.0,6668.0,184.0,71.0,7.0,480.0,85.0,1
16.0,2611.0,58.0,251.0,4.0,1025.0,72.0,1
15.0,1392.0,214.0,153.0,1.0,540.0,125.0,1
15.0,957.0,104.0,43.0,7.0,610.0,185.0,1
15.0,301.0,264.0,262.0,1.0,600.0,85.0,1
14.0,436.0,2.0,217.0,4.0,510.0,100.0,1
17.0,2827.0,217.0,280.0,6.0,1085.0,46.0,1
4.0,644.0,135.0,58.0,5.0,1135.0,157.0,1
5.0,2662.0,154.0,148.0,4.0,480.0,325.0,1
16.0,5906.0,237.0,208.0,5.0,619.0,116.0,1
17.0,2845.0,217.0,292.0,3.0,670.0,59.0,1
1.0,1091.0,268.0,80.0,4.0,795.0,115.0,1
0.0,4095.0,107.0,197.0,3.0,1015.0,68.0,1
5.0,2595.0,197.0,241.0,4.0,1150.0,199.0,1
13.0,229.0,134.0,243.0,1.0,501.0,337.0,1
6.0,7102.0,208.0,47.0,4.0,1112.0,109.0,1
1.0,643.0,183.0,208.0,5.0,455.0,200.0,1
7.0,505.0,79.0,252.0,3.0,735.0,173.0,1
15.0,488.0,75.0,162.0,7.0,885.0,60.0,1
5.0,2460.0,16.0,238.0,4.0,772.0,128.0,1
15.0,1065.0,33.0,79.0,4.0,750.0,180.0,1
14.0,436.0,217.0,280.0,7.0,668.0,48.0,1
14.0,1636.0,58.0,60.0,7.0,530.0,103.0,1
15.0,567.0,35.0,216.0,3.0,860.0,100.0,1
9.0,506.0,128.0,203.0,5.0,860.0,39.0,1
6.0,7122.0,223.0,134.0,7.0,500.0,127.0,1
10.0,3735.0,58.0,208.0,5.0,635.0,90.0,1
1.0,321.0,159.0,208.0,4.0,665.0,160.0,1
10.0,2926.0,52.0,80.0,7.0,990.0,140.0,1
15.0,661.0,79.0,175.0,1.0,550.0,140.0,1
16.0,5998.0,208.0,56.0,7.0,1029.0,59.0,1
15.0,1050.0,221.0,277.0,1.0,1020.0,155.0,1
13.0,691.0,159.0,208.0,4.0,1083.0,165.0,1
6.0,5069.0,11.0,16.0,1.0,445.0,77.0,1
12.0,6364.0,246.0,154.0,4.0,370.0,48.0,1
5.0,2168.0,154.0,197.0,3.0,725.0,225.0,1
15.0,1346.0,75.0,91.0,6.0,505.0,110.0,1
10.0,4455.0,148.0,78.0,4.0,960.0,90.0,1
6.0,7072.0,182.0,134.0,3.0,860.0,110.0,1
3.0,370.0,104.0,159.0,3.0,360.0,159.0,1
16.0,2819.0,146.0,135.0,3.0,1111.0,79.0,1
1.0,452.0,183.0,35.0,1.0,405.0,180.0,1
12.0,6660.0,65.0,154.0,7.0,687.0,149.0,1
10.0,3823.0,197.0,208.0,1.0,780.0,95.0,1
15.0,193.0,45.0,217.0,7.0,1115.0,320.0,1
16.0,2794.0,172.0,135.0,1.0,981.0,122.0,1
11.0,6489.0,71.0,80.0,3.0,560.0,158.0,1
16.0,2945.0,135.0,27.0,5.0,855.0,93.0,1
12.0,6859.0,214.0,79.0,1.0,1052.0,149.0,1
15.0,891.0,182.0,173.0,5.0,410.0,200.0,1
5.0,126.0,253.0,148.0,7.0,510.0,345.0,1
1.0,672.0,269.0,183.0,3.0,920.0,180.0,1
6.0,5407.0,16.0,11.0,7.0,1374.0,51.0,1
10.0,4008.0,208.0,60.0,3.0,870.0,115.0,1
6.0,5348.0,146.0,16.0,1.0,445.0,89.0,1
15.0,339.0,202.0,243.0,7.0,635.0,90.0,1
10.0,4652.0,16.0,159.0,4.0,390.0,120.0,1
3.0,139.0,148.0,241.0,1.0,990.0,203.0,1
16.0,2426.0,208.0,96.0,3.0,660.0,127.0,1
1.0,2021.0,208.0,260.0,1.0,920.0,275.0,1
6.0,5579.0,121.0,16.0,4.0,1064.0,66.0,1
15.0,3588.0,139.0,153.0,5.0,745.0,255.0,1
11.0,6450.0,71.0,174.0,6.0,665.0,80.0,1
5.0,2291.0,16.0,277.0,1.0,450.0,87.0,1
15.0,945.0,217.0,264.0,4.0,1005.0,75.0,1
5.0,1497.0,85.0,244.0,3.0,740.0,213.0,1
3.0,1228.0,233.0,35.0,4.0,1215.0,100.0,1
15.0,2027.0,45.0,85.0,1.0,985.0,100.0,1
1.0,1425.0,208.0,264.0,7.0,500.0,265.0,1
11.0,6399.0,120.0,16.0,7.0,1007.0,88.0,1
12.0,4772.0,197.0,268.0,5.0,625.0,92.0,1
5.0,1913.0,16.0,213.0,1.0,970.0,110.0,1
5.0,2203.0,16.0,153.0,5.0,505.0,282.0,1
15.0,660.0,217.0,261.0,1.0,770.0,100.0,1
8.0,918.0,184.0,197.0,5.0,1255.0,75.0,1
0.0,3949.0,228.0,85.0,4.0,345.0,135.0,1
12.0,6243.0,57.0,154.0,7.0,555.0,40.0,1
1.0,341.0,159.0,208.0,7.0,960.0,180.0,1
5.0,341.0,16.0,285.0,6.0,1300.0,58.0,1
15.0,973.0,79.0,33.0,5.0,635.0,145.0,1
15.0,678.0,262.0,243.0,4.0,595.0,85.0,1
3.0,633.0,35.0,253.0,4.0,555.0,400.0,1
16.0,2928.0,135.0,279.0,5.0,599.0,83.0,1
11.0,6628.0,80.0,71.0,7.0,420.0,131.0,1
12.0,3074.0,205.0,184.0,4.0,957.0,81.0,1
1.0,2166.0,80.0,35.0,3.0,855.0,210.0,1
15.0,1980.0,147.0,45.0,3.0,490.0,110.0,1
13.0,172.0,253.0,35.0,5.0,511.0,338.0,1
12.0,6389.0,253.0,236.0,5.0,787.0,54.0,1
3.0,1303.0,148.0,134.0,3.0,615.0,73.0,1
8.0,276.0,16.0,35.0,6.0,1260.0,147.0,1
10.0,2977.0,80.0,70.0,5.0,765.0,115.0,1
8.0,1451.0,213.0,130.0,5.0,908.0,166.0,1
6.0,7332.0,16.0,33.0,4.0,1050.0,68.0,1
2.0,578.0,214.0,243.0,6.0,625.0,143.0,1
14.0,273.0,207.0,217.0,5.0,600.0,72.0,1
12.0,4521.0,261.0,262.0,5.0,1030.0,97.0,1
10.0,4129.0,62.0,208.0,5.0,1075.0,65.0,1
5.0,1319.0,16.0,22.0,5.0,904.0,140.0,1
5.0,2814.0,252.0,197.0,1.0,50.0,189.0,1
16.0,2538.0,18.0,135.0,3.0,450.0,56.0,1
1.0,1352.0,18.0,80.0,7.0,420.0,65.0,1
15.0,2982.0,45.0,268.0,5.0,1000.0,145.0,1
15.0,3949.0,175.0,173.0,4.0,900.0,160.0,1
5.0,1319.0,16.0,22.0,4.0,904.0,140.0,1
0.0,4028.0,233.0,85.0,4.0,568.0,117.0,1
15.0,2740.0,153.0,280.0,6.0,685.0,75.0,1
14.0,1203.0,60.0,135.0,4.0,1085.0,170.0,1
5.0,1238.0,18.0,16.0,3.0,785.0,132.0,1
16.0,3057.0,288.0,135.0,5.0,908.0,109.0,1
4.0,675.0,221.0,135.0,6.0,1060.0,192.0,1
6.0,5362.0,16.0,94.0,7.0,600.0,93.0,1
15.0,1125.0,233.0,277.0,4.0,1130.0,110.0,1
10.0,4612.0,159.0,233.0,3.0,900.0,110.0,1
2.0,19.0,173.0,252.0,6.0,1095.0,384.0,1
14.0,2165.0,159.0,78.0,4.0,480.0,72.0,1
12.0,4556.0,261.0,280.0,5.0,1189.0,106.0,1
12.0,6838.0,253.0,246.0,4.0,968.0,82.0,1
8.0,1002.0,174.0,173.0,6.0,653.0,148.0,1
3.0,648.0,253.0,148.0,4.0,1350.0,318.0,1
1.0,530.0,80.0,277.0,4.0,1260.0,130.0,1
12.0,6679.0,111.0,253.0,3.0,1029.0,131.0,1
5.0,1184.0,16.0,261.0,4.0,646.0,262.0,1
5.0,1494.0,16.0,216.0,5.0,515.0,135.0,1
6.0,5574.0,48.0,16.0,3.0,792.0,116.0,1
6.0,5551.0,288.0,16.0,7.0,465.0,79.0,1
2.0,662.0,252.0,80.0,4.0,730.0,227.0,1
6.0,4992.0,36.0,16.0,4.0,770.0,79.0,1
14.0,411.0,60.0,253.0,6.0,580.0,349.0,1
1.0,1195.0,234.0,80.0,7.0,1080.0,210.0,1
12.0,6990.0,79.0,170.0,7.0,665.0,96.0,1
8.0,207.0,16.0,48.0,7.0,525.0,99.0,1
12.0,4770.0,261.0,67.0,4.0,1303.0,70.0,1
9.0,354.0,161.0,128.0,4.0,941.0,32.0,1
4.0,298.0,79.0,135.0,3.0,785.0,138.0,1
10.0,3126.0,258.0,154.0,6.0,1025.0,75.0,1
6.0,5571.0,16.0,256.0,5.0,1000.0,114.0,1
15.0,1769.0,233.0,33.0,4.0,440.0,95.0,1
4.0,855.0,213.0,96.0,4.0,935.0,168.0,1
13.0,272.0,135.0,208.0,7.0,368.0,151.0,1
0.0,3919.0,85.0,92.0,5.0,830.0,61.0,1
15.0,3504.0,18.0,173.0,5.0,770.0,145.0,1
5.0,1222.0,236.0,261.0,6.0,795.0,83.0,1
16.0,2889.0,280.0,135.0,7.0,365.0,137.0,1
15.0,1888.0,175.0,2.0,6.0,1040.0,195.0,1
14.0,880.0,216.0,35.0,4.0,1365.0,72.0,1
13.0,180.0,264.0,253.0,7.0,1228.0,91.0,1
1.0,272.0,253.0,183.0,4.0,1255.0,315.0,1
14.0,231.0,34.0,217.0,6.0,420.0,126.0,1
12.0,6555.0,79.0,114.0,1.0,504.0,58.0,1
15.0,225.0,172.0,184.0,1.0,910.0,80.0,1
16.0,5978.0,60.0,134.0,7.0,881.0,92.0,1
15.0,3664.0,129.0,45.0,5.0,450.0,170.0,1
5.0,1963.0,78.0,197.0,5.0,720.0,164.0,1
0.0,4184.0,177.0,221.0,4.0,1132.0,116.0,1
5.0,2023.0,35.0,85.0,4.0,537.0,148.0,1
5.0,1536.0,85.0,45.0,3.0,625.0,96.0,1
6.0,7095.0,120.0,134.0,4.0,380.0,67.0,1
12.0,6624.0,58.0,79.0,7.0,1140.0,206.0,1
0.0,4262.0,250.0,85.0,1.0,1020.0,84.0,1
0.0,3772.0,85.0,12.0,7.0,625.0,96.0,1
1.0,501.0,27.0,80.0,3.0,415.0,130.0,1
1.0,708.0,18.0,80.0,5.0,360.0,60.0,1
1.0,1380.0,80.0,139.0,3.0,950.0,120.0,1
14.0,155.0,216.0,243.0,3.0,1075.0,356.0,1
13.0,660.0,79.0,96.0,5.0,754.0,225.0,1
6.0,5085.0,16.0,95.0,1.0,855.0,82.0,1
5.0,1433.0,60.0,16.0,1.0,500.0,83.0,1
11.0,6490.0,159.0,233.0,7.0,620.0,123.0,1
0.0,4245.0,175.0,85.0,5.0,840.0,87.0,1
15.0,1295.0,58.0,45.0,6.0,650.0,75.0,1
17.0,7211.0,134.0,228.0,4.0,1036.0,79.0,1
6.0,5569.0,101.0,16.0,4.0,875.0,89.0,1
12.0,6434.0,248.0,154.0,6.0,360.0,65.0,1
15.0,1566.0,172.0,214.0,1.0,900.0,245.0,1
14.0,196.0,217.0,243.0,6.0,890.0,71.0,1
3.0,27.0,42.0,148.0,1.0,762.0,77.0,1
10.0,4374.0,208.0,62.0,4.0,1085.0,50.0,1
5.0,2040.0,253.0,148.0,5.0,930.0,329.0,1
4.0,333.0,159.0,135.0,5.0,405.0,235.0,1
4.0,1606.0,243.0,135.0,1.0,585.0,187.0,1
2.0,132.0,14.0,214.0,7.0,55.0,215.0,1
10.0,2927.0,80.0,94.0,5.0,540.0,110.0,1
12.0,6978.0,265.0,208.0,1.0,360.0,60.0,1
10.0,3565.0,80.0,184.0,3.0,1285.0,125.0,1
10.0,3237.0,121.0,80.0,6.0,700.0,170.0,1
3.0,101.0,43.0,148.0,5.0,1180.0,87.0,1
5.0,1085.0,197.0,14.0,4.0,930.0,357.0,1
5.0,1836.0,85.0,45.0,3.0,945.0,104.0,1
13.0,270.0,207.0,79.0,4.0,459.0,148.0,1
5.0,67.0,16.0,277.0,1.0,990.0,90.0,1
14.0,1583.0,216.0,60.0,7.0,405.0,115.0,1
1.0,1085.0,80.0,268.0,7.0,1140.0,95.0,1
15.0,2311.0,44.0,153.0,6.0,1035.0,65.0,1
6.0,5293.0,36.0,16.0,6.0,455.0,80.0,1
1.0,501.0,27.0,80.0,7.0,415.0,130.0,1
7.0,212.0,79.0,18.0,4.0,655.0,123.0,1
1.0,479.0,80.0,252.0,4.0,735.0,260.0,1
15.0,661.0,175.0,209.0,5.0,780.0,120.0,1
5.0,2006.0,213.0,22.0,3.0,1180.0,170.0,1
2.0,317.0,253.0,252.0,5.0,1185.0,126.0,1
8.0,968.0,16.0,7.0,4.0,1260.0,116.0,1
13.0,316.0,264.0,79.0,6.0,497.0,148.0,1
12.0,6814.0,252.0,214.0,5.0,623.0,48.0,1
14.0,195.0,216.0,217.0,4.0,415.0,317.0,1
10.0,4333.0,148.0,221.0,5.0,895.0,105.0,1
5.0,1333.0,16.0,261.0,3.0,1130.0,255.0,1
8.0,922.0,16.0,172.0,5.0,926.0,132.0,1
6.0,7380.0,116.0,177.0,6.0,680.0,82.0,1
8.0,1110.0,238.0,241.0,6.0,490.0,185.0,1
4.0,1727.0,45.0,135.0,1.0,345.0,208.0,1
0.0,4370.0,245.0,16.0,4.0,1092.0,82.0,1
15.0,794.0,277.0,45.0,3.0,420.0,130.0,1
13.0,44.0,154.0,134.0,7.0,1345.0,290.0,1
12.0,6302.0,154.0,227.0,4.0,868.0,51.0,1
15.0,2044.0,79.0,268.0,6.0,745.0,120.0,1
16.0,2948.0,184.0,58.0,4.0,1135.0,69.0,1
15.0,3033.0,217.0,202.0,6.0,875.0,125.0,1
15.0,1687.0,79.0,261.0,4.0,480.0,90.0,1
8.0,190.0,16.0,78.0,6.0,1270.0,99.0,1
16.0,2065.0,135.0,234.0,5.0,600.0,158.0,1
12.0,6394.0,102.0,79.0,5.0,428.0,130.0,1
9.0,102.0,128.0,143.0,6.0,305.0,49.0,1
16.0,2335.0,172.0,135.0,4.0,828.0,124.0,1
12.0,4839.0,2.0,261.0,5.0,660.0,94.0,1
14.0,1021.0,159.0,60.0,3.0,495.0,127.0,1
15.0,1004.0,204.0,153.0,5.0,670.0,170.0,1
15.0,1294.0,154.0,217.0,4.0,965.0,80.0,1
17.0,2763.0,217.0,280.0,7.0,876.0,45.0,1
0.0,4321.0,116.0,177.0,5.0,985.0,84.0,1
12.0,6833.0,214.0,252.0,3.0,597.0,54.0,1
14.0,1944.0,60.0,96.0,4.0,1335.0,103.0,1
17.0,7254.0,208.0,245.0,4.0,466.0,120.0,1
8.0,1101.0,241.0,61.0,3.0,1129.0,143.0,1
5.0,2406.0,253.0,197.0,5.0,725.0,229.0,1
1.0,1184.0,208.0,96.0,6.0,735.0,145.0,1
16.0,2976.0,135.0,172.0,5.0,1275.0,113.0,1
12.0,4483.0,197.0,84.0,1.0,800.0,75.0,1
15.0,774.0,175.0,268.0,3.0,1140.0,65.0,1
5.0,2845.0,85.0,253.0,5.0,725.0,324.0,1
12.0,4457.0,197.0,99.0,3.0,1030.0,65.0,1
6.0,4964.0,16.0,157.0,7.0,900.0,74.0,1
8.0,783.0,215.0,159.0,5.0,484.0,80.0,1
5.0,1193.0,60.0,85.0,5.0,1154.0,113.0,1
15.0,1227.0,233.0,216.0,3.0,645.0,75.0,1
3.0,430.0,173.0,35.0,5.0,595.0,164.0,1
15.0,1312.0,129.0,75.0,7.0,600.0,55.0,1
6.0,5269.0,78.0,71.0,7.0,1085.0,99.0,1
14.0,1540.0,217.0,60.0,4.0,465.0,216.0,1
11.0,6405.0,16.0,54.0,4.0,498.0,77.0,1
1.0,1913.0,277.0,80.0,7.0,360.0,170.0,1
10.0,2804.0,279.0,80.0,7.0,545.0,70.0,1
1.0,1144.0,217.0,208.0,3.0,680.0,205.0,1
5.0,49.0,71.0,16.0,1.0,985.0,95.0,1
15.0,3321.0,264.0,202.0,3.0,760.0,85.0,1
13.0,310.0,79.0,159.0,6.0,648.0,224.0,1
6.0,5285.0,120.0,16.0,4.0,835.0,95.0,1
0.0,4036.0,71.0,78.0,4.0,690.0,86.0,1
1.0,1433.0,22.0,183.0,5.0,380.0,205.0,1
16.0,2589.0,58.0,172.0,7.0,1245.0,127.0,1
16.0,2863.0,190.0,135.0,1.0,885.0,90.0,1
0.0,4044.0,85.0,174.0,4.0,840.0,92.0,1
13.0,457.0,134.0,16.0,4.0,520.0,115.0,1
0.0,4052.0,75.0,177.0,3.0,380.0,88.0,1
6.0,5531.0,16.0,146.0,3.0,660.0,88.0,1
15.0,1345.0,2.0,217.0,5.0,735.0,75.0,1
6.0,5139.0,16.0,180.0,3.0,1017.0,58.0,1
6.0,5475.0,70.0,16.0,4.0,1046.0,49.0,1
15.0,1881.0,175.0,277.0,7.0,580.0,165.0,1
14.0,1153.0,216.0,80.0,3.0,575.0,225.0,1
10.0,3372.0,41.0,80.0,3.0,360.0,90.0,1
1.0,2075.0,96.0,80.0,7.0,1185.0,245.0,1
6.0,7311.0,188.0,177.0,6.0,390.0,70.0,1
13.0,693.0,159.0,208.0,3.0,1143.0,165.0,1
2.0,854.0,161.0,252.0,1.0,540.0,329.0,1
5.0,1057.0,172.0,85.0,1.0,1040.0,117.0,1
14.0,144.0,243.0,216.0,1.0,690.0,305.0,1
4.0,1100.0,96.0,35.0,5.0,1011.0,79.0,1
3.0,572.0,213.0,130.0,3.0,435.0,158.0,1
4.0,639.0,183.0,96.0,3.0,1235.0,175.0,1
14.0,1129.0,60.0,200.0,5.0,1345.0,54.0,1
15.0,1116.0,236.0,202.0,4.0,1125.0,55.0,1
15.0,452.0,170.0,75.0,3.0,400.0,70.0,1
5.0,2950.0,153.0,197.0,5.0,1155.0,188.0,1
16.0,2257.0,96.0,221.0,1.0,635.0,89.0,1
1.0,1786.0,277.0,148.0,4.0,800.0,160.0,1
1.0,656.0,44.0,80.0,4.0,925.0,180.0,1
12.0,6292.0,194.0,154.0,3.0,1229.0,71.0,1
17.0,2714.0,100.0,217.0,4.0,723.0,96.0,1
5.0,1987.0,216.0,197.0,4.0,495.0,198.0,1
5.0,1659.0,268.0,16.0,3.0,1007.0,102.0,1
1.0,1053.0,208.0,18.0,6.0,830.0,165.0,1
10.0,3031.0,154.0,243.0,4.0,870.0,45.0,1
5.0,2440.0,277.0,78.0,5.0,770.0,124.0,1
16.0,2309.0,16.0,135.0,1.0,410.0,129.0,1
15.0,694.0,2.0,175.0,1.0,715.0,160.0,1
2.0,686.0,214.0,208.0,7.0,610.0,244.0,1
11.0,6682.0,71.0,205.0,5.0,820.0,130.0,1
1.0,819.0,205.0,80.0,6.0,935.0,115.0,1
13.0,74.0,128.0,253.0,6.0,838.0,312.0,1
10.0,3909.0,285.0,208.0,3.0,925.0,110.0,1
1.0,1164.0,80.0,198.0,5.0,420.0,80.0,1
13.0,959.0,208.0,79.0,4.0,1205.0,161.0,1
15.0,1945.0,175.0,159.0,7.0,1100.0,130.0,1
5.0,329.0,147.0,16.0,6.0,846.0,79.0,1
15.0,2034.0,207.0,262.0,6.0,425.0,80.0,1
14.0,1497.0,60.0,200.0,4.0,680.0,51.0,1
14.0,2126.0,159.0,35.0,5.0,720.0,65.0,1
14.0,517.0,207.0,217.0,5.0,990.0,77.0,1
14.0,795.0,139.0,60.0,1.0,420.0,102.0,1
17.0,2604.0,60.0,120.0,1.0,590.0,56.0,1
11.0,6651.0,33.0,159.0,1.0,1067.0,133.0,1
1.0,1575.0,173.0,80.0,7.0,1110.0,180.0,1
0.0,3655.0,197.0,279.0,6.0,545.0,127.0,1
14.0,31.0,203.0,217.0,6.0,1410.0,344.0,1
8.0,671.0,184.0,173.0,1.0,525.0,177.0,1
15.0,360.0,91.0,18.0,5.0,1175.0,85.0,1
15.0,3503.0,22.0,175.0,4.0,775.0,155.0,1
15.0,408.0,268.0,173.0,7.0,945.0,140.0,1
4.0,784.0,96.0,214.0,4.0,1020.0,376.0,1
8.0,521.0,45.0,277.0,3.0,560.0,156.0,1
5.0,2538.0,16.0,78.0,6.0,620.0,114.0,1
15.0,455.0,202.0,2.0,5.0,1110.0,135.0,1
15.0,1094.0,253.0,217.0,1.0,460.0,110.0,1
15.0,1488.0,61.0,277.0,6.0,855.0,135.0,1
12.0,7800.0,282.0,261.0,4.0,390.0,55.0,1
6.0,5366.0,254.0,16.0,7.0,360.0,119.0,1
14.0,933.0,35.0,60.0,7.0,880.0,145.0,1
1.0,1412.0,183.0,148.0,4.0,1260.0,175.0,1
15.0,1967.0,18.0,75.0,6.0,675.0,55.0,1
15.0,2951.0,175.0,251.0,6.0,770.0,65.0,1
5.0,670.0,60.0,16.0,3.0,855.0,80.0,1
15.0,166.0,154.0,253.0,5.0,770.0,75.0,1
10.0,4116.0,208.0,177.0,4.0,840.0,110.0,1
17.0,1024.0,128.0,161.0,6.0,669.0,37.0,1
15.0,791.0,217.0,154.0,7.0,1090.0,85.0,1
14.0,1457.0,60.0,104.0,7.0,805.0,119.0,1
11.0,6302.0,71.0,35.0,4.0,450.0,130.0,1
15.0,404.0,184.0,277.0,1.0,925.0,170.0,1
6.0,5540.0,256.0,16.0,1.0,732.0,103.0,1
14.0,1181.0,60.0,135.0,7.0,890.0,170.0,1
13.0,491.0,204.0,79.0,6.0,388.0,110.0,1
15.0,312.0,173.0,12.0,3.0,535.0,160.0,1
6.0,5462.0,132.0,16.0,3.0,1008.0,60.0,1
16.0,2520.0,135.0,71.0,7.0,615.0,131.0,1
1.0,1361.0,132.0,80.0,1.0,385.0,135.0,1
15.0,1022.0,153.0,264.0,3.0,1115.0,70.0,1
11.0,6427.0,273.0,85.0,4.0,990.0,100.0,1
5.0,1222.0,261.0,16.0,1.0,1020.0,219.0,1
5.0,2807.0,173.0,177.0,5.0,732.0,135.0,1
5.0,1590.0,172.0,16.0,3.0,577.0,121.0,1
3.0,425.0,35.0,213.0,7.0,1120.0,194.0,1
16.0,2050.0,135.0,234.0,6.0,1135.0,153.0,1
15.0,1543.0,33.0,129.0,6.0,505.0,130.0,1
1.0,1725.0,139.0,80.0,5.0,1175.0,145.0,1
5.0,182.0,252.0,148.0,5.0,800.0,325.0,1
15.0,2198.0,45.0,261.0,4.0,820.0,305.0,1
10.0,4315.0,58.0,208.0,6.0,790.0,95.0,1
12.0,6983.0,100.0,153.0,4.0,1141.0,80.0,1
2.0,307.0,227.0,253.0,1.0,420.0,86.0,1
1.0,1077.0,80.0,253.0,1.0,470.0,230.0,1
5.0,2640.0,153.0,261.0,4.0,995.0,77.0,1
15.0,774.0,216.0,221.0,4.0,980.0,70.0,1
10.0,3641.0,183.0,61.0,1.0,1045.0,160.0,1
11.0,6550.0,78.0,148.0,5.0,535.0,84.0,1
12.0,4646.0,261.0,268.0,3.0,585.0,165.0,1
0.0,4292.0,167.0,148.0,4.0,890.0,110.0,1
6.0,5496.0,53.0,16.0,4.0,1020.0,104.0,1
15.0,1814.0,154.0,198.0,7.0,605.0,215.0,1
8.0,1042.0,104.0,61.0,7.0,920.0,158.0,1
12.0,4647.0,261.0,122.0,3.0,671.0,89.0,1
13.0,170.0,154.0,253.0,7.0,1060.0,85.0,1
6.0,7137.0,47.0,134.0,5.0,1167.0,83.0,1
5.0,240.0,183.0,16.0,5.0,767.0,117.0,1
14.0,1427.0,85.0,60.0,1.0,925.0,104.0,1
1.0,593.0,268.0,208.0,7.0,840.0,75.0,1
1.0,627.0,35.0,183.0,4.0,550.0,210.0,1
10.0,3064.0,243.0,154.0,6.0,1195.0,45.0,1
6.0,5169.0,16.0,91.0,7.0,551.0,208.0,1
15.0,938.0,154.0,262.0,1.0,1040.0,80.0,1
5.0,68.0,183.0,16.0,1.0,892.0,122.0,1
5.0,1569.0,234.0,16.0,6.0,738.0,111.0,1
6.0,5256.0,278.0,85.0,5.0,450.0,115.0,1
6.0,5485.0,16.0,288.0,7.0,822.0,72.0,1
1.0,1923.0,253.0,154.0,1.0,755.0,85.0,1
0.0,3824.0,197.0,290.0,5.0,1165.0,127.0,1
15.0,1539.0,79.0,277.0,6.0,605.0,205.0,1
15.0,602.0,129.0,131.0,4.0,665.0,60.0,1
5.0,1181.0,241.0,16.0,6.0,360.0,110.0,1
4.0,1441.0,135.0,18.0,6.0,1165.0,55.0,1
5.0,2245.0,78.0,85.0,5.0,1155.0,102.0,1
11.0,6752.0,111.0,197.0,3.0,430.0,180.0,1
12.0,6277.0,252.0,111.0,5.0,1245.0,58.0,1
12.0,6663.0,93.0,79.0,4.0,861.0,145.0,1
15.0,1015.0,228.0,173.0,1.0,820.0,190.0,1
2.0,566.0,214.0,154.0,4.0,1250.0,130.0,1
15.0,3247.0,154.0,258.0,5.0,1160.0,65.0,1
15.0,690.0,12.0,173.0,3.0,850.0,190.0,1
4.0,1707.0,277.0,135.0,1.0,910.0,141.0,1
15.0,1988.0,141.0,45.0,6.0,725.0,75.0,1
12.0,4492.0,114.0,261.0,1.0,785.0,56.0,1
14.0,2172.0,78.0,159.0,3.0,780.0,85.0,1
5.0,104.0,16.0,85.0,4.0,445.0,118.0,1
14.0,186.0,217.0,243.0,1.0,1075.0,70.0,1
0.0,3675.0,85.0,12.0,6.0,840.0,99.0,1
10.0,4153.0,20.0,208.0,1.0,830.0,135.0,1
15.0,2065.0,268.0,175.0,7.0,590.0,60.0,1
4.0,671.0,58.0,173.0,3.0,555.0,143.0,1
12.0,6459.0,79.0,80.0,7.0,971.0,112.0,1
13.0,199.0,173.0,208.0,1.0,863.0,177.0,1
15.0,1004.0,153.0,202.0,7.0,755.0,90.0,1
6.0,5447.0,251.0,16.0,4.0,633.0,90.0,1
0.0,4148.0,33.0,71.0,3.0,495.0,73.0,1
15.0,47.0,204.0,75.0,1.0,1000.0,55.0,1
15.0,948.0,217.0,243.0,7.0,1200.0,65.0,1
9.0,370.0,203.0,150.0,4.0,819.0,32.0,1
5.0,2202.0,16.0,104.0,7.0,1370.0,109.0,1
14.0,1159.0,22.0,78.0,6.0,375.0,81.0,1
13.0,743.0,221.0,79.0,3.0,467.0,228.0,1
0.0,3704.0,75.0,177.0,7.0,705.0,90.0,1
0.0,4083.0,177.0,84.0,6.0,865.0,100.0,1
15.0,3854.0,217.0,214.0,4.0,395.0,175.0,1
1.0,1523.0,208.0,253.0,4.0,1215.0,280.0,1
3.0,1203.0,43.0,241.0,3.0,420.0,186.0,1
5.0,1084.0,14.0,197.0,4.0,360.0,326.0,1
15.0,570.0,253.0,243.0,7.0,1260.0,85.0,1
13.0,689.0,159.0,208.0,4.0,1025.0,166.0,1
10.0,4187.0,84.0,208.0,1.0,390.0,85.0,1
1.0,1235.0,80.0,264.0,7.0,1280.0,190.0,1
4.0,1186.0,208.0,96.0,7.0,1015.0,136.0,1
12.0,6966.0,253.0,227.0,1.0,886.0,79.0,1
5.0,2578.0,243.0,261.0,3.0,375.0,120.0,1
15.0,1639.0,45.0,228.0,6.0,475.0,70.0,1
1.0,1901.0,80.0,183.0,3.0,750.0,160.0,1
3.0,1242.0,60.0,35.0,1.0,730.0,121.0,1
5.0,2012.0,16.0,208.0,3.0,445.0,127.0,1
0.0,4387.0,66.0,177.0,3.0,990.0,75.0,1
11.0,6330.0,278.0,16.0,4.0,697.0,77.0,1
15.0,2356.0,75.0,2.0,5.0,405.0,110.0,1
5.0,1634.0,148.0,16.0,1.0,690.0,158.0,1
5.0,1951.0,16.0,183.0,6.0,815.0,109.0,1
1.0,1284.0,80.0,60.0,7.0,1035.0,140.0,1
14.0,138.0,35.0,217.0,6.0,370.0,364.0,1
15.0,515.0,243.0,217.0,3.0,1040.0,70.0,1
15.0,351.0,153.0,243.0,3.0,660.0,65.0,1
13.0,386.0,79.0,35.0,5.0,751.0,226.0,1
15.0,1515.0,262.0,154.0,6.0,635.0,80.0,1
15.0,3087.0,175.0,134.0,6.0,565.0,105.0,1
12.0,4447.0,153.0,154.0,1.0,1060.0,75.0,1
16.0,2229.0,96.0,209.0,7.0,1120.0,87.0,1
15.0,1655.0,175.0,159.0,7.0,570.0,130.0,1
14.0,1021.0,60.0,277.0,6.0,691.0,103.0,1
4.0,63.0,96.0,135.0,4.0,1045.0,244.0,1
1.0,1228.0,280.0,208.0,1.0,790.0,200.0,1
15.0,981.0,111.0,153.0,1.0,770.0,140.0,1
0.0,3707.0,285.0,177.0,1.0,1065.0,84.0,1
8.0,94.0,233.0,16.0,3.0,933.0,86.0,1
8.0,694.0,16.0,267.0,5.0,929.0,92.0,1
5.0,1623.0,35.0,85.0,7.0,1108.0,147.0,1
15.0,1385.0,202.0,44.0,5.0,680.0,65.0,1
0.0,4059.0,85.0,152.0,3.0,1290.0,41.0,1
0.0,4344.0,85.0,228.0,6.0,851.0,104.0,1
15.0,1345.0,75.0,2.0,3.0,665.0,110.0,1
16.0,2699.0,96.0,45.0,6.0,920.0,62.0,1
6.0,7312.0,177.0,256.0,3.0,1160.0,73.0,1
15.0,1264.0,153.0,79.0,1.0,560.0,115.0,1
0.0,3984.0,240.0,85.0,6.0,940.0,95.0,1
15.0,767.0,244.0,153.0,4.0,905.0,175.0,1
15.0,1976.0,45.0,139.0,4.0,835.0,110.0,1
13.0,126.0,154.0,208.0,5.0,1391.0,239.0,1
12.0,6477.0,262.0,154.0,3.0,879.0,83.0,1
10.0,3005.0,154.0,243.0,4.0,1350.0,45.0,1
15.0,1444.0,175.0,2.0,6.0,720.0,190.0,1
1.0,1855.0,159.0,268.0,7.0,510.0,170.0,1
14.0,282.0,217.0,258.0,3.0,500.0,117.0,1
15.0,1069.0,61.0,173.0,7.0,785.0,135.0,1
4.0,696.0,153.0,135.0,7.0,870.0,173.0,1
1.0,1552.0,173.0,183.0,7.0,510.0,60.0,1
3.0,247.0,202.0,160.0,7.0,360.0,77.0,1
16.0,2378.0,117.0,58.0,1.0,480.0,85.0,1
14.0,1496.0,60.0,45.0,5.0,1340.0,81.0,1
12.0,6585.0,208.0,72.0,1.0,998.0,57.0,1
17.0,2648.0,217.0,153.0,1.0,405.0,68.0,1
15.0,3128.0,243.0,153.0,6.0,825.0,70.0,1
8.0,681.0,16.0,136.0,3.0,920.0,141.0,1
15.0,460.0,175.0,221.0,3.0,840.0,75.0,1
10.0,3703.0,208.0,16.0,6.0,1060.0,125.0,1
5.0,2151.0,16.0,147.0,3.0,570.0,74.0,1
16.0,2530.0,120.0,96.0,4.0,855.0,104.0,1
10.0,4002.0,208.0,290.0,1.0,935.0,110.0,1
6.0,7346.0,16.0,121.0,7.0,1070.0,60.0,1
15.0,735.0,79.0,214.0,1.0,515.0,175.0,1
12.0,6705.0,65.0,208.0,4.0,833.0,146.0,1
15.0,2812.0,233.0,45.0,4.0,730.0,60.0,1
15.0,2102.0,217.0,228.0,1.0,760.0,290.0,1
12.0,6575.0,253.0,179.0,1.0,516.0,79.0,1
5.0,2704.0,16.0,233.0,3.0,1370.0,81.0,1
14.0,1099.0,216.0,147.0,3.0,460.0,143.0,1
5.0,431.0,16.0,60.0,5.0,970.0,80.0,1
15.0,1392.0,214.0,153.0,4.0,540.0,125.0,1
11.0,6290.0,251.0,71.0,5.0,834.0,51.0,1
12.0,6489.0,55.0,253.0,3.0,617.0,65.0,1
15.0,497.0,45.0,233.0,1.0,760.0,65.0,1
10.0,2835.0,80.0,146.0,6.0,995.0,75.0,1
5.0,1403.0,197.0,104.0,5.0,620.0,213.0,1
12.0,6311.0,248.0,154.0,4.0,1220.0,70.0,1
1.0,1330.0,80.0,178.0,5.0,795.0,95.0,1
14.0,195.0,217.0,243.0,7.0,680.0,81.0,1
1.0,5.0,80.0,128.0,4.0,820.0,520.0,1
14.0,1040.0,45.0,60.0,5.0,535.0,96.0,1
16.0,2275.0,213.0,135.0,7.0,890.0,170.0,1
14.0,1656.0,60.0,213.0,7.0,564.0,106.0,1
0.0,4223.0,85.0,109.0,7.0,1055.0,58.0,1
15.0,45.0,175.0,268.0,4.0,830.0,65.0,1
13.0,247.0,153.0,79.0,3.0,792.0,114.0,1
16.0,2070.0,165.0,135.0,7.0,1031.0,72.0,1
14.0,1866.0,16.0,60.0,5.0,940.0,76.0,1
9.0,278.0,128.0,150.0,4.0,977.0,43.0,1
15.0,480.0,173.0,198.0,4.0,460.0,110.0,1
5.0,1295.0,221.0,16.0,5.0,733.0,112.0,1
11.0,6489.0,80.0,71.0,5.0,688.0,127.0,1
11.0,6682.0,45.0,71.0,5.0,671.0,109.0,1
10.0,3755.0,208.0,85.0,5.0,1220.0,80.0,1
6.0,5447.0,16.0,41.0,5.0,815.0,97.0,1
5.0,1671.0,139.0,197.0,5.0,1160.0,114.0,1
5.0,1096.0,241.0,16.0,7.0,1141.0,110.0,1
3.0,1264.0,18.0,35.0,3.0,985.0,218.0,1
0.0,4302.0,58.0,85.0,1.0,725.0,60.0,1
6.0,5526.0,16.0,106.0,6.0,538.0,118.0,1
3.0,177.0,148.0,217.0,7.0,580.0,340.0,1
14.0,1061.0,216.0,104.0,5.0,595.0,176.0,1
1.0,1002.0,80.0,268.0,3.0,600.0,95.0,1
1.0,1462.0,172.0,208.0,3.0,385.0,95.0,1
12.0,6375.0,63.0,208.0,5.0,888.0,82.0,1
5.0,2650.0,252.0,261.0,3.0,807.0,114.0,1
0.0,4260.0,233.0,35.0,4.0,550.0,123.0,1
15.0,3138.0,79.0,243.0,7.0,785.0,145.0,1
17.0,2608.0,54.0,60.0,6.0,434.0,66.0,1
3.0,81.0,148.0,104.0,1.0,899.0,192.0,1
5.0,1827.0,16.0,104.0,4.0,668.0,120.0,1
1.0,2028.0,268.0,159.0,4.0,480.0,140.0,1
4.0,866.0,252.0,135.0,5.0,1430.0,237.0,1
16.0,5923.0,208.0,164.0,7.0,1205.0,99.0,1
5.0,2811.0,177.0,104.0,5.0,560.0,139.0,1
10.0,3941.0,172.0,208.0,6.0,790.0,95.0,1
15.0,102.0,243.0,2.0,5.0,985.0,100.0,1
5.0,2651.0,216.0,261.0,1.0,430.0,318.0,1
12.0,6546.0,214.0,179.0,7.0,426.0,61.0,1
3.0,120.0,198.0,148.0,3.0,1089.0,169.0,1
5.0,1908.0,79.0,197.0,3.0,920.0,119.0,1
14.0,183.0,207.0,217.0,1.0,390.0,75.0,1
1.0,1907.0,78.0,183.0,4.0,430.0,165.0,1
15.0,1812.0,175.0,216.0,4.0,545.0,115.0,1
12.0,6944.0,208.0,85.0,6.0,665.0,71.0,1
0.0,4293.0,148.0,43.0,3.0,655.0,125.0,1
12.0,6982.0,208.0,221.0,7.0,632.0,88.0,1
15.0,1345.0,75.0,2.0,5.0,665.0,110.0,1
5.0,1969.0,16.0,173.0,4.0,540.0,98.0,1
11.0,6472.0,174.0,71.0,3.0,770.0,105.0,1
4.0,1572.0,18.0,135.0,4.0,667.0,56.0,1
13.0,409.0,159.0,79.0,7.0,1061.0,273.0,1
5.0,571.0,16.0,269.0,6.0,600.0,226.0,1
15.0,3239.0,172.0,277.0,3.0,1105.0,155.0,1
12.0,4860.0,261.0,208.0,4.0,1025.0,189.0,1
17.0,2895.0,83.0,217.0,1.0,730.0,109.0,1
12.0,4535.0,214.0,261.0,1.0,1092.0,108.0,1
3.0,129.0,43.0,148.0,6.0,705.0,75.0,1
8.0,356.0,16.0,159.0,3.0,1013.0,128.0,1
12.0,6973.0,252.0,154.0,1.0,669.0,149.0,1
17.0,2928.0,217.0,2.0,3.0,1360.0,66.0,1
6.0,5235.0,16.0,41.0,3.0,933.0,96.0,1
14.0,654.0,217.0,264.0,6.0,685.0,86.0,1
12.0,6406.0,93.0,253.0,1.0,766.0,90.0,1
6.0,7136.0,134.0,159.0,1.0,497.0,75.0,1
1.0,1484.0,80.0,18.0,4.0,1185.0,60.0,1
5.0,2575.0,120.0,16.0,4.0,423.0,92.0,1
17.0,2610.0,60.0,96.0,5.0,725.0,113.0,1
12.0,6473.0,154.0,140.0,4.0,780.0,60.0,1
5.0,432.0,96.0,85.0,5.0,753.0,117.0,1
5.0,1196.0,203.0,154.0,5.0,826.0,314.0,1
3.0,1235.0,35.0,233.0,6.0,365.0,125.0,1
15.0,647.0,75.0,2.0,1.0,745.0,110.0,1
5.0,14.0,153.0,16.0,5.0,487.0,223.0,1
10.0,3810.0,208.0,58.0,1.0,465.0,80.0,1
15.0,2772.0,75.0,244.0,6.0,545.0,65.0,1
2.0,669.0,18.0,252.0,4.0,1095.0,254.0,1
15.0,1583.0,91.0,75.0,7.0,745.0,95.0,1
11.0,6405.0,120.0,16.0,3.0,370.0,93.0,1
12.0,7053.0,162.0,208.0,7.0,869.0,112.0,1
8.0,104.0,80.0,16.0,7.0,652.0,118.0,1
2.0,582.0,214.0,264.0,1.0,425.0,144.0,1
14.0,1203.0,45.0,60.0,7.0,935.0,88.0,1
12.0,6877.0,79.0,254.0,4.0,974.0,97.0,1
15.0,409.0,233.0,33.0,7.0,480.0,95.0,1
0.0,4016.0,175.0,85.0,4.0,971.0,84.0,1
5.0,1185.0,261.0,252.0,3.0,1290.0,135.0,1
5.0,2724.0,29.0,197.0,5.0,390.0,79.0,1
6.0,5591.0,275.0,16.0,7.0,995.0,74.0,1
7.0,787.0,79.0,153.0,1.0,1005.0,114.0,1
13.0,245.0,79.0,258.0,4.0,728.0,166.0,1
0.0,3805.0,58.0,177.0,4.0,435.0,144.0,1
12.0,4718.0,112.0,197.0,6.0,1018.0,71.0,1
3.0,294.0,160.0,252.0,3.0,665.0,161.0,1
15.0,861.0,175.0,154.0,7.0,1040.0,275.0,1
1.0,1436.0,80.0,60.0,3.0,700.0,135.0,1
10.0,4388.0,148.0,35.0,1.0,955.0,80.0,1
15.0,792.0,85.0,33.0,5.0,385.0,105.0,1
15.0,1898.0,217.0,61.0,6.0,690.0,220.0,1
14.0,940.0,217.0,197.0,7.0,1190.0,184.0,1
12.0,3074.0,184.0,139.0,7.0,1070.0,62.0,1
14.0,1430.0,60.0,238.0,6.0,1194.0,101.0,1
4.0,175.0,264.0,128.0,3.0,540.0,345.0,1
16.0,2116.0,135.0,65.0,7.0,1112.0,141.0,1
5.0,2003.0,197.0,262.0,7.0,555.0,243.0,1
1.0,481.0,79.0,80.0,4.0,795.0,115.0,1
12.0,6317.0,154.0,246.0,1.0,451.0,40.0,1
17.0,2888.0,217.0,18.0,4.0,790.0,133.0,1
15.0,513.0,198.0,217.0,7.0,685.0,215.0,1
3.0,1293.0,35.0,221.0,1.0,982.0,106.0,1
13.0,415.0,79.0,253.0,3.0,616.0,174.0,1
5.0,1489.0,184.0,16.0,3.0,740.0,125.0,1
14.0,1015.0,60.0,213.0,3.0,870.0,108.0,1
6.0,5185.0,16.0,251.0,3.0,801.0,78.0,1
15.0,931.0,45.0,172.0,5.0,990.0,180.0,1
1.0,2265.0,216.0,208.0,1.0,450.0,160.0,1
15.0,1250.0,147.0,33.0,6.0,930.0,95.0,1
4.0,34.0,18.0,135.0,4.0,810.0,60.0,1
11.0,6590.0,134.0,71.0,5.0,415.0,110.0,1
0.0,3931.0,171.0,197.0,6.0,388.0,102.0,1
5.0,2657.0,148.0,243.0,1.0,550.0,380.0,1
15.0,468.0,111.0,34.0,3.0,410.0,65.0,1
1.0,1044.0,183.0,233.0,4.0,635.0,120.0,1
15.0,185.0,45.0,22.0,3.0,520.0,65.0,1
14.0,913.0,234.0,60.0,4.0,330.0,72.0,1
12.0,6311.0,154.0,227.0,3.0,1350.0,50.0,1
5.0,1075.0,233.0,16.0,3.0,660.0,86.0,1
8.0,434.0,16.0,184.0,3.0,525.0,124.0,1
8.0,1484.0,173.0,85.0,3.0,642.0,157.0,1
5.0,2628.0,208.0,177.0,4.0,1010.0,110.0,1
16.0,2526.0,119.0,58.0,7.0,620.0,60.0,1
9.0,16.0,128.0,243.0,6.0,790.0,325.0,1
9.0,39.0,214.0,203.0,3.0,525.0,355.0,1
5.0,1025.0,245.0,16.0,7.0,1000.0,76.0,1
15.0,1458.0,153.0,244.0,3.0,815.0,160.0,1
10.0,3478.0,162.0,80.0,1.0,605.0,80.0,1
15.0,708.0,18.0,258.0,1.0,955.0,235.0,1
1.0,1067.0,61.0,80.0,7.0,1105.0,175.0,1
0.0,3990.0,177.0,254.0,6.0,560.0,75.0,1
4.0,1421.0,58.0,79.0,7.0,680.0,205.0,1
5.0,2922.0,217.0,85.0,3.0,425.0,230.0,1
8.0,216.0,241.0,184.0,4.0,1094.0,181.0,1
5.0,1706.0,154.0,85.0,1.0,688.0,267.0,1
13.0,460.0,253.0,153.0,3.0,1264.0,94.0,1
15.0,2229.0,182.0,173.0,6.0,1000.0,200.0,1
13.0,247.0,79.0,172.0,3.0,1072.0,103.0,1
12.0,6583.0,79.0,65.0,1.0,485.0,32.0,1
15.0,611.0,217.0,264.0,7.0,810.0,75.0,1
14.0,960.0,33.0,60.0,7.0,780.0,74.0,1
10.0,3347.0,254.0,80.0,6.0,780.0,85.0,1
1.0,1241.0,80.0,79.0,5.0,610.0,125.0,1
10.0,2843.0,283.0,80.0,1.0,655.0,60.0,1
4.0,503.0,154.0,96.0,5.0,850.0,309.0,1
10.0,4585.0,159.0,60.0,1.0,810.0,120.0,1
6.0,5226.0,16.0,19.0,5.0,510.0,61.0,1
5.0,1955.0,16.0,33.0,4.0,1372.0,65.0,1
14.0,88.0,217.0,214.0,4.0,675.0,169.0,1
4.0,1701.0,96.0,104.0,1.0,410.0,178.0,1
14.0,656.0,80.0,217.0,5.0,1110.0,161.0,1
6.0,7098.0,208.0,120.0,6.0,525.0,102.0,1
16.0,2609.0,96.0,184.0,3.0,1175.0,159.0,1
0.0,4020.0,121.0,71.0,1.0,410.0,92.0,1
3.0,87.0,148.0,261.0,7.0,1230.0,326.0,1
5.0,2915.0,16.0,217.0,5.0,520.0,270.0,1
10.0,3671.0,183.0,275.0,6.0,665.0,85.0,1
1.0,1141.0,148.0,183.0,7.0,345.0,190.0,1
5.0,1843.0,148.0,252.0,1.0,1050.0,380.0,1
13.0,405.0,79.0,264.0,4.0,924.0,147.0,1
1.0,1596.0,214.0,80.0,5.0,360.0,225.0,1
15.0,500.0,202.0,243.0,1.0,420.0,85.0,1
6.0,7112.0,134.0,148.0,6.0,745.0,80.0,1
12.0,4558.0,261.0,279.0,1.0,826.0,142.0,1
15.0,1715.0,261.0,34.0,5.0,495.0,70.0,1
8.0,64.0,16.0,134.0,1.0,747.0,102.0,1
13.0,108.0,208.0,153.0,7.0,1090.0,247.0,1
9.0,303.0,128.0,161.0,1.0,535.0,37.0,1
15.0,1134.0,175.0,207.0,5.0,705.0,265.0,1
15.0,863.0,204.0,172.0,5.0,585.0,70.0,1
10.0,3633.0,183.0,60.0,1.0,435.0,120.0,1
15.0,500.0,243.0,129.0,4.0,530.0,180.0,1
15.0,637.0,268.0,175.0,4.0,940.0,60.0,1
15.0,3814.0,173.0,241.0,1.0,790.0,50.0,1
1.0,1607.0,279.0,80.0,4.0,770.0,70.0,1
10.0,2913.0,80.0,288.0,5.0,810.0,110.0,1
5.0,2107.0,197.0,208.0,7.0,1185.0,82.0,1
5.0,2159.0,148.0,173.0,6.0,1130.0,191.0,1
14.0,1774.0,60.0,85.0,3.0,1335.0,98.0,1
16.0,2830.0,135.0,146.0,6.0,1192.0,70.0,1
16.0,2497.0,135.0,136.0,1.0,975.0,101.0,1
10.0,2752.0,80.0,109.0,4.0,640.0,130.0,1
13.0,200.0,252.0,208.0,5.0,826.0,238.0,1
4.0,337.0,60.0,96.0,4.0,900.0,120.0,1
3.0,1327.0,35.0,45.0,1.0,1060.0,92.0,1
14.0,987.0,216.0,173.0,7.0,480.0,163.0,1
1.0,1808.0,183.0,79.0,4.0,1235.0,270.0,1
12.0,6230.0,214.0,93.0,5.0,675.0,36.0,1
12.0,6290.0,154.0,194.0,3.0,461.0,65.0,1
13.0,408.0,264.0,79.0,1.0,804.0,139.0,1
5.0,2649.0,96.0,197.0,1.0,1095.0,197.0,1
5.0,2248.0,85.0,159.0,3.0,925.0,112.0,1
6.0,5094.0,138.0,16.0,7.0,1079.0,100.0,1
2.0,62.0,151.0,252.0,3.0,818.0,112.0,1
10.0,3886.0,208.0,197.0,6.0,805.0,85.0,1
15.0,1545.0,129.0,173.0,6.0,415.0,130.0,1
16.0,2465.0,135.0,170.0,1.0,1000.0,84.0,1
5.0,2768.0,252.0,16.0,7.0,800.0,285.0,1
15.0,3011.0,173.0,141.0,6.0,980.0,145.0,1
3.0,504.0,104.0,96.0,7.0,584.0,166.0,1
12.0,6338.0,243.0,154.0,7.0,1058.0,42.0,1
1.0,2421.0,80.0,154.0,7.0,695.0,195.0,1
10.0,4548.0,159.0,61.0,1.0,779.0,121.0,1
0.0,4380.0,85.0,247.0,5.0,1180.0,65.0,1
4.0,391.0,183.0,135.0,7.0,901.0,174.0,1
6.0,5482.0,16.0,69.0,3.0,845.0,82.0,1
5.0,2994.0,16.0,216.0,7.0,1147.0,129.0,1
13.0,285.0,134.0,253.0,1.0,740.0,367.0,1
0.0,3969.0,16.0,130.0,6.0,735.0,148.0,1
16.0,2758.0,135.0,280.0,6.0,1255.0,154.0,1
15.0,2116.0,33.0,172.0,7.0,860.0,105.0,1
15.0,3485.0,33.0,173.0,4.0,465.0,110.0,1
5.0,2459.0,16.0,205.0,3.0,1129.0,153.0,1
13.0,18.0,79.0,45.0,1.0,626.0,202.0,1
12.0,4450.0,137.0,261.0,4.0,810.0,51.0,1
15.0,2991.0,253.0,154.0,3.0,1280.0,75.0,1
5.0,2692.0,217.0,197.0,7.0,1140.0,189.0,1
15.0,1662.0,45.0,159.0,7.0,860.0,70.0,1
15.0,1414.0,198.0,217.0,4.0,685.0,215.0,1
1.0,1215.0,78.0,80.0,1.0,360.0,210.0,1
5.0,2838.0,16.0,78.0,3.0,445.0,94.0,1
3.0,1297.0,35.0,221.0,4.0,420.0,109.0,1
5.0,1254.0,16.0,209.0,7.0,580.0,108.0,1
14.0,17.0,148.0,217.0,1.0,990.0,340.0,1
13.0,245.0,79.0,258.0,6.0,719.0,168.0,1
14.0,74.0,216.0,252.0,6.0,1070.0,368.0,1
14.0,77.0,217.0,252.0,3.0,1270.0,187.0,1
15.0,1023.0,202.0,2.0,1.0,505.0,135.0,1
16.0,2510.0,58.0,182.0,4.0,479.0,92.0,1
15.0,616.0,75.0,91.0,4.0,1145.0,105.0,1
0.0,4152.0,233.0,61.0,5.0,722.0,110.0,1
4.0,1558.0,264.0,135.0,5.0,710.0,186.0,1
6.0,5302.0,16.0,174.0,1.0,655.0,114.0,1
15.0,580.0,268.0,172.0,3.0,635.0,65.0,1
6.0,5289.0,16.0,146.0,3.0,885.0,85.0,1
8.0,460.0,16.0,45.0,5.0,530.0,106.0,1
10.0,3989.0,76.0,208.0,5.0,670.0,75.0,1
16.0,5948.0,208.0,58.0,4.0,645.0,72.0,1
15.0,644.0,153.0,44.0,1.0,895.0,70.0,1
6.0,7098.0,208.0,120.0,1.0,526.0,102.0,1
0.0,3764.0,85.0,272.0,7.0,845.0,104.0,1
1.0,1062.0,172.0,80.0,1.0,855.0,100.0,1
5.0,2335.0,16.0,147.0,3.0,887.0,69.0,1
10.0,4007.0,208.0,61.0,6.0,940.0,75.0,1
12.0,6635.0,253.0,55.0,4.0,739.0,55.0,1
0.0,3958.0,251.0,16.0,5.0,1080.0,87.0,1
10.0,3613.0,183.0,27.0,6.0,1170.0,125.0,1
6.0,5570.0,16.0,278.0,5.0,665.0,73.0,1
15.0,589.0,243.0,153.0,7.0,1195.0,70.0,1
15.0,1295.0,175.0,58.0,6.0,500.0,70.0,1
16.0,2310.0,183.0,58.0,5.0,715.0,168.0,1
9.0,165.0,203.0,128.0,3.0,806.0,34.0,1
17.0,2818.0,217.0,84.0,5.0,1190.0,179.0,1
13.0,100.0,253.0,134.0,3.0,702.0,313.0,1
8.0,618.0,184.0,198.0,1.0,805.0,135.0,1
15.0,1073.0,153.0,243.0,5.0,1105.0,65.0,1
1.0,1916.0,80.0,22.0,6.0,495.0,190.0,1
5.0,1877.0,208.0,16.0,3.0,996.0,124.0,1
13.0,648.0,79.0,172.0,7.0,521.0,96.0,1
1.0,123.0,80.0,128.0,1.0,670.0,525.0,1
8.0,516.0,61.0,16.0,3.0,385.0,108.0,1
1.0,2556.0,153.0,148.0,3.0,655.0,310.0,1
8.0,1483.0,85.0,173.0,4.0,1188.0,156.0,1
8.0,922.0,16.0,172.0,6.0,933.0,132.0,1
2.0,83.0,252.0,14.0,3.0,480.0,220.0,1
10.0,3078.0,194.0,154.0,6.0,695.0,65.0,1
16.0,2370.0,96.0,197.0,7.0,540.0,197.0,1
15.0,933.0,45.0,129.0,1.0,620.0,220.0,1
10.0,3709.0,16.0,208.0,7.0,845.0,125.0,1
13.0,63.0,79.0,203.0,6.0,733.0,451.0,1
10.0,2934.0,157.0,80.0,5.0,745.0,150.0,1
12.0,6452.0,100.0,154.0,3.0,510.0,71.0,1
9.0,36.0,128.0,217.0,1.0,905.0,354.0,1
5.0,1663.0,261.0,243.0,7.0,677.0,114.0,1
0.0,4015.0,221.0,85.0,3.0,1036.0,84.0,1
4.0,521.0,16.0,135.0,5.0,560.0,148.0,1
14.0,990.0,104.0,60.0,5.0,690.0,117.0,1
5.0,1234.0,261.0,264.0,6.0,520.0,122.0,1
15.0,751.0,258.0,243.0,5.0,1280.0,75.0,1
1.0,1468.0,80.0,177.0,3.0,535.0,85.0,1
16.0,2944.0,135.0,177.0,3.0,960.0,93.0,1
14.0,1621.0,60.0,80.0,6.0,980.0,178.0,1
5.0,630.0,85.0,78.0,5.0,835.0,95.0,1
4.0,534.0,135.0,221.0,1.0,800.0,155.0,1
17.0,2834.0,217.0,280.0,4.0,1365.0,41.0,1
5.0,2329.0,16.0,252.0,4.0,1310.0,336.0,1
14.0,933.0,60.0,147.0,7.0,1075.0,73.0,1
15.0,1825.0,173.0,182.0,6.0,785.0,170.0,1
16.0,5899.0,58.0,208.0,3.0,405.0,87.0,1
16.0,3105.0,135.0,162.0,7.0,1175.0,78.0,1
13.0,526.0,35.0,253.0,7.0,1208.0,411.0,1
3.0,1188.0,267.0,35.0,6.0,945.0,176.0,1
7.0,377.0,184.0,79.0,4.0,510.0,155.0,1
16.0,2773.0,135.0,146.0,1.0,840.0,74.0,1
15.0,2007.0,197.0,175.0,5.0,1180.0,90.0,1
15.0,3238.0,175.0,159.0,5.0,475.0,150.0,1
0.0,3949.0,228.0,85.0,3.0,345.0,135.0,1
1.0,1032.0,207.0,80.0,1.0,370.0,180.0,1
6.0,5612.0,16.0,201.0,4.0,590.0,89.0,1
5.0,1903.0,16.0,153.0,5.0,810.0,270.0,1
3.0,634.0,253.0,35.0,1.0,835.0,320.0,1
1.0,1048.0,208.0,183.0,4.0,480.0,185.0,1
8.0,501.0,184.0,159.0,1.0,495.0,124.0,1
6.0,5224.0,16.0,47.0,4.0,981.0,61.0,1
15.0,1877.0,214.0,172.0,7.0,530.0,200.0,1
15.0,170.0,214.0,153.0,5.0,720.0,125.0,1
0.0,4205.0,234.0,85.0,3.0,580.0,115.0,1
15.0,119.0,175.0,216.0,4.0,460.0,125.0,1
4.0,776.0,135.0,216.0,5.0,445.0,187.0,1
13.0,942.0,154.0,208.0,6.0,668.0,241.0,1
10.0,4350.0,208.0,21.0,3.0,1245.0,50.0,1
15.0,2779.0,268.0,153.0,6.0,1080.0,225.0,1
15.0,843.0,45.0,268.0,7.0,650.0,145.0,1
1.0,425.0,208.0,252.0,1.0,940.0,270.0,1
1.0,1488.0,79.0,183.0,5.0,1435.0,220.0,1
15.0,460.0,214.0,175.0,4.0,445.0,240.0,1
5.0,2612.0,197.0,214.0,1.0,1040.0,225.0,1
8.0,587.0,45.0,119.0,5.0,1295.0,105.0,1
15.0,643.0,262.0,217.0,3.0,1160.0,110.0,1
1.0,1032.0,80.0,172.0,7.0,720.0,90.0,1
0.0,3702.0,240.0,197.0,3.0,330.0,50.0,1
15.0,1439.0,175.0,45.0,7.0,735.0,110.0,1
5.0,1207.0,16.0,43.0,7.0,935.0,123.0,1
1.0,1555.0,183.0,260.0,5.0,1180.0,145.0,1
0.0,4287.0,71.0,85.0,4.0,460.0,87.0,1
9.0,167.0,150.0,128.0,4.0,698.0,42.0,1
5.0,2621.0,261.0,154.0,5.0,1205.0,121.0,1
15.0,1117.0,175.0,216.0,5.0,765.0,120.0,1
11.0,6267.0,71.0,177.0,1.0,750.0,95.0,1
10.0,3336.0,80.0,114.0,4.0,1100.0,135.0,1
6.0,5611.0,16.0,115.0,5.0,505.0,78.0,1
1.0,2021.0,208.0,260.0,6.0,920.0,275.0,1
10.0,4235.0,208.0,84.0,5.0,570.0,75.0,1
3.0,1328.0,45.0,35.0,3.0,1055.0,84.0,1
14.0,1505.0,60.0,217.0,4.0,451.0,288.0,1
10.0,3985.0,208.0,240.0,1.0,505.0,70.0,1
15.0,1824.0,175.0,197.0,4.0,705.0,90.0,1
1.0,1631.0,198.0,183.0,5.0,360.0,105.0,1
15.0,327.0,153.0,252.0,4.0,635.0,165.0,1
16.0,2380.0,135.0,19.0,4.0,780.0,121.0,1
12.0,4766.0,230.0,197.0,1.0,713.0,92.0,1
12.0,4442.0,261.0,102.0,3.0,1299.0,102.0,1
0.0,4396.0,109.0,85.0,6.0,611.0,64.0,1
15.0,3403.0,268.0,75.0,4.0,1155.0,105.0,1
15.0,2871.0,244.0,75.0,5.0,990.0,55.0,1
5.0,2219.0,159.0,197.0,4.0,695.0,185.0,1
6.0,5418.0,16.0,11.0,1.0,995.0,57.0,1
5.0,2562.0,154.0,148.0,4.0,690.0,332.0,1
10.0,3395.0,80.0,41.0,1.0,1080.0,75.0,1
5.0,2525.0,197.0,214.0,6.0,555.0,232.0,1
1.0,1937.0,35.0,260.0,4.0,515.0,240.0,1
8.0,471.0,45.0,16.0,5.0,1105.0,115.0,1
15.0,1418.0,197.0,217.0,6.0,685.0,215.0,1
4.0,232.0,135.0,159.0,4.0,575.0,202.0,1
13.0,744.0,79.0,35.0,1.0,487.0,227.0,1
13.0,259.0,173.0,79.0,7.0,693.0,249.0,1
13.0,579.0,79.0,28.0,7.0,682.0,93.0,1
15.0,774.0,175.0,268.0,7.0,1140.0,65.0,1
15.0,2706.0,175.0,45.0,4.0,735.0,110.0,1
10.0,3256.0,118.0,80.0,5.0,360.0,50.0,1
5.0,1535.0,16.0,262.0,7.0,1195.0,312.0,1
5.0,1298.0,150.0,154.0,3.0,1304.0,316.0,1
1.0,2227.0,148.0,153.0,4.0,1165.0,360.0,1
16.0,2585.0,268.0,96.0,3.0,370.0,137.0,1
5.0,1402.0,277.0,177.0,6.0,420.0,119.0,1
6.0,5509.0,16.0,279.0,1.0,650.0,130.0,1
15.0,840.0,79.0,217.0,5.0,375.0,120.0,1
14.0,149.0,217.0,61.0,1.0,599.0,226.0,1
12.0,6512.0,154.0,65.0,1.0,455.0,126.0,1
6.0,7082.0,134.0,35.0,3.0,626.0,87.0,1
6.0,7096.0,208.0,273.0,6.0,1000.0,102.0,1
10.0,3933.0,136.0,208.0,1.0,1025.0,120.0,1
5.0,2080.0,252.0,85.0,1.0,565.0,260.0,1
12.0,6336.0,253.0,236.0,5.0,544.0,58.0,1
8.0,848.0,173.0,16.0,3.0,395.0,96.0,1
5.0,2644.0,243.0,197.0,3.0,870.0,216.0,1
10.0,4684.0,78.0,233.0,5.0,660.0,65.0,1
14.0,489.0,60.0,79.0,6.0,1095.0,235.0,1
14.0,274.0,217.0,135.0,4.0,599.0,164.0,1
1.0,625.0,173.0,183.0,3.0,920.0,65.0,1
16.0,2322.0,38.0,135.0,4.0,671.0,71.0,1
10.0,3003.0,79.0,154.0,4.0,795.0,150.0,1
15.0,617.0,61.0,175.0,5.0,1140.0,75.0,1
4.0,236.0,135.0,178.0,7.0,1075.0,76.0,1
4.0,229.0,79.0,96.0,4.0,505.0,225.0,1
14.0,90.0,96.0,217.0,1.0,610.0,329.0,1
17.0,7276.0,208.0,135.0,6.0,682.0,164.0,1
14.0,1197.0,216.0,217.0,3.0,820.0,316.0,1
15.0,1468.0,268.0,33.0,3.0,420.0,65.0,1
1.0,1622.0,214.0,80.0,6.0,740.0,220.0,1
12.0,6476.0,252.0,154.0,7.0,929.0,149.0,1
1.0,2352.0,80.0,208.0,3.0,845.0,135.0,1
15.0,3601.0,12.0,277.0,3.0,655.0,205.0,1
15.0,1198.0,173.0,33.0,3.0,460.0,120.0,1
12.0,6250.0,232.0,214.0,3.0,850.0,45.0,1
3.0,1403.0,18.0,253.0,5.0,501.0,240.0,1
6.0,4987.0,223.0,16.0,4.0,560.0,70.0,1
5.0,2750.0,252.0,261.0,5.0,1080.0,112.0,1
16.0,2264.0,16.0,135.0,1.0,460.0,139.0,1
9.0,48.0,128.0,202.0,3.0,875.0,310.0,1
11.0,6472.0,174.0,71.0,1.0,770.0,105.0,1
12.0,6332.0,93.0,214.0,3.0,985.0,37.0,1
13.0,127.0,43.0,208.0,7.0,1069.0,116.0,1
1.0,662.0,172.0,80.0,5.0,1020.0,105.0,1
7.0,791.0,79.0,214.0,3.0,503.0,169.0,1
15.0,351.0,243.0,79.0,3.0,755.0,135.0,1
13.0,783.0,134.0,2.0,3.0,1060.0,263.0,1
15.0,198.0,2.0,129.0,1.0,430.0,120.0,1
5.0,2716.0,71.0,159.0,4.0,1140.0,120.0,1
2.0,73.0,149.0,14.0,6.0,455.0,107.0,1
15.0,2549.0,154.0,79.0,1.0,910.0,135.0,1
15.0,638.0,173.0,184.0,7.0,990.0,175.0,1
17.0,2904.0,60.0,138.0,6.0,679.0,54.0,1
6.0,5351.0,16.0,129.0,5.0,1165.0,142.0,1
0.0,3979.0,43.0,148.0,6.0,575.0,100.0,1
1.0,2435.0,208.0,217.0,1.0,815.0,235.0,1
1.0,606.0,80.0,260.0,5.0,965.0,265.0,1
2.0,66.0,291.0,149.0,6.0,1110.0,48.0,1
3.0,537.0,96.0,277.0,4.0,951.0,179.0,1
13.0,517.0,134.0,79.0,4.0,742.0,233.0,1
2.0,153.0,14.0,211.0,6.0,1035.0,94.0,1
17.0,7217.0,76.0,134.0,4.0,624.0,76.0,1
12.0,4855.0,28.0,261.0,1.0,700.0,80.0,1
5.0,1831.0,214.0,261.0,4.0,360.0,107.0,1
15.0,877.0,264.0,253.0,7.0,780.0,85.0,1
7.0,138.0,79.0,80.0,1.0,955.0,108.0,1
3.0,738.0,37.0,148.0,3.0,675.0,229.0,1
11.0,6644.0,177.0,205.0,6.0,1160.0,108.0,1
6.0,4947.0,16.0,47.0,3.0,905.0,64.0,1
15.0,2005.0,61.0,33.0,7.0,1055.0,75.0,1
15.0,1698.0,45.0,104.0,6.0,530.0,160.0,1
5.0,1123.0,261.0,85.0,1.0,520.0,216.0,1
15.0,467.0,217.0,153.0,4.0,1110.0,70.0,1
10.0,2959.0,256.0,80.0,6.0,945.0,60.0,1
5.0,1237.0,234.0,16.0,5.0,890.0,110.0,1
1.0,1247.0,35.0,208.0,6.0,510.0,180.0,1
12.0,4659.0,261.0,28.0,1.0,669.0,84.0,1
11.0,6299.0,233.0,35.0,6.0,550.0,122.0,1
14.0,1197.0,216.0,217.0,5.0,820.0,316.0,1
16.0,2364.0,96.0,268.0,1.0,885.0,167.0,1
8.0,525.0,45.0,277.0,4.0,937.0,148.0,1
11.0,6511.0,177.0,71.0,3.0,1135.0,92.0,1
12.0,6385.0,248.0,154.0,5.0,700.0,62.0,1
6.0,5251.0,16.0,118.0,4.0,1170.0,150.0,1
6.0,5181.0,16.0,188.0,5.0,612.0,109.0,1
3.0,301.0,134.0,160.0,3.0,740.0,339.0,1
15.0,1752.0,75.0,18.0,1.0,1010.0,55.0,1
11.0,6315.0,173.0,233.0,7.0,565.0,110.0,1
1.0,1005.0,104.0,208.0,3.0,1230.0,190.0,1
1.0,1069.0,233.0,80.0,5.0,1120.0,190.0,1
16.0,2057.0,273.0,96.0,1.0,1030.0,82.0,1
8.0,205.0,16.0,48.0,3.0,1250.0,106.0,1
14.0,1468.0,277.0,78.0,4.0,805.0,124.0,1
14.0,953.0,216.0,60.0,3.0,820.0,110.0,1
12.0,6943.0,253.0,194.0,7.0,1198.0,43.0,1
4.0,1057.0,159.0,58.0,1.0,970.0,99.0,1
16.0,2862.0,135.0,184.0,3.0,1195.0,153.0,1
12.0,6854.0,253.0,6.0,6.0,554.0,78.0,1
0.0,4252.0,85.0,250.0,7.0,1310.0,84.0,1
8.0,1078.0,173.0,130.0,3.0,650.0,152.0,1
16.0,3037.0,54.0,135.0,5.0,360.0,167.0,1
16.0,2138.0,290.0,96.0,1.0,630.0,170.0,1
5.0,1452.0,16.0,71.0,4.0,855.0,85.0,1
6.0,5334.0,16.0,4.0,4.0,574.0,62.0,1
5.0,2444.0,153.0,71.0,4.0,684.0,226.0,1
10.0,2857.0,80.0,146.0,3.0,850.0,80.0,1
5.0,1924.0,16.0,45.0,5.0,1290.0,115.0,1
4.0,1107.0,208.0,96.0,7.0,854.0,135.0,1
2.0,605.0,153.0,252.0,6.0,790.0,164.0,1
10.0,3230.0,80.0,283.0,1.0,575.0,55.0,1
12.0,4613.0,197.0,99.0,7.0,930.0,62.0,1
2.0,354.0,252.0,202.0,3.0,1225.0,124.0,1
15.0,178.0,45.0,35.0,3.0,395.0,80.0,1
1.0,704.0,80.0,159.0,6.0,435.0,194.0,1
1.0,1912.0,80.0,173.0,5.0,675.0,145.0,1
8.0,1495.0,172.0,173.0,1.0,818.0,158.0,1
6.0,5359.0,16.0,190.0,4.0,975.0,83.0,1
8.0,453.0,198.0,16.0,7.0,605.0,81.0,1
10.0,4094.0,208.0,273.0,6.0,525.0,110.0,1
16.0,3011.0,134.0,135.0,6.0,875.0,199.0,1
11.0,6333.0,85.0,71.0,7.0,1052.0,78.0,1
0.0,3890.0,85.0,142.0,6.0,625.0,86.0,1
11.0,6588.0,85.0,47.0,7.0,615.0,116.0,1
15.0,385.0,159.0,45.0,1.0,960.0,80.0,1
16.0,5988.0,117.0,208.0,7.0,361.0,60.0,1
9.0,324.0,161.0,128.0,3.0,1370.0,30.0,1
16.0,2384.0,256.0,135.0,1.0,360.0,55.0,1
12.0,6263.0,100.0,253.0,5.0,711.0,66.0,1
10.0,3279.0,80.0,118.0,5.0,835.0,50.0,1
15.0,391.0,217.0,236.0,3.0,670.0,115.0,1
15.0,51.0,75.0,129.0,7.0,1140.0,65.0,1
0.0,3686.0,177.0,136.0,3.0,560.0,99.0,1
14.0,1029.0,45.0,60.0,5.0,725.0,85.0,1
12.0,6332.0,214.0,93.0,5.0,930.0,36.0,1
4.0,1406.0,104.0,135.0,4.0,540.0,164.0,1
14.0,2139.0,35.0,159.0,5.0,1080.0,81.0,1
15.0,1999.0,147.0,104.0,5.0,870.0,70.0,1
1.0,1700.0,135.0,183.0,7.0,620.0,140.0,1
12.0,7761.0,261.0,89.0,4.0,1005.0,69.0,1
16.0,3005.0,135.0,68.0,5.0,1055.0,59.0,1
8.0,454.0,16.0,198.0,4.0,1083.0,97.0,1
10.0,4315.0,58.0,208.0,7.0,790.0,95.0,1
5.0,2800.0,197.0,45.0,6.0,615.0,144.0,1
10.0,4249.0,22.0,208.0,6.0,960.0,165.0,1
5.0,1952.0,61.0,16.0,4.0,585.0,101.0,1
12.0,6531.0,253.0,248.0,4.0,1100.0,65.0,1
13.0,43.0,79.0,128.0,6.0,713.0,458.0,1
12.0,7803.0,261.0,282.0,5.0,1015.0,64.0,1
6.0,5121.0,16.0,205.0,3.0,1290.0,140.0,1
15.0,767.0,75.0,244.0,3.0,810.0,65.0,1
15.0,742.0,217.0,261.0,7.0,995.0,95.0,1
10.0,3914.0,136.0,208.0,5.0,360.0,105.0,1
15.0,3425.0,217.0,91.0,7.0,900.0,65.0,1
17.0,2888.0,227.0,217.0,1.0,600.0,67.0,1
12.0,6631.0,184.0,208.0,1.0,702.0,50.0,1
8.0,1461.0,175.0,173.0,7.0,435.0,159.0,1
15.0,264.0,268.0,277.0,4.0,590.0,135.0,1
5.0,2217.0,85.0,153.0,1.0,515.0,285.0,1
0.0,4171.0,85.0,25.0,3.0,865.0,83.0,1
16.0,5938.0,208.0,279.0,6.0,1210.0,119.0,1
1.0,662.0,172.0,80.0,3.0,1020.0,105.0,1
15.0,336.0,104.0,198.0,7.0,635.0,130.0,1
5.0,1832.0,208.0,197.0,3.0,900.0,90.0,1
17.0,2710.0,91.0,217.0,1.0,897.0,82.0,1
12.0,6489.0,55.0,253.0,5.0,617.0,65.0,1
5.0,2880.0,253.0,16.0,5.0,720.0,279.0,1
12.0,6909.0,210.0,253.0,5.0,812.0,117.0,1
12.0,6937.0,79.0,83.0,6.0,711.0,64.0,1
10.0,3892.0,216.0,208.0,4.0,350.0,140.0,1
14.0,78.0,252.0,216.0,6.0,525.0,305.0,1
16.0,2779.0,162.0,135.0,3.0,995.0,82.0,1
16.0,2965.0,96.0,197.0,4.0,840.0,194.0,1
2.0,36.0,252.0,197.0,1.0,425.0,199.0,1
4.0,706.0,135.0,277.0,5.0,475.0,120.0,1
3.0,1243.0,35.0,60.0,4.0,900.0,137.0,1
14.0,1210.0,80.0,216.0,7.0,390.0,184.0,1
7.0,623.0,79.0,85.0,1.0,650.0,164.0,1
16.0,2171.0,135.0,209.0,6.0,1175.0,158.0,1
5.0,1559.0,197.0,154.0,3.0,690.0,240.0,1
12.0,4547.0,208.0,261.0,3.0,1105.0,205.0,1
16.0,5971.0,58.0,208.0,3.0,630.0,87.0,1
1.0,2223.0,159.0,268.0,6.0,990.0,170.0,1
13.0,851.0,221.0,208.0,3.0,582.0,98.0,1
5.0,2571.0,139.0,16.0,5.0,667.0,94.0,1
8.0,561.0,32.0,16.0,1.0,395.0,112.0,1
0.0,4303.0,172.0,177.0,3.0,670.0,84.0,1
14.0,2181.0,159.0,78.0,5.0,960.0,76.0,1
16.0,2377.0,84.0,135.0,7.0,385.0,149.0,1
17.0,2675.0,153.0,154.0,4.0,885.0,68.0,1
12.0,3116.0,184.0,48.0,1.0,945.0,77.0,1
16.0,2644.0,116.0,135.0,4.0,360.0,81.0,1
15.0,595.0,258.0,236.0,3.0,520.0,55.0,1
15.0,1510.0,45.0,159.0,7.0,540.0,70.0,1
15.0,3742.0,33.0,153.0,7.0,1160.0,260.0,1
15.0,840.0,217.0,153.0,3.0,525.0,65.0,1
5.0,2399.0,16.0,234.0,5.0,758.0,92.0,1
15.0,3950.0,228.0,45.0,4.0,1025.0,85.0,1
1.0,1634.0,208.0,268.0,1.0,1095.0,65.0,1
15.0,1641.0,217.0,214.0,6.0,670.0,180.0,1
1.0,867.0,78.0,208.0,4.0,1035.0,135.0,1
2.0,690.0,252.0,111.0,4.0,720.0,63.0,1
10.0,4484.0,159.0,33.0,5.0,660.0,160.0,1
16.0,5892.0,208.0,132.0,6.0,1101.0,99.0,1
5.0,1383.0,35.0,159.0,5.0,690.0,73.0,1
12.0,6358.0,154.0,246.0,7.0,1131.0,39.0,1
15.0,3509.0,79.0,216.0,7.0,1080.0,210.0,1
16.0,2220.0,256.0,135.0,4.0,420.0,62.0,1
2.0,151.0,14.0,211.0,3.0,370.0,95.0,1
12.0,6339.0,243.0,154.0,6.0,1121.0,44.0,1
5.0,1859.0,148.0,16.0,7.0,495.0,163.0,1
12.0,4439.0,197.0,192.0,7.0,1035.0,91.0,1
0.0,4082.0,85.0,209.0,6.0,840.0,110.0,1
13.0,858.0,253.0,154.0,7.0,628.0,94.0,1
1.0,1472.0,80.0,16.0,7.0,700.0,125.0,1
15.0,1567.0,129.0,162.0,6.0,755.0,70.0,1
1.0,1699.0,173.0,208.0,4.0,690.0,175.0,1
10.0,4278.0,62.0,208.0,3.0,380.0,55.0,1
13.0,682.0,208.0,159.0,1.0,785.0,132.0,1
12.0,6697.0,145.0,79.0,1.0,1032.0,73.0,1
0.0,3741.0,16.0,129.0,5.0,460.0,141.0,1
5.0,2033.0,16.0,198.0,5.0,970.0,100.0,1
16.0,5957.0,117.0,208.0,4.0,872.0,60.0,1
10.0,2944.0,170.0,80.0,7.0,1105.0,70.0,1
15.0,1142.0,198.0,45.0,5.0,480.0,140.0,1
5.0,423.0,16.0,260.0,7.0,655.0,211.0,1
14.0,1690.0,241.0,60.0,7.0,1035.0,114.0,1
1.0,1890.0,154.0,208.0,3.0,1020.0,230.0,1
4.0,500.0,135.0,139.0,7.0,1150.0,141.0,1
12.0,4625.0,261.0,280.0,5.0,1010.0,106.0,1
5.0,159.0,159.0,85.0,6.0,540.0,124.0,1
5.0,424.0,260.0,16.0,7.0,922.0,243.0,1
3.0,135.0,148.0,241.0,1.0,700.0,188.0,1
5.0,2482.0,197.0,85.0,5.0,1205.0,105.0,1
2.0,601.0,153.0,252.0,7.0,645.0,160.0,1
15.0,3098.0,175.0,216.0,6.0,550.0,115.0,1
12.0,6620.0,145.0,79.0,7.0,553.0,87.0,1
15.0,1027.0,184.0,172.0,1.0,455.0,95.0,1
5.0,2579.0,148.0,183.0,1.0,765.0,183.0,1
3.0,498.0,252.0,35.0,3.0,1409.0,303.0,1
15.0,1761.0,268.0,172.0,4.0,940.0,65.0,1
14.0,1040.0,60.0,269.0,5.0,705.0,211.0,1
12.0,3045.0,184.0,221.0,5.0,470.0,86.0,1
5.0,2466.0,213.0,85.0,1.0,827.0,178.0,1
1.0,253.0,154.0,203.0,4.0,525.0,345.0,1
4.0,1789.0,85.0,135.0,1.0,1067.0,193.0,1
10.0,3005.0,154.0,243.0,3.0,1350.0,45.0,1
8.0,348.0,267.0,45.0,1.0,1007.0,134.0,1
10.0,2753.0,80.0,32.0,5.0,780.0,120.0,1
8.0,677.0,184.0,173.0,7.0,998.0,168.0,1
16.0,2359.0,96.0,208.0,4.0,510.0,170.0,1
0.0,4041.0,177.0,279.0,7.0,820.0,86.0,1
9.0,545.0,203.0,128.0,6.0,1073.0,34.0,1
15.0,350.0,173.0,141.0,7.0,735.0,145.0,1
1.0,617.0,80.0,243.0,4.0,755.0,195.0,1
6.0,7081.0,76.0,134.0,7.0,868.0,86.0,1
16.0,2834.0,135.0,146.0,3.0,1010.0,73.0,1
6.0,4966.0,288.0,16.0,1.0,325.0,69.0,1
10.0,2941.0,80.0,223.0,1.0,935.0,100.0,1
17.0,2986.0,217.0,244.0,7.0,959.0,122.0,1
8.0,83.0,16.0,104.0,4.0,630.0,117.0,1
8.0,715.0,48.0,159.0,7.0,390.0,98.0,1
5.0,1955.0,16.0,33.0,7.0,1372.0,65.0,1
12.0,6906.0,56.0,79.0,7.0,992.0,133.0,1
7.0,846.0,252.0,79.0,3.0,651.0,150.0,1
5.0,1471.0,16.0,204.0,4.0,1151.0,152.0,1
5.0,2775.0,268.0,85.0,4.0,1075.0,96.0,1
5.0,1741.0,261.0,111.0,3.0,694.0,109.0,1
16.0,2474.0,135.0,33.0,6.0,947.0,108.0,1
0.0,4161.0,139.0,177.0,4.0,480.0,88.0,1
12.0,6455.0,292.0,154.0,3.0,730.0,80.0,1
15.0,327.0,153.0,252.0,5.0,635.0,165.0,1
12.0,6982.0,67.0,79.0,4.0,579.0,59.0,1
13.0,61.0,135.0,253.0,6.0,392.0,261.0,1
5.0,1195.0,85.0,22.0,5.0,845.0,104.0,1
6.0,7100.0,47.0,208.0,6.0,360.0,128.0,1
12.0,6464.0,253.0,24.0,6.0,893.0,74.0,1
12.0,6585.0,208.0,72.0,5.0,998.0,57.0,1
7.0,197.0,79.0,76.0,5.0,1150.0,152.0,1
15.0,640.0,244.0,75.0,1.0,450.0,60.0,1
0.0,3928.0,218.0,85.0,7.0,385.0,93.0,1
15.0,1590.0,172.0,45.0,1.0,820.0,140.0,1
15.0,1779.0,18.0,129.0,7.0,410.0,50.0,1
5.0,1018.0,198.0,16.0,1.0,675.0,92.0,1
15.0,746.0,141.0,175.0,3.0,1010.0,160.0,1
17.0,2710.0,217.0,264.0,4.0,1019.0,78.0,1
14.0,1291.0,35.0,60.0,7.0,775.0,147.0,1
15.0,216.0,154.0,217.0,3.0,645.0,75.0,1
15.0,1546.0,243.0,153.0,4.0,520.0,70.0,1
15.0,1649.0,18.0,131.0,6.0,785.0,60.0,1
12.0,6852.0,79.0,172.0,4.0,524.0,96.0,1
15.0,326.0,213.0,141.0,4.0,1120.0,160.0,1
1.0,1109.0,80.0,18.0,3.0,430.0,60.0,1
5.0,1489.0,16.0,54.0,1.0,970.0,75.0,1
15.0,827.0,91.0,2.0,4.0,895.0,55.0,1
13.0,550.0,253.0,243.0,7.0,634.0,95.0,1
6.0,5371.0,16.0,254.0,1.0,825.0,117.0,1
17.0,7276.0,209.0,208.0,7.0,432.0,143.0,1
15.0,1279.0,22.0,173.0,1.0,910.0,185.0,1
5.0,1547.0,159.0,16.0,1.0,420.0,164.0,1
12.0,4714.0,67.0,261.0,3.0,385.0,73.0,1
15.0,756.0,217.0,153.0,7.0,820.0,65.0,1
8.0,1460.0,173.0,175.0,5.0,975.0,165.0,1
3.0,1224.0,233.0,35.0,6.0,360.0,101.0,1
14.0,662.0,79.0,217.0,5.0,733.0,112.0,1
5.0,339.0,162.0,16.0,1.0,420.0,95.0,1
7.0,454.0,184.0,159.0,4.0,485.0,134.0,1
4.0,1594.0,154.0,135.0,5.0,560.0,197.0,1
15.0,431.0,182.0,217.0,4.0,775.0,360.0,1
6.0,7119.0,134.0,229.0,1.0,737.0,92.0,1
12.0,4609.0,261.0,18.0,1.0,590.0,170.0,1
5.0,2833.0,85.0,243.0,4.0,520.0,309.0,1
17.0,7264.0,208.0,229.0,5.0,1205.0,127.0,1
4.0,568.0,96.0,153.0,6.0,545.0,342.0,1
0.0,4342.0,277.0,233.0,4.0,1005.0,110.0,1
15.0,378.0,75.0,27.0,7.0,1105.0,90.0,1
14.0,175.0,153.0,217.0,7.0,990.0,72.0,1
3.0,607.0,229.0,148.0,1.0,695.0,74.0,1
5.0,2500.0,74.0,16.0,5.0,707.0,88.0,1
13.0,573.0,243.0,253.0,7.0,775.0,101.0,1
5.0,2105.0,197.0,253.0,6.0,675.0,243.0,1
12.0,4748.0,261.0,40.0,6.0,1190.0,72.0,1
6.0,7340.0,78.0,147.0,6.0,779.0,126.0,1
1.0,1974.0,154.0,33.0,3.0,615.0,235.0,1
0.0,3768.0,90.0,85.0,6.0,515.0,98.0,1
15.0,616.0,91.0,217.0,4.0,1210.0,75.0,1
5.0,2939.0,78.0,16.0,6.0,345.0,120.0,1
1.0,177.0,148.0,253.0,1.0,1079.0,401.0,1
1.0,850.0,183.0,134.0,4.0,1255.0,150.0,1
5.0,2230.0,16.0,172.0,6.0,647.0,138.0,1
14.0,7.0,217.0,208.0,4.0,970.0,199.0,1
14.0,1179.0,104.0,60.0,7.0,605.0,119.0,1
14.0,62.0,79.0,60.0,1.0,410.0,189.0,1
4.0,1555.0,213.0,96.0,4.0,690.0,173.0,1
4.0,1626.0,96.0,243.0,5.0,520.0,374.0,1
1.0,623.0,45.0,80.0,7.0,1000.0,220.0,1
10.0,4696.0,148.0,35.0,3.0,1200.0,80.0,1
6.0,5256.0,278.0,85.0,4.0,450.0,115.0,1
1.0,1077.0,80.0,253.0,3.0,470.0,230.0,1
1.0,2222.0,253.0,80.0,5.0,565.0,210.0,1
12.0,6442.0,154.0,204.0,3.0,781.0,162.0,1
15.0,281.0,221.0,216.0,7.0,685.0,80.0,1
6.0,7310.0,205.0,85.0,1.0,1072.0,118.0,1
12.0,7035.0,154.0,214.0,1.0,760.0,141.0,1
8.0,706.0,76.0,16.0,4.0,1118.0,99.0,1
6.0,5085.0,16.0,95.0,3.0,855.0,82.0,1
15.0,934.0,153.0,91.0,5.0,1195.0,95.0,1
15.0,821.0,202.0,154.0,5.0,370.0,75.0,1
15.0,2891.0,175.0,134.0,3.0,360.0,105.0,1
12.0,6490.0,236.0,154.0,1.0,909.0,86.0,1
5.0,1291.0,177.0,16.0,5.0,1032.0,88.0,1
15.0,3341.0,175.0,197.0,1.0,995.0,85.0,1
12.0,6764.0,164.0,79.0,4.0,408.0,97.0,1
1.0,18.0,253.0,148.0,3.0,1380.0,329.0,1
10.0,2880.0,121.0,80.0,4.0,885.0,170.0,1
16.0,2998.0,135.0,177.0,4.0,780.0,89.0,1
6.0,5142.0,16.0,138.0,1.0,572.0,80.0,1
14.0,2123.0,35.0,159.0,4.0,600.0,79.0,1
15.0,166.0,2.0,217.0,5.0,615.0,75.0,1
13.0,688.0,208.0,159.0,1.0,961.0,135.0,1
15.0,1030.0,153.0,251.0,6.0,570.0,215.0,1
12.0,7043.0,79.0,65.0,3.0,906.0,33.0,1
3.0,277.0,104.0,253.0,5.0,1022.0,380.0,1
12.0,4594.0,197.0,65.0,1.0,565.0,126.0,1
1.0,1599.0,80.0,135.0,4.0,610.0,70.0,1
12.0,6752.0,109.0,208.0,4.0,1202.0,63.0,1
10.0,3302.0,187.0,80.0,4.0,380.0,140.0,1
5.0,1078.0,159.0,198.0,1.0,479.0,220.0,1
5.0,1289.0,134.0,16.0,5.0,1058.0,120.0,1
10.0,4669.0,159.0,16.0,4.0,930.0,165.0,1
1.0,1201.0,264.0,208.0,3.0,495.0,235.0,1
5.0,1664.0,268.0,197.0,1.0,460.0,96.0,1
1.0,1331.0,172.0,80.0,6.0,365.0,105.0,1
8.0,1184.0,119.0,277.0,6.0,525.0,160.0,1
15.0,2200.0,35.0,216.0,4.0,610.0,100.0,1
15.0,1956.0,129.0,244.0,5.0,1055.0,55.0,1
15.0,1321.0,258.0,214.0,4.0,960.0,110.0,1
8.0,540.0,16.0,217.0,3.0,635.0,270.0,1
12.0,6567.0,85.0,208.0,5.0,1139.0,80.0,1
13.0,254.0,79.0,208.0,3.0,1045.0,144.0,1
16.0,2345.0,96.0,268.0,1.0,565.0,187.0,1
8.0,1120.0,139.0,104.0,3.0,655.0,162.0,1
5.0,2589.0,74.0,16.0,6.0,400.0,92.0,1
11.0,6774.0,78.0,22.0,1.0,597.0,83.0,1
4.0,1094.0,154.0,135.0,3.0,30.0,181.0,1
14.0,1634.0,277.0,60.0,6.0,720.0,100.0,1
16.0,2336.0,135.0,136.0,1.0,865.0,98.0,1
13.0,531.0,208.0,154.0,6.0,616.0,284.0,1
12.0,6922.0,79.0,199.0,6.0,1121.0,56.0,1
16.0,3152.0,135.0,13.0,6.0,690.0,93.0,1
12.0,6953.0,34.0,208.0,1.0,944.0,198.0,1
1.0,2404.0,154.0,80.0,4.0,655.0,185.0,1
12.0,4640.0,197.0,230.0,1.0,875.0,96.0,1
16.0,5937.0,208.0,218.0,7.0,498.0,49.0,1
10.0,4586.0,197.0,159.0,7.0,525.0,160.0,1
14.0,1269.0,148.0,60.0,5.0,380.0,120.0,1
10.0,3314.0,109.0,80.0,1.0,375.0,165.0,1
13.0,227.0,79.0,154.0,5.0,707.0,156.0,1
10.0,4332.0,208.0,273.0,7.0,925.0,110.0,1
5.0,2868.0,197.0,117.0,5.0,625.0,66.0,1
10.0,2943.0,80.0,71.0,7.0,390.0,130.0,1
13.0,56.0,150.0,253.0,7.0,827.0,313.0,1
15.0,381.0,75.0,2.0,7.0,745.0,110.0,1
6.0,5256.0,278.0,85.0,7.0,450.0,115.0,1
14.0,1663.0,228.0,60.0,3.0,1020.0,134.0,1
9.0,374.0,161.0,128.0,3.0,913.0,32.0,1
17.0,2691.0,60.0,251.0,7.0,1340.0,89.0,1
10.0,4058.0,208.0,85.0,1.0,1050.0,85.0,1
16.0,2703.0,135.0,198.0,3.0,1375.0,59.0,1
15.0,1753.0,147.0,104.0,3.0,665.0,70.0,1
15.0,1229.0,45.0,33.0,3.0,950.0,120.0,1
15.0,1496.0,2.0,45.0,6.0,465.0,220.0,1
14.0,587.0,217.0,111.0,4.0,1260.0,167.0,1
5.0,2580.0,253.0,16.0,1.0,520.0,271.0,1
15.0,2837.0,253.0,154.0,6.0,895.0,75.0,1
1.0,1964.0,253.0,80.0,3.0,625.0,215.0,1
1.0,2536.0,183.0,35.0,7.0,1045.0,190.0,1
5.0,2647.0,159.0,16.0,1.0,1080.0,167.0,1
10.0,2828.0,288.0,80.0,3.0,625.0,135.0,1
1.0,1159.0,204.0,80.0,3.0,975.0,65.0,1
1.0,1074.0,205.0,80.0,1.0,675.0,115.0,1
13.0,127.0,43.0,208.0,3.0,1045.0,116.0,1
10.0,4253.0,208.0,136.0,1.0,480.0,115.0,1
6.0,7105.0,229.0,134.0,6.0,860.0,114.0,1
17.0,2821.0,217.0,280.0,1.0,596.0,58.0,1
10.0,4181.0,208.0,117.0,6.0,705.0,55.0,1
1.0,2287.0,80.0,88.0,1.0,730.0,140.0,1
5.0,1774.0,16.0,184.0,4.0,1307.0,131.0,1
8.0,1491.0,61.0,173.0,5.0,741.0,139.0,1
1.0,2097.0,204.0,80.0,6.0,520.0,65.0,1
5.0,74.0,85.0,16.0,4.0,824.0,125.0,1
15.0,48.0,129.0,75.0,7.0,1080.0,60.0,1
14.0,1840.0,60.0,221.0,6.0,1090.0,89.0,1
4.0,1746.0,135.0,208.0,3.0,445.0,150.0,1
14.0,128.0,258.0,217.0,4.0,965.0,107.0,1
14.0,710.0,154.0,216.0,3.0,510.0,303.0,1
15.0,1926.0,217.0,45.0,4.0,700.0,255.0,1
14.0,5.0,264.0,217.0,3.0,600.0,75.0,1
12.0,6402.0,253.0,93.0,4.0,1019.0,92.0,1
15.0,675.0,175.0,217.0,4.0,810.0,240.0,1
16.0,2834.0,135.0,146.0,4.0,1010.0,73.0,1
16.0,3114.0,159.0,58.0,5.0,1079.0,98.0,1
16.0,2964.0,135.0,80.0,4.0,690.0,69.0,1
2.0,466.0,252.0,154.0,4.0,810.0,155.0,1
15.0,3138.0,139.0,79.0,4.0,690.0,185.0,1
0.0,3710.0,247.0,85.0,5.0,480.0,70.0,1
14.0,275.0,217.0,135.0,1.0,960.0,154.0,1
14.0,583.0,217.0,111.0,4.0,686.0,176.0,1
17.0,2773.0,217.0,227.0,3.0,520.0,67.0,1
15.0,1562.0,104.0,173.0,6.0,670.0,60.0,1
15.0,3090.0,216.0,213.0,6.0,550.0,175.0,1
5.0,2140.0,153.0,261.0,4.0,1102.0,83.0,1
10.0,2740.0,158.0,80.0,4.0,1010.0,85.0,1
13.0,732.0,252.0,208.0,6.0,371.0,242.0,1
14.0,29.0,60.0,16.0,3.0,560.0,79.0,1
15.0,1325.0,175.0,45.0,3.0,895.0,110.0,1
10.0,3044.0,154.0,79.0,7.0,725.0,140.0,1
15.0,2706.0,45.0,277.0,5.0,940.0,150.0,1
6.0,5074.0,16.0,69.0,1.0,964.0,84.0,1
10.0,2983.0,70.0,80.0,6.0,970.0,155.0,1
3.0,15.0,148.0,104.0,7.0,995.0,195.0,1
15.0,1684.0,79.0,214.0,3.0,705.0,175.0,1
12.0,6362.0,246.0,154.0,4.0,1256.0,44.0,1
16.0,2875.0,58.0,76.0,7.0,1015.0,49.0,1
4.0,249.0,104.0,135.0,7.0,1075.0,164.0,1
15.0,512.0,153.0,184.0,3.0,570.0,210.0,1
15.0,1410.0,75.0,198.0,6.0,510.0,80.0,1
15.0,636.0,141.0,175.0,4.0,575.0,155.0,1
5.0,1054.0,197.0,16.0,1.0,1030.0,154.0,1
15.0,899.0,202.0,79.0,3.0,785.0,140.0,1
16.0,5982.0,208.0,251.0,5.0,973.0,72.0,1
8.0,429.0,223.0,16.0,7.0,360.0,75.0,1
11.0,6382.0,21.0,85.0,5.0,420.0,60.0,1
12.0,4481.0,261.0,34.0,7.0,615.0,68.0,1
17.0,2704.0,234.0,60.0,5.0,960.0,81.0,1
14.0,367.0,217.0,262.0,5.0,875.0,118.0,1
1.0,1400.0,208.0,173.0,3.0,875.0,155.0,1
5.0,183.0,148.0,252.0,6.0,450.0,380.0,1
14.0,198.0,60.0,243.0,4.0,1095.0,319.0,1
17.0,7290.0,208.0,177.0,1.0,501.0,100.0,1
15.0,888.0,44.0,202.0,5.0,435.0,75.0,1
5.0,736.0,262.0,16.0,4.0,1375.0,262.0,1
6.0,4992.0,36.0,16.0,3.0,770.0,79.0,1
6.0,5603.0,16.0,158.0,7.0,500.0,108.0,1
14.0,2174.0,78.0,159.0,6.0,840.0,80.0,1
15.0,271.0,243.0,33.0,1.0,700.0,220.0,1
1.0,1425.0,208.0,264.0,3.0,500.0,265.0,1
5.0,2778.0,243.0,261.0,4.0,615.0,110.0,1
12.0,7775.0,261.0,255.0,3.0,1290.0,79.0,1
5.0,1525.0,16.0,267.0,7.0,1220.0,89.0,1
10.0,4364.0,208.0,71.0,3.0,1255.0,75.0,1
12.0,6446.0,154.0,263.0,6.0,975.0,56.0,1
10.0,4284.0,94.0,208.0,1.0,810.0,85.0,1
8.0,1012.0,277.0,76.0,6.0,1165.0,134.0,1
1.0,1004.0,183.0,78.0,5.0,815.0,145.0,1
15.0,1421.0,252.0,217.0,3.0,1080.0,170.0,1
16.0,2197.0,195.0,96.0,5.0,1098.0,132.0,1
5.0,1032.0,264.0,261.0,4.0,1099.0,101.0,1
14.0,1937.0,216.0,213.0,1.0,605.0,175.0,1
10.0,4014.0,208.0,139.0,5.0,610.0,60.0,1
4.0,169.0,153.0,96.0,5.0,702.0,287.0,1
1.0,524.0,244.0,80.0,3.0,745.0,70.0,1
15.0,2760.0,153.0,236.0,6.0,560.0,80.0,1
5.0,2965.0,148.0,253.0,4.0,435.0,385.0,1
4.0,210.0,135.0,96.0,3.0,945.0,207.0,1
12.0,4804.0,100.0,261.0,6.0,811.0,101.0,1
5.0,1685.0,159.0,173.0,6.0,755.0,175.0,1
5.0,1095.0,204.0,16.0,4.0,345.0,127.0,1
5.0,1070.0,16.0,147.0,7.0,1371.0,68.0,1
12.0,6853.0,72.0,208.0,7.0,607.0,68.0,1
7.0,530.0,175.0,79.0,1.0,765.0,155.0,1
14.0,1458.0,60.0,148.0,7.0,1329.0,114.0,1
15.0,3507.0,154.0,280.0,3.0,710.0,80.0,1
7.0,361.0,277.0,79.0,7.0,526.0,239.0,1
5.0,2582.0,173.0,22.0,4.0,1100.0,154.0,1
15.0,1221.0,228.0,216.0,7.0,915.0,95.0,1
15.0,890.0,243.0,253.0,4.0,1215.0,90.0,1
5.0,1570.0,268.0,16.0,1.0,615.0,90.0,1
15.0,1065.0,35.0,45.0,3.0,545.0,90.0,1
15.0,1253.0,277.0,213.0,3.0,490.0,55.0,1
13.0,414.0,208.0,22.0,6.0,370.0,129.0,1
12.0,4707.0,236.0,261.0,7.0,1080.0,80.0,1
6.0,5325.0,16.0,169.0,7.0,725.0,76.0,1
13.0,697.0,79.0,153.0,1.0,616.0,123.0,1
12.0,6340.0,19.0,208.0,7.0,979.0,109.0,1
12.0,4621.0,261.0,236.0,3.0,921.0,88.0,1
15.0,674.0,173.0,182.0,7.0,810.0,170.0,1
14.0,1470.0,216.0,273.0,3.0,1240.0,64.0,1
10.0,2974.0,1.0,80.0,1.0,500.0,55.0,1
14.0,1190.0,60.0,221.0,5.0,1000.0,84.0,1
14.0,634.0,258.0,217.0,5.0,750.0,105.0,1
10.0,3377.0,283.0,80.0,4.0,1015.0,60.0,1
5.0,1732.0,213.0,16.0,1.0,812.0,113.0,1
6.0,5160.0,41.0,16.0,4.0,435.0,102.0,1
6.0,5503.0,129.0,16.0,1.0,465.0,118.0,1
1.0,271.0,183.0,154.0,3.0,640.0,345.0,1
15.0,803.0,258.0,217.0,7.0,1140.0,105.0,1
1.0,787.0,159.0,80.0,7.0,1125.0,250.0,1
12.0,7029.0,253.0,261.0,1.0,473.0,107.0,1
12.0,4693.0,99.0,197.0,3.0,1135.0,62.0,1
5.0,1674.0,173.0,197.0,1.0,925.0,216.0,1
15.0,1061.0,170.0,2.0,5.0,445.0,70.0,1
14.0,79.0,217.0,252.0,3.0,510.0,183.0,1
13.0,202.0,154.0,198.0,6.0,684.0,220.0,1
17.0,2826.0,160.0,217.0,4.0,585.0,81.0,1
5.0,2864.0,173.0,177.0,6.0,446.0,129.0,1
15.0,2855.0,79.0,153.0,4.0,695.0,120.0,1
14.0,1920.0,241.0,216.0,5.0,480.0,155.0,1
1.0,1522.0,253.0,208.0,7.0,1435.0,240.0,1
14.0,1951.0,43.0,60.0,7.0,510.0,118.0,1
16.0,3017.0,288.0,135.0,7.0,390.0,112.0,1
12.0,6663.0,79.0,93.0,7.0,709.0,173.0,1
15.0,3074.0,241.0,175.0,3.0,1130.0,180.0,1
15.0,1264.0,175.0,35.0,7.0,1180.0,135.0,1
14.0,486.0,236.0,217.0,6.0,365.0,107.0,1
0.0,4384.0,273.0,85.0,7.0,990.0,100.0,1
1.0,2022.0,260.0,208.0,3.0,510.0,305.0,1
1.0,1235.0,80.0,264.0,5.0,1280.0,190.0,1
14.0,1580.0,60.0,221.0,5.0,1329.0,75.0,1
8.0,1401.0,173.0,238.0,5.0,884.0,156.0,1
8.0,191.0,78.0,16.0,3.0,600.0,120.0,1
15.0,2014.0,207.0,153.0,6.0,740.0,55.0,1
17.0,2667.0,101.0,60.0,3.0,450.0,63.0,1
12.0,4740.0,154.0,153.0,1.0,675.0,68.0,1
1.0,263.0,134.0,154.0,7.0,865.0,350.0,1
10.0,3294.0,146.0,80.0,4.0,870.0,95.0,1
16.0,2794.0,172.0,135.0,3.0,981.0,122.0,1
15.0,1283.0,79.0,252.0,6.0,570.0,185.0,1
15.0,108.0,173.0,175.0,7.0,890.0,170.0,1
16.0,2643.0,96.0,16.0,1.0,809.0,157.0,1
16.0,2359.0,96.0,208.0,7.0,525.0,161.0,1
6.0,5043.0,130.0,16.0,4.0,769.0,156.0,1
15.0,9.0,75.0,129.0,1.0,540.0,60.0,1
16.0,2191.0,96.0,182.0,4.0,1300.0,69.0,1
15.0,49.0,129.0,173.0,3.0,1205.0,125.0,1
11.0,6374.0,16.0,208.0,4.0,580.0,132.0,1
8.0,994.0,35.0,184.0,4.0,1056.0,159.0,1
5.0,1798.0,104.0,159.0,7.0,900.0,179.0,1
15.0,2175.0,12.0,173.0,5.0,470.0,195.0,1
15.0,1083.0,175.0,197.0,1.0,420.0,90.0,1
15.0,1717.0,75.0,91.0,4.0,1040.0,110.0,1
12.0,6234.0,154.0,80.0,7.0,461.0,177.0,1
6.0,5446.0,288.0,16.0,5.0,615.0,74.0,1
13.0,595.0,205.0,79.0,5.0,1012.0,104.0,1
10.0,3212.0,80.0,162.0,3.0,690.0,70.0,1
8.0,961.0,48.0,35.0,3.0,1060.0,98.0,1
10.0,4291.0,139.0,208.0,3.0,1145.0,80.0,1
16.0,2262.0,205.0,135.0,7.0,1085.0,139.0,1
5.0,2043.0,96.0,16.0,6.0,435.0,158.0,1
2.0,638.0,252.0,217.0,5.0,935.0,178.0,1
0.0,4114.0,85.0,229.0,4.0,840.0,118.0,1
14.0,245.0,104.0,217.0,7.0,420.0,315.0,1
15.0,3238.0,58.0,175.0,1.0,415.0,85.0,1
5.0,1947.0,159.0,16.0,3.0,720.0,160.0,1
1.0,1081.0,35.0,208.0,3.0,1180.0,170.0,1
10.0,3584.0,184.0,80.0,5.0,725.0,165.0,1
9.0,335.0,203.0,128.0,4.0,980.0,34.0,1
15.0,2885.0,280.0,243.0,5.0,705.0,75.0,1
13.0,639.0,208.0,205.0,4.0,1230.0,97.0,1
2.0,854.0,161.0,252.0,5.0,540.0,329.0,1
16.0,2908.0,135.0,13.0,3.0,564.0,99.0,1
9.0,242.0,128.0,143.0,4.0,1176.0,51.0,1
4.0,393.0,173.0,96.0,3.0,460.0,150.0,1
12.0,6949.0,93.0,79.0,4.0,360.0,155.0,1
5.0,2529.0,197.0,277.0,7.0,545.0,187.0,1
15.0,1671.0,104.0,12.0,1.0,770.0,185.0,1
5.0,1263.0,16.0,184.0,5.0,793.0,121.0,1
5.0,1904.0,104.0,85.0,1.0,470.0,185.0,1
15.0,817.0,217.0,44.0,1.0,440.0,85.0,1
15.0,973.0,79.0,33.0,7.0,635.0,145.0,1
5.0,1628.0,16.0,175.0,6.0,1295.0,117.0,1
6.0,7087.0,71.0,134.0,1.0,867.0,98.0,1
0.0,4032.0,85.0,43.0,4.0,1195.0,80.0,1
15.0,1374.0,172.0,2.0,6.0,970.0,135.0,1
10.0,3894.0,290.0,208.0,5.0,365.0,100.0,1
5.0,2208.0,16.0,134.0,4.0,730.0,105.0,1
8.0,1049.0,78.0,241.0,1.0,480.0,166.0,1
5.0,1174.0,245.0,16.0,7.0,512.0,83.0,1
12.0,6332.0,93.0,214.0,5.0,985.0,37.0,1
8.0,138.0,147.0,45.0,6.0,948.0,116.0,1
14.0,273.0,217.0,135.0,3.0,810.0,154.0,1
13.0,759.0,208.0,253.0,5.0,540.0,290.0,1
10.0,3796.0,135.0,208.0,4.0,665.0,155.0,1
2.0,664.0,252.0,80.0,5.0,1085.0,222.0,1
5.0,1142.0,213.0,159.0,7.0,1150.0,172.0,1
10.0,3584.0,184.0,80.0,7.0,725.0,165.0,1
2.0,9.0,173.0,252.0,7.0,500.0,385.0,1
8.0,260.0,78.0,184.0,4.0,390.0,125.0,1
14.0,1794.0,153.0,60.0,4.0,1385.0,238.0,1
3.0,693.0,78.0,173.0,3.0,800.0,134.0,1
5.0,1979.0,27.0,16.0,5.0,405.0,69.0,1
3.0,490.0,79.0,35.0,7.0,1399.0,221.0,1
6.0,4991.0,16.0,174.0,4.0,505.0,115.0,1
12.0,6731.0,184.0,79.0,6.0,510.0,185.0,1
10.0,3390.0,129.0,80.0,6.0,895.0,70.0,1
16.0,2461.0,146.0,135.0,3.0,723.0,77.0,1
5.0,670.0,60.0,16.0,5.0,855.0,80.0,1
1.0,546.0,80.0,183.0,5.0,1185.0,160.0,1
12.0,6304.0,28.0,79.0,4.0,1031.0,92.0,1
13.0,582.0,208.0,277.0,5.0,1170.0,161.0,1
17.0,2694.0,160.0,217.0,5.0,760.0,83.0,1
12.0,6942.0,79.0,65.0,6.0,680.0,38.0,1
16.0,5893.0,139.0,134.0,6.0,604.0,95.0,1
1.0,652.0,80.0,234.0,3.0,535.0,155.0,1
1.0,1733.0,208.0,217.0,7.0,1190.0,235.0,1
13.0,260.0,252.0,134.0,1.0,784.0,296.0,1
15.0,2303.0,43.0,173.0,6.0,640.0,170.0,1
6.0,5226.0,19.0,16.0,7.0,597.0,63.0,1
11.0,6347.0,148.0,80.0,5.0,1145.0,251.0,1
16.0,2249.0,135.0,177.0,7.0,600.0,81.0,1
1.0,1073.0,136.0,80.0,6.0,690.0,80.0,1
5.0,1183.0,209.0,16.0,3.0,405.0,135.0,1
15.0,944.0,153.0,261.0,4.0,1055.0,80.0,1
17.0,2879.0,280.0,217.0,3.0,1150.0,59.0,1
0.0,3695.0,197.0,193.0,6.0,615.0,70.0,1
12.0,6484.0,79.0,164.0,6.0,987.0,78.0,1
1.0,1928.0,154.0,253.0,7.0,595.0,100.0,1
7.0,448.0,79.0,216.0,3.0,640.0,209.0,1
12.0,6518.0,208.0,136.0,4.0,496.0,114.0,1
3.0,90.0,202.0,148.0,7.0,1285.0,317.0,1
14.0,149.0,217.0,61.0,4.0,599.0,226.0,1
16.0,3132.0,60.0,96.0,3.0,401.0,108.0,1
6.0,5486.0,54.0,16.0,3.0,761.0,82.0,1
6.0,4940.0,195.0,85.0,6.0,982.0,82.0,1
2.0,151.0,211.0,206.0,7.0,516.0,45.0,1
5.0,2961.0,216.0,16.0,7.0,1065.0,159.0,1
17.0,2747.0,248.0,217.0,3.0,960.0,95.0,1
16.0,5959.0,285.0,208.0,6.0,703.0,102.0,1
8.0,230.0,234.0,16.0,4.0,651.0,105.0,1
1.0,253.0,154.0,203.0,3.0,525.0,345.0,1
13.0,318.0,79.0,279.0,5.0,1228.0,97.0,1
12.0,7020.0,79.0,65.0,3.0,1215.0,35.0,1
12.0,6865.0,79.0,102.0,5.0,1114.0,138.0,1
1.0,597.0,208.0,244.0,4.0,1120.0,180.0,1
12.0,6495.0,65.0,154.0,1.0,364.0,161.0,1
1.0,1775.0,241.0,80.0,1.0,475.0,185.0,1
0.0,3663.0,61.0,71.0,4.0,705.0,57.0,1
14.0,1245.0,216.0,277.0,5.0,1080.0,168.0,1
5.0,2975.0,16.0,244.0,4.0,905.0,166.0,1
13.0,48.0,61.0,208.0,4.0,425.0,84.0,1
3.0,31.0,148.0,173.0,5.0,750.0,168.0,1
8.0,843.0,16.0,173.0,4.0,909.0,91.0,1
5.0,1742.0,217.0,261.0,4.0,1056.0,96.0,1
8.0,599.0,238.0,16.0,3.0,421.0,150.0,1
5.0,2385.0,35.0,71.0,6.0,365.0,145.0,1
0.0,3977.0,85.0,195.0,6.0,750.0,90.0,1
15.0,59.0,258.0,217.0,1.0,670.0,110.0,1
12.0,6937.0,83.0,79.0,1.0,811.0,60.0,1
12.0,6618.0,253.0,248.0,4.0,932.0,68.0,1
14.0,835.0,216.0,173.0,1.0,955.0,153.0,1
5.0,2847.0,159.0,16.0,3.0,1200.0,159.0,1
15.0,1571.0,172.0,175.0,6.0,865.0,80.0,1
10.0,4203.0,208.0,61.0,5.0,405.0,75.0,1
10.0,3515.0,80.0,162.0,5.0,840.0,65.0,1
15.0,176.0,45.0,244.0,3.0,630.0,240.0,1
15.0,851.0,104.0,147.0,7.0,665.0,75.0,1
6.0,5059.0,120.0,16.0,6.0,1070.0,93.0,1
1.0,759.0,159.0,80.0,6.0,935.0,250.0,1
15.0,688.0,27.0,75.0,6.0,720.0,115.0,1
14.0,1509.0,60.0,217.0,6.0,681.0,278.0,1
13.0,632.0,208.0,277.0,4.0,578.0,161.0,1
5.0,2288.0,16.0,35.0,5.0,750.0,153.0,1
15.0,894.0,45.0,182.0,7.0,935.0,75.0,1
13.0,509.0,79.0,252.0,7.0,1299.0,183.0,1
1.0,711.0,104.0,208.0,6.0,725.0,200.0,1
14.0,1937.0,216.0,213.0,5.0,605.0,175.0,1
14.0,78.0,252.0,216.0,3.0,525.0,305.0,1
1.0,333.0,159.0,208.0,5.0,840.0,165.0,1
10.0,4031.0,181.0,208.0,1.0,410.0,115.0,1
1.0,1839.0,204.0,80.0,4.0,360.0,60.0,1
17.0,2639.0,134.0,60.0,5.0,1187.0,104.0,1
15.0,792.0,147.0,45.0,7.0,635.0,110.0,1
17.0,2866.0,217.0,103.0,3.0,1360.0,58.0,1
9.0,241.0,143.0,128.0,7.0,1256.0,49.0,1
12.0,4523.0,261.0,34.0,5.0,950.0,68.0,1
15.0,1465.0,233.0,104.0,6.0,685.0,125.0,1
15.0,2655.0,280.0,153.0,1.0,435.0,80.0,1
15.0,32.0,129.0,75.0,7.0,840.0,55.0,1
17.0,2631.0,96.0,60.0,3.0,375.0,115.0,1
15.0,914.0,154.0,258.0,1.0,960.0,65.0,1
7.0,483.0,184.0,217.0,4.0,875.0,225.0,1
10.0,3735.0,58.0,208.0,1.0,635.0,90.0,1
17.0,1028.0,161.0,128.0,5.0,970.0,29.0,1
14.0,1231.0,85.0,60.0,4.0,1155.0,109.0,1
10.0,3735.0,58.0,208.0,6.0,635.0,90.0,1
12.0,6422.0,208.0,69.0,1.0,844.0,82.0,1
4.0,784.0,96.0,214.0,3.0,1020.0,376.0,1
17.0,1012.0,128.0,203.0,1.0,655.0,35.0,1
3.0,331.0,22.0,173.0,6.0,522.0,178.0,1
5.0,1384.0,159.0,35.0,1.0,810.0,65.0,1
12.0,4618.0,261.0,34.0,3.0,1079.0,66.0,1
16.0,2758.0,91.0,135.0,3.0,989.0,106.0,1
12.0,6683.0,79.0,261.0,6.0,1120.0,96.0,1
1.0,1147.0,173.0,80.0,1.0,845.0,175.0,1
16.0,2339.0,58.0,117.0,7.0,910.0,83.0,1
14.0,1495.0,12.0,60.0,6.0,495.0,144.0,1
15.0,1955.0,175.0,85.0,4.0,935.0,70.0,1
15.0,47.0,129.0,33.0,4.0,1170.0,105.0,1
8.0,573.0,159.0,184.0,1.0,400.0,140.0,1
5.0,336.0,129.0,16.0,4.0,650.0,124.0,1
5.0,1706.0,154.0,85.0,3.0,683.0,267.0,1
5.0,1678.0,16.0,177.0,6.0,960.0,87.0,1
14.0,1724.0,147.0,78.0,4.0,1120.0,104.0,1
15.0,2776.0,268.0,205.0,6.0,875.0,75.0,1
5.0,1050.0,177.0,16.0,4.0,855.0,85.0,1
10.0,4107.0,208.0,61.0,3.0,505.0,75.0,1
13.0,447.0,216.0,253.0,7.0,1090.0,389.0,1
12.0,6527.0,199.0,79.0,6.0,777.0,52.0,1
12.0,7021.0,154.0,214.0,3.0,1280.0,141.0,1
11.0,6598.0,172.0,159.0,5.0,1110.0,168.0,1
15.0,755.0,221.0,175.0,5.0,695.0,95.0,1
15.0,3249.0,153.0,2.0,4.0,1260.0,80.0,1
15.0,3508.0,253.0,217.0,3.0,965.0,115.0,1
15.0,2287.0,216.0,233.0,7.0,1145.0,85.0,1
16.0,2769.0,135.0,91.0,4.0,826.0,118.0,1
5.0,2626.0,104.0,16.0,5.0,340.0,118.0,1
0.0,4249.0,234.0,71.0,3.0,810.0,110.0,1
0.0,3815.0,223.0,177.0,5.0,375.0,91.0,1
1.0,1256.0,183.0,159.0,6.0,465.0,170.0,1
11.0,6592.0,197.0,175.0,5.0,865.0,90.0,1
12.0,4851.0,61.0,197.0,7.0,1150.0,116.0,1
14.0,915.0,45.0,60.0,7.0,1195.0,97.0,1
1.0,589.0,80.0,204.0,7.0,1000.0,55.0,1
10.0,2705.0,80.0,239.0,5.0,795.0,95.0,1
1.0,1915.0,172.0,80.0,6.0,570.0,105.0,1
13.0,900.0,243.0,253.0,7.0,606.0,101.0,1
11.0,6639.0,85.0,120.0,4.0,950.0,103.0,1
9.0,143.0,128.0,161.0,1.0,650.0,37.0,1
16.0,3029.0,172.0,135.0,4.0,1090.0,118.0,1
8.0,497.0,45.0,60.0,5.0,1205.0,92.0,1
14.0,438.0,153.0,216.0,4.0,542.0,279.0,1
3.0,250.0,160.0,202.0,4.0,1090.0,77.0,1
15.0,122.0,153.0,258.0,3.0,1255.0,80.0,1
1.0,662.0,172.0,80.0,4.0,1020.0,105.0,1
16.0,2167.0,135.0,280.0,5.0,583.0,158.0,1
12.0,6543.0,139.0,208.0,7.0,1204.0,76.0,1
3.0,1260.0,134.0,35.0,5.0,775.0,86.0,1
11.0,6562.0,208.0,148.0,4.0,1080.0,142.0,1
1.0,1930.0,183.0,35.0,4.0,935.0,190.0,1
16.0,2251.0,139.0,96.0,3.0,370.0,114.0,1
9.0,514.0,161.0,128.0,4.0,670.0,32.0,1
11.0,6643.0,35.0,78.0,3.0,395.0,110.0,1
5.0,1948.0,85.0,159.0,4.0,720.0,108.0,1
16.0,2174.0,135.0,223.0,3.0,785.0,86.0,1
14.0,1950.0,60.0,43.0,4.0,1205.0,106.0,1
5.0,2632.0,261.0,145.0,1.0,684.0,65.0,1
2.0,64.0,289.0,151.0,4.0,1000.0,40.0,1
15.0,489.0,221.0,173.0,4.0,785.0,140.0,1
14.0,1461.0,234.0,60.0,5.0,1074.0,81.0,1
12.0,4850.0,261.0,135.0,7.0,1030.0,180.0,1
5.0,2525.0,35.0,197.0,3.0,360.0,210.0,1
1.0,1383.0,80.0,280.0,7.0,730.0,145.0,1
13.0,269.0,79.0,205.0,6.0,610.0,84.0,1
5.0,2205.0,175.0,16.0,5.0,360.0,120.0,1
12.0,6424.0,208.0,184.0,1.0,715.0,42.0,1
0.0,4263.0,71.0,172.0,4.0,565.0,120.0,1
15.0,1739.0,202.0,153.0,7.0,465.0,85.0,1
15.0,1381.0,18.0,243.0,3.0,1145.0,190.0,1
6.0,4940.0,205.0,16.0,1.0,330.0,147.0,1
1.0,451.0,233.0,208.0,6.0,500.0,135.0,1
13.0,932.0,233.0,134.0,3.0,1179.0,68.0,1
14.0,1604.0,216.0,35.0,1.0,675.0,75.0,1
6.0,5030.0,11.0,16.0,4.0,985.0,61.0,1
1.0,1205.0,216.0,80.0,4.0,500.0,240.0,1
15.0,1118.0,182.0,45.0,4.0,675.0,95.0,1
0.0,4390.0,85.0,20.0,6.0,625.0,84.0,1
10.0,3701.0,78.0,208.0,7.0,945.0,125.0,1
10.0,4371.0,208.0,205.0,5.0,675.0,95.0,1
4.0,1019.0,277.0,96.0,4.0,410.0,155.0,1
5.0,2717.0,35.0,177.0,6.0,625.0,210.0,1
5.0,2086.0,16.0,159.0,1.0,760.0,139.0,1
1.0,1770.0,80.0,96.0,7.0,835.0,215.0,1
5.0,2923.0,197.0,173.0,4.0,420.0,198.0,1
0.0,4297.0,43.0,85.0,3.0,810.0,75.0,1
11.0,6763.0,148.0,273.0,7.0,910.0,86.0,1
16.0,2380.0,135.0,19.0,6.0,645.0,121.0,1
14.0,1899.0,78.0,60.0,6.0,945.0,90.0,1
3.0,540.0,213.0,96.0,7.0,710.0,168.0,1
6.0,7336.0,147.0,85.0,1.0,1099.0,147.0,1
12.0,6946.0,100.0,154.0,5.0,1080.0,69.0,1
3.0,503.0,96.0,104.0,7.0,586.0,197.0,1
12.0,4691.0,197.0,61.0,1.0,935.0,108.0,1
6.0,5405.0,22.0,78.0,4.0,1080.0,83.0,1
5.0,1837.0,223.0,16.0,7.0,1103.0,81.0,1
10.0,3342.0,80.0,68.0,3.0,735.0,80.0,1
10.0,3228.0,10.0,80.0,7.0,1015.0,75.0,1
14.0,1637.0,159.0,60.0,1.0,1027.0,128.0,1
10.0,3615.0,183.0,58.0,7.0,520.0,170.0,1
10.0,4319.0,208.0,132.0,7.0,790.0,105.0,1
12.0,6546.0,179.0,214.0,6.0,549.0,74.0,1
15.0,903.0,202.0,129.0,1.0,445.0,225.0,1
4.0,297.0,135.0,153.0,7.0,650.0,198.0,1
1.0,1143.0,277.0,80.0,3.0,360.0,170.0,1
16.0,5932.0,208.0,42.0,5.0,1020.0,120.0,1
5.0,2487.0,16.0,197.0,6.0,890.0,160.0,1
5.0,2219.0,197.0,18.0,1.0,865.0,164.0,1
17.0,2623.0,60.0,71.0,1.0,965.0,89.0,1
6.0,7104.0,61.0,134.0,4.0,620.0,73.0,1
12.0,6819.0,79.0,127.0,4.0,1306.0,114.0,1
17.0,7248.0,208.0,60.0,7.0,1268.0,98.0,1
14.0,1800.0,60.0,35.0,5.0,585.0,134.0,1
10.0,4035.0,208.0,193.0,5.0,1120.0,80.0,1
6.0,5044.0,16.0,48.0,4.0,515.0,98.0,1
12.0,6452.0,154.0,280.0,4.0,714.0,84.0,1
15.0,477.0,175.0,252.0,5.0,530.0,285.0,1
15.0,2524.0,175.0,129.0,4.0,1240.0,170.0,1
15.0,569.0,153.0,277.0,5.0,595.0,250.0,1
6.0,7121.0,134.0,223.0,5.0,1139.0,152.0,1
6.0,7110.0,134.0,229.0,7.0,1020.0,92.0,1
15.0,63.0,216.0,129.0,6.0,845.0,240.0,1
17.0,2617.0,177.0,60.0,4.0,455.0,102.0,1
15.0,339.0,279.0,129.0,3.0,1140.0,95.0,1
15.0,442.0,253.0,175.0,1.0,795.0,255.0,1
6.0,5569.0,101.0,16.0,7.0,875.0,89.0,1
6.0,5226.0,19.0,16.0,3.0,597.0,63.0,1
5.0,55.0,16.0,45.0,3.0,455.0,105.0,1
9.0,546.0,128.0,203.0,5.0,1008.0,37.0,1
1.0,1296.0,80.0,16.0,4.0,565.0,120.0,1
2.0,458.0,252.0,154.0,5.0,540.0,154.0,1
14.0,2186.0,78.0,159.0,4.0,1200.0,83.0,1
15.0,655.0,261.0,153.0,1.0,570.0,85.0,1
1.0,510.0,217.0,208.0,1.0,860.0,210.0,1
15.0,59.0,13.0,75.0,4.0,1170.0,65.0,1
0.0,4244.0,85.0,21.0,4.0,735.0,53.0,1
12.0,6647.0,79.0,135.0,4.0,506.0,143.0,1
5.0,1222.0,236.0,261.0,1.0,795.0,83.0,1
1.0,1427.0,277.0,80.0,6.0,1110.0,175.0,1
13.0,469.0,253.0,153.0,1.0,640.0,104.0,1
15.0,533.0,153.0,236.0,3.0,520.0,75.0,1
10.0,3346.0,251.0,80.0,7.0,725.0,150.0,1
16.0,2940.0,96.0,85.0,4.0,520.0,137.0,1
1.0,1066.0,80.0,33.0,3.0,615.0,100.0,1
6.0,7112.0,148.0,134.0,7.0,862.0,92.0,1
6.0,5203.0,16.0,135.0,3.0,655.0,133.0,1
15.0,1174.0,129.0,33.0,1.0,870.0,105.0,1
15.0,1548.0,252.0,202.0,5.0,930.0,125.0,1
12.0,4655.0,197.0,240.0,3.0,1140.0,42.0,1
5.0,2002.0,241.0,16.0,7.0,970.0,108.0,1
12.0,6606.0,79.0,187.0,6.0,680.0,123.0,1
15.0,3333.0,75.0,170.0,7.0,1090.0,70.0,1
15.0,3944.0,216.0,277.0,6.0,660.0,180.0,1
1.0,1521.0,172.0,208.0,1.0,1010.0,95.0,1
6.0,7123.0,42.0,134.0,5.0,336.0,110.0,1
16.0,2734.0,205.0,135.0,1.0,360.0,144.0,1
6.0,5004.0,201.0,16.0,1.0,992.0,97.0,1
15.0,2980.0,217.0,233.0,5.0,660.0,235.0,1
5.0,2328.0,173.0,85.0,5.0,500.0,160.0,1
15.0,3232.0,228.0,45.0,6.0,755.0,80.0,1
17.0,7211.0,134.0,228.0,5.0,1036.0,79.0,1
12.0,6747.0,253.0,262.0,5.0,574.0,43.0,1
1.0,681.0,148.0,183.0,5.0,640.0,193.0,1
14.0,2049.0,35.0,78.0,7.0,1200.0,91.0,1
1.0,1475.0,233.0,80.0,6.0,620.0,190.0,1
5.0,1046.0,261.0,16.0,7.0,720.0,213.0,1
8.0,260.0,78.0,184.0,6.0,360.0,125.0,1
12.0,6473.0,154.0,140.0,3.0,780.0,60.0,1
6.0,5421.0,16.0,115.0,4.0,655.0,77.0,1
15.0,1235.0,154.0,202.0,3.0,1050.0,75.0,1
16.0,5982.0,251.0,208.0,4.0,1134.0,91.0,1
12.0,6890.0,34.0,154.0,7.0,658.0,131.0,1
1.0,407.0,208.0,268.0,3.0,405.0,65.0,1
10.0,2930.0,80.0,256.0,7.0,1090.0,55.0,1
1.0,1361.0,80.0,65.0,4.0,570.0,115.0,1
6.0,7367.0,177.0,275.0,4.0,865.0,89.0,1
8.0,367.0,159.0,16.0,3.0,958.0,159.0,1
17.0,2693.0,221.0,60.0,6.0,630.0,94.0,1
16.0,3030.0,68.0,135.0,7.0,390.0,57.0,1
13.0,562.0,253.0,214.0,7.0,639.0,113.0,1
12.0,6960.0,79.0,230.0,7.0,640.0,69.0,1
5.0,1036.0,261.0,16.0,4.0,912.0,223.0,1
1.0,657.0,45.0,80.0,5.0,1110.0,220.0,1
5.0,2135.0,221.0,16.0,7.0,465.0,133.0,1
16.0,2347.0,197.0,135.0,5.0,555.0,179.0,1
10.0,2913.0,80.0,288.0,4.0,810.0,110.0,1
3.0,456.0,104.0,35.0,5.0,880.0,186.0,1
15.0,1660.0,202.0,154.0,1.0,1015.0,75.0,1
5.0,1875.0,197.0,80.0,5.0,1030.0,156.0,1
12.0,6967.0,6.0,262.0,4.0,1140.0,57.0,1
6.0,5144.0,16.0,48.0,4.0,975.0,100.0,1
5.0,1943.0,96.0,16.0,4.0,363.0,156.0,1
14.0,145.0,217.0,61.0,4.0,960.0,212.0,1
1.0,1881.0,134.0,80.0,5.0,940.0,215.0,1
14.0,1401.0,208.0,60.0,6.0,730.0,113.0,1
5.0,2377.0,208.0,16.0,1.0,510.0,119.0,1
1.0,607.0,208.0,154.0,5.0,1215.0,275.0,1
5.0,1195.0,85.0,22.0,3.0,845.0,104.0,1
16.0,5996.0,208.0,43.0,5.0,1010.0,89.0,1
15.0,2899.0,264.0,258.0,6.0,465.0,80.0,1
5.0,2556.0,197.0,96.0,7.0,780.0,175.0,1
4.0,651.0,18.0,96.0,5.0,385.0,205.0,1
15.0,452.0,170.0,75.0,5.0,400.0,70.0,1
3.0,262.0,160.0,262.0,4.0,420.0,83.0,1
15.0,2461.0,277.0,141.0,4.0,1225.0,150.0,1
14.0,953.0,216.0,60.0,6.0,820.0,110.0,1
8.0,683.0,16.0,136.0,6.0,625.0,148.0,1
13.0,264.0,79.0,216.0,4.0,609.0,214.0,1
15.0,2986.0,131.0,129.0,7.0,1155.0,60.0,1
12.0,6644.0,280.0,79.0,7.0,336.0,112.0,1
6.0,5121.0,16.0,205.0,6.0,1290.0,140.0,1
5.0,1198.0,241.0,85.0,5.0,500.0,174.0,1
12.0,4837.0,29.0,197.0,3.0,895.0,86.0,1
15.0,1061.0,2.0,154.0,4.0,490.0,125.0,1
0.0,3863.0,177.0,279.0,4.0,575.0,88.0,1
1.0,1972.0,253.0,208.0,7.0,610.0,255.0,1
16.0,2936.0,135.0,10.0,3.0,942.0,56.0,1
8.0,1423.0,277.0,139.0,5.0,845.0,136.0,1
5.0,1895.0,16.0,135.0,6.0,1290.0,133.0,1
15.0,1024.0,45.0,209.0,6.0,605.0,50.0,1
5.0,2502.0,173.0,71.0,5.0,494.0,131.0,1
16.0,2407.0,135.0,158.0,7.0,730.0,55.0,1
15.0,326.0,213.0,141.0,5.0,1120.0,160.0,1
1.0,447.0,60.0,80.0,5.0,1045.0,185.0,1
14.0,256.0,217.0,216.0,4.0,955.0,258.0,1
1.0,421.0,80.0,18.0,6.0,525.0,60.0,1
6.0,5312.0,285.0,16.0,1.0,621.0,65.0,1
13.0,572.0,79.0,205.0,3.0,1220.0,89.0,1
5.0,2930.0,197.0,35.0,4.0,1135.0,167.0,1
12.0,6226.0,262.0,253.0,1.0,855.0,47.0,1
12.0,6879.0,253.0,246.0,4.0,426.0,81.0,1
17.0,2881.0,217.0,2.0,4.0,975.0,70.0,1
5.0,2892.0,243.0,16.0,3.0,460.0,243.0,1
15.0,1328.0,217.0,207.0,4.0,1200.0,70.0,1
13.0,424.0,134.0,35.0,6.0,739.0,95.0,1
10.0,3611.0,183.0,27.0,6.0,675.0,125.0,1
12.0,7766.0,220.0,261.0,3.0,1095.0,53.0,1
1.0,1216.0,80.0,277.0,5.0,620.0,140.0,1
15.0,3394.0,243.0,172.0,4.0,715.0,190.0,1
1.0,1292.0,264.0,80.0,6.0,530.0,170.0,1
15.0,198.0,2.0,129.0,7.0,430.0,120.0,1
13.0,412.0,244.0,134.0,4.0,714.0,201.0,1
6.0,5108.0,101.0,16.0,4.0,751.0,97.0,1
5.0,2358.0,197.0,153.0,3.0,1175.0,204.0,1
3.0,1240.0,60.0,35.0,3.0,420.0,123.0,1
15.0,16.0,129.0,75.0,4.0,600.0,55.0,1
1.0,2493.0,80.0,154.0,4.0,1305.0,205.0,1
0.0,4325.0,16.0,223.0,1.0,655.0,79.0,1
13.0,857.0,154.0,253.0,1.0,562.0,94.0,1
10.0,4329.0,148.0,71.0,3.0,1020.0,145.0,1
16.0,2213.0,135.0,290.0,3.0,805.0,85.0,1
15.0,579.0,154.0,202.0,1.0,385.0,80.0,1
11.0,6287.0,148.0,78.0,7.0,515.0,95.0,1
1.0,645.0,260.0,183.0,7.0,555.0,165.0,1
16.0,5895.0,33.0,134.0,7.0,531.0,104.0,1
4.0,1172.0,96.0,35.0,4.0,870.0,70.0,1
15.0,1592.0,104.0,173.0,7.0,935.0,60.0,1
13.0,650.0,22.0,134.0,5.0,360.0,94.0,1
1.0,589.0,234.0,80.0,3.0,800.0,210.0,1
9.0,341.0,143.0,128.0,4.0,577.0,49.0,1
4.0,1135.0,96.0,80.0,1.0,695.0,239.0,1
4.0,374.0,243.0,135.0,1.0,708.0,186.0,1
5.0,2936.0,217.0,177.0,4.0,830.0,180.0,1
12.0,6572.0,154.0,153.0,6.0,965.0,80.0,1
5.0,2566.0,244.0,148.0,1.0,535.0,218.0,1
3.0,686.0,78.0,35.0,5.0,940.0,84.0,1
3.0,1253.0,35.0,134.0,6.0,840.0,101.0,1
10.0,4344.0,208.0,85.0,7.0,835.0,80.0,1
8.0,511.0,184.0,159.0,4.0,1130.0,129.0,1
11.0,6347.0,148.0,80.0,7.0,1145.0,251.0,1
6.0,5344.0,288.0,16.0,4.0,859.0,78.0,1
5.0,1961.0,216.0,16.0,5.0,990.0,147.0,1
10.0,3610.0,27.0,183.0,3.0,785.0,110.0,1
1.0,1540.0,280.0,80.0,3.0,980.0,130.0,1
10.0,4026.0,208.0,117.0,7.0,1110.0,60.0,1
13.0,432.0,208.0,60.0,7.0,793.0,114.0,1
0.0,3997.0,177.0,147.0,1.0,520.0,104.0,1
6.0,5034.0,287.0,16.0,3.0,695.0,80.0,1
6.0,5363.0,16.0,87.0,5.0,1290.0,64.0,1
1.0,537.0,277.0,183.0,7.0,1055.0,70.0,1
5.0,1621.0,85.0,277.0,4.0,824.0,167.0,1
1.0,456.0,80.0,277.0,6.0,1015.0,135.0,1
14.0,596.0,217.0,172.0,5.0,1195.0,153.0,1
5.0,1911.0,16.0,80.0,5.0,1042.0,148.0,1
10.0,4281.0,208.0,94.0,5.0,710.0,65.0,1
8.0,90.0,233.0,16.0,7.0,1199.0,87.0,1
14.0,125.0,128.0,217.0,3.0,1430.0,362.0,1
15.0,357.0,27.0,45.0,4.0,730.0,110.0,1
4.0,111.0,96.0,58.0,5.0,1050.0,100.0,1
6.0,5123.0,190.0,16.0,7.0,714.0,76.0,1
13.0,603.0,78.0,208.0,1.0,420.0,127.0,1
16.0,2038.0,96.0,195.0,4.0,839.0,154.0,1
12.0,6953.0,208.0,34.0,4.0,740.0,229.0,1
1.0,2303.0,208.0,80.0,3.0,420.0,155.0,1
15.0,802.0,217.0,197.0,5.0,1120.0,185.0,1
4.0,558.0,135.0,78.0,3.0,975.0,169.0,1
5.0,2272.0,277.0,16.0,7.0,510.0,100.0,1
5.0,2479.0,184.0,16.0,6.0,573.0,122.0,1
16.0,2580.0,58.0,184.0,1.0,530.0,79.0,1
14.0,1768.0,60.0,78.0,6.0,990.0,80.0,1
14.0,1135.0,228.0,216.0,1.0,930.0,99.0,1
7.0,484.0,217.0,184.0,4.0,1085.0,198.0,1
15.0,1318.0,129.0,75.0,6.0,600.0,60.0,1
1.0,2192.0,183.0,35.0,4.0,1255.0,180.0,1
15.0,3314.0,216.0,221.0,6.0,715.0,75.0,1
15.0,145.0,44.0,153.0,3.0,605.0,65.0,1
15.0,2705.0,228.0,45.0,7.0,1095.0,85.0,1
1.0,1296.0,80.0,16.0,6.0,565.0,120.0,1
14.0,2175.0,159.0,78.0,3.0,780.0,67.0,1
15.0,3138.0,244.0,75.0,3.0,1205.0,55.0,1
4.0,1701.0,96.0,104.0,6.0,420.0,181.0,1
14.0,881.0,60.0,104.0,4.0,705.0,127.0,1
1.0,459.0,78.0,80.0,5.0,670.0,215.0,1
5.0,41.0,197.0,154.0,3.0,1170.0,244.0,1
15.0,1229.0,217.0,202.0,5.0,1245.0,125.0,1
1.0,145.0,35.0,154.0,6.0,1010.0,395.0,1
5.0,2529.0,197.0,277.0,3.0,545.0,187.0,1
5.0,1595.0,111.0,261.0,5.0,785.0,94.0,1
15.0,713.0,129.0,204.0,7.0,480.0,80.0,1
12.0,6616.0,83.0,79.0,4.0,945.0,60.0,1
13.0,284.0,208.0,173.0,6.0,667.0,162.0,1
12.0,6985.0,79.0,230.0,7.0,1166.0,69.0,1
5.0,1782.0,91.0,16.0,6.0,365.0,176.0,1
16.0,3057.0,288.0,135.0,4.0,908.0,109.0,1
5.0,1099.0,22.0,173.0,3.0,450.0,186.0,1
4.0,1729.0,280.0,135.0,4.0,495.0,142.0,1
14.0,551.0,217.0,80.0,4.0,965.0,140.0,1
5.0,1143.0,16.0,268.0,5.0,450.0,100.0,1
15.0,1289.0,252.0,262.0,5.0,465.0,105.0,1
10.0,3808.0,208.0,2.0,3.0,645.0,180.0,1
5.0,2815.0,16.0,217.0,4.0,654.0,256.0,1
5.0,1673.0,16.0,183.0,4.0,886.0,114.0,1
10.0,3825.0,261.0,208.0,1.0,430.0,200.0,1
3.0,406.0,243.0,35.0,3.0,845.0,309.0,1
15.0,174.0,79.0,104.0,3.0,1020.0,230.0,1
1.0,636.0,2.0,80.0,6.0,1040.0,105.0,1
1.0,880.0,80.0,205.0,3.0,1290.0,105.0,1
13.0,367.0,135.0,79.0,6.0,698.0,147.0,1
15.0,945.0,233.0,217.0,1.0,785.0,305.0,1
15.0,2010.0,79.0,258.0,7.0,1175.0,165.0,1
15.0,3405.0,236.0,153.0,3.0,755.0,80.0,1
12.0,6452.0,100.0,154.0,5.0,510.0,71.0,1
2.0,143.0,214.0,14.0,5.0,1330.0,242.0,1
14.0,1429.0,60.0,16.0,4.0,706.0,84.0,1
10.0,4366.0,208.0,71.0,3.0,1000.0,75.0,1
14.0,1293.0,35.0,216.0,4.0,390.0,93.0,1
7.0,630.0,79.0,195.0,4.0,942.0,119.0,1
2.0,620.0,214.0,153.0,3.0,1055.0,128.0,1
12.0,4756.0,172.0,261.0,6.0,370.0,162.0,1
11.0,6338.0,120.0,16.0,3.0,315.0,93.0,1
5.0,1666.0,61.0,16.0,6.0,746.0,101.0,1
16.0,5983.0,208.0,254.0,7.0,903.0,93.0,1
15.0,2078.0,280.0,154.0,6.0,740.0,95.0,1
5.0,2114.0,252.0,197.0,6.0,770.0,204.0,1
5.0,2126.0,104.0,16.0,6.0,685.0,115.0,1
12.0,4623.0,262.0,261.0,5.0,615.0,98.0,1
15.0,3496.0,217.0,202.0,5.0,590.0,125.0,1
5.0,1836.0,139.0,85.0,7.0,805.0,70.0,1
5.0,1440.0,16.0,221.0,3.0,649.0,101.0,1
14.0,986.0,104.0,78.0,4.0,420.0,145.0,1
5.0,1850.0,153.0,197.0,4.0,814.0,186.0,1
6.0,5377.0,187.0,16.0,7.0,735.0,116.0,1
1.0,1716.0,80.0,45.0,6.0,840.0,165.0,1
15.0,300.0,262.0,153.0,3.0,635.0,80.0,1
12.0,6591.0,65.0,134.0,1.0,537.0,183.0,1
4.0,246.0,135.0,208.0,3.0,960.0,156.0,1
2.0,699.0,111.0,252.0,1.0,420.0,67.0,1
14.0,1814.0,277.0,60.0,1.0,620.0,101.0,1
12.0,6529.0,208.0,195.0,6.0,875.0,48.0,1
17.0,7248.0,208.0,60.0,3.0,1268.0,99.0,1
10.0,4362.0,85.0,208.0,3.0,760.0,80.0,1
1.0,343.0,208.0,18.0,5.0,1195.0,170.0,1
4.0,387.0,96.0,264.0,1.0,720.0,369.0,1
5.0,1661.0,85.0,16.0,1.0,380.0,136.0,1
3.0,1069.0,148.0,18.0,3.0,1230.0,261.0,1
7.0,371.0,35.0,184.0,1.0,703.0,165.0,1
15.0,945.0,228.0,216.0,4.0,565.0,80.0,1
16.0,2443.0,96.0,234.0,4.0,780.0,82.0,1
7.0,728.0,79.0,78.0,4.0,450.0,196.0,1
16.0,5896.0,152.0,208.0,5.0,929.0,71.0,1
5.0,2208.0,16.0,134.0,7.0,730.0,104.0,1
14.0,483.0,79.0,217.0,5.0,360.0,119.0,1
10.0,4107.0,208.0,61.0,6.0,505.0,75.0,1
15.0,1235.0,33.0,45.0,5.0,580.0,95.0,1
14.0,1807.0,221.0,216.0,6.0,425.0,81.0,1
5.0,1290.0,16.0,85.0,4.0,1305.0,123.0,1
15.0,122.0,244.0,153.0,3.0,1170.0,180.0,1
14.0,1166.0,60.0,221.0,6.0,690.0,84.0,1
1.0,309.0,208.0,217.0,6.0,640.0,230.0,1
1.0,2385.0,80.0,135.0,6.0,430.0,75.0,1
15.0,1710.0,217.0,268.0,3.0,1090.0,175.0,1
6.0,7083.0,208.0,71.0,4.0,975.0,69.0,1
13.0,338.0,172.0,79.0,6.0,881.0,109.0,1
16.0,2630.0,280.0,135.0,6.0,850.0,137.0,1
1.0,1304.0,80.0,16.0,7.0,1150.0,120.0,1
15.0,1395.0,79.0,279.0,7.0,840.0,90.0,1
1.0,1275.0,251.0,80.0,7.0,950.0,145.0,1
5.0,1844.0,85.0,78.0,1.0,530.0,97.0,1
15.0,396.0,202.0,44.0,1.0,450.0,65.0,1
12.0,4523.0,261.0,34.0,7.0,950.0,68.0,1
13.0,745.0,159.0,79.0,1.0,888.0,276.0,1
5.0,1702.0,153.0,16.0,3.0,415.0,225.0,1
14.0,1785.0,60.0,198.0,5.0,675.0,123.0,1
4.0,304.0,96.0,214.0,3.0,585.0,377.0,1
8.0,1078.0,173.0,130.0,4.0,650.0,152.0,1
5.0,2085.0,241.0,159.0,1.0,540.0,165.0,1
3.0,77.0,148.0,213.0,5.0,542.0,181.0,1
15.0,3674.0,252.0,34.0,4.0,1020.0,75.0,1
12.0,4643.0,261.0,177.0,1.0,523.0,188.0,1
4.0,1598.0,264.0,135.0,4.0,405.0,204.0,1
10.0,2819.0,80.0,162.0,6.0,1110.0,65.0,1
10.0,4176.0,61.0,208.0,3.0,360.0,80.0,1
14.0,740.0,260.0,216.0,1.0,820.0,244.0,1
14.0,1047.0,60.0,172.0,7.0,1188.0,151.0,1
15.0,614.0,139.0,45.0,4.0,900.0,95.0,1
16.0,2069.0,135.0,165.0,1.0,920.0,71.0,1
3.0,20.0,277.0,148.0,7.0,365.0,149.0,1
13.0,736.0,253.0,153.0,5.0,360.0,98.0,1
1.0,518.0,183.0,148.0,3.0,425.0,165.0,1
14.0,1780.0,16.0,60.0,3.0,1199.0,78.0,1
16.0,2276.0,135.0,71.0,7.0,1010.0,135.0,1
16.0,2487.0,158.0,135.0,4.0,810.0,57.0,1
0.0,3791.0,82.0,197.0,4.0,914.0,60.0,1
5.0,2055.0,261.0,16.0,1.0,50.0,210.0,1
5.0,126.0,253.0,148.0,1.0,510.0,345.0,1
14.0,1587.0,216.0,60.0,3.0,1105.0,121.0,1
15.0,249.0,154.0,244.0,1.0,490.0,165.0,1
16.0,2640.0,119.0,135.0,3.0,1101.0,179.0,1
5.0,1235.0,96.0,261.0,6.0,420.0,327.0,1
14.0,1429.0,159.0,60.0,1.0,525.0,127.0,1
7.0,623.0,79.0,85.0,4.0,650.0,164.0,1
16.0,2718.0,45.0,96.0,6.0,368.0,52.0,1
14.0,1179.0,104.0,60.0,5.0,605.0,119.0,1
4.0,259.0,78.0,135.0,1.0,735.0,208.0,1
13.0,635.0,208.0,252.0,1.0,482.0,275.0,1
5.0,2433.0,60.0,16.0,3.0,710.0,82.0,1
5.0,2521.0,159.0,241.0,4.0,615.0,197.0,1
15.0,2025.0,207.0,258.0,4.0,575.0,70.0,1
15.0,174.0,2.0,153.0,3.0,525.0,100.0,1
6.0,5466.0,16.0,180.0,7.0,1245.0,62.0,1
15.0,2092.0,268.0,79.0,5.0,685.0,150.0,1
6.0,5095.0,33.0,16.0,5.0,860.0,70.0,1
16.0,2529.0,96.0,42.0,5.0,455.0,87.0,1
10.0,3761.0,261.0,208.0,5.0,690.0,190.0,1
6.0,5307.0,129.0,16.0,7.0,937.0,122.0,1
11.0,6498.0,208.0,16.0,1.0,350.0,128.0,1
0.0,4020.0,121.0,71.0,5.0,410.0,92.0,1
15.0,569.0,153.0,277.0,3.0,595.0,250.0,1
3.0,172.0,262.0,148.0,5.0,1424.0,308.0,1
13.0,300.0,79.0,84.0,6.0,755.0,99.0,1
12.0,4503.0,197.0,29.0,5.0,790.0,80.0,1
3.0,362.0,213.0,159.0,1.0,678.0,162.0,1
5.0,1403.0,197.0,104.0,3.0,620.0,213.0,1
15.0,763.0,207.0,202.0,7.0,1005.0,75.0,1
10.0,3351.0,80.0,155.0,1.0,870.0,70.0,1
8.0,454.0,16.0,198.0,6.0,1083.0,97.0,1
16.0,2504.0,96.0,182.0,1.0,460.0,82.0,1
0.0,4020.0,121.0,71.0,4.0,410.0,92.0,1
12.0,7771.0,255.0,261.0,1.0,696.0,84.0,1
0.0,3855.0,42.0,85.0,1.0,734.0,131.0,1
15.0,1336.0,129.0,277.0,6.0,1120.0,115.0,1
14.0,337.0,153.0,217.0,6.0,590.0,73.0,1
5.0,2704.0,16.0,233.0,7.0,1370.0,81.0,1
6.0,7065.0,134.0,76.0,5.0,1020.0,87.0,1
12.0,6382.0,253.0,34.0,4.0,421.0,92.0,1
4.0,647.0,208.0,135.0,4.0,1005.0,169.0,1
6.0,5075.0,174.0,16.0,6.0,375.0,133.0,1
6.0,5394.0,16.0,187.0,7.0,1310.0,119.0,1
12.0,4537.0,217.0,261.0,7.0,740.0,97.0,1
2.0,858.0,203.0,252.0,1.0,820.0,333.0,1
15.0,1083.0,217.0,153.0,4.0,735.0,65.0,1
6.0,5454.0,87.0,16.0,4.0,817.0,72.0,1
15.0,162.0,153.0,243.0,1.0,505.0,65.0,1
16.0,2064.0,139.0,96.0,6.0,929.0,115.0,1
9.0,205.0,203.0,128.0,5.0,364.0,33.0,1
1.0,625.0,173.0,183.0,5.0,920.0,65.0,1
12.0,4737.0,61.0,197.0,7.0,395.0,137.0,1
15.0,293.0,243.0,202.0,4.0,995.0,85.0,1
1.0,1397.0,208.0,241.0,7.0,410.0,165.0,1
16.0,2173.0,96.0,120.0,4.0,1200.0,110.0,1
8.0,69.0,134.0,16.0,5.0,370.0,119.0,1
15.0,723.0,233.0,33.0,3.0,1095.0,95.0,1
17.0,2879.0,280.0,217.0,4.0,1150.0,59.0,1
0.0,4380.0,229.0,85.0,5.0,983.0,135.0,1
14.0,729.0,216.0,80.0,7.0,1085.0,234.0,1
14.0,1221.0,104.0,78.0,7.0,840.0,146.0,1
12.0,6653.0,253.0,191.0,3.0,874.0,40.0,1
1.0,1822.0,80.0,76.0,4.0,875.0,130.0,1
5.0,2921.0,197.0,154.0,4.0,555.0,250.0,1
15.0,2983.0,202.0,207.0,7.0,1215.0,70.0,1
2.0,688.0,214.0,258.0,1.0,940.0,104.0,1
15.0,349.0,22.0,45.0,7.0,620.0,70.0,1
12.0,7801.0,282.0,261.0,1.0,570.0,60.0,1
10.0,3352.0,80.0,290.0,4.0,680.0,70.0,1
5.0,423.0,16.0,260.0,4.0,655.0,211.0,1
4.0,137.0,135.0,154.0,1.0,865.0,220.0,1
8.0,773.0,153.0,16.0,3.0,495.0,230.0,1
12.0,6639.0,46.0,79.0,4.0,1006.0,104.0,1
10.0,2721.0,80.0,1.0,7.0,1065.0,50.0,1
2.0,143.0,214.0,14.0,3.0,1330.0,242.0,1
11.0,6316.0,139.0,233.0,4.0,1035.0,105.0,1
4.0,186.0,264.0,96.0,4.0,465.0,313.0,1
14.0,1496.0,253.0,60.0,4.0,810.0,287.0,1
10.0,4244.0,84.0,208.0,5.0,540.0,80.0,1
1.0,1157.0,80.0,252.0,4.0,460.0,265.0,1
0.0,4061.0,20.0,85.0,7.0,995.0,100.0,1
14.0,1942.0,138.0,60.0,4.0,425.0,64.0,1
5.0,1174.0,245.0,16.0,3.0,512.0,83.0,1
8.0,224.0,184.0,153.0,7.0,465.0,245.0,1
10.0,4340.0,208.0,84.0,7.0,1015.0,80.0,1
16.0,2567.0,33.0,96.0,4.0,1019.0,134.0,1
16.0,2370.0,96.0,197.0,4.0,540.0,206.0,1
15.0,479.0,217.0,18.0,3.0,905.0,135.0,1
16.0,2784.0,135.0,162.0,6.0,980.0,73.0,1
15.0,1331.0,182.0,216.0,3.0,1160.0,100.0,1
1.0,1557.0,35.0,208.0,3.0,755.0,170.0,1
1.0,460.0,135.0,80.0,4.0,440.0,75.0,1
13.0,761.0,208.0,253.0,5.0,485.0,285.0,1
12.0,6286.0,153.0,227.0,3.0,859.0,59.0,1
5.0,1914.0,34.0,261.0,1.0,920.0,65.0,1
5.0,2994.0,213.0,16.0,7.0,975.0,114.0,1
5.0,1715.0,16.0,245.0,7.0,1225.0,70.0,1
9.0,535.0,203.0,128.0,3.0,621.0,34.0,1
13.0,540.0,253.0,134.0,5.0,544.0,306.0,1
15.0,16.0,153.0,154.0,4.0,825.0,65.0,1
8.0,38.0,16.0,175.0,3.0,791.0,111.0,1
12.0,6972.0,154.0,252.0,1.0,797.0,164.0,1
1.0,2040.0,183.0,159.0,7.0,770.0,170.0,1
12.0,6325.0,154.0,243.0,6.0,612.0,46.0,1
5.0,2786.0,16.0,159.0,5.0,1180.0,142.0,1
0.0,3847.0,238.0,85.0,1.0,764.0,91.0,1
8.0,342.0,16.0,216.0,4.0,961.0,123.0,1
12.0,6310.0,2.0,154.0,7.0,1135.0,125.0,1
6.0,7369.0,256.0,177.0,6.0,695.0,68.0,1
15.0,1642.0,129.0,33.0,5.0,695.0,105.0,1
1.0,430.0,80.0,268.0,3.0,430.0,90.0,1
4.0,259.0,78.0,135.0,5.0,735.0,208.0,1
15.0,885.0,154.0,2.0,4.0,625.0,105.0,1
14.0,1125.0,22.0,60.0,5.0,375.0,140.0,1
10.0,4052.0,62.0,208.0,6.0,795.0,65.0,1
4.0,671.0,58.0,173.0,1.0,555.0,143.0,1
10.0,2744.0,80.0,101.0,5.0,1140.0,150.0,1
11.0,6286.0,159.0,71.0,7.0,629.0,145.0,1
16.0,2182.0,65.0,135.0,5.0,845.0,129.0,1
14.0,57.0,217.0,197.0,1.0,585.0,189.0,1
10.0,4208.0,45.0,208.0,7.0,1155.0,145.0,1
15.0,1180.0,2.0,75.0,4.0,1215.0,90.0,1
15.0,1163.0,244.0,75.0,5.0,915.0,60.0,1
6.0,5330.0,132.0,16.0,3.0,860.0,73.0,1
10.0,3362.0,155.0,80.0,6.0,970.0,65.0,1
1.0,1380.0,80.0,139.0,6.0,950.0,120.0,1
8.0,163.0,16.0,260.0,6.0,768.0,197.0,1
17.0,2821.0,217.0,280.0,5.0,596.0,58.0,1
11.0,6771.0,85.0,273.0,1.0,460.0,87.0,1
11.0,6557.0,148.0,208.0,4.0,1075.0,183.0,1
1.0,1351.0,208.0,154.0,1.0,810.0,270.0,1
14.0,966.0,229.0,60.0,7.0,480.0,161.0,1
12.0,7760.0,89.0,261.0,6.0,852.0,63.0,1
5.0,1894.0,16.0,279.0,6.0,1243.0,128.0,1
16.0,2703.0,135.0,198.0,7.0,1375.0,59.0,1
6.0,5014.0,16.0,130.0,4.0,590.0,149.0,1
6.0,5572.0,16.0,41.0,4.0,725.0,94.0,1
14.0,2033.0,35.0,78.0,5.0,720.0,92.0,1
5.0,2053.0,205.0,16.0,5.0,412.0,153.0,1
10.0,4250.0,20.0,208.0,1.0,410.0,135.0,1
15.0,430.0,27.0,198.0,5.0,1030.0,70.0,1
15.0,2850.0,153.0,202.0,6.0,880.0,95.0,1
5.0,2241.0,261.0,154.0,6.0,910.0,115.0,1
5.0,2336.0,197.0,184.0,4.0,1180.0,72.0,1
4.0,1679.0,135.0,244.0,6.0,505.0,52.0,1
7.0,178.0,280.0,79.0,3.0,645.0,107.0,1
4.0,349.0,253.0,96.0,5.0,450.0,321.0,1
15.0,441.0,243.0,253.0,7.0,635.0,105.0,1
0.0,4056.0,197.0,251.0,7.0,940.0,119.0,1
5.0,2532.0,173.0,35.0,5.0,665.0,172.0,1
10.0,2815.0,80.0,245.0,7.0,1075.0,130.0,1
12.0,4460.0,261.0,46.0,5.0,585.0,80.0,1
6.0,7112.0,134.0,148.0,3.0,745.0,80.0,1
1.0,1076.0,268.0,78.0,5.0,900.0,115.0,1
5.0,2630.0,197.0,35.0,7.0,420.0,166.0,1
6.0,7074.0,12.0,208.0,5.0,858.0,149.0,1
15.0,1029.0,264.0,202.0,4.0,1000.0,80.0,1
5.0,2728.0,261.0,197.0,1.0,587.0,168.0,1
13.0,681.0,159.0,208.0,3.0,781.0,153.0,1
16.0,5920.0,208.0,58.0,6.0,987.0,76.0,1
13.0,164.0,208.0,173.0,7.0,447.0,158.0,1
8.0,1017.0,173.0,35.0,4.0,485.0,169.0,1
5.0,2896.0,16.0,184.0,4.0,500.0,126.0,1
12.0,6875.0,79.0,195.0,5.0,935.0,127.0,1
13.0,353.0,154.0,153.0,6.0,419.0,80.0,1
12.0,6385.0,248.0,154.0,3.0,700.0,62.0,1
1.0,1546.0,264.0,80.0,5.0,1015.0,165.0,1
16.0,2462.0,135.0,60.0,4.0,535.0,133.0,1
15.0,958.0,279.0,75.0,5.0,1015.0,60.0,1
15.0,1321.0,258.0,214.0,7.0,960.0,110.0,1
2.0,189.0,14.0,98.0,5.0,945.0,60.0,1
5.0,2825.0,35.0,197.0,5.0,1090.0,203.0,1
5.0,1833.0,71.0,154.0,1.0,970.0,293.0,1
5.0,1548.0,85.0,159.0,6.0,1055.0,116.0,1
0.0,4166.0,58.0,148.0,3.0,1020.0,130.0,1
2.0,192.0,98.0,14.0,3.0,1240.0,64.0,1
10.0,4581.0,60.0,159.0,1.0,360.0,110.0,1
16.0,2414.0,198.0,58.0,6.0,505.0,132.0,1
10.0,2878.0,114.0,80.0,7.0,395.0,135.0,1
15.0,1698.0,104.0,277.0,6.0,720.0,60.0,1
1.0,1491.0,216.0,80.0,1.0,995.0,240.0,1
6.0,4940.0,205.0,16.0,5.0,330.0,147.0,1
10.0,3648.0,71.0,183.0,5.0,890.0,160.0,1
4.0,119.0,277.0,96.0,1.0,959.0,164.0,1
5.0,1029.0,76.0,16.0,3.0,807.0,108.0,1
15.0,384.0,175.0,134.0,4.0,630.0,105.0,1
4.0,596.0,153.0,135.0,7.0,765.0,178.0,1
15.0,2274.0,79.0,280.0,6.0,785.0,115.0,1
15.0,1202.0,175.0,79.0,7.0,1145.0,170.0,1
8.0,164.0,260.0,16.0,5.0,995.0,248.0,1
15.0,30.0,129.0,75.0,1.0,810.0,55.0,1
1.0,1259.0,80.0,79.0,6.0,755.0,125.0,1
6.0,5604.0,146.0,177.0,3.0,1000.0,60.0,1
12.0,4690.0,154.0,261.0,1.0,463.0,107.0,1
12.0,7028.0,65.0,79.0,1.0,460.0,50.0,1
1.0,1461.0,80.0,253.0,1.0,605.0,240.0,1
15.0,362.0,153.0,207.0,7.0,705.0,55.0,1
7.0,794.0,214.0,79.0,7.0,515.0,143.0,1
8.0,81.0,16.0,104.0,6.0,934.0,111.0,1
17.0,7210.0,208.0,43.0,7.0,608.0,82.0,1
13.0,609.0,208.0,253.0,1.0,716.0,289.0,1
17.0,2715.0,217.0,100.0,7.0,1070.0,101.0,1
7.0,455.0,159.0,184.0,5.0,1080.0,139.0,1
15.0,211.0,243.0,262.0,4.0,650.0,95.0,1
11.0,6751.0,233.0,173.0,6.0,590.0,112.0,1
2.0,658.0,214.0,258.0,4.0,380.0,108.0,1
6.0,5198.0,16.0,130.0,1.0,970.0,135.0,1
10.0,3773.0,79.0,208.0,6.0,1085.0,135.0,1
9.0,555.0,203.0,128.0,4.0,1235.0,33.0,1
5.0,2105.0,197.0,253.0,1.0,675.0,243.0,1
13.0,119.0,253.0,154.0,6.0,974.0,92.0,1
14.0,281.0,85.0,217.0,5.0,680.0,263.0,1
4.0,174.0,128.0,264.0,6.0,840.0,335.0,1
12.0,6488.0,208.0,130.0,7.0,1257.0,122.0,1
17.0,7251.0,208.0,228.0,4.0,527.0,127.0,1
10.0,4055.0,208.0,33.0,7.0,1005.0,90.0,1
13.0,528.0,197.0,208.0,6.0,402.0,84.0,1
14.0,399.0,96.0,60.0,7.0,620.0,116.0,1
2.0,87.0,252.0,14.0,3.0,600.0,218.0,1
4.0,335.0,243.0,135.0,3.0,890.0,182.0,1
12.0,6925.0,217.0,154.0,3.0,345.0,85.0,1
6.0,5548.0,16.0,52.0,7.0,655.0,53.0,1
14.0,1883.0,147.0,60.0,3.0,835.0,77.0,1
11.0,6693.0,85.0,251.0,1.0,920.0,87.0,1
10.0,4093.0,193.0,117.0,3.0,405.0,50.0,1
1.0,761.0,208.0,268.0,5.0,725.0,65.0,1
5.0,1528.0,33.0,85.0,6.0,375.0,126.0,1
10.0,3326.0,285.0,80.0,7.0,810.0,155.0,1
8.0,654.0,244.0,16.0,3.0,760.0,131.0,1
14.0,62.0,60.0,35.0,3.0,795.0,125.0,1
15.0,1381.0,172.0,75.0,4.0,945.0,95.0,1
15.0,2801.0,277.0,213.0,4.0,735.0,55.0,1
13.0,315.0,79.0,207.0,1.0,707.0,145.0,1
15.0,1004.0,175.0,172.0,3.0,460.0,90.0,1
13.0,638.0,208.0,96.0,5.0,535.0,125.0,1
3.0,204.0,160.0,148.0,5.0,556.0,314.0,1
15.0,1162.0,216.0,175.0,3.0,1065.0,140.0,1
13.0,283.0,79.0,111.0,5.0,1144.0,152.0,1
15.0,980.0,243.0,153.0,6.0,915.0,75.0,1
1.0,2353.0,208.0,80.0,5.0,1180.0,150.0,1
12.0,6472.0,2.0,154.0,6.0,666.0,125.0,1
7.0,226.0,79.0,175.0,3.0,900.0,135.0,1
5.0,1269.0,33.0,16.0,5.0,777.0,69.0,1
5.0,2104.0,154.0,261.0,5.0,1083.0,108.0,1
10.0,3956.0,56.0,208.0,7.0,515.0,65.0,1
14.0,1401.0,60.0,104.0,3.0,975.0,120.0,1
11.0,6548.0,221.0,148.0,6.0,1025.0,95.0,1
8.0,482.0,173.0,45.0,4.0,1060.0,120.0,1
8.0,411.0,229.0,45.0,7.0,365.0,110.0,1
0.0,4230.0,85.0,25.0,4.0,630.0,85.0,1
6.0,5273.0,85.0,147.0,3.0,1205.0,146.0,1
1.0,1366.0,80.0,177.0,7.0,965.0,85.0,1
6.0,5180.0,35.0,78.0,1.0,755.0,105.0,1
15.0,3761.0,34.0,252.0,4.0,1180.0,85.0,1
3.0,1.0,148.0,104.0,5.0,485.0,187.0,1
1.0,1482.0,183.0,35.0,7.0,610.0,185.0,1
6.0,5161.0,52.0,16.0,7.0,460.0,59.0,1
1.0,133.0,148.0,154.0,7.0,930.0,390.0,1
10.0,4451.0,233.0,78.0,5.0,670.0,60.0,1
16.0,5979.0,107.0,208.0,7.0,885.0,96.0,1
15.0,793.0,146.0,129.0,3.0,810.0,80.0,1
5.0,1003.0,16.0,184.0,7.0,885.0,125.0,1
12.0,6988.0,79.0,65.0,5.0,764.0,35.0,1
4.0,368.0,217.0,58.0,6.0,711.0,222.0,1
6.0,5132.0,16.0,11.0,3.0,490.0,55.0,1
12.0,6830.0,154.0,34.0,3.0,1005.0,117.0,1
15.0,2525.0,27.0,173.0,3.0,1210.0,90.0,1
1.0,526.0,80.0,277.0,3.0,745.0,135.0,1
5.0,1454.0,154.0,16.0,1.0,1005.0,251.0,1
1.0,1206.0,217.0,208.0,7.0,1040.0,200.0,1
4.0,1097.0,135.0,153.0,3.0,440.0,204.0,1
6.0,5601.0,16.0,81.0,3.0,1017.0,58.0,1
10.0,4281.0,208.0,94.0,4.0,710.0,65.0,1
15.0,827.0,79.0,279.0,1.0,1090.0,90.0,1
8.0,1134.0,238.0,277.0,6.0,445.0,184.0,1
12.0,6911.0,184.0,208.0,1.0,631.0,44.0,1
15.0,351.0,243.0,79.0,5.0,755.0,135.0,1
7.0,261.0,264.0,79.0,6.0,900.0,136.0,1
5.0,2896.0,16.0,184.0,1.0,500.0,126.0,1
11.0,6265.0,132.0,85.0,4.0,610.0,117.0,1
1.0,1069.0,80.0,79.0,6.0,1300.0,120.0,1
16.0,3043.0,61.0,96.0,5.0,660.0,99.0,1
5.0,2236.0,80.0,197.0,5.0,480.0,144.0,1
0.0,4194.0,240.0,197.0,5.0,935.0,50.0,1
5.0,1001.0,35.0,16.0,1.0,660.0,176.0,1
3.0,1222.0,233.0,35.0,1.0,535.0,100.0,1
15.0,997.0,217.0,35.0,1.0,645.0,300.0,1
12.0,6358.0,154.0,246.0,6.0,1119.0,42.0,1
5.0,1130.0,177.0,16.0,6.0,945.0,83.0,1
7.0,412.0,154.0,79.0,5.0,1125.0,131.0,1
15.0,1295.0,277.0,129.0,6.0,1000.0,150.0,1
1.0,277.0,183.0,154.0,6.0,945.0,350.0,1
0.0,3994.0,166.0,197.0,4.0,757.0,55.0,1
9.0,103.0,128.0,161.0,4.0,331.0,35.0,1
15.0,206.0,202.0,243.0,1.0,885.0,85.0,1
15.0,1408.0,214.0,217.0,5.0,1205.0,150.0,1
14.0,186.0,217.0,243.0,5.0,1075.0,70.0,1
12.0,6555.0,114.0,79.0,3.0,592.0,58.0,1
15.0,1731.0,173.0,198.0,6.0,550.0,110.0,1
17.0,2840.0,292.0,217.0,4.0,525.0,74.0,1
14.0,1273.0,216.0,80.0,1.0,695.0,226.0,1
8.0,569.0,32.0,16.0,7.0,1060.0,100.0,1
13.0,579.0,84.0,79.0,7.0,483.0,123.0,1
10.0,3668.0,285.0,183.0,5.0,875.0,125.0,1
0.0,4301.0,139.0,233.0,3.0,420.0,105.0,1
14.0,1490.0,60.0,159.0,7.0,971.0,109.0,1
4.0,1192.0,96.0,35.0,5.0,1170.0,74.0,1
10.0,4076.0,99.0,208.0,4.0,370.0,130.0,1
3.0,923.0,35.0,208.0,5.0,1170.0,169.0,1
11.0,6590.0,134.0,71.0,1.0,415.0,110.0,1
5.0,2138.0,16.0,78.0,5.0,860.0,96.0,1
5.0,2852.0,74.0,16.0,1.0,1080.0,99.0,1
12.0,6940.0,208.0,157.0,7.0,960.0,72.0,1
3.0,238.0,160.0,261.0,5.0,1175.0,99.0,1
13.0,950.0,154.0,134.0,7.0,461.0,285.0,1
15.0,1092.0,175.0,268.0,3.0,390.0,65.0,1
5.0,1016.0,16.0,175.0,3.0,465.0,109.0,1
6.0,5609.0,233.0,177.0,7.0,710.0,128.0,1
15.0,848.0,202.0,154.0,7.0,840.0,70.0,1
6.0,5164.0,16.0,47.0,1.0,1077.0,63.0,1
15.0,1162.0,147.0,216.0,1.0,900.0,135.0,1
17.0,2633.0,134.0,60.0,4.0,1083.0,90.0,1
12.0,6478.0,208.0,119.0,7.0,494.0,45.0,1
4.0,498.0,79.0,135.0,4.0,865.0,138.0,1
6.0,5415.0,52.0,16.0,7.0,657.0,53.0,1
12.0,6301.0,154.0,227.0,7.0,701.0,52.0,1
11.0,6296.0,184.0,71.0,6.0,780.0,76.0,1
7.0,466.0,184.0,219.0,4.0,458.0,165.0,1
3.0,293.0,252.0,160.0,5.0,871.0,149.0,1
17.0,2717.0,100.0,217.0,5.0,570.0,95.0,1
12.0,4794.0,207.0,261.0,6.0,365.0,104.0,1
14.0,1562.0,221.0,216.0,7.0,570.0,73.0,1
15.0,1972.0,202.0,217.0,6.0,420.0,115.0,1
15.0,35.0,162.0,75.0,7.0,805.0,65.0,1
5.0,1276.0,197.0,16.0,1.0,320.0,158.0,1
2.0,678.0,252.0,79.0,4.0,1135.0,154.0,1
1.0,428.0,135.0,80.0,1.0,840.0,70.0,1
6.0,7085.0,134.0,121.0,5.0,503.0,88.0,1
16.0,2495.0,27.0,135.0,5.0,790.0,110.0,1
6.0,7068.0,134.0,121.0,1.0,1057.0,88.0,1
12.0,6486.0,79.0,67.0,5.0,936.0,56.0,1
1.0,1068.0,183.0,78.0,3.0,610.0,140.0,1
2.0,65.0,226.0,149.0,4.0,698.0,42.0,1
13.0,380.0,198.0,134.0,1.0,1058.0,153.0,1
0.0,3998.0,275.0,16.0,7.0,338.0,68.0,1
3.0,524.0,173.0,96.0,3.0,1172.0,148.0,1
8.0,1282.0,106.0,277.0,6.0,919.0,166.0,1
14.0,1190.0,154.0,60.0,6.0,465.0,265.0,1
3.0,1148.0,173.0,42.0,6.0,1085.0,166.0,1
13.0,69.0,154.0,161.0,3.0,848.0,365.0,1
0.0,4138.0,43.0,85.0,4.0,380.0,85.0,1
16.0,2194.0,120.0,135.0,3.0,1075.0,179.0,1
0.0,3807.0,85.0,171.0,4.0,735.0,52.0,1
2.0,66.0,50.0,291.0,5.0,1018.0,52.0,1
15.0,6.0,2.0,252.0,1.0,610.0,200.0,1
3.0,339.0,134.0,173.0,1.0,660.0,135.0,1
17.0,7240.0,134.0,233.0,6.0,1020.0,71.0,1
11.0,6613.0,71.0,184.0,6.0,980.0,86.0,1
1.0,437.0,78.0,183.0,4.0,670.0,160.0,1
14.0,522.0,96.0,217.0,1.0,390.0,345.0,1
15.0,870.0,75.0,18.0,1.0,575.0,55.0,1
5.0,1259.0,221.0,16.0,3.0,875.0,123.0,1
15.0,740.0,268.0,173.0,7.0,1130.0,135.0,1
5.0,2627.0,85.0,198.0,4.0,916.0,162.0,1
8.0,543.0,217.0,16.0,5.0,1439.0,208.0,1
12.0,6680.0,79.0,15.0,7.0,1300.0,45.0,1
4.0,129.0,198.0,135.0,4.0,1046.0,72.0,1
12.0,6921.0,253.0,252.0,3.0,516.0,122.0,1
11.0,6267.0,71.0,177.0,5.0,750.0,95.0,1
1.0,2320.0,80.0,208.0,4.0,345.0,140.0,1
15.0,2022.0,104.0,153.0,7.0,465.0,340.0,1
1.0,2418.0,80.0,279.0,5.0,1170.0,60.0,1
2.0,60.0,149.0,151.0,4.0,440.0,65.0,1
15.0,845.0,216.0,173.0,1.0,420.0,165.0,1
15.0,2101.0,173.0,141.0,5.0,1170.0,145.0,1
5.0,2450.0,16.0,139.0,6.0,597.0,105.0,1
12.0,6561.0,79.0,122.0,6.0,1141.0,118.0,1
15.0,3042.0,129.0,198.0,6.0,490.0,60.0,1
13.0,109.0,208.0,197.0,5.0,873.0,93.0,1
0.0,3975.0,112.0,197.0,4.0,305.0,68.0,1
2.0,322.0,252.0,258.0,6.0,405.0,128.0,1
15.0,1345.0,75.0,2.0,1.0,665.0,110.0,1
10.0,4360.0,208.0,85.0,5.0,580.0,85.0,1
1.0,1775.0,80.0,264.0,5.0,675.0,195.0,1
8.0,518.0,61.0,16.0,3.0,1100.0,107.0,1
1.0,1847.0,18.0,80.0,1.0,570.0,65.0,1
17.0,7267.0,208.0,16.0,7.0,585.0,115.0,1
0.0,4055.0,84.0,197.0,7.0,716.0,76.0,1
10.0,4168.0,234.0,208.0,3.0,850.0,135.0,1
10.0,4223.0,238.0,208.0,6.0,360.0,125.0,1
16.0,2860.0,184.0,135.0,5.0,630.0,172.0,1
8.0,158.0,45.0,139.0,7.0,1211.0,104.0,1
10.0,2707.0,80.0,165.0,3.0,825.0,85.0,1
5.0,335.0,60.0,16.0,3.0,1022.0,88.0,1
12.0,6854.0,6.0,253.0,7.0,659.0,78.0,1
6.0,5170.0,16.0,278.0,7.0,782.0,59.0,1
0.0,4162.0,109.0,85.0,1.0,915.0,62.0,1
15.0,1623.0,175.0,197.0,6.0,850.0,85.0,1
16.0,2973.0,279.0,135.0,1.0,455.0,92.0,1
5.0,2283.0,47.0,16.0,6.0,385.0,78.0,1
10.0,4279.0,208.0,119.0,5.0,1065.0,55.0,1
1.0,1103.0,208.0,268.0,3.0,590.0,65.0,1
10.0,3959.0,162.0,208.0,6.0,635.0,110.0,1
12.0,6812.0,265.0,208.0,5.0,568.0,58.0,1
12.0,6337.0,114.0,79.0,7.0,764.0,57.0,1
12.0,6667.0,179.0,253.0,7.0,435.0,105.0,1
6.0,5314.0,80.0,85.0,1.0,886.0,159.0,1
5.0,2571.0,139.0,16.0,1.0,667.0,94.0,1
6.0,7101.0,208.0,71.0,1.0,709.0,72.0,1
5.0,681.0,16.0,245.0,3.0,893.0,67.0,1
12.0,7051.0,130.0,208.0,7.0,450.0,160.0,1
5.0,1635.0,147.0,16.0,6.0,919.0,78.0,1
10.0,4114.0,221.0,208.0,1.0,360.0,105.0,1
15.0,1022.0,35.0,45.0,1.0,745.0,90.0,1
12.0,3099.0,205.0,184.0,3.0,349.0,81.0,1
5.0,1262.0,173.0,22.0,4.0,675.0,154.0,1
5.0,2117.0,61.0,16.0,7.0,1020.0,101.0,1
6.0,4953.0,285.0,16.0,4.0,917.0,68.0,1
10.0,4319.0,208.0,132.0,5.0,790.0,105.0,1
13.0,850.0,208.0,221.0,1.0,1091.0,91.0,1
15.0,748.0,204.0,129.0,5.0,765.0,85.0,1
10.0,3374.0,71.0,80.0,6.0,795.0,165.0,1
10.0,3610.0,27.0,183.0,5.0,785.0,110.0,1
4.0,1186.0,208.0,96.0,1.0,1022.0,136.0,1
12.0,7012.0,208.0,184.0,4.0,1034.0,42.0,1
8.0,1580.0,16.0,30.0,5.0,610.0,114.0,1
10.0,3909.0,285.0,208.0,6.0,925.0,110.0,1
12.0,6826.0,194.0,253.0,5.0,370.0,35.0,1
5.0,1089.0,261.0,262.0,7.0,1305.0,104.0,1
12.0,4611.0,244.0,261.0,5.0,360.0,175.0,1
13.0,176.0,208.0,134.0,7.0,974.0,117.0,1
15.0,1381.0,45.0,85.0,4.0,655.0,100.0,1
1.0,1672.0,88.0,80.0,4.0,865.0,125.0,1
1.0,1642.0,268.0,78.0,1.0,740.0,110.0,1
3.0,683.0,35.0,78.0,6.0,660.0,101.0,1
1.0,1285.0,80.0,264.0,1.0,890.0,195.0,1
5.0,1267.0,85.0,18.0,5.0,740.0,202.0,1
15.0,2708.0,45.0,153.0,6.0,985.0,335.0,1
1.0,1616.0,261.0,80.0,6.0,755.0,155.0,1
17.0,2927.0,60.0,71.0,6.0,1345.0,92.0,1
3.0,467.0,35.0,241.0,4.0,685.0,213.0,1
5.0,1426.0,104.0,16.0,7.0,1130.0,120.0,1
3.0,1225.0,35.0,233.0,6.0,855.0,123.0,1
8.0,485.0,45.0,173.0,1.0,878.0,142.0,1
15.0,2539.0,216.0,173.0,5.0,845.0,160.0,1
2.0,883.0,252.0,150.0,4.0,1060.0,377.0,1
17.0,2898.0,246.0,217.0,7.0,585.0,89.0,1
7.0,564.0,243.0,79.0,1.0,908.0,135.0,1
16.0,2266.0,16.0,58.0,5.0,892.0,102.0,1
8.0,25.0,175.0,16.0,4.0,886.0,112.0,1
14.0,195.0,217.0,243.0,6.0,680.0,81.0,1
2.0,575.0,243.0,214.0,5.0,815.0,154.0,1
11.0,6673.0,148.0,78.0,4.0,1042.0,98.0,1
5.0,2967.0,16.0,243.0,6.0,660.0,294.0,1
2.0,29.0,208.0,252.0,5.0,1185.0,275.0,1
15.0,3771.0,175.0,221.0,1.0,710.0,75.0,1
10.0,4319.0,208.0,132.0,6.0,790.0,105.0,1
17.0,2865.0,103.0,217.0,4.0,770.0,65.0,1
10.0,4212.0,208.0,43.0,3.0,720.0,95.0,1
1.0,231.0,183.0,154.0,6.0,1080.0,350.0,1
1.0,2328.0,80.0,208.0,3.0,475.0,140.0,1
13.0,845.0,243.0,208.0,7.0,677.0,233.0,1
0.0,4303.0,172.0,177.0,7.0,670.0,84.0,1
12.0,6938.0,44.0,79.0,4.0,919.0,141.0,1
5.0,1486.0,16.0,159.0,1.0,400.0,127.0,1
1.0,1235.0,35.0,80.0,4.0,1015.0,270.0,1
11.0,6270.0,71.0,209.0,7.0,935.0,94.0,1
4.0,1162.0,208.0,96.0,5.0,1155.0,122.0,1
1.0,1672.0,88.0,80.0,5.0,865.0,125.0,1
5.0,1283.0,16.0,175.0,7.0,1040.0,116.0,1
15.0,527.0,104.0,277.0,1.0,645.0,60.0,1
14.0,867.0,273.0,216.0,1.0,445.0,84.0,1
10.0,3616.0,139.0,183.0,5.0,420.0,170.0,1
13.0,319.0,134.0,154.0,3.0,504.0,347.0,1
0.0,3767.0,58.0,197.0,5.0,1130.0,135.0,1
9.0,156.0,128.0,203.0,3.0,454.0,37.0,1
12.0,6454.0,208.0,85.0,7.0,360.0,70.0,1
5.0,1803.0,85.0,177.0,1.0,445.0,138.0,1
5.0,130.0,241.0,16.0,5.0,750.0,109.0,1
1.0,2211.0,80.0,214.0,3.0,1280.0,245.0,1
14.0,185.0,236.0,217.0,7.0,755.0,100.0,1
3.0,1424.0,160.0,214.0,1.0,1085.0,141.0,1
1.0,2337.0,208.0,80.0,4.0,940.0,155.0,1
5.0,519.0,230.0,197.0,3.0,405.0,100.0,1
1.0,1415.0,277.0,80.0,3.0,990.0,170.0,1
16.0,2145.0,205.0,135.0,5.0,840.0,139.0,1
1.0,1965.0,80.0,253.0,3.0,535.0,240.0,1
13.0,621.0,78.0,208.0,4.0,877.0,128.0,1
10.0,4605.0,233.0,159.0,4.0,980.0,95.0,1
15.0,934.0,264.0,153.0,4.0,1100.0,65.0,1
2.0,668.0,252.0,18.0,7.0,695.0,228.0,1
0.0,4120.0,215.0,16.0,5.0,800.0,124.0,1
3.0,291.0,252.0,160.0,7.0,638.0,154.0,1
15.0,635.0,209.0,173.0,4.0,1085.0,125.0,1
8.0,1430.0,35.0,215.0,7.0,1190.0,101.0,1
17.0,2702.0,248.0,217.0,3.0,385.0,94.0,1
1.0,632.0,153.0,80.0,3.0,770.0,155.0,1
12.0,6431.0,154.0,244.0,5.0,853.0,163.0,1
6.0,5089.0,256.0,16.0,3.0,1079.0,106.0,1
5.0,2018.0,173.0,16.0,1.0,690.0,93.0,1
1.0,555.0,80.0,244.0,7.0,590.0,70.0,1
1.0,2428.0,80.0,18.0,1.0,900.0,60.0,1
0.0,3764.0,187.0,85.0,4.0,625.0,97.0,1
14.0,88.0,16.0,217.0,6.0,465.0,269.0,1
13.0,590.0,208.0,22.0,6.0,823.0,129.0,1
0.0,3815.0,177.0,184.0,4.0,520.0,108.0,1
12.0,4604.0,258.0,261.0,3.0,610.0,107.0,1
5.0,2988.0,173.0,71.0,1.0,970.0,133.0,1
1.0,815.0,80.0,91.0,5.0,900.0,105.0,1
3.0,442.0,277.0,35.0,6.0,360.0,167.0,1
4.0,228.0,96.0,79.0,6.0,1020.0,267.0,1
5.0,1875.0,22.0,197.0,7.0,857.0,183.0,1
5.0,226.0,79.0,16.0,4.0,790.0,174.0,1
10.0,4202.0,208.0,0.0,5.0,1205.0,110.0,1
14.0,962.0,79.0,216.0,7.0,680.0,208.0,1
10.0,4455.0,148.0,78.0,5.0,960.0,90.0,1
5.0,2313.0,16.0,129.0,4.0,1296.0,141.0,1
4.0,671.0,58.0,173.0,7.0,555.0,140.0,1
17.0,7235.0,134.0,12.0,3.0,495.0,70.0,1
8.0,1748.0,221.0,173.0,6.0,1135.0,158.0,1
1.0,1917.0,148.0,173.0,5.0,935.0,185.0,1
8.0,229.0,183.0,45.0,1.0,767.0,145.0,1
1.0,1140.0,80.0,16.0,4.0,475.0,125.0,1
1.0,2541.0,139.0,80.0,5.0,680.0,150.0,1
13.0,851.0,221.0,208.0,1.0,582.0,98.0,1
10.0,3215.0,80.0,129.0,7.0,635.0,65.0,1
8.0,237.0,16.0,234.0,6.0,1330.0,92.0,1
14.0,1232.0,104.0,78.0,3.0,1085.0,144.0,1
12.0,6882.0,262.0,79.0,4.0,1048.0,134.0,1
4.0,5.0,135.0,198.0,7.0,1105.0,71.0,1
15.0,1325.0,45.0,141.0,5.0,1095.0,60.0,1
12.0,6499.0,258.0,154.0,5.0,652.0,79.0,1
16.0,3132.0,135.0,147.0,6.0,630.0,113.0,1
6.0,5308.0,27.0,16.0,4.0,1080.0,72.0,1
1.0,536.0,80.0,16.0,3.0,400.0,125.0,1
4.0,1803.0,154.0,96.0,4.0,1320.0,300.0,1
15.0,610.0,34.0,236.0,4.0,1150.0,65.0,1
15.0,1626.0,244.0,45.0,6.0,895.0,185.0,1
10.0,4094.0,208.0,273.0,7.0,525.0,110.0,1
5.0,104.0,16.0,85.0,6.0,445.0,118.0,1
13.0,107.0,208.0,154.0,1.0,790.0,276.0,1
5.0,1507.0,16.0,261.0,4.0,730.0,252.0,1
15.0,1923.0,153.0,280.0,1.0,750.0,75.0,1
1.0,1888.0,80.0,147.0,4.0,410.0,125.0,1
5.0,2063.0,78.0,197.0,7.0,500.0,173.0,1
17.0,1023.0,128.0,150.0,7.0,545.0,40.0,1
15.0,3.0,162.0,75.0,1.0,360.0,70.0,1
6.0,7129.0,134.0,42.0,6.0,1041.0,91.0,1
15.0,371.0,61.0,173.0,3.0,1010.0,135.0,1
1.0,2464.0,80.0,204.0,5.0,875.0,55.0,1
14.0,816.0,60.0,174.0,3.0,1190.0,87.0,1
5.0,2330.0,197.0,177.0,4.0,660.0,125.0,1
10.0,2897.0,108.0,80.0,7.0,930.0,65.0,1
4.0,1561.0,217.0,135.0,6.0,510.0,148.0,1
1.0,1700.0,183.0,260.0,3.0,875.0,145.0,1
5.0,1525.0,16.0,267.0,6.0,1220.0,89.0,1
12.0,6302.0,227.0,154.0,4.0,971.0,44.0,1
0.0,3827.0,85.0,21.0,7.0,1295.0,51.0,1
15.0,1246.0,217.0,268.0,1.0,410.0,175.0,1
14.0,644.0,153.0,217.0,3.0,880.0,68.0,1
13.0,701.0,79.0,2.0,4.0,1159.0,83.0,1
4.0,1669.0,253.0,135.0,4.0,881.0,219.0,1
15.0,1965.0,251.0,217.0,6.0,525.0,255.0,1
14.0,1764.0,147.0,60.0,3.0,935.0,78.0,1
5.0,2310.0,16.0,139.0,5.0,888.0,99.0,1
10.0,4132.0,208.0,172.0,6.0,420.0,90.0,1
2.0,858.0,203.0,252.0,3.0,820.0,333.0,1
12.0,6866.0,208.0,16.0,4.0,990.0,115.0,1
15.0,3932.0,202.0,34.0,7.0,1115.0,85.0,1
15.0,2895.0,209.0,147.0,1.0,500.0,105.0,1
10.0,3001.0,154.0,79.0,5.0,570.0,140.0,1
15.0,3247.0,280.0,154.0,3.0,1100.0,95.0,1
14.0,718.0,35.0,216.0,7.0,930.0,111.0,1
15.0,3668.0,207.0,202.0,5.0,845.0,75.0,1
15.0,1968.0,35.0,175.0,3.0,1015.0,170.0,1
17.0,2926.0,91.0,217.0,6.0,370.0,80.0,1
2.0,483.0,243.0,252.0,1.0,750.0,175.0,1
17.0,2905.0,217.0,114.0,7.0,790.0,122.0,1
1.0,1896.0,80.0,251.0,4.0,1160.0,115.0,1
17.0,2934.0,24.0,217.0,6.0,380.0,92.0,1
1.0,76.0,154.0,134.0,3.0,570.0,285.0,1
0.0,4329.0,234.0,85.0,4.0,979.0,121.0,1
10.0,4591.0,159.0,197.0,7.0,660.0,180.0,1
0.0,4188.0,16.0,238.0,5.0,1065.0,124.0,1
6.0,5002.0,16.0,201.0,1.0,720.0,77.0,1
12.0,6388.0,56.0,79.0,5.0,1163.0,133.0,1
14.0,497.0,96.0,60.0,1.0,1050.0,122.0,1
17.0,7254.0,245.0,208.0,4.0,680.0,145.0,1
3.0,18.0,104.0,148.0,7.0,616.0,158.0,1
2.0,558.0,252.0,227.0,1.0,780.0,158.0,1
1.0,1225.0,65.0,80.0,1.0,360.0,120.0,1
16.0,2006.0,120.0,96.0,5.0,363.0,89.0,1
13.0,600.0,208.0,78.0,3.0,365.0,111.0,1
10.0,3923.0,107.0,208.0,7.0,390.0,105.0,1
3.0,674.0,154.0,148.0,3.0,910.0,311.0,1
1.0,348.0,208.0,159.0,6.0,1135.0,125.0,1
14.0,1159.0,78.0,173.0,4.0,515.0,147.0,1
7.0,609.0,139.0,79.0,4.0,1195.0,165.0,1
8.0,327.0,16.0,253.0,7.0,1240.0,334.0,1
10.0,2833.0,80.0,56.0,4.0,475.0,115.0,1
15.0,840.0,79.0,217.0,3.0,375.0,120.0,1
1.0,2470.0,154.0,80.0,7.0,1140.0,165.0,1
16.0,3068.0,135.0,131.0,1.0,565.0,73.0,1
15.0,608.0,173.0,22.0,6.0,875.0,155.0,1
0.0,4091.0,85.0,96.0,7.0,945.0,122.0,1
8.0,790.0,268.0,16.0,3.0,608.0,94.0,1
5.0,2463.0,233.0,16.0,6.0,885.0,95.0,1
15.0,2812.0,233.0,45.0,3.0,730.0,60.0,1
14.0,1048.0,60.0,85.0,6.0,1100.0,118.0,1
0.0,4047.0,177.0,155.0,4.0,1185.0,123.0,1
3.0,1017.0,35.0,148.0,7.0,1115.0,85.0,1
16.0,2948.0,184.0,58.0,3.0,1135.0,69.0,1
14.0,2045.0,35.0,78.0,4.0,1080.0,97.0,1
9.0,508.0,161.0,203.0,7.0,550.0,43.0,1
5.0,1709.0,197.0,79.0,1.0,435.0,135.0,1
10.0,2738.0,121.0,80.0,5.0,390.0,175.0,1
12.0,4670.0,279.0,261.0,5.0,1058.0,154.0,1
12.0,6810.0,210.0,214.0,3.0,1204.0,54.0,1
2.0,882.0,150.0,252.0,4.0,565.0,337.0,1
4.0,580.0,153.0,58.0,7.0,410.0,230.0,1
15.0,694.0,243.0,2.0,7.0,525.0,105.0,1
10.0,3773.0,79.0,208.0,5.0,1085.0,135.0,1
5.0,2774.0,197.0,177.0,3.0,795.0,122.0,1
8.0,1412.0,241.0,106.0,7.0,640.0,176.0,1
10.0,3798.0,208.0,2.0,6.0,1170.0,190.0,1
5.0,1064.0,16.0,186.0,5.0,1250.0,92.0,1
11.0,6389.0,172.0,71.0,4.0,925.0,106.0,1
4.0,373.0,60.0,96.0,4.0,570.0,103.0,1
17.0,2887.0,217.0,91.0,4.0,1190.0,76.0,1
6.0,7111.0,134.0,148.0,5.0,495.0,75.0,1
0.0,4119.0,78.0,139.0,4.0,1260.0,123.0,1
5.0,2934.0,197.0,85.0,5.0,930.0,104.0,1
3.0,26.0,104.0,148.0,5.0,425.0,160.0,1
5.0,1876.0,173.0,159.0,1.0,895.0,154.0,1
15.0,589.0,243.0,153.0,5.0,1195.0,70.0,1
2.0,65.0,151.0,289.0,7.0,540.0,51.0,1
13.0,433.0,134.0,18.0,3.0,506.0,229.0,1
2.0,114.0,14.0,252.0,7.0,150.0,200.0,1
5.0,2011.0,16.0,80.0,1.0,957.0,148.0,1
16.0,2157.0,147.0,135.0,5.0,930.0,149.0,1
17.0,7284.0,208.0,238.0,3.0,1284.0,92.0,1
6.0,5519.0,147.0,78.0,7.0,720.0,112.0,1
15.0,42.0,75.0,155.0,5.0,1070.0,65.0,1
0.0,4359.0,240.0,197.0,4.0,590.0,50.0,1
5.0,1656.0,18.0,16.0,1.0,656.0,134.0,1
10.0,3313.0,195.0,80.0,1.0,860.0,155.0,1
15.0,756.0,153.0,236.0,4.0,855.0,75.0,1
6.0,5552.0,16.0,285.0,5.0,950.0,55.0,1
11.0,6271.0,71.0,94.0,7.0,1240.0,61.0,1
6.0,5112.0,78.0,35.0,4.0,775.0,92.0,1
15.0,1300.0,2.0,91.0,6.0,795.0,55.0,1
3.0,1416.0,160.0,18.0,5.0,720.0,165.0,1
17.0,1007.0,128.0,150.0,5.0,1170.0,40.0,1
5.0,1788.0,177.0,173.0,3.0,510.0,120.0,1
4.0,1533.0,135.0,18.0,7.0,1265.0,54.0,1
16.0,5944.0,134.0,233.0,3.0,917.0,65.0,1
10.0,2946.0,156.0,80.0,4.0,435.0,80.0,1
15.0,530.0,79.0,175.0,7.0,750.0,140.0,1
1.0,1561.0,208.0,253.0,7.0,1125.0,285.0,1
10.0,4393.0,35.0,148.0,4.0,670.0,70.0,1
15.0,494.0,217.0,262.0,7.0,940.0,120.0,1
13.0,864.0,154.0,153.0,6.0,1359.0,80.0,1
1.0,1937.0,35.0,260.0,3.0,515.0,240.0,1
14.0,1157.0,216.0,241.0,7.0,600.0,188.0,1
12.0,6300.0,100.0,154.0,3.0,360.0,59.0,1
1.0,2042.0,80.0,104.0,7.0,385.0,150.0,1
15.0,1978.0,243.0,262.0,6.0,815.0,95.0,1
1.0,1062.0,80.0,216.0,4.0,1005.0,185.0,1
5.0,2806.0,197.0,183.0,1.0,750.0,214.0,1
15.0,1413.0,258.0,217.0,3.0,805.0,110.0,1
14.0,602.0,217.0,153.0,3.0,595.0,80.0,1
4.0,482.0,135.0,35.0,5.0,795.0,218.0,1
13.0,139.0,154.0,198.0,7.0,1113.0,222.0,1
12.0,6692.0,154.0,243.0,1.0,611.0,46.0,1
14.0,94.0,197.0,217.0,3.0,1076.0,206.0,1
10.0,3698.0,71.0,183.0,7.0,1160.0,160.0,1
4.0,1629.0,135.0,264.0,5.0,735.0,220.0,1
4.0,400.0,135.0,139.0,1.0,815.0,141.0,1
14.0,800.0,173.0,60.0,4.0,1150.0,98.0,1
5.0,2747.0,159.0,16.0,5.0,1140.0,174.0,1
16.0,2167.0,135.0,280.0,1.0,583.0,158.0,1
15.0,1385.0,153.0,175.0,5.0,865.0,220.0,1
5.0,2428.0,173.0,85.0,7.0,1100.0,160.0,1
15.0,107.0,175.0,216.0,1.0,375.0,125.0,1
10.0,4333.0,148.0,221.0,4.0,895.0,105.0,1
4.0,1729.0,280.0,135.0,6.0,510.0,140.0,1
6.0,5280.0,290.0,177.0,4.0,1010.0,68.0,1
2.0,630.0,252.0,217.0,7.0,615.0,169.0,1
14.0,1489.0,60.0,147.0,5.0,1345.0,77.0,1
12.0,4480.0,112.0,197.0,5.0,405.0,80.0,1
1.0,1036.0,183.0,45.0,4.0,730.0,150.0,1
4.0,223.0,252.0,135.0,7.0,375.0,243.0,1
1.0,817.0,80.0,44.0,6.0,565.0,205.0,1
13.0,941.0,208.0,79.0,5.0,1020.0,159.0,1
9.0,332.0,128.0,143.0,1.0,425.0,50.0,1
14.0,256.0,217.0,216.0,1.0,955.0,258.0,1
14.0,1566.0,198.0,60.0,3.0,665.0,106.0,1
14.0,1942.0,60.0,43.0,3.0,564.0,98.0,1
5.0,2578.0,243.0,261.0,7.0,375.0,120.0,1
5.0,2722.0,217.0,85.0,6.0,30.0,228.0,1
17.0,2817.0,153.0,217.0,4.0,1300.0,64.0,1
16.0,5954.0,208.0,238.0,6.0,420.0,94.0,1
8.0,1629.0,216.0,173.0,4.0,778.0,155.0,1
1.0,1709.0,159.0,183.0,7.0,1200.0,185.0,1
5.0,1718.0,173.0,16.0,6.0,510.0,108.0,1
0.0,3793.0,60.0,16.0,5.0,573.0,90.0,1
10.0,4614.0,85.0,159.0,7.0,720.0,105.0,1
15.0,441.0,251.0,217.0,3.0,420.0,255.0,1
1.0,509.0,85.0,80.0,6.0,385.0,185.0,1
0.0,3774.0,85.0,272.0,7.0,1310.0,100.0,1
1.0,2021.0,208.0,260.0,7.0,920.0,275.0,1
8.0,1225.0,104.0,221.0,5.0,915.0,159.0,1
16.0,2424.0,71.0,96.0,1.0,962.0,125.0,1
11.0,6484.0,290.0,16.0,5.0,1065.0,114.0,1
9.0,595.0,203.0,128.0,3.0,1275.0,33.0,1
10.0,3242.0,256.0,80.0,5.0,575.0,60.0,1
10.0,3226.0,68.0,80.0,7.0,1200.0,80.0,1
5.0,166.0,277.0,148.0,4.0,741.0,165.0,1
5.0,2196.0,197.0,159.0,6.0,920.0,165.0,1
13.0,592.0,79.0,197.0,1.0,618.0,122.0,1
11.0,6460.0,148.0,35.0,1.0,600.0,89.0,1
15.0,1400.0,175.0,12.0,1.0,605.0,110.0,1
16.0,2471.0,213.0,135.0,7.0,720.0,169.0,1
12.0,6397.0,248.0,154.0,3.0,1035.0,65.0,1
13.0,415.0,79.0,253.0,6.0,610.0,174.0,1
15.0,317.0,79.0,34.0,4.0,505.0,125.0,1
8.0,865.0,173.0,97.0,6.0,666.0,68.0,1
16.0,2157.0,96.0,147.0,5.0,750.0,154.0,1
1.0,1970.0,79.0,80.0,7.0,865.0,115.0,1
8.0,597.0,238.0,16.0,1.0,1076.0,139.0,1
13.0,8.0,253.0,148.0,4.0,570.0,344.0,1
16.0,2219.0,285.0,135.0,3.0,1109.0,141.0,1
5.0,2124.0,16.0,45.0,5.0,670.0,115.0,1
4.0,735.0,58.0,154.0,1.0,530.0,299.0,1
0.0,4127.0,22.0,233.0,5.0,405.0,123.0,1
0.0,4147.0,175.0,85.0,7.0,651.0,79.0,1
15.0,1949.0,277.0,27.0,7.0,480.0,85.0,1
1.0,581.0,268.0,154.0,1.0,560.0,255.0,1
12.0,6872.0,192.0,79.0,3.0,525.0,97.0,1
11.0,6333.0,85.0,71.0,6.0,1052.0,78.0,1
5.0,2241.0,261.0,154.0,1.0,910.0,115.0,1
10.0,3369.0,80.0,84.0,3.0,760.0,115.0,1
5.0,1432.0,45.0,177.0,6.0,375.0,147.0,1
15.0,391.0,172.0,217.0,3.0,515.0,190.0,1
1.0,850.0,183.0,134.0,3.0,1255.0,150.0,1
14.0,310.0,153.0,60.0,6.0,575.0,248.0,1
5.0,1422.0,85.0,35.0,6.0,835.0,113.0,1
3.0,703.0,148.0,260.0,6.0,420.0,227.0,1
6.0,7128.0,134.0,42.0,5.0,1330.0,91.0,1
15.0,1955.0,251.0,175.0,7.0,895.0,70.0,1
14.0,47.0,161.0,217.0,6.0,1380.0,364.0,1
14.0,1904.0,60.0,221.0,3.0,480.0,85.0,1
12.0,6878.0,258.0,79.0,1.0,689.0,145.0,1
6.0,5182.0,115.0,16.0,4.0,375.0,75.0,1
16.0,3152.0,135.0,13.0,1.0,690.0,98.0,1
0.0,3970.0,177.0,61.0,5.0,540.0,106.0,1
12.0,4800.0,261.0,154.0,4.0,410.0,115.0,1
5.0,689.0,16.0,234.0,5.0,1160.0,96.0,1
10.0,2736.0,155.0,80.0,7.0,800.0,65.0,1
10.0,3097.0,246.0,154.0,4.0,700.0,45.0,1
12.0,6243.0,154.0,153.0,6.0,680.0,80.0,1
8.0,1590.0,16.0,116.0,7.0,659.0,91.0,1
3.0,1323.0,35.0,45.0,3.0,600.0,91.0,1
15.0,3946.0,252.0,217.0,1.0,535.0,170.0,1
14.0,587.0,135.0,217.0,1.0,1080.0,183.0,1
15.0,3658.0,233.0,79.0,3.0,540.0,250.0,1
7.0,851.0,79.0,217.0,1.0,500.0,115.0,1
5.0,2575.0,16.0,177.0,3.0,555.0,99.0,1
17.0,2680.0,162.0,60.0,3.0,981.0,113.0,1
12.0,7012.0,208.0,184.0,6.0,1037.0,42.0,1
0.0,3808.0,32.0,85.0,1.0,395.0,87.0,1
13.0,406.0,28.0,79.0,1.0,822.0,92.0,1
9.0,8.0,128.0,153.0,3.0,1375.0,345.0,1
17.0,2757.0,217.0,44.0,4.0,1067.0,87.0,1
5.0,1024.0,16.0,60.0,4.0,585.0,85.0,1
10.0,4106.0,119.0,208.0,5.0,650.0,65.0,1
16.0,2652.0,157.0,135.0,6.0,365.0,157.0,1
15.0,2508.0,111.0,34.0,6.0,435.0,60.0,1
15.0,404.0,184.0,277.0,3.0,925.0,170.0,1
12.0,6915.0,208.0,162.0,3.0,825.0,107.0,1
12.0,6468.0,184.0,79.0,3.0,1111.0,170.0,1
10.0,3677.0,61.0,183.0,3.0,890.0,170.0,1
13.0,160.0,79.0,205.0,4.0,824.0,88.0,1
4.0,520.0,135.0,217.0,5.0,1070.0,175.0,1
12.0,4750.0,261.0,127.0,3.0,1201.0,79.0,1
16.0,2319.0,96.0,182.0,3.0,860.0,69.0,1
10.0,4528.0,58.0,159.0,3.0,1010.0,100.0,1
7.0,483.0,184.0,217.0,5.0,875.0,225.0,1
15.0,3320.0,253.0,153.0,3.0,560.0,95.0,1
5.0,1467.0,16.0,243.0,6.0,988.0,293.0,1
10.0,2744.0,80.0,101.0,7.0,1140.0,150.0,1
15.0,423.0,217.0,221.0,6.0,810.0,240.0,1
15.0,1497.0,45.0,43.0,5.0,935.0,70.0,1
6.0,5355.0,290.0,85.0,1.0,1056.0,128.0,1
15.0,51.0,75.0,129.0,4.0,1140.0,65.0,1
3.0,671.0,148.0,154.0,7.0,460.0,366.0,1
15.0,3836.0,261.0,154.0,3.0,715.0,120.0,1
0.0,4013.0,71.0,184.0,3.0,980.0,86.0,1
4.0,119.0,277.0,96.0,4.0,959.0,164.0,1
15.0,1235.0,33.0,45.0,7.0,580.0,95.0,1
5.0,2471.0,261.0,217.0,6.0,1200.0,100.0,1
0.0,3715.0,85.0,209.0,4.0,1300.0,111.0,1
1.0,1865.0,139.0,80.0,6.0,1040.0,150.0,1
15.0,3658.0,217.0,175.0,3.0,1105.0,200.0,1
1.0,1920.0,154.0,253.0,1.0,460.0,80.0,1
14.0,1427.0,60.0,16.0,7.0,965.0,76.0,1
15.0,5.0,129.0,198.0,7.0,565.0,60.0,1
10.0,2793.0,107.0,80.0,7.0,465.0,150.0,1
5.0,1791.0,16.0,277.0,5.0,850.0,89.0,1
1.0,1648.0,264.0,80.0,5.0,405.0,185.0,1
14.0,1286.0,198.0,216.0,1.0,790.0,159.0,1
15.0,869.0,79.0,154.0,5.0,590.0,155.0,1
2.0,105.0,252.0,14.0,1.0,1045.0,220.0,1
13.0,791.0,79.0,84.0,4.0,621.0,105.0,1
15.0,498.0,153.0,111.0,7.0,1180.0,150.0,1
15.0,591.0,153.0,202.0,4.0,1200.0,90.0,1
15.0,3306.0,153.0,139.0,4.0,1035.0,215.0,1
6.0,5505.0,16.0,162.0,4.0,962.0,103.0,1
15.0,1654.0,75.0,2.0,4.0,1175.0,115.0,1
0.0,3990.0,177.0,254.0,5.0,560.0,75.0,1
1.0,867.0,208.0,79.0,5.0,1165.0,160.0,1
4.0,217.0,198.0,96.0,4.0,855.0,181.0,1
2.0,603.0,153.0,252.0,4.0,420.0,160.0,1
4.0,741.0,135.0,18.0,5.0,715.0,49.0,1
15.0,162.0,153.0,243.0,7.0,505.0,65.0,1
5.0,2842.0,16.0,96.0,3.0,515.0,136.0,1
0.0,3980.0,177.0,195.0,5.0,1145.0,104.0,1
4.0,1555.0,213.0,96.0,1.0,690.0,173.0,1
5.0,2628.0,208.0,177.0,3.0,1010.0,110.0,1
1.0,1285.0,134.0,80.0,3.0,690.0,205.0,1
5.0,2898.0,119.0,85.0,1.0,729.0,58.0,1
1.0,359.0,80.0,264.0,7.0,455.0,195.0,1
5.0,1187.0,85.0,16.0,6.0,450.0,141.0,1
16.0,2929.0,279.0,135.0,5.0,730.0,91.0,1
0.0,4086.0,281.0,197.0,5.0,776.0,100.0,1
1.0,1509.0,80.0,18.0,5.0,1086.0,60.0,1
14.0,1701.0,244.0,60.0,7.0,420.0,160.0,1
1.0,523.0,80.0,91.0,5.0,1220.0,105.0,1
17.0,2766.0,217.0,244.0,1.0,795.0,127.0,1
16.0,2718.0,45.0,96.0,4.0,370.0,54.0,1
10.0,2815.0,80.0,245.0,6.0,1075.0,130.0,1
16.0,2991.0,162.0,135.0,5.0,742.0,82.0,1
15.0,546.0,252.0,111.0,3.0,1005.0,60.0,1
2.0,628.0,31.0,153.0,3.0,1040.0,154.0,1
17.0,7289.0,16.0,134.0,1.0,360.0,100.0,1
5.0,1476.0,213.0,85.0,7.0,942.0,178.0,1
6.0,7135.0,134.0,54.0,5.0,481.0,101.0,1
1.0,1120.0,197.0,208.0,4.0,700.0,90.0,1
6.0,5308.0,27.0,16.0,7.0,1080.0,72.0,1
1.0,1126.0,79.0,183.0,6.0,530.0,225.0,1
10.0,4413.0,159.0,290.0,1.0,1090.0,220.0,1
16.0,2883.0,35.0,58.0,4.0,830.0,122.0,1
5.0,1498.0,104.0,159.0,3.0,420.0,174.0,1
12.0,4731.0,179.0,261.0,6.0,790.0,104.0,1
15.0,1574.0,153.0,45.0,5.0,1005.0,270.0,1
15.0,1472.0,79.0,154.0,3.0,380.0,155.0,1
1.0,1151.0,197.0,208.0,7.0,1045.0,95.0,1
12.0,6762.0,246.0,79.0,7.0,878.0,147.0,1
8.0,572.0,217.0,184.0,7.0,775.0,195.0,1
10.0,4563.0,61.0,159.0,5.0,340.0,100.0,1
5.0,2615.0,16.0,217.0,4.0,990.0,257.0,1
1.0,731.0,159.0,80.0,1.0,615.0,255.0,1
15.0,301.0,217.0,264.0,1.0,555.0,80.0,1
15.0,694.0,216.0,228.0,7.0,1185.0,70.0,1
5.0,2027.0,16.0,104.0,4.0,885.0,114.0,1
15.0,43.0,129.0,198.0,7.0,1110.0,60.0,1
6.0,5069.0,11.0,16.0,3.0,445.0,77.0,1
14.0,9.0,252.0,217.0,1.0,875.0,167.0,1
5.0,1571.0,148.0,183.0,3.0,1115.0,204.0,1
15.0,1765.0,252.0,153.0,1.0,965.0,145.0,1
11.0,6606.0,85.0,21.0,3.0,1165.0,56.0,1
6.0,5228.0,16.0,69.0,6.0,575.0,80.0,1
13.0,934.0,128.0,154.0,1.0,420.0,343.0,1
5.0,1424.0,16.0,45.0,7.0,820.0,105.0,1
14.0,632.0,44.0,217.0,3.0,410.0,87.0,1
16.0,2350.0,58.0,184.0,1.0,1005.0,77.0,1
1.0,1672.0,88.0,80.0,7.0,865.0,125.0,1
12.0,4752.0,261.0,93.0,4.0,1296.0,108.0,1
13.0,300.0,79.0,84.0,4.0,754.0,99.0,1
16.0,2914.0,172.0,96.0,1.0,1050.0,160.0,1
5.0,2336.0,197.0,184.0,3.0,1180.0,72.0,1
14.0,768.0,35.0,216.0,5.0,870.0,98.0,1
12.0,6456.0,79.0,136.0,5.0,1051.0,79.0,1
16.0,2938.0,135.0,132.0,3.0,1170.0,103.0,1
15.0,1383.0,214.0,111.0,3.0,470.0,60.0,1
2.0,591.0,227.0,214.0,4.0,745.0,149.0,1
16.0,2516.0,238.0,96.0,3.0,1055.0,87.0,1
13.0,424.0,277.0,134.0,7.0,525.0,135.0,1
13.0,685.0,159.0,208.0,3.0,900.0,154.0,1
0.0,4268.0,177.0,223.0,1.0,870.0,85.0,1
15.0,448.0,153.0,175.0,4.0,1045.0,210.0,1
15.0,1289.0,244.0,175.0,7.0,1010.0,155.0,1
0.0,3758.0,85.0,187.0,1.0,915.0,88.0,1
0.0,3983.0,85.0,61.0,1.0,725.0,58.0,1
6.0,5293.0,36.0,16.0,5.0,455.0,80.0,1
4.0,1088.0,135.0,85.0,7.0,785.0,164.0,1
13.0,20.0,262.0,79.0,3.0,466.0,153.0,1
14.0,1747.0,216.0,153.0,1.0,470.0,342.0,1
4.0,210.0,135.0,96.0,5.0,945.0,207.0,1
5.0,2689.0,197.0,139.0,3.0,915.0,94.0,1
13.0,320.0,253.0,154.0,5.0,632.0,96.0,1
5.0,2700.0,197.0,45.0,1.0,810.0,150.0,1
2.0,503.0,264.0,252.0,6.0,720.0,168.0,1
10.0,3919.0,162.0,208.0,3.0,840.0,115.0,1
14.0,1775.0,216.0,78.0,7.0,1065.0,55.0,1
6.0,5095.0,16.0,33.0,6.0,815.0,66.0,1
15.0,3919.0,277.0,18.0,4.0,825.0,165.0,1
1.0,1334.0,260.0,35.0,1.0,880.0,245.0,1
6.0,5157.0,16.0,290.0,3.0,513.0,127.0,1
16.0,2031.0,96.0,16.0,5.0,1080.0,157.0,1
6.0,7076.0,134.0,245.0,1.0,483.0,105.0,1
7.0,834.0,252.0,79.0,7.0,893.0,152.0,1
14.0,413.0,60.0,253.0,6.0,995.0,347.0,1
3.0,153.0,148.0,173.0,3.0,1028.0,178.0,1
12.0,6474.0,154.0,2.0,1.0,961.0,109.0,1
15.0,691.0,79.0,217.0,7.0,1245.0,115.0,1
12.0,6945.0,204.0,79.0,5.0,1019.0,99.0,1
8.0,642.0,16.0,184.0,1.0,625.0,128.0,1
16.0,2488.0,60.0,96.0,4.0,1202.0,117.0,1
5.0,2412.0,177.0,183.0,3.0,565.0,142.0,1
8.0,38.0,16.0,175.0,4.0,791.0,111.0,1
0.0,3957.0,17.0,197.0,4.0,360.0,76.0,1
3.0,461.0,35.0,241.0,7.0,795.0,212.0,1
14.0,400.0,217.0,253.0,6.0,680.0,133.0,1
6.0,5297.0,16.0,177.0,5.0,1130.0,84.0,1
15.0,1584.0,45.0,184.0,5.0,1145.0,130.0,1
12.0,6632.0,254.0,79.0,4.0,803.0,131.0,1
3.0,616.0,147.0,148.0,7.0,1029.0,140.0,1
15.0,1491.0,236.0,214.0,7.0,1085.0,90.0,1
8.0,311.0,60.0,16.0,7.0,400.0,84.0,1
16.0,2426.0,208.0,96.0,7.0,660.0,124.0,1
7.0,303.0,79.0,111.0,6.0,1080.0,145.0,1
14.0,457.0,217.0,261.0,3.0,670.0,101.0,1
1.0,1851.0,78.0,183.0,7.0,365.0,160.0,1
8.0,405.0,139.0,16.0,4.0,1122.0,94.0,1
6.0,5128.0,16.0,180.0,5.0,840.0,59.0,1
11.0,6443.0,22.0,71.0,5.0,804.0,146.0,1
12.0,6675.0,79.0,100.0,6.0,583.0,145.0,1
6.0,7119.0,159.0,134.0,7.0,360.0,76.0,1
15.0,2790.0,129.0,279.0,4.0,455.0,80.0,1
8.0,630.0,76.0,45.0,7.0,360.0,92.0,1
15.0,1635.0,153.0,44.0,6.0,1150.0,65.0,1
0.0,4025.0,218.0,85.0,5.0,974.0,86.0,1
16.0,2187.0,96.0,197.0,5.0,390.0,192.0,1
12.0,6369.0,57.0,154.0,5.0,360.0,40.0,1
0.0,4145.0,85.0,92.0,7.0,940.0,59.0,1
15.0,611.0,217.0,264.0,3.0,810.0,75.0,1
13.0,262.0,134.0,233.0,3.0,510.0,72.0,1
15.0,694.0,243.0,2.0,1.0,525.0,105.0,1
6.0,5135.0,157.0,16.0,5.0,755.0,89.0,1
10.0,3327.0,146.0,80.0,1.0,955.0,95.0,1
16.0,2178.0,233.0,135.0,3.0,675.0,178.0,1
5.0,2365.0,154.0,128.0,5.0,525.0,350.0,1
1.0,1339.0,208.0,243.0,7.0,1215.0,260.0,1
15.0,842.0,79.0,197.0,7.0,780.0,120.0,1
6.0,5237.0,35.0,78.0,1.0,875.0,109.0,1
5.0,2477.0,197.0,154.0,3.0,875.0,232.0,1
6.0,5270.0,16.0,215.0,1.0,1007.0,93.0,1
12.0,6521.0,154.0,258.0,6.0,1343.0,73.0,1
5.0,2728.0,261.0,197.0,3.0,587.0,168.0,1
1.0,1367.0,132.0,80.0,7.0,1025.0,130.0,1
14.0,1498.0,154.0,60.0,5.0,1365.0,262.0,1
4.0,325.0,96.0,58.0,3.0,865.0,96.0,1
1.0,499.0,22.0,80.0,7.0,795.0,250.0,1
5.0,1073.0,197.0,214.0,7.0,705.0,231.0,1
8.0,295.0,16.0,129.0,5.0,525.0,139.0,1
13.0,447.0,216.0,253.0,5.0,1091.0,389.0,1
5.0,2651.0,261.0,262.0,3.0,684.0,108.0,1
1.0,1054.0,183.0,78.0,1.0,480.0,140.0,1
5.0,1523.0,85.0,244.0,5.0,1200.0,214.0,1
5.0,1596.0,85.0,172.0,3.0,1060.0,125.0,1
15.0,37.0,75.0,129.0,5.0,930.0,60.0,1
4.0,44.0,183.0,96.0,7.0,726.0,178.0,1
15.0,1677.0,154.0,253.0,7.0,1240.0,75.0,1
15.0,609.0,2.0,217.0,1.0,385.0,80.0,1
7.0,285.0,268.0,79.0,7.0,375.0,144.0,1
7.0,192.0,76.0,79.0,3.0,375.0,189.0,1
14.0,1464.0,60.0,208.0,3.0,1080.0,124.0,1
8.0,206.0,48.0,16.0,4.0,1176.0,118.0,1
16.0,2340.0,58.0,12.0,7.0,915.0,74.0,1
10.0,3031.0,154.0,243.0,3.0,870.0,45.0,1
5.0,1899.0,16.0,33.0,4.0,910.0,67.0,1
0.0,3978.0,177.0,285.0,5.0,855.0,78.0,1
6.0,4982.0,118.0,16.0,7.0,724.0,134.0,1
6.0,5086.0,16.0,27.0,3.0,930.0,55.0,1
3.0,1303.0,148.0,134.0,1.0,615.0,73.0,1
16.0,2241.0,190.0,135.0,5.0,567.0,89.0,1
11.0,6547.0,74.0,16.0,6.0,707.0,91.0,1
4.0,580.0,153.0,58.0,4.0,410.0,230.0,1
16.0,2665.0,85.0,96.0,7.0,1190.0,109.0,1
5.0,2226.0,104.0,16.0,5.0,610.0,110.0,1
13.0,938.0,79.0,208.0,3.0,955.0,144.0,1
1.0,1182.0,154.0,18.0,6.0,390.0,175.0,1
15.0,1329.0,207.0,262.0,5.0,380.0,90.0,1
6.0,5430.0,16.0,19.0,6.0,1312.0,60.0,1
13.0,717.0,79.0,153.0,6.0,964.0,121.0,1
16.0,5971.0,58.0,208.0,6.0,633.0,87.0,1
1.0,1247.0,208.0,154.0,5.0,680.0,265.0,1
15.0,1968.0,35.0,175.0,7.0,1015.0,170.0,1
15.0,770.0,262.0,252.0,7.0,1075.0,115.0,1
15.0,1466.0,277.0,213.0,5.0,1220.0,50.0,1
12.0,4812.0,261.0,127.0,7.0,670.0,85.0,1
0.0,3717.0,16.0,204.0,6.0,834.0,141.0,1
5.0,2291.0,16.0,277.0,4.0,450.0,87.0,1
10.0,2833.0,80.0,56.0,1.0,475.0,115.0,1
3.0,264.0,160.0,262.0,4.0,1025.0,81.0,1
15.0,2814.0,153.0,277.0,6.0,655.0,255.0,1
15.0,3339.0,261.0,154.0,4.0,1085.0,115.0,1
10.0,4337.0,33.0,208.0,3.0,1205.0,95.0,1
12.0,3111.0,48.0,184.0,1.0,640.0,84.0,1
5.0,1204.0,177.0,16.0,3.0,634.0,81.0,1
12.0,6614.0,79.0,224.0,4.0,746.0,153.0,1
6.0,5529.0,16.0,36.0,5.0,1243.0,67.0,1
1.0,523.0,80.0,91.0,6.0,1220.0,105.0,1
15.0,1163.0,75.0,204.0,1.0,1005.0,50.0,1
12.0,4489.0,65.0,261.0,3.0,385.0,95.0,1
5.0,2420.0,198.0,16.0,5.0,450.0,98.0,1
11.0,6543.0,159.0,27.0,1.0,720.0,181.0,1
0.0,4047.0,177.0,155.0,3.0,1185.0,123.0,1
10.0,2872.0,80.0,155.0,7.0,705.0,70.0,1
11.0,6641.0,120.0,85.0,1.0,757.0,112.0,1
12.0,4752.0,2.0,261.0,3.0,1135.0,93.0,1
5.0,1703.0,16.0,153.0,1.0,1050.0,274.0,1
9.0,10.0,128.0,154.0,5.0,480.0,325.0,1
0.0,3965.0,16.0,129.0,1.0,960.0,140.0,1
13.0,5.0,148.0,253.0,7.0,430.0,404.0,1
15.0,2529.0,217.0,184.0,5.0,765.0,205.0,1
13.0,604.0,208.0,78.0,5.0,477.0,111.0,1
11.0,6295.0,147.0,71.0,3.0,500.0,124.0,1
10.0,2821.0,80.0,266.0,5.0,610.0,50.0,1
5.0,1718.0,173.0,16.0,3.0,510.0,108.0,1
6.0,7123.0,42.0,134.0,1.0,336.0,110.0,1
15.0,1138.0,251.0,153.0,4.0,1015.0,270.0,1
16.0,3034.0,65.0,135.0,5.0,660.0,129.0,1
17.0,7308.0,134.0,147.0,5.0,1012.0,117.0,1
6.0,4957.0,16.0,190.0,7.0,1366.0,74.0,1
12.0,6322.0,243.0,154.0,6.0,580.0,45.0,1
15.0,1076.0,153.0,205.0,3.0,650.0,160.0,1
0.0,4143.0,109.0,85.0,4.0,345.0,59.0,1
15.0,1440.0,277.0,175.0,5.0,775.0,165.0,1
12.0,6973.0,252.0,154.0,6.0,671.0,149.0,1
9.0,29.0,252.0,203.0,3.0,630.0,370.0,1
6.0,5036.0,16.0,70.0,6.0,1220.0,45.0,1
1.0,1755.0,80.0,178.0,3.0,575.0,95.0,1
15.0,880.0,268.0,153.0,6.0,405.0,235.0,1
9.0,44.0,128.0,258.0,6.0,840.0,305.0,1
12.0,6468.0,79.0,67.0,4.0,1305.0,62.0,1
5.0,2109.0,184.0,16.0,6.0,904.0,125.0,1
5.0,1553.0,148.0,264.0,5.0,548.0,392.0,1
5.0,1619.0,85.0,154.0,3.0,950.0,307.0,1
5.0,2706.0,253.0,197.0,7.0,915.0,215.0,1
8.0,649.0,119.0,45.0,7.0,365.0,90.0,1
15.0,352.0,241.0,175.0,6.0,720.0,175.0,1
16.0,2665.0,85.0,96.0,4.0,1190.0,109.0,1
1.0,630.0,173.0,148.0,3.0,720.0,150.0,1
12.0,6812.0,208.0,265.0,3.0,490.0,51.0,1
3.0,525.0,96.0,173.0,4.0,841.0,165.0,1
12.0,6769.0,208.0,251.0,7.0,1299.0,72.0,1
4.0,1047.0,208.0,135.0,1.0,915.0,172.0,1
15.0,512.0,243.0,153.0,5.0,465.0,70.0,1
14.0,1797.0,216.0,153.0,1.0,680.0,332.0,1
13.0,73.0,253.0,128.0,5.0,529.0,316.0,1
11.0,6513.0,85.0,69.0,4.0,825.0,76.0,1
1.0,879.0,279.0,80.0,7.0,425.0,70.0,1
6.0,5605.0,16.0,190.0,3.0,505.0,85.0,1
4.0,1800.0,104.0,96.0,6.0,1050.0,174.0,1
6.0,7346.0,16.0,121.0,5.0,1070.0,60.0,1
15.0,2915.0,155.0,153.0,6.0,990.0,140.0,1
8.0,1012.0,277.0,76.0,3.0,1140.0,134.0,1
15.0,432.0,153.0,139.0,4.0,830.0,215.0,1
13.0,84.0,154.0,148.0,6.0,375.0,334.0,1
15.0,2529.0,79.0,154.0,7.0,455.0,160.0,1
13.0,694.0,208.0,159.0,5.0,1260.0,119.0,1
15.0,164.0,153.0,217.0,5.0,1280.0,60.0,1
12.0,6407.0,253.0,111.0,6.0,542.0,121.0,1
1.0,1700.0,183.0,260.0,7.0,875.0,145.0,1
3.0,116.0,104.0,148.0,1.0,1040.0,175.0,1
15.0,1285.0,253.0,175.0,3.0,435.0,250.0,1
15.0,669.0,202.0,252.0,4.0,645.0,120.0,1
13.0,867.0,253.0,154.0,7.0,724.0,91.0,1
12.0,6651.0,154.0,236.0,5.0,481.0,85.0,1
5.0,1849.0,61.0,16.0,5.0,896.0,104.0,1
2.0,48.0,9.0,14.0,5.0,515.0,54.0,1
14.0,2177.0,159.0,78.0,6.0,840.0,72.0,1
16.0,2175.0,33.0,135.0,6.0,380.0,132.0,1
16.0,3098.0,120.0,96.0,5.0,625.0,90.0,1
5.0,1380.0,159.0,35.0,7.0,690.0,69.0,1
10.0,3180.0,258.0,154.0,1.0,860.0,75.0,1
14.0,1401.0,208.0,60.0,5.0,730.0,113.0,1
16.0,2885.0,135.0,65.0,5.0,550.0,141.0,1
0.0,3719.0,195.0,85.0,1.0,830.0,88.0,1
1.0,1858.0,91.0,80.0,1.0,1070.0,100.0,1
14.0,367.0,217.0,262.0,7.0,875.0,118.0,1
15.0,770.0,75.0,91.0,4.0,735.0,105.0,1
14.0,1451.0,60.0,253.0,6.0,455.0,342.0,1
1.0,1216.0,244.0,80.0,5.0,500.0,70.0,1
13.0,311.0,96.0,79.0,5.0,476.0,279.0,1
15.0,826.0,153.0,214.0,3.0,795.0,140.0,1
0.0,3965.0,16.0,129.0,5.0,960.0,140.0,1
14.0,56.0,208.0,216.0,3.0,360.0,119.0,1
13.0,522.0,243.0,253.0,3.0,1155.0,100.0,1
15.0,2879.0,154.0,153.0,3.0,675.0,60.0,1
3.0,265.0,262.0,160.0,7.0,1158.0,77.0,1
14.0,986.0,104.0,78.0,7.0,420.0,145.0,1
4.0,1435.0,96.0,217.0,1.0,720.0,332.0,1
5.0,2016.0,79.0,16.0,4.0,960.0,173.0,1
14.0,1267.0,216.0,80.0,5.0,457.0,235.0,1
9.0,168.0,128.0,150.0,7.0,625.0,43.0,1
8.0,468.0,16.0,45.0,7.0,1199.0,104.0,1
1.0,1144.0,217.0,208.0,1.0,680.0,205.0,1
5.0,1253.0,16.0,221.0,5.0,980.0,104.0,1
0.0,4224.0,85.0,152.0,6.0,935.0,49.0,1
15.0,892.0,27.0,45.0,3.0,420.0,110.0,1
16.0,2592.0,96.0,139.0,5.0,633.0,134.0,1
12.0,6738.0,79.0,172.0,3.0,524.0,96.0,1
10.0,2829.0,80.0,223.0,3.0,715.0,100.0,1
7.0,777.0,79.0,153.0,6.0,800.0,112.0,1
16.0,5897.0,33.0,208.0,3.0,596.0,99.0,1
5.0,1460.0,16.0,60.0,3.0,745.0,69.0,1
15.0,101.0,153.0,182.0,6.0,830.0,295.0,1
15.0,1901.0,153.0,243.0,6.0,665.0,65.0,1
12.0,4830.0,196.0,261.0,3.0,785.0,82.0,1
15.0,411.0,79.0,18.0,5.0,1195.0,125.0,1
5.0,1213.0,16.0,223.0,3.0,1138.0,73.0,1
13.0,837.0,80.0,253.0,1.0,390.0,241.0,1
15.0,3485.0,58.0,33.0,3.0,390.0,100.0,1
1.0,730.0,208.0,104.0,3.0,935.0,180.0,1
2.0,460.0,252.0,154.0,3.0,600.0,154.0,1
13.0,410.0,79.0,61.0,7.0,603.0,163.0,1
6.0,7356.0,16.0,187.0,7.0,512.0,118.0,1
17.0,2860.0,103.0,217.0,5.0,966.0,64.0,1
1.0,1249.0,78.0,268.0,5.0,775.0,135.0,1
1.0,681.0,148.0,183.0,1.0,640.0,193.0,1
5.0,2961.0,216.0,16.0,6.0,1065.0,159.0,1
6.0,5209.0,47.0,16.0,7.0,827.0,74.0,1
12.0,6461.0,292.0,140.0,4.0,1410.0,27.0,1
13.0,261.0,253.0,154.0,3.0,364.0,95.0,1
6.0,5089.0,184.0,85.0,6.0,980.0,73.0,1
15.0,763.0,217.0,207.0,1.0,970.0,70.0,1
7.0,817.0,79.0,172.0,5.0,1150.0,93.0,1
8.0,58.0,154.0,16.0,4.0,1385.0,250.0,1
4.0,1787.0,135.0,80.0,5.0,955.0,70.0,1
1.0,1054.0,183.0,78.0,7.0,480.0,140.0,1
11.0,6673.0,148.0,78.0,5.0,1042.0,98.0,1
5.0,1040.0,65.0,16.0,6.0,400.0,169.0,1
10.0,4268.0,58.0,208.0,3.0,460.0,95.0,1
1.0,1288.0,198.0,80.0,5.0,1015.0,100.0,1
14.0,281.0,217.0,258.0,3.0,875.0,114.0,1
10.0,3453.0,80.0,184.0,6.0,560.0,135.0,1
15.0,641.0,153.0,221.0,5.0,570.0,260.0,1
2.0,106.0,14.0,252.0,3.0,1290.0,202.0,1
10.0,2870.0,129.0,80.0,6.0,1105.0,70.0,1
15.0,1381.0,75.0,18.0,1.0,1065.0,55.0,1
5.0,2120.0,208.0,85.0,4.0,420.0,90.0,1
0.0,4217.0,290.0,85.0,6.0,685.0,135.0,1
12.0,6315.0,253.0,24.0,6.0,453.0,74.0,1
5.0,1729.0,148.0,16.0,7.0,860.0,166.0,1
15.0,2900.0,258.0,207.0,7.0,1235.0,70.0,1
17.0,1964.0,128.0,143.0,4.0,1095.0,49.0,1
5.0,2547.0,159.0,16.0,1.0,1020.0,164.0,1
4.0,1880.0,252.0,96.0,1.0,970.0,298.0,1
10.0,3338.0,80.0,10.0,3.0,590.0,65.0,1
4.0,246.0,135.0,208.0,6.0,948.0,150.0,1
15.0,683.0,87.0,173.0,5.0,530.0,65.0,1
15.0,370.0,216.0,35.0,5.0,1205.0,85.0,1
11.0,6514.0,221.0,197.0,4.0,776.0,149.0,1
14.0,18.0,252.0,217.0,5.0,1050.0,166.0,1
12.0,6374.0,227.0,253.0,6.0,366.0,91.0,1
6.0,7127.0,132.0,134.0,5.0,1106.0,105.0,1
5.0,1525.0,16.0,267.0,5.0,1220.0,89.0,1
2.0,622.0,214.0,153.0,5.0,810.0,129.0,1
12.0,6528.0,154.0,217.0,7.0,1018.0,81.0,1
10.0,3925.0,157.0,208.0,6.0,910.0,90.0,1
5.0,1087.0,184.0,16.0,5.0,1105.0,135.0,1
3.0,14.0,104.0,148.0,6.0,1001.0,175.0,1
6.0,7342.0,85.0,172.0,3.0,515.0,131.0,1
11.0,6517.0,139.0,159.0,4.0,705.0,122.0,1
5.0,2431.0,159.0,85.0,1.0,755.0,118.0,1
1.0,28.0,128.0,253.0,5.0,825.0,300.0,1
12.0,4729.0,179.0,261.0,4.0,370.0,112.0,1
15.0,1253.0,277.0,213.0,4.0,490.0,55.0,1
2.0,184.0,98.0,14.0,6.0,720.0,67.0,1
8.0,180.0,241.0,16.0,6.0,1187.0,108.0,1
5.0,2200.0,16.0,35.0,7.0,1215.0,150.0,1
1.0,383.0,80.0,280.0,7.0,1170.0,145.0,1
10.0,4503.0,61.0,148.0,6.0,375.0,105.0,1
0.0,3824.0,197.0,290.0,4.0,1165.0,127.0,1
12.0,6729.0,79.0,290.0,7.0,1171.0,102.0,1
13.0,582.0,208.0,277.0,3.0,1170.0,161.0,1
16.0,2703.0,135.0,198.0,4.0,1375.0,59.0,1
6.0,5424.0,16.0,48.0,7.0,660.0,107.0,1
13.0,288.0,208.0,173.0,5.0,840.0,163.0,1
5.0,2589.0,16.0,172.0,6.0,540.0,148.0,1
5.0,1841.0,85.0,277.0,5.0,425.0,167.0,1
12.0,4741.0,137.0,261.0,5.0,905.0,59.0,1
1.0,1406.0,80.0,132.0,4.0,540.0,95.0,1
5.0,2137.0,177.0,85.0,4.0,505.0,115.0,1
14.0,1909.0,159.0,60.0,3.0,785.0,122.0,1
5.0,2223.0,261.0,154.0,3.0,522.0,116.0,1
15.0,188.0,104.0,217.0,1.0,975.0,315.0,1
5.0,503.0,16.0,172.0,5.0,948.0,137.0,1
1.0,1872.0,208.0,173.0,5.0,590.0,160.0,1
15.0,921.0,45.0,241.0,4.0,1145.0,165.0,1
13.0,636.0,208.0,221.0,3.0,391.0,88.0,1
16.0,2210.0,170.0,135.0,1.0,567.0,84.0,1
5.0,1887.0,229.0,16.0,3.0,1069.0,196.0,1
15.0,1001.0,172.0,75.0,3.0,880.0,95.0,1
10.0,2939.0,80.0,218.0,6.0,1160.0,110.0,1
5.0,1091.0,261.0,264.0,3.0,1010.0,113.0,1
12.0,6457.0,264.0,253.0,7.0,882.0,80.0,1
4.0,1669.0,253.0,135.0,5.0,881.0,219.0,1
16.0,2316.0,2.0,135.0,7.0,665.0,115.0,1
15.0,752.0,79.0,264.0,5.0,520.0,155.0,1
0.0,3970.0,27.0,177.0,4.0,390.0,68.0,1
16.0,2652.0,157.0,135.0,3.0,360.0,159.0,1
4.0,106.0,135.0,96.0,1.0,645.0,210.0,1
14.0,49.0,217.0,153.0,5.0,660.0,71.0,1
12.0,4724.0,160.0,261.0,3.0,1089.0,111.0,1
12.0,6396.0,51.0,253.0,7.0,551.0,98.0,1
16.0,3137.0,135.0,157.0,4.0,1195.0,129.0,1
8.0,993.0,184.0,35.0,6.0,1130.0,140.0,1
3.0,127.0,238.0,148.0,3.0,435.0,78.0,1
14.0,1978.0,135.0,60.0,1.0,940.0,148.0,1
1.0,1123.0,80.0,217.0,3.0,435.0,165.0,1
5.0,2090.0,79.0,148.0,7.0,673.0,237.0,1
1.0,1406.0,80.0,132.0,5.0,540.0,95.0,1
13.0,239.0,198.0,154.0,1.0,440.0,265.0,1
12.0,6460.0,126.0,79.0,1.0,380.0,67.0,1
6.0,5142.0,10.0,16.0,5.0,345.0,119.0,1
0.0,3998.0,275.0,16.0,5.0,338.0,68.0,1
11.0,6609.0,148.0,234.0,7.0,666.0,90.0,1
15.0,1624.0,252.0,79.0,5.0,885.0,160.0,1
15.0,856.0,253.0,243.0,3.0,1100.0,85.0,1
12.0,6537.0,208.0,185.0,1.0,1075.0,51.0,1
15.0,907.0,204.0,75.0,5.0,485.0,55.0,1
3.0,435.0,35.0,173.0,5.0,820.0,193.0,1
6.0,5378.0,16.0,10.0,4.0,941.0,101.0,1
3.0,904.0,208.0,148.0,4.0,550.0,122.0,1
1.0,1069.0,80.0,79.0,3.0,1300.0,120.0,1
10.0,2796.0,119.0,80.0,5.0,350.0,175.0,1
11.0,6505.0,216.0,177.0,3.0,660.0,173.0,1
10.0,4504.0,159.0,35.0,6.0,750.0,65.0,1
15.0,783.0,264.0,217.0,5.0,1045.0,75.0,1
12.0,6249.0,154.0,100.0,3.0,1123.0,74.0,1
3.0,363.0,159.0,213.0,5.0,465.0,168.0,1
5.0,2993.0,22.0,213.0,1.0,945.0,192.0,1
17.0,7264.0,208.0,229.0,3.0,1205.0,127.0,1
10.0,2826.0,47.0,80.0,5.0,1070.0,180.0,1
1.0,1480.0,35.0,208.0,1.0,645.0,170.0,1
16.0,2122.0,135.0,197.0,1.0,960.0,168.0,1
6.0,5103.0,177.0,41.0,3.0,1165.0,73.0,1
8.0,421.0,223.0,16.0,1.0,1090.0,70.0,1
10.0,3042.0,246.0,154.0,4.0,875.0,45.0,1
5.0,2522.0,183.0,197.0,7.0,1070.0,240.0,1
10.0,4236.0,177.0,208.0,3.0,455.0,120.0,1
17.0,2840.0,292.0,217.0,7.0,525.0,74.0,1
13.0,922.0,208.0,134.0,4.0,360.0,108.0,1
6.0,5391.0,19.0,16.0,7.0,770.0,69.0,1
13.0,951.0,134.0,154.0,6.0,1055.0,329.0,1
15.0,837.0,252.0,262.0,7.0,950.0,105.0,1
8.0,119.0,16.0,277.0,5.0,721.0,89.0,1
13.0,209.0,134.0,154.0,1.0,890.0,351.0,1
14.0,7.0,217.0,208.0,6.0,970.0,199.0,1
1.0,1413.0,80.0,153.0,1.0,465.0,175.0,1
15.0,546.0,205.0,79.0,1.0,785.0,100.0,1
13.0,217.0,134.0,253.0,5.0,540.0,368.0,1
5.0,1538.0,16.0,78.0,4.0,1220.0,99.0,1
14.0,310.0,153.0,60.0,5.0,575.0,248.0,1
1.0,1677.0,208.0,264.0,3.0,1125.0,260.0,1
11.0,6315.0,173.0,233.0,1.0,565.0,110.0,1
13.0,267.0,208.0,79.0,4.0,717.0,158.0,1
15.0,798.0,153.0,262.0,5.0,405.0,90.0,1
6.0,5002.0,201.0,16.0,4.0,825.0,100.0,1
15.0,1678.0,35.0,79.0,7.0,495.0,295.0,1
1.0,1092.0,154.0,208.0,6.0,1390.0,240.0,1
15.0,852.0,217.0,44.0,4.0,1005.0,85.0,1
13.0,84.0,128.0,154.0,7.0,1294.0,331.0,1
15.0,520.0,241.0,173.0,5.0,670.0,50.0,1
16.0,5925.0,208.0,107.0,3.0,660.0,96.0,1
15.0,225.0,277.0,268.0,1.0,705.0,145.0,1
16.0,3088.0,135.0,172.0,3.0,580.0,112.0,1
1.0,1259.0,80.0,79.0,4.0,755.0,125.0,1
13.0,161.0,252.0,134.0,4.0,1402.0,291.0,1
1.0,1093.0,96.0,80.0,7.0,450.0,250.0,1
14.0,2030.0,78.0,35.0,1.0,690.0,84.0,1
13.0,602.0,208.0,78.0,3.0,418.0,111.0,1
4.0,1677.0,216.0,135.0,6.0,335.0,217.0,1
1.0,877.0,78.0,80.0,3.0,500.0,210.0,1
15.0,894.0,198.0,277.0,7.0,525.0,85.0,1
6.0,5536.0,256.0,177.0,3.0,1020.0,65.0,1
10.0,2818.0,180.0,80.0,4.0,420.0,125.0,1
3.0,1303.0,148.0,134.0,5.0,615.0,73.0,1
15.0,518.0,172.0,45.0,4.0,1045.0,140.0,1
15.0,1414.0,217.0,153.0,4.0,870.0,65.0,1
1.0,759.0,80.0,154.0,7.0,1185.0,205.0,1
10.0,4223.0,238.0,208.0,7.0,360.0,125.0,1
15.0,432.0,154.0,153.0,5.0,740.0,60.0,1
1.0,257.0,148.0,153.0,6.0,990.0,360.0,1
15.0,1252.0,173.0,244.0,4.0,920.0,185.0,1
4.0,172.0,154.0,58.0,4.0,1410.0,257.0,1
15.0,2698.0,22.0,104.0,1.0,485.0,195.0,1
0.0,3929.0,197.0,99.0,4.0,560.0,74.0,1
15.0,1843.0,207.0,262.0,1.0,780.0,80.0,1
5.0,2744.0,243.0,197.0,4.0,715.0,219.0,1
14.0,1023.0,22.0,216.0,5.0,435.0,86.0,1
8.0,80.0,104.0,16.0,5.0,678.0,117.0,1
15.0,490.0,129.0,18.0,3.0,1215.0,45.0,1
3.0,55.0,42.0,148.0,7.0,1141.0,89.0,1
12.0,4839.0,261.0,2.0,3.0,510.0,104.0,1
15.0,108.0,175.0,162.0,4.0,1035.0,105.0,1
0.0,3797.0,85.0,61.0,7.0,920.0,59.0,1
1.0,2317.0,208.0,80.0,5.0,635.0,155.0,1
6.0,5475.0,70.0,16.0,7.0,1046.0,49.0,1
8.0,1411.0,48.0,241.0,1.0,425.0,174.0,1
1.0,1885.0,244.0,80.0,6.0,540.0,70.0,1
15.0,1532.0,146.0,45.0,3.0,865.0,130.0,1
13.0,798.0,154.0,253.0,7.0,1155.0,83.0,1
11.0,6530.0,197.0,76.0,6.0,1155.0,117.0,1
5.0,2711.0,245.0,16.0,1.0,330.0,65.0,1
10.0,3329.0,80.0,38.0,5.0,625.0,95.0,1
1.0,2039.0,183.0,208.0,4.0,1255.0,190.0,1
15.0,417.0,45.0,268.0,5.0,425.0,145.0,1
1.0,794.0,153.0,208.0,3.0,1060.0,210.0,1
7.0,428.0,79.0,16.0,5.0,800.0,168.0,1
12.0,6636.0,79.0,58.0,4.0,1050.0,165.0,1
17.0,2601.0,60.0,18.0,5.0,555.0,179.0,1
5.0,1103.0,261.0,214.0,7.0,692.0,121.0,1
1.0,1934.0,80.0,172.0,5.0,1130.0,90.0,1
6.0,7112.0,134.0,148.0,4.0,745.0,80.0,1
15.0,1991.0,153.0,217.0,6.0,1215.0,65.0,1
15.0,815.0,172.0,268.0,4.0,440.0,65.0,1
4.0,1626.0,96.0,243.0,6.0,525.0,364.0,1
6.0,5295.0,287.0,16.0,1.0,1078.0,74.0,1
6.0,5269.0,78.0,71.0,5.0,1085.0,99.0,1
6.0,5010.0,201.0,16.0,6.0,1111.0,102.0,1
1.0,2428.0,80.0,18.0,7.0,900.0,60.0,1
9.0,165.0,203.0,128.0,4.0,806.0,34.0,1
4.0,1170.0,208.0,96.0,1.0,945.0,127.0,1
1.0,1938.0,197.0,183.0,7.0,365.0,225.0,1
6.0,4992.0,36.0,16.0,1.0,770.0,79.0,1
15.0,49.0,217.0,2.0,4.0,830.0,65.0,1
1.0,1670.0,18.0,208.0,1.0,360.0,165.0,1
8.0,311.0,60.0,16.0,6.0,400.0,84.0,1
5.0,2124.0,16.0,45.0,1.0,670.0,115.0,1
15.0,2461.0,79.0,13.0,3.0,675.0,70.0,1
12.0,6352.0,253.0,280.0,3.0,1150.0,119.0,1
5.0,2800.0,197.0,45.0,1.0,615.0,144.0,1
15.0,546.0,79.0,252.0,1.0,855.0,185.0,1
16.0,3018.0,85.0,96.0,5.0,570.0,100.0,1
11.0,6766.0,195.0,159.0,7.0,1061.0,141.0,1
15.0,526.0,175.0,217.0,7.0,695.0,240.0,1
15.0,1587.0,155.0,75.0,4.0,415.0,65.0,1
6.0,5080.0,188.0,16.0,4.0,686.0,93.0,1
16.0,2423.0,27.0,135.0,7.0,990.0,114.0,1
5.0,2571.0,139.0,16.0,6.0,667.0,93.0,1
5.0,2377.0,208.0,16.0,7.0,505.0,120.0,1
8.0,942.0,238.0,45.0,3.0,360.0,83.0,1
15.0,271.0,243.0,33.0,5.0,700.0,220.0,1
5.0,246.0,154.0,148.0,5.0,390.0,320.0,1
3.0,1084.0,60.0,148.0,4.0,1160.0,112.0,1
12.0,6296.0,79.0,207.0,4.0,573.0,142.0,1
9.0,360.0,128.0,143.0,6.0,1036.0,51.0,1
4.0,1836.0,135.0,216.0,6.0,833.0,200.0,1
7.0,387.0,104.0,79.0,5.0,902.0,264.0,1
15.0,513.0,75.0,198.0,7.0,575.0,75.0,1
10.0,4698.0,78.0,233.0,3.0,1200.0,65.0,1
7.0,552.0,243.0,79.0,5.0,1210.0,130.0,1
11.0,6723.0,78.0,22.0,6.0,945.0,82.0,1
1.0,1184.0,217.0,208.0,5.0,410.0,200.0,1
16.0,2304.0,135.0,116.0,4.0,770.0,71.0,1
11.0,6452.0,85.0,134.0,7.0,620.0,96.0,1
0.0,3928.0,218.0,85.0,6.0,385.0,93.0,1
6.0,7301.0,16.0,116.0,5.0,777.0,81.0,1
13.0,475.0,198.0,208.0,7.0,657.0,148.0,1
5.0,2608.0,197.0,96.0,4.0,1135.0,164.0,1
10.0,4484.0,159.0,33.0,3.0,660.0,160.0,1
0.0,3763.0,108.0,177.0,1.0,697.0,67.0,1
5.0,1738.0,16.0,78.0,5.0,1100.0,104.0,1
10.0,3027.0,154.0,194.0,3.0,1200.0,65.0,1
15.0,1664.0,217.0,45.0,5.0,1000.0,250.0,1
3.0,283.0,153.0,160.0,5.0,906.0,66.0,1
14.0,1700.0,183.0,60.0,4.0,690.0,124.0,1
11.0,6356.0,177.0,233.0,7.0,1132.0,111.0,1
1.0,1464.0,80.0,279.0,5.0,1245.0,55.0,1
5.0,1860.0,183.0,16.0,3.0,1050.0,130.0,1
5.0,2037.0,85.0,172.0,3.0,915.0,131.0,1
5.0,2957.0,85.0,184.0,1.0,1045.0,71.0,1
16.0,2640.0,96.0,119.0,3.0,929.0,125.0,1
3.0,592.0,173.0,130.0,4.0,470.0,152.0,1
3.0,97.0,148.0,79.0,6.0,1270.0,272.0,1
8.0,147.0,85.0,16.0,3.0,693.0,123.0,1
3.0,1600.0,35.0,78.0,7.0,450.0,102.0,1
6.0,5091.0,19.0,16.0,5.0,910.0,79.0,1
14.0,1199.0,221.0,60.0,4.0,1035.0,91.0,1
5.0,1029.0,76.0,16.0,1.0,807.0,108.0,1
15.0,993.0,253.0,264.0,7.0,670.0,85.0,1
17.0,2715.0,217.0,100.0,3.0,1070.0,101.0,1
5.0,1318.0,177.0,45.0,4.0,1145.0,120.0,1
13.0,337.0,216.0,208.0,1.0,360.0,137.0,1
11.0,6319.0,233.0,35.0,1.0,975.0,120.0,1
4.0,254.0,253.0,58.0,3.0,735.0,270.0,1
1.0,1937.0,35.0,260.0,7.0,515.0,240.0,1
1.0,1348.0,35.0,183.0,7.0,850.0,215.0,1
13.0,734.0,208.0,221.0,1.0,785.0,87.0,1
16.0,2449.0,177.0,135.0,5.0,999.0,106.0,1
15.0,1652.0,79.0,207.0,6.0,570.0,140.0,1
5.0,1774.0,267.0,16.0,3.0,1149.0,103.0,1
15.0,1078.0,44.0,202.0,1.0,655.0,70.0,1
1.0,34.0,154.0,148.0,6.0,510.0,322.0,1
8.0,929.0,172.0,16.0,6.0,1040.0,117.0,1
16.0,3024.0,131.0,135.0,5.0,330.0,70.0,1
17.0,2906.0,114.0,217.0,3.0,932.0,128.0,1
10.0,2967.0,80.0,41.0,1.0,845.0,80.0,1
14.0,1580.0,60.0,221.0,4.0,1329.0,75.0,1
15.0,1695.0,154.0,253.0,6.0,885.0,75.0,1
7.0,799.0,79.0,214.0,1.0,1090.0,165.0,1
1.0,1331.0,80.0,244.0,4.0,525.0,70.0,1
15.0,998.0,202.0,175.0,4.0,585.0,245.0,1
5.0,2630.0,197.0,35.0,1.0,420.0,166.0,1
1.0,476.0,183.0,173.0,6.0,810.0,60.0,1
11.0,6683.0,85.0,76.0,5.0,1175.0,68.0,1
15.0,1642.0,33.0,243.0,3.0,830.0,280.0,1
17.0,2730.0,217.0,160.0,3.0,670.0,85.0,1
5.0,1513.0,16.0,85.0,1.0,1080.0,125.0,1
4.0,355.0,213.0,96.0,4.0,1010.0,168.0,1
15.0,1592.0,43.0,104.0,7.0,715.0,190.0,1
2.0,471.0,154.0,252.0,6.0,1110.0,166.0,1
5.0,1175.0,85.0,16.0,6.0,595.0,120.0,1
10.0,4694.0,148.0,233.0,6.0,730.0,105.0,1
1.0,628.0,183.0,35.0,6.0,1150.0,185.0,1
12.0,6460.0,126.0,79.0,5.0,380.0,67.0,1
3.0,1329.0,35.0,45.0,4.0,1230.0,87.0,1
10.0,3294.0,146.0,80.0,3.0,870.0,95.0,1
8.0,1216.0,267.0,175.0,7.0,1165.0,166.0,1
17.0,7296.0,134.0,22.0,5.0,750.0,74.0,1
13.0,422.0,79.0,96.0,7.0,618.0,225.0,1
3.0,1222.0,233.0,35.0,5.0,535.0,100.0,1
8.0,818.0,35.0,45.0,1.0,1075.0,94.0,1
12.0,7759.0,89.0,261.0,5.0,490.0,78.0,1
0.0,3709.0,85.0,117.0,6.0,1300.0,90.0,1
17.0,2835.0,217.0,18.0,3.0,1199.0,134.0,1
15.0,1042.0,202.0,154.0,1.0,900.0,75.0,1
16.0,5942.0,208.0,48.0,7.0,960.0,70.0,1
16.0,2772.0,91.0,135.0,7.0,920.0,122.0,1
14.0,1517.0,78.0,277.0,1.0,520.0,150.0,1
1.0,2413.0,204.0,80.0,1.0,450.0,65.0,1
0.0,4252.0,85.0,250.0,5.0,1310.0,84.0,1
6.0,5513.0,177.0,180.0,4.0,860.0,65.0,1
1.0,684.0,18.0,148.0,6.0,600.0,215.0,1
2.0,531.0,207.0,252.0,4.0,1035.0,162.0,1
14.0,1092.0,216.0,233.0,1.0,570.0,83.0,1
10.0,4395.0,33.0,159.0,3.0,620.0,130.0,1
5.0,2826.0,147.0,16.0,3.0,390.0,89.0,1
13.0,99.0,134.0,277.0,1.0,497.0,146.0,1
1.0,2211.0,80.0,214.0,6.0,1280.0,245.0,1
12.0,6592.0,18.0,208.0,3.0,829.0,155.0,1
15.0,679.0,217.0,214.0,6.0,1085.0,175.0,1
11.0,6566.0,234.0,148.0,4.0,375.0,85.0,1
5.0,1375.0,35.0,159.0,3.0,450.0,76.0,1
12.0,7008.0,252.0,214.0,5.0,510.0,48.0,1
13.0,62.0,253.0,252.0,5.0,1351.0,134.0,1
1.0,1247.0,35.0,208.0,3.0,520.0,175.0,1
5.0,1455.0,16.0,267.0,6.0,1130.0,103.0,1
12.0,6868.0,79.0,34.0,7.0,1310.0,124.0,1
3.0,745.0,173.0,260.0,1.0,855.0,159.0,1
0.0,3694.0,85.0,175.0,6.0,935.0,71.0,1
2.0,864.0,203.0,214.0,4.0,780.0,310.0,1
4.0,476.0,260.0,96.0,1.0,800.0,250.0,1
12.0,3116.0,184.0,48.0,4.0,945.0,77.0,1
5.0,1835.0,16.0,261.0,7.0,1290.0,257.0,1
6.0,5044.0,16.0,48.0,7.0,515.0,98.0,1
4.0,820.0,135.0,217.0,7.0,1255.0,175.0,1
15.0,661.0,217.0,79.0,1.0,410.0,110.0,1
1.0,1430.0,80.0,277.0,5.0,475.0,135.0,1
5.0,2108.0,79.0,197.0,5.0,802.0,115.0,1
14.0,1241.0,216.0,277.0,3.0,720.0,159.0,1
1.0,654.0,217.0,80.0,5.0,360.0,130.0,1
1.0,876.0,208.0,35.0,7.0,395.0,135.0,1
15.0,1824.0,182.0,45.0,1.0,365.0,110.0,1
3.0,572.0,213.0,130.0,5.0,435.0,158.0,1
1.0,1098.0,280.0,80.0,5.0,490.0,130.0,1
15.0,1829.0,44.0,202.0,6.0,1015.0,75.0,1
5.0,1907.0,16.0,198.0,4.0,1312.0,101.0,1
3.0,62.0,148.0,273.0,4.0,888.0,78.0,1
1.0,753.0,159.0,80.0,3.0,860.0,245.0,1
1.0,2301.0,208.0,80.0,4.0,360.0,150.0,1
6.0,5485.0,174.0,16.0,6.0,645.0,130.0,1
10.0,3351.0,80.0,155.0,5.0,870.0,70.0,1
12.0,6673.0,253.0,194.0,1.0,495.0,43.0,1
14.0,1462.0,60.0,234.0,4.0,971.0,62.0,1
0.0,4004.0,197.0,84.0,6.0,620.0,71.0,1
15.0,218.0,44.0,153.0,7.0,1130.0,60.0,1
1.0,368.0,18.0,208.0,4.0,515.0,160.0,1
1.0,1576.0,80.0,204.0,7.0,1120.0,55.0,1
4.0,37.0,96.0,173.0,7.0,809.0,171.0,1
5.0,2568.0,252.0,16.0,6.0,370.0,284.0,1
14.0,1505.0,60.0,217.0,3.0,451.0,288.0,1
4.0,329.0,60.0,96.0,4.0,401.0,109.0,1
1.0,1526.0,80.0,173.0,3.0,1235.0,135.0,1
11.0,6440.0,71.0,195.0,5.0,1240.0,89.0,1
8.0,81.0,16.0,104.0,4.0,941.0,111.0,1
5.0,2998.0,214.0,148.0,7.0,400.0,319.0,1
15.0,3408.0,202.0,44.0,7.0,875.0,65.0,1
12.0,6443.0,208.0,204.0,4.0,496.0,130.0,1
17.0,2723.0,24.0,217.0,6.0,969.0,91.0,1
1.0,342.0,80.0,22.0,1.0,750.0,195.0,1
10.0,2894.0,184.0,80.0,1.0,555.0,165.0,1
0.0,3863.0,177.0,279.0,6.0,575.0,88.0,1
5.0,2462.0,154.0,148.0,4.0,810.0,330.0,1
17.0,7268.0,54.0,208.0,5.0,429.0,143.0,1
13.0,6.0,253.0,148.0,6.0,425.0,335.0,1
15.0,313.0,45.0,58.0,1.0,990.0,75.0,1
4.0,1092.0,135.0,61.0,5.0,800.0,149.0,1
5.0,2026.0,104.0,16.0,7.0,770.0,118.0,1
1.0,672.0,183.0,173.0,7.0,1105.0,60.0,1
1.0,520.0,262.0,80.0,1.0,900.0,200.0,1
16.0,2631.0,135.0,158.0,3.0,885.0,54.0,1
12.0,6526.0,217.0,154.0,4.0,698.0,87.0,1
5.0,2618.0,173.0,16.0,3.0,1050.0,101.0,1
15.0,224.0,104.0,141.0,1.0,1045.0,165.0,1
1.0,697.0,104.0,80.0,6.0,365.0,190.0,1
8.0,875.0,16.0,197.0,5.0,813.0,154.0,1
9.0,344.0,161.0,128.0,6.0,775.0,32.0,1
5.0,1748.0,85.0,159.0,3.0,535.0,119.0,1
3.0,1421.0,214.0,160.0,4.0,450.0,135.0,1
3.0,1227.0,35.0,233.0,3.0,1210.0,123.0,1
1.0,880.0,258.0,80.0,5.0,900.0,210.0,1
4.0,1455.0,213.0,96.0,6.0,440.0,160.0,1
6.0,5490.0,158.0,16.0,3.0,969.0,102.0,1
3.0,1228.0,233.0,35.0,7.0,1215.0,100.0,1
12.0,4849.0,197.0,177.0,4.0,1165.0,119.0,1
8.0,478.0,16.0,45.0,5.0,1335.0,104.0,1
15.0,3568.0,277.0,22.0,3.0,670.0,165.0,1
5.0,2517.0,85.0,153.0,5.0,1185.0,278.0,1
5.0,2126.0,104.0,16.0,3.0,685.0,115.0,1
5.0,2379.0,251.0,16.0,7.0,431.0,89.0,1
5.0,2988.0,173.0,71.0,5.0,970.0,133.0,1
10.0,4583.0,60.0,159.0,5.0,665.0,114.0,1
9.0,105.0,203.0,128.0,1.0,381.0,33.0,1
12.0,6393.0,79.0,107.0,7.0,1235.0,85.0,1
2.0,460.0,252.0,154.0,1.0,600.0,154.0,1
16.0,3108.0,58.0,35.0,1.0,925.0,97.0,1
6.0,5071.0,16.0,132.0,7.0,475.0,58.0,1
16.0,2213.0,135.0,290.0,7.0,809.0,85.0,1
12.0,6431.0,244.0,154.0,4.0,1218.0,197.0,1
15.0,2445.0,44.0,217.0,3.0,1210.0,80.0,1
5.0,2111.0,16.0,80.0,7.0,885.0,145.0,1
15.0,1341.0,198.0,27.0,6.0,840.0,60.0,1
14.0,1869.0,273.0,60.0,7.0,1145.0,133.0,1
15.0,215.0,217.0,44.0,1.0,815.0,85.0,1
12.0,6838.0,253.0,246.0,3.0,968.0,82.0,1
10.0,3457.0,58.0,80.0,1.0,705.0,180.0,1
15.0,399.0,264.0,253.0,5.0,555.0,90.0,1
13.0,830.0,253.0,208.0,6.0,690.0,251.0,1
15.0,914.0,129.0,154.0,5.0,825.0,225.0,1
10.0,3646.0,147.0,183.0,4.0,1150.0,80.0,1
17.0,2868.0,292.0,217.0,6.0,966.0,66.0,1
15.0,3949.0,33.0,61.0,4.0,700.0,70.0,1
6.0,5178.0,16.0,290.0,6.0,665.0,122.0,1
14.0,2135.0,35.0,159.0,4.0,960.0,75.0,1
15.0,239.0,45.0,154.0,5.0,505.0,360.0,1
4.0,1661.0,217.0,135.0,1.0,860.0,154.0,1
10.0,3600.0,54.0,183.0,4.0,375.0,105.0,1
12.0,6694.0,194.0,253.0,3.0,1267.0,37.0,1
8.0,418.0,45.0,229.0,7.0,1300.0,85.0,1
1.0,1733.0,208.0,217.0,3.0,1190.0,235.0,1
15.0,353.0,243.0,236.0,1.0,980.0,90.0,1
5.0,2256.0,197.0,85.0,7.0,828.0,102.0,1
10.0,2910.0,180.0,80.0,6.0,780.0,130.0,1
6.0,5457.0,16.0,275.0,1.0,1047.0,63.0,1
17.0,2868.0,292.0,217.0,3.0,966.0,66.0,1
3.0,263.0,262.0,160.0,7.0,555.0,79.0,1
5.0,1947.0,159.0,16.0,7.0,720.0,160.0,1
15.0,1944.0,243.0,202.0,1.0,415.0,95.0,1
15.0,2496.0,216.0,35.0,6.0,585.0,85.0,1
17.0,2855.0,217.0,103.0,6.0,880.0,66.0,1
11.0,6364.0,71.0,174.0,3.0,1225.0,82.0,1
6.0,7093.0,61.0,134.0,3.0,867.0,84.0,1
1.0,581.0,268.0,154.0,4.0,560.0,255.0,1
16.0,2538.0,18.0,135.0,1.0,450.0,56.0,1
15.0,861.0,154.0,202.0,5.0,1225.0,70.0,1
8.0,939.0,147.0,16.0,7.0,775.0,75.0,1
14.0,614.0,217.0,16.0,1.0,960.0,212.0,1
12.0,6449.0,58.0,208.0,5.0,929.0,87.0,1
10.0,3929.0,22.0,208.0,4.0,1105.0,170.0,1
8.0,1411.0,48.0,241.0,7.0,425.0,174.0,1
9.0,185.0,203.0,128.0,7.0,675.0,34.0,1
3.0,1225.0,35.0,233.0,4.0,855.0,123.0,1
6.0,4988.0,16.0,33.0,4.0,600.0,74.0,1
7.0,618.0,79.0,139.0,6.0,690.0,137.0,1
15.0,1361.0,153.0,154.0,4.0,885.0,65.0,1
0.0,4212.0,152.0,85.0,4.0,495.0,63.0,1
5.0,1421.0,85.0,277.0,7.0,600.0,168.0,1
5.0,1843.0,148.0,252.0,5.0,1050.0,380.0,1
1.0,1718.0,208.0,35.0,5.0,510.0,130.0,1
8.0,681.0,16.0,136.0,1.0,920.0,143.0,1
15.0,755.0,268.0,75.0,4.0,860.0,105.0,1
4.0,1511.0,135.0,264.0,5.0,1050.0,222.0,1
12.0,3117.0,48.0,184.0,5.0,1120.0,84.0,1
5.0,2513.0,197.0,16.0,7.0,380.0,167.0,1
11.0,6681.0,85.0,21.0,7.0,1040.0,56.0,1
1.0,145.0,35.0,154.0,3.0,1010.0,395.0,1
15.0,1050.0,104.0,233.0,3.0,685.0,125.0,1
15.0,739.0,277.0,104.0,7.0,1060.0,60.0,1
11.0,6330.0,278.0,16.0,1.0,697.0,77.0,1
15.0,685.0,268.0,175.0,7.0,475.0,60.0,1
3.0,582.0,104.0,130.0,6.0,505.0,165.0,1
5.0,2004.0,104.0,85.0,1.0,740.0,187.0,1
16.0,2723.0,135.0,204.0,5.0,450.0,85.0,1
15.0,1216.0,173.0,33.0,3.0,1105.0,120.0,1
10.0,3231.0,13.0,80.0,5.0,1140.0,70.0,1
1.0,1812.0,183.0,154.0,4.0,1170.0,355.0,1
5.0,2774.0,197.0,177.0,7.0,795.0,122.0,1
9.0,183.0,128.0,161.0,6.0,936.0,37.0,1
1.0,443.0,159.0,183.0,1.0,1100.0,205.0,1
1.0,1026.0,80.0,172.0,1.0,425.0,95.0,1
1.0,538.0,44.0,80.0,3.0,410.0,185.0,1
10.0,3978.0,56.0,208.0,5.0,675.0,70.0,1
12.0,6253.0,244.0,253.0,3.0,462.0,235.0,1
15.0,496.0,79.0,134.0,1.0,620.0,195.0,1
16.0,2822.0,135.0,121.0,7.0,1195.0,128.0,1
14.0,2184.0,78.0,159.0,3.0,1140.0,85.0,1
14.0,192.0,173.0,217.0,3.0,1040.0,288.0,1
17.0,2830.0,244.0,60.0,3.0,1035.0,162.0,1
14.0,1203.0,45.0,60.0,3.0,935.0,88.0,1
4.0,659.0,78.0,135.0,1.0,480.0,208.0,1
15.0,2228.0,153.0,45.0,6.0,495.0,275.0,1
15.0,214.0,79.0,153.0,3.0,530.0,120.0,1
2.0,321.0,258.0,252.0,3.0,575.0,125.0,1
15.0,1921.0,27.0,33.0,5.0,570.0,50.0,1
1.0,1270.0,154.0,183.0,5.0,1280.0,280.0,1
10.0,3657.0,183.0,221.0,7.0,525.0,160.0,1
3.0,336.0,173.0,134.0,4.0,465.0,120.0,1
10.0,3370.0,80.0,41.0,6.0,515.0,80.0,1
13.0,329.0,84.0,79.0,6.0,990.0,120.0,1
17.0,7261.0,172.0,134.0,4.0,1040.0,141.0,1
2.0,870.0,14.0,128.0,1.0,850.0,369.0,1
14.0,1839.0,216.0,197.0,4.0,595.0,183.0,1
1.0,1063.0,208.0,154.0,6.0,515.0,270.0,1
4.0,608.0,214.0,135.0,1.0,740.0,235.0,1
1.0,1428.0,260.0,148.0,4.0,790.0,250.0,1
4.0,1746.0,135.0,208.0,6.0,445.0,146.0,1
12.0,6533.0,79.0,137.0,7.0,909.0,98.0,1
11.0,6462.0,148.0,35.0,1.0,910.0,102.0,1
15.0,1214.0,153.0,44.0,6.0,1015.0,65.0,1
15.0,1466.0,175.0,27.0,4.0,925.0,105.0,1
16.0,2208.0,172.0,96.0,6.0,360.0,154.0,1
10.0,3045.0,79.0,154.0,4.0,950.0,150.0,1
15.0,1971.0,198.0,129.0,4.0,1195.0,70.0,1
1.0,618.0,253.0,208.0,3.0,1025.0,245.0,1
5.0,2638.0,16.0,78.0,1.0,560.0,108.0,1
9.0,173.0,128.0,161.0,5.0,783.0,38.0,1
3.0,1207.0,130.0,241.0,5.0,900.0,189.0,1
11.0,6642.0,209.0,148.0,5.0,627.0,93.0,1
3.0,1219.0,35.0,43.0,5.0,1230.0,89.0,1
14.0,493.0,214.0,217.0,4.0,915.0,147.0,1
1.0,1406.0,205.0,80.0,6.0,360.0,125.0,1
12.0,4826.0,99.0,261.0,4.0,390.0,145.0,1
5.0,1793.0,148.0,85.0,5.0,855.0,138.0,1
15.0,1161.0,153.0,236.0,7.0,1225.0,75.0,1
15.0,28.0,75.0,172.0,3.0,860.0,85.0,1
3.0,1276.0,173.0,35.0,3.0,661.0,162.0,1
14.0,1057.0,22.0,60.0,1.0,885.0,136.0,1
12.0,6444.0,263.0,154.0,7.0,866.0,57.0,1
12.0,6237.0,100.0,153.0,3.0,877.0,80.0,1
4.0,236.0,135.0,178.0,1.0,1075.0,76.0,1
12.0,6834.0,236.0,253.0,4.0,1046.0,69.0,1
15.0,2393.0,233.0,173.0,6.0,1030.0,105.0,1
1.0,2298.0,183.0,268.0,7.0,1255.0,165.0,1
12.0,3049.0,184.0,221.0,6.0,695.0,85.0,1
15.0,1079.0,45.0,233.0,1.0,620.0,65.0,1
15.0,1499.0,175.0,268.0,7.0,530.0,70.0,1
10.0,3001.0,154.0,79.0,3.0,570.0,140.0,1
12.0,6555.0,79.0,114.0,4.0,504.0,58.0,1
6.0,5129.0,35.0,78.0,6.0,455.0,108.0,1
15.0,704.0,236.0,34.0,7.0,500.0,65.0,1
14.0,583.0,217.0,111.0,3.0,686.0,176.0,1
10.0,4206.0,62.0,208.0,7.0,485.0,65.0,1
12.0,6490.0,236.0,154.0,5.0,909.0,86.0,1
6.0,5270.0,16.0,215.0,7.0,1007.0,93.0,1
17.0,2853.0,292.0,217.0,4.0,475.0,68.0,1
5.0,1630.0,184.0,85.0,3.0,1100.0,80.0,1
15.0,1202.0,104.0,22.0,7.0,800.0,185.0,1
15.0,219.0,262.0,153.0,3.0,385.0,80.0,1
13.0,920.0,135.0,208.0,4.0,480.0,154.0,1
5.0,2224.0,213.0,16.0,6.0,405.0,124.0,1
12.0,6973.0,252.0,154.0,4.0,669.0,149.0,1
0.0,3950.0,197.0,17.0,5.0,1185.0,64.0,1
15.0,379.0,202.0,252.0,4.0,370.0,125.0,1
12.0,4457.0,216.0,197.0,5.0,1095.0,187.0,1
5.0,174.0,173.0,16.0,4.0,1170.0,95.0,1
12.0,6279.0,253.0,264.0,4.0,907.0,85.0,1
14.0,567.0,217.0,173.0,6.0,599.0,246.0,1
13.0,660.0,153.0,79.0,7.0,492.0,125.0,1
1.0,2395.0,60.0,80.0,5.0,945.0,180.0,1
8.0,136.0,147.0,45.0,5.0,480.0,110.0,1
17.0,7267.0,229.0,208.0,6.0,423.0,177.0,1
5.0,2194.0,16.0,216.0,6.0,655.0,133.0,1
12.0,4729.0,179.0,261.0,7.0,370.0,112.0,1
14.0,1071.0,216.0,260.0,4.0,580.0,229.0,1
2.0,509.0,264.0,252.0,4.0,840.0,168.0,1
1.0,2222.0,253.0,80.0,7.0,565.0,210.0,1
5.0,1289.0,134.0,16.0,3.0,1058.0,120.0,1
2.0,65.0,149.0,14.0,6.0,780.0,107.0,1
3.0,442.0,277.0,35.0,4.0,360.0,167.0,1
12.0,6617.0,204.0,79.0,4.0,585.0,106.0,1
5.0,2886.0,16.0,159.0,4.0,1240.0,143.0,1
11.0,6570.0,208.0,148.0,1.0,687.0,149.0,1
13.0,247.0,79.0,172.0,1.0,1072.0,103.0,1
3.0,90.0,202.0,148.0,3.0,1285.0,317.0,1
1.0,1361.0,80.0,65.0,5.0,570.0,115.0,1
12.0,6707.0,85.0,79.0,6.0,982.0,200.0,1
16.0,5901.0,208.0,20.0,6.0,1080.0,100.0,1
14.0,1457.0,60.0,104.0,4.0,805.0,119.0,1
3.0,286.0,160.0,153.0,6.0,1065.0,67.0,1
12.0,6536.0,208.0,254.0,4.0,895.0,93.0,1
15.0,1081.0,217.0,207.0,6.0,1060.0,70.0,1
4.0,370.0,135.0,253.0,4.0,865.0,255.0,1
10.0,4055.0,208.0,33.0,6.0,1005.0,90.0,1
3.0,466.0,241.0,35.0,7.0,943.0,177.0,1
15.0,1582.0,217.0,33.0,6.0,590.0,195.0,1
7.0,130.0,79.0,80.0,5.0,635.0,112.0,1
1.0,704.0,80.0,159.0,5.0,435.0,194.0,1
3.0,1109.0,148.0,233.0,4.0,1310.0,103.0,1
12.0,7771.0,261.0,255.0,3.0,590.0,86.0,1
6.0,5169.0,16.0,91.0,3.0,551.0,208.0,1
5.0,2678.0,173.0,78.0,6.0,1160.0,130.0,1
17.0,7279.0,16.0,208.0,3.0,1025.0,132.0,1
12.0,6482.0,79.0,65.0,3.0,600.0,38.0,1
5.0,2251.0,60.0,16.0,5.0,631.0,82.0,1
5.0,2386.0,16.0,159.0,4.0,1000.0,140.0,1
5.0,2621.0,261.0,154.0,4.0,1205.0,122.0,1
5.0,269.0,148.0,183.0,5.0,480.0,200.0,1
1.0,1284.0,80.0,60.0,3.0,1035.0,140.0,1
5.0,1914.0,261.0,34.0,5.0,810.0,70.0,1
10.0,2976.0,1.0,80.0,5.0,1065.0,50.0,1
15.0,1427.0,33.0,198.0,7.0,940.0,95.0,1
15.0,530.0,175.0,61.0,3.0,985.0,65.0,1
15.0,641.0,153.0,221.0,3.0,570.0,260.0,1
5.0,2757.0,253.0,154.0,4.0,838.0,84.0,1
15.0,1173.0,153.0,217.0,5.0,805.0,70.0,1
15.0,2545.0,216.0,79.0,3.0,1110.0,275.0,1
6.0,5372.0,279.0,16.0,7.0,914.0,115.0,1
12.0,4658.0,261.0,40.0,4.0,675.0,81.0,1
15.0,3339.0,261.0,154.0,3.0,1085.0,115.0,1
17.0,7248.0,208.0,42.0,6.0,536.0,119.0,1
15.0,6.0,68.0,129.0,4.0,375.0,50.0,1
11.0,6762.0,204.0,197.0,5.0,435.0,129.0,1
10.0,3677.0,61.0,183.0,5.0,890.0,170.0,1
0.0,3927.0,60.0,177.0,1.0,1056.0,122.0,1
17.0,2727.0,217.0,91.0,5.0,590.0,80.0,1
4.0,810.0,135.0,96.0,5.0,790.0,210.0,1
4.0,1702.0,96.0,253.0,6.0,800.0,365.0,1
10.0,3961.0,71.0,208.0,6.0,660.0,80.0,1
15.0,2803.0,134.0,175.0,1.0,610.0,120.0,1
12.0,6834.0,253.0,236.0,7.0,959.0,59.0,1
12.0,6275.0,252.0,111.0,1.0,800.0,58.0,1
1.0,1847.0,18.0,80.0,3.0,570.0,65.0,1
3.0,1263.0,35.0,18.0,3.0,530.0,280.0,1
2.0,357.0,202.0,252.0,3.0,540.0,120.0,1
5.0,1441.0,16.0,162.0,3.0,1227.0,96.0,1
11.0,6662.0,109.0,85.0,1.0,810.0,60.0,1
1.0,1788.0,80.0,233.0,4.0,665.0,145.0,1
5.0,2551.0,159.0,213.0,7.0,725.0,182.0,1
5.0,1401.0,35.0,16.0,3.0,360.0,190.0,1
5.0,2553.0,85.0,198.0,4.0,525.0,170.0,1
7.0,773.0,79.0,153.0,7.0,1095.0,118.0,1
5.0,734.0,172.0,16.0,3.0,350.0,129.0,1
15.0,2175.0,173.0,198.0,5.0,695.0,110.0,1
15.0,2064.0,214.0,236.0,6.0,965.0,75.0,1
15.0,3165.0,214.0,261.0,7.0,600.0,105.0,1
13.0,201.0,35.0,134.0,6.0,360.0,103.0,1
16.0,2081.0,65.0,135.0,4.0,360.0,137.0,1
14.0,3.0,217.0,208.0,4.0,595.0,205.0,1
5.0,1563.0,78.0,197.0,5.0,1122.0,176.0,1
12.0,6484.0,17.0,79.0,7.0,838.0,165.0,1
15.0,1071.0,264.0,258.0,1.0,925.0,75.0,1
5.0,1697.0,216.0,197.0,1.0,691.0,188.0,1
6.0,5014.0,136.0,16.0,3.0,330.0,132.0,1
16.0,2137.0,158.0,135.0,3.0,420.0,64.0,1
10.0,4163.0,85.0,208.0,7.0,940.0,85.0,1
16.0,2428.0,155.0,135.0,7.0,975.0,95.0,1
12.0,7053.0,162.0,208.0,5.0,868.0,112.0,1
15.0,2066.0,244.0,243.0,6.0,905.0,185.0,1
11.0,6368.0,268.0,71.0,1.0,732.0,83.0,1
15.0,500.0,243.0,129.0,1.0,530.0,180.0,1
1.0,4.0,154.0,148.0,4.0,745.0,335.0,1
15.0,509.0,217.0,85.0,7.0,765.0,235.0,1
16.0,2622.0,135.0,47.0,5.0,635.0,129.0,1
13.0,365.0,208.0,264.0,7.0,596.0,274.0,1
10.0,3192.0,258.0,154.0,3.0,500.0,80.0,1
15.0,1907.0,198.0,104.0,7.0,1110.0,105.0,1
9.0,279.0,150.0,203.0,4.0,849.0,31.0,1
12.0,6993.0,230.0,79.0,1.0,1059.0,67.0,1
13.0,684.0,208.0,159.0,4.0,840.0,135.0,1
1.0,1137.0,208.0,198.0,7.0,475.0,140.0,1
13.0,608.0,172.0,208.0,3.0,457.0,91.0,1
12.0,6454.0,85.0,79.0,7.0,531.0,212.0,1
16.0,2714.0,45.0,96.0,5.0,1005.0,85.0,1
7.0,450.0,184.0,159.0,7.0,844.0,135.0,1
15.0,2895.0,209.0,147.0,3.0,500.0,105.0,1
0.0,4246.0,85.0,139.0,1.0,735.0,73.0,1
13.0,386.0,79.0,35.0,3.0,751.0,226.0,1
14.0,1793.0,60.0,153.0,7.0,1195.0,288.0,1
12.0,4439.0,197.0,192.0,6.0,1035.0,91.0,1
12.0,6310.0,79.0,61.0,6.0,616.0,163.0,1
6.0,5595.0,16.0,95.0,3.0,1236.0,84.0,1
15.0,146.0,202.0,153.0,1.0,795.0,85.0,1
10.0,4253.0,208.0,136.0,7.0,480.0,115.0,1
1.0,2324.0,80.0,208.0,3.0,445.0,140.0,1
5.0,2586.0,16.0,159.0,1.0,1060.0,144.0,1
16.0,5912.0,208.0,43.0,6.0,607.0,84.0,1
0.0,4272.0,87.0,177.0,6.0,360.0,90.0,1
15.0,1581.0,91.0,154.0,3.0,590.0,130.0,1
15.0,3762.0,91.0,243.0,7.0,715.0,115.0,1
4.0,709.0,135.0,214.0,1.0,1065.0,282.0,1
11.0,6298.0,71.0,85.0,5.0,801.0,84.0,1
10.0,4291.0,208.0,139.0,7.0,970.0,60.0,1
13.0,154.0,214.0,79.0,1.0,360.0,146.0,1
12.0,6653.0,253.0,191.0,6.0,870.0,40.0,1
13.0,619.0,78.0,208.0,1.0,807.0,127.0,1
6.0,5139.0,47.0,16.0,7.0,900.0,75.0,1
11.0,6453.0,251.0,71.0,5.0,1035.0,48.0,1
13.0,250.0,214.0,134.0,5.0,445.0,298.0,1
0.0,4371.0,245.0,85.0,5.0,735.0,142.0,1
11.0,6610.0,172.0,159.0,5.0,652.0,178.0,1
1.0,1017.0,268.0,80.0,5.0,1130.0,115.0,1
12.0,6685.0,79.0,34.0,4.0,730.0,128.0,1
5.0,1964.0,16.0,261.0,1.0,1025.0,253.0,1
6.0,5244.0,16.0,157.0,6.0,650.0,78.0,1
15.0,539.0,104.0,175.0,4.0,1035.0,195.0,1
5.0,2534.0,213.0,159.0,6.0,947.0,171.0,1
2.0,565.0,154.0,214.0,4.0,1050.0,147.0,1
10.0,3943.0,208.0,279.0,7.0,520.0,120.0,1
3.0,594.0,173.0,130.0,7.0,734.0,155.0,1
12.0,6717.0,79.0,227.0,5.0,1119.0,135.0,1
5.0,1916.0,79.0,16.0,5.0,790.0,174.0,1
16.0,2610.0,135.0,233.0,1.0,632.0,149.0,1
15.0,351.0,153.0,243.0,4.0,660.0,65.0,1
6.0,7111.0,148.0,134.0,1.0,611.0,81.0,1
14.0,1602.0,60.0,233.0,7.0,1189.0,48.0,1
12.0,4585.0,261.0,114.0,5.0,1206.0,64.0,1
3.0,437.0,35.0,173.0,5.0,1180.0,190.0,1
1.0,1442.0,243.0,208.0,7.0,590.0,235.0,1
11.0,6409.0,96.0,71.0,4.0,1056.0,139.0,1
12.0,6536.0,254.0,208.0,4.0,1015.0,95.0,1
1.0,1803.0,80.0,153.0,4.0,1015.0,175.0,1
1.0,743.0,80.0,154.0,6.0,995.0,205.0,1
5.0,1135.0,233.0,16.0,7.0,1185.0,95.0,1
0.0,4189.0,112.0,197.0,7.0,1018.0,71.0,1
10.0,3751.0,208.0,261.0,4.0,1125.0,215.0,1
15.0,3224.0,58.0,175.0,3.0,515.0,85.0,1
5.0,487.0,159.0,213.0,7.0,915.0,189.0,1
15.0,436.0,44.0,153.0,6.0,440.0,60.0,1
13.0,478.0,253.0,214.0,6.0,515.0,115.0,1
15.0,907.0,244.0,45.0,7.0,650.0,190.0,1
0.0,4035.0,184.0,71.0,3.0,1035.0,81.0,1
10.0,2772.0,290.0,80.0,3.0,1140.0,75.0,1
4.0,744.0,135.0,58.0,7.0,780.0,158.0,1
4.0,1679.0,135.0,244.0,4.0,505.0,57.0,1
1.0,75.0,134.0,154.0,3.0,1105.0,340.0,1
16.0,2922.0,135.0,268.0,6.0,941.0,110.0,1
12.0,7776.0,235.0,261.0,1.0,913.0,67.0,1
11.0,6343.0,251.0,85.0,5.0,760.0,94.0,1
9.0,328.0,128.0,203.0,4.0,716.0,37.0,1
14.0,2114.0,159.0,35.0,4.0,360.0,62.0,1
0.0,4349.0,177.0,136.0,3.0,825.0,98.0,1
6.0,5564.0,138.0,16.0,7.0,360.0,88.0,1
5.0,1986.0,16.0,159.0,4.0,700.0,135.0,1
14.0,1784.0,153.0,60.0,6.0,680.0,249.0,1
4.0,107.0,96.0,135.0,1.0,905.0,245.0,1
6.0,5273.0,85.0,147.0,6.0,1205.0,146.0,1
0.0,4127.0,22.0,233.0,4.0,405.0,123.0,1
12.0,6326.0,236.0,253.0,6.0,849.0,68.0,1
0.0,4044.0,174.0,85.0,1.0,990.0,104.0,1
12.0,4519.0,197.0,230.0,1.0,540.0,95.0,1
8.0,1420.0,139.0,277.0,6.0,667.0,137.0,1
0.0,4371.0,245.0,85.0,6.0,735.0,142.0,1
4.0,726.0,207.0,135.0,4.0,737.0,181.0,1
13.0,324.0,154.0,134.0,1.0,511.0,289.0,1
4.0,632.0,135.0,159.0,7.0,960.0,208.0,1
5.0,1909.0,106.0,16.0,6.0,375.0,146.0,1
9.0,27.0,252.0,128.0,6.0,485.0,370.0,1
12.0,6998.0,208.0,212.0,3.0,1315.0,80.0,1
17.0,2670.0,60.0,177.0,5.0,1189.0,110.0,1
5.0,1124.0,154.0,253.0,4.0,425.0,82.0,1
4.0,644.0,135.0,58.0,4.0,1135.0,157.0,1
11.0,6507.0,177.0,178.0,7.0,1195.0,136.0,1
10.0,2742.0,290.0,80.0,1.0,595.0,75.0,1
15.0,1396.0,202.0,153.0,5.0,1210.0,85.0,1
16.0,2478.0,120.0,96.0,7.0,1128.0,101.0,1
10.0,4045.0,208.0,77.0,3.0,960.0,55.0,1
4.0,1592.0,96.0,173.0,7.0,480.0,163.0,1
15.0,1163.0,204.0,79.0,4.0,1080.0,100.0,1
15.0,797.0,175.0,277.0,4.0,875.0,160.0,1
16.0,3127.0,135.0,155.0,6.0,1100.0,95.0,1
9.0,302.0,128.0,143.0,5.0,806.0,52.0,1
15.0,1426.0,268.0,75.0,5.0,365.0,110.0,1
15.0,59.0,258.0,217.0,4.0,670.0,110.0,1
0.0,3657.0,273.0,16.0,3.0,763.0,154.0,1
15.0,1079.0,244.0,91.0,7.0,1120.0,95.0,1
15.0,862.0,205.0,175.0,4.0,520.0,85.0,1
12.0,6710.0,261.0,208.0,7.0,490.0,188.0,1
17.0,7296.0,22.0,134.0,1.0,858.0,88.0,1
10.0,4133.0,208.0,221.0,5.0,1000.0,90.0,1
14.0,1297.0,60.0,260.0,7.0,590.0,209.0,1
5.0,2982.0,177.0,78.0,7.0,895.0,125.0,1
12.0,6460.0,126.0,79.0,4.0,380.0,67.0,1
14.0,94.0,197.0,217.0,4.0,1076.0,206.0,1
13.0,151.0,134.0,208.0,1.0,739.0,132.0,1
5.0,1118.0,76.0,16.0,3.0,975.0,103.0,1
6.0,7336.0,147.0,85.0,7.0,1099.0,147.0,1
10.0,4090.0,208.0,204.0,7.0,1320.0,130.0,1
4.0,1057.0,159.0,58.0,7.0,970.0,99.0,1
4.0,423.0,135.0,198.0,5.0,1165.0,71.0,1
15.0,289.0,217.0,253.0,4.0,435.0,130.0,1
14.0,1245.0,216.0,277.0,4.0,1080.0,168.0,1
5.0,269.0,148.0,183.0,7.0,480.0,200.0,1
13.0,261.0,154.0,173.0,3.0,515.0,286.0,1
15.0,1162.0,216.0,175.0,1.0,1065.0,140.0,1
10.0,3104.0,154.0,258.0,1.0,675.0,75.0,1
1.0,1532.0,153.0,80.0,5.0,1120.0,140.0,1
7.0,147.0,129.0,79.0,6.0,1150.0,145.0,1
1.0,1263.0,183.0,135.0,1.0,455.0,175.0,1
0.0,3939.0,177.0,84.0,5.0,555.0,101.0,1
5.0,2946.0,135.0,197.0,3.0,395.0,169.0,1
10.0,4502.0,159.0,35.0,3.0,525.0,65.0,1
5.0,2915.0,16.0,217.0,1.0,520.0,270.0,1
0.0,3983.0,85.0,61.0,5.0,725.0,58.0,1
5.0,1517.0,16.0,79.0,5.0,500.0,213.0,1
10.0,4187.0,84.0,208.0,5.0,390.0,85.0,1
17.0,2876.0,217.0,91.0,1.0,970.0,72.0,1
0.0,4361.0,177.0,244.0,7.0,824.0,126.0,1
5.0,1511.0,195.0,85.0,5.0,330.0,80.0,1
15.0,116.0,182.0,153.0,6.0,600.0,375.0,1
12.0,6320.0,243.0,154.0,7.0,439.0,46.0,1
12.0,6540.0,79.0,227.0,3.0,546.0,136.0,1
1.0,2402.0,18.0,208.0,4.0,1045.0,165.0,1
12.0,6728.0,79.0,184.0,6.0,760.0,143.0,1
4.0,570.0,135.0,253.0,3.0,1060.0,259.0,1
10.0,4482.0,233.0,78.0,4.0,500.0,60.0,1
1.0,1281.0,35.0,80.0,7.0,925.0,265.0,1
4.0,686.0,135.0,173.0,4.0,615.0,133.0,1
12.0,6631.0,184.0,208.0,6.0,706.0,50.0,1
1.0,721.0,159.0,80.0,1.0,555.0,260.0,1
5.0,2796.0,197.0,184.0,7.0,620.0,72.0,1
15.0,535.0,141.0,175.0,4.0,390.0,155.0,1
4.0,118.0,96.0,277.0,1.0,725.0,180.0,1
14.0,865.0,216.0,173.0,5.0,1240.0,154.0,1
6.0,5202.0,58.0,16.0,3.0,579.0,111.0,1
8.0,434.0,16.0,184.0,4.0,525.0,124.0,1
15.0,1296.0,198.0,129.0,1.0,505.0,80.0,1
17.0,2895.0,83.0,217.0,3.0,730.0,109.0,1
1.0,1512.0,253.0,208.0,3.0,670.0,255.0,1
1.0,329.0,208.0,197.0,5.0,910.0,85.0,1
12.0,6253.0,244.0,253.0,5.0,462.0,235.0,1
12.0,4607.0,261.0,172.0,3.0,630.0,142.0,1
5.0,1399.0,35.0,159.0,3.0,1170.0,73.0,1
14.0,274.0,217.0,135.0,3.0,599.0,164.0,1
15.0,778.0,153.0,258.0,5.0,660.0,90.0,1
11.0,6453.0,251.0,71.0,7.0,1035.0,48.0,1
10.0,3376.0,80.0,195.0,4.0,1095.0,130.0,1
1.0,1288.0,198.0,80.0,6.0,1015.0,100.0,1
5.0,519.0,230.0,197.0,6.0,405.0,100.0,1
10.0,3989.0,76.0,208.0,3.0,670.0,75.0,1
1.0,1794.0,80.0,18.0,6.0,770.0,60.0,1
14.0,55.0,216.0,208.0,5.0,1235.0,138.0,1
12.0,6591.0,65.0,134.0,6.0,540.0,183.0,1
15.0,3503.0,22.0,175.0,7.0,775.0,155.0,1
1.0,2332.0,80.0,208.0,5.0,565.0,135.0,1
8.0,460.0,16.0,45.0,4.0,530.0,106.0,1
15.0,650.0,2.0,175.0,1.0,405.0,165.0,1
15.0,1325.0,139.0,173.0,5.0,490.0,140.0,1
10.0,3017.0,236.0,154.0,4.0,865.0,90.0,1
16.0,3032.0,135.0,60.0,3.0,470.0,144.0,1
15.0,2149.0,58.0,33.0,6.0,795.0,100.0,1
14.0,1913.0,208.0,60.0,3.0,570.0,108.0,1
12.0,4726.0,261.0,179.0,7.0,1297.0,102.0,1
16.0,2150.0,119.0,96.0,1.0,640.0,110.0,1
12.0,6997.0,184.0,208.0,7.0,361.0,44.0,1
6.0,5325.0,16.0,169.0,1.0,725.0,76.0,1
14.0,8.0,60.0,208.0,1.0,455.0,120.0,1
5.0,2950.0,153.0,197.0,7.0,1155.0,188.0,1
7.0,371.0,184.0,79.0,7.0,865.0,155.0,1
15.0,2834.0,45.0,12.0,6.0,1175.0,70.0,1
4.0,1567.0,172.0,135.0,6.0,499.0,116.0,1
5.0,1185.0,96.0,261.0,1.0,1044.0,314.0,1
1.0,484.0,80.0,183.0,7.0,935.0,165.0,1
17.0,2660.0,60.0,134.0,4.0,1195.0,82.0,1
13.0,398.0,208.0,71.0,3.0,1145.0,78.0,1
10.0,3840.0,208.0,16.0,1.0,855.0,120.0,1
14.0,938.0,241.0,60.0,4.0,510.0,111.0,1
11.0,6363.0,71.0,172.0,4.0,820.0,125.0,1
15.0,154.0,12.0,153.0,6.0,645.0,350.0,1
6.0,5391.0,19.0,16.0,4.0,770.0,69.0,1
8.0,59.0,16.0,154.0,6.0,676.0,320.0,1
3.0,1759.0,104.0,260.0,5.0,907.0,150.0,1
14.0,665.0,264.0,217.0,7.0,1140.0,77.0,1
12.0,6709.0,79.0,194.0,4.0,1102.0,160.0,1
11.0,6439.0,71.0,135.0,3.0,990.0,173.0,1
15.0,748.0,262.0,79.0,1.0,360.0,145.0,1
6.0,5305.0,180.0,177.0,4.0,985.0,72.0,1
13.0,895.0,134.0,208.0,3.0,600.0,139.0,1
6.0,5308.0,27.0,16.0,1.0,1080.0,72.0,1
15.0,2978.0,134.0,175.0,7.0,545.0,125.0,1
11.0,6359.0,71.0,134.0,5.0,555.0,92.0,1
1.0,406.0,268.0,208.0,1.0,954.0,80.0,1
14.0,155.0,216.0,243.0,4.0,1075.0,356.0,1
5.0,2410.0,80.0,16.0,5.0,570.0,127.0,1
11.0,6482.0,205.0,71.0,7.0,915.0,111.0,1
16.0,5946.0,251.0,208.0,5.0,806.0,82.0,1
15.0,3403.0,129.0,2.0,1.0,405.0,135.0,1
2.0,317.0,227.0,253.0,3.0,1050.0,91.0,1
6.0,5423.0,288.0,16.0,4.0,701.0,82.0,1
5.0,2406.0,253.0,197.0,6.0,725.0,229.0,1
10.0,3815.0,208.0,79.0,6.0,485.0,160.0,1
1.0,1053.0,208.0,18.0,5.0,830.0,165.0,1
12.0,4531.0,102.0,261.0,7.0,370.0,97.0,1
5.0,1792.0,243.0,16.0,6.0,1365.0,236.0,1
5.0,300.0,16.0,197.0,7.0,1305.0,171.0,1
14.0,1735.0,35.0,60.0,6.0,775.0,147.0,1
10.0,3208.0,80.0,118.0,3.0,510.0,45.0,1
16.0,3103.0,96.0,273.0,7.0,1000.0,71.0,1
15.0,2015.0,182.0,173.0,7.0,1055.0,200.0,1
13.0,630.0,79.0,153.0,7.0,1079.0,123.0,1
15.0,117.0,262.0,214.0,1.0,655.0,95.0,1
5.0,1310.0,139.0,85.0,5.0,1040.0,85.0,1
10.0,3366.0,47.0,80.0,7.0,365.0,185.0,1
17.0,2631.0,60.0,245.0,7.0,564.0,64.0,1
10.0,4217.0,204.0,208.0,4.0,690.0,125.0,1
15.0,1079.0,244.0,91.0,4.0,1120.0,95.0,1
4.0,250.0,135.0,233.0,3.0,1145.0,149.0,1
10.0,2935.0,195.0,80.0,7.0,390.0,160.0,1
15.0,1329.0,207.0,262.0,4.0,380.0,90.0,1
3.0,708.0,260.0,148.0,6.0,893.0,246.0,1
4.0,368.0,217.0,58.0,4.0,740.0,224.0,1
15.0,1294.0,252.0,262.0,1.0,725.0,105.0,1
15.0,797.0,175.0,277.0,5.0,875.0,160.0,1
3.0,741.0,173.0,260.0,6.0,420.0,157.0,1
6.0,5231.0,16.0,47.0,3.0,1373.0,54.0,1
4.0,1422.0,198.0,135.0,7.0,637.0,71.0,1
16.0,5996.0,208.0,43.0,7.0,1006.0,89.0,1
15.0,160.0,104.0,79.0,3.0,510.0,280.0,1
1.0,726.0,91.0,80.0,5.0,465.0,105.0,1
10.0,4572.0,58.0,159.0,4.0,660.0,95.0,1
12.0,6828.0,236.0,253.0,3.0,386.0,69.0,1
9.0,336.0,128.0,203.0,5.0,805.0,39.0,1
5.0,1524.0,244.0,16.0,4.0,480.0,139.0,1
0.0,4194.0,240.0,197.0,3.0,935.0,50.0,1
16.0,2155.0,197.0,96.0,1.0,550.0,149.0,1
1.0,1263.0,183.0,135.0,7.0,455.0,175.0,1
13.0,630.0,79.0,153.0,1.0,1074.0,122.0,1
15.0,387.0,262.0,207.0,6.0,440.0,75.0,1
9.0,297.0,150.0,128.0,7.0,997.0,42.0,1
5.0,2639.0,78.0,16.0,3.0,540.0,125.0,1
8.0,292.0,129.0,16.0,3.0,1019.0,112.0,1
1.0,1234.0,183.0,277.0,1.0,480.0,55.0,1
15.0,2366.0,153.0,207.0,3.0,715.0,55.0,1
12.0,6264.0,253.0,100.0,6.0,765.0,61.0,1
7.0,377.0,35.0,184.0,4.0,360.0,165.0,1
15.0,619.0,153.0,221.0,4.0,985.0,250.0,1
15.0,229.0,217.0,2.0,4.0,935.0,65.0,1
15.0,460.0,221.0,45.0,1.0,1000.0,70.0,1
0.0,4034.0,43.0,85.0,4.0,925.0,75.0,1
15.0,2065.0,175.0,43.0,7.0,680.0,85.0,1
1.0,342.0,80.0,22.0,3.0,750.0,195.0,1
4.0,363.0,217.0,58.0,5.0,485.0,225.0,1
1.0,1657.0,148.0,183.0,5.0,965.0,210.0,1
12.0,6647.0,46.0,79.0,5.0,345.0,107.0,1
6.0,5583.0,52.0,16.0,5.0,340.0,47.0,1
5.0,2010.0,80.0,16.0,3.0,870.0,126.0,1
10.0,2737.0,80.0,107.0,5.0,1140.0,125.0,1
1.0,2033.0,33.0,80.0,1.0,990.0,125.0,1
1.0,2332.0,208.0,216.0,7.0,750.0,115.0,1
13.0,480.0,253.0,221.0,6.0,860.0,297.0,1
17.0,2977.0,153.0,253.0,3.0,1185.0,91.0,1
1.0,2022.0,260.0,208.0,5.0,510.0,305.0,1
4.0,696.0,153.0,135.0,3.0,870.0,173.0,1
17.0,2632.0,223.0,60.0,7.0,665.0,96.0,1
4.0,1134.0,80.0,96.0,4.0,636.0,204.0,1
14.0,1696.0,135.0,60.0,7.0,430.0,144.0,1
1.0,2362.0,80.0,208.0,6.0,965.0,145.0,1
0.0,3997.0,187.0,177.0,1.0,375.0,96.0,1
16.0,5898.0,237.0,208.0,4.0,1059.0,116.0,1
12.0,7020.0,79.0,65.0,5.0,1215.0,35.0,1
14.0,280.0,217.0,258.0,3.0,650.0,117.0,1
17.0,2946.0,280.0,217.0,3.0,1070.0,51.0,1
6.0,5142.0,10.0,16.0,1.0,345.0,119.0,1
1.0,2212.0,80.0,264.0,7.0,630.0,195.0,1
5.0,2225.0,45.0,16.0,1.0,825.0,123.0,1
14.0,1843.0,60.0,173.0,4.0,568.0,96.0,1
10.0,2977.0,80.0,70.0,4.0,765.0,115.0,1
17.0,2627.0,85.0,60.0,5.0,1025.0,113.0,1
13.0,534.0,79.0,45.0,4.0,754.0,201.0,1
16.0,3045.0,96.0,139.0,3.0,920.0,134.0,1
16.0,5980.0,208.0,290.0,3.0,1079.0,108.0,1
12.0,4761.0,261.0,227.0,1.0,675.0,99.0,1
14.0,1769.0,159.0,60.0,4.0,1137.0,128.0,1
15.0,1964.0,184.0,153.0,3.0,975.0,250.0,1
9.0,20.0,128.0,262.0,4.0,855.0,310.0,1
13.0,157.0,243.0,253.0,1.0,484.0,104.0,1
2.0,128.0,98.0,252.0,3.0,80.0,206.0,1
9.0,39.0,214.0,203.0,4.0,525.0,355.0,1
5.0,2039.0,78.0,16.0,3.0,900.0,115.0,1
16.0,2115.0,42.0,96.0,4.0,801.0,99.0,1
10.0,3225.0,56.0,80.0,5.0,620.0,130.0,1
1.0,1918.0,208.0,96.0,6.0,1110.0,145.0,1
1.0,1947.0,277.0,183.0,4.0,915.0,60.0,1
1.0,2382.0,79.0,80.0,3.0,1160.0,110.0,1
15.0,1842.0,154.0,253.0,5.0,1300.0,75.0,1
10.0,4129.0,62.0,208.0,3.0,1075.0,65.0,1
5.0,1128.0,209.0,16.0,7.0,1041.0,122.0,1
5.0,1295.0,16.0,186.0,4.0,890.0,93.0,1
1.0,1365.0,35.0,80.0,1.0,520.0,275.0,1
4.0,251.0,18.0,96.0,4.0,630.0,222.0,1
16.0,2516.0,58.0,238.0,1.0,965.0,60.0,1
1.0,1802.0,244.0,80.0,5.0,1005.0,70.0,1
15.0,1774.0,217.0,252.0,4.0,720.0,195.0,1
1.0,1440.0,280.0,80.0,1.0,1065.0,130.0,1
6.0,5442.0,177.0,178.0,5.0,826.0,131.0,1
1.0,2079.0,208.0,243.0,1.0,510.0,260.0,1
8.0,818.0,35.0,45.0,4.0,1075.0,94.0,1
6.0,7105.0,134.0,229.0,5.0,737.0,92.0,1
15.0,2828.0,243.0,262.0,6.0,425.0,100.0,1
13.0,73.0,243.0,253.0,3.0,382.0,103.0,1
10.0,4189.0,208.0,132.0,3.0,1160.0,105.0,1
13.0,300.0,236.0,79.0,1.0,448.0,140.0,1
10.0,4306.0,234.0,208.0,5.0,995.0,135.0,1
13.0,850.0,208.0,221.0,5.0,1091.0,91.0,1
8.0,484.0,173.0,45.0,1.0,755.0,121.0,1
12.0,4712.0,243.0,154.0,7.0,570.0,49.0,1
10.0,2861.0,80.0,180.0,5.0,640.0,100.0,1
17.0,1047.0,161.0,128.0,7.0,890.0,29.0,1
5.0,1962.0,85.0,216.0,4.0,430.0,110.0,1
10.0,4008.0,208.0,60.0,1.0,870.0,115.0,1
12.0,6830.0,34.0,154.0,3.0,1214.0,129.0,1
1.0,341.0,159.0,208.0,1.0,960.0,180.0,1
10.0,2926.0,52.0,80.0,3.0,990.0,140.0,1
5.0,2533.0,35.0,173.0,5.0,420.0,205.0,1
12.0,6871.0,192.0,79.0,1.0,948.0,97.0,1
17.0,2664.0,60.0,174.0,3.0,1070.0,91.0,1
17.0,2821.0,217.0,280.0,4.0,596.0,58.0,1
5.0,2337.0,45.0,85.0,7.0,450.0,102.0,1
1.0,846.0,269.0,183.0,1.0,535.0,180.0,1
8.0,301.0,16.0,79.0,5.0,871.0,214.0,1
11.0,6293.0,148.0,209.0,5.0,495.0,102.0,1
1.0,1959.0,35.0,183.0,6.0,1060.0,225.0,1
15.0,2879.0,154.0,153.0,7.0,675.0,60.0,1
10.0,2728.0,1.0,80.0,7.0,825.0,50.0,1
6.0,5586.0,288.0,16.0,6.0,765.0,80.0,1
16.0,3030.0,68.0,135.0,6.0,397.0,57.0,1
3.0,42.0,148.0,273.0,7.0,740.0,68.0,1
17.0,2644.0,60.0,200.0,7.0,1220.0,63.0,1
15.0,1135.0,79.0,202.0,3.0,705.0,170.0,1
5.0,2027.0,16.0,104.0,7.0,885.0,114.0,1
0.0,3887.0,171.0,85.0,6.0,620.0,54.0,1
4.0,173.0,154.0,128.0,6.0,985.0,345.0,1
14.0,1453.0,209.0,60.0,1.0,665.0,84.0,1
10.0,3980.0,208.0,136.0,7.0,875.0,120.0,1
15.0,23.0,91.0,75.0,1.0,545.0,90.0,1
12.0,4520.0,261.0,102.0,6.0,1031.0,104.0,1
13.0,549.0,216.0,208.0,6.0,590.0,144.0,1
15.0,1472.0,154.0,217.0,4.0,505.0,75.0,1
1.0,1509.0,147.0,80.0,7.0,921.0,175.0,1
15.0,1479.0,243.0,45.0,6.0,715.0,290.0,1
10.0,3031.0,154.0,243.0,7.0,870.0,45.0,1
10.0,3767.0,261.0,208.0,1.0,955.0,200.0,1
6.0,4953.0,285.0,16.0,1.0,917.0,68.0,1
1.0,1878.0,80.0,204.0,4.0,735.0,55.0,1
16.0,2482.0,135.0,116.0,1.0,634.0,74.0,1
6.0,7327.0,48.0,16.0,7.0,640.0,110.0,1
0.0,3674.0,177.0,187.0,6.0,1160.0,90.0,1
13.0,850.0,208.0,221.0,3.0,1091.0,91.0,1
14.0,1694.0,277.0,216.0,5.0,475.0,148.0,1
15.0,1006.0,175.0,85.0,7.0,1180.0,70.0,1
13.0,376.0,208.0,216.0,5.0,360.0,125.0,1
1.0,1644.0,153.0,80.0,4.0,915.0,160.0,1
6.0,5293.0,36.0,16.0,7.0,455.0,80.0,1
1.0,1510.0,183.0,148.0,6.0,695.0,170.0,1
11.0,6569.0,71.0,60.0,5.0,675.0,89.0,1
5.0,2743.0,96.0,16.0,1.0,1018.0,161.0,1
15.0,759.0,258.0,207.0,5.0,425.0,70.0,1
7.0,473.0,241.0,184.0,4.0,708.0,181.0,1
4.0,1145.0,16.0,96.0,5.0,1169.0,150.0,1
15.0,3331.0,153.0,253.0,3.0,1285.0,95.0,1
15.0,3074.0,182.0,173.0,1.0,820.0,205.0,1
4.0,786.0,135.0,173.0,7.0,815.0,130.0,1
1.0,1775.0,80.0,264.0,4.0,675.0,195.0,1
13.0,61.0,135.0,253.0,1.0,391.0,261.0,1
16.0,2820.0,131.0,135.0,5.0,780.0,74.0,1
4.0,1100.0,96.0,35.0,3.0,1011.0,79.0,1
15.0,2439.0,111.0,79.0,7.0,915.0,130.0,1
4.0,299.0,135.0,79.0,6.0,1252.0,144.0,1
6.0,5292.0,78.0,22.0,1.0,953.0,80.0,1
0.0,3820.0,85.0,221.0,6.0,925.0,66.0,1
6.0,5611.0,157.0,16.0,5.0,375.0,85.0,1
0.0,4104.0,18.0,177.0,5.0,709.0,110.0,1
1.0,6.0,203.0,80.0,5.0,1080.0,420.0,1
10.0,2802.0,284.0,80.0,6.0,655.0,50.0,1
15.0,1385.0,44.0,153.0,5.0,770.0,60.0,1
15.0,1475.0,175.0,58.0,6.0,1140.0,75.0,1
4.0,1107.0,208.0,96.0,3.0,854.0,135.0,1
15.0,3949.0,104.0,33.0,1.0,580.0,145.0,1
12.0,6551.0,208.0,63.0,5.0,1275.0,81.0,1
5.0,2606.0,253.0,197.0,6.0,35.0,210.0,1
5.0,2830.0,79.0,197.0,6.0,660.0,115.0,1
14.0,1784.0,153.0,60.0,5.0,680.0,249.0,1
8.0,148.0,16.0,85.0,6.0,993.0,116.0,1
16.0,5973.0,281.0,208.0,3.0,385.0,79.0,1
16.0,2236.0,197.0,96.0,6.0,858.0,162.0,1
12.0,4529.0,261.0,202.0,5.0,515.0,122.0,1
16.0,2580.0,184.0,96.0,4.0,580.0,127.0,1
17.0,7243.0,42.0,208.0,4.0,511.0,154.0,1
15.0,1933.0,175.0,61.0,7.0,465.0,70.0,1
5.0,158.0,85.0,159.0,3.0,1185.0,115.0,1
12.0,6569.0,86.0,208.0,5.0,677.0,68.0,1
5.0,1384.0,159.0,35.0,7.0,810.0,65.0,1
8.0,331.0,216.0,16.0,7.0,355.0,140.0,1
15.0,755.0,268.0,75.0,7.0,860.0,105.0,1
15.0,812.0,45.0,228.0,5.0,465.0,70.0,1
10.0,3915.0,279.0,208.0,6.0,675.0,115.0,1
17.0,2861.0,217.0,103.0,7.0,1065.0,60.0,1
15.0,1472.0,217.0,61.0,3.0,675.0,215.0,1
16.0,2287.0,96.0,177.0,5.0,970.0,179.0,1
3.0,263.0,262.0,160.0,6.0,555.0,79.0,1
15.0,186.0,175.0,251.0,3.0,1190.0,65.0,1
13.0,479.0,253.0,252.0,5.0,1237.0,133.0,1
0.0,3738.0,92.0,85.0,7.0,404.0,66.0,1
15.0,1065.0,153.0,12.0,5.0,995.0,285.0,1
15.0,226.0,216.0,182.0,3.0,665.0,80.0,1
16.0,5933.0,162.0,208.0,1.0,634.0,109.0,1
14.0,1047.0,60.0,172.0,3.0,1188.0,151.0,1
15.0,1716.0,253.0,243.0,6.0,1050.0,85.0,1
8.0,805.0,45.0,35.0,6.0,390.0,80.0,1
3.0,232.0,160.0,261.0,3.0,482.0,103.0,1
5.0,314.0,183.0,16.0,6.0,678.0,117.0,1
12.0,6846.0,246.0,253.0,1.0,751.0,80.0,1
10.0,4284.0,94.0,208.0,7.0,810.0,85.0,1
15.0,781.0,175.0,139.0,4.0,985.0,55.0,1
12.0,6354.0,154.0,246.0,3.0,520.0,44.0,1
10.0,4315.0,58.0,208.0,5.0,790.0,95.0,1
15.0,1599.0,154.0,268.0,1.0,560.0,205.0,1
4.0,744.0,135.0,58.0,3.0,780.0,158.0,1
5.0,2536.0,173.0,35.0,6.0,1125.0,171.0,1
15.0,174.0,79.0,104.0,5.0,1020.0,230.0,1
5.0,1578.0,97.0,16.0,3.0,740.0,120.0,1
15.0,704.0,261.0,175.0,7.0,740.0,195.0,1
3.0,1120.0,104.0,43.0,5.0,882.0,176.0,1
8.0,1621.0,216.0,173.0,1.0,420.0,150.0,1
1.0,1187.0,80.0,268.0,3.0,1300.0,90.0,1
5.0,2014.0,154.0,71.0,7.0,440.0,247.0,1
17.0,1024.0,150.0,128.0,5.0,609.0,40.0,1
7.0,343.0,30.0,79.0,6.0,870.0,130.0,1
10.0,2719.0,80.0,285.0,1.0,475.0,115.0,1
12.0,4658.0,40.0,261.0,6.0,785.0,77.0,1
1.0,1425.0,268.0,208.0,3.0,365.0,75.0,1
17.0,2654.0,60.0,134.0,5.0,455.0,79.0,1
14.0,605.0,153.0,217.0,3.0,1080.0,70.0,1
6.0,7070.0,71.0,208.0,4.0,1130.0,86.0,1
0.0,4270.0,221.0,177.0,6.0,1052.0,137.0,1
15.0,2812.0,277.0,233.0,4.0,605.0,100.0,1
4.0,420.0,264.0,135.0,7.0,777.0,188.0,1
15.0,598.0,172.0,79.0,5.0,420.0,120.0,1
12.0,6998.0,208.0,212.0,5.0,1315.0,80.0,1
5.0,1690.0,16.0,22.0,1.0,745.0,141.0,1
10.0,3738.0,208.0,96.0,3.0,875.0,144.0,1
5.0,1761.0,16.0,198.0,4.0,1105.0,105.0,1
11.0,6310.0,71.0,216.0,7.0,1135.0,107.0,1
11.0,6485.0,148.0,35.0,7.0,750.0,78.0,1
16.0,2309.0,16.0,135.0,3.0,410.0,129.0,1
15.0,1606.0,202.0,34.0,6.0,840.0,90.0,1
4.0,594.0,154.0,135.0,6.0,1015.0,185.0,1
15.0,1179.0,175.0,79.0,6.0,480.0,165.0,1
6.0,5273.0,85.0,147.0,5.0,1205.0,146.0,1
15.0,1532.0,45.0,153.0,3.0,1085.0,330.0,1
5.0,1373.0,35.0,159.0,1.0,390.0,82.0,1
14.0,175.0,153.0,217.0,1.0,990.0,72.0,1
12.0,3094.0,184.0,205.0,1.0,852.0,80.0,1
6.0,7107.0,159.0,134.0,5.0,1167.0,84.0,1
16.0,3027.0,135.0,131.0,7.0,1100.0,65.0,1
1.0,874.0,208.0,35.0,3.0,1150.0,135.0,1
13.0,730.0,208.0,45.0,3.0,1126.0,113.0,1
1.0,1182.0,154.0,18.0,4.0,390.0,175.0,1
16.0,2201.0,58.0,234.0,6.0,1080.0,72.0,1
17.0,7307.0,134.0,54.0,4.0,742.0,98.0,1
16.0,2658.0,80.0,58.0,3.0,1160.0,147.0,1
15.0,3333.0,75.0,170.0,1.0,1090.0,70.0,1
14.0,943.0,209.0,60.0,4.0,420.0,85.0,1
16.0,2555.0,116.0,135.0,7.0,740.0,84.0,1
16.0,2707.0,162.0,135.0,5.0,1095.0,82.0,1
6.0,5296.0,251.0,16.0,7.0,909.0,91.0,1
11.0,6373.0,146.0,78.0,3.0,421.0,134.0,1
15.0,1489.0,277.0,198.0,4.0,1030.0,105.0,1
14.0,2166.0,78.0,159.0,1.0,600.0,80.0,1
13.0,148.0,134.0,173.0,3.0,890.0,142.0,1
6.0,5034.0,287.0,16.0,1.0,695.0,80.0,1
5.0,2094.0,186.0,16.0,6.0,420.0,113.0,1
11.0,6578.0,85.0,290.0,6.0,520.0,147.0,1
16.0,2195.0,190.0,135.0,6.0,720.0,89.0,1
5.0,2272.0,277.0,16.0,3.0,510.0,100.0,1
6.0,7067.0,182.0,134.0,6.0,480.0,110.0,1
14.0,1524.0,60.0,273.0,1.0,990.0,106.0,1
8.0,652.0,244.0,16.0,4.0,1030.0,130.0,1
1.0,728.0,80.0,159.0,3.0,755.0,200.0,1
8.0,828.0,184.0,267.0,5.0,842.0,160.0,1
4.0,362.0,58.0,217.0,7.0,1053.0,265.0,1
0.0,3949.0,85.0,187.0,4.0,540.0,94.0,1
8.0,8.0,260.0,173.0,7.0,425.0,195.0,1
15.0,1177.0,45.0,173.0,6.0,1120.0,140.0,1
15.0,1120.0,154.0,262.0,1.0,940.0,80.0,1
8.0,641.0,184.0,45.0,3.0,1130.0,114.0,1
14.0,1890.0,213.0,60.0,3.0,900.0,112.0,1
10.0,4298.0,208.0,187.0,5.0,570.0,55.0,1
14.0,2117.0,35.0,159.0,3.0,420.0,82.0,1
15.0,561.0,154.0,175.0,1.0,835.0,240.0,1
15.0,2470.0,243.0,79.0,4.0,1165.0,140.0,1
6.0,5155.0,177.0,132.0,6.0,880.0,58.0,1
15.0,616.0,91.0,217.0,5.0,1210.0,75.0,1
11.0,6289.0,35.0,78.0,7.0,875.0,110.0,1
15.0,1518.0,34.0,79.0,6.0,830.0,105.0,1
1.0,2256.0,264.0,80.0,7.0,800.0,170.0,1
4.0,1563.0,241.0,135.0,7.0,395.0,148.0,1
15.0,1572.0,175.0,45.0,6.0,435.0,110.0,1
15.0,1059.0,202.0,261.0,6.0,970.0,100.0,1
1.0,803.0,80.0,183.0,4.0,540.0,155.0,1
15.0,751.0,258.0,243.0,7.0,1280.0,75.0,1
17.0,2608.0,54.0,60.0,7.0,434.0,66.0,1
15.0,807.0,202.0,34.0,5.0,545.0,90.0,1
1.0,1086.0,80.0,132.0,6.0,1175.0,95.0,1
1.0,1255.0,80.0,252.0,4.0,990.0,260.0,1
8.0,121.0,16.0,277.0,6.0,1070.0,89.0,1
15.0,1592.0,87.0,33.0,5.0,1070.0,95.0,1
6.0,5249.0,138.0,16.0,7.0,677.0,92.0,1
5.0,1741.0,71.0,261.0,3.0,495.0,251.0,1
15.0,1105.0,153.0,175.0,3.0,370.0,215.0,1
10.0,4531.0,78.0,33.0,3.0,1200.0,115.0,1
0.0,4201.0,16.0,74.0,1.0,795.0,80.0,1
6.0,7312.0,177.0,256.0,4.0,1160.0,73.0,1
5.0,2490.0,214.0,197.0,1.0,410.0,196.0,1
15.0,569.0,153.0,277.0,1.0,595.0,250.0,1
15.0,3074.0,241.0,175.0,7.0,1130.0,180.0,1
10.0,4177.0,208.0,21.0,3.0,925.0,50.0,1
10.0,3391.0,283.0,80.0,5.0,365.0,60.0,1
1.0,1365.0,35.0,80.0,6.0,520.0,275.0,1
15.0,2654.0,233.0,45.0,4.0,410.0,60.0,1
15.0,3836.0,85.0,175.0,3.0,480.0,75.0,1
12.0,6234.0,154.0,80.0,3.0,464.0,177.0,1
1.0,431.0,183.0,277.0,3.0,945.0,60.0,1
8.0,453.0,198.0,16.0,1.0,610.0,81.0,1
15.0,1098.0,173.0,43.0,4.0,715.0,155.0,1
5.0,2259.0,22.0,197.0,7.0,495.0,190.0,1
0.0,4156.0,147.0,177.0,4.0,715.0,118.0,1
15.0,28.0,87.0,129.0,4.0,630.0,115.0,1
17.0,2635.0,74.0,60.0,3.0,1014.0,94.0,1
16.0,3062.0,135.0,147.0,4.0,595.0,116.0,1
12.0,6362.0,246.0,154.0,7.0,1266.0,44.0,1
2.0,346.0,252.0,202.0,3.0,1045.0,122.0,1
1.0,1274.0,264.0,80.0,5.0,890.0,175.0,1
13.0,228.0,217.0,79.0,6.0,764.0,102.0,1
6.0,5608.0,115.0,16.0,3.0,757.0,86.0,1
15.0,1498.0,258.0,236.0,3.0,1175.0,55.0,1
1.0,1353.0,148.0,80.0,7.0,1020.0,255.0,1
12.0,6991.0,27.0,208.0,5.0,364.0,132.0,1
12.0,6270.0,111.0,253.0,1.0,360.0,136.0,1
1.0,180.0,154.0,148.0,3.0,985.0,310.0,1
15.0,1518.0,79.0,253.0,6.0,960.0,170.0,1
4.0,1157.0,96.0,208.0,4.0,435.0,163.0,1
13.0,528.0,197.0,208.0,5.0,416.0,84.0,1
12.0,7798.0,261.0,64.0,3.0,1304.0,89.0,1
17.0,7304.0,147.0,134.0,6.0,888.0,107.0,1
5.0,1829.0,85.0,183.0,6.0,515.0,190.0,1
14.0,1787.0,43.0,60.0,4.0,705.0,113.0,1
11.0,6427.0,273.0,85.0,5.0,990.0,100.0,1
6.0,7339.0,16.0,205.0,7.0,690.0,146.0,1
13.0,344.0,214.0,253.0,3.0,455.0,118.0,1
10.0,2838.0,245.0,80.0,7.0,440.0,180.0,1
11.0,6744.0,61.0,78.0,5.0,660.0,82.0,1
5.0,1277.0,16.0,54.0,4.0,1300.0,71.0,1
16.0,2704.0,177.0,135.0,4.0,562.0,106.0,1
8.0,938.0,16.0,147.0,5.0,1335.0,69.0,1
15.0,1116.0,153.0,236.0,1.0,1020.0,75.0,1
0.0,3690.0,152.0,197.0,4.0,405.0,112.0,1
16.0,2638.0,96.0,182.0,7.0,682.0,62.0,1
12.0,6497.0,24.0,79.0,3.0,362.0,144.0,1
12.0,4680.0,261.0,93.0,3.0,692.0,115.0,1
11.0,6501.0,233.0,173.0,1.0,700.0,120.0,1
15.0,1540.0,236.0,153.0,7.0,965.0,70.0,1
1.0,1589.0,33.0,80.0,1.0,775.0,125.0,1
10.0,4049.0,208.0,139.0,7.0,895.0,60.0,1
5.0,1550.0,153.0,197.0,4.0,420.0,193.0,1
4.0,1131.0,96.0,80.0,5.0,405.0,250.0,1
1.0,1216.0,80.0,277.0,7.0,620.0,140.0,1
12.0,6636.0,224.0,79.0,1.0,712.0,131.0,1
0.0,4087.0,61.0,148.0,1.0,995.0,130.0,1
1.0,1434.0,80.0,173.0,5.0,380.0,145.0,1
12.0,6547.0,135.0,208.0,3.0,385.0,151.0,1
15.0,872.0,175.0,153.0,5.0,450.0,255.0,1
5.0,1874.0,16.0,134.0,4.0,1150.0,113.0,1
0.0,3826.0,21.0,85.0,5.0,495.0,67.0,1
10.0,4664.0,58.0,159.0,7.0,535.0,95.0,1
4.0,1529.0,280.0,135.0,5.0,841.0,139.0,1
1.0,1441.0,80.0,253.0,4.0,715.0,240.0,1
17.0,7308.0,147.0,134.0,7.0,1164.0,107.0,1
15.0,736.0,244.0,129.0,3.0,1015.0,50.0,1
11.0,6543.0,27.0,159.0,5.0,885.0,148.0,1
1.0,1288.0,198.0,80.0,3.0,1015.0,100.0,1
5.0,1813.0,16.0,268.0,7.0,520.0,114.0,1
15.0,493.0,75.0,129.0,6.0,630.0,60.0,1
5.0,2689.0,261.0,197.0,1.0,645.0,158.0,1
12.0,6968.0,34.0,79.0,4.0,606.0,108.0,1
15.0,3504.0,75.0,18.0,3.0,685.0,55.0,1
16.0,2395.0,146.0,135.0,7.0,575.0,75.0,1
15.0,701.0,202.0,217.0,4.0,1145.0,110.0,1
5.0,1396.0,159.0,35.0,3.0,1170.0,76.0,1
3.0,1253.0,35.0,134.0,5.0,840.0,101.0,1
15.0,1980.0,45.0,79.0,5.0,635.0,260.0,1
14.0,1170.0,233.0,60.0,4.0,770.0,61.0,1
15.0,2264.0,45.0,182.0,3.0,575.0,75.0,1
14.0,1126.0,60.0,80.0,6.0,885.0,175.0,1
17.0,2848.0,217.0,292.0,4.0,875.0,71.0,1
17.0,7276.0,208.0,238.0,4.0,1010.0,92.0,1
5.0,1990.0,198.0,16.0,3.0,750.0,93.0,1
12.0,4456.0,261.0,168.0,1.0,667.0,91.0,1
17.0,2727.0,217.0,91.0,6.0,590.0,80.0,1
10.0,4047.0,208.0,234.0,7.0,970.0,115.0,1
15.0,464.0,216.0,175.0,1.0,575.0,150.0,1
5.0,2952.0,277.0,159.0,4.0,420.0,159.0,1
3.0,4.0,148.0,43.0,5.0,565.0,87.0,1
5.0,1264.0,261.0,134.0,3.0,1016.0,246.0,1
12.0,4742.0,197.0,58.0,3.0,1155.0,115.0,1
5.0,2543.0,16.0,267.0,6.0,1015.0,94.0,1
5.0,117.0,16.0,277.0,3.0,1066.0,90.0,1
13.0,34.0,203.0,253.0,5.0,840.0,288.0,1
5.0,1682.0,119.0,16.0,5.0,705.0,125.0,1
11.0,6518.0,109.0,71.0,7.0,886.0,54.0,1
1.0,2547.0,148.0,173.0,7.0,720.0,180.0,1
15.0,1569.0,173.0,268.0,7.0,610.0,155.0,1
6.0,4982.0,16.0,118.0,7.0,600.0,154.0,1
15.0,3333.0,18.0,75.0,4.0,1010.0,55.0,1
11.0,6362.0,133.0,71.0,1.0,885.0,55.0,1
0.0,3691.0,16.0,238.0,3.0,1305.0,125.0,1
13.0,560.0,253.0,261.0,3.0,790.0,112.0,1
6.0,4947.0,27.0,16.0,5.0,720.0,83.0,1
6.0,5187.0,157.0,16.0,3.0,616.0,88.0,1
5.0,2335.0,16.0,147.0,1.0,887.0,69.0,1
0.0,3934.0,177.0,221.0,3.0,505.0,120.0,1
13.0,709.0,208.0,79.0,7.0,597.0,166.0,1
12.0,6385.0,248.0,154.0,1.0,702.0,62.0,1
10.0,2836.0,162.0,80.0,5.0,1205.0,75.0,1
15.0,3854.0,217.0,214.0,1.0,395.0,175.0,1
17.0,2677.0,245.0,60.0,3.0,667.0,74.0,1
5.0,1406.0,154.0,85.0,4.0,1379.0,261.0,1
0.0,4286.0,119.0,85.0,5.0,614.0,61.0,1
10.0,4350.0,208.0,21.0,7.0,1245.0,50.0,1
8.0,192.0,16.0,78.0,6.0,1000.0,99.0,1
10.0,3220.0,223.0,80.0,7.0,840.0,125.0,1
12.0,6555.0,114.0,79.0,5.0,592.0,58.0,1
0.0,4176.0,117.0,197.0,4.0,1024.0,76.0,1
6.0,5053.0,16.0,287.0,6.0,1245.0,65.0,1
3.0,1253.0,35.0,134.0,3.0,840.0,101.0,1
14.0,430.0,216.0,153.0,4.0,1245.0,335.0,1
10.0,3218.0,146.0,80.0,5.0,580.0,95.0,1
1.0,1827.0,80.0,262.0,5.0,1030.0,225.0,1
15.0,2377.0,221.0,173.0,1.0,375.0,150.0,1
12.0,4672.0,44.0,261.0,1.0,430.0,114.0,1
11.0,6424.0,27.0,16.0,6.0,405.0,69.0,1
5.0,1595.0,111.0,261.0,7.0,785.0,94.0,1
1.0,546.0,80.0,183.0,3.0,1185.0,160.0,1
5.0,1534.0,244.0,16.0,5.0,648.0,142.0,1
1.0,1832.0,227.0,208.0,5.0,800.0,245.0,1
5.0,2353.0,159.0,277.0,5.0,1055.0,183.0,1
15.0,1793.0,79.0,244.0,6.0,1065.0,130.0,1
14.0,1952.0,60.0,43.0,3.0,1335.0,98.0,1
12.0,7799.0,64.0,261.0,4.0,360.0,89.0,1
15.0,879.0,173.0,241.0,6.0,885.0,50.0,1
10.0,4505.0,35.0,159.0,3.0,630.0,75.0,1
15.0,1577.0,44.0,258.0,7.0,640.0,65.0,1
10.0,2874.0,146.0,80.0,7.0,1185.0,95.0,1
1.0,788.0,183.0,270.0,7.0,775.0,155.0,1
8.0,796.0,268.0,16.0,3.0,410.0,105.0,1
15.0,1694.0,91.0,2.0,6.0,530.0,55.0,1
15.0,2980.0,217.0,233.0,1.0,660.0,235.0,1
6.0,7363.0,177.0,146.0,4.0,875.0,61.0,1
14.0,1703.0,78.0,104.0,3.0,510.0,162.0,1
0.0,3949.0,228.0,85.0,1.0,345.0,135.0,1
16.0,3150.0,213.0,58.0,6.0,770.0,155.0,1
0.0,3692.0,85.0,61.0,5.0,615.0,65.0,1
14.0,1611.0,233.0,60.0,4.0,1185.0,54.0,1
1.0,1487.0,78.0,208.0,6.0,515.0,130.0,1
15.0,3144.0,175.0,2.0,3.0,1020.0,195.0,1
16.0,2902.0,135.0,158.0,1.0,1060.0,53.0,1
12.0,6955.0,71.0,208.0,6.0,921.0,79.0,1
2.0,237.0,243.0,214.0,7.0,1115.0,165.0,1
5.0,2509.0,117.0,85.0,5.0,726.0,78.0,1
5.0,2635.0,139.0,16.0,1.0,485.0,108.0,1
10.0,4581.0,60.0,159.0,4.0,360.0,110.0,1
14.0,208.0,217.0,2.0,7.0,1190.0,72.0,1
11.0,6425.0,197.0,71.0,6.0,910.0,119.0,1
5.0,1837.0,223.0,16.0,3.0,1103.0,81.0,1
5.0,1083.0,233.0,16.0,3.0,810.0,93.0,1
11.0,6745.0,78.0,139.0,5.0,1260.0,119.0,1
17.0,2620.0,33.0,60.0,5.0,1149.0,80.0,1
0.0,4211.0,268.0,177.0,6.0,390.0,75.0,1
0.0,3946.0,195.0,177.0,7.0,375.0,118.0,1
5.0,1169.0,104.0,154.0,4.0,445.0,350.0,1
1.0,1786.0,277.0,148.0,5.0,800.0,160.0,1
1.0,1624.0,154.0,208.0,7.0,885.0,245.0,1
14.0,1167.0,221.0,60.0,3.0,935.0,92.0,1
1.0,759.0,80.0,154.0,4.0,1185.0,205.0,1
10.0,4037.0,208.0,221.0,5.0,460.0,85.0,1
16.0,5924.0,136.0,208.0,6.0,365.0,110.0,1
2.0,40.0,9.0,14.0,7.0,1020.0,50.0,1
5.0,1780.0,16.0,76.0,7.0,1155.0,99.0,1
16.0,2429.0,135.0,170.0,7.0,698.0,79.0,1
5.0,2418.0,85.0,241.0,1.0,480.0,180.0,1
1.0,1827.0,80.0,262.0,3.0,1030.0,225.0,1
5.0,1933.0,71.0,154.0,3.0,555.0,303.0,1
0.0,4267.0,177.0,123.0,5.0,1170.0,50.0,1
15.0,3771.0,79.0,175.0,5.0,485.0,135.0,1
14.0,638.0,80.0,217.0,4.0,735.0,162.0,1
10.0,4347.0,85.0,208.0,3.0,615.0,85.0,1
10.0,4578.0,60.0,159.0,5.0,530.0,115.0,1
1.0,2448.0,154.0,80.0,4.0,825.0,180.0,1
5.0,571.0,16.0,269.0,1.0,600.0,226.0,1
15.0,2889.0,277.0,233.0,6.0,515.0,100.0,1
6.0,5373.0,16.0,273.0,6.0,595.0,138.0,1
12.0,6711.0,79.0,218.0,6.0,1004.0,121.0,1
1.0,2127.0,216.0,183.0,1.0,365.0,175.0,1
8.0,1742.0,221.0,173.0,7.0,769.0,140.0,1
1.0,705.0,159.0,80.0,1.0,365.0,250.0,1
8.0,850.0,97.0,173.0,7.0,785.0,65.0,1
15.0,896.0,244.0,277.0,4.0,835.0,140.0,1
12.0,4750.0,207.0,261.0,5.0,980.0,104.0,1
7.0,319.0,78.0,184.0,6.0,375.0,130.0,1
15.0,1228.0,202.0,154.0,4.0,680.0,70.0,1
13.0,294.0,253.0,45.0,5.0,862.0,309.0,1
14.0,1719.0,60.0,173.0,3.0,1200.0,99.0,1
16.0,5946.0,208.0,251.0,5.0,645.0,72.0,1
3.0,525.0,96.0,173.0,1.0,841.0,165.0,1
16.0,2003.0,135.0,268.0,1.0,660.0,115.0,1
0.0,4381.0,27.0,85.0,1.0,940.0,135.0,1
4.0,1589.0,135.0,243.0,6.0,910.0,205.0,1
13.0,130.0,154.0,216.0,7.0,550.0,319.0,1
8.0,264.0,78.0,184.0,4.0,820.0,125.0,1
10.0,3389.0,80.0,283.0,5.0,1175.0,55.0,1
15.0,1956.0,244.0,217.0,4.0,1130.0,150.0,1
15.0,2353.0,173.0,61.0,5.0,1155.0,135.0,1
6.0,5085.0,16.0,95.0,4.0,855.0,82.0,1
13.0,541.0,35.0,208.0,1.0,922.0,168.0,1
13.0,753.0,79.0,159.0,3.0,1072.0,217.0,1
5.0,1200.0,16.0,35.0,6.0,595.0,166.0,1
1.0,1648.0,264.0,80.0,3.0,405.0,185.0,1
8.0,752.0,132.0,45.0,5.0,995.0,110.0,1
15.0,1714.0,61.0,268.0,3.0,1110.0,90.0,1
1.0,1912.0,217.0,80.0,7.0,425.0,140.0,1
4.0,87.0,58.0,96.0,1.0,450.0,84.0,1
12.0,6930.0,79.0,214.0,7.0,703.0,178.0,1
13.0,91.0,96.0,253.0,4.0,383.0,393.0,1
15.0,496.0,214.0,79.0,3.0,380.0,145.0,1
15.0,3596.0,173.0,182.0,3.0,540.0,170.0,1
15.0,1134.0,207.0,262.0,4.0,880.0,80.0,1
3.0,32.0,148.0,238.0,6.0,805.0,77.0,1
5.0,1833.0,71.0,154.0,7.0,970.0,293.0,1
1.0,1740.0,264.0,80.0,6.0,450.0,175.0,1
6.0,5582.0,16.0,132.0,7.0,831.0,61.0,1
6.0,5493.0,177.0,188.0,5.0,1180.0,68.0,1
5.0,2112.0,16.0,208.0,7.0,500.0,135.0,1
1.0,2364.0,80.0,208.0,4.0,1040.0,145.0,1
14.0,1991.0,216.0,208.0,3.0,575.0,141.0,1
12.0,6590.0,79.0,177.0,6.0,770.0,136.0,1
8.0,144.0,16.0,85.0,3.0,1325.0,114.0,1
0.0,3692.0,85.0,61.0,4.0,615.0,65.0,1
0.0,3879.0,16.0,109.0,5.0,788.0,95.0,1
12.0,6898.0,208.0,184.0,5.0,911.0,42.0,1
15.0,1560.0,244.0,75.0,6.0,660.0,60.0,1
14.0,1815.0,216.0,60.0,4.0,705.0,109.0,1
2.0,324.0,252.0,258.0,3.0,570.0,131.0,1
17.0,7245.0,134.0,228.0,3.0,748.0,82.0,1
6.0,5425.0,16.0,69.0,5.0,728.0,77.0,1
14.0,1195.0,216.0,217.0,1.0,615.0,330.0,1
16.0,2127.0,60.0,96.0,7.0,968.0,122.0,1
10.0,3533.0,80.0,58.0,6.0,465.0,150.0,1
6.0,5185.0,245.0,16.0,6.0,690.0,70.0,1
3.0,259.0,104.0,160.0,5.0,961.0,342.0,1
15.0,961.0,202.0,129.0,7.0,735.0,220.0,1
13.0,575.0,45.0,208.0,7.0,700.0,132.0,1
5.0,2110.0,80.0,16.0,1.0,795.0,121.0,1
8.0,1605.0,173.0,80.0,5.0,1259.0,172.0,1
15.0,1441.0,202.0,214.0,3.0,545.0,105.0,1
16.0,2206.0,13.0,135.0,5.0,688.0,92.0,1
4.0,783.0,35.0,135.0,4.0,610.0,260.0,1
1.0,523.0,80.0,91.0,4.0,1220.0,105.0,1
12.0,6573.0,126.0,79.0,4.0,769.0,56.0,1
15.0,1235.0,172.0,33.0,1.0,460.0,95.0,1
15.0,2623.0,45.0,61.0,6.0,545.0,80.0,1
2.0,35.0,35.0,214.0,3.0,985.0,388.0,1
10.0,4201.0,61.0,208.0,3.0,610.0,90.0,1
3.0,423.0,35.0,213.0,1.0,400.0,195.0,1
5.0,1899.0,16.0,33.0,6.0,910.0,67.0,1
5.0,2104.0,154.0,261.0,4.0,1083.0,108.0,1
6.0,5442.0,96.0,177.0,3.0,640.0,190.0,1
13.0,35.0,253.0,203.0,1.0,562.0,315.0,1
4.0,647.0,208.0,135.0,3.0,1005.0,169.0,1
5.0,2017.0,16.0,79.0,7.0,1300.0,218.0,1
15.0,527.0,104.0,277.0,3.0,645.0,60.0,1
15.0,763.0,173.0,217.0,4.0,755.0,300.0,1
5.0,2713.0,85.0,195.0,4.0,925.0,82.0,1
16.0,5990.0,164.0,208.0,6.0,890.0,96.0,1
6.0,5549.0,16.0,19.0,3.0,1005.0,57.0,1
0.0,3947.0,85.0,221.0,3.0,828.0,67.0,1
1.0,1092.0,154.0,208.0,4.0,1390.0,240.0,1
5.0,2788.0,184.0,197.0,3.0,550.0,82.0,1
6.0,5224.0,16.0,47.0,6.0,981.0,61.0,1
10.0,3915.0,279.0,208.0,4.0,675.0,115.0,1
11.0,6415.0,71.0,22.0,1.0,660.0,119.0,1
13.0,336.0,79.0,84.0,1.0,1057.0,99.0,1
5.0,2334.0,253.0,261.0,5.0,777.0,113.0,1
16.0,2808.0,290.0,96.0,3.0,1117.0,162.0,1
5.0,1254.0,223.0,16.0,4.0,390.0,83.0,1
15.0,19.0,75.0,129.0,1.0,660.0,65.0,1
12.0,7046.0,79.0,279.0,4.0,612.0,90.0,1
12.0,6310.0,154.0,227.0,3.0,1235.0,50.0,1
5.0,1654.0,16.0,76.0,7.0,1010.0,96.0,1
13.0,560.0,217.0,79.0,6.0,836.0,104.0,1
10.0,3393.0,80.0,184.0,7.0,390.0,140.0,1
1.0,454.0,208.0,233.0,7.0,880.0,110.0,1
3.0,95.0,148.0,202.0,7.0,779.0,389.0,1
6.0,5284.0,132.0,16.0,7.0,680.0,60.0,1
1.0,1235.0,35.0,80.0,7.0,1015.0,270.0,1
8.0,285.0,16.0,129.0,6.0,1265.0,134.0,1
15.0,1810.0,264.0,153.0,6.0,1120.0,65.0,1
10.0,3971.0,265.0,208.0,3.0,860.0,60.0,1
14.0,1512.0,60.0,216.0,3.0,570.0,100.0,1
13.0,339.0,79.0,252.0,6.0,690.0,183.0,1
12.0,6531.0,253.0,248.0,1.0,1100.0,65.0,1
15.0,996.0,153.0,129.0,4.0,680.0,180.0,1
12.0,6540.0,79.0,227.0,4.0,546.0,136.0,1
3.0,295.0,252.0,160.0,4.0,1055.0,152.0,1
4.0,106.0,135.0,96.0,5.0,645.0,210.0,1
14.0,1093.0,216.0,208.0,5.0,830.0,139.0,1
16.0,2885.0,135.0,65.0,4.0,550.0,141.0,1
16.0,2384.0,256.0,135.0,4.0,360.0,55.0,1
11.0,6415.0,71.0,22.0,3.0,660.0,119.0,1
15.0,1031.0,243.0,262.0,4.0,470.0,100.0,1
9.0,397.0,150.0,128.0,7.0,1248.0,42.0,1
12.0,6610.0,114.0,79.0,3.0,934.0,52.0,1
17.0,2835.0,217.0,18.0,5.0,1199.0,134.0,1
12.0,6554.0,99.0,79.0,1.0,1003.0,122.0,1
17.0,2827.0,177.0,217.0,4.0,870.0,214.0,1
5.0,1716.0,79.0,16.0,6.0,525.0,173.0,1
13.0,74.0,128.0,253.0,3.0,832.0,312.0,1
2.0,628.0,31.0,153.0,1.0,1040.0,154.0,1
12.0,6859.0,214.0,79.0,3.0,1052.0,149.0,1
10.0,4481.0,78.0,233.0,4.0,899.0,66.0,1
5.0,2080.0,252.0,85.0,6.0,565.0,260.0,1
5.0,1945.0,78.0,85.0,1.0,903.0,99.0,1
15.0,1498.0,258.0,236.0,7.0,1175.0,55.0,1
5.0,1418.0,173.0,16.0,4.0,390.0,94.0,1
5.0,2755.0,71.0,277.0,5.0,670.0,123.0,1
15.0,369.0,44.0,153.0,6.0,875.0,65.0,1
15.0,1279.0,45.0,22.0,1.0,815.0,65.0,1
4.0,1116.0,96.0,35.0,1.0,390.0,72.0,1
8.0,876.0,197.0,16.0,1.0,953.0,146.0,1
0.0,4139.0,29.0,197.0,3.0,1018.0,82.0,1
5.0,2375.0,261.0,253.0,4.0,670.0,127.0,1
6.0,5033.0,273.0,16.0,6.0,940.0,148.0,1
1.0,1938.0,183.0,277.0,5.0,715.0,60.0,1
12.0,6397.0,154.0,248.0,7.0,965.0,54.0,1
10.0,4698.0,78.0,233.0,4.0,1200.0,65.0,1
4.0,769.0,153.0,96.0,5.0,480.0,287.0,1
10.0,4322.0,195.0,208.0,6.0,1145.0,65.0,1
0.0,3927.0,60.0,177.0,3.0,1056.0,122.0,1
0.0,3706.0,85.0,157.0,3.0,540.0,83.0,1
12.0,6947.0,214.0,252.0,3.0,690.0,54.0,1
10.0,3045.0,79.0,154.0,1.0,950.0,150.0,1
12.0,6412.0,111.0,253.0,6.0,360.0,136.0,1
0.0,3873.0,85.0,42.0,5.0,845.0,106.0,1
14.0,14.0,252.0,217.0,6.0,510.0,166.0,1
3.0,15.0,148.0,104.0,1.0,995.0,195.0,1
12.0,6371.0,110.0,79.0,4.0,463.0,92.0,1
15.0,2610.0,258.0,243.0,7.0,920.0,75.0,1
12.0,6677.0,79.0,100.0,3.0,1102.0,147.0,1
10.0,3017.0,236.0,154.0,1.0,865.0,90.0,1
17.0,7273.0,238.0,208.0,5.0,1146.0,119.0,1
3.0,233.0,261.0,160.0,1.0,690.0,109.0,1
1.0,1634.0,208.0,268.0,5.0,1095.0,65.0,1
16.0,2521.0,268.0,96.0,3.0,1165.0,137.0,1
15.0,742.0,79.0,268.0,3.0,1225.0,120.0,1
12.0,6837.0,83.0,79.0,4.0,588.0,62.0,1
12.0,6272.0,253.0,44.0,5.0,1254.0,66.0,1
8.0,773.0,153.0,16.0,7.0,495.0,230.0,1
14.0,1528.0,198.0,60.0,7.0,975.0,111.0,1
15.0,119.0,216.0,228.0,1.0,670.0,70.0,1
5.0,2186.0,16.0,159.0,5.0,820.0,135.0,1
1.0,1187.0,209.0,80.0,7.0,1090.0,215.0,1
11.0,6751.0,173.0,233.0,6.0,730.0,111.0,1
16.0,3081.0,42.0,96.0,5.0,373.0,77.0,1
15.0,181.0,153.0,264.0,4.0,730.0,70.0,1
2.0,672.0,252.0,79.0,4.0,785.0,155.0,1
17.0,2651.0,217.0,24.0,1.0,660.0,93.0,1
15.0,2346.0,43.0,277.0,6.0,440.0,175.0,1
12.0,6327.0,243.0,154.0,4.0,801.0,44.0,1
11.0,6443.0,22.0,71.0,7.0,804.0,146.0,1
15.0,515.0,243.0,217.0,4.0,1040.0,70.0,1
13.0,88.0,253.0,96.0,1.0,850.0,337.0,1
12.0,6669.0,46.0,208.0,6.0,768.0,171.0,1
14.0,907.0,60.0,277.0,5.0,880.0,103.0,1
10.0,3058.0,236.0,154.0,4.0,1145.0,90.0,1
6.0,7302.0,132.0,177.0,4.0,1020.0,62.0,1
5.0,432.0,96.0,85.0,4.0,753.0,117.0,1
16.0,2946.0,147.0,96.0,4.0,375.0,132.0,1
8.0,1154.0,139.0,241.0,5.0,965.0,146.0,1
15.0,258.0,154.0,261.0,7.0,1140.0,105.0,1
5.0,1333.0,16.0,261.0,5.0,1130.0,255.0,1
4.0,432.0,135.0,159.0,1.0,657.0,199.0,1
12.0,6740.0,154.0,57.0,5.0,604.0,43.0,1
13.0,619.0,78.0,208.0,3.0,807.0,127.0,1
14.0,221.0,217.0,35.0,4.0,805.0,287.0,1
12.0,4549.0,261.0,253.0,1.0,910.0,125.0,1
12.0,4455.0,197.0,99.0,4.0,1320.0,65.0,1
5.0,1079.0,16.0,61.0,1.0,455.0,95.0,1
10.0,3058.0,236.0,154.0,5.0,1145.0,90.0,1
1.0,2548.0,173.0,148.0,1.0,955.0,160.0,1
15.0,770.0,243.0,262.0,7.0,950.0,95.0,1
4.0,1587.0,104.0,135.0,1.0,460.0,168.0,1
12.0,6687.0,194.0,253.0,6.0,697.0,37.0,1
8.0,454.0,16.0,198.0,3.0,1074.0,99.0,1
3.0,1107.0,148.0,233.0,1.0,1065.0,110.0,1
1.0,577.0,148.0,208.0,3.0,870.0,180.0,1
1.0,1664.0,183.0,16.0,7.0,615.0,120.0,1
13.0,185.0,216.0,253.0,3.0,377.0,389.0,1
13.0,201.0,35.0,134.0,7.0,360.0,104.0,1
10.0,3181.0,258.0,154.0,3.0,775.0,75.0,1
12.0,6645.0,253.0,191.0,5.0,1145.0,36.0,1
16.0,2585.0,268.0,96.0,6.0,375.0,134.0,1
5.0,2675.0,78.0,173.0,7.0,1200.0,148.0,1
5.0,2503.0,85.0,104.0,3.0,840.0,178.0,1
13.0,248.0,208.0,85.0,5.0,1120.0,85.0,1
5.0,2833.0,85.0,243.0,3.0,520.0,309.0,1
12.0,6336.0,236.0,253.0,3.0,641.0,67.0,1
5.0,1976.0,173.0,159.0,7.0,1199.0,155.0,1
1.0,993.0,277.0,183.0,1.0,440.0,65.0,1
12.0,6840.0,246.0,253.0,3.0,639.0,80.0,1
14.0,359.0,197.0,60.0,1.0,420.0,158.0,1
5.0,1372.0,159.0,35.0,4.0,450.0,66.0,1
13.0,441.0,45.0,79.0,7.0,583.0,250.0,1
5.0,2490.0,197.0,16.0,1.0,785.0,153.0,1
10.0,4581.0,60.0,159.0,6.0,360.0,110.0,1
7.0,361.0,277.0,79.0,3.0,526.0,239.0,1
6.0,5139.0,16.0,180.0,5.0,1017.0,58.0,1
10.0,3715.0,208.0,216.0,6.0,1295.0,110.0,1
0.0,4008.0,209.0,148.0,6.0,380.0,94.0,1
11.0,6637.0,177.0,290.0,3.0,865.0,76.0,1
16.0,2517.0,245.0,96.0,5.0,1160.0,127.0,1
1.0,1632.0,80.0,205.0,3.0,945.0,105.0,1
9.0,18.0,128.0,153.0,4.0,925.0,345.0,1
14.0,972.0,147.0,60.0,1.0,420.0,83.0,1
16.0,5904.0,208.0,42.0,4.0,540.0,120.0,1
17.0,2703.0,101.0,60.0,7.0,450.0,63.0,1
15.0,934.0,262.0,264.0,3.0,990.0,85.0,1
15.0,862.0,175.0,33.0,1.0,640.0,80.0,1
5.0,2525.0,197.0,214.0,1.0,555.0,232.0,1
1.0,838.0,277.0,183.0,1.0,1055.0,70.0,1
11.0,6317.0,233.0,85.0,5.0,1120.0,122.0,1
8.0,1155.0,241.0,139.0,3.0,890.0,150.0,1
1.0,14.0,203.0,154.0,5.0,1365.0,300.0,1
15.0,326.0,213.0,141.0,3.0,1120.0,160.0,1
15.0,1029.0,202.0,236.0,7.0,1115.0,50.0,1
3.0,451.0,35.0,104.0,7.0,365.0,204.0,1
16.0,2654.0,135.0,38.0,3.0,1285.0,69.0,1
15.0,931.0,79.0,34.0,5.0,1230.0,125.0,1
13.0,346.0,208.0,221.0,3.0,1284.0,88.0,1
15.0,10.0,75.0,13.0,1.0,585.0,70.0,1
15.0,2275.0,45.0,141.0,6.0,640.0,60.0,1
1.0,1382.0,183.0,96.0,6.0,1255.0,170.0,1
3.0,8.0,148.0,43.0,7.0,865.0,91.0,1
1.0,460.0,135.0,80.0,5.0,440.0,75.0,1
4.0,1508.0,244.0,135.0,6.0,580.0,56.0,1
15.0,1370.0,202.0,44.0,7.0,970.0,65.0,1
15.0,1140.0,277.0,129.0,3.0,410.0,145.0,1
3.0,1423.0,214.0,160.0,5.0,875.0,132.0,1
15.0,1321.0,243.0,258.0,7.0,860.0,80.0,1
16.0,2816.0,96.0,228.0,6.0,925.0,52.0,1
5.0,2830.0,197.0,35.0,5.0,920.0,170.0,1
8.0,1101.0,241.0,61.0,6.0,1074.0,143.0,1
16.0,2840.0,135.0,223.0,6.0,1005.0,81.0,1
1.0,1538.0,44.0,80.0,6.0,810.0,180.0,1
16.0,2861.0,135.0,280.0,3.0,1255.0,159.0,1
2.0,462.0,252.0,154.0,6.0,720.0,148.0,1
4.0,214.0,80.0,135.0,6.0,340.0,57.0,1
16.0,3070.0,96.0,60.0,4.0,1260.0,119.0,1
6.0,5064.0,16.0,58.0,4.0,825.0,109.0,1
3.0,1.0,148.0,104.0,6.0,485.0,187.0,1
13.0,205.0,236.0,79.0,7.0,360.0,129.0,1
14.0,94.0,197.0,217.0,5.0,1076.0,206.0,1
16.0,2188.0,58.0,234.0,1.0,675.0,72.0,1
15.0,3224.0,175.0,18.0,1.0,575.0,170.0,1
13.0,660.0,153.0,79.0,4.0,501.0,121.0,1
2.0,344.0,252.0,202.0,7.0,850.0,123.0,1
4.0,53.0,154.0,135.0,6.0,870.0,188.0,1
15.0,2776.0,264.0,202.0,6.0,1160.0,80.0,1
8.0,136.0,147.0,45.0,4.0,480.0,110.0,1
15.0,706.0,85.0,45.0,3.0,435.0,95.0,1
5.0,2433.0,60.0,16.0,4.0,710.0,82.0,1
4.0,346.0,135.0,208.0,5.0,525.0,148.0,1
2.0,867.0,252.0,203.0,6.0,985.0,369.0,1
8.0,805.0,45.0,35.0,5.0,390.0,80.0,1
1.0,1487.0,78.0,208.0,1.0,515.0,130.0,1
15.0,979.0,198.0,129.0,1.0,420.0,75.0,1
16.0,2222.0,198.0,135.0,7.0,720.0,76.0,1
15.0,2005.0,61.0,33.0,5.0,1055.0,75.0,1
5.0,1926.0,104.0,16.0,4.0,838.0,120.0,1
2.0,321.0,258.0,252.0,6.0,575.0,125.0,1
5.0,1742.0,261.0,111.0,6.0,1200.0,112.0,1
16.0,2916.0,205.0,96.0,4.0,701.0,168.0,1
4.0,1618.0,96.0,277.0,5.0,890.0,177.0,1
0.0,4127.0,22.0,233.0,3.0,405.0,123.0,1
12.0,6924.0,79.0,126.0,7.0,1310.0,50.0,1
4.0,386.0,264.0,96.0,5.0,960.0,299.0,1
8.0,870.0,197.0,16.0,1.0,1084.0,151.0,1
15.0,1256.0,175.0,261.0,7.0,850.0,215.0,1
1.0,604.0,80.0,251.0,7.0,720.0,125.0,1
10.0,2921.0,157.0,80.0,6.0,1025.0,155.0,1
17.0,2734.0,18.0,217.0,4.0,920.0,150.0,1
15.0,300.0,153.0,79.0,3.0,745.0,115.0,1
6.0,5096.0,41.0,16.0,6.0,784.0,94.0,1
6.0,5442.0,177.0,178.0,7.0,826.0,131.0,1
10.0,4093.0,193.0,117.0,7.0,405.0,50.0,1
5.0,1467.0,16.0,243.0,3.0,988.0,293.0,1
13.0,779.0,35.0,79.0,5.0,879.0,287.0,1
6.0,5527.0,36.0,16.0,1.0,1010.0,78.0,1
13.0,937.0,134.0,79.0,3.0,1050.0,240.0,1
15.0,1686.0,104.0,277.0,4.0,1075.0,60.0,1
15.0,1760.0,268.0,61.0,7.0,1080.0,75.0,1
12.0,7006.0,93.0,214.0,6.0,360.0,41.0,1
15.0,442.0,253.0,175.0,5.0,795.0,255.0,1
3.0,683.0,35.0,78.0,1.0,660.0,101.0,1
14.0,245.0,104.0,217.0,1.0,420.0,315.0,1
4.0,1133.0,96.0,80.0,3.0,540.0,246.0,1
14.0,544.0,217.0,80.0,1.0,810.0,135.0,1
16.0,2486.0,139.0,58.0,5.0,565.0,63.0,1
6.0,5007.0,16.0,256.0,5.0,655.0,112.0,1
10.0,3362.0,155.0,80.0,4.0,970.0,65.0,1
15.0,1364.0,204.0,75.0,6.0,1115.0,50.0,1
8.0,303.0,16.0,79.0,6.0,610.0,215.0,1
11.0,6483.0,85.0,174.0,7.0,1040.0,81.0,1
3.0,526.0,173.0,96.0,6.0,1052.0,153.0,1
13.0,238.0,243.0,134.0,4.0,1331.0,281.0,1
5.0,30.0,197.0,148.0,5.0,615.0,164.0,1
16.0,2906.0,197.0,58.0,7.0,835.0,105.0,1
8.0,854.0,173.0,16.0,3.0,480.0,94.0,1
1.0,1798.0,154.0,253.0,4.0,1145.0,85.0,1
10.0,4037.0,208.0,221.0,6.0,460.0,85.0,1
17.0,7280.0,208.0,42.0,5.0,794.0,116.0,1
3.0,132.0,241.0,148.0,6.0,1055.0,164.0,1
13.0,674.0,208.0,159.0,6.0,540.0,132.0,1
5.0,2467.0,85.0,208.0,3.0,1165.0,92.0,1
15.0,496.0,214.0,79.0,5.0,380.0,145.0,1
7.0,798.0,214.0,79.0,3.0,1146.0,138.0,1
8.0,137.0,45.0,147.0,7.0,625.0,115.0,1
1.0,526.0,80.0,277.0,6.0,745.0,135.0,1
16.0,2166.0,157.0,135.0,7.0,1075.0,150.0,1
5.0,2206.0,16.0,60.0,7.0,1230.0,77.0,1
17.0,2703.0,60.0,54.0,1.0,564.0,61.0,1
5.0,2229.0,85.0,183.0,4.0,1200.0,185.0,1
14.0,586.0,217.0,153.0,1.0,795.0,71.0,1
10.0,3210.0,129.0,80.0,5.0,520.0,70.0,1
10.0,4045.0,208.0,77.0,1.0,960.0,55.0,1
14.0,656.0,217.0,264.0,5.0,1270.0,80.0,1
0.0,3750.0,43.0,85.0,6.0,710.0,83.0,1
17.0,2633.0,60.0,245.0,6.0,1225.0,72.0,1
14.0,604.0,217.0,153.0,3.0,885.0,72.0,1
5.0,1442.0,16.0,197.0,6.0,520.0,176.0,1
0.0,3871.0,85.0,273.0,1.0,615.0,82.0,1
3.0,506.0,104.0,96.0,6.0,810.0,183.0,1
15.0,274.0,141.0,173.0,7.0,430.0,170.0,1
15.0,1109.0,173.0,153.0,7.0,815.0,325.0,1
17.0,2657.0,58.0,60.0,7.0,1199.0,97.0,1
5.0,2832.0,264.0,261.0,3.0,989.0,106.0,1
6.0,5583.0,52.0,16.0,4.0,340.0,47.0,1
15.0,896.0,277.0,12.0,5.0,1060.0,165.0,1
10.0,4194.0,21.0,208.0,4.0,1060.0,60.0,1
15.0,1437.0,202.0,153.0,6.0,630.0,85.0,1
7.0,322.0,184.0,78.0,1.0,871.0,108.0,1
4.0,521.0,16.0,135.0,7.0,560.0,146.0,1
14.0,189.0,217.0,104.0,6.0,810.0,249.0,1
10.0,3914.0,136.0,208.0,6.0,360.0,105.0,1
3.0,1436.0,160.0,253.0,5.0,1060.0,81.0,1
0.0,3881.0,129.0,16.0,5.0,1070.0,125.0,1
7.0,143.0,129.0,79.0,1.0,375.0,146.0,1
15.0,993.0,264.0,217.0,5.0,780.0,70.0,1
11.0,6314.0,147.0,78.0,3.0,1115.0,114.0,1
10.0,4436.0,33.0,78.0,7.0,390.0,105.0,1
1.0,685.0,183.0,135.0,4.0,910.0,175.0,1
4.0,761.0,244.0,96.0,6.0,840.0,219.0,1
10.0,2852.0,254.0,80.0,6.0,460.0,95.0,1
0.0,4397.0,285.0,16.0,6.0,532.0,78.0,1
2.0,76.0,149.0,252.0,1.0,795.0,134.0,1
9.0,167.0,150.0,128.0,5.0,698.0,42.0,1
2.0,41.0,14.0,23.0,1.0,420.0,77.0,1
12.0,6474.0,227.0,154.0,7.0,761.0,47.0,1
17.0,1024.0,128.0,161.0,7.0,669.0,37.0,1
15.0,1079.0,233.0,277.0,3.0,715.0,115.0,1
0.0,3865.0,43.0,85.0,3.0,1040.0,75.0,1
6.0,5572.0,16.0,41.0,5.0,725.0,94.0,1
14.0,1989.0,233.0,60.0,1.0,435.0,65.0,1
16.0,3115.0,228.0,58.0,4.0,360.0,117.0,1
12.0,7771.0,255.0,261.0,4.0,696.0,84.0,1
15.0,1120.0,154.0,262.0,5.0,940.0,80.0,1
5.0,2817.0,177.0,154.0,4.0,560.0,260.0,1
0.0,3955.0,155.0,177.0,7.0,355.0,119.0,1
17.0,7279.0,208.0,16.0,1.0,806.0,123.0,1
15.0,1050.0,104.0,233.0,7.0,685.0,125.0,1
6.0,7066.0,47.0,208.0,1.0,1012.0,128.0,1
16.0,2901.0,209.0,135.0,3.0,1015.0,209.0,1
2.0,73.0,257.0,149.0,5.0,365.0,42.0,1
8.0,864.0,173.0,16.0,4.0,1040.0,93.0,1
14.0,586.0,217.0,153.0,7.0,795.0,71.0,1
14.0,1880.0,173.0,78.0,4.0,810.0,123.0,1
10.0,4360.0,208.0,85.0,4.0,580.0,85.0,1
13.0,761.0,208.0,253.0,4.0,485.0,285.0,1
12.0,4825.0,261.0,34.0,6.0,680.0,68.0,1
17.0,7309.0,273.0,208.0,7.0,423.0,140.0,1
5.0,2346.0,214.0,16.0,7.0,380.0,279.0,1
3.0,38.0,148.0,238.0,5.0,1200.0,86.0,1
0.0,3948.0,33.0,85.0,7.0,825.0,115.0,1
12.0,4567.0,261.0,244.0,4.0,1195.0,160.0,1
10.0,3004.0,79.0,154.0,7.0,445.0,160.0,1
15.0,985.0,172.0,204.0,7.0,670.0,70.0,1
4.0,667.0,135.0,252.0,1.0,1045.0,277.0,1
15.0,964.0,43.0,173.0,7.0,1015.0,170.0,1
6.0,5465.0,85.0,48.0,5.0,1295.0,64.0,1
12.0,6461.0,154.0,292.0,5.0,1265.0,67.0,1
5.0,1017.0,16.0,184.0,4.0,1005.0,120.0,1
6.0,5031.0,205.0,177.0,6.0,700.0,110.0,1
1.0,708.0,80.0,159.0,3.0,495.0,195.0,1
8.0,281.0,35.0,16.0,7.0,360.0,185.0,1
8.0,265.0,184.0,78.0,4.0,611.0,109.0,1
4.0,1010.0,135.0,96.0,3.0,1050.0,207.0,1
16.0,5941.0,279.0,208.0,3.0,360.0,113.0,1
15.0,1980.0,154.0,258.0,4.0,930.0,65.0,1
15.0,877.0,264.0,253.0,4.0,780.0,85.0,1
12.0,6333.0,243.0,154.0,7.0,904.0,42.0,1
1.0,578.0,258.0,80.0,7.0,515.0,210.0,1
0.0,3957.0,17.0,197.0,5.0,360.0,76.0,1
10.0,2872.0,80.0,155.0,1.0,705.0,70.0,1
5.0,2460.0,183.0,16.0,5.0,605.0,120.0,1
15.0,894.0,75.0,198.0,3.0,420.0,80.0,1
15.0,840.0,45.0,277.0,7.0,1175.0,155.0,1
6.0,5339.0,278.0,16.0,6.0,435.0,77.0,1
6.0,4943.0,16.0,275.0,1.0,515.0,76.0,1
16.0,2182.0,65.0,135.0,1.0,845.0,129.0,1
6.0,4990.0,16.0,52.0,6.0,500.0,50.0,1
6.0,7094.0,134.0,229.0,4.0,1324.0,92.0,1
17.0,7306.0,273.0,134.0,5.0,618.0,77.0,1
13.0,354.0,243.0,79.0,4.0,894.0,141.0,1
15.0,463.0,44.0,262.0,6.0,915.0,80.0,1
16.0,2881.0,135.0,33.0,3.0,765.0,108.0,1
6.0,4941.0,69.0,16.0,7.0,1075.0,94.0,1
1.0,1056.0,80.0,268.0,7.0,480.0,95.0,1
15.0,488.0,244.0,75.0,7.0,800.0,60.0,1
16.0,2685.0,184.0,96.0,3.0,1003.0,136.0,1
15.0,177.0,111.0,214.0,6.0,605.0,70.0,1
4.0,1601.0,96.0,104.0,1.0,890.0,182.0,1
15.0,130.0,280.0,154.0,1.0,730.0,95.0,1
1.0,539.0,80.0,153.0,3.0,1095.0,180.0,1
15.0,136.0,243.0,153.0,3.0,650.0,70.0,1
17.0,2737.0,160.0,217.0,7.0,1140.0,81.0,1
5.0,2579.0,148.0,183.0,3.0,765.0,183.0,1
15.0,948.0,243.0,258.0,4.0,1230.0,80.0,1
10.0,4296.0,45.0,148.0,3.0,855.0,80.0,1
5.0,2243.0,96.0,16.0,3.0,690.0,144.0,1
14.0,1462.0,16.0,60.0,1.0,835.0,78.0,1
7.0,825.0,79.0,172.0,7.0,635.0,95.0,1
10.0,4248.0,84.0,208.0,5.0,1120.0,90.0,1
13.0,198.0,253.0,134.0,7.0,1360.0,311.0,1
14.0,1199.0,221.0,60.0,5.0,1035.0,91.0,1
15.0,2116.0,221.0,45.0,5.0,400.0,75.0,1
6.0,5337.0,81.0,16.0,4.0,837.0,61.0,1
1.0,2402.0,18.0,208.0,7.0,1045.0,165.0,1
6.0,7121.0,134.0,223.0,3.0,1139.0,152.0,1
12.0,3049.0,184.0,221.0,7.0,695.0,85.0,1
10.0,4259.0,223.0,208.0,6.0,980.0,155.0,1
3.0,1296.0,221.0,35.0,5.0,1125.0,93.0,1
13.0,271.0,216.0,79.0,3.0,1032.0,263.0,1
6.0,5278.0,27.0,16.0,1.0,900.0,64.0,1
12.0,4739.0,261.0,202.0,5.0,905.0,122.0,1
16.0,3101.0,135.0,170.0,3.0,1115.0,93.0,1
4.0,426.0,135.0,45.0,5.0,1140.0,175.0,1
13.0,126.0,154.0,208.0,4.0,1391.0,239.0,1
15.0,786.0,277.0,104.0,1.0,660.0,60.0,1
1.0,1822.0,80.0,76.0,1.0,875.0,130.0,1
10.0,3305.0,80.0,158.0,6.0,1170.0,75.0,1
2.0,236.0,214.0,243.0,1.0,415.0,145.0,1
15.0,2539.0,18.0,33.0,4.0,490.0,115.0,1
12.0,6410.0,253.0,44.0,5.0,966.0,67.0,1
15.0,39.0,170.0,75.0,1.0,870.0,65.0,1
6.0,5011.0,237.0,85.0,4.0,360.0,98.0,1
12.0,4581.0,261.0,262.0,4.0,910.0,100.0,1
15.0,524.0,75.0,172.0,4.0,410.0,85.0,1
15.0,1195.0,18.0,45.0,6.0,885.0,185.0,1
12.0,4885.0,261.0,279.0,4.0,1205.0,143.0,1
1.0,1523.0,260.0,208.0,1.0,955.0,320.0,1
3.0,358.0,44.0,148.0,5.0,1290.0,301.0,1
17.0,7210.0,134.0,147.0,4.0,515.0,117.0,1
3.0,184.0,243.0,148.0,7.0,755.0,319.0,1
13.0,336.0,79.0,84.0,5.0,1058.0,99.0,1
6.0,5064.0,16.0,58.0,3.0,825.0,109.0,1
5.0,1877.0,208.0,16.0,7.0,996.0,124.0,1
0.0,3803.0,16.0,58.0,3.0,1265.0,108.0,1
10.0,2728.0,1.0,80.0,1.0,825.0,50.0,1
9.0,361.0,143.0,128.0,6.0,1116.0,49.0,1
5.0,2044.0,85.0,78.0,7.0,1165.0,97.0,1
4.0,1142.0,96.0,16.0,4.0,510.0,173.0,1
5.0,2502.0,173.0,71.0,6.0,494.0,131.0,1
5.0,2399.0,16.0,234.0,1.0,758.0,92.0,1
5.0,1394.0,159.0,35.0,4.0,1110.0,74.0,1
16.0,2404.0,229.0,58.0,4.0,840.0,113.0,1
4.0,318.0,96.0,277.0,4.0,1215.0,186.0,1
10.0,4337.0,33.0,208.0,7.0,1205.0,95.0,1
16.0,2148.0,33.0,96.0,3.0,725.0,129.0,1
1.0,1295.0,173.0,154.0,4.0,775.0,335.0,1
10.0,4154.0,61.0,208.0,6.0,435.0,85.0,1
5.0,2125.0,45.0,16.0,4.0,750.0,119.0,1
9.0,104.0,161.0,128.0,1.0,394.0,30.0,1
12.0,4527.0,197.0,33.0,7.0,625.0,133.0,1
11.0,6265.0,132.0,85.0,3.0,610.0,117.0,1
1.0,1062.0,80.0,216.0,3.0,1005.0,185.0,1
11.0,6440.0,71.0,195.0,4.0,1240.0,89.0,1
5.0,2795.0,261.0,243.0,6.0,905.0,108.0,1
17.0,2619.0,60.0,33.0,4.0,1085.0,91.0,1
10.0,3748.0,208.0,197.0,7.0,360.0,85.0,1
15.0,563.0,129.0,68.0,7.0,1050.0,50.0,1
14.0,335.0,154.0,217.0,4.0,470.0,88.0,1
14.0,927.0,208.0,60.0,7.0,970.0,114.0,1
6.0,5601.0,16.0,81.0,5.0,1017.0,58.0,1
15.0,2868.0,243.0,258.0,6.0,625.0,80.0,1
16.0,2895.0,135.0,68.0,5.0,700.0,68.0,1
1.0,247.0,154.0,150.0,6.0,1050.0,345.0,1
13.0,517.0,134.0,79.0,5.0,742.0,233.0,1
3.0,325.0,22.0,104.0,6.0,440.0,197.0,1
1.0,1886.0,260.0,183.0,7.0,735.0,165.0,1
10.0,4313.0,61.0,208.0,3.0,905.0,85.0,1
13.0,58.0,238.0,208.0,7.0,451.0,117.0,1
6.0,5412.0,16.0,256.0,3.0,515.0,125.0,1
2.0,21.0,208.0,252.0,4.0,480.0,280.0,1
13.0,530.0,208.0,197.0,5.0,391.0,94.0,1
14.0,1525.0,60.0,79.0,7.0,564.0,223.0,1
0.0,3727.0,177.0,27.0,7.0,575.0,62.0,1
2.0,220.0,252.0,253.0,1.0,445.0,126.0,1
6.0,5143.0,187.0,16.0,1.0,600.0,112.0,1
12.0,7773.0,255.0,261.0,1.0,893.0,77.0,1
9.0,248.0,128.0,150.0,3.0,1066.0,43.0,1
3.0,436.0,173.0,35.0,3.0,1250.0,159.0,1
15.0,610.0,34.0,236.0,3.0,1150.0,65.0,1
15.0,64.0,45.0,162.0,6.0,950.0,165.0,1
14.0,1153.0,216.0,80.0,4.0,575.0,225.0,1
12.0,6386.0,253.0,34.0,3.0,959.0,92.0,1
12.0,4604.0,261.0,79.0,4.0,830.0,83.0,1
6.0,5267.0,16.0,10.0,7.0,600.0,119.0,1
12.0,6812.0,265.0,208.0,7.0,563.0,58.0,1
9.0,362.0,128.0,143.0,6.0,1100.0,51.0,1
15.0,1696.0,175.0,258.0,6.0,605.0,295.0,1
5.0,1202.0,213.0,16.0,6.0,738.0,112.0,1
13.0,204.0,252.0,253.0,4.0,925.0,127.0,1
11.0,6577.0,148.0,208.0,1.0,585.0,177.0,1
5.0,2705.0,16.0,233.0,6.0,1300.0,88.0,1
15.0,3085.0,258.0,44.0,6.0,990.0,60.0,1
14.0,639.0,208.0,217.0,3.0,1020.0,233.0,1
1.0,1264.0,80.0,18.0,1.0,685.0,55.0,1
1.0,985.0,78.0,183.0,1.0,910.0,165.0,1
10.0,4366.0,208.0,71.0,6.0,1000.0,75.0,1
1.0,1106.0,80.0,35.0,1.0,480.0,210.0,1
1.0,532.0,80.0,233.0,3.0,370.0,145.0,1
14.0,1626.0,60.0,159.0,5.0,375.0,100.0,1
13.0,342.0,243.0,79.0,6.0,700.0,144.0,1
6.0,5428.0,158.0,177.0,1.0,380.0,83.0,1
10.0,2978.0,146.0,80.0,5.0,750.0,90.0,1
10.0,2908.0,94.0,80.0,4.0,675.0,130.0,1
11.0,6344.0,71.0,197.0,7.0,1165.0,134.0,1
13.0,32.0,79.0,35.0,5.0,646.0,233.0,1
4.0,1544.0,135.0,58.0,6.0,620.0,151.0,1
1.0,1938.0,197.0,183.0,3.0,365.0,225.0,1
15.0,474.0,33.0,153.0,4.0,865.0,260.0,1
11.0,6311.0,16.0,69.0,7.0,1231.0,84.0,1
16.0,5937.0,218.0,208.0,1.0,571.0,49.0,1
5.0,1207.0,16.0,43.0,3.0,935.0,123.0,1
6.0,4957.0,16.0,190.0,6.0,1295.0,80.0,1
12.0,6660.0,100.0,154.0,3.0,1151.0,69.0,1
12.0,6247.0,154.0,100.0,7.0,628.0,68.0,1
5.0,2537.0,35.0,173.0,7.0,880.0,204.0,1
10.0,2978.0,146.0,80.0,7.0,750.0,90.0,1
1.0,430.0,80.0,268.0,7.0,430.0,90.0,1
7.0,499.0,79.0,48.0,1.0,805.0,162.0,1
5.0,1234.0,261.0,264.0,1.0,520.0,122.0,1
5.0,2570.0,154.0,261.0,3.0,375.0,119.0,1
0.0,3823.0,197.0,221.0,3.0,825.0,126.0,1
15.0,1076.0,153.0,205.0,7.0,650.0,160.0,1
15.0,2982.0,268.0,217.0,4.0,1115.0,215.0,1
15.0,2843.0,280.0,243.0,6.0,485.0,75.0,1
15.0,738.0,175.0,205.0,1.0,1030.0,95.0,1
3.0,369.0,159.0,213.0,1.0,980.0,178.0,1
10.0,3351.0,80.0,155.0,7.0,870.0,70.0,1
15.0,196.0,252.0,79.0,4.0,670.0,160.0,1
3.0,98.0,79.0,148.0,3.0,59.0,213.0,1
5.0,1320.0,16.0,60.0,5.0,1140.0,81.0,1
1.0,3.0,148.0,154.0,6.0,715.0,375.0,1
12.0,6739.0,79.0,91.0,4.0,1303.0,102.0,1
15.0,3484.0,153.0,252.0,3.0,945.0,165.0,1
1.0,492.0,44.0,80.0,7.0,695.0,180.0,1
3.0,56.0,148.0,42.0,6.0,559.0,76.0,1
1.0,1584.0,153.0,80.0,6.0,360.0,160.0,1
13.0,472.0,262.0,208.0,7.0,373.0,243.0,1
10.0,4305.0,208.0,139.0,7.0,1170.0,60.0,1
16.0,2685.0,184.0,96.0,7.0,1003.0,136.0,1
3.0,5.0,43.0,148.0,4.0,1245.0,80.0,1
17.0,7308.0,147.0,134.0,6.0,1163.0,107.0,1
1.0,936.0,183.0,173.0,5.0,1340.0,55.0,1
6.0,4942.0,147.0,78.0,3.0,360.0,112.0,1
13.0,22.0,154.0,148.0,4.0,510.0,329.0,1
5.0,1595.0,111.0,261.0,3.0,785.0,94.0,1
15.0,1095.0,45.0,173.0,5.0,1185.0,140.0,1
13.0,685.0,159.0,208.0,4.0,900.0,154.0,1
13.0,643.0,208.0,214.0,3.0,909.0,280.0,1
15.0,594.0,252.0,2.0,6.0,525.0,165.0,1
14.0,2180.0,78.0,159.0,7.0,1020.0,78.0,1
7.0,266.0,79.0,264.0,6.0,1270.0,140.0,1
8.0,961.0,173.0,48.0,5.0,876.0,139.0,1
5.0,2863.0,148.0,154.0,5.0,720.0,370.0,1
15.0,2885.0,79.0,280.0,5.0,565.0,115.0,1
11.0,6578.0,58.0,85.0,7.0,420.0,59.0,1
5.0,1720.0,183.0,71.0,6.0,760.0,158.0,1
2.0,184.0,98.0,14.0,5.0,720.0,67.0,1
5.0,210.0,153.0,148.0,6.0,420.0,295.0,1
5.0,2397.0,71.0,183.0,4.0,560.0,167.0,1
0.0,4251.0,233.0,71.0,5.0,390.0,100.0,1
1.0,1151.0,208.0,268.0,3.0,1190.0,70.0,1
6.0,4997.0,16.0,27.0,7.0,1365.0,51.0,1
6.0,5513.0,177.0,180.0,6.0,860.0,65.0,1
1.0,1687.0,148.0,183.0,5.0,1199.0,200.0,1
15.0,1104.0,172.0,243.0,7.0,770.0,220.0,1
15.0,1180.0,252.0,202.0,3.0,700.0,125.0,1
0.0,4300.0,223.0,177.0,3.0,681.0,93.0,1
12.0,6877.0,79.0,254.0,3.0,974.0,97.0,1
15.0,250.0,104.0,173.0,3.0,390.0,55.0,1
13.0,301.0,79.0,153.0,5.0,690.0,122.0,1
8.0,469.0,16.0,45.0,5.0,1200.0,104.0,1
12.0,4578.0,258.0,261.0,1.0,984.0,110.0,1
17.0,2914.0,24.0,217.0,1.0,723.0,92.0,1
1.0,1558.0,80.0,279.0,1.0,655.0,60.0,1
7.0,847.0,79.0,252.0,1.0,495.0,176.0,1
1.0,789.0,208.0,79.0,7.0,880.0,155.0,1
5.0,1730.0,16.0,54.0,1.0,725.0,69.0,1
17.0,1037.0,128.0,161.0,3.0,830.0,37.0,1
12.0,7012.0,261.0,208.0,1.0,673.0,188.0,1
15.0,1180.0,217.0,2.0,3.0,1130.0,65.0,1
12.0,6539.0,253.0,111.0,5.0,1361.0,121.0,1
15.0,2547.0,173.0,241.0,4.0,590.0,50.0,1
15.0,1385.0,202.0,44.0,3.0,680.0,65.0,1
10.0,3038.0,246.0,154.0,5.0,525.0,50.0,1
10.0,4588.0,159.0,197.0,7.0,865.0,180.0,1
16.0,3073.0,119.0,96.0,5.0,1130.0,115.0,1
17.0,2664.0,244.0,60.0,7.0,785.0,157.0,1
15.0,1352.0,261.0,202.0,5.0,455.0,130.0,1
16.0,2579.0,135.0,244.0,5.0,480.0,59.0,1
16.0,2640.0,119.0,135.0,4.0,1101.0,179.0,1
14.0,959.0,43.0,60.0,3.0,1149.0,116.0,1
14.0,1186.0,60.0,45.0,7.0,985.0,86.0,1
1.0,406.0,268.0,208.0,7.0,954.0,80.0,1
14.0,486.0,236.0,217.0,4.0,365.0,107.0,1
1.0,456.0,18.0,80.0,1.0,875.0,65.0,1
12.0,4742.0,230.0,197.0,4.0,940.0,92.0,1
15.0,3067.0,172.0,75.0,7.0,1245.0,90.0,1
5.0,10.0,277.0,16.0,3.0,1135.0,98.0,1
5.0,1159.0,186.0,16.0,7.0,1023.0,101.0,1
14.0,1576.0,213.0,60.0,1.0,505.0,113.0,1
2.0,55.0,39.0,14.0,1.0,671.0,111.0,1
12.0,6241.0,44.0,253.0,5.0,652.0,84.0,1
1.0,1555.0,183.0,260.0,4.0,1180.0,145.0,1
6.0,7367.0,177.0,275.0,1.0,865.0,89.0,1
5.0,1739.0,78.0,16.0,6.0,1080.0,115.0,1
10.0,4368.0,208.0,71.0,4.0,870.0,70.0,1
12.0,6294.0,79.0,83.0,3.0,964.0,62.0,1
2.0,321.0,258.0,252.0,7.0,575.0,125.0,1
1.0,356.0,208.0,159.0,6.0,995.0,130.0,1
1.0,779.0,208.0,243.0,6.0,685.0,260.0,1
7.0,318.0,184.0,78.0,4.0,1199.0,110.0,1
15.0,525.0,172.0,175.0,3.0,1100.0,80.0,1
16.0,2048.0,135.0,80.0,6.0,880.0,63.0,1
1.0,1065.0,205.0,80.0,1.0,1095.0,115.0,1
16.0,3029.0,172.0,135.0,7.0,1102.0,118.0,1
5.0,1455.0,16.0,267.0,3.0,1130.0,103.0,1
16.0,2735.0,165.0,135.0,5.0,667.0,69.0,1
6.0,5418.0,16.0,11.0,7.0,995.0,57.0,1
6.0,5216.0,78.0,268.0,3.0,1079.0,146.0,1
14.0,596.0,217.0,172.0,4.0,1195.0,153.0,1
12.0,3067.0,268.0,184.0,6.0,745.0,77.0,1
8.0,23.0,175.0,16.0,3.0,620.0,111.0,1
6.0,5398.0,19.0,16.0,7.0,840.0,76.0,1
12.0,6662.0,194.0,253.0,3.0,1058.0,37.0,1
10.0,4082.0,208.0,136.0,7.0,1115.0,120.0,1
5.0,2196.0,197.0,159.0,1.0,920.0,165.0,1
16.0,3062.0,147.0,96.0,7.0,887.0,139.0,1
6.0,5453.0,146.0,16.0,7.0,1105.0,90.0,1
15.0,951.0,45.0,175.0,1.0,415.0,130.0,1
15.0,1004.0,172.0,204.0,5.0,575.0,70.0,1
0.0,3830.0,16.0,238.0,6.0,585.0,126.0,1
16.0,2562.0,135.0,75.0,7.0,1050.0,61.0,1
5.0,2952.0,277.0,159.0,5.0,420.0,159.0,1
15.0,52.0,104.0,129.0,5.0,995.0,180.0,1
12.0,6288.0,194.0,154.0,6.0,813.0,68.0,1
15.0,1382.0,236.0,153.0,1.0,455.0,80.0,1
8.0,1422.0,139.0,277.0,7.0,1016.0,133.0,1
13.0,198.0,243.0,253.0,5.0,1200.0,100.0,1
15.0,678.0,262.0,243.0,3.0,595.0,85.0,1
15.0,2903.0,75.0,198.0,3.0,885.0,80.0,1
1.0,1914.0,197.0,80.0,6.0,630.0,160.0,1
6.0,7079.0,134.0,85.0,3.0,746.0,94.0,1
1.0,1589.0,33.0,80.0,3.0,775.0,125.0,1
2.0,70.0,14.0,149.0,3.0,1185.0,105.0,1
12.0,6462.0,154.0,262.0,6.0,1353.0,79.0,1
1.0,1381.0,16.0,80.0,3.0,500.0,155.0,1
10.0,2967.0,80.0,41.0,7.0,845.0,80.0,1
15.0,803.0,258.0,217.0,4.0,1140.0,105.0,1
5.0,159.0,159.0,85.0,1.0,540.0,124.0,1
14.0,984.0,60.0,197.0,1.0,995.0,168.0,1
16.0,2234.0,96.0,76.0,3.0,495.0,122.0,1
15.0,1174.0,45.0,58.0,5.0,1195.0,75.0,1
2.0,492.0,252.0,243.0,5.0,1205.0,158.0,1
13.0,559.0,159.0,208.0,5.0,751.0,158.0,1
14.0,1238.0,60.0,273.0,6.0,1329.0,101.0,1
15.0,3504.0,18.0,173.0,7.0,770.0,145.0,1
12.0,4650.0,261.0,80.0,6.0,1016.0,160.0,1
1.0,1827.0,18.0,80.0,1.0,915.0,65.0,1
15.0,1575.0,141.0,173.0,6.0,665.0,170.0,1
15.0,2033.0,75.0,129.0,6.0,660.0,65.0,1
5.0,25.0,16.0,233.0,5.0,975.0,83.0,1
5.0,1097.0,16.0,91.0,3.0,1175.0,215.0,1
12.0,4812.0,261.0,127.0,6.0,670.0,85.0,1
5.0,154.0,104.0,148.0,1.0,905.0,185.0,1
12.0,6469.0,253.0,217.0,6.0,765.0,120.0,1
14.0,224.0,217.0,35.0,5.0,975.0,284.0,1
3.0,75.0,273.0,148.0,1.0,1013.0,85.0,1
2.0,587.0,264.0,214.0,4.0,615.0,148.0,1
15.0,837.0,252.0,262.0,4.0,950.0,105.0,1
3.0,164.0,277.0,148.0,4.0,1260.0,152.0,1
1.0,1210.0,208.0,35.0,6.0,725.0,125.0,1
13.0,946.0,173.0,134.0,3.0,823.0,136.0,1
12.0,4844.0,261.0,230.0,1.0,1025.0,99.0,1
1.0,728.0,80.0,159.0,1.0,755.0,200.0,1
12.0,6725.0,79.0,224.0,5.0,1292.0,146.0,1
2.0,522.0,252.0,44.0,5.0,470.0,145.0,1
8.0,491.0,45.0,173.0,7.0,615.0,145.0,1
6.0,7101.0,134.0,71.0,3.0,510.0,100.0,1
10.0,4253.0,208.0,136.0,5.0,480.0,115.0,1
10.0,3620.0,209.0,183.0,5.0,445.0,155.0,1
5.0,1657.0,71.0,16.0,7.0,435.0,105.0,1
5.0,1156.0,175.0,16.0,3.0,480.0,114.0,1
12.0,6501.0,79.0,162.0,3.0,963.0,116.0,1
15.0,1446.0,154.0,175.0,6.0,910.0,240.0,1
15.0,2794.0,129.0,202.0,5.0,635.0,255.0,1
15.0,1923.0,2.0,261.0,1.0,990.0,95.0,1
1.0,1088.0,33.0,159.0,6.0,420.0,125.0,1
11.0,6546.0,85.0,171.0,4.0,940.0,59.0,1
16.0,2468.0,68.0,135.0,5.0,565.0,59.0,1
1.0,1167.0,233.0,80.0,1.0,465.0,195.0,1
1.0,76.0,154.0,134.0,6.0,570.0,285.0,1
12.0,7035.0,154.0,214.0,4.0,760.0,141.0,1
5.0,2887.0,16.0,2.0,3.0,1182.0,225.0,1
15.0,1118.0,129.0,91.0,3.0,1055.0,120.0,1
7.0,232.0,79.0,33.0,5.0,630.0,150.0,1
5.0,1043.0,54.0,16.0,3.0,700.0,77.0,1
1.0,1839.0,204.0,80.0,7.0,360.0,60.0,1
15.0,2834.0,233.0,45.0,6.0,1080.0,60.0,1
1.0,1112.0,183.0,96.0,5.0,605.0,170.0,1
16.0,2058.0,172.0,96.0,5.0,1135.0,158.0,1
12.0,6363.0,261.0,154.0,3.0,1223.0,120.0,1
13.0,532.0,79.0,208.0,7.0,360.0,144.0,1
14.0,73.0,217.0,252.0,6.0,1075.0,184.0,1
8.0,1626.0,173.0,216.0,3.0,1063.0,141.0,1
16.0,2076.0,96.0,139.0,4.0,1200.0,142.0,1
15.0,1846.0,207.0,79.0,4.0,915.0,130.0,1
10.0,3396.0,170.0,80.0,1.0,430.0,75.0,1
10.0,3936.0,45.0,208.0,7.0,1045.0,150.0,1
15.0,2383.0,79.0,243.0,7.0,1050.0,150.0,1
5.0,1659.0,16.0,54.0,6.0,1226.0,73.0,1
5.0,1585.0,159.0,173.0,1.0,980.0,177.0,1
1.0,1053.0,268.0,208.0,1.0,705.0,75.0,1
13.0,691.0,159.0,208.0,7.0,1080.0,165.0,1
1.0,1794.0,80.0,18.0,5.0,770.0,60.0,1
1.0,1245.0,173.0,183.0,1.0,1080.0,70.0,1
4.0,191.0,183.0,135.0,5.0,535.0,164.0,1
6.0,4989.0,71.0,79.0,5.0,1235.0,186.0,1
10.0,3614.0,58.0,183.0,3.0,390.0,185.0,1
12.0,4800.0,154.0,243.0,4.0,495.0,46.0,1
14.0,1687.0,60.0,104.0,5.0,1215.0,121.0,1
15.0,1239.0,258.0,243.0,4.0,1185.0,75.0,1
6.0,5005.0,60.0,177.0,3.0,706.0,123.0,1
15.0,685.0,175.0,22.0,7.0,560.0,125.0,1
14.0,1430.0,60.0,238.0,3.0,1194.0,101.0,1
15.0,441.0,251.0,217.0,4.0,420.0,255.0,1
15.0,587.0,153.0,79.0,5.0,910.0,110.0,1
5.0,2726.0,252.0,177.0,7.0,730.0,250.0,1
15.0,1592.0,173.0,87.0,1.0,1030.0,70.0,1
14.0,1876.0,216.0,35.0,1.0,915.0,76.0,1
4.0,211.0,96.0,135.0,5.0,465.0,248.0,1
7.0,371.0,79.0,154.0,1.0,1000.0,142.0,1
15.0,844.0,33.0,129.0,4.0,735.0,130.0,1
17.0,7242.0,208.0,247.0,4.0,1310.0,42.0,1
5.0,2214.0,252.0,197.0,5.0,677.0,193.0,1
8.0,14.0,260.0,173.0,7.0,980.0,195.0,1
16.0,5978.0,120.0,134.0,4.0,887.0,67.0,1
4.0,57.0,96.0,173.0,4.0,870.0,174.0,1
17.0,1029.0,150.0,128.0,4.0,1090.0,40.0,1
6.0,5036.0,16.0,70.0,3.0,1220.0,45.0,1
6.0,4962.0,138.0,16.0,6.0,828.0,95.0,1
16.0,2357.0,135.0,165.0,4.0,1280.0,68.0,1
15.0,987.0,61.0,175.0,7.0,550.0,70.0,1
15.0,56.0,129.0,75.0,7.0,1200.0,55.0,1
16.0,5975.0,208.0,84.0,1.0,402.0,72.0,1
6.0,5310.0,16.0,11.0,3.0,735.0,51.0,1
11.0,6461.0,35.0,148.0,6.0,450.0,86.0,1
10.0,3935.0,172.0,208.0,1.0,540.0,90.0,1
12.0,6332.0,93.0,214.0,7.0,974.0,37.0,1
16.0,2724.0,135.0,118.0,4.0,1140.0,73.0,1
15.0,2198.0,45.0,261.0,3.0,820.0,305.0,1
15.0,59.0,79.0,13.0,7.0,1010.0,70.0,1
12.0,4468.0,177.0,184.0,6.0,1150.0,106.0,1
15.0,763.0,217.0,207.0,7.0,970.0,70.0,1
14.0,1462.0,16.0,60.0,5.0,835.0,78.0,1
6.0,5422.0,79.0,177.0,5.0,940.0,130.0,1
10.0,2710.0,290.0,80.0,5.0,420.0,75.0,1
10.0,3503.0,80.0,58.0,5.0,860.0,150.0,1
14.0,997.0,221.0,60.0,3.0,730.0,93.0,1
7.0,532.0,175.0,79.0,6.0,1130.0,157.0,1
1.0,2222.0,253.0,80.0,3.0,565.0,210.0,1
5.0,2837.0,16.0,244.0,7.0,577.0,162.0,1
12.0,6496.0,208.0,162.0,6.0,617.0,107.0,1
12.0,6334.0,79.0,207.0,6.0,721.0,145.0,1
10.0,3227.0,80.0,284.0,4.0,1025.0,45.0,1
4.0,1812.0,135.0,205.0,3.0,1260.0,129.0,1
3.0,709.0,148.0,260.0,3.0,960.0,239.0,1
15.0,3306.0,153.0,139.0,3.0,1035.0,215.0,1
10.0,3830.0,208.0,135.0,4.0,720.0,165.0,1
16.0,2633.0,41.0,135.0,7.0,671.0,67.0,1
6.0,5028.0,162.0,16.0,6.0,896.0,92.0,1
10.0,3660.0,139.0,183.0,4.0,1105.0,170.0,1
13.0,688.0,208.0,159.0,6.0,965.0,135.0,1
5.0,2807.0,173.0,177.0,7.0,732.0,135.0,1
13.0,673.0,159.0,208.0,4.0,600.0,160.0,1
12.0,6947.0,79.0,252.0,6.0,510.0,183.0,1
1.0,784.0,178.0,80.0,4.0,1115.0,95.0,1
13.0,561.0,79.0,202.0,7.0,717.0,168.0,1
15.0,829.0,44.0,153.0,7.0,1015.0,65.0,1
15.0,370.0,214.0,258.0,1.0,385.0,105.0,1
4.0,463.0,208.0,135.0,6.0,335.0,150.0,1
12.0,4777.0,224.0,261.0,3.0,795.0,90.0,1
15.0,169.0,175.0,45.0,7.0,1230.0,105.0,1
5.0,2039.0,78.0,16.0,4.0,900.0,115.0,1
1.0,1917.0,148.0,173.0,1.0,935.0,185.0,1
6.0,5218.0,273.0,16.0,1.0,345.0,158.0,1
15.0,465.0,172.0,277.0,7.0,755.0,155.0,1
3.0,558.0,277.0,130.0,1.0,702.0,158.0,1
10.0,2950.0,80.0,156.0,3.0,1140.0,70.0,1
12.0,6386.0,44.0,253.0,4.0,800.0,76.0,1
12.0,6694.0,253.0,6.0,5.0,1360.0,79.0,1
14.0,1790.0,153.0,60.0,5.0,850.0,248.0,1
12.0,6239.0,117.0,208.0,1.0,1100.0,60.0,1
15.0,619.0,153.0,221.0,1.0,985.0,250.0,1
11.0,6362.0,133.0,71.0,4.0,885.0,55.0,1
11.0,6756.0,233.0,268.0,4.0,620.0,147.0,1
15.0,703.0,75.0,279.0,3.0,385.0,60.0,1
5.0,2094.0,16.0,54.0,6.0,578.0,82.0,1
15.0,1783.0,45.0,104.0,1.0,835.0,160.0,1
15.0,1929.0,154.0,79.0,3.0,360.0,135.0,1
1.0,301.0,159.0,208.0,7.0,370.0,160.0,1
1.0,2026.0,80.0,241.0,4.0,1105.0,140.0,1
9.0,7.0,153.0,128.0,4.0,540.0,385.0,1
16.0,5942.0,48.0,208.0,5.0,1119.0,97.0,1
13.0,479.0,253.0,252.0,6.0,1161.0,134.0,1
1.0,1137.0,208.0,198.0,3.0,475.0,140.0,1
15.0,2979.0,172.0,175.0,5.0,1145.0,80.0,1
3.0,1439.0,253.0,160.0,5.0,1079.0,80.0,1
3.0,709.0,148.0,260.0,4.0,960.0,239.0,1
8.0,123.0,16.0,277.0,4.0,1260.0,88.0,1
0.0,4233.0,177.0,71.0,4.0,505.0,85.0,1
13.0,259.0,173.0,79.0,4.0,695.0,253.0,1
8.0,675.0,184.0,173.0,5.0,925.0,164.0,1
15.0,3601.0,45.0,12.0,5.0,550.0,70.0,1
15.0,804.0,34.0,79.0,1.0,995.0,110.0,1
12.0,4447.0,153.0,154.0,7.0,1060.0,75.0,1
10.0,2922.0,38.0,80.0,6.0,1050.0,95.0,1
12.0,6246.0,100.0,154.0,6.0,591.0,67.0,1
5.0,165.0,148.0,154.0,3.0,900.0,394.0,1
12.0,4586.0,207.0,261.0,4.0,600.0,112.0,1
16.0,2254.0,135.0,41.0,3.0,498.0,61.0,1
16.0,2026.0,135.0,268.0,1.0,445.0,121.0,1
11.0,6468.0,148.0,35.0,3.0,1135.0,95.0,1
15.0,1864.0,279.0,129.0,6.0,420.0,95.0,1
12.0,6234.0,154.0,80.0,5.0,464.0,177.0,1
5.0,2065.0,16.0,87.0,6.0,660.0,75.0,1
6.0,5089.0,256.0,16.0,4.0,1079.0,106.0,1
0.0,3690.0,152.0,197.0,6.0,405.0,112.0,1
12.0,6898.0,184.0,208.0,6.0,989.0,50.0,1
1.0,393.0,80.0,79.0,4.0,405.0,125.0,1
4.0,702.0,96.0,253.0,1.0,955.0,381.0,1
8.0,1628.0,173.0,216.0,3.0,1102.0,140.0,1
5.0,2702.0,173.0,71.0,4.0,735.0,135.0,1
2.0,465.0,154.0,252.0,7.0,920.0,165.0,1
13.0,309.0,153.0,253.0,4.0,1105.0,106.0,1
5.0,1299.0,261.0,154.0,4.0,695.0,120.0,1
6.0,4966.0,288.0,16.0,5.0,325.0,69.0,1
2.0,11.0,96.0,252.0,4.0,450.0,375.0,1
5.0,2952.0,277.0,159.0,7.0,420.0,159.0,1
5.0,2182.0,264.0,197.0,4.0,875.0,214.0,1
1.0,2465.0,35.0,80.0,5.0,805.0,265.0,1
4.0,1172.0,96.0,35.0,1.0,870.0,70.0,1
8.0,951.0,45.0,104.0,3.0,1210.0,155.0,1
13.0,452.0,79.0,134.0,4.0,826.0,198.0,1
10.0,4314.0,221.0,148.0,6.0,740.0,90.0,1
10.0,2752.0,80.0,109.0,1.0,640.0,130.0,1
14.0,1787.0,43.0,60.0,5.0,705.0,113.0,1
15.0,1749.0,253.0,79.0,6.0,630.0,150.0,1
5.0,1813.0,16.0,268.0,3.0,520.0,114.0,1
6.0,5510.0,237.0,16.0,4.0,625.0,94.0,1
15.0,1046.0,258.0,18.0,7.0,600.0,200.0,1
1.0,2192.0,183.0,35.0,5.0,1255.0,180.0,1
15.0,324.0,79.0,172.0,7.0,620.0,90.0,1
2.0,127.0,252.0,98.0,4.0,1290.0,225.0,1
12.0,3046.0,184.0,84.0,3.0,740.0,68.0,1
6.0,5467.0,27.0,16.0,1.0,540.0,61.0,1
13.0,441.0,45.0,79.0,4.0,576.0,247.0,1
13.0,525.0,79.0,217.0,4.0,1310.0,121.0,1
15.0,1814.0,173.0,182.0,7.0,1160.0,165.0,1
11.0,6636.0,233.0,35.0,5.0,1170.0,122.0,1
8.0,1226.0,221.0,104.0,5.0,1109.0,165.0,1
14.0,543.0,80.0,153.0,4.0,900.0,176.0,1
5.0,1519.0,61.0,154.0,7.0,1105.0,310.0,1
6.0,7391.0,85.0,195.0,6.0,925.0,82.0,1
5.0,1396.0,159.0,35.0,7.0,1170.0,76.0,1
17.0,2895.0,83.0,217.0,5.0,730.0,109.0,1
5.0,1635.0,147.0,16.0,7.0,919.0,78.0,1
4.0,670.0,135.0,253.0,3.0,1155.0,266.0,1
16.0,2546.0,58.0,197.0,1.0,1000.0,124.0,1
15.0,2892.0,241.0,175.0,4.0,870.0,180.0,1
5.0,2676.0,16.0,43.0,5.0,1229.0,125.0,1
0.0,3657.0,16.0,268.0,6.0,960.0,104.0,1
17.0,7265.0,208.0,221.0,3.0,639.0,82.0,1
8.0,1038.0,221.0,277.0,4.0,769.0,150.0,1
14.0,542.0,217.0,80.0,5.0,603.0,149.0,1
7.0,260.0,79.0,264.0,7.0,780.0,140.0,1
1.0,2404.0,153.0,154.0,1.0,540.0,65.0,1
16.0,2619.0,290.0,135.0,1.0,1067.0,95.0,1
13.0,857.0,154.0,253.0,7.0,570.0,90.0,1
10.0,4296.0,208.0,45.0,6.0,655.0,115.0,1
8.0,716.0,159.0,48.0,7.0,600.0,96.0,1
0.0,4324.0,78.0,148.0,6.0,360.0,82.0,1
14.0,1484.0,173.0,78.0,4.0,710.0,123.0,1
1.0,804.0,80.0,139.0,6.0,810.0,125.0,1
5.0,1762.0,33.0,85.0,1.0,375.0,126.0,1
5.0,1485.0,159.0,173.0,7.0,1163.0,171.0,1
5.0,2224.0,16.0,45.0,4.0,580.0,119.0,1
15.0,819.0,141.0,173.0,6.0,855.0,175.0,1
5.0,1159.0,16.0,244.0,7.0,1170.0,163.0,1
6.0,5341.0,16.0,132.0,4.0,980.0,63.0,1
13.0,86.0,217.0,79.0,7.0,835.0,109.0,1
14.0,1764.0,147.0,60.0,1.0,935.0,78.0,1
15.0,1783.0,104.0,147.0,4.0,1025.0,75.0,1
14.0,958.0,104.0,216.0,4.0,595.0,157.0,1
9.0,190.0,161.0,128.0,4.0,1001.0,30.0,1
17.0,2715.0,280.0,217.0,5.0,960.0,50.0,1
0.0,3697.0,85.0,27.0,4.0,545.0,125.0,1
14.0,1712.0,60.0,78.0,1.0,785.0,74.0,1
13.0,365.0,85.0,208.0,4.0,470.0,85.0,1
12.0,6233.0,154.0,214.0,3.0,1070.0,141.0,1
5.0,1213.0,16.0,223.0,6.0,1138.0,73.0,1
1.0,2.0,154.0,148.0,7.0,560.0,332.0,1
15.0,359.0,153.0,264.0,1.0,1055.0,65.0,1
16.0,2285.0,182.0,58.0,7.0,1037.0,107.0,1
6.0,7342.0,85.0,172.0,4.0,515.0,131.0,1
14.0,230.0,217.0,85.0,6.0,810.0,228.0,1
17.0,7295.0,208.0,247.0,4.0,902.0,39.0,1
13.0,350.0,208.0,80.0,6.0,592.0,151.0,1
7.0,226.0,262.0,79.0,1.0,660.0,134.0,1
15.0,521.0,18.0,75.0,4.0,570.0,55.0,1
10.0,3761.0,261.0,208.0,1.0,690.0,190.0,1
0.0,4008.0,209.0,148.0,5.0,380.0,94.0,1
1.0,538.0,44.0,80.0,6.0,410.0,185.0,1
1.0,2465.0,35.0,80.0,1.0,805.0,265.0,1
4.0,1572.0,18.0,135.0,1.0,667.0,56.0,1
12.0,6607.0,177.0,79.0,4.0,529.0,169.0,1
14.0,2177.0,159.0,78.0,5.0,840.0,72.0,1
15.0,2705.0,228.0,45.0,1.0,1095.0,85.0,1
12.0,6548.0,208.0,139.0,1.0,1003.0,56.0,1
5.0,1948.0,85.0,159.0,5.0,720.0,108.0,1
2.0,673.0,79.0,252.0,5.0,1055.0,177.0,1
15.0,859.0,277.0,175.0,4.0,465.0,165.0,1
15.0,1141.0,162.0,45.0,7.0,755.0,130.0,1
13.0,182.0,79.0,280.0,6.0,677.0,118.0,1
3.0,1018.0,148.0,35.0,4.0,1370.0,63.0,1
12.0,6960.0,79.0,230.0,1.0,643.0,69.0,1
5.0,1955.0,16.0,33.0,6.0,1312.0,71.0,1
16.0,3044.0,205.0,135.0,7.0,955.0,139.0,1
10.0,3272.0,218.0,80.0,5.0,455.0,135.0,1
15.0,1294.0,252.0,262.0,5.0,725.0,105.0,1
11.0,6769.0,16.0,132.0,3.0,672.0,72.0,1
1.0,1407.0,216.0,80.0,7.0,1080.0,240.0,1
17.0,2807.0,217.0,264.0,3.0,570.0,79.0,1
12.0,6396.0,51.0,253.0,3.0,554.0,98.0,1
5.0,576.0,260.0,148.0,5.0,865.0,260.0,1
1.0,1030.0,198.0,80.0,5.0,835.0,100.0,1
5.0,2960.0,183.0,16.0,5.0,390.0,127.0,1
5.0,503.0,16.0,172.0,1.0,948.0,137.0,1
12.0,6517.0,280.0,154.0,7.0,390.0,95.0,1
12.0,6697.0,79.0,145.0,3.0,917.0,84.0,1
12.0,4760.0,227.0,261.0,1.0,780.0,104.0,1
12.0,6335.0,154.0,243.0,3.0,911.0,45.0,1
15.0,366.0,131.0,129.0,6.0,660.0,60.0,1
4.0,615.0,135.0,80.0,1.0,465.0,71.0,1
5.0,1057.0,172.0,85.0,4.0,1040.0,117.0,1
6.0,5317.0,16.0,27.0,5.0,810.0,54.0,1
15.0,1286.0,153.0,154.0,3.0,525.0,65.0,1
13.0,432.0,208.0,60.0,4.0,792.0,114.0,1
15.0,1185.0,153.0,253.0,3.0,620.0,105.0,1
15.0,829.0,79.0,253.0,3.0,1305.0,175.0,1
16.0,2394.0,96.0,172.0,4.0,965.0,199.0,1
14.0,5.0,217.0,208.0,1.0,800.0,201.0,1
2.0,573.0,243.0,214.0,6.0,400.0,159.0,1
15.0,584.0,258.0,153.0,6.0,1170.0,80.0,1
16.0,3069.0,131.0,135.0,7.0,665.0,67.0,1
15.0,30.0,216.0,129.0,5.0,600.0,240.0,1
1.0,556.0,243.0,208.0,3.0,725.0,250.0,1
12.0,6916.0,79.0,2.0,7.0,944.0,71.0,1
17.0,2727.0,227.0,217.0,7.0,405.0,66.0,1
0.0,4285.0,197.0,152.0,7.0,1170.0,103.0,1
15.0,1057.0,44.0,153.0,4.0,720.0,60.0,1
15.0,62.0,79.0,85.0,7.0,620.0,170.0,1
8.0,605.0,241.0,45.0,1.0,760.0,137.0,1
1.0,1807.0,96.0,80.0,6.0,575.0,260.0,1
10.0,3757.0,244.0,208.0,6.0,1090.0,160.0,1
12.0,4488.0,166.0,197.0,1.0,410.0,60.0,1
4.0,619.0,277.0,96.0,7.0,620.0,159.0,1
0.0,3946.0,195.0,177.0,5.0,375.0,118.0,1
15.0,3074.0,173.0,241.0,4.0,1050.0,50.0,1
12.0,6995.0,208.0,109.0,7.0,785.0,51.0,1
7.0,178.0,280.0,79.0,4.0,643.0,107.0,1
15.0,1163.0,153.0,244.0,1.0,620.0,150.0,1
10.0,2929.0,80.0,41.0,1.0,945.0,80.0,1
4.0,254.0,253.0,58.0,6.0,730.0,269.0,1
0.0,3784.0,177.0,66.0,4.0,1185.0,78.0,1
3.0,583.0,130.0,104.0,6.0,525.0,179.0,1
5.0,1717.0,16.0,79.0,5.0,660.0,207.0,1
1.0,1629.0,80.0,243.0,6.0,630.0,195.0,1
12.0,6466.0,154.0,261.0,6.0,467.0,110.0,1
14.0,1904.0,60.0,221.0,4.0,480.0,85.0,1
16.0,3055.0,245.0,135.0,3.0,1064.0,156.0,1
10.0,4687.0,233.0,148.0,3.0,700.0,90.0,1
0.0,4239.0,142.0,85.0,3.0,360.0,97.0,1
0.0,4334.0,71.0,147.0,3.0,810.0,113.0,1
0.0,4277.0,177.0,13.0,3.0,820.0,120.0,1
16.0,2747.0,96.0,33.0,7.0,1200.0,155.0,1
10.0,3376.0,80.0,195.0,3.0,1095.0,130.0,1
5.0,2231.0,159.0,85.0,6.0,985.0,123.0,1
4.0,1889.0,135.0,262.0,5.0,900.0,254.0,1
11.0,6774.0,22.0,78.0,6.0,770.0,91.0,1
15.0,339.0,243.0,153.0,3.0,750.0,70.0,1
12.0,6667.0,179.0,253.0,1.0,439.0,105.0,1
15.0,3394.0,243.0,172.0,3.0,715.0,190.0,1
1.0,541.0,16.0,80.0,3.0,930.0,155.0,1
8.0,1439.0,197.0,173.0,7.0,936.0,189.0,1
4.0,566.0,252.0,135.0,7.0,930.0,249.0,1
0.0,3917.0,42.0,148.0,5.0,976.0,103.0,1
14.0,1028.0,216.0,173.0,3.0,820.0,152.0,1
14.0,1942.0,60.0,43.0,1.0,564.0,98.0,1
10.0,3479.0,80.0,162.0,1.0,505.0,70.0,1
5.0,1318.0,177.0,45.0,3.0,1145.0,120.0,1
10.0,2902.0,80.0,242.0,1.0,655.0,110.0,1
10.0,4066.0,208.0,84.0,4.0,425.0,80.0,1
12.0,6585.0,208.0,72.0,7.0,1005.0,57.0,1
0.0,3941.0,148.0,238.0,4.0,1275.0,125.0,1
5.0,2115.0,16.0,116.0,6.0,965.0,84.0,1
13.0,305.0,253.0,154.0,6.0,1075.0,90.0,1
9.0,118.0,128.0,150.0,7.0,451.0,42.0,1
14.0,333.0,280.0,217.0,3.0,770.0,51.0,1
6.0,5301.0,47.0,16.0,7.0,766.0,78.0,1
16.0,2347.0,197.0,135.0,4.0,555.0,179.0,1
